asset,0.0,0.001,0.002,0.003,0.004,0.005,0.006,0.007,0.008,0.009,0.01,0.011,0.012,0.013,0.014,0.015,0.016,0.017,0.018,0.019,0.02,0.021,0.022,0.023,0.024,0.025,0.026,0.027,0.028,0.029,0.03,0.031,0.032,0.033,0.034,0.035,0.036,0.037,0.038,0.039,0.04,0.041,0.042,0.043,0.044,0.045,0.046,0.047,0.048,0.049,0.05,0.051,0.052,0.053,0.054,0.055,0.056,0.057,0.058,0.059,0.06,0.061,0.062,0.063,0.064,0.065,0.066,0.067,0.068,0.069,0.07,0.071,0.072,0.073,0.074,0.075,0.076,0.077,0.078,0.079,0.08,0.081,0.082,0.083,0.084,0.085,0.086,0.087,0.088,0.089,0.09,0.091,0.092,0.093,0.094,0.095,0.096,0.097,0.098,0.099,0.1,0.101,0.102,0.103,0.104,0.105,0.106,0.107,0.108,0.109,0.11,0.111,0.112,0.113,0.114,0.115,0.116,0.117,0.118,0.119,0.12,0.121,0.122,0.123,0.124,0.125,0.126,0.127,0.128,0.129,0.13,0.131,0.132,0.133,0.134,0.135,0.136,0.137,0.138,0.139,0.14,0.141,0.142,0.143,0.144,0.145,0.146,0.147,0.148,0.149,0.15,0.151,0.152,0.153,0.154,0.155,0.156,0.157,0.158,0.159,0.16,0.161,0.162,0.163,0.164,0.165,0.166,0.167,0.168,0.169,0.17,0.171,0.172,0.173,0.174,0.175,0.176,0.177,0.178,0.179,0.18,0.181,0.182,0.183,0.184,0.185,0.186,0.187,0.188,0.189,0.19,0.191,0.192,0.193,0.194,0.195,0.196,0.197,0.198,0.199,0.2,0.201,0.202,0.203,0.204,0.205,0.206,0.207,0.208,0.209,0.21,0.211,0.212,0.213,0.214,0.215,0.216,0.217,0.218,0.219,0.22,0.221,0.222,0.223,0.224,0.225,0.226,0.227,0.228,0.229,0.23,0.231,0.232,0.233,0.234,0.235,0.236,0.237,0.238,0.239,0.24,0.241,0.242,0.243,0.244,0.245,0.246,0.247,0.248,0.249,0.25,0.251,0.252,0.253,0.254,0.255,0.256,0.257,0.258,0.259,0.26,0.261,0.262,0.263,0.264,0.265,0.266,0.267,0.268,0.269,0.27,0.271,0.272,0.273,0.274,0.275,0.276,0.277,0.278,0.279,0.28,0.281,0.282,0.283,0.284,0.285,0.286,0.287,0.288,0.289,0.29,0.291,0.292,0.293,0.294,0.295,0.296,0.297,0.298,0.299,0.3,0.301,0.302,0.303,0.304,0.305,0.306,0.307,0.308,0.309,0.31,0.311,0.312,0.313,0.314,0.315,0.316,0.317,0.318,0.319,0.32,0.321,0.322,0.323,0.324,0.325,0.326,0.327,0.328,0.329,0.33,0.331,0.332,0.333,0.334,0.335,0.336,0.337,0.338,0.339,0.34,0.341,0.342,0.343,0.344,0.345,0.346,0.347,0.348,0.349,0.35,0.351,0.352,0.353,0.354,0.355,0.356,0.357,0.358,0.359,0.36,0.361,0.362,0.363,0.364,0.365,0.366,0.367,0.368,0.369,0.37,0.371,0.372,0.373,0.374,0.375,0.376,0.377,0.378,0.379,0.38,0.381,0.382,0.383,0.384,0.385,0.386,0.387,0.388,0.389,0.39,0.391,0.392,0.393,0.394,0.395,0.396,0.397,0.398,0.399,0.4,0.401,0.402,0.403,0.404,0.405,0.406,0.407,0.408,0.409,0.41,0.411,0.412,0.413,0.414,0.415,0.416,0.417,0.418,0.419,0.42,0.421,0.422,0.423,0.424,0.425,0.426,0.427,0.428,0.429,0.43,0.431,0.432,0.433,0.434,0.435,0.436,0.437,0.438,0.439,0.44,0.441,0.442,0.443,0.444,0.445,0.446,0.447,0.448,0.449,0.45,0.451,0.452,0.453,0.454,0.455,0.456,0.457,0.458,0.459,0.46,0.461,0.462,0.463,0.464,0.465,0.466,0.467,0.468,0.469,0.47,0.471,0.472,0.473,0.474,0.475,0.476,0.477,0.478,0.479,0.48,0.481,0.482,0.483,0.484,0.485,0.486,0.487,0.488,0.489,0.49,0.491,0.492,0.493,0.494,0.495,0.496,0.497,0.498,0.499,0.5,0.501,0.502,0.503,0.504,0.505,0.506,0.507,0.508,0.509,0.51,0.511,0.512,0.513,0.514,0.515,0.516,0.517,0.518,0.519,0.52,0.521,0.522,0.523,0.524,0.525,0.526,0.527,0.528,0.529,0.53,0.531,0.532,0.533,0.534,0.535,0.536,0.537,0.538,0.539,0.54,0.541,0.542,0.543,0.544,0.545,0.546,0.547,0.548,0.549,0.55,0.551,0.552,0.553,0.554,0.555,0.556,0.557,0.558,0.559,0.56,0.561,0.562,0.563,0.564,0.565,0.566,0.567,0.568,0.569,0.57,0.571,0.572,0.573,0.574,0.575,0.576,0.577,0.578,0.579,0.58,0.581,0.582,0.583,0.584,0.585,0.586,0.587,0.588,0.589,0.59,0.591,0.592,0.593,0.594,0.595,0.596,0.597,0.598,0.599,0.6,0.601,0.602,0.603,0.604,0.605,0.606,0.607,0.608,0.609,0.61,0.611,0.612,0.613,0.614,0.615,0.616,0.617,0.618,0.619,0.62,0.621,0.622,0.623,0.624,0.625,0.626,0.627,0.628,0.629,0.63,0.631,0.632,0.633,0.634,0.635,0.636,0.637,0.638,0.639,0.64,0.641,0.642,0.643,0.644,0.645,0.646,0.647,0.648,0.649,0.65,0.651,0.652,0.653,0.654,0.655,0.656,0.657,0.658,0.659,0.66,0.661,0.662,0.663,0.664,0.665,0.666,0.667,0.668,0.669,0.67,0.671,0.672,0.673,0.674,0.675,0.676,0.677,0.678,0.679,0.68,0.681,0.682,0.683,0.684,0.685,0.686,0.687,0.688,0.689,0.69,0.691,0.692,0.693,0.694,0.695,0.696,0.697,0.698,0.699,0.7,0.701,0.702,0.703,0.704,0.705,0.706,0.707,0.708,0.709,0.71,0.711,0.712,0.713,0.714,0.715,0.716,0.717,0.718,0.719,0.72,0.721,0.722,0.723,0.724,0.725,0.726,0.727,0.728,0.729,0.73,0.731,0.732,0.733,0.734,0.735,0.736,0.737,0.738,0.739,0.74,0.741,0.742,0.743,0.744,0.745,0.746,0.747,0.748,0.749,0.75,0.751,0.752,0.753,0.754,0.755,0.756,0.757,0.758,0.759,0.76,0.761,0.762,0.763,0.764,0.765,0.766,0.767,0.768,0.769,0.77,0.771,0.772,0.773,0.774,0.775,0.776,0.777,0.778,0.779,0.78,0.781,0.782,0.783,0.784,0.785,0.786,0.787,0.788,0.789,0.79,0.791,0.792,0.793,0.794,0.795,0.796,0.797,0.798,0.799,0.8,0.801,0.802,0.803,0.804,0.805,0.806,0.807,0.808,0.809,0.81,0.811,0.812,0.813,0.814,0.815,0.816,0.817,0.818,0.819,0.82,0.821,0.822,0.823,0.824,0.825,0.826,0.827,0.828,0.829,0.83,0.831,0.832,0.833,0.834,0.835,0.836,0.837,0.838,0.839,0.84,0.841,0.842,0.843,0.844,0.845,0.846,0.847,0.848,0.849,0.85,0.851,0.852,0.853,0.854,0.855,0.856,0.857,0.858,0.859,0.86,0.861,0.862,0.863,0.864,0.865,0.866,0.867,0.868,0.869,0.87,0.871,0.872,0.873,0.874,0.875,0.876,0.877,0.878,0.879,0.88,0.881,0.882,0.883,0.884,0.885,0.886,0.887,0.888,0.889,0.89,0.891,0.892,0.893,0.894,0.895,0.896,0.897,0.898,0.899,0.9,0.901,0.902,0.903,0.904,0.905,0.906,0.907,0.908,0.909,0.91,0.911,0.912,0.913,0.914,0.915,0.916,0.917,0.918,0.919,0.92,0.921,0.922,0.923,0.924,0.925,0.926,0.927,0.928,0.929,0.93,0.931,0.932,0.933,0.934,0.935,0.936,0.937,0.938,0.939,0.94,0.941,0.942,0.943,0.944,0.945,0.946,0.947,0.948,0.949,0.95,0.951,0.952,0.953,0.954,0.955,0.956,0.957,0.958,0.959,0.96,0.961,0.962,0.963,0.964,0.965,0.966,0.967,0.968,0.969,0.97,0.971,0.972,0.973,0.974,0.975,0.976,0.977,0.978,0.979,0.98,0.981,0.982,0.983,0.984,0.985,0.986,0.987,0.988,0.989,0.99,0.991,0.992,0.993,0.994,0.995,0.996,0.997,0.998,0.999,1.0,1.001,1.002,1.003,1.004,1.005,1.006,1.007,1.008,1.009,1.01,1.011,1.012,1.013,1.014,1.015,1.016,1.017,1.018,1.019,1.02,1.021,1.022,1.023,1.024,1.025,1.026,1.027,1.028,1.029,1.03,1.031,1.032,1.033,1.034,1.035,1.036,1.037,1.038,1.039,1.04,1.041,1.042,1.043,1.044,1.045,1.046,1.047,1.048,1.049,1.05,1.051,1.052,1.053,1.054,1.055,1.056,1.057,1.058,1.059,1.06,1.061,1.062,1.063,1.064,1.065,1.066,1.067,1.068,1.069,1.07,1.071,1.072,1.073,1.074,1.075,1.076,1.077,1.078,1.079,1.08,1.081,1.082,1.083,1.084,1.085,1.086,1.087,1.088,1.089,1.09,1.091,1.092,1.093,1.094,1.095,1.096,1.097,1.098,1.099,1.1,1.101,1.102,1.103,1.104,1.105,1.106,1.107,1.108,1.109,1.11,1.111,1.112,1.113,1.114,1.115,1.116,1.117,1.118,1.119,1.12,1.121,1.122,1.123,1.124,1.125,1.126,1.127,1.128,1.129,1.13,1.131,1.132,1.133,1.134,1.135,1.136,1.137,1.138,1.139,1.14,1.141,1.142,1.143,1.144,1.145,1.146,1.147,1.148,1.149,1.15,1.151,1.152,1.153,1.154,1.155,1.156,1.157,1.158,1.159,1.16,1.161,1.162,1.163,1.164,1.165,1.166,1.167,1.168,1.169,1.17,1.171,1.172,1.173,1.174,1.175,1.176,1.177,1.178,1.179,1.18,1.181,1.182,1.183,1.184,1.185,1.186,1.187,1.188,1.189,1.19,1.191,1.192,1.193,1.194,1.195,1.196,1.197,1.198,1.199,1.2,1.201,1.202,1.203,1.204,1.205,1.206,1.207,1.208,1.209,1.21,1.211,1.212,1.213,1.214,1.215,1.216,1.217,1.218,1.219,1.22,1.221,1.222,1.223,1.224,1.225,1.226,1.227,1.228,1.229,1.23,1.231,1.232,1.233,1.234,1.235,1.236,1.237,1.238,1.239,1.24,1.241,1.242,1.243,1.244,1.245,1.246,1.247,1.248,1.249,1.25,1.251,1.252,1.253,1.254,1.255,1.256,1.257,1.258,1.259,1.26,1.261,1.262,1.263,1.264,1.265,1.266,1.267,1.268,1.269,1.27,1.271,1.272,1.273,1.274,1.275,1.276,1.277,1.278,1.279,1.28,1.281,1.282,1.283,1.284,1.285,1.286,1.287,1.288,1.289,1.29,1.291,1.292,1.293,1.294,1.295,1.296,1.297,1.298,1.299,1.3,1.301,1.302,1.303,1.304,1.305,1.306,1.307,1.308,1.309,1.31,1.311,1.312,1.313,1.314,1.315,1.316,1.317,1.318,1.319,1.32,1.321,1.322,1.323,1.324,1.325,1.326,1.327,1.328,1.329,1.33,1.331,1.332,1.333,1.334,1.335,1.336,1.337,1.338,1.339,1.34,1.341,1.342,1.343,1.344,1.345,1.346,1.347,1.348,1.349,1.35,1.351,1.352,1.353,1.354,1.355,1.356,1.357,1.358,1.359,1.36,1.361,1.362,1.363,1.364,1.365,1.366,1.367,1.368,1.369,1.37,1.371,1.372,1.373,1.374,1.375,1.376,1.377,1.378,1.379,1.38,1.381,1.382,1.383,1.384,1.385,1.386,1.387,1.388,1.389,1.39,1.391,1.392,1.393,1.394,1.395,1.396,1.397,1.398,1.399,1.4,1.401,1.402,1.403,1.404,1.405,1.406,1.407,1.408,1.409,1.41,1.411,1.412,1.413,1.414,1.415,1.416,1.417,1.418,1.419,1.42,1.421,1.422,1.423,1.424,1.425,1.426,1.427,1.428,1.429,1.43,1.431,1.432,1.433,1.434,1.435,1.436,1.437,1.438,1.439,1.44,1.441,1.442,1.443,1.444,1.445,1.446,1.447,1.448,1.449,1.45,1.451,1.452,1.453,1.454,1.455,1.456,1.457,1.458,1.459,1.46,1.461,1.462,1.463,1.464,1.465,1.466,1.467,1.468,1.469,1.47,1.471,1.472,1.473,1.474,1.475,1.476,1.477,1.478,1.479,1.48,1.481,1.482,1.483,1.484,1.485,1.486,1.487,1.488,1.489,1.49,1.491,1.492,1.493,1.494,1.495,1.496,1.497,1.498,1.499,1.5,1.501,1.502,1.503,1.504,1.505,1.506,1.507,1.508,1.509,1.51,1.511,1.512,1.513,1.514,1.515,1.516,1.517,1.518,1.519,1.52,1.521,1.522,1.523,1.524,1.525,1.526,1.527,1.528,1.529,1.53,1.531,1.532,1.533,1.534,1.535,1.536,1.537,1.538,1.539,1.54,1.541,1.542,1.543,1.544,1.545,1.546,1.547,1.548,1.549,1.55,1.551,1.552,1.553,1.554,1.555,1.556,1.557,1.558,1.559,1.56,1.561,1.562,1.563,1.564,1.565,1.566,1.567,1.568,1.569,1.57,1.571,1.572,1.573,1.574,1.575,1.576,1.577,1.578,1.579,1.58,1.581,1.582,1.583,1.584,1.585,1.586,1.587,1.588,1.589,1.59,1.591,1.592,1.593,1.594,1.595,1.596,1.597,1.598,1.599,1.6,1.601,1.602,1.603,1.604,1.605,1.606,1.607,1.608,1.609,1.61,1.611,1.612,1.613,1.614,1.615,1.616,1.617,1.618,1.619,1.62,1.621,1.622,1.623,1.624,1.625,1.626,1.627,1.628,1.629,1.63,1.631,1.632,1.633,1.634,1.635,1.636,1.637,1.638,1.639,1.64,1.641,1.642,1.643,1.644,1.645,1.646,1.647,1.648,1.649,1.65,1.651,1.652,1.653,1.654,1.655,1.656,1.657,1.658,1.659,1.66,1.661,1.662,1.663,1.664,1.665,1.666,1.667,1.668,1.669,1.67,1.671,1.672,1.673,1.674,1.675,1.676,1.677,1.678,1.679,1.68,1.681,1.682,1.683,1.684,1.685,1.686,1.687,1.688,1.689,1.69,1.691,1.692,1.693,1.694,1.695,1.696,1.697,1.698,1.699,1.7,1.701,1.702,1.703,1.704,1.705,1.706,1.707,1.708,1.709,1.71,1.711,1.712,1.713,1.714,1.715,1.716,1.717,1.718,1.719,1.72,1.721,1.722,1.723,1.724,1.725,1.726,1.727,1.728,1.729,1.73,1.731,1.732,1.733,1.734,1.735,1.736,1.737,1.738,1.739,1.74,1.741,1.742,1.743,1.744,1.745,1.746,1.747,1.748,1.749,1.75,1.751,1.752,1.753,1.754,1.755,1.756,1.757,1.758,1.759,1.76,1.761,1.762,1.763,1.764,1.765,1.766,1.767,1.768,1.769,1.77,1.771,1.772,1.773,1.774,1.775,1.776,1.777,1.778,1.779,1.78,1.781,1.782,1.783,1.784,1.785,1.786,1.787,1.788,1.789,1.79,1.791,1.792,1.793,1.794,1.795,1.796,1.797,1.798,1.799,1.8,1.801,1.802,1.803,1.804,1.805,1.806,1.807,1.808,1.809,1.81,1.811,1.812,1.813,1.814,1.815,1.816,1.817,1.818,1.819,1.82,1.821,1.822,1.823,1.824,1.825,1.826,1.827,1.828,1.829,1.83,1.831,1.832,1.833,1.834,1.835,1.836,1.837,1.838,1.839,1.84,1.841,1.842,1.843,1.844,1.845,1.846,1.847,1.848,1.849,1.85,1.851,1.852,1.853,1.854,1.855,1.856,1.857,1.858,1.859,1.86,1.861,1.862,1.863,1.864,1.865,1.866,1.867,1.868,1.869,1.87,1.871,1.872,1.873,1.874,1.875,1.876,1.877,1.878,1.879,1.88,1.881,1.882,1.883,1.884,1.885,1.886,1.887,1.888,1.889,1.89,1.891,1.892,1.893,1.894,1.895,1.896,1.897,1.898,1.899,1.9,1.901,1.902,1.903,1.904,1.905,1.906,1.907,1.908,1.909,1.91,1.911,1.912,1.913,1.914,1.915,1.916,1.917,1.918,1.919,1.92,1.921,1.922,1.923,1.924,1.925,1.926,1.927,1.928,1.929,1.93,1.931,1.932,1.933,1.934,1.935,1.936,1.937,1.938,1.939,1.94,1.941,1.942,1.943,1.944,1.945,1.946,1.947,1.948,1.949,1.95,1.951,1.952,1.953,1.954,1.955,1.956,1.957,1.958,1.959,1.96,1.961,1.962,1.963,1.964,1.965,1.966,1.967,1.968,1.969,1.97,1.971,1.972,1.973,1.974,1.975,1.976,1.977,1.978,1.979,1.98,1.981,1.982,1.983,1.984,1.985,1.986,1.987,1.988,1.989,1.99,1.991,1.992,1.993,1.994,1.995,1.996,1.997,1.998,1.999,2.0,2.001,2.002,2.003,2.004,2.005,2.006,2.007,2.008,2.009,2.01,2.011,2.012,2.013,2.014,2.015,2.016,2.017,2.018,2.019,2.02,2.021,2.022,2.023,2.024,2.025,2.026,2.027,2.028,2.029,2.03,2.031,2.032,2.033,2.034,2.035,2.036,2.037,2.038,2.039,2.04,2.041,2.042,2.043,2.044,2.045,2.046,2.047,2.048,2.049,2.05,2.051,2.052,2.053,2.054,2.055,2.056,2.057,2.058,2.059,2.06,2.061,2.062,2.063,2.064,2.065,2.066,2.067,2.068,2.069,2.07,2.071,2.072,2.073,2.074,2.075,2.076,2.077,2.078,2.079,2.08,2.081,2.082,2.083,2.084,2.085,2.086,2.087,2.088,2.089,2.09,2.091,2.092,2.093,2.094,2.095,2.096,2.097,2.098,2.099,2.1,2.101,2.102,2.103,2.104,2.105,2.106,2.107,2.108,2.109,2.11,2.111,2.112,2.113,2.114,2.115,2.116,2.117,2.118,2.119,2.12,2.121,2.122,2.123,2.124,2.125,2.126,2.127,2.128,2.129,2.13,2.131,2.132,2.133,2.134,2.135,2.136,2.137,2.138,2.139,2.14,2.141,2.142,2.143,2.144,2.145,2.146,2.147,2.148,2.149,2.15,2.151,2.152,2.153,2.154,2.155,2.156,2.157,2.158,2.159,2.16,2.161,2.162,2.163,2.164,2.165,2.166,2.167,2.168,2.169,2.17,2.171,2.172,2.173,2.174,2.175,2.176,2.177,2.178,2.179,2.18,2.181,2.182,2.183,2.184,2.185,2.186,2.187,2.188,2.189,2.19,2.191,2.192,2.193,2.194,2.195,2.196,2.197,2.198,2.199,2.2,2.201,2.202,2.203,2.204,2.205,2.206,2.207,2.208,2.209,2.21,2.211,2.212,2.213,2.214,2.215,2.216,2.217,2.218,2.219,2.22,2.221,2.222,2.223,2.224,2.225,2.226,2.227,2.228,2.229,2.23,2.231,2.232,2.233,2.234,2.235,2.236,2.237,2.238,2.239,2.24,2.241,2.242,2.243,2.244,2.245,2.246,2.247,2.248,2.249,2.25,2.251,2.252,2.253,2.254,2.255,2.256,2.257,2.258,2.259,2.26,2.261,2.262,2.263,2.264,2.265,2.266,2.267,2.268,2.269,2.27,2.271,2.272,2.273,2.274,2.275,2.276,2.277,2.278,2.279,2.28,2.281,2.282,2.283,2.284,2.285,2.286,2.287,2.288,2.289,2.29,2.291,2.292,2.293,2.294,2.295,2.296,2.297,2.298,2.299,2.3,2.301,2.302,2.303,2.304,2.305,2.306,2.307,2.308,2.309,2.31,2.311,2.312,2.313,2.314,2.315,2.316,2.317,2.318,2.319,2.32,2.321,2.322,2.323,2.324,2.325,2.326,2.327,2.328,2.329,2.33,2.331,2.332,2.333,2.334,2.335,2.336,2.337,2.338,2.339,2.34,2.341,2.342,2.343,2.344,2.345,2.346,2.347,2.348,2.349,2.35,2.351,2.352,2.353,2.354,2.355,2.356,2.357,2.358,2.359,2.36,2.361,2.362,2.363,2.364,2.365,2.366,2.367,2.368,2.369,2.37,2.371,2.372,2.373,2.374,2.375,2.376,2.377,2.378,2.379,2.38,2.381,2.382,2.383,2.384,2.385,2.386,2.387,2.388,2.389,2.39,2.391,2.392,2.393,2.394,2.395,2.396,2.397,2.398,2.399,2.4,2.401,2.402,2.403,2.404,2.405,2.406,2.407,2.408,2.409,2.41,2.411,2.412,2.413,2.414,2.415,2.416,2.417,2.418,2.419,2.42,2.421,2.422,2.423,2.424,2.425,2.426,2.427,2.428,2.429,2.43,2.431,2.432,2.433,2.434,2.435,2.436,2.437,2.438,2.439,2.44,2.441,2.442,2.443,2.444,2.445,2.446,2.447,2.448,2.449,2.45,2.451,2.452,2.453,2.454,2.455,2.456,2.457,2.458,2.459,2.46,2.461,2.462,2.463,2.464,2.465,2.466,2.467,2.468,2.469,2.47,2.471,2.472,2.473,2.474,2.475,2.476,2.477,2.478,2.479,2.48,2.481,2.482,2.483,2.484,2.485,2.486,2.487,2.488,2.489,2.49,2.491,2.492,2.493,2.494,2.495,2.496,2.497,2.498,2.499,2.5,2.501,2.502,2.503,2.504,2.505,2.506,2.507,2.508,2.509,2.51,2.511,2.512,2.513,2.514,2.515,2.516,2.517,2.518,2.519,2.52,2.521,2.522,2.523,2.524,2.525,2.526,2.527,2.528,2.529,2.53,2.531,2.532,2.533,2.534,2.535,2.536,2.537,2.538,2.539,2.54,2.541,2.542,2.543,2.544,2.545,2.546,2.547,2.548,2.549,2.55,2.551,2.552,2.553,2.554,2.555,2.556,2.557,2.558,2.559,2.56,2.561,2.562,2.563,2.564,2.565,2.566,2.567,2.568,2.569,2.57,2.571,2.572,2.573,2.574,2.575,2.576,2.577,2.578,2.579,2.58,2.581,2.582,2.583,2.584,2.585,2.586,2.587,2.588,2.589,2.59,2.591,2.592,2.593,2.594,2.595,2.596,2.597,2.598,2.599,2.6,2.601,2.602,2.603,2.604,2.605,2.606,2.607,2.608,2.609,2.61,2.611,2.612,2.613,2.614,2.615,2.616,2.617,2.618,2.619,2.62,2.621,2.622,2.623,2.624,2.625,2.626,2.627,2.628,2.629,2.63,2.631,2.632,2.633,2.634,2.635,2.636,2.637,2.638,2.639,2.64,2.641,2.642,2.643,2.644,2.645,2.646,2.647,2.648,2.649,2.65,2.651,2.652,2.653,2.654,2.655,2.656,2.657,2.658,2.659,2.66,2.661,2.662,2.663,2.664,2.665,2.666,2.667,2.668,2.669,2.67,2.671,2.672,2.673,2.674,2.675,2.676,2.677,2.678,2.679,2.68,2.681,2.682,2.683,2.684,2.685,2.686,2.687,2.688,2.689,2.69,2.691,2.692,2.693,2.694,2.695,2.696,2.697,2.698,2.699,2.7,2.701,2.702,2.703,2.704,2.705,2.706,2.707,2.708,2.709,2.71,2.711,2.712,2.713,2.714,2.715,2.716,2.717,2.718,2.719,2.72,2.721,2.722,2.723,2.724,2.725,2.726,2.727,2.728,2.729,2.73,2.731,2.732,2.733,2.734,2.735,2.736,2.737,2.738,2.739,2.74,2.741,2.742,2.743,2.744,2.745,2.746,2.747,2.748,2.749,2.75,2.751,2.752,2.753,2.754,2.755,2.756,2.757,2.758,2.759,2.76,2.761,2.762,2.763,2.764,2.765,2.766,2.767,2.768,2.769,2.77,2.771,2.772,2.773,2.774,2.775,2.776,2.777,2.778,2.779,2.78,2.781,2.782,2.783,2.784,2.785,2.786,2.787,2.788,2.789,2.79,2.791,2.792,2.793,2.794,2.795,2.796,2.797,2.798,2.799,2.8,2.801,2.802,2.803,2.804,2.805,2.806,2.807,2.808,2.809,2.81,2.811,2.812,2.813,2.814,2.815,2.816,2.817,2.818,2.819,2.82,2.821,2.822,2.823,2.824,2.825,2.826,2.827,2.828,2.829,2.83,2.831,2.832,2.833,2.834,2.835,2.836,2.837,2.838,2.839,2.84,2.841,2.842,2.843,2.844,2.845,2.846,2.847,2.848,2.849,2.85,2.851,2.852,2.853,2.854,2.855,2.856,2.857,2.858,2.859,2.86,2.861,2.862,2.863,2.864,2.865,2.866,2.867,2.868,2.869,2.87,2.871,2.872,2.873,2.874,2.875,2.876,2.877,2.878,2.879,2.88,2.881,2.882,2.883,2.884,2.885,2.886,2.887,2.888,2.889,2.89,2.891,2.892,2.893,2.894,2.895,2.896,2.897,2.898,2.899,2.9,2.901,2.902,2.903,2.904,2.905,2.906,2.907,2.908,2.909,2.91,2.911,2.912,2.913,2.914,2.915,2.916,2.917,2.918,2.919,2.92,2.921,2.922,2.923,2.924,2.925,2.926,2.927,2.928,2.929,2.93,2.931,2.932,2.933,2.934,2.935,2.936,2.937,2.938,2.939,2.94,2.941,2.942,2.943,2.944,2.945,2.946,2.947,2.948,2.949,2.95,2.951,2.952,2.953,2.954,2.955,2.956,2.957,2.958,2.959,2.96,2.961,2.962,2.963,2.964,2.965,2.966,2.967,2.968,2.969,2.97,2.971,2.972,2.973,2.974,2.975,2.976,2.977,2.978,2.979,2.98,2.981,2.982,2.983,2.984,2.985,2.986,2.987,2.988,2.989,2.99,2.991,2.992,2.993,2.994,2.995,2.996,2.997,2.998,2.999,3.0,3.001,3.002,3.003,3.004,3.005,3.006,3.007,3.008,3.009,3.01,3.011,3.012,3.013,3.014,3.015,3.016,3.017,3.018,3.019,3.02,3.021,3.022,3.023,3.024,3.025,3.026,3.027,3.028,3.029,3.03,3.031,3.032,3.033,3.034,3.035,3.036,3.037,3.038,3.039,3.04,3.041,3.042,3.043,3.044,3.045,3.046,3.047,3.048,3.049,3.05,3.051,3.052,3.053,3.054,3.055,3.056,3.057,3.058,3.059,3.06,3.061,3.062,3.063,3.064,3.065,3.066,3.067,3.068,3.069,3.07,3.071,3.072,3.073,3.074,3.075,3.076,3.077,3.078,3.079,3.08,3.081,3.082,3.083,3.084,3.085,3.086,3.087,3.088,3.089,3.09,3.091,3.092,3.093,3.094,3.095,3.096,3.097,3.098,3.099,3.1,3.101,3.102,3.103,3.104,3.105,3.106,3.107,3.108,3.109,3.11,3.111,3.112,3.113,3.114,3.115,3.116,3.117,3.118,3.119,3.12,3.121,3.122,3.123,3.124,3.125,3.126,3.127,3.128,3.129,3.13,3.131,3.132,3.133,3.134,3.135,3.136,3.137,3.138,3.139,3.14,3.141,3.142,3.143,3.144,3.145,3.146,3.147,3.148,3.149,3.15,3.151,3.152,3.153,3.154,3.155,3.156,3.157,3.158,3.159,3.16,3.161,3.162,3.163,3.164,3.165,3.166,3.167,3.168,3.169,3.17,3.171,3.172,3.173,3.174,3.175,3.176,3.177,3.178,3.179,3.18,3.181,3.182,3.183,3.184,3.185,3.186,3.187,3.188,3.189,3.19,3.191,3.192,3.193,3.194,3.195,3.196,3.197,3.198,3.199,3.2,3.201,3.202,3.203,3.204,3.205,3.206,3.207,3.208,3.209,3.21,3.211,3.212,3.213,3.214,3.215,3.216,3.217,3.218,3.219,3.22,3.221,3.222,3.223,3.224,3.225,3.226,3.227,3.228,3.229,3.23,3.231,3.232,3.233,3.234,3.235,3.236,3.237,3.238,3.239,3.24,3.241,3.242,3.243,3.244,3.245,3.246,3.247,3.248,3.249,3.25,3.251,3.252,3.253,3.254,3.255,3.256,3.257,3.258,3.259,3.26,3.261,3.262,3.263,3.264,3.265,3.266,3.267,3.268,3.269,3.27,3.271,3.272,3.273,3.274,3.275,3.276,3.277,3.278,3.279,3.28,3.281,3.282,3.283,3.284,3.285,3.286,3.287,3.288,3.289,3.29,3.291,3.292,3.293,3.294,3.295,3.296,3.297,3.298,3.299,3.3,3.301,3.302,3.303,3.304,3.305,3.306,3.307,3.308,3.309,3.31,3.311,3.312,3.313,3.314,3.315,3.316,3.317,3.318,3.319,3.32,3.321,3.322,3.323,3.324,3.325,3.326,3.327,3.328,3.329,3.33,3.331,3.332,3.333,3.334,3.335,3.336,3.337,3.338,3.339,3.34,3.341,3.342,3.343,3.344,3.345,3.346,3.347,3.348,3.349,3.35,3.351,3.352,3.353,3.354,3.355,3.356,3.357,3.358,3.359,3.36,3.361,3.362,3.363,3.364,3.365,3.366,3.367,3.368,3.369,3.37,3.371,3.372,3.373,3.374,3.375,3.376,3.377,3.378,3.379,3.38,3.381,3.382,3.383,3.384,3.385,3.386,3.387,3.388,3.389,3.39,3.391,3.392,3.393,3.394,3.395,3.396,3.397,3.398,3.399,3.4,3.401,3.402,3.403,3.404,3.405,3.406,3.407,3.408,3.409,3.41,3.411,3.412,3.413,3.414,3.415,3.416,3.417,3.418,3.419,3.42,3.421,3.422,3.423,3.424,3.425,3.426,3.427,3.428,3.429,3.43,3.431,3.432,3.433,3.434,3.435,3.436,3.437,3.438,3.439,3.44,3.441,3.442,3.443,3.444,3.445,3.446,3.447,3.448,3.449,3.45,3.451,3.452,3.453,3.454,3.455,3.456,3.457,3.458,3.459,3.46,3.461,3.462,3.463,3.464,3.465,3.466,3.467,3.468,3.469,3.47,3.471,3.472,3.473,3.474,3.475,3.476,3.477,3.478,3.479,3.48,3.481,3.482,3.483,3.484,3.485,3.486,3.487,3.488,3.489,3.49,3.491,3.492,3.493,3.494,3.495,3.496,3.497,3.498,3.499,3.5,3.501,3.502,3.503,3.504,3.505,3.506,3.507,3.508,3.509,3.51,3.511,3.512,3.513,3.514,3.515,3.516,3.517,3.518,3.519,3.52,3.521,3.522,3.523,3.524,3.525,3.526,3.527,3.528,3.529,3.53,3.531,3.532,3.533,3.534,3.535,3.536,3.537,3.538,3.539,3.54,3.541,3.542,3.543,3.544,3.545,3.546,3.547,3.548,3.549,3.55,3.551,3.552,3.553,3.554,3.555,3.556,3.557,3.558,3.559,3.56,3.561,3.562,3.563,3.564,3.565,3.566,3.567,3.568,3.569,3.57,3.571,3.572,3.573,3.574,3.575,3.576,3.577,3.578,3.579,3.58,3.581,3.582,3.583,3.584,3.585,3.586,3.587,3.588,3.589,3.59,3.591,3.592,3.593,3.594,3.595,3.596,3.597,3.598,3.599,3.6,3.601,3.602,3.603,3.604,3.605,3.606,3.607,3.608,3.609,3.61,3.611,3.612,3.613,3.614,3.615,3.616,3.617,3.618,3.619,3.62,3.621,3.622,3.623,3.624,3.625,3.626,3.627,3.628,3.629,3.63,3.631,3.632,3.633,3.634,3.635,3.636,3.637,3.638,3.639,3.64,3.641,3.642,3.643,3.644,3.645,3.646,3.647,3.648,3.649,3.65,3.651,3.652,3.653,3.654,3.655,3.656,3.657,3.658,3.659,3.66,3.661,3.662,3.663,3.664,3.665,3.666,3.667,3.668,3.669,3.67,3.671,3.672,3.673,3.674,3.675,3.676,3.677,3.678,3.679,3.68,3.681,3.682,3.683,3.684,3.685,3.686,3.687,3.688,3.689,3.69,3.691,3.692,3.693,3.694,3.695,3.696,3.697,3.698,3.699,3.7,3.701,3.702,3.703,3.704,3.705,3.706,3.707,3.708,3.709,3.71,3.711,3.712,3.713,3.714,3.715,3.716,3.717,3.718,3.719,3.72,3.721,3.722,3.723,3.724,3.725,3.726,3.727,3.728,3.729,3.73,3.731,3.732,3.733,3.734,3.735,3.736,3.737,3.738,3.739,3.74,3.741,3.742,3.743,3.744,3.745,3.746,3.747,3.748,3.749,3.75,3.751,3.752,3.753,3.754,3.755,3.756,3.757,3.758,3.759,3.76,3.761,3.762,3.763,3.764,3.765,3.766,3.767,3.768,3.769,3.77,3.771,3.772,3.773,3.774,3.775,3.776,3.777,3.778,3.779,3.78,3.781,3.782,3.783,3.784,3.785,3.786,3.787,3.788,3.789,3.79,3.791,3.792,3.793,3.794,3.795,3.796,3.797,3.798,3.799,3.8,3.801,3.802,3.803,3.804,3.805,3.806,3.807,3.808,3.809,3.81,3.811,3.812,3.813,3.814,3.815,3.816,3.817,3.818,3.819,3.82,3.821,3.822,3.823,3.824,3.825,3.826,3.827,3.828,3.829,3.83,3.831,3.832,3.833,3.834,3.835,3.836,3.837,3.838,3.839,3.84,3.841,3.842,3.843,3.844,3.845,3.846,3.847,3.848,3.849,3.85,3.851,3.852,3.853,3.854,3.855,3.856,3.857,3.858,3.859,3.86,3.861,3.862,3.863,3.864,3.865,3.866,3.867,3.868,3.869,3.87,3.871,3.872,3.873,3.874,3.875,3.876,3.877,3.878,3.879,3.88,3.881,3.882,3.883,3.884,3.885,3.886,3.887,3.888,3.889,3.89,3.891,3.892,3.893,3.894,3.895,3.896,3.897,3.898,3.899,3.9,3.901,3.902,3.903,3.904,3.905,3.906,3.907,3.908,3.909,3.91,3.911,3.912,3.913,3.914,3.915,3.916,3.917,3.918,3.919,3.92,3.921,3.922,3.923,3.924,3.925,3.926,3.927,3.928,3.929,3.93,3.931,3.932,3.933,3.934,3.935,3.936,3.937,3.938,3.939,3.94,3.941,3.942,3.943,3.944,3.945,3.946,3.947,3.948,3.949,3.95,3.951,3.952,3.953,3.954,3.955,3.956,3.957,3.958,3.959,3.96,3.961,3.962,3.963,3.964,3.965,3.966,3.967,3.968,3.969,3.97,3.971,3.972,3.973,3.974,3.975,3.976,3.977,3.978,3.979,3.98,3.981,3.982,3.983,3.984,3.985,3.986,3.987,3.988,3.989,3.99,3.991,3.992,3.993,3.994,3.995,3.996,3.997,3.998,3.999
UR5e_W,0.02385938105933299,0.04168164668433299,0.03289258418433299,0.00042188105933298886,0.01604688105933299,0.007013677934332989,0.013117193559332989,0.00042188105933298886,0.02190625605933299,0.00042188105933298886,0.006281256059332989,-0.0015312439406670111,0.007257818559332989,0.01629102168433299,-0.002507806440667011,-0.01886522831566701,0.00042188105933298886,-0.01984179081566701,0.00042188105933298886,-0.002996087690667011,-0.005437493940667011,0.00042188105933298886,0.00042188105933298886,0.00042188105933298886,-0.013738275190667011,0.00042188105933298886,-0.010808587690667011,-0.02081835331566701,0.00042188105933298886,0.00042188105933298886,0.00042188105933298886,-0.011296868940667011,0.00042188105933298886,-0.01813280644066701,-0.02008593144066701,-0.01959765019066701,-0.009587884565667011,-0.009343743940667011,0.00042188105933298886,0.00042188105933298886,-0.01617968144066701,-0.01666796269066701,-0.006169915815667011,-0.0005546814406670111,-0.0017753845656670111,0.00042188105933298886,-0.006658197065667011,0.00042188105933298886,0.00042188105933298886,0.00042188105933298886,0.00042188105933298886,0.00042188105933298886,0.00042188105933298886,0.00042188105933298886,0.004816412309332989,0.007746099809332989,0.011164068559332989,0.007013677934332989,0.004083990434332989,0.00042188105933298886,0.005060552934332989,0.009210943559332989,0.00042188105933298886,0.010431646684332989,0.005792974809332989,0.00042188105933298886,0.006769537309332989,0.007257818559332989,0.010431646684332989,0.014093756059332989,0.002375006059332989,0.0016425841843329889,0.00042188105933298886,0.00042188105933298886,0.00042188105933298886,0.00042188105933298886,0.00042188105933298886,0.00042188105933298886,-0.005193353315667011,-0.004705072065667011,0.01653516230933299,0.011164068559332989,-0.002019525190667011,0.00042188105933298886,0.00042188105933298886,-0.005681634565667011,0.0011543029343329889,0.006281256059332989,-0.002751947065667011,-0.009343743940667011,0.00042188105933298886,-0.007390618940667011,0.0018867248093329889,0.003107427934332989,0.00042188105933298886,-0.007390618940667011,-0.0010429626906670111,-0.003972650190667011,0.00042188105933298886,-0.006414056440667011,0.00042188105933298886,0.00042188105933298886,0.00042188105933298886,-0.002507806440667011,0.00042188105933298886,-0.003484368940667011,-0.002263665815667011,0.00042188105933298886,-0.003972650190667011,-0.003240228315667011,-0.004705072065667011,-0.008367181440667011,-0.002507806440667011,-0.003484368940667011,0.00042188105933298886,-0.009343743940667011,0.00042188105933298886,-0.006658197065667011,-0.003972650190667011,-0.002751947065667011,-0.003240228315667011,-0.008123040815667011,-0.005925775190667011,-0.004460931440667011,0.00042188105933298886,-0.005681634565667011,0.00042188105933298886,0.00042188105933298886,0.00042188105933298886,0.00042188105933298886,0.002130865434332989,-0.0012871033156670111,-0.002751947065667011,0.0006660216843329889,0.00042188105933298886,0.00042188105933298886,0.006525396684332989,0.007746099809332989,0.005060552934332989,0.002375006059332989,0.014582037309332989,0.01702344355933299,0.010187506059332989,0.004328131059332989,0.00042188105933298886,0.00042188105933298886,0.008966802934332989,0.015314459184332989,0.02239453730933299,0.002619146684332989,0.0006660216843329889,0.013605474809332989,0.00042188105933298886,0.00042188105933298886,0.00042188105933298886,0.00042188105933298886,0.00042188105933298886,0.008478521684332989,0.00042188105933298886,0.015558599809332989,0.012628912309332989,-0.004216790815667011,-0.011785150190667011,-0.006169915815667011,0.008234381059332989,-6.640019066701114e-05,0.00042188105933298886,-0.02008593144066701,0.00042188105933298886,-0.007878900190667011,0.009943365434332989,0.004328131059332989,-0.02325975956566701,-0.05988085331566701,-0.04596483769066701,-0.02887499394066701,0.00042188105933298886,-0.04376757206566701,0.00042188105933298886,0.00042188105933298886,0.00042188105933298886,0.00042188105933298886,-0.01740038456566701,0.00042188105933298886,-0.03375780644066701,-0.04669725956566701,-0.03522265019066701,0.00042188105933298886,0.02288281855933299,0.007501959184332989,-0.006658197065667011,0.00042188105933298886,-0.004216790815667011,0.013117193559332989,0.03631055293433299,0.04998242793433299,0.02288281855933299,0.00042188105933298886,0.02898633418433299,0.04461133418433299,0.00042188105933298886,0.05340039668433299,0.05047070918433299,0.03679883418433299,0.01946484980933299,0.00042188105933298886,0.00042188105933298886,0.00042188105933298886,0.00042188105933298886,0.00042188105933298886,0.02141797480933299,0.02581250605933299,0.03313672480933299,0.00042188105933298886,0.02898633418433299,0.01702344355933299,0.008234381059332989,0.002375006059332989,0.010431646684332989,0.00042188105933298886,0.0016425841843329889,0.00042188105933298886,-0.011296868940667011,-0.014714837690667011,-0.010076165815667011,-0.012761712690667011,-0.01617968144066701,-0.01813280644066701,0.00042188105933298886,-0.01740038456566701,0.00042188105933298886,-0.02350390019066701,0.00042188105933298886,0.00042188105933298886,0.00042188105933298886,-0.03619921269066701,0.00042188105933298886,-0.03253710331566701,-0.01984179081566701,-0.013005853315667011,0.00042188105933298886,-0.01910936894066701,-0.02545702519066701,0.00042188105933298886,-0.02008593144066701,-0.006414056440667011,0.003351568559332989,-0.005681634565667011,-0.007878900190667011,0.00042188105933298886,0.00042188105933298886,0.01604688105933299,0.00042188105933298886,0.01824414668433299,0.008966802934332989,0.002619146684332989,0.02068555293433299,0.02312695918433299,0.00042188105933298886,0.00042188105933298886,0.00042188105933298886,0.00042188105933298886,0.00042188105933298886,0.00042188105933298886,0.014093756059332989,0.007990240434332989,-0.002019525190667011,-0.00031054081566701114,0.007746099809332989,0.00042188105933298886,0.011408209184332989,0.003351568559332989,-0.008855462690667011,0.00042188105933298886,-0.009587884565667011,-0.008367181440667011,-0.004460931440667011,0.00042188105933298886,-0.003728509565667011,-0.009832025190667011,-0.01715624394066701,-0.01666796269066701,0.003107427934332989,0.00042188105933298886,0.00042188105933298886,-0.01935350956566701,0.00042188105933298886,0.00042188105933298886,0.00042188105933298886,-0.0015312439406670111,-0.006658197065667011,-0.003972650190667011,0.00042188105933298886,0.003595709184332989,0.00042188105933298886,0.007990240434332989,0.007013677934332989,0.011896490434332989,0.02117383418433299,0.00042188105933298886,0.02483594355933299,0.01580274043433299,0.009210943559332989,0.012140631059332989,0.00042188105933298886,0.01824414668433299,0.012628912309332989,0.00042188105933298886,0.011896490434332989,0.010675787309332989,0.013361334184332989,0.02385938105933299,0.00042188105933298886,0.00042188105933298886,0.00042188105933298886,0.00042188105933298886,0.00042188105933298886,0.010919927934332989,0.002619146684332989,0.00042188105933298886,-0.008855462690667011,-0.01740038456566701,-0.01642382206566701,-0.01593554081566701,-0.02179491581566701,-0.01984179081566701,0.00042188105933298886,0.00042188105933298886,-0.014714837690667011,-0.002507806440667011,-0.004705072065667011,-0.03546679081566701,-0.02985155644066701,-0.012517572065667011,0.00042188105933298886,-0.003972650190667011,-0.008367181440667011,0.00042188105933298886,-0.007390618940667011,0.00042188105933298886,0.00042188105933298886,0.00042188105933298886,0.00042188105933298886,-0.01617968144066701,-0.006658197065667011,0.010675787309332989,0.012873052934332989,0.00042188105933298886,0.00042188105933298886,-0.015203118940667011,-0.009343743940667011,0.004816412309332989,0.02581250605933299,0.014826177934332989,0.0009101623093329889,0.00042188105933298886,0.006037115434332989,0.02385938105933299,0.00042188105933298886,0.01775586543433299,0.0006660216843329889,0.004083990434332989,0.009210943559332989,0.00042188105933298886,0.014337896684332989,0.00042188105933298886,0.00042188105933298886,0.00042188105933298886,0.00042188105933298886,0.00042188105933298886,0.01604688105933299,0.010187506059332989,0.002375006059332989,0.007013677934332989,0.010431646684332989,0.00042188105933298886,0.005060552934332989,-0.007146478315667011,-0.012029290815667011,0.00042188105933298886,0.005304693559332989,0.013117193559332989,0.00042188105933298886,0.015070318559332989,0.007501959184332989,-0.004705072065667011,-0.005193353315667011,0.013117193559332989,0.006769537309332989,0.00042188105933298886,0.00042188105933298886,0.004572271684332989,0.00042188105933298886,0.00042188105933298886,0.00042188105933298886,-0.002996087690667011,-0.009099603315667011,0.00042188105933298886,-0.01642382206566701,-0.011052728315667011,0.00042188105933298886,0.00042188105933298886,0.004328131059332989,-0.01740038456566701,-0.03766405644066701,-0.03375780644066701,-0.011296868940667011,-0.0007988220656670111,0.00042188105933298886,-0.012761712690667011,-0.02863085331566701,0.00042188105933298886,-0.03033983769066701,-0.01813280644066701,-0.01666796269066701,-0.01764452519066701,0.00042188105933298886,-0.01813280644066701,-0.01593554081566701,0.00042188105933298886,0.00042188105933298886,0.00042188105933298886,0.00042188105933298886,-0.002996087690667011,0.015070318559332989,0.00042188105933298886,0.02898633418433299,0.03631055293433299,0.03045117793433299,0.008478521684332989,0.007746099809332989,0.03533399043433299,0.00042188105933298886,0.04509961543433299,0.00042188105933298886,0.02581250605933299,0.009210943559332989,0.011896490434332989,0.03020703730933299,0.02898633418433299,0.006769537309332989,-0.005925775190667011,0.00042188105933298886,0.00042188105933298886,0.02312695918433299,0.00042188105933298886,0.00042188105933298886,0.00042188105933298886,0.00042188105933298886,-0.02545702519066701,-0.008611322065667011,-0.002019525190667011,-0.01788866581566701,0.00042188105933298886,-0.03644335331566701,0.00042188105933298886,-0.01813280644066701,0.00017774043433298886,-0.008123040815667011,-0.04205858769066701,-0.03766405644066701,-0.02033007206566701,0.00042188105933298886,-0.007634759565667011,0.00042188105933298886,-0.01569140019066701,-0.01910936894066701,-0.007878900190667011,0.009210943559332989,0.012628912309332989,0.00042188105933298886,0.006281256059332989,0.00042188105933298886,0.00042188105933298886,0.00042188105933298886,0.00042188105933298886,0.00042188105933298886,0.02947461543433299,0.02556836543433299,0.012873052934332989,0.012384771684332989,0.02239453730933299,0.02898633418433299,0.00042188105933298886,0.02752149043433299,0.02044141230933299,0.00042188105933298886,0.004328131059332989,-0.0012871033156670111,-0.0017753845656670111,-0.005681634565667011,0.00042188105933298886,-0.002263665815667011,0.004328131059332989,-0.0007988220656670111,-0.013249993940667011,0.00042188105933298886,-0.01691210331566701,0.00042188105933298886,0.00042188105933298886,0.00042188105933298886,0.00042188105933298886,-0.012273431440667011,-0.010564447065667011,0.00042188105933298886,-0.007146478315667011,-0.006169915815667011,0.00042188105933298886,-0.009099603315667011,0.012873052934332989,0.011896490434332989,0.00042188105933298886,0.009699224809332989,0.011896490434332989,0.014337896684332989,0.013361334184332989,0.006037115434332989,0.00042188105933298886,0.007746099809332989,0.008234381059332989,0.00042188105933298886,0.0011543029343329889,-0.002507806440667011,-0.002996087690667011,-0.013005853315667011,0.00042188105933298886,0.00042188105933298886,0.00042188105933298886,0.00042188105933298886,0.00042188105933298886,-0.03302538456566701,-0.02033007206566701,-0.002019525190667011,0.00042188105933298886,0.0011543029343329889,-0.012273431440667011,-0.02521288456566701,-0.02618944706566701,-0.02374804081566701,0.00042188105933298886,-0.002019525190667011,0.00042188105933298886,0.009943365434332989,0.007257818559332989,0.003595709184332989,0.02630078730933299,0.03753125605933299,0.02825391230933299,0.00042188105933298886,0.01629102168433299,0.00042188105933298886,0.01800000605933299,0.00042188105933298886,0.00042188105933298886,0.00042188105933298886,0.00042188105933298886,0.02263867793433299,0.02996289668433299,0.03777539668433299,0.02996289668433299,0.00042188105933298886,-0.01666796269066701,0.00042188105933298886,-0.01593554081566701,0.006281256059332989,0.02288281855933299,-0.012273431440667011,-0.03497850956566701,-0.03156054081566701,0.00042188105933298886,-0.007390618940667011,0.00042188105933298886,-0.006414056440667011,-0.02985155644066701,-0.04547655644066701,-0.04205858769066701,-0.02863085331566701,0.00042188105933298886,-0.009099603315667011,0.00042188105933298886,0.00042188105933298886,0.00042188105933298886,0.00042188105933298886,0.00042188105933298886,-0.002751947065667011,0.008478521684332989,0.009699224809332989,0.01970899043433299,0.010919927934332989,-0.005193353315667011,0.00042188105933298886,-0.012029290815667011,0.005792974809332989,0.00042188105933298886,0.03045117793433299,-0.015447259565667011,-0.03033983769066701,-0.02496874394066701,0.00042188105933298886,-0.006658197065667011,0.008966802934332989,0.007746099809332989,-0.01764452519066701,0.00042188105933298886,-0.006414056440667011,0.00042188105933298886,0.00042188105933298886,0.00042188105933298886,0.00042188105933298886,-0.03839647831566701,-0.02887499394066701,-0.004949212690667011,0.00042188105933298886,0.010919927934332989,0.00042188105933298886,-0.003484368940667011,0.00042188105933298886,0.006281256059332989,0.01702344355933299,0.02361524043433299,0.02849805293433299,0.02800977168433299,0.03142774043433299,0.03338086543433299,0.00042188105933298886,0.00042188105933298886,0.02483594355933299,0.01800000605933299,0.02361524043433299,0.02703320918433299,0.02898633418433299,0.00042188105933298886,0.00042188105933298886,0.00042188105933298886,-0.01837694706566701,0.00042188105933298886,0.00042188105933298886,0.002619146684332989,-0.0007988220656670111,-0.01617968144066701,0.00042188105933298886,-0.03351366581566701,-0.03473436894066701,-0.02960741581566701,-0.02448046269066701,-0.02448046269066701,0.00042188105933298886,-0.02252733769066701,0.00042188105933298886,-0.01642382206566701,-0.014958978315667011,-0.004460931440667011,0.007990240434332989,0.005548834184332989,-0.002507806440667011,0.00042188105933298886,0.002375006059332989,0.00042188105933298886,0.02361524043433299,0.00042188105933298886,0.00042188105933298886,0.00042188105933298886,0.01726758418433299,0.005548834184332989,0.00042188105933298886,-0.007634759565667011,-0.007146478315667011,0.00042188105933298886,0.00042188105933298886,0.00042188105933298886,0.00042188105933298886,-0.002263665815667011,-0.007878900190667011,-0.01764452519066701,-0.013982415815667011,-0.012761712690667011,-0.02350390019066701,0.00042188105933298886,-0.02252733769066701,0.00042188105933298886,-0.014226556440667011,-0.006169915815667011,0.005304693559332989,0.006281256059332989,0.00042188105933298886,0.00042188105933298886,0.00042188105933298886,0.00042188105933298886,0.00042188105933298886,0.04314649043433299,0.04265820918433299,0.00042188105933298886,0.02996289668433299,0.02190625605933299,0.02044141230933299,0.02068555293433299,0.01677930293433299,0.01726758418433299,0.00042188105933298886,0.00042188105933298886,0.011164068559332989,-0.002019525190667011,0.004816412309332989,0.014582037309332989,0.012140631059332989,-0.012029290815667011,0.00042188105933298886,-0.04352343144066701,-0.02570116581566701,0.00042188105933298886,0.009455084184332989,0.00042188105933298886,0.00042188105933298886,0.00042188105933298886,-0.01862108769066701,0.00042188105933298886,0.014582037309332989,0.01922070918433299,-0.008367181440667011,0.00042188105933298886,0.00042188105933298886,-0.006658197065667011,0.014582037309332989,0.03386914668433299,0.007013677934332989,-0.02472460331566701,-0.03351366581566701,0.00042188105933298886,-0.009343743940667011,0.01824414668433299,0.00042188105933298886,-0.01691210331566701,-0.02374804081566701,0.014826177934332989,0.02898633418433299,0.00042188105933298886,-0.008611322065667011,-0.065496087690667,0.00042188105933298886,0.00042188105933298886,0.00042188105933298886,0.00042188105933298886,-0.03449022831566701,0.00042188105933298886,-0.03668749394066701,0.03606641230933299,0.04680859980933299,0.01970899043433299,-0.012761712690667011,0.00042188105933298886,-0.01593554081566701,0.013117193559332989,0.00042188105933298886,0.02923047480933299,-0.004705072065667011,0.00042188105933298886,-0.015203118940667011,0.003351568559332989,0.03728711543433299,0.02971875605933299,-0.005925775190667011,-0.007390618940667011,0.00042188105933298886,0.00042188105933298886,0.04168164668433299,0.00042188105933298886,0.00042188105933298886,0.00042188105933298886,0.00042188105933298886,0.014093756059332989,0.02996289668433299,-0.015447259565667011,-0.02667772831566701,0.00042188105933298886,0.02605664668433299,0.00042188105933298886,0.04680859980933299,0.03045117793433299,-0.02008593144066701,-0.004216790815667011,0.02752149043433299,0.00042188105933298886,0.03801953730933299,0.01897656855933299,0.00042188105933298886,-0.04254686894066701,0.01848828730933299,0.03899609980933299,0.014826177934332989,-0.03497850956566701,0.00042188105933298886,-0.05914843144066701,0.00042188105933298886,0.00042188105933298886,0.00042188105933298886,0.00042188105933298886,0.00042188105933298886,-0.04547655644066701,0.007013677934332989,0.02971875605933299,0.00042188105933298886,0.006525396684332989,-0.03009569706566701,-0.010076165815667011,0.02215039668433299,0.03289258418433299,0.00042188105933298886,-0.008367181440667011,0.00042188105933298886,-0.01984179081566701,-0.009099603315667011,0.012873052934332989,0.00017774043433298886,-0.008367181440667011,-0.007878900190667011,0.00042188105933298886,-0.0007988220656670111,0.00042188105933298886,0.005304693559332989,0.00042188105933298886,0.00042188105933298886,0.00042188105933298886,0.00042188105933298886,-0.0010429626906670111,0.003107427934332989,-0.002751947065667011,-0.013494134565667011,0.00042188105933298886,-0.02594530644066701,0.00042188105933298886,-0.01666796269066701,-0.007878900190667011,0.01995313105933299,0.03240430293433299,0.03069531855933299,0.011408209184332989,0.00042188105933298886,-0.015203118940667011,0.00042188105933298886,-0.006169915815667011,0.014826177934332989,0.02215039668433299,0.003107427934332989,-0.012761712690667011,0.00042188105933298886,0.00042188105933298886,0.00042188105933298886,0.00042188105933298886,0.00042188105933298886,0.00042188105933298886,-0.02252733769066701,-0.03058397831566701,0.011164068559332989,0.02190625605933299,0.01775586543433299,0.006769537309332989,0.00042188105933298886,0.004816412309332989,0.01848828730933299,0.00042188105933298886,0.03093945918433299,0.007257818559332989,0.01751172480933299,0.03313672480933299,0.00042188105933298886,0.03338086543433299,0.010675787309332989,-0.02741015019066701,-0.011785150190667011,0.00042188105933298886,0.01580274043433299,0.00042188105933298886,0.00042188105933298886,0.00042188105933298886,0.00042188105933298886,0.004083990434332989,-0.002751947065667011,-0.007146478315667011,0.00042188105933298886,-0.004460931440667011,0.00042188105933298886,0.0018867248093329889,-0.007634759565667011,-0.01886522831566701,-0.02423632206566701,0.00042188105933298886,-0.02350390019066701,-0.01984179081566701,-0.02081835331566701,-0.02374804081566701,0.00042188105933298886,0.007257818559332989,0.009210943559332989,0.00042188105933298886,-0.011052728315667011,-0.03546679081566701,-0.03741991581566701,0.00042188105933298886,0.00042188105933298886,0.00042188105933298886,0.00042188105933298886,0.00042188105933298886,-0.003728509565667011,0.01702344355933299,0.02947461543433299,0.00042188105933298886,0.02776563105933299,0.010675787309332989,-0.0017753845656670111,0.010187506059332989,0.01751172480933299,0.00042188105933298886,-0.007390618940667011,0.00042188105933298886,-0.013494134565667011,-0.00031054081566701114,0.015070318559332989,0.0009101623093329889,-0.01569140019066701,-0.01593554081566701,0.00042188105933298886,0.002619146684332989,0.00042188105933298886,0.015070318559332989,0.00042188105933298886,0.00042188105933298886,0.00042188105933298886,0.00042188105933298886,0.009210943559332989,-0.0010429626906670111,-0.008855462690667011,-0.011296868940667011,0.00042188105933298886,0.00042188105933298886,0.013849615434332989,0.007257818559332989,-0.010808587690667011,-0.0017753845656670111,0.014093756059332989,0.02141797480933299,0.00042188105933298886,0.011896490434332989,0.0016425841843329889,0.00042188105933298886,0.003351568559332989,0.01775586543433299,0.011896490434332989,0.004083990434332989,0.00042188105933298886,-0.0017753845656670111,0.00042188105933298886,0.00042188105933298886,0.00042188105933298886,0.00042188105933298886,0.00042188105933298886,-0.007878900190667011,0.003107427934332989,0.006037115434332989,-0.002019525190667011,0.00042188105933298886,-0.014470697065667011,-0.02008593144066701,-0.01569140019066701,-0.0015312439406670111,0.00042188105933298886,-0.0017753845656670111,-0.007878900190667011,0.00042188105933298886,-0.013494134565667011,-0.01764452519066701,0.0013984435593329889,0.002375006059332989,-0.0012871033156670111,-0.006902337690667011,0.00042188105933298886,0.00042188105933298886,-0.0015312439406670111,0.00042188105933298886,0.00042188105933298886,0.00042188105933298886,-0.003240228315667011,0.00042188105933298886,0.002619146684332989,0.0013984435593329889,-0.0010429626906670111,0.00042188105933298886,0.003107427934332989,0.0018867248093329889,0.00042188105933298886,0.00042188105933298886,-0.0007988220656670111,0.0006660216843329889,0.009455084184332989,0.011896490434332989,0.006037115434332989,0.00042188105933298886,0.010675787309332989,0.00042188105933298886,0.008234381059332989,-0.01593554081566701,-0.02155077519066701,0.003839849809332989,0.00042188105933298886,0.00042188105933298886,0.00042188105933298886,0.00042188105933298886,0.00042188105933298886,0.0002537292038642399,0.00042188105933298886,0.06145703730933299,0.02215039668433299,0.003595709184332989,0.04656445918433299,0.05462109980933299,0.03362500605933299,0.00042188105933298886,-0.002996087690667011,0.00042188105933298886,-0.02667772831566701,-0.007390618940667011,-0.009587884565667011,-0.02448046269066701,-0.03888475956566701,0.00042188105933298886,-0.03449022831566701,-0.01617968144066701,-0.004460931440667011,0.00042188105933298886,-0.05499804081566701,0.00042188105933298886,0.00042188105933298886,0.00042188105933298886,0.00042188105933298886,-0.03400194706566701,-0.05158007206566701,-0.03912890019066701,0.00042188105933298886,-0.02277147831566701,0.00042188105933298886,-0.02936327519066701,-0.02033007206566701,-0.013005853315667011,-0.02301561894066701,-0.04230272831566701,0.00042188105933298886,-0.04669725956566701,-0.02203905644066701,0.02263867793433299,0.00042188105933298886,-0.03375780644066701,-0.05206835331566701,-0.03522265019066701,0.00042188105933298886,0.008722662309332989,0.04265820918433299,0.00042188105933298886,0.00042188105933298886,0.00042188105933298886,0.00042188105933298886,0.00042188105933298886,0.04363477168433299,0.02825391230933299,0.02166211543433299,0.00042188105933298886,0.02288281855933299,0.02776563105933299,0.03826367793433299,0.03118359980933299,0.02117383418433299,0.00042188105933298886,0.003595709184332989,0.00042188105933298886,0.013361334184332989,0.02312695918433299,-0.009343743940667011,-0.01788866581566701,-0.002263665815667011,0.01580274043433299,0.00042188105933298886,0.02898633418433299,0.00042188105933298886,0.02703320918433299,0.00042188105933298886,0.00042188105933298886,0.00042188105933298886,0.00042188105933298886,0.03948438105933299,0.03338086543433299,0.03093945918433299,0.03997266230933299,0.00042188105933298886,0.03093945918433299,0.00042188105933298886,0.013849615434332989,-0.00031054081566701114,-0.01593554081566701,-0.015203118940667011,-0.01984179081566701,0.00042188105933298886,-0.03253710331566701,-0.04205858769066701,0.00042188105933298886,-0.03253710331566701,0.008966802934332989,0.015558599809332989,-6.640019066701114e-05,0.00042188105933298886,-0.01959765019066701,0.00042188105933298886,0.00042188105933298886,0.00042188105933298886,0.00042188105933298886,0.00042188105933298886,0.03240430293433299,0.02019727168433299,-0.010076165815667011,-0.069890618940667,0.0002537292038642399,0.00042188105933298886,0.0002537292038642399,0.0002537292038642399,-0.03961718144066701,0.00042188105933298886,0.0002537292038642399,0.0002537292038642399,-0.05328905644066701,0.00042188105933298886,0.002130865434332989,0.03801953730933299,0.03582227168433299,0.03411328730933299,0.05071484980933299,0.00042188105933298886,0.04412305293433299,0.00042188105933298886,0.00042188105933298886,0.00042188105933298886,0.00042188105933298886,0.062677740434333,0.03069531855933299,0.00042188105933298886,-0.03449022831566701,0.0002537292038642399,0.00042188105933298886,0.03777539668433299,0.06170117793433299,0.03655469355933299,0.00042188105933298886,-0.006658197065667011,-0.02277147831566701,0.04168164668433299,0.069025396684333,0.0002537292038642399,0.00042188105933298886,0.05828320918433299,0.00042188105933298886,0.03850781855933299,0.01653516230933299,-0.004949212690667011,-0.02643358769066701,0.00042188105933298886,0.00042188105933298886,0.00042188105933298886,0.00042188105933298886,0.00042188105933298886,-0.05792772831566701,-0.05866015019066701,-0.01569140019066701,0.00042188105933298886,0.03264844355933299,0.03899609980933299,-0.02130663456566701,-0.012273431440667011,0.01702344355933299,0.00042188105933298886,0.015314459184332989,0.00042188105933298886,-0.03107225956566701,-0.04449999394066701,0.02654492793433299,0.013117193559332989,-0.03766405644066701,0.0002537292038642399,0.00042188105933298886,0.0002537292038642399,0.00042188105933298886,-0.02960741581566701,0.00042188105933298886,0.00042188105933298886,0.00042188105933298886,0.00042188105933298886,-0.013005853315667011,-0.003240228315667011,0.02385938105933299,0.01629102168433299,0.00042188105933298886,0.03655469355933299,0.00042188105933298886,0.05681836543433299,0.05608594355933299,0.007501959184332989,0.0018867248093329889,0.01751172480933299,0.00042188105933298886,0.03313672480933299,0.02361524043433299,0.00042188105933298886,-0.012029290815667011,-0.03204882206566701,-0.03937304081566701,-0.02667772831566701,0.00042188105933298886,0.005792974809332989,0.02752149043433299,0.00042188105933298886,0.00042188105933298886,0.00042188105933298886,0.00042188105933298886,0.00042188105933298886,0.02752149043433299,0.02092969355933299,0.03362500605933299,0.04094922480933299,0.02874219355933299,0.00042188105933298886,0.011896490434332989,0.010431646684332989,0.03728711543433299,0.00042188105933298886,-0.01691210331566701,-0.04010546269066701,-0.04865038456566701,0.00042188105933298886,-0.03741991581566701,-0.02618944706566701,-0.03424608769066701,-0.03351366581566701,-0.01813280644066701,0.00042188105933298886,0.03753125605933299,0.00042188105933298886,0.03631055293433299,0.00042188105933298886,0.00042188105933298886,0.00042188105933298886,0.03045117793433299,0.05852734980933299,0.03460156855933299,0.013849615434332989,0.00042188105933298886,0.00042188105933298886,0.04851758418433299,0.04094922480933299,0.00042188105933298886,0.01629102168433299,-0.011785150190667011,-0.01935350956566701,-0.011785150190667011,-0.013005853315667011,0.00042188105933298886,0.00042188105933298886,-0.03717577519066701,-0.04425585331566701,-0.014958978315667011,-0.0007988220656670111,-0.002019525190667011,0.00042188105933298886,0.00042188105933298886,0.00042188105933298886,0.00042188105933298886,0.00042188105933298886,-0.02545702519066701,-0.011052728315667011,0.03826367793433299,0.00042188105933298886,0.05755078730933299,0.02776563105933299,-0.03204882206566701,-0.011785150190667011,0.02141797480933299,0.00042188105933298886,-0.01642382206566701,0.00042188105933298886,-0.05158007206566701,-0.05475390019066701,-0.02448046269066701,-0.02374804081566701,-0.04108202519066701,-0.067937493940667,0.00042188105933298886,-0.066716790815667,0.00042188105933298886,-0.002507806440667011,0.00042188105933298886,0.00042188105933298886,0.00042188105933298886,0.01580274043433299,0.02678906855933299,0.00042188105933298886,0.008966802934332989,-0.008855462690667011,0.00042188105933298886,0.05413281855933299,0.04046094355933299,0.00042188105933298886,0.01604688105933299,0.005792974809332989,0.04094922480933299,0.04558789668433299,0.02654492793433299,0.008722662309332989,0.00042188105933298886,0.00042188105933298886,-0.011052728315667011,-0.011296868940667011,0.002375006059332989,-0.007146478315667011,-0.03009569706566701,-0.04132616581566701,0.00042188105933298886,0.00042188105933298886,0.00042188105933298886,0.00042188105933298886,0.00042188105933298886,-0.03058397831566701,0.011164068559332989,0.04021680293433299,0.00042188105933298886,0.03411328730933299,0.004572271684332989,0.0006660216843329889,0.03386914668433299,0.04680859980933299,0.00042188105933298886,0.00042188105933298886,0.02654492793433299,0.01897656855933299,0.01677930293433299,0.010431646684332989,-0.003972650190667011,-0.014470697065667011,0.00042188105933298886,-0.014226556440667011,-0.011785150190667011,0.00042188105933298886,-0.02838671269066701,0.00042188105933298886,0.00042188105933298886,0.00042188105933298886,-0.02301561894066701,0.00042188105933298886,-0.02081835331566701,-0.01813280644066701,-0.012517572065667011,0.00042188105933298886,0.0006660216843329889,0.013117193559332989,0.01775586543433299,0.00042188105933298886,0.01726758418433299,0.01726758418433299,0.01946484980933299,0.02190625605933299,0.02581250605933299,0.00042188105933298886,0.03972852168433299,0.03826367793433299,0.03777539668433299,0.00042188105933298886,0.03118359980933299,0.011896490434332989,-0.003972650190667011,0.00042188105933298886,0.00042188105933298886,0.00042188105933298886,0.00042188105933298886,0.00042188105933298886,-0.03497850956566701,-0.03693163456566701,-0.03595507206566701,-0.02814257206566701,0.00042188105933298886,-0.01691210331566701,-0.014470697065667011,-0.02448046269066701,-0.03082811894066701,0.00042188105933298886,0.002375006059332989,0.00017774043433298886,-0.011052728315667011,-0.010564447065667011,0.00042188105933298886,0.005304693559332989,0.012873052934332989,0.007257818559332989,0.014093756059332989,0.00042188105933298886,0.03557813105933299,0.00042188105933298886,0.00042188105933298886,0.00042188105933298886,0.00042188105933298886,0.03167188105933299,0.02312695918433299,0.00042188105933298886,0.010675787309332989,0.0013984435593329889,0.00042188105933298886,-0.007390618940667011,0.008478521684332989,0.006281256059332989,-0.011785150190667011,-0.02374804081566701,0.00042188105933298886,-0.02325975956566701,-0.015203118940667011,-0.006169915815667011,0.00042188105933298886,-0.02106249394066701,0.00042188105933298886,0.00042188105933298886,0.00042188105933298886,-0.01837694706566701,0.00042188105933298886,0.01580274043433299,0.00042188105933298886,0.00042188105933298886,0.00042188105933298886,0.00042188105933298886,0.00042188105933298886,0.03411328730933299,0.011164068559332989,0.00042188105933298886,-0.011296868940667011,-0.010564447065667011,0.008478521684332989,0.03753125605933299,0.01995313105933299,0.003595709184332989,0.00042188105933298886,-0.002019525190667011,0.00042188105933298886,0.009455084184332989,0.010431646684332989,-0.013249993940667011,-0.02057421269066701,-0.015203118940667011,-0.009832025190667011,-0.011541009565667011,0.00042188105933298886,-0.03375780644066701,0.00042188105933298886,0.00042188105933298886,0.00042188105933298886,0.00042188105933298886,-0.008611322065667011,-0.02496874394066701,-0.02130663456566701,-0.006902337690667011,0.00042188105933298886,0.00042188105933298886,0.011652349809332989,-0.0015312439406670111,-0.011052728315667011,0.007501959184332989,0.00042188105933298886,0.03631055293433299,0.03631055293433299,0.01604688105933299,-0.01764452519066701,0.00042188105933298886,0.03557813105933299,0.04607617793433299,0.03704297480933299,0.02361524043433299,0.012628912309332989,0.00042188105933298886,0.009699224809332989,0.00042188105933298886,0.00042188105933298886,0.00042188105933298886,0.00042188105933298886,0.00042188105933298886,-0.005437493940667011,0.003107427934332989,0.0006660216843329889,-0.008611322065667011,-0.01715624394066701,-0.01764452519066701,0.00042188105933298886,-0.014226556440667011,-0.014714837690667011,0.00042188105933298886,-0.03204882206566701,-0.02057421269066701,-0.01837694706566701,-0.02155077519066701,-0.02252733769066701,-0.014714837690667011,0.00042188105933298886,-0.004460931440667011,-0.002996087690667011,0.00042188105933298886,-0.002019525190667011,0.00042188105933298886,0.00042188105933298886,0.00042188105933298886,0.00042188105933298886,0.010187506059332989,0.02776563105933299,0.03289258418433299,0.02898633418433299,0.00042188105933298886,0.00042188105933298886,0.014582037309332989,-0.008123040815667011,-0.01617968144066701,0.02849805293433299,0.04876172480933299,0.03191602168433299,-0.005681634565667011,-0.02692186894066701,0.00042188105933298886,0.011408209184332989,0.00042188105933298886,0.03435742793433299,0.03020703730933299,-0.0010429626906670111,-0.04620897831566701,-0.02570116581566701,0.00042188105933298886,0.00042188105933298886,0.00042188105933298886,0.00042188105933298886,0.00042188105933298886,-0.03522265019066701,0.00042188105933298886,-0.005681634565667011,0.003107427934332989,-0.03571093144066701,-0.03937304081566701,-0.02325975956566701,-0.0005546814406670111,0.003839849809332989,0.00042188105933298886,-0.010320306440667011,0.00042188105933298886,-0.002019525190667011,0.009699224809332989,0.0018867248093329889,0.0013984435593329889,0.010431646684332989,0.02410352168433299,0.03386914668433299,0.00042188105933298886,0.015070318559332989,0.00042188105933298886,-0.005681634565667011,0.00042188105933298886,0.00042188105933298886,0.00042188105933298886,0.02092969355933299,-0.03180468144066701,-0.04498827519066701,0.00042188105933298886,0.00042188105933298886,0.04192578730933299,0.03484570918433299,-0.009343743940667011,-0.04157030644066701,-0.03009569706566701,0.010919927934332989,0.03777539668433299,0.00042188105933298886,0.02654492793433299,0.00042188105933298886,-0.03278124394066701,-0.03278124394066701,0.010187506059332989,0.01873242793433299,0.003595709184332989,-0.02594530644066701,-0.03741991581566701,0.00042188105933298886,0.00042188105933298886,0.00042188105933298886,0.00042188105933298886,0.00042188105933298886,-0.03375780644066701,0.00042188105933298886,-0.006658197065667011,0.02508008418433299,0.03093945918433299,0.00042188105933298886,0.004328131059332989,-0.02448046269066701,-0.013494134565667011,0.00042188105933298886,0.015558599809332989,0.01922070918433299,0.00042188105933298886,0.015070318559332989,-0.0012871033156670111,-0.01788866581566701,0.0006660216843329889,0.02215039668433299,0.03118359980933299,0.00042188105933298886,-0.003484368940667011,0.00042188105933298886,0.00042188105933298886,0.00042188105933298886,0.00042188105933298886,0.02947461543433299,0.003595709184332989,0.00042188105933298886,-0.01740038456566701,-0.01984179081566701,0.00042188105933298886,0.03191602168433299,0.01653516230933299,-0.008367181440667011,-0.02008593144066701,-0.006658197065667011,0.00042188105933298886,0.02068555293433299,0.03411328730933299,0.01702344355933299,0.00042188105933298886,-0.02130663456566701,0.012140631059332989,0.03850781855933299,0.02459180293433299,-0.01910936894066701,0.00042188105933298886,-0.04498827519066701,0.00042188105933298886,0.00042188105933298886,0.00042188105933298886,0.00042188105933298886,0.00042188105933298886,-0.02496874394066701,-0.03449022831566701,-0.013738275190667011,0.004083990434332989,0.007990240434332989,0.00042188105933298886,-0.002751947065667011,-0.02765429081566701,-0.03912890019066701,0.00042188105933298886,0.01995313105933299,-0.0012871033156670111,-0.02472460331566701,-0.01691210331566701,0.008722662309332989,0.00042188105933298886,0.02239453730933299,0.02019727168433299,0.0018867248093329889,0.00042188105933298886,0.01677930293433299,0.03069531855933299,0.00042188105933298886,0.00042188105933298886,0.00042188105933298886,-0.02618944706566701,-0.008855462690667011,0.00042188105933298886,0.03826367793433299,0.066828131059333,0.00042188105933298886,-0.03497850956566701,-0.011541009565667011,0.02190625605933299,0.03631055293433299,0.00042188105933298886,0.02483594355933299,0.003595709184332989,-0.01642382206566701,-0.015447259565667011,0.00042188105933298886,0.01751172480933299,0.012140631059332989,-0.009343743940667011,-0.03449022831566701,-0.02911913456566701,0.00042188105933298886,0.005792974809332989,0.00042188105933298886,0.00042188105933298886,0.00042188105933298886,0.00042188105933298886,0.00042188105933298886,0.02605664668433299,0.00042188105933298886,0.010919927934332989,-0.010564447065667011,-0.013249993940667011,0.00042188105933298886,0.008966802934332989,0.011164068559332989,0.003595709184332989,0.00042188105933298886,-0.02252733769066701,0.00042188105933298886,-0.009099603315667011,0.007013677934332989,-0.01862108769066701,-0.02277147831566701,-0.012273431440667011,-0.007146478315667011,-6.640019066701114e-05,0.00042188105933298886,0.00042188105933298886,-0.004705072065667011,0.00042188105933298886,0.00042188105933298886,0.00042188105933298886,0.003107427934332989,0.009943365434332989,0.003107427934332989,0.00042188105933298886,-0.013249993940667011,0.00042188105933298886,-0.0005546814406670111,0.009699224809332989,0.00042188105933298886,0.014826177934332989,0.013605474809332989,0.0006660216843329889,-0.004460931440667011,0.0016425841843329889,0.008234381059332989,0.00042188105933298886,0.008966802934332989,0.00042188105933298886,0.003839849809332989,-0.0017753845656670111,0.005548834184332989,0.008722662309332989,0.02044141230933299,0.00042188105933298886,0.00042188105933298886,0.00042188105933298886,0.00042188105933298886,0.00042188105933298886,0.01677930293433299,0.01946484980933299,0.007746099809332989,0.00042188105933298886,-0.002996087690667011,-0.010076165815667011,0.004328131059332989,0.011652349809332989,0.013117193559332989,0.00042188105933298886,-0.01740038456566701,0.00042188105933298886,-0.02057421269066701,-0.0015312439406670111,0.02068555293433299,-0.002263665815667011,-0.01715624394066701,-0.013982415815667011,0.00017774043433298886,0.00042188105933298886,0.00042188105933298886,0.008966802934332989,0.00042188105933298886,0.00042188105933298886,0.00042188105933298886,-6.640019066701114e-05,0.002130865434332989,0.00042188105933298886,0.0013984435593329889,-0.002996087690667011,0.00042188105933298886,-0.00031054081566701114,-0.008855462690667011,-0.002263665815667011,0.00042188105933298886,0.005548834184332989,0.003107427934332989,-0.012029290815667011,-0.012273431440667011,-0.006902337690667011,0.00042188105933298886,-0.011296868940667011,0.00042188105933298886,-0.02252733769066701,0.00017774043433298886,-0.0015312439406670111,-0.010076165815667011,-0.01691210331566701,0.00042188105933298886,0.00042188105933298886,0.00042188105933298886,0.00042188105933298886,0.00042188105933298886,-0.009099603315667011,-0.014470697065667011,-0.009587884565667011,0.00042188105933298886,0.007257818559332989,0.02581250605933299,0.0006660216843329889,-0.01569140019066701,-0.008367181440667011,0.00042188105933298886,0.02923047480933299,0.00042188105933298886,0.02068555293433299,-0.02301561894066701,-0.01569140019066701,0.02019727168433299,0.03631055293433299,0.00042188105933298886,0.009455084184332989,-0.02643358769066701,0.00042188105933298886,0.02605664668433299,0.00042188105933298886,0.00042188105933298886,0.00042188105933298886,0.00042188105933298886,-0.02106249394066701,0.0018867248093329889,0.02434766230933299,0.008234381059332989,0.00042188105933298886,-0.009587884565667011,0.00042188105933298886,0.007501959184332989,0.02092969355933299,0.005304693559332989,-0.005437493940667011,-0.003240228315667011,0.00042188105933298886,0.01702344355933299,0.006281256059332989,0.00042188105933298886,-0.006414056440667011,0.00042188105933298886,0.010187506059332989,0.02312695918433299,0.00042188105933298886,0.00042188105933298886,0.00042188105933298886,0.00042188105933298886,0.02019727168433299,0.00042188105933298886,0.00042188105933298886,-0.02081835331566701,-0.0007988220656670111,0.009943365434332989,-0.00031054081566701114,-0.01642382206566701,0.00042188105933298886,-0.013738275190667011,-0.0017753845656670111,0.0006660216843329889,0.00042188105933298886,-0.010076165815667011,-0.002751947065667011,0.008234381059332989,0.013849615434332989,0.008478521684332989,-0.003728509565667011,0.00042188105933298886,-0.008855462690667011,-0.002507806440667011,0.00042188105933298886,0.012140631059332989,0.00042188105933298886,0.00042188105933298886,0.00042188105933298886,0.01995313105933299,0.00042188105933298886,0.02190625605933299,-0.01984179081566701,-0.02570116581566701,0.00042188105933298886,0.00042188105933298886,0.009699224809332989,-0.02838671269066701,-0.03082811894066701,0.012873052934332989,0.00042188105933298886,0.04900586543433299,0.04241406855933299,-0.04474413456566701,-0.02960741581566701,0.00042188105933298886,0.06023633418433299,0.03704297480933299,0.00042188105933298886,-0.02252733769066701,-0.063542962690667,0.013605474809332989,0.00042188105933298886,0.00042188105933298886,0.00042188105933298886,0.00042188105933298886,0.00042188105933298886,0.02044141230933299,0.00042188105933298886,0.0002537292038642399,-0.011052728315667011,-0.05914843144066701,-0.03400194706566701,0.03704297480933299,0.00042188105933298886,0.0002537292038642399,0.06072461543433299,0.00042188105933298886,-0.0015312439406670111,0.04900586543433299,0.0002537292038642399,0.066828131059333,0.00042188105933298886,0.01653516230933299,-0.013494134565667011,0.02874219355933299,0.05925977168433299,0.00042188105933298886,0.0013984435593329889,0.00042188105933298886,0.00042188105933298886,0.00042188105933298886,0.00042188105933298886,0.03508984980933299,-0.03082811894066701,-0.04010546269066701,-0.014958978315667011,0.00042188105933298886,0.00042188105933298886,0.02068555293433299,-0.003728509565667011,-0.02936327519066701,-0.003972650190667011,0.02874219355933299,0.02923047480933299,-0.003972650190667011,-0.03644335331566701,0.00042188105933298886,0.00042188105933298886,-0.008855462690667011,0.02019727168433299,-0.003972650190667011,-0.03937304081566701,-0.04425585331566701,-0.01910936894066701,0.00042188105933298886,0.00042188105933298886,0.00042188105933298886,0.00042188105933298886,0.00042188105933298886,-0.03888475956566701,0.00042188105933298886,-0.014958978315667011,-0.005437493940667011,-0.04230272831566701,-0.05475390019066701,-0.04279100956566701,-0.02155077519066701,-0.014958978315667011,0.00042188105933298886,-0.04718554081566701,0.00042188105933298886,-0.03986132206566701,-0.01715624394066701,-0.009832025190667011,-0.02887499394066701,-0.03522265019066701,-0.02228319706566701,0.00042188105933298886,-0.002996087690667011,0.00042188105933298886,-0.0015312439406670111,0.00042188105933298886,0.00042188105933298886,0.00042188105933298886,0.00042188105933298886,0.012873052934332989,-0.010564447065667011,-0.02472460331566701,-0.02325975956566701,0.00042188105933298886,0.00042188105933298886,0.006525396684332989,-0.007878900190667011,-0.015447259565667011,-0.007634759565667011,0.008722662309332989,0.00042188105933298886,0.01970899043433299,0.011164068559332989,-0.01813280644066701,0.00042188105933298886,-0.04181444706566701,-0.02863085331566701,0.00042188105933298886,-0.013249993940667011,-0.011785150190667011,-0.04010546269066701,0.00042188105933298886,0.00042188105933298886,0.00042188105933298886,0.00042188105933298886,0.00042188105933298886,0.00042188105933298886,0.01946484980933299,0.04412305293433299,0.03240430293433299,0.015070318559332989,0.009455084184332989,0.00042188105933298886,0.02044141230933299,0.03313672480933299,0.010919927934332989,0.00042188105933298886,0.004083990434332989,0.014582037309332989,0.02141797480933299,0.00042188105933298886,0.02019727168433299,0.002619146684332989,-0.005925775190667011,0.0006660216843329889,0.015314459184332989,0.00042188105933298886,0.00042188105933298886,0.02166211543433299,0.00042188105933298886,0.00042188105933298886,0.00042188105933298886,0.010919927934332989,0.02800977168433299,0.012628912309332989,-0.00031054081566701114,0.00042188105933298886,0.00042188105933298886,0.03704297480933299,0.03875195918433299,0.02263867793433299,0.00042188105933298886,0.007257818559332989,0.007257818559332989,0.02800977168433299,0.02483594355933299,0.010431646684332989,0.00042188105933298886,-0.0005546814406670111,0.00042188105933298886,0.010431646684332989,0.02556836543433299,0.010675787309332989,-0.0012871033156670111,0.00042188105933298886,0.00042188105933298886,0.00042188105933298886,0.00042188105933298886,0.00042188105933298886,-0.010808587690667011,0.00042188105933298886,-0.009343743940667011,0.0006660216843329889,0.009210943559332989,-0.002263665815667011,-0.007878900190667011,-0.007634759565667011,-0.005681634565667011,0.00042188105933298886,0.007990240434332989,0.002130865434332989,0.00042188105933298886,-0.008367181440667011,-0.013982415815667011,-6.640019066701114e-05,0.008722662309332989,0.006037115434332989,0.0013984435593329889,-0.004705072065667011,0.00042188105933298886,-0.008123040815667011,0.00042188105933298886,0.00042188105933298886,0.00042188105933298886,0.00042188105933298886,-0.007390618940667011,-0.02545702519066701,-0.02301561894066701,-0.014470697065667011,-0.009832025190667011,0.00042188105933298886,-0.011296868940667011,-0.008611322065667011,0.00042188105933298886,0.0011543029343329889,0.006769537309332989,-0.002263665815667011,-0.0012871033156670111,0.005304693559332989,0.008966802934332989,0.00042188105933298886,0.012628912309332989,0.011164068559332989,0.00042188105933298886,0.008722662309332989,0.007990240434332989,0.01580274043433299,0.00042188105933298886,0.00042188105933298886,0.00042188105933298886,0.00042188105933298886,0.00042188105933298886,0.00042188105933298886,0.01702344355933299,0.012384771684332989,0.010675787309332989,0.007257818559332989,-0.0007988220656670111,-0.012517572065667011,0.00042188105933298886,-0.01740038456566701,-0.009587884565667011,0.00042188105933298886,-0.03571093144066701,-0.04694140019066701,-0.03912890019066701,-0.02789843144066701,0.00042188105933298886,-0.02545702519066701,-0.03351366581566701,-0.04254686894066701,-0.04376757206566701,0.00042188105933298886,-0.03058397831566701,0.00042188105933298886,0.00042188105933298886,0.00042188105933298886,0.00042188105933298886,-0.02814257206566701,-0.02081835331566701,-0.005193353315667011,0.002619146684332989,0.00042188105933298886,0.00042188105933298886,0.007013677934332989,0.0006660216843329889,0.0006660216843329889,0.01604688105933299,0.02898633418433299,0.00042188105933298886,0.02874219355933299,0.02483594355933299,0.02239453730933299,0.00042188105933298886,0.01677930293433299,-0.002263665815667011,-0.006169915815667011,-0.002263665815667011,0.00042188105933298886,-0.002996087690667011,-0.02448046269066701,0.00042188105933298886,0.00042188105933298886,0.00042188105933298886,0.00042188105933298886,0.00042188105933298886,-0.02692186894066701,0.002863287309332989,0.02239453730933299,0.00042188105933298886,0.02385938105933299,0.00042188105933298886,-0.008123040815667011,0.014582037309332989,0.04216992793433299,0.00042188105933298886,0.03386914668433299,0.005548834184332989,0.00042188105933298886,0.004083990434332989,0.064386724809333,0.0002537292038642399,0.068048834184333,0.05071484980933299,0.03753125605933299,0.00042188105933298886,0.00042188105933298886,0.04900586543433299,0.00042188105933298886,0.00042188105933298886,0.00042188105933298886,0.011408209184332989,0.00042188105933298886,0.011652349809332989,-0.03839647831566701,-0.04987108769066701,0.00042188105933298886,-0.01984179081566701,-0.003728509565667011,-0.014958978315667011,0.00042188105933298886,-0.03400194706566701,-0.04108202519066701,0.004083990434332989,0.014582037309332989,0.003351568559332989,0.00042188105933298886,-0.013982415815667011,0.00042188105933298886,0.010675787309332989,0.03435742793433299,0.04119336543433299,0.03045117793433299,0.03069531855933299,0.00042188105933298886,0.00042188105933298886,0.00042188105933298886,0.00042188105933298886,0.00042188105933298886,-0.002507806440667011,0.003107427934332989,0.00042188105933298886,0.013361334184332989,-0.03229296269066701,-0.06036913456566701,-0.062810540815667,-0.04938280644066701,-0.04254686894066701,0.00042188105933298886,0.0002537292038642399,0.00042188105933298886,0.0002537292038642399,-0.04742968144066701,-0.03815233769066701,-0.02960741581566701,-0.02863085331566701,-0.04376757206566701,0.00042188105933298886,-0.04596483769066701,0.00042188105933298886,0.0006660216843329889,0.00042188105933298886,0.00042188105933298886,0.00042188105933298886,0.00042188105933298886,0.05510938105933299,0.069757818559333,0.00042188105933298886,0.03264844355933299,0.00042188105933298886,0.00042188105933298886,0.01897656855933299,0.03508984980933299,0.0009101623093329889,0.00042188105933298886,-0.04620897831566701,-0.02814257206566701,-0.01569140019066701,0.00042188105933298886,-0.05231249394066701,0.00042188105933298886,0.00042188105933298886,-0.04523241581566701,-0.02301561894066701,-0.04132616581566701,0.00042188105933298886,-0.05304491581566701,0.012873052934332989,0.00042188105933298886,0.00042188105933298886,0.00042188105933298886,0.00042188105933298886,0.00042188105933298886,0.00042188105933298886,0.05364453730933299,0.06096875605933299,0.00042188105933298886,0.0002537292038642399,0.0002537292038642399,0.05120313105933299,0.00042188105933298886,0.03508984980933299,0.05242383418433299,0.00042188105933298886,0.00042188105933298886,0.012140631059332989,-0.03302538456566701,-0.02814257206566701,0.00042188105933298886,-0.03156054081566701,-0.05670702519066701,0.00042188105933298886,0.0002537292038642399,-0.04034960331566701,0.00042188105933298886,0.00042188105933298886,0.00042188105933298886,0.00042188105933298886,0.00042188105933298886,0.011408209184332989,-0.0005546814406670111,0.00042188105933298886,-0.03131640019066701,-0.003240228315667011,0.00042188105933298886,0.00042188105933298886,0.05486524043433299,0.03606641230933299,0.00042188105933298886,0.05706250605933299,0.0002537292038642399,0.00042188105933298886,0.0002537292038642399,0.02581250605933299,0.0009101623093329889,0.00042188105933298886,0.00042188105933298886,0.02044141230933299,-0.003972650190667011,0.00042188105933298886,-0.04425585331566701,0.00042188105933298886,0.00042188105933298886,0.00042188105933298886,-0.03693163456566701,0.00042188105933298886,0.00042188105933298886,-0.05890429081566701,0.00042188105933298886,-0.02399218144066701,0.01726758418433299,0.00042188105933298886,0.01775586543433299,-0.03204882206566701,-0.013494134565667011,0.00042188105933298886,0.02825391230933299,0.00042188105933298886,0.02630078730933299,0.00042188105933298886,0.02678906855933299,0.0002537292038642399,0.0002537292038642399,0.00042188105933298886,0.02068555293433299,0.006037115434332989,0.00042188105933298886,0.02996289668433299,0.00042188105933298886,0.00042188105933298886,0.00042188105933298886,0.00042188105933298886,0.00042188105933298886,-0.02374804081566701,-0.003484368940667011,-0.069402337690667,0.00042188105933298886,0.0002537292038642399,0.00042188105933298886,0.00042188105933298886,0.007501959184332989,-0.066472650190667,0.0002537292038642399,0.00042188105933298886,0.014582037309332989,0.02483594355933299,0.007990240434332989,0.00042188105933298886,-0.006902337690667011,0.00042188105933298886,0.05584180293433299,0.00042188105933298886,0.06023633418433299,0.04461133418433299,0.00042188105933298886,0.00042188105933298886,0.00042188105933298886,0.00042188105933298886,0.03435742793433299,0.00042188105933298886,0.00042188105933298886,0.009699224809332989,-0.013005853315667011,0.00042188105933298886,-0.03278124394066701,-0.04962694706566701,-0.05573046269066701,0.00042188105933298886,-0.06061327519066701,0.0002537292038642399,0.00042188105933298886,0.00042188105933298886,0.0002537292038642399,0.0002537292038642399,0.00042188105933298886,-0.04791796269066701,-0.01642382206566701,-0.011785150190667011,0.00042188105933298886,-0.005437493940667011,-0.003240228315667011,0.00042188105933298886,0.00042188105933298886,0.00042188105933298886,0.00042188105933298886,0.00042188105933298886,0.062921881059333,0.06170117793433299,0.00042188105933298886,0.068048834184333,0.04851758418433299,0.00042188105933298886,0.00042188105933298886,0.04046094355933299,0.00042188105933298886,0.009455084184332989,-0.03986132206566701,-0.04034960331566701,0.00042188105933298886,-0.02545702519066701,-0.04669725956566701,-0.065496087690667,0.00042188105933298886,0.00042188105933298886,0.00042188105933298886,-0.05060350956566701,-0.04865038456566701,0.00042188105933298886,0.00042188105933298886,0.00042188105933298886,0.00042188105933298886,0.00042188105933298886,0.00042188105933298886,0.00042188105933298886,0.00042188105933298886,0.03386914668433299,0.04436719355933299,0.069513677934333,0.00042188105933298886,0.0002537292038642399,0.05803906855933299,0.05657422480933299,0.00042188105933298886,0.00042188105933298886,0.00042188105933298886,0.06194531855933299,0.02410352168433299,0.002619146684332989,0.00042188105933298886,-0.011785150190667011,-0.03229296269066701,-0.03571093144066701,0.00042188105933298886,-0.05133593144066701,0.00042188105933298886,0.00042188105933298886,-0.067449212690667,0.00042188105933298886,0.00042188105933298886,0.00042188105933298886,0.00042188105933298886,-0.05402147831566701,0.01726758418433299,-0.012029290815667011,0.00042188105933298886,0.00042188105933298886,0.014826177934332989,0.00042188105933298886,0.04070508418433299,0.04094922480933299,0.00042188105933298886,0.05657422480933299,0.067560552934333,0.00042188105933298886,0.0002537292038642399,0.00042188105933298886,0.067072271684333,0.00042188105933298886,0.02312695918433299,0.03069531855933299,0.00042188105933298886,0.00042188105933298886,0.00042188105933298886,0.00042188105933298886,0.00042188105933298886,-0.06110155644066701,0.00042188105933298886,0.00042188105933298886,0.0002537292038642399,0.0002537292038642399,0.00042188105933298886,-0.064275384565667,-0.03302538456566701,-0.04230272831566701,0.00042188105933298886,-0.06012499394066701,0.00042188105933298886,0.00042188105933298886,0.013117193559332989,0.013605474809332989,0.00042188105933298886,0.002863287309332989,0.008478521684332989,0.03875195918433299,0.00042188105933298886,0.066583990434333,0.04754102168433299,0.00042188105933298886,0.00042188105933298886,0.05095899043433299,0.00042188105933298886,0.00042188105933298886,0.00042188105933298886,0.015314459184332989,0.00042188105933298886,-0.005925775190667011,-0.02179491581566701,0.00042188105933298886,0.00042188105933298886,-0.04962694706566701,0.00042188105933298886,-0.05963671269066701,-0.067937493940667,-0.06158983769066701,0.00042188105933298886,-0.06207811894066701,0.0002537292038642399,-0.05231249394066701,0.00042188105933298886,0.00042188105933298886,-0.01593554081566701,0.00042188105933298886,-0.02692186894066701,0.03069531855933299,0.00042188105933298886,0.00042188105933298886,0.00042188105933298886,0.00042188105933298886,0.00042188105933298886,0.00042188105933298886,0.0002537292038642399,0.00042188105933298886,0.06194531855933299,0.05364453730933299,0.00042188105933298886,0.04754102168433299,0.05950391230933299,0.00042188105933298886,0.04827344355933299,0.00042188105933298886,-0.006902337690667011,0.00042188105933298886,-0.0012871033156670111,-0.04059374394066701,-0.067205072065667,0.00042188105933298886,0.0002537292038642399,-0.05499804081566701,0.00042188105933298886,0.00042188105933298886,-0.04742968144066701,0.00042188105933298886,0.00042188105933298886,0.00042188105933298886,0.00042188105933298886,0.00042188105933298886,-0.02863085331566701,0.00042188105933298886,-0.012517572065667011,0.05340039668433299,0.03582227168433299,0.00042188105933298886,0.00042188105933298886,0.05413281855933299,0.0002537292038642399,0.00042188105933298886,0.0002537292038642399,0.04094922480933299,0.04900586543433299,0.066828131059333,0.00042188105933298886,0.04705274043433299,0.00042188105933298886,-0.02374804081566701,0.00042188105933298886,-0.03131640019066701,-0.008367181440667011,-0.02277147831566701,0.00042188105933298886,0.00042188105933298886,0.00042188105933298886,0.00042188105933298886,-0.05133593144066701,0.00042188105933298886,0.00042188105933298886,-0.05231249394066701,-0.05670702519066701,0.00042188105933298886,-0.02374804081566701,0.003595709184332989,-0.03839647831566701,0.00042188105933298886,-0.002019525190667011,0.00042188105933298886,0.00042188105933298886,0.03264844355933299,0.010187506059332989,0.00042188105933298886,0.008966802934332989,0.0002537292038642399,0.0002537292038642399,0.0002537292038642399,0.00042188105933298886,0.009699224809332989,0.00042188105933298886,0.00042188105933298886,0.00042188105933298886,0.00042188105933298886,0.00042188105933298886,-0.04840624394066701,0.00042188105933298886,0.0011543029343329889,-0.008855462690667011,-0.05475390019066701,0.00042188105933298886,0.00042188105933298886,0.0002537292038642399,-0.03449022831566701,0.00042188105933298886,-0.02570116581566701,0.0002537292038642399,0.00042188105933298886,0.0002537292038642399,0.005792974809332989,0.00042188105933298886,0.02190625605933299,0.00042188105933298886,0.00042188105933298886,-0.003240228315667011,0.03533399043433299,0.00042188105933298886,0.06121289668433299,0.00042188105933298886,0.00042188105933298886,0.00042188105933298886,0.00042188105933298886,0.00042188105933298886,0.00042188105933298886,0.03801953730933299,0.03142774043433299,0.00042188105933298886,0.04607617793433299,0.011164068559332989,-0.02521288456566701,0.00042188105933298886,0.00042188105933298886,0.00042188105933298886,0.00042188105933298886,-0.03815233769066701,0.00042188105933298886,0.0002537292038642399,-0.05841600956566701,-0.04547655644066701,-0.04572069706566701,-0.05548632206566701,-0.064763665815667,0.00042188105933298886,-0.05817186894066701,0.003107427934332989,0.00042188105933298886,0.00042188105933298886,0.00042188105933298886,0.00042188105933298886,0.03216016230933299,0.05413281855933299,0.05974805293433299,0.05047070918433299,0.00042188105933298886,0.04461133418433299,0.0002537292038642399,0.00042188105933298886,0.06145703730933299,0.05462109980933299,0.04876172480933299,0.04778516230933299,0.04509961543433299,0.00042188105933298886,0.02776563105933299,-0.01691210331566701,-0.03497850956566701,0.00042188105933298886,-0.03571093144066701,-0.04034960331566701,-0.05499804081566701,0.00042188105933298886,0.00042188105933298886,0.00042188105933298886,0.00042188105933298886,-0.062566400190667,-0.067937493940667,0.00042188105933298886,0.00042188105933298886,-0.03693163456566701,-0.01740038456566701,-0.02472460331566701,-0.011785150190667011,0.012873052934332989,0.02630078730933299,0.00042188105933298886,0.02483594355933299,0.01653516230933299,0.00042188105933298886,0.067560552934333,0.0002537292038642399,0.0002537292038642399,0.064875006059333,0.05608594355933299,0.00042188105933298886,0.05047070918433299,0.05047070918433299,0.05144727168433299,0.00042188105933298886,-0.009587884565667011,0.00042188105933298886,0.00042188105933298886,0.00042188105933298886,-0.01617968144066701,-0.04010546269066701,0.00042188105933298886,-0.062810540815667,0.0002537292038642399,0.00042188105933298886,-0.02081835331566701,-0.03937304081566701,-0.062810540815667,0.00042188105933298886,0.0002537292038642399,0.0011543029343329889,0.02898633418433299,0.02068555293433299,-0.01569140019066701,0.00042188105933298886,-0.009099603315667011,0.04607617793433299,0.00042188105933298886,0.0002537292038642399,0.0002537292038642399,0.015314459184332989,0.00042188105933298886,0.00042188105933298886,0.00042188105933298886,0.00042188105933298886,0.00042188105933298886,0.008234381059332989,0.02849805293433299,0.06243359980933299,0.00042188105933298886,0.066339849809333,-0.03668749394066701,-0.05768358769066701,-0.03839647831566701,-0.006902337690667011,0.00042188105933298886,-0.05768358769066701,0.0002537292038642399,0.00042188105933298886,0.0002537292038642399,-0.03790819706566701,-0.02863085331566701,-0.065496087690667,0.0002537292038642399,0.0002537292038642399,0.00042188105933298886,0.011652349809332989,0.00042188105933298886,0.00042188105933298886,0.00042188105933298886,0.00042188105933298886,0.02630078730933299,0.04558789668433299,0.03801953730933299,0.00042188105933298886,0.02337109980933299,0.00042188105933298886,0.0002537292038642399,0.0002537292038642399,0.068537115434333,0.04290234980933299,0.03411328730933299,0.00042188105933298886,0.04461133418433299,0.05437695918433299,0.02532422480933299,0.00042188105933298886,-0.01740038456566701,-0.02814257206566701,-0.02228319706566701,-0.01569140019066701,-0.04401171269066701,0.00042188105933298886,0.0002537292038642399,0.00042188105933298886,0.00042188105933298886,0.00042188105933298886,0.00042188105933298886,-0.068425775190667,0.00042188105933298886,-0.03107225956566701,0.013605474809332989,0.02508008418433299,0.003351568559332989,-0.02985155644066701,-0.01764452519066701,0.02727734980933299,0.00042188105933298886,0.00042188105933298886,0.067560552934333,0.03728711543433299,0.04192578730933299,0.05584180293433299,0.0002537292038642399,0.0002537292038642399,0.0002537292038642399,0.00042188105933298886,0.0002537292038642399,0.00042188105933298886,0.0002537292038642399,0.0002537292038642399,0.00042188105933298886,0.00042188105933298886,0.00042188105933298886,-0.01740038456566701,-0.01593554081566701,0.00042188105933298886,-0.02594530644066701,0.00042188105933298886,-0.068425775190667,0.00042188105933298886,0.0002537292038642399,0.0002537292038642399,0.0002537292038642399,-0.06134569706566701,-0.05182421269066701,-0.05158007206566701,-0.04767382206566701,0.00042188105933298886,-0.005193353315667011,0.00042188105933298886,-0.03912890019066701,-0.02667772831566701,0.008722662309332989,0.03508984980933299,0.02776563105933299,-0.01666796269066701,0.00042188105933298886,0.00042188105933298886,0.00042188105933298886,0.00042188105933298886,0.00042188105933298886,-0.005193353315667011,-0.01935350956566701,0.01995313105933299,0.00042188105933298886,0.04754102168433299,0.005548834184332989,-0.03717577519066701,-0.04840624394066701,-0.02399218144066701,0.00042188105933298886,0.00042188105933298886,-0.01740038456566701,-0.05670702519066701,-0.05890429081566701,-0.04913866581566701,-0.03619921269066701,-0.03522265019066701,0.00042188105933298886,-0.03815233769066701,-0.04034960331566701,0.00042188105933298886,-0.006658197065667011,0.00042188105933298886,0.00042188105933298886,0.00042188105933298886,0.00042188105933298886,0.01653516230933299,0.04802930293433299,0.00042188105933298886,0.04973828730933299,-0.003728509565667011,0.00042188105933298886,0.04632031855933299,0.0002537292038642399,0.062921881059333,0.01946484980933299,0.00042188105933298886,-0.01666796269066701,0.03753125605933299,0.065119146684333,0.04680859980933299,0.00042188105933298886,-0.02179491581566701,-0.014714837690667011,0.00042188105933298886,0.05217969355933299,0.03655469355933299,-0.009343743940667011,0.00042188105933298886,-0.04889452519066701,0.00042188105933298886,0.00042188105933298886,0.00042188105933298886,0.00042188105933298886,-0.01862108769066701,0.00042188105933298886,-0.03180468144066701,-0.002996087690667011,0.014093756059332989,0.01775586543433299,0.006525396684332989,0.00042188105933298886,-0.010076165815667011,0.00042188105933298886,-0.003484368940667011,0.004572271684332989,0.00042188105933298886,0.012384771684332989,0.002130865434332989,-0.01837694706566701,-0.03180468144066701,-0.01813280644066701,0.006769537309332989,0.00042188105933298886,0.00042188105933298886,0.007746099809332989,0.00042188105933298886,0.00042188105933298886,0.00042188105933298886,0.00042188105933298886,0.0018867248093329889,-0.013249993940667011,-0.01569140019066701,-0.011296868940667011,0.00042188105933298886,-0.01617968144066701,-0.01764452519066701,0.00042188105933298886,-0.009832025190667011,0.0006660216843329889,-0.005193353315667011,-0.011541009565667011,-0.008611322065667011,0.002863287309332989,0.00042188105933298886,0.009210943559332989,0.003839849809332989,0.00042188105933298886,-0.005925775190667011,-0.0010429626906670111,0.011408209184332989,0.00042188105933298886,0.00042188105933298886,0.00042188105933298886,0.00042188105933298886,0.00042188105933298886,0.011652349809332989,0.00042188105933298886,0.013361334184332989,0.013361334184332989,0.013117193559332989,0.007257818559332989,-0.005437493940667011,0.00042188105933298886,-0.007878900190667011,0.02532422480933299,0.00042188105933298886,0.010919927934332989,-0.004949212690667011,-0.008855462690667011,0.00042188105933298886,0.00042188105933298886,0.02361524043433299,0.02141797480933299,0.007013677934332989,-0.007390618940667011,0.00042188105933298886,-0.002996087690667011,0.00042188105933298886,0.00042188105933298886,0.00042188105933298886,0.00042188105933298886,-0.02057421269066701,0.008478521684332989,0.04802930293433299,0.05462109980933299,0.00042188105933298886,0.00042188105933298886,0.0002537292038642399,-0.05548632206566701,0.012384771684332989,0.04119336543433299,0.00042188105933298886,0.002619146684332989,0.0002537292038642399,-0.06036913456566701,-0.005193353315667011,0.00042188105933298886,0.00042188105933298886,0.002375006059332989,-0.03693163456566701,-0.02179491581566701,0.006281256059332989,0.03069531855933299,0.02825391230933299,0.00042188105933298886,0.00042188105933298886,0.00042188105933298886,0.00042188105933298886,0.00042188105933298886,0.011652349809332989,-0.004949212690667011,0.010675787309332989,0.03020703730933299,0.00042188105933298886,0.03899609980933299,0.02141797480933299,0.02166211543433299,0.015070318559332989,0.00042188105933298886,0.01824414668433299,0.02752149043433299,0.02166211543433299,0.00042188105933298886,0.0016425841843329889,-0.004949212690667011,0.011652349809332989,0.02385938105933299,0.01848828730933299,0.00042188105933298886,-0.01691210331566701,0.00042188105933298886,0.00042188105933298886,0.00042188105933298886,0.00042188105933298886,-0.002019525190667011,-0.0017753845656670111,-0.006169915815667011,-0.012029290815667011,0.00042188105933298886,0.00042188105933298886,-0.005193353315667011,-0.004705072065667011,-0.008611322065667011,-0.013249993940667011,0.00042188105933298886,-0.009832025190667011,-0.008367181440667011,-0.005925775190667011,0.010187506059332989,0.00042188105933298886,-6.640019066701114e-05,-0.03009569706566701,-0.03546679081566701,-0.015203118940667011,-0.00031054081566701114,0.00042188105933298886,-0.002507806440667011,0.00042188105933298886,0.00042188105933298886,0.00042188105933298886,0.00042188105933298886,0.00042188105933298886,-0.01740038456566701,-0.03619921269066701,-0.03375780644066701,-0.014226556440667011,-0.013005853315667011,0.00042188105933298886,-0.01593554081566701,-0.04303515019066701,-0.05988085331566701,0.00042188105933298886,-0.02033007206566701,-0.005681634565667011,-0.006658197065667011,-0.03058397831566701,-0.05768358769066701,0.00042188105933298886,-0.04718554081566701,0.004328131059332989,-0.004460931440667011,0.00042188105933298886,-0.03815233769066701,0.00042188105933298886,0.00042188105933298886,0.00042188105933298886,0.00042188105933298886,0.02092969355933299,0.00017774043433298886,-0.03107225956566701,-0.02765429081566701,0.00042188105933298886,0.02678906855933299,0.00042188105933298886,-0.008611322065667011,-0.01935350956566701,-0.004216790815667011,0.02385938105933299,0.03289258418433299,0.007746099809332989,0.00042188105933298886,-0.02594530644066701,0.00042188105933298886,0.03557813105933299,0.05413281855933299,0.04680859980933299,0.012140631059332989,-0.013249993940667011,0.00042188105933298886,0.02727734980933299,0.00042188105933298886,0.00042188105933298886,0.00042188105933298886,0.00042188105933298886,-0.02277147831566701,0.00042188105933298886,0.04900586543433299,0.066828131059333,0.03826367793433299,-0.012761712690667011,-0.04157030644066701,-0.03156054081566701,0.010431646684332989,0.00042188105933298886,0.04339063105933299,0.00042188105933298886,-0.069158197065667,-0.04791796269066701,0.011164068559332989,0.05559766230933299,0.02923047480933299,-0.02985155644066701,-0.05231249394066701,0.00042188105933298886,0.02800977168433299,0.00042188105933298886,0.00042188105933298886,0.00042188105933298886,0.00042188105933298886,0.00042188105933298886,0.02776563105933299,0.05730664668433299,0.04778516230933299,0.00042188105933298886,0.00042188105933298886,-0.03326952519066701,0.009699224809332989,0.064630865434333,0.067560552934333,0.015558599809332989,-0.03522265019066701,-0.03326952519066701,0.00042188105933298886,0.01629102168433299,0.00042188105933298886,0.011652349809332989,-0.04059374394066701,-0.05695116581566701,-0.02374804081566701,0.02141797480933299,0.02971875605933299,-0.005193353315667011,0.00042188105933298886,0.00042188105933298886,0.00042188105933298886,0.00042188105933298886,0.00042188105933298886,0.00042188105933298886,-0.03058397831566701,-0.02814257206566701,0.002619146684332989,0.01604688105933299,0.007746099809332989,-0.0012871033156670111,-0.006169915815667011,0.00042188105933298886,0.013361334184332989,0.00042188105933298886,0.002130865434332989,-0.015447259565667011,-0.005193353315667011,0.010431646684332989,0.015558599809332989,0.01702344355933299,0.00042188105933298886,0.008966802934332989,-0.03278124394066701,0.00042188105933298886,0.03362500605933299,0.00042188105933298886,0.00042188105933298886,0.00042188105933298886,0.00042188105933298886,-0.008123040815667011,0.00042188105933298886,0.03020703730933299,0.01726758418433299,0.00042188105933298886,-0.004460931440667011,0.00042188105933298886,-0.011296868940667011,0.01604688105933299,0.02727734980933299,0.015070318559332989,-0.00031054081566701114,0.007257818559332989,0.00042188105933298886,0.013361334184332989,0.00042188105933298886,0.012384771684332989,0.02019727168433299,0.012628912309332989,0.013117193559332989,0.00042188105933298886,0.007501959184332989,-0.011052728315667011,0.00042188105933298886,0.00042188105933298886,0.00042188105933298886,0.00042188105933298886,0.00042188105933298886,-0.02228319706566701,-0.04425585331566701,0.00042188105933298886,0.002375006059332989,0.007501959184332989,-0.02179491581566701,-0.03912890019066701,-0.02179491581566701,-0.01691210331566701,0.00042188105933298886,-0.02716600956566701,0.00042188105933298886,0.004572271684332989,-0.012517572065667011,-0.02741015019066701,0.00042188105933298886,-0.009587884565667011,-0.02033007206566701,-0.02033007206566701,-0.007878900190667011,0.00042188105933298886,-0.014958978315667011,0.00042188105933298886,0.00042188105933298886,0.00042188105933298886,0.00042188105933298886,-0.02960741581566701,0.005304693559332989,-0.007390618940667011,-0.02814257206566701,0.00042188105933298886,0.00042188105933298886,-0.010564447065667011,-0.02692186894066701,-0.03033983769066701,-0.007390618940667011,0.010431646684332989,0.002130865434332989,-0.014226556440667011,0.00042188105933298886,0.002863287309332989,0.00042188105933298886,-0.007878900190667011,-0.004216790815667011,0.011896490434332989,0.01677930293433299,0.005060552934332989,-0.0015312439406670111,0.00042188105933298886,0.00042188105933298886,0.00042188105933298886,0.00042188105933298886,0.00042188105933298886,0.00042188105933298886,0.03460156855933299,-0.0010429626906670111,-0.003728509565667011,0.01995313105933299,0.03679883418433299,0.00042188105933298886,0.02996289668433299,0.008722662309332989,0.02068555293433299,0.00042188105933298886,0.03142774043433299,0.015558599809332989,0.014826177934332989,0.00042188105933298886,0.02019727168433299,0.01995313105933299,0.01580274043433299,0.02312695918433299,0.02263867793433299,0.00042188105933298886,0.013849615434332989,0.00042188105933298886,0.00042188105933298886,0.00042188105933298886,0.00042188105933298886,0.006769537309332989,0.02141797480933299,0.02385938105933299,0.005792974809332989,0.00042188105933298886,0.00042188105933298886,-0.01935350956566701,0.011408209184332989,-0.0005546814406670111,-0.014714837690667011,-0.013494134565667011,0.003351568559332989,0.00042188105933298886,-0.0010429626906670111,-0.012761712690667011,0.00042188105933298886,0.010187506059332989,0.012140631059332989,0.005548834184332989,-0.0007988220656670111,0.00042188105933298886,-0.002507806440667011,-0.002996087690667011,0.00042188105933298886,0.00042188105933298886,0.00042188105933298886,0.00042188105933298886,-0.02130663456566701,0.00042188105933298886,-0.01691210331566701,0.003839849809332989,0.003107427934332989,-0.01740038456566701,-0.04254686894066701,-0.04376757206566701,0.00042188105933298886,0.007501959184332989,0.00042188105933298886,-0.02667772831566701,-0.04645311894066701,-0.04352343144066701,-0.01862108769066701,0.00042188105933298886,-0.00031054081566701114,-0.01642382206566701,-0.03449022831566701,-0.04181444706566701,0.00042188105933298886,-0.002263665815667011,0.00042188105933298886,0.00042188105933298886,0.00042188105933298886,0.00042188105933298886,-0.02008593144066701,0.007746099809332989,0.02434766230933299,0.012384771684332989,0.00042188105933298886,0.00042188105933298886,-0.009587884565667011,0.006769537309332989,0.02874219355933299,0.03020703730933299,0.005792974809332989,-0.01715624394066701,0.00042188105933298886,0.011652349809332989,0.03777539668433299,0.00042188105933298886,0.02166211543433299,-0.009832025190667011,-0.011785150190667011,0.00042188105933298886,0.014337896684332989,0.03655469355933299,0.01995313105933299,0.00042188105933298886,0.00042188105933298886,0.00042188105933298886,0.00042188105933298886,0.013117193559332989,0.00042188105933298886,0.005304693559332989,0.012384771684332989,0.01604688105933299,0.003351568559332989,-0.013005853315667011,0.00042188105933298886,-0.02179491581566701,-0.0010429626906670111,0.00042188105933298886,-0.003972650190667011,-0.01984179081566701,-0.02863085331566701,-0.02594530644066701,0.00042188105933298886,-0.013494134565667011,-0.005681634565667011,0.00017774043433298886,-0.004949212690667011,0.00042188105933298886,-0.008611322065667011,0.00042188105933298886,0.00042188105933298886,0.00042188105933298886,0.00042188105933298886,-0.007146478315667011,-0.005681634565667011,0.01970899043433299,0.04119336543433299,0.00042188105933298886,0.00042188105933298886,-0.003240228315667011,0.0009101623093329889,0.015314459184332989,0.02678906855933299,0.02215039668433299,0.00042188105933298886,0.008966802934332989,-0.02594530644066701,-0.008855462690667011,0.00042188105933298886,-0.004216790815667011,-0.03082811894066701,-0.05231249394066701,0.00042188105933298886,-0.04401171269066701,0.003107427934332989,0.0016425841843329889,0.00042188105933298886,0.00042188105933298886,0.00042188105933298886,0.00042188105933298886,0.00042188105933298886,-0.013005853315667011,-0.007634759565667011,0.0009101623093329889,0.003351568559332989,-0.007390618940667011,0.00042188105933298886,-0.004705072065667011,0.01873242793433299,0.03655469355933299,0.00042188105933298886,0.02556836543433299,0.02263867793433299,0.00042188105933298886,0.03338086543433299,0.05388867793433299,0.04949414668433299,0.03338086543433299,0.01946484980933299,0.01629102168433299,0.00042188105933298886,0.04485547480933299,0.00042188105933298886,0.00042188105933298886,0.00042188105933298886,0.00042188105933298886,0.0018867248093329889,0.01751172480933299,0.007501959184332989,0.00042188105933298886,-0.04108202519066701,0.00042188105933298886,-0.03912890019066701,-0.01935350956566701,-0.012517572065667011,-0.02448046269066701,0.00042188105933298886,-0.03693163456566701,-0.03278124394066701,-0.01715624394066701,-0.0012871033156670111,0.00042188105933298886,-0.010808587690667011,-0.003240228315667011,0.00042188105933298886,0.03460156855933299,0.03972852168433299,0.03020703730933299,0.02215039668433299,0.00042188105933298886,0.00042188105933298886,0.00042188105933298886,0.00042188105933298886,0.00042188105933298886,0.02459180293433299,0.01677930293433299,0.0018867248093329889,-0.002996087690667011,0.007013677934332989,0.00042188105933298886,-0.0010429626906670111,-0.03278124394066701,-0.04279100956566701,0.00042188105933298886,0.00042188105933298886,-0.010564447065667011,-0.04205858769066701,-0.067693353315667,0.00042188105933298886,-0.04474413456566701,-0.03302538456566701,-0.02887499394066701,-0.02594530644066701,0.00042188105933298886,0.00042188105933298886,-0.01959765019066701,0.00042188105933298886,0.00042188105933298886,0.00042188105933298886,0.012140631059332989,0.00042188105933298886,0.012140631059332989,0.03460156855933299,0.03801953730933299,0.00042188105933298886,0.02752149043433299,0.015558599809332989,0.00042188105933298886,0.02117383418433299,0.03167188105933299,0.02288281855933299,0.00042188105933298886,-0.011296868940667011,0.00042188105933298886,0.010187506059332989,0.00042188105933298886,-0.02130663456566701,-0.03790819706566701,-0.03961718144066701,-0.02521288456566701,0.00042188105933298886,-0.02911913456566701,0.00042188105933298886,0.00042188105933298886,0.00042188105933298886,0.00042188105933298886,-0.02594530644066701,0.00042188105933298886,0.014582037309332989,0.010675787309332989,0.005304693559332989,0.010919927934332989,0.02434766230933299,0.00042188105933298886,0.04754102168433299,0.05388867793433299,0.00042188105933298886,0.04900586543433299,0.04192578730933299,0.03704297480933299,0.03460156855933299,0.00042188105933298886,0.03972852168433299,0.03484570918433299,0.02215039668433299,0.014093756059332989,0.00042188105933298886,0.010187506059332989,0.00042188105933298886,0.00042188105933298886,0.00042188105933298886,0.00042188105933298886,-0.01886522831566701,-0.01862108769066701,0.00042188105933298886,-0.062810540815667,-0.05328905644066701,0.00042188105933298886,-0.004216790815667011,-0.007878900190667011,-0.014470697065667011,0.00042188105933298886,0.007501959184332989,0.009699224809332989,0.002130865434332989,-0.00031054081566701114,0.012628912309332989,0.00042188105933298886,0.03533399043433299,0.00042188105933298886,0.01702344355933299,0.007013677934332989,0.005304693559332989,0.010675787309332989,0.010919927934332989,0.00042188105933298886,0.00042188105933298886,0.00042188105933298886,0.00042188105933298886,0.00042188105933298886,-0.03278124394066701,-0.02789843144066701,-0.01886522831566701,-0.02496874394066701,0.00042188105933298886,-0.04352343144066701,-0.03253710331566701,-0.02106249394066701,-0.010564447065667011,0.00042188105933298886,0.00042188105933298886,0.00042188105933298886,-0.002019525190667011,-0.002996087690667011,0.009699224809332989,0.02727734980933299,0.03557813105933299,0.03191602168433299,0.02288281855933299,0.00042188105933298886,0.00042188105933298886,0.008234381059332989,0.00042188105933298886,0.00042188105933298886,0.00042188105933298886,0.02678906855933299,0.004816412309332989,0.00042188105933298886,-0.011541009565667011,-0.010320306440667011,0.00042188105933298886,-0.01886522831566701,-0.02985155644066701,-0.03180468144066701,0.00042188105933298886,-0.02863085331566701,-0.014226556440667011,-0.007634759565667011,-0.004460931440667011,-0.0007988220656670111,0.00042188105933298886,-0.006902337690667011,0.00042188105933298886,0.008966802934332989,0.01922070918433299,0.03460156855933299,0.04607617793433299,0.03753125605933299,0.00042188105933298886,0.00042188105933298886,0.00042188105933298886,0.00042188105933298886,0.00042188105933298886,0.013361334184332989,0.003595709184332989,0.0013984435593329889,0.00042188105933298886,-0.002507806440667011,-0.010076165815667011,-0.02374804081566701,-0.02765429081566701,-0.02448046269066701,0.00042188105933298886,-0.03009569706566701,0.00042188105933298886,-0.02496874394066701,-0.03253710331566701,-0.03156054081566701,-0.002019525190667011,0.01897656855933299,0.008478521684332989,0.00042188105933298886,-0.006658197065667011,0.00042188105933298886,0.03655469355933299,0.00042188105933298886,0.00042188105933298886,0.00042188105933298886,-0.010808587690667011,0.0018867248093329889,0.00042188105933298886,0.02556836543433299,0.008234381059332989,0.00042188105933298886,-0.01593554081566701,-0.006658197065667011,0.00042188105933298886,0.003839849809332989,-0.002263665815667011,-0.02472460331566701,-0.03400194706566701,-0.013738275190667011,0.004572271684332989,0.00042188105933298886,-0.008611322065667011,0.00042188105933298886,0.00017774043433298886,0.01726758418433299,0.02459180293433299,0.02312695918433299,0.02459180293433299,0.00042188105933298886,0.00042188105933298886,0.00042188105933298886,0.00042188105933298886,0.00042188105933298886,0.003595709184332989,-0.004216790815667011,-0.003972650190667011,-0.002996087690667011,0.00042188105933298886,-0.01666796269066701,-0.02472460331566701,-0.03107225956566701,-0.04157030644066701,0.00042188105933298886,-0.03912890019066701,-0.015447259565667011,0.00042188105933298886,-0.02374804081566701,-0.04376757206566701,-0.03278124394066701,0.0013984435593329889,0.02556836543433299,0.02215039668433299,0.00042188105933298886,0.00042188105933298886,0.02483594355933299,0.00042188105933298886,0.00042188105933298886,0.00042188105933298886,0.010431646684332989,-6.640019066701114e-05,0.0013984435593329889,0.00042188105933298886,0.02385938105933299,0.00042188105933298886,-0.01666796269066701,-0.03522265019066701,-0.03058397831566701,-0.012761712690667011,0.00042188105933298886,0.00042188105933298886,-0.02814257206566701,-0.03400194706566701,-0.02838671269066701,0.00042188105933298886,-0.0012871033156670111,0.0016425841843329889,-0.0005546814406670111,0.00042188105933298886,0.02337109980933299,0.02825391230933299,0.014582037309332989,0.00042188105933298886,0.00042188105933298886,0.00042188105933298886,0.00042188105933298886,0.00042188105933298886,0.009943365434332989,0.010675787309332989,0.010675787309332989,-6.640019066701114e-05,-0.013738275190667011,0.00042188105933298886,-0.002263665815667011,-0.01740038456566701,-0.04327929081566701,0.00042188105933298886,-0.02789843144066701,-0.005193353315667011,-0.0005546814406670111,0.00042188105933298886,-0.005193353315667011,0.008966802934332989,0.01775586543433299,0.012384771684332989,0.011652349809332989,0.00042188105933298886,0.05120313105933299,0.00042188105933298886,0.00042188105933298886,0.00042188105933298886,0.00042188105933298886,0.02166211543433299,0.01775586543433299,-0.012761712690667011,-0.02936327519066701,0.00042188105933298886,0.00042188105933298886,0.005060552934332989,-0.03326952519066701,-0.05670702519066701,-0.04865038456566701,-0.02521288456566701,-0.013738275190667011,0.00042188105933298886,-0.02643358769066701,-0.01715624394066701,0.00042188105933298886,0.02068555293433299,0.01873242793433299,0.01604688105933299,0.00042188105933298886,0.01751172480933299,0.011164068559332989,0.004816412309332989,0.00042188105933298886,0.00042188105933298886,0.00042188105933298886,0.00042188105933298886,-0.014714837690667011,0.00042188105933298886,0.008722662309332989,-6.640019066701114e-05,-0.02936327519066701,-0.04694140019066701,-0.03644335331566701,-0.014714837690667011,-0.009587884565667011,0.00042188105933298886,0.00042188105933298886,-0.009099603315667011,0.013849615434332989,0.01824414668433299,0.012628912309332989,0.01580274043433299,0.03020703730933299,0.00042188105933298886,0.04290234980933299,0.03069531855933299,0.00042188105933298886,0.015314459184332989,0.00042188105933298886,0.00042188105933298886,0.00042188105933298886,-0.01715624394066701,0.00042188105933298886,-0.002751947065667011,-0.003728509565667011,-0.015447259565667011,0.00042188105933298886,-0.04962694706566701,-0.03839647831566701,-0.01569140019066701,0.00042188105933298886,0.008722662309332989,0.007257818559332989,0.009699224809332989,0.013361334184332989,0.011652349809332989,0.00042188105933298886,0.03118359980933299,0.04436719355933299,0.011896490434332989,0.00042188105933298886,-0.013494134565667011,-0.007878900190667011,0.01995313105933299,0.00042188105933298886,0.00042188105933298886,0.00042188105933298886,0.00042188105933298886,0.00042188105933298886,-0.02130663456566701,-0.01569140019066701,-0.008123040815667011,-0.004949212690667011,-0.011541009565667011,0.00042188105933298886,-0.014714837690667011,0.0009101623093329889,0.014337896684332989,0.00042188105933298886,0.012384771684332989,0.01922070918433299,0.03313672480933299,0.00042188105933298886,0.006769537309332989,-0.01691210331566701,-0.012517572065667011,0.007013677934332989,0.008966802934332989,0.00042188105933298886,-0.04938280644066701,0.00042188105933298886,0.00042188105933298886,0.00042188105933298886,0.00042188105933298886,0.007257818559332989,0.01604688105933299,0.00042188105933298886,-0.02472460331566701,-0.02374804081566701,0.00042188105933298886,0.00042188105933298886,0.04265820918433299,0.03850781855933299,0.03557813105933299,0.02361524043433299,0.00042188105933298886,-0.012517572065667011,-0.004216790815667011,0.004572271684332989,0.00042188105933298886,0.00042188105933298886,-0.01910936894066701,-0.005437493940667011,-0.009099603315667011,-0.04230272831566701,0.00042188105933298886,-0.05792772831566701,0.00042188105933298886,0.00042188105933298886,0.00042188105933298886,0.00042188105933298886,0.00042188105933298886,0.00042188105933298886,0.03362500605933299,0.002130865434332989,-0.05426561894066701,-0.05060350956566701,0.013849615434332989,0.05974805293433299,0.00042188105933298886,0.0006660216843329889,-0.015203118940667011,0.00042188105933298886,0.00042188105933298886,0.0011543029343329889,0.013361334184332989,0.04046094355933299,0.04143750605933299,0.00042188105933298886,-0.03571093144066701,-0.02667772831566701,0.00042188105933298886,0.04314649043433299,0.00042188105933298886,0.00042188105933298886,0.00042188105933298886,0.00042188105933298886,0.00042188105933298886,0.04168164668433299,0.03093945918433299,0.013361334184332989,0.01946484980933299,0.00042188105933298886,0.00042188105933298886,0.03216016230933299,0.03386914668433299,0.00042188105933298886,0.02263867793433299,0.014582037309332989,0.009699224809332989,0.01629102168433299,0.02190625605933299,0.01800000605933299,0.00042188105933298886,0.00042188105933298886,-0.003972650190667011,0.009455084184332989,0.01946484980933299,0.01677930293433299,0.006037115434332989,0.00042188105933298886,0.00042188105933298886,0.00042188105933298886,0.00042188105933298886,0.00042188105933298886,0.013361334184332989,0.002619146684332989,0.0018867248093329889,0.013117193559332989,0.02312695918433299,0.02190625605933299,0.006037115434332989,0.00042188105933298886,0.002130865434332989,0.00042188105933298886,0.011896490434332989,0.011164068559332989,0.004816412309332989,-0.005437493940667011,-0.011785150190667011,-0.011052728315667011,-0.002996087690667011,0.00042188105933298886,0.00042188105933298886,0.00042188105933298886,0.00042188105933298886,0.00042188105933298886
UR5e_W,0.027048276844735583,0.03534905809473558,0.023386167469735583,0.00019280809473558487,0.00019280809473558487,0.00019280809473558487,0.00019280809473558487,0.031198667469735583,0.00019280809473558487,0.013864683094735585,0.00019280809473558487,0.004587339344735585,0.016306089344735583,0.008249448719735585,-0.009084535655264415,0.00019280809473558487,-0.017629457530264417,-0.013723207530264415,-0.003957582530264415,-0.0017603169052644151,0.00019280809473558487,-0.03520758253026442,0.00019280809473558487,-0.03325445753026442,-0.018117738780264417,-0.006887270030264415,-0.009816957530264415,0.00019280809473558487,-0.03349859815526442,0.00019280809473558487,-0.018361879405264417,0.00019280809473558487,-0.026174379405264417,0.00019280809473558487,-0.026418520030264417,-0.016652895030264417,-0.008596254405264415,-0.006398988780264415,-0.014211488780264415,0.00019280809473558487,-0.013723207530264415,0.00019280809473558487,0.002145933094735585,0.00019280809473558487,-0.006643129405264415,-0.012990785655264415,-0.012746645030264415,-0.006887270030264415,0.0014135112197355849,0.0006810893447355849,-0.004201723155264415,0.00019280809473558487,0.00019280809473558487,0.002145933094735585,0.010934995594735585,0.014108823719735585,0.011667417469735585,0.0019017924697355849,0.00019280809473558487,0.006784604969735585,0.013620542469735585,0.017038511219735583,0.00019280809473558487,0.008249448719735585,0.005808042469735585,0.009470151844735585,0.00019280809473558487,0.017038511219735583,0.019724058094735583,0.012888120594735585,0.004343198719735585,0.00043694871973558487,0.00019280809473558487,0.012643979969735585,0.00019280809473558487,0.012888120594735585,0.004587339344735585,-0.004201723155264415,-0.002248598155264415,0.012888120594735585,0.009958433094735585,0.00019280809473558487,-0.0007837544052644151,0.00019280809473558487,-0.0010278950302644151,0.002390073719735585,0.002634214344735585,0.00019280809473558487,0.00019280809473558487,0.00019280809473558487,0.00019280809473558487,0.0016576518447355849,0.00019280809473558487,0.00019280809473558487,-0.005178285655264415,0.0009252299697355849,0.00019280809473558487,-0.002981020030264415,-0.010305238780264415,-0.010793520030264415,-0.005178285655264415,0.002878354969735585,-0.005422426280264415,0.00019280809473558487,0.00019280809473558487,-0.003469301280264415,-0.006398988780264415,-0.007375551280264415,-0.005422426280264415,-0.005910707530264415,-0.004445863780264415,-0.0005396137802644151,0.00019280809473558487,-0.004201723155264415,0.00019280809473558487,0.00019280809473558487,0.00019280809473558487,0.00019280809473558487,0.00019280809473558487,-0.006887270030264415,-0.009572816905264415,-0.007619691905264415,-0.005910707530264415,-0.003713441905264415,0.00019280809473558487,-0.008107973155264415,-0.003469301280264415,0.0019017924697355849,0.00019280809473558487,0.008493589344735585,0.005319761219735585,-0.003957582530264415,-0.007131410655264415,-0.005178285655264415,0.00019280809473558487,0.009470151844735585,-0.003713441905264415,0.00019280809473558487,-0.00029547315526441513,0.003122495594735585,0.00019280809473558487,0.00019280809473558487,0.00019280809473558487,0.00019280809473558487,0.004831479969735585,0.00019280809473558487,0.014597104969735585,0.015573667469735585,0.00019280809473558487,0.00019280809473558487,-0.0017603169052644151,0.013132261219735585,0.026315854969735583,0.026559995594735583,0.002145933094735585,0.00019280809473558487,0.008981870594735585,0.00019280809473558487,0.017526792469735583,0.016550229969735583,0.002878354969735585,-0.012746645030264415,-0.013723207530264415,0.014108823719735585,0.009714292469735585,0.00019280809473558487,0.00019280809473558487,-0.022756410655264417,-0.022023988780264417,-0.0015161762802644151,0.010690854969735585,-0.04179937940526442,-0.06084234815526442,0.00019280809473558487,-0.05791266065526442,-0.03935797315526442,0.00019280809473558487,-0.028371645030264417,-0.05620367628026442,-0.04472906690526442,-0.020315004405264417,0.00019280809473558487,-0.012502504405264415,-0.022268129405264417,-0.04179937940526442,-0.04643805128026442,0.00019280809473558487,0.007761167469735585,0.003122495594735585,0.00019280809473558487,-0.010793520030264415,-0.003225160655264415,0.018991636219735583,0.03315179246973558,0.03656976121973558,0.026071714344735583,0.00019280809473558487,0.00019280809473558487,0.029001401844735583,0.04145257371973558,0.05024163621973558,0.03608147996973558,0.00019280809473558487,0.028513120594735583,0.03168694871973558,0.04120843309473558,0.04926507371973558,0.00019280809473558487,0.00019280809473558487,0.028513120594735583,0.024118589344735583,0.027048276844735583,0.03168694871973558,0.011179136219735585,0.00019280809473558487,0.007028745594735585,0.00019280809473558487,0.00019280809473558487,0.00019280809473558487,0.00019280809473558487,-0.007375551280264415,-0.011525941905264415,-0.002248598155264415,-0.009816957530264415,0.00019280809473558487,-0.018850160655264417,-0.026662660655264417,-0.023732973155264417,-0.014455629405264415,0.00019280809473558487,-0.030080629405264417,-0.03569586378026442,0.00019280809473558487,-0.029348207530264417,-0.021291566905264417,-0.022268129405264417,-0.03301031690526442,-0.030080629405264417,-0.019094301280264417,0.00019280809473558487,0.00019280809473558487,-0.002736879405264415,0.00019280809473558487,0.00019280809473558487,0.00019280809473558487,-0.004934145030264415,0.010446714344735585,0.005319761219735585,0.00043694871973558487,0.00019280809473558487,0.00019280809473558487,0.011423276844735585,0.019968198719735583,0.018503354969735583,0.003854917469735585,0.006540464344735585,0.00019280809473558487,0.009470151844735585,0.021921323719735583,0.029733823719735583,0.00019280809473558487,0.013376401844735585,-0.005422426280264415,-0.0005396137802644151,0.00019280809473558487,0.008249448719735585,0.010446714344735585,0.004587339344735585,0.00019280809473558487,0.00019280809473558487,0.00019280809473558487,0.00019280809473558487,-0.006398988780264415,0.00019280809473558487,-0.016652895030264417,-0.021291566905264417,-0.006398988780264415,0.007028745594735585,0.002390073719735585,-0.021779848155264417,-0.017141176280264417,0.00019280809473558487,0.00019280809473558487,0.00043694871973558487,-0.010061098155264415,-0.020559145030264417,-0.027883363780264417,0.002634214344735585,0.00019280809473558487,0.008249448719735585,0.0011693705947355849,-0.007619691905264415,0.00019280809473558487,0.0019017924697355849,0.012155698719735585,0.010690854969735585,0.004587339344735585,0.00019280809473558487,0.005808042469735585,0.016550229969735583,0.024606870594735583,0.023386167469735583,0.00019280809473558487,0.014841245594735585,0.00019280809473558487,0.021677183094735583,0.014841245594735585,0.012399839344735585,0.011179136219735585,0.015573667469735585,0.024118589344735583,0.00019280809473558487,0.020700620594735583,0.00019280809473558487,-5.133253026441513e-05,-0.005422426280264415,-0.003957582530264415,0.006052183094735585,0.003366636219735585,-0.010305238780264415,0.00019280809473558487,-0.018606020030264417,-0.019582582530264417,0.00019280809473558487,-0.016897035655264417,-0.015676332530264417,-0.018117738780264417,-0.013723207530264415,0.00019280809473558487,-0.005910707530264415,-0.008596254405264415,-0.022023988780264417,-0.030568910655264417,0.00019280809473558487,-0.012014223155264415,-0.010793520030264415,0.00019280809473558487,-0.005910707530264415,-0.003469301280264415,-0.006398988780264415,-0.011281801280264415,-0.022023988780264417,-0.015676332530264417,0.00019280809473558487,0.022409604969735583,0.00019280809473558487,0.019235776844735583,0.0019017924697355849,0.00019280809473558487,0.00019280809473558487,0.00019280809473558487,0.022653745594735583,0.020700620594735583,0.0009252299697355849,0.00019280809473558487,0.020212339344735583,0.00019280809473558487,0.029733823719735583,0.027536558094735583,0.008249448719735585,-0.008840395030264415,0.003854917469735585,0.018503354969735583,0.00019280809473558487,0.020212339344735583,0.00019280809473558487,-0.014211488780264415,-0.012746645030264415,0.009714292469735585,0.012399839344735585,-0.0015161762802644151,0.00019280809473558487,-0.008107973155264415,-0.0017603169052644151,0.00019280809473558487,0.00019280809473558487,0.00019280809473558487,0.00019280809473558487,0.00019280809473558487,-0.015188051280264415,0.012399839344735585,0.021677183094735583,0.00019280809473558487,0.014841245594735585,0.0006810893447355849,-0.005422426280264415,0.0019017924697355849,0.016550229969735583,0.00019280809473558487,-0.0005396137802644151,0.00019280809473558487,0.005075620594735585,0.013620542469735585,0.015573667469735585,0.009226011219735585,0.002878354969735585,0.00043694871973558487,0.00019280809473558487,-0.002004457530264415,0.00019280809473558487,-0.004934145030264415,0.00019280809473558487,0.00019280809473558487,0.00019280809473558487,-0.030324770030264417,-0.03374273878026442,0.00019280809473558487,-0.025930238780264417,-0.018850160655264417,0.00019280809473558487,-0.017873598155264417,-0.028371645030264417,-0.03545172315526442,0.00019280809473558487,-0.027639223155264417,-0.013479066905264415,-0.003957582530264415,-0.005422426280264415,-0.011525941905264415,0.00019280809473558487,-0.010061098155264415,0.00019280809473558487,-0.017141176280264417,-0.006643129405264415,0.011667417469735585,0.020700620594735583,0.027292417469735583,0.023874448719735583,0.012155698719735585,0.00019280809473558487,0.00019280809473558487,0.00019280809473558487,0.04511468309473558,0.03583733934473558,0.00019280809473558487,0.020700620594735583,0.015329526844735585,0.024118589344735583,0.029977964344735583,0.013132261219735585,0.00019280809473558487,0.007517026844735585,0.00019280809473558487,0.020212339344735583,0.023630308094735583,0.008249448719735585,-0.019094301280264417,-0.019338441905264417,0.00019280809473558487,-0.014455629405264415,-0.006887270030264415,0.00019280809473558487,-0.014455629405264415,-0.023732973155264417,-0.024953676280264417,-0.012502504405264415,0.00019280809473558487,-0.012502504405264415,-0.028615785655264417,-0.04228766065526442,-0.03886969190526442,0.00019280809473558487,-0.013234926280264415,-0.014699770030264415,0.00019280809473558487,-0.015676332530264417,-0.016164613780264417,-0.010061098155264415,-0.00029547315526441513,-5.133253026441513e-05,0.0011693705947355849,0.00019280809473558487,0.009958433094735585,0.00019280809473558487,0.015573667469735585,0.018991636219735583,0.022409604969735583,0.030466245594735583,0.017038511219735583,0.006052183094735585,0.00019280809473558487,0.008981870594735585,0.00019280809473558487,0.00019280809473558487,0.00019280809473558487,0.00019280809473558487,0.013376401844735585,0.005075620594735585,0.00019280809473558487,0.003854917469735585,-0.002004457530264415,-0.005666566905264415,0.00019280809473558487,-0.0007837544052644151,-0.003225160655264415,-0.007863832530264415,0.00019280809473558487,-0.012990785655264415,-0.017141176280264417,-0.016652895030264417,-0.014211488780264415,-0.007131410655264415,0.00019280809473558487,-0.014699770030264415,0.00019280809473558487,-0.005666566905264415,0.0009252299697355849,0.0016576518447355849,0.00019280809473558487,0.00019280809473558487,0.00019280809473558487,0.008493589344735585,0.00019280809473558487,0.00019280809473558487,0.018259214344735583,0.018747495594735583,0.006052183094735585,0.008981870594735585,0.018747495594735583,0.00019280809473558487,0.019479917469735583,0.006296323719735585,-0.010305238780264415,0.00019280809473558487,-0.020070863780264417,0.0019017924697355849,-0.003713441905264415,0.00019280809473558487,-0.012014223155264415,-0.025686098155264417,-0.03789312940526442,-0.03203375440526442,0.0019017924697355849,0.00019280809473558487,-0.021535707530264417,0.00019280809473558487,0.00019280809473558487,0.00019280809473558487,-0.012014223155264415,0.00019280809473558487,-0.009572816905264415,-0.007131410655264415,-0.0005396137802644151,0.005319761219735585,0.00019280809473558487,0.021188901844735583,0.00019280809473558487,0.026804136219735583,0.028024839344735583,0.029489683094735583,0.023630308094735583,0.028513120594735583,0.00019280809473558487,0.030222104969735583,0.023630308094735583,0.00019280809473558487,0.03144280809473558,0.03998772996973558,0.029245542469735583,0.00019280809473558487,0.011911558094735585,-0.003713441905264415,-0.009572816905264415,0.007517026844735585,0.021677183094735583,0.00019280809473558487,-0.025930238780264417,-0.031057191905264417,0.00019280809473558487,-0.011770082530264415,0.010446714344735585,0.004343198719735585,-0.021291566905264417,-0.04619391065526442,-0.04863531690526442,0.00019280809473558487,0.00019280809473558487,-0.018361879405264417,-0.003225160655264415,-0.010061098155264415,-0.022268129405264417,-0.022023988780264417,0.00019280809473558487,-0.006398988780264415,0.010446714344735585,0.015573667469735585,0.00019280809473558487,0.014108823719735585,0.007028745594735585,-0.002004457530264415,-0.0012720356552644151,0.00019280809473558487,0.008981870594735585,0.022409604969735583,0.027780698719735583,-0.007619691905264415,0.00019280809473558487,-0.017873598155264417,0.00019280809473558487,-0.005666566905264415,0.002390073719735585,0.00019280809473558487,-0.023000551280264417,-0.017385316905264417,-0.003957582530264415,0.00019280809473558487,0.002390073719735585,0.00019280809473558487,-0.012502504405264415,-0.026418520030264417,-0.019094301280264417,0.00019280809473558487,-0.002004457530264415,0.002145933094735585,-0.003225160655264415,0.003122495594735585,0.00019280809473558487,0.00019280809473558487,0.00019280809473558487,0.00019280809473558487,0.00019280809473558487,0.027048276844735583,0.029001401844735583,0.03266351121973558,0.026804136219735583,0.028024839344735583,0.00019280809473558487,0.03608147996973558,0.03705804246973558,0.027048276844735583,0.00019280809473558487,-0.003713441905264415,0.019235776844735583,0.019968198719735583,0.00019280809473558487,0.0019017924697355849,-0.018117738780264417,-0.016897035655264417,-0.0007837544052644151,-0.014699770030264415,0.00019280809473558487,-0.04009039503026442,0.00019280809473558487,0.00019280809473558487,0.00019280809473558487,0.00019280809473558487,-0.008840395030264415,-0.011281801280264415,-0.022023988780264417,-0.03227789503026442,0.00019280809473558487,0.00019280809473558487,0.007761167469735585,0.023630308094735583,0.007272886219735585,-0.004201723155264415,0.008005308094735585,0.00019280809473558487,0.014841245594735585,0.009470151844735585,0.002878354969735585,0.00019280809473558487,0.012399839344735585,-0.009816957530264415,-0.012014223155264415,0.00019280809473558487,0.002878354969735585,0.009714292469735585,-0.004201723155264415,0.00019280809473558487,0.00019280809473558487,0.00019280809473558487,0.00019280809473558487,-0.017629457530264417,0.00019280809473558487,-0.021535707530264417,-0.010793520030264415,0.00019280809473558487,-0.003713441905264415,-0.023000551280264417,-0.015676332530264417,-0.003957582530264415,0.00019280809473558487,0.00019280809473558487,0.021188901844735583,0.029977964344735583,0.027292417469735583,0.006784604969735585,0.026804136219735583,0.00019280809473558487,0.04291741746973558,0.03901116746973558,0.024606870594735583,0.00019280809473558487,0.019724058094735583,0.014108823719735585,0.017038511219735583,0.00019280809473558487,0.024362729969735583,0.026071714344735583,0.010202573719735585,-0.009084535655264415,-0.007375551280264415,0.00019280809473558487,0.003122495594735585,0.00019280809473558487,-0.025930238780264417,-0.04790289503026442,-0.04546148878026442,-0.012990785655264415,0.002878354969735585,-0.011525941905264415,0.00019280809473558487,-0.016652895030264417,0.00019280809473558487,-0.0017603169052644151,0.011179136219735585,0.014597104969735585,-0.010793520030264415,-0.002492738780264415,0.014841245594735585,0.00019280809473558487,0.024851011219735583,0.021188901844735583,0.00019280809473558487,-0.018606020030264417,-0.028615785655264417,0.005319761219735585,0.011667417469735585,0.00019280809473558487,-0.003469301280264415,-0.025686098155264417,-0.026174379405264417,-0.002981020030264415,0.00019280809473558487,-0.0012720356552644151,-0.06426031690526442,-0.05132086378026442,0.00019280809473558487,-0.018361879405264417,0.002634214344735585,-0.002981020030264415,-0.020803285655264417,-0.009816957530264415,0.00019280809473558487,0.03339593309473558,0.028268979969735583,0.00019280809473558487,0.008981870594735585,-0.004690004405264415,0.008249448719735585,0.00019280809473558487,0.00019280809473558487,0.00019280809473558487,0.00019280809473558487,0.00019280809473558487,0.002145933094735585,0.015573667469735585,0.028024839344735583,0.008493589344735585,0.00019280809473558487,-0.002736879405264415,0.011667417469735585,0.029733823719735583,0.024118589344735583,0.00019280809473558487,-0.03203375440526442,0.0006810893447355849,0.00019280809473558487,0.019479917469735583,0.015817808094735583,-0.009816957530264415,-0.025197816905264417,0.017770933094735583,0.03876702684473558,0.00019280809473558487,0.007028745594735585,0.00019280809473558487,0.00019280809473558487,0.00019280809473558487,0.00019280809473558487,0.04023187059473558,0.025827573719735583,-0.03178961378026442,0.00019280809473558487,-0.024953676280264417,0.00019280809473558487,0.030222104969735583,-0.029104066905264417,-0.05058844190526442,0.00019280809473558487,-0.027639223155264417,0.007761167469735585,0.015085386219735585,-0.05595953565526442,7.592577051683385e-05,0.00019280809473558487,0.00019280809473558487,-0.010061098155264415,0.027780698719735583,-0.023488832530264417,-0.04057867628026442,-0.013723207530264415,0.00019280809473558487,0.022165464344735583,0.00019280809473558487,0.00019280809473558487,0.00019280809473558487,0.00019280809473558487,0.0006810893447355849,0.015329526844735585,-0.0010278950302644151,-0.003469301280264415,0.00019280809473558487,-0.002981020030264415,-0.004201723155264415,-0.010793520030264415,-0.010549379405264415,0.00019280809473558487,0.0019017924697355849,-0.005422426280264415,-0.015188051280264415,0.00019280809473558487,-0.019094301280264417,-0.015432191905264415,0.004587339344735585,-0.0015161762802644151,-0.015920473155264417,0.00019280809473558487,0.00019280809473558487,-0.026662660655264417,-0.006887270030264415,0.015085386219735585,0.03486077684473558,0.022653745594735583,0.0014135112197355849,0.00019280809473558487,-0.019826723155264417,-0.018606020030264417,0.00019280809473558487,0.029245542469735583,0.03315179246973558,-0.011770082530264415,-0.023488832530264417,0.00019280809473558487,-0.008840395030264415,0.019724058094735583,0.03266351121973558,0.017526792469735583,0.00019280809473558487,-0.026418520030264417,0.0011693705947355849,0.025339292469735583,0.00019280809473558487,0.030222104969735583,0.010202573719735585,-0.002736879405264415,0.03510491746973558,0.04877679246973558,0.00019280809473558487,0.005319761219735585,0.00019280809473558487,-0.002492738780264415,0.012399839344735585,0.03168694871973558,0.03217522996973558,-0.007375551280264415,-0.017141176280264417,-0.007619691905264415,0.00019280809473558487,0.00019280809473558487,-0.0012720356552644151,-0.003469301280264415,-5.133253026441513e-05,0.002145933094735585,-0.005178285655264415,-0.008107973155264415,0.00019280809473558487,-0.003713441905264415,0.004343198719735585,0.00019280809473558487,-5.133253026441513e-05,-0.012502504405264415,-0.021047426280264417,-0.012014223155264415,-0.016652895030264417,0.00019280809473558487,-0.025441957530264417,-0.03154547315526442,-0.026418520030264417,0.00019280809473558487,-0.004934145030264415,0.008005308094735585,-0.015432191905264415,-0.026906801280264417,0.00019280809473558487,-0.020315004405264417,-0.004201723155264415,0.008005308094735585,0.008005308094735585,0.00019280809473558487,-0.005178285655264415,0.005319761219735585,0.009714292469735585,0.00019280809473558487,0.011423276844735585,0.013864683094735585,0.016550229969735583,0.016061948719735583,0.012888120594735585,0.00019280809473558487,-0.014943910655264415,-0.009572816905264415,0.00019280809473558487,0.010934995594735585,0.025583433094735583,0.021921323719735583,-0.020315004405264417,-0.019582582530264417,0.00043694871973558487,0.00019280809473558487,0.014841245594735585,0.00019280809473558487,-0.0017603169052644151,-0.015432191905264415,-0.013234926280264415,0.007272886219735585,0.007272886219735585,-0.003225160655264415,0.00019280809473558487,-0.014943910655264415,0.00019280809473558487,-0.002736879405264415,0.013132261219735585,0.015817808094735583,-0.011525941905264415,-0.012014223155264415,0.002878354969735585,0.00019280809473558487,0.018991636219735583,0.023630308094735583,0.00019280809473558487,-0.0007837544052644151,-5.133253026441513e-05,0.012399839344735585,0.015573667469735585,0.00019280809473558487,0.013132261219735585,0.005563901844735585,-0.002981020030264415,-0.003225160655264415,0.00019280809473558487,-0.00029547315526441513,-0.005910707530264415,-0.008352113780264415,0.00019280809473558487,-0.0012720356552644151,0.002390073719735585,-0.002004457530264415,-0.012990785655264415,-0.013479066905264415,0.00019280809473558487,0.005319761219735585,0.00019280809473558487,0.002634214344735585,-0.005910707530264415,-0.009084535655264415,-0.009328676280264415,-0.008840395030264415,-0.004934145030264415,-0.003957582530264415,0.00019280809473558487,0.00019280809473558487,-0.003957582530264415,0.0006810893447355849,0.0014135112197355849,0.0014135112197355849,-0.005910707530264415,-0.002248598155264415,0.0019017924697355849,0.00019280809473558487,0.0009252299697355849,0.00019280809473558487,-0.003713441905264415,0.00043694871973558487,0.006052183094735585,0.004099058094735585,0.002878354969735585,0.003854917469735585,0.00019280809473558487,0.008005308094735585,0.007761167469735585,0.00019280809473558487,0.004343198719735585,-5.133253026441513e-05,0.007761167469735585,0.008005308094735585,0.00019280809473558487,-0.005422426280264415,-0.026662660655264417,-0.026174379405264417,-0.003225160655264415,0.00019280809473558487,0.029733823719735583,0.017282651844735583,0.03290765184473558,0.06586663621973558,0.00019280809473558487,7.592577051683385e-05,0.04780022996973558,0.015085386219735585,0.03217522996973558,0.00019280809473558487,0.04340569871973558,0.00019280809473558487,0.007028745594735585,-0.022023988780264417,0.00019280809473558487,0.00019280809473558487,0.00019280809473558487,-0.007863832530264415,-0.029348207530264417,-0.04155523878026442,0.00019280809473558487,0.00019280809473558487,-0.008107973155264415,-0.012746645030264415,-0.03496344190526442,-0.05742437940526442,-0.027883363780264417,0.004831479969735585,0.00019280809473558487,0.017282651844735583,-0.0012720356552644151,0.00019280809473558487,-0.05644781690526442,-0.05327398878026442,-0.009084535655264415,-0.005910707530264415,0.00019280809473558487,-0.013967348155264415,-0.024465395030264417,-0.03301031690526442,0.00019280809473558487,0.00019280809473558487,0.00019280809473558487,0.00019280809473558487,-0.005178285655264415,-0.022756410655264417,0.00019280809473558487,-0.03642828565526442,-0.024465395030264417,0.002145933094735585,0.020700620594735583,0.011423276844735585,-5.133253026441513e-05,0.00019280809473558487,0.015817808094735583,0.00019280809473558487,0.029489683094735583,0.025827573719735583,0.015573667469735585,0.03534905809473558,0.05268304246973558,0.04657952684473558,0.00019280809473558487,0.028268979969735583,0.00019280809473558487,0.009226011219735585,0.00019280809473558487,0.00019280809473558487,0.00019280809473558487,-0.007863832530264415,-0.023488832530264417,0.00019280809473558487,-0.023732973155264417,0.002634214344735585,0.00019280809473558487,0.03803460496973558,0.017526792469735583,0.010202573719735585,0.026071714344735583,0.00019280809473558487,0.04096429246973558,0.03949944871973558,0.03559319871973558,0.03974358934473558,0.00019280809473558487,0.04364983934473558,0.024851011219735583,0.010446714344735585,0.00019280809473558487,0.012888120594735585,0.019235776844735583,0.011911558094735585,-0.03252203565526442,-0.03960211378026442,0.00019280809473558487,-0.03618414503026442,0.00019280809473558487,-0.03252203565526442,-0.026174379405264417,-0.015676332530264417,-0.002492738780264415,-5.133253026441513e-05,-0.009328676280264415,-0.011770082530264415,0.00019280809473558487,0.00019280809473558487,0.027536558094735583,0.05146233934473558,0.05756585496973558,0.03217522996973558,0.015817808094735583,-0.013967348155264415,0.00019280809473558487,-0.05913336378026442,7.592577051683385e-05,0.00019280809473558487,7.592577051683385e-05,7.592577051683385e-05,-0.06426031690526442,-0.07158453565526442,7.592577051683385e-05,0.00019280809473558487,-0.06426031690526442,-0.028127504405264417,0.014108823719735585,0.00019280809473558487,0.06830804246973558,0.04145257371973558,0.03144280809473558,0.023630308094735583,0.026315854969735583,0.00019280809473558487,0.03486077684473558,0.03876702684473558,0.03656976121973558,0.00019280809473558487,0.002390073719735585,-0.03862555128026442,-0.05766852003026442,-0.04887945753026442,-0.023977113780264417,0.00019280809473558487,0.013620542469735585,0.05341546434473558,0.05463616746973558,0.018015073719735583,0.00019280809473558487,-0.016164613780264417,0.030222104969735583,7.592577051683385e-05,7.592577051683385e-05,0.03364007371973558,-0.014943910655264415,0.00019280809473558487,-0.015676332530264417,-0.0012720356552644151,-0.00029547315526441513,0.00019280809473558487,-0.04863531690526442,-0.05888922315526442,-0.04277594190526442,-0.027883363780264417,-0.03276617628026442,-0.027883363780264417,-0.012502504405264415,0.00019280809473558487,0.0016576518447355849,0.009958433094735585,0.00019280809473558487,0.014597104969735585,0.015573667469735585,0.014597104969735585,-0.023000551280264417,-0.025930238780264417,-0.011525941905264415,0.003610776844735585,-0.005422426280264415,0.00019280809473558487,-0.03594000440526442,0.00019280809473558487,-0.04863531690526442,-0.04472906690526442,-0.05473883253026442,-0.05791266065526442,0.002390073719735585,0.020456479969735583,0.00019280809473558487,0.00019280809473558487,0.00019280809473558487,0.00019280809473558487,0.00019280809473558487,0.026071714344735583,0.05488030809473558,0.04072015184473558,0.024851011219735583,0.015817808094735583,0.00019280809473558487,0.018747495594735583,0.022653745594735583,0.027536558094735583,0.00019280809473558487,0.006784604969735585,-0.020803285655264417,-0.004690004405264415,-0.014211488780264415,-0.03789312940526442,-0.04692633253026442,0.00019280809473558487,-0.024221254405264417,0.019968198719735583,0.00019280809473558487,0.017282651844735583,-0.014455629405264415,0.00019280809473558487,0.00019280809473558487,0.00019280809473558487,0.03534905809473558,0.026071714344735583,0.00019280809473558487,0.021188901844735583,0.027292417469735583,0.00019280809473558487,0.03974358934473558,0.028268979969735583,0.010446714344735585,-0.003957582530264415,0.0011693705947355849,-0.005178285655264415,-0.03594000440526442,0.00019280809473558487,-0.06059820753026442,0.00019280809473558487,-0.029592348155264417,-0.009816957530264415,0.002145933094735585,-0.0010278950302644151,0.008005308094735585,0.012155698719735585,0.012888120594735585,0.00019280809473558487,0.00019280809473558487,0.00019280809473558487,0.00019280809473558487,0.00019280809473558487,0.03534905809473558,0.03144280809473558,0.00019280809473558487,0.03193108934473558,0.030954526844735583,0.023142026844735583,0.016306089344735583,0.005808042469735585,-0.013234926280264415,0.00019280809473558487,-0.024465395030264417,-0.024709535655264417,0.00019280809473558487,-0.025441957530264417,-0.03203375440526442,-0.03691656690526442,-0.026906801280264417,-0.004690004405264415,-0.004201723155264415,-0.016897035655264417,0.00019280809473558487,0.006540464344735585,0.011423276844735585,0.00043694871973558487,0.00019280809473558487,-0.010061098155264415,0.005563901844735585,0.030222104969735583,0.03559319871973558,0.0016576518447355849,0.0019017924697355849,0.00019280809473558487,0.002878354969735585,-0.015920473155264417,-0.03520758253026442,0.00019280809473558487,-0.04033453565526442,-0.03349859815526442,-0.029592348155264417,-0.03325445753026442,-0.04887945753026442,-0.06572516065526442,0.00019280809473558487,-0.04887945753026442,-0.011281801280264415,-0.006154848155264415,-0.009816957530264415,0.00019280809473558487,-0.015188051280264415,-0.0017603169052644151,0.012155698719735585,0.017282651844735583,0.007517026844735585,0.00019280809473558487,0.018747495594735583,0.04560296434473558,0.03144280809473558,0.006784604969735585,0.00019280809473558487,0.006052183094735585,0.029245542469735583,0.04023187059473558,0.027292417469735583,0.007272886219735585,0.00019280809473558487,-0.002248598155264415,-0.009084535655264415,-0.011281801280264415,-0.008107973155264415,-0.008596254405264415,-0.013723207530264415,0.00019280809473558487,-0.021535707530264417,-0.018361879405264417,0.005075620594735585,0.00019280809473558487,-0.002981020030264415,-0.006643129405264415,0.029245542469735583,0.03144280809473558,0.010202573719735585,-0.014455629405264415,0.00019280809473558487,-0.004201723155264415,0.029001401844735583,0.04877679246973558,0.00019280809473558487,0.018991636219735583,0.021677183094735583,0.021677183094735583,0.005563901844735585,-0.005178285655264415,0.00019280809473558487,0.00043694871973558487,0.004831479969735585,-0.002981020030264415,0.00019280809473558487,-0.04155523878026442,-0.03130133253026442,-0.024221254405264417,-0.029348207530264417,-0.03960211378026442,-0.04106695753026442,0.00019280809473558487,-0.030324770030264417,-0.014211488780264415,-0.009084535655264415,0.00019280809473558487,0.00043694871973558487,0.002390073719735585,0.008981870594735585,0.021188901844735583,0.026804136219735583,0.022409604969735583,0.015085386219735585,0.00019280809473558487,0.016061948719735583,0.029001401844735583,0.00019280809473558487,0.04413812059473558,0.03827874559473558,0.030222104969735583,-0.0012720356552644151,0.004099058094735585,0.018259214344735583,0.012888120594735585,0.00019280809473558487,-0.00029547315526441513,-0.011525941905264415,0.00019280809473558487,-0.020559145030264417,-0.015188051280264415,-0.022756410655264417,-0.03325445753026442,-0.013234926280264415,-0.022023988780264417,-0.03301031690526442,-0.028371645030264417,0.00019280809473558487,-0.018606020030264417,0.005075620594735585,0.00019280809473558487,-0.002492738780264415,-0.008107973155264415,0.0019017924697355849,0.010934995594735585,0.003854917469735585,0.022409604969735583,0.03852288621973558,0.03779046434473558,0.00019280809473558487,-0.007131410655264415,0.00019280809473558487,0.002634214344735585,0.03852288621973558,0.05439202684473558,0.03681390184473558,-0.008352113780264415,-0.004934145030264415,-0.003225160655264415,-0.012746645030264415,0.00019280809473558487,-0.006398988780264415,-0.018850160655264417,0.00019280809473558487,-0.025441957530264417,-0.026418520030264417,-0.012990785655264415,0.00019280809473558487,-0.009328676280264415,-0.03349859815526442,-0.014211488780264415,0.00019280809473558487,-0.00029547315526441513,-0.010061098155264415,-0.009572816905264415,0.00019280809473558487,0.004587339344735585,0.015085386219735585,0.008981870594735585,-0.005422426280264415,-0.002981020030264415,0.015085386219735585,0.00019280809473558487,0.004343198719735585,0.00019280809473558487,0.004831479969735585,0.019479917469735583,0.026804136219735583,0.021677183094735583,0.011179136219735585,0.002390073719735585,0.005075620594735585,0.00019280809473558487,0.002390073719735585,-0.011770082530264415,-0.021535707530264417,0.00019280809473558487,-0.019826723155264417,-0.012990785655264415,-0.007619691905264415,-0.009084535655264415,-0.015432191905264415,-0.029348207530264417,0.00019280809473558487,-0.009328676280264415,-0.008352113780264415,-0.013479066905264415,0.00019280809473558487,-0.016897035655264417,-0.012014223155264415,-0.004201723155264415,0.00019280809473558487,0.00019280809473558487,0.002390073719735585,0.00019280809473558487,-0.0005396137802644151,0.029489683094735583,0.029489683094735583,0.006296323719735585,-0.010305238780264415,0.00019280809473558487,-0.006154848155264415,0.013864683094735585,0.03656976121973558,0.04096429246973558,0.00019280809473558487,0.020700620594735583,0.016550229969735583,0.013376401844735585,0.013376401844735585,0.018259214344735583,0.018259214344735583,0.00019280809473558487,0.005319761219735585,-0.009084535655264415,-0.007131410655264415,0.00019280809473558487,0.006784604969735585,-0.00029547315526441513,-0.012502504405264415,-0.010305238780264415,-0.010305238780264415,-0.016164613780264417,-0.023000551280264417,0.00019280809473558487,-0.021535707530264417,-0.018361879405264417,0.00019280809473558487,-0.018850160655264417,-0.023244691905264417,-0.022756410655264417,-0.009328676280264415,-0.005178285655264415,0.003854917469735585,0.008493589344735585,0.00019280809473558487,0.006784604969735585,0.00019280809473558487,0.005319761219735585,0.026071714344735583,0.03876702684473558,0.03803460496973558,0.026559995594735583,0.008249448719735585,0.00019280809473558487,-0.004201723155264415,-0.004445863780264415,0.015085386219735585,0.00019280809473558487,0.03339593309473558,0.020456479969735583,-0.007375551280264415,0.00019280809473558487,0.00019280809473558487,0.00019280809473558487,0.017038511219735583,0.003366636219735585,-0.017141176280264417,0.00019280809473558487,0.00019280809473558487,-0.025441957530264417,-0.010549379405264415,0.003366636219735585,-0.022268129405264417,-0.04155523878026442,-0.03935797315526442,-0.016897035655264417,0.00019280809473558487,0.005075620594735585,0.00019280809473558487,-0.023244691905264417,-0.04741461378026442,-0.024221254405264417,0.00019280809473558487,0.006052183094735585,0.00019280809473558487,0.00019280809473558487,0.00019280809473558487,-0.007619691905264415,0.00019280809473558487,0.00019280809473558487,0.004831479969735585,0.008005308094735585,0.017526792469735583,0.015329526844735585,0.011667417469735585,0.00019280809473558487,0.014841245594735585,0.018991636219735583,0.016794370594735583,0.00019280809473558487,0.008737729969735585,0.018259214344735583,0.002878354969735585,-0.011281801280264415,-0.006398988780264415,0.00019280809473558487,0.011667417469735585,0.025339292469735583,0.020700620594735583,0.00019280809473558487,0.00019280809473558487,0.00019280809473558487,0.00019280809473558487,0.00019280809473558487,0.022409604969735583,-0.009084535655264415,-0.009572816905264415,0.00019280809473558487,-5.133253026441513e-05,0.008493589344735585,0.00019280809473558487,-0.008840395030264415,-0.017141176280264417,-0.004690004405264415,0.008005308094735585,0.006540464344735585,0.00019280809473558487,-0.011525941905264415,-0.028371645030264417,-0.028371645030264417,0.00019280809473558487,-0.004934145030264415,0.008005308094735585,-0.002981020030264415,-0.015920473155264417,0.00019280809473558487,-0.013479066905264415,0.00019280809473558487,0.00019280809473558487,0.00019280809473558487,0.00019280809473558487,0.00019280809473558487,0.018991636219735583,-0.005178285655264415,-0.017873598155264417,-0.013723207530264415,0.00019280809473558487,0.003610776844735585,0.021188901844735583,0.024118589344735583,0.003122495594735585,0.00019280809473558487,-0.014699770030264415,0.03266351121973558,0.03437249559473558,0.017526792469735583,-0.005422426280264415,0.00019280809473558487,-0.014699770030264415,-0.010061098155264415,0.009958433094735585,0.025583433094735583,0.00019280809473558487,0.007761167469735585,-0.002492738780264415,0.002878354969735585,0.009226011219735585,0.00019280809473558487,0.010446714344735585,-0.0007837544052644151,-0.014211488780264415,-0.010061098155264415,0.00019280809473558487,-0.004201723155264415,-0.022756410655264417,-0.024221254405264417,-0.022512270030264417,0.00019280809473558487,-0.018117738780264417,-0.006154848155264415,0.0019017924697355849,-0.0007837544052644151,-0.03349859815526442,0.00019280809473558487,-0.023488832530264417,-0.007619691905264415,0.00019280809473558487,0.0009252299697355849,-0.002981020030264415,-0.023732973155264417,-0.03691656690526442,0.003122495594735585,0.009470151844735585,0.00019280809473558487,-0.006887270030264415,-0.006154848155264415,0.004831479969735585,0.00019280809473558487,0.010934995594735585,0.010202573719735585,0.004831479969735585,0.003610776844735585,0.021677183094735583,0.025095151844735583,0.00019280809473558487,0.013132261219735585,0.0019017924697355849,-0.002736879405264415,0.00019280809473558487,0.013864683094735585,0.03779046434473558,0.03779046434473558,0.014597104969735585,0.003366636219735585,0.008005308094735585,0.00019280809473558487,-5.133253026441513e-05,0.009470151844735585,0.013376401844735585,0.00019280809473558487,0.007761167469735585,-0.012502504405264415,-0.023977113780264417,-0.015432191905264415,0.015085386219735585,0.005808042469735585,0.00019280809473558487,-0.023000551280264417,0.00019280809473558487,0.00019280809473558487,0.00019280809473558487,0.00019280809473558487,-0.005666566905264415,-0.018850160655264417,0.00019280809473558487,-0.012014223155264415,0.009714292469735585,0.00019280809473558487,0.018015073719735583,-0.011281801280264415,-0.03349859815526442,0.002145933094735585,0.03730218309473558,0.031198667469735583,0.00019280809473558487,-0.014699770030264415,-0.04643805128026442,-0.03154547315526442,0.00019280809473558487,0.019968198719735583,0.016550229969735583,-0.03911383253026442,-0.04204352003026442,-0.012258363780264415,0.024362729969735583,0.027292417469735583,0.00019280809473558487,-0.05595953565526442,0.00019280809473558487,0.00019280809473558487,0.00019280809473558487,0.00019280809473558487,0.04438226121973558,-0.05913336378026442,-0.05132086378026442,0.007272886219735585,0.00019280809473558487,0.05097405809473558,0.04438226121973558,0.00019280809473558487,-0.030568910655264417,0.004587339344735585,0.04096429246973558,0.04511468309473558,0.009958433094735585,0.00019280809473558487,-0.030813051280264417,-0.03325445753026442,0.005319761219735585,0.00019280809473558487,0.04975335496973558,-0.03276617628026442,-0.020070863780264417,0.00019280809473558487,0.020212339344735583,0.00019280809473558487,0.00019280809473558487,0.00019280809473558487,-0.03886969190526442,0.00019280809473558487,0.05121819871973558,0.03974358934473558,0.00019280809473558487,-0.007619691905264415,-0.05083258253026442,-0.04399664503026442,0.05341546434473558,0.03901116746973558,-0.019582582530264417,0.00019280809473558487,-0.03764898878026442,0.00019280809473558487,0.023386167469735583,0.05634515184473558,-0.022268129405264417,-0.05156500440526442,-0.028615785655264417,0.024606870594735583,0.00019280809473558487,0.05219476121973558,0.00019280809473558487,-0.024221254405264417,0.00019280809473558487,0.00019280809473558487,0.00019280809473558487,0.019724058094735583,-0.03496344190526442,-0.05107672315526442,0.00019280809473558487,-0.015920473155264417,0.00019280809473558487,0.013376401844735585,0.00019280809473558487,-0.04009039503026442,-0.05864508253026442,-0.018361879405264417,0.03827874559473558,-0.002004457530264415,-0.05425055128026442,-0.06328375440526442,0.00019280809473558487,0.04072015184473558,0.00019280809473558487,0.04145257371973558,-0.012258363780264415,-0.06352789503026442,-0.05547125440526442,0.05072991746973558,0.04194085496973558,-0.011037660655264415,0.00019280809473558487,-0.04717047315526442,0.00019280809473558487,0.013620542469735585,0.05488030809473558,0.03998772996973558,-0.009572816905264415,-0.025441957530264417,0.028757261219735583,0.05610101121973558,0.025339292469735583,0.00019280809473558487,-0.03667242628026442,-0.010305238780264415,0.00019280809473558487,0.03412835496973558,0.04999749559473558,0.011179136219735585,-0.04472906690526442,-0.002004457530264415,0.04364983934473558,0.00019280809473558487,0.0019017924697355849,0.00019280809473558487,-0.03740484815526442,-0.03642828565526442,0.007761167469735585,0.04487054246973558,-0.005422426280264415,-0.027883363780264417,-0.012746645030264415,0.018991636219735583,0.00019280809473558487,0.017770933094735583,-0.005178285655264415,0.00019280809473558487,-0.012990785655264415,0.0019017924697355849,0.017770933094735583,0.019968198719735583,-0.009328676280264415,-0.012746645030264415,0.008249448719735585,0.00019280809473558487,0.021677183094735583,0.002390073719735585,0.00019280809473558487,-0.009816957530264415,-0.010793520030264415,0.002634214344735585,0.023142026844735583,-0.011037660655264415,-0.029348207530264417,0.00019280809473558487,0.012155698719735585,0.018991636219735583,0.00019280809473558487,-0.002004457530264415,-0.025930238780264417,-0.022512270030264417,0.002390073719735585,-0.0010278950302644151,-0.021535707530264417,-0.017873598155264417,0.00019280809473558487,0.008981870594735585,0.011911558094735585,0.0006810893447355849,0.00019280809473558487,-0.008596254405264415,-0.005666566905264415,0.002390073719735585,0.010202573719735585,-0.002248598155264415,-0.016897035655264417,0.00019280809473558487,-0.0007837544052644151,0.005563901844735585,0.004343198719735585,0.00019280809473558487,0.002390073719735585,0.0011693705947355849,-0.003713441905264415,-0.006887270030264415,0.007761167469735585,-0.006887270030264415,0.00019280809473558487,0.004831479969735585,0.026315854969735583,0.00019280809473558487,0.024851011219735583,0.00019280809473558487,0.00019280809473558487,0.00019280809473558487,0.03705804246973558,0.03364007371973558,0.00019280809473558487,0.00019280809473558487,-0.03886969190526442,-0.04448492628026442,0.024606870594735583,0.028024839344735583,-0.0005396137802644151,0.00019280809473558487,-0.03520758253026442,-0.04521734815526442,-0.016164613780264417,0.00019280809473558487,0.030222104969735583,-0.003225160655264415,-0.015920473155264417,0.00019280809473558487,0.004587339344735585,0.031198667469735583,0.04242913621973558,0.013132261219735585,0.012643979969735585,0.00019280809473558487,0.00019280809473558487,0.00019280809473558487,0.00019280809473558487,0.011667417469735585,0.005563901844735585,0.00019280809473558487,0.019724058094735583,0.03925530809473558,0.021921323719735583,-0.007863832530264415,0.00019280809473558487,-0.003225160655264415,0.018991636219735583,0.00019280809473558487,0.022409604969735583,-0.0012720356552644151,-0.024953676280264417,-0.012014223155264415,0.004587339344735585,0.009470151844735585,0.00019280809473558487,-0.012014223155264415,0.00019280809473558487,-0.020559145030264417,-0.016897035655264417,0.00019280809473558487,0.00019280809473558487,0.00019280809473558487,0.00019280809473558487,-0.014699770030264415,-0.007863832530264415,0.00019280809473558487,-0.009816957530264415,-0.024465395030264417,-0.025197816905264417,0.00019280809473558487,-0.018361879405264417,-0.003713441905264415,0.00019280809473558487,-0.021779848155264417,-0.04057867628026442,0.00019280809473558487,-0.029348207530264417,0.00019280809473558487,-0.015920473155264417,-0.016408754405264417,-0.03447516065526442,-0.04765875440526442,-0.03496344190526442,-0.021047426280264417,-0.014211488780264415,0.00019280809473558487,0.00019280809473558487,-0.026662660655264417,-0.030813051280264417,-0.015188051280264415,-0.005422426280264415,-0.009084535655264415,-0.020070863780264417,0.00019280809473558487,-0.024709535655264417,-0.018361879405264417,0.00019280809473558487,0.00019280809473558487,-0.0007837544052644151,-0.020315004405264417,0.00019280809473558487,-0.009816957530264415,0.003366636219735585,0.00019280809473558487,0.0006810893447355849,0.00019280809473558487,-0.014211488780264415,0.00019280809473558487,0.0019017924697355849,0.00019280809473558487,0.004099058094735585,-0.003225160655264415,-0.005666566905264415,0.019724058094735583,0.008981870594735585,-0.023244691905264417,0.00019280809473558487,-0.05083258253026442,0.00019280809473558487,-0.011281801280264415,-0.004934145030264415,0.00019280809473558487,-0.023244691905264417,-0.03349859815526442,-0.018850160655264417,0.018747495594735583,0.018015073719735583,0.021433042469735583,0.00019280809473558487,0.03754632371973558,0.00019280809473558487,0.03632562059473558,0.019479917469735583,0.012155698719735585,0.029977964344735583,0.03144280809473558,0.022409604969735583,0.00019280809473558487,0.012399839344735585,0.00019280809473558487,0.017526792469735583,0.015329526844735585,0.0009252299697355849,0.002145933094735585,0.002634214344735585,-0.002981020030264415,0.00019280809473558487,-0.010061098155264415,-0.004934145030264415,0.00019280809473558487,0.023386167469735583,0.011423276844735585,0.003122495594735585,0.00019280809473558487,0.007761167469735585,0.013132261219735585,0.019968198719735583,0.029733823719735583,0.029001401844735583,0.00019280809473558487,0.012399839344735585,0.014597104969735585,0.00019280809473558487,0.026559995594735583,0.03412835496973558,0.021188901844735583,0.009714292469735585,0.004587339344735585,0.005808042469735585,0.00019280809473558487,0.00019280809473558487,0.013376401844735585,0.012643979969735585,0.006784604969735585,-0.004934145030264415,-0.007131410655264415,0.00043694871973558487,0.00019280809473558487,0.012643979969735585,0.017526792469735583,0.00019280809473558487,-0.002492738780264415,-0.004201723155264415,0.004831479969735585,0.010690854969735585,0.00019280809473558487,0.010446714344735585,0.002634214344735585,0.00019280809473558487,0.00019280809473558487,0.00019280809473558487,0.00019280809473558487,0.00019280809473558487,0.002145933094735585,-0.009328676280264415,-0.010305238780264415,0.004099058094735585,0.010690854969735585,0.002634214344735585,0.00019280809473558487,-0.008352113780264415,-0.015432191905264415,0.00019280809473558487,-0.003469301280264415,-0.008107973155264415,0.00019280809473558487,-0.011281801280264415,-0.015676332530264417,-0.021535707530264417,-0.017141176280264417,-0.013479066905264415,-0.012990785655264415,0.00019280809473558487,0.00019280809473558487,-0.004445863780264415,0.00019280809473558487,0.00019280809473558487,0.00019280809473558487,-0.004445863780264415,-0.002248598155264415,0.002634214344735585,0.00019280809473558487,0.010690854969735585,0.00019280809473558487,0.009226011219735585,0.012399839344735585,0.017038511219735583,0.022409604969735583,0.00019280809473558487,0.021921323719735583,0.014352964344735585,0.011667417469735585,0.016550229969735583,0.00019280809473558487,0.019479917469735583,0.010690854969735585,0.00019280809473558487,0.005808042469735585,0.008493589344735585,-0.002736879405264415,-0.013723207530264415,0.00019280809473558487,0.00019280809473558487,0.00019280809473558487,0.00019280809473558487,0.00019280809473558487,-0.021047426280264417,-0.030324770030264417,-0.03911383253026442,-0.03325445753026442,-0.024709535655264417,0.00019280809473558487,-0.023244691905264417,-0.03203375440526442,-0.04326422315526442,0.00019280809473558487,-0.003957582530264415,-0.003225160655264415,-0.020559145030264417,0.00019280809473558487,-0.03423102003026442,-0.027883363780264417,-0.010793520030264415,0.011179136219735585,0.0016576518447355849,0.00019280809473558487,0.0009252299697355849,0.00019280809473558487,0.008981870594735585,0.019724058094735583,0.029001401844735583,0.018259214344735583,0.014108823719735585,0.021188901844735583,0.00019280809473558487,0.03241937059473558,0.00019280809473558487,0.018747495594735583,-0.020803285655264417,-0.012746645030264415,-0.003713441905264415,-0.007619691905264415,0.00019280809473558487,-0.021291566905264417,-0.04009039503026442,-0.05473883253026442,0.00019280809473558487,-0.030568910655264417,-0.006398988780264415,0.011911558094735585,0.00019280809473558487,0.014841245594735585,0.0006810893447355849,-0.008840395030264415,0.008737729969735585,0.029977964344735583,0.00019280809473558487,0.025827573719735583,0.00019280809473558487,0.018503354969735583,0.023142026844735583,0.04267327684473558,0.05878655809473558,0.05024163621973558,0.05292718309473558,0.05927483934473558,0.00019280809473558487,0.00019280809473558487,0.05097405809473558,0.018503354969735583,0.008737729969735585,0.029977964344735583,0.030466245594735583,0.010202573719735585,0.00019280809473558487,-0.017141176280264417,-0.03935797315526442,0.00019280809473558487,-0.03618414503026442,-0.013479066905264415,-0.014699770030264415,-0.023977113780264417,0.00019280809473558487,-0.03423102003026442,-0.029104066905264417,0.0016576518447355849,-0.002004457530264415,0.00019280809473558487,-0.008107973155264415,0.014352964344735585,0.00019280809473558487,0.03266351121973558,0.04242913621973558,0.022653745594735583,0.030710386219735583,0.04975335496973558,0.06855218309473558,0.00019280809473558487,0.04633538621973558,0.00019280809473558487,0.014352964344735585,0.005319761219735585,0.015085386219735585,0.009470151844735585,-0.025197816905264417,-0.06133062940526442,0.00019280809473558487,-0.06328375440526442,0.00019280809473558487,-0.04375250440526442,-0.06645758253026442,0.00019280809473558487,0.00019280809473558487,0.00019280809473558487,0.00019280809473558487,-0.025686098155264417,-0.022023988780264417,-0.03911383253026442,0.00019280809473558487,0.00019280809473558487,-0.030324770030264417,0.005075620594735585,0.016306089344735583,-0.002492738780264415,0.004099058094735585,0.03730218309473558,0.00019280809473558487,0.06611077684473558,0.06904046434473558,0.00019280809473558487,0.027780698719735583,0.03412835496973558,0.03754632371973558,0.00019280809473558487,0.023142026844735583,-0.009084535655264415,-0.03740484815526442,-0.019582582530264417,0.00019280809473558487,0.00019280809473558487,0.00019280809473558487,0.00019280809473558487,0.00019280809473558487,-0.06523687940526442,-0.012014223155264415,-0.026174379405264417,-0.05986578565526442,-0.05791266065526442,0.00019280809473558487,-0.016897035655264417,0.015085386219735585,0.007272886219735585,0.00019280809473558487,0.005319761219735585,0.03583733934473558,0.00019280809473558487,0.05634515184473558,0.06904046434473558,7.592577051683385e-05,0.07001702684473558,0.05927483934473558,0.04560296434473558,0.00019280809473558487,0.00019280809473558487,0.05658929246973558,0.00019280809473558487,0.00019280809473558487,0.00019280809473558487,-0.03496344190526442,-0.013479066905264415,-0.016897035655264417,-0.04839117628026442,0.00019280809473558487,0.00019280809473558487,7.592577051683385e-05,-0.025441957530264417,-0.03789312940526442,-0.07085211378026442,7.592577051683385e-05,0.00019280809473558487,-0.03447516065526442,0.016061948719735583,0.020456479969735583,0.00019280809473558487,-0.03349859815526442,0.019968198719735583,0.05951897996973558,0.00019280809473558487,0.06342522996973558,0.04609124559473558,0.03925530809473558,0.07416741746973558,7.592577051683385e-05,0.00019280809473558487,0.03779046434473558,0.00019280809473558487,0.028757261219735583,0.03632562059473558,0.025827573719735583,-0.03423102003026442,-0.04204352003026442,-0.03569586378026442,-0.03349859815526442,0.00019280809473558487,0.00019280809473558487,-0.05498297315526442,-0.05522711378026442,-0.03642828565526442,-0.03447516065526442,-0.04912359815526442,-0.04985602003026442,0.00019280809473558487,-0.016652895030264417,0.012643979969735585,0.00019280809473558487,-0.010061098155264415,0.002878354969735585,0.028757261219735583,0.00019280809473558487,0.04389397996973558,0.05048577684473558,0.05732171434473558,0.06537835496973558,0.06879632371973558,0.00019280809473558487,7.592577051683385e-05,0.00019280809473558487,0.06708733934473558,0.04487054246973558,0.026071714344735583,0.019724058094735583,-0.006887270030264415,-0.04009039503026442,0.00019280809473558487,-0.05156500440526442,0.00019280809473558487,-0.022268129405264417,-0.07060797315526442,7.592577051683385e-05,-0.07158453565526442,-0.04472906690526442,0.00019280809473558487,-0.04570562940526442,-0.05840094190526442,-0.023244691905264417,0.00019280809473558487,0.00043694871973558487,-0.007863832530264415,-0.014699770030264415,0.00019280809473558487,0.005808042469735585,0.025827573719735583,0.05048577684473558,0.05805413621973558,0.06415765184473558,0.00019280809473558487,0.05463616746973558,0.00019280809473558487,0.05072991746973558,0.04438226121973558,0.04023187059473558,0.03949944871973558,0.020456479969735583,-0.014455629405264415,0.00019280809473558487,-0.03154547315526442,0.00019280809473558487,-0.021291566905264417,-0.029348207530264417,7.592577051683385e-05,7.592577051683385e-05,-0.05766852003026442,0.00019280809473558487,-0.03764898878026442,0.00019280809473558487,0.00019280809473558487,0.00019280809473558487,0.00019280809473558487,-0.015432191905264415,-0.012990785655264415,-0.03252203565526442,-0.017385316905264417,0.00019280809473558487,0.016550229969735583,0.04780022996973558,0.04096429246973558,0.03827874559473558,0.00019280809473558487,0.06708733934473558,0.00019280809473558487,7.592577051683385e-05,7.592577051683385e-05,0.03364007371973558,0.027292417469735583,0.021677183094735583,0.022653745594735583,0.00019280809473558487,0.009714292469735585,0.00019280809473558487,-0.03496344190526442,0.00019280809473558487,0.00019280809473558487,0.00019280809473558487,-0.06401617628026442,-0.06230719190526442,0.00019280809473558487,-0.05132086378026442,-0.03984625440526442,0.00019280809473558487,0.00019280809473558487,-0.04302008253026442,0.00019280809473558487,-0.018361879405264417,-0.010061098155264415,0.017282651844735583,0.00019280809473558487,0.04340569871973558,0.04950921434473558,0.00019280809473558487,0.05658929246973558,0.07245843309473558,7.592577051683385e-05,0.00019280809473558487,0.07367913621973558,0.05634515184473558,0.06244866746973558,0.00019280809473558487,0.00019280809473558487,0.00019280809473558487,0.00019280809473558487,-0.03423102003026442,0.00019280809473558487,-0.030568910655264417,-0.020315004405264417,-0.04448492628026442,7.592577051683385e-05,7.592577051683385e-05,7.592577051683385e-05,0.00019280809473558487,-0.05278570753026442,0.00019280809473558487,-0.06792242628026442,-0.04448492628026442,-0.020070863780264417,-0.014699770030264415,0.00019280809473558487,-0.003225160655264415,0.008249448719735585,0.012399839344735585,0.008981870594735585,0.00019280809473558487,0.06562249559473558,7.592577051683385e-05,0.00019280809473558487,7.592577051683385e-05,0.06489007371973558,0.05414788621973558,7.592577051683385e-05,0.07123772996973558,0.04194085496973558,0.00019280809473558487,0.00019280809473558487,0.008005308094735585,0.013620542469735585,-0.006398988780264415,-0.03520758253026442,-0.05278570753026442,-0.05425055128026442,0.00019280809473558487,-0.04643805128026442,-0.05058844190526442,0.00019280809473558487,-0.06523687940526442,-0.04985602003026442,-0.04302008253026442,-0.04399664503026442,0.00019280809473558487,-0.04594977003026442,-0.03276617628026442,-0.025197816905264417,-0.013479066905264415,0.00019280809473558487,0.018015073719735583,0.014841245594735585,0.00019280809473558487,0.022897886219735583,0.04145257371973558,0.04535882371973558,0.05195062059473558,0.06318108934473558,0.06342522996973558,0.00019280809473558487,0.04584710496973558,0.00019280809473558487,0.03632562059473558,0.04242913621973558,-0.004445863780264415,-0.05351812940526442,-0.05962164503026442,-0.024221254405264417,0.00019280809473558487,-0.0012720356552644151,0.00019280809473558487,-0.05888922315526442,7.592577051683385e-05,-0.06157477003026442,-0.03667242628026442,-0.04033453565526442,0.00019280809473558487,-0.06303961378026442,-0.07036383253026442,-0.03569586378026442,0.00019280809473558487,-0.017385316905264417,-0.005910707530264415,0.010934995594735585,0.020944761219735583,0.00019280809473558487,0.03241937059473558,0.04609124559473558,0.07270257371973558,7.592577051683385e-05,0.00019280809473558487,7.592577051683385e-05,0.07319085496973558,0.00019280809473558487,7.592577051683385e-05,0.05805413621973558,0.04389397996973558,0.03168694871973558,0.012399839344735585,0.00019280809473558487,0.00019280809473558487,-0.027150941905264417,0.00019280809473558487,-0.03764898878026442,-0.04961187940526442,-0.07109625440526442,7.592577051683385e-05,7.592577051683385e-05,-0.07036383253026442,0.00019280809473558487,-0.06084234815526442,0.00019280809473558487,-0.04033453565526442,0.00019280809473558487,0.00019280809473558487,0.00019280809473558487,0.027292417469735583,0.00019280809473558487,0.029245542469735583,0.011911558094735585,0.025339292469735583,0.00019280809473558487,7.592577051683385e-05,7.592577051683385e-05,0.00019280809473558487,0.06220452684473558,0.05317132371973558,0.07441155809473558,0.06733147996973558,0.04950921434473558,0.030954526844735583,0.00019280809473558487,0.00019280809473558487,-0.007131410655264415,-0.013234926280264415,-0.015920473155264417,-0.03545172315526442,-0.06010992628026442,-0.07378180128026442,0.00019280809473558487,0.00019280809473558487,0.00019280809473558487,0.00019280809473558487,0.00019280809473558487,-0.04961187940526442,-0.03935797315526442,-0.030324770030264417,-0.019582582530264417,0.00019280809473558487,-0.007375551280264415,-0.015676332530264417,-0.012502504405264415,0.029733823719735583,0.00019280809473558487,0.04853265184473558,0.031198667469735583,0.00019280809473558487,0.022653745594735583,0.06220452684473558,7.592577051683385e-05,7.592577051683385e-05,0.04828851121973558,0.00019280809473558487,0.029733823719735583,0.00019280809473558487,0.05317132371973558,0.00019280809473558487,0.00019280809473558487,0.00019280809473558487,-0.03789312940526442,-0.020070863780264417,-0.015920473155264417,0.00019280809473558487,-0.03740484815526442,0.00019280809473558487,7.592577051683385e-05,-0.05473883253026442,-0.03667242628026442,-0.04887945753026442,0.00019280809473558487,7.592577051683385e-05,7.592577051683385e-05,-0.005178285655264415,0.012399839344735585,0.00019280809473558487,-0.012258363780264415,-0.008352113780264415,0.00019280809473558487,0.016061948719735583,0.03901116746973558,0.03998772996973558,0.03656976121973558,0.04780022996973558,0.07270257371973558,0.00019280809473558487,7.592577051683385e-05,0.00019280809473558487,0.06196038621973558,0.04584710496973558,0.06489007371973558,0.06708733934473558,0.021188901844735583,-0.03252203565526442,0.00019280809473558487,-0.04057867628026442,0.00019280809473558487,-0.0007837544052644151,-0.07256109815526442,7.592577051683385e-05,7.592577051683385e-05,-0.06352789503026442,0.00019280809473558487,-0.03301031690526442,-0.03886969190526442,-0.07329352003026442,0.00019280809473558487,-0.030813051280264417,0.005808042469735585,0.007028745594735585,0.00019280809473558487,-0.005422426280264415,-0.008840395030264415,0.025095151844735583,0.04706780809473558,0.05683343309473558,0.00019280809473558487,0.03266351121973558,0.04633538621973558,0.00019280809473558487,7.592577051683385e-05,7.592577051683385e-05,0.05658929246973558,0.04633538621973558,0.04755608934473558,0.05243890184473558,0.00019280809473558487,0.00019280809473558487,0.017526792469735583,-0.002248598155264415,-0.04668219190526442,-0.04668219190526442,-0.04033453565526442,-0.04106695753026442,0.00019280809473558487,-0.05742437940526442,-0.07085211378026442,0.00019280809473558487,-0.05205328565526442,-0.05962164503026442,-0.07158453565526442,0.00019280809473558487,-0.06401617628026442,-0.030324770030264417,-0.0007837544052644151,-0.016164613780264417,-0.012258363780264415,0.00019280809473558487,0.03193108934473558,0.00019280809473558487,0.04389397996973558,0.03583733934473558,0.024851011219735583,0.05219476121973558,7.592577051683385e-05,7.592577051683385e-05,0.06952874559473558,0.00019280809473558487,0.00019280809473558487,0.04169671434473558,0.05317132371973558,0.03534905809473558,-0.006643129405264415,-0.03447516065526442,-0.023977113780264417,0.00019280809473558487,-0.012746645030264415,-0.016164613780264417,0.00019280809473558487,7.592577051683385e-05,7.592577051683385e-05,-0.05644781690526442,-0.03203375440526442,0.00019280809473558487,-0.030813051280264417,-0.04814703565526442,-0.06401617628026442,0.00019280809473558487,0.00019280809473558487,0.00019280809473558487,0.00019280809473558487,0.00019280809473558487,-0.022023988780264417,0.03193108934473558,0.06537835496973558,0.06879632371973558,0.04926507371973558,0.00019280809473558487,0.03241937059473558,0.04413812059473558,7.592577051683385e-05,0.00019280809473558487,0.05243890184473558,0.03461663621973558,0.00019280809473558487,0.04072015184473558,0.06073968309473558,0.023386167469735583,-0.027883363780264417,-0.04790289503026442,-0.03862555128026442,0.00019280809473558487,0.00019280809473558487,-0.012746645030264415,0.00019280809473558487,0.00019280809473558487,0.00019280809473558487,-0.05473883253026442,-0.03813727003026442,0.00019280809473558487,-0.05547125440526442,7.592577051683385e-05,0.00019280809473558487,-0.003469301280264415,0.021921323719735583,0.008249448719735585,-0.010793520030264415,0.00019280809473558487,-0.011281801280264415,0.031198667469735583,0.04364983934473558,0.03949944871973558,0.00019280809473558487,0.03559319871973558,0.00019280809473558487,0.06562249559473558,7.592577051683385e-05,0.05536858934473558,0.04242913621973558,0.00019280809473558487,0.00019280809473558487,0.00019280809473558487,0.00019280809473558487,0.00019280809473558487,0.002390073719735585,-0.008596254405264415,-0.027395082530264417,0.00019280809473558487,-0.04887945753026442,-0.05595953565526442,-0.06328375440526442,-0.06377203565526442,-0.05669195753026442,0.00019280809473558487,-0.04350836378026442,0.00019280809473558487,-0.05376227003026442,-0.05620367628026442,0.007517026844735585,0.023386167469735583,0.002634214344735585,-0.020070863780264417,0.00019280809473558487,-0.011037660655264415,0.00019280809473558487,0.05024163621973558,0.04609124559473558,0.04291741746973558,0.05097405809473558,0.05976312059473558,0.00019280809473558487,0.06611077684473558,7.592577051683385e-05,7.592577051683385e-05,0.00019280809473558487,7.592577051683385e-05,7.592577051683385e-05,0.07343499559473558,0.00019280809473558487,0.04609124559473558,0.019724058094735583,-0.014943910655264415,-0.016408754405264417,-0.023977113780264417,0.00019280809473558487,-0.05742437940526442,0.00019280809473558487,-0.06865484815526442,-0.07011969190526442,-0.07402594190526442,-0.06914312940526442,-0.05595953565526442,-0.05498297315526442,-0.05107672315526442,0.00019280809473558487,0.00019280809473558487,-0.009816957530264415,-0.03325445753026442,-0.04717047315526442,-0.03301031690526442,0.00019280809473558487,0.010446714344735585,0.04194085496973558,-0.00029547315526441513,-0.03447516065526442,0.00019280809473558487,0.00019280809473558487,0.04975335496973558,7.592577051683385e-05,0.023142026844735583,-0.026174379405264417,-0.019826723155264417,0.03168694871973558,0.00019280809473558487,0.06928460496973558,0.04828851121973558,0.00019280809473558487,-0.05888922315526442,-0.03374273878026442,0.00019280809473558487,-0.002248598155264415,-0.005666566905264415,-0.06938727003026442,7.592577051683385e-05,-0.05522711378026442,-0.03178961378026442,0.00019280809473558487,0.00019280809473558487,-0.05254156690526442,-0.05180914503026442,-0.024953676280264417,0.010934995594735585,0.00019280809473558487,0.026071714344735583,0.004343198719735585,-0.021535707530264417,0.015329526844735585,0.00019280809473558487,0.00019280809473558487,0.06415765184473558,0.03827874559473558,-0.004690004405264415,0.022165464344735583,0.05927483934473558,0.06562249559473558,0.03803460496973558,0.00019280809473558487,0.008493589344735585,0.00019280809473558487,0.013620542469735585,0.03583733934473558,0.026559995594735583,0.007272886219735585,-0.004934145030264415,0.005075620594735585,0.00019280809473558487,0.023142026844735583,-0.0007837544052644151,0.00019280809473558487,-0.029836488780264417,0.00019280809473558487,0.00019280809473558487,0.00019280809473558487,0.00019280809473558487,-0.010061098155264415,-0.024465395030264417,0.00019280809473558487,-0.023732973155264417,-0.002736879405264415,0.00019280809473558487,0.004587339344735585,-0.013234926280264415,-0.012746645030264415,0.00019280809473558487,0.0019017924697355849,0.010446714344735585,-5.133253026441513e-05,-0.002248598155264415,-0.004201723155264415,0.00019280809473558487,-0.009328676280264415,0.00019280809473558487,-0.008596254405264415,-0.010305238780264415,-0.018361879405264417,-0.018606020030264417,-0.011281801280264415,0.00019280809473558487,0.00019280809473558487,0.00019280809473558487,0.00019280809473558487,0.00019280809473558487,-0.019094301280264417,0.002634214344735585,-0.002248598155264415,-0.013967348155264415,-0.019094301280264417,-0.010305238780264415,0.00019280809473558487,0.0011693705947355849,0.002634214344735585,0.00019280809473558487,-0.006887270030264415,-0.006643129405264415,0.00043694871973558487,0.006784604969735585,0.012643979969735585,0.00019280809473558487,0.011179136219735585,0.005563901844735585,0.002390073719735585,0.00019280809473558487,0.006540464344735585,0.00019280809473558487,0.00019280809473558487,0.00019280809473558487,0.00019280809473558487,0.012643979969735585,0.003610776844735585,0.009470151844735585,0.014841245594735585,0.00019280809473558487,0.006784604969735585,0.007028745594735585,0.00019280809473558487,0.011911558094735585,0.014352964344735585,0.009714292469735585,0.008249448719735585,0.004343198719735585,0.004587339344735585,0.00019280809473558487,0.012155698719735585,0.008005308094735585,0.00019280809473558487,0.0011693705947355849,-0.0007837544052644151,0.003122495594735585,0.00019280809473558487,-0.0007837544052644151,-0.004690004405264415,0.00019280809473558487,0.003122495594735585,0.00019280809473558487,0.027536558094735583,0.024606870594735583,-0.03130133253026442,-0.07182867628026442,-0.06230719190526442,-0.010305238780264415,0.00019280809473558487,0.03681390184473558,0.00019280809473558487,-0.03130133253026442,-0.06181891065526442,-0.014699770030264415,0.015817808094735583,0.009714292469735585,0.00019280809473558487,-0.012502504405264415,-0.022756410655264417,-0.002981020030264415,0.00019280809473558487,0.027292417469735583,0.030466245594735583,0.017282651844735583,0.00019280809473558487,0.007028745594735585,0.029977964344735583,0.04145257371973558,0.03364007371973558,0.014108823719735585,0.00019280809473558487,0.00019280809473558487,-0.004201723155264415,0.022897886219735583,0.05512444871973558,0.030222104969735583,-0.008840395030264415,-0.021779848155264417,0.00019280809473558487,0.005563901844735585,0.03315179246973558,0.00019280809473558487,0.004587339344735585,0.011179136219735585,0.015329526844735585,0.010690854969735585,0.00019280809473558487,-0.002981020030264415,-0.016164613780264417,0.011667417469735585,0.03779046434473558,0.00019280809473558487,-0.015676332530264417,-0.05473883253026442,0.00019280809473558487,-0.04863531690526442,0.002878354969735585,0.04902093309473558,-0.012014223155264415,-0.06963141065526442,-0.06255133253026442,0.00019280809473558487,0.00019280809473558487,0.04389397996973558,0.03461663621973558,-0.03984625440526442,-0.026662660655264417,-0.005422426280264415,0.004099058094735585,0.00019280809473558487,0.006296323719735585,-0.0012720356552644151,0.00019280809473558487,-0.029592348155264417,0.006784604969735585,0.012643979969735585,-0.008107973155264415,-0.024221254405264417,0.00019280809473558487,-0.018850160655264417,-0.012014223155264415,-0.010549379405264415,0.00019280809473558487,-0.04155523878026442,-0.03301031690526442,-0.012990785655264415,0.00019280809473558487,-0.010305238780264415,-0.027639223155264417,-0.04570562940526442,-0.03960211378026442,0.00019280809473558487,0.00019280809473558487,0.00019280809473558487,0.00019280809473558487,0.00019280809473558487,-0.04961187940526442,-0.014455629405264415,0.012888120594735585,0.006784604969735585,-0.021535707530264417,-0.04131109815526442,0.00019280809473558487,-0.03935797315526442,-0.024709535655264417,0.00019280809473558487,0.025095151844735583,-0.002004457530264415,-0.027883363780264417,-0.023000551280264417,0.00019280809473558487,0.002878354969735585,0.011423276844735585,-0.011281801280264415,-0.018606020030264417,0.00019280809473558487,0.027536558094735583,0.00019280809473558487,0.00019280809473558487,0.00019280809473558487,0.00019280809473558487,-0.009572816905264415,0.03241937059473558,0.04316155809473558,0.03437249559473558,0.00019280809473558487,0.00019280809473558487,0.005075620594735585,0.04242913621973558,0.04364983934473558,0.023386167469735583,0.005319761219735585,0.012155698719735585,0.00019280809473558487,0.026315854969735583,0.023874448719735583,0.00019280809473558487,0.003610776844735585,-0.006154848155264415,0.010690854969735585,0.00019280809473558487,0.022897886219735583,0.007761167469735585,-0.021047426280264417,0.00019280809473558487,0.00019280809473558487,0.00019280809473558487,0.00019280809473558487,0.00019280809473558487,-0.015676332530264417,-0.05302984815526442,-0.025441957530264417,0.028757261219735583,0.00019280809473558487,0.05317132371973558,0.008005308094735585,-0.019094301280264417,-0.015188051280264415,0.00019280809473558487,0.03925530809473558,0.00019280809473558487,0.03852288621973558,0.014352964344735585,-0.020803285655264417,0.011667417469735585,0.04633538621973558,0.05146233934473558,0.019724058094735583,0.00019280809473558487,0.00019280809473558487,-0.026174379405264417,0.04755608934473558,0.04194085496973558,0.006540464344735585,-0.023488832530264417,-0.03374273878026442,0.00019280809473558487,-0.017629457530264417,0.010446714344735585,0.00019280809473558487,-0.026418520030264417,-0.026418520030264417,-0.021535707530264417,0.00019280809473558487,-0.011281801280264415,-0.008596254405264415,-0.019094301280264417,-0.0005396137802644151,0.016550229969735583,0.00019280809473558487,0.0019017924697355849,0.00019280809473558487,-0.005422426280264415,0.012155698719735585,0.03486077684473558,0.020212339344735583,-0.011037660655264415,0.00019280809473558487,-0.018850160655264417,-0.006398988780264415,0.00019280809473558487,0.014841245594735585,-0.004690004405264415,-0.025930238780264417,-0.026174379405264417,0.00019280809473558487,-0.006643129405264415,0.028513120594735583,0.009958433094735585,-0.022756410655264417,0.00019280809473558487,0.006540464344735585,0.03364007371973558,0.00019280809473558487,0.025583433094735583,0.009470151844735585,0.004343198719735585,0.003854917469735585,0.006540464344735585,0.011911558094735585,0.00019280809473558487,0.006784604969735585,0.011423276844735585,0.00019280809473558487,0.018503354969735583,0.021188901844735583,-0.014211488780264415,-0.011037660655264415,0.011667417469735585,0.03144280809473558,0.029733823719735583,0.00019280809473558487,-0.008840395030264415,0.00019280809473558487,-0.010305238780264415,0.00019280809473558487,0.00019280809473558487,0.00019280809473558487,-0.0015161762802644151,-0.025930238780264417,0.00019280809473558487,-0.03447516065526442,0.00019280809473558487,0.002390073719735585,-0.015920473155264417,-0.03594000440526442,0.00019280809473558487,-0.03447516065526442,-0.003469301280264415,-0.020070863780264417,-0.026662660655264417,-0.009572816905264415,0.00019280809473558487,0.00019280809473558487,-0.014211488780264415,-0.016652895030264417,-0.016652895030264417,-0.021291566905264417,0.00019280809473558487,-0.018361879405264417,0.0019017924697355849,0.00019280809473558487,0.00019280809473558487,0.00019280809473558487,0.00019280809473558487,0.00019280809473558487,0.00019280809473558487,-0.002004457530264415,-0.020559145030264417,-0.025686098155264417,-0.027395082530264417,-0.014455629405264415,0.00019280809473558487,-0.004445863780264415,-0.023244691905264417,0.00019280809473558487,0.00019280809473558487,0.006052183094735585,-0.008840395030264415,-0.012258363780264415,-0.002981020030264415,0.0019017924697355849,-0.0005396137802644151,0.00019280809473558487,0.0019017924697355849,0.019235776844735583,0.00019280809473558487,0.00019280809473558487,0.002878354969735585,0.00019280809473558487,0.00019280809473558487,0.00019280809473558487,0.014352964344735585,0.023874448719735583,0.018503354969735583,0.006784604969735585,0.00019280809473558487,0.00019280809473558487,0.03583733934473558,0.023874448719735583,0.004099058094735585,0.00019280809473558487,0.0016576518447355849,0.023874448719735583,0.026315854969735583,0.010690854969735585,0.016550229969735583,0.00019280809473558487,0.021677183094735583,0.00019280809473558487,0.003366636219735585,0.010202573719735585,0.03583733934473558,0.023874448719735583,0.010446714344735585,0.007761167469735585,0.014108823719735585,0.00019280809473558487,0.00019280809473558487,0.006784604969735585,0.010934995594735585,0.022165464344735583,0.003854917469735585,-0.025930238780264417,0.00019280809473558487,-0.030324770030264417,-0.003225160655264415,0.010446714344735585,0.00019280809473558487,-0.027395082530264417,0.007517026844735585,0.028513120594735583,0.00019280809473558487,0.011667417469735585,-0.020315004405264417,0.008981870594735585,0.026071714344735583,0.011911558094735585,0.00019280809473558487,-0.009328676280264415,0.00019280809473558487,0.007761167469735585,-5.133253026441513e-05,-0.004201723155264415,0.007028745594735585,0.010934995594735585,-0.002248598155264415,-0.020070863780264417,0.00019280809473558487,0.00019280809473558487,-0.017873598155264417,-0.004201723155264415,-0.03178961378026442,-0.04594977003026442,-0.023000551280264417,0.006296323719735585,0.00019280809473558487,0.010446714344735585,-0.06157477003026442,0.00019280809473558487,-0.019094301280264417,0.018015073719735583,0.015085386219735585,-0.023488832530264417,0.00019280809473558487,-0.05620367628026442,-0.007863832530264415,0.021677183094735583,0.009958433094735585,0.00019280809473558487,-0.04643805128026442,-0.018850160655264417,0.00019280809473558487,0.018747495594735583,-0.005666566905264415,-0.026174379405264417,-0.012014223155264415,0.013620542469735585,0.022409604969735583,0.00019280809473558487,0.0016576518447355849,0.00019280809473558487,-0.005178285655264415,0.023386167469735583,0.03412835496973558,0.020212339344735583,0.004587339344735585,0.003854917469735585,0.00019280809473558487,0.016794370594735583,0.00019280809473558487,0.03852288621973558,-0.010793520030264415,-0.004201723155264415,0.03266351121973558,0.05536858934473558,0.03168694871973558,0.00019280809473558487,-0.012258363780264415,-0.003957582530264415,0.00019280809473558487,0.04731194871973558,0.016306089344735583,-0.03154547315526442,-0.04790289503026442,0.00019280809473558487,-0.013479066905264415,0.00019280809473558487,0.00019280809473558487,0.00019280809473558487,0.00019280809473558487,0.00019280809473558487,0.019235776844735583,0.014597104969735585,-0.027395082530264417,-0.05742437940526442,0.00019280809473558487,-0.03618414503026442,0.04731194871973558,0.030222104969735583,-0.016164613780264417,0.00019280809473558487,-0.030568910655264417,0.00019280809473558487,0.029001401844735583,0.07245843309473558,0.004587339344735585,-0.03569586378026442,-0.029348207530264417,0.021433042469735583,0.06928460496973558,0.00019280809473558487,0.00019280809473558487,0.00019280809473558487,0.00019280809473558487,0.00019280809473558487,0.00019280809473558487,0.021921323719735583,-0.04106695753026442,-0.06084234815526442,0.00019280809473558487,-0.03252203565526442,0.00019280809473558487,-0.014211488780264415,-0.04570562940526442,-0.05034430128026442,-0.025930238780264417,0.00019280809473558487,-0.003225160655264415,-0.027883363780264417,-0.05229742628026442,-0.05058844190526442,0.00019280809473558487,-0.0007837544052644151,0.006296323719735585,0.00019280809473558487,0.002145933094735585,-0.016408754405264417,-0.008352113780264415,0.014597104969735585,0.00019280809473558487,0.00019280809473558487,0.00019280809473558487,0.00019280809473558487,0.00019280809473558487,0.06269280809473558,0.06220452684473558,0.03827874559473558,0.020700620594735583,0.00019280809473558487,0.019479917469735583,0.05170647996973558,0.04853265184473558,0.018747495594735583,0.00019280809473558487,-0.022512270030264417,0.0019017924697355849,0.00019280809473558487,0.023142026844735583,-0.014699770030264415,-0.022023988780264417,-0.022512270030264417,-0.024953676280264417,-0.026662660655264417,0.00019280809473558487,-0.024221254405264417,0.00019280809473558487,-0.03252203565526442,-0.03178961378026442,-0.03301031690526442,-0.029836488780264417,-0.013723207530264415,0.00019280809473558487,-0.005422426280264415,-0.007619691905264415,0.00019280809473558487,0.022653745594735583,0.03730218309473558,0.03388421434473558,0.025095151844735583,0.00019280809473558487,0.022653745594735583,0.03608147996973558,0.03315179246973558,0.027780698719735583,0.00019280809473558487,0.016794370594735583,0.009958433094735585,0.00019280809473558487,0.002390073719735585,0.009714292469735585,0.005075620594735585,-0.016897035655264417,-0.03471930128026442,-0.027883363780264417,0.00019280809473558487,-0.004934145030264415,0.00019280809473558487,-0.030813051280264417,-0.05058844190526442,-0.03911383253026442,-0.04424078565526442,-0.04619391065526442,-0.03886969190526442,0.00019280809473558487,-0.025441957530264417,0.00019280809473558487,-0.013723207530264415,-0.016408754405264417,0.00019280809473558487,0.014597104969735585,0.018747495594735583,0.020456479969735583,0.00019280809473558487,0.023142026844735583,0.03486077684473558,0.00019280809473558487,0.027536558094735583,0.013376401844735585,0.008737729969735585,0.021677183094735583,0.00019280809473558487,0.03168694871973558,0.002145933094735585,-0.002492738780264415,-0.003957582530264415,0.00019280809473558487,-0.016897035655264417,-0.019826723155264417,0.00019280809473558487,-0.018606020030264417,-0.03301031690526442,-0.04277594190526442,-0.03569586378026442,-0.024953676280264417,-0.023488832530264417,0.00019280809473558487,-0.023977113780264417,0.00019280809473558487,-0.004690004405264415,0.019724058094735583,0.005808042469735585,0.0014135112197355849,0.010202573719735585,0.023874448719735583,0.00019280809473558487,0.04096429246973558,0.00019280809473558487,0.05658929246973558,0.04169671434473558,0.030222104969735583,0.03339593309473558,0.03949944871973558,0.00019280809473558487,0.04023187059473558,0.020700620594735583,0.008249448719735585,0.00019280809473558487,0.014597104969735585,0.00019280809473558487,-0.017629457530264417,0.00019280809473558487,0.00019280809473558487,0.00019280809473558487,-0.020070863780264417,0.00019280809473558487,-0.03252203565526442,0.00019280809473558487,-0.04253180128026442,0.00019280809473558487,0.002390073719735585,-0.005666566905264415,-0.022023988780264417,-0.021535707530264417,0.00019280809473558487,0.015573667469735585,0.00019280809473558487,0.016550229969735583,0.00019280809473558487,0.015085386219735585,0.00019280809473558487,0.021433042469735583,0.017770933094735583,0.008981870594735585,0.005808042469735585,0.008493589344735585,0.00019280809473558487,0.00019280809473558487,0.00019280809473558487,0.00019280809473558487,0.00019280809473558487,-0.03301031690526442,0.00019280809473558487,-0.03423102003026442,-0.015920473155264417,-0.030568910655264417,-0.04692633253026442,-0.04472906690526442,-0.025930238780264417,0.00019280809473558487,-0.010061098155264415,0.00019280809473558487,0.003610776844735585,-0.004690004405264415,-0.008840395030264415,0.004831479969735585,0.03193108934473558,0.00019280809473558487,0.04487054246973558,0.029245542469735583,0.022165464344735583,0.00019280809473558487,0.010202573719735585,0.00019280809473558487,0.00019280809473558487,0.00019280809473558487,0.00019280809473558487,0.003610776844735585,-0.015188051280264415,0.00019280809473558487,-0.006154848155264415,-0.007619691905264415,0.00019280809473558487,0.00019280809473558487,-0.03618414503026442,-0.03960211378026442,-0.024221254405264417,-0.008840395030264415,-0.010793520030264415,0.00019280809473558487,-0.006398988780264415,-0.004934145030264415,0.00019280809473558487,0.0019017924697355849,0.011179136219735585,0.019235776844735583,0.00019280809473558487,0.024362729969735583,0.03754632371973558,0.00019280809473558487,0.00019280809473558487,0.00019280809473558487,0.00019280809473558487,0.00019280809473558487,0.00019280809473558487,0.029001401844735583,-0.007863832530264415,-0.014455629405264415,-0.004445863780264415,0.00019280809473558487,0.00019280809473558487,-0.007619691905264415,-0.029592348155264417,0.00019280809473558487,-0.03960211378026442,-0.026662660655264417,-0.015188051280264415,0.00019280809473558487,-0.026662660655264417,-0.020803285655264417,-0.002248598155264415,0.011179136219735585,0.008249448719735585,0.00019280809473558487,0.00019280809473558487,0.009714292469735585,0.00019280809473558487,0.00019280809473558487,0.00019280809473558487,-0.002004457530264415,0.00019280809473558487,0.009714292469735585,0.028268979969735583,0.012155698719735585,0.00019280809473558487,0.00019280809473558487,-0.014699770030264415,-0.0007837544052644151,0.004343198719735585,-0.003225160655264415,-0.020070863780264417,0.00019280809473558487,-0.03471930128026442,-0.003713441905264415,0.012155698719735585,0.00019280809473558487,-0.006154848155264415,0.002634214344735585,0.013620542469735585,0.00019280809473558487,0.021677183094735583,0.03901116746973558,0.00019280809473558487,0.00019280809473558487,0.00019280809473558487,0.00019280809473558487,0.00019280809473558487,0.00019280809473558487,0.015573667469735585,0.008005308094735585,-0.00029547315526441513,-0.012990785655264415,-0.023488832530264417,-0.027395082530264417,0.00019280809473558487,-0.020315004405264417,0.00019280809473558487,-0.05913336378026442,-0.04424078565526442,-0.008840395030264415,0.002145933094735585,0.00019280809473558487,-0.026662660655264417,-0.024709535655264417,0.017770933094735583,0.03656976121973558,0.00019280809473558487,0.003122495594735585,0.00019280809473558487,0.008005308094735585,0.03656976121973558,0.030710386219735583,0.020212339344735583,0.013132261219735585,0.007028745594735585,0.00019280809473558487,0.006296323719735585,0.00019280809473558487,0.0011693705947355849,-0.011525941905264415,-0.022268129405264417,-0.026174379405264417,0.00019280809473558487,-0.018606020030264417,-0.013479066905264415,-0.025197816905264417,-0.030813051280264417,0.00019280809473558487,0.0011693705947355849,0.013132261219735585,0.007272886219735585,0.00019280809473558487,-0.004934145030264415,0.022409604969735583,0.030466245594735583,0.012155698719735585,0.005075620594735585,0.00019280809473558487,0.029001401844735583,0.00019280809473558487,0.020456479969735583,0.008737729969735585,0.013376401844735585,0.005563901844735585,-0.006643129405264415,-0.017385316905264417,0.00019280809473558487,-0.010305238780264415,0.00019280809473558487,-0.026662660655264417,-0.03838141065526442,-0.012014223155264415,0.004099058094735585,0.0014135112197355849,-0.005910707530264415,0.00019280809473558487,-5.133253026441513e-05,0.015085386219735585,0.00019280809473558487,0.03193108934473558,0.04950921434473558,0.04511468309473558,0.014841245594735585,0.00019280809473558487,-0.009328676280264415,0.022409604969735583,0.026559995594735583,0.00019280809473558487,0.00019280809473558487,-0.015188051280264415,0.012155698719735585,0.018503354969735583,0.00019280809473558487,-0.05498297315526442,-0.05864508253026442,-0.03203375440526442,-0.004690004405264415,-0.004445863780264415,0.00019280809473558487,-0.022756410655264417,0.00019280809473558487,-0.014211488780264415,0.015573667469735585,0.022897886219735583,0.028513120594735583,0.021921323719735583,0.005808042469735585,0.00019280809473558487,-0.007619691905264415,0.00019280809473558487,0.023142026844735583,0.002634214344735585,-0.026906801280264417,-0.030324770030264417,-0.008107973155264415,0.00019280809473558487,0.007761167469735585,-0.029592348155264417,-0.04155523878026442,0.00019280809473558487,-0.011281801280264415,-0.013234926280264415,-0.018606020030264417,-0.011770082530264415,0.00019280809473558487,0.017770933094735583,0.014352964344735585,0.013376401844735585,0.026315854969735583,0.00019280809473558487,0.04389397996973558,0.03559319871973558,0.00019280809473558487,0.021188901844735583,0.018259214344735583,0.011179136219735585,0.0014135112197355849,-0.007131410655264415,-0.007375551280264415,0.00019280809473558487,0.00019280809473558487,-0.014699770030264415,-0.03325445753026442,-0.03301031690526442,-0.027150941905264417,-0.021535707530264417,-0.011525941905264415,0.00019280809473558487,0.0006810893447355849,0.006540464344735585,0.00019280809473558487,0.021677183094735583,0.015329526844735585,0.022653745594735583,0.03901116746973558,0.00019280809473558487,0.03998772996973558,-0.005178285655264415,-0.009816957530264415,0.009226011219735585,0.00019280809473558487,0.027048276844735583,0.0019017924697355849,-0.020070863780264417,0.00019280809473558487,-0.029348207530264417,-0.023977113780264417,-0.018117738780264417,-0.014211488780264415,0.00019280809473558487,0.00019280809473558487,0.00019280809473558487,0.00019280809473558487,0.00019280809473558487,0.03193108934473558,0.015817808094735583,0.006052183094735585,0.00019280809473558487,0.03656976121973558,0.03290765184473558,0.012888120594735585,-0.007375551280264415,-0.008107973155264415,0.00019280809473558487,0.0009252299697355849,0.00019280809473558487,-0.04741461378026442,-0.06670172315526442,-0.06889898878026442,-0.04350836378026442,-0.004690004405264415,0.023386167469735583,0.00019280809473558487,0.020700620594735583,0.00019280809473558487,-0.014699770030264415,0.00019280809473558487,0.00019280809473558487,0.00019280809473558487,0.03681390184473558,0.00019280809473558487,0.03534905809473558,-0.004201723155264415,-0.005910707530264415,0.00019280809473558487,-0.0005396137802644151,0.00019280809473558487,-0.012258363780264415,-0.03178961378026442,-0.027395082530264417,-0.03325445753026442,-0.04839117628026442,-0.05888922315526442,-0.04424078565526442,0.00019280809473558487,0.00019280809473558487,-0.015920473155264417,-0.04961187940526442,-0.030813051280264417,-0.0015161762802644151,-0.0017603169052644151,-0.017141176280264417,0.00019280809473558487,0.00019280809473558487,0.00019280809473558487,0.00019280809473558487,0.00019280809473558487,0.011423276844735585,0.00019280809473558487,0.020700620594735583,0.0009252299697355849,-0.006398988780264415,0.014841245594735585,0.04047601121973558,0.00019280809473558487,0.03852288621973558,0.0009252299697355849,0.00019280809473558487,-0.0017603169052644151,0.010690854969735585,0.025827573719735583,0.029733823719735583,0.00019280809473558487,-0.007131410655264415,-0.016897035655264417,0.003854917469735585,0.04023187059473558,0.00019280809473558487,0.00019280809473558487,0.004099058094735585,0.00019280809473558487,0.00019280809473558487,0.00019280809473558487,0.00019280809473558487,0.00019280809473558487,0.03144280809473558,0.004587339344735585,0.00019280809473558487,0.00019280809473558487,0.008005308094735585,0.00019280809473558487,0.008737729969735585,-0.0010278950302644151,0.00019280809473558487,-0.003713441905264415,0.011423276844735585,0.017770933094735583,0.00019280809473558487,0.00019280809473558487,0.004099058094735585,0.00019280809473558487,0.018015073719735583,0.022409604969735583,0.00019280809473558487,0.013132261219735585,0.014108823719735585,0.00019280809473558487,0.00019280809473558487,0.00019280809473558487,0.00019280809473558487,0.00019280809473558487,0.00019280809473558487,0.008737729969735585,-0.0005396137802644151,0.00019280809473558487,-0.011525941905264415,-0.006643129405264415,-0.0005396137802644151,0.00019280809473558487,-0.004934145030264415,0.00019280809473558487,0.00019280809473558487,-0.019582582530264417,-0.010061098155264415
UR5e_W,0.009535998423165139,0.03541490467316514,-0.00022962657683486213,0.04127427967316514,0.03395006092316514,-0.00022962657683486213,0.006850451548165138,0.02589342029816514,0.02931138904816514,0.02296373279816514,-0.00022962657683486213,0.011977404673165139,-0.00022962657683486213,-0.00022962657683486213,-0.00022962657683486213,-0.00022962657683486213,-0.00022962657683486213,-0.012680798451834861,-0.010971814076834861,-0.00022962657683486213,-0.008042126576834861,-0.011704235951834861,-0.01878431407683486,-0.03050306407683486,-0.02659681407683486,-0.01585462657683486,-0.00022962657683486213,-0.00022962657683486213,-0.00022962657683486213,-0.00022962657683486213,-0.01927259532683486,-0.01609876720183486,-0.00022962657683486213,-0.014878064076834861,-0.01609876720183486,-0.01805189220183486,-0.012192517201834861,-0.00022962657683486213,-0.013657360951834861,-0.00022962657683486213,-0.00022962657683486213,-0.00022962657683486213,-0.00022962657683486213,-0.0019386109518348621,-0.00022962657683486213,-0.003891735951834862,-0.009262829701834861,-0.00022962657683486213,-0.00022962657683486213,0.002211779673165138,-0.0014503297018348621,0.0012352171731651379,-0.00022962657683486213,0.002211779673165138,0.006118029673165138,0.010268420298165139,0.006118029673165138,-0.00022962657683486213,-0.00022962657683486213,0.008315295298165139,0.006362170298165138,0.010756701548165139,0.013686389048165139,0.010024279673165139,-0.00022962657683486213,0.005141467173165138,-0.00022962657683486213,-0.00022962657683486213,-0.00022962657683486213,-0.00022962657683486213,-0.00022962657683486213,0.004653185923165138,-0.003403454701834862,0.0012352171731651379,0.012709826548165139,-0.00022962657683486213,0.02076646717316514,0.014907092173165139,1.451404816513787e-05,-0.002671032826834862,-0.00022962657683486213,0.015395373423165139,-0.00022962657683486213,0.011733264048165139,-0.004135876576834862,-0.010971814076834861,-0.006577282826834862,0.0017234984231651379,0.008315295298165139,0.003920764048165138,-0.00022962657683486213,-0.00022962657683486213,-0.009262829701834861,-0.00022962657683486213,-0.00022962657683486213,-0.00022962657683486213,-0.002426892201834862,-0.005112439076834862,-0.010971814076834861,-0.00022962657683486213,-0.011704235951834861,-0.00022962657683486213,0.003676623423165138,-0.005356579701834862,-0.012680798451834861,-0.00022962657683486213,-0.011215954701834861,-0.004624157826834862,0.0005027952981651379,-0.004135876576834862,-0.012680798451834861,-0.00022962657683486213,-0.005112439076834862,-0.00022962657683486213,0.003920764048165138,0.0009910765481651379,-0.008286267201834861,-0.009262829701834861,-0.003159314076834862,-0.00022962657683486213,-0.00022962657683486213,-0.00022962657683486213,-0.00022962657683486213,-0.00022962657683486213,-0.004135876576834862,-0.00022962657683486213,-0.002426892201834862,-0.00022962657683486213,0.0005027952981651379,0.00025865467316513787,-0.0012061890768348621,-0.002182751576834862,-0.00022962657683486213,-0.00022962657683486213,-0.0019386109518348621,0.0007469359231651379,0.0007469359231651379,0.003920764048165138,0.006850451548165138,-0.00022962657683486213,0.005873889048165138,0.008559435923165139,0.014662951548165139,-0.00022962657683486213,0.010756701548165139,-0.00022962657683486213,-0.00022962657683486213,-0.00022962657683486213,-0.00022962657683486213,0.007827014048165139,0.002944201548165138,0.013442248423165139,-0.00022962657683486213,0.02296373279816514,-0.00022962657683486213,0.01808092029816514,0.006850451548165138,0.006362170298165138,-0.00022962657683486213,0.009535998423165139,0.013686389048165139,0.007582873423165138,-0.007797985951834862,1.451404816513787e-05,-0.00022962657683486213,0.008071154673165139,-0.00022962657683486213,0.0014793577981651379,-0.014878064076834861,-0.01927259532683486,0.0014793577981651379,-0.004624157826834862,-0.00022962657683486213,-0.00022962657683486213,-0.00022962657683486213,-0.00022962657683486213,-0.00022962657683486213,-0.02977064220183486,-0.05174329845183486,-0.06932142345183487,-0.00022962657683486213,-0.05687025157683486,-0.02903822032683486,-0.01585462657683486,-0.03733900157683486,-0.04637220470183486,-0.00022962657683486213,-0.006821423451834862,-0.00022962657683486213,0.01808092029816514,0.014907092173165139,-0.003647595326834862,0.005385607798165138,0.01905748279816514,0.03077623279816514,-0.00022962657683486213,0.03370592029816514,-0.00022962657683486213,0.02320787342316514,-0.00022962657683486213,-0.00022962657683486213,-0.00022962657683486213,0.04640123279816514,0.03590318592316514,-0.00022962657683486213,0.02931138904816514,0.03639146717316514,-0.00022962657683486213,0.04542467029816514,0.03419420154816514,0.02955552967316514,-0.00022962657683486213,0.02979967029816514,0.03224107654816514,0.02101060779816514,0.013930529673165139,-0.00022962657683486213,0.013442248423165139,-0.00022962657683486213,0.007582873423165138,-0.00022962657683486213,-0.0016944703268348621,-0.010727673451834861,-0.004135876576834862,-0.00022962657683486213,-0.00022962657683486213,-0.00022962657683486213,-0.00022962657683486213,-0.00022962657683486213,-0.00022962657683486213,-0.011460095326834861,-0.02195814220183486,-0.00022962657683486213,-0.03318861095183486,-0.03343275157683486,-0.02317884532683486,-0.03050306407683486,-0.03636243907683486,-0.03367689220183486,-0.00022962657683486213,-0.00022962657683486213,-0.010483532826834861,-0.003159314076834862,-0.02146986095183486,-0.02415540782683486,-0.01609876720183486,-0.00022962657683486213,-0.003159314076834862,0.008559435923165139,0.002944201548165138,-0.00022962657683486213,0.010512560923165139,-0.00022962657683486213,-0.00022962657683486213,-0.00022962657683486213,-0.00022962657683486213,0.002944201548165138,0.010268420298165139,-0.00022962657683486213,0.02467271717316514,-0.00022962657683486213,-0.00022962657683486213,0.007338732798165138,-0.00022962657683486213,-0.002182751576834862,0.002455920298165138,-0.00022962657683486213,0.005141467173165138,0.005629748423165138,-0.002426892201834862,-0.00022962657683486213,-0.00022962657683486213,-0.006089001576834862,-0.00022962657683486213,-0.009751110951834861,-0.01902845470183486,-0.00022962657683486213,-0.014389782826834861,-0.00022962657683486213,-0.00022962657683486213,-0.00022962657683486213,-0.00022962657683486213,-0.00022962657683486213,-0.00022962657683486213,-0.009995251576834861,-0.00022962657683486213,-0.02098157970183486,-0.02708509532683486,-0.006577282826834862,-0.00022962657683486213,0.003432482798165138,-0.002182751576834862,-0.00022962657683486213,-0.00022962657683486213,0.0007469359231651379,-0.00022962657683486213,0.008559435923165139,0.010268420298165139,0.008559435923165139,-0.00022962657683486213,0.01734849842316514,0.02174302967316514,0.01905748279816514,-0.00022962657683486213,-0.00022962657683486213,0.01832506092316514,-0.00022962657683486213,-0.00022962657683486213,-0.00022962657683486213,-0.00022962657683486213,0.01734849842316514,0.02174302967316514,-0.00022962657683486213,0.01905748279816514,-0.00022962657683486213,0.0005027952981651379,-0.00022962657683486213,0.003188342173165138,0.008071154673165139,-0.00022962657683486213,0.003188342173165138,-0.01707532970183486,-0.00022962657683486213,-0.01927259532683486,-0.00022962657683486213,-0.00022962657683486213,-0.015122204701834861,-0.008530407826834861,-0.010727673451834861,-0.00022962657683486213,-0.006089001576834862,-0.02415540782683486,-0.00022962657683486213,-0.00022962657683486213,-0.00022962657683486213,-0.00022962657683486213,-0.00022962657683486213,-0.008774548451834861,-0.00022962657683486213,-0.0012061890768348621,-0.003403454701834862,-0.01731947032683486,-0.00022962657683486213,-0.02293470470183486,0.0012352171731651379,-0.00022962657683486213,-0.00022962657683486213,0.02101060779816514,-0.007553845326834862,-0.00022962657683486213,-0.010971814076834861,0.014174670298165139,-0.00022962657683486213,0.02296373279816514,0.015395373423165139,-0.0007179078268348621,-0.00022962657683486213,-0.00022962657683486213,0.02589342029816514,-0.00022962657683486213,-0.00022962657683486213,-0.00022962657683486213,-0.00022962657683486213,0.0007469359231651379,0.02198717029816514,-0.00022962657683486213,0.01661607654816514,-0.00022962657683486213,-0.00022962657683486213,0.012709826548165139,-0.00022962657683486213,0.015151232798165139,-0.0014503297018348621,-0.006333142201834862,-0.00022962657683486213,0.00025865467316513787,0.011000842173165139,-0.00022962657683486213,-0.00022962657683486213,-0.01683118907683486,-0.00022962657683486213,-0.008042126576834861,0.02003404529816514,-0.00022962657683486213,0.01808092029816514,-0.00022962657683486213,-0.00022962657683486213,-0.00022962657683486213,-0.00022962657683486213,-0.00022962657683486213,-0.00022962657683486213,0.002944201548165138,0.01563951404816514,-0.00022962657683486213,0.014662951548165139,-0.0007179078268348621,-0.00022962657683486213,-0.00047376720183486213,-0.005112439076834862,-0.00022962657683486213,-0.00022962657683486213,-0.0019386109518348621,-0.00022962657683486213,-0.005844860951834862,-0.02830579845183486,-0.00022962657683486213,-0.03880384532683486,-0.03343275157683486,-0.011948376576834861,-0.00022962657683486213,-0.00022962657683486213,-0.02879407970183486,-0.00022962657683486213,-0.00022962657683486213,-0.00022962657683486213,-0.00022962657683486213,-0.00022962657683486213,-0.015610485951834861,-0.008286267201834861,-0.00022962657683486213,-0.00022962657683486213,-0.00022962657683486213,-0.014878064076834861,-0.00022962657683486213,-0.01902845470183486,0.02076646717316514,-0.00022962657683486213,0.03517076404816514,0.03712388904816514,0.006118029673165138,-0.00022962657683486213,-0.00022962657683486213,0.03199693592316514,-0.00022962657683486213,0.04469224842316514,0.02662584217316514,-0.00022962657683486213,0.007338732798165138,-0.00022962657683486213,-0.00022962657683486213,-0.00022962657683486213,-0.00022962657683486213,-0.00022962657683486213,-0.00022962657683486213,0.013686389048165139,0.015151232798165139,-0.00022962657683486213,-0.01658704845183486,-0.00022962657683486213,-0.02366712657683486,-0.014633923451834861,-0.00022962657683486213,-0.00022962657683486213,-0.00022962657683486213,-0.02293470470183486,-0.00022962657683486213,-0.02928236095183486,-0.02024915782683486,-0.02513197032683486,-0.00022962657683486213,-0.03685072032683486,-0.03855970470183486,-0.02854993907683486,-0.00022962657683486213,-0.01829603282683486,-0.00022962657683486213,-0.00022962657683486213,-0.00022962657683486213,-0.003647595326834862,-0.00022962657683486213,0.010756701548165139,0.008803576548165139,-0.0009620484518348621,-0.00022962657683486213,0.013442248423165139,-0.00022962657683486213,0.01881334217316514,0.02467271717316514,0.02931138904816514,0.01856920154816514,0.011489123423165139,0.012953967173165139,0.02686998279816514,-0.00022962657683486213,-0.00022962657683486213,0.02760240467316514,0.01905748279816514,0.008315295298165139,0.006118029673165138,0.008315295298165139,-0.00022962657683486213,-0.00022962657683486213,-0.00022962657683486213,-0.00022962657683486213,-0.00022962657683486213,-0.003891735951834862,-0.00022962657683486213,-0.013901501576834861,-0.01756361095183486,-0.01854017345183486,-0.013657360951834861,-0.013901501576834861,-0.012924939076834861,-0.00022962657683486213,-0.014389782826834861,-0.00022962657683486213,0.0007469359231651379,0.00025865467316513787,-0.003891735951834862,-0.00022962657683486213,-0.0009620484518348621,0.006850451548165138,0.011977404673165139,0.011977404673165139,0.005141467173165138,-0.00022962657683486213,-0.00022962657683486213,0.004653185923165138,-0.00022962657683486213,-0.00022962657683486213,-0.00022962657683486213,0.011000842173165139,-0.00047376720183486213,-0.009506970326834861,-0.006821423451834862,-0.00022962657683486213,-0.00022962657683486213,-0.007065564076834862,-0.010483532826834861,-0.01878431407683486,-0.00022962657683486213,-0.02537611095183486,-0.02610853282683486,-0.02195814220183486,-0.01609876720183486,-0.01683118907683486,-0.00022962657683486213,-0.02098157970183486,-0.02439954845183486,-0.02732923595183486,-0.00022962657683486213,-0.02586439220183486,-0.012436657826834861,0.007094592173165138,-0.00022962657683486213,-0.00022962657683486213,-0.00022962657683486213,-0.00022962657683486213,-0.00022962657683486213,0.03004381092316514,0.03175279529816514,0.02955552967316514,-0.00022962657683486213,0.02686998279816514,0.02784654529816514,0.02613756092316514,0.01954576404816514,0.03712388904816514,-0.00022962657683486213,0.03224107654816514,0.01637193592316514,-0.007065564076834862,-0.00022962657683486213,-0.01756361095183486,1.451404816513787e-05,0.02418443592316514,0.014907092173165139,-0.013169079701834861,-0.00022962657683486213,-0.02659681407683486,-0.00022962657683486213,-0.00022962657683486213,-0.00022962657683486213,-0.00022962657683486213,-0.03245618907683486,-0.04832532970183486,-0.03416517345183486,-0.012436657826834861,-0.00022962657683486213,-0.00022962657683486213,-0.0012061890768348621,-0.012680798451834861,-0.01780775157683486,-0.013413220326834861,0.002944201548165138,0.01612779529816514,0.01588365467316514,0.014418810923165139,-0.00022962657683486213,-0.00022962657683486213,0.0017234984231651379,-0.006821423451834862,0.005873889048165138,0.02149888904816514,0.02857896717316514,0.014418810923165139,-0.00022962657683486213,-0.00022962657683486213,-0.00022962657683486213,-0.00022962657683486213,-0.00022962657683486213,-0.008286267201834861,-0.00022962657683486213,-0.02049329845183486,-0.02195814220183486,-0.01805189220183486,-0.0014503297018348621,-0.006089001576834862,-0.01683118907683486,-0.02781751720183486,-0.00022962657683486213,-0.02073743907683486,-0.00022962657683486213,0.0017234984231651379,0.013930529673165139,0.002700060923165138,-0.012680798451834861,0.004409045298165138,0.012953967173165139,0.02101060779816514,-0.00022962657683486213,0.014662951548165139,-0.00022962657683486213,0.01808092029816514,-0.00022962657683486213,-0.00022962657683486213,-0.00022962657683486213,0.02784654529816514,0.02955552967316514,0.02979967029816514,-0.00022962657683486213,-0.00022962657683486213,0.002455920298165138,-0.006333142201834862,0.01905748279816514,0.014907092173165139,-0.002671032826834862,-0.01902845470183486,-0.015610485951834861,-0.002426892201834862,-0.00022962657683486213,-0.00022962657683486213,-0.011460095326834861,-0.02293470470183486,-0.03465345470183486,-0.02903822032683486,-0.01878431407683486,-0.015122204701834861,-0.00022962657683486213,-0.014878064076834861,-0.00022962657683486213,-0.00022962657683486213,-0.00022962657683486213,-0.00022962657683486213,-0.00022962657683486213,0.01637193592316514,-0.005844860951834862,-0.012192517201834861,0.01759263904816514,0.01783677967316514,0.003432482798165138,-0.00047376720183486213,0.005385607798165138,-0.00022962657683486213,-0.00022962657683486213,0.003920764048165138,-0.008042126576834861,-0.005112439076834862,0.014418810923165139,-0.007553845326834862,-0.02000501720183486,-0.006821423451834862,-0.00022962657683486213,0.013442248423165139,-0.00022962657683486213,-0.013901501576834861,-0.00022962657683486213,-0.00022962657683486213,-0.00022962657683486213,-0.00022962657683486213,-0.01951673595183486,-0.013901501576834861,-0.00047376720183486213,-0.00022962657683486213,0.011000842173165139,-0.00022962657683486213,0.01832506092316514,0.02125474842316514,0.011244982798165139,0.02540513904816514,0.04298326404816514,0.04225084217316514,0.02833482654816514,-0.00022962657683486213,0.01612779529816514,-0.00022962657683486213,0.014662951548165139,0.01563951404816514,0.014174670298165139,0.02125474842316514,0.01612779529816514,0.003920764048165138,-0.00022962657683486213,-0.00022962657683486213,-0.00022962657683486213,-0.00022962657683486213,-0.00022962657683486213,-0.04661634532683486,-0.00022962657683486213,-0.04441907970183486,-0.01609876720183486,0.007582873423165138,-0.015122204701834861,-0.03270032970183486,-0.02854993907683486,-0.006333142201834862,-0.00022962657683486213,0.02760240467316514,-0.00022962657683486213,0.003188342173165138,-0.02391126720183486,-0.02439954845183486,0.03565904529816514,0.04200670154816514,0.02149888904816514,-0.015366345326834861,-0.00022962657683486213,-0.02732923595183486,-0.00022962657683486213,-0.00022962657683486213,-0.00022962657683486213,-0.00022962657683486213,-0.03001478282683486,-0.00022962657683486213,-0.007797985951834862,0.013930529673165139,-0.00022962657683486213,-0.00022962657683486213,-0.05247572032683486,-0.01780775157683486,0.004897326548165138,-0.00047376720183486213,-0.00022962657683486213,-0.02903822032683486,-0.04002454845183486,-0.01658704845183486,0.04420396717316514,-0.00022962657683486213,0.011733264048165139,-0.02049329845183486,-0.01756361095183486,-0.00022962657683486213,0.02223131092316514,0.05567857654816514,0.04957506092316514,-0.014145642201834861,-0.00022962657683486213,-0.00022962657683486213,-0.00022962657683486213,-0.00022962657683486213,-0.00022962657683486213,0.012709826548165139,-0.005112439076834862,0.03150865467316514,0.04664537342316514,-0.00022962657683486213,0.012709826548165139,-0.03001478282683486,-0.03953626720183486,0.014418810923165139,-0.00022962657683486213,0.004653185923165138,-0.02098157970183486,-0.02635267345183486,-0.00022962657683486213,-0.004135876576834862,0.02784654529816514,0.01978990467316514,-0.009506970326834861,-0.011704235951834861,-0.00022962657683486213,0.03565904529816514,-0.00022962657683486213,-0.00022962657683486213,-0.00022962657683486213,-0.00022962657683486213,-0.01805189220183486,0.02418443592316514,0.04029771717316514,-0.00022962657683486213,0.006118029673165138,-0.00022962657683486213,-0.05369642345183486,0.006850451548165138,0.002211779673165138,-0.02952650157683486,-0.06199720470183486,-0.00022962657683486213,-0.06834486095183487,-0.03318861095183486,0.005629748423165138,-0.00022962657683486213,-0.006089001576834862,-0.01829603282683486,0.006362170298165138,0.02442857654816514,0.01808092029816514,0.003432482798165138,-0.00022962657683486213,-0.00022962657683486213,-0.00022962657683486213,-0.00022962657683486213,-0.00022962657683486213,-0.00022962657683486213,-0.013657360951834861,0.003920764048165138,0.004897326548165138,0.004164904673165138,0.0009910765481651379,-0.00022962657683486213,-0.006333142201834862,-0.006821423451834862,-0.005600720326834862,-0.00022962657683486213,-0.003647595326834862,-0.0019386109518348621,0.0007469359231651379,-0.002426892201834862,-0.00022962657683486213,-0.02024915782683486,-0.03782728282683486,-0.03245618907683486,-0.010971814076834861,-0.00022962657683486213,0.03370592029816514,0.02174302967316514,-0.00022962657683486213,-0.00022962657683486213,-0.00022962657683486213,-0.00022962657683486213,-0.002671032826834862,0.013930529673165139,0.01661607654816514,-0.00022962657683486213,-0.005112439076834862,-0.008286267201834861,-0.00022962657683486213,0.003188342173165138,0.01783677967316514,0.003188342173165138,-0.012680798451834861,-0.015122204701834861,-0.00022962657683486213,-0.003891735951834862,-0.00022962657683486213,0.02027818592316514,0.008803576548165139,0.013198107798165139,0.02394029529816514,0.03028795154816514,-0.00022962657683486213,0.02809068592316514,0.015151232798165139,-0.00022962657683486213,-0.00022962657683486213,-0.00022962657683486213,-0.00022962657683486213,-0.00022962657683486213,-0.004380017201834862,-0.008530407826834861,0.002211779673165138,0.004897326548165138,-0.0009620484518348621,-0.00022962657683486213,-0.002426892201834862,0.003188342173165138,0.002455920298165138,-0.00022962657683486213,-0.005844860951834862,0.004164904673165138,0.012221545298165139,0.009291857798165139,-0.00022962657683486213,-0.005844860951834862,-0.02513197032683486,-0.02146986095183486,-0.01976087657683486,-0.00022962657683486213,-0.03440931407683486,-0.00022962657683486213,-0.00022962657683486213,-0.00022962657683486213,-0.00022962657683486213,0.007827014048165139,-0.00022962657683486213,-0.04222181407683486,-0.03270032970183486,-0.00022962657683486213,0.014907092173165139,-0.00022962657683486213,0.013686389048165139,-0.0012061890768348621,-0.008286267201834861,0.008315295298165139,0.02369615467316514,0.02735826404816514,-0.00022962657683486213,0.01856920154816514,-0.00022962657683486213,-0.004868298451834862,0.02076646717316514,0.02174302967316514,-0.0014503297018348621,-0.02342298595183486,-0.00022962657683486213,-0.02195814220183486,0.002944201548165138,-0.00022962657683486213,-0.00022962657683486213,-0.00022962657683486213,-0.00022962657683486213,-0.00022962657683486213,0.01856920154816514,0.012465685923165139,-0.003647595326834862,-0.014878064076834861,-0.00022962657683486213,-0.013901501576834861,-0.003891735951834862,0.010756701548165139,-0.003159314076834862,-0.00022962657683486213,-0.010727673451834861,0.0005027952981651379,-0.00022962657683486213,0.015151232798165139,0.010512560923165139,-0.014145642201834861,-0.006577282826834862,0.013198107798165139,0.02271959217316514,-0.00022962657683486213,-0.00022962657683486213,0.0017234984231651379,-0.00022962657683486213,-0.00022962657683486213,-0.00022962657683486213,0.011977404673165139,0.001967639048165138,-0.00022962657683486213,-0.002915173451834862,-0.002671032826834862,-0.00022962657683486213,0.0014793577981651379,-0.002426892201834862,-0.008286267201834861,-0.00022962657683486213,-0.004624157826834862,-0.0007179078268348621,-0.007797985951834862,-0.013413220326834861,-0.013413220326834861,-0.00022962657683486213,-0.002915173451834862,-0.00022962657683486213,-0.004135876576834862,-0.005844860951834862,-0.008042126576834861,-0.005844860951834862,-0.00022962657683486213,-0.00022962657683486213,-0.00022962657683486213,-0.00022962657683486213,-0.00022962657683486213,-0.004868298451834862,-0.002426892201834862,-0.004868298451834862,-0.006333142201834862,-0.00022962657683486213,-0.004868298451834862,0.0007469359231651379,0.004409045298165138,0.0014793577981651379,-0.00022962657683486213,-0.00022962657683486213,-0.005356579701834862,0.0012352171731651379,0.004164904673165138,0.003188342173165138,-0.0007179078268348621,-0.00022962657683486213,-0.0009620484518348621,0.003432482798165138,0.008315295298165139,-0.00022962657683486213,0.007094592173165138,-0.00022962657683486213,-0.00022962657683486213,-0.00022962657683486213,-0.00022962657683486213,-0.015122204701834861,-0.01976087657683486,0.008803576548165139,0.02638170154816514,-0.00022962657683486213,-0.00022962657683486213,0.01734849842316514,0.05421373279816514,-1.3195912772362373e-05,0.06275865467316513,-0.00022962657683486213,0.02369615467316514,0.0017234984231651379,0.04957506092316514,0.05470201404816514,-0.00022962657683486213,-0.007065564076834862,-0.00022962657683486213,-0.02464368907683486,-0.006089001576834862,-0.008042126576834861,-0.02000501720183486,-0.00022962657683486213,-0.03611829845183486,-0.00022962657683486213,-0.00022962657683486213,-0.00022962657683486213,-0.00022962657683486213,-0.02830579845183486,-0.05442884532683486,-0.03587415782683486,-0.011215954701834861,0.004409045298165138,-0.00022962657683486213,0.002944201548165138,-0.013901501576834861,-0.05320814220183486,-0.00022962657683486213,-0.02903822032683486,-0.010239392201834861,-0.00022962657683486213,-0.002426892201834862,-0.009751110951834861,-0.03489759532683486,-0.04319837657683486,-0.03660657970183486,-0.01585462657683486,-0.00022962657683486213,-0.00022962657683486213,0.006118029673165138,-0.00022962657683486213,-0.00022962657683486213,-0.00022962657683486213,0.01856920154816514,-0.00022962657683486213,0.02760240467316514,-0.004135876576834862,-0.004624157826834862,-0.00022962657683486213,0.02198717029816514,-0.00022962657683486213,0.02247545154816514,0.01783677967316514,0.04103013904816514,0.05494615467316514,0.04688951404816514,0.02320787342316514,0.003920764048165138,-0.00022962657683486213,-0.00022962657683486213,0.02076646717316514,0.03175279529816514,0.011733264048165139,-0.004868298451834862,-0.01780775157683486,-0.01585462657683486,-0.00022962657683486213,-0.00022962657683486213,-0.00022962657683486213,-0.00022962657683486213,-0.00022962657683486213,0.01710435779816514,0.02369615467316514,-0.00022962657683486213,0.03663560779816514,0.03517076404816514,0.03150865467316514,0.03492662342316514,0.04176256092316514,-0.00022962657683486213,0.04762193592316514,-0.00022962657683486213,0.01783677967316514,0.02223131092316514,0.01734849842316514,-0.00022962657683486213,-0.003403454701834862,-0.02415540782683486,-0.03807142345183486,-0.03538587657683486,-0.02708509532683486,-0.00022962657683486213,-0.00022962657683486213,-0.01976087657683486,-0.00022962657683486213,-0.00022962657683486213,-0.00022962657683486213,-0.003647595326834862,-0.01780775157683486,0.006362170298165138,0.04371568592316514,-0.00022962657683486213,-0.00022962657683486213,0.02784654529816514,0.005873889048165138,0.0009910765481651379,-0.01854017345183486,-0.00022962657683486213,-0.06614759532683487,-1.3195912772362373e-05,-1.3195912772362373e-05,-0.06028822032683486,-0.00022962657683486213,-0.06443861095183487,-0.00022962657683486213,-1.3195912772362373e-05,-1.3195912772362373e-05,-0.03563001720183486,0.03419420154816514,-0.00022962657683486213,-0.00022962657683486213,-0.00022962657683486213,-0.00022962657683486213,-0.00022962657683486213,-0.00022962657683486213,0.03297349842316514,0.01759263904816514,0.03175279529816514,0.03907701404816514,0.02223131092316514,-0.00022962657683486213,-0.008774548451834861,-0.03074720470183486,-0.04905775157683486,-0.00022962657683486213,1.451404816513787e-05,0.02174302967316514,-0.00022962657683486213,0.03541490467316514,0.02003404529816514,-0.002426892201834862,0.01954576404816514,0.05348131092316514,-1.3195912772362373e-05,-0.00022962657683486213,-0.00022962657683486213,0.06812974842316513,-0.00022962657683486213,-0.00022962657683486213,-0.00022962657683486213,-0.013901501576834861,-0.02732923595183486,-0.03611829845183486,-0.03514173595183486,-0.00022962657683486213,-0.00022962657683486213,-0.04246595470183486,-0.02952650157683486,-0.005112439076834862,-0.00022962657683486213,0.013686389048165139,0.005141467173165138,-0.006333142201834862,0.012709826548165139,0.02442857654816514,-0.00022962657683486213,-0.01585462657683486,-0.00022962657683486213,-0.03343275157683486,-0.013657360951834861,0.003676623423165138,-0.03147962657683486,-0.00022962657683486213,-0.00022962657683486213,-0.00022962657683486213,-0.00022962657683486213,-0.00022962657683486213,-0.00022962657683486213,-0.05003431407683486,-0.002182751576834862,0.009780139048165139,-0.0019386109518348621,-0.005844860951834862,-0.00022962657683486213,-0.0012061890768348621,0.005629748423165138,0.03980943592316514,-0.00022962657683486213,0.05421373279816514,0.03077623279816514,-0.00022962657683486213,0.008315295298165139,1.451404816513787e-05,0.05055162342316514,0.04322740467316514,-0.0016944703268348621,-0.03172376720183486,-0.00022962657683486213,-0.00022962657683486213,-0.009995251576834861,-0.00022962657683486213,-0.00022962657683486213,-0.00022962657683486213,-0.014145642201834861,0.02418443592316514,0.005141467173165138,0.0009910765481651379,-0.00022962657683486213,-0.00022962657683486213,0.02516099842316514,0.02394029529816514,0.03395006092316514,0.04273912342316514,0.04249498279816514,-0.00022962657683486213,0.02784654529816514,0.013442248423165139,0.02760240467316514,-0.00022962657683486213,0.003920764048165138,-0.00022962657683486213,-0.01780775157683486,-0.02098157970183486,-0.03636243907683486,-0.04124525157683486,-0.04368665782683486,-0.00022962657683486213,-0.00022962657683486213,-0.00022962657683486213,-0.00022962657683486213,-0.00022962657683486213,0.003432482798165138,0.009291857798165139,0.014174670298165139,0.02711412342316514,0.03712388904816514,0.03614732654816514,-0.00022962657683486213,0.03517076404816514,0.02589342029816514,-0.00022962657683486213,0.03712388904816514,0.03175279529816514,0.011733264048165139,-0.006821423451834862,-0.012436657826834861,-0.006577282826834862,-0.00022962657683486213,-0.002182751576834862,-0.01683118907683486,-0.00022962657683486213,-0.03929212657683486,-0.00022962657683486213,-0.00022962657683486213,-0.00022962657683486213,-0.00022962657683486213,-0.002915173451834862,-0.01951673595183486,-0.00022962657683486213,-0.01951673595183486,0.001967639048165138,-0.00022962657683486213,-0.011948376576834861,-0.006577282826834862,-0.00022962657683486213,0.02101060779816514,0.04518052967316514,0.009535998423165139,-0.011948376576834861,-0.008530407826834861,-0.00022962657683486213,0.0005027952981651379,-0.00022962657683486213,-0.01976087657683486,-0.03929212657683486,-0.03733900157683486,-0.04075697032683486,-0.00022962657683486213,-0.04637220470183486,-0.05833509532683486,-0.00022962657683486213,-0.00022962657683486213,-0.00022962657683486213,-0.00022962657683486213,-0.005112439076834862,-0.00022962657683486213,-0.0016944703268348621,0.005629748423165138,0.002700060923165138,-0.005844860951834862,-0.0012061890768348621,-0.00022962657683486213,0.02418443592316514,0.04444810779816514,-0.00022962657683486213,0.01783677967316514,0.02247545154816514,-0.00022962657683486213,0.03175279529816514,0.03150865467316514,0.007827014048165139,0.003432482798165138,0.002211779673165138,-0.004624157826834862,-0.00022962657683486213,-0.00022962657683486213,-0.009506970326834861,-0.00022962657683486213,-0.00022962657683486213,-0.00022962657683486213,-0.01854017345183486,0.003676623423165138,-0.00022962657683486213,0.013442248423165139,0.002700060923165138,-0.00022962657683486213,0.012709826548165139,0.02613756092316514,0.02223131092316514,-0.00022962657683486213,0.005629748423165138,0.01661607654816514,0.03346177967316514,0.03419420154816514,0.03004381092316514,-0.00022962657683486213,0.02833482654816514,-0.00022962657683486213,0.02027818592316514,-0.004135876576834862,0.003432482798165138,0.013930529673165139,-0.00022962657683486213,-0.00022962657683486213,-0.00022962657683486213,-0.00022962657683486213,-0.00022962657683486213,-0.02024915782683486,-0.02562025157683486,-0.00022962657683486213,-0.03929212657683486,-0.04881361095183486,-0.01683118907683486,1.451404816513787e-05,1.451404816513787e-05,-0.013901501576834861,-0.00022962657683486213,-0.00022962657683486213,-0.002426892201834862,0.03565904529816514,0.02931138904816514,0.01734849842316514,0.012465685923165139,0.01759263904816514,-0.00022962657683486213,0.03053209217316514,0.04420396717316514,-0.00022962657683486213,0.02540513904816514,-0.00022962657683486213,-0.00022962657683486213,-0.00022962657683486213,0.004897326548165138,-0.00022962657683486213,-0.0019386109518348621,-0.008042126576834861,-0.003647595326834862,-0.00022962657683486213,-0.02171400157683486,-0.00022962657683486213,-0.03221204845183486,-0.04124525157683486,-0.010727673451834861,-0.008042126576834861,-0.02366712657683486,-0.00022962657683486213,-0.03587415782683486,-0.03123548595183486,-0.00022962657683486213,0.009535998423165139,-0.0007179078268348621,-0.00022962657683486213,-0.012436657826834861,-0.009262829701834861,0.003676623423165138,-0.00022962657683486213,-0.00022962657683486213,-0.00022962657683486213,-0.00022962657683486213,-0.00022962657683486213,-0.00022962657683486213,0.00025865467316513787,0.05299302967316514,0.04713365467316514,0.012709826548165139,-0.01731947032683486,-0.02073743907683486,-0.00022962657683486213,-0.007553845326834862,0.008315295298165139,-0.00022962657683486213,-0.02171400157683486,-0.03123548595183486,-0.02098157970183486,-0.00022962657683486213,-0.009506970326834861,-0.005356579701834862,-0.01951673595183486,-0.03392103282683486,-0.02244642345183486,-0.00022962657683486213,0.0009910765481651379,-0.00022962657683486213,-0.00022962657683486213,-0.00022962657683486213,-0.00022962657683486213,0.02101060779816514,0.0005027952981651379,-0.01731947032683486,-0.00022962657683486213,-0.002671032826834862,-0.00022962657683486213,0.01734849842316514,-0.0007179078268348621,-0.002671032826834862,0.010756701548165139,-0.00022962657683486213,0.02686998279816514,0.02760240467316514,0.005873889048165138,-0.0016944703268348621,-0.00022962657683486213,0.004164904673165138,-0.0019386109518348621,-0.00022962657683486213,-0.007309704701834862,-0.014145642201834861,-0.008286267201834861,-0.009995251576834861,-0.00022962657683486213,-0.00022962657683486213,-0.00022962657683486213,-0.00022962657683486213,-0.00022962657683486213,-0.006577282826834862,-0.004380017201834862,-0.011460095326834861,-0.00022962657683486213,-0.01683118907683486,-0.011460095326834861,0.008559435923165139,0.012221545298165139,0.0017234984231651379,-0.00022962657683486213,-0.006577282826834862,-0.00022962657683486213,0.011733264048165139,0.02784654529816514,0.007582873423165138,-0.004624157826834862,0.0007469359231651379,0.013686389048165139,-0.00022962657683486213,0.02833482654816514,-0.00022962657683486213,0.02491685779816514,-0.00022962657683486213,-0.00022962657683486213,-0.00022962657683486213,0.012709826548165139,-0.00022962657683486213,0.01686021717316514,0.015151232798165139,-0.009751110951834861,-0.00022962657683486213,0.00025865467316513787,-0.007309704701834862,-0.00022962657683486213,-0.01731947032683486,-0.01829603282683486,-0.009506970326834861,-0.010239392201834861,-0.01976087657683486,-0.02391126720183486,-0.00022962657683486213,-0.00022962657683486213,-0.01878431407683486,-0.01878431407683486,-0.02195814220183486,-0.01731947032683486,-0.011460095326834861,-0.011215954701834861,-0.00022962657683486213,-0.00022962657683486213,-0.00022962657683486213,-0.00022962657683486213,-0.00022962657683486213,0.004897326548165138,0.011733264048165139,0.02662584217316514,-0.00022962657683486213,0.03541490467316514,0.01637193592316514,0.010268420298165139,0.011733264048165139,0.009291857798165139,-0.00022962657683486213,0.013198107798165139,-0.00022962657683486213,0.02540513904816514,0.01856920154816514,-0.005356579701834862,-0.01805189220183486,-0.006333142201834862,0.01759263904816514,-0.00022962657683486213,0.02931138904816514,-0.00022962657683486213,-0.008774548451834861,-0.00022962657683486213,-0.00022962657683486213,-0.00022962657683486213,0.009291857798165139,-0.00022962657683486213,-0.004380017201834862,-0.03416517345183486,-0.03758314220183486,-0.00022962657683486213,-0.003647595326834862,-0.01609876720183486,-0.00022962657683486213,-0.03294447032683486,-0.03733900157683486,-0.006821423451834862,-0.004135876576834862,-0.007553845326834862,-0.002182751576834862,-0.00022962657683486213,0.005629748423165138,-0.00022962657683486213,-0.002182751576834862,0.011733264048165139,0.02418443592316514,0.02394029529816514,0.01759263904816514,-0.00022962657683486213,-0.00022962657683486213,-0.00022962657683486213,-0.00022962657683486213,-0.00022962657683486213,0.009291857798165139,0.013686389048165139,-0.00022962657683486213,0.009780139048165139,-0.005356579701834862,0.006606310923165138,0.02418443592316514,0.03224107654816514,0.02003404529816514,-0.00022962657683486213,-0.00022962657683486213,-0.008774548451834861,0.02076646717316514,0.02589342029816514,0.009780139048165139,-0.004380017201834862,-0.013413220326834861,-0.00022962657683486213,-0.012436657826834861,-0.008530407826834861,-0.00022962657683486213,0.004653185923165138,-0.00022962657683486213,-0.00022962657683486213,-0.00022962657683486213,-0.00022962657683486213,-0.012192517201834861,0.002700060923165138,-0.004868298451834862,-0.02806165782683486,-0.00022962657683486213,-0.02146986095183486,-0.00022962657683486213,0.014418810923165139,0.008071154673165139,-0.01707532970183486,-0.02708509532683486,-0.02000501720183486,0.002455920298165138,-0.00022962657683486213,0.02540513904816514,-0.00022962657683486213,0.011733264048165139,-0.02366712657683486,-0.009995251576834861,0.013442248423165139,0.03004381092316514,-0.00022962657683486213,0.02076646717316514,-0.00022962657683486213,-0.00022962657683486213,-0.00022962657683486213,-0.00022962657683486213,0.02564927967316514,0.002944201548165138,-0.00022962657683486213,-0.013901501576834861,0.002455920298165138,0.01734849842316514,0.01978990467316514,0.009291857798165139,-0.007553845326834862,-0.00022962657683486213,-0.00022962657683486213,0.008071154673165139,0.02540513904816514,0.014907092173165139,-0.002182751576834862,-0.012680798451834861,-0.00022962657683486213,-0.011704235951834861,-0.0007179078268348621,0.02149888904816514,-0.00022962657683486213,-0.02732923595183486,-0.00022962657683486213,-0.00022962657683486213,-0.00022962657683486213,-0.00022962657683486213,0.0009910765481651379,-0.009506970326834861,-0.02098157970183486,-0.02781751720183486,-0.00022962657683486213,-0.02195814220183486,-0.00022962657683486213,-0.007553845326834862,-0.004868298451834862,-0.02952650157683486,-0.03807142345183486,-0.012192517201834861,0.01563951404816514,-0.00022962657683486213,0.012465685923165139,-0.00022962657683486213,-0.008286267201834861,0.010756701548165139,0.01905748279816514,0.01686021717316514,0.00025865467316513787,-0.00022962657683486213,-0.009506970326834861,-0.00022962657683486213,-0.00022962657683486213,-0.00022962657683486213,-0.00022962657683486213,-0.00022962657683486213,-0.011948376576834861,0.0017234984231651379,0.05079576404816514,0.06422349842316513,0.02345201404816514,-0.00022962657683486213,-0.02684095470183486,-0.0014503297018348621,0.02589342029816514,-0.00022962657683486213,0.01954576404816514,-0.004135876576834862,-0.00022962657683486213,-0.02391126720183486,-0.02439954845183486,0.01637193592316514,0.02320787342316514,0.008803576548165139,-0.01976087657683486,-0.00022962657683486213,-0.00022962657683486213,-0.01634290782683486,-0.00022962657683486213,-0.00022962657683486213,-0.00022962657683486213,-0.02757337657683486,-0.010239392201834861,-0.00022962657683486213,0.01759263904816514,0.02882310779816514,-0.00022962657683486213,-0.02024915782683486,-0.02195814220183486,-0.008774548451834861,-0.00022962657683486213,0.007338732798165138,0.009291857798165139,-0.015366345326834861,-0.02928236095183486,-0.012680798451834861,-0.00022962657683486213,-0.00022962657683486213,-0.006821423451834862,-0.012924939076834861,-0.015122204701834861,-0.012924939076834861,-0.00022962657683486213,-0.006089001576834862,-0.00022962657683486213,-0.00022962657683486213,-0.00022962657683486213,-0.00022962657683486213,-0.00022962657683486213,0.006362170298165138,0.013442248423165139,0.0014793577981651379,-0.01829603282683486,-0.00022962657683486213,-0.02439954845183486,-0.010971814076834861,0.010512560923165139,0.013442248423165139,-0.00022962657683486213,0.014662951548165139,-0.006333142201834862,-0.00022962657683486213,-0.02049329845183486,-0.01805189220183486,0.01954576404816514,0.02003404529816514,0.005141467173165138,-0.012436657826834861,-0.00022962657683486213,-0.010483532826834861,-0.00022962657683486213,-0.00022962657683486213,-0.00022962657683486213,-0.00022962657683486213,-0.02000501720183486,-0.01902845470183486,0.012953967173165139,0.03321763904816514,-0.00022962657683486213,-0.00022962657683486213,0.008803576548165139,-0.013901501576834861,-0.002915173451834862,0.010512560923165139,0.008803576548165139,-0.0009620484518348621,-0.00022962657683486213,-0.011215954701834861,-0.009506970326834861,-0.00022962657683486213,0.012709826548165139,-0.0016944703268348621,-0.01707532970183486,-0.01683118907683486,-0.00022962657683486213,0.00025865467316513787,0.013686389048165139,-0.00022962657683486213,-0.00022962657683486213,-0.00022962657683486213,-0.00022962657683486213,0.009291857798165139,-0.00022962657683486213,0.002455920298165138,0.0012352171731651379,-0.003159314076834862,1.451404816513787e-05,0.005385607798165138,-0.0007179078268348621,-0.008774548451834861,-0.00022962657683486213,-0.00022962657683486213,-0.004135876576834862,-0.005112439076834862,-0.004380017201834862,-0.0009620484518348621,-0.0019386109518348621,-0.011948376576834861,-0.00022962657683486213,-0.02269056407683486,0.0005027952981651379,-0.00022962657683486213,-0.002671032826834862,-0.00022962657683486213,-0.00022962657683486213,-0.00022962657683486213,-0.0009620484518348621,0.014174670298165139,-0.00022962657683486213,0.014418810923165139,-0.02122572032683486,-0.00022962657683486213,-0.0009620484518348621,0.02198717029816514,0.02784654529816514,-0.00022962657683486213,0.011000842173165139,-0.009262829701834861,0.002700060923165138,0.02198717029816514,0.02540513904816514,-0.00022962657683486213,-0.008774548451834861,-0.01927259532683486,-0.00022962657683486213,0.00025865467316513787,0.02418443592316514,-0.007797985951834862,-0.02659681407683486,-0.00022962657683486213,-0.00022962657683486213,-0.00022962657683486213,-0.00022962657683486213,-0.00022962657683486213,-0.02610853282683486,-0.0016944703268348621,0.02003404529816514,0.01856920154816514,0.0005027952981651379,-0.00022962657683486213,-0.013413220326834861,0.0007469359231651379,0.02589342029816514,-0.00022962657683486213,0.008315295298165139,-0.006577282826834862,-0.005356579701834862,-0.00022962657683486213,0.005141467173165138,0.015395373423165139,-0.008530407826834861,-0.01902845470183486,0.0017234984231651379,-0.00022962657683486213,0.02369615467316514,-0.00022962657683486213,-0.00022962657683486213,-0.00022962657683486213,-0.00022962657683486213,0.02320787342316514,0.01588365467316514,-0.00022962657683486213,-0.02073743907683486,-0.03514173595183486,-0.00022962657683486213,0.013930529673165139,-0.01609876720183486,-0.03758314220183486,-0.02073743907683486,0.009291857798165139,0.013198107798165139,-0.00022962657683486213,-0.002915173451834862,-0.02220228282683486,-0.00022962657683486213,0.01637193592316514,0.02027818592316514,0.001967639048165138,-0.01878431407683486,-0.01878431407683486,-0.002915173451834862,-0.00022962657683486213,-0.00022962657683486213,-0.00022962657683486213,-0.00022962657683486213,-0.00022962657683486213,-0.00022962657683486213,0.003432482798165138,0.02101060779816514,-0.00022962657683486213,-0.02464368907683486,-0.02000501720183486,0.01612779529816514,0.02613756092316514,-0.00022962657683486213,-0.005112439076834862,-0.00022962657683486213,-0.02000501720183486,0.04933092029816514,0.03102037342316514,-0.02049329845183486,-0.05198743907683486,-0.02269056407683486,0.04029771717316514,-0.00022962657683486213,0.06495592029816513,-0.00022962657683486213,-0.03929212657683486,-0.00022962657683486213,-0.00022962657683486213,-0.00022962657683486213,-0.00022962657683486213,0.02442857654816514,-1.3195912772362373e-05,-0.04612806407683486,0.03980943592316514,-0.00022962657683486213,0.05152818592316514,-0.01683118907683486,-0.00022962657683486213,-0.04515150157683486,-0.013413220326834861,0.06007310779816514,0.03443834217316514,-0.0012061890768348621,-0.004624157826834862,-0.00022962657683486213,0.05250474842316514,0.06227037342316514,-0.00022962657683486213,0.03810045154816514,0.003920764048165138,0.013930529673165139,0.04786607654816514,0.05372545154816514,-0.00022962657683486213,-0.00022962657683486213,-0.00022962657683486213,-0.00022962657683486213,-0.00022962657683486213,0.02882310779816514,-0.00022962657683486213,-0.011704235951834861,-0.04295423595183486,1.451404816513787e-05,0.02223131092316514,0.011244982798165139,-0.01756361095183486,-0.03392103282683486,-0.00022962657683486213,0.003676623423165138,-0.00022962657683486213,0.01978990467316514,0.01637193592316514,-0.02977064220183486,-0.03318861095183486,-0.012680798451834861,0.012709826548165139,0.01563951404816514,-0.00022962657683486213,-0.03367689220183486,-0.00022962657683486213,-0.00022962657683486213,-0.00022962657683486213,-0.00022962657683486213,-0.00022962657683486213,-0.010971814076834861,-0.02952650157683486,-0.02562025157683486,-0.00022962657683486213,-0.00022962657683486213,-0.02684095470183486,-0.02562025157683486,-0.03099134532683486,-0.00022962657683486213,-0.03587415782683486,-0.03221204845183486,-0.03733900157683486,-0.03782728282683486,-0.02659681407683486,-0.00022962657683486213,-0.00022962657683486213,-0.009995251576834861,-0.02903822032683486,-0.04051282970183486,-0.03538587657683486,-0.00022962657683486213,-0.01951673595183486,0.013686389048165139,-0.00022962657683486213,-0.00022962657683486213,-0.00022962657683486213,-0.00022962657683486213,-0.00022962657683486213,0.0014793577981651379,0.02003404529816514,-0.003159314076834862,-0.02391126720183486,-0.02708509532683486,-0.009506970326834861,0.012465685923165139,-0.00022962657683486213,0.02223131092316514,-0.00022962657683486213,-0.008530407826834861,-0.005356579701834862,0.02394029529816514,0.02564927967316514,-0.012436657826834861,-0.05003431407683486,-0.06663587657683487,-0.00022962657683486213,-0.04661634532683486,-0.00022962657683486213,-0.01634290782683486,-0.00022962657683486213,-0.00022962657683486213,-0.00022962657683486213,-0.00022962657683486213,0.02418443592316514,0.02076646717316514,0.02052232654816514,-0.00022962657683486213,0.02540513904816514,-0.00022962657683486213,0.02564927967316514,-0.00022962657683486213,0.02418443592316514,0.02955552967316514,0.014418810923165139,0.006362170298165138,0.012953967173165139,0.02247545154816514,-0.00022962657683486213,0.01978990467316514,-0.00022962657683486213,0.008315295298165139,0.007094592173165138,-0.0009620484518348621,-0.00022962657683486213,-0.004868298451834862,0.02271959217316514,-0.00022962657683486213,-0.00022962657683486213,-0.00022962657683486213,-0.00022962657683486213,-0.00022962657683486213,0.02369615467316514,0.02686998279816514,-0.00022962657683486213,0.01686021717316514,0.01978990467316514,0.02027818592316514,0.02540513904816514,0.03248521717316514,0.03102037342316514,-0.00022962657683486213,-0.00022962657683486213,0.011977404673165139,0.01661607654816514,0.01783677967316514,0.013442248423165139,0.006362170298165138,-0.00022962657683486213,0.004409045298165138,0.01832506092316514,0.01588365467316514,-0.00022962657683486213,-0.003159314076834862,-0.00022962657683486213,-0.00022962657683486213,-0.00022962657683486213,0.007338732798165138,-0.00022962657683486213,-0.0012061890768348621,-0.006821423451834862,0.006362170298165138,-0.00022962657683486213,-0.00022962657683486213,0.008071154673165139,-0.011215954701834861,-0.015610485951834861,-0.004868298451834862,0.008315295298165139,0.010756701548165139,0.003920764048165138,-0.009018689076834861,-0.00022962657683486213,-0.00022962657683486213,-0.011460095326834861,0.005385607798165138,0.008071154673165139,0.0007469359231651379,-0.010483532826834861,-0.01634290782683486,-0.00022962657683486213,-0.00022962657683486213,-0.00022962657683486213,-0.00022962657683486213,-0.00022962657683486213,-0.01854017345183486,-0.02537611095183486,-0.02342298595183486,-0.01805189220183486,-0.00022962657683486213,-0.013169079701834861,-0.012436657826834861,-0.003647595326834862,0.005385607798165138,-0.00022962657683486213,0.005141467173165138,-0.003891735951834862,-0.007309704701834862,-0.00047376720183486213,-0.00022962657683486213,0.010024279673165139,0.01563951404816514,0.009047717173165139,0.005629748423165138,-0.00022962657683486213,0.01978990467316514,0.02564927967316514,-0.00022962657683486213,-0.00022962657683486213,-0.00022962657683486213,0.008071154673165139,0.013930529673165139,-0.00022962657683486213,0.01832506092316514,0.011489123423165139,-0.00022962657683486213,0.002211779673165138,-0.004624157826834862,-0.013901501576834861,-0.00022962657683486213,-0.010239392201834861,0.002700060923165138,-0.014878064076834861,-0.03440931407683486,-0.03709486095183486,-0.00022962657683486213,-0.02879407970183486,-0.00022962657683486213,-0.02928236095183486,-0.03660657970183486,-0.04148939220183486,-0.04246595470183486,-0.04075697032683486,-0.00022962657683486213,-0.00022962657683486213,-0.00022962657683486213,-0.00022962657683486213,-0.00022962657683486213,-0.02464368907683486,-0.011460095326834861,-0.002671032826834862,0.0009910765481651379,-0.00022962657683486213,0.003676623423165138,0.008315295298165139,0.003432482798165138,0.002944201548165138,-0.00022962657683486213,0.02833482654816514,-0.00022962657683486213,0.01832506092316514,0.01856920154816514,0.02735826404816514,0.02931138904816514,0.02003404529816514,-0.00022962657683486213,0.006118029673165138,-0.005356579701834862,-0.00022962657683486213,-0.009751110951834861,-0.00022962657683486213,-0.00022962657683486213,-0.00022962657683486213,-0.05076673595183486,-0.00022962657683486213,-0.06321790782683487,-0.01902845470183486,0.01734849842316514,-0.00022962657683486213,-0.00022962657683486213,0.008071154673165139,-0.015610485951834861,-0.00022962657683486213,0.01978990467316514,0.03614732654816514,-0.00022962657683486213,0.03956529529816514,0.03004381092316514,0.01808092029816514,-0.00022962657683486213,0.06202623279816514,0.06788560779816513,0.06031724842316514,-0.00022962657683486213,0.04737779529816514,0.05103990467316514,-0.00022962657683486213,-0.00022962657683486213,-0.00022962657683486213,-0.00022962657683486213,-0.00022962657683486213,0.01563951404816514,-0.00022962657683486213,-0.02732923595183486,-0.04881361095183486,-0.05296400157683486,-0.03685072032683486,-0.011460095326834861,-0.00022962657683486213,-0.0019386109518348621,-0.04026868907683486,-0.00022962657683486213,-0.02024915782683486,0.005873889048165138,0.011244982798165139,-0.010483532826834861,-0.00022962657683486213,-0.02122572032683486,0.02882310779816514,0.04737779529816514,0.04640123279816514,-0.00022962657683486213,0.01759263904816514,-0.00022962657683486213,-0.00022962657683486213,-0.00022962657683486213,-0.00022962657683486213,0.06642076404816513,0.004653185923165138,-0.0014503297018348621,0.010024279673165139,-0.00022962657683486213,-0.00022962657683486213,-0.002671032826834862,-0.06395032970183487,-0.06492689220183487,-0.04734876720183486,-0.03880384532683486,-0.00022962657683486213,-0.05687025157683486,-0.06639173595183487,-0.05247572032683486,-0.00022962657683486213,-0.02757337657683486,-0.02439954845183486,-0.04002454845183486,-0.00022962657683486213,-0.05149915782683486,-0.008774548451834861,0.01563951404816514,-0.00022962657683486213,-0.00022962657683486213,-0.00022962657683486213,-0.00022962657683486213,-0.00022962657683486213,0.06275865467316513,0.05885240467316514,0.04225084217316514,-0.00022962657683486213,0.03004381092316514,0.02394029529816514,0.02662584217316514,0.004653185923165138,-0.00022962657683486213,-0.00022962657683486213,-0.04148939220183486,-0.007553845326834862,-0.002426892201834862,-0.04466322032683486,-0.00022962657683486213,-1.3195912772362373e-05,-0.03733900157683486,-0.011460095326834861,-0.02000501720183486,-0.00022962657683486213,-0.04344251720183486,-0.00022962657683486213,-0.00022962657683486213,-0.00022962657683486213,-0.00022962657683486213,-0.011460095326834861,0.012953967173165139,0.04176256092316514,0.05958482654816514,-0.00022962657683486213,-1.3195912772362373e-05,-1.3195912772362373e-05,-1.3195912772362373e-05,-0.00022962657683486213,0.06178209217316514,0.04298326404816514,0.04884263904816514,0.04127427967316514,0.01563951404816514,-0.00022962657683486213,-0.010239392201834861,-0.02391126720183486,-0.00022962657683486213,-0.03099134532683486,-0.05125501720183486,-1.3195912772362373e-05,-1.3195912772362373e-05,-0.00022962657683486213,-0.00022962657683486213,-0.00022962657683486213,-0.00022962657683486213,-0.00022962657683486213,-0.05052259532683486,-0.002426892201834862,-0.00022962657683486213,0.01563951404816514,-0.03709486095183486,-0.03831556407683486,0.002944201548165138,0.04957506092316514,-1.3195912772362373e-05,-0.00022962657683486213,0.04298326404816514,0.04908677967316514,-0.00022962657683486213,0.06788560779816513,-1.3195912772362373e-05,0.04835435779816514,0.02613756092316514,0.02686998279816514,0.02394029529816514,-0.00022962657683486213,-0.01756361095183486,-0.03343275157683486,-0.00022962657683486213,-0.00022962657683486213,-0.00022962657683486213,-0.00022962657683486213,-0.05711439220183486,-0.05149915782683486,-0.03660657970183486,-0.03416517345183486,-0.00022962657683486213,-0.04344251720183486,-0.01854017345183486,-0.00022962657683486213,0.004897326548165138,0.0005027952981651379,-0.013169079701834861,-0.01780775157683486,0.006606310923165138,0.03297349842316514,-0.00022962657683486213,0.06104967029816514,0.05323717029816514,0.05201646717316514,-0.00022962657683486213,0.06446763904816513,-1.3195912772362373e-05,0.06373521717316513,-0.00022962657683486213,-0.00022962657683486213,-0.00022962657683486213,-0.00022962657683486213,-0.00022962657683486213,-0.02073743907683486,-0.03025892345183486,-0.01658704845183486,-0.00022962657683486213,-0.010727673451834861,-1.3195912772362373e-05,-1.3195912772362373e-05,-1.3195912772362373e-05,-0.04490736095183486,-0.00022962657683486213,-0.02903822032683486,-0.04148939220183486,-0.04197767345183486,-0.00022962657683486213,-0.02562025157683486,-0.011215954701834861,0.014418810923165139,0.02174302967316514,0.01978990467316514,-0.00022962657683486213,0.03517076404816514,-0.00022962657683486213,-0.00022962657683486213,-0.00022962657683486213,-0.00022962657683486213,0.05201646717316514,0.03907701404816514,0.03785631092316514,-0.00022962657683486213,0.04884263904816514,-0.00022962657683486213,-0.02391126720183486,-0.06541517345183487,-0.05418470470183486,-0.012192517201834861,0.005141467173165138,-0.03685072032683486,-1.3195912772362373e-05,-0.00022962657683486213,-1.3195912772362373e-05,-0.00022962657683486213,-0.011215954701834861,-0.03929212657683486,-1.3195912772362373e-05,-1.3195912772362373e-05,-0.03685072032683486,-0.004380017201834862,-0.00022962657683486213,-0.00022962657683486213,-0.00022962657683486213,-0.00022962657683486213,-0.00022962657683486213,-0.00022962657683486213,0.04811021717316514,0.06397935779816513,0.04078599842316514,0.03565904529816514,0.05689927967316514,-0.00022962657683486213,-1.3195912772362373e-05,0.06544420154816513,0.03810045154816514,-0.00022962657683486213,-0.00047376720183486213,-0.01609876720183486,-0.012436657826834861,-0.005844860951834862,-0.012436657826834861,-0.03465345470183486,-0.00022962657683486213,-0.05906751720183486,-0.05931165782683486,-0.00022962657683486213,-0.00022962657683486213,-0.00022962657683486213,-0.06370618907683487,-0.00022962657683486213,-0.00022962657683486213,-0.00022962657683486213,-0.009018689076834861,-0.03147962657683486,-0.013169079701834861,-0.00022962657683486213,0.04713365467316514,-0.00022962657683486213,0.03932115467316514,0.04029771717316514,0.05665513904816514,-1.3195912772362373e-05,-1.3195912772362373e-05,-1.3195912772362373e-05,-0.00022962657683486213,0.06715318592316513,-0.00022962657683486213,0.05201646717316514,0.05787584217316514,0.03858873279816514,0.009047717173165139,-0.02415540782683486,-0.00022962657683486213,-0.03978040782683486,-0.02244642345183486,-0.00022962657683486213,-0.00022962657683486213,-0.00022962657683486213,-0.00022962657683486213,-0.00022962657683486213,-0.04783704845183486,-1.3195912772362373e-05,-1.3195912772362373e-05,-0.06028822032683486,-0.01878431407683486,-0.00022962657683486213,-0.004380017201834862,-0.013169079701834861,0.003676623423165138,-0.00022962657683486213,0.02564927967316514,0.02052232654816514,0.03053209217316514,-0.00022962657683486213,0.05934068592316514,-1.3195912772362373e-05,0.06495592029816513,0.04786607654816514,0.05641099842316514,-0.00022962657683486213,-0.00022962657683486213,0.05592271717316514,-0.00022962657683486213,-0.00022962657683486213,-0.00022962657683486213,0.007338732798165138,-0.009995251576834861,-0.03001478282683486,-0.04246595470183486,-0.00022962657683486213,-0.00022962657683486213,-0.05613782970183486,-0.06321790782683487,-0.05442884532683486,-0.04856947032683486,-0.04759290782683486,-0.04368665782683486,-0.00022962657683486213,-0.04490736095183486,-0.02537611095183486,-0.00022962657683486213,-0.01829603282683486,-0.007797985951834862,0.011244982798165139,0.01954576404816514,-0.00022962657683486213,0.02882310779816514,0.03932115467316514,-0.00022962657683486213,-0.00022962657683486213,-0.00022962657683486213,-0.00022962657683486213,0.06324693592316513,-0.00022962657683486213,0.02101060779816514,0.02613756092316514,0.04518052967316514,0.03663560779816514,-0.009506970326834861,-0.00022962657683486213,-0.05760267345183486,-0.03709486095183486,-0.00022962657683486213,-0.03074720470183486,-1.3195912772362373e-05,-1.3195912772362373e-05,-1.3195912772362373e-05,-0.00022962657683486213,-0.05833509532683486,-0.04783704845183486,-0.06053236095183486,-0.05711439220183486,-0.00022962657683486213,-0.009506970326834861,-0.00022962657683486213,-0.00022962657683486213,-0.00022962657683486213,-0.00022962657683486213,0.013686389048165139,0.014174670298165139,0.04640123279816514,-1.3195912772362373e-05,-0.00022962657683486213,-1.3195912772362373e-05,-0.00022962657683486213,0.06324693592316513,0.06397935779816513,-1.3195912772362373e-05,0.06959459217316513,0.04811021717316514,0.01808092029816514,-0.00022962657683486213,-0.0012061890768348621,-0.00022962657683486213,-0.006089001576834862,-0.02879407970183486,-0.04734876720183486,-0.05589368907683486,-0.05589368907683486,-0.00022962657683486213,-0.05125501720183486,-0.00022962657683486213,-0.00022962657683486213,-0.00022962657683486213,-0.00022962657683486213,-0.009262829701834861,-0.00022962657683486213,-0.01634290782683486,-0.04173353282683486,-0.04393079845183486,0.002944201548165138,0.05396959217316514,0.06251451404816513,-0.00022962657683486213,0.01881334217316514,-0.00022962657683486213,0.06275865467316513,-1.3195912772362373e-05,-1.3195912772362373e-05,0.06886217029816513,0.04981920154816514,-0.00022962657683486213,0.06129381092316514,0.05250474842316514,0.04469224842316514,-0.00022962657683486213,-0.02439954845183486,-0.00022962657683486213,-0.00022962657683486213,-0.00022962657683486213,-0.00022962657683486213,-0.05564954845183486,-1.3195912772362373e-05,-1.3195912772362373e-05,-1.3195912772362373e-05,-0.00022962657683486213,-0.00022962657683486213,-0.04881361095183486,-0.06126478282683486,-0.05760267345183486,-0.03392103282683486,-0.006577282826834862,-0.006089001576834862,-0.00022962657683486213,-0.02269056407683486,-0.002182751576834862,-0.00022962657683486213,0.03297349842316514,0.03346177967316514,0.02613756092316514,0.02931138904816514,-0.00022962657683486213,0.05274888904816514,-1.3195912772362373e-05,-0.00022962657683486213,-0.00022962657683486213,-0.00022962657683486213,-0.00022962657683486213,0.05787584217316514,-0.00022962657683486213,0.011733264048165139,-0.009995251576834861,-0.01805189220183486,-0.02317884532683486,-0.03221204845183486,-0.04930189220183486,-0.00022962657683486213,-0.06175306407683486,-0.00022962657683486213,-0.05223157970183486,-0.03782728282683486,-0.03978040782683486,-0.06224134532683486,-0.00022962657683486213,-1.3195912772362373e-05,-0.02049329845183486,0.02613756092316514,0.02198717029816514,-0.00022962657683486213,-0.01902845470183486,-0.00022962657683486213,-0.00022962657683486213,-0.00022962657683486213,-0.00022962657683486213,0.04762193592316514,0.05543443592316514,0.06520006092316513,-1.3195912772362373e-05,-0.00022962657683486213,-0.00022962657683486213,0.05763170154816514,0.04371568592316514,0.04713365467316514,0.05348131092316514,-0.00022962657683486213,0.0005027952981651379,-0.03074720470183486,-0.03221204845183486,-0.02269056407683486,-0.00022962657683486213,-0.04246595470183486,-0.00022962657683486213,-1.3195912772362373e-05,-1.3195912772362373e-05,-0.06590345470183487,-0.06053236095183486,-0.00022962657683486213,-0.00022962657683486213,-0.00022962657683486213,-0.00022962657683486213,-0.00022962657683486213,-0.007309704701834862,-0.008530407826834861,-0.00022962657683486213,-0.003403454701834862,-0.005844860951834862,0.012221545298165139,0.03663560779816514,0.06446763904816513,-1.3195912772362373e-05,-0.00022962657683486213,-0.00022962657683486213,0.04737779529816514,0.05543443592316514,-1.3195912772362373e-05,-1.3195912772362373e-05,-0.00022962657683486213,0.02198717029816514,0.013442248423165139,0.02686998279816514,0.03565904529816514,-0.00022962657683486213,-0.00022962657683486213,-0.04173353282683486,-0.00022962657683486213,-0.00022962657683486213,-0.00022962657683486213,-0.04002454845183486,-0.06443861095183487,-0.00022962657683486213,-0.06492689220183487,-0.04856947032683486,-0.00022962657683486213,-0.04710462657683486,-0.03636243907683486,-0.00022962657683486213,-0.003403454701834862,0.0009910765481651379,-0.003159314076834862,0.005141467173165138,-0.00022962657683486213,0.01832506092316514,0.03346177967316514,-0.00022962657683486213,0.03956529529816514,-0.00022962657683486213,0.04688951404816514,-1.3195912772362373e-05,-1.3195912772362373e-05,-0.00022962657683486213,-0.00022962657683486213,-0.00022962657683486213,0.03785631092316514,-0.00022962657683486213,0.01612779529816514,-0.00022962657683486213,-0.0012061890768348621,-0.015610485951834861,-0.01976087657683486,-0.02586439220183486,-0.04808118907683486,-0.06810072032683487,-1.3195912772362373e-05,-0.00022962657683486213,-0.05345228282683486,-0.02903822032683486,-0.00022962657683486213,-0.06395032970183487,-1.3195912772362373e-05,-0.05516126720183486,-0.011460095326834861,0.012221545298165139,0.008559435923165139,-0.00022962657683486213,-0.00022962657683486213,-0.00022962657683486213,-0.00022962657683486213,-0.00022962657683486213,0.04786607654816514,0.03980943592316514,-0.00022962657683486213,0.05250474842316514,-1.3195912772362373e-05,-1.3195912772362373e-05,0.05885240467316514,0.04493638904816514,0.04811021717316514,-0.00022962657683486213,0.06861802967316513,0.03687974842316514,-0.014633923451834861,-0.00022962657683486213,-0.03196790782683486,-0.007065564076834862,-0.0007179078268348621,-0.03929212657683486,-1.3195912772362373e-05,-0.00022962657683486213,-1.3195912772362373e-05,-0.00022962657683486213,-0.04295423595183486,-0.00022962657683486213,-0.00022962657683486213,-1.3195912772362373e-05,-0.00022962657683486213,-0.06053236095183486,0.02247545154816514,0.01734849842316514,-0.00022962657683486213,-0.02146986095183486,0.007827014048165139,-0.00022962657683486213,0.04127427967316514,0.03321763904816514,0.01734849842316514,0.03346177967316514,-1.3195912772362373e-05,-1.3195912772362373e-05,-0.00022962657683486213,-0.00022962657683486213,0.04518052967316514,0.06666490467316513,-1.3195912772362373e-05,0.03443834217316514,-0.014389782826834861,-0.02269056407683486,-0.00022962657683486213,-0.00022962657683486213,-0.00022962657683486213,-0.00022962657683486213,-0.00022962657683486213,-1.3195912772362373e-05,-0.05027845470183486,-0.03465345470183486,-0.00022962657683486213,-0.04295423595183486,-1.3195912772362373e-05,-1.3195912772362373e-05,-0.06224134532683486,-0.02708509532683486,-0.00022962657683486213,0.02686998279816514,-0.00022962657683486213,-0.008530407826834861,-0.02488782970183486,0.02345201404816514,0.06056138904816514,0.05006334217316514,0.012221545298165139,0.006118029673165138,-0.00022962657683486213,-0.00022962657683486213,-1.3195912772362373e-05,-0.00022962657683486213,-0.00022962657683486213,-0.00022962657683486213,-1.3195912772362373e-05,-1.3195912772362373e-05,-1.3195912772362373e-05,-0.00022962657683486213,-1.3195912772362373e-05,-0.00022962657683486213,0.01832506092316514,0.03053209217316514,0.01856920154816514,-0.03294447032683486,-1.3195912772362373e-05,-0.00022962657683486213,-0.05125501720183486,-0.03001478282683486,-0.04271009532683486,-0.00022962657683486213,-1.3195912772362373e-05,-1.3195912772362373e-05,-0.05223157970183486,-0.00022962657683486213,-0.012192517201834861,-0.01878431407683486,-0.03245618907683486,-0.00022962657683486213,-0.00022962657683486213,-0.00022962657683486213,-0.00022962657683486213,-0.00022962657683486213,0.02076646717316514,-0.00022962657683486213,-0.005844860951834862,0.0014793577981651379,0.05226060779816514,-1.3195912772362373e-05,-1.3195912772362373e-05,0.02979967029816514,-0.00022962657683486213,-0.00022962657683486213,0.02516099842316514,0.04811021717316514,0.04273912342316514,0.0017234984231651379,-0.03538587657683486,-0.00022962657683486213,-0.02293470470183486,-0.011460095326834861,-0.01976087657683486,-0.00022962657683486213,-0.04783704845183486,-0.04588392345183486,-0.00022962657683486213,-0.00022962657683486213,-0.00022962657683486213,-0.00022962657683486213,-0.04466322032683486,-0.03904798595183486,-0.03074720470183486,-0.00022962657683486213,-0.0012061890768348621,-0.0009620484518348621,-0.00022962657683486213,-0.009751110951834861,0.014418810923165139,0.02540513904816514,0.03712388904816514,0.03590318592316514,0.02149888904816514,-0.00022962657683486213,-0.00022962657683486213,0.04176256092316514,0.04103013904816514,0.01856920154816514,0.011244982798165139,0.02882310779816514,0.03639146717316514,-0.00022962657683486213,0.0014793577981651379,-0.00022962657683486213,-0.00022962657683486213,-0.00022962657683486213,-0.00022962657683486213,0.03321763904816514,-0.00022962657683486213,-0.02000501720183486,-0.02903822032683486,-0.011948376576834861,0.01637193592316514,0.02442857654816514,0.01686021717316514,-0.00022962657683486213,0.003676623423165138,-0.00022962657683486213,-0.011948376576834861,0.005629748423165138,0.01637193592316514,0.01734849842316514,-0.00022962657683486213,-0.009751110951834861,-0.01634290782683486,-0.008774548451834861,0.003432482798165138,-0.00022962657683486213,0.007582873423165138,-0.00022962657683486213,-0.00022962657683486213,-0.00022962657683486213,-0.00022962657683486213,-0.003403454701834862,0.006362170298165138,-0.002426892201834862,-0.01683118907683486,-0.00022962657683486213,-0.00022962657683486213,-0.00047376720183486213,0.005629748423165138,-0.009751110951834861,-0.02391126720183486,-0.02415540782683486,-0.00022962657683486213,0.003188342173165138,0.005141467173165138,-0.008530407826834861,-0.00022962657683486213,-0.01878431407683486,-0.004135876576834862,0.011244982798165139,-0.00022962657683486213,0.002211779673165138,-0.009751110951834861,-0.012680798451834861,-0.00022962657683486213,-0.00022962657683486213,-0.00022962657683486213,-0.00022962657683486213,-0.003159314076834862,-0.00022962657683486213,-0.002915173451834862,0.007827014048165139,0.011244982798165139,0.005141467173165138,0.00025865467316513787,0.004409045298165138,0.010756701548165139,-0.00022962657683486213,-0.00022962657683486213,0.009535998423165139,0.004409045298165138,0.005629748423165138,0.012221545298165139,0.01710435779816514,0.02027818592316514,0.01856920154816514,0.009535998423165139,-0.00022962657683486213,-0.00022962657683486213,0.012465685923165139,-0.00022962657683486213,-0.00022962657683486213,-0.00022962657683486213,0.002700060923165138,0.005385607798165138,0.008803576548165139,-0.00022962657683486213,0.008803576548165139,-0.00022962657683486213,-0.003403454701834862,-0.002671032826834862,-0.003159314076834862,-0.004135876576834862,0.013198107798165139,-0.00022962657683486213,0.04151842029816514,-0.003159314076834862,-0.05882337657683486,-0.00022962657683486213,-0.04661634532683486,0.012465685923165139,0.03395006092316514,-0.0012061890768348621,-0.05833509532683486,-1.3195912772362373e-05,-0.00022962657683486213,-0.00022962657683486213,-0.00022962657683486213,-0.00022962657683486213,-0.00022962657683486213,-0.00022962657683486213,-0.01707532970183486,0.002944201548165138,0.02735826404816514,0.03028795154816514,-0.00022962657683486213,0.011977404673165139,0.011000842173165139,0.03492662342316514,0.03663560779816514,-0.00022962657683486213,0.008071154673165139,0.02003404529816514,0.03419420154816514,0.03565904529816514,-0.00022962657683486213,0.02540513904816514,0.02760240467316514,0.02027818592316514,0.004653185923165138,-0.00022962657683486213,0.011489123423165139,-0.00022962657683486213,-0.00022962657683486213,-0.00022962657683486213,-0.00022962657683486213,-0.0019386109518348621,0.002211779673165138,0.005385607798165138,-0.004624157826834862,-0.00022962657683486213,-0.00022962657683486213,0.011733264048165139,0.011489123423165139,-0.013169079701834861,-0.03001478282683486,-0.011704235951834861,-0.00022962657683486213,0.011000842173165139,0.007338732798165138,-0.01951673595183486,-0.00022962657683486213,-0.02708509532683486,-0.006333142201834862,0.01710435779816514,-0.00022962657683486213,0.006606310923165138,-0.01902845470183486,-0.03318861095183486,-0.00022962657683486213,-0.00022962657683486213,-0.00022962657683486213,-0.00022962657683486213,-0.00022962657683486213,-0.02171400157683486,-0.02439954845183486,-0.012680798451834861,-0.00022962657683486213,0.010024279673165139,-0.002426892201834862,-0.01780775157683486,-0.02342298595183486,-0.02830579845183486,-0.00022962657683486213,-0.02146986095183486,-0.00022962657683486213,-0.02024915782683486,-0.03465345470183486,-0.03758314220183486,-0.02806165782683486,-0.03074720470183486,-0.00022962657683486213,-0.04222181407683486,-0.03270032970183486,-0.00022962657683486213,-0.005112439076834862,-0.00022962657683486213,-0.00022962657683486213,-0.00022962657683486213,-0.014633923451834861,-0.00022962657683486213,-0.004624157826834862,-0.02073743907683486,-0.03636243907683486,-0.00022962657683486213,-0.013169079701834861,-0.00022962657683486213,0.02101060779816514,0.01637193592316514,-0.01756361095183486,-0.04271009532683486,-0.02537611095183486,-0.00022962657683486213,0.014662951548165139,0.009291857798165139,-0.00022962657683486213,-0.03343275157683486,-0.010239392201834861,0.02491685779816514,0.03370592029816514,-0.00022962657683486213,-0.02415540782683486,-0.00022962657683486213,-0.00022962657683486213,-0.00022962657683486213,-0.00022962657683486213,-0.00022962657683486213,0.009047717173165139,-0.013657360951834861,-0.00022962657683486213,0.04737779529816514,-1.3195912772362373e-05,0.04518052967316514,0.0012352171731651379,-0.010483532826834861,0.009291857798165139,-0.00022962657683486213,-0.00022962657683486213,0.03858873279816514,0.002211779673165138,-0.02146986095183486,-0.01707532970183486,-0.00022962657683486213,0.004409045298165138,0.03541490467316514,0.006606310923165138,-0.04563978282683486,-0.00022962657683486213,-0.02195814220183486,-0.00022962657683486213,-0.00022962657683486213,-0.00022962657683486213,-0.00022962657683486213,-0.04661634532683486,0.006850451548165138,0.05885240467316514,0.05226060779816514,-0.00022962657683486213,-0.00022962657683486213,-0.03343275157683486,0.006118029673165138,0.04737779529816514,0.05274888904816514,0.02223131092316514,-0.00022962657683486213,-0.02586439220183486,-0.006577282826834862,0.04176256092316514,-0.00022962657683486213,0.05006334217316514,-0.003159314076834862,-0.02952650157683486,-0.00022962657683486213,0.03663560779816514,0.06324693592316513,-0.00022962657683486213,-0.00022962657683486213,-0.00022962657683486213,-0.00022962657683486213,-0.00022962657683486213,0.004897326548165138,-0.00022962657683486213,-0.013413220326834861,-0.01683118907683486,-0.012436657826834861,-0.010483532826834861,-0.01927259532683486,-0.02708509532683486,-0.00022962657683486213,-0.012680798451834861,-0.00022962657683486213,0.02369615467316514,0.006362170298165138,-0.01927259532683486,-0.02049329845183486,-0.004135876576834862,-0.00022962657683486213,0.03810045154816514,0.015151232798165139,-0.02391126720183486,-0.00022962657683486213,-0.014145642201834861,-0.00022962657683486213,-0.00022962657683486213,-0.00022962657683486213,0.005873889048165138,-0.00022962657683486213,-0.05125501720183486,-0.006333142201834862,0.03834459217316514,-0.00022962657683486213,-0.00022962657683486213,0.02003404529816514,-0.03270032970183486,-0.004135876576834862,0.03663560779816514,0.04371568592316514,0.02540513904816514,-0.00022962657683486213,-0.014389782826834861,-0.02073743907683486,-0.00022962657683486213,0.02882310779816514,0.02906724842316514,0.0007469359231651379,-0.01658704845183486,-0.00022962657683486213,0.011977404673165139,-0.00022962657683486213,-0.00022962657683486213,-0.00022962657683486213,-0.00022962657683486213,-0.00022962657683486213,0.01563951404816514,-0.00022962657683486213,-0.003159314076834862,-0.02342298595183486,-0.01951673595183486,-0.004135876576834862,0.010756701548165139,0.013686389048165139,-0.00022962657683486213,-0.03147962657683486,-0.00022962657683486213,-0.02537611095183486,0.012709826548165139,0.011244982798165139,-0.02098157970183486,-0.03611829845183486,-0.00022962657683486213,-0.013657360951834861,-0.014145642201834861,-0.003159314076834862,-0.00022962657683486213,-0.005112439076834862,-0.00022962657683486213,-0.00022962657683486213,-0.00022962657683486213,-0.00022962657683486213,-0.015122204701834861,-0.01683118907683486,-0.00022962657683486213,-0.00022962657683486213,-0.00022962657683486213,-0.007065564076834862,-0.00022962657683486213,-0.00022962657683486213,-0.03416517345183486,-0.012192517201834861,-0.002426892201834862,-0.007553845326834862,-0.01878431407683486,-0.02073743907683486,-0.013413220326834861,-0.02049329845183486,-0.00022962657683486213,-0.00022962657683486213,0.003432482798165138,0.009535998423165139,-0.005356579701834862,-0.01658704845183486,-0.004868298451834862,-0.00022962657683486213,-0.00022962657683486213,-0.00022962657683486213,-0.00022962657683486213,-0.00022962657683486213,0.008803576548165139,-0.0016944703268348621,0.009047717173165139,0.02857896717316514,-0.00022962657683486213,-0.0019386109518348621,-0.003403454701834862,0.02052232654816514,0.03517076404816514,-0.00022962657683486213,-0.00022962657683486213,-0.0014503297018348621,-0.00022962657683486213,0.03028795154816514,0.03224107654816514,0.015395373423165139,0.006118029673165138,0.006362170298165138,0.015395373423165139,-0.00022962657683486213,-0.00022962657683486213,0.02955552967316514,-0.00022962657683486213,-0.00022962657683486213,-0.00022962657683486213,0.013686389048165139,0.03443834217316514,-0.00022962657683486213,0.01808092029816514,0.011977404673165139,-0.00022962657683486213,0.011977404673165139,0.003920764048165138,0.005141467173165138,-0.00022962657683486213,0.014907092173165139,0.011733264048165139,-0.006089001576834862,-0.02415540782683486,-0.01731947032683486,-0.00022962657683486213,0.011489123423165139,-0.00022962657683486213,-0.015122204701834861,-0.01585462657683486,-0.004380017201834862,0.004164904673165138,0.005629748423165138,-0.00022962657683486213,-0.00022962657683486213,-0.00022962657683486213,-0.00022962657683486213,-0.00022962657683486213,0.012221545298165139,0.013686389048165139,-0.002182751576834862,-0.010239392201834861,-0.008286267201834861,-0.00022962657683486213,0.02027818592316514,0.01661607654816514,-0.010483532826834861,-0.00022962657683486213,-0.012680798451834861,-0.004380017201834862,-0.007309704701834862,-0.00022962657683486213,-0.02830579845183486,-0.02293470470183486,-0.003647595326834862,0.003676623423165138,-0.010483532826834861,-0.00022962657683486213,-0.00022962657683486213,-0.04515150157683486,-0.00022962657683486213,-0.00022962657683486213,-0.00022962657683486213,-0.01854017345183486,-0.00022962657683486213,-0.04173353282683486,-0.03538587657683486,-0.008042126576834861,-0.00022962657683486213,0.005629748423165138,-0.02708509532683486,-0.00022962657683486213,-0.02806165782683486,0.009780139048165139,0.02686998279816514,0.014174670298165139,-0.012924939076834861,-0.02708509532683486,-0.00022962657683486213,0.015151232798165139,-0.00022962657683486213,0.03248521717316514,0.006606310923165138,-0.014389782826834861,-0.011704235951834861,0.011733264048165139,-0.00022962657683486213,-0.00022962657683486213,-0.00022962657683486213,-0.00022962657683486213,-0.00022962657683486213,0.008559435923165139,-0.00022962657683486213,0.010756701548165139,0.01856920154816514,0.02906724842316514,0.02735826404816514,0.011733264048165139,-0.00022962657683486213,-0.01683118907683486,-0.009751110951834861,-0.00022962657683486213,0.03785631092316514,0.02418443592316514,-0.010971814076834861,-0.03416517345183486,-0.00022962657683486213,0.003432482798165138,0.03028795154816514,0.014907092173165139,-0.02635267345183486,-0.00022962657683486213,-0.03318861095183486,-0.00022962657683486213,-0.00022962657683486213,-0.00022962657683486213,-0.00022962657683486213,-0.03831556407683486,-0.01780775157683486,0.014907092173165139,0.03517076404816514,-0.00022962657683486213,-0.00022962657683486213,-0.02024915782683486,-0.011215954701834861,0.014662951548165139,0.03834459217316514,0.03883287342316514,0.01588365467316514,-0.00022962657683486213,-0.003647595326834862,0.02491685779816514,-0.00022962657683486213,0.02564927967316514,0.0005027952981651379,-0.009018689076834861,0.0009910765481651379,-0.00022962657683486213,0.009291857798165139,-0.0007179078268348621,-0.00022962657683486213,-0.00022962657683486213,-0.00022962657683486213,-0.00022962657683486213,-0.00022962657683486213,-0.01927259532683486,-0.02562025157683486,-0.02562025157683486,-0.02635267345183486,-0.03221204845183486,-0.03929212657683486,-0.02073743907683486,-0.00022962657683486213,-0.010971814076834861,-0.00022962657683486213,-0.008042126576834861,-0.009751110951834861,-0.007797985951834862,-0.005600720326834862,0.03199693592316514,-0.00022962657683486213,0.03492662342316514,0.02906724842316514,0.02394029529816514,-0.00022962657683486213,0.03858873279816514,-0.00022962657683486213,-0.00022962657683486213,-0.00022962657683486213,-0.00022962657683486213,0.02638170154816514,-0.00022962657683486213,0.01686021717316514,0.02955552967316514,0.03004381092316514,-0.00022962657683486213,0.004164904673165138,-0.007797985951834862,-0.00022962657683486213,-0.02586439220183486,-0.011215954701834861,0.007582873423165138,0.005629748423165138,-0.02391126720183486,-0.05516126720183486,-0.00022962657683486213,-0.04002454845183486,-0.00022962657683486213,-0.013901501576834861,-0.02684095470183486,-0.03929212657683486,-0.02854993907683486,-0.008042126576834861,-0.00022962657683486213,-0.00022962657683486213,-0.00022962657683486213,-0.00022962657683486213,-0.00022962657683486213,0.02638170154816514,0.02101060779816514,-0.00022962657683486213,0.03370592029816514,0.03687974842316514,0.02369615467316514,0.01734849842316514,0.01759263904816514,0.02638170154816514,-0.00022962657683486213,0.012221545298165139,-0.00022962657683486213,-0.015122204701834861,0.002455920298165138,0.006362170298165138,-0.014878064076834861,-0.03294447032683486,-0.02195814220183486,-0.00022962657683486213,-0.02537611095183486,-0.00022962657683486213,-0.04954603282683486,-0.00022962657683486213,-0.00022962657683486213,-0.00022962657683486213,-0.03660657970183486,-0.00022962657683486213,-0.009751110951834861,-0.010727673451834861,-0.01829603282683486,-0.00022962657683486213,-0.002915173451834862,0.01710435779816514,-0.00022962657683486213,0.01954576404816514,0.01905748279816514,0.02564927967316514,0.03224107654816514,0.03736802967316514,0.03614732654816514,-0.00022962657683486213,0.02613756092316514,-0.00022962657683486213,0.015151232798165139,-0.0014503297018348621,-0.006821423451834862,0.013442248423165139,0.03541490467316514,-0.00022962657683486213,-0.00022962657683486213,-0.00022962657683486213,-0.00022962657683486213,-0.00022962657683486213,-0.00022962657683486213,-0.00022962657683486213,-0.005844860951834862,-0.05589368907683486,-0.04246595470183486,-0.00022962657683486213,-0.02293470470183486,-0.014389782826834861,-0.004868298451834862,0.0005027952981651379,-0.00022962657683486213,0.008071154673165139,0.02027818592316514,-0.00022962657683486213,0.02516099842316514,0.03370592029816514,0.05055162342316514,0.06251451404816513,0.05372545154816514,0.03272935779816514,-0.00022962657683486213,-0.00022962657683486213,0.04078599842316514,-0.00022962657683486213,-0.00022962657683486213,-0.00022962657683486213,0.004409045298165138,-0.00022962657683486213,0.002211779673165138,0.004897326548165138,-0.003647595326834862,-0.00022962657683486213,-0.03636243907683486,-0.03123548595183486,-0.00022962657683486213,-0.02781751720183486,-0.03978040782683486,-0.04222181407683486,-0.02977064220183486,-0.015122204701834861,-0.007797985951834862,-0.00022962657683486213,-0.00022962657683486213,0.005141467173165138,-0.005112439076834862,-0.007797985951834862,0.005629748423165138,0.03248521717316514,-0.00022962657683486213,-0.00022962657683486213,-0.00022962657683486213,-0.00022962657683486213,-0.00022962657683486213,0.008315295298165139,-0.00022962657683486213,0.010512560923165139,-0.0014503297018348621,-0.007065564076834862,-0.005356579701834862,-0.004868298451834862,-0.02146986095183486,-0.00022962657683486213,-0.02488782970183486,-0.00022962657683486213,-0.03587415782683486,-0.04686048595183486,-0.04466322032683486,-0.02757337657683486,-0.014878064076834861,-0.00022962657683486213,-0.015122204701834861,-0.008286267201834861,0.005141467173165138,-0.00022962657683486213,0.009047717173165139,-0.00022962657683486213,-0.00022962657683486213,-0.00022962657683486213,-0.00022962657683486213,0.03321763904816514,0.02540513904816514,0.011977404673165139,0.01808092029816514,-0.00022962657683486213,-0.00022962657683486213,0.02613756092316514,0.004409045298165138,-0.011460095326834861,0.00025865467316513787,0.012953967173165139,-0.00022962657683486213,-0.013413220326834861,-0.03099134532683486,-0.03636243907683486,-0.00022962657683486213,-0.01609876720183486,-0.008286267201834861,-0.02464368907683486,-0.00022962657683486213,-0.014145642201834861,-0.002671032826834862,-0.00022962657683486213,-0.00022962657683486213,-0.00022962657683486213,-0.00022962657683486213,-0.00022962657683486213,0.03077623279816514,-0.00022962657683486213,0.02369615467316514,0.01710435779816514,0.008315295298165139,0.002944201548165138,0.007827014048165139,0.014662951548165139,-0.00022962657683486213,0.00025865467316513787,-0.00022962657683486213,-0.014633923451834861,-0.006821423451834862,-0.0014503297018348621,-0.012436657826834861,-0.04026868907683486,-0.00022962657683486213,-0.03514173595183486,-0.02610853282683486,-0.01756361095183486,-0.00022962657683486213,-0.03245618907683486,-0.00022962657683486213,-0.00022962657683486213,-0.00022962657683486213,-0.00022962657683486213,0.007094592173165138,0.010268420298165139,0.02296373279816514,0.03663560779816514,-0.00022962657683486213,-0.00022962657683486213,0.005385607798165138,0.0007469359231651379,0.01612779529816514,0.03077623279816514,0.02613756092316514,0.005629748423165138,-0.00022962657683486213,-0.010239392201834861,0.0014793577981651379,-0.00022962657683486213,0.009047717173165139,-0.007065564076834862,-0.02952650157683486,-0.03294447032683486,-0.00022962657683486213,-0.007065564076834862,-0.00022962657683486213,-0.00022962657683486213,-0.00022962657683486213,-0.00022962657683486213,-0.00022962657683486213,0.02198717029816514,0.02516099842316514,0.02613756092316514,0.02418443592316514,-0.00022962657683486213,0.009291857798165139,0.011733264048165139,0.01978990467316514,0.015151232798165139,-0.00022962657683486213,-0.00022962657683486213,-0.015122204701834861,-0.01976087657683486,-0.01683118907683486,-0.00022962657683486213,-0.01805189220183486,-0.03465345470183486,-0.04612806407683486,-0.03904798595183486,-0.012924939076834861,-0.00022962657683486213,-0.00022962657683486213,-0.00022962657683486213,-0.00022962657683486213,-0.00022962657683486213,-0.00022962657683486213,0.02955552967316514,0.01759263904816514,0.01588365467316514,0.02735826404816514,-0.00022962657683486213,-0.00022962657683486213,0.02101060779816514,0.002455920298165138,0.0005027952981651379,-0.00022962657683486213,0.012465685923165139,0.01637193592316514,0.0014793577981651379,-0.01927259532683486,-0.02732923595183486,-0.00022962657683486213,-0.02342298595183486,-0.00022962657683486213,-0.014145642201834861,-0.02610853282683486,-0.03563001720183486,-0.00022962657683486213,-0.00022962657683486213,-0.00022962657683486213,-0.00022962657683486213,-0.007065564076834862,-0.00022962657683486213,-0.00022962657683486213,0.02662584217316514,0.01637193592316514,0.011733264048165139,0.01905748279816514,0.02174302967316514,-0.00022962657683486213,0.004653185923165138,0.00025865467316513787,0.011733264048165139,-0.00022962657683486213,0.009047717173165139,-0.006089001576834862,-0.014389782826834861,-0.00022962657683486213,-0.02269056407683486,-0.04051282970183486,-0.03978040782683486,-0.012680798451834861,0.006850451548165138,-0.00022962657683486213,-0.00022962657683486213,-0.00022962657683486213,-0.00022962657683486213,-0.00022962657683486213,0.02662584217316514,-0.00022962657683486213,0.03248521717316514,0.03980943592316514,0.03565904529816514,0.01734849842316514,-0.00022962657683486213,0.008071154673165139,0.014174670298165139,-0.00022962657683486213,-0.014878064076834861,-0.01634290782683486,0.005385607798165138,0.01563951404816514,-0.004135876576834862,-0.04515150157683486,-0.00022962657683486213,-0.00022962657683486213,-0.006333142201834862,-0.005600720326834862,-0.02708509532683486,-0.03807142345183486,-0.00022962657683486213,-0.00022962657683486213,-0.00022962657683486213,-0.00022962657683486213,0.02076646717316514,-0.00022962657683486213,0.013198107798165139,-0.002915173451834862,-0.00022962657683486213,0.006118029673165138,0.02906724842316514,0.01954576404816514,-0.01731947032683486,-0.03660657970183486,-0.02244642345183486,-0.00022962657683486213,0.008803576548165139,-0.00022962657683486213,-0.03807142345183486,-0.03465345470183486,-0.01927259532683486,-0.011948376576834861,-0.011215954701834861,-0.005844860951834862,-0.00022962657683486213,0.02076646717316514,-0.00022962657683486213,0.008071154673165139,-0.00022962657683486213,-0.00022962657683486213,-0.00022962657683486213,0.04469224842316514,0.03126451404816514,0.015395373423165139,-0.00022962657683486213,0.006850451548165138,-0.00022962657683486213,-0.003891735951834862,-0.0012061890768348621,-0.003403454701834862,-0.014878064076834861,-0.00022962657683486213,-0.02317884532683486,-0.01805189220183486,-0.015366345326834861,-0.02244642345183486,-0.00022962657683486213,-0.02195814220183486,0.001967639048165138,-0.00022962657683486213,0.02101060779816514,0.01734849842316514,0.007582873423165138,0.008315295298165139,-0.00022962657683486213,-0.00022962657683486213,-0.00022962657683486213,-0.00022962657683486213,-0.00022962657683486213,1.451404816513787e-05,0.01783677967316514,0.02662584217316514,-0.00022962657683486213,-0.00022962657683486213,-0.02854993907683486,-0.04368665782683486,-0.04026868907683486,-0.015366345326834861,-0.00022962657683486213,-0.006089001576834862,-0.00022962657683486213,-0.03172376720183486,-0.005112439076834862,0.02564927967316514,0.03492662342316514,0.02271959217316514,0.007582873423165138,-0.00022962657683486213,0.03272935779816514,-0.00022962657683486213,0.01808092029816514,-0.00022962657683486213,-0.00022962657683486213,-0.00022962657683486213,-0.011460095326834861,-0.00022962657683486213,-0.03733900157683486,-0.05149915782683486,-0.06272962657683487,-0.00022962657683486213,-0.02415540782683486,0.014418810923165139,-0.00022962657683486213,-0.013901501576834861,-0.03587415782683486,-0.01902845470183486,0.02052232654816514,0.04273912342316514,0.03492662342316514,-0.00022962657683486213,-0.00022962657683486213,0.02076646717316514,0.0009910765481651379,-0.008286267201834861,-0.006821423451834862,-0.003403454701834862,-0.00022962657683486213,-0.00022962657683486213,-0.00022962657683486213,-0.00022962657683486213,-0.00022962657683486213,-0.03001478282683486,-0.00022962657683486213,-0.05198743907683486,-0.03563001720183486,-0.02366712657683486,-0.02928236095183486,-0.03807142345183486,-0.02806165782683486,-0.004380017201834862,-0.00022962657683486213,-0.01658704845183486,0.00025865467316513787,-0.00022962657683486213,0.02223131092316514,0.02149888904816514,0.004164904673165138,0.001967639048165138,0.02247545154816514,0.03224107654816514,-0.00022962657683486213,-0.005356579701834862,-0.00022962657683486213,-0.00022962657683486213,-0.00022962657683486213,-0.00022962657683486213,-0.00022962657683486213,-0.009751110951834861,0.004897326548165138,0.02223131092316514,-0.00022962657683486213,-0.00022962657683486213,0.004409045298165138,-0.014145642201834861,-0.005600720326834862,0.02516099842316514,0.04786607654816514,-0.00022962657683486213,0.02418443592316514,0.004164904673165138,0.005629748423165138,-0.00022962657683486213,0.03517076404816514,0.03639146717316514,0.013686389048165139,-0.00022962657683486213,0.009535998423165139,0.013198107798165139,0.01686021717316514,0.013198107798165139,-0.00022962657683486213,-0.00022962657683486213,-0.00022962657683486213,-0.00022962657683486213,-0.00022962657683486213,0.005385607798165138,-0.014878064076834861,0.010756701548165139,-0.00022962657683486213,0.03175279529816514,0.03077623279816514,0.011733264048165139,-0.004868298451834862,-0.003891735951834862,-0.00022962657683486213,0.03028795154816514,-0.00022962657683486213,0.02052232654816514,0.005873889048165138,-0.006577282826834862,-0.002915173451834862,0.010756701548165139,0.010756701548165139,-0.00022962657683486213,-0.010971814076834861,-0.00022962657683486213,-0.02317884532683486,-0.00022962657683486213,-0.00022962657683486213,-0.00022962657683486213,-0.02977064220183486,-0.00022962657683486213,-0.02830579845183486
UR5e_W,0.038198545658388615,0.01988799878338862,0.011098936283388618,0.0010891706583886175,0.013052061283388618,0.02330596753338862,0.02257354565838862,0.009634092533388618,0.0010891706583886175,0.0010891706583886175,0.014516905033388618,0.0010891706583886175,0.012319639408388618,0.0010891706583886175,-0.012338563716611382,0.0010891706583886175,-0.014535829341611382,0.0010891706583886175,-0.02039520434161138,-0.01868621996661138,0.0010891706583886175,-0.02161590746661138,0.0010891706583886175,0.0010891706583886175,0.0010891706583886175,0.0010891706583886175,-0.02552215746661138,-0.02308075121661138,-0.01746551684161138,0.0010891706583886175,0.0010891706583886175,0.0010891706583886175,-0.02283661059161138,0.0010891706583886175,0.0010891706583886175,0.0010891706583886175,-0.009408876216611382,-0.015512391841611382,-0.012582704341611382,-0.007944032466611382,0.0010891706583886175,0.0010891706583886175,0.0035305769083886175,-0.0023287980916113825,-0.011117860591611382,-0.009408876216611382,-0.0025729387166113825,0.0010891706583886175,0.0047512800333886175,0.0010891706583886175,0.0010891706583886175,0.0010891706583886175,0.0010891706583886175,0.0010891706583886175,0.0010891706583886175,0.0010891706583886175,0.0010891706583886175,0.0010891706583886175,0.0010891706583886175,0.014272764408388618,0.0010891706583886175,0.01769073315838862,0.012807920658388618,-0.0006198137166113825,0.0052395612833886175,0.0010891706583886175,0.01793487378338862,0.02135284253338862,0.0010891706583886175,-0.0069674699666113825,0.0010891706583886175,-0.0050143449666113825,0.0074368269083886175,0.01964385815838862,0.0049954206583886175,0.0010891706583886175,0.0010891706583886175,0.0010891706583886175,0.0010891706583886175,0.0010891706583886175,0.0010891706583886175,0.0032864362833886175,-0.012338563716611382,-0.0011080949666113825,0.009878233158388618,0.01573760815838862,0.0010891706583886175,0.008901670658388618,-0.0057467668416113825,-0.009653016841611382,0.0010891706583886175,0.0057278425333886175,0.0013333112833886175,0.0010891706583886175,0.0006008894083886175,-0.0030612199666113825,-0.011606141841611382,-0.0008639543416113825,0.008169248783388618,0.0018215925333886175,0.0010891706583886175,0.0010891706583886175,-0.013315126216611382,0.0010891706583886175,0.0010891706583886175,0.0010891706583886175,-0.01722137621661138,-0.02283661059161138,0.0010891706583886175,-0.01673309496661138,0.0071926862833886175,0.0010891706583886175,-0.013559266841611382,-0.01893036059161138,0.0010891706583886175,-0.010385438716611382,-0.0003756730916113825,0.0003567487833886175,-0.012826844966611382,-0.01575653246661138,-0.010873719966611382,0.0010891706583886175,0.0010891706583886175,-0.0011080949666113825,-0.0035495012166113825,-0.0052584855916113825,-0.0030612199666113825,0.0003567487833886175,0.0045071394083886175,0.0010891706583886175,0.0010891706583886175,0.0010891706583886175,0.0010891706583886175,0.0010891706583886175,0.010122373783388618,0.0010891706583886175,0.008901670658388618,0.0037747175333886175,0.0040188581583886175,0.02135284253338862,0.01671417065838862,0.010122373783388618,0.0010891706583886175,0.0045071394083886175,0.0010891706583886175,0.010610655033388618,0.02525909253338862,0.0062161237833886175,0.0013333112833886175,0.009389951908388618,0.0010891706583886175,0.01988799878338862,0.02208526440838862,0.01598174878338862,0.0010891706583886175,0.0067044050333886175,0.0010891706583886175,0.0010891706583886175,0.0010891706583886175,0.0010891706583886175,-0.009408876216611382,-0.009164735591611382,0.0030422956583886175,0.0025540144083886175,0.0010891706583886175,0.0010891706583886175,-0.01966278246661138,-0.01673309496661138,-0.0008639543416113825,-0.02137176684161138,-0.049447938716611385,-0.056528016841611385,-0.042856141841611385,0.0010891706583886175,-0.02796356371661138,0.0010891706583886175,-0.041391298091611385,-0.054330751216611385,-0.031625673091611385,-0.01575653246661138,0.0010891706583886175,-0.015268251216611382,-0.02894012621661138,0.0010891706583886175,0.0010891706583886175,0.0010891706583886175,0.0010891706583886175,0.0035305769083886175,0.0010891706583886175,-0.0069674699666113825,-0.0037936418416113825,0.02818878003338862,0.037954405033388615,0.034780576908388615,0.0010891706583886175,0.02477081128338862,0.02306182690838862,0.0010891706583886175,0.039663389408388615,0.046255186283388615,0.041372373783388615,0.02989776440838862,0.0010891706583886175,0.02916534253338862,0.037466123783388615,0.046987608158388615,0.038930967533388615,0.0010891706583886175,0.02696807690838862,0.0010891706583886175,0.0010891706583886175,0.0010891706583886175,0.0010891706583886175,0.011098936283388618,0.007925108158388618,0.011343076908388618,0.009878233158388618,0.0010891706583886175,0.0010891706583886175,-0.0052584855916113825,-0.009897157466611382,-0.0072116105916113825,-0.014291688716611382,0.0010891706583886175,-0.02332489184161138,-0.02723114184161138,-0.01722137621661138,-0.01819793871661138,0.0010891706583886175,0.0010891706583886175,-0.02918426684161138,-0.035287782466611385,-0.02210418871661138,-0.03016082934161138,-0.034555360591611385,0.0010891706583886175,0.0010891706583886175,0.0010891706583886175,0.0010891706583886175,0.0010891706583886175,0.0010891706583886175,-0.02234832934161138,-0.0069674699666113825,0.0042629987833886175,0.0067044050333886175,0.0010891706583886175,0.0020657331583886175,0.0015774519083886175,0.0047512800333886175,0.015493467533388618,0.0010891706583886175,0.012807920658388618,0.0032864362833886175,0.009389951908388618,0.0010891706583886175,0.014516905033388618,0.01720245190838862,0.02550323315838862,0.015493467533388618,0.011831358158388618,0.0010891706583886175,0.0020657331583886175,0.0010891706583886175,0.0010891706583886175,0.0010891706583886175,0.0010891706583886175,0.0027981550333886175,0.0062161237833886175,-0.00013153246661138252,0.0010891706583886175,-0.010873719966611382,0.0010891706583886175,-0.014047548091611382,0.0010891706583886175,-0.012094423091611382,-0.0040377824666113825,-0.0030612199666113825,-0.011362001216611382,-0.009897157466611382,-0.0042819230916113825,0.0003567487833886175,0.0010891706583886175,-0.014291688716611382,0.0010891706583886175,-0.01868621996661138,-0.02063934496661138,-0.010141298091611382,-0.0011080949666113825,-0.0025729387166113825,0.0010891706583886175,0.0010891706583886175,0.0010891706583886175,0.0010891706583886175,0.0010891706583886175,0.007925108158388618,0.0032864362833886175,0.0010891706583886175,0.0049954206583886175,0.014761045658388618,0.02257354565838862,0.010122373783388618,0.012075498783388618,0.01964385815838862,0.0010891706583886175,0.0010891706583886175,0.01939971753338862,0.01939971753338862,0.011343076908388618,0.01817901440838862,0.02135284253338862,0.010610655033388618,0.0010891706583886175,0.0025540144083886175,0.0020657331583886175,0.0010891706583886175,0.008169248783388618,0.0010891706583886175,0.0010891706583886175,0.0010891706583886175,-0.015512391841611382,0.0010891706583886175,-0.015268251216611382,-0.01575653246661138,-0.015512391841611382,0.0010891706583886175,0.0010891706583886175,-0.013070985591611382,-0.013315126216611382,-0.02503387621661138,-0.02723114184161138,-0.02137176684161138,0.0010891706583886175,-0.01600067309161138,-0.014047548091611382,-0.01844207934161138,0.0010891706583886175,-0.0006198137166113825,0.0010891706583886175,-0.009897157466611382,-0.014291688716611382,-0.01966278246661138,-0.0028170793416113825,0.0010891706583886175,0.0010891706583886175,0.0010891706583886175,0.0010891706583886175,0.0010891706583886175,0.0010891706583886175,-0.0023287980916113825,0.015005186283388618,0.02184112378338862,0.0040188581583886175,-0.0035495012166113825,0.010366514408388618,0.0010891706583886175,0.02428253003338862,0.02623565503338862,0.0010891706583886175,-0.0033053605916113825,0.0035305769083886175,0.007925108158388618,0.0010891706583886175,0.013052061283388618,0.01573760815838862,0.00011260815838861748,-0.0055026262166113825,0.010122373783388618,0.0010891706583886175,0.009389951908388618,0.0010891706583886175,0.0010891706583886175,0.0010891706583886175,0.0010891706583886175,0.011587217533388618,-0.0018405168416113825,-0.012094423091611382,-0.012826844966611382,0.0010891706583886175,0.0010891706583886175,0.010366514408388618,0.015493467533388618,0.009634092533388618,-0.0003756730916113825,0.0010891706583886175,-0.0030612199666113825,0.009389951908388618,0.009878233158388618,0.0040188581583886175,0.0010891706583886175,0.014272764408388618,0.0010891706583886175,0.015005186283388618,-0.0047702043416113825,-0.0035495012166113825,0.0008450300333886175,0.0010891706583886175,-0.0003756730916113825,0.0010891706583886175,0.0010891706583886175,0.0010891706583886175,0.0010891706583886175,0.0010891706583886175,-0.01893036059161138,-0.036264344966611385,-0.02845184496661138,-0.01917450121661138,0.0010891706583886175,-0.01575653246661138,-0.013070985591611382,-0.009408876216611382,0.0010891706583886175,-0.02674286059161138,-0.01966278246661138,-0.010873719966611382,0.0010891706583886175,-0.0055026262166113825,-0.009897157466611382,-0.012338563716611382,-0.0055026262166113825,-0.008432313716611382,0.0010891706583886175,0.0062161237833886175,0.0010891706583886175,0.0010891706583886175,0.0010891706583886175,0.0010891706583886175,0.011098936283388618,0.0003567487833886175,0.0010891706583886175,0.0049954206583886175,0.02135284253338862,0.0010891706583886175,0.0010891706583886175,0.035512998783388615,0.010854795658388618,0.02110870190838862,0.0010891706583886175,0.033559873783388615,0.031850889408388615,-0.0023287980916113825,0.0049954206583886175,0.0010891706583886175,0.0010891706583886175,0.02452667065838862,-0.010629579341611382,-0.01770965746661138,-0.01893036059161138,-0.010141298091611382,0.0010891706583886175,0.0006008894083886175,0.0010891706583886175,0.0010891706583886175,0.0010891706583886175,0.0010891706583886175,0.0010891706583886175,-0.010141298091611382,-0.01722137621661138,-0.040170594966611385,-0.037729188716611385,-0.02478973559161138,-0.013559266841611382,0.0010891706583886175,-0.011117860591611382,-0.014291688716611382,0.0010891706583886175,-0.009164735591611382,0.0049954206583886175,0.0074368269083886175,0.0010891706583886175,0.0052395612833886175,0.0059719831583886175,0.0054837019083886175,0.013784483158388618,0.02403838940838862,0.0010891706583886175,0.02452667065838862,0.0010891706583886175,0.0010891706583886175,0.0010891706583886175,0.0010891706583886175,0.02892120190838862,0.02208526440838862,0.014761045658388618,0.0010891706583886175,0.012563780033388618,0.0010891706583886175,0.0057278425333886175,0.0049954206583886175,-0.007944032466611382,-0.0052584855916113825,0.0037747175333886175,0.0010891706583886175,0.0032864362833886175,-0.0003756730916113825,-0.010629579341611382,0.0010891706583886175,-0.01941864184161138,-0.009897157466611382,-0.0062350480916113825,-0.0069674699666113825,-0.014291688716611382,0.0010891706583886175,-0.01941864184161138,0.0010891706583886175,0.0010891706583886175,0.0010891706583886175,0.0010891706583886175,0.0010891706583886175,0.0062161237833886175,0.009145811283388618,0.0067044050333886175,0.008657530033388618,0.013784483158388618,0.0010891706583886175,0.013540342533388618,0.0064602644083886175,0.008413389408388618,0.0010891706583886175,0.011587217533388618,-0.0018405168416113825,-0.010873719966611382,-0.015024110591611382,-0.014779969966611382,0.0010891706583886175,-0.008920594966611382,-0.0064791887166113825,-0.0074557512166113825,0.0010891706583886175,-0.032602235591611385,0.0010891706583886175,0.0010891706583886175,0.0010891706583886175,0.0010891706583886175,-0.032113954341611385,-0.02942840746661138,0.0010891706583886175,-0.02552215746661138,-0.02137176684161138,0.0010891706583886175,-0.0059909074666113825,0.010854795658388618,0.00011260815838861748,-0.0072116105916113825,0.0047512800333886175,0.0010891706583886175,0.02428253003338862,0.034780576908388615,0.036977842533388615,0.0010891706583886175,0.0074368269083886175,0.032095030033388615,0.038930967533388615,0.031606748783388615,0.02647979565838862,0.02892120190838862,0.0010891706583886175,0.0010891706583886175,0.0010891706583886175,0.0010891706583886175,0.0010891706583886175,0.0010891706583886175,-0.0008639543416113825,0.03014190503338862,0.012563780033388618,-0.01893036059161138,0.0010891706583886175,-0.037729188716611385,-0.02967254809161138,0.010366514408388618,-0.0055026262166113825,0.0010891706583886175,-0.040414735591611385,0.0010891706583886175,-0.042123719966611385,-0.032846376216611385,-0.02259246996661138,-0.012094423091611382,-0.013803407466611382,-0.010873719966611382,-0.009653016841611382,0.0010891706583886175,0.0010891706583886175,-0.009897157466611382,0.0010891706583886175,0.0010891706583886175,0.0010891706583886175,0.013296201908388618,-0.0028170793416113825,-0.008188173091611382,0.0010891706583886175,0.0069485456583886175,0.0010891706583886175,0.032095030033388615,-0.008676454341611382,-0.02186004809161138,-0.01575653246661138,-0.0030612199666113825,0.0010891706583886175,0.0040188581583886175,0.0040188581583886175,-0.01917450121661138,0.0010891706583886175,-0.0013522355916113825,0.01647003003338862,0.0010891706583886175,0.014028623783388618,-0.008920594966611382,-0.02918426684161138,-0.02723114184161138,0.0010891706583886175,0.0010891706583886175,0.0010891706583886175,0.0010891706583886175,0.0010891706583886175,-0.00013153246661138252,0.010122373783388618,0.013296201908388618,0.01842315503338862,0.02062042065838862,0.02623565503338862,0.0010891706583886175,0.037221983158388615,0.039907530033388615,0.0010891706583886175,0.02306182690838862,0.02232940503338862,0.02037628003338862,0.01695831128338862,0.014761045658388618,0.0010891706583886175,0.014516905033388618,0.01769073315838862,0.01793487378338862,0.0010891706583886175,-0.02039520434161138,0.0010891706583886175,0.0010891706583886175,0.0010891706583886175,0.0010891706583886175,-0.038461610591611385,-0.045053407466611385,0.0010891706583886175,-0.037240907466611385,-0.02308075121661138,0.0010891706583886175,-0.015024110591611382,-0.02332489184161138,-0.034067079341611385,-0.02820770434161138,0.0010891706583886175,-0.0006198137166113825,0.02135284253338862,0.013052061283388618,-0.01819793871661138,0.0010891706583886175,0.01842315503338862,0.02208526440838862,0.008169248783388618,0.0015774519083886175,0.0010891706583886175,0.0032864362833886175,0.0064602644083886175,0.0010891706583886175,0.0010891706583886175,0.0010891706583886175,0.0010891706583886175,0.0010891706583886175,-0.0064791887166113825,0.0074368269083886175,0.0010891706583886175,0.015493467533388618,0.0013333112833886175,-0.02771942309161138,-0.009653016841611382,0.0015774519083886175,-0.0045260637166113825,0.0010891706583886175,0.0010891706583886175,-0.032846376216611385,0.0054837019083886175,0.02477081128338862,0.01866729565838862,0.0010891706583886175,0.008657530033388618,0.012807920658388618,0.014761045658388618,0.031850889408388615,0.0010891706583886175,0.034536436283388615,0.0010891706583886175,0.0010891706583886175,0.0010891706583886175,0.0010891706583886175,0.02867706128338862,0.00011260815838861748,0.0054837019083886175,0.02257354565838862,0.0010891706583886175,0.0010891706583886175,-0.0025729387166113825,-0.0018405168416113825,0.0067044050333886175,0.0010891706583886175,0.009878233158388618,-0.0023287980916113825,-0.043832704341611385,-0.02454559496661138,0.0049954206583886175,0.0010891706583886175,0.0010891706583886175,-0.007944032466611382,-0.039194032466611385,-0.02234832934161138,0.011587217533388618,0.0010891706583886175,0.0010891706583886175,0.0010891706583886175,0.0010891706583886175,-0.012094423091611382,0.0010891706583886175,0.0010891706583886175,0.02550323315838862,-0.0028170793416113825,-0.033822938716611385,0.0010891706583886175,-0.040414735591611385,-0.013803407466611382,0.015493467533388618,-0.01844207934161138,0.0010891706583886175,0.0010891706583886175,0.01866729565838862,0.02818878003338862,-0.011850282466611382,0.0010891706583886175,-0.056528016841611385,0.000389951908388618,-0.047006532466611385,0.01744659253338862,0.0035305769083886175,0.0010891706583886175,-0.02894012621661138,0.0010891706583886175,0.0010891706583886175,0.0010891706583886175,0.0010891706583886175,-0.0064791887166113825,-0.01966278246661138,0.0057278425333886175,0.0010891706583886175,0.045522764408388615,0.0010891706583886175,0.0027981550333886175,0.0010891706583886175,-0.01746551684161138,-0.008188173091611382,0.040639951908388615,0.031362608158388615,0.00011260815838861748,-0.012094423091611382,0.0010891706583886175,0.010366514408388618,0.0010891706583886175,0.02013213940838862,-0.036508485591611385,-0.02112762621661138,0.010122373783388618,0.0010891706583886175,0.02574737378338862,0.0010891706583886175,0.0010891706583886175,0.0010891706583886175,-0.011606141841611382,0.0010891706583886175,0.036001280033388615,0.0010891706583886175,0.0052395612833886175,0.0071926862833886175,0.03087432690838862,0.02989776440838862,0.010610655033388618,0.0010891706583886175,-0.012094423091611382,0.0010891706583886175,0.015493467533388618,0.02135284253338862,-0.0015963762166113825,-0.034555360591611385,0.0010891706583886175,-0.043344423091611385,-0.02112762621661138,0.0045071394083886175,-0.031381532466611385,0.0010891706583886175,-0.062143251216611385,0.0010891706583886175,0.0010891706583886175,0.0010891706583886175,0.0010891706583886175,-0.0072116105916113825,-0.02991668871661138,0.0052395612833886175,0.035268858158388615,0.0010891706583886175,0.0010891706583886175,-0.010629579341611382,-0.008432313716611382,0.0032864362833886175,0.0010891706583886175,0.012075498783388618,0.010122373783388618,-0.013315126216611382,-0.012338563716611382,-0.0020846574666113825,0.0010891706583886175,0.0057278425333886175,0.0010891706583886175,-0.0069674699666113825,-0.01575653246661138,0.00011260815838861748,0.0037747175333886175,0.0010891706583886175,0.0010891706583886175,0.0010891706583886175,0.0010891706583886175,0.0010891706583886175,-0.02796356371661138,-0.02308075121661138,-0.014291688716611382,-0.0008639543416113825,0.0010891706583886175,0.014516905033388618,0.02379424878338862,0.01891143628338862,-0.0013522355916113825,0.0010891706583886175,-0.0055026262166113825,0.0010891706583886175,0.014761045658388618,0.03087432690838862,-0.0047702043416113825,-0.01966278246661138,-0.015512391841611382,0.0023098737833886175,0.0010891706583886175,0.02232940503338862,0.0010891706583886175,0.0069485456583886175,0.0010891706583886175,0.0010891706583886175,0.0010891706583886175,0.031850889408388615,0.02794463940838862,0.0010891706583886175,0.0074368269083886175,0.012807920658388618,0.0010891706583886175,0.039175108158388615,0.02818878003338862,0.0010891706583886175,0.010854795658388618,0.014028623783388618,0.02501495190838862,0.01866729565838862,0.012319639408388618,0.008901670658388618,0.0010891706583886175,0.0010891706583886175,-0.010873719966611382,-0.015268251216611382,0.0032864362833886175,0.014516905033388618,0.011587217533388618,-0.0037936418416113825,0.0010891706583886175,0.0010891706583886175,0.0010891706583886175,0.0010891706583886175,0.0010891706583886175,0.009389951908388618,-0.009897157466611382,0.0010891706583886175,-0.02576629809161138,-0.02942840746661138,-0.014779969966611382,-0.01868621996661138,-0.02552215746661138,-0.02234832934161138,0.0010891706583886175,0.0010891706583886175,0.0057278425333886175,-0.010385438716611382,-0.037240907466611385,-0.037729188716611385,-0.014779969966611382,0.008413389408388618,0.0010891706583886175,0.02086456128338862,0.011831358158388618,0.0010891706583886175,-0.0013522355916113825,0.0010891706583886175,0.0010891706583886175,0.0010891706583886175,0.0010891706583886175,-0.0030612199666113825,0.0062161237833886175,0.01988799878338862,0.02037628003338862,0.0010891706583886175,0.0010891706583886175,-0.014535829341611382,0.0010891706583886175,0.02062042065838862,0.02525909253338862,0.0010891706583886175,0.0049954206583886175,-0.01966278246661138,0.0006008894083886175,0.01695831128338862,0.0010891706583886175,0.0010891706583886175,0.0010891706583886175,0.0010891706583886175,0.0025540144083886175,0.0010891706583886175,0.0052395612833886175,0.0030422956583886175,0.0010891706583886175,0.0010891706583886175,0.0010891706583886175,0.0010891706583886175,0.0010891706583886175,0.0062161237833886175,-0.010873719966611382,0.0010891706583886175,-0.013559266841611382,-0.0015963762166113825,0.01988799878338862,0.012075498783388618,0.00011260815838861748,-0.0055026262166113825,0.0010891706583886175,0.0010891706583886175,0.015493467533388618,0.01671417065838862,0.0069485456583886175,-0.0047702043416113825,-0.0074557512166113825,0.00011260815838861748,0.0010891706583886175,0.0015774519083886175,0.0013333112833886175,0.0010891706583886175,-0.0059909074666113825,0.0010891706583886175,0.0010891706583886175,0.0010891706583886175,0.0010891706583886175,-0.010873719966611382,-0.008188173091611382,-0.0030612199666113825,0.0010891706583886175,0.0013333112833886175,0.0010891706583886175,-0.013559266841611382,-0.014779969966611382,-0.011362001216611382,0.0010891706583886175,-0.0030612199666113825,0.0025540144083886175,-0.0011080949666113825,-0.0072116105916113825,-0.0067233293416113825,0.0010891706583886175,-0.0042819230916113825,0.0010891706583886175,0.00011260815838861748,0.0025540144083886175,0.00011260815838861748,-0.0037936418416113825,0.0010891706583886175,0.0010891706583886175,0.0010891706583886175,0.0010891706583886175,0.0010891706583886175,0.0032864362833886175,0.0010891706583886175,0.0052395612833886175,0.0032864362833886175,0.0064602644083886175,0.0071926862833886175,0.0032864362833886175,0.0010891706583886175,0.0010891706583886175,0.008413389408388618,0.0010891706583886175,-0.02820770434161138,-0.02161590746661138,-0.0008639543416113825,0.0010891706583886175,0.01671417065838862,0.012807920658388618,0.01988799878338862,0.051626280033388615,0.000389951908388618,0.0010891706583886175,0.0010891706583886175,0.02599151440838862,0.0010891706583886175,0.0010891706583886175,0.0010891706583886175,0.039175108158388615,0.0010891706583886175,-0.0006198137166113825,-0.02698700121661138,-0.01575653246661138,0.0010891706583886175,-0.010873719966611382,0.0010891706583886175,-0.02381317309161138,-0.036020204341611385,-0.01770965746661138,-0.0072116105916113825,0.0010891706583886175,-0.02088348559161138,-0.041147157466611385,-0.034311219966611385,0.0010891706583886175,0.009634092533388618,0.0010891706583886175,0.0003567487833886175,-0.059213563716611385,-0.048471376216611385,-0.015024110591611382,0.0010891706583886175,0.0010891706583886175,0.0010891706583886175,0.0010891706583886175,0.0010891706583886175,-0.0030612199666113825,0.01988799878338862,0.0069485456583886175,0.0010891706583886175,-0.02015106371661138,-0.039682313716611385,-0.02552215746661138,-0.0062350480916113825,0.008169248783388618,0.0010891706583886175,0.0010891706583886175,0.0010891706583886175,0.0010891706583886175,0.0008450300333886175,0.0010891706583886175,0.01769073315838862,0.033071592533388615,0.012563780033388618,0.0040188581583886175,0.0010891706583886175,0.042104795658388615,0.0010891706583886175,0.0010891706583886175,0.0010891706583886175,0.0010891706583886175,0.009878233158388618,0.01891143628338862,0.02794463940838862,0.02940948315838862,0.0010891706583886175,0.0010891706583886175,-0.0008639543416113825,-0.01844207934161138,-0.0003756730916113825,0.01891143628338862,0.02355010815838862,0.02110870190838862,0.01793487378338862,0.01988799878338862,0.0010891706583886175,0.0010891706583886175,0.034780576908388615,0.037221983158388615,0.032827451908388615,0.035024717533388615,0.042104795658388615,0.047231748783388615,0.0010891706583886175,0.0010891706583886175,0.0010891706583886175,0.0010891706583886175,0.0010891706583886175,0.0010891706583886175,-0.02649871996661138,-0.037485048091611385,-0.036996766841611385,0.0010891706583886175,-0.03064911059161138,-0.02747528246661138,-0.033822938716611385,-0.013803407466611382,0.009389951908388618,0.0010891706583886175,0.0030422956583886175,0.0010891706583886175,-0.01966278246661138,-0.0062350480916113825,0.036489561283388615,0.06969268628338862,0.06896026440838862,0.041616514408388615,0.0010891706583886175,0.02013213940838862,0.0010891706583886175,-0.06531707934161138,0.0010891706583886175,0.0010891706583886175,0.0010891706583886175,0.000389951908388618,-0.06507293871661138,0.0010891706583886175,-0.06653778246661138,0.000389951908388618,0.0010891706583886175,-0.015512391841611382,0.02403838940838862,0.044790342533388615,0.0010891706583886175,0.045766905033388615,0.041372373783388615,0.048940733158388615,0.037710264408388615,0.02355010815838862,0.0010891706583886175,0.02770049878338862,0.031606748783388615,0.0010891706583886175,0.02281768628338862,-0.02601043871661138,-0.050668641841611385,-0.061899110591611385,0.0010891706583886175,0.0010891706583886175,0.0010891706583886175,0.0010891706583886175,0.0010891706583886175,0.0010891706583886175,0.0008450300333886175,-0.0035495012166113825,0.053579405033388615,0.000389951908388618,0.000389951908388618,0.06773956128338862,0.0010891706583886175,0.039419248783388615,0.01671417065838862,0.0010891706583886175,-0.038217469966611385,-0.036996766841611385,-0.02820770434161138,-0.01868621996661138,0.0010891706583886175,-0.01673309496661138,-0.037729188716611385,-0.052133485591611385,-0.014291688716611382,0.0010891706583886175,0.02525909253338862,0.0010891706583886175,0.0010891706583886175,0.0010891706583886175,0.0010891706583886175,0.01866729565838862,0.011587217533388618,-0.02259246996661138,-0.032358094966611385,0.0010891706583886175,0.0069485456583886175,0.0010891706583886175,-0.011850282466611382,-0.055795594966611385,-0.051645204341611385,-0.044320985591611385,-0.040658876216611385,-0.039438173091611385,0.0010891706583886175,-0.02991668871661138,0.0010891706583886175,-0.0025729387166113825,-0.013559266841611382,-0.008188173091611382,-0.0006198137166113825,0.011587217533388618,0.0010891706583886175,0.0010891706583886175,0.0010891706583886175,0.0010891706583886175,0.0010891706583886175,0.0010891706583886175,0.012075498783388618,0.031362608158388615,0.032095030033388615,0.0010891706583886175,0.0013333112833886175,-0.02625457934161138,-0.008920594966611382,-0.01673309496661138,-0.037240907466611385,0.0010891706583886175,0.0010891706583886175,0.0010891706583886175,-0.02698700121661138,0.01915557690838862,0.0010891706583886175,0.0040188581583886175,0.01744659253338862,0.02379424878338862,0.02672393628338862,0.033315733158388615,0.0010891706583886175,0.0010891706583886175,0.0010891706583886175,0.0010891706583886175,0.0010891706583886175,0.0010891706583886175,0.02208526440838862,0.012563780033388618,-0.012582704341611382,-0.02039520434161138,0.0010891706583886175,0.0010891706583886175,-0.035776063716611385,-0.047494813716611385,-0.02796356371661138,-0.0059909074666113825,0.0010891706583886175,0.0006008894083886175,0.0010891706583886175,0.00011260815838861748,0.013540342533388618,0.0010891706583886175,0.01695831128338862,0.02672393628338862,0.039419248783388615,0.038198545658388615,0.0010891706583886175,0.02306182690838862,0.0010891706583886175,0.0010891706583886175,0.0010891706583886175,0.0010891706583886175,0.0010891706583886175,0.0057278425333886175,-0.010141298091611382,-0.0023287980916113825,-0.0050143449666113825,-0.01795379809161138,-0.02649871996661138,0.0010891706583886175,-0.033578798091611385,-0.02991668871661138,0.0010891706583886175,-0.0011080949666113825,0.0035305769083886175,0.0010891706583886175,-0.0008639543416113825,-0.0069674699666113825,-0.0011080949666113825,-0.0033053605916113825,-0.0050143449666113825,0.0062161237833886175,0.0010891706583886175,0.0010891706583886175,0.037710264408388615,0.0010891706583886175,0.0010891706583886175,0.0010891706583886175,0.0010891706583886175,0.012563780033388618,-0.02576629809161138,-0.037729188716611385,0.0010891706583886175,0.0010891706583886175,-0.02063934496661138,-0.039194032466611385,-0.061899110591611385,0.000389951908388618,-0.056039735591611385,0.0010891706583886175,-0.03016082934161138,-0.009897157466611382,-0.011362001216611382,0.0010891706583886175,-0.009653016841611382,0.0023098737833886175,0.0062161237833886175,0.0010891706583886175,0.0042629987833886175,0.0074368269083886175,0.042593076908388615,0.0010891706583886175,0.0010891706583886175,0.0010891706583886175,0.0010891706583886175,0.0010891706583886175,0.031362608158388615,0.014028623783388618,0.0010891706583886175,-0.00013153246661138252,0.0032864362833886175,0.008657530033388618,-0.0018405168416113825,-0.012094423091611382,-0.01624481371661138,0.0010891706583886175,0.0010891706583886175,-0.0052584855916113825,-0.011606141841611382,-0.008188173091611382,0.0015774519083886175,-0.0028170793416113825,-0.008188173091611382,0.0010891706583886175,0.008169248783388618,0.02696807690838862,0.0010891706583886175,-0.009653016841611382,0.0010891706583886175,0.0010891706583886175,0.0010891706583886175,0.0010891706583886175,0.046987608158388615,0.01793487378338862,0.02355010815838862,0.0010891706583886175,0.02525909253338862,0.0010891706583886175,-0.0055026262166113825,0.007925108158388618,0.01622588940838862,-0.0028170793416113825,0.0010891706583886175,-0.039438173091611385,-0.037729188716611385,-0.02137176684161138,-0.01624481371661138,0.0010891706583886175,-0.042612001216611385,-0.036020204341611385,0.0010891706583886175,-0.01575653246661138,-0.015268251216611382,0.0010891706583886175,0.0010891706583886175,0.0010891706583886175,0.0010891706583886175,0.014516905033388618,0.0010891706583886175,0.0010891706583886175,0.01866729565838862,0.015249326908388618,0.02428253003338862,0.040151670658388615,0.048208311283388615,0.037954405033388615,0.0010891706583886175,0.02574737378338862,0.02135284253338862,0.0010891706583886175,0.0006008894083886175,-0.010385438716611382,-0.013070985591611382,-0.008676454341611382,0.0010891706583886175,-0.007944032466611382,-0.010141298091611382,-0.034555360591611385,-0.038461610591611385,0.0010891706583886175,0.0010891706583886175,0.0010891706583886175,0.0010891706583886175,0.0010891706583886175,-0.039194032466611385,0.0010891706583886175,-0.01673309496661138,0.02355010815838862,0.0062161237833886175,-0.013070985591611382,0.0010891706583886175,0.008413389408388618,0.0010891706583886175,0.01647003003338862,0.01842315503338862,0.033559873783388615,0.03087432690838862,0.01964385815838862,0.008169248783388618,0.009145811283388618,0.0010891706583886175,0.0010891706583886175,0.039419248783388615,0.01939971753338862,-0.0015963762166113825,-0.01893036059161138,0.0010891706583886175,0.0010891706583886175,0.0010891706583886175,0.0010891706583886175,-0.01624481371661138,0.0010891706583886175,-0.038705751216611385,0.0010891706583886175,-0.01795379809161138,-0.013070985591611382,-0.02283661059161138,-0.02259246996661138,-0.009653016841611382,0.0010891706583886175,-0.0003756730916113825,0.0013333112833886175,0.0010891706583886175,0.0010891706583886175,0.008169248783388618,0.0006008894083886175,-0.0030612199666113825,0.014028623783388618,0.02257354565838862,0.0076809675333886175,0.0010891706583886175,-0.011850282466611382,-0.011850282466611382,0.0010891706583886175,0.0010891706583886175,0.0010891706583886175,0.0010891706583886175,0.0010891706583886175,-0.007944032466611382,-0.0013522355916113825,0.013784483158388618,0.015493467533388618,0.0010891706583886175,0.0006008894083886175,0.0010891706583886175,-0.0052584855916113825,0.009145811283388618,0.0010891706583886175,-0.01673309496661138,0.0010891706583886175,-0.035043641841611385,-0.010141298091611382,-0.0028170793416113825,-0.0067233293416113825,0.0010891706583886175,-0.01917450121661138,0.0010891706583886175,-0.013315126216611382,-0.0011080949666113825,0.0010891706583886175,0.0010891706583886175,0.0010891706583886175,-0.0028170793416113825,0.0010891706583886175,0.01769073315838862,0.0010891706583886175,-0.0067233293416113825,-0.015512391841611382,0.0010891706583886175,-0.0008639543416113825,0.038198545658388615,0.02818878003338862,0.01769073315838862,0.01769073315838862,0.02257354565838862,0.0010891706583886175,0.0010891706583886175,0.0071926862833886175,0.01573760815838862,0.02013213940838862,0.0032864362833886175,-0.015024110591611382,-0.0076998918416113825,0.0010891706583886175,0.0059719831583886175,-0.010141298091611382,0.0010891706583886175,0.0010891706583886175,0.0010891706583886175,0.0010891706583886175,0.0010891706583886175,-0.02796356371661138,-0.01819793871661138,-0.008676454341611382,-0.012094423091611382,0.0010891706583886175,-0.02649871996661138,0.0010891706583886175,-0.011117860591611382,-0.0015963762166113825,0.0042629987833886175,0.0054837019083886175,0.0057278425333886175,0.0010891706583886175,0.0032864362833886175,0.009389951908388618,0.01573760815838862,0.0010891706583886175,0.036489561283388615,0.02574737378338862,0.007925108158388618,0.0010891706583886175,-0.0015963762166113825,0.0010891706583886175,0.0010891706583886175,0.0010891706583886175,-0.0015963762166113825,0.0010891706583886175,0.0010891706583886175,0.0069485456583886175,0.013296201908388618,0.008901670658388618,0.0052395612833886175,0.0025540144083886175,0.0010891706583886175,-0.0045260637166113825,-0.011850282466611382,-0.01722137621661138,0.0010891706583886175,-0.013315126216611382,0.0010891706583886175,-0.02039520434161138,-0.02991668871661138,-0.02723114184161138,-0.01697723559161138,-0.008188173091611382,0.0010891706583886175,-0.01868621996661138,-0.02723114184161138,0.0010891706583886175,0.0010891706583886175,0.0010891706583886175,0.0010891706583886175,0.0010891706583886175,-0.0072116105916113825,0.0008450300333886175,0.0049954206583886175,0.0010891706583886175,0.0037747175333886175,0.013052061283388618,0.0010891706583886175,0.02232940503338862,0.012075498783388618,0.010610655033388618,0.0010891706583886175,0.02281768628338862,0.02892120190838862,0.010366514408388618,-0.0074557512166113825,-0.0076998918416113825,0.0010891706583886175,0.02135284253338862,0.0010891706583886175,0.02184112378338862,-0.0025729387166113825,-0.0052584855916113825,0.0010891706583886175,0.0010891706583886175,0.0010891706583886175,-0.0025729387166113825,-0.0040377824666113825,0.0010891706583886175,-0.00013153246661138252,0.0010891706583886175,0.0062161237833886175,0.0042629987833886175,-0.0069674699666113825,-0.01770965746661138,-0.013070985591611382,0.0010891706583886175,-0.0018405168416113825,0.0067044050333886175,0.0010891706583886175,-0.011850282466611382,-0.010629579341611382,-0.0064791887166113825,-0.0074557512166113825,0.0010891706583886175,-0.012338563716611382,-0.009653016841611382,0.0067044050333886175,0.011587217533388618,0.0010891706583886175,0.0010891706583886175,0.0010891706583886175,0.0010891706583886175,0.014028623783388618,0.0010891706583886175,0.012563780033388618,0.0069485456583886175,-0.0069674699666113825,-0.0057467668416113825,0.0037747175333886175,0.0010891706583886175,0.01720245190838862,0.0010891706583886175,0.008901670658388618,0.0067044050333886175,0.0069485456583886175,0.0035305769083886175,0.009634092533388618,0.01891143628338862,0.010610655033388618,0.0010891706583886175,0.0010891706583886175,0.0052395612833886175,0.0071926862833886175,0.0020657331583886175,0.0010891706583886175,0.0010891706583886175,0.0010891706583886175,0.0010891706583886175,0.01671417065838862,-0.0006198137166113825,0.0010891706583886175,-0.0015963762166113825,0.0045071394083886175,0.0010891706583886175,-0.0013522355916113825,-0.009897157466611382,0.009145811283388618,0.0071926862833886175,-0.0064791887166113825,-0.012094423091611382,0.0010891706583886175,-0.01600067309161138,0.0010891706583886175,-0.01819793871661138,0.0030422956583886175,0.0023098737833886175,-0.01770965746661138,-0.040170594966611385,-0.045541688716611385,0.0010891706583886175,-0.02234832934161138,0.0010891706583886175,0.0010891706583886175,0.0010891706583886175,0.0010891706583886175,-0.013559266841611382,0.010610655033388618,0.014272764408388618,0.0010891706583886175,0.0067044050333886175,-0.0023287980916113825,0.0010891706583886175,0.011587217533388618,0.01695831128338862,0.0076809675333886175,0.0010891706583886175,0.0027981550333886175,0.014272764408388618,0.01720245190838862,0.01647003003338862,0.010366514408388618,0.0010891706583886175,0.0003567487833886175,0.0010891706583886175,0.02086456128338862,0.02745635815838862,0.0045071394083886175,0.0010891706583886175,0.0010891706583886175,0.0010891706583886175,-0.0030612199666113825,0.0010891706583886175,0.0010891706583886175,0.015493467533388618,-0.0037936418416113825,-0.02088348559161138,0.0010891706583886175,-0.02234832934161138,0.013540342533388618,0.02330596753338862,0.0027981550333886175,-0.02674286059161138,0.0010891706583886175,0.0010891706583886175,0.0030422956583886175,0.03038604565838862,0.007925108158388618,-0.01770965746661138,-0.02259246996661138,0.0010891706583886175,-0.0045260637166113825,0.02940948315838862,0.011098936283388618,0.0010891706583886175,0.0010891706583886175,0.0010891706583886175,0.0010891706583886175,0.0010891706583886175,0.02013213940838862,0.0010891706583886175,-0.033578798091611385,-0.02698700121661138,0.015249326908388618,0.0010891706583886175,0.011098936283388618,0.0010891706583886175,-0.02820770434161138,-0.056039735591611385,0.014516905033388618,0.040884092533388615,0.012807920658388618,-0.037729188716611385,-0.061410829341611385,0.0010891706583886175,0.0010891706583886175,0.02306182690838862,0.02892120190838862,-0.035287782466611385,-0.06702606371661138,0.0010891706583886175,-0.02918426684161138,0.0010891706583886175,0.0010891706583886175,-0.01722137621661138,0.0010891706583886175,0.0010891706583886175,0.02989776440838862,0.048452451908388615,0.0010891706583886175,0.02623565503338862,-0.014779969966611382,-0.0033053605916113825,0.035512998783388615,0.050405576908388615,0.01842315503338862,0.0010891706583886175,-0.02894012621661138,0.0010891706583886175,0.048940733158388615,0.043569639408388615,0.008169248783388618,-0.03089325121661138,-0.037729188716611385,0.0010891706583886175,-0.0003756730916113825,0.044302061283388615,0.0010891706583886175,-0.036020204341611385,0.0010891706583886175,0.0010891706583886175,0.0010891706583886175,0.050893858158388615,0.0010891706583886175,-0.048715516841611385,-0.050180360591611385,0.0023098737833886175,0.0010891706583886175,0.044546201908388615,0.0010891706583886175,-0.0055026262166113825,-0.051889344966611385,-0.0008639543416113825,0.048940733158388615,0.041616514408388615,-0.008432313716611382,-0.051156923091611385,0.0010891706583886175,0.0059719831583886175,0.0010891706583886175,0.048452451908388615,-0.011362001216611382,-0.052865907466611385,-0.034555360591611385,0.0010891706583886175,0.0010891706583886175,0.0010891706583886175,0.0010891706583886175,0.0010891706583886175,-0.037485048091611385,0.0010891706583886175,0.013540342533388618,0.01866729565838862,-0.037485048091611385,-0.06336395434161138,-0.035531923091611385,0.02403838940838862,0.053579405033388615,0.0010891706583886175,-0.048959657466611385,0.0010891706583886175,-0.06873504809161138,0.034780576908388615,0.056264951908388615,0.01793487378338862,-0.040658876216611385,-0.057260438716611385,-0.014291688716611382,0.0010891706583886175,0.0010891706583886175,0.050161436283388615,-0.033334657466611385,0.0010891706583886175,0.0010891706583886175,0.0010891706583886175,0.046255186283388615,0.00011260815838861748,-0.036508485591611385,0.0010891706583886175,0.0010891706583886175,0.042837217533388615,0.02965362378338862,-0.013559266841611382,-0.044565126216611385,0.0010891706583886175,-0.02552215746661138,0.02452667065838862,0.02037628003338862,-0.034555360591611385,0.0010891706583886175,-0.01770965746661138,0.038442686283388615,0.046987608158388615,0.0057278425333886175,0.0010891706583886175,-0.034067079341611385,-0.02845184496661138,0.034536436283388615,0.0010891706583886175,0.0010891706583886175,0.0010891706583886175,0.0010891706583886175,0.0010891706583886175,0.02599151440838862,0.012319639408388618,-0.0062350480916113825,-0.01770965746661138,-0.0062350480916113825,0.0010891706583886175,0.02184112378338862,0.007925108158388618,-0.010873719966611382,0.0010891706583886175,-0.0050143449666113825,0.013784483158388618,0.02379424878338862,0.0025540144083886175,-0.031625673091611385,0.0010891706583886175,-0.02991668871661138,0.02281768628338862,0.012319639408388618,0.0010891706583886175,-0.038949891841611385,0.0010891706583886175,0.0010891706583886175,0.0010891706583886175,0.0010891706583886175,-0.03089325121661138,-0.02088348559161138,-0.0008639543416113825,0.015493467533388618,0.0010891706583886175,0.0010891706583886175,-0.013315126216611382,-0.009653016841611382,0.0013333112833886175,0.013784483158388618,0.015005186283388618,0.0010891706583886175,0.00011260815838861748,-0.012582704341611382,0.0030422956583886175,0.0010891706583886175,0.007925108158388618,0.0042629987833886175,-0.0059909074666113825,-0.009653016841611382,-0.00013153246661138252,0.0010891706583886175,0.011098936283388618,0.0010891706583886175,0.0010891706583886175,0.0010891706583886175,0.0010891706583886175,0.02892120190838862,0.0010891706583886175,-0.0037936418416113825,-0.01917450121661138,0.02623565503338862,0.048940733158388615,0.02550323315838862,-0.02283661059161138,0.0010891706583886175,-0.049447938716611385,0.0010891706583886175,0.02745635815838862,0.01622588940838862,-0.02063934496661138,0.0010891706583886175,-0.046274110591611385,-0.036752626216611385,0.039419248783388615,0.046743467533388615,0.02184112378338862,0.0010891706583886175,-0.01770965746661138,0.0010891706583886175,0.0010891706583886175,0.0010891706583886175,0.0010891706583886175,0.01793487378338862,0.0067044050333886175,0.039419248783388615,0.06529815503338862,0.0010891706583886175,0.01573760815838862,0.0010891706583886175,-0.02137176684161138,0.02306182690838862,0.054067686283388615,0.052114561283388615,0.013784483158388618,-0.02332489184161138,0.0010891706583886175,-0.02967254809161138,0.0010891706583886175,0.02843292065838862,-0.0059909074666113825,-0.02991668871661138,-0.03040496996661138,-0.008920594966611382,0.0010891706583886175,0.0076809675333886175,0.0010891706583886175,0.0010891706583886175,0.0010891706583886175,0.0010891706583886175,0.0010891706583886175,0.01744659253338862,-0.011362001216611382,-0.03113739184161138,-0.02674286059161138,-0.0015963762166113825,0.02208526440838862,0.0010891706583886175,0.01598174878338862,-0.040903016841611385,0.0010891706583886175,-0.013559266841611382,0.008657530033388618,0.013540342533388618,0.0010891706583886175,-0.008920594966611382,-0.049203798091611385,-0.037485048091611385,-0.02039520434161138,-0.012094423091611382,0.0010891706583886175,-0.037485048091611385,0.0010891706583886175,0.0010891706583886175,0.0010891706583886175,0.0010891706583886175,-0.02478973559161138,-0.02698700121661138,-0.02527801684161138,-0.02527801684161138,0.0010891706583886175,-0.01893036059161138,0.0010891706583886175,-0.012582704341611382,-0.010629579341611382,-0.011606141841611382,-0.009164735591611382,-0.008188173091611382,-0.008920594966611382,0.0010891706583886175,-0.010141298091611382,0.0010891706583886175,0.0006008894083886175,-0.0033053605916113825,-0.011362001216611382,-0.013559266841611382,-0.0059909074666113825,0.0010891706583886175,0.0035305769083886175,0.0010891706583886175,0.0010891706583886175,0.0010891706583886175,0.0010891706583886175,0.0010891706583886175,0.0030422956583886175,0.01891143628338862,-0.0062350480916113825,-0.039194032466611385,-0.050668641841611385,0.0010891706583886175,-0.038949891841611385,-0.0064791887166113825,-0.01673309496661138,0.0010891706583886175,-0.02918426684161138,-0.0047702043416113825,0.007925108158388618,0.0010891706583886175,0.009878233158388618,0.02818878003338862,0.040395811283388615,0.038442686283388615,0.02281768628338862,0.0010891706583886175,0.0010891706583886175,0.03038604565838862,0.0010891706583886175,0.0010891706583886175,0.0010891706583886175,-0.0067233293416113825,0.0040188581583886175,0.01939971753338862,0.02599151440838862,0.0010891706583886175,0.0010891706583886175,-0.0011080949666113825,-0.0047702043416113825,-0.0020846574666113825,0.010366514408388618,0.02916534253338862,0.02867706128338862,0.0010891706583886175,0.0071926862833886175,-0.009897157466611382,0.0010891706583886175,0.02428253003338862,0.02355010815838862,0.015249326908388618,0.012075498783388618,0.01671417065838862,0.02501495190838862,0.0010891706583886175,0.0010891706583886175,0.0010891706583886175,0.0010891706583886175,0.0010891706583886175,0.02403838940838862,0.0010891706583886175,0.02501495190838862,0.0003567487833886175,-0.0013522355916113825,0.0076809675333886175,0.02306182690838862,0.02770049878338862,0.0010891706583886175,0.01671417065838862,0.0010891706583886175,-0.0052584855916113825,0.0010891706583886175,0.012319639408388618,0.013296201908388618,-0.0047702043416113825,-0.013559266841611382,-0.0045260637166113825,0.013784483158388618,0.0010891706583886175,0.02281768628338862,0.0010891706583886175,-0.012582704341611382,0.0010891706583886175,0.0010891706583886175,0.0010891706583886175,0.007925108158388618,-0.0074557512166113825,0.0010891706583886175,-0.015268251216611382,0.0008450300333886175,0.0010891706583886175,0.008169248783388618,0.0010891706583886175,-0.0057467668416113825,-0.0069674699666113825,-0.0028170793416113825,-0.0037936418416113825,-0.009164735591611382,-0.011850282466611382,0.0010891706583886175,-0.012826844966611382,0.0010891706583886175,-0.014779969966611382,-0.02112762621661138,-0.02356903246661138,0.0010891706583886175,-0.01990692309161138,-0.01624481371661138,0.0010891706583886175,0.0010891706583886175,0.0010891706583886175,0.0010891706583886175,0.0010891706583886175,0.0047512800333886175,0.0010891706583886175,0.010366514408388618,0.0074368269083886175,0.008413389408388618,0.010366514408388618,0.010610655033388618,0.0059719831583886175,0.0010891706583886175,0.0010891706583886175,0.01842315503338862,0.01817901440838862,0.0010891706583886175,0.008657530033388618,0.009634092533388618,0.011098936283388618,0.013052061283388618,0.015005186283388618,0.01671417065838862,0.0010891706583886175,0.0010891706583886175,-0.01844207934161138,0.0010891706583886175,0.0010891706583886175,0.0010891706583886175,-0.009408876216611382,-0.02967254809161138,-0.038461610591611385,0.0010891706583886175,-0.031381532466611385,0.0010891706583886175,-0.032358094966611385,0.0010891706583886175,-0.035043641841611385,-0.035776063716611385,-0.037729188716611385,-0.031381532466611385,-0.01624481371661138,-0.008920594966611382,-0.01673309496661138,0.0010891706583886175,0.0010891706583886175,-0.014779969966611382,-0.0035495012166113825,0.0008450300333886175,0.0008450300333886175,0.0025540144083886175,0.0054837019083886175,0.0010891706583886175,0.0010891706583886175,0.0010891706583886175,0.0010891706583886175,0.0010891706583886175,0.02379424878338862,0.02330596753338862,0.0010891706583886175,0.02794463940838862,0.012319639408388618,-0.0045260637166113825,-0.008188173091611382,0.0023098737833886175,0.0025540144083886175,0.0010891706583886175,0.0010891706583886175,-0.039682313716611385,-0.037485048091611385,-0.042123719966611385,-0.048959657466611385,0.0010891706583886175,-0.03016082934161138,0.0027981550333886175,0.02916534253338862,0.02672393628338862,0.0010891706583886175,0.0010891706583886175,-0.0059909074666113825,0.0010891706583886175,0.0010891706583886175,0.0010891706583886175,0.03087432690838862,0.015493467533388618,0.02086456128338862,0.0010891706583886175,0.048452451908388615,0.0010891706583886175,0.048940733158388615,0.044302061283388615,0.049429014408388615,0.0010891706583886175,0.058218076908388615,0.01573760815838862,-0.008188173091611382,-0.0018405168416113825,0.01988799878338862,0.0010891706583886175,0.010610655033388618,0.0010891706583886175,-0.014779969966611382,-0.053598329341611385,-0.043832704341611385,-0.02039520434161138,0.0010891706583886175,0.0010891706583886175,0.0010891706583886175,0.0010891706583886175,0.0010891706583886175,0.0040188581583886175,0.01866729565838862,0.0008450300333886175,0.0010891706583886175,-0.01893036059161138,0.01671417065838862,0.043813780033388615,0.051870420658388615,0.040639951908388615,0.0010891706583886175,0.0010891706583886175,0.042837217533388615,0.06627471753338862,0.06847198315838862,0.043325498783388615,0.013052061283388618,0.0010891706583886175,0.0052395612833886175,0.013296201908388618,-0.0074557512166113825,0.0010891706583886175,0.0010891706583886175,-0.06678192309161138,0.0010891706583886175,0.0010891706583886175,0.0010891706583886175,0.000389951908388618,0.000389951908388618,-0.058237001216611385,-0.040414735591611385,0.0010891706583886175,0.0010891706583886175,-0.01917450121661138,-0.038705751216611385,-0.047738954341611385,0.0010891706583886175,0.014761045658388618,0.031606748783388615,0.02232940503338862,0.0069485456583886175,0.0047512800333886175,0.0010891706583886175,0.061636045658388615,0.0010891706583886175,0.057729795658388615,0.01817901440838862,0.0008450300333886175,0.007925108158388618,0.0010891706583886175,0.0010891706583886175,0.0010891706583886175,0.0010891706583886175,0.0010891706583886175,-0.038705751216611385,-0.014779969966611382,0.0010891706583886175,-0.01868621996661138,-0.06751434496661138,-0.056528016841611385,-0.034799501216611385,-0.02967254809161138,-0.034799501216611385,0.0010891706583886175,0.0010891706583886175,0.0049954206583886175,0.0069485456583886175,0.0013333112833886175,0.0010891706583886175,0.013052061283388618,0.033315733158388615,0.042348936283388615,0.052602842533388615,0.000389951908388618,0.0010891706583886175,0.0010891706583886175,0.000389951908388618,0.0010891706583886175,0.0010891706583886175,0.0010891706583886175,0.056264951908388615,0.046987608158388615,0.011831358158388618,0.0010891706583886175,-0.02845184496661138,0.0010891706583886175,-0.009164735591611382,-0.02430145434161138,0.0010891706583886175,0.000389951908388618,0.000389951908388618,-0.047738954341611385,-0.02601043871661138,-0.02967254809161138,-0.06482879809161138,0.0010891706583886175,0.0010891706583886175,0.0076809675333886175,0.01817901440838862,-0.008432313716611382,-0.02991668871661138,0.0010891706583886175,0.0010891706583886175,0.0010891706583886175,0.0010891706583886175,0.052846983158388615,0.0010891706583886175,0.0010891706583886175,0.06554229565838862,0.000389951908388618,0.055288389408388615,0.040884092533388615,0.034536436283388615,0.01573760815838862,0.0010891706583886175,-0.034067079341611385,-0.046518251216611385,0.0010891706583886175,-0.039438173091611385,-0.047983094966611385,-0.059701844966611385,-0.06751434496661138,-0.054574891841611385,-0.02918426684161138,0.0010891706583886175,-0.02283661059161138,-0.050668641841611385,0.0010891706583886175,-0.0057467668416113825,0.0010891706583886175,0.0010891706583886175,0.0010891706583886175,-0.01575653246661138,0.0045071394083886175,0.0010891706583886175,0.06773956128338862,0.000389951908388618,0.0010891706583886175,0.050649717533388615,0.061880186283388615,0.000389951908388618,0.000389951908388618,0.0010891706583886175,0.058950498783388615,0.01939971753338862,0.02794463940838862,0.032583311283388615,0.0010891706583886175,-0.03089325121661138,-0.045785829341611385,-0.043344423091611385,-0.03113739184161138,0.0010891706583886175,-0.035043641841611385,0.000389951908388618,0.0010891706583886175,0.0010891706583886175,0.0010891706583886175,0.0010891706583886175,0.0010891706583886175,-0.040170594966611385,-0.02503387621661138,-0.0047702043416113825,0.0010891706583886175,0.0042629987833886175,-0.011850282466611382,0.00011260815838861748,0.042104795658388615,0.06871612378338862,0.0010891706583886175,0.06969268628338862,0.0010891706583886175,0.036977842533388615,0.050405576908388615,0.06456573315838862,0.053579405033388615,0.034780576908388615,0.0010891706583886175,0.02428253003338862,-0.008920594966611382,0.0010891706583886175,-0.01893036059161138,0.0010891706583886175,0.0010891706583886175,0.0010891706583886175,0.000389951908388618,0.000389951908388618,0.0010891706583886175,-0.047494813716611385,-0.040170594966611385,0.0010891706583886175,-0.06556121996661138,-0.058969423091611385,-0.02283661059161138,0.0010891706583886175,0.008169248783388618,-0.02137176684161138,-0.02454559496661138,-0.012094423091611382,0.01793487378338862,0.0010891706583886175,0.052114561283388615,0.0010891706583886175,0.049429014408388615,0.056753233158388615,0.000389951908388618,0.000389951908388618,0.052602842533388615,0.0010891706583886175,0.0010891706583886175,0.0010891706583886175,0.0010891706583886175,0.0010891706583886175,-0.043588563716611385,-0.02918426684161138,-0.0037936418416113825,-0.008676454341611382,0.0010891706583886175,0.000389951908388618,0.000389951908388618,0.000389951908388618,-0.036264344966611385,0.0010891706583886175,0.0010891706583886175,0.0010891706583886175,0.0010891706583886175,-0.052865907466611385,0.0013333112833886175,0.009145811283388618,0.00011260815838861748,0.0032864362833886175,0.01573760815838862,0.0010891706583886175,0.0010891706583886175,0.06358917065838862,0.0010891706583886175,0.0010891706583886175,0.0010891706583886175,0.000389951908388618,0.000389951908388618,0.000389951908388618,0.0010891706583886175,0.037710264408388615,0.0010891706583886175,0.032339170658388615,0.01988799878338862,-0.0047702043416113825,-0.032113954341611385,0.0010891706583886175,-0.043832704341611385,-0.045541688716611385,-0.056039735591611385,-0.061410829341611385,0.0010891706583886175,0.000389951908388618,0.000389951908388618,0.0010891706583886175,-0.060678407466611385,-0.040170594966611385,-0.02503387621661138,-0.011362001216611382,0.0010891706583886175,0.0010891706583886175,0.0010891706583886175,0.0010891706583886175,0.0010891706583886175,0.032583311283388615,0.043081358158388615,0.06725128003338862,0.000389951908388618,0.000389951908388618,0.0010891706583886175,0.07018096753338862,0.037710264408388615,0.055288389408388615,0.0010891706583886175,0.055288389408388615,0.01769073315838862,-0.0050143449666113825,0.0010891706583886175,-0.0047702043416113825,-0.014291688716611382,-0.038949891841611385,-0.053598329341611385,-0.047250673091611385,0.0010891706583886175,-0.06385223559161138,0.0010891706583886175,0.0010891706583886175,0.0010891706583886175,0.0010891706583886175,-0.040658876216611385,-0.037973329341611385,-0.031869813716611385,-0.02161590746661138,0.0010891706583886175,0.0010891706583886175,0.0076809675333886175,0.008901670658388618,0.013052061283388618,0.02355010815838862,0.037221983158388615,0.0010891706583886175,0.046499326908388615,0.051870420658388615,0.062368467533388615,0.0010891706583886175,0.06285674878338862,0.048208311283388615,0.02501495190838862,0.0010891706583886175,0.02574737378338862,0.02867706128338862,-0.01722137621661138,0.0010891706583886175,0.0010891706583886175,0.0010891706583886175,0.0010891706583886175,-0.044320985591611385,0.0010891706583886175,0.000389951908388618,0.000389951908388618,-0.06458465746661138,-0.057260438716611385,-0.058725282466611385,-0.050912782466611385,0.0010891706583886175,-0.02430145434161138,0.0010891706583886175,0.0047512800333886175,0.013052061283388618,0.0064602644083886175,0.0010891706583886175,0.0049954206583886175,0.033315733158388615,0.06749542065838862,0.000389951908388618,0.000389951908388618,0.0010891706583886175,0.06578643628338862,0.0010891706583886175,0.0010891706583886175,0.0010891706583886175,0.0010891706583886175,0.051137998783388615,0.038930967533388615,0.01988799878338862,0.0010891706583886175,0.0040188581583886175,0.0010891706583886175,-0.048959657466611385,-0.045297548091611385,-0.037240907466611385,-0.044809266841611385,-0.06385223559161138,0.0010891706583886175,0.000389951908388618,-0.059945985591611385,-0.02674286059161138,0.0010891706583886175,-0.036996766841611385,-0.045297548091611385,-0.02942840746661138,0.0010891706583886175,-0.0064791887166113825,0.01915557690838862,0.0010891706583886175,0.0010891706583886175,0.0010891706583886175,0.054800108158388615,0.0010891706583886175,0.000389951908388618,0.059682920658388615,0.045522764408388615,0.0010891706583886175,0.051382139408388615,0.000389951908388618,0.06261260815838862,0.02428253003338862,-0.0011080949666113825,0.0010891706583886175,0.01598174878338862,0.0010891706583886175,0.0067044050333886175,0.000389951908388618,0.000389951908388618,-0.060922548091611385,-0.032358094966611385,-0.040170594966611385,-0.06897918871661138,0.0010891706583886175,0.0010891706583886175,-0.052377626216611385,0.0010891706583886175,0.0010891706583886175,0.0010891706583886175,-0.041879579341611385,-0.02723114184161138,0.0010891706583886175,0.032827451908388615,0.02232940503338862,0.0010891706583886175,0.0008450300333886175,0.02843292065838862,0.0010891706583886175,0.056753233158388615,0.060903623783388615,0.058218076908388615,0.054067686283388615,0.051870420658388615,0.050405576908388615,0.0010891706583886175,0.0010891706583886175,0.061147764408388615,0.014028623783388618,-0.02283661059161138,0.0010891706583886175,-0.02625457934161138,0.0040188581583886175,0.0010891706583886175,0.0010891706583886175,0.0010891706583886175,0.0010891706583886175,0.0010891706583886175,-0.037729188716611385,-0.059701844966611385,0.000389951908388618,0.0010891706583886175,-0.06824676684161138,-0.02747528246661138,-0.008432313716611382,0.0008450300333886175,0.0045071394083886175,0.0010891706583886175,-0.0074557512166113825,0.0010891706583886175,0.043325498783388615,0.045766905033388615,0.031606748783388615,0.02696807690838862,0.050405576908388615,0.0010891706583886175,0.000389951908388618,0.000389951908388618,0.0010891706583886175,0.042104795658388615,0.0010891706583886175,0.0010891706583886175,0.0010891706583886175,0.035268858158388615,0.0010891706583886175,-0.015024110591611382,-0.033090516841611385,-0.01575653246661138,0.0010891706583886175,-0.045785829341611385,0.0010891706583886175,0.000389951908388618,0.000389951908388618,-0.051156923091611385,-0.041391298091611385,0.0010891706583886175,0.000389951908388618,-0.06946746996661138,0.0010891706583886175,0.0010891706583886175,0.0057278425333886175,-0.0072116105916113825,-0.01966278246661138,-0.010141298091611382,0.008413389408388618,0.0010891706583886175,0.02623565503338862,0.0010891706583886175,0.0010891706583886175,0.0010891706583886175,0.0010891706583886175,0.06749542065838862,0.062368467533388615,0.062124326908388615,0.0010891706583886175,0.059682920658388615,0.03111846753338862,0.014028623783388618,0.009145811283388618,0.01988799878338862,0.0010891706583886175,-0.02820770434161138,0.0010891706583886175,0.000389951908388618,-0.046029969966611385,-0.02454559496661138,-0.035531923091611385,-0.054086610591611385,0.000389951908388618,0.0010891706583886175,-0.053598329341611385,0.0010891706583886175,-0.03016082934161138,0.0010891706583886175,0.0010891706583886175,0.0010891706583886175,-0.0035495012166113825,0.0010891706583886175,0.015493467533388618,0.02062042065838862,0.01866729565838862,0.0010891706583886175,0.03014190503338862,0.0010891706583886175,0.000389951908388618,0.06261260815838862,0.058706358158388615,0.062124326908388615,0.07042510815838862,0.000389951908388618,0.0010891706583886175,0.02916534253338862,0.0010891706583886175,0.01744659253338862,0.011587217533388618,-0.0020846574666113825,-0.015268251216611382,-0.032602235591611385,0.0010891706583886175,-0.046518251216611385,0.0010891706583886175,0.0010891706583886175,0.0010891706583886175,0.0010891706583886175,-0.06824676684161138,-0.057992860591611385,0.0010891706583886175,-0.031869813716611385,-0.02967254809161138,-0.02918426684161138,-0.01673309496661138,-0.0015963762166113825,0.0032864362833886175,0.0010891706583886175,0.0010891706583886175,0.02110870190838862,0.033071592533388615,0.045034483158388615,0.056753233158388615,0.057241514408388615,0.0010891706583886175,0.060415342533388615,0.06627471753338862,0.06676299878338862,0.0010891706583886175,0.06847198315838862,0.0010891706583886175,0.0010891706583886175,0.0010891706583886175,0.0010891706583886175,-0.010385438716611382,0.0023098737833886175,-0.0037936418416113825,-0.02210418871661138,0.0010891706583886175,0.0010891706583886175,0.000389951908388618,-0.06434051684161138,-0.055063173091611385,-0.060922548091611385,-0.06409637621661138,-0.053598329341611385,0.0010891706583886175,-0.034067079341611385,-0.02771942309161138,0.0010891706583886175,-0.0057467668416113825,0.0037747175333886175,0.0057278425333886175,0.011343076908388618,0.0010891706583886175,0.02940948315838862,0.033559873783388615,0.0010891706583886175,0.0010891706583886175,0.0010891706583886175,0.0010891706583886175,0.000389951908388618,0.0010891706583886175,0.042348936283388615,0.037221983158388615,0.041372373783388615,0.02818878003338862,0.010122373783388618,0.00011260815838861748,0.0010891706583886175,0.008657530033388618,0.0010891706583886175,-0.054330751216611385,-0.06531707934161138,-0.055795594966611385,-0.054086610591611385,0.0010891706583886175,-0.061410829341611385,-0.06385223559161138,-0.050180360591611385,-0.049936219966611385,0.0010891706583886175,0.000389951908388618,0.0010891706583886175,0.0010891706583886175,0.0010891706583886175,0.0010891706583886175,-0.02332489184161138,-0.01600067309161138,0.015005186283388618,0.041372373783388615,0.0010891706583886175,0.0010891706583886175,0.048940733158388615,0.058462217533388615,0.056753233158388615,0.062368467533388615,0.000389951908388618,0.0010891706583886175,0.000389951908388618,0.000389951908388618,0.000389951908388618,0.0010891706583886175,0.052846983158388615,0.041860655033388615,0.035024717533388615,0.0010891706583886175,0.0010891706583886175,-0.02503387621661138,-0.043588563716611385,0.0010891706583886175,0.0010891706583886175,0.0010891706583886175,0.0010891706583886175,0.0010891706583886175,0.000389951908388618,-0.053110048091611385,-0.032113954341611385,-0.02259246996661138,-0.03040496996661138,-0.040658876216611385,0.0010891706583886175,-0.03040496996661138,-0.014535829341611382,0.0010891706583886175,0.0042629987833886175,-0.0042819230916113825,-0.0033053605916113825,0.009878233158388618,0.0010891706583886175,0.012807920658388618,0.01915557690838862,0.02892120190838862,0.045034483158388615,0.0010891706583886175,0.039663389408388615,0.0010891706583886175,0.0010891706583886175,0.0010891706583886175,0.0010891706583886175,0.032339170658388615,0.015005186283388618,-0.02332489184161138,-0.056283876216611385,0.0010891706583886175,0.0010891706583886175,-0.013803407466611382,-0.01722137621661138,-0.037240907466611385,-0.06507293871661138,0.000389951908388618,0.0010891706583886175,-0.03113739184161138,-0.014535829341611382,-0.02356903246661138,0.0010891706583886175,-0.051156923091611385,-0.02698700121661138,0.0057278425333886175,0.0010891706583886175,0.0027981550333886175,-0.008188173091611382,-0.0025729387166113825,0.0010891706583886175,0.0010891706583886175,0.0010891706583886175,0.0010891706583886175,0.0010891706583886175,0.03111846753338862,0.041616514408388615,0.042593076908388615,0.040639951908388615,0.02916534253338862,0.01695831128338862,0.0010891706583886175,0.01964385815838862,0.032339170658388615,0.0010891706583886175,0.008657530033388618,-0.0015963762166113825,0.012075498783388618,0.0010891706583886175,0.01891143628338862,-0.0055026262166113825,-0.02967254809161138,-0.02723114184161138,-0.0050143449666113825,0.0010891706583886175,0.02574737378338862,0.0010891706583886175,0.0010891706583886175,0.0010891706583886175,0.0010891706583886175,0.015249326908388618,0.036001280033388615,0.02525909253338862,0.0010891706583886175,-0.035043641841611385,0.0010891706583886175,0.008169248783388618,0.033804014408388615,0.034780576908388615,0.0069485456583886175,0.0010891706583886175,-0.043588563716611385,-0.02234832934161138,0.014761045658388618,0.02525909253338862,0.0010891706583886175,-0.034799501216611385,-0.041635438716611385,0.0010891706583886175,0.012807920658388618,0.01891143628338862,-0.0072116105916113825,-0.036752626216611385,0.0010891706583886175,0.0010891706583886175,0.0010891706583886175,0.0010891706583886175,0.0010891706583886175,-0.03016082934161138,-0.02552215746661138,-0.0028170793416113825,0.014516905033388618,0.011587217533388618,-0.0030612199666113825,0.0010891706583886175,-0.015268251216611382,0.0010891706583886175,0.0010891706583886175,0.014028623783388618,0.0013333112833886175,-0.015268251216611382,0.0010891706583886175,0.0032864362833886175,0.01647003003338862,0.014272764408388618,0.0018215925333886175,-0.0050143449666113825,0.0010891706583886175,0.012075498783388618,0.0010891706583886175,0.0010891706583886175,0.0010891706583886175,0.0010891706583886175,0.0018215925333886175,0.0010891706583886175,0.013540342533388618,0.01695831128338862,0.01598174878338862,0.0010891706583886175,0.008169248783388618,0.008901670658388618,0.0010891706583886175,0.009145811283388618,0.0074368269083886175,0.009878233158388618,0.012075498783388618,0.009878233158388618,0.0045071394083886175,0.0010891706583886175,0.0010891706583886175,0.0020657331583886175,0.0064602644083886175,0.0042629987833886175,-0.0037936418416113825,-0.0050143449666113825,0.010610655033388618,0.0010891706583886175,0.0010891706583886175,0.0010891706583886175,0.0010891706583886175,0.0010891706583886175,-0.06311981371661138,0.0010891706583886175,0.040639951908388615,0.014516905033388618,-0.045541688716611385,0.000389951908388618,-0.06629364184161138,-0.01624481371661138,0.0010891706583886175,0.013296201908388618,0.0010891706583886175,-0.02820770434161138,-0.02918426684161138,-0.0050143449666113825,0.031362608158388615,0.0010891706583886175,0.02916534253338862,-0.007944032466611382,-0.015024110591611382,0.01915557690838862,0.0010891706583886175,0.046011045658388615,0.0010891706583886175,0.0010891706583886175,0.0010891706583886175,0.0010891706583886175,0.06554229565838862,0.046255186283388615,0.0062161237833886175,0.0010891706583886175,-0.010873719966611382,0.0010891706583886175,0.058706358158388615,0.037466123783388615,-0.011606141841611382,-0.043832704341611385,0.0010891706583886175,0.02330596753338862,0.06261260815838862,0.041860655033388615,-0.02454559496661138,0.0010891706583886175,-0.046029969966611385,0.02696807690838862,0.0010891706583886175,0.036489561283388615,-0.042367860591611385,0.000389951908388618,0.0010891706583886175,0.0010891706583886175,0.0010891706583886175,0.0010891706583886175,0.0010891706583886175,0.000389951908388618,0.0010891706583886175,0.015005186283388618,0.050893858158388615,0.02281768628338862,-0.02698700121661138,-0.042612001216611385,-0.015268251216611382,0.0010891706583886175,0.02892120190838862,0.0010891706583886175,-0.02088348559161138,-0.047250673091611385,-0.036752626216611385,0.0052395612833886175,0.014028623783388618,0.0010891706583886175,-0.034555360591611385,-0.050668641841611385,-0.02430145434161138,0.0010891706583886175,0.009878233158388618,0.0010891706583886175,0.0010891706583886175,0.0010891706583886175,0.0010891706583886175,0.0049954206583886175,0.02062042065838862,-0.02088348559161138,-0.06482879809161138,0.0010891706583886175,0.0010891706583886175,0.0047512800333886175,0.032583311283388615,-0.0023287980916113825,-0.057016298091611385,0.000389951908388618,0.0010891706583886175,0.008413389408388618,0.032339170658388615,0.0027981550333886175,0.0010891706583886175,-0.060922548091611385,-0.039438173091611385,0.0027981550333886175,0.0010891706583886175,0.034292295658388615,0.00011260815838861748,0.0010891706583886175,0.0010891706583886175,0.0010891706583886175,0.0010891706583886175,0.0010891706583886175,-0.011362001216611382,-0.034799501216611385,-0.012826844966611382,0.0010891706583886175,0.042104795658388615,0.011343076908388618,-0.02454559496661138,-0.02723114184161138,0.0010891706583886175,0.0010891706583886175,0.054555967533388615,0.02647979565838862,0.0010891706583886175,-0.0076998918416113825,-0.013315126216611382,0.02281768628338862,0.06554229565838862,0.000389951908388618,0.039907530033388615,0.0010891706583886175,0.0010891706583886175,0.008901670658388618,0.0010891706583886175,0.0010891706583886175,0.0010891706583886175,-0.0028170793416113825,0.0010891706583886175,-0.013070985591611382,0.0013333112833886175,0.02306182690838862,0.0010891706583886175,-0.01648895434161138,-0.054330751216611385,0.0010891706583886175,0.0069485456583886175,0.039907530033388615,0.037710264408388615,-0.0047702043416113825,-0.039438173091611385,-0.02527801684161138,0.0010891706583886175,0.0010891706583886175,0.036245420658388615,0.008413389408388618,-0.02625457934161138,-0.02747528246661138,-0.0052584855916113825,0.0010891706583886175,0.0010891706583886175,0.0010891706583886175,0.0010891706583886175,0.0010891706583886175,-0.013559266841611382,0.0010891706583886175,0.045522764408388615,0.041372373783388615,0.0045071394083886175,-0.02137176684161138,-0.008432313716611382,0.0010891706583886175,0.040395811283388615,0.031606748783388615,0.0010891706583886175,-0.034311219966611385,-0.038949891841611385,-0.011117860591611382,0.014761045658388618,0.0010891706583886175,-0.00013153246661138252,-0.02381317309161138,-0.046029969966611385,-0.032358094966611385,0.0010891706583886175,0.009389951908388618,0.0010891706583886175,0.0010891706583886175,0.0010891706583886175,0.0010891706583886175,0.01573760815838862,0.02232940503338862,0.0020657331583886175,0.0010891706583886175,0.0040188581583886175,0.0010891706583886175,-0.0025729387166113825,0.0047512800333886175,0.0032864362833886175,-0.0040377824666113825,-0.0025729387166113825,0.0010891706583886175,0.01647003003338862,0.008901670658388618,-0.013070985591611382,0.0010891706583886175,-0.0008639543416113825,0.02525909253338862,0.02550323315838862,0.0010891706583886175,-0.0076998918416113825,-0.0040377824666113825,0.0052395612833886175,0.0010891706583886175,0.0010891706583886175,0.0010891706583886175,0.0010891706583886175,0.0010891706583886175,-0.014291688716611382,0.0032864362833886175,0.01793487378338862,0.02477081128338862,0.0010891706583886175,0.0010891706583886175,-0.0047702043416113825,-0.0059909074666113825,-0.0045260637166113825,0.0010891706583886175,0.01647003003338862,0.01939971753338862,0.0010891706583886175,-0.0020846574666113825,-0.0006198137166113825,-0.0047702043416113825,-0.009653016841611382,-0.011362001216611382,0.0010891706583886175,0.0057278425333886175,0.0010891706583886175,-0.013803407466611382,0.0010891706583886175,0.0010891706583886175,0.0010891706583886175,0.0010891706583886175,-0.0059909074666113825,-0.010629579341611382,-0.013803407466611382,-0.01575653246661138,0.0010891706583886175,0.0010891706583886175,-0.011362001216611382,0.011587217533388618,0.0015774519083886175,-0.02576629809161138,-0.036020204341611385,-0.02234832934161138,0.0010891706583886175,-0.0023287980916113825,-0.0057467668416113825,0.0010891706583886175,-0.02332489184161138,-0.033578798091611385,-0.034555360591611385,-0.01819793871661138,-0.011117860591611382,0.0010891706583886175,-0.03089325121661138,0.0010891706583886175,0.0010891706583886175,0.0010891706583886175,0.0010891706583886175,0.0010891706583886175,-0.02332489184161138,-0.034799501216611385,-0.02039520434161138,0.013540342533388618,0.02721221753338862,0.0010891706583886175,-0.02234832934161138,-0.009897157466611382,0.01720245190838862,0.0010891706583886175,-0.0033053605916113825,-0.0072116105916113825,0.0010891706583886175,0.01793487378338862,0.009878233158388618,0.0054837019083886175,0.0030422956583886175,0.007925108158388618,0.011098936283388618,0.0010891706583886175,0.0010891706583886175,0.01866729565838862,0.0010891706583886175,0.0010891706583886175,0.0010891706583886175,0.034048155033388615,0.0010891706583886175,0.01647003003338862,-0.009164735591611382,0.0003567487833886175,0.0010891706583886175,0.047720030033388615,0.02843292065838862,0.0010891706583886175,0.02672393628338862,0.035512998783388615,0.02086456128338862,0.0069485456583886175,0.02062042065838862,0.041616514408388615,0.0010891706583886175,0.01891143628338862,0.0010891706583886175,0.0047512800333886175,0.009389951908388618,0.0062161237833886175,-0.0008639543416113825,0.0010891706583886175,0.0010891706583886175,0.0010891706583886175,0.0010891706583886175,0.0010891706583886175,-0.01990692309161138,0.02452667065838862,0.0010891706583886175,-0.013070985591611382,-0.047006532466611385,-0.02259246996661138,0.02843292065838862,0.038198545658388615,0.0064602644083886175,0.0010891706583886175,0.0010891706583886175,0.008657530033388618,0.035757139408388615,0.02452667065838862,0.0018215925333886175,-0.007944032466611382,0.0010891706583886175,-0.0042819230916113825,0.0006008894083886175,0.014028623783388618,0.0010891706583886175,0.0052395612833886175,0.0010891706583886175,0.0010891706583886175,0.0010891706583886175,0.0010891706583886175,0.01622588940838862,-0.01648895434161138,-0.054574891841611385,-0.046274110591611385,0.0010891706583886175,0.0010891706583886175,-0.0008639543416113825,-0.044320985591611385,-0.06653778246661138,-0.048715516841611385,0.01695831128338862,0.0010891706583886175,0.0006008894083886175,-0.02820770434161138,-0.049447938716611385,0.0010891706583886175,-0.0052584855916113825,0.01622588940838862,0.007925108158388618,0.0010891706583886175,-0.038949891841611385,-0.01844207934161138,0.010366514408388618,0.0010891706583886175,0.0010891706583886175,0.0010891706583886175,0.0010891706583886175,0.0010891706583886175,0.01671417065838862,0.015493467533388618,0.0071926862833886175,-0.0020846574666113825,0.02525909253338862,0.0010891706583886175,0.02965362378338862,0.01915557690838862,0.010122373783388618,0.0010891706583886175,0.01891143628338862,0.02916534253338862,0.0010891706583886175,0.010854795658388618,-0.0062350480916113825,0.009389951908388618,0.039419248783388615,0.045278623783388615,0.01964385815838862,0.0010891706583886175,0.0010891706583886175,-0.01673309496661138,0.0010891706583886175,0.0010891706583886175,0.0010891706583886175,-0.037240907466611385,0.0010891706583886175,-0.0025729387166113825,0.031606748783388615,0.02745635815838862,0.0010891706583886175,-0.050180360591611385,-0.045541688716611385,0.0010891706583886175,0.02037628003338862,0.0013333112833886175,-0.042367860591611385,-0.054330751216611385,-0.032358094966611385,0.0037747175333886175,0.0010891706583886175,-0.0072116105916113825,0.0010891706583886175,-0.02942840746661138,-0.01673309496661138,0.01891143628338862,0.045278623783388615,0.0010891706583886175,0.0010891706583886175,0.0010891706583886175,0.0010891706583886175,0.0010891706583886175,0.042348936283388615,0.047964170658388615,0.0010891706583886175,-0.02161590746661138,-0.02161590746661138,0.0006008894083886175,0.013052061283388618,0.0052395612833886175,-0.008920594966611382,0.0010891706583886175,-0.02430145434161138,0.0010891706583886175,-0.02088348559161138,-0.01819793871661138,-0.01697723559161138,-0.01648895434161138,-0.01893036059161138,0.0010891706583886175,-0.02649871996661138,-0.033822938716611385,0.0010891706583886175,-0.033822938716611385,0.0010891706583886175,0.0010891706583886175,0.0010891706583886175,0.0010891706583886175,0.011343076908388618,-0.0008639543416113825,-0.0045260637166113825,0.0054837019083886175,0.0010891706583886175,0.0010891706583886175,0.041860655033388615,0.038442686283388615,0.031850889408388615,0.02867706128338862,0.031362608158388615,0.045034483158388615,0.0010891706583886175,0.049184873783388615,0.02379424878338862,0.0010891706583886175,0.01695831128338862,0.02867706128338862,0.02184112378338862,0.0003567487833886175,0.0010891706583886175,-0.009164735591611382,0.0010891706583886175,0.0010891706583886175,0.0010891706583886175,0.0010891706583886175,0.0010891706583886175,-0.035287782466611385,-0.049936219966611385,-0.048715516841611385,-0.035287782466611385,-0.02015106371661138,0.0010891706583886175,-0.02991668871661138,-0.038705751216611385,-0.02063934496661138,0.0010891706583886175,0.0047512800333886175,0.007925108158388618,0.01744659253338862,0.0010891706583886175,0.02501495190838862,0.02843292065838862,0.02989776440838862,0.036977842533388615,0.040395811283388615,0.0010891706583886175,0.02306182690838862,0.0010891706583886175,0.0010891706583886175,0.0010891706583886175,0.0010891706583886175,-0.0045260637166113825,-0.009653016841611382,0.0010891706583886175,0.0062161237833886175,-0.01770965746661138,0.0010891706583886175,-0.02356903246661138,-0.0074557512166113825,-0.011362001216611382,0.0010891706583886175,-0.038461610591611385,-0.046518251216611385,-0.049692079341611385,-0.053110048091611385,-0.047250673091611385,0.0010891706583886175,-0.0037936418416113825,0.0010891706583886175,-0.02283661059161138,-0.01990692309161138,-0.0015963762166113825,0.013296201908388618,0.012319639408388618,0.0010891706583886175,0.0010891706583886175,0.0010891706583886175,0.0010891706583886175,0.0010891706583886175,0.03038604565838862,0.012075498783388618,0.0010891706583886175,0.012075498783388618,0.01695831128338862,0.013052061283388618,0.012075498783388618,0.01622588940838862,0.014516905033388618,0.0010891706583886175,0.0010891706583886175,-0.02234832934161138,-0.010629579341611382,-0.0055026262166113825,-0.01746551684161138,-0.041879579341611385,-0.046518251216611385,0.0010891706583886175,-0.035287782466611385,-0.02674286059161138,0.0010891706583886175,-0.02039520434161138,0.0010891706583886175,0.0010891706583886175,0.0010891706583886175,0.0010891706583886175,0.02037628003338862,0.02721221753338862,0.02843292065838862,0.037466123783388615,0.0010891706583886175,0.053823545658388615,0.0010891706583886175,0.031362608158388615,0.01744659253338862,0.01842315503338862,0.042104795658388615,0.06505401440838862,0.0010891706583886175,0.015005186283388618,-0.0076998918416113825,0.0010891706583886175,0.015005186283388618,0.013296201908388618,-0.0003756730916113825,-0.02771942309161138,-0.02601043871661138,0.0010891706583886175,-0.02356903246661138,0.0010891706583886175,0.0010891706583886175,0.0010891706583886175,0.0010891706583886175,0.0010891706583886175,-0.02063934496661138,-0.0050143449666113825,0.014028623783388618,0.012563780033388618,-0.0015963762166113825,0.010854795658388618,0.0010891706583886175,0.031362608158388615,0.037221983158388615,0.0010891706583886175,0.0067044050333886175,0.009389951908388618,0.01817901440838862,0.0010891706583886175,0.0047512800333886175,-0.0069674699666113825,-0.0067233293416113825,-0.0008639543416113825,0.0045071394083886175,0.0010891706583886175,-0.02381317309161138,0.0010891706583886175,0.0010891706583886175,0.0010891706583886175,0.0010891706583886175,-0.033090516841611385,-0.02967254809161138,0.0010891706583886175,-0.03040496996661138,-0.03089325121661138,0.0010891706583886175,0.011343076908388618,0.01744659253338862,-0.008920594966611382,0.0010891706583886175,0.0054837019083886175,0.02477081128338862,0.038198545658388615,0.033559873783388615,0.02355010815838862,0.0010891706583886175,0.013296201908388618,0.0010891706583886175,0.013784483158388618,0.02379424878338862,0.03038604565838862,0.012075498783388618,0.0010891706583886175,0.0010891706583886175,0.0010891706583886175,0.0010891706583886175,0.0010891706583886175,-0.02991668871661138,-0.02698700121661138,0.0010891706583886175,-0.02039520434161138,-0.015268251216611382,-0.02186004809161138,-0.01990692309161138,-0.010629579341611382,0.00011260815838861748,0.0010891706583886175,0.0045071394083886175,0.0010891706583886175,0.010610655033388618,0.014761045658388618,0.02550323315838862,0.033071592533388615,0.03111846753338862,0.0013333112833886175,0.0010891706583886175,0.0030422956583886175,0.0010891706583886175,0.02452667065838862,0.0010891706583886175,0.0010891706583886175,0.0010891706583886175,0.0010891706583886175,0.014516905033388618,0.009145811283388618,-0.02283661059161138,-0.049203798091611385,0.0010891706583886175,-0.013070985591611382,0.0010891706583886175,-0.010385438716611382,-0.02723114184161138,-0.043588563716611385,-0.038949891841611385,-0.0037936418416113825,0.0010891706583886175,0.02355010815838862,0.0052395612833886175,0.0010891706583886175,0.01891143628338862,0.032339170658388615,0.038442686283388615,0.02867706128338862,-0.0018405168416113825,0.0010891706583886175,0.011098936283388618,0.0010891706583886175,0.0010891706583886175,0.0010891706583886175,0.0010891706583886175,0.0010891706583886175,-0.012094423091611382,-0.0050143449666113825,0.0042629987833886175,0.0020657331583886175,-0.01624481371661138,0.0010891706583886175,-0.01575653246661138,-0.0059909074666113825,-0.0042819230916113825,0.0010891706583886175,-0.015268251216611382,0.0027981550333886175,0.01866729565838862,0.0010891706583886175,0.02745635815838862,0.02135284253338862,0.02257354565838862,0.01891143628338862,0.008169248783388618,0.0010891706583886175,0.013784483158388618,0.0010891706583886175,0.0010891706583886175,0.0010891706583886175,0.0010891706583886175,-0.03089325121661138,0.0010891706583886175,-0.012582704341611382,0.0006008894083886175,-0.01770965746661138,0.0010891706583886175,-0.045541688716611385,0.009145811283388618,0.0010891706583886175,-0.0037936418416113825,-0.033334657466611385,-0.040414735591611385,-0.014047548091611382,0.02477081128338862,0.036733701908388615,0.0010891706583886175,0.0059719831583886175,0.0010891706583886175,0.02062042065838862,0.034780576908388615,0.034780576908388615,0.01866729565838862,-0.0047702043416113825,0.0010891706583886175,0.0010891706583886175,0.0010891706583886175,0.0010891706583886175,0.0010891706583886175,-0.02723114184161138,0.0010891706583886175,-0.035043641841611385,-0.02234832934161138,-0.012582704341611382,-0.012582704341611382,-0.02039520434161138,-0.02161590746661138,-0.011850282466611382,0.0010891706583886175,0.0010891706583886175,-0.0042819230916113825,-0.0067233293416113825,0.009634092533388618,0.034536436283388615,0.040639951908388615,0.02550323315838862,0.008657530033388618,0.013784483158388618,0.0010891706583886175,0.02501495190838862,0.0010891706583886175,0.0010891706583886175,0.0010891706583886175,0.0010891706583886175,0.0010891706583886175,-0.00013153246661138252,0.0027981550333886175,-0.01624481371661138,0.0010891706583886175,0.0010891706583886175,-0.008188173091611382,0.009389951908388618,0.0013333112833886175,-0.008920594966611382,-0.0072116105916113825,0.02306182690838862,0.0010891706583886175,0.01988799878338862,0.012075498783388618,0.0010891706583886175,0.031362608158388615,0.01915557690838862,0.0023098737833886175,0.0035305769083886175,0.0010891706583886175,0.01939971753338862,0.015005186283388618,-0.0057467668416113825,0.0010891706583886175,0.0010891706583886175,0.0010891706583886175,0.0010891706583886175,0.0010891706583886175,-0.048715516841611385,-0.046029969966611385,-0.02308075121661138,0.0010891706583886175,-0.009653016841611382,-0.02747528246661138,-0.02063934496661138,0.0074368269083886175,0.01817901440838862,0.0010891706583886175,0.02086456128338862,0.02940948315838862,0.0010891706583886175,0.010366514408388618,-0.0030612199666113825,-0.0057467668416113825,0.0067044050333886175,0.01915557690838862,0.0064602644083886175,0.0010891706583886175,-0.01795379809161138,0.0010891706583886175,0.0010891706583886175,0.0010891706583886175,0.0010891706583886175,-0.040414735591611385,0.0010891706583886175,-0.034067079341611385,-0.01624481371661138,0.0023098737833886175,0.0010891706583886175,0.0069485456583886175,-0.0030612199666113825,0.014028623783388618,0.0010891706583886175,0.040395811283388615,0.049429014408388615,0.02892120190838862,0.007925108158388618,0.0042629987833886175,0.0010891706583886175,0.02599151440838862,-0.02356903246661138,0.0010891706583886175,-0.034799501216611385,-0.02503387621661138,-0.0035495012166113825,0.0010891706583886175,0.0010891706583886175,0.0010891706583886175,0.0010891706583886175,0.0010891706583886175,0.0010891706583886175,0.02672393628338862,0.0010891706583886175,0.0042629987833886175,-0.0064791887166113825,0.009634092533388618,0.035268858158388615,0.046011045658388615,0.036245420658388615,0.02452667065838862,0.0010891706583886175,0.0010891706583886175,0.0062161237833886175,0.02062042065838862,0.031606748783388615,0.02135284253338862,-0.0035495012166113825,-0.01819793871661138,0.0010891706583886175,-0.01575653246661138,-0.009653016841611382,0.0010891706583886175,-0.02283661059161138,0.0010891706583886175,0.0010891706583886175,0.0010891706583886175,0.0010891706583886175,0.02892120190838862,0.01939971753338862,0.0025540144083886175,-0.0033053605916113825,0.0010891706583886175,0.0010891706583886175,0.033315733158388615,0.009145811283388618,-0.010873719966611382,-0.0059909074666113825,0.010122373783388618,0.0064602644083886175,-0.059457704341611385,0.0010891706583886175,0.000389951908388618,0.0010891706583886175,-0.049936219966611385,-0.014535829341611382,0.012563780033388618,0.0062161237833886175,-0.031869813716611385,0.0010891706583886175,-0.02112762621661138,0.0010891706583886175,0.0010891706583886175,0.0010891706583886175,0.0010891706583886175,0.0010891706583886175,0.038198545658388615,0.02184112378338862,0.0006008894083886175,-0.0033053605916113825,-0.0003756730916113825,-0.032113954341611385,0.0010891706583886175,-0.051645204341611385,-0.036508485591611385,0.0010891706583886175,-0.0064791887166113825,-0.047006532466611385,0.000389951908388618,-0.012338563716611382,0.0010891706583886175,0.009389951908388618,-0.01673309496661138,-0.052133485591611385,-0.050668641841611385,0.0010891706583886175,0.01793487378338862,0.0010891706583886175,0.0010891706583886175,0.0010891706583886175,0.0010891706583886175,0.02916534253338862,0.033315733158388615,0.02403838940838862,0.009145811283388618,0.0010891706583886175,0.0064602644083886175,0.0010891706583886175,0.03111846753338862,0.047475889408388615,0.035757139408388615,0.0064602644083886175,-0.012826844966611382,0.010610655033388618,0.0010891706583886175,0.01695831128338862,0.0010891706583886175,0.01573760815838862,0.013052061283388618,0.013540342533388618,0.02330596753338862,0.02940948315838862,0.02086456128338862,0.0010891706583886175,0.0010891706583886175,0.0010891706583886175,0.0010891706583886175,0.0010891706583886175,0.0010891706583886175,0.01891143628338862,0.013052061283388618,0.01622588940838862,0.01769073315838862,0.0010891706583886175,0.0067044050333886175,-0.0045260637166113825,-0.0020846574666113825,0.0071926862833886175,0.0010891706583886175,0.008169248783388618,-0.0013522355916113825,0.0010891706583886175,0.015005186283388618,0.032583311283388615,0.033559873783388615,0.014272764408388618,-0.0035495012166113825,0.0018215925333886175,0.0010891706583886175,0.032095030033388615,0.0010891706583886175,0.0010891706583886175,0.0010891706583886175,0.0010891706583886175,0.0045071394083886175,0.0010891706583886175,0.014761045658388618,0.0037747175333886175,-0.0062350480916113825,0.0010891706583886175,0.0010891706583886175,-0.009897157466611382,0.0010891706583886175,-0.009897157466611382,-0.0062350480916113825,-0.0072116105916113825,-0.015024110591611382,-0.02283661059161138,0.0010891706583886175,-0.0011080949666113825,0.0010891706583886175
UR5e_W,0.024469274514134276,0.039850133889134276,0.025201696389134276,0.000787633889134276,0.009088415139134276,0.005182165139134276,0.015924352639134276,0.028375524514134276,0.014703649514134276,0.000787633889134276,0.001764196389134276,0.000787633889134276,0.009576696389134276,0.013727087014134276,0.000787633889134276,0.000787633889134276,0.000787633889134276,0.000787633889134276,-0.014593225485865724,0.000787633889134276,0.000787633889134276,0.000787633889134276,0.000787633889134276,0.000787633889134276,-0.019720178610865724,-0.019720178610865724,0.000787633889134276,-0.024847131735865724,-0.026556116110865724,-0.020940881735865724,-0.014593225485865724,-0.020208459860865724,-0.024358850485865724,0.000787633889134276,0.000787633889134276,-0.009710412985865724,-0.004095178610865724,-0.014349084860865724,0.000787633889134276,0.000787633889134276,0.000787633889134276,0.000787633889134276,0.000787633889134276,0.000543493264134276,0.000787633889134276,0.000787633889134276,0.000787633889134276,0.004693883889134276,0.000787633889134276,0.000787633889134276,0.000787633889134276,0.000787633889134276,0.000787633889134276,0.000787633889134276,0.000787633889134276,0.000787633889134276,0.000787633889134276,0.000787633889134276,0.000787633889134276,0.000787633889134276,0.008355993264134276,0.000787633889134276,0.015680212014134276,0.016656774514134276,0.016168493264134276,0.001275915139134276,0.016168493264134276,0.000787633889134276,0.000787633889134276,0.015680212014134276,-0.008733850485865724,-0.002874475485865724,0.000787633889134276,0.007623571389134276,0.014947790139134276,0.000787633889134276,0.000787633889134276,0.000787633889134276,0.000787633889134276,0.000787633889134276,0.013482946389134276,0.013238805764134276,-0.007757287985865724,-0.008733850485865724,0.000787633889134276,-0.000188928610865724,0.006647008889134276,0.008355993264134276,-0.000921350485865724,0.000787633889134276,-0.000188928610865724,0.002496618264134276,0.000787633889134276,-0.001653772360865724,-0.005804162985865724,-0.004339319235865724,-0.000921350485865724,-0.012884241110865724,-0.010686975485865724,0.000787633889134276,0.000787633889134276,0.004449743264134276,0.000787633889134276,0.000787633889134276,0.000787633889134276,-0.004583459860865724,0.000543493264134276,-0.003606897360865724,-0.010442834860865724,0.000787633889134276,0.000787633889134276,-0.008489709860865724,-0.000433069235865724,-0.003851037985865724,-0.011175256735865724,0.000787633889134276,-0.012640100485865724,-0.005560022360865724,0.004205602639134276,0.002008337014134276,0.000787633889134276,-0.014349084860865724,-0.007757287985865724,0.000787633889134276,-0.005071741110865724,-0.003851037985865724,-0.001897912985865724,5.521201413427601e-05,0.000787633889134276,0.000787633889134276,0.000787633889134276,0.000787633889134276,0.000787633889134276,-0.004827600485865724,-0.002386194235865724,0.007623571389134276,0.012018102639134276,0.012994665139134276,0.006158727639134276,0.000787633889134276,0.006891149514134276,0.012994665139134276,0.000787633889134276,0.008355993264134276,0.005182165139134276,0.009820837014134276,0.000787633889134276,0.019586462014134276,0.019342321389134276,0.006402868264134276,0.000543493264134276,0.021783727639134276,0.000787633889134276,0.014459508889134276,0.000787633889134276,0.000787633889134276,0.000787633889134276,0.000787633889134276,0.008355993264134276,0.009088415139134276,-0.001897912985865724,0.000787633889134276,-0.007269006735865724,0.000787633889134276,0.002740758889134276,0.011285680764134276,0.002984899514134276,-0.019231897360865724,-0.011907678610865724,0.000787633889134276,-0.003118616110865724,-0.012640100485865724,-0.036077600485865724,0.000787633889134276,-0.049017053610865724,-0.025335412985865724,-0.037298303610865724,0.000787633889134276,-0.057806116110865724,-0.061224084860865724,-0.046087366110865724,0.000787633889134276,0.000787633889134276,0.000787633889134276,0.000787633889134276,-0.025335412985865724,0.000787633889134276,-0.000921350485865724,0.012018102639134276,0.007867712014134276,0.000543493264134276,0.007135290139134276,0.017877477639134276,0.000787633889134276,0.029840368264134276,0.000787633889134276,0.039361852639134276,0.029107946389134276,0.023492712014134276,0.025934118264134276,0.040582555764134276,0.000787633889134276,0.050592321389134276,0.040826696389134276,0.024225133889134276,0.000787633889134276,0.030572790139134276,0.000787633889134276,0.000787633889134276,0.000787633889134276,0.022516149514134276,0.000787633889134276,0.025689977639134276,0.027398962014134276,0.022760290139134276,0.000787633889134276,-0.001165491110865724,0.004938024514134276,0.000787633889134276,0.005182165139134276,-0.001165491110865724,-0.003606897360865724,-0.005804162985865724,-0.014104944235865724,-0.020696741110865724,0.000787633889134276,-0.018987756735865724,0.000787633889134276,-0.018011194235865724,-0.018987756735865724,-0.023382287985865724,-0.038030725485865724,-0.028753381735865724,0.000787633889134276,0.000787633889134276,0.000787633889134276,0.000787633889134276,0.000787633889134276,-0.034856897360865724,-0.000921350485865724,0.009088415139134276,0.000787633889134276,0.001520055764134276,-0.019720178610865724,-0.031438928610865724,-0.027044397360865724,0.009576696389134276,0.000787633889134276,0.011529821389134276,0.000787633889134276,-0.002386194235865724,-0.002142053610865724,0.005182165139134276,0.016656774514134276,0.009820837014134276,0.011285680764134276,0.015680212014134276,0.000787633889134276,0.000787633889134276,0.028619665139134276,0.000787633889134276,0.000787633889134276,0.000787633889134276,0.005426305764134276,0.008355993264134276,0.000787633889134276,0.008111852639134276,0.001764196389134276,0.000787633889134276,0.003961462014134276,-0.002630334860865724,-0.014349084860865724,0.000787633889134276,-0.014349084860865724,-0.016302209860865724,-0.016546350485865724,-0.004827600485865724,-0.005560022360865724,0.000787633889134276,-0.025579553610865724,0.000787633889134276,-0.012395959860865724,0.002984899514134276,0.001520055764134276,-0.008977991110865724,-0.032903772360865724,0.000787633889134276,0.000787633889134276,0.000787633889134276,0.000787633889134276,0.000787633889134276,-0.004827600485865724,-0.003851037985865724,-0.000188928610865724,0.001031774514134276,0.003717321389134276,0.000787633889134276,0.002984899514134276,0.006647008889134276,0.020807165139134276,0.000787633889134276,0.015191930764134276,0.013238805764134276,0.020318883889134276,0.000787633889134276,0.022027868264134276,0.022516149514134276,0.018365758889134276,0.012018102639134276,0.018854040139134276,0.000787633889134276,0.022272008889134276,0.000787633889134276,0.000787633889134276,0.000787633889134276,0.000787633889134276,-0.004827600485865724,0.009820837014134276,0.005426305764134276,-0.009710412985865724,0.000787633889134276,0.000787633889134276,-0.024847131735865724,-0.015081506735865724,-0.011175256735865724,-0.011663537985865724,-0.018255334860865724,0.000787633889134276,-0.016302209860865724,-0.011175256735865724,-0.015569787985865724,0.000787633889134276,-0.019231897360865724,-0.018011194235865724,-0.018011194235865724,0.000787633889134276,-0.015813928610865724,-0.004583459860865724,5.521201413427601e-05,0.000787633889134276,0.000787633889134276,0.000787633889134276,0.000787633889134276,0.007135290139134276,0.000787633889134276,0.019830602639134276,0.017633337014134276,0.000787633889134276,-0.010442834860865724,0.006647008889134276,0.022272008889134276,0.000787633889134276,0.023736852639134276,0.000787633889134276,-0.006780725485865724,-0.003851037985865724,0.033990758889134276,0.029107946389134276,0.000787633889134276,0.010553258889134276,-0.006292444235865724,-0.007269006735865724,0.004205602639134276,0.000787633889134276,0.025445837014134276,0.000787633889134276,0.000787633889134276,0.000787633889134276,0.000787633889134276,0.015191930764134276,0.016900915139134276,0.006158727639134276,-0.001409631735865724,0.000787633889134276,0.013238805764134276,0.000787633889134276,0.004693883889134276,-0.007269006735865724,-0.015081506735865724,-0.010931116110865724,0.010797399514134276,0.011041540139134276,0.009332555764134276,0.000787633889134276,0.000787633889134276,0.001031774514134276,0.008844274514134276,0.013727087014134276,0.009576696389134276,-0.001409631735865724,0.008600133889134276,0.000787633889134276,0.000787633889134276,0.000787633889134276,0.000787633889134276,0.000787633889134276,-0.001165491110865724,-0.004095178610865724,-0.002874475485865724,0.000787633889134276,-0.001653772360865724,-0.004827600485865724,-0.011175256735865724,-0.021429162985865724,-0.034368616110865724,0.000787633889134276,-0.018987756735865724,0.000787633889134276,-0.012640100485865724,-0.018011194235865724,-0.027776819235865724,-0.024114709860865724,-0.024602991110865724,-0.022649866110865724,0.000787633889134276,-0.014837366110865724,0.000787633889134276,-0.010442834860865724,0.000787633889134276,0.000787633889134276,0.000787633889134276,-0.007757287985865724,0.004938024514134276,0.000787633889134276,0.017389196389134276,0.018121618264134276,0.000787633889134276,0.027643102639134276,0.013482946389134276,0.012750524514134276,0.019342321389134276,0.000787633889134276,0.030816930764134276,0.040338415139134276,0.038385290139134276,0.021539587014134276,0.000787633889134276,0.026910680764134276,0.028375524514134276,0.000787633889134276,0.019098180764134276,0.009820837014134276,0.012506383889134276,0.015680212014134276,0.000787633889134276,0.000787633889134276,0.000787633889134276,0.000787633889134276,0.000787633889134276,-0.013128381735865724,-0.008977991110865724,-0.008245569235865724,-0.019720178610865724,-0.028509241110865724,-0.028753381735865724,0.000787633889134276,-0.018743616110865724,-0.019476037985865724,0.000787633889134276,-0.038519006735865724,-0.024602991110865724,-0.016058069235865724,-0.016302209860865724,0.000787633889134276,-0.020452600485865724,-0.023138147360865724,-0.018499475485865724,-0.001409631735865724,0.000787633889134276,0.003961462014134276,0.000787633889134276,0.000787633889134276,0.000787633889134276,0.000787633889134276,0.007379430764134276,0.015924352639134276,0.031549352639134276,0.027154821389134276,0.000787633889134276,0.000787633889134276,0.005670446389134276,0.017633337014134276,0.032037633889134276,0.021783727639134276,0.015680212014134276,0.000787633889134276,0.008844274514134276,0.001275915139134276,0.008111852639134276,0.000787633889134276,0.000543493264134276,0.002008337014134276,0.002496618264134276,-0.002386194235865724,0.000787633889134276,-0.006536584860865724,-0.012640100485865724,0.000787633889134276,0.000787633889134276,0.000787633889134276,0.000787633889134276,-0.012151819235865724,0.000787633889134276,-0.020452600485865724,-0.022894006735865724,-0.008733850485865724,0.005914587014134276,0.003473180764134276,0.001275915139134276,0.000787633889134276,0.001031774514134276,0.000787633889134276,0.007867712014134276,0.012506383889134276,0.009820837014134276,0.002984899514134276,0.000787633889134276,-0.001897912985865724,0.009820837014134276,0.023492712014134276,0.015436071389134276,0.000787633889134276,-0.016790491110865724,0.000787633889134276,0.000787633889134276,0.000787633889134276,0.000787633889134276,-0.014104944235865724,-0.031927209860865724,-0.031683069235865724,0.000787633889134276,-0.025091272360865724,0.000787633889134276,-0.009954553610865724,-0.012640100485865724,-0.019476037985865724,-0.022161584860865724,-0.026067834860865724,0.000787633889134276,-0.026311975485865724,-0.018011194235865724,-0.004827600485865724,0.000787633889134276,0.005914587014134276,0.008844274514134276,0.024469274514134276,0.000787633889134276,0.032525915139134276,0.030572790139134276,0.023004430764134276,0.000787633889134276,0.000787633889134276,0.000787633889134276,0.000787633889134276,0.027154821389134276,0.000787633889134276,0.027154821389134276,0.030572790139134276,0.029596227639134276,0.017633337014134276,-0.002630334860865724,0.000787633889134276,-0.009954553610865724,0.004205602639134276,0.000787633889134276,0.022516149514134276,0.003961462014134276,-0.030706506735865724,-0.019476037985865724,0.000787633889134276,0.001031774514134276,0.002740758889134276,-0.017034631735865724,-0.034856897360865724,0.000787633889134276,-0.031438928610865724,0.000787633889134276,0.000787633889134276,0.000787633889134276,0.000787633889134276,-0.007024866110865724,-0.016790491110865724,-0.019964319235865724,-0.012884241110865724,0.000787633889134276,0.020074743264134276,0.022516149514134276,0.000787633889134276,0.011041540139134276,-0.005071741110865724,-0.007269006735865724,0.022760290139134276,0.027887243264134276,0.010797399514134276,0.000787633889134276,0.000787633889134276,-0.025091272360865724,-0.018987756735865724,0.002008337014134276,0.005182165139134276,-0.009466272360865724,0.000787633889134276,-0.017522912985865724,0.000787633889134276,0.000787633889134276,0.000787633889134276,0.000787633889134276,-0.016302209860865724,0.000787633889134276,-0.032659631735865724,-0.032415491110865724,-0.012151819235865724,0.002984899514134276,-0.007757287985865724,-0.009466272360865724,0.006891149514134276,0.000787633889134276,0.000787633889134276,0.009820837014134276,0.017877477639134276,0.023004430764134276,0.029840368264134276,0.034234899514134276,0.041314977639134276,0.000787633889134276,0.040826696389134276,0.028131383889134276,0.000787633889134276,0.020807165139134276,0.000787633889134276,0.000787633889134276,0.000787633889134276,0.014703649514134276,0.000787633889134276,0.028863805764134276,0.021783727639134276,-0.009222131735865724,0.000787633889134276,-0.023870569235865724,0.004205602639134276,-0.006780725485865724,0.000787633889134276,-0.030706506735865724,-0.051702600485865724,-0.052679162985865724,-0.033880334860865724,0.003961462014134276,0.000787633889134276,-0.022405725485865724,-0.040716272360865724,0.000787633889134276,-0.028509241110865724,0.007623571389134276,0.026910680764134276,-0.011175256735865724,0.000787633889134276,0.000787633889134276,0.000787633889134276,0.000787633889134276,0.000787633889134276,0.003961462014134276,0.001764196389134276,-0.000921350485865724,-0.010931116110865724,0.000787633889134276,-0.003851037985865724,0.008600133889134276,0.007623571389134276,-0.024114709860865724,0.000787633889134276,0.003229040139134276,0.000787633889134276,0.011285680764134276,-0.005560022360865724,-0.020696741110865724,-0.005804162985865724,-0.005560022360865724,-0.013128381735865724,0.000787633889134276,-0.021917444235865724,0.000787633889134276,-0.002386194235865724,0.000787633889134276,0.000787633889134276,0.000787633889134276,0.017389196389134276,0.011529821389134276,0.000787633889134276,0.016656774514134276,0.036432165139134276,0.000787633889134276,0.035943883889134276,0.018854040139134276,0.022272008889134276,0.018365758889134276,0.000787633889134276,0.010309118264134276,0.009088415139134276,0.013727087014134276,0.012262243264134276,0.000787633889134276,-0.003606897360865724,0.006402868264134276,0.000787633889134276,0.021051305764134276,0.007135290139134276,-0.026800256735865724,-0.030218225485865724,0.000787633889134276,0.000787633889134276,0.000787633889134276,0.000787633889134276,0.000787633889134276,-0.036810022360865724,-0.023138147360865724,0.030816930764134276,0.033014196389134276,-0.001653772360865724,0.000787633889134276,-0.032415491110865724,-0.028020959860865724,0.005670446389134276,0.000787633889134276,0.038873571389134276,-0.028265100485865724,-0.043401819235865724,0.000787633889134276,-0.019231897360865724,0.014947790139134276,0.024713415139134276,-0.038519006735865724,-0.046819787985865724,0.000787633889134276,0.015924352639134276,0.000787633889134276,0.000787633889134276,0.000787633889134276,0.000787633889134276,-0.056341272360865724,-0.030218225485865724,0.004693883889134276,-0.013860803610865724,0.000787633889134276,0.000787633889134276,-0.012151819235865724,0.009576696389134276,0.028619665139134276,0.011041540139134276,-0.005315881735865724,0.000787633889134276,0.002984899514134276,0.031549352639134276,0.050348180764134276,0.000787633889134276,0.012750524514134276,-0.016058069235865724,0.011285680764134276,0.039361852639134276,0.000787633889134276,0.038141149514134276,0.008600133889134276,0.000787633889134276,0.000787633889134276,0.000787633889134276,0.000787633889134276,-0.029729944235865724,0.000787633889134276,-0.032415491110865724,-0.008489709860865724,0.018121618264134276,-0.000188928610865724,-0.017278772360865724,-0.023626428610865724,0.000787633889134276,-0.002630334860865724,0.000787633889134276,0.041803258889134276,0.024957555764134276,-0.002630334860865724,0.010309118264134276,0.000787633889134276,0.025201696389134276,0.018854040139134276,-0.004339319235865724,-0.019964319235865724,0.000787633889134276,0.010797399514134276,0.000787633889134276,0.000787633889134276,0.000787633889134276,0.000787633889134276,-0.028753381735865724,-0.010931116110865724,-0.017034631735865724,-0.044866662985865724,0.000787633889134276,-0.039251428610865724,0.000787633889134276,-0.003606897360865724,0.016412633889134276,-0.000433069235865724,-0.033636194235865724,0.000543493264134276,0.031305212014134276,0.000787633889134276,0.030816930764134276,0.000787633889134276,-0.008489709860865724,-0.011175256735865724,0.005182165139134276,0.004205602639134276,-0.012884241110865724,0.000787633889134276,-0.010686975485865724,0.000787633889134276,0.000787633889134276,0.000787633889134276,0.000787633889134276,-0.023382287985865724,0.007623571389134276,0.000787633889134276,0.005914587014134276,-0.009466272360865724,-0.019231897360865724,-0.009222131735865724,0.004449743264134276,0.000787633889134276,-0.001409631735865724,0.000787633889134276,-0.034612756735865724,-0.012395959860865724,0.017877477639134276,0.000787633889134276,0.038385290139134276,0.037164587014134276,0.009088415139134276,-0.023138147360865724,-0.008001428610865724,0.000787633889134276,0.000787633889134276,0.031793493264134276,0.000787633889134276,0.000787633889134276,0.000787633889134276,-0.017034631735865724,0.026178258889134276,0.034234899514134276,0.000787633889134276,0.018121618264134276,0.000787633889134276,-0.020696741110865724,0.004938024514134276,0.020563024514134276,0.029107946389134276,0.000787633889134276,0.019342321389134276,0.005914587014134276,0.005670446389134276,0.016656774514134276,0.000787633889134276,0.023248571389134276,0.018609899514134276,0.000787633889134276,0.017145055764134276,0.026422399514134276,0.029352087014134276,0.019586462014134276,0.000787633889134276,0.000787633889134276,0.000787633889134276,0.000787633889134276,0.000787633889134276,-0.005804162985865724,0.004449743264134276,0.006158727639134276,-0.011419397360865724,-0.019964319235865724,0.000787633889134276,-0.011663537985865724,0.005670446389134276,0.019586462014134276,0.000787633889134276,-0.025823694235865724,-0.031194787985865724,0.000787633889134276,-0.026067834860865724,-0.015813928610865724,-0.016790491110865724,-0.033392053610865724,-0.029241662985865724,-0.008489709860865724,0.000787633889134276,0.000787633889134276,0.012262243264134276,0.000787633889134276,0.000787633889134276,0.000787633889134276,0.013482946389134276,0.000787633889134276,0.027154821389134276,0.015191930764134276,-0.013860803610865724,0.000787633889134276,0.014215368264134276,0.000787633889134276,0.026666540139134276,0.021295446389134276,0.009088415139134276,0.005426305764134276,0.010064977639134276,0.009820837014134276,0.000787633889134276,-0.002142053610865724,0.000787633889134276,-0.001897912985865724,0.016900915139134276,0.011285680764134276,-0.014104944235865724,-0.021673303610865724,0.000787633889134276,-0.008245569235865724,0.000787633889134276,0.000787633889134276,0.000787633889134276,0.000787633889134276,0.000787633889134276,-0.019476037985865724,-0.000433069235865724,0.013482946389134276,-0.003362756735865724,-0.015813928610865724,0.000787633889134276,-0.011175256735865724,0.001275915139134276,0.012506383889134276,0.000787633889134276,-0.012640100485865724,-0.001653772360865724,0.000787633889134276,0.016412633889134276,0.023004430764134276,0.013971227639134276,-0.004095178610865724,0.004449743264134276,0.014703649514134276,0.000787633889134276,0.000787633889134276,0.000787633889134276,0.000787633889134276,0.000787633889134276,0.000787633889134276,0.004693883889134276,0.006647008889134276,-0.000677209860865724,-0.006048303610865724,-0.002874475485865724,0.000787633889134276,0.000787633889134276,-0.004827600485865724,-0.014593225485865724,-0.018743616110865724,-0.009222131735865724,-0.000188928610865724,0.001764196389134276,0.000787633889134276,-0.001165491110865724,-0.009710412985865724,0.000787633889134276,-0.014837366110865724,-0.004339319235865724,-0.005560022360865724,-0.005071741110865724,0.000787633889134276,0.000787633889134276,0.000787633889134276,0.000787633889134276,-0.002386194235865724,0.000787633889134276,-0.001653772360865724,0.000787633889134276,5.521201413427601e-05,0.000543493264134276,-0.004583459860865724,0.003473180764134276,0.005670446389134276,0.004205602639134276,0.000787633889134276,0.002008337014134276,0.000787633889134276,-0.000188928610865724,0.003473180764134276,0.002984899514134276,0.000787633889134276,0.000787633889134276,-0.003362756735865724,-0.003606897360865724,0.007379430764134276,0.000543493264134276,0.000787633889134276,0.000787633889134276,0.000787633889134276,0.000787633889134276,0.000787633889134276,0.026178258889134276,0.000787633889134276,0.020074743264134276,0.037652868264134276,0.06548489951413428,0.042779821389134276,0.000787633889134276,0.010797399514134276,0.000787633889134276,0.035455602639134276,0.054498571389134276,0.043756383889134276,0.016900915139134276,-0.024114709860865724,-0.019720178610865724,-0.011419397360865724,0.000787633889134276,0.000787633889134276,-0.019720178610865724,-0.036565881735865724,-0.046087366110865724,-0.011419397360865724,0.000787633889134276,0.000787633889134276,0.000787633889134276,0.000787633889134276,-0.055364709860865724,0.000787633889134276,0.000787633889134276,0.014459508889134276,0.002252477639134276,-0.021673303610865724,-0.054632287985865724,-0.040472131735865724,-0.019231897360865724,0.000787633889134276,-0.006780725485865724,-0.006048303610865724,0.000787633889134276,-0.040472131735865724,-0.041936975485865724,-0.018987756735865724,0.000787633889134276,0.005182165139134276,0.011529821389134276,-0.007269006735865724,-0.058782678610865724,-0.038763147360865724,0.000787633889134276,0.000787633889134276,0.000787633889134276,0.000787633889134276,0.000787633889134276,0.000787633889134276,-0.018011194235865724,0.021539587014134276,0.041559118264134276,0.020563024514134276,0.010797399514134276,0.000787633889134276,0.000787633889134276,0.049127477639134276,0.048639196389134276,0.035455602639134276,0.015680212014134276,0.018121618264134276,0.022760290139134276,0.000787633889134276,0.021783727639134276,0.012994665139134276,0.000787633889134276,-0.016546350485865724,0.004449743264134276,0.023004430764134276,0.027887243264134276,0.000787633889134276,0.000787633889134276,0.000787633889134276,0.000787633889134276,0.030816930764134276,0.000787633889134276,0.032525915139134276,0.000787633889134276,0.026910680764134276,0.038385290139134276,0.050348180764134276,0.035699743264134276,0.015191930764134276,0.013238805764134276,0.017877477639134276,0.000787633889134276,0.000787633889134276,-0.005560022360865724,-0.023870569235865724,-0.032171350485865724,-0.035589319235865724,-0.037542444235865724,-0.031683069235865724,-0.018499475485865724,0.000787633889134276,-0.004095178610865724,0.000787633889134276,0.001031774514134276,0.000787633889134276,0.000787633889134276,0.000787633889134276,0.057428258889134276,0.000787633889134276,0.059869665139134276,0.045465368264134276,0.035455602639134276,0.000787633889134276,-0.06415377236086572,0.000354528420384276,0.000354528420384276,0.000787633889134276,0.000354528420384276,-0.050970178610865724,-0.052190881735865724,0.000354528420384276,0.000354528420384276,0.000787633889134276,-0.010442834860865724,0.020807165139134276,0.024713415139134276,0.000787633889134276,0.022027868264134276,0.034723180764134276,0.000787633889134276,0.000787633889134276,0.000787633889134276,0.000787633889134276,0.000787633889134276,0.038141149514134276,0.000787633889134276,0.053277868264134276,0.035455602639134276,-0.007269006735865724,-0.061712366110865724,-0.052679162985865724,-0.003851037985865724,0.034479040139134276,0.000787633889134276,0.022272008889134276,0.000787633889134276,-0.008977991110865724,-0.010686975485865724,0.022760290139134276,0.000354528420384276,0.000354528420384276,0.06450833701413428,0.047174352639134276,0.000787633889134276,0.000787633889134276,0.009576696389134276,0.000787633889134276,0.000787633889134276,0.000787633889134276,0.000787633889134276,-0.004339319235865724,-0.013372522360865724,-0.06781588173586572,-0.062444787985865724,0.000787633889134276,0.000787633889134276,0.025201696389134276,0.000787633889134276,-0.001165491110865724,-0.012151819235865724,0.016168493264134276,0.000787633889134276,0.033746618264134276,-0.024602991110865724,-0.045843225485865724,0.000787633889134276,0.000787633889134276,0.009820837014134276,-0.019476037985865724,0.000787633889134276,-0.057073694235865724,-0.054388147360865724,0.000787633889134276,0.000787633889134276,0.000787633889134276,0.000787633889134276,0.000787633889134276,0.000787633889134276,0.000787633889134276,0.011285680764134276,0.017633337014134276,0.000787633889134276,0.012994665139134276,0.040582555764134276,0.062066930764134276,0.000787633889134276,0.058648962014134276,0.027643102639134276,0.000787633889134276,0.000787633889134276,0.030816930764134276,0.048150915139134276,-0.009954553610865724,0.000787633889134276,-0.025335412985865724,-0.015081506735865724,-0.033147912985865724,-0.035833459860865724,0.000787633889134276,0.000787633889134276,0.000787633889134276,0.000787633889134276,0.000787633889134276,0.000787633889134276,0.030084508889134276,0.000787633889134276,0.029596227639134276,0.016900915139134276,0.031549352639134276,0.000787633889134276,0.000787633889134276,0.019586462014134276,0.000787633889134276,0.015680212014134276,0.025934118264134276,0.014947790139134276,0.000787633889134276,-0.001897912985865724,-0.031683069235865724,-0.043157678610865724,0.000787633889134276,0.000787633889134276,-0.026556116110865724,0.000787633889134276,-0.018987756735865724,-0.018499475485865724,0.000787633889134276,0.000787633889134276,0.000787633889134276,0.011285680764134276,0.000787633889134276,0.009088415139134276,0.000787633889134276,0.045953649514134276,0.000787633889134276,0.041559118264134276,0.028863805764134276,0.000787633889134276,0.030084508889134276,0.025445837014134276,0.036920446389134276,0.000787633889134276,0.026666540139134276,0.000787633889134276,0.000787633889134276,-0.032415491110865724,-0.022161584860865724,-0.019720178610865724,0.000787633889134276,-0.042425256735865724,-0.051458459860865724,0.000787633889134276,0.000787633889134276,0.000787633889134276,0.000787633889134276,0.000787633889134276,0.000787633889134276,0.000787633889134276,0.000787633889134276,-0.005804162985865724,0.035699743264134276,0.000787633889134276,0.042291540139134276,0.009820837014134276,0.000787633889134276,0.002984899514134276,0.015436071389134276,0.000787633889134276,0.000787633889134276,-0.029974084860865724,0.000787633889134276,-0.027288537985865724,-0.032659631735865724,-0.040472131735865724,0.000787633889134276,-0.047552209860865724,-0.061224084860865724,0.000787633889134276,0.000787633889134276,0.000787633889134276,0.000787633889134276,0.000787633889134276,0.000787633889134276,0.000787633889134276,0.002252477639134276,0.000787633889134276,0.000787633889134276,0.011773962014134276,0.000787633889134276,0.000787633889134276,0.000787633889134276,0.035943883889134276,0.003961462014134276,0.000787633889134276,0.035943883889134276,0.061578649514134276,5.521201413427601e-05,0.000787633889134276,-0.018499475485865724,0.000787633889134276,0.000787633889134276,0.016412633889134276,-0.022649866110865724,0.000787633889134276,-0.025579553610865724,0.000787633889134276,0.000787633889134276,0.000787633889134276,-0.005560022360865724,0.000787633889134276,0.000787633889134276,-0.015081506735865724,0.000787633889134276,0.004205602639134276,0.024713415139134276,0.000787633889134276,0.004693883889134276,-0.001409631735865724,0.030084508889134276,0.000787633889134276,0.000787633889134276,0.028619665139134276,0.000787633889134276,0.024957555764134276,0.006891149514134276,0.000787633889134276,-0.009466272360865724,0.004449743264134276,0.011041540139134276,0.000787633889134276,0.000787633889134276,0.000787633889134276,0.000787633889134276,0.000787633889134276,0.000787633889134276,-0.022405725485865724,0.000787633889134276,-0.032659631735865724,0.000787633889134276,-0.035833459860865724,0.000787633889134276,0.000787633889134276,-0.007757287985865724,-0.001897912985865724,0.000787633889134276,0.020074743264134276,0.037408727639134276,0.000787633889134276,0.024957555764134276,0.018365758889134276,0.000787633889134276,0.000787633889134276,0.043023962014134276,0.000787633889134276,0.043268102639134276,0.024469274514134276,0.000787633889134276,0.000787633889134276,0.000787633889134276,0.000787633889134276,-0.008977991110865724,0.000787633889134276,0.000787633889134276,0.000787633889134276,-0.009466272360865724,-0.019720178610865724,-0.036810022360865724,0.000787633889134276,-0.041936975485865724,-0.014349084860865724,0.000787633889134276,-0.017767053610865724,0.000787633889134276,0.000787633889134276,-0.023870569235865724,0.006891149514134276,0.003473180764134276,0.000787633889134276,-0.002386194235865724,0.003229040139134276,0.000787633889134276,0.001764196389134276,0.000787633889134276,0.000787633889134276,0.034723180764134276,0.000787633889134276,0.000787633889134276,0.000787633889134276,0.018365758889134276,0.000787633889134276,0.041803258889134276,0.026910680764134276,0.000787633889134276,0.000787633889134276,-0.019964319235865724,-0.006780725485865724,0.000787633889134276,0.011529821389134276,-0.015325647360865724,-0.037054162985865724,0.000787633889134276,-0.040960412985865724,-0.004095178610865724,0.000787633889134276,0.000787633889134276,-0.015081506735865724,-0.017522912985865724,0.000787633889134276,-0.006048303610865724,-0.006780725485865724,0.000787633889134276,0.000787633889134276,0.000787633889134276,0.000787633889134276,0.000787633889134276,0.000787633889134276,0.001275915139134276,0.028375524514134276,0.000787633889134276,0.007623571389134276,-0.009222131735865724,0.013971227639134276,0.000787633889134276,0.029596227639134276,0.000787633889134276,0.000787633889134276,0.002984899514134276,-0.004583459860865724,-0.001653772360865724,0.000787633889134276,0.004449743264134276,-0.013860803610865724,0.000787633889134276,-0.015813928610865724,0.000787633889134276,0.000787633889134276,-0.009222131735865724,0.000787633889134276,0.000787633889134276,0.000787633889134276,-0.001653772360865724,0.000787633889134276,-0.008001428610865724,-0.023382287985865724,0.000787633889134276,0.000787633889134276,0.000787633889134276,0.003473180764134276,0.012506383889134276,0.002008337014134276,0.000787633889134276,-0.012395959860865724,0.030328649514134276,0.000787633889134276,0.039361852639134276,0.000787633889134276,-0.003118616110865724,-0.003362756735865724,0.021295446389134276,0.041070837014134276,0.000787633889134276,0.044977087014134276,0.040338415139134276,0.000787633889134276,0.000787633889134276,0.000787633889134276,0.000787633889134276,0.000787633889134276,0.035455602639134276,-0.015569787985865724,-0.019476037985865724,0.000787633889134276,0.016900915139134276,0.000787633889134276,0.010309118264134276,-0.011907678610865724,-0.018987756735865724,0.000787633889134276,-0.010686975485865724,-0.029729944235865724,-0.028753381735865724,-0.019476037985865724,0.000787633889134276,-0.018011194235865724,-0.023138147360865724,-0.018987756735865724,-0.016790491110865724,0.000787633889134276,-0.017034631735865724,-0.002630334860865724,0.000787633889134276,0.000787633889134276,0.000787633889134276,-0.004339319235865724,-0.003851037985865724,0.012506383889134276,0.000787633889134276,0.037652868264134276,0.000787633889134276,0.025689977639134276,0.006647008889134276,0.011773962014134276,0.024225133889134276,0.030328649514134276,0.024957555764134276,0.013727087014134276,0.000787633889134276,0.005914587014134276,0.000787633889134276,-0.000188928610865724,-0.002630334860865724,0.008111852639134276,0.011285680764134276,0.005426305764134276,0.000787633889134276,-0.012151819235865724,-0.031927209860865724,0.000787633889134276,0.000787633889134276,0.000787633889134276,0.000787633889134276,0.000787633889134276,-0.027532678610865724,-0.026067834860865724,-0.018743616110865724,-0.011663537985865724,-0.013128381735865724,-0.020208459860865724,0.000787633889134276,-0.028020959860865724,-0.022405725485865724,0.000787633889134276,0.002496618264134276,0.013482946389134276,0.009576696389134276,-0.002386194235865724,-0.003851037985865724,0.012262243264134276,0.031305212014134276,0.000787633889134276,0.035455602639134276,0.000787633889134276,0.012506383889134276,0.006158727639134276,0.000787633889134276,0.000787633889134276,0.000787633889134276,0.019098180764134276,0.006158727639134276,-0.011663537985865724,-0.013616662985865724,0.000787633889134276,0.000787633889134276,0.032281774514134276,0.037652868264134276,-0.012151819235865724,-0.042669397360865724,-0.039739709860865724,-0.002630334860865724,0.032037633889134276,0.000787633889134276,0.030816930764134276,0.000787633889134276,-0.033392053610865724,-0.040227991110865724,-0.013372522360865724,0.028131383889134276,0.009576696389134276,-0.021429162985865724,0.000787633889134276,0.000787633889134276,0.000787633889134276,0.000787633889134276,0.000787633889134276,-0.020452600485865724,0.000787633889134276,-0.048528772360865724,-0.046331506735865724,-0.012640100485865724,0.037164587014134276,0.004449743264134276,-0.039251428610865724,-0.052923303610865724,0.000787633889134276,0.013482946389134276,0.000787633889134276,0.036676305764134276,0.028619665139134276,0.002740758889134276,-0.020452600485865724,-0.015081506735865724,0.010064977639134276,0.028863805764134276,0.000787633889134276,0.012750524514134276,0.000787633889134276,-0.004583459860865724,0.000787633889134276,0.000787633889134276,0.000787633889134276,0.037897008889134276,0.011041540139134276,-0.005071741110865724,0.000787633889134276,0.000787633889134276,0.001520055764134276,0.029107946389134276,0.014703649514134276,-0.004339319235865724,-0.010442834860865724,0.000787633889134276,0.001275915139134276,0.020318883889134276,0.004449743264134276,0.000787633889134276,-0.022894006735865724,-0.014593225485865724,0.000787633889134276,0.011285680764134276,0.032281774514134276,0.016656774514134276,-0.035101037985865724,-0.020452600485865724,0.000787633889134276,0.000787633889134276,0.000787633889134276,0.000787633889134276,0.000787633889134276,-0.024847131735865724,-0.018499475485865724,-0.016058069235865724,-0.017767053610865724,0.000787633889134276,-0.015081506735865724,-0.009466272360865724,-0.009466272360865724,-0.015325647360865724,0.000787633889134276,-0.001897912985865724,-0.007269006735865724,0.000787633889134276,-0.009466272360865724,-0.003606897360865724,0.001764196389134276,0.009088415139134276,-0.002874475485865724,-0.012884241110865724,0.000787633889134276,0.000787633889134276,0.011773962014134276,0.000787633889134276,0.000787633889134276,0.000787633889134276,-0.016302209860865724,-0.008733850485865724,0.000787633889134276,0.026178258889134276,0.055475133889134276,0.000787633889134276,-0.026800256735865724,-0.013616662985865724,0.014703649514134276,0.000787633889134276,0.025445837014134276,0.016656774514134276,-0.016058069235865724,-0.016546350485865724,-0.003118616110865724,0.000787633889134276,0.005426305764134276,0.000787633889134276,-0.009954553610865724,-0.017034631735865724,-0.007269006735865724,0.012994665139134276,0.024225133889134276,0.000787633889134276,0.000787633889134276,0.000787633889134276,0.000787633889134276,0.000787633889134276,0.012994665139134276,-0.008489709860865724,0.000787633889134276,-0.016790491110865724,-0.004095178610865724,0.010797399514134276,-0.005315881735865724,-0.013860803610865724,-0.005560022360865724,0.000787633889134276,0.000787633889134276,0.004205602639134276,-0.002142053610865724,-0.009222131735865724,-0.021185022360865724,-0.008977991110865724,0.000787633889134276,0.014215368264134276,0.008844274514134276,-0.016790491110865724,0.000787633889134276,0.002008337014134276,0.000787633889134276,0.000787633889134276,0.000787633889134276,0.000787633889134276,-0.021185022360865724,0.005914587014134276,0.013238805764134276,-0.017522912985865724,0.000787633889134276,-0.018011194235865724,0.000787633889134276,0.011041540139134276,0.027887243264134276,0.009332555764134276,-0.012884241110865724,-0.018499475485865724,0.000787633889134276,-0.004583459860865724,0.016412633889134276,0.000787633889134276,-0.008245569235865724,-0.018499475485865724,0.000787633889134276,-0.005560022360865724,0.016168493264134276,0.020807165139134276,0.002984899514134276,0.000787633889134276,0.000787633889134276,0.000787633889134276,0.000787633889134276,0.000787633889134276,0.010064977639134276,-0.003118616110865724,-0.008001428610865724,0.017145055764134276,0.019342321389134276,0.001764196389134276,-0.013372522360865724,0.000787633889134276,-0.014104944235865724,0.000787633889134276,0.016900915139134276,-0.010442834860865724,-0.015569787985865724,-0.008489709860865724,0.000787633889134276,0.005670446389134276,0.014703649514134276,0.010553258889134276,-0.019476037985865724,0.000787633889134276,0.010064977639134276,0.000787633889134276,0.000787633889134276,0.000787633889134276,0.000787633889134276,-0.021917444235865724,0.021539587014134276,0.019098180764134276,-0.000677209860865724,0.000787633889134276,0.000787633889134276,-0.020208459860865724,0.019342321389134276,0.025445837014134276,0.000787633889134276,0.002252477639134276,-0.027776819235865724,-0.029974084860865724,0.029107946389134276,0.017145055764134276,0.000787633889134276,0.000787633889134276,-0.047063928610865724,-0.031194787985865724,0.033014196389134276,0.006158727639134276,-0.038274866110865724,0.000787633889134276,-0.050237756735865724,0.000787633889134276,0.000787633889134276,0.000787633889134276,0.000787633889134276,-0.026800256735865724,-0.015569787985865724,0.027398962014134276,0.000787633889134276,0.044732946389134276,0.019098180764134276,-0.026067834860865724,-0.002630334860865724,0.041803258889134276,0.000787633889134276,0.011285680764134276,0.000787633889134276,-0.028020959860865724,-0.036077600485865724,-0.001653772360865724,0.036676305764134276,-0.013128381735865724,-0.050237756735865724,-0.030950647360865724,0.000787633889134276,0.000787633889134276,0.043512243264134276,0.000787633889134276,0.000787633889134276,0.000787633889134276,0.033746618264134276,0.040338415139134276,0.000787633889134276,0.009576696389134276,-0.026067834860865724,0.000787633889134276,0.028619665139134276,0.030328649514134276,0.005182165139134276,0.000787633889134276,-0.015569787985865724,-0.013128381735865724,0.029107946389134276,0.023736852639134276,-0.005804162985865724,0.000787633889134276,-0.008733850485865724,0.000787633889134276,0.023980993264134276,0.034234899514134276,-0.012884241110865724,-0.023870569235865724,-0.008489709860865724,0.000787633889134276,0.000787633889134276,0.000787633889134276,0.000787633889134276,0.000787633889134276,0.009332555764134276,0.022760290139134276,-0.001165491110865724,0.000787633889134276,-0.030462366110865724,-0.030462366110865724,0.016656774514134276,0.003961462014134276,-0.020452600485865724,0.000787633889134276,-0.006536584860865724,0.000787633889134276,0.014459508889134276,0.023736852639134276,-0.009954553610865724,-0.018255334860865724,-0.000433069235865724,0.020318883889134276,0.000787633889134276,0.025201696389134276,0.000787633889134276,-0.023870569235865724,0.000787633889134276,0.000787633889134276,0.000787633889134276,0.003961462014134276,-0.010931116110865724,0.000787633889134276,-0.012395959860865724,-0.001897912985865724,0.000787633889134276,-0.020940881735865724,-0.020696741110865724,0.008355993264134276,0.000787633889134276,0.032770055764134276,0.027887243264134276,-0.039983850485865724,-0.033636194235865724,0.011285680764134276,0.000787633889134276,0.036432165139134276,0.000787633889134276,-0.012884241110865724,-0.053411584860865724,-0.047552209860865724,0.037897008889134276,0.028619665139134276,0.000787633889134276,0.000787633889134276,0.000787633889134276,0.000787633889134276,0.000787633889134276,0.057184118264134276,-0.001897912985865724,-0.033880334860865724,-0.011663537985865724,0.000787633889134276,0.040582555764134276,0.06817044638913428,0.050104040139134276,-0.032171350485865724,0.000787633889134276,0.053277868264134276,0.000354528420384276,0.000787633889134276,0.07036771201413428,0.010553258889134276,-0.036321741110865724,0.029107946389134276,0.000354528420384276,0.061090368264134276,0.000787633889134276,-0.025579553610865724,0.000787633889134276,0.000787633889134276,0.000787633889134276,0.000787633889134276,-0.009222131735865724,-0.027776819235865724,-0.022161584860865724,0.000787633889134276,-0.001897912985865724,0.000787633889134276,0.002496618264134276,-0.022894006735865724,-0.007513147360865724,0.010064977639134276,0.000787633889134276,0.010797399514134276,-0.006536584860865724,-0.028509241110865724,-0.008245569235865724,0.000787633889134276,0.020074743264134276,-0.002142053610865724,-0.032903772360865724,0.000787633889134276,-0.039007287985865724,-0.018499475485865724,0.008355993264134276,0.000787633889134276,0.000787633889134276,0.000787633889134276,0.000787633889134276,0.000787633889134276,-0.021429162985865724,-0.025579553610865724,-0.032659631735865724,-0.039495569235865724,0.000787633889134276,-0.036321741110865724,-0.025579553610865724,-0.028753381735865724,-0.036321741110865724,0.000787633889134276,-0.021429162985865724,-0.011419397360865724,0.000787633889134276,-0.009710412985865724,-0.010931116110865724,-0.025091272360865724,-0.027532678610865724,-0.027288537985865724,-0.020452600485865724,0.000787633889134276,0.000787633889134276,0.004693883889134276,0.000787633889134276,0.000787633889134276,0.000787633889134276,-0.007269006735865724,0.005426305764134276,0.012750524514134276,0.000787633889134276,0.009576696389134276,0.000787633889134276,-0.020696741110865724,-0.007513147360865724,0.012750524514134276,0.017389196389134276,0.007135290139134276,0.000787633889134276,0.003473180764134276,0.002740758889134276,-0.026311975485865724,0.000787633889134276,-0.044134241110865724,-0.034124475485865724,-0.015813928610865724,0.000787633889134276,-0.007757287985865724,-0.017034631735865724,-0.029241662985865724,0.000787633889134276,0.000787633889134276,0.000787633889134276,0.000787633889134276,0.000787633889134276,0.032281774514134276,0.030328649514134276,0.016168493264134276,0.026666540139134276,0.043756383889134276,0.046197790139134276,0.000787633889134276,0.027154821389134276,0.002496618264134276,0.000787633889134276,0.028131383889134276,0.036188024514134276,0.022272008889134276,0.001275915139134276,0.000787633889134276,-0.008001428610865724,-0.003118616110865724,0.012750524514134276,0.023736852639134276,0.000787633889134276,0.016168493264134276,0.000787633889134276,0.000787633889134276,0.000787633889134276,0.000787633889134276,0.017633337014134276,0.019098180764134276,0.017877477639134276,0.014703649514134276,0.000787633889134276,0.000787633889134276,0.022760290139134276,0.029596227639134276,0.027643102639134276,0.016168493264134276,0.005426305764134276,0.000787633889134276,0.008600133889134276,0.018609899514134276,0.025445837014134276,0.000787633889134276,-0.005804162985865724,-0.002386194235865724,0.010064977639134276,0.015436071389134276,0.000787633889134276,0.008844274514134276,0.001764196389134276,0.000787633889134276,0.000787633889134276,0.000787633889134276,0.000787633889134276,0.001275915139134276,0.000787633889134276,0.006647008889134276,0.000787633889134276,0.000787633889134276,0.002740758889134276,-0.001409631735865724,0.000787633889134276,-0.004583459860865724,-0.001165491110865724,0.000787633889134276,0.008111852639134276,-0.011907678610865724,-0.012395959860865724,-0.004095178610865724,0.003961462014134276,0.000787633889134276,0.007623571389134276,0.003961462014134276,-0.014593225485865724,0.000787633889134276,-0.018743616110865724,0.000787633889134276,0.000787633889134276,0.000787633889134276,0.000787633889134276,-0.012884241110865724,-0.030706506735865724,-0.024358850485865724,-0.010198694235865724,0.000787633889134276,0.000787633889134276,-0.008001428610865724,-0.005560022360865724,0.002740758889134276,0.002984899514134276,0.002984899514134276,0.005426305764134276,0.000787633889134276,0.005914587014134276,0.005182165139134276,0.000787633889134276,0.012750524514134276,0.010553258889134276,0.009088415139134276,0.012262243264134276,0.000787633889134276,0.018609899514134276,0.024957555764134276,0.000787633889134276,0.000787633889134276,0.000787633889134276,0.000787633889134276,0.009820837014134276,0.000787633889134276,0.010064977639134276,0.011773962014134276,0.003961462014134276,-0.007757287985865724,-0.013860803610865724,-0.004583459860865724,0.005426305764134276,0.000787633889134276,0.000787633889134276,-0.020452600485865724,-0.031683069235865724,-0.021917444235865724,-0.021673303610865724,-0.028997522360865724,-0.038519006735865724,0.000787633889134276,-0.038274866110865724,-0.032659631735865724,0.000787633889134276,-0.033636194235865724,0.000787633889134276,0.000787633889134276,0.000787633889134276,0.000787633889134276,-0.026311975485865724,-0.022894006735865724,-0.004339319235865724,0.001275915139134276,0.000787633889134276,0.006158727639134276,0.002740758889134276,0.000787633889134276,-0.000433069235865724,0.006891149514134276,0.016412633889134276,0.027398962014134276,0.024713415139134276,0.024713415139134276,0.000787633889134276,0.012262243264134276,0.000787633889134276,0.000543493264134276,-0.007024866110865724,0.003961462014134276,-0.002630334860865724,-0.017034631735865724,0.000787633889134276,-0.026800256735865724,0.000787633889134276,0.000787633889134276,0.000787633889134276,0.000787633889134276,-0.006292444235865724,0.020074743264134276,0.000787633889134276,0.027154821389134276,0.000787633889134276,0.000787633889134276,0.010064977639134276,0.035211462014134276,0.051568883889134276,0.000787633889134276,0.019830602639134276,0.000787633889134276,0.009332555764134276,0.023492712014134276,0.047906774514134276,0.07207669638913428,0.06646146201413428,0.054254430764134276,0.043512243264134276,0.000787633889134276,0.016412633889134276,0.000787633889134276,0.000787633889134276,0.000787633889134276,0.000787633889134276,-0.021429162985865724,-0.028753381735865724,-0.025091272360865724,0.000787633889134276,-0.029241662985865724,0.000787633889134276,-0.020208459860865724,-0.010442834860865724,-0.019964319235865724,-0.035101037985865724,0.000787633889134276,-0.030218225485865724,-0.008977991110865724,0.003229040139134276,-0.007024866110865724,0.000787633889134276,0.005182165139134276,0.026422399514134276,0.042047399514134276,0.043512243264134276,0.000787633889134276,0.030328649514134276,0.022272008889134276,0.000787633889134276,0.000787633889134276,0.000787633889134276,0.000787633889134276,-0.003606897360865724,0.000787633889134276,5.521201413427601e-05,0.015436071389134276,-0.019964319235865724,-0.059759241110865724,0.000787633889134276,0.000354528420384276,-0.061956506735865724,-0.043645959860865724,0.000787633889134276,-0.06586275673586572,0.000787633889134276,-0.06879244423586572,-0.057317834860865724,-0.017522912985865724,-0.005315881735865724,-0.019476037985865724,0.000787633889134276,-0.036810022360865724,-0.033636194235865724,0.000787633889134276,0.031061071389134276,0.000787633889134276,0.000787633889134276,0.000787633889134276,0.000787633889134276,0.039361852639134276,0.06524075888913428,0.053522008889134276,0.027887243264134276,0.000787633889134276,0.000787633889134276,0.002740758889134276,0.004205602639134276,-0.028997522360865724,-0.051214319235865724,0.000787633889134276,-0.044134241110865724,-0.023382287985865724,-0.052679162985865724,0.000354528420384276,0.000787633889134276,-0.031927209860865724,-0.019964319235865724,0.000787633889134276,-0.032659631735865724,-0.054632287985865724,0.005914587014134276,0.000787633889134276,0.000787633889134276,0.000787633889134276,0.000787633889134276,0.000787633889134276,0.000787633889134276,0.056207555764134276,0.000354528420384276,0.06450833701413428,0.051324743264134276,0.000787633889134276,0.054254430764134276,0.06743802451413428,0.000354528420384276,0.036676305764134276,0.000787633889134276,0.010797399514134276,0.000787633889134276,0.007867712014134276,-0.007757287985865724,-0.039007287985865724,-0.046575647360865724,-0.058050256735865724,-0.06683931923586572,-0.07025728798586572,0.000787633889134276,0.000787633889134276,-0.047552209860865724,0.000787633889134276,0.000787633889134276,0.000787633889134276,0.010797399514134276,0.009576696389134276,-0.018499475485865724,0.000787633889134276,-0.032415491110865724,0.000787633889134276,0.057184118264134276,0.056207555764134276,0.045465368264134276,0.000787633889134276,0.043268102639134276,0.057672399514134276,0.000354528420384276,0.057428258889134276,0.028131383889134276,0.000787633889134276,0.023248571389134276,0.000787633889134276,0.028375524514134276,0.010797399514134276,-0.045354944235865724,-0.049017053610865724,0.000787633889134276,0.000787633889134276,0.000787633889134276,0.000787633889134276,0.000787633889134276,0.000787633889134276,-0.041204553610865724,-0.041936975485865724,-0.052923303610865724,-0.021673303610865724,0.000787633889134276,0.016656774514134276,0.004449743264134276,-0.015081506735865724,-0.015081506735865724,0.000787633889134276,0.054498571389134276,0.000787633889134276,0.06914700888913428,0.060602087014134276,0.059869665139134276,0.000354528420384276,0.000354528420384276,0.000787633889134276,0.07085599326413428,0.038385290139134276,0.000787633889134276,0.051080602639134276,0.000787633889134276,0.000787633889134276,0.000787633889134276,-0.057317834860865724,0.000787633889134276,-0.020208459860865724,-0.000921350485865724,0.000354528420384276,0.000787633889134276,0.000354528420384276,0.000787633889134276,-0.024358850485865724,-0.036565881735865724,-0.049749475485865724,-0.037786584860865724,-0.014593225485865724,0.003473180764134276,0.000787633889134276,0.008600133889134276,0.000787633889134276,0.000787633889134276,0.037408727639134276,0.059137243264134276,0.06792630576413428,0.059381383889134276,0.000787633889134276,0.000787633889134276,0.000787633889134276,0.000787633889134276,0.000787633889134276,0.000787633889134276,0.037408727639134276,0.000787633889134276,0.014215368264134276,-0.036321741110865724,-0.041692834860865724,-0.043890100485865724,-0.049749475485865724,-0.06293306923586572,0.000787633889134276,0.000354528420384276,0.000787633889134276,-0.046331506735865724,-0.027288537985865724,-0.038519006735865724,-0.052923303610865724,0.000787633889134276,-0.06268892861086572,-0.042425256735865724,0.022027868264134276,0.008844274514134276,0.000787633889134276,0.000543493264134276,0.000787633889134276,0.000787633889134276,0.000787633889134276,0.054010290139134276,0.000787633889134276,0.054010290139134276,0.000354528420384276,0.07036771201413428,0.000787633889134276,0.000787633889134276,0.037652868264134276,0.030572790139134276,0.013971227639134276,-0.006536584860865724,0.000787633889134276,-0.033636194235865724,-0.040960412985865724,0.000787633889134276,-0.043157678610865724,0.000787633889134276,0.000354528420384276,0.000354528420384276,0.000354528420384276,-0.039983850485865724,0.000787633889134276,-0.022405725485865724,-0.039739709860865724,0.000787633889134276,0.000787633889134276,0.000787633889134276,0.000787633889134276,0.000787633889134276,0.000787633889134276,0.000787633889134276,0.048150915139134276,0.07085599326413428,0.000354528420384276,0.000787633889134276,0.000354528420384276,0.06524075888913428,0.053277868264134276,0.000787633889134276,0.000354528420384276,0.046930212014134276,0.000787633889134276,0.011773962014134276,0.000787633889134276,0.007867712014134276,-0.000677209860865724,-0.026067834860865724,-0.045354944235865724,0.000787633889134276,0.000787633889134276,0.000354528420384276,0.000787633889134276,0.000787633889134276,0.000787633889134276,-0.052190881735865724,0.000354528420384276,-0.036077600485865724,0.016900915139134276,0.000787633889134276,0.000787633889134276,-0.030462366110865724,-0.013616662985865724,0.019586462014134276,0.000787633889134276,0.044488805764134276,0.048395055764134276,0.054254430764134276,0.058893102639134276,0.06353177451413428,0.000787633889134276,0.07110013388913428,0.000787633889134276,0.07183255576413428,0.025201696389134276,0.018609899514134276,0.031061071389134276,0.000787633889134276,0.000787633889134276,0.000787633889134276,0.000787633889134276,0.000787633889134276,0.000787633889134276,-0.034612756735865724,-0.06268892861086572,0.000354528420384276,0.000787633889134276,0.000354528420384276,-0.07098970986086572,-0.030462366110865724,-0.042425256735865724,-0.06268892861086572,0.000787633889134276,-0.028753381735865724,0.000787633889134276,0.009332555764134276,0.023980993264134276,-0.017034631735865724,-0.017767053610865724,0.021539587014134276,0.06670560263913428,0.000787633889134276,0.000354528420384276,0.000787633889134276,0.054254430764134276,0.000787633889134276,0.000787633889134276,0.000787633889134276,0.024713415139134276,0.037897008889134276,0.000787633889134276,0.039361852639134276,-0.030462366110865724,0.000787633889134276,-0.047308069235865724,0.000787633889134276,-0.034856897360865724,-0.039495569235865724,-0.055852991110865724,-0.06268892861086572,-0.055120569235865724,-0.047063928610865724,0.000787633889134276,-0.044866662985865724,0.000787633889134276,-0.056829553610865724,-0.014104944235865724,0.023004430764134276,0.027398962014134276,0.000787633889134276,0.006647008889134276,0.000787633889134276,0.000787633889134276,0.000787633889134276,0.000787633889134276,0.000787633889134276,0.07061185263913428,0.060113805764134276,0.000787633889134276,0.060602087014134276,0.000354528420384276,0.000354528420384276,0.043756383889134276,0.020807165139134276,0.019830602639134276,0.000787633889134276,0.000787633889134276,0.021783727639134276,-0.050726037985865724,-0.06659517861086572,-0.060491662985865724,-0.050481897360865724,0.000787633889134276,-0.048528772360865724,-0.06635103798586572,0.000354528420384276,0.000787633889134276,-0.052435022360865724,0.000787633889134276,0.000787633889134276,0.000787633889134276,-0.042913537985865724,0.000787633889134276,-0.033147912985865724,0.041803258889134276,0.040094274514134276,0.000787633889134276,0.000787633889134276,-0.001409631735865724,0.07061185263913428,0.000354528420384276,0.000354528420384276,0.06255521201413428,0.046197790139134276,0.000787633889134276,0.047906774514134276,0.048395055764134276,0.000787633889134276,0.022760290139134276,-0.008977991110865724,-0.027044397360865724,-0.019720178610865724,0.000787633889134276,-0.016058069235865724,0.000787633889134276,0.000787633889134276,0.000787633889134276,0.000787633889134276,0.000787633889134276,0.000787633889134276,-0.038519006735865724,-0.059759241110865724,-0.057317834860865724,-0.030706506735865724,-0.000921350485865724,0.000787633889134276,0.012506383889134276,-0.000433069235865724,0.000787633889134276,0.003961462014134276,0.029840368264134276,0.048150915139134276,0.000787633889134276,0.049859899514134276,0.039850133889134276,0.046441930764134276,0.000354528420384276,0.000354528420384276,0.000787633889134276,0.034967321389134276,0.000787633889134276,0.019098180764134276,0.000787633889134276,0.000787633889134276,0.000787633889134276,-0.043401819235865724,-0.044134241110865724,-0.022161584860865724,0.000787633889134276,0.000787633889134276,0.000354528420384276,0.000354528420384276,0.000354528420384276,-0.044866662985865724,0.000787633889134276,-0.025335412985865724,0.000354528420384276,0.000354528420384276,-0.045843225485865724,0.000787633889134276,0.017145055764134276,0.000787633889134276,0.005426305764134276,-0.011907678610865724,0.009576696389134276,0.032770055764134276,0.051813024514134276,0.000787633889134276,0.000787633889134276,0.000787633889134276,0.000787633889134276,0.000787633889134276,0.000787633889134276,0.000354528420384276,0.000354528420384276,0.022760290139134276,0.036432165139134276,0.058160680764134276,0.041070837014134276,0.000787633889134276,0.002496618264134276,-0.032659631735865724,0.000787633889134276,-0.032171350485865724,-0.060247522360865724,0.000354528420384276,0.000787633889134276,0.000354528420384276,0.000354528420384276,-0.055120569235865724,-0.042669397360865724,-0.041936975485865724,0.000787633889134276,0.000787633889134276,-0.043890100485865724,0.000787633889134276,0.000787633889134276,0.000787633889134276,0.017633337014134276,0.002496618264134276,0.011773962014134276,0.044977087014134276,0.000787633889134276,0.000787633889134276,0.06572904013913428,0.059381383889134276,0.062066930764134276,0.06963529013913428,0.000354528420384276,0.000787633889134276,0.06353177451413428,0.049371618264134276,0.026178258889134276,0.000787633889134276,0.009332555764134276,-0.014104944235865724,-0.043157678610865724,0.000787633889134276,-0.06586275673586572,-0.06976900673586572,0.000787633889134276,0.000787633889134276,0.000787633889134276,0.000787633889134276,0.000787633889134276,-0.053411584860865724,0.000787633889134276,-0.040960412985865724,-0.015813928610865724,-0.018499475485865724,-0.028265100485865724,-0.010198694235865724,0.000787633889134276,0.028619665139134276,0.032281774514134276,0.000787633889134276,0.005670446389134276,0.024225133889134276,0.057184118264134276,0.000787633889134276,0.000354528420384276,0.000354528420384276,0.057672399514134276,0.060113805764134276,0.060357946389134276,0.000787633889134276,0.000787633889134276,0.032037633889134276,0.000787633889134276,0.000787633889134276,0.000787633889134276,-0.001897912985865724,-0.043645959860865724,-0.06610689736086572,-0.06342135048586572,0.000787633889134276,0.000787633889134276,-0.054388147360865724,-0.06610689736086572,0.000354528420384276,-0.060491662985865724,0.000787633889134276,-0.035101037985865724,-0.024114709860865724,-0.017767053610865724,-0.007513147360865724,0.000787633889134276,0.001520055764134276,0.000787633889134276,0.012262243264134276,0.018854040139134276,0.047174352639134276,0.054254430764134276,0.000787633889134276,0.000787633889134276,0.000787633889134276,0.000787633889134276,0.000787633889134276,0.060357946389134276,0.000787633889134276,0.054498571389134276,0.049127477639134276,0.040094274514134276,0.015924352639134276,0.000787633889134276,-0.015813928610865724,-0.031927209860865724,0.000787633889134276,-0.040960412985865724,-0.06757174111086572,0.000354528420384276,0.000787633889134276,0.000354528420384276,0.000354528420384276,-0.047308069235865724,-0.06317720986086572,0.000354528420384276,0.000787633889134276,-0.030218225485865724,0.000787633889134276,0.000787633889134276,0.000787633889134276,0.000787633889134276,0.010064977639134276,0.000787633889134276,0.036432165139134276,0.039850133889134276,0.026666540139134276,0.000787633889134276,0.043023962014134276,0.000787633889134276,0.000354528420384276,0.07158841513913428,0.027643102639134276,0.014459508889134276,0.047906774514134276,0.000787633889134276,0.000354528420384276,0.07110013388913428,0.000787633889134276,-0.052190881735865724,-0.018011194235865724,0.009576696389134276,-0.001409631735865724,0.000787633889134276,-0.057073694235865724,0.000354528420384276,0.000787633889134276,0.000787633889134276,0.000787633889134276,0.000787633889134276,0.000787633889134276,0.000354528420384276,-0.013372522360865724,0.039850133889134276,0.035943883889134276,0.000787633889134276,-0.015081506735865724,-0.052923303610865724,0.040582555764134276,0.000354528420384276,0.000787633889134276,0.018121618264134276,-0.001165491110865724,0.000787633889134276,0.038385290139134276,0.000354528420384276,0.000354528420384276,0.062066930764134276,0.044000524514134276,0.06963529013913428,0.000787633889134276,0.000787633889134276,0.000354528420384276,0.000787633889134276,0.000787633889134276,0.000787633889134276,0.012750524514134276,0.000787633889134276,-0.028509241110865724,0.000354528420384276,0.000354528420384276,0.000787633889134276,0.000787633889134276,-0.037542444235865724,-0.06488619423586572,0.000354528420384276,0.000787633889134276,0.000354528420384276,-0.052435022360865724,-0.000921350485865724,-0.022161584860865724,-0.046331506735865724,0.000787633889134276,-0.013616662985865724,0.000787633889134276,0.029107946389134276,0.006891149514134276,-0.016546350485865724,-0.019720178610865724,0.000787633889134276,0.000787633889134276,0.000787633889134276,0.054498571389134276,0.000787633889134276,0.000787633889134276,0.010309118264134276,0.015436071389134276,0.036188024514134276,0.037408727639134276,0.000787633889134276,0.016412633889134276,-0.024847131735865724,-0.031194787985865724,-0.035345178610865724,0.000787633889134276,-0.042181116110865724,0.000787633889134276,-0.038274866110865724,-0.031927209860865724,-0.054876428610865724,-0.06879244423586572,-0.06268892861086572,-0.037542444235865724,-0.011419397360865724,0.000787633889134276,0.000787633889134276,0.000787633889134276,0.000787633889134276,0.000787633889134276,0.000787633889134276,0.005426305764134276,0.017389196389134276,0.022027868264134276,0.025445837014134276,0.029352087014134276,0.000787633889134276,0.000787633889134276,0.030572790139134276,0.029596227639134276,0.027398962014134276,0.023004430764134276,0.028863805764134276,0.000787633889134276,0.036188024514134276,0.011773962014134276,0.006158727639134276,0.000787633889134276,0.017633337014134276,0.018121618264134276,0.013238805764134276,0.000787633889134276,-0.000433069235865724,0.000787633889134276,0.000787633889134276,0.000787633889134276,0.000787633889134276,0.000787633889134276,-0.004583459860865724,0.000787633889134276,-0.001165491110865724,0.005914587014134276,-0.001653772360865724,-0.002142053610865724,0.004449743264134276,0.000787633889134276,0.011529821389134276,0.010797399514134276,0.000787633889134276,-0.005804162985865724,5.521201413427601e-05,0.005670446389134276,0.007135290139134276,0.000787633889134276,0.004938024514134276,-0.008977991110865724,-0.021673303610865724,-0.008245569235865724,0.000787633889134276,0.000787633889134276,0.000787633889134276,0.000787633889134276,0.000787633889134276,-0.006780725485865724,0.000787633889134276,-0.007269006735865724,-0.018255334860865724,-0.020940881735865724,-0.008733850485865724,0.000787633889134276,-0.004827600485865724,-0.012640100485865724,0.000787633889134276,-0.013372522360865724,0.001520055764134276,-0.000677209860865724,0.000787633889134276,0.000787633889134276,-0.001165491110865724,0.000787633889134276,0.000787633889134276,0.002252477639134276,0.010309118264134276,0.005182165139134276,-0.003851037985865724,0.000787633889134276,0.000787633889134276,0.000787633889134276,0.011041540139134276,0.000787633889134276,0.000787633889134276,0.005670446389134276,0.002496618264134276,0.002252477639134276,0.000787633889134276,0.006891149514134276,0.010309118264134276,5.521201413427601e-05,0.002984899514134276,0.012018102639134276,0.000787633889134276,0.016168493264134276,0.000787633889134276,0.009332555764134276,0.007379430764134276,0.008111852639134276,0.011285680764134276,0.012750524514134276,0.013238805764134276,0.000787633889134276,0.012506383889134276,0.000787633889134276,0.000787633889134276,0.000787633889134276,0.000787633889134276,-0.000677209860865724,0.000787633889134276,-0.003851037985865724,0.010797399514134276,0.035699743264134276,0.049615758889134276,0.000787633889134276,-0.031194787985865724,0.000787633889134276,0.000354528420384276,0.000354528420384276,0.034234899514134276,0.032770055764134276,-0.023870569235865724,0.000354528420384276,0.000354528420384276,0.000787633889134276,0.000787633889134276,0.008844274514134276,-0.001409631735865724,-0.029485803610865724,-0.042669397360865724,-0.019476037985865724,0.000787633889134276,0.000787633889134276,0.000787633889134276,-0.010686975485865724,0.000787633889134276,0.000787633889134276,0.051080602639134276,0.000787633889134276,0.054742712014134276,0.017877477639134276,-0.007513147360865724,0.035943883889134276,0.000354528420384276,0.061578649514134276,0.009576696389134276,0.000787633889134276,0.000787633889134276,-0.031927209860865724,0.06890286826413428,0.060602087014134276,-0.000433069235865724,-0.052923303610865724,-0.046819787985865724,0.000787633889134276,0.013482946389134276,0.06768216513913428,0.000787633889134276,-0.060003381735865724,0.000787633889134276,0.000787633889134276,0.000787633889134276,0.051568883889134276,0.000787633889134276,-0.020452600485865724,-0.051702600485865724,0.005914587014134276,0.000787633889134276,0.041559118264134276,0.000787633889134276,-0.003362756735865724,-0.031927209860865724,0.002984899514134276,0.022516149514134276,0.010064977639134276,-0.013860803610865724,-0.027532678610865724,0.000787633889134276,0.000787633889134276,0.012994665139134276,0.002984899514134276,-0.035833459860865724,-0.045599084860865724,-0.019476037985865724,0.000787633889134276,0.000787633889134276,0.000787633889134276,0.000787633889134276,0.000787633889134276,-0.015081506735865724,0.015680212014134276,0.012506383889134276,0.000787633889134276,-0.028265100485865724,-0.055364709860865724,-0.022405725485865724,-0.000677209860865724,-0.000433069235865724,0.000787633889134276,-0.061956506735865724,0.000787633889134276,-0.06903658486086572,-0.000921350485865724,0.016656774514134276,-0.000921350485865724,-0.049017053610865724,0.000354528420384276,0.000787633889134276,-0.043645959860865724,0.000787633889134276,0.025201696389134276,0.000787633889134276,0.000787633889134276,0.000787633889134276,-0.013860803610865724,0.015924352639134276,0.000787633889134276,0.036188024514134276,-0.025335412985865724,0.000787633889134276,-0.024847131735865724,0.023980993264134276,0.044732946389134276,0.000787633889134276,0.015191930764134276,-0.025579553610865724,0.006158727639134276,0.038873571389134276,0.032525915139134276,0.000787633889134276,-0.024358850485865724,-0.020208459860865724,0.000787633889134276,0.008600133889134276,0.061578649514134276,0.053277868264134276,0.013971227639134276,0.000787633889134276,0.000787633889134276,0.000787633889134276,0.000787633889134276,0.000787633889134276,0.050592321389134276,-0.010931116110865724,-0.001897912985865724,0.021539587014134276,0.044244665139134276,0.043756383889134276,0.000787633889134276,0.008111852639134276,-0.018255334860865724,0.000787633889134276,0.022760290139134276,0.028375524514134276,-0.006536584860865724,-0.045110803610865724,0.000787633889134276,-0.040960412985865724,0.033990758889134276,0.033502477639134276,-0.003606897360865724,0.000787633889134276,-0.020452600485865724,0.000787633889134276,0.000787633889134276,0.000787633889134276,0.000787633889134276,-0.003606897360865724,-0.021185022360865724,-0.010198694235865724,0.024469274514134276,0.000787633889134276,0.000787633889134276,0.029107946389134276,-0.024114709860865724,-0.015081506735865724,0.027887243264134276,0.055719274514134276,0.000787633889134276,0.036676305764134276,-0.027044397360865724,-0.019231897360865724,0.000787633889134276,0.036432165139134276,0.029596227639134276,-0.000433069235865724,0.000787633889134276,-0.024847131735865724,-0.015325647360865724,-0.005071741110865724,0.000787633889134276,0.000787633889134276,0.000787633889134276,0.000787633889134276,-0.011907678610865724,0.000787633889134276,-0.015325647360865724,-0.006048303610865724,-0.003118616110865724,0.014215368264134276,0.020074743264134276,0.012018102639134276,0.000787633889134276,-0.000921350485865724,0.000787633889134276,0.021051305764134276,0.030572790139134276,0.012018102639134276,-0.017034631735865724,-0.021673303610865724,0.000787633889134276,-0.004095178610865724,0.029107946389134276,0.027887243264134276,0.000787633889134276,-0.051458459860865724,0.000787633889134276,0.000787633889134276,0.000787633889134276,0.035455602639134276,0.000787633889134276,0.006158727639134276,-0.027532678610865724,0.006402868264134276,0.000787633889134276,0.040826696389134276,0.023492712014134276,0.000787633889134276,0.002252477639134276,-0.019476037985865724,0.004938024514134276,0.030572790139134276,0.029840368264134276,0.006158727639134276,0.000787633889134276,0.003229040139134276,0.000787633889134276,-0.001897912985865724,-0.015081506735865724,0.009576696389134276,0.015436071389134276,0.014215368264134276,0.000787633889134276,0.000787633889134276,0.000787633889134276,0.000787633889134276,0.000787633889134276,0.002496618264134276,0.005914587014134276,0.004449743264134276,-0.011663537985865724,0.000787633889134276,-0.038763147360865724,-0.008001428610865724,0.018121618264134276,-0.000433069235865724,0.000787633889134276,-0.037054162985865724,0.000787633889134276,-0.019231897360865724,-0.018255334860865724,-0.000188928610865724,0.006158727639134276,-0.018499475485865724,-0.040227991110865724,-0.026556116110865724,0.000787633889134276,0.000787633889134276,0.002252477639134276,0.000787633889134276,0.000787633889134276,0.000787633889134276,-0.019964319235865724,-0.018743616110865724,0.000787633889134276,-0.024114709860865724,-0.019231897360865724,0.000787633889134276,-0.005804162985865724,-0.023626428610865724,-0.024602991110865724,0.000787633889134276,-0.009466272360865724,-0.013372522360865724,-0.039739709860865724,-0.026067834860865724,0.008844274514134276,0.000787633889134276,0.000787633889134276,-0.010442834860865724,0.009820837014134276,0.016900915139134276,0.000787633889134276,-0.002386194235865724,0.008111852639134276,0.000787633889134276,0.000787633889134276,0.000787633889134276,0.000787633889134276,0.000787633889134276,0.007623571389134276,0.008111852639134276,0.017877477639134276,0.000787633889134276,0.027398962014134276,-0.005804162985865724,-0.009710412985865724,0.014703649514134276,0.038141149514134276,0.000787633889134276,0.000787633889134276,0.016900915139134276,0.005670446389134276,0.025201696389134276,0.031793493264134276,0.032037633889134276,0.032037633889134276,0.000787633889134276,0.027887243264134276,0.016900915139134276,0.000787633889134276,0.031061071389134276,0.000787633889134276,0.000787633889134276,0.000787633889134276,0.000787633889134276,0.022760290139134276,0.012750524514134276,-0.004095178610865724,-0.009954553610865724,0.000787633889134276,0.000787633889134276,0.017633337014134276,-0.013372522360865724,-0.027776819235865724,-0.017278772360865724,-0.006292444235865724,0.000787633889134276,-0.005560022360865724,-0.016302209860865724,-0.005071741110865724,0.000787633889134276,-0.000433069235865724,-0.004095178610865724,-0.000677209860865724,0.000787633889134276,0.004449743264134276,0.005670446389134276,0.009576696389134276,0.000787633889134276,0.000787633889134276,0.000787633889134276,0.000787633889134276,0.000787633889134276,0.002252477639134276,0.020318883889134276,-0.003606897360865724,-0.026311975485865724,-0.020940881735865724,0.000787633889134276,0.000543493264134276,-0.006780725485865724,-0.027776819235865724,0.000787633889134276,-0.028020959860865724,-0.009222131735865724,0.000787633889134276,-0.005315881735865724,-0.037786584860865724,-0.046331506735865724,-0.039007287985865724,-0.013128381735865724,-0.002874475485865724,0.000787633889134276,0.000787633889134276,-0.016058069235865724,0.000787633889134276,0.000787633889134276,0.000787633889134276,0.016412633889134276,0.000787633889134276,-0.034612756735865724,-0.033392053610865724,-0.006048303610865724,0.000787633889134276,0.023248571389134276,0.000787633889134276,-0.019964319235865724,-0.025335412985865724,-0.004827600485865724,0.032770055764134276,0.049859899514134276,0.022027868264134276,0.000787633889134276,-0.021673303610865724,0.000787633889134276,0.047174352639134276,0.061334508889134276,0.033746618264134276,-0.012884241110865724,-0.027532678610865724,0.000787633889134276,0.003473180764134276,0.000787633889134276,0.000787633889134276,0.000787633889134276,0.000787633889134276,0.000787633889134276,0.022272008889134276,0.028375524514134276,0.003473180764134276,-0.011419397360865724,-0.008001428610865724,0.000787633889134276,0.011041540139134276,0.007135290139134276,-0.017278772360865724,0.000787633889134276,-0.016058069235865724,0.001764196389134276,0.002740758889134276,0.000787633889134276,-0.011419397360865724,-0.035345178610865724,-0.026311975485865724,-0.012884241110865724,-0.004339319235865724,0.000787633889134276,-0.010931116110865724,0.000787633889134276,0.000787633889134276,0.000787633889134276,0.000787633889134276,0.014459508889134276,0.011041540139134276,0.000787633889134276,0.014703649514134276,0.023004430764134276,0.000787633889134276,0.000787633889134276,0.011285680764134276,0.005670446389134276,0.016168493264134276,0.019586462014134276,0.010553258889134276,0.000787633889134276,0.003961462014134276,0.001275915139134276,-0.009222131735865724,0.000787633889134276,-0.004339319235865724,0.001275915139134276,-0.014349084860865724,0.000787633889134276,-0.033147912985865724,-0.029974084860865724,0.000787633889134276,0.000787633889134276,0.000787633889134276,-0.033147912985865724,0.000787633889134276,-0.039983850485865724,-0.024847131735865724,-0.014349084860865724,0.000787633889134276,-0.014349084860865724,-0.001653772360865724,0.004693883889134276,-0.002874475485865724,-0.005804162985865724,0.000787633889134276,0.025934118264134276,0.000787633889134276,0.034234899514134276,0.033990758889134276,0.034967321389134276,0.035455602639134276,0.033990758889134276,0.035211462014134276,0.000787633889134276,0.050836462014134276,0.000787633889134276,0.040582555764134276,0.000787633889134276,0.000787633889134276,0.000787633889134276,0.033502477639134276,0.011041540139134276,0.000787633889134276,-0.024602991110865724,-0.040716272360865724,0.000787633889134276,0.009088415139134276,-0.006048303610865724,-0.038030725485865724,0.000787633889134276,-0.056097131735865724,-0.038763147360865724,-0.017278772360865724,-0.004583459860865724,-0.014593225485865724,0.000787633889134276,0.000787633889134276,-0.024358850485865724,0.006158727639134276,0.010553258889134276,0.007623571389134276,0.007867712014134276,0.023004430764134276,0.000787633889134276,0.000787633889134276,0.000787633889134276,0.000787633889134276,0.000787633889134276,0.023248571389134276,0.031549352639134276,0.000787633889134276,0.024713415139134276,0.003229040139134276,-0.009954553610865724,0.001520055764134276,0.020807165139134276,0.000787633889134276,0.000787633889134276,-0.046331506735865724,-0.040716272360865724,0.000787633889134276,-0.014349084860865724,-0.015813928610865724,-0.042669397360865724,-0.058294397360865724,-0.059026819235865724,-0.051214319235865724,0.000787633889134276,0.000787633889134276,-0.023138147360865724,0.000787633889134276,0.000787633889134276,0.000787633889134276,-0.005804162985865724,0.009820837014134276,0.000787633889134276,0.016900915139134276,0.006647008889134276,0.000787633889134276,0.037164587014134276,0.000787633889134276,0.044977087014134276,0.023248571389134276,0.015924352639134276,0.017633337014134276,0.023248571389134276,0.000787633889134276,0.016168493264134276,-0.004827600485865724,0.000787633889134276,0.022027868264134276,0.000787633889134276,0.002740758889134276,-0.031927209860865724,-0.020940881735865724,0.000787633889134276,0.000787633889134276,0.000787633889134276,-0.046819787985865724,0.000787633889134276,0.000787633889134276,-0.041448694235865724,-0.014349084860865724,-0.003606897360865724,0.000543493264134276,-0.003118616110865724,-0.002874475485865724,0.000787633889134276,0.018121618264134276,0.022027868264134276,0.000787633889134276,0.046441930764134276,0.054010290139134276,0.041314977639134276,0.000787633889134276,0.029840368264134276,0.033502477639134276,0.032525915139134276,0.032770055764134276,0.032037633889134276,0.000787633889134276,0.033014196389134276,0.000787633889134276,0.000787633889134276,0.000787633889134276,0.000787633889134276,-0.023382287985865724,-0.015813928610865724,-0.013616662985865724,-0.017522912985865724,0.000787633889134276,0.000787633889134276,-0.051458459860865724,-0.029241662985865724,-0.009710412985865724,-0.009710412985865724,-0.013616662985865724,-0.008733850485865724,0.000787633889134276,0.005182165139134276,0.012262243264134276,0.000787633889134276,0.001031774514134276,0.017145055764134276,0.031305212014134276,0.030084508889134276,0.022760290139134276,0.000787633889134276,-0.001409631735865724,0.000787633889134276,0.000787633889134276,0.000787633889134276,0.000787633889134276,0.000787633889134276,0.003473180764134276,-0.031194787985865724,-0.032415491110865724,-0.023138147360865724,-0.017278772360865724,0.000787633889134276,-0.025823694235865724,-0.046087366110865724,-0.031927209860865724,0.000787633889134276,-0.012884241110865724,-0.018011194235865724,-0.015081506735865724,0.000787633889134276,0.006647008889134276,0.019098180764134276,0.020318883889134276,0.022272008889134276,0.020563024514134276,0.000787633889134276,0.025445837014134276,0.000787633889134276,0.000787633889134276,0.000787633889134276,0.000787633889134276,0.010553258889134276,0.035211462014134276,0.034723180764134276,0.000787633889134276,-0.000921350485865724,0.000787633889134276,0.009088415139134276,0.011773962014134276,-0.013128381735865724,-0.043157678610865724,0.000787633889134276,-0.051946741110865724,-0.024358850485865724,-0.004339319235865724,-0.012640100485865724,0.000787633889134276,-0.008001428610865724,-0.007024866110865724,0.000787633889134276,-0.001897912985865724,0.017877477639134276,0.020563024514134276,0.021051305764134276,0.000787633889134276,0.000787633889134276,0.000787633889134276,0.000787633889134276,0.000787633889134276,-0.006292444235865724,0.016412633889134276,0.028863805764134276,0.000787633889134276,0.015436071389134276,-0.014104944235865724,-0.004583459860865724,0.002252477639134276,-0.012151819235865724,0.000787633889134276,-0.034124475485865724,0.000787633889134276,-0.036077600485865724,-0.032415491110865724,-0.026556116110865724,-0.030218225485865724,-0.032659631735865724,-0.017767053610865724,0.000787633889134276,0.015924352639134276,0.000787633889134276,0.009820837014134276,0.000787633889134276,0.000787633889134276,0.000787633889134276,0.032281774514134276,0.000787633889134276,0.005182165139134276,0.011773962014134276,0.028131383889134276,0.000787633889134276,0.006891149514134276,-0.010931116110865724,0.000787633889134276,-0.005560022360865724,0.011529821389134276,5.521201413427601e-05,-0.019231897360865724,-0.035345178610865724,-0.031194787985865724,0.000787633889134276,0.000787633889134276,-0.000188928610865724,-0.022161584860865724,-0.023138147360865724,0.001520055764134276,0.023492712014134276,0.022516149514134276,0.000787633889134276,0.000787633889134276,0.000787633889134276,0.000787633889134276,0.000787633889134276,0.009332555764134276,0.000787633889134276,0.004449743264134276,0.007379430764134276,0.005426305764134276,-0.000677209860865724,-0.011175256735865724,-0.026067834860865724,-0.026556116110865724,0.000787633889134276,0.000787633889134276,-0.034124475485865724,-0.047796350485865724,-0.036565881735865724,-0.009466272360865724,0.002496618264134276,0.000787633889134276,-0.033636194235865724,-0.018499475485865724,0.012262243264134276,0.000787633889134276,0.021783727639134276,0.000787633889134276,0.000787633889134276,0.000787633889134276,0.000787633889134276,0.026910680764134276,0.022027868264134276,0.016168493264134276,0.004205602639134276,0.000787633889134276,0.000787633889134276,0.010797399514134276,-0.002630334860865724,-0.014837366110865724,-0.026800256735865724,-0.028753381735865724,-0.021673303610865724,0.000787633889134276,-0.018987756735865724,-0.026311975485865724,0.000787633889134276,-0.018987756735865724,-0.003851037985865724,0.010553258889134276,0.009332555764134276,-0.004827600485865724,0.000787633889134276,0.011529821389134276,0.000787633889134276,0.000787633889134276,0.000787633889134276,0.000787633889134276,0.000787633889134276,0.012262243264134276,0.009576696389134276,0.016168493264134276,0.017633337014134276,0.005426305764134276,0.000787633889134276,-0.007513147360865724,-0.005071741110865724,-0.002386194235865724,0.000787633889134276,-0.042669397360865724,-0.033880334860865724,-0.009222131735865724,0.000787633889134276,-0.003851037985865724,-0.009954553610865724,-0.000921350485865724,0.023492712014134276,0.031793493264134276,0.000787633889134276,0.017633337014134276,0.000787633889134276,0.000787633889134276,0.000787633889134276,0.000787633889134276,0.002496618264134276,0.013238805764134276,0.019098180764134276,0.000787633889134276,0.006402868264134276,0.000787633889134276,-0.008245569235865724,0.004938024514134276,-0.012151819235865724,-0.040227991110865724,0.000787633889134276,-0.044866662985865724,-0.018743616110865724,-0.004827600485865724,-0.008733850485865724,0.000787633889134276,-0.006292444235865724,0.004449743264134276,0.000787633889134276,0.011041540139134276,0.032525915139134276,0.028131383889134276,0.013238805764134276,0.000787633889134276,0.000787633889134276,0.000787633889134276,0.000787633889134276,0.000787633889134276,-0.015081506735865724,-0.014837366110865724,-0.004583459860865724,-0.000433069235865724,0.000787633889134276,-0.022649866110865724,-0.031683069235865724,-0.033147912985865724,-0.032415491110865724,0.000787633889134276,-0.010686975485865724,0.004693883889134276,0.000787633889134276,0.003961462014134276,0.003717321389134276,0.014215368264134276,0.033014196389134276,0.041559118264134276,0.035699743264134276,0.000787633889134276,0.000787633889134276,0.021295446389134276,0.000787633889134276,0.000787633889134276,0.000787633889134276,-0.012395959860865724,-0.006780725485865724,0.000787633889134276,-0.007757287985865724,-0.022649866110865724,0.000787633889134276,-0.042913537985865724,-0.046819787985865724,-0.026556116110865724,0.005426305764134276,0.000787633889134276,0.009820837014134276,-0.005315881735865724,0.000299352639134276,0.025445837014134276,0.000787633889134276,0.037897008889134276,0.000787633889134276,0.038385290139134276,0.021295446389134276,0.003473180764134276,0.000299352639134276,0.011773962014134276,0.000787633889134276,0.000787633889134276,0.000787633889134276,0.000787633889134276,0.000787633889134276,-0.023870569235865724,-0.019476037985865724,-0.016302209860865724,0.000787633889134276,-0.020208459860865724,-0.012640100485865724,-0.002874475485865724,0.012506383889134276,0.021051305764134276,0.000787633889134276,0.001275915139134276,0.000787633889134276,0.009820837014134276,0.041314977639134276,0.019586462014134276,-0.008489709860865724,-0.012884241110865724,-0.001165491110865724,0.013238805764134276,0.000787633889134276,0.000787633889134276,0.000354528420384276,0.000787633889134276,0.000787633889134276,0.000787633889134276,0.000299352639134276,0.005426305764134276,0.000787633889134276,-0.030706506735865724,-0.020696741110865724,0.000787633889134276,0.035699743264134276,0.026422399514134276,0.012018102639134276,0.000787633889134276,0.022272008889134276,0.038873571389134276,0.010553258889134276,-0.015813928610865724,-0.017522912985865724,0.000787633889134276,0.004205602639134276,0.000787633889134276,-0.043157678610865724,-0.039739709860865724,-0.021917444235865724,-0.018011194235865724,-0.040716272360865724,0.000787633889134276,0.000787633889134276,0.000787633889134276,0.000787633889134276,0.000787633889134276,-0.018499475485865724,-0.016302209860865724,0.000787633889134276,-0.016790491110865724,-0.010931116110865724,0.005182165139134276,0.018121618264134276,0.018365758889134276,0.010553258889134276,0.000787633889134276,0.000787633889134276,0.016900915139134276,-0.006780725485865724,-0.004095178610865724,0.014947790139134276,0.034479040139134276,0.029840368264134276,0.000787633889134276,0.003717321389134276,-0.001409631735865724,0.000787633889134276,0.025201696389134276,0.000787633889134276,0.000787633889134276,0.000787633889134276,0.000787633889134276,0.008600133889134276,0.030816930764134276,0.026178258889134276,0.021539587014134276,0.000787633889134276,0.021783727639134276,0.000787633889134276,0.025201696389134276,0.034234899514134276,0.027887243264134276,0.017145055764134276,0.012262243264134276,0.018609899514134276,0.000787633889134276,0.027154821389134276,0.000787633889134276,-0.015081506735865724,-0.007757287985865724,0.010309118264134276,0.025934118264134276,0.019342321389134276,0.000787633889134276,-0.004095178610865724,0.000787633889134276,0.000787633889134276,0.000787633889134276,0.000787633889134276,0.009820837014134276,0.000787633889134276,0.013727087014134276,0.021539587014134276,0.019098180764134276,0.011773962014134276,0.010797399514134276,0.007623571389134276,0.000787633889134276,0.005670446389134276,0.000787633889134276,0.002008337014134276,-0.009466272360865724,-0.016790491110865724,-0.014837366110865724,-0.006536584860865724,0.000787633889134276,-0.001653772360865724,-0.014593225485865724,-0.021673303610865724,0.000787633889134276,-0.006780725485865724,0.000787633889134276
UR5e_W,0.018596661918631636,0.033489240043631636,0.0007743962936316373,0.038127911918631636,0.031536115043631636,0.020793927543631636,0.0007743962936316373,0.0007743962936316373,0.027385724418631636,0.0007743962936316373,0.0007743962936316373,0.0007743962936316373,0.0034599431686316373,0.0007743962936316373,0.015422833793631636,0.0007743962936316373,0.0007743962936316373,0.0007743962936316373,0.0007743962936316373,-0.004352556831368363,-0.010700213081368364,0.0007743962936316373,-0.021198259956368364,-0.030475603706368364,-0.029987322456368364,-0.011920916206368364,-0.014118181831368364,-0.021442400581368364,0.0007743962936316373,0.0007743962936316373,0.0007743962936316373,-0.016071306831368364,0.0007743962936316373,0.0007743962936316373,0.0007743962936316373,0.0007743962936316373,0.0007743962936316373,-0.008991228706368364,0.0007743962936316373,0.0007743962936316373,0.0007743962936316373,0.0007743962936316373,0.0007743962936316373,0.0007743962936316373,0.0007743962936316373,0.0007743962936316373,-0.006305681831368363,0.0007743962936316373,0.0007743962936316373,0.0007743962936316373,0.0007743962936316373,0.0029716619186316373,0.007854474418631636,0.013713849418631636,0.0007743962936316373,0.014202130668631636,0.010051740043631636,-0.0019111505813683627,0.0037040837936316373,0.012004865043631636,0.0007743962936316373,0.0007743962936316373,0.0007743962936316373,0.0007743962936316373,0.0007743962936316373,0.0007743962936316373,0.0007743962936316373,0.0007743962936316373,0.0007743962936316373,0.0007743962936316373,0.0007743962936316373,0.0007743962936316373,0.0007743962936316373,0.0007743962936316373,0.0007743962936316373,0.0007743962936316373,0.019573224418631636,0.00028611504363163735,0.0007743962936316373,-0.0016670099563683627,0.0034599431686316373,0.0007743962936316373,0.0032158025436316373,0.0007743962936316373,-0.007526384956368363,-0.0009345880813683627,0.005657208793631637,0.0007743962936316373,0.006389630668631637,0.00028611504363163735,-0.004108416206368363,0.0007743962936316373,0.0007743962936316373,0.0034599431686316373,0.0007743962936316373,0.0007743962936316373,0.0007743962936316373,0.0012626775436316373,-0.004352556831368363,-0.006549822456368363,0.0007743962936316373,-0.005817400581368363,0.0007743962936316373,-0.00020216620636836265,-0.004840838081368363,-0.004840838081368363,-0.0023994318313683627,0.0007743962936316373,-0.0036201349563683627,-0.0026435724563683627,-0.004840838081368363,-0.010211931831368364,0.0007743962936316373,-0.00044630683136836265,4.1974418631637346e-05,-0.004108416206368363,0.0007743962936316373,-0.004840838081368363,-0.0033759943313683627,-0.0038642755813683627,0.0007743962936316373,0.0007743962936316373,0.0007743962936316373,0.0007743962936316373,0.0007743962936316373,-0.008014666206368364,-0.007526384956368363,-0.0021552912063683627,0.0007743962936316373,0.0029716619186316373,0.006389630668631637,0.005901349418631637,-0.006549822456368363,-0.011432634956368364,0.0007743962936316373,0.006145490043631637,0.0007743962936316373,0.010540021293631636,0.008586896293631636,0.00028611504363163735,0.009075177543631636,0.0007743962936316373,0.023723615043631636,0.024700177543631636,0.009563458793631636,0.0007743962936316373,0.0007743962936316373,0.008098615043631636,0.0007743962936316373,0.0007743962936316373,0.0007743962936316373,-0.0021552912063683627,-0.0006904474563683627,0.025676740043631636,0.019084943168631636,0.0007743962936316373,0.0007743962936316373,0.0010185369186316373,0.0037040837936316373,0.021038068168631636,0.010784161918631636,-0.011188494331368364,0.0007743962936316373,-0.018512713081368364,-0.007282244331368363,0.006877911918631637,0.0007743962936316373,-0.016315447456368364,-0.027545916206368364,-0.012165056831368364,0.0007743962936316373,0.007366193168631637,0.0007743962936316373,0.0007743962936316373,0.0007743962936316373,0.0007743962936316373,0.0007743962936316373,0.0007743962936316373,-0.049030291206368364,0.0007743962936316373,-0.07027052558136836,-0.061969744331368364,-0.011188494331368364,-0.011920916206368364,-0.034137713081368364,-0.049274431831368364,0.0007743962936316373,-0.036823259956368364,0.0007743962936316373,0.013225568168631636,0.0022392400436316373,-0.004108416206368363,4.1974418631637346e-05,0.0007743962936316373,0.014690411918631636,0.032024396293631636,0.040081036918631636,0.028118146293631636,0.0007743962936316373,0.028606427543631636,0.0007743962936316373,0.0007743962936316373,0.0007743962936316373,0.0007743962936316373,0.035198224418631636,0.030559552543631636,0.032268536918631636,0.038860333793631636,0.0007743962936316373,0.0007743962936316373,0.043499005668631636,0.025432599418631636,0.031536115043631636,0.038616193168631636,0.029827130668631636,0.0007743962936316373,0.013225568168631636,0.006877911918631637,0.010295880668631636,0.0007743962936316373,0.006145490043631637,-0.007282244331368363,0.0007743962936316373,-0.008747088081368364,-0.0011787287063683627,-0.005817400581368363,0.0007743962936316373,0.0007743962936316373,0.0007743962936316373,0.0007743962936316373,0.0007743962936316373,0.0007743962936316373,-0.027545916206368364,-0.036334978706368364,-0.025348650581368364,-0.018756853706368364,-0.025104509956368364,0.0007743962936316373,-0.037067400581368364,-0.037799822456368364,-0.022174822456368364,0.0007743962936316373,0.0005302556686316373,-0.018268572456368364,0.0007743962936316373,-0.027790056831368364,-0.017780291206368364,0.012981427543631636,0.011028302543631636,-0.0023994318313683627,-0.009479509956368364,0.0007743962936316373,0.0007743962936316373,0.015422833793631636,0.0007743962936316373,0.0007743962936316373,0.0007743962936316373,0.004192365043631637,0.023235333793631636,0.032024396293631636,0.026653302543631636,0.0007743962936316373,0.0007743962936316373,0.0007743962936316373,0.0032158025436316373,0.0007743962936316373,0.007854474418631636,0.010051740043631636,-0.004108416206368363,-0.0038642755813683627,0.0032158025436316373,0.0027275212936316373,0.0007743962936316373,0.0007743962936316373,-0.009967791206368364,-0.016315447456368364,-0.012653338081368364,-0.0014228693313683627,-0.004596697456368363,0.0007743962936316373,0.0007743962936316373,0.0007743962936316373,0.0007743962936316373,0.0007743962936316373,0.0007743962936316373,-0.010700213081368364,-0.029499041206368364,-0.021198259956368364,-0.0021552912063683627,0.009563458793631636,0.0007743962936316373,0.0029716619186316373,-0.010700213081368364,-0.013141619331368364,0.0007743962936316373,0.014934552543631636,0.010295880668631636,0.0010185369186316373,0.0007743962936316373,0.0007743962936316373,0.009075177543631636,0.025676740043631636,0.018596661918631636,0.006877911918631637,0.0007743962936316373,0.016643536918631636,0.0007743962936316373,0.0007743962936316373,0.0007743962936316373,0.0007743962936316373,0.0007743962936316373,0.009807599418631636,0.026165021293631636,0.015911115043631636,0.0027275212936316373,0.0007743962936316373,-0.007770525581368363,0.0007743962936316373,0.006145490043631637,0.012981427543631636,-0.006305681831368363,-0.014850603706368364,-0.019000994331368364,0.0007743962936316373,-0.020465838081368364,-0.019000994331368364,0.0007743962936316373,-0.015094744331368364,-0.013141619331368364,-0.011920916206368364,-0.017536150581368364,0.0007743962936316373,-0.026081072456368364,-0.030963884956368364,0.0007743962936316373,0.0007743962936316373,0.0007743962936316373,0.0007743962936316373,0.0022392400436316373,0.0007743962936316373,0.0037040837936316373,-0.005817400581368363,-0.020954119331368364,-0.017047869331368364,0.00028611504363163735,0.016887677543631636,0.0007743962936316373,0.022502911918631636,0.0007743962936316373,-0.012165056831368364,0.00028611504363163735,0.022258771293631636,0.0007743962936316373,0.028362286918631636,0.016155255668631636,-0.0038642755813683627,0.012004865043631636,0.030559552543631636,0.0007743962936316373,0.0007743962936316373,-0.005084978706368363,0.0007743962936316373,0.0007743962936316373,0.0007743962936316373,0.017375958793631636,0.016887677543631636,-0.0036201349563683627,-0.016315447456368364,0.0007743962936316373,0.0007743962936316373,0.016399396293631636,0.015911115043631636,0.00028611504363163735,-0.009479509956368364,0.0007743962936316373,-0.0028877130813683627,0.009563458793631636,0.005901349418631637,-0.005817400581368363,0.0007743962936316373,-0.011432634956368364,0.0007743962936316373,0.00028611504363163735,0.011760724418631636,0.017864240043631636,-0.0014228693313683627,-0.005817400581368363,0.0007743962936316373,0.0007743962936316373,0.0007743962936316373,0.0007743962936316373,0.0007743962936316373,0.013225568168631636,0.012737286918631636,0.0007743962936316373,0.0007743962936316373,-0.006793963081368363,-0.004352556831368363,-0.0011787287063683627,-0.004108416206368363,-0.007770525581368363,0.0007743962936316373,-0.005817400581368363,0.0007743962936316373,-0.012165056831368364,-0.023151384956368364,-0.030231463081368364,-0.025104509956368364,-0.022174822456368364,-0.019489275581368364,0.0007743962936316373,-0.016559588081368364,0.0007743962936316373,-0.018268572456368364,0.0007743962936316373,0.0007743962936316373,0.0007743962936316373,-0.0033759943313683627,-0.004840838081368363,0.0007743962936316373,-0.010700213081368364,-0.009235369331368364,0.0007743962936316373,-0.008991228706368364,0.0007743962936316373,0.007366193168631637,0.023479474418631636,0.029338849418631636,0.023235333793631636,0.011272443168631636,0.0007743962936316373,0.005168927543631637,0.012493146293631636,0.0007743962936316373,0.041790021293631636,0.0007743962936316373,0.028850568168631636,0.016155255668631636,0.028850568168631636,0.039592755668631636,0.0007743962936316373,0.0007743962936316373,0.0007743962936316373,0.0007743962936316373,0.0007743962936316373,0.015911115043631636,-0.0016670099563683627,0.0007743962936316373,-0.012165056831368364,-0.016071306831368364,-0.008747088081368364,-0.008014666206368364,-0.010456072456368364,-0.020954119331368364,0.0007743962936316373,0.0007743962936316373,-0.031208025581368364,-0.010700213081368364,-0.025104509956368364,-0.044147478706368364,-0.045124041206368364,0.0007743962936316373,-0.033161150581368364,-0.019489275581368364,-0.018024431831368364,0.0007743962936316373,-0.017292009956368364,0.0007743962936316373,0.0007743962936316373,0.0007743962936316373,-0.00020216620636836265,0.0007743962936316373,-0.00020216620636836265,0.011760724418631636,0.014202130668631636,0.0007743962936316373,0.0007743962936316373,0.023235333793631636,0.027629865043631636,0.017620099418631636,0.012493146293631636,0.014690411918631636,0.025920880668631636,0.0007743962936316373,0.032268536918631636,0.024456036918631636,0.0007743962936316373,0.012004865043631636,0.009319318168631636,0.011760724418631636,0.0024833806686316373,0.0007743962936316373,-0.005573259956368363,0.0037040837936316373,0.0007743962936316373,0.0007743962936316373,0.0007743962936316373,0.0007743962936316373,-0.027301775581368364,0.0007743962936316373,-0.024616228706368364,0.0012626775436316373,0.004436505668631637,-0.008991228706368364,-0.023395525581368364,0.0007743962936316373,-0.021198259956368364,4.1974418631637346e-05,0.0007743962936316373,0.006633771293631637,-0.005329119331368363,-0.007526384956368363,0.0007743962936316373,0.0012626775436316373,0.014202130668631636,0.023479474418631636,0.0034599431686316373,-0.011920916206368364,0.0007743962936316373,0.0007743962936316373,0.016887677543631636,0.0007743962936316373,0.0007743962936316373,0.0007743962936316373,-0.024860369331368364,-0.007038103706368363,0.0034599431686316373,-0.0023994318313683627,0.0007743962936316373,0.0007743962936316373,-0.031208025581368364,-0.027545916206368364,-0.017536150581368364,-0.008991228706368364,-0.008747088081368364,0.0007743962936316373,-0.017536150581368364,-0.023151384956368364,-0.020954119331368364,0.0007743962936316373,-0.015827166206368364,-0.010211931831368364,0.0017509587936316373,0.007366193168631637,0.003948224418631637,0.0007743962936316373,0.004192365043631637,0.0007743962936316373,0.0007743962936316373,0.0007743962936316373,0.0007743962936316373,0.0007743962936316373,0.022991193168631636,0.019573224418631636,0.018840802543631636,0.022991193168631636,0.033245099418631636,0.038860333793631636,0.036663068168631636,0.028118146293631636,0.0007743962936316373,0.0007743962936316373,-0.0033759943313683627,-0.004108416206368363,0.021282208793631636,0.023967755668631636,0.006633771293631637,-0.016315447456368364,-0.022907244331368364,0.0007743962936316373,-0.017780291206368364,0.0007743962936316373,0.004192365043631637,0.0007743962936316373,0.0007743962936316373,0.0007743962936316373,0.0007743962936316373,-0.040485369331368364,-0.023151384956368364,-0.0021552912063683627,-0.008747088081368364,0.0007743962936316373,-0.019489275581368364,0.0007743962936316373,-0.016803728706368364,0.013957990043631636,0.016643536918631636,0.014690411918631636,0.011516583793631636,0.004192365043631637,-0.0031318537063683627,0.0007743962936316373,0.0007743962936316373,0.010295880668631636,0.016155255668631636,0.004192365043631637,-0.0014228693313683627,0.0010185369186316373,0.007366193168631637,0.0007743962936316373,0.0007743962936316373,0.0007743962936316373,0.0007743962936316373,0.0007743962936316373,-0.008014666206368364,0.0007743962936316373,-0.0026435724563683627,-0.004108416206368363,-0.011188494331368364,-0.018512713081368364,-0.021930681831368364,-0.019977556831368364,-0.013385759956368364,0.0007743962936316373,-0.004840838081368363,0.0007743962936316373,-0.004352556831368363,0.004680646293631637,0.007122052543631637,0.009319318168631636,0.014934552543631636,0.018840802543631636,0.029338849418631636,0.0007743962936316373,0.037395490043631636,0.0007743962936316373,0.0007743962936316373,0.0007743962936316373,0.0007743962936316373,0.035930646293631636,0.0007743962936316373,0.027874005668631636,0.004924786918631637,0.005901349418631637,0.0007743962936316373,0.014690411918631636,-0.0038642755813683627,0.0007743962936316373,-0.018756853706368364,-0.012165056831368364,-0.0006904474563683627,-0.010944353706368364,-0.030231463081368364,-0.040729509956368364,0.0007743962936316373,-0.029743181831368364,-0.018512713081368364,0.0007743962936316373,-0.014606463081368364,-0.016315447456368364,-0.024616228706368364,-0.027301775581368364,0.0007743962936316373,0.0007743962936316373,0.0007743962936316373,0.0007743962936316373,0.0007743962936316373,0.0012626775436316373,0.0007743962936316373,0.022991193168631636,0.022991193168631636,0.0032158025436316373,0.0022392400436316373,0.009319318168631636,0.0015068181686316373,-0.008991228706368364,0.0007743962936316373,0.009807599418631636,0.0007743962936316373,0.015178693168631636,-0.006061541206368363,-0.021442400581368364,0.009319318168631636,0.007122052543631637,-0.008747088081368364,-0.024860369331368364,0.0007743962936316373,0.0007743962936316373,-0.018024431831368364,0.0007743962936316373,0.0007743962936316373,0.0007743962936316373,0.008098615043631636,0.009319318168631636,0.0007743962936316373,0.004192365043631637,0.008098615043631636,0.0007743962936316373,0.020061505668631636,0.028850568168631636,0.038616193168631636,0.035442365043631636,0.0007743962936316373,0.022014630668631636,0.013469708793631636,0.014446271293631636,0.016887677543631636,0.0007743962936316373,0.013957990043631636,0.020305646293631636,0.020549786918631636,0.0024833806686316373,0.0007743962936316373,-0.009723650581368364,-0.0031318537063683627,0.0007743962936316373,0.0007743962936316373,0.0007743962936316373,0.0007743962936316373,0.0007743962936316373,-0.018512713081368364,0.0027275212936316373,-0.017780291206368364,-0.030963884956368364,0.0007743962936316373,-0.030475603706368364,-0.011432634956368364,0.015911115043631636,0.011272443168631636,0.0007743962936316373,-0.027057634956368364,-0.0021552912063683627,0.023235333793631636,0.036174786918631636,0.026165021293631636,0.0007743962936316373,-0.010944353706368364,-0.041950213081368364,-0.006549822456368363,0.0007743962936316373,0.014446271293631636,0.0007743962936316373,0.0007743962936316373,0.0007743962936316373,0.0007743962936316373,0.023479474418631636,-0.018024431831368364,-0.06587599433136836,0.0003369573287878871,0.0007743962936316373,0.0007743962936316373,0.012249005668631636,-0.005084978706368363,-0.027301775581368364,-0.025836931831368364,0.0032158025436316373,0.0007743962936316373,0.035930646293631636,0.044719708793631636,0.024944318168631636,0.0007743962936316373,-0.014362322456368364,0.045940411918631636,0.055217755668631636,0.029094708793631636,-0.005329119331368363,-0.022663103706368364,0.0007743962936316373,0.0007743962936316373,0.0007743962936316373,0.0007743962936316373,0.0007743962936316373,0.0007743962936316373,0.013469708793631636,0.033489240043631636,0.013713849418631636,-0.019733416206368364,-0.032184588081368364,0.0007743962936316373,-0.022418963081368364,0.005168927543631637,0.009563458793631636,0.0007743962936316373,-0.025104509956368364,-0.009235369331368364,0.024456036918631636,0.039104474418631636,0.0007743962936316373,0.025188458793631636,0.0032158025436316373,-0.0014228693313683627,0.028606427543631636,0.0007743962936316373,0.004680646293631637,0.0007743962936316373,0.0007743962936316373,0.0007743962936316373,0.0007743962936316373,0.022991193168631636,-0.012409197456368364,-0.046344744331368364,-0.045124041206368364,0.0007743962936316373,0.0007743962936316373,0.009807599418631636,-0.041950213081368364,0.0003369573287878871,-0.06514357245636836,-0.021442400581368364,0.020793927543631636,0.0007743962936316373,0.017131818168631636,-0.021930681831368364,0.0007743962936316373,-0.023151384956368364,0.039836896293631636,0.031780255668631636,0.009319318168631636,-0.007282244331368363,-0.006061541206368363,0.0007743962936316373,0.0007743962936316373,0.0007743962936316373,0.0007743962936316373,0.0007743962936316373,0.0007743962936316373,0.0029716619186316373,0.005168927543631637,-0.0038642755813683627,-0.0033759943313683627,-0.0031318537063683627,-0.0028877130813683627,-0.004840838081368363,-0.008991228706368364,0.0007743962936316373,0.0007743962936316373,-0.008258806831368364,-0.00044630683136836265,-0.018512713081368364,-0.035846697456368364,-0.035114275581368364,-0.016559588081368364,0.008586896293631636,0.0007743962936316373,0.029827130668631636,0.0007743962936316373,0.026165021293631636,0.0007743962936316373,0.0007743962936316373,0.0007743962936316373,0.0007743962936316373,0.023967755668631636,0.015422833793631636,-0.0038642755813683627,-0.012897478706368364,0.0007743962936316373,0.0007743962936316373,0.009563458793631636,0.024700177543631636,0.0010185369186316373,-0.018024431831368364,-0.023151384956368364,-0.009235369331368364,0.012249005668631636,0.0007743962936316373,0.024211896293631636,0.0007743962936316373,0.009807599418631636,0.014690411918631636,0.025676740043631636,0.030559552543631636,0.017620099418631636,0.008586896293631636,0.0007743962936316373,0.0007743962936316373,0.0007743962936316373,0.0007743962936316373,0.0007743962936316373,0.0007743962936316373,-0.004840838081368363,0.0005302556686316373,0.0007743962936316373,-0.0036201349563683627,-0.004108416206368363,0.0007743962936316373,0.0032158025436316373,-0.0019111505813683627,0.0007743962936316373,-0.012897478706368364,0.0007743962936316373,0.00028611504363163735,-0.00044630683136836265,0.0007743962936316373,-0.005084978706368363,-0.016315447456368364,-0.022418963081368364,-0.017780291206368364,-0.015827166206368364,-0.022663103706368364,0.0007743962936316373,-0.034870134956368364,0.0007743962936316373,0.0007743962936316373,0.0007743962936316373,0.0007743962936316373,-0.039264666206368364,0.0007743962936316373,-0.048053728706368364,0.017375958793631636,0.030315411918631636,0.0007743962936316373,-0.007282244331368363,0.0007743962936316373,-0.019245134956368364,-0.005573259956368363,0.033489240043631636,0.031047833793631636,0.009075177543631636,-0.010700213081368364,-0.007770525581368363,0.0007743962936316373,0.0007743962936316373,0.022991193168631636,-0.004840838081368363,-0.012653338081368364,-0.0031318537063683627,0.0007743962936316373,0.0007743962936316373,0.0007743962936316373,0.0007743962936316373,-0.014362322456368364,0.0007743962936316373,0.012981427543631636,0.0007743962936316373,0.016155255668631636,0.005168927543631637,-0.014850603706368364,-0.008991228706368364,0.0032158025436316373,0.007610333793631637,0.004924786918631637,0.0007743962936316373,0.0007743962936316373,0.0007743962936316373,0.0007743962936316373,-0.0006904474563683627,-0.00020216620636836265,0.0007743962936316373,-0.010211931831368364,-0.008014666206368364,0.020305646293631636,0.019084943168631636,0.0007743962936316373,-0.005573259956368363,0.0007743962936316373,0.0007743962936316373,0.0007743962936316373,0.0007743962936316373,0.006633771293631637,-0.0036201349563683627,-0.008502947456368364,0.0007743962936316373,-0.005084978706368363,0.0007743962936316373,0.006145490043631637,-0.009723650581368364,-0.010211931831368364,-0.0036201349563683627,0.0007743962936316373,0.0022392400436316373,4.1974418631637346e-05,-0.013141619331368364,-0.015583025581368364,0.0007743962936316373,-0.0019111505813683627,-0.00044630683136836265,0.0007743962936316373,-0.0014228693313683627,-0.006549822456368363,-0.015338884956368364,0.0007743962936316373,0.0007743962936316373,0.0007743962936316373,0.0007743962936316373,0.0007743962936316373,0.00028611504363163735,-0.005084978706368363,-0.007038103706368363,-0.005329119331368363,0.0007743962936316373,-0.0014228693313683627,0.003948224418631637,0.0022392400436316373,-0.0016670099563683627,0.0007743962936316373,-0.004108416206368363,0.004192365043631637,0.0007743962936316373,0.006389630668631637,0.004680646293631637,4.1974418631637346e-05,-0.0009345880813683627,0.005168927543631637,0.011272443168631636,0.0007743962936316373,0.0007743962936316373,0.0010185369186316373,0.0007743962936316373,0.0007743962936316373,0.0007743962936316373,-0.030963884956368364,-0.020465838081368364,0.0007743962936316373,0.007122052543631637,0.027141583793631636,0.0007743962936316373,0.021526349418631636,0.056438458793631636,0.0003369573287878871,0.0007743962936316373,0.061565411918631636,0.0015068181686316373,0.018352521293631636,0.047161115043631636,0.053020490043631636,0.0007743962936316373,-0.007526384956368363,0.0007743962936316373,-0.022418963081368364,-0.007770525581368363,-0.009235369331368364,-0.022418963081368364,-0.037311541206368364,0.0007743962936316373,0.0007743962936316373,0.0007743962936316373,0.0007743962936316373,0.0007743962936316373,-0.049030291206368364,-0.058551775581368364,0.0007743962936316373,-0.035602556831368364,0.0029716619186316373,0.006389630668631637,-0.027790056831368364,-0.046344744331368364,-0.046588884956368364,0.0007743962936316373,0.0007743962936316373,-0.019489275581368364,-0.019489275581368364,-0.032184588081368364,-0.028278338081368364,-0.024127947456368364,-0.025592791206368364,0.0007743962936316373,-0.032428728706368364,-0.025592791206368364,0.0007743962936316373,-0.0038642755813683627,0.0007743962936316373,0.0007743962936316373,0.0007743962936316373,0.0007743962936316373,0.011760724418631636,0.024456036918631636,0.010784161918631636,0.0015068181686316373,0.0007743962936316373,0.0007743962936316373,0.021282208793631636,0.022991193168631636,0.023723615043631636,0.034465802543631636,0.0007743962936316373,0.040081036918631636,0.023235333793631636,0.018352521293631636,0.022991193168631636,0.0007743962936316373,0.021526349418631636,0.0007743962936316373,0.017131818168631636,0.007610333793631637,-0.009479509956368364,-0.010700213081368364,0.0029716619186316373,0.0007743962936316373,0.0007743962936316373,0.0007743962936316373,0.0007743962936316373,0.0007743962936316373,0.030803693168631636,0.036907208793631636,0.038127911918631636,0.0007743962936316373,0.038127911918631636,0.040813458793631636,0.042766583793631636,0.040569318168631636,0.036418927543631636,0.0007743962936316373,0.0007743962936316373,0.015178693168631636,0.005168927543631637,-0.008991228706368364,0.0007743962936316373,-0.018268572456368364,-0.023395525581368364,-0.031208025581368364,-0.034625994331368364,-0.039508806831368364,0.0007743962936316373,-0.008747088081368364,0.0007743962936316373,0.0007743962936316373,0.0007743962936316373,0.0007743962936316373,-0.015827166206368364,0.015911115043631636,0.044963849418631636,0.059856427543631636,0.0007743962936316373,0.0007743962936316373,0.035686505668631636,0.014934552543631636,-0.026569353706368364,0.0003369573287878871,0.0003369573287878871,0.0007743962936316373,0.0003369573287878871,-0.061725603706368364,-0.06367872870636836,0.0007743962936316373,0.0003369573287878871,0.0003369573287878871,0.0007743962936316373,-0.033405291206368364,0.0034599431686316373,0.030803693168631636,0.0007743962936316373,0.0007743962936316373,0.0007743962936316373,0.0007743962936316373,0.0007743962936316373,0.007122052543631637,-0.0006904474563683627,0.020061505668631636,0.0007743962936316373,0.041545880668631636,0.008831036918631636,-0.038776384956368364,0.0003369573287878871,-0.07002638495636836,0.0007743962936316373,0.013469708793631636,0.0007743962936316373,0.045452130668631636,0.011516583793631636,-0.020465838081368364,0.0019950994186316373,0.039592755668631636,0.0003369573287878871,0.0007743962936316373,0.0003369573287878871,0.0007743962936316373,0.031536115043631636,0.0007743962936316373,0.0007743962936316373,0.0007743962936316373,-0.040973650581368364,-0.031208025581368364,0.0007743962936316373,-0.015338884956368364,-0.024372088081368364,0.0007743962936316373,-0.059040056831368364,-0.042438494331368364,-0.005817400581368363,0.0007743962936316373,0.022258771293631636,-0.013874041206368364,-0.019000994331368364,0.0010185369186316373,0.026409161918631636,0.0007743962936316373,0.010295880668631636,0.0007743962936316373,-0.028766619331368364,-0.009967791206368364,0.003948224418631637,-0.008258806831368364,-0.032917009956368364,0.0007743962936316373,0.0007743962936316373,0.0007743962936316373,0.0007743962936316373,0.0007743962936316373,-0.036090838081368364,0.0012626775436316373,-0.005817400581368363,-0.012653338081368364,0.0015068181686316373,0.0007743962936316373,0.017620099418631636,0.015666974418631636,0.028606427543631636,0.0007743962936316373,0.057659161918631636,0.042522443168631636,0.015422833793631636,0.0007743962936316373,0.0029716619186316373,0.037395490043631636,0.033489240043631636,0.003948224418631637,-0.016315447456368364,0.0007743962936316373,-0.009967791206368364,0.0007743962936316373,0.0007743962936316373,0.0007743962936316373,0.0007743962936316373,0.0007743962936316373,0.016643536918631636,-0.009723650581368364,-0.005329119331368363,0.0007743962936316373,0.0007743962936316373,0.031780255668631636,0.015666974418631636,0.026897443168631636,0.046428693168631636,0.046916974418631636,0.030315411918631636,0.0007743962936316373,0.015178693168631636,0.014934552543631636,0.0007743962936316373,0.014446271293631636,-0.007526384956368363,-0.025348650581368364,-0.042438494331368364,0.0007743962936316373,-0.053424822456368364,-0.031940447456368364,-0.015583025581368364,0.0007743962936316373,0.0007743962936316373,0.0007743962936316373,0.0007743962936316373,0.030071271293631636,0.0007743962936316373,0.018352521293631636,0.0034599431686316373,0.031291974418631636,0.056682599418631636,0.053264630668631636,0.030315411918631636,0.020793927543631636,0.0007743962936316373,0.0007743962936316373,0.034465802543631636,0.023723615043631636,0.017620099418631636,0.009075177543631636,-0.007526384956368363,0.0007743962936316373,-0.024372088081368364,-0.028766619331368364,-0.014606463081368364,0.0007743962936316373,-0.051715838081368364,0.0007743962936316373,0.0007743962936316373,0.0007743962936316373,0.0007743962936316373,0.021038068168631636,-0.0026435724563683627,-0.017292009956368364,-0.025592791206368364,0.0007743962936316373,-0.0016670099563683627,0.0007743962936316373,0.029582990043631636,0.033000958793631636,0.009319318168631636,-0.006305681831368363,-0.004352556831368363,0.013225568168631636,0.0007743962936316373,0.020061505668631636,0.0007743962936316373,-0.055133806831368364,-0.055866228706368364,-0.031696306831368364,-0.017047869331368364,0.0007743962936316373,-0.025836931831368364,0.0003369573287878871,0.0007743962936316373,0.0007743962936316373,0.0007743962936316373,0.0007743962936316373,-0.021442400581368364,0.0007743962936316373,-0.025836931831368364,0.0017509587936316373,0.022747052543631636,-0.0016670099563683627,-0.011920916206368364,0.021526349418631636,0.0007743962936316373,0.054729474418631636,0.0007743962936316373,0.011760724418631636,0.015422833793631636,0.039104474418631636,0.051555646293631636,0.036418927543631636,0.0007743962936316373,0.007610333793631637,-0.019000994331368364,-0.007770525581368363,0.0007743962936316373,0.004680646293631637,0.0007743962936316373,0.0007743962936316373,0.0007743962936316373,-0.029254900581368364,0.0007743962936316373,0.0027275212936316373,0.014690411918631636,-0.018512713081368364,0.0007743962936316373,-0.009723650581368364,0.0007743962936316373,0.028362286918631636,0.042522443168631636,-0.009723650581368364,-0.018512713081368364,0.017131818168631636,0.051067365043631636,0.0007743962936316373,0.053508771293631636,0.0007743962936316373,0.020793927543631636,0.018352521293631636,0.003948224418631637,-0.004840838081368363,0.0032158025436316373,0.0007743962936316373,0.007366193168631637,0.0007743962936316373,0.0007743962936316373,0.0007743962936316373,0.0007743962936316373,-0.023395525581368364,-0.029499041206368364,-0.040485369331368364,0.0007743962936316373,-0.047809588081368364,-0.032428728706368364,0.005657208793631637,-0.005084978706368363,-0.016315447456368364,0.0007743962936316373,0.013469708793631636,0.031780255668631636,0.0007743962936316373,0.031536115043631636,0.005901349418631637,0.010051740043631636,0.023723615043631636,0.036907208793631636,0.047893536918631636,0.0007743962936316373,0.0007743962936316373,0.030315411918631636,0.0007743962936316373,0.0007743962936316373,0.0007743962936316373,0.007366193168631637,0.0007743962936316373,-0.005084978706368363,-0.019489275581368364,-0.011188494331368364,0.0007743962936316373,-0.021930681831368364,-0.026081072456368364,0.0007743962936316373,-0.030475603706368364,-0.019000994331368364,-0.013141619331368364,-0.028766619331368364,-0.042194353706368364,-0.034381853706368364,0.0007743962936316373,0.0007743962936316373,0.013225568168631636,-0.007282244331368363,-0.013629900581368364,-0.0033759943313683627,0.0024833806686316373,0.0022392400436316373,0.0007743962936316373,0.0007743962936316373,0.0007743962936316373,0.0007743962936316373,0.0007743962936316373,-0.009235369331368364,0.004924786918631637,0.031780255668631636,0.045696271293631636,0.0007743962936316373,0.036174786918631636,0.011272443168631636,-0.026569353706368364,-0.019489275581368364,0.0007743962936316373,0.015422833793631636,-0.0006904474563683627,0.0007743962936316373,-0.030475603706368364,-0.028034197456368364,-0.008991228706368364,-0.006793963081368363,-0.017536150581368364,-0.030719744331368364,0.0007743962936316373,0.0007743962936316373,-0.0011787287063683627,0.0007743962936316373,0.0007743962936316373,0.0007743962936316373,0.011272443168631636,0.007610333793631637,-0.0009345880813683627,0.0029716619186316373,0.0007743962936316373,0.0007743962936316373,0.014202130668631636,-0.0016670099563683627,-0.0021552912063683627,0.009563458793631636,0.018840802543631636,0.0007743962936316373,0.024211896293631636,0.019329083793631636,0.003948224418631637,0.0007743962936316373,0.0007743962936316373,-0.004352556831368363,0.0032158025436316373,-0.005817400581368363,-0.015338884956368364,0.0007743962936316373,0.0007743962936316373,0.0007743962936316373,0.0007743962936316373,0.0007743962936316373,0.0007743962936316373,-0.021930681831368364,-0.014362322456368364,-0.018024431831368364,-0.020221697456368364,-0.016803728706368364,-0.010944353706368364,0.0007743962936316373,-0.0014228693313683627,0.0007743962936316373,0.0007743962936316373,-0.004352556831368363,-0.005817400581368363,0.0034599431686316373,0.0007743962936316373,0.025920880668631636,0.034221661918631636,-0.0038642755813683627,-0.012165056831368364,0.0007743962936316373,0.0007743962936316373,0.049114240043631636,0.0007743962936316373,0.0007743962936316373,0.0007743962936316373,0.0007743962936316373,0.012737286918631636,0.022502911918631636,0.0007743962936316373,0.033000958793631636,0.009807599418631636,0.0007743962936316373,-0.013629900581368364,0.0029716619186316373,0.014202130668631636,0.0007743962936316373,0.011028302543631636,-0.025104509956368364,-0.023395525581368364,-0.016315447456368364,-0.014118181831368364,0.0007743962936316373,-0.018512713081368364,0.0007743962936316373,-0.019733416206368364,-0.028522478706368364,-0.026325213081368364,-0.018268572456368364,0.0007743962936316373,0.0007743962936316373,0.0007743962936316373,0.0007743962936316373,0.0007743962936316373,0.010295880668631636,0.008342755668631636,0.0007743962936316373,0.0037040837936316373,0.020549786918631636,0.034709943168631636,0.035686505668631636,0.022991193168631636,0.006877911918631637,0.0007743962936316373,0.0007743962936316373,0.017131818168631636,0.037395490043631636,0.027141583793631636,0.012004865043631636,0.006877911918631637,0.004192365043631637,0.0034599431686316373,0.0007743962936316373,0.004192365043631637,0.0007743962936316373,0.008586896293631636,0.0007743962936316373,0.0007743962936316373,0.0007743962936316373,0.0007743962936316373,-0.018024431831368364,0.0005302556686316373,-0.010456072456368364,-0.032428728706368364,0.0007743962936316373,0.0007743962936316373,-0.033405291206368364,-0.0026435724563683627,-0.016559588081368364,-0.033405291206368364,-0.038043963081368364,-0.033161150581368364,0.0007743962936316373,-0.010211931831368364,-0.007038103706368363,0.0007743962936316373,-0.010211931831368364,0.0027275212936316373,0.011028302543631636,0.013225568168631636,0.0007743962936316373,0.007366193168631637,0.0007743962936316373,0.0007743962936316373,0.0007743962936316373,0.0007743962936316373,0.0007743962936316373,0.024700177543631636,0.012493146293631636,0.005413068168631637,0.0007743962936316373,0.006877911918631637,0.013225568168631636,0.004924786918631637,-0.00020216620636836265,0.010051740043631636,0.0007743962936316373,0.022502911918631636,0.0007743962936316373,0.004436505668631637,-0.022907244331368364,-0.0033759943313683627,0.013957990043631636,0.014446271293631636,-0.0009345880813683627,0.0007743962936316373,-0.015338884956368364,0.0007743962936316373,0.004680646293631637,0.0007743962936316373,0.0007743962936316373,0.0007743962936316373,0.0007743962936316373,-0.020221697456368364,0.0007743962936316373,0.022014630668631636,0.022747052543631636,0.0007743962936316373,0.0007743962936316373,-0.031696306831368364,-0.017536150581368364,0.014934552543631636,0.030071271293631636,0.008586896293631636,-0.026325213081368364,0.0007743962936316373,-0.036823259956368364,0.010295880668631636,0.0007743962936316373,0.014202130668631636,-0.0028877130813683627,-0.009967791206368364,0.0007743962936316373,-0.011188494331368364,0.0005302556686316373,0.0007743962936316373,0.0007743962936316373,0.0007743962936316373,0.0007743962936316373,0.0007743962936316373,0.014202130668631636,0.007122052543631637,0.0027275212936316373,0.008342755668631636,0.012737286918631636,0.0007743962936316373,0.017620099418631636,0.004924786918631637,-0.007770525581368363,0.0007743962936316373,0.008098615043631636,0.022014630668631636,0.023235333793631636,0.0007743962936316373,0.010295880668631636,-0.015094744331368364,-0.005329119331368363,0.009319318168631636,0.013713849418631636,0.0007743962936316373,-0.019489275581368364,0.0007743962936316373,0.0007743962936316373,0.0007743962936316373,0.0007743962936316373,-0.011920916206368364,-0.020709978706368364,0.0007743962936316373,-0.029499041206368364,-0.0016670099563683627,0.0007743962936316373,0.004680646293631637,-0.028278338081368364,-0.049518572456368364,0.0007743962936316373,-0.039997088081368364,0.021770490043631636,0.022014630668631636,-0.013629900581368364,-0.043903338081368364,0.0007743962936316373,0.0022392400436316373,0.0007743962936316373,0.024944318168631636,-0.006061541206368363,-0.018756853706368364,-0.010944353706368364,0.0007743962936316373,0.0007743962936316373,0.0007743962936316373,0.0007743962936316373,0.0007743962936316373,0.0015068181686316373,0.0007743962936316373,0.017375958793631636,0.027874005668631636,0.006145490043631637,-0.013141619331368364,-0.0031318537063683627,0.035686505668631636,0.0007743962936316373,0.054973615043631636,0.0007743962936316373,-0.014606463081368364,-0.004840838081368363,0.005901349418631637,0.013225568168631636,0.016643536918631636,0.0007743962936316373,0.015666974418631636,-0.016315447456368364,-0.020221697456368364,0.0007743962936316373,0.008586896293631636,0.0007743962936316373,0.0007743962936316373,0.0007743962936316373,0.0007743962936316373,-0.008747088081368364,0.020549786918631636,0.028850568168631636,0.011272443168631636,0.0007743962936316373,0.0007743962936316373,-0.013141619331368364,0.009807599418631636,0.026409161918631636,0.017131818168631636,-0.005084978706368363,0.0007743962936316373,-0.027790056831368364,-0.006305681831368363,0.027385724418631636,0.0007743962936316373,-0.006793963081368363,-0.044147478706368364,-0.038532244331368364,0.0007743962936316373,-0.005573259956368363,0.009075177543631636,0.0007743962936316373,0.0007743962936316373,0.0007743962936316373,0.0007743962936316373,0.0007743962936316373,0.025188458793631636,-0.006061541206368363,-0.047077166206368364,-0.051959978706368364,0.0007743962936316373,-0.016559588081368364,0.040569318168631636,0.006877911918631637,-0.040485369331368364,0.0007743962936316373,-0.016559588081368364,0.0007743962936316373,0.030071271293631636,0.018352521293631636,-0.009967791206368364,-0.018512713081368364,-0.004352556831368363,0.021038068168631636,0.028606427543631636,0.0007743962936316373,0.0007743962936316373,-0.010700213081368364,0.0007743962936316373,0.0007743962936316373,0.0007743962936316373,0.0007743962936316373,-0.00020216620636836265,-0.012653338081368364,0.027385724418631636,0.046428693168631636,0.0007743962936316373,-0.012897478706368364,0.0007743962936316373,-0.015583025581368364,0.023235333793631636,0.044963849418631636,0.032756818168631636,-0.008991228706368364,-0.043415056831368364,0.0007743962936316373,-0.032184588081368364,0.0007743962936316373,0.037395490043631636,-0.020465838081368364,-0.06319044745636836,-0.039752947456368364,0.023479474418631636,0.0007743962936316373,0.055950177543631636,0.0007743962936316373,0.0007743962936316373,0.0007743962936316373,0.0007743962936316373,0.0007743962936316373,0.025920880668631636,-0.022907244331368364,-0.047077166206368364,-0.023395525581368364,0.0007743962936316373,0.023967755668631636,0.024211896293631636,-0.027790056831368364,-0.048053728706368364,0.0007743962936316373,0.030071271293631636,0.038616193168631636,0.0007743962936316373,0.010540021293631636,-0.049030291206368364,-0.013874041206368364,0.032268536918631636,0.037883771293631636,-0.004352556831368363,0.0007743962936316373,0.0007743962936316373,-0.054889666206368364,0.0007743962936316373,0.0007743962936316373,0.0007743962936316373,-0.06709669745636836,0.0007743962936316373,-0.057819353706368364,0.042034161918631636,0.032268536918631636,0.0007743962936316373,-0.049030291206368364,-0.033161150581368364,0.0007743962936316373,0.012004865043631636,0.029582990043631636,-0.006305681831368363,-0.031208025581368364,-0.016803728706368364,0.019817365043631636,0.0007743962936316373,0.0007743962936316373,0.022014630668631636,-0.023151384956368364,-0.0016670099563683627,0.028118146293631636,0.029582990043631636,0.0007743962936316373,0.0007743962936316373,0.0007743962936316373,0.0007743962936316373,0.0007743962936316373,0.034709943168631636,0.0007743962936316373,0.0007743962936316373,-0.043170916206368364,0.0007743962936316373,0.042034161918631636,0.029582990043631636,-0.009479509956368364,0.0007743962936316373,-0.030475603706368364,0.0007743962936316373,0.029827130668631636,0.004436505668631637,-0.015338884956368364,-0.007770525581368363,0.020061505668631636,0.0007743962936316373,0.029094708793631636,-0.004108416206368363,-0.013385759956368364,0.0007743962936316373,0.012493146293631636,0.0007743962936316373,0.0007743962936316373,0.0007743962936316373,0.0007743962936316373,-0.044635759956368364,0.040569318168631636,0.0003369573287878871,0.026653302543631636,0.0007743962936316373,0.0007743962936316373,-0.009723650581368364,0.06449509941863164,0.06376267754363164,-0.008258806831368364,0.0007743962936316373,-0.06953810370636836,-0.0033759943313683627,0.038616193168631636,0.027874005668631636,0.0007743962936316373,-0.029499041206368364,-0.019000994331368364,0.0007743962936316373,0.0019950994186316373,0.035686505668631636,-0.020221697456368364,0.0007743962936316373,0.0007743962936316373,0.0007743962936316373,0.0007743962936316373,0.0007743962936316373,-0.0011787287063683627,-0.034625994331368364,-0.033405291206368364,0.0029716619186316373,0.0007743962936316373,0.026897443168631636,-0.0036201349563683627,-0.029010759956368364,-0.019489275581368364,0.0007743962936316373,0.022747052543631636,0.0007743962936316373,0.00028611504363163735,-0.029010759956368364,0.0034599431686316373,0.033733380668631636,0.031047833793631636,-0.004352556831368363,0.0007743962936316373,-0.035114275581368364,0.0007743962936316373,0.046916974418631636,0.0007743962936316373,0.0007743962936316373,0.0007743962936316373,-0.048542009956368364,0.0007743962936316373,0.031291974418631636,0.026653302543631636,-0.014118181831368364,0.0007743962936316373,-0.055133806831368364,0.0007743962936316373,0.0032158025436316373,0.0003369573287878871,0.023723615043631636,-0.031208025581368364,-0.038288103706368364,0.017864240043631636,0.06913377129363164,0.0007743962936316373,0.0007743962936316373,0.023723615043631636,0.006633771293631637,0.037395490043631636,0.06400681816863164,0.06351853691863164,0.0007743962936316373,0.0007743962936316373,0.0007743962936316373,0.0007743962936316373,0.0007743962936316373,0.051311505668631636,0.0007743962936316373,-0.026081072456368364,-0.015583025581368364,0.029338849418631636,0.050334943168631636,0.017375958793631636,-0.035846697456368364,0.0007743962936316373,-0.060016619331368364,0.0007743962936316373,0.036663068168631636,0.019817365043631636,-0.018756853706368364,-0.038043963081368364,-0.023395525581368364,0.0007743962936316373,0.010784161918631636,0.018596661918631636,-0.019000994331368364,0.0007743962936316373,0.0007743962936316373,0.0007743962936316373,0.0007743962936316373,0.0007743962936316373,-0.017047869331368364,0.0007743962936316373,-0.040241228706368364,-0.013385759956368364,0.005168927543631637,0.0007743962936316373,-0.020709978706368364,-0.041950213081368364,0.0007743962936316373,-0.043170916206368364,-0.013874041206368364,-0.018756853706368364,-0.034870134956368364,-0.046588884956368364,-0.047321306831368364,0.0007743962936316373,-0.019000994331368364,0.0007743962936316373,-0.033405291206368364,-0.028278338081368364,-0.018268572456368364,-0.014118181831368364,0.0007743962936316373,0.0007743962936316373,0.0007743962936316373,0.0007743962936316373,0.0007743962936316373,-0.00044630683136836265,-0.0006904474563683627,-0.009479509956368364,0.0007743962936316373,-0.019489275581368364,-0.009235369331368364,0.005657208793631637,0.008586896293631636,-0.0019111505813683627,0.0007743962936316373,-0.021930681831368364,0.0007743962936316373,-0.011432634956368364,0.005413068168631637,0.00028611504363163735,-0.006793963081368363,-0.009967791206368364,-0.0021552912063683627,0.0007743962936316373,0.013225568168631636,0.0007743962936316373,0.013713849418631636,0.0007743962936316373,0.0007743962936316373,0.0007743962936316373,-0.012165056831368364,0.0007743962936316373,-0.021442400581368364,-0.037799822456368364,-0.025592791206368364,0.0007743962936316373,0.016643536918631636,0.0007743962936316373,0.005168927543631637,0.016155255668631636,0.041301740043631636,0.053264630668631636,0.038616193168631636,0.011516583793631636,0.0007743962936316373,0.0024833806686316373,0.0007743962936316373,0.043010724418631636,0.037151349418631636,0.014690411918631636,-0.005573259956368363,-0.008014666206368364,0.0007743962936316373,0.010295880668631636,0.0007743962936316373,0.0007743962936316373,0.0007743962936316373,0.0007743962936316373,0.0007743962936316373,-0.015338884956368364,0.044231427543631636,0.030803693168631636,-0.0014228693313683627,-0.018756853706368364,-0.006305681831368363,0.0007743962936316373,0.024456036918631636,0.036174786918631636,0.0007743962936316373,0.0022392400436316373,0.014934552543631636,0.035442365043631636,0.0007743962936316373,0.048137677543631636,0.023235333793631636,0.0012626775436316373,-0.005573259956368363,0.012249005668631636,0.0007743962936316373,0.034709943168631636,0.0007743962936316373,0.0007743962936316373,0.0007743962936316373,0.0007743962936316373,0.006389630668631637,0.022014630668631636,0.0019950994186316373,-0.010211931831368364,0.0007743962936316373,0.0029716619186316373,0.0007743962936316373,0.008586896293631636,0.004924786918631637,0.0007743962936316373,-0.0021552912063683627,-0.0009345880813683627,0.006389630668631637,0.0007743962936316373,0.005413068168631637,0.0007743962936316373,-0.0019111505813683627,0.0022392400436316373,0.0024833806686316373,-0.0016670099563683627,0.0007743962936316373,-0.010211931831368364,-0.009723650581368364,0.0007743962936316373,0.0007743962936316373,0.0007743962936316373,0.0007743962936316373,-0.009967791206368364,-0.018512713081368364,0.0007743962936316373,-0.014606463081368364,0.0007743962936316373,-0.004840838081368363,-0.016803728706368364,-0.027301775581368364,-0.026325213081368364,0.0007743962936316373,0.0007743962936316373,-0.010456072456368364,-0.013141619331368364,-0.011432634956368364,-0.006305681831368363,-0.0011787287063683627,0.006389630668631637,0.004680646293631637,0.0007743962936316373,0.0010185369186316373,0.0007743962936316373,0.007854474418631636,0.0007743962936316373,0.0007743962936316373,0.0007743962936316373,0.012981427543631636,0.007854474418631636,0.0007743962936316373,0.008831036918631636,0.024211896293631636,0.0007743962936316373,0.009563458793631636,0.008831036918631636,0.010051740043631636,0.011516583793631636,0.0007743962936316373,0.014934552543631636,0.015911115043631636,0.009075177543631636,-0.004596697456368363,0.0007743962936316373,-0.013141619331368364,0.007854474418631636,0.0007743962936316373,-0.008747088081368364,-0.030719744331368364,-0.042194353706368364,-0.038043963081368364,0.0007743962936316373,0.0007743962936316373,0.0007743962936316373,0.0007743962936316373,0.0007743962936316373,-0.038288103706368364,-0.042682634956368364,-0.022907244331368364,-0.005817400581368363,-0.007282244331368363,0.0007743962936316373,-0.022663103706368364,-0.023395525581368364,-0.012409197456368364,0.0007743962936316373,-0.004352556831368363,-0.005573259956368363,0.0010185369186316373,0.0007743962936316373,0.008342755668631636,0.007122052543631637,0.010295880668631636,0.016643536918631636,0.020549786918631636,0.0007743962936316373,0.027629865043631636,0.0007743962936316373,0.0007743962936316373,0.0007743962936316373,0.0007743962936316373,-0.006305681831368363,0.0017509587936316373,0.0007743962936316373,-0.012165056831368364,0.0007743962936316373,0.0007743962936316373,-0.037067400581368364,-0.040241228706368364,-0.049030291206368364,-0.051227556831368364,-0.033161150581368364,4.1974418631637346e-05,0.0007743962936316373,0.022502911918631636,0.0005302556686316373,0.0007743962936316373,-0.005329119331368363,0.021282208793631636,0.042034161918631636,0.049114240043631636,0.0007743962936316373,0.039104474418631636,0.012493146293631636,0.0007743962936316373,0.0007743962936316373,0.0007743962936316373,0.0007743962936316373,0.050579083793631636,0.038127911918631636,0.0007743962936316373,0.034709943168631636,0.025920880668631636,0.015666974418631636,0.014202130668631636,0.013713849418631636,0.006877911918631637,0.0007743962936316373,-0.023151384956368364,-0.037311541206368364,-0.039020525581368364,0.0007743962936316373,-0.017536150581368364,-0.011188494331368364,-0.015583025581368364,-0.023639666206368364,-0.030475603706368364,0.0007743962936316373,-0.0009345880813683627,0.0034599431686316373,0.0007743962936316373,0.0007743962936316373,0.0007743962936316373,0.0007743962936316373,0.029582990043631636,0.043010724418631636,0.041545880668631636,0.038616193168631636,0.0007743962936316373,0.0007743962936316373,0.042034161918631636,0.056682599418631636,0.035930646293631636,0.016399396293631636,0.009563458793631636,0.010540021293631636,0.0007743962936316373,0.007122052543631637,-0.047077166206368364,0.0007743962936316373,-0.054645525581368364,-0.054645525581368364,-0.061481463081368364,-0.06563185370636836,0.0007743962936316373,-0.057086931831368364,-0.048542009956368364,0.0007743962936316373,0.0007743962936316373,0.0007743962936316373,0.0007743962936316373,0.0007743962936316373,-0.013629900581368364,-0.028278338081368364,0.0007743962936316373,0.0007743962936316373,0.027385724418631636,0.013957990043631636,0.016399396293631636,0.042278302543631636,0.06376267754363164,0.0007743962936316373,0.044963849418631636,0.016155255668631636,0.005413068168631637,0.0007743962936316373,0.015422833793631636,0.022991193168631636,-0.019000994331368364,-0.060260759956368364,-0.062458025581368364,0.0007743962936316373,-0.0028877130813683627,0.0007743962936316373,0.0007743962936316373,0.0007743962936316373,0.0007743962936316373,-0.053668963081368364,-0.020954119331368364,-0.031452166206368364,-0.039752947456368364,0.0007743962936316373,0.0007743962936316373,0.013957990043631636,0.006877911918631637,-0.0038642755813683627,0.0024833806686316373,0.029582990043631636,0.0007743962936316373,0.058635724418631636,0.0003369573287878871,0.07108689629363164,0.0007743962936316373,0.06327439629363164,0.051311505668631636,0.046184552543631636,0.0007743962936316373,0.040569318168631636,0.026409161918631636,0.0012626775436316373,0.0007743962936316373,0.0007743962936316373,0.0007743962936316373,0.0007743962936316373,0.0007743962936316373,-0.059284197456368364,0.0003369573287878871,-0.06538771308136836,-0.046344744331368364,-0.037555681831368364,0.0007743962936316373,-0.060749041206368364,-0.047321306831368364,-0.005817400581368363,0.0007743962936316373,0.0019950994186316373,-0.020221697456368364,-0.022418963081368364,0.0007743962936316373,0.038127911918631636,0.06254197441863164,0.06522752129363164,0.055950177543631636,0.046916974418631636,0.0007743962936316373,0.06303025566863164,0.0007743962936316373,0.0007743962936316373,0.0007743962936316373,0.0007743962936316373,0.005413068168631637,-0.006061541206368363,-0.013141619331368364,0.0007743962936316373,-0.032184588081368364,0.0007743962936316373,-0.038776384956368364,-0.060016619331368364,0.0003369573287878871,-0.06978224433136836,-0.042194353706368364,0.0007743962936316373,-0.017292009956368364,-0.049030291206368364,-0.042194353706368364,0.0007743962936316373,0.017375958793631636,0.007610333793631637,-0.008991228706368364,0.0007743962936316373,0.007854474418631636,0.045940411918631636,0.062297833793631636,0.0007743962936316373,0.0007743962936316373,0.0007743962936316373,0.0007743962936316373,0.0007743962936316373,0.0003369573287878871,0.06718064629363164,0.038372052543631636,0.012493146293631636,0.0007743962936316373,0.016155255668631636,0.010784161918631636,-0.016803728706368364,-0.035602556831368364,0.0007743962936316373,-0.028278338081368364,-0.030963884956368364,0.0007743962936316373,0.0003369573287878871,-0.06782911933136836,-0.032428728706368364,-0.027790056831368364,-0.043903338081368364,-0.044635759956368364,0.0007743962936316373,0.0007743962936316373,0.0007743962936316373,0.0007743962936316373,0.0007743962936316373,0.0007743962936316373,0.029094708793631636,0.046672833793631636,0.0007743962936316373,0.049114240043631636,0.041790021293631636,0.0007743962936316373,0.06547166191863164,0.06913377129363164,0.0007743962936316373,0.030071271293631636,0.010540021293631636,0.018352521293631636,0.029338849418631636,0.011516583793631636,-0.029254900581368364,0.0007743962936316373,0.0007743962936316373,-0.035846697456368364,-0.050250994331368364,-0.07027052558136836,0.0003369573287878871,0.0003369573287878871,0.0007743962936316373,-0.039752947456368364,0.0007743962936316373,0.0007743962936316373,0.0007743962936316373,0.0007743962936316373,0.0005302556686316373,-0.008747088081368364,-0.019245134956368364,-0.026325213081368364,-0.008747088081368364,0.0007743962936316373,0.021770490043631636,0.06327439629363164,0.054485333793631636,0.0007743962936316373,0.047405255668631636,0.06595994316863164,0.0003369573287878871,0.07035447441863164,0.038860333793631636,0.022502911918631636,0.028606427543631636,0.0007743962936316373,0.011028302543631636,0.0007743962936316373,0.0007743962936316373,-0.034625994331368364,0.0007743962936316373,-0.016559588081368364,0.0007743962936316373,0.0007743962936316373,0.0007743962936316373,-0.052448259956368364,-0.038043963081368364,0.0007743962936316373,0.0007743962936316373,0.0007743962936316373,-0.020954119331368364,0.0005302556686316373,0.0029716619186316373,0.009075177543631636,0.0007743962936316373,0.028118146293631636,0.028606427543631636,0.028118146293631636,0.0007743962936316373,0.0003369573287878871,0.0003369573287878871,0.0003369573287878871,0.053508771293631636,0.054729474418631636,0.0007743962936316373,0.0003369573287878871,0.058391583793631636,0.0007743962936316373,0.0007743962936316373,0.0007743962936316373,0.0007743962936316373,0.0007743962936316373,0.0007743962936316373,-0.027057634956368364,-0.054157244331368364,0.0003369573287878871,0.0003369573287878871,-0.06660841620636836,-0.048053728706368364,-0.044635759956368364,0.0007743962936316373,0.0003369573287878871,0.0007743962936316373,-0.004352556831368363,0.009807599418631636,-0.009235369331368364,-0.025348650581368364,-0.020954119331368364,0.0012626775436316373,0.025188458793631636,0.0007743962936316373,0.032756818168631636,0.0007743962936316373,0.061809552543631636,0.0007743962936316373,0.0007743962936316373,0.0007743962936316373,0.0007743962936316373,0.018840802543631636,0.0007743962936316373,0.018108380668631636,0.050823224418631636,0.0007743962936316373,-0.014606463081368364,-0.042194353706368364,-0.055133806831368364,-0.037311541206368364,0.0007743962936316373,-0.022663103706368364,-0.060749041206368364,0.0003369573287878871,0.0003369573287878871,0.0007743962936316373,-0.013141619331368364,-0.031452166206368364,-0.057086931831368364,0.0007743962936316373,-0.042926775581368364,0.014934552543631636,0.043743146293631636,0.016887677543631636,0.0007743962936316373,0.0007743962936316373,0.0007743962936316373,0.0007743962936316373,0.0007743962936316373,0.0003369573287878871,0.041057599418631636,0.013957990043631636,0.034465802543631636,0.0007743962936316373,0.0003369573287878871,0.0003369573287878871,0.013957990043631636,-0.009723650581368364,0.0007743962936316373,0.040569318168631636,0.008831036918631636,0.0007743962936316373,-0.06709669745636836,-0.057331072456368364,-0.026325213081368364,-0.024860369331368364,-0.046588884956368364,0.0003369573287878871,0.0007743962936316373,0.0007743962936316373,-0.053180681831368364,0.0007743962936316373,0.0007743962936316373,0.0007743962936316373,-0.028034197456368364,0.0007743962936316373,-0.0038642755813683627,0.010540021293631636,0.008098615043631636,0.0007743962936316373,0.0012626775436316373,0.0007743962936316373,0.06425095879363164,0.0003369573287878871,0.0003369573287878871,0.059368146293631636,0.053508771293631636,0.06742478691863164,0.0007743962936316373,0.0003369573287878871,0.0007743962936316373,0.034221661918631636,0.027141583793631636,0.016887677543631636,0.012004865043631636,0.0007743962936316373,0.0015068181686316373,0.0007743962936316373,0.0007743962936316373,0.0007743962936316373,0.0007743962936316373,0.0007743962936316373,-0.06978224433136836,0.0003369573287878871,0.0003369573287878871,-0.051471697456368364,0.0007743962936316373,-0.025104509956368364,-0.024616228706368364,-0.018268572456368364,-0.010211931831368364,0.0007743962936316373,0.018108380668631636,0.014446271293631636,0.0007743962936316373,0.009563458793631636,0.034465802543631636,0.06595994316863164,0.0003369573287878871,0.07059861504363164,0.056926740043631636,0.0007743962936316373,0.059612286918631636,0.0007743962936316373,0.0007743962936316373,0.0007743962936316373,0.0007743962936316373,0.005168927543631637,0.004680646293631637,0.004192365043631637,-0.007770525581368363,0.0007743962936316373,-0.054157244331368364,0.0007743962936316373,-0.051227556831368364,-0.052692400581368364,-0.06612013495636836,-0.06538771308136836,-0.058307634956368364,-0.045612322456368364,-0.032428728706368364,0.0007743962936316373,-0.024860369331368364,-0.011188494331368364,0.0007743962936316373,-0.013874041206368364,4.1974418631637346e-05,0.012981427543631636,0.012493146293631636,0.0007743962936316373,0.0007743962936316373,0.0007743962936316373,0.0007743962936316373,0.0007743962936316373,0.0007743962936316373,0.06742478691863164,0.06693650566863164,0.054973615043631636,0.039348615043631636,0.033977521293631636,0.0007743962936316373,0.036174786918631636,0.016643536918631636,-0.004596697456368363,0.0007743962936316373,-0.039264666206368364,-0.035358416206368364,-0.034625994331368364,0.0007743962936316373,-0.060993181831368364,0.0003369573287878871,0.0003369573287878871,-0.060016619331368364,-0.048542009956368364,0.0007743962936316373,-0.055622088081368364,0.0007743962936316373,0.0007743962936316373,0.0007743962936316373,0.0007743962936316373,0.009075177543631636,0.0012626775436316373,0.0007743962936316373,0.009319318168631636,0.024456036918631636,0.0007743962936316373,0.062297833793631636,0.06840134941863164,0.06547166191863164,0.0007743962936316373,0.0003369573287878871,0.0003369573287878871,0.057170880668631636,0.044719708793631636,0.039348615043631636,0.0007743962936316373,0.025676740043631636,0.0007743962936316373,0.004680646293631637,-0.015338884956368364,-0.009967791206368364,-0.010944353706368364,0.0007743962936316373,0.0007743962936316373,0.0007743962936316373,0.0007743962936316373,0.0007743962936316373,-0.042682634956368364,-0.050739275581368364,0.0007743962936316373,-0.060993181831368364,-0.045124041206368364,-0.016803728706368364,-0.0009345880813683627,-0.008014666206368364,-0.006305681831368363,0.0007743962936316373,0.0007743962936316373,0.011028302543631636,0.033733380668631636,0.058147443168631636,0.058147443168631636,0.046916974418631636,0.050823224418631636,0.0007743962936316373,0.061077130668631636,0.06498338066863164,0.0007743962936316373,0.039836896293631636,0.0007743962936316373,0.0007743962936316373,0.0007743962936316373,0.0007743962936316373,-0.013874041206368364,-0.043903338081368364,-0.051715838081368364,-0.044147478706368364,0.0007743962936316373,0.0007743962936316373,0.0003369573287878871,0.0003369573287878871,-0.06929396308136836,0.0007743962936316373,-0.050250994331368364,-0.058551775581368364,-0.056354509956368364,-0.038288103706368364,-0.009479509956368364,0.0007743962936316373,-0.011432634956368364,0.0007743962936316373,0.012737286918631636,0.013225568168631636,0.008098615043631636,0.020061505668631636,0.0007743962936316373,0.0007743962936316373,0.0007743962936316373,0.052776349418631636,0.0007743962936316373,0.0007743962936316373,0.0003369573287878871,0.0003369573287878871,0.055461896293631636,0.0007743962936316373,0.014690411918631636,0.005657208793631637,-0.004596697456368363,-0.008991228706368364,-0.016071306831368364,0.0007743962936316373,-0.027057634956368364,0.0007743962936316373,-0.048297869331368364,-0.058795916206368364,-0.058307634956368364,-0.045612322456368364,-0.043170916206368364,0.0007743962936316373,-0.041706072456368364,-0.027301775581368364,0.0007743962936316373,-0.012897478706368364,0.0007743962936316373,0.0007743962936316373,0.0007743962936316373,0.008342755668631636,0.008586896293631636,0.0007743962936316373,0.054241193168631636,0.06791306816863164,0.0007743962936316373,0.0007743962936316373,0.039104474418631636,0.06669236504363164,0.0003369573287878871,0.0003369573287878871,0.048625958793631636,0.028606427543631636,0.0007743962936316373,0.037151349418631636,0.026409161918631636,0.0007743962936316373,-0.022907244331368364,-0.031208025581368364,-0.034137713081368364,-0.030475603706368364,0.0007743962936316373,0.0003369573287878871,0.0007743962936316373,0.0007743962936316373,0.0007743962936316373,0.0007743962936316373,0.0007743962936316373,-0.062213884956368364,0.0003369573287878871,0.0007743962936316373,-0.014606463081368364,0.021038068168631636,0.0007743962936316373,0.003948224418631637,-0.0028877130813683627,0.0007743962936316373,0.0007743962936316373,0.037395490043631636,0.034221661918631636,0.024700177543631636,0.0007743962936316373,0.058147443168631636,0.0003369573287878871,0.06547166191863164,0.0007743962936316373,0.050579083793631636,0.0007743962936316373,0.036907208793631636,0.0007743962936316373,0.0007743962936316373,0.0007743962936316373,0.0007743962936316373,0.013225568168631636,0.0007743962936316373,-0.06367872870636836,-0.06758497870636836,0.0007743962936316373,0.0007743962936316373,-0.043659197456368364,-0.057086931831368364,0.0007743962936316373,-0.051227556831368364,-0.051959978706368364,-0.053424822456368364,0.0007743962936316373,-0.0009345880813683627,0.023479474418631636,0.0007743962936316373,0.0007743962936316373,-0.021930681831368364,0.018596661918631636,0.0007743962936316373,0.051799786918631636,0.023723615043631636,0.0007743962936316373,0.0007743962936316373,0.0007743962936316373,0.0007743962936316373,0.0007743962936316373,0.06400681816863164,0.0007743962936316373,0.0003369573287878871,0.0003369573287878871,0.0007743962936316373,0.06400681816863164,0.038127911918631636,0.020793927543631636,0.0007743962936316373,0.009807599418631636,0.0007743962936316373,-0.025348650581368364,0.0007743962936316373,-0.062458025581368364,-0.060504900581368364,-0.059772478706368364,0.0007743962936316373,0.0003369573287878871,0.0003369573287878871,0.0007743962936316373,-0.056598650581368364,0.0007743962936316373,0.0007743962936316373,0.0007743962936316373,0.0007743962936316373,0.0007743962936316373,-0.029499041206368364,0.0007743962936316373,0.015178693168631636,0.020061505668631636,0.0007743962936316373,0.0007743962936316373,0.0007743962936316373,0.00028611504363163735,0.0007743962936316373,0.061565411918631636,0.06254197441863164,0.035198224418631636,0.0007743962936316373,-0.014362322456368364,0.020549786918631636,0.056194318168631636,0.0007743962936316373,0.0007743962936316373,-0.039020525581368364,-0.062213884956368364,0.0007743962936316373,-0.011432634956368364,0.0007743962936316373,0.0007743962936316373,0.0007743962936316373,0.0007743962936316373,-0.047809588081368364,0.0007743962936316373,0.0007743962936316373,-0.035846697456368364,0.0007743962936316373,-0.024616228706368364,-0.023395525581368364,-0.010944353706368364,0.0007743962936316373,-0.0016670099563683627,-0.0006904474563683627,0.0007743962936316373,0.0007743962936316373,0.031047833793631636,0.036174786918631636,0.0007743962936316373,0.010784161918631636,0.024456036918631636,0.042034161918631636,0.0007743962936316373,0.047649396293631636,0.021282208793631636,0.0007743962936316373,0.0007743962936316373,0.0007743962936316373,0.0007743962936316373,0.0007743962936316373,0.018840802543631636,0.0007743962936316373,0.0032158025436316373,0.013713849418631636,0.021526349418631636,0.0007743962936316373,0.0007743962936316373,-0.021930681831368364,0.0007743962936316373,0.008098615043631636,0.014446271293631636,0.012737286918631636,0.0007743962936316373,-0.012409197456368364,-0.008747088081368364,0.00028611504363163735,0.0007743962936316373,0.0007743962936316373,0.0032158025436316373,-0.0023994318313683627,0.0007743962936316373,-0.007282244331368363,0.0007743962936316373,0.0007743962936316373,0.0007743962936316373,0.0007743962936316373,0.0027275212936316373,0.0007743962936316373,0.0007743962936316373,-0.025104509956368364,-0.020709978706368364,0.0007743962936316373,-0.005817400581368363,-0.004352556831368363,-0.008014666206368364,0.0007743962936316373,-0.020465838081368364,0.0007743962936316373,0.0007743962936316373,-0.004108416206368363,0.0007743962936316373,-0.0014228693313683627,-0.014606463081368364,-0.027545916206368364,0.0007743962936316373,-0.0038642755813683627,0.016887677543631636,0.0007743962936316373,0.0007743962936316373,-0.019245134956368364,0.0007743962936316373,0.0007743962936316373,0.0007743962936316373,0.0007743962936316373,0.017620099418631636,0.0032158025436316373,-0.010944353706368364,0.0007743962936316373,0.0007743962936316373,0.009075177543631636,0.0007743962936316373,0.005657208793631637,-0.005329119331368363,-0.005817400581368363,0.0007743962936316373,0.019573224418631636,0.017131818168631636,0.0007743962936316373,-0.0011787287063683627,0.0007743962936316373,0.012981427543631636,0.0007743962936316373,0.010051740043631636,0.005901349418631637,0.0007743962936316373,0.006145490043631637,0.0007743962936316373,0.0007743962936316373,0.0007743962936316373,0.0007743962936316373,0.0007743962936316373,0.012493146293631636,0.0007743962936316373,0.015178693168631636,0.008831036918631636,0.0029716619186316373,0.0007743962936316373,0.005413068168631637,0.008831036918631636,0.008342755668631636,0.0007743962936316373,0.0007743962936316373,0.012737286918631636,0.0007743962936316373,0.048137677543631636,0.0032158025436316373,-0.06636427558136836,0.0007743962936316373,-0.060016619331368364,0.009319318168631636,0.040325177543631636,0.0007743962936316373,0.0007743962936316373,0.0007743962936316373,0.0007743962936316373,0.0007743962936316373,0.0007743962936316373,0.015666974418631636,0.0007743962936316373,-0.043659197456368364,-0.037799822456368364,0.009563458793631636,0.0007743962936316373,0.0007743962936316373,0.022747052543631636,-0.010944353706368364,0.0007743962936316373,0.017375958793631636,0.041057599418631636,0.0007743962936316373,0.013957990043631636,0.0032158025436316373,0.0007743962936316373,0.0007743962936316373,0.0007743962936316373,0.0007743962936316373,0.0007743962936316373,0.0007743962936316373,0.0015068181686316373,0.0007743962936316373,0.0007743962936316373,0.0007743962936316373,0.0007743962936316373,0.0007743962936316373,-0.008991228706368364,0.058635724418631636,0.0003369573287878871,0.0007743962936316373,0.0007743962936316373,0.0003369573287878871,0.0007743962936316373,0.059856427543631636,0.0003369573287878871,0.035442365043631636,0.0007743962936316373,0.0003369573287878871,-0.042194353706368364,0.054485333793631636,0.0007743962936316373,0.0007743962936316373,-0.057086931831368364,0.0003369573287878871,-0.029010759956368364,0.0007743962936316373,0.06986619316863164,0.0007743962936316373,0.0007743962936316373,0.0007743962936316373,0.0007743962936316373,0.0007743962936316373,0.0007743962936316373,0.008831036918631636,0.0007743962936316373,-0.06319044745636836,-0.033893572456368364,0.021770490043631636,0.0007743962936316373,0.0015068181686316373,-0.046588884956368364,0.0007743962936316373,0.0007743962936316373,0.006145490043631637,0.008831036918631636,0.0007743962936316373,-0.056598650581368364,-0.07051466620636836,-0.024616228706368364,0.018352521293631636,0.0007743962936316373,-0.047321306831368364,0.0007743962936316373,0.0007743962936316373,0.0003369573287878871,0.0007743962936316373,0.0007743962936316373,0.0007743962936316373,0.0007743962936316373,0.0003369573287878871,-0.032917009956368364,0.021526349418631636,0.0007743962936316373,0.0007743962936316373,-0.055377947456368364,0.0003369573287878871,0.0007743962936316373,0.011760724418631636,0.053264630668631636,0.0007743962936316373,-0.023883806831368364,-0.06636427558136836,-0.041461931831368364,0.0007743962936316373,0.0007743962936316373,0.040813458793631636,-0.023395525581368364,-0.056110369331368364,-0.023883806831368364,0.0007743962936316373,0.0007743962936316373,0.0007743962936316373,0.0007743962936316373,0.0007743962936316373,0.0007743962936316373,0.0007743962936316373,0.06327439629363164,0.053264630668631636,0.014934552543631636,0.0007743962936316373,-0.004840838081368363,0.046672833793631636,0.0003369573287878871,0.0007743962936316373,0.010784161918631636,0.0007743962936316373,-0.007038103706368363,0.0007743962936316373,0.053264630668631636,0.049114240043631636,0.018108380668631636,0.0007743962936316373,-0.032672869331368364,-0.008258806831368364,0.023235333793631636,0.0007743962936316373,0.0007743962936316373,-0.045612322456368364,0.0007743962936316373,0.0007743962936316373,0.0007743962936316373,0.0007743962936316373,0.024700177543631636,-0.041950213081368364,0.0007743962936316373,-0.011920916206368364,0.0007743962936316373,0.058879865043631636,0.0007743962936316373,-0.010700213081368364,-0.051715838081368364,0.0007743962936316373,0.012493146293631636,0.056438458793631636,0.06449509941863164,0.011272443168631636,0.0007743962936316373,0.0007743962936316373,0.007610333793631637,0.06327439629363164,0.0007743962936316373,0.030559552543631636,-0.029743181831368364,0.0007743962936316373,0.0007743962936316373,0.0007743962936316373,0.0007743962936316373,0.0007743962936316373,-0.016559588081368364,-0.048786150581368364,-0.029499041206368364,0.026653302543631636,0.0007743962936316373,0.007610333793631637,-0.019733416206368364,-0.039997088081368364,-0.038043963081368364,0.0007743962936316373,0.012004865043631636,0.0007743962936316373,-0.008991228706368364,-0.012165056831368364,-0.007770525581368363,0.005657208793631637,0.016155255668631636,0.007854474418631636,0.0007743962936316373,0.0007743962936316373,0.0007743962936316373,0.006145490043631637,0.0007743962936316373,0.0007743962936316373,0.0007743962936316373,0.0007743962936316373,-0.0028877130813683627,0.007366193168631637,0.012249005668631636,0.005413068168631637,0.0007743962936316373,-0.016071306831368364,0.0007743962936316373,0.012981427543631636,0.014690411918631636,0.008098615043631636,0.007122052543631637,0.007366193168631637,0.004192365043631637,0.0007743962936316373,0.026409161918631636,0.0007743962936316373,0.011028302543631636,-0.010944353706368364,-0.012897478706368364,-0.0014228693313683627,0.0007743962936316373,0.023967755668631636,0.0007743962936316373,0.0007743962936316373,0.0007743962936316373,0.0007743962936316373,0.0007743962936316373,0.008342755668631636,0.011760724418631636,4.1974418631637346e-05,-0.004108416206368363,0.0015068181686316373,0.0007743962936316373,0.0015068181686316373,-0.011432634956368364,-0.019245134956368364,0.0007743962936316373,0.0032158025436316373,0.0019950994186316373,-0.031452166206368364,0.0007743962936316373,-0.024372088081368364,-0.008991228706368364,-0.0011787287063683627,-0.004840838081368363,-0.014606463081368364,0.0007743962936316373,-0.020465838081368364,0.0007743962936316373,0.0007743962936316373,0.0007743962936316373,0.0007743962936316373,-0.0038642755813683627,0.0007743962936316373,-0.032672869331368364,-0.006549822456368363,0.0012626775436316373,0.0007743962936316373,-0.016803728706368364,-0.021442400581368364,0.0007743962936316373,-0.016559588081368364,-0.022663103706368364,-0.017292009956368364,-0.018756853706368364,-0.029743181831368364,-0.030231463081368364,0.0007743962936316373,0.0007743962936316373,-0.011432634956368364,-0.018756853706368364,-0.021930681831368364,0.0007743962936316373,-0.018024431831368364,-0.0014228693313683627,0.0007743962936316373,0.0007743962936316373,0.0007743962936316373,0.0007743962936316373,0.0007743962936316373,0.022747052543631636,0.011516583793631636,-0.004352556831368363,0.0007743962936316373,0.007366193168631637,0.010051740043631636,0.008342755668631636,0.011272443168631636,0.0007743962936316373,0.0007743962936316373,0.0022392400436316373,0.008586896293631636,0.021526349418631636,0.024456036918631636,0.0007743962936316373,-0.009723650581368364,0.0034599431686316373,0.029827130668631636,0.039348615043631636,0.0007743962936316373,0.0007743962936316373,0.006877911918631637,0.0007743962936316373,0.0007743962936316373,0.0007743962936316373,0.020305646293631636,0.029094708793631636,0.0007743962936316373,0.009563458793631636,0.008831036918631636,0.0007743962936316373,0.043743146293631636,0.0007743962936316373,0.0017509587936316373,-0.006793963081368363,0.003948224418631637,0.018596661918631636,0.017131818168631636,-0.005084978706368363,0.0007743962936316373,0.007610333793631637,0.0007743962936316373,-0.008258806831368364,-0.021198259956368364,0.0007743962936316373,0.006633771293631637,0.013469708793631636,0.0007743962936316373,0.0007743962936316373,0.0007743962936316373,0.0007743962936316373,0.019573224418631636,0.0007743962936316373,-0.028034197456368364,-0.004108416206368363,0.029094708793631636,0.0007743962936316373,0.0019950994186316373,-0.010944353706368364,-0.0016670099563683627,0.010051740043631636,0.006389630668631637,0.0007743962936316373,-0.004108416206368363,0.0012626775436316373,-0.018756853706368364,0.0007743962936316373,-0.026081072456368364,-0.021930681831368364,-0.010700213081368364,-0.008258806831368364,-0.029499041206368364,0.0007743962936316373,-0.026081072456368364,0.0007743962936316373,0.0007743962936316373,0.0007743962936316373,0.0007743962936316373,-0.055377947456368364,-0.021442400581368364,0.010784161918631636,0.014202130668631636,0.0007743962936316373,0.0007743962936316373,-0.048542009956368364,-0.019977556831368364,0.020549786918631636,0.028850568168631636,-0.005329119331368363,-0.048053728706368364,-0.012653338081368364,0.0007743962936316373,0.032512677543631636,0.0007743962936316373,-0.008747088081368364,-0.036090838081368364,-0.029010759956368364,0.004192365043631637,0.036174786918631636,0.0007743962936316373,-0.0038642755813683627,0.0007743962936316373,0.0007743962936316373,0.0007743962936316373,0.0007743962936316373,0.036663068168631636,0.0007743962936316373,-0.006793963081368363,-0.0011787287063683627,0.012981427543631636,0.023967755668631636,0.015911115043631636,0.0007743962936316373,0.023967755668631636,0.033245099418631636,0.0007743962936316373,-0.0016670099563683627,0.0007743962936316373,0.007366193168631637,0.028606427543631636,0.039104474418631636,0.020061505668631636,-0.012165056831368364,-0.031940447456368364,-0.018268572456368364,0.0007743962936316373,0.027629865043631636,0.0007743962936316373,0.0007743962936316373,0.0007743962936316373,0.0007743962936316373,0.0022392400436316373,0.024456036918631636,-0.005084978706368363,-0.045856463081368364,0.0007743962936316373,0.0007743962936316373,0.013713849418631636,0.027141583793631636,0.017864240043631636,-0.027545916206368364,0.0007743962936316373,-0.006549822456368363,0.037639630668631636,0.056438458793631636,0.033733380668631636,0.0007743962936316373,-0.014118181831368364,0.006145490043631637,0.037639630668631636,0.0007743962936316373,0.0007743962936316373,0.044475568168631636,0.0007743962936316373,0.0007743962936316373,0.0007743962936316373,0.0007743962936316373,0.0007743962936316373,0.0007743962936316373,-0.034625994331368364,0.007854474418631636,-0.023395525581368364,0.0007743962936316373,-0.055622088081368364,-0.055866228706368364,-0.031208025581368364,-0.006305681831368363,-0.0028877130813683627,0.0007743962936316373,-0.045612322456368364,-0.052936541206368364,-0.004840838081368363,0.0007743962936316373,0.009807599418631636,0.010051740043631636,-0.0031318537063683627,-0.017292009956368364,-0.010456072456368364,0.0007743962936316373,0.033977521293631636,0.0007743962936316373,0.0007743962936316373,0.0007743962936316373,0.0007743962936316373,0.048381818168631636,0.047161115043631636,0.037151349418631636,0.0007743962936316373,0.034709943168631636,0.0007743962936316373,0.020061505668631636,0.022502911918631636,0.032268536918631636,-0.00020216620636836265,0.0007743962936316373,-0.018512713081368364,-0.011920916206368364,0.003948224418631637,0.0010185369186316373,0.0007743962936316373,-0.021198259956368364,-0.031208025581368364,0.0007743962936316373,-0.034625994331368364,-0.034625994331368364,-0.035846697456368364,-0.035358416206368364,0.0007743962936316373,0.0007743962936316373,0.0007743962936316373,0.0007743962936316373,0.0007743962936316373,-0.007526384956368363,-0.0038642755813683627,0.019329083793631636,0.0007743962936316373,0.026653302543631636,0.022747052543631636,0.016643536918631636,0.023967755668631636,0.041545880668631636,0.0007743962936316373,0.022991193168631636,0.0007743962936316373,0.021526349418631636,0.023967755668631636,0.019573224418631636,0.0027275212936316373,-0.0036201349563683627,0.024944318168631636,0.0007743962936316373,0.004192365043631637,0.0007743962936316373,-0.037311541206368364,0.0007743962936316373,0.0007743962936316373,0.0007743962936316373,-0.030475603706368364,-0.053180681831368364,0.0007743962936316373,-0.053180681831368364,-0.048053728706368364,0.0007743962936316373,-0.016803728706368364,0.0007743962936316373,-0.019733416206368364,-0.026325213081368364,-0.016315447456368364,0.0029716619186316373,0.014446271293631636,0.0007743962936316373,0.006633771293631637,0.018352521293631636,0.0007743962936316373,0.050579083793631636,0.023235333793631636,0.0007743962936316373,0.008831036918631636,0.010051740043631636,0.019817365043631636,0.026653302543631636,0.0007743962936316373,0.0007743962936316373,0.0007743962936316373,0.0007743962936316373,0.0007743962936316373,-0.008991228706368364,-0.035846697456368364,-0.041706072456368364,-0.022663103706368364,-0.007770525581368363,-0.031452166206368364,0.0007743962936316373,-0.052692400581368364,-0.058795916206368364,0.0007743962936316373,-0.024860369331368364,0.0019950994186316373,0.012249005668631636,0.0022392400436316373,-0.009723650581368364,0.017375958793631636,0.0007743962936316373,0.028362286918631636,0.028850568168631636,0.0007743962936316373,0.054729474418631636,0.0007743962936316373,0.0007743962936316373,0.0007743962936316373,0.0007743962936316373,0.026165021293631636,0.039104474418631636,0.045452130668631636,0.029582990043631636,0.0007743962936316373,0.0007743962936316373,0.017131818168631636,0.018840802543631636,0.00028611504363163735,-0.023883806831368364,-0.039264666206368364,-0.017780291206368364,0.0007743962936316373,-0.013141619331368364,-0.021198259956368364,0.0007743962936316373,-0.045368181831368364,-0.009723650581368364,0.0007743962936316373,0.0027275212936316373,0.011760724418631636,0.006389630668631637,-0.0021552912063683627,0.0007743962936316373,0.0007743962936316373,0.0007743962936316373,0.0007743962936316373,0.0007743962936316373,0.014446271293631636,0.008831036918631636,0.009807599418631636,0.0007743962936316373,0.0015068181686316373,-0.0028877130813683627,-0.006305681831368363,-0.006549822456368363,0.0007743962936316373,0.0007743962936316373,-0.004108416206368363,-0.030475603706368364,-0.042682634956368364,-0.027301775581368364,0.0007743962936316373,-0.029254900581368364,-0.039508806831368364,-0.049762713081368364,-0.039264666206368364,0.0007743962936316373,0.0007743962936316373,-0.0023994318313683627,0.0007743962936316373,0.0007743962936316373,0.0007743962936316373,0.0019950994186316373,0.022258771293631636,0.0007743962936316373,0.034465802543631636,0.029338849418631636,0.0007743962936316373,0.0007743962936316373,0.017375958793631636,0.004680646293631637,0.0037040837936316373,0.026653302543631636,0.049114240043631636,0.025920880668631636,-0.015583025581368364,-0.010211931831368364,0.0007743962936316373,0.0007743962936316373,-0.0011787287063683627,-0.013141619331368364,-0.027057634956368364,-0.047321306831368364,-0.046344744331368364,-0.020465838081368364,0.0007743962936316373,0.0007743962936316373,0.0007743962936316373,0.0007743962936316373,0.0007743962936316373,0.0007743962936316373,0.0007743962936316373,0.026409161918631636,0.025188458793631636,0.024211896293631636,0.023967755668631636,0.023479474418631636,0.0007743962936316373,0.008342755668631636,-0.0033759943313683627,0.0007743962936316373,0.018596661918631636,0.0007743962936316373,0.0012626775436316373,-0.012653338081368364,-0.015827166206368364,-0.009723650581368364,-0.009479509956368364,-0.023395525581368364,-0.037799822456368364,0.0007743962936316373,0.0007743962936316373,-0.022907244331368364,0.0007743962936316373,0.0007743962936316373,0.0007743962936316373,-0.025104509956368364,0.008098615043631636,0.017620099418631636,0.0007743962936316373,-0.005084978706368363,0.0007743962936316373,0.022747052543631636,0.045696271293631636,0.044231427543631636,-0.00044630683136836265,0.0007743962936316373,0.0015068181686316373,0.020305646293631636,0.032268536918631636,0.026897443168631636,0.0007743962936316373,-0.0036201349563683627,-0.0009345880813683627,0.0007743962936316373,-0.00020216620636836265,-0.0023994318313683627,-0.009967791206368364,-0.023151384956368364,0.0007743962936316373,0.0007743962936316373,0.0007743962936316373,0.0007743962936316373,0.0007743962936316373,-0.004840838081368363,0.024456036918631636,0.0007743962936316373,0.020793927543631636,0.013957990043631636,0.016399396293631636,0.025920880668631636,0.026897443168631636,0.017375958793631636,0.0007743962936316373,0.010540021293631636,0.0007743962936316373,0.0007743962936316373,-0.0036201349563683627,-0.008502947456368364,-0.014362322456368364,-0.016803728706368364,-0.015827166206368364,-0.019489275581368364,0.0007743962936316373,-0.050250994331368364,0.0007743962936316373,0.0007743962936316373,0.0007743962936316373,0.0007743962936316373,-0.030231463081368364,-0.013385759956368364,0.0007743962936316373,0.022747052543631636,0.016399396293631636,0.0007743962936316373,0.020549786918631636,0.036174786918631636,0.037395490043631636,0.0007743962936316373,0.015666974418631636,0.009807599418631636,0.006389630668631637,0.007854474418631636,0.008098615043631636,0.0007743962936316373,-0.0009345880813683627,-0.021198259956368364,0.0007743962936316373,-0.030231463081368364,-0.031696306831368364,-0.028522478706368364,-0.024860369331368364,0.0007743962936316373,0.0007743962936316373,0.0007743962936316373,0.0007743962936316373,0.0007743962936316373,0.0007743962936316373,0.009807599418631636,0.013225568168631636,0.014446271293631636,0.015911115043631636,0.011272443168631636,0.022747052543631636,0.0007743962936316373,0.027141583793631636,0.017864240043631636,0.0007743962936316373,0.006389630668631637,0.020793927543631636,0.0007743962936316373,-0.0023994318313683627,-0.022907244331368364,-0.015583025581368364,-0.0023994318313683627,-0.009479509956368364,-0.042682634956368364,0.0007743962936316373,0.0007743962936316373,0.0010185369186316373,0.0007743962936316373,0.0007743962936316373,0.0007743962936316373,0.020305646293631636,0.016155255668631636,0.0007743962936316373,0.014690411918631636,0.036907208793631636,0.0007743962936316373,0.039592755668631636,0.011272443168631636,-0.00020216620636836265,0.0007743962936316373,0.018596661918631636,0.015911115043631636,-0.005817400581368363,-0.018024431831368364,-0.011432634956368364,0.0007743962936316373,-0.008014666206368364,0.0007743962936316373,-0.056110369331368364,-0.050006853706368364,-0.028766619331368364,-0.013629900581368364,0.0007743962936316373,0.0007743962936316373,0.0007743962936316373,0.0007743962936316373,0.0007743962936316373,0.009563458793631636,0.034465802543631636,0.0007743962936316373,0.014934552543631636,-0.004840838081368363,-0.006305681831368363,0.012249005668631636,0.024944318168631636,-0.022663103706368364,0.0007743962936316373,0.0007743962936316373,-0.017780291206368364,0.0022392400436316373,0.0017509587936316373,-0.031940447456368364,-0.030475603706368364,0.0007743962936316373,-0.021686541206368364,-0.018512713081368364,-0.016803728706368364,0.0007743962936316373,0.013957990043631636,0.0007743962936316373,0.0007743962936316373,0.0007743962936316373,0.024944318168631636,0.0007743962936316373,0.050823224418631636,0.029827130668631636,0.011760724418631636,0.0007743962936316373,0.018596661918631636,0.0032158025436316373,0.0007743962936316373,-0.021930681831368364,-0.024127947456368364,-0.011188494331368364,-0.006061541206368363,-0.013385759956368364,-0.031696306831368364,0.0007743962936316373,0.0007743962936316373,-0.034625994331368364,-0.013385759956368364,0.015911115043631636,0.028850568168631636,0.011760724418631636,0.0029716619186316373,0.0007743962936316373,0.0007743962936316373,0.0007743962936316373,0.0007743962936316373,0.0007743962936316373,0.0007743962936316373,-0.005084978706368363,-0.005817400581368363,0.012004865043631636,0.022502911918631636,0.0007743962936316373,-0.006061541206368363,-0.025836931831368364,-0.028766619331368364,-0.019000994331368364,0.0007743962936316373,0.0007743962936316373,-0.016803728706368364,-0.023883806831368364,-0.016071306831368364,0.0010185369186316373,0.017375958793631636,0.018352521293631636,0.010540021293631636,0.013713849418631636,0.0007743962936316373,0.0007743962936316373,0.051799786918631636,0.0007743962936316373,0.0007743962936316373,0.0007743962936316373,0.0022392400436316373,0.027141583793631636,0.012737286918631636,0.0003369573287878871,0.0007743962936316373,0.0007743962936316373,-0.056598650581368364,-0.028766619331368364,-0.0026435724563683627,0.004436505668631637,-0.031940447456368364,0.0007743962936316373,-0.029254900581368364,0.0017509587936316373,0.034221661918631636,0.0007743962936316373,0.017375958793631636,0.0007743962936316373,0.034709943168631636,0.038616193168631636,0.016887677543631636,-0.008747088081368364,-0.013141619331368364,0.0007743962936316373,0.0007743962936316373,0.0007743962936316373,0.0007743962936316373,0.0007743962936316373,0.0007743962936316373,-0.013385759956368364,-0.040485369331368364,-0.06636427558136836,-0.054645525581368364,-0.016071306831368364,0.0007743962936316373,-0.033161150581368364,-0.040973650581368364,-0.022418963081368364,0.0007743962936316373,-0.016803728706368364,0.0007743962936316373,-0.016315447456368364,0.007854474418631636,0.030803693168631636,0.031291974418631636,0.011760724418631636,0.004924786918631637,0.013713849418631636,0.0007743962936316373,0.011028302543631636,0.0007743962936316373,0.0007743962936316373,0.0007743962936316373,0.0007743962936316373,0.015666974418631636,0.012004865043631636,0.008342755668631636,0.005168927543631637,0.0007743962936316373,0.0007743962936316373,0.021282208793631636,0.021282208793631636,0.0007743962936316373,0.020061505668631636,0.020549786918631636,0.019817365043631636,0.022502911918631636,0.020061505668631636,0.020793927543631636,0.0007743962936316373,0.0007743962936316373,0.028118146293631636,0.009563458793631636,-0.004352556831368363,0.0010185369186316373,0.014934552543631636,0.0007743962936316373,0.0007743962936316373,0.0007743962936316373,-0.013385759956368364,0.0007743962936316373,0.0007743962936316373,0.026653302543631636,0.009075177543631636,0.0007743962936316373,-0.0016670099563683627,0.0017509587936316373,0.013957990043631636,0.015911115043631636,0.012981427543631636,0.0007743962936316373,0.0007743962936316373,0.018596661918631636,0.020793927543631636,0.007366193168631637,0.0007743962936316373,0.0007743962936316373,0.004924786918631637,0.014690411918631636,0.022747052543631636,-0.00020216620636836265,0.0007743962936316373,0.0007743962936316373,-0.024127947456368364,0.0007743962936316373,0.0007743962936316373,0.0007743962936316373,-0.00020216620636836265,-0.033405291206368364,0.0007743962936316373,-0.030475603706368364
UR5e_W,0.012108554359243698,0.0387198824842437,0.0348136324842437,0.00014566373424369783,0.023339023109243698,0.00014566373424369783,0.011620273109243698,0.026024569984243698,0.029930819984243698,0.010399569984243698,-0.0013191800157563022,0.00014566373424369783,0.00014566373424369783,0.00014566373424369783,0.015038241859243698,0.00014566373424369783,0.00014566373424369783,0.00014566373424369783,-0.010352383140756302,0.00014566373424369783,0.00014566373424369783,0.00014566373424369783,0.00014566373424369783,-0.024756680015756302,-0.014258633140756302,0.00014566373424369783,0.00014566373424369783,-0.020118008140756302,-0.030371914390756302,0.00014566373424369783,-0.024512539390756302,0.00014566373424369783,0.00014566373424369783,0.00014566373424369783,0.00014566373424369783,0.00014566373424369783,0.00014566373424369783,0.00014566373424369783,0.00014566373424369783,0.00014566373424369783,0.00014566373424369783,-0.015235195640756302,0.00014566373424369783,0.00014566373424369783,0.00014566373424369783,0.00014566373424369783,0.00014566373424369783,0.00014566373424369783,0.00014566373424369783,0.00014566373424369783,0.00014566373424369783,0.00014566373424369783,0.00014566373424369783,0.009423007484243698,0.00014566373424369783,0.014549960609243698,0.016014804359243698,0.011376132484243698,0.009911288734243698,0.00014566373424369783,0.010887851234243698,0.011620273109243698,0.00014566373424369783,0.006737460609243698,0.00014566373424369783,0.006737460609243698,0.004296054359243698,0.016503085609243698,0.017723788734243698,0.009178866859243698,0.00014566373424369783,-0.0013191800157563022,-0.0010750393907563022,0.00014566373424369783,0.011864413734243698,0.010155429359243698,0.00038980435924369783,0.00014566373424369783,-0.004737148765756302,0.0008780856092436978,0.012840976234243698,0.018456210609243698,-0.009864101890756302,0.00014566373424369783,0.003807773109243698,0.00014566373424369783,0.008202304359243698,0.004296054359243698,-0.0005867581407563022,-0.011573086265756302,-0.004493008140756302,0.005028476234243698,0.00014566373424369783,0.0018546481092436978,0.00014566373424369783,-0.009131680015756302,0.003075351234243698,-0.0005867581407563022,0.00014566373424369783,-0.012061367515756302,-0.009619961265756302,0.0006339449842436978,0.0013663668592436978,0.00014566373424369783,0.00014566373424369783,-0.006934414390756302,-0.003516445640756302,0.00014566373424369783,-0.004004726890756302,-0.009619961265756302,-0.013282070640756302,-0.005225430015756302,0.0016105074842436978,0.003319491859243698,0.00014566373424369783,0.00014566373424369783,-0.014258633140756302,-0.012793789390756302,-0.004737148765756302,-0.002295742515756302,-0.008399258140756302,-0.013282070640756302,0.00014566373424369783,-0.011084805015756302,-0.007422695640756302,0.00014566373424369783,-0.005225430015756302,-0.005469570640756302,-0.00034261751575630217,-0.0008308987657563022,0.00014566373424369783,-0.00034261751575630217,0.003807773109243698,0.002587069984243698,-0.0013191800157563022,0.00014566373424369783,0.00014566373424369783,0.007714023109243698,0.00014566373424369783,0.00014566373424369783,0.00014566373424369783,0.00014566373424369783,0.013817538734243698,0.00014566373424369783,0.016991366859243698,0.016014804359243698,0.00014566373424369783,0.018456210609243698,0.020409335609243698,0.00014566373424369783,0.008934726234243698,0.002831210609243698,0.008934726234243698,0.016991366859243698,0.017723788734243698,0.013817538734243698,0.00014566373424369783,0.005760898109243698,0.004784335609243698,0.00014566373424369783,0.007714023109243698,0.006249179359243698,0.00038980435924369783,-0.0008308987657563022,-0.0010750393907563022,0.00014566373424369783,0.00014566373424369783,0.00014566373424369783,0.00014566373424369783,0.00014566373424369783,-0.004004726890756302,-0.0005867581407563022,-0.017676601890756302,-0.0560066800157563,-0.0503914456407563,-0.0369637112657563,-0.029639492515756302,0.00014566373424369783,-0.0428230862657563,0.00014566373424369783,-0.0621101956407563,-0.0401375393907563,-0.020362148765756302,-0.0313484768907563,-0.0411141018907563,-0.0369637112657563,-0.016455898765756302,0.00014566373424369783,0.008690585609243698,0.00014566373424369783,0.003807773109243698,0.00014566373424369783,0.00014566373424369783,0.00014566373424369783,0.00014566373424369783,0.0345694918592437,0.0331046481092437,0.030663241859243698,0.0384757418592437,0.00014566373424369783,0.0357901949842437,0.00014566373424369783,0.026512851234243698,0.027245273109243698,0.030907382484243698,0.0433585543592437,0.0440909762342437,0.0374991793592437,0.0328605074842437,0.00014566373424369783,0.0323722262342437,0.00014566373424369783,0.0350577731092437,0.0362784762342437,0.030419101234243698,0.007469882484243698,0.010399569984243698,0.009667148109243698,0.010399569984243698,0.00014566373424369783,0.00014566373424369783,-0.005469570640756302,-0.012305508140756302,-0.004737148765756302,0.0008780856092436978,-0.017676601890756302,-0.028907070640756302,-0.024756680015756302,-0.017188320640756302,0.00014566373424369783,0.00014566373424369783,-0.021338711265756302,-0.0342781643907563,-0.0384285550157563,-0.0325691800157563,-0.020850430015756302,-0.026465664390756302,-0.0350105862657563,-0.0320808987657563,0.00014566373424369783,-0.016455898765756302,0.00014566373424369783,0.006005038734243698,0.002831210609243698,-0.014991055015756302,-0.020362148765756302,-0.003028164390756302,0.012840976234243698,0.014305819984243698,0.00014566373424369783,0.002342929359243698,0.00014566373424369783,-0.002051601890756302,0.005760898109243698,0.009911288734243698,0.010643710609243698,0.008934726234243698,0.014305819984243698,0.027245273109243698,0.00014566373424369783,0.0316398043592437,0.00014566373424369783,0.009911288734243698,0.004051913734243698,0.002831210609243698,0.009911288734243698,0.006249179359243698,-0.002051601890756302,-0.007666836265756302,0.00014566373424369783,0.0013663668592436978,0.007714023109243698,0.00014566373424369783,-0.010352383140756302,-0.017920742515756302,-0.021582851890756302,0.0006339449842436978,0.011864413734243698,-0.005957851890756302,0.00014566373424369783,-0.026953945640756302,-0.0335457425157563,0.00014566373424369783,0.0018546481092436978,0.0018546481092436978,-0.024268398765756302,-0.026709805015756302,0.00014566373424369783,-0.014746914390756302,-0.004981289390756302,-0.006446133140756302,-0.005225430015756302,0.00014566373424369783,0.016747226234243698,0.014794101234243698,0.00014566373424369783,-0.0015633206407563022,-0.012061367515756302,-0.007422695640756302,0.011620273109243698,0.0343253512342437,0.018944491859243698,0.00014566373424369783,0.003075351234243698,0.00014566373424369783,0.019921054359243698,0.027733554359243698,0.024559726234243698,0.00014566373424369783,0.00014566373424369783,0.00014566373424369783,0.0333487887342437,0.00014566373424369783,0.00014566373424369783,-0.007666836265756302,-0.009619961265756302,0.0016105074842436978,0.00014566373424369783,0.013573398109243698,0.015770663734243698,0.005028476234243698,-0.015967617515756302,-0.020850430015756302,0.00014566373424369783,-0.008643398765756302,-0.011817226890756302,0.00014566373424369783,-0.017432461265756302,-0.019629726890756302,-0.015967617515756302,-0.014746914390756302,-0.019629726890756302,-0.024268398765756302,0.00014566373424369783,-0.021338711265756302,0.00014566373424369783,0.00014566373424369783,0.00014566373424369783,0.00014566373424369783,0.0011222262342436978,-0.011328945640756302,-0.015479336265756302,-0.012793789390756302,0.00014566373424369783,0.00014566373424369783,0.012596835609243698,0.010399569984243698,-0.004004726890756302,-0.008887539390756302,0.00014566373424369783,-0.0010750393907563022,0.010887851234243698,0.018944491859243698,0.017479648109243698,0.00014566373424369783,0.002831210609243698,0.015526523109243698,0.022362460609243698,0.00014566373424369783,0.016747226234243698,0.003075351234243698,0.00014566373424369783,0.00014566373424369783,0.00014566373424369783,0.00014566373424369783,0.00014566373424369783,-0.015967617515756302,-0.009375820640756302,0.00014566373424369783,0.007469882484243698,0.013329257484243698,0.010887851234243698,-0.002784023765756302,0.002587069984243698,0.013329257484243698,0.00014566373424369783,0.00014566373424369783,0.0011222262342436978,-0.011573086265756302,0.003319491859243698,0.00014566373424369783,0.014794101234243698,0.015038241859243698,0.009423007484243698,0.0016105074842436978,0.002098788734243698,0.00014566373424369783,0.00014566373424369783,0.012108554359243698,0.003319491859243698,0.002342929359243698,0.016014804359243698,0.022850741859243698,0.00014566373424369783,0.014305819984243698,-0.0015633206407563022,-0.011573086265756302,0.00014566373424369783,0.00038980435924369783,0.002342929359243698,-9.847689075630217e-05,0.00014566373424369783,-0.007910976890756302,-0.010840664390756302,-0.019629726890756302,-0.028907070640756302,-0.0320808987657563,0.00014566373424369783,-0.015967617515756302,0.00014566373424369783,-0.017188320640756302,-0.021094570640756302,-0.023535976890756302,-0.026709805015756302,-0.018897305015756302,-0.011328945640756302,-0.006934414390756302,0.00014566373424369783,0.00014566373424369783,-0.015479336265756302,-0.009131680015756302,-0.003028164390756302,-0.008643398765756302,-0.0005867581407563022,0.014305819984243698,0.00014566373424369783,0.024803866859243698,0.027245273109243698,0.00014566373424369783,0.023094882484243698,0.004784335609243698,0.020165194984243698,0.0399405856092437,0.00014566373424369783,0.0428702731092437,0.0331046481092437,0.017967929359243698,0.025048007484243698,0.00014566373424369783,0.0328605074842437,0.018456210609243698,0.00014566373424369783,0.003319491859243698,0.009667148109243698,0.030174960609243698,0.003319491859243698,-0.015235195640756302,-0.019873867515756302,0.00014566373424369783,0.00014566373424369783,-0.006934414390756302,-0.006201992515756302,-0.014502773765756302,-0.023780117515756302,-0.027930508140756302,-0.021094570640756302,0.00014566373424369783,-0.011817226890756302,-0.018409023765756302,0.00014566373424369783,-0.0491707425157563,-0.022071133140756302,-0.015967617515756302,-0.017676601890756302,0.00014566373424369783,-0.020606289390756302,-0.019873867515756302,-0.011328945640756302,0.002831210609243698,0.00014566373424369783,-0.0015633206407563022,0.0011222262342436978,0.012108554359243698,0.00014566373424369783,0.016503085609243698,0.017479648109243698,0.021385898109243698,0.025536288734243698,0.024071444984243698,0.00014566373424369783,0.00014566373424369783,0.00014566373424369783,0.00014566373424369783,0.030907382484243698,0.025780429359243698,0.00014566373424369783,0.013329257484243698,0.0016105074842436978,0.00014566373424369783,0.005272616859243698,0.00014566373424369783,0.00014566373424369783,0.00014566373424369783,0.00014566373424369783,-9.847689075630217e-05,0.0008780856092436978,0.00014566373424369783,-0.003028164390756302,-0.017432461265756302,-0.020118008140756302,0.00014566373424369783,0.00014566373424369783,-0.0018074612657563022,0.00014566373424369783,-0.010596523765756302,-0.009619961265756302,-0.0015633206407563022,0.0013663668592436978,0.00014566373424369783,0.0006339449842436978,0.003807773109243698,0.00014566373424369783,0.006493319984243698,0.009423007484243698,0.014061679359243698,0.00014566373424369783,0.00014566373424369783,0.00014566373424369783,0.00014566373424369783,0.012596835609243698,0.00014566373424369783,0.008446444984243698,0.00014566373424369783,-0.010840664390756302,-0.012793789390756302,-0.0013191800157563022,0.002831210609243698,0.00014566373424369783,-0.010108242515756302,-0.027442226890756302,-0.0369637112657563,-0.027930508140756302,0.00014566373424369783,-0.005713711265756302,0.00014566373424369783,-0.012305508140756302,-0.019629726890756302,-0.028174648765756302,-0.029883633140756302,-0.026709805015756302,-0.014746914390756302,0.00014566373424369783,0.002587069984243698,0.00014566373424369783,0.00014566373424369783,0.00014566373424369783,0.00014566373424369783,0.022362460609243698,0.027733554359243698,0.026024569984243698,0.016258944984243698,0.00014566373424369783,0.028710116859243698,0.00014566373424369783,0.0423819918592437,0.00014566373424369783,0.029442538734243698,0.020897616859243698,0.025292148109243698,0.00014566373424369783,0.028954257484243698,-0.005713711265756302,-0.015235195640756302,0.00014566373424369783,0.00014566373424369783,0.021141757484243698,0.0018546481092436978,0.00014566373424369783,0.00014566373424369783,0.00014566373424369783,0.00014566373424369783,0.00014566373424369783,0.00014566373424369783,-0.024512539390756302,0.00014566373424369783,-0.0464851956407563,0.00014566373424369783,-0.0330574612657563,-0.015235195640756302,0.0006339449842436978,-0.008399258140756302,-0.018409023765756302,-0.025244961265756302,0.00014566373424369783,0.00014566373424369783,0.015770663734243698,0.014061679359243698,0.013573398109243698,0.00014566373424369783,0.007958163734243698,-0.002051601890756302,-0.008887539390756302,0.017723788734243698,0.024071444984243698,0.00014566373424369783,0.00014566373424369783,0.00014566373424369783,0.00014566373424369783,0.00014566373424369783,0.00014566373424369783,0.007225741859243698,0.0011222262342436978,-0.013282070640756302,-0.022071133140756302,0.00014566373424369783,0.00014566373424369783,-0.004737148765756302,-0.0010750393907563022,-0.020606289390756302,-0.030616055015756302,0.00014566373424369783,-0.029639492515756302,-0.015723476890756302,0.002342929359243698,-0.007422695640756302,0.00014566373424369783,-0.005225430015756302,0.00014566373424369783,-0.002295742515756302,0.008690585609243698,0.026268710609243698,0.026512851234243698,0.00014566373424369783,0.00014566373424369783,0.00014566373424369783,0.00014566373424369783,0.00014566373424369783,0.022118319984243698,0.00014566373424369783,0.027245273109243698,0.024315585609243698,0.012108554359243698,-0.002539883140756302,0.008690585609243698,0.00014566373424369783,0.016747226234243698,0.00014566373424369783,-0.009131680015756302,-0.002051601890756302,0.002831210609243698,0.00014566373424369783,-0.005957851890756302,-0.018164883140756302,-0.027198086265756302,-0.0403816800157563,-0.029639492515756302,0.00014566373424369783,0.00014566373424369783,-0.014746914390756302,0.00014566373424369783,0.00014566373424369783,0.00014566373424369783,0.003563632484243698,0.007958163734243698,0.00014566373424369783,-0.002784023765756302,-0.008887539390756302,0.00014566373424369783,0.017479648109243698,0.002098788734243698,0.00014566373424369783,-0.003516445640756302,-0.0008308987657563022,0.002587069984243698,-0.013282070640756302,0.00014566373424369783,-0.005225430015756302,0.012108554359243698,0.00014566373424369783,-0.025489101890756302,-0.014991055015756302,0.00014566373424369783,0.002342929359243698,0.004051913734243698,-0.010596523765756302,0.00014566373424369783,0.00014566373424369783,0.00014566373424369783,0.00014566373424369783,-0.008399258140756302,0.00014566373424369783,-0.012793789390756302,-0.007666836265756302,0.00014566373424369783,0.005760898109243698,0.023339023109243698,0.026512851234243698,0.00014566373424369783,0.015770663734243698,0.00014566373424369783,0.030907382484243698,0.0360343356092437,0.024559726234243698,0.00014566373424369783,0.016503085609243698,0.010643710609243698,0.006249179359243698,0.018700351234243698,0.0360343356092437,0.00014566373424369783,0.00014566373424369783,0.003319491859243698,0.00014566373424369783,0.00014566373424369783,0.00014566373424369783,0.0008780856092436978,-0.0335457425157563,0.00014566373424369783,-0.0508797268907563,-0.029883633140756302,0.00014566373424369783,0.016503085609243698,-0.028418789390756302,-0.0364754300157563,0.00014566373424369783,-0.022071133140756302,0.005760898109243698,0.021385898109243698,0.014794101234243698,-0.023291836265756302,0.00014566373424369783,0.014061679359243698,0.00014566373424369783,0.025780429359243698,0.020653476234243698,-0.003760586265756302,-0.024512539390756302,-0.006201992515756302,0.00014566373424369783,0.00014566373424369783,0.00014566373424369783,0.00014566373424369783,0.00014566373424369783,0.002098788734243698,0.022606601234243698,0.00014566373424369783,-0.0442879300157563,8.627652721244767e-05,-0.0469734768907563,-0.011573086265756302,0.00014566373424369783,0.006737460609243698,0.00014566373424369783,-0.018653164390756302,-0.004004726890756302,0.015526523109243698,0.031151523109243698,0.00014566373424369783,0.025536288734243698,0.005272616859243698,-0.006446133140756302,0.008690585609243698,0.00014566373424369783,0.00014566373424369783,0.0350577731092437,0.00014566373424369783,0.00014566373424369783,0.00014566373424369783,0.0328605074842437,0.00014566373424369783,0.007469882484243698,-0.005469570640756302,0.00014566373424369783,0.0313956637342437,0.00014566373424369783,0.018700351234243698,-0.011573086265756302,-0.0318367581407563,-0.003760586265756302,0.014061679359243698,0.017723788734243698,-0.006446133140756302,0.00014566373424369783,0.00014566373424369783,-0.020850430015756302,0.008446444984243698,0.0370108981092437,0.007225741859243698,-0.011084805015756302,0.00014566373424369783,-0.0005867581407563022,0.020165194984243698,0.00014566373424369783,0.00014566373424369783,0.00014566373424369783,0.00014566373424369783,0.00014566373424369783,-0.003516445640756302,0.006981601234243698,-0.020606289390756302,-0.0333016018907563,-0.020118008140756302,0.00038980435924369783,-9.847689075630217e-05,0.00014566373424369783,-0.029151211265756302,0.00014566373424369783,-0.0623543362657563,0.008202304359243698,0.018700351234243698,-0.011084805015756302,-0.0418465237657563,0.00014566373424369783,-0.028907070640756302,0.011376132484243698,0.0416495699842437,0.00014566373424369783,0.003563632484243698,0.00014566373424369783,0.00014566373424369783,0.00014566373424369783,0.00014566373424369783,0.009423007484243698,-0.013770351890756302,-9.847689075630217e-05,0.008690585609243698,0.00014566373424369783,-0.010108242515756302,-0.017920742515756302,0.00014566373424369783,-0.012793789390756302,-0.0008308987657563022,0.0011222262342436978,-0.009619961265756302,-0.018409023765756302,-0.016455898765756302,0.00014566373424369783,-0.005469570640756302,0.00014566373424369783,-0.015967617515756302,-0.028418789390756302,-0.0330574612657563,0.017235507484243698,0.0392081637342437,0.0411612887342437,0.00014566373424369783,0.00014566373424369783,0.00014566373424369783,0.00014566373424369783,0.021385898109243698,0.00014566373424369783,0.0426261324842437,0.025048007484243698,-0.014991055015756302,-0.016455898765756302,0.008690585609243698,0.029442538734243698,0.028954257484243698,0.00014566373424369783,-0.013770351890756302,0.00014566373424369783,-0.020362148765756302,-0.004737148765756302,0.014549960609243698,0.022362460609243698,0.0013663668592436978,-0.0013191800157563022,0.017235507484243698,0.00014566373424369783,0.0414054293592437,0.00014566373424369783,0.024803866859243698,0.00014566373424369783,0.00014566373424369783,0.00014566373424369783,0.028465976234243698,0.013817538734243698,-0.0018074612657563022,0.00014566373424369783,0.00014566373424369783,-0.006446133140756302,-0.008155117515756302,-0.006690273765756302,0.005760898109243698,0.012108554359243698,0.00014566373424369783,0.00038980435924369783,-0.018653164390756302,-0.017920742515756302,0.00014566373424369783,0.014061679359243698,0.00014566373424369783,-0.002295742515756302,-0.026465664390756302,-0.0372078518907563,-0.025977383140756302,-0.009375820640756302,0.00014566373424369783,-0.022315273765756302,0.00014566373424369783,0.00014566373424369783,0.00014566373424369783,0.00014566373424369783,0.00014566373424369783,0.016014804359243698,-0.013526211265756302,-0.0374519925157563,-0.012061367515756302,0.014549960609243698,0.021141757484243698,0.00014566373424369783,0.010399569984243698,-0.007422695640756302,0.00014566373424369783,0.016014804359243698,0.021141757484243698,0.019676913734243698,0.011131991859243698,0.00014566373424369783,0.006981601234243698,0.007469882484243698,0.006737460609243698,-0.008155117515756302,0.00014566373424369783,0.007225741859243698,0.00014566373424369783,0.00014566373424369783,0.00014566373424369783,0.00014566373424369783,-0.020362148765756302,0.003807773109243698,0.019676913734243698,0.017967929359243698,0.00014566373424369783,0.00014566373424369783,-0.018164883140756302,-0.005469570640756302,0.011131991859243698,0.016747226234243698,0.00014566373424369783,0.006249179359243698,-0.011573086265756302,-0.019141445640756302,0.015038241859243698,0.00014566373424369783,0.007958163734243698,-0.008155117515756302,0.00014566373424369783,-0.013037930015756302,-0.00034261751575630217,0.019921054359243698,0.00014566373424369783,0.00014566373424369783,0.00014566373424369783,0.00014566373424369783,0.00014566373424369783,0.012352694984243698,0.015282382484243698,0.0013663668592436978,-0.004493008140756302,-0.002784023765756302,0.003075351234243698,0.004051913734243698,0.00014566373424369783,0.002587069984243698,0.00014566373424369783,-0.008643398765756302,-0.0008308987657563022,-0.002784023765756302,-0.011328945640756302,-0.015723476890756302,-0.016211758140756302,0.00014566373424369783,-0.011084805015756302,-0.0008308987657563022,0.00014566373424369783,-0.010840664390756302,0.00014566373424369783,0.00014566373424369783,0.00014566373424369783,0.00014566373424369783,0.00014566373424369783,0.0013663668592436978,-0.002539883140756302,-0.011084805015756302,0.00014566373424369783,0.00014566373424369783,-0.0008308987657563022,-0.004004726890756302,-0.003760586265756302,-0.005225430015756302,-0.0015633206407563022,0.0016105074842436978,0.00014566373424369783,0.004296054359243698,-0.0008308987657563022,0.00014566373424369783,-0.003516445640756302,-9.847689075630217e-05,0.00014566373424369783,0.004540194984243698,0.006005038734243698,0.002098788734243698,0.002831210609243698,0.00014566373424369783,0.00014566373424369783,0.00014566373424369783,0.00014566373424369783,0.00014566373424369783,0.00014566373424369783,-0.0367195706407563,-0.0323250393907563,0.026756991859243698,0.0326163668592437,0.019188632484243698,0.015526523109243698,0.00014566373424369783,0.0362784762342437,8.627652721244767e-05,0.00014566373424369783,0.009178866859243698,0.017479648109243698,0.00014566373424369783,0.0431144137342437,0.0553214449842437,0.008446444984243698,-0.020362148765756302,-0.022071133140756302,0.00014566373424369783,-0.014502773765756302,0.00014566373424369783,-0.022315273765756302,0.00014566373424369783,0.00014566373424369783,0.00014566373424369783,0.00014566373424369783,-0.009864101890756302,-0.009619961265756302,-0.0594246487657563,-0.0503914456407563,0.00014566373424369783,0.015282382484243698,0.00014566373424369783,0.023094882484243698,-0.002784023765756302,-0.0552742581407563,-0.0516121487657563,-0.030860195640756302,0.00014566373424369783,-0.010108242515756302,-0.012305508140756302,0.00014566373424369783,-0.0423348050157563,-0.0469734768907563,0.00014566373424369783,-0.0313484768907563,-0.009864101890756302,0.003563632484243698,0.00014566373424369783,0.00014566373424369783,0.00014566373424369783,0.00014566373424369783,0.00014566373424369783,0.0367667574842437,0.024559726234243698,0.00014566373424369783,-0.007910976890756302,-0.005713711265756302,0.0345694918592437,0.0501944918592437,0.0350577731092437,0.00014566373424369783,0.00014566373424369783,0.011620273109243698,0.0494620699842437,0.0465323824842437,0.00014566373424369783,0.025536288734243698,0.009667148109243698,0.016991366859243698,0.019921054359243698,0.00014566373424369783,0.021630038734243698,0.00014566373424369783,-0.021094570640756302,0.00014566373424369783,0.00014566373424369783,0.00014566373424369783,0.028954257484243698,0.00014566373424369783,0.022606601234243698,0.019921054359243698,0.0326163668592437,0.00014566373424369783,0.0392081637342437,0.00014566373424369783,0.0328605074842437,0.0457999606092437,0.0497062106092437,0.0462882418592437,0.00014566373424369783,0.0357901949842437,0.020653476234243698,0.016503085609243698,0.00014566373424369783,-0.017188320640756302,0.00014566373424369783,-0.022559414390756302,-0.030860195640756302,-0.0374519925157563,0.00014566373424369783,0.00014566373424369783,0.00014566373424369783,0.00014566373424369783,0.009423007484243698,0.00014566373424369783,-0.022803555015756302,0.00014566373424369783,-0.017920742515756302,0.008934726234243698,8.627652721244767e-05,0.0577628512342437,0.0370108981092437,0.00014566373424369783,0.027245273109243698,0.022850741859243698,0.00014566373424369783,8.627652721244767e-05,8.627652721244767e-05,0.00014566373424369783,8.627652721244767e-05,-0.0477058987657563,8.627652721244767e-05,8.627652721244767e-05,8.627652721244767e-05,0.00014566373424369783,-0.0503914456407563,0.00014566373424369783,0.00014566373424369783,0.00014566373424369783,0.00014566373424369783,0.00014566373424369783,0.0602042574842437,0.0472648043592437,0.010399569984243698,0.00014566373424369783,-0.012549648765756302,0.00014566373424369783,0.0587394137342437,0.0323722262342437,-0.0320808987657563,8.627652721244767e-05,0.00014566373424369783,8.627652721244767e-05,0.022606601234243698,0.00014566373424369783,0.0411612887342437,0.00014566373424369783,-0.009131680015756302,0.003075351234243698,0.0409171481092437,0.00014566373424369783,8.627652721244767e-05,0.00014566373424369783,0.00014566373424369783,0.00014566373424369783,0.0384757418592437,0.00014566373424369783,0.00014566373424369783,-0.028418789390756302,-0.0376961331407563,-0.012793789390756302,-0.0015633206407563022,0.00014566373424369783,-0.012549648765756302,8.627652721244767e-05,-0.0513680081407563,0.00014566373424369783,0.00014566373424369783,0.024315585609243698,0.00014566373424369783,-0.002051601890756302,-0.020362148765756302,0.017479648109243698,0.0338370699842437,0.00014566373424369783,-0.022071133140756302,-0.0381844143907563,0.00014566373424369783,0.00014566373424369783,0.002587069984243698,0.00014566373424369783,0.00014566373424369783,0.00014566373424369783,-0.0596687893907563,-0.0557625393907563,0.00014566373424369783,-0.0396492581407563,-0.013282070640756302,0.00014566373424369783,-0.030127773765756302,0.00014566373424369783,-0.021094570640756302,0.003807773109243698,0.018700351234243698,0.021141757484243698,0.0345694918592437,0.00014566373424369783,0.0548331637342437,0.0565421481092437,0.00014566373424369783,0.0018546481092436978,0.020897616859243698,0.0379874606092437,0.00014566373424369783,0.026268710609243698,0.00014566373424369783,0.00014566373424369783,0.00014566373424369783,0.00014566373424369783,-0.0425789456407563,0.00014566373424369783,0.019432773109243698,0.016991366859243698,0.00014566373424369783,-0.006446133140756302,0.005516757484243698,0.027245273109243698,0.00014566373424369783,0.027977694984243698,0.016258944984243698,0.00014566373424369783,0.028710116859243698,0.029442538734243698,0.00014566373424369783,0.030663241859243698,0.028954257484243698,0.023339023109243698,-0.005957851890756302,-0.026709805015756302,-0.027442226890756302,0.00014566373424369783,0.00014566373424369783,0.00014566373424369783,0.00014566373424369783,0.00014566373424369783,0.00014566373424369783,-0.012793789390756302,0.002587069984243698,0.010643710609243698,0.012108554359243698,0.00014566373424369783,0.00014566373424369783,0.014061679359243698,0.0404288668592437,0.0406730074842437,0.029442538734243698,0.013573398109243698,0.00014566373424369783,0.018700351234243698,0.0531241793592437,0.0475089449842437,0.00014566373424369783,0.018212069984243698,-0.005957851890756302,0.00014566373424369783,-0.014746914390756302,-0.003028164390756302,-0.005225430015756302,0.00014566373424369783,0.00014566373424369783,0.00014566373424369783,0.00014566373424369783,0.00014566373424369783,-0.026953945640756302,0.012840976234243698,0.002831210609243698,0.00014566373424369783,-0.002539883140756302,-0.002784023765756302,-0.010596523765756302,-0.017676601890756302,0.00014566373424369783,0.00014566373424369783,0.0445792574842437,0.029442538734243698,0.00014566373424369783,0.006981601234243698,0.0016105074842436978,0.009667148109243698,0.00014566373424369783,-0.006690273765756302,-0.0325691800157563,0.00014566373424369783,-0.028418789390756302,0.00014566373424369783,-0.024268398765756302,0.00014566373424369783,0.00014566373424369783,0.00014566373424369783,-0.0569832425157563,-0.010352383140756302,-0.006446133140756302,0.00014566373424369783,-0.014502773765756302,0.00014566373424369783,0.010155429359243698,0.00014566373424369783,0.010155429359243698,-0.004248867515756302,-0.010840664390756302,0.0538566012342437,8.627652721244767e-05,0.00014566373424369783,0.00014566373424369783,0.006981601234243698,0.029442538734243698,0.0545890231092437,0.0404288668592437,0.00014566373424369783,0.012352694984243698,-0.004004726890756302,0.00014566373424369783,0.00014566373424369783,0.00014566373424369783,0.00014566373424369783,0.00014566373424369783,-0.0367195706407563,-0.029151211265756302,0.00014566373424369783,-0.005957851890756302,0.008202304359243698,-0.014502773765756302,-0.030860195640756302,-0.017188320640756302,0.00014566373424369783,0.012352694984243698,0.00014566373424369783,-0.002539883140756302,-0.016211758140756302,0.00014566373424369783,0.00038980435924369783,0.0379874606092437,0.028710116859243698,0.016014804359243698,0.021874179359243698,0.00014566373424369783,0.028710116859243698,0.00014566373424369783,0.00014566373424369783,0.00014566373424369783,0.00014566373424369783,0.00014566373424369783,-0.016944180015756302,0.00014566373424369783,-0.0447762112657563,-0.0337898831407563,-0.021338711265756302,0.00014566373424369783,-0.0313484768907563,0.00014566373424369783,-0.0362312893907563,-0.005957851890756302,-9.847689075630217e-05,0.00014566373424369783,-0.003516445640756302,-0.002539883140756302,0.013573398109243698,0.025292148109243698,0.00014566373424369783,0.0321280856092437,0.00014566373424369783,0.026756991859243698,0.016747226234243698,0.030174960609243698,0.00014566373424369783,0.00014566373424369783,0.00014566373424369783,0.00014566373424369783,0.011131991859243698,0.00014566373424369783,0.00014566373424369783,0.018700351234243698,-0.002051601890756302,-0.024268398765756302,0.00014566373424369783,-0.0352547268907563,-0.028907070640756302,-0.014258633140756302,-0.0381844143907563,0.00014566373424369783,0.00014566373424369783,-0.0420906643907563,-0.023047695640756302,-0.019873867515756302,-0.016700039390756302,-0.009131680015756302,0.00014566373424369783,-0.0010750393907563022,-0.0015633206407563022,0.002587069984243698,0.00014566373424369783,0.00014566373424369783,0.00014566373424369783,0.00014566373424369783,0.00014566373424369783,0.0372550387342437,0.0328605074842437,0.007714023109243698,0.00014566373424369783,-0.009619961265756302,0.0016105074842436978,0.00014566373424369783,0.024315585609243698,0.005028476234243698,-0.0015633206407563022,0.00014566373424369783,-0.002051601890756302,-0.003028164390756302,0.00014566373424369783,-0.0013191800157563022,-0.005713711265756302,0.00014566373424369783,0.00014566373424369783,-0.019141445640756302,-0.011573086265756302,0.00014566373424369783,0.00014566373424369783,0.00014566373424369783,0.00014566373424369783,0.0011222262342436978,0.00014566373424369783,-0.004981289390756302,0.00014566373424369783,0.013329257484243698,0.00014566373424369783,0.012840976234243698,-0.0010750393907563022,-0.007422695640756302,0.017723788734243698,0.027977694984243698,0.00014566373424369783,0.013817538734243698,0.00014566373424369783,0.005028476234243698,0.016991366859243698,0.020897616859243698,0.014794101234243698,0.00014566373424369783,0.008446444984243698,-0.010596523765756302,-0.009864101890756302,0.00014566373424369783,0.00014566373424369783,0.00014566373424369783,0.00014566373424369783,0.00014566373424369783,-0.014746914390756302,0.00014566373424369783,-0.015967617515756302,-0.017188320640756302,-0.020118008140756302,-0.014014492515756302,-0.010352383140756302,0.00014566373424369783,-0.016944180015756302,0.00014566373424369783,-0.019141445640756302,0.00014566373424369783,-0.010108242515756302,0.0011222262342436978,0.012840976234243698,0.006981601234243698,0.00014566373424369783,-0.008155117515756302,0.014794101234243698,0.021385898109243698,0.00014566373424369783,0.0011222262342436978,0.00014566373424369783,0.00014566373424369783,0.00014566373424369783,0.00014566373424369783,0.00014566373424369783,0.0343253512342437,0.021630038734243698,0.015038241859243698,0.00014566373424369783,0.027001132484243698,0.00014566373424369783,0.026024569984243698,-0.012793789390756302,-0.017920742515756302,-0.006201992515756302,0.012840976234243698,0.00014566373424369783,0.009178866859243698,-0.015967617515756302,0.00014566373424369783,0.00014566373424369783,-0.018897305015756302,-0.006934414390756302,-0.025000820640756302,-0.029395351890756302,-0.0318367581407563,0.00014566373424369783,0.00014566373424369783,0.00014566373424369783,0.00014566373424369783,0.00014566373424369783,0.00014566373424369783,0.00014566373424369783,-0.012793789390756302,0.023827304359243698,0.00014566373424369783,0.018700351234243698,0.0018546481092436978,-0.004493008140756302,0.017723788734243698,0.0409171481092437,0.00014566373424369783,0.00014566373424369783,0.007469882484243698,0.004296054359243698,0.00014566373424369783,0.010887851234243698,0.019188632484243698,0.012596835609243698,0.021874179359243698,0.00014566373424369783,0.021630038734243698,0.00014566373424369783,-0.017676601890756302,0.00014566373424369783,0.00014566373424369783,0.00014566373424369783,0.00014566373424369783,0.013573398109243698,-0.0362312893907563,-0.0369637112657563,0.00014566373424369783,-0.023780117515756302,0.00014566373424369783,-0.008643398765756302,-0.029883633140756302,0.00014566373424369783,-0.0433113675157563,-0.018164883140756302,-0.007178555015756302,-0.009375820640756302,-0.023535976890756302,-0.0345223050157563,0.00014566373424369783,0.00014566373424369783,-0.003272305015756302,0.007958163734243698,0.015282382484243698,0.00014566373424369783,0.010399569984243698,-0.008887539390756302,0.00014566373424369783,0.00014566373424369783,0.00014566373424369783,0.00014566373424369783,0.00014566373424369783,0.006493319984243698,0.004540194984243698,0.00014566373424369783,0.009423007484243698,0.019188632484243698,0.019188632484243698,0.008446444984243698,-0.0010750393907563022,0.00014566373424369783,0.00014566373424369783,0.006493319984243698,0.019188632484243698,0.00014566373424369783,0.009911288734243698,-0.020362148765756302,-0.017920742515756302,0.00014566373424369783,0.017235507484243698,0.014549960609243698,0.00014566373424369783,0.00014566373424369783,-0.007178555015756302,0.00014566373424369783,0.00014566373424369783,0.00014566373424369783,0.00014566373424369783,0.008934726234243698,0.002587069984243698,-0.013770351890756302,0.00014566373424369783,0.00014566373424369783,-0.0008308987657563022,0.002342929359243698,-0.013770351890756302,-0.0340340237657563,-0.0325691800157563,0.00014566373424369783,-0.006690273765756302,0.008934726234243698,-0.010108242515756302,0.00014566373424369783,-0.022071133140756302,0.00014566373424369783,-0.009375820640756302,0.011376132484243698,0.020409335609243698,-0.0013191800157563022,0.00014566373424369783,0.00014566373424369783,0.00014566373424369783,0.00014566373424369783,0.00014566373424369783,0.012352694984243698,-0.004737148765756302,-0.014746914390756302,0.00014566373424369783,-0.009131680015756302,0.0323722262342437,0.028465976234243698,0.005760898109243698,0.00014566373424369783,0.00014566373424369783,0.009911288734243698,0.030663241859243698,0.00014566373424369783,0.0340812106092437,0.016747226234243698,-0.010840664390756302,0.004540194984243698,0.021141757484243698,0.027001132484243698,0.00014566373424369783,0.00014566373424369783,-0.004981289390756302,0.00014566373424369783,0.00014566373424369783,0.00014566373424369783,0.018944491859243698,-0.023047695640756302,0.00014566373424369783,-0.0459969143907563,-0.0335457425157563,0.00014566373424369783,0.005516757484243698,-0.011328945640756302,-0.0335457425157563,0.00014566373424369783,-0.0435555081407563,-0.015479336265756302,0.002098788734243698,-9.847689075630217e-05,-0.011817226890756302,0.00014566373424369783,0.00014566373424369783,-0.0337898831407563,-0.018409023765756302,0.013085116859243698,-0.003272305015756302,-0.019385586265756302,-0.016944180015756302,0.00014566373424369783,0.00014566373424369783,0.00014566373424369783,0.00014566373424369783,0.00014566373424369783,-0.007422695640756302,0.013329257484243698,0.00014566373424369783,0.029198398109243698,0.015526523109243698,0.00014566373424369783,-0.020850430015756302,-0.010108242515756302,0.030663241859243698,0.00014566373424369783,0.00014566373424369783,-0.017432461265756302,-0.0357430081407563,0.00014566373424369783,-0.012549648765756302,0.018212069984243698,0.025048007484243698,0.0006339449842436978,-0.018164883140756302,-0.020606289390756302,0.00014566373424369783,0.00014566373424369783,0.00014566373424369783,0.00014566373424369783,0.00014566373424369783,-0.020118008140756302,-0.014991055015756302,0.016503085609243698,0.0377433199842437,0.00014566373424369783,0.015770663734243698,0.00014566373424369783,0.00014566373424369783,0.023827304359243698,0.00014566373424369783,0.028710116859243698,-0.015723476890756302,-0.022803555015756302,-0.009375820640756302,0.008446444984243698,0.014305819984243698,0.00014566373424369783,0.00014566373424369783,-0.0013191800157563022,-0.023047695640756302,-0.006201992515756302,0.009667148109243698,0.00014566373424369783,0.00014566373424369783,0.00014566373424369783,0.00014566373424369783,0.00014566373424369783,0.00014566373424369783,0.00014566373424369783,-0.004493008140756302,-0.012549648765756302,-0.017188320640756302,0.00014566373424369783,-0.014991055015756302,0.003319491859243698,0.008690585609243698,0.003075351234243698,-0.011328945640756302,0.00014566373424369783,0.00014566373424369783,-0.006690273765756302,0.008446444984243698,0.00014566373424369783,0.0011222262342436978,0.007958163734243698,0.007714023109243698,0.003319491859243698,0.00014566373424369783,-0.0010750393907563022,0.00014566373424369783,0.00014566373424369783,0.00014566373424369783,0.00014566373424369783,0.002587069984243698,0.00014566373424369783,-0.0013191800157563022,0.016503085609243698,0.031151523109243698,0.00014566373424369783,0.018456210609243698,0.00014566373424369783,-0.005225430015756302,0.00014566373424369783,0.021141757484243698,0.022850741859243698,-0.010352383140756302,-0.018409023765756302,-0.007666836265756302,0.009911288734243698,0.015282382484243698,0.00014566373424369783,0.00014566373424369783,-0.007666836265756302,-0.014258633140756302,0.00014566373424369783,0.002342929359243698,0.00014566373424369783,0.00014566373424369783,0.00014566373424369783,0.00014566373424369783,0.00014566373424369783,0.00014566373424369783,0.00014566373424369783,0.004784335609243698,-0.015479336265756302,0.00038980435924369783,0.00014566373424369783,0.012352694984243698,0.002831210609243698,-0.006690273765756302,0.00014566373424369783,0.0011222262342436978,0.00014566373424369783,0.00014566373424369783,-0.009619961265756302,-0.014502773765756302,0.00014566373424369783,-0.004248867515756302,0.00014566373424369783,0.00014566373424369783,0.004784335609243698,-0.008399258140756302,0.00014566373424369783,0.00014566373424369783,0.00014566373424369783,0.00014566373424369783,0.00014566373424369783,0.0013663668592436978,-0.011328945640756302,0.00014566373424369783,0.00014566373424369783,-0.004737148765756302,0.010155429359243698,0.00014566373424369783,0.014549960609243698,-0.009131680015756302,0.00014566373424369783,-0.005713711265756302,0.009423007484243698,0.00014566373424369783,0.020165194984243698,0.013573398109243698,-0.011328945640756302,-0.002784023765756302,0.016747226234243698,0.00014566373424369783,0.029930819984243698,0.00014566373424369783,0.00014566373424369783,-0.016455898765756302,0.00014566373424369783,0.00014566373424369783,0.00014566373424369783,0.00014566373424369783,-0.021094570640756302,-0.006690273765756302,0.017723788734243698,0.00014566373424369783,0.00014566373424369783,-0.010352383140756302,-0.022803555015756302,0.004540194984243698,0.00014566373424369783,0.020653476234243698,0.00014566373424369783,-0.018653164390756302,0.00014566373424369783,-0.016700039390756302,0.00014566373424369783,0.014549960609243698,0.0018546481092436978,-0.002784023765756302,-0.0005867581407563022,0.009667148109243698,0.00014566373424369783,0.016747226234243698,0.00014566373424369783,0.00014566373424369783,0.00014566373424369783,0.00014566373424369783,0.00014566373424369783,0.017723788734243698,0.00014566373424369783,0.00014566373424369783,0.00014566373424369783,0.015770663734243698,-0.027686367515756302,-0.014502773765756302,0.014794101234243698,0.00014566373424369783,0.00014566373424369783,8.627652721244767e-05,-0.0430672268907563,0.024803866859243698,0.00014566373424369783,8.627652721244767e-05,0.010155429359243698,-0.0479500393907563,0.0340812106092437,0.00014566373424369783,0.00014566373424369783,0.00014566373424369783,0.00014566373424369783,0.00014566373424369783,0.00014566373424369783,0.00014566373424369783,0.00014566373424369783,0.0357901949842437,0.0011222262342436978,0.00014566373424369783,-0.0335457425157563,-0.025977383140756302,0.00014566373424369783,-0.018409023765756302,-0.0508797268907563,0.00014566373424369783,-0.0325691800157563,0.00014566373424369783,0.025780429359243698,0.00014566373424369783,-0.025000820640756302,-0.0345223050157563,0.00014566373424369783,0.00014566373424369783,0.0538566012342437,-0.019141445640756302,-0.0628426175157563,0.00014566373424369783,-0.029883633140756302,0.00014566373424369783,0.00014566373424369783,0.00014566373424369783,8.627652721244767e-05,0.00014566373424369783,0.00014566373424369783,8.627652721244767e-05,0.0374991793592437,0.00014566373424369783,-0.0345223050157563,-0.0540535550157563,0.00014566373424369783,0.022118319984243698,8.627652721244767e-05,-0.018409023765756302,0.00014566373424369783,-0.028662930015756302,0.00014566373424369783,8.627652721244767e-05,0.0550773043592437,0.00014566373424369783,-0.005469570640756302,-0.0330574612657563,0.0494620699842437,8.627652721244767e-05,0.00014566373424369783,0.00014566373424369783,0.00014566373424369783,0.00014566373424369783,0.00014566373424369783,0.0599601168592437,0.030419101234243698,-0.006446133140756302,0.00014566373424369783,0.0006339449842436978,0.00014566373424369783,0.00014566373424369783,0.027245273109243698,-0.021338711265756302,-0.0357430081407563,-0.019629726890756302,0.00014566373424369783,0.028465976234243698,-0.0013191800157563022,0.00014566373424369783,-0.0384285550157563,0.00014566373424369783,0.0411612887342437,0.00014566373424369783,0.0462882418592437,0.00014566373424369783,0.00014566373424369783,0.00014566373424369783,0.00014566373424369783,0.00014566373424369783,0.030174960609243698,0.00014566373424369783,0.00014566373424369783,-0.025977383140756302,0.008202304359243698,0.015282382484243698,-0.005957851890756302,0.00014566373424369783,-0.0372078518907563,-0.0516121487657563,-0.016211758140756302,0.00014566373424369783,-0.010596523765756302,-0.0350105862657563,0.00014566373424369783,-0.0521004300157563,-0.029883633140756302,-0.014014492515756302,-0.021582851890756302,0.00014566373424369783,-0.0362312893907563,0.00014566373424369783,0.00014566373424369783,0.00014566373424369783,0.00014566373424369783,0.00014566373424369783,-0.0345223050157563,-0.014502773765756302,0.00014566373424369783,0.004540194984243698,-0.004004726890756302,-0.011817226890756302,-0.017920742515756302,-0.016455898765756302,0.00014566373424369783,-0.007178555015756302,0.00014566373424369783,-0.018409023765756302,-0.025733242515756302,-0.015723476890756302,0.00014566373424369783,0.0018546481092436978,0.010155429359243698,-0.013037930015756302,0.00014566373424369783,-0.015235195640756302,0.006493319984243698,0.00014566373424369783,0.00014566373424369783,0.00014566373424369783,0.00014566373424369783,0.00014566373424369783,0.00014566373424369783,-0.026953945640756302,-0.009131680015756302,0.00014566373424369783,-0.014258633140756302,-0.0328133206407563,0.00014566373424369783,0.018700351234243698,0.022850741859243698,0.011131991859243698,0.00014566373424369783,0.013085116859243698,0.0316398043592437,0.0387198824842437,0.012596835609243698,0.00014566373424369783,-0.002539883140756302,0.00014566373424369783,0.0604483981092437,0.0372550387342437,-0.006690273765756302,0.00014566373424369783,-0.027686367515756302,0.00014566373424369783,0.00014566373424369783,0.00014566373424369783,-0.002539883140756302,0.00014566373424369783,0.00014566373424369783,0.004051913734243698,0.00014566373424369783,0.0394523043592437,0.00014566373424369783,0.00014566373424369783,0.00014566373424369783,0.00014566373424369783,0.007225741859243698,0.0460441012342437,0.00014566373424369783,-0.002051601890756302,0.00014566373424369783,0.00014566373424369783,0.0357901949842437,0.0377433199842437,0.028710116859243698,0.020653476234243698,0.00014566373424369783,0.022606601234243698,0.023339023109243698,0.00014566373424369783,0.00014566373424369783,0.00014566373424369783,0.00014566373424369783,0.00014566373424369783,0.00014566373424369783,0.00014566373424369783,-0.003516445640756302,-0.004493008140756302,0.00014566373424369783,0.007958163734243698,0.00014566373424369783,0.006249179359243698,-0.011328945640756302,-0.014991055015756302,0.00014566373424369783,-0.0010750393907563022,0.019432773109243698,0.017235507484243698,0.003319491859243698,-0.009131680015756302,0.00014566373424369783,0.00014566373424369783,0.00014566373424369783,0.005760898109243698,0.002587069984243698,-0.009375820640756302,0.00014566373424369783,0.00014566373424369783,0.00014566373424369783,0.00014566373424369783,0.0018546481092436978,0.00014566373424369783,0.0013663668592436978,0.00014566373424369783,-0.014991055015756302,-0.014258633140756302,0.00014566373424369783,-9.847689075630217e-05,0.00014566373424369783,0.00014566373424369783,-0.024756680015756302,-0.028174648765756302,0.00014566373424369783,-0.011817226890756302,0.00014566373424369783,-0.005469570640756302,-0.010840664390756302,-0.010840664390756302,0.00014566373424369783,0.00014566373424369783,-0.003028164390756302,0.003807773109243698,0.00014566373424369783,0.00014566373424369783,0.00014566373424369783,0.00014566373424369783,0.00014566373424369783,0.00014566373424369783,0.00014566373424369783,0.00014566373424369783,0.006981601234243698,0.021874179359243698,0.021141757484243698,0.00014566373424369783,0.003807773109243698,0.00014566373424369783,0.005516757484243698,0.012108554359243698,0.012352694984243698,0.009423007484243698,0.006249179359243698,0.00014566373424369783,-0.006690273765756302,0.00014566373424369783,0.00014566373424369783,0.00014566373424369783,0.00014566373424369783,-0.007910976890756302,-0.0325691800157563,-0.0315926175157563,0.00014566373424369783,0.00014566373424369783,0.00014566373424369783,0.00014566373424369783,-0.0369637112657563,-0.0413582425157563,0.00014566373424369783,0.00014566373424369783,-0.0359871487657563,0.00014566373424369783,-0.011817226890756302,0.00014566373424369783,-0.029395351890756302,0.00014566373424369783,-0.006934414390756302,0.0013663668592436978,0.00014566373424369783,-0.002295742515756302,0.00014566373424369783,0.002342929359243698,0.005760898109243698,0.007714023109243698,0.015038241859243698,0.024559726234243698,0.00014566373424369783,0.027977694984243698,0.00014566373424369783,0.00014566373424369783,0.00014566373424369783,0.00014566373424369783,0.00014566373424369783,0.00014566373424369783,0.00014566373424369783,0.00014566373424369783,-0.003272305015756302,-0.0333016018907563,-0.0335457425157563,0.00014566373424369783,0.00014566373424369783,-0.0503914456407563,-0.0357430081407563,-0.005957851890756302,0.00014566373424369783,0.022118319984243698,0.00014566373424369783,0.00014566373424369783,-0.016211758140756302,0.0011222262342436978,0.00014566373424369783,0.00014566373424369783,0.0455558199842437,0.028221835609243698,0.020653476234243698,0.00014566373424369783,0.00014566373424369783,0.00014566373424369783,0.00014566373424369783,8.627652721244767e-05,0.0543448824842437,0.00014566373424369783,0.00014566373424369783,0.024803866859243698,0.00014566373424369783,0.00014566373424369783,0.007225741859243698,0.00014566373424369783,-0.003516445640756302,-0.015235195640756302,-0.023535976890756302,-0.0364754300157563,0.00014566373424369783,-0.029639492515756302,0.00014566373424369783,-0.010840664390756302,-0.010840664390756302,-0.0325691800157563,-0.0364754300157563,0.00014566373424369783,-0.015967617515756302,0.00014566373424369783,0.00014566373424369783,0.00014566373424369783,0.00014566373424369783,0.00014566373424369783,0.00014566373424369783,0.00014566373424369783,0.0416495699842437,0.030419101234243698,0.0340812106092437,0.0487296481092437,0.00014566373424369783,0.0577628512342437,0.00014566373424369783,0.009423007484243698,0.00014566373424369783,-0.004981289390756302,0.00014566373424369783,0.00014566373424369783,-0.025244961265756302,-0.0474617581407563,-0.0501473050157563,-0.0591805081407563,0.00014566373424369783,-0.0628426175157563,0.00014566373424369783,-0.0577156643907563,0.00014566373424369783,0.00014566373424369783,0.00014566373424369783,0.00014566373424369783,0.00014566373424369783,-0.010596523765756302,0.00014566373424369783,0.00014566373424369783,0.00014566373424369783,0.0316398043592437,0.0338370699842437,0.027245273109243698,0.00014566373424369783,0.0353019137342437,0.0589835543592437,0.0467765231092437,0.025292148109243698,0.012840976234243698,0.00014566373424369783,0.018212069984243698,0.00014566373424369783,0.00014566373424369783,-0.029395351890756302,0.00014566373424369783,-0.0411141018907563,-0.018164883140756302,-0.012549648765756302,0.00014566373424369783,0.00014566373424369783,0.00014566373424369783,0.00014566373424369783,0.00014566373424369783,0.00014566373424369783,-0.026465664390756302,-0.022803555015756302,0.00014566373424369783,-0.0013191800157563022,0.002831210609243698,0.00014566373424369783,-0.011084805015756302,0.00014566373424369783,0.00014566373424369783,8.627652721244767e-05,0.00014566373424369783,8.627652721244767e-05,8.627652721244767e-05,0.0606925387342437,0.0565421481092437,0.0509269137342437,0.0438468356092437,0.00014566373424369783,0.0374991793592437,0.00014566373424369783,-0.007666836265756302,0.00014566373424369783,0.00014566373424369783,0.00014566373424369783,0.00014566373424369783,0.00014566373424369783,0.00014566373424369783,8.627652721244767e-05,-0.0464851956407563,0.00014566373424369783,0.00014566373424369783,-0.0416023831407563,-0.0599129300157563,-0.022803555015756302,0.013817538734243698,0.004784335609243698,-0.023535976890756302,0.00014566373424369783,-0.0337898831407563,0.00014566373424369783,0.0321280856092437,0.00014566373424369783,0.00014566373424369783,0.00014566373424369783,0.0370108981092437,8.627652721244767e-05,8.627652721244767e-05,0.00014566373424369783,0.00014566373424369783,0.00014566373424369783,0.00014566373424369783,0.015282382484243698,0.00014566373424369783,0.00014566373424369783,-0.027442226890756302,-0.0494148831407563,-0.0335457425157563,-0.029395351890756302,-0.0508797268907563,8.627652721244767e-05,0.00014566373424369783,8.627652721244767e-05,-0.025000820640756302,0.00014566373424369783,-0.025244961265756302,-0.007666836265756302,0.002831210609243698,0.00014566373424369783,-0.006446133140756302,-0.014746914390756302,0.010399569984243698,0.0338370699842437,0.0460441012342437,0.00014566373424369783,0.00014566373424369783,0.00014566373424369783,0.00014566373424369783,0.00014566373424369783,8.627652721244767e-05,0.00014566373424369783,0.0489737887342437,0.031151523109243698,0.018456210609243698,0.00014566373424369783,0.007469882484243698,0.00014566373424369783,-0.0325691800157563,-0.0379402737657563,-0.023047695640756302,-0.024024258140756302,-0.0555183987657563,0.00014566373424369783,8.627652721244767e-05,8.627652721244767e-05,0.00014566373424369783,-0.030371914390756302,-0.0555183987657563,-0.0513680081407563,-0.019141445640756302,0.00014566373424369783,0.012108554359243698,0.00014566373424369783,0.00014566373424369783,0.00014566373424369783,0.00014566373424369783,8.627652721244767e-05,0.00014566373424369783,8.627652721244767e-05,0.027733554359243698,0.0399405856092437,8.627652721244767e-05,8.627652721244767e-05,0.0489737887342437,0.00014566373424369783,0.011864413734243698,0.00014566373424369783,0.0338370699842437,0.0016105074842436978,-0.0469734768907563,8.627652721244767e-05,-0.0577156643907563,0.00014566373424369783,-0.0413582425157563,8.627652721244767e-05,8.627652721244767e-05,0.00014566373424369783,-0.0484383206407563,0.00014566373424369783,0.00014566373424369783,0.00014566373424369783,0.00014566373424369783,-0.023047695640756302,0.003075351234243698,0.00038980435924369783,-0.011328945640756302,0.00014566373424369783,0.00014566373424369783,0.013817538734243698,0.0558097262342437,8.627652721244767e-05,0.0626456637342437,0.00014566373424369783,0.0411612887342437,0.0616691012342437,8.627652721244767e-05,8.627652721244767e-05,0.00014566373424369783,0.016503085609243698,0.021385898109243698,0.00014566373424369783,0.023583163734243698,-0.007666836265756302,-0.025244961265756302,-0.026221523765756302,0.00014566373424369783,0.00014566373424369783,0.00014566373424369783,0.00014566373424369783,0.00014566373424369783,0.00014566373424369783,0.00014566373424369783,-0.0435555081407563,-0.0384285550157563,-0.020850430015756302,0.00014566373424369783,-0.004004726890756302,0.003563632484243698,0.018456210609243698,0.00014566373424369783,0.0331046481092437,0.030663241859243698,0.00014566373424369783,0.0382316012342437,8.627652721244767e-05,8.627652721244767e-05,8.627652721244767e-05,0.0572745699842437,0.0626456637342437,0.00014566373424369783,0.00014566373424369783,0.0614249606092437,0.00014566373424369783,0.00014566373424369783,0.00014566373424369783,-0.020606289390756302,-0.027930508140756302,-0.030371914390756302,0.00014566373424369783,-0.0442879300157563,0.00014566373424369783,8.627652721244767e-05,-0.0562508206407563,-0.0501473050157563,0.00014566373424369783,8.627652721244767e-05,8.627652721244767e-05,-0.022559414390756302,0.005272616859243698,-0.005469570640756302,0.00014566373424369783,0.00014566373424369783,-0.029883633140756302,0.00014566373424369783,0.019676913734243698,0.021630038734243698,0.0421378512342437,0.00014566373424369783,0.00014566373424369783,0.00014566373424369783,0.00014566373424369783,0.00014566373424369783,0.00014566373424369783,0.0631339449842437,0.0321280856092437,0.013329257484243698,0.007469882484243698,0.010887851234243698,0.00014566373424369783,-0.007178555015756302,-0.0337898831407563,-0.0340340237657563,0.00014566373424369783,-0.0518562893907563,-0.0569832425157563,0.00014566373424369783,8.627652721244767e-05,-0.0406258206407563,-0.029395351890756302,-0.0372078518907563,-0.0535652737657563,-0.0611336331407563,0.00014566373424369783,0.00014566373424369783,0.0008780856092436978,0.00014566373424369783,0.00014566373424369783,0.00014566373424369783,-0.002051601890756302,0.00014566373424369783,0.0374991793592437,8.627652721244767e-05,0.030907382484243698,0.00014566373424369783,0.00014566373424369783,8.627652721244767e-05,8.627652721244767e-05,0.0516593356092437,0.00014566373424369783,0.018212069984243698,0.0331046481092437,0.020653476234243698,-0.017676601890756302,0.00014566373424369783,0.00014566373424369783,-0.0511238675157563,-0.028418789390756302,-0.0435555081407563,-0.0618660550157563,0.00014566373424369783,8.627652721244767e-05,0.00014566373424369783,0.00014566373424369783,0.00014566373424369783,0.00014566373424369783,0.00014566373424369783,-0.015967617515756302,-0.009619961265756302,0.00038980435924369783,0.00014566373424369783,0.0016105074842436978,-0.0010750393907563022,0.005028476234243698,0.0392081637342437,0.00014566373424369783,0.00014566373424369783,8.627652721244767e-05,0.0526358981092437,0.0445792574842437,8.627652721244767e-05,8.627652721244767e-05,8.627652721244767e-05,0.00014566373424369783,0.0453116793592437,0.007714023109243698,0.00014566373424369783,0.012108554359243698,0.00014566373424369783,0.00014566373424369783,0.00014566373424369783,0.00014566373424369783,-0.0550301175157563,-0.0513680081407563,-0.0601570706407563,8.627652721244767e-05,0.00014566373424369783,0.00014566373424369783,-0.0523445706407563,-0.0403816800157563,-0.025000820640756302,0.00014566373424369783,-0.011328945640756302,-0.021094570640756302,-0.007666836265756302,0.013817538734243698,0.0328605074842437,0.00014566373424369783,0.0387198824842437,0.00014566373424369783,0.0367667574842437,0.0602042574842437,8.627652721244767e-05,8.627652721244767e-05,0.00014566373424369783,0.00014566373424369783,0.00014566373424369783,0.00014566373424369783,0.00014566373424369783,0.00014566373424369783,0.008446444984243698,-0.018409023765756302,-0.027442226890756302,0.00014566373424369783,-0.015235195640756302,-0.028418789390756302,-0.0499031643907563,0.00014566373424369783,8.627652721244767e-05,0.00014566373424369783,-0.0491707425157563,-0.030371914390756302,-0.0340340237657563,0.00014566373424369783,-0.0486824612657563,-0.025489101890756302,0.002831210609243698,0.006981601234243698,-0.0008308987657563022,0.00014566373424369783,0.00014566373424369783,-0.005225430015756302,0.00014566373424369783,0.00014566373424369783,0.00014566373424369783,0.024559726234243698,0.024559726234243698,0.00014566373424369783,0.0533683199842437,8.627652721244767e-05,0.00014566373424369783,0.019676913734243698,0.015282382484243698,0.00014566373424369783,0.030174960609243698,0.012108554359243698,-0.012061367515756302,-0.0340340237657563,-0.0391609768907563,0.00014566373424369783,-0.0450203518907563,0.00014566373424369783,8.627652721244767e-05,8.627652721244767e-05,8.627652721244767e-05,0.00014566373424369783,-0.0503914456407563,-0.0545418362657563,0.00014566373424369783,0.00014566373424369783,0.00014566373424369783,0.00014566373424369783,0.00014566373424369783,0.006249179359243698,0.00014566373424369783,0.004784335609243698,0.017479648109243698,0.0406730074842437,0.0533683199842437,0.0570304293592437,0.00014566373424369783,0.0594718356092437,8.627652721244767e-05,0.00014566373424369783,8.627652721244767e-05,0.0565421481092437,0.027001132484243698,0.00014566373424369783,0.018700351234243698,0.025048007484243698,0.011376132484243698,-0.005713711265756302,-0.024756680015756302,0.00014566373424369783,0.00014566373424369783,-0.0418465237657563,0.00014566373424369783,0.00014566373424369783,0.00014566373424369783,-0.0606453518907563,-0.0557625393907563,-0.0452644925157563,-0.0474617581407563,0.00014566373424369783,0.00014566373424369783,-0.012549648765756302,-0.002295742515756302,-0.003760586265756302,0.00014566373424369783,0.007225741859243698,0.0013663668592436978,0.016747226234243698,0.0467765231092437,8.627652721244767e-05,0.00014566373424369783,0.0531241793592437,0.00014566373424369783,0.0521476168592437,0.0597159762342437,8.627652721244767e-05,0.0604483981092437,0.00014566373424369783,0.00014566373424369783,0.00014566373424369783,0.00014566373424369783,0.00014566373424369783,0.00014566373424369783,-0.0452644925157563,-0.0525887112657563,-0.0462410550157563,-0.0467293362657563,0.00014566373424369783,-0.0586922268907563,8.627652721244767e-05,-0.0630867581407563,-0.0569832425157563,0.00014566373424369783,0.00014566373424369783,-0.0513680081407563,-0.017188320640756302,-0.013526211265756302,-0.021582851890756302,-0.011084805015756302,0.00014566373424369783,0.021630038734243698,0.015770663734243698,0.00014566373424369783,0.00014566373424369783,0.027001132484243698,0.00014566373424369783,0.00014566373424369783,0.00014566373424369783,8.627652721244767e-05,0.00014566373424369783,8.627652721244767e-05,0.0409171481092437,0.027245273109243698,0.00014566373424369783,0.029198398109243698,0.023583163734243698,0.00014566373424369783,-0.024268398765756302,-0.029151211265756302,-0.029395351890756302,-0.030616055015756302,-0.0372078518907563,-0.0528328518907563,0.00014566373424369783,0.00014566373424369783,8.627652721244767e-05,-0.0357430081407563,-0.0318367581407563,-0.0323250393907563,-0.0425789456407563,-0.0376961331407563,0.00014566373424369783,0.00014566373424369783,0.00014566373424369783,0.00014566373424369783,0.00014566373424369783,0.00014566373424369783,0.016258944984243698,8.627652721244767e-05,8.627652721244767e-05,0.0382316012342437,0.0328605074842437,0.00014566373424369783,0.0538566012342437,8.627652721244767e-05,0.0580069918592437,0.00014566373424369783,0.030419101234243698,0.0357901949842437,0.0384757418592437,0.00014566373424369783,0.015282382484243698,-0.0362312893907563,-0.0413582425157563,-0.0335457425157563,-0.024024258140756302,0.00014566373424369783,8.627652721244767e-05,0.00014566373424369783,0.00014566373424369783,0.00014566373424369783,0.00014566373424369783,-0.0459969143907563,8.627652721244767e-05,0.00014566373424369783,-0.0560066800157563,-0.005225430015756302,0.00014566373424369783,0.018212069984243698,0.002098788734243698,-0.009619961265756302,0.00014566373424369783,-0.006690273765756302,0.0558097262342437,0.0589835543592437,0.0338370699842437,0.024559726234243698,0.00014566373424369783,8.627652721244767e-05,0.00014566373424369783,8.627652721244767e-05,0.030174960609243698,0.017723788734243698,0.0323722262342437,0.00014566373424369783,0.00014566373424369783,0.00014566373424369783,0.00014566373424369783,0.00014566373424369783,-0.0372078518907563,-0.019385586265756302,0.00014566373424369783,-0.0391609768907563,8.627652721244767e-05,8.627652721244767e-05,8.627652721244767e-05,-0.0372078518907563,-0.019629726890756302,0.00014566373424369783,0.00014566373424369783,-0.0550301175157563,-0.005225430015756302,0.027489413734243698,0.012352694984243698,0.00014566373424369783,0.00014566373424369783,0.013817538734243698,0.0428702731092437,0.0543448824842437,0.00014566373424369783,0.00014566373424369783,0.0514151949842437,0.00014566373424369783,0.00014566373424369783,0.00014566373424369783,8.627652721244767e-05,8.627652721244767e-05,8.627652721244767e-05,0.0621573824842437,0.00014566373424369783,0.00014566373424369783,0.0511710543592437,0.00014566373424369783,0.0394523043592437,-0.013770351890756302,-0.025733242515756302,-0.0376961331407563,-0.0525887112657563,8.627652721244767e-05,0.00014566373424369783,8.627652721244767e-05,0.00014566373424369783,8.627652721244767e-05,8.627652721244767e-05,8.627652721244767e-05,-0.0599129300157563,0.00014566373424369783,-0.0430672268907563,0.00014566373424369783,0.00014566373424369783,0.00014566373424369783,0.00014566373424369783,0.00014566373424369783,-0.011817226890756302,0.013573398109243698,0.012596835609243698,-0.002051601890756302,-0.005469570640756302,0.00014566373424369783,0.016503085609243698,0.0577628512342437,0.00014566373424369783,0.029198398109243698,0.008202304359243698,0.0016105074842436978,0.00014566373424369783,0.008934726234243698,0.019432773109243698,0.005272616859243698,-0.008643398765756302,-0.022071133140756302,0.00014566373424369783,-0.0384285550157563,0.00014566373424369783,0.00014566373424369783,0.00014566373424369783,0.00014566373424369783,-0.0518562893907563,-0.0521004300157563,-0.0425789456407563,0.00014566373424369783,-0.022559414390756302,0.00014566373424369783,-0.023291836265756302,-0.016944180015756302,-0.008155117515756302,0.00014566373424369783,0.007225741859243698,0.020165194984243698,0.00014566373424369783,0.00014566373424369783,0.00014566373424369783,0.00014566373424369783,0.00014566373424369783,0.0313956637342437,0.0321280856092437,0.0370108981092437,0.00014566373424369783,0.015038241859243698,0.005272616859243698,0.00014566373424369783,0.00014566373424369783,0.00014566373424369783,0.00014566373424369783,0.00014566373424369783,0.00014566373424369783,-0.004737148765756302,0.00014566373424369783,-0.002539883140756302,0.013817538734243698,-0.004737148765756302,-0.020850430015756302,0.00014566373424369783,-0.0010750393907563022,0.0006339449842436978,0.00014566373424369783,0.00014566373424369783,0.003563632484243698,-0.004004726890756302,-0.012305508140756302,0.00014566373424369783,0.010155429359243698,0.021141757484243698,0.00014566373424369783,0.010643710609243698,-0.011817226890756302,0.00014566373424369783,0.00014566373424369783,0.010643710609243698,0.00014566373424369783,0.00014566373424369783,0.00014566373424369783,0.00014566373424369783,-0.008887539390756302,0.003563632484243698,0.00014566373424369783,0.0013663668592436978,0.00014566373424369783,-0.016700039390756302,0.00014566373424369783,-0.005469570640756302,-0.012305508140756302,0.00014566373424369783,-0.023047695640756302,-0.015967617515756302,-0.002784023765756302,0.00014566373424369783,0.00014566373424369783,0.00014566373424369783,-0.016944180015756302,-0.005957851890756302,0.00014566373424369783,0.005028476234243698,0.00014566373424369783,0.00014566373424369783,0.00014566373424369783,0.00014566373424369783,0.00014566373424369783,0.00014566373424369783,0.017235507484243698,0.006981601234243698,-0.010596523765756302,0.00014566373424369783,0.003319491859243698,0.011376132484243698,0.00014566373424369783,0.015038241859243698,0.0011222262342436978,0.00014566373424369783,0.003807773109243698,0.012108554359243698,0.00014566373424369783,0.013817538734243698,0.0018546481092436978,0.00014566373424369783,-0.00034261751575630217,0.012352694984243698,0.022362460609243698,0.00014566373424369783,0.00014566373424369783,-0.0013191800157563022,0.00014566373424369783,0.00014566373424369783,0.00014566373424369783,0.00014566373424369783,0.009423007484243698,0.00014566373424369783,0.002098788734243698,0.006005038734243698,0.00014566373424369783,0.00014566373424369783,0.008446444984243698,0.00014566373424369783,-0.009619961265756302,-0.012549648765756302,0.00014566373424369783,0.0377433199842437,0.0457999606092437,0.010887851234243698,0.00014566373424369783,0.00014566373424369783,8.627652721244767e-05,-0.005225430015756302,0.00014566373424369783,0.0384757418592437,-0.0384285550157563,0.00014566373424369783,0.00014566373424369783,0.00014566373424369783,0.00014566373424369783,0.00014566373424369783,0.00014566373424369783,0.0011222262342436978,-0.0328133206407563,-9.847689075630217e-05,0.00014566373424369783,0.0396964449842437,0.021630038734243698,-0.006690273765756302,0.002342929359243698,0.00014566373424369783,0.00014566373424369783,0.0457999606092437,-0.00034261751575630217,0.00014566373424369783,-0.003516445640756302,0.0494620699842437,8.627652721244767e-05,0.00014566373424369783,0.0526358981092437,-0.0459969143907563,0.00014566373424369783,0.00014566373424369783,0.0357901949842437,0.00014566373424369783,0.00014566373424369783,0.00014566373424369783,-0.0328133206407563,0.00014566373424369783,8.627652721244767e-05,0.0443351168592437,0.00014566373424369783,0.00014566373424369783,-0.0328133206407563,0.020409335609243698,0.0516593356092437,0.00014566373424369783,-0.023535976890756302,-0.0433113675157563,-0.026709805015756302,0.00014566373424369783,0.023583163734243698,0.00014566373424369783,0.00014566373424369783,-0.007178555015756302,-0.025977383140756302,-0.017188320640756302,0.002342929359243698,0.00014566373424369783,0.007469882484243698,0.00014566373424369783,0.00014566373424369783,0.00014566373424369783,0.00014566373424369783,0.00014566373424369783,-0.018409023765756302,0.00014566373424369783,-0.016700039390756302,-0.005225430015756302,-0.004493008140756302,-0.0010750393907563022,0.00014566373424369783,-0.011084805015756302,-0.003516445640756302,0.00014566373424369783,-0.017676601890756302,-0.0323250393907563,0.00014566373424369783,-0.026465664390756302,-0.016211758140756302,-0.007178555015756302,-0.006934414390756302,0.00014566373424369783,-0.0625984768907563,-0.0630867581407563,0.00014566373424369783,-0.0013191800157563022,0.00014566373424369783,0.00014566373424369783,0.00014566373424369783,0.00014566373424369783,-0.030127773765756302,-0.00034261751575630217,0.00014566373424369783,-0.011573086265756302,0.00014566373424369783,-0.0499031643907563,0.00014566373424369783,-0.0359871487657563,0.013573398109243698,0.030907382484243698,0.010643710609243698,0.00014566373424369783,-0.0362312893907563,-0.002051601890756302,0.00014566373424369783,0.00014566373424369783,0.028221835609243698,-0.023047695640756302,-0.012061367515756302,0.021385898109243698,0.00014566373424369783,0.0411612887342437,-0.014746914390756302,0.00014566373424369783,0.00014566373424369783,0.00014566373424369783,0.00014566373424369783,0.00014566373424369783,0.0316398043592437,-0.007910976890756302,-0.015723476890756302,0.019676913734243698,0.00014566373424369783,8.627652721244767e-05,0.029198398109243698,-0.010840664390756302,0.00014566373424369783,0.00014566373424369783,0.0357901949842437,0.0528800387342437,0.0333487887342437,0.00014566373424369783,-0.030860195640756302,-0.018653164390756302,0.017723788734243698,0.0436026949842437,0.00014566373424369783,0.00014566373424369783,-0.0596687893907563,0.00014566373424369783,0.00014566373424369783,0.00014566373424369783,0.00014566373424369783,-0.020606289390756302,-0.0389168362657563,0.00014566373424369783,0.022362460609243698,0.00014566373424369783,0.025536288734243698,0.0008780856092436978,0.00014566373424369783,-0.010352383140756302,0.012596835609243698,0.025048007484243698,0.00014566373424369783,0.019432773109243698,-0.006446133140756302,0.00014566373424369783,0.005272616859243698,0.00014566373424369783,0.025048007484243698,-0.0018074612657563022,-0.015967617515756302,0.0018546481092436978,0.00014566373424369783,0.023583163734243698,0.017479648109243698,0.00014566373424369783,0.00014566373424369783,0.00014566373424369783,0.00014566373424369783,-0.005469570640756302,0.00014566373424369783,0.005272616859243698,0.008690585609243698,0.005516757484243698,0.00014566373424369783,-0.025977383140756302,-0.021094570640756302,-0.004248867515756302,0.00014566373424369783,0.00014566373424369783,0.011376132484243698,0.00014566373424369783,0.003807773109243698,-0.008887539390756302,0.005028476234243698,0.00014566373424369783,0.024071444984243698,0.00014566373424369783,-0.019629726890756302,0.00014566373424369783,0.00014566373424369783,0.021630038734243698,0.00014566373424369783,0.00014566373424369783,0.00014566373424369783,-0.020606289390756302,0.00014566373424369783,-0.007666836265756302,0.024315585609243698,0.00014566373424369783,0.00014566373424369783,-0.0018074612657563022,0.00014566373424369783,-0.009375820640756302,0.024559726234243698,0.030174960609243698,0.00014566373424369783,0.015282382484243698,0.011864413734243698,-0.006201992515756302,0.00014566373424369783,0.00014566373424369783,0.021630038734243698,0.019188632484243698,0.00014566373424369783,0.005516757484243698,0.006005038734243698,0.00014566373424369783,-0.014502773765756302,0.00014566373424369783,0.00014566373424369783,0.00014566373424369783,0.00014566373424369783,0.00014566373424369783,-0.004493008140756302,0.00014566373424369783,-0.010840664390756302,-0.005957851890756302,0.00014566373424369783,-0.006934414390756302,0.00014566373424369783,0.00014566373424369783,0.00014566373424369783,0.00014566373424369783,0.00014566373424369783,0.00014566373424369783,0.00014566373424369783,-0.018653164390756302,0.00014566373424369783,0.00014566373424369783,0.00014566373424369783,0.00014566373424369783,0.00014566373424369783,0.00014566373424369783,0.013329257484243698,0.00014566373424369783,-0.016211758140756302,0.00014566373424369783,0.00014566373424369783,0.00014566373424369783,0.00014566373424369783,0.002342929359243698,0.00014566373424369783,0.00014566373424369783,0.00014566373424369783,-0.029395351890756302,0.00014566373424369783,-0.017188320640756302,0.00014566373424369783,0.00014566373424369783,-0.031104336265756302,-0.016211758140756302,0.00014566373424369783,0.005028476234243698,-0.024756680015756302,-0.0413582425157563,0.00014566373424369783,0.00014566373424369783,0.00014566373424369783,0.00014566373424369783,0.00014566373424369783,0.00014566373424369783,0.00014566373424369783,-0.0013191800157563022,0.00014566373424369783,0.00014566373424369783,0.00014566373424369783,0.00014566373424369783,0.00014566373424369783,0.0016105074842436978,0.00014566373424369783,0.00014566373424369783,0.00014566373424369783,0.00014566373424369783,0.00014566373424369783,0.00014566373424369783,0.00014566373424369783,0.00014566373424369783,0.00014566373424369783,0.00014566373424369783,0.00014566373424369783,0.00014566373424369783,0.00014566373424369783,0.00014566373424369783,0.00014566373424369783,0.00014566373424369783,0.00014566373424369783,0.00014566373424369783,0.00014566373424369783,0.00014566373424369783,0.00014566373424369783,0.00014566373424369783,0.00014566373424369783,0.00014566373424369783,0.00014566373424369783,0.00014566373424369783,0.00014566373424369783,0.00014566373424369783,0.00014566373424369783,0.00014566373424369783,0.00014566373424369783,0.00014566373424369783,0.00014566373424369783,0.0013663668592436978,0.00014566373424369783,0.00014566373424369783,-0.007422695640756302,0.00014566373424369783,-0.015235195640756302,-0.015723476890756302,0.00014566373424369783,0.00014566373424369783,0.006493319984243698,0.00014566373424369783,0.00014566373424369783,0.00014566373424369783,0.00014566373424369783,0.00014566373424369783,0.00014566373424369783,0.00014566373424369783,0.004051913734243698,0.00014566373424369783,0.00014566373424369783,0.00014566373424369783,0.00014566373424369783,0.00014566373424369783,0.00014566373424369783,0.00014566373424369783,0.00014566373424369783,0.00014566373424369783,0.00014566373424369783,0.00014566373424369783,0.00014566373424369783,0.00014566373424369783,0.00014566373424369783,0.00014566373424369783,0.00014566373424369783,0.00014566373424369783,0.00014566373424369783,0.00014566373424369783,0.00014566373424369783,0.00014566373424369783,0.00014566373424369783,0.00014566373424369783,0.00014566373424369783,0.00014566373424369783,0.00014566373424369783,0.00014566373424369783,0.00014566373424369783,0.00014566373424369783,0.00014566373424369783,0.00014566373424369783,0.00014566373424369783,0.00014566373424369783,0.00014566373424369783,0.00014566373424369783,0.00014566373424369783,0.00014566373424369783,0.00014566373424369783,0.00014566373424369783,0.00014566373424369783,0.00014566373424369783,0.00014566373424369783,0.00014566373424369783,0.00014566373424369783,0.00014566373424369783,0.00014566373424369783,0.00014566373424369783,0.00014566373424369783,0.00014566373424369783,0.00014566373424369783,0.00014566373424369783,0.00014566373424369783,0.00014566373424369783,0.00014566373424369783,0.00014566373424369783,0.00014566373424369783,0.00014566373424369783,0.00014566373424369783,0.00014566373424369783,0.00014566373424369783,0.00014566373424369783,0.00014566373424369783,0.00014566373424369783,0.00014566373424369783,0.00014566373424369783,0.00014566373424369783,0.00014566373424369783,0.00014566373424369783,0.00014566373424369783,0.00014566373424369783,0.00014566373424369783,0.00014566373424369783,0.00014566373424369783,0.00014566373424369783,0.00014566373424369783,0.00014566373424369783,0.00014566373424369783,0.00014566373424369783,0.00014566373424369783,0.00014566373424369783,0.00014566373424369783,0.00014566373424369783,0.00014566373424369783,0.00014566373424369783,0.00014566373424369783,0.00014566373424369783,0.00014566373424369783,0.00014566373424369783,0.00014566373424369783,0.00014566373424369783,0.00014566373424369783,0.00014566373424369783,0.00014566373424369783,0.00014566373424369783,0.00014566373424369783,0.00014566373424369783,0.00014566373424369783,0.00014566373424369783,0.00014566373424369783,0.00014566373424369783,0.003563632484243698,0.00014566373424369783,0.00014566373424369783,0.00014566373424369783,-0.0428230862657563,0.00014566373424369783,0.00014566373424369783,0.00014566373424369783,0.00014566373424369783,0.00014566373424369783,0.00014566373424369783,0.00014566373424369783,0.00014566373424369783,0.00014566373424369783,0.00014566373424369783,-0.011573086265756302,0.00014566373424369783,0.00014566373424369783,0.00014566373424369783,0.00014566373424369783,0.00014566373424369783,0.00014566373424369783,0.00014566373424369783,0.0350577731092437,0.00014566373424369783,0.00014566373424369783,0.00014566373424369783,0.00014566373424369783,0.00014566373424369783,0.0348136324842437,0.00014566373424369783,0.00014566373424369783,0.009911288734243698,0.00014566373424369783,0.0353019137342437,0.0318839449842437,0.00014566373424369783,-0.020606289390756302,0.00014566373424369783,0.00014566373424369783,0.00014566373424369783,0.00014566373424369783,0.00014566373424369783,0.00014566373424369783,0.00014566373424369783,0.00014566373424369783,0.00014566373424369783,0.00014566373424369783,0.00014566373424369783,0.00014566373424369783,0.00014566373424369783,0.00014566373424369783,0.00014566373424369783,0.00014566373424369783,0.00014566373424369783,-0.007178555015756302,0.00014566373424369783,0.00014566373424369783,0.00014566373424369783,0.0416495699842437,0.00014566373424369783,0.00014566373424369783,0.00014566373424369783,0.00014566373424369783,0.00014566373424369783,0.0438468356092437,0.00014566373424369783,0.00014566373424369783,-0.005469570640756302,0.00014566373424369783,0.0016105074842436978,0.00014566373424369783,0.00014566373424369783,0.00014566373424369783,0.00014566373424369783,0.00014566373424369783,-0.011328945640756302,0.00014566373424369783,0.00014566373424369783,0.00014566373424369783,-0.0530769925157563,0.00014566373424369783,0.00014566373424369783,0.00014566373424369783,0.00014566373424369783,0.00014566373424369783,-0.009619961265756302,0.00014566373424369783,0.00014566373424369783,0.00014566373424369783,0.00014566373424369783,0.00014566373424369783,0.00014566373424369783,0.00014566373424369783,0.00014566373424369783,0.00014566373424369783,0.00014566373424369783,0.00014566373424369783,0.00014566373424369783,0.00014566373424369783,0.00014566373424369783,0.00014566373424369783,0.00014566373424369783,0.00014566373424369783,0.00014566373424369783,0.00014566373424369783,0.00014566373424369783,0.00014566373424369783,0.00014566373424369783,0.00014566373424369783,0.00014566373424369783,-0.024024258140756302,0.00014566373424369783,0.00014566373424369783,0.00014566373424369783,0.00014566373424369783,0.00014566373424369783,0.00014566373424369783,0.00014566373424369783,0.00014566373424369783,-9.847689075630217e-05,0.00014566373424369783,0.00014566373424369783,0.012596835609243698,0.00014566373424369783,0.00014566373424369783,0.00014566373424369783,0.00014566373424369783,0.00014566373424369783,0.00014566373424369783,0.00014566373424369783,0.00014566373424369783,0.00014566373424369783,0.00014566373424369783,0.00014566373424369783,0.0367667574842437,0.00014566373424369783,0.00014566373424369783,0.015038241859243698,0.00014566373424369783,0.00014566373424369783,0.00014566373424369783,0.00014566373424369783,-0.025977383140756302,0.00014566373424369783,0.00014566373424369783,0.00014566373424369783,0.00014566373424369783,0.00014566373424369783,-0.0337898831407563,0.00014566373424369783,0.00014566373424369783,0.00014566373424369783,0.00014566373424369783,0.00014566373424369783,0.004051913734243698,0.00014566373424369783,-0.005469570640756302,0.00014566373424369783,0.00014566373424369783,0.026024569984243698,0.00014566373424369783,0.006737460609243698,0.00014566373424369783,0.00014566373424369783,0.00014566373424369783,0.00014566373424369783,0.00014566373424369783,-0.004493008140756302,0.00014566373424369783,0.00014566373424369783,0.00014566373424369783,0.00014566373424369783,0.00014566373424369783,0.00014566373424369783,0.00014566373424369783,0.00014566373424369783,0.00014566373424369783,0.00014566373424369783,0.00014566373424369783,0.00014566373424369783,0.00014566373424369783,0.00014566373424369783,0.00014566373424369783,0.00014566373424369783,0.00014566373424369783,0.00014566373424369783,0.00014566373424369783,0.00014566373424369783,0.00014566373424369783,0.00014566373424369783,0.00014566373424369783,0.00014566373424369783,0.021874179359243698,0.00014566373424369783,0.00014566373424369783,0.00014566373424369783,0.00014566373424369783,-0.012793789390756302,0.00014566373424369783,0.00014566373424369783,0.022118319984243698,0.00014566373424369783,0.00014566373424369783,0.00014566373424369783,0.00014566373424369783,0.00014566373424369783,-0.019629726890756302,0.00014566373424369783,0.00014566373424369783,0.00014566373424369783,0.00014566373424369783,0.00014566373424369783,0.0008780856092436978,0.00014566373424369783,0.00014566373424369783,0.00014566373424369783,0.00014566373424369783,0.00014566373424369783,0.00014566373424369783,0.00014566373424369783,0.00014566373424369783,0.00014566373424369783,0.00014566373424369783,0.015770663734243698,0.00014566373424369783,0.00014566373424369783,0.00014566373424369783,0.00014566373424369783,0.00014566373424369783,0.00014566373424369783,0.00014566373424369783,0.00014566373424369783,0.00014566373424369783,0.00014566373424369783,0.00014566373424369783,0.00014566373424369783,0.00014566373424369783,0.00014566373424369783,0.00014566373424369783,0.00014566373424369783,0.015282382484243698,0.00014566373424369783,0.00014566373424369783,0.00014566373424369783,0.00014566373424369783,0.00014566373424369783,0.00014566373424369783,0.00014566373424369783,0.00014566373424369783,0.00014566373424369783,0.00014566373424369783,0.00014566373424369783,0.00014566373424369783,0.00014566373424369783,0.00014566373424369783,0.00014566373424369783,0.00014566373424369783,0.00014566373424369783,0.00014566373424369783,0.00014566373424369783,0.00014566373424369783,0.00014566373424369783,0.00014566373424369783,0.00014566373424369783,0.00014566373424369783,0.00014566373424369783,0.00014566373424369783,0.00014566373424369783,0.00014566373424369783,0.00014566373424369783,0.00014566373424369783,0.00014566373424369783,0.00014566373424369783,0.00014566373424369783,0.00014566373424369783,0.00014566373424369783,0.00014566373424369783,0.00014566373424369783,0.00014566373424369783,0.00014566373424369783,0.00014566373424369783,-0.013282070640756302,0.00014566373424369783,-0.026465664390756302,0.00014566373424369783,0.00014566373424369783,0.00014566373424369783,0.00014566373424369783,0.00014566373424369783,0.00014566373424369783,0.00038980435924369783,0.00014566373424369783,0.00014566373424369783,-0.010108242515756302,0.00014566373424369783,0.00014566373424369783,0.00014566373424369783,0.00014566373424369783,0.00014566373424369783,0.00014566373424369783,0.00014566373424369783,0.00014566373424369783,0.00014566373424369783,0.00014566373424369783,0.015526523109243698,0.00014566373424369783,0.006737460609243698,0.00014566373424369783,0.00014566373424369783,0.00014566373424369783,0.00014566373424369783,0.00014566373424369783,0.00014566373424369783,-0.029639492515756302,0.00014566373424369783,0.00014566373424369783,-0.020850430015756302,-0.011573086265756302,0.00014566373424369783,0.00014566373424369783,0.002098788734243698,0.00014566373424369783,0.012352694984243698,0.00014566373424369783,0.00014566373424369783,0.00014566373424369783,0.00014566373424369783,0.00014566373424369783,0.00014566373424369783,0.00014566373424369783,0.00014566373424369783,0.00014566373424369783,0.00014566373424369783,0.00014566373424369783,0.00014566373424369783,0.00014566373424369783,0.00014566373424369783,0.00014566373424369783,0.00014566373424369783,0.00014566373424369783,0.00014566373424369783,0.00014566373424369783,0.00014566373424369783,0.00014566373424369783,0.00014566373424369783,0.00014566373424369783,0.005760898109243698,0.00014566373424369783,0.00014566373424369783,0.00014566373424369783,0.00014566373424369783,0.0362784762342437,0.00014566373424369783,0.00014566373424369783,0.003807773109243698,0.00014566373424369783,0.010643710609243698,0.00014566373424369783,-0.017432461265756302,0.00014566373424369783,0.005028476234243698,0.005028476234243698,0.00014566373424369783,0.00014566373424369783,-0.0628426175157563,0.00014566373424369783,-0.007666836265756302,-0.005469570640756302,-0.016211758140756302,0.00014566373424369783,-0.012549648765756302,0.007225741859243698,0.016991366859243698,0.00014566373424369783,0.00014566373424369783,0.022850741859243698,0.010643710609243698,0.00014566373424369783,0.009178866859243698,0.014549960609243698,0.00014566373424369783,-0.009131680015756302,-0.018897305015756302,0.00014566373424369783,0.00014566373424369783,0.00014566373424369783,0.00014566373424369783,-0.024268398765756302,-0.025000820640756302,-0.026953945640756302,0.00014566373424369783,-0.027930508140756302,-0.007178555015756302,0.012352694984243698,0.00014566373424369783,0.00014566373424369783,0.00014566373424369783,0.00014566373424369783,0.00014566373424369783,0.00014566373424369783,0.00014566373424369783,0.025536288734243698,0.017479648109243698,0.00014566373424369783,0.012352694984243698,0.0016105074842436978,-0.009619961265756302,0.00014566373424369783,-0.012061367515756302,0.00014566373424369783,0.00014566373424369783,-0.017676601890756302,-0.026465664390756302,0.00014566373424369783,-0.0420906643907563,-0.021094570640756302,0.006249179359243698,0.00014566373424369783,0.006005038734243698,0.00014566373424369783,0.00014566373424369783,0.00014566373424369783,0.00014566373424369783,0.00014566373424369783,0.0396964449842437,0.00014566373424369783,0.003075351234243698,-0.007178555015756302,0.00014566373424369783,0.029686679359243698,0.00014566373424369783,0.011620273109243698,0.00014566373424369783,-0.029395351890756302,-0.025733242515756302,0.00014566373424369783,-0.008155117515756302,-0.017432461265756302,0.00014566373424369783,-0.025977383140756302,0.00014566373424369783,0.018944491859243698,0.00014566373424369783,0.022850741859243698,0.00014566373424369783,-0.005713711265756302,0.00014566373424369783,0.00014566373424369783,0.00014566373424369783,0.00014566373424369783,0.014794101234243698,0.00014566373424369783,0.00014566373424369783,0.00014566373424369783,0.00014566373424369783,0.00014566373424369783,-0.0406258206407563,0.00014566373424369783,0.00014566373424369783,0.00014566373424369783,0.014061679359243698,0.00014566373424369783,0.00014566373424369783,0.00014566373424369783,0.00014566373424369783,0.024071444984243698,0.00014566373424369783,0.00014566373424369783,0.00014566373424369783,0.00014566373424369783,0.0462882418592437,0.00014566373424369783,0.00014566373424369783,0.00014566373424369783,0.00014566373424369783,0.00014566373424369783,0.00014566373424369783,0.00014566373424369783,0.00014566373424369783,0.00014566373424369783,0.00014566373424369783,0.00014566373424369783,0.00014566373424369783,0.00014566373424369783,0.00014566373424369783,0.00014566373424369783,0.00014566373424369783,0.00014566373424369783,0.00014566373424369783,0.00014566373424369783,0.00014566373424369783,-0.028907070640756302,0.00014566373424369783,0.00014566373424369783,0.00014566373424369783,0.022362460609243698,0.00014566373424369783,0.00014566373424369783,0.00014566373424369783,0.00014566373424369783,0.00014566373424369783,-0.004737148765756302,0.00014566373424369783,0.00014566373424369783,0.00014566373424369783,0.00014566373424369783,0.00014566373424369783,0.00014566373424369783,0.00014566373424369783,0.00014566373424369783,0.00014566373424369783,0.00014566373424369783,0.00014566373424369783,0.00014566373424369783,0.00014566373424369783,-0.007178555015756302,0.00014566373424369783,0.029198398109243698,0.00014566373424369783,0.0455558199842437,0.017235507484243698,-0.0008308987657563022,0.00014566373424369783,0.024315585609243698,0.00014566373424369783,0.00014566373424369783,0.00014566373424369783,0.00014566373424369783,0.00014566373424369783,0.00014566373424369783,0.00014566373424369783,0.00014566373424369783,0.00014566373424369783,0.00014566373424369783,0.00014566373424369783,0.00014566373424369783,0.00014566373424369783,0.00014566373424369783,0.00014566373424369783,0.00014566373424369783,0.00014566373424369783,0.00014566373424369783,0.00014566373424369783,0.00014566373424369783,0.00014566373424369783,0.007469882484243698,0.00014566373424369783,0.00014566373424369783,0.00014566373424369783,0.00014566373424369783,0.00014566373424369783,0.00014566373424369783,0.00014566373424369783,0.00014566373424369783,0.00014566373424369783,0.00014566373424369783,-0.004248867515756302,-0.006934414390756302,0.00014566373424369783,-0.007666836265756302,0.00014566373424369783,0.00014566373424369783,-0.010108242515756302
UR5e_W,0.010198932206528403,0.027532916581528403,0.000921588456528402,0.029486041581528403,0.000921588456528402,0.015814166581528403,0.013616900956528403,0.020941119706528403,0.028265338456528403,0.000921588456528402,0.000921588456528402,0.000921588456528402,0.000921588456528402,0.000921588456528402,0.000921588456528402,0.004827838456528402,0.000921588456528402,0.000921588456528402,-0.006158489668471598,-0.003961224043471598,-0.006890911543471598,-0.022760052168471597,0.000921588456528402,-0.025445599043471597,0.000921588456528402,-0.017388958418471597,-0.016168255293471597,-0.016168255293471597,-0.026422161543471597,0.000921588456528402,-0.026422161543471597,-0.017388958418471597,-0.013238567793471597,-0.017877239668471597,0.000921588456528402,-0.017877239668471597,0.000921588456528402,0.000921588456528402,0.000921588456528402,0.000921588456528402,0.000921588456528402,-0.015435833418471597,0.000921588456528402,0.000921588456528402,0.000921588456528402,0.000921588456528402,0.000921588456528402,0.000921588456528402,0.000921588456528402,0.000921588456528402,0.000921588456528402,0.006780963456528402,0.008001666581528403,0.008734088456528403,0.000921588456528402,0.009710650956528403,0.000921588456528402,0.007757525956528402,0.011175494706528403,0.007269244706528402,0.000921588456528402,0.013128619706528403,0.018499713456528403,0.000921588456528402,0.000921588456528402,0.000921588456528402,0.000921588456528402,0.000921588456528402,0.000921588456528402,0.000921588456528402,0.000921588456528402,0.000921588456528402,0.000921588456528402,0.000921588456528402,0.004339557206528402,0.000921588456528402,0.000921588456528402,0.020208697831528403,-0.006402630293471598,0.000921588456528402,0.005560260331528402,0.000921588456528402,0.016790729081528403,0.000921588456528402,0.000921588456528402,-0.005670208418471598,0.000921588456528402,0.000921588456528402,0.000921588456528402,0.000921588456528402,0.000921588456528402,0.000921588456528402,0.000921588456528402,0.001654010331528402,0.000921588456528402,0.000921588456528402,0.000921588456528402,-0.003228802168471598,-0.011529583418471597,0.000921588456528402,0.000921588456528402,0.000921588456528402,0.000921588456528402,-0.001275677168471598,0.000921588456528402,0.000921588456528402,0.000921588456528402,0.000921588456528402,0.000921588456528402,0.000921588456528402,0.000921588456528402,0.000921588456528402,0.000921588456528402,0.000921588456528402,0.000921588456528402,0.000921588456528402,0.000921588456528402,0.000921588456528402,0.000921588456528402,0.000921588456528402,0.000921588456528402,0.000921588456528402,-0.015679974043471597,0.000921588456528402,-0.005181927168471598,0.000921588456528402,0.000921588456528402,0.000921588456528402,0.000921588456528402,0.000921588456528402,0.000921588456528402,0.000921588456528402,0.000921588456528402,0.000921588456528402,-0.000543255293471598,0.000921588456528402,0.003607135331528402,0.000921588456528402,0.003118854081528402,0.000921588456528402,0.001654010331528402,0.000921588456528402,0.023382525956528403,0.019476275956528403,0.000921588456528402,0.000921588456528402,0.000921588456528402,0.000921588456528402,0.000921588456528402,0.000921588456528402,0.000921588456528402,0.000921588456528402,0.000921588456528402,0.000921588456528402,0.000921588456528402,0.000921588456528402,0.000921588456528402,0.000921588456528402,0.000921588456528402,0.000921588456528402,0.000921588456528402,0.000921588456528402,-0.007867474043471597,0.000921588456528402,-0.008599895918471597,0.009222369706528403,0.000921588456528402,0.000433307206528402,0.000921588456528402,0.000921588456528402,-0.006646770918471598,0.000921588456528402,0.000921588456528402,0.000921588456528402,0.000921588456528402,0.000921588456528402,-0.0418030209184716,0.000921588456528402,0.000921588456528402,0.000921588456528402,0.000921588456528402,0.000921588456528402,0.000921588456528402,0.000921588456528402,0.000921588456528402,0.000921588456528402,-0.029595989668471597,0.000921588456528402,0.000921588456528402,0.000921588456528402,0.000921588456528402,-0.006158489668471598,0.000921588456528402,0.000921588456528402,0.000921588456528402,0.000921588456528402,0.030218463456528403,0.000921588456528402,0.0343688540815284,0.000921588456528402,0.000921588456528402,0.000921588456528402,0.000921588456528402,0.000921588456528402,0.000921588456528402,0.000921588456528402,0.000921588456528402,0.000921588456528402,0.000921588456528402,0.000921588456528402,0.000921588456528402,0.000921588456528402,0.000921588456528402,0.000921588456528402,0.029974322831528403,0.000921588456528402,0.000921588456528402,0.000921588456528402,0.000921588456528402,0.000921588456528402,0.000921588456528402,0.003362994706528402,-0.011529583418471597,0.000921588456528402,0.000921588456528402,-0.002008099043471598,-0.011773724043471597,0.000921588456528402,-0.029351849043471597,-0.023980755293471597,-0.013970989668471597,-0.025445599043471597,0.000921588456528402,-0.0381409115434716,0.000921588456528402,-0.027887005293471597,-0.028375286543471597,0.000921588456528402,-0.0369202084184716,-0.0361877865434716,0.000921588456528402,0.000921588456528402,0.000921588456528402,0.000921588456528402,0.000921588456528402,-0.004693645918471598,0.000921588456528402,0.008245807206528403,0.012640338456528403,0.007269244706528402,-0.006402630293471598,0.005804400956528402,0.022894244706528403,0.000921588456528402,0.020941119706528403,0.000921588456528402,-0.001275677168471598,0.005316119706528402,0.017523150956528403,0.0368102603315284,0.025335650956528403,0.000921588456528402,0.011419635331528403,0.005071979081528402,0.007269244706528402,0.000921588456528402,0.012152057206528403,0.000921588456528402,0.000921588456528402,0.000921588456528402,0.000921588456528402,0.011907916581528403,0.006536822831528402,-0.006646770918471598,-0.018609661543471597,0.000921588456528402,-0.002984661543471598,0.000921588456528402,0.006780963456528402,-0.002008099043471598,-0.018853802168471597,-0.022760052168471597,0.00018916658152840198,-0.000299114668471598,0.000921588456528402,-0.012017864668471597,0.000921588456528402,-0.030084270918471597,-0.021539349043471597,-0.003472942793471598,-0.000543255293471598,-0.012017864668471597,0.000921588456528402,-0.011773724043471597,0.000921588456528402,0.000921588456528402,0.000921588456528402,0.000921588456528402,0.000921588456528402,0.000921588456528402,0.014593463456528403,0.028265338456528403,0.030462604081528403,0.008489947831528403,0.009466510331528403,0.000921588456528402,0.017767291581528403,0.023870807206528403,0.000921588456528402,0.021185260331528403,0.015814166581528403,0.027532916581528403,0.000921588456528402,0.025823932206528403,0.010931354081528403,0.000433307206528402,-0.003228802168471598,0.012152057206528403,0.000921588456528402,0.000921588456528402,0.008001666581528403,0.000921588456528402,0.000921588456528402,0.000921588456528402,-0.013482708418471597,-0.015679974043471597,0.000921588456528402,-0.017144817793471597,-0.016168255293471597,0.000921588456528402,-0.003472942793471598,-0.004205364668471598,-0.025689739668471597,0.000921588456528402,-0.027642864668471597,-0.018365520918471597,-0.010553020918471597,-0.009332317793471597,0.00018916658152840198,0.000921588456528402,0.000921588456528402,-0.013238567793471597,-0.016168255293471597,-0.015679974043471597,0.001165729081528402,0.000921588456528402,0.016790729081528403,0.000921588456528402,0.000921588456528402,0.000921588456528402,0.000921588456528402,0.000921588456528402,0.016058307206528403,0.020941119706528403,0.016790729081528403,0.004339557206528402,0.014593463456528403,0.000921588456528402,0.024603229081528403,0.021917682206528403,0.006536822831528402,0.000921588456528402,-0.003961224043471598,0.014593463456528403,0.012884479081528403,0.000921588456528402,0.005560260331528402,-0.005670208418471598,-0.009576458418471597,0.006048541581528402,0.013128619706528403,0.000921588456528402,-0.000787395918471598,0.000921588456528402,0.000921588456528402,0.000921588456528402,0.000921588456528402,0.001409869706528402,-0.005181927168471598,-0.006402630293471598,0.000921588456528402,0.001898150956528402,0.000921588456528402,0.013128619706528403,0.014593463456528403,-0.000299114668471598,0.001898150956528402,0.000921588456528402,0.008978229081528403,0.007269244706528402,-0.000787395918471598,-0.000299114668471598,0.000921588456528402,0.011175494706528403,-0.005181927168471598,0.000921588456528402,-0.004693645918471598,0.003607135331528402,0.005071979081528402,-0.002252239668471598,0.000921588456528402,0.000921588456528402,0.000921588456528402,0.000921588456528402,0.000921588456528402,-0.026910442793471597,-0.0356995052934716,-0.0349670834184716,-0.018609661543471597,0.000921588456528402,-0.019342083418471597,-0.019830364668471597,-0.020318645918471597,-0.027642864668471597,0.000921588456528402,-0.021539349043471597,-0.002008099043471598,0.000921588456528402,-0.005426067793471598,-0.013970989668471597,-0.014459270918471597,-0.002740520918471598,-0.006646770918471598,-0.005670208418471598,0.000921588456528402,0.000921588456528402,0.021429400956528403,0.000921588456528402,0.000921588456528402,0.000921588456528402,0.010931354081528403,0.018011432206528403,0.000921588456528402,0.0321715884565284,0.0438903384565284,0.000921588456528402,0.000921588456528402,0.000921588456528402,0.000921588456528402,0.029486041581528403,0.0355895572065284,0.027777057206528403,0.010198932206528403,0.018255572831528403,0.026068072831528403,0.000921588456528402,0.000921588456528402,-0.006402630293471598,-0.013726849043471597,-0.015679974043471597,-0.010064739668471597,-0.008599895918471597,0.000921588456528402,0.000921588456528402,0.000921588456528402,0.000921588456528402,0.000921588456528402,0.000921588456528402,-0.008111614668471597,-0.023736614668471597,-0.0415588802934716,-0.030816692793471597,0.000921588456528402,-0.012506145918471597,-0.008355755293471597,-0.019097942793471597,-0.025201458418471597,0.000921588456528402,-0.015435833418471597,0.009954791581528403,0.000921588456528402,0.004827838456528402,-5.497404347159802e-05,0.003362994706528402,0.010443072831528403,0.016302447831528403,0.027044635331528403,0.000921588456528402,0.022161822831528403,0.000921588456528402,0.000921588456528402,0.000921588456528402,0.000921588456528402,0.0321715884565284,0.024114947831528403,0.015814166581528403,0.000921588456528402,0.011419635331528403,0.000921588456528402,0.009222369706528403,0.008489947831528403,-0.002496380293471598,0.000921588456528402,0.000921588456528402,0.005316119706528402,0.004339557206528402,-0.002984661543471598,-0.009088177168471597,0.000921588456528402,-0.020562786543471597,-0.010553020918471597,0.000921588456528402,-0.003961224043471598,-0.005181927168471598,-0.013238567793471597,-0.017877239668471597,0.000921588456528402,0.000921588456528402,0.000921588456528402,0.000921588456528402,0.000921588456528402,0.009466510331528403,0.006292682206528402,0.006048541581528402,0.000921588456528402,0.010687213456528403,0.018255572831528403,0.019720416581528403,0.006048541581528402,0.005804400956528402,0.000921588456528402,0.000921588456528402,-0.000787395918471598,-0.008599895918471597,-0.018365520918471597,-0.015435833418471597,0.000921588456528402,-0.008844036543471597,-0.008599895918471597,-0.014947552168471597,-0.022515911543471597,0.000921588456528402,-0.014703411543471597,0.000921588456528402,0.000921588456528402,0.000921588456528402,0.000921588456528402,-0.025933880293471597,-0.027642864668471597,-0.025201458418471597,-0.020806927168471597,0.000921588456528402,0.005560260331528402,0.000921588456528402,0.004583697831528402,0.002142291581528402,0.008978229081528403,0.027044635331528403,0.028753619706528403,0.000921588456528402,0.029241900956528403,0.027532916581528403,0.000921588456528402,0.024359088456528403,0.026068072831528403,0.021917682206528403,0.0394958072065284,0.000921588456528402,0.0509704165815284,0.000921588456528402,0.000921588456528402,0.000921588456528402,0.000921588456528402,0.000921588456528402,0.006780963456528402,0.017767291581528403,-0.002008099043471598,0.000921588456528402,-0.020562786543471597,-0.027887005293471597,-0.014703411543471597,0.016058307206528403,0.000921588456528402,0.000921588456528402,0.000921588456528402,-0.0437561459184716,-0.0418030209184716,-0.017388958418471597,0.000921588456528402,-0.008599895918471597,-0.012017864668471597,-0.014947552168471597,0.000921588456528402,0.000921588456528402,-0.009820599043471597,0.000921588456528402,0.000921588456528402,0.000921588456528402,0.000921588456528402,0.027044635331528403,0.009466510331528403,-0.009088177168471597,0.000921588456528402,0.000921588456528402,0.026556354081528403,0.000921588456528402,0.014349322831528403,-0.018609661543471597,0.000921588456528402,-0.007623333418471598,0.003118854081528402,0.003118854081528402,0.000921588456528402,-0.012994427168471597,0.000921588456528402,-0.000543255293471598,0.000921588456528402,0.004827838456528402,-0.002252239668471598,-0.030328411543471597,0.000921588456528402,-0.0332580990434716,0.000921588456528402,0.000921588456528402,0.000921588456528402,0.000921588456528402,0.000921588456528402,-0.003717083418471598,0.000921588456528402,0.000921588456528402,0.020941119706528403,0.030950885331528403,0.000921588456528402,0.019232135331528403,0.000921588456528402,0.000921588456528402,0.000921588456528402,0.000921588456528402,0.026312213456528403,0.000921588456528402,0.022405963456528403,0.011663775956528403,-5.497404347159802e-05,0.000921588456528402,0.017767291581528403,0.027777057206528403,0.013861041581528403,0.000921588456528402,0.000921588456528402,-0.009088177168471597,0.000921588456528402,0.000921588456528402,0.000921588456528402,0.000921588456528402,0.000921588456528402,0.000921588456528402,0.000921588456528402,0.000921588456528402,0.000921588456528402,0.000921588456528402,0.000921588456528402,-0.030328411543471597,0.006292682206528402,0.000921588456528402,0.023626666581528403,0.010198932206528403,0.000921588456528402,-0.012017864668471597,0.009466510331528403,0.000921588456528402,0.000921588456528402,-0.002496380293471598,-0.002740520918471598,0.011663775956528403,0.000921588456528402,0.000921588456528402,0.000921588456528402,0.000921588456528402,0.017523150956528403,0.000921588456528402,0.000921588456528402,-0.022760052168471597,-0.012750286543471597,0.010443072831528403,0.000921588456528402,-0.004449505293471598,-0.017633099043471597,-0.020562786543471597,-0.014947552168471597,0.000921588456528402,0.000921588456528402,-0.004937786543471598,0.008245807206528403,0.000921588456528402,0.006048541581528402,-0.001275677168471598,0.023626666581528403,0.020696979081528403,0.000921588456528402,0.012152057206528403,0.000921588456528402,0.0402282290815284,0.000921588456528402,0.000921588456528402,0.000921588456528402,0.000921588456528402,0.017034869706528403,0.000921588456528402,0.016302447831528403,0.000921588456528402,0.011663775956528403,0.000921588456528402,0.003607135331528402,0.000921588456528402,0.014593463456528403,0.021429400956528403,-0.0337463802934716,0.000921588456528402,-0.0493713802934716,-0.0317932552934716,0.007269244706528402,0.000921588456528402,0.000921588456528402,-0.0342346615434716,-0.0440002865434716,0.011419635331528403,0.000921588456528402,0.0333922915815284,0.000921588456528402,0.000921588456528402,0.000921588456528402,0.000921588456528402,0.000921588456528402,0.0321715884565284,0.012152057206528403,-0.021783489668471597,0.000921588456528402,-0.0386291927934716,-0.024224895918471597,0.024359088456528403,0.009466510331528403,0.000921588456528402,0.000921588456528402,-0.0369202084184716,0.000921588456528402,0.019720416581528403,-0.026178020918471597,0.000921588456528402,-0.0566955990434716,-0.0444885677934716,-0.016412395918471597,-0.002984661543471598,0.000921588456528402,0.000921588456528402,-0.021783489668471597,0.000921588456528402,0.000921588456528402,0.000921588456528402,0.000921588456528402,-0.002740520918471598,0.000921588456528402,0.002630572831528402,0.0487731509565284,0.000921588456528402,0.000921588456528402,-0.004205364668471598,0.000921588456528402,-0.005181927168471598,0.013372760331528403,0.0346129947065284,0.000921588456528402,0.008978229081528403,-0.012750286543471597,0.002142291581528402,0.000921588456528402,0.000921588456528402,0.005316119706528402,-0.0361877865434716,-0.017144817793471597,0.000921588456528402,0.013861041581528403,0.000921588456528402,0.000921588456528402,0.000921588456528402,0.000921588456528402,0.000921588456528402,0.000921588456528402,0.000921588456528402,0.019964557206528403,-0.004205364668471598,0.014349322831528403,0.000921588456528402,0.0341247134565284,0.029241900956528403,0.000433307206528402,0.000921588456528402,0.000921588456528402,-0.006890911543471598,0.025823932206528403,0.000921588456528402,-0.002984661543471598,-0.0354553646684716,-0.0386291927934716,0.009466510331528403,0.000921588456528402,-0.000787395918471598,0.000921588456528402,-0.0544983334184716,0.000921588456528402,0.000921588456528402,0.000921588456528402,0.000921588456528402,-0.022027630293471597,-0.009820599043471597,0.000921588456528402,0.0314391665815284,0.000921588456528402,0.000921588456528402,-0.015435833418471597,0.000921588456528402,0.000433307206528402,0.013372760331528403,0.000921588456528402,-0.012750286543471597,-0.025445599043471597,0.000921588456528402,0.012640338456528403,0.000921588456528402,0.000921588456528402,0.000921588456528402,0.000921588456528402,0.000921588456528402,0.000921588456528402,0.000921588456528402,0.000921588456528402,0.000921588456528402,-0.019097942793471597,0.000921588456528402,0.000921588456528402,0.000921588456528402,0.000921588456528402,0.000921588456528402,0.000921588456528402,-0.002252239668471598,0.000921588456528402,0.0453551822065284,0.0326598697065284,-0.024957317793471597,0.000921588456528402,-0.013482708418471597,0.015814166581528403,0.000921588456528402,0.000921588456528402,-0.010064739668471597,-0.009088177168471597,0.000921588456528402,0.011663775956528403,0.024603229081528403,0.000921588456528402,0.013616900956528403,-0.005914349043471598,0.000921588456528402,0.000921588456528402,0.000921588456528402,0.000921588456528402,0.000921588456528402,0.002874713456528402,0.000921588456528402,0.019964557206528403,0.0377868228315284,0.023626666581528403,0.000921588456528402,0.011419635331528403,0.028753619706528403,0.000921588456528402,0.000921588456528402,0.023138385331528403,0.000921588456528402,0.006780963456528402,-0.001031536543471598,-0.004693645918471598,0.000921588456528402,-0.010553020918471597,-0.012750286543471597,0.011175494706528403,0.000921588456528402,0.000921588456528402,-0.003961224043471598,0.000921588456528402,0.000921588456528402,0.000921588456528402,0.015081744706528403,0.000921588456528402,-0.007379192793471598,-0.0361877865434716,0.000921588456528402,-0.024957317793471597,0.000921588456528402,-0.007623333418471598,0.000921588456528402,-0.0330139584184716,-0.0364319271684716,0.008734088456528403,0.024603229081528403,0.000921588456528402,0.005071979081528402,-0.031060833418471597,0.000921588456528402,0.000921588456528402,0.003851275956528402,0.021673541581528403,0.002630572831528402,0.000921588456528402,-0.007379192793471598,0.000921588456528402,0.000921588456528402,0.000921588456528402,0.000921588456528402,0.000921588456528402,0.000921588456528402,0.004339557206528402,0.000921588456528402,0.010443072831528403,0.002630572831528402,0.000921588456528402,0.000921588456528402,0.010198932206528403,0.012640338456528403,0.000921588456528402,0.000921588456528402,-0.017144817793471597,0.015814166581528403,0.000921588456528402,0.022161822831528403,0.012152057206528403,-0.016656536543471597,0.000921588456528402,-0.013482708418471597,0.012396197831528403,0.000921588456528402,0.000921588456528402,-0.003717083418471598,0.000921588456528402,0.000921588456528402,0.000921588456528402,0.000921588456528402,0.011907916581528403,0.000921588456528402,-0.012262005293471597,-0.011285442793471597,0.000921588456528402,0.000921588456528402,0.026312213456528403,0.007269244706528402,-0.002008099043471598,0.000921588456528402,0.005316119706528402,0.020452838456528403,0.000921588456528402,0.008489947831528403,-0.005670208418471598,0.000921588456528402,0.000921588456528402,0.005316119706528402,0.004095416581528402,-0.013482708418471597,0.000921588456528402,-0.009820599043471597,0.000921588456528402,0.000921588456528402,0.000921588456528402,-0.009576458418471597,0.000921588456528402,0.000921588456528402,-0.002252239668471598,-5.497404347159802e-05,0.000921588456528402,-0.004205364668471598,-0.009332317793471597,-0.009088177168471597,-0.006158489668471598,0.000921588456528402,-0.002496380293471598,0.000921588456528402,-0.002496380293471598,0.000921588456528402,-0.004449505293471598,-0.000787395918471598,-0.002252239668471598,0.000921588456528402,-0.001519817793471598,0.001165729081528402,0.00018916658152840198,0.000921588456528402,0.000921588456528402,0.000921588456528402,0.000921588456528402,0.000921588456528402,-0.004449505293471598,0.000921588456528402,0.00018916658152840198,0.007269244706528402,0.006048541581528402,0.000921588456528402,0.000921588456528402,0.002386432206528402,0.000921588456528402,0.010198932206528403,0.017767291581528403,-0.027887005293471597,0.000921588456528402,-0.0405823177934716,-0.015191692793471597,0.0341247134565284,0.000921588456528402,0.000921588456528402,0.008245807206528403,0.016790729081528403,0.000921588456528402,0.000387042558090901,0.000921588456528402,0.000921588456528402,0.000921588456528402,0.000921588456528402,0.0565856509565284,0.000921588456528402,0.000921588456528402,-0.010308880293471597,-0.015191692793471597,0.000921588456528402,-0.006402630293471598,-0.005914349043471598,-0.0388733334184716,-0.0486389584184716,0.000921588456528402,-0.0354553646684716,0.000921588456528402,-0.023492474043471597,0.000921588456528402,-0.0515686459184716,-0.0584045834184716,0.002386432206528402,0.000921588456528402,0.020696979081528403,0.006536822831528402,-0.0501038021684716,0.000921588456528402,0.000921588456528402,0.000921588456528402,0.000921588456528402,0.000921588456528402,0.000921588456528402,-0.0325256771684716,0.000921588456528402,-0.0396057552934716,-0.0361877865434716,0.000921588456528402,0.000921588456528402,0.000921588456528402,0.000921588456528402,-0.030084270918471597,-0.0339905209184716,0.000921588456528402,0.001654010331528402,0.0363219790815284,0.000921588456528402,0.010443072831528403,-0.016412395918471597,0.000921588456528402,0.000921588456528402,0.0377868228315284,0.000921588456528402,0.015325885331528403,0.000921588456528402,0.000921588456528402,0.000921588456528402,0.000921588456528402,0.0338805728315284,0.000921588456528402,0.000921588456528402,0.016790729081528403,0.025579791581528403,0.000921588456528402,0.017034869706528403,0.000921588456528402,-0.021783489668471597,0.000921588456528402,0.000433307206528402,0.030706744706528403,0.000921588456528402,0.000921588456528402,0.012884479081528403,0.0341247134565284,0.000921588456528402,0.0514586978315284,0.0468200259565284,0.027777057206528403,0.000921588456528402,0.0380309634565284,0.0517028384565284,0.000921588456528402,0.000921588456528402,0.000921588456528402,0.000921588456528402,0.000921588456528402,0.012640338456528403,0.000921588456528402,-0.027154583418471597,-0.0420471615434716,0.000921588456528402,-0.0393616146684716,0.000921588456528402,0.000921588456528402,-0.022515911543471597,-0.011041302168471597,0.004583697831528402,0.000921588456528402,-0.004449505293471598,-0.001031536543471598,0.018255572831528403,0.000921588456528402,0.0390075259565284,0.000921588456528402,0.000921588456528402,0.0436461978315284,0.029974322831528403,-0.0391174740434716,0.000921588456528402,0.000921588456528402,0.000921588456528402,0.000921588456528402,0.000387042558090901,0.000921588456528402,0.000921588456528402,0.000387042558090901,0.000387042558090901,0.000921588456528402,-0.024469036543471597,0.0368102603315284,0.000921588456528402,0.027288775956528403,0.0473083072065284,0.000921588456528402,0.000921588456528402,0.000921588456528402,0.020208697831528403,-0.012262005293471597,0.000921588456528402,0.0429137759565284,0.0390075259565284,0.000921588456528402,-0.018853802168471597,0.000387042558090901,0.000921588456528402,0.000921588456528402,0.000921588456528402,0.000921588456528402,0.000921588456528402,0.000921588456528402,0.005316119706528402,0.028753619706528403,0.000921588456528402,0.000921588456528402,0.000921588456528402,0.000921588456528402,0.0507262759565284,0.000921588456528402,0.000921588456528402,-0.022515911543471597,0.000921588456528402,-0.0520569271684716,-0.0425354427934716,-0.001275677168471598,0.000921588456528402,-0.011773724043471597,-0.0352112240434716,-0.0576721615434716,0.000921588456528402,0.000921588456528402,0.005804400956528402,0.000921588456528402,0.000921588456528402,0.000921588456528402,0.000921588456528402,0.011419635331528403,0.028509479081528403,-0.010553020918471597,0.000921588456528402,0.000921588456528402,-0.0317932552934716,0.015570025956528403,-0.016168255293471597,0.000921588456528402,-0.0547424740434716,-0.0615784115434716,-0.0566955990434716,-0.0452209896684716,-0.0327698177934716,0.000921588456528402,0.000921588456528402,0.000921588456528402,0.006536822831528402,0.000921588456528402,-0.012750286543471597,-0.003961224043471598,0.005071979081528402,0.0431579165815284,0.000921588456528402,0.000921588456528402,0.000921588456528402,0.000921588456528402,0.000921588456528402,0.004827838456528402,0.023138385331528403,0.0338805728315284,0.000921588456528402,-0.007623333418471598,-0.024957317793471597,-0.014215130293471597,-0.028375286543471597,0.000921588456528402,0.000921588456528402,-0.029840130293471597,0.016302447831528403,0.000921588456528402,0.016302447831528403,0.004583697831528402,0.009954791581528403,0.030218463456528403,0.019720416581528403,0.000921588456528402,0.000921588456528402,0.0387633853315284,0.000921588456528402,0.000921588456528402,0.000921588456528402,0.000921588456528402,0.021185260331528403,0.023138385331528403,0.010687213456528403,-0.011773724043471597,0.000921588456528402,0.000921588456528402,-0.0330139584184716,-0.0501038021684716,-0.0464416927934716,-0.005426067793471598,-0.000787395918471598,0.000921588456528402,-0.008355755293471597,-0.000543255293471598,0.011663775956528403,0.000921588456528402,0.007757525956528402,0.019964557206528403,0.0365661197065284,0.000921588456528402,0.0431579165815284,0.0319274478315284,0.017279010331528403,0.000921588456528402,0.000921588456528402,0.000921588456528402,0.000921588456528402,0.009954791581528403,0.000921588456528402,-0.003961224043471598,-0.015191692793471597,-0.008355755293471597,-0.010064739668471597,-0.017633099043471597,0.000921588456528402,-0.028863567793471597,-0.0386291927934716,0.000921588456528402,-0.023492474043471597,0.006780963456528402,0.002142291581528402,-0.004205364668471598,0.000921588456528402,-0.005426067793471598,-0.012017864668471597,-0.010064739668471597,0.027532916581528403,0.000921588456528402,0.028265338456528403,0.000921588456528402,0.000921588456528402,0.000921588456528402,0.000921588456528402,0.012640338456528403,0.009954791581528403,-0.0347229427934716,-0.0405823177934716,0.000921588456528402,0.000921588456528402,-0.017633099043471597,-0.016412395918471597,-0.0398498959184716,0.000387042558090901,-0.0488830990434716,-0.004937786543471598,0.000921588456528402,0.008489947831528403,-0.012506145918471597,0.000921588456528402,0.004827838456528402,0.000921588456528402,0.029730182206528403,0.016058307206528403,-0.020318645918471597,0.020696979081528403,0.000921588456528402,0.000921588456528402,0.000921588456528402,0.000921588456528402,0.000921588456528402,0.0348571353315284,0.000921588456528402,0.0626891665815284,0.0529235415815284,0.020208697831528403,-0.004449505293471598,-0.009332317793471597,0.001409869706528402,0.000921588456528402,0.000921588456528402,0.000921588456528402,-0.013726849043471597,-0.027398724043471597,-0.002984661543471598,0.020452838456528403,0.015814166581528403,0.000921588456528402,-0.013726849043471597,-0.026910442793471597,0.028021197831528403,0.000921588456528402,0.016546588456528403,0.000921588456528402,0.000921588456528402,0.000921588456528402,0.000921588456528402,0.0563415103315284,0.0543883853315284,0.015081744706528403,0.011419635331528403,0.000921588456528402,0.000921588456528402,0.013372760331528403,0.002386432206528402,-5.497404347159802e-05,0.002142291581528402,-0.015924114668471597,-0.0337463802934716,0.000921588456528402,-0.0359436459184716,-0.031060833418471597,0.000921588456528402,-0.0325256771684716,-0.0388733334184716,-0.023004192793471597,-0.007623333418471598,0.000921588456528402,-0.008355755293471597,-0.010797161543471597,0.000921588456528402,0.000921588456528402,0.000921588456528402,0.000921588456528402,0.016302447831528403,0.000921588456528402,0.017279010331528403,0.022894244706528403,0.026312213456528403,0.0385192447065284,0.0377868228315284,0.000921588456528402,0.0348571353315284,0.016302447831528403,0.000921588456528402,0.000921588456528402,0.004339557206528402,0.000921588456528402,-0.005181927168471598,0.000921588456528402,-0.013238567793471597,0.000921588456528402,-0.012994427168471597,-0.021539349043471597,-0.0327698177934716,0.000921588456528402,0.000921588456528402,-0.015679974043471597,0.000921588456528402,0.000921588456528402,0.000921588456528402,-0.003717083418471598,0.008245807206528403,0.000921588456528402,0.005316119706528402,-0.002252239668471598,0.000921588456528402,0.001165729081528402,0.002630572831528402,0.000921588456528402,0.018011432206528403,0.0385192447065284,0.0429137759565284,-0.001275677168471598,-0.008844036543471597,0.011663775956528403,0.000921588456528402,0.000921588456528402,0.0546325259565284,0.0390075259565284,0.005316119706528402,-0.025689739668471597,-0.010797161543471597,0.000921588456528402,0.000921588456528402,0.000921588456528402,0.000921588456528402,0.000921588456528402,-0.012994427168471597,-0.004937786543471598,0.000921588456528402,-0.010308880293471597,-0.017388958418471597,-0.027887005293471597,-0.002740520918471598,0.001409869706528402,-0.002740520918471598,0.000921588456528402,0.000921588456528402,0.010931354081528403,0.004339557206528402,0.000433307206528402,0.004339557206528402,0.013128619706528403,0.000921588456528402,0.014593463456528403,0.007025104081528402,-0.001763958418471598,0.000921588456528402,0.000921588456528402,0.000921588456528402,0.000921588456528402,0.016790729081528403,0.000921588456528402,0.000921588456528402,0.000921588456528402,0.000921588456528402,0.002386432206528402,0.002386432206528402,0.000921588456528402,-0.014459270918471597,-0.011041302168471597,0.000921588456528402,-0.007135052168471598,-0.007867474043471597,-0.012017864668471597,-0.015924114668471597,-0.011773724043471597,-0.014703411543471597,0.000921588456528402,0.000921588456528402,-0.011773724043471597,-0.009332317793471597,-5.497404347159802e-05,0.001165729081528402,0.001898150956528402,0.000921588456528402,0.000921588456528402,0.000921588456528402,0.000921588456528402,0.000921588456528402,0.000921588456528402,0.009954791581528403,-0.000299114668471598,0.009954791581528403,0.029730182206528403,0.0392516665815284,0.000921588456528402,0.0319274478315284,0.023870807206528403,0.017034869706528403,0.000921588456528402,0.016790729081528403,0.017279010331528403,0.000921588456528402,0.018011432206528403,0.008245807206528403,-0.011041302168471597,-0.002008099043471598,0.009222369706528403,0.004339557206528402,0.000921588456528402,0.000921588456528402,-0.023736614668471597,0.000921588456528402,0.000921588456528402,0.000921588456528402,-0.023736614668471597,-0.021783489668471597,0.000921588456528402,-0.019342083418471597,-0.019342083418471597,0.000921588456528402,-0.022027630293471597,-0.010308880293471597,0.000921588456528402,-0.008111614668471597,-0.005914349043471598,-0.000299114668471598,0.006048541581528402,0.007513385331528402,0.010443072831528403,0.000921588456528402,0.000921588456528402,0.0351012759565284,0.0377868228315284,0.020696979081528403,0.004095416581528402,0.017523150956528403,0.0326598697065284,0.000921588456528402,0.000921588456528402,0.000921588456528402,0.000921588456528402,0.000921588456528402,0.017523150956528403,0.014837604081528403,0.00018916658152840198,0.000921588456528402,-0.006402630293471598,-0.006646770918471598,-0.006890911543471598,-0.008599895918471597,-0.010064739668471597,0.000921588456528402,-0.018853802168471597,0.000921588456528402,-0.0317932552934716,-0.0332580990434716,-0.016900677168471597,-0.006402630293471598,-0.020562786543471597,-0.0342346615434716,-0.0322815365434716,0.000921588456528402,0.000921588456528402,-0.015924114668471597,0.000921588456528402,0.000921588456528402,0.000921588456528402,0.000921588456528402,0.005560260331528402,0.017034869706528403,0.002386432206528402,0.001654010331528402,0.000921588456528402,0.000921588456528402,0.024603229081528403,0.021917682206528403,0.018255572831528403,0.012152057206528403,0.007757525956528402,0.005071979081528402,0.000921588456528402,0.007025104081528402,0.017279010331528403,0.000921588456528402,0.013861041581528403,-0.008844036543471597,0.008734088456528403,0.000921588456528402,0.027288775956528403,0.0321715884565284,0.022161822831528403,0.000921588456528402,0.000921588456528402,0.000921588456528402,0.000921588456528402,0.027044635331528403,0.000921588456528402,0.005804400956528402,-0.024713177168471597,-0.016412395918471597,0.015570025956528403,0.027777057206528403,0.000921588456528402,0.012152057206528403,-0.013970989668471597,0.000921588456528402,0.002630572831528402,0.017767291581528403,0.008734088456528403,0.000921588456528402,-0.014703411543471597,-0.0369202084184716,-0.030328411543471597,0.021673541581528403,0.015325885331528403,0.000921588456528402,0.000921588456528402,-0.0339905209184716,0.000921588456528402,0.000921588456528402,0.000921588456528402,0.002874713456528402,-0.000299114668471598,-0.002252239668471598,0.000921588456528402,-0.006646770918471598,0.000921588456528402,-0.003228802168471598,0.006292682206528402,0.012152057206528403,0.000921588456528402,0.014349322831528403,0.006536822831528402,-0.002252239668471598,-0.002984661543471598,0.020208697831528403,0.000921588456528402,0.014593463456528403,0.000921588456528402,-0.002008099043471598,-0.007623333418471598,0.002386432206528402,0.030706744706528403,0.023626666581528403,0.000921588456528402,0.000921588456528402,0.000921588456528402,0.000921588456528402,0.000921588456528402,0.017279010331528403,-0.001275677168471598,-0.014703411543471597,0.00018916658152840198,0.000921588456528402,0.014105182206528403,0.007025104081528402,-0.005181927168471598,-0.014459270918471597,0.000921588456528402,-0.013970989668471597,0.000921588456528402,0.001898150956528402,0.007757525956528402,-0.005181927168471598,-0.0393616146684716,-0.027887005293471597,-0.004449505293471598,0.000921588456528402,0.008245807206528403,0.000921588456528402,-0.021295208418471597,0.000921588456528402,0.000921588456528402,0.000921588456528402,0.004339557206528402,0.000921588456528402,-0.012262005293471597,-0.016168255293471597,-0.000543255293471598,0.000921588456528402,0.011175494706528403,0.000921588456528402,-0.000787395918471598,-0.001031536543471598,0.008978229081528403,0.020696979081528403,0.019964557206528403,0.005316119706528402,-0.008844036543471597,0.000921588456528402,0.000921588456528402,0.029730182206528403,0.0375426822065284,-0.001275677168471598,-0.004937786543471598,-0.001275677168471598,0.000921588456528402,-0.003472942793471598,0.000921588456528402,0.000921588456528402,0.000921588456528402,0.000921588456528402,-0.023980755293471597,-0.013482708418471597,0.000921588456528402,0.004339557206528402,0.013372760331528403,-0.018365520918471597,-0.0317932552934716,0.000921588456528402,0.000921588456528402,0.000921588456528402,0.000921588456528402,0.000921588456528402,-0.017633099043471597,0.000921588456528402,-0.007623333418471598,0.016302447831528403,0.028753619706528403,-0.009576458418471597,-0.0315491146684716,0.000921588456528402,-0.023980755293471597,0.000921588456528402,0.000921588456528402,0.000921588456528402,0.000921588456528402,0.000921588456528402,0.000921588456528402,0.025335650956528403,0.000921588456528402,0.011907916581528403,-0.016656536543471597,0.000921588456528402,0.000921588456528402,0.000921588456528402,0.0348571353315284,-0.018121380293471597,-0.0537659115434716,-0.0415588802934716,0.000921588456528402,0.003607135331528402,0.0392516665815284,0.000921588456528402,-0.0491272396684716,0.000921588456528402,-0.0393616146684716,0.013128619706528403,0.0502379947065284,0.000921588456528402,0.000921588456528402,0.000921588456528402,0.000921588456528402,0.000921588456528402,0.000921588456528402,0.000921588456528402,-0.025201458418471597,-0.008111614668471597,0.028265338456528403,0.000921588456528402,0.0429137759565284,0.020208697831528403,-0.021295208418471597,-0.031060833418471597,0.000921588456528402,0.0531676822065284,0.000921588456528402,0.015081744706528403,-0.0381409115434716,-0.007135052168471598,0.0360778384565284,0.000921588456528402,0.0470641665815284,0.016790729081528403,-0.0313049740434716,0.000921588456528402,0.026800494706528403,0.000921588456528402,0.000921588456528402,0.000921588456528402,-0.0557190365434716,0.000921588456528402,-0.013482708418471597,0.0512145572065284,0.009710650956528403,0.000921588456528402,0.000921588456528402,-0.0591370052934716,0.0441344790815284,0.0517028384565284,0.000921588456528402,-0.0444885677934716,-0.0503479427934716,0.000921588456528402,-0.007623333418471598,0.0387633853315284,0.000921588456528402,-0.0474182552934716,-0.0466858334184716,0.002386432206528402,0.000921588456528402,0.0460876040815284,0.000921588456528402,0.000921588456528402,0.000921588456528402,0.000921588456528402,0.000921588456528402,0.0370544009565284,0.000921588456528402,-0.018853802168471597,-0.0596252865434716,-0.0452209896684716,0.0473083072065284,0.030218463456528403,-0.0313049740434716,0.000921588456528402,0.000387042558090901,0.000921588456528402,0.018743854081528403,0.0329040103315284,-0.022760052168471597,-0.0537659115434716,0.000921588456528402,-0.025201458418471597,0.030218463456528403,0.0509704165815284,-0.015679974043471597,0.000921588456528402,-0.004205364668471598,0.000921588456528402,0.000921588456528402,0.000921588456528402,0.000921588456528402,-0.013970989668471597,0.015325885331528403,0.000921588456528402,0.0348571353315284,0.027288775956528403,0.000921588456528402,-0.026910442793471597,0.007757525956528402,0.0336364322065284,0.000921588456528402,0.021185260331528403,-0.016656536543471597,-0.0408264584184716,0.023138385331528403,0.0404723697065284,0.000921588456528402,-0.025933880293471597,0.000921588456528402,-0.0325256771684716,-0.001763958418471598,0.023382525956528403,0.007025104081528402,0.000921588456528402,0.000921588456528402,0.000921588456528402,0.000921588456528402,0.000921588456528402,0.001654010331528402,-0.009820599043471597,0.000921588456528402,-0.007867474043471597,0.007269244706528402,0.021185260331528403,-0.001031536543471598,0.00018916658152840198,0.001409869706528402,0.000921588456528402,0.000921588456528402,0.014349322831528403,0.005804400956528402,-0.011041302168471597,-0.019830364668471597,0.005316119706528402,0.025091510331528403,0.000921588456528402,-0.016168255293471597,-0.0459534115434716,0.000921588456528402,0.015570025956528403,0.000921588456528402,0.000921588456528402,0.000921588456528402,0.000921588456528402,0.013616900956528403,0.0656188540815284,-0.018853802168471597,0.000387042558090901,0.000921588456528402,0.0338805728315284,0.000921588456528402,0.0360778384565284,0.001165729081528402,-0.011773724043471597,-0.008599895918471597,-0.003961224043471598,0.020696979081528403,0.029241900956528403,0.000921588456528402,-0.012506145918471597,0.000921588456528402,-0.025445599043471597,-0.005181927168471598,0.026068072831528403,-0.027642864668471597,-0.0444885677934716,0.000921588456528402,0.000921588456528402,0.000921588456528402,0.000921588456528402,0.000921588456528402,-0.0508362240434716,-0.010553020918471597,0.000921588456528402,0.0355895572065284,0.0509704165815284,0.017279010331528403,-0.0544983334184716,-0.021539349043471597,0.021185260331528403,0.000921588456528402,0.000921588456528402,-5.497404347159802e-05,-0.0435120052934716,-0.0632873959184716,0.021429400956528403,0.000387042558090901,0.0597594790815284,0.000921588456528402,0.012640338456528403,-0.0320373959184716,0.000921588456528402,0.008001666581528403,0.000921588456528402,0.000921588456528402,0.000921588456528402,0.009710650956528403,0.000921588456528402,0.0319274478315284,0.0546325259565284,0.0531676822065284,0.000921588456528402,0.000921588456528402,0.013616900956528403,0.000921588456528402,0.025823932206528403,0.022894244706528403,0.004583697831528402,-0.002008099043471598,0.012152057206528403,0.019232135331528403,0.000921588456528402,0.000921588456528402,-0.021051067793471597,-0.029595989668471597,0.009222369706528403,0.000921588456528402,0.021673541581528403,0.000921588456528402,0.000921588456528402,0.000921588456528402,0.000921588456528402,0.000921588456528402,0.000921588456528402,0.000921588456528402,0.000921588456528402,0.000921588456528402,0.000921588456528402,0.007757525956528402,-0.000787395918471598,-0.014215130293471597,-0.014215130293471597,-0.004205364668471598,0.000921588456528402,0.000921588456528402,0.000921588456528402,-0.008599895918471597,-0.018609661543471597,-0.022027630293471597,-0.025445599043471597,-0.0315491146684716,-0.0383850521684716,0.000921588456528402,-0.0391174740434716,-0.0325256771684716,0.000921588456528402,0.000921588456528402,0.000921588456528402,0.000921588456528402,0.000921588456528402,-0.0315491146684716,-0.008111614668471597,-0.013726849043471597,-0.015191692793471597,0.000921588456528402,-0.007379192793471598,0.000921588456528402,-0.017877239668471597,-0.021783489668471597,-0.004205364668471598,-0.008355755293471597,-0.017388958418471597,0.000921588456528402,-0.019586224043471597,-0.014703411543471597,-0.005914349043471598,0.000921588456528402,0.008978229081528403,0.001898150956528402,-0.013726849043471597,0.000921588456528402,-0.026422161543471597,0.000921588456528402,0.000921588456528402,0.000921588456528402,0.000921588456528402,0.014105182206528403,0.000921588456528402,0.000921588456528402,-0.029595989668471597,-0.0483948177934716,-0.0366760677934716,-0.019586224043471597,-0.009820599043471597,0.000921588456528402,-0.013238567793471597,-0.023004192793471597,-0.020318645918471597,0.000921588456528402,0.000433307206528402,0.015081744706528403,0.0363219790815284,0.0490172915815284,0.000921588456528402,0.0394958072065284,0.017767291581528403,0.000921588456528402,0.019476275956528403,0.000921588456528402,0.000921588456528402,0.000921588456528402,0.000921588456528402,0.000921588456528402,0.031195025956528403,0.000921588456528402,0.0353454165815284,0.021185260331528403,-0.001275677168471598,-0.016168255293471597,-0.005426067793471598,0.008489947831528403,0.000921588456528402,0.013128619706528403,0.000921588456528402,0.002142291581528402,0.013861041581528403,0.021429400956528403,0.000921588456528402,0.021673541581528403,0.013861041581528403,0.011663775956528403,0.024847369706528403,0.0321715884565284,0.000921588456528402,0.000921588456528402,0.027288775956528403,0.000921588456528402,0.000921588456528402,0.000921588456528402,0.011663775956528403,0.000921588456528402,0.009710650956528403,0.012640338456528403,0.019232135331528403,0.000921588456528402,-0.002984661543471598,0.000921588456528402,-0.009576458418471597,-0.003228802168471598,0.023626666581528403,0.021185260331528403,0.002630572831528402,0.000921588456528402,-0.013970989668471597,-0.013726849043471597,0.000921588456528402,0.022161822831528403,0.007757525956528402,-0.010797161543471597,0.000921588456528402,-0.012262005293471597,0.001654010331528402,0.000921588456528402,0.000921588456528402,0.000921588456528402,0.000921588456528402,-0.007135052168471598,0.000921588456528402,0.005804400956528402,0.010687213456528403,-0.010308880293471597,-0.011041302168471597,0.000921588456528402,-0.004205364668471598,0.002630572831528402,0.000433307206528402,0.000921588456528402,-0.016900677168471597,0.000921588456528402,-0.002740520918471598,-0.005181927168471598,-0.027154583418471597,-0.031060833418471597,-0.022760052168471597,-0.012750286543471597,0.000921588456528402,-0.006890911543471598,0.000921588456528402,-0.000787395918471598,0.000921588456528402,0.000921588456528402,0.000921588456528402,0.011663775956528403,0.002630572831528402,-0.003717083418471598,0.000921588456528402,0.00018916658152840198,0.000921588456528402,0.010198932206528403,0.008245807206528403,0.007269244706528402,0.015081744706528403,0.000921588456528402,0.020452838456528403,0.018011432206528403,0.014837604081528403,0.004583697831528402,0.000921588456528402,0.012640338456528403,0.018743854081528403,0.000921588456528402,0.018255572831528403,0.005316119706528402,-0.013238567793471597,-0.013238567793471597,0.000921588456528402,0.000921588456528402,0.000921588456528402,0.000921588456528402,0.000921588456528402,0.000921588456528402,-0.023492474043471597,0.000921588456528402,-0.022271770918471597,0.000921588456528402,-0.030328411543471597,0.000921588456528402,-0.0420471615434716,-0.017144817793471597,0.000921588456528402,0.000921588456528402,-0.004205364668471598,0.000921588456528402,-0.029107708418471597,0.000921588456528402,0.000677447831528402,0.000921588456528402,0.000921588456528402,0.000921588456528402,0.000921588456528402,0.000921588456528402,0.000921588456528402,0.000921588456528402,0.000921588456528402,0.023382525956528403,0.000921588456528402,0.000921588456528402,0.000921588456528402,0.022405963456528403,0.000921588456528402,0.000921588456528402,0.000921588456528402,0.000921588456528402,0.000921588456528402,0.000921588456528402,0.000921588456528402,0.000921588456528402,0.000921588456528402,0.000921588456528402,0.000921588456528402,0.000921588456528402,0.000921588456528402,0.000921588456528402,0.000921588456528402,0.000921588456528402,0.000921588456528402,0.000921588456528402,0.000921588456528402,0.019964557206528403,0.000921588456528402,0.000921588456528402,0.000921588456528402,0.000921588456528402,0.020941119706528403,0.000921588456528402,0.000921588456528402,0.000921588456528402,0.000921588456528402,0.000921588456528402,0.0348571353315284,0.000921588456528402,0.028265338456528403,0.022161822831528403,0.000921588456528402,0.018743854081528403,0.000921588456528402,0.014837604081528403,-0.017388958418471597,0.000921588456528402,0.000921588456528402,0.000921588456528402,-0.0369202084184716,-0.024957317793471597,0.000921588456528402,-0.014459270918471597,0.000921588456528402,0.000921588456528402,0.000921588456528402,0.000921588456528402,0.002142291581528402,0.000921588456528402,0.000921588456528402,0.000921588456528402,0.000921588456528402,0.000921588456528402,0.000921588456528402,0.0392516665815284,0.000921588456528402,0.000921588456528402,0.029486041581528403,0.000921588456528402,0.000921588456528402,0.000921588456528402,0.000921588456528402,0.000921588456528402,0.005316119706528402,0.000921588456528402,0.000921588456528402,0.000921588456528402,-0.0530334896684716,0.000921588456528402,0.000921588456528402,0.000921588456528402,0.000921588456528402,0.000921588456528402,0.000921588456528402,0.000921588456528402,0.000921588456528402,0.000921588456528402,0.000921588456528402,0.000921588456528402,0.000921588456528402,0.000921588456528402,0.000921588456528402,0.000921588456528402,0.000921588456528402,0.000921588456528402,0.000921588456528402,0.000921588456528402,0.000921588456528402,0.000921588456528402,0.000921588456528402,0.000387042558090901,0.000921588456528402,0.0416930728315284,0.000921588456528402,0.000921588456528402,0.018743854081528403,0.000921588456528402,0.005560260331528402,-0.0652405209184716,0.000921588456528402,0.000921588456528402,-0.0442444271684716,-0.0349670834184716,-0.0454651302934716,0.000921588456528402,-0.0464416927934716,-0.0403381771684716,-0.027642864668471597,-0.018853802168471597,0.000921588456528402,0.000921588456528402,0.010687213456528403,-0.007867474043471597,-5.497404347159802e-05,0.000921588456528402,0.000921588456528402,0.000921588456528402,0.000921588456528402,0.0626891665815284,0.000921588456528402,0.000387042558090901,0.000921588456528402,0.000387042558090901,0.0421813540815284,0.0360778384565284,0.0316833072065284,0.000921588456528402,0.020941119706528403,0.004827838456528402,-0.016168255293471597,-0.0376526302934716,0.000921588456528402,-0.0486389584184716,0.000387042558090901,0.000921588456528402,0.000387042558090901,-0.0554748959184716,-0.029840130293471597,-0.0627991146684716,-0.0657288021684716,0.000921588456528402,0.000921588456528402,0.000921588456528402,0.000921588456528402,0.000921588456528402,0.000921588456528402,-0.020074505293471597,0.0541442447065284,0.000387042558090901,0.0622008853315284,0.000921588456528402,0.0458434634565284,0.0473083072065284,0.000387042558090901,0.000387042558090901,0.000921588456528402,0.017523150956528403,0.013616900956528403,0.000921588456528402,0.012152057206528403,-0.003472942793471598,-0.0359436459184716,-0.0503479427934716,-0.0469299740434716,-0.0481506771684716,0.000921588456528402,0.000921588456528402,-0.0649963802934716,0.000921588456528402,0.000921588456528402,0.000921588456528402,-0.0366760677934716,0.000921588456528402,-0.020806927168471597,0.003607135331528402,0.000677447831528402,0.000921588456528402,-0.009088177168471597,0.000921588456528402,0.018011432206528403,0.0558532290815284,0.0521911197065284,0.0326598697065284,0.0397399478315284,0.000921588456528402,0.000387042558090901,0.000387042558090901,0.000921588456528402,0.0409606509565284,0.005560260331528402,0.0431579165815284,0.0531676822065284,0.000921588456528402,0.014837604081528403,0.000921588456528402,0.000921588456528402,0.000921588456528402,0.000921588456528402,0.000921588456528402,0.000387042558090901,0.000387042558090901,0.000921588456528402,-0.0508362240434716,-0.022760052168471597,-0.0374084896684716,-0.0315491146684716,-0.014459270918471597,0.000921588456528402,-0.002984661543471598,0.000921588456528402,0.002630572831528402,0.020696979081528403,0.0385192447065284,0.000921588456528402,0.0565856509565284,0.0590270572065284,0.0565856509565284,0.0643981509565284,0.0585387759565284,0.000921588456528402,0.000921588456528402,0.0316833072065284,0.000921588456528402,0.0551208072065284,0.000921588456528402,0.000921588456528402,0.000921588456528402,0.000387042558090901,0.008001666581528403,-0.023980755293471597,0.000921588456528402,0.000921588456528402,0.000387042558090901,-0.0474182552934716,-0.010064739668471597,0.000921588456528402,-0.021051067793471597,0.000387042558090901,-0.0493713802934716,-5.497404347159802e-05,0.000921588456528402,0.000921588456528402,0.018255572831528403,-0.0408264584184716,-0.008844036543471597,0.000921588456528402,0.0524352603315284,0.000387042558090901,0.000921588456528402,0.000921588456528402,0.000921588456528402,0.000921588456528402,0.000921588456528402,0.0551208072065284,0.029486041581528403,0.000921588456528402,0.016058307206528403,0.006536822831528402,0.000921588456528402,-0.016900677168471597,0.000921588456528402,-0.0359436459184716,0.000921588456528402,-0.0627991146684716,0.000921588456528402,-0.0586487240434716,-0.0640198177934716,0.000387042558090901,-0.0627991146684716,0.000921588456528402,-0.0366760677934716,-0.013970989668471597,0.000921588456528402,0.000921588456528402,0.000921588456528402,0.000921588456528402,0.019232135331528403,0.000921588456528402,0.000921588456528402,0.000921588456528402,0.000387042558090901,0.000921588456528402,0.000387042558090901,0.000921588456528402,0.000921588456528402,0.0622008853315284,0.0443786197065284,0.0556090884565284,0.0526794009565284,0.000921588456528402,0.025823932206528403,-0.012262005293471597,-0.0342346615434716,0.000921588456528402,0.000921588456528402,-0.010797161543471597,0.000387042558090901,0.000387042558090901,0.000921588456528402,-0.0501038021684716,-0.025933880293471597,0.000921588456528402,0.000921588456528402,0.000921588456528402,0.000921588456528402,0.000921588456528402,0.027532916581528403,-0.0320373959184716,0.000921588456528402,-0.029840130293471597,-0.003472942793471598,0.0622008853315284,0.0658629947065284,0.0570739322065284,0.000921588456528402,0.000921588456528402,0.0634215884565284,0.000387042558090901,0.000921588456528402,0.000387042558090901,0.0539001040815284,0.019964557206528403,0.029486041581528403,0.026068072831528403,0.000921588456528402,0.000921588456528402,-0.0635315365434716,0.000921588456528402,0.000921588456528402,0.000921588456528402,0.000921588456528402,-0.0530334896684716,0.000387042558090901,-0.0571838802934716,0.000921588456528402,-0.0454651302934716,0.000921588456528402,0.000921588456528402,-0.0466858334184716,-0.0386291927934716,0.001654010331528402,0.012396197831528403,0.007757525956528402,0.000921588456528402,-0.006646770918471598,-0.007379192793471598,0.000921588456528402,0.000921588456528402,0.000387042558090901,0.0519469790815284,0.0436461978315284,0.0643981509565284,0.000921588456528402,0.000387042558090901,0.000921588456528402,0.000921588456528402,0.000921588456528402,0.000921588456528402,0.000921588456528402,0.000921588456528402,-0.0532776302934716,-0.0325256771684716,-0.025201458418471597,-0.0581604427934716,0.000387042558090901,0.000921588456528402,-0.0627991146684716,-0.0352112240434716,0.000921588456528402,0.000921588456528402,-0.0649963802934716,-0.0481506771684716,0.013372760331528403,0.001654010331528402,0.000921588456528402,-0.020806927168471597,-0.011285442793471597,0.030462604081528403,0.000921588456528402,0.000921588456528402,0.0346129947065284,0.000921588456528402,0.000921588456528402,0.000921588456528402,0.000387042558090901,0.0641540103315284,0.000921588456528402,0.0497497134565284,0.0473083072065284,0.000921588456528402,0.000921588456528402,0.0458434634565284,-0.026178020918471597,-0.028375286543471597,-0.027642864668471597,0.000921588456528402,-0.027154583418471597,-0.0435120052934716,0.000387042558090901,0.000921588456528402,0.000921588456528402,-0.0632873959184716,-0.0657288021684716,0.000387042558090901,-0.0523010677934716,-0.029107708418471597,0.000921588456528402,-0.012506145918471597,0.000921588456528402,0.000921588456528402,0.000921588456528402,0.000921588456528402,0.025579791581528403,0.0360778384565284,0.000921588456528402,0.0429137759565284,0.0460876040815284,0.000387042558090901,0.000387042558090901,0.0661071353315284,0.0546325259565284,0.000921588456528402,0.000921588456528402,0.0321715884565284,0.0402282290815284,0.020941119706528403,-0.007135052168471598,-0.015435833418471597,0.000921588456528402,-0.019830364668471597,-0.024713177168471597,-0.0371643490434716,0.000921588456528402,-0.0620666927934716,0.000921588456528402,0.000921588456528402,0.000921588456528402,-0.0388733334184716,0.000921588456528402,-0.0523010677934716,-0.0613342709184716,0.001654010331528402,0.000921588456528402,0.005071979081528402,-0.012017864668471597,0.000921588456528402,-0.013970989668471597,0.010931354081528403,0.0663512759565284,0.0524352603315284,0.026312213456528403,0.029241900956528403,0.000921588456528402,0.000921588456528402,0.000387042558090901,0.0631774478315284,0.0341247134565284,0.023382525956528403,0.0387633853315284,0.000921588456528402,0.0521911197065284,0.000921588456528402,0.000921588456528402,0.000921588456528402,0.000921588456528402,-0.024713177168471597,-0.0437561459184716,0.000387042558090901,0.000921588456528402,0.000387042558090901,0.000387042558090901,-0.0425354427934716,-0.0549866146684716,-0.0654846615434716,0.000921588456528402,0.000921588456528402,-0.007379192793471598,0.000921588456528402,0.007025104081528402,0.000921588456528402,0.000921588456528402,0.016546588456528403,0.0407165103315284,0.000921588456528402,0.0580504947065284,0.000921588456528402,0.000921588456528402,0.000921588456528402,0.000921588456528402,0.000921588456528402,0.000921588456528402,0.0648864322065284,0.0407165103315284,0.0372985415815284,0.026312213456528403,0.000921588456528402,0.000921588456528402,-0.004449505293471598,-0.013238567793471597,-0.0325256771684716,-0.0549866146684716,0.000921588456528402,0.000387042558090901,-0.0610901302934716,-0.0503479427934716,-0.0503479427934716,0.000921588456528402,-0.0564514584184716,-0.0608459896684716,0.000921588456528402,-0.0503479427934716,-0.018365520918471597,0.000921588456528402,0.000921588456528402,0.000921588456528402,-0.010064739668471597,0.000921588456528402,0.000921588456528402,0.000921588456528402,0.0604919009565284,0.0526794009565284,0.0573180728315284,0.0658629947065284,0.0643981509565284,0.0651305728315284,0.000921588456528402,0.0441344790815284,0.000921588456528402,0.021429400956528403,0.025091510331528403,0.000921588456528402,0.021185260331528403,-0.009820599043471597,0.000921588456528402,-0.0569397396684716,-0.0491272396684716,-0.0447327084184716,0.000921588456528402,0.000921588456528402,0.000921588456528402,0.000921588456528402,0.000921588456528402,0.000921588456528402,-0.0525452084184716,-0.021783489668471597,-0.001275677168471598,-0.002984661543471598,0.000921588456528402,-0.012017864668471597,0.000921588456528402,0.026312213456528403,0.000921588456528402,0.030218463456528403,0.029974322831528403,0.0421813540815284,0.0492614322065284,0.0622008853315284,0.000921588456528402,0.000387042558090901,0.000921588456528402,0.0424254947065284,0.000921588456528402,0.0431579165815284,0.0553649478315284,0.022161822831528403,0.000921588456528402,0.000921588456528402,0.000921588456528402,-0.016656536543471597,0.000921588456528402,0.000921588456528402,-0.0632873959184716,0.000387042558090901,0.000921588456528402,-0.0452209896684716,-0.027154583418471597,-0.0378967709184716,0.000921588456528402,-0.0584045834184716,-0.0549866146684716,0.000921588456528402,0.000921588456528402,0.028021197831528403,0.000921588456528402,0.000921588456528402,0.011907916581528403,0.000921588456528402,0.0485290103315284,0.000387042558090901,0.031195025956528403,0.000921588456528402,0.000921588456528402,0.000921588456528402,0.000921588456528402,0.000921588456528402,0.000387042558090901,0.0368102603315284,0.0487731509565284,0.000921588456528402,0.0468200259565284,0.023870807206528403,0.000921588456528402,-0.0337463802934716,-0.017877239668471597,-0.015435833418471597,0.000921588456528402,-0.0393616146684716,0.000387042558090901,0.000387042558090901,-0.0579163021684716,-0.0313049740434716,0.000921588456528402,0.000921588456528402,-0.0547424740434716,0.000387042558090901,-0.023492474043471597,0.025335650956528403,0.000921588456528402,0.000921588456528402,0.000921588456528402,0.004583697831528402,0.000921588456528402,0.000921588456528402,0.0421813540815284,0.000921588456528402,0.000921588456528402,0.0465758853315284,0.000387042558090901,0.000921588456528402,0.000387042558090901,0.0656188540815284,0.030950885331528403,0.000921588456528402,0.025335650956528403,0.0358336978315284,0.000921588456528402,0.028753619706528403,0.012396197831528403,-0.0496155209184716,-0.0513245052934716,-0.0344788021684716,0.000921588456528402,-0.0347229427934716,0.000921588456528402,0.000387042558090901,0.000921588456528402,0.000921588456528402,0.000921588456528402,0.000921588456528402,0.000387042558090901,-0.015191692793471597,0.017767291581528403,0.017523150956528403,0.000921588456528402,0.000921588456528402,-0.009576458418471597,0.028265338456528403,0.0434020572065284,0.0397399478315284,0.000921588456528402,0.0443786197065284,0.0646422915815284,0.0558532290815284,0.0521911197065284,0.000921588456528402,0.000387042558090901,0.000921588456528402,0.000387042558090901,0.0582946353315284,0.000921588456528402,0.0394958072065284,0.000921588456528402,0.000921588456528402,0.002142291581528402,0.000921588456528402,0.000921588456528402,-0.0471741146684716,-0.0396057552934716,-0.030816692793471597,0.000921588456528402,-0.0503479427934716,0.000387042558090901,-0.0601135677934716,-0.028863567793471597,-0.021783489668471597,0.000921588456528402,0.000921588456528402,-0.0422913021684716,-0.015435833418471597,-0.003961224043471598,-0.012017864668471597,-0.010797161543471597,0.000921588456528402,0.001898150956528402,0.018011432206528403,0.014105182206528403,0.000921588456528402,0.000921588456528402,0.000921588456528402,0.000921588456528402,0.0490172915815284,0.000921588456528402,0.026556354081528403,-0.004693645918471598,0.000921588456528402,-0.005181927168471598,0.020696979081528403,0.000921588456528402,-0.012994427168471597,-0.0415588802934716,0.000921588456528402,-0.0476623959184716,-0.0374084896684716,-0.029351849043471597,-0.029595989668471597,-0.0420471615434716,-0.0579163021684716,0.000921588456528402,0.000921588456528402,-0.0474182552934716,-0.017877239668471597,-0.023736614668471597,-0.0322815365434716,0.000921588456528402,0.000921588456528402,0.000921588456528402,0.009954791581528403,0.000921588456528402,0.000921588456528402,-0.003228802168471598,0.010931354081528403,0.0351012759565284,0.000921588456528402,0.0314391665815284,0.023138385331528403,0.026068072831528403,0.030462604081528403,0.027288775956528403,0.000921588456528402,0.000921588456528402,0.020208697831528403,0.020208697831528403,0.025823932206528403,0.026800494706528403,0.000921588456528402,0.015570025956528403,0.006048541581528402,0.012640338456528403,0.018987994706528403,0.000921588456528402,0.000921588456528402,0.000921588456528402,0.000921588456528402,0.000921588456528402,0.007025104081528402,0.014349322831528403,0.000921588456528402,0.011907916581528403,-0.002740520918471598,-0.005670208418471598,0.000921588456528402,0.024114947831528403,0.016302447831528403,0.000921588456528402,-0.005670208418471598,-0.007135052168471598,0.002386432206528402,0.011419635331528403,0.000921588456528402,0.013128619706528403,0.001898150956528402,0.000921588456528402,-0.023492474043471597,0.000921588456528402,0.000921588456528402,0.000921588456528402,0.000921588456528402,-0.029595989668471597,0.000921588456528402,0.000921588456528402,0.000921588456528402,0.000921588456528402,0.000921588456528402,-0.019342083418471597,-0.018121380293471597,0.000677447831528402,0.000433307206528402,-0.011285442793471597,0.000921588456528402,-0.018609661543471597,-0.002740520918471598,0.006048541581528402,0.000921588456528402,0.000921588456528402,0.002630572831528402,-0.003717083418471598,-0.000543255293471598,0.008978229081528403,0.013128619706528403,0.006292682206528402,0.000921588456528402,-0.006402630293471598,-0.014459270918471597,0.000921588456528402,0.000921588456528402,0.000921588456528402,0.000921588456528402,0.001409869706528402,0.008245807206528403,0.009466510331528403,0.000921588456528402,0.011907916581528403,0.004827838456528402,0.000921588456528402,0.000433307206528402,0.008734088456528403,0.000921588456528402,0.020696979081528403,0.021185260331528403,0.008978229081528403,0.008489947831528403,0.009710650956528403,0.013372760331528403,0.000921588456528402,0.014837604081528403,0.000921588456528402,0.012884479081528403,0.011419635331528403,0.004339557206528402,0.006048541581528402,0.000921588456528402,0.000921588456528402,0.000921588456528402,-0.007135052168471598,0.000921588456528402,0.018743854081528403,0.000921588456528402,0.0443786197065284,0.0324157290815284,0.000387042558090901,0.000387042558090901,-0.0349670834184716,0.024847369706528403,0.000921588456528402,0.0333922915815284,0.000921588456528402,0.000387042558090901,-0.0420471615434716,0.013861041581528403,0.026312213456528403,0.002630572831528402,0.000921588456528402,-0.024957317793471597,-0.0359436459184716,0.030462604081528403,0.000921588456528402,0.026312213456528403,0.000921588456528402,0.000921588456528402,0.000921588456528402,0.0424254947065284,0.0377868228315284,0.000921588456528402,0.009954791581528403,-0.002496380293471598,0.000921588456528402,0.0634215884565284,0.0534118228315284,0.000921588456528402,0.004095416581528402,-0.0388733334184716,0.025335650956528403,0.000387042558090901,0.0585387759565284,-0.004937786543471598,0.000921588456528402,-0.0527893490434716,0.000921588456528402,0.004583697831528402,0.000387042558090901,0.021429400956528403,-0.0508362240434716,0.000387042558090901,0.000921588456528402,0.000921588456528402,0.000921588456528402,0.000921588456528402,0.000921588456528402,-0.0518127865434716,-0.0523010677934716,0.0382751040815284,0.000387042558090901,0.0470641665815284,0.000921588456528402,-0.0359436459184716,0.000387042558090901,0.021673541581528403,0.000921588456528402,0.018255572831528403,-0.031060833418471597,-0.0457092709184716,0.000921588456528402,-0.021783489668471597,0.004095416581528402,0.010443072831528403,-0.003472942793471598,-0.027642864668471597,0.000921588456528402,0.002874713456528402,0.000921588456528402,0.000921588456528402,0.000921588456528402,0.000921588456528402,-0.012262005293471597,0.000433307206528402,0.000921588456528402,0.000921588456528402,-0.013238567793471597,0.000921588456528402,-0.0569397396684716,0.003851275956528402,-0.002984661543471598,-0.0396057552934716,0.000387042558090901,0.000921588456528402,-0.0613342709184716,-0.027398724043471597,0.010443072831528403,0.000921588456528402,-0.0654846615434716,-0.0566955990434716,-0.023980755293471597,0.000921588456528402,0.007269244706528402,0.013128619706528403,-0.0466858334184716,0.000921588456528402,0.000921588456528402,0.000921588456528402,0.000921588456528402,0.023626666581528403,0.000921588456528402,-0.0400940365434716,-0.018121380293471597,0.019720416581528403,0.0365661197065284,0.000921588456528402,0.019964557206528403,-0.017144817793471597,-0.003717083418471598,0.000921588456528402,0.0390075259565284,0.008001666581528403,-0.021539349043471597,0.000921588456528402,-0.019830364668471597,0.0390075259565284,0.0531676822065284,0.0441344790815284,0.000921588456528402,0.014105182206528403,0.000921588456528402,0.0436461978315284,0.000921588456528402,0.000921588456528402,0.000921588456528402,-0.011285442793471597,0.000921588456528402,0.024603229081528403,0.000921588456528402,0.0404723697065284,0.000921588456528402,0.000921588456528402,-0.018121380293471597,0.012884479081528403,0.0338805728315284,0.028997760331528403,-0.010308880293471597,0.000921588456528402,-0.0557190365434716,-0.0452209896684716,0.0492614322065284,0.000921588456528402,-0.004205364668471598,-0.0418030209184716,0.000921588456528402,-0.027154583418471597,0.0416930728315284,0.000921588456528402,0.000921588456528402,0.000921588456528402,0.000921588456528402,0.000921588456528402,0.000921588456528402,0.0353454165815284,0.022405963456528403,-0.009820599043471597,0.000921588456528402,-0.030084270918471597,0.0355895572065284,0.0502379947065284,0.0365661197065284,0.000921588456528402,0.000921588456528402,-0.024469036543471597,-0.018121380293471597,0.0392516665815284,0.0348571353315284,0.007269244706528402,0.000921588456528402,-0.026178020918471597,-0.0393616146684716,0.008734088456528403,0.000921588456528402,0.004583697831528402,0.000921588456528402,0.000921588456528402,0.000921588456528402,0.000921588456528402,-0.006890911543471598,0.003362994706528402,-0.006890911543471598,-0.001275677168471598,0.000921588456528402,0.000921588456528402,0.002630572831528402,0.008489947831528403,-0.001031536543471598,0.012884479081528403,0.021185260331528403,0.000921588456528402,-0.004205364668471598,-0.012262005293471597,0.005316119706528402,0.000921588456528402,0.000921588456528402,0.015081744706528403,-0.014215130293471597,0.000921588456528402,-0.0366760677934716,0.010443072831528403,0.000921588456528402,0.000921588456528402,0.000921588456528402,-0.028619427168471597,0.000921588456528402,0.000921588456528402,0.0407165103315284,0.0365661197065284,0.000921588456528402,0.027288775956528403,-0.016168255293471597,-0.015435833418471597,0.012640338456528403,0.027777057206528403,0.000921588456528402,0.000921588456528402,-5.497404347159802e-05,0.008001666581528403,0.006048541581528402,-0.006890911543471598,-0.013482708418471597,0.000921588456528402,-0.005914349043471598,0.017034869706528403,0.015325885331528403,0.000921588456528402,-0.010308880293471597,0.000921588456528402,0.000921588456528402,0.000921588456528402,0.000921588456528402,0.015814166581528403,-0.013726849043471597,-0.0469299740434716,-0.0361877865434716,0.000921588456528402,0.000921588456528402,-0.006890911543471598,-0.024957317793471597,-0.025201458418471597,-0.018853802168471597,0.000921588456528402,-0.012262005293471597,-0.015924114668471597,-0.004449505293471598,-0.005670208418471598,0.000921588456528402,-0.019342083418471597,0.000921588456528402,-0.019586224043471597,-0.012017864668471597,-0.016900677168471597,0.000921588456528402,0.000921588456528402,0.000921588456528402,0.000921588456528402,-0.0349670834184716,0.000921588456528402,0.000921588456528402,-0.002008099043471598,0.000921588456528402,-0.027642864668471597,-0.010308880293471597,0.005316119706528402,0.000677447831528402,0.000921588456528402,-0.018609661543471597,-0.018609661543471597,0.000921588456528402,0.000921588456528402,0.015814166581528403,0.005071979081528402,-0.010797161543471597,-0.007379192793471598,0.008245807206528403,0.016058307206528403,0.000921588456528402,0.012396197831528403,0.001654010331528402,0.000921588456528402,0.000921588456528402,0.000921588456528402,0.000921588456528402,0.000921588456528402,0.011175494706528403,0.012640338456528403,0.017279010331528403,0.019232135331528403,0.000921588456528402,0.009222369706528403,0.000921588456528402,0.029486041581528403,0.000921588456528402,0.0348571353315284,0.001654010331528402,0.011663775956528403,0.0382751040815284,0.0453551822065284,0.000921588456528402,0.027532916581528403,0.000921588456528402,0.030462604081528403,0.017034869706528403,0.009466510331528403,0.000921588456528402,0.026312213456528403,0.000921588456528402,0.000921588456528402,0.000921588456528402,0.000921588456528402,0.008001666581528403,0.000921588456528402,0.009710650956528403,0.000921588456528402,0.002630572831528402,-0.003472942793471598,-0.019586224043471597,0.000921588456528402,-0.022271770918471597,0.012152057206528403,0.005804400956528402,0.000921588456528402,-0.0376526302934716,0.000921588456528402,-0.010308880293471597,0.0321715884565284,-0.000787395918471598,-0.026422161543471597,-0.012994427168471597,0.000921588456528402,0.019720416581528403,0.013861041581528403,0.000921588456528402,-0.018853802168471597,0.000921588456528402,0.000921588456528402,0.000921588456528402,0.000921588456528402,-0.001275677168471598,-0.021295208418471597,-0.012506145918471597,0.000921588456528402,-0.006646770918471598,0.000921588456528402,-0.018121380293471597,-0.026422161543471597,-0.0327698177934716,-0.022515911543471597,0.000921588456528402,-0.008355755293471597,-0.019586224043471597,0.000921588456528402,-0.0427795834184716,0.000921588456528402,0.007757525956528402,0.008734088456528403,0.000921588456528402,-0.0464416927934716,0.000921588456528402,-0.0486389584184716,0.000921588456528402,0.000921588456528402,0.000921588456528402,0.000921588456528402,0.000921588456528402,0.000677447831528402,0.000921588456528402,0.031195025956528403,-0.011041302168471597,-0.025933880293471597,-0.015924114668471597,0.007025104081528402,0.0333922915815284,0.000921588456528402,0.000921588456528402,-0.022760052168471597,-0.019830364668471597,0.019476275956528403,0.0407165103315284,0.000921588456528402,0.029730182206528403,-0.008111614668471597,0.009222369706528403,0.0333922915815284,0.000921588456528402,0.006048541581528402,0.000921588456528402,0.000921588456528402,0.000921588456528402,0.000921588456528402,0.000921588456528402,0.0314391665815284,-0.026178020918471597,-0.005670208418471598,0.000921588456528402,0.000921588456528402,0.0470641665815284,-0.026910442793471597,0.000921588456528402,-0.0420471615434716,0.022405963456528403,0.0316833072065284,-0.007379192793471598,-0.0505920834184716,0.000921588456528402,0.000921588456528402,-0.022271770918471597,0.012396197831528403,-0.009576458418471597,-0.0335022396684716,-0.0388733334184716,0.000921588456528402,-0.013482708418471597,0.000921588456528402,0.000921588456528402,0.000921588456528402,0.000921588456528402,0.000921588456528402,0.0504821353315284,0.000921588456528402,0.0534118228315284,-0.017877239668471597,-0.024713177168471597,0.015081744706528403,0.000921588456528402,0.000387042558090901,0.008245807206528403,0.000921588456528402,0.000921588456528402,0.004339557206528402,0.023626666581528403,0.016790729081528403,0.000921588456528402,-0.008599895918471597,-0.0366760677934716,-0.0347229427934716,-0.017877239668471597,0.000921588456528402,0.000921588456528402,-0.010308880293471597,0.000921588456528402,0.000921588456528402,0.000921588456528402,0.000921588456528402,-0.020318645918471597,-0.027887005293471597,0.000921588456528402,-0.025201458418471597,0.000921588456528402,0.013128619706528403,0.004827838456528402,-0.005914349043471598,-0.000299114668471598,0.000921588456528402,0.016546588456528403,0.030950885331528403,0.0409606509565284,0.0363219790815284,0.000921588456528402,0.0402282290815284,0.000921588456528402,0.0394958072065284,0.0370544009565284,0.000921588456528402,0.027044635331528403,0.015325885331528403,0.000921588456528402,0.000921588456528402,0.000921588456528402,0.000921588456528402,0.000921588456528402,-0.024713177168471597,0.005804400956528402,0.007757525956528402,-0.007379192793471598,-0.028619427168471597,0.000921588456528402,-0.0430237240434716,-0.0359436459184716,0.000921588456528402,0.000921588456528402,-0.018853802168471597,-0.028863567793471597,0.000921588456528402,-0.0342346615434716,-0.006158489668471598,-0.002252239668471598,-0.000299114668471598,0.000921588456528402,0.004583697831528402,0.000921588456528402,0.023382525956528403,0.000921588456528402,0.018011432206528403,0.000921588456528402,0.000921588456528402,0.0336364322065284,0.000921588456528402,0.016790729081528403,0.017279010331528403,0.000921588456528402,0.000921588456528402,-0.002252239668471598,0.010198932206528403,0.012884479081528403,-0.005670208418471598,0.000921588456528402,-0.027154583418471597,-0.010064739668471597,-0.004205364668471598,0.000921588456528402,-0.031060833418471597,0.000921588456528402,-0.0452209896684716,-0.0457092709184716,-0.0444885677934716,0.000921588456528402,-0.0313049740434716,-0.017877239668471597,-0.011773724043471597,0.000921588456528402,0.000921588456528402,0.000921588456528402,0.000921588456528402,0.000921588456528402,0.013372760331528403,0.030218463456528403,0.0438903384565284,0.0426696353315284,0.000921588456528402,0.029241900956528403,0.016058307206528403,0.009954791581528403,0.000921588456528402,0.000921588456528402,0.026800494706528403,0.004095416581528402,0.009710650956528403,0.007757525956528402,0.003362994706528402,0.000921588456528402,-0.018609661543471597,-0.028131145918471597,-0.027642864668471597,0.000921588456528402,0.000921588456528402,-0.0315491146684716,0.000921588456528402,0.000921588456528402,0.000921588456528402,-0.0354553646684716,-0.007623333418471598,0.018255572831528403,0.000921588456528402,0.016790729081528403,0.000921588456528402,0.014593463456528403,0.027044635331528403,0.000921588456528402,0.000921588456528402,0.000921588456528402,0.0482848697065284,0.0421813540815284,0.0375426822065284,0.0331481509565284,0.000921588456528402,0.000921588456528402,0.0353454165815284,0.023870807206528403,0.016302447831528403,0.026800494706528403,0.029486041581528403,0.000921588456528402,0.000921588456528402,0.000921588456528402,0.000921588456528402,0.000921588456528402,0.000921588456528402,-0.022515911543471597,-0.0339905209184716,0.000921588456528402,-0.0320373959184716,-0.011285442793471597,-0.003717083418471598,-0.005670208418471598,0.000921588456528402,-0.005670208418471598,-0.003717083418471598,0.000921588456528402,0.008245807206528403,0.000921588456528402,0.017523150956528403,0.020696979081528403,0.015570025956528403,0.013616900956528403,0.000921588456528402,0.005071979081528402,0.001409869706528402,0.000921588456528402,0.000921588456528402,-0.006890911543471598,0.000921588456528402,0.000921588456528402,0.000921588456528402,-0.022271770918471597,-0.0344788021684716,-0.020318645918471597,-0.022515911543471597,0.000921588456528402,-0.0461975521684716,0.000921588456528402,-0.0501038021684716,-0.017877239668471597,-0.001763958418471598,0.008489947831528403,0.000921588456528402,0.013128619706528403,-0.007135052168471598,0.001409869706528402,0.000921588456528402,0.000921588456528402,0.0455993228315284,0.022650104081528403,0.019720416581528403,0.028753619706528403,0.000921588456528402,0.000921588456528402,0.000921588456528402,0.000921588456528402,0.016302447831528403,0.000921588456528402,0.003362994706528402,0.000921588456528402,0.010443072831528403,-0.011773724043471597,-0.0315491146684716,-0.0354553646684716,-0.0322815365434716,0.000921588456528402,-0.026178020918471597,0.000921588456528402,-0.020318645918471597,0.000921588456528402,-0.025933880293471597,0.002386432206528402,0.010687213456528403,0.009466510331528403,0.000921588456528402,0.016790729081528403,0.018743854081528403,0.000921588456528402,0.000921588456528402,0.0363219790815284,0.000921588456528402,0.000921588456528402,0.000921588456528402,0.008734088456528403,0.011907916581528403,0.000921588456528402,0.010931354081528403,0.000921588456528402,0.000921588456528402,0.000921588456528402,-0.013726849043471597,-0.029107708418471597,-0.0320373959184716,-0.026666302168471597,0.000921588456528402,-0.027398724043471597,-0.023004192793471597,-0.027642864668471597,0.000921588456528402,0.000921588456528402,0.012640338456528403,0.027288775956528403,0.016790729081528403,0.000921588456528402,0.000921588456528402,0.000921588456528402,0.000921588456528402,0.000921588456528402,0.014105182206528403,0.000921588456528402,0.000921588456528402,0.026312213456528403,0.029730182206528403,0.016302447831528403,-0.001275677168471598,0.000921588456528402,-0.010064739668471597,0.006292682206528402,0.014349322831528403,0.000921588456528402,0.000921588456528402,-0.0415588802934716,-0.0339905209184716,-0.008599895918471597,0.009710650956528403,0.000921588456528402,-0.003228802168471598,-0.013482708418471597,0.008489947831528403,0.020452838456528403,0.000921588456528402,0.000921588456528402,0.000921588456528402,0.000921588456528402,0.000921588456528402,0.018743854081528403,0.000921588456528402,0.016058307206528403,0.011175494706528403,0.003607135331528402,-0.000787395918471598,0.000921588456528402,0.000921588456528402,-0.012750286543471597,-0.005181927168471598,-0.014215130293471597,-0.0376526302934716,-0.0549866146684716,0.000921588456528402,-0.0393616146684716,-0.000299114668471598,-0.013970989668471597,0.000921588456528402,0.000921588456528402,-0.021539349043471597,0.021673541581528403,0.016058307206528403,0.000921588456528402,0.000921588456528402,0.000921588456528402,0.000921588456528402,0.025823932206528403,0.012396197831528403,0.000921588456528402,0.000921588456528402,0.008489947831528403,0.006048541581528402,-0.003961224043471598,-0.011041302168471597,-0.019342083418471597,0.000921588456528402,-0.024469036543471597,-0.024224895918471597,-0.023248333418471597,0.000921588456528402,0.000921588456528402,-0.031060833418471597,-0.024224895918471597,-0.005426067793471598,0.008734088456528403,0.000921588456528402,0.007269244706528402,0.001654010331528402,0.017279010331528403,0.000921588456528402,0.000921588456528402,0.000921588456528402,0.000921588456528402,0.000921588456528402,0.010198932206528403,0.006780963456528402,0.000921588456528402,0.015570025956528403,0.020696979081528403,0.002386432206528402,-0.013482708418471597,-0.013970989668471597,0.000921588456528402,0.000921588456528402,-0.0422913021684716,-0.029351849043471597,0.008001666581528403,0.000921588456528402,0.019720416581528403,-0.022027630293471597,-0.013726849043471597,0.024114947831528403,0.000921588456528402,0.000921588456528402,0.012884479081528403,0.021429400956528403,0.000921588456528402,0.000921588456528402,0.000921588456528402,0.000921588456528402,0.002142291581528402,0.012884479081528403,0.000921588456528402,-0.005914349043471598,0.000921588456528402,0.002874713456528402,0.006536822831528402,-0.015924114668471597,-0.0510803646684716,0.000921588456528402,-0.0606018490434716,-0.010797161543471597,-0.003717083418471598,-0.013970989668471597,0.000921588456528402,-0.004449505293471598,0.000921588456528402,0.003362994706528402,0.000921588456528402,0.009710650956528403,0.0370544009565284,0.000921588456528402,0.026068072831528403,0.000921588456528402,0.000921588456528402,0.000921588456528402,0.000921588456528402,0.000921588456528402,0.000921588456528402,0.000921588456528402,0.000921588456528402,0.000921588456528402,0.000921588456528402,-0.0454651302934716,0.000921588456528402,0.000921588456528402,0.000921588456528402,-0.007379192793471598,0.000921588456528402,0.000921588456528402,0.000921588456528402,0.000921588456528402,0.000921588456528402,0.000921588456528402,0.028509479081528403,0.000921588456528402,0.023870807206528403,0.000921588456528402,0.018255572831528403,0.000921588456528402,0.000921588456528402,0.000921588456528402,0.000921588456528402,0.000921588456528402,0.000921588456528402,0.000921588456528402,0.000921588456528402,0.000921588456528402,0.000921588456528402,0.000921588456528402,0.000921588456528402,0.000921588456528402,0.000921588456528402,0.000921588456528402,0.000921588456528402,0.000921588456528402,0.012640338456528403,0.000921588456528402,0.0487731509565284,0.000921588456528402,0.000921588456528402,0.000921588456528402,0.000921588456528402,0.000921588456528402,0.023138385331528403,0.000921588456528402,0.000921588456528402,-0.013482708418471597,0.000921588456528402,0.000921588456528402,-0.012994427168471597,-0.014215130293471597,0.000921588456528402,-0.024224895918471597,-0.019342083418471597,-0.004937786543471598,0.000921588456528402,0.000921588456528402,0.014593463456528403,0.000921588456528402,0.000921588456528402,0.000921588456528402,0.0463317447065284,0.000921588456528402,0.016302447831528403,0.000921588456528402,0.000921588456528402,0.000921588456528402,0.000921588456528402,0.000921588456528402,-0.0420471615434716,0.000387042558090901,0.000921588456528402,0.000387042558090901,-0.021295208418471597,0.000921588456528402,-0.005426067793471598,0.000921588456528402,-0.024469036543471597,0.000921588456528402,0.009710650956528403,0.000921588456528402,0.000921588456528402,0.000921588456528402,0.000921588456528402,0.0404723697065284,0.0431579165815284,0.000921588456528402,0.014837604081528403,-0.021295208418471597,0.000921588456528402,0.000921588456528402,0.000921588456528402,0.004339557206528402,0.000921588456528402,-0.030816692793471597,-0.023248333418471597,0.000921588456528402,-0.0525452084184716,-0.0491272396684716,0.000921588456528402,-0.026178020918471597,0.000921588456528402,-0.023492474043471597,-0.011529583418471597,-0.009820599043471597,-0.016900677168471597,0.000921588456528402,0.000921588456528402,0.000921588456528402,0.000921588456528402,0.000921588456528402,0.000921588456528402,0.000921588456528402,0.000921588456528402,0.013616900956528403,0.000921588456528402,0.000921588456528402,0.000921588456528402,0.030462604081528403,0.000921588456528402,0.021917682206528403,0.008978229081528403,0.000921588456528402,0.000921588456528402,0.012396197831528403,0.025823932206528403,0.000921588456528402,0.000921588456528402,0.005071979081528402,0.002142291581528402,0.016546588456528403,0.000921588456528402,0.0565856509565284,0.000921588456528402,0.000921588456528402,0.000921588456528402,0.000921588456528402,0.000921588456528402,0.000921588456528402,0.000921588456528402,0.000921588456528402,0.000921588456528402,0.000921588456528402,0.026800494706528403,0.000921588456528402,0.000921588456528402,0.000921588456528402,0.000921588456528402,0.000921588456528402,0.000921588456528402,0.000921588456528402,0.020696979081528403,0.000921588456528402,0.000921588456528402,0.000921588456528402,0.000921588456528402,0.000921588456528402,0.000921588456528402,0.000921588456528402,0.023870807206528403,0.000921588456528402,0.000921588456528402,0.000921588456528402,0.000921588456528402,0.000921588456528402,0.004827838456528402,0.000921588456528402,0.000921588456528402,0.000921588456528402,0.000921588456528402,-0.015924114668471597,-0.012506145918471597,0.000921588456528402,0.000921588456528402,0.000921588456528402,0.004583697831528402,0.000921588456528402
UR5e_W,0.014135395342097474,0.0007076609670974747,0.0007076609670974747,0.0007076609670974747,0.03415492659209748,0.0007076609670974747,0.016088520342097474,0.026586567217097474,0.03220180159209748,0.008031879717097474,0.0007076609670974747,-0.0019778859079025253,0.0007076609670974747,0.0007076609670974747,0.0007076609670974747,0.0007076609670974747,0.0007076609670974747,0.0007076609670974747,0.0007076609670974747,0.0007076609670974747,-0.007348979657902525,-0.016138042157902526,0.0007076609670974747,-0.03225132340790252,-0.028345073407902526,-0.013940776532902526,0.0007076609670974747,-0.015405620282902526,-0.023462260907902526,-0.029809917157902526,-0.029077495282902526,-0.011499370282902526,0.0007076609670974747,0.0007076609670974747,-0.018579448407902526,0.0007076609670974747,-0.014917339032902526,0.0007076609670974747,0.0007076609670974747,0.0007076609670974747,0.0007076609670974747,-0.015405620282902526,0.0007076609670974747,0.0007076609670974747,0.0007076609670974747,-0.0027103077829025253,-0.006616557782902525,-0.005395854657902525,-0.004175151532902525,0.006078754717097475,0.0007076609670974747,0.007055317217097475,0.008031879717097474,0.007299457842097475,0.0007076609670974747,0.010717426592097474,0.013647114092097474,0.0007076609670974747,0.005834614092097475,0.005102192217097475,0.009496723467097474,0.013647114092097474,0.017065082842097474,0.0007076609670974747,0.010473285967097474,0.0007076609670974747,0.0021725047170974747,0.007299457842097475,0.016576801592097474,0.009740864092097474,0.0007076609670974747,-0.005395854657902525,-0.008813823407902526,0.0033932078420974747,0.015844379717097474,0.0007076609670974747,0.014623676592097474,0.0007076609670974747,-0.011743510907902526,-0.005151714032902525,0.009252582842097474,0.016820942217097474,0.0007076609670974747,-0.0027103077829025253,-0.009302104657902526,0.0007076609670974747,0.0007076609670974747,0.009252582842097474,0.004369770342097475,-0.010278667157902526,0.0007076609670974747,-0.006860698407902525,-0.0007571827829025253,-0.0007571827829025253,0.0007076609670974747,-0.004907573407902525,0.0007076609670974747,0.0011959422170974747,0.0007076609670974747,-0.012964214032902526,-0.004663432782902525,0.005346332842097475,0.0007076609670974747,0.0024166453420974747,-0.0024661671579025253,-0.008569682782902526,0.0007076609670974747,0.0007076609670974747,-0.0007571827829025253,0.0007076609670974747,0.0007076609670974747,0.0007076609670974747,0.0007076609670974747,0.0007076609670974747,0.0007076609670974747,0.0007076609670974747,0.0007076609670974747,0.0007076609670974747,0.0007076609670974747,0.0007076609670974747,0.0007076609670974747,0.0007076609670974747,0.0007076609670974747,0.0007076609670974747,0.0007076609670974747,0.0007076609670974747,0.0007076609670974747,0.0007076609670974747,0.0007076609670974747,0.0007076609670974747,0.0007076609670974747,0.0007076609670974747,0.0007076609670974747,0.0007076609670974747,0.0007076609670974747,0.0007076609670974747,0.0007076609670974747,0.0007076609670974747,0.0007076609670974747,0.0007076609670974747,0.0007076609670974747,0.0007076609670974747,0.0007076609670974747,0.0007076609670974747,0.0007076609670974747,0.0007076609670974747,0.010473285967097474,0.0007076609670974747,0.0007076609670974747,0.0007076609670974747,0.004369770342097475,0.0007076609670974747,0.0007076609670974747,0.0007076609670974747,0.0007076609670974747,0.0007076609670974747,0.0007076609670974747,0.0007076609670974747,0.015844379717097474,0.0007076609670974747,0.0007076609670974747,0.0007076609670974747,0.0007076609670974747,0.0007076609670974747,0.0007076609670974747,0.0007076609670974747,0.0007076609670974747,0.0007076609670974747,0.0007076609670974747,0.0007076609670974747,0.0007076609670974747,0.0007076609670974747,0.0007076609670974747,0.0007076609670974747,0.0007076609670974747,0.0007076609670974747,0.0007076609670974747,0.0007076609670974747,0.0007076609670974747,0.0007076609670974747,0.0007076609670974747,0.0007076609670974747,0.0007076609670974747,0.0007076609670974747,0.0007076609670974747,0.0007076609670974747,0.0007076609670974747,0.0007076609670974747,0.0007076609670974747,0.0007076609670974747,0.0007076609670974747,0.0007076609670974747,0.0007076609670974747,0.0007076609670974747,0.0007076609670974747,0.0007076609670974747,0.0007076609670974747,0.0007076609670974747,0.0007076609670974747,0.0007076609670974747,0.0007076609670974747,0.0007076609670974747,0.0007076609670974747,0.0007076609670974747,0.0007076609670974747,0.0007076609670974747,0.0007076609670974747,0.0007076609670974747,0.0007076609670974747,0.0007076609670974747,0.0007076609670974747,0.0007076609670974747,0.0007076609670974747,0.0007076609670974747,0.0007076609670974747,0.0007076609670974747,0.0007076609670974747,0.0007076609670974747,0.0007076609670974747,0.0007076609670974747,0.0007076609670974747,0.0007076609670974747,0.0007076609670974747,0.0007076609670974747,0.0007076609670974747,0.0007076609670974747,0.0007076609670974747,0.0007076609670974747,0.0007076609670974747,0.0007076609670974747,0.0007076609670974747,0.0007076609670974747,0.0007076609670974747,0.0007076609670974747,0.0007076609670974747,0.0007076609670974747,0.0007076609670974747,0.0007076609670974747,0.0007076609670974747,0.0007076609670974747,0.0007076609670974747,0.0007076609670974747,0.0007076609670974747,0.0007076609670974747,0.0007076609670974747,0.0007076609670974747,0.0007076609670974747,0.0007076609670974747,0.0007076609670974747,0.0007076609670974747,0.0007076609670974747,0.0007076609670974747,0.0007076609670974747,0.0007076609670974747,0.0007076609670974747,0.0007076609670974747,0.0007076609670974747,0.0007076609670974747,0.0007076609670974747,0.0007076609670974747,0.0007076609670974747,0.0007076609670974747,0.0007076609670974747,0.0007076609670974747,0.0007076609670974747,0.0007076609670974747,0.0007076609670974747,0.0007076609670974747,0.0007076609670974747,0.0007076609670974747,0.0007076609670974747,0.0007076609670974747,0.0007076609670974747,0.0007076609670974747,0.0007076609670974747,0.0007076609670974747,0.0007076609670974747,0.0007076609670974747,0.0007076609670974747,0.0007076609670974747,0.0007076609670974747,0.0007076609670974747,0.0007076609670974747,0.0007076609670974747,-0.012964214032902526,0.0007076609670974747,0.0007076609670974747,0.0007076609670974747,0.0007076609670974747,0.0007076609670974747,0.0007076609670974747,0.0007076609670974747,0.0007076609670974747,0.0007076609670974747,0.0007076609670974747,0.0007076609670974747,0.0007076609670974747,0.0007076609670974747,0.0007076609670974747,0.0007076609670974747,0.0007076609670974747,0.0007076609670974747,0.0007076609670974747,0.0007076609670974747,0.0007076609670974747,0.0007076609670974747,0.0007076609670974747,0.0007076609670974747,0.0007076609670974747,0.0007076609670974747,0.0007076609670974747,0.0007076609670974747,0.0007076609670974747,0.0007076609670974747,0.0007076609670974747,0.0007076609670974747,0.0007076609670974747,0.0007076609670974747,0.0007076609670974747,0.0007076609670974747,0.0007076609670974747,0.0007076609670974747,0.0007076609670974747,0.0007076609670974747,0.0007076609670974747,0.0007076609670974747,0.0007076609670974747,0.0007076609670974747,0.0007076609670974747,0.0007076609670974747,0.0007076609670974747,0.0007076609670974747,0.0007076609670974747,0.0007076609670974747,0.0007076609670974747,0.0007076609670974747,0.0007076609670974747,0.0007076609670974747,0.0007076609670974747,0.0007076609670974747,0.0007076609670974747,0.0007076609670974747,0.0007076609670974747,0.0007076609670974747,0.0007076609670974747,0.0007076609670974747,0.0007076609670974747,0.0007076609670974747,0.0007076609670974747,0.0007076609670974747,0.0007076609670974747,0.0007076609670974747,0.0007076609670974747,0.0007076609670974747,0.0007076609670974747,0.0007076609670974747,0.0007076609670974747,0.027318989092097474,0.0007076609670974747,0.0007076609670974747,0.0007076609670974747,0.0007076609670974747,0.0007076609670974747,0.0007076609670974747,0.0007076609670974747,0.0007076609670974747,0.0007076609670974747,0.0007076609670974747,0.0007076609670974747,0.010229145342097474,0.0007076609670974747,0.0007076609670974747,0.0007076609670974747,-0.008081401532902526,0.0007076609670974747,0.010229145342097474,0.0007076609670974747,-0.007348979657902525,0.0007076609670974747,-0.010522807782902526,-0.0014896046579025253,0.0007076609670974747,0.016576801592097474,0.016332660967097474,0.006322895342097475,0.00046352034209747473,0.0007076609670974747,0.0007076609670974747,0.015111957842097474,0.004369770342097475,-0.0029544484079025253,0.014867817217097474,0.0007076609670974747,0.019262348467097474,0.011449848467097474,-0.0027103077829025253,0.0007076609670974747,0.0007076609670974747,0.004369770342097475,-0.0010013234079025253,0.0007076609670974747,-0.009302104657902526,-0.012964214032902526,-0.012720073407902526,-0.014673198407902526,-0.029565776532902526,0.0007076609670974747,0.0007076609670974747,-0.03273960465790252,-0.021020854657902526,0.0007076609670974747,-0.013452495282902526,-0.020044292157902526,-0.03176304215790252,-0.029809917157902526,-0.009546245282902526,0.0007076609670974747,0.0007076609670974747,-0.010278667157902526,-0.010278667157902526,0.0007076609670974747,-0.0010013234079025253,-0.003931010907902525,-0.009302104657902526,0.0029049265920974747,0.020727192217097474,0.0007076609670974747,0.023412739092097474,0.0007076609670974747,0.024389301592097474,0.009985004717097474,0.0007076609670974747,0.019506489092097474,0.03757289534209748,0.04758266096709748,0.021459614092097474,0.0007076609670974747,0.017553364092097474,0.0007076609670974747,0.029760395342097474,0.0007076609670974747,0.018774067217097474,0.005346332842097475,0.007299457842097475,0.024145160967097474,0.025365864092097474,-0.011743510907902526,0.0007076609670974747,-0.018823589032902526,0.0007076609670974747,0.0007076609670974747,0.0007076609670974747,0.0007076609670974747,0.0007076609670974747,0.0007076609670974747,0.0007076609670974747,0.0007076609670974747,0.0007076609670974747,0.0007076609670974747,0.0007076609670974747,0.0007076609670974747,0.0007076609670974747,0.0007076609670974747,0.0007076609670974747,0.0007076609670974747,0.0007076609670974747,0.0007076609670974747,0.0007076609670974747,0.0007076609670974747,0.0007076609670974747,0.0007076609670974747,0.0007076609670974747,0.0007076609670974747,0.0007076609670974747,0.0007076609670974747,0.0007076609670974747,0.0007076609670974747,0.0007076609670974747,0.0007076609670974747,0.0007076609670974747,0.0007076609670974747,0.0007076609670974747,0.0007076609670974747,0.0007076609670974747,0.0007076609670974747,0.0007076609670974747,0.0007076609670974747,0.0007076609670974747,0.0007076609670974747,0.0007076609670974747,0.0007076609670974747,0.0007076609670974747,0.0007076609670974747,-0.007593120282902525,0.0007076609670974747,0.006078754717097475,0.006567035967097475,-0.017602885907902526,0.0007076609670974747,-0.030786479657902526,-0.025171245282902526,0.0007076609670974747,0.011693989092097474,0.0007076609670974747,-0.013452495282902526,0.0007076609670974747,-0.011255229657902526,0.008031879717097474,0.011693989092097474,0.0007076609670974747,0.005102192217097475,0.004369770342097475,0.0007076609670974747,0.016088520342097474,0.0007076609670974747,0.017309223467097474,0.0019283640920974747,0.0007076609670974747,-0.0007571827829025253,0.009496723467097474,0.021703754717097474,0.011693989092097474,-0.016382182782902526,0.0007076609670974747,-0.019067729657902526,0.0007076609670974747,0.0031490672170974747,-0.007593120282902525,0.0007076609670974747,-0.027368510907902526,-0.04104038590790252,-0.03981968278290252,-0.011011089032902526,0.0007076609670974747,-0.005884135907902525,0.0007076609670974747,-0.026636089032902526,-0.024682964032902526,0.0007076609670974747,-0.021509135907902526,-0.019067729657902526,-0.013208354657902526,0.0038814890920974747,0.0007076609670974747,0.004858051592097475,0.0007076609670974747,0.009985004717097474,0.019018207842097474,0.0007076609670974747,0.024389301592097474,0.028295551592097474,0.015844379717097474,0.024145160967097474,0.0007076609670974747,0.03879359846709748,0.0007076609670974747,0.03439906721709748,0.0007076609670974747,0.023168598467097474,0.026586567217097474,0.024633442217097474,-0.007348979657902525,0.0007076609670974747,-0.007593120282902525,0.009496723467097474,0.0007076609670974747,0.012182270342097474,0.0007076609670974747,-0.025659526532902526,-0.021997417157902526,0.00046352034209747473,-0.0014896046579025253,0.0007076609670974747,-0.026880229657902526,-0.04543491715790252,-0.04787632340790252,0.0007076609670974747,-0.030298198407902526,-0.004907573407902525,0.0007076609670974747,-0.005151714032902525,-0.005151714032902525,-0.010034526532902526,-0.008813823407902526,0.005102192217097475,0.0007076609670974747,0.016576801592097474,0.0007076609670974747,0.027318989092097474,0.019018207842097474,-0.0010013234079025253,0.0029049265920974747,0.0007076609670974747,0.022436176592097474,0.030736957842097474,0.024633442217097474,0.0031490672170974747,0.0007076609670974747,-0.013696635907902526,0.012426410967097474,0.009008442217097474,0.0007076609670974747,-0.004663432782902525,-0.015405620282902526,-0.018579448407902526,-0.011255229657902526,-0.004907573407902525,0.0007076609670974747,-0.020776714032902526,0.0007076609670974747,-0.028589214032902526,-0.025415385907902526,-0.007593120282902525,0.006567035967097475,-0.019067729657902526,-0.016870464032902526,0.0007076609670974747,-0.0029544484079025253,0.0007076609670974747,0.015600239092097474,0.020483051592097474,0.017553364092097474,0.024389301592097474,0.03830531721709748,0.0007076609670974747,0.03757289534209748,0.026830707842097474,0.020971332842097474,0.0007076609670974747,0.03317836409209748,0.03220180159209748,0.00021937971709747473,-0.0031985890329025253,0.0007076609670974747,0.010473285967097474,0.023168598467097474,0.018529926592097474,-0.004175151532902525,0.0007076609670974747,-0.012964214032902526,-0.004907573407902525,0.0007076609670974747,-0.018335307782902526,-0.03200718278290252,-0.04372593278290252,-0.04250522965790252,-0.028833354657902526,-0.006128276532902525,0.0007076609670974747,-0.029809917157902526,0.0007076609670974747,-0.03444858903290252,-0.019311870282902526,0.012914692217097474,0.023412739092097474,-0.0012454640329025253,-0.008325542157902526,0.0007076609670974747,0.020483051592097474,0.0007076609670974747,0.013891254717097474,-0.0012454640329025253,-0.0012454640329025253,0.007299457842097475,-0.013452495282902526,-0.011011089032902526,0.0007076609670974747,0.0029049265920974747,0.010229145342097474,0.0007076609670974747,-0.014673198407902526,-0.005151714032902525,0.009496723467097474,-0.010766948407902526,0.0007076609670974747,-0.025415385907902526,-0.017358745282902526,-0.0024661671579025253,0.0016842234670974747,0.0007076609670974747,-0.028589214032902526,-0.010766948407902526,0.0007076609670974747,0.010717426592097474,0.018529926592097474,0.016332660967097474,0.012426410967097474,0.005590473467097475,0.017553364092097474,0.0007076609670974747,0.04880336409209748,0.0007076609670974747,0.030248676592097474,0.015844379717097474,0.016088520342097474,0.020971332842097474,0.023412739092097474,0.011693989092097474,0.0007076609670974747,0.013402973467097474,0.0007076609670974747,0.006078754717097475,0.006078754717097475,0.011693989092097474,0.012914692217097474,-0.023950542157902526,-0.04641147965790252,0.0007076609670974747,-0.04348179215790252,-0.013208354657902526,0.0007076609670974747,0.008764301592097474,-0.016870464032902526,-0.030298198407902526,-0.007348979657902525,0.0007076609670974747,0.015111957842097474,0.023656879717097474,0.010473285967097474,-0.016626323407902526,0.0007076609670974747,-0.005884135907902525,0.012182270342097474,0.019262348467097474,0.0007076609670974747,0.0016842234670974747,-0.025415385907902526,-0.03542515153290252,-0.013940776532902526,0.016088520342097474,0.0007076609670974747,-0.0031985890329025253,-0.04641147965790252,0.0007076609670974747,-0.013208354657902526,0.017309223467097474,0.013158832842097474,-0.024194682782902526,-0.05300327653290252,-0.021997417157902526,0.0007076609670974747,0.004858051592097475,0.0007076609670974747,-0.0007571827829025253,-0.0019778859079025253,0.004125629717097475,0.010229145342097474,0.014867817217097474,0.008520160967097474,0.0007076609670974747,0.007055317217097475,0.0007076609670974747,0.027807270342097474,0.03171352034209748,0.019506489092097474,0.013891254717097474,0.0036373484670974747,0.007543598467097475,0.0007076609670974747,0.011449848467097474,0.006567035967097475,0.0007076609670974747,0.0016842234670974747,0.026586567217097474,0.03732875471709748,-0.026880229657902526,-0.05056187028290252,0.0007076609670974747,-0.028833354657902526,0.005834614092097475,0.027318989092097474,0.0007076609670974747,-0.008325542157902526,-0.023218120282902526,0.0007076609670974747,0.018774067217097474,0.04489711409209748,0.03488734846709748,0.007299457842097475,-0.011987651532902526,0.023412739092097474,0.0007076609670974747,0.021459614092097474,0.0007076609670974747,-0.0022220265329025253,-0.021753276532902526,-0.019311870282902526,0.0014400828420974747,0.019506489092097474,-0.020288432782902526,0.0007076609670974747,-0.04104038590790252,0.0007076609670974747,-0.0005130421579025253,0.0016842234670974747,-0.028100932782902526,0.0003294261038162246,-0.04274937028290252,0.005590473467097475,0.0007076609670974747,0.028051410967097474,0.0011959422170974747,0.0007076609670974747,-0.03518101090790252,0.004613910967097475,0.03781703596709748,0.013158832842097474,-0.015405620282902526,0.0007076609670974747,-0.010034526532902526,0.013158832842097474,0.024145160967097474,0.0007076609670974747,-0.010278667157902526,-0.022973979657902526,0.004125629717097475,0.018529926592097474,0.0007076609670974747,0.010717426592097474,-0.004907573407902525,-0.013208354657902526,-0.012720073407902526,0.0007076609670974747,-0.0007571827829025253,-0.012231792157902526,0.0007076609670974747,-0.012475932782902526,-0.021020854657902526,-0.03347202653290252,-0.028589214032902526,-0.021020854657902526,-0.0010013234079025253,0.0007076609670974747,0.027807270342097474,0.0007076609670974747,0.028051410967097474,0.015600239092097474,-0.004907573407902525,-0.007348979657902525,0.018041645342097474,0.021703754717097474,0.0007076609670974747,0.010717426592097474,0.0007076609670974747,-0.007837260907902526,0.00021937971709747473,0.009985004717097474,0.018529926592097474,0.006078754717097475,-0.013940776532902526,0.0007076609670974747,-0.017114604657902526,-0.005151714032902525,0.0007076609670974747,0.014867817217097474,0.012426410967097474,0.0019283640920974747,0.022680317217097474,0.03781703596709748,0.0007076609670974747,0.03659633284209748,0.022680317217097474,0.008764301592097474,0.0007076609670974747,0.026098285967097474,0.03244594221709748,0.005834614092097475,0.0007076609670974747,-0.006616557782902525,-0.010034526532902526,-0.009057964032902526,-0.011743510907902526,-0.013940776532902526,0.0007076609670974747,0.016088520342097474,0.004369770342097475,0.0007076609670974747,-0.017847026532902526,-0.026147807782902526,-0.011987651532902526,0.008276020342097474,0.019018207842097474,-0.016626323407902526,0.0007076609670974747,-0.03737827653290252,0.0007076609670974747,-0.023462260907902526,-0.010034526532902526,-0.012475932782902526,-0.025903667157902526,-0.031030620282902526,-0.011743510907902526,0.0007076609670974747,0.012670551592097474,0.0007076609670974747,-0.008813823407902526,-0.03127476090790252,-0.03151890153290252,-0.011499370282902526,0.014135395342097474,0.0007076609670974747,0.0031490672170974747,-0.007348979657902525,-0.005395854657902525,0.0007076609670974747,0.017553364092097474,0.023656879717097474,0.021947895342097474,0.0021725047170974747,0.0007076609670974747,0.008520160967097474,0.012914692217097474,0.008031879717097474,0.0016842234670974747,0.0007076609670974747,0.007055317217097475,0.019018207842097474,0.0021725047170974747,0.0007076609670974747,-0.015893901532902526,-0.013452495282902526,0.004613910967097475,0.020971332842097474,0.017553364092097474,0.0007076609670974747,-0.019311870282902526,-0.006128276532902525,0.0007076609670974747,0.007787739092097475,0.009496723467097474,-0.0014896046579025253,-0.015649760907902526,-0.006372417157902525,0.009008442217097474,0.0007076609670974747,0.0007076609670974747,0.004613910967097475,-0.014673198407902526,-0.016870464032902526,0.00021937971709747473,0.017309223467097474,0.007299457842097475,0.0007076609670974747,-0.0017337452829025253,-0.006372417157902525,0.0007076609670974747,0.015844379717097474,0.020238910967097474,0.009496723467097474,-0.0024661671579025253,-0.006372417157902525,0.0007076609670974747,0.0016842234670974747,0.006567035967097475,0.0014400828420974747,0.0007076609670974747,-0.007104839032902525,-0.004663432782902525,-0.004419292157902525,-0.011499370282902526,0.0007076609670974747,-0.018091167157902526,-0.016382182782902526,-0.005151714032902525,0.0029049265920974747,0.0007076609670974747,-0.0036868702829025253,-0.010034526532902526,0.0007076609670974747,-0.008813823407902526,-0.007104839032902525,-0.004663432782902525,0.0011959422170974747,0.0011959422170974747,-0.0024661671579025253,0.0007076609670974747,-0.004175151532902525,0.0007076609670974747,-0.0007571827829025253,0.0033932078420974747,0.0024166453420974747,0.0021725047170974747,-0.0007571827829025253,-0.0031985890329025253,0.0007076609670974747,-0.0019778859079025253,0.0007076609670974747,-0.0012454640329025253,-0.0005130421579025253,0.00046352034209747473,0.0019283640920974747,0.006322895342097475,0.004613910967097475,0.0007076609670974747,0.0026607859670974747,0.0014400828420974747,0.0007076609670974747,0.013158832842097474,0.014379535967097474,-0.006860698407902525,-0.028589214032902526,0.0007076609670974747,-0.0010013234079025253,0.027807270342097474,0.03342250471709748,0.017309223467097474,0.0007076609670974747,0.03977016096709748,0.0003294261038162246,0.04416469221709748,0.0007076609670974747,0.009252582842097474,0.008276020342097474,0.03757289534209748,0.05490687971709748,0.04392055159209748,0.0007076609670974747,-0.015649760907902526,-0.017847026532902526,0.0007076609670974747,-0.0029544484079025253,-0.0029544484079025253,-0.018579448407902526,-0.03835483903290252,-0.04494663590790252,-0.010278667157902526,0.0007076609670974747,-0.03786655778290252,0.0007076609670974747,-0.05568882340790252,-0.05056187028290252,-0.018579448407902526,0.010717426592097474,0.013402973467097474,-0.03420444840790252,-0.04763218278290252,0.0007076609670974747,0.0007076609670974747,-0.027124370282902526,-0.013940776532902526,-0.012720073407902526,-0.018579448407902526,-0.03762241715790252,0.0007076609670974747,-0.03908726090790252,-0.030542339032902526,-0.015893901532902526,0.0007076609670974747,-0.005884135907902525,-0.031030620282902526,0.0007076609670974747,-0.03957554215790252,-0.021753276532902526,0.008520160967097474,0.029760395342097474,-0.0012454640329025253,-0.019800151532902526,0.0007076609670974747,0.0007076609670974747,0.026342426592097474,0.04562953596709748,0.03537562971709748,0.013158832842097474,0.03269008284209748,0.05075648909209748,0.0007076609670974747,0.04538539534209748,0.025610004717097474,0.0007076609670974747,0.018041645342097474,0.020727192217097474,0.019750629717097474,0.007299457842097475,0.0007076609670974747,-0.011255229657902526,-0.024927104657902526,-0.011987651532902526,0.013158832842097474,0.0007076609670974747,0.031225239092097474,0.017065082842097474,0.0007076609670974747,0.022680317217097474,0.03610805159209748,0.04392055159209748,0.03879359846709748,0.028539692217097474,0.04587367659209748,0.0007076609670974747,0.05100062971709748,0.0007076609670974747,0.027807270342097474,0.004369770342097475,0.006322895342097475,0.018285785967097474,-0.004907573407902525,-0.028100932782902526,0.0007076609670974747,-0.03811069840790252,0.0007076609670974747,-0.03347202653290252,-0.03566929215790252,-0.03469272965790252,-0.019800151532902526,0.008520160967097474,0.0007076609670974747,0.0016842234670974747,-0.010034526532902526,-0.011499370282902526,0.0007076609670974747,0.028051410967097474,0.05319789534209748,0.05222133284209748,0.03830531721709748,0.0007076609670974747,0.020971332842097474,-0.012475932782902526,-0.06618687028290253,0.0003294261038162246,0.0007076609670974747,0.0003294261038162246,-0.05129429215790252,-0.06179233903290252,0.0007076609670974747,0.0003294261038162246,0.0003294261038162246,-0.06057163590790252,-0.009302104657902526,0.03317836409209748,0.0007076609670974747,0.030981098467097474,0.0007076609670974747,0.05612758284209748,0.0003294261038162246,0.04538539534209748,-2.476090790252527e-05,-0.016138042157902526,0.04685023909209748,0.05490687971709748,0.0007076609670974747,0.0007076609670974747,-0.04030796403290252,0.0003294261038162246,0.0003294261038162246,-0.03249546403290252,0.026830707842097474,0.03537562971709748,0.0007076609670974747,0.03146937971709748,0.010961567217097474,0.0007076609670974747,0.017065082842097474,0.04489711409209748,0.0003294261038162246,0.0003294261038162246,0.0007076609670974747,0.06003383284209748,0.03195766096709748,-0.010766948407902526,-0.04445835465790252,0.0007076609670974747,-0.027856792157902526,-0.0024661671579025253,-0.013940776532902526,0.0007076609670974747,-0.03469272965790252,-0.04836460465790252,-0.04104038590790252,-0.023218120282902526,0.013647114092097474,0.0007076609670974747,-0.010522807782902526,0.0007076609670974747,-0.005884135907902525,0.012670551592097474,0.029272114092097474,0.017065082842097474,-0.018579448407902526,-0.018091167157902526,0.00046352034209747473,0.0007076609670974747,0.0007076609670974747,-0.03640171403290252,-0.06374546403290253,-0.06350132340790253,-0.05568882340790252,-0.03615757340790252,-0.024682964032902526,0.0007076609670974747,-0.004175151532902525,0.00021937971709747473,0.0007076609670974747,-0.027124370282902526,-0.014917339032902526,0.004369770342097475,0.03293422346709748,0.05197719221709748,0.0007076609670974747,0.05832484846709748,0.04196742659209748,0.016088520342097474,0.0007076609670974747,0.011205707842097474,0.03146937971709748,0.011938129717097474,-0.015649760907902526,0.0007076609670974747,-0.014917339032902526,-0.012720073407902526,-0.026880229657902526,-0.03957554215790252,0.0007076609670974747,0.025610004717097474,0.025854145342097474,0.0007076609670974747,0.00021937971709747473,-0.009546245282902526,0.007055317217097475,0.023412739092097474,0.020238910967097474,0.022924457842097474,0.0007076609670974747,0.03488734846709748,0.0007076609670974747,0.029760395342097474,0.028051410967097474,0.027563129717097474,0.019018207842097474,0.0016842234670974747,-0.006616557782902525,0.0007076609670974747,-0.008813823407902526,0.0007076609670974747,-0.04860874528290252,-0.05446812028290252,-0.03640171403290252,-0.003931010907902525,-0.007348979657902525,-0.008813823407902526,0.0007076609670974747,0.004613910967097475,0.015111957842097474,0.0007076609670974747,0.014379535967097474,0.022192035967097474,0.03708461409209748,0.03146937971709748,0.0007076609670974747,0.021703754717097474,0.022924457842097474,0.03806117659209748,0.04831508284209748,0.0007076609670974747,0.018285785967097474,-0.015893901532902526,-0.007104839032902525,0.0007076609670974747,0.005590473467097475,0.0007076609670974747,-0.028589214032902526,-0.04689976090790252,-0.03859897965790252,0.0007076609670974747,-0.011499370282902526,-0.005151714032902525,0.0007076609670974747,-0.006128276532902525,-0.011255229657902526,-0.006372417157902525,0.0024166453420974747,-0.005395854657902525,0.0007076609670974747,-0.016138042157902526,0.0007076609670974747,0.026586567217097474,0.04538539534209748,0.010961567217097474,-0.010278667157902526,-0.004663432782902525,0.0007076609670974747,0.013402973467097474,0.006811176592097475,-0.024682964032902526,0.0007076609670974747,0.0007076609670974747,-0.028589214032902526,-0.030298198407902526,0.0007076609670974747,-0.06105991715790252,0.0003294261038162246,-0.03884312028290252,0.0007076609670974747,-0.007348979657902525,0.0019283640920974747,0.0007076609670974747,0.0007076609670974747,-0.014184917157902526,0.0026607859670974747,0.013402973467097474,0.0007076609670974747,0.0007076609670974747,0.014867817217097474,0.04758266096709748,0.0007076609670974747,0.03269008284209748,0.0007076609670974747,0.0007076609670974747,0.03171352034209748,0.05612758284209748,0.0007076609670974747,0.0007076609670974747,-0.019556010907902526,0.007299457842097475,0.0007076609670974747,-0.009302104657902526,0.0007076609670974747,0.0007076609670974747,-0.023462260907902526,0.0007076609670974747,-0.020776714032902526,-0.011011089032902526,0.022436176592097474,0.0007076609670974747,0.005346332842097475,-0.021753276532902526,0.012670551592097474,0.0007076609670974747,0.0007076609670974747,0.04147914534209748,0.0007076609670974747,-0.020044292157902526,-0.0034427296579025253,0.05686000471709748,0.0007076609670974747,0.03903773909209748,0.018774067217097474,0.005346332842097475,0.0007076609670974747,0.0007076609670974747,0.0014400828420974747,0.019506489092097474,0.0007076609670974747,-0.004663432782902525,-0.03518101090790252,-0.03664585465790252,0.0007076609670974747,-0.021264995282902526,-0.019311870282902526,0.0007076609670974747,0.0007076609670974747,-0.04104038590790252,-0.026391948407902526,0.0007076609670974747,0.0014400828420974747,-0.0017337452829025253,-0.006860698407902525,0.0007076609670974747,0.00046352034209747473,0.019994770342097474,0.0007076609670974747,0.0007076609670974747,0.012670551592097474,0.005102192217097475,0.028295551592097474,0.0007076609670974747,0.04318812971709748,0.04074672346709748,0.024877582842097474,0.0007076609670974747,0.021703754717097474,0.0007076609670974747,0.0007076609670974747,0.004613910967097475,-0.0010013234079025253,-0.014917339032902526,0.0007076609670974747,-0.007348979657902525,-0.0031985890329025253,-0.029321635907902526,0.0007076609670974747,-0.03859897965790252,0.0007076609670974747,-0.011011089032902526,0.0007076609670974747,-0.023706401532902526,-0.029077495282902526,0.0007076609670974747,-0.011987651532902526,0.004369770342097475,-2.476090790252527e-05,0.0007076609670974747,-0.010522807782902526,0.0007076609670974747,0.007299457842097475,0.0007076609670974747,0.016088520342097474,0.027318989092097474,0.0007076609670974747,0.022192035967097474,0.008031879717097474,0.0033932078420974747,0.0007076609670974747,0.024145160967097474,0.0007076609670974747,0.015600239092097474,0.0007076609670974747,0.0026607859670974747,-0.009790385907902526,-0.008569682782902526,0.0007076609670974747,-0.004175151532902525,0.0014400828420974747,-0.020288432782902526,0.0007076609670974747,0.0007076609670974747,-0.012964214032902526,-0.014917339032902526,0.0007076609670974747,-0.014917339032902526,-0.015405620282902526,-0.0012454640329025253,0.0007076609670974747,-0.006860698407902525,0.009740864092097474,0.0007076609670974747,0.0007076609670974747,0.005834614092097475,-0.022241557782902526,0.0007076609670974747,-0.009302104657902526,0.014379535967097474,0.006567035967097475,0.0007076609670974747,-0.010766948407902526,-0.008325542157902526,0.0007076609670974747,0.0007076609670974747,0.0007076609670974747,0.013158832842097474,0.0007076609670974747,0.0007076609670974747,-0.0005130421579025253,0.0021725047170974747,0.0007076609670974747,-0.0031985890329025253,-0.014429057782902526,0.0007076609670974747,0.0007076609670974747,-0.008081401532902526,-0.008813823407902526,-0.026147807782902526,0.0007076609670974747,-0.029077495282902526,-0.020044292157902526,-0.0014896046579025253,0.0007076609670974747,-0.008569682782902526,0.0007076609670974747,-0.017358745282902526,0.0007076609670974747,0.0026607859670974747,0.018041645342097474,0.0007076609670974747,-0.0007571827829025253,-0.010522807782902526,0.029027973467097474,0.0007076609670974747,0.026098285967097474,0.0007076609670974747,-0.0010013234079025253,0.0007076609670974747,0.012426410967097474,0.030248676592097474,0.03561977034209748,0.0007076609670974747,0.023901020342097474,0.005590473467097475,0.0007076609670974747,0.008520160967097474,0.0007076609670974747,0.03220180159209748,0.0007076609670974747,0.006322895342097475,-0.016138042157902526,0.0038814890920974747,0.0007076609670974747,0.013891254717097474,-0.021264995282902526,0.0007076609670974747,-0.021753276532902526,0.0007076609670974747,-0.018579448407902526,0.0007076609670974747,-0.022973979657902526,-0.022485698407902526,-0.018335307782902526,0.0007076609670974747,-0.018579448407902526,-0.019067729657902526,-0.010034526532902526,0.0007076609670974747,0.0007076609670974747,-0.016626323407902526,0.012182270342097474,0.0007076609670974747,0.021703754717097474,0.012426410967097474,0.004613910967097475,0.0007076609670974747,0.022680317217097474,0.03757289534209748,0.0007076609670974747,0.0007076609670974747,0.005590473467097475,0.014135395342097474,0.0007076609670974747,0.018041645342097474,0.017553364092097474,0.03269008284209748,0.0007076609670974747,0.028051410967097474,0.010473285967097474,0.0007076609670974747,0.0007076609670974747,-0.005639995282902525,0.010961567217097474,-0.004907573407902525,0.0007076609670974747,-0.026147807782902526,-0.03859897965790252,-0.015649760907902526,0.0007076609670974747,-0.007104839032902525,0.0007076609670974747,0.0007076609670974747,-0.03225132340790252,-0.030298198407902526,-0.018579448407902526,0.0007076609670974747,-0.021997417157902526,-0.023218120282902526,-0.019311870282902526,0.0007076609670974747,-0.013696635907902526,0.0007076609670974747,-0.010278667157902526,0.0007076609670974747,0.009496723467097474,0.014867817217097474,0.0007076609670974747,0.0019283640920974747,0.004613910967097475,0.021215473467097474,0.0007076609670974747,0.025365864092097474,0.0007076609670974747,0.011938129717097474,0.0007076609670974747,0.013647114092097474,0.014623676592097474,0.018529926592097474,0.0007076609670974747,0.015600239092097474,0.006322895342097475,0.0019283640920974747,0.0007076609670974747,0.0007076609670974747,0.012182270342097474,0.0007076609670974747,0.009008442217097474,-0.009057964032902526,-0.0014896046579025253,0.0007076609670974747,0.019506489092097474,0.024145160967097474,-0.00026890153290252527,0.0007076609670974747,0.0007076609670974747,-0.008569682782902526,0.008031879717097474,0.0007076609670974747,0.005834614092097475,-0.0007571827829025253,-0.022485698407902526,0.0007076609670974747,-0.014673198407902526,-0.00026890153290252527,0.0007076609670974747,0.0007076609670974747,-0.018091167157902526,-0.03322788590790252,0.0007076609670974747,-0.0014896046579025253,0.019750629717097474,-0.008325542157902526,0.0007076609670974747,-0.024682964032902526,-0.022485698407902526,0.0007076609670974747,0.0007076609670974747,0.008764301592097474,0.012182270342097474,-2.476090790252527e-05,0.0007076609670974747,-0.011011089032902526,-0.0012454640329025253,0.009252582842097474,0.0007076609670974747,0.014623676592097474,0.0007076609670974747,0.0007076609670974747,-0.012720073407902526,-0.004419292157902525,0.022436176592097474,0.0007076609670974747,0.021703754717097474,0.013402973467097474,-0.0017337452829025253,0.0007076609670974747,0.006078754717097475,0.0007076609670974747,0.0007076609670974747,0.020727192217097474,0.0014400828420974747,0.0038814890920974747,0.0007076609670974747,0.014135395342097474,0.020483051592097474,-0.006860698407902525,0.0007076609670974747,-0.026147807782902526,0.0007076609670974747,0.029760395342097474,0.0007076609670974747,0.0033932078420974747,-0.020776714032902526,-0.022241557782902526,0.0007076609670974747,-0.012475932782902526,0.0029049265920974747,-0.008813823407902526,0.0007076609670974747,0.0007076609670974747,-0.04567905778290252,-0.008569682782902526,0.0007076609670974747,0.007055317217097475,-0.018335307782902526,0.0007076609670974747,-0.03933140153290252,-0.030542339032902526,0.023656879717097474,0.0007076609670974747,0.0007076609670974747,-0.023218120282902526,-0.0034427296579025253,0.0007076609670974747,0.024389301592097474,0.030492817217097474,-0.014429057782902526,0.0007076609670974747,-0.019067729657902526,0.0038814890920974747,0.0007076609670974747,0.0007076609670974747,0.03366664534209748,0.0007076609670974747,-0.029321635907902526,0.019506489092097474,0.0007076609670974747,0.05734828596709748,-0.0010013234079025253,0.0007076609670974747,-0.024438823407902526,0.0007076609670974747,0.0007076609670974747,0.016576801592097474,0.014135395342097474,-0.00026890153290252527,0.0007076609670974747,-0.015161479657902526,-0.016138042157902526,0.0007076609670974747,0.005102192217097475,0.0007076609670974747,0.0007076609670974747,-0.017114604657902526,-0.014429057782902526,0.0007076609670974747,0.022680317217097474,0.03684047346709748,-0.014184917157902526,0.0007076609670974747,-0.026880229657902526,0.0007076609670974747,0.0007076609670974747,0.03317836409209748,-0.011255229657902526,0.0007076609670974747,-0.03591343278290252,0.0031490672170974747,0.0007076609670974747,0.03708461409209748,0.03879359846709748,0.0007076609670974747,0.0007076609670974747,-0.04470249528290252,0.028539692217097474,0.0007076609670974747,0.020727192217097474,-0.04177280778290252,0.0007076609670974747,-0.04128452653290252,-0.008813823407902526,0.0007076609670974747,0.0007076609670974747,-0.0027103077829025253,-0.04934116715790252,0.0007076609670974747,-0.013208354657902526,0.04831508284209748,0.0007076609670974747,0.011205707842097474,-0.04104038590790252,-0.010278667157902526,0.0007076609670974747,0.0007076609670974747,0.03537562971709748,0.0007076609670974747,-0.020044292157902526,-0.013940776532902526,0.03317836409209748,0.0007076609670974747,0.020483051592097474,-0.013208354657902526,-0.011255229657902526,0.0007076609670974747,0.0007076609670974747,0.04465297346709748,0.0007076609670974747,-0.010278667157902526,-0.04079624528290252,0.04392055159209748,0.0007076609670974747,0.06540492659209747,0.027563129717097474,-0.04445835465790252,0.0007076609670974747,0.0007076609670974747,0.03537562971709748,0.0007076609670974747,0.030004535967097474,-0.019556010907902526,-0.029077495282902526,0.0007076609670974747,0.015356098467097474,0.04245570784209748,-0.020776714032902526,0.0007076609670974747,0.0007076609670974747,0.021459614092097474,0.0007076609670974747,0.05051234846709748,0.021215473467097474,-0.04860874528290252,0.0007076609670974747,-0.019556010907902526,0.024389301592097474,0.013402973467097474,0.0007076609670974747,0.0007076609670974747,-0.011987651532902526,0.0007076609670974747,0.028783832842097474,0.03928187971709748,-0.03469272965790252,0.0007076609670974747,-0.04079624528290252,-0.0024661671579025253,0.03732875471709748,0.0007076609670974747,0.0007076609670974747,-0.03566929215790252,0.0007076609670974747,-0.006860698407902525,0.027318989092097474,0.0007076609670974747,-0.03542515153290252,0.0007076609670974747,-0.04299351090790252,-0.015893901532902526,0.0007076609670974747,0.029027973467097474,-0.04299351090790252,-0.04885288590790252,0.0007076609670974747,-0.015649760907902526,0.022192035967097474,0.03342250471709748,0.005346332842097475,-0.028589214032902526,0.0007076609670974747,0.0007076609670974747,0.023901020342097474,0.0007076609670974747,0.0007076609670974747,0.0007076609670974747,0.0007076609670974747,0.0007076609670974747,0.0007076609670974747,0.017309223467097474,0.0007076609670974747,0.0007076609670974747,0.0007076609670974747,0.0007076609670974747,0.006811176592097475,0.0007076609670974747,0.0007076609670974747,0.0007076609670974747,-0.006616557782902525,0.0007076609670974747,0.0007076609670974747,0.0007076609670974747,0.0007076609670974747,0.0007076609670974747,0.0007076609670974747,0.0007076609670974747,0.0007076609670974747,-0.007593120282902525,0.0007076609670974747,-0.0034427296579025253,0.0007076609670974747,0.0007076609670974747,0.0038814890920974747,-0.0036868702829025253,0.0007076609670974747,0.0007076609670974747,0.0007076609670974747,0.0007076609670974747,0.0007076609670974747,0.0007076609670974747,0.0007076609670974747,0.0007076609670974747,0.0007076609670974747,0.0007076609670974747,0.0007076609670974747,0.0007076609670974747,0.0007076609670974747,0.0007076609670974747,0.0007076609670974747,0.0007076609670974747,0.0007076609670974747,0.0007076609670974747,0.0007076609670974747,0.0007076609670974747,0.0007076609670974747,0.0007076609670974747,0.0007076609670974747,0.0007076609670974747,0.0007076609670974747,0.0007076609670974747,0.0007076609670974747,0.0007076609670974747,0.0007076609670974747,0.0007076609670974747,0.0007076609670974747,0.0007076609670974747,0.0007076609670974747,0.0007076609670974747,0.0007076609670974747,0.0007076609670974747,0.0007076609670974747,0.0007076609670974747,0.0007076609670974747,0.0007076609670974747,0.0007076609670974747,0.0007076609670974747,0.0007076609670974747,0.0007076609670974747,0.0007076609670974747,0.0007076609670974747,0.0007076609670974747,0.0007076609670974747,0.0007076609670974747,0.0007076609670974747,0.0007076609670974747,0.0007076609670974747,0.0007076609670974747,0.0007076609670974747,0.0007076609670974747,0.0007076609670974747,0.0007076609670974747,0.0007076609670974747,0.0007076609670974747,0.0007076609670974747,0.0007076609670974747,0.0007076609670974747,0.0007076609670974747,0.0007076609670974747,0.0007076609670974747,0.0007076609670974747,0.0007076609670974747,0.0007076609670974747,0.0007076609670974747,0.0007076609670974747,0.0007076609670974747,0.0007076609670974747,0.0007076609670974747,0.0007076609670974747,0.0007076609670974747,0.0007076609670974747,0.0007076609670974747,0.0007076609670974747,0.0007076609670974747,0.0007076609670974747,0.0007076609670974747,0.0007076609670974747,0.0007076609670974747,0.0007076609670974747,0.0007076609670974747,0.0007076609670974747,0.0007076609670974747,0.0007076609670974747,0.0007076609670974747,0.0007076609670974747,0.0007076609670974747,0.0007076609670974747,-0.012231792157902526,0.0007076609670974747,0.0007076609670974747,0.0007076609670974747,0.0007076609670974747,0.0007076609670974747,0.0007076609670974747,0.0007076609670974747,0.0007076609670974747,0.0007076609670974747,0.0007076609670974747,0.0007076609670974747,0.0007076609670974747,0.0007076609670974747,0.0007076609670974747,0.0007076609670974747,0.0007076609670974747,0.0007076609670974747,0.0007076609670974747,0.0007076609670974747,0.0007076609670974747,0.0007076609670974747,0.0007076609670974747,0.0007076609670974747,0.0007076609670974747,0.0007076609670974747,0.0007076609670974747,0.0007076609670974747,0.0007076609670974747,0.0007076609670974747,0.0007076609670974747,0.0007076609670974747,0.0007076609670974747,0.0007076609670974747,0.0007076609670974747,0.0007076609670974747,0.0007076609670974747,0.0007076609670974747,0.0007076609670974747,0.0007076609670974747,0.0007076609670974747,0.0007076609670974747,0.0007076609670974747,0.0007076609670974747,0.0007076609670974747,0.0007076609670974747,0.0007076609670974747,0.0007076609670974747,0.0007076609670974747,0.0007076609670974747,0.0007076609670974747,0.0007076609670974747,0.0007076609670974747,0.0007076609670974747,0.0007076609670974747,0.0007076609670974747,0.0007076609670974747,0.0007076609670974747,0.0007076609670974747,0.0007076609670974747,0.0007076609670974747,0.0007076609670974747,0.0007076609670974747,0.0007076609670974747,0.0007076609670974747,0.0007076609670974747,0.0007076609670974747,-0.0017337452829025253,-0.021753276532902526,0.0007076609670974747,0.006322895342097475,0.03146937971709748,-0.028589214032902526,0.0007076609670974747,-0.05886265153290252,0.0007076609670974747,0.0007076609670974747,-0.0022220265329025253,-0.03347202653290252,0.0007076609670974747,-0.05031772965790252,0.013891254717097474,0.0007076609670974747,0.030492817217097474,0.020971332842097474,0.0007076609670974747,0.0007076609670974747,0.03342250471709748,0.04587367659209748,0.018285785967097474,0.0007076609670974747,0.014135395342097474,0.018041645342097474,0.019994770342097474,0.019018207842097474,0.0007076609670974747,0.0007076609670974747,0.010229145342097474,0.0007076609670974747,0.0009518015920974747,0.008764301592097474,0.0007076609670974747,-0.0019778859079025253,-0.011987651532902526,0.0007076609670974747,0.008031879717097474,0.0007076609670974747,0.0007076609670974747,0.0007076609670974747,0.009252582842097474,0.004613910967097475,0.020727192217097474,0.023412739092097474,0.025610004717097474,0.0007076609670974747,0.029272114092097474,0.026098285967097474,0.0007076609670974747,0.0007076609670974747,0.028539692217097474,0.0007076609670974747,0.026098285967097474,0.013891254717097474,0.018285785967097474,0.0007076609670974747,0.022436176592097474,0.019994770342097474,0.013891254717097474,0.0007076609670974747,0.0007076609670974747,0.010717426592097474,0.0007076609670974747,0.004125629717097475,0.006322895342097475,0.006567035967097475,0.0007076609670974747,0.005834614092097475,0.004858051592097475,0.0007076609670974747,0.0007076609670974747,0.0019283640920974747,0.0033932078420974747,0.0007076609670974747,0.008520160967097474,-0.0027103077829025253,0.0007076609670974747,-0.0007571827829025253,0.005590473467097475,0.005590473467097475,0.0007076609670974747,0.0007076609670974747,-0.006128276532902525,-0.005884135907902525,0.0011959422170974747,0.0036373484670974747,0.0007076609670974747,-0.0022220265329025253,-0.011743510907902526,-0.018091167157902526,-0.019067729657902526,0.0007076609670974747,-0.008569682782902526,-0.013696635907902526,0.0007076609670974747,-0.022485698407902526,-0.026147807782902526,-0.022729839032902526,-0.014673198407902526,-0.016382182782902526,-0.015649760907902526,0.0007076609670974747,0.0024166453420974747,0.0007076609670974747,0.006811176592097475,0.0036373484670974747,-0.0029544484079025253,0.0007076609670974747,0.0036373484670974747,0.009008442217097474,0.0007076609670974747,0.010961567217097474,0.0007076609670974747,0.010473285967097474,0.009740864092097474,0.018529926592097474,0.018774067217097474,0.018285785967097474,0.0007076609670974747,0.013158832842097474,0.006078754717097475,0.006567035967097475,0.0007076609670974747,0.011449848467097474,0.015111957842097474,0.015844379717097474,0.005590473467097475,0.0007076609670974747,-0.013452495282902526,-0.023950542157902526,-0.012231792157902526,-0.0012454640329025253,0.0007076609670974747,-0.030054057782902526,-0.03347202653290252,0.0007076609670974747,-0.029321635907902526,-0.026391948407902526,-0.026636089032902526,-0.030298198407902526,-0.03859897965790252,-0.04250522965790252,0.0007076609670974747,-0.012720073407902526,0.0007076609670974747,-0.0024661671579025253,-0.009790385907902526,-0.023706401532902526,-0.019800151532902526,-0.008813823407902526,-0.0031985890329025253,0.0007076609670974747,-0.004175151532902525,0.0007076609670974747,-0.0007571827829025253,0.0021725047170974747,0.005834614092097475,0.022436176592097474,0.024145160967097474,0.020971332842097474,0.0007076609670974747,0.018529926592097474,0.024145160967097474,0.0007076609670974747,0.019018207842097474,-0.003931010907902525,0.0016842234670974747,0.0038814890920974747,0.0007076609670974747,-0.007593120282902525,-0.024682964032902526,-0.03396030778290252,-0.03444858903290252,0.0007076609670974747,-0.04494663590790252,-0.03591343278290252,-0.007104839032902525,0.0007076609670974747,0.018285785967097474,0.023412739092097474,0.004858051592097475,-0.013452495282902526,0.0029049265920974747,0.0007076609670974747,0.04660609846709748,0.04758266096709748,0.0007076609670974747,0.031225239092097474,0.017065082842097474,0.017553364092097474,0.04025844221709748,0.0003294261038162246,0.06613734846709747,0.0007076609670974747,0.04025844221709748,0.0007076609670974747,0.04001430159209748,0.029516254717097474,0.014379535967097474,0.010473285967097474,0.009740864092097474,-0.0005130421579025253,-0.013696635907902526,0.0007076609670974747,0.0007076609670974747,-0.04006382340790252,-0.03884312028290252,-0.027368510907902526,-0.007348979657902525,-0.020044292157902526,-0.03591343278290252,0.0007076609670974747,-0.03518101090790252,-0.014184917157902526,0.0007076609670974747,0.007787739092097475,-0.007104839032902525,-0.004663432782902525,0.024633442217097474,0.04782680159209748,0.04807094221709748,0.0007076609670974747,0.03439906721709748,0.030981098467097474,0.0007076609670974747,0.05954555159209748,0.05466273909209748,0.025365864092097474,0.008276020342097474,0.0007076609670974747,0.0026607859670974747,0.0026607859670974747,-0.004175151532902525,-0.029077495282902526,0.0007076609670974747,-0.06105991715790252,-0.04274937028290252,-0.05349155778290252,0.0007076609670974747,0.0003294261038162246,0.0003294261038162246,-0.05642124528290252,-0.03615757340790252,-0.026636089032902526,0.0007076609670974747,-0.020288432782902526,-0.03249546403290252,0.0007076609670974747,-0.03322788590790252,-0.008569682782902526,0.021703754717097474,0.03244594221709748,0.022924457842097474,0.023656879717097474,0.0007076609670974747,0.04929164534209748,0.0007076609670974747,0.06467250471709747,0.05710414534209748,0.04025844221709748,-0.0022220265329025253,-0.016626323407902526,-0.014673198407902526,0.0007076609670974747,-0.017358745282902526,0.0007076609670974747,-0.04274937028290252,-0.04470249528290252,-0.05275913590790252,-0.05300327653290252,-0.03908726090790252,0.0007076609670974747,-0.029809917157902526,-0.03396030778290252,-0.04128452653290252,0.0007076609670974747,-0.024927104657902526,0.028295551592097474,0.004613910967097475,-0.015649760907902526,0.0007076609670974747,-0.003931010907902525,0.031225239092097474,0.06540492659209747,0.0003294261038162246,0.0007076609670974747,0.04831508284209748,0.0003294261038162246,0.0003294261038162246,0.0007076609670974747,0.06149867659209748,0.03610805159209748,0.029516254717097474,0.031225239092097474,-0.004663432782902525,0.0007076609670974747,-0.03640171403290252,-0.03493687028290252,0.0007076609670974747,-0.04006382340790252,-0.04958530778290252,-0.05642124528290252,-0.05275913590790252,-0.04982944840790252,-0.04738804215790252,0.0007076609670974747,-0.05202671403290252,0.0007076609670974747,-0.024438823407902526,-0.004419292157902525,-0.007837260907902526,-0.018823589032902526,0.0009518015920974747,0.03366664534209748,0.0007076609670974747,0.05222133284209748,0.0007076609670974747,0.04709437971709748,0.04709437971709748,0.06149867659209748,0.0003294261038162246,0.06076625471709748,0.03659633284209748,0.0007076609670974747,0.017797504717097474,0.009496723467097474,0.0007076609670974747,-0.015649760907902526,-0.03444858903290252,-0.03737827653290252,-0.04982944840790252,0.0007076609670974747,0.0003294261038162246,-0.06521030778290253,-0.05520054215790252,-0.04250522965790252,0.0007076609670974747,-0.04104038590790252,-0.030298198407902526,-0.012964214032902526,0.0007076609670974747,0.0014400828420974747,0.004613910967097475,-0.0012454640329025253,-0.005395854657902525,0.03293422346709748,0.0007076609670974747,0.0003294261038162246,0.05466273909209748,0.0007076609670974747,0.030248676592097474,0.04074672346709748,0.0003294261038162246,0.0003294261038162246,0.030736957842097474,-0.004663432782902525,0.0007076609670974747,0.04660609846709748,0.0007076609670974747,0.04294398909209748,-0.0031985890329025253,-0.04665562028290252,-0.03591343278290252,-0.013208354657902526,-0.027124370282902526,0.0003294261038162246,0.0007076609670974747,-0.06301304215790253,0.0007076609670974747,-0.03664585465790252,-0.021753276532902526,-0.029077495282902526,-0.027124370282902526,-0.005639995282902525,0.006811176592097475,0.0007076609670974747,0.005590473467097475,0.0007076609670974747,-0.0017337452829025253,0.016820942217097474,0.06442836409209747,0.06125453596709748,0.04758266096709748,0.0007076609670974747,0.04831508284209748,0.05515102034209748,0.06125453596709748,0.0007076609670974747,0.031225239092097474,0.028295551592097474,0.029516254717097474,-0.006616557782902525,0.0007076609670974747,-0.04641147965790252,0.0003294261038162246,-0.06130405778290252,-0.029809917157902526,0.0007076609670974747,0.0003294261038162246,0.0003294261038162246,0.0003294261038162246,0.0007076609670974747,-0.04787632340790252,-0.03591343278290252,-0.03371616715790252,-0.03811069840790252,-0.03176304215790252,0.0007076609670974747,0.009008442217097474,0.0007076609670974747,0.007299457842097475,-0.0017337452829025253,0.007543598467097475,0.06320766096709747,0.0003294261038162246,0.0003294261038162246,0.05832484846709748,0.0007076609670974747,0.05588344221709748,0.0007076609670974747,0.04660609846709748,0.04147914534209748,0.04953578596709748,0.005102192217097475,-0.03151890153290252,-0.04421421403290252,0.0007076609670974747,-0.03347202653290252,0.0007076609670974747,-0.031030620282902526,-0.06691929215790253,0.0003294261038162246,-0.06325718278290253,-0.04665562028290252,-0.04006382340790252,0.0007076609670974747,-0.04714390153290252,-0.04909702653290252,0.0007076609670974747,0.0007076609670974747,0.0007076609670974747,0.0007076609670974747,0.0007076609670974747,0.0007076609670974747,0.0007076609670974747,0.06223109846709748,0.0007076609670974747,0.0003294261038162246,0.0003294261038162246,0.0007076609670974747,0.0003294261038162246,0.06686977034209747,0.05661586409209748,0.05222133284209748,0.0007076609670974747,0.04929164534209748,0.029760395342097474,0.0031490672170974747,-0.025415385907902526,0.0007076609670974747,-0.007593120282902525,-0.028589214032902526,0.0007076609670974747,-0.05886265153290252,0.0003294261038162246,-0.06521030778290253,-0.04397007340790252,-0.05227085465790252,0.0003294261038162246,0.0007076609670974747,-0.028100932782902526,0.0007076609670974747,0.013647114092097474,0.019018207842097474,-0.010522807782902526,-0.028345073407902526,0.007787739092097475,0.03781703596709748,0.05661586409209748,0.0007076609670974747,0.0007076609670974747,0.06027797346709748,0.05319789534209748,0.05881312971709748,0.06711391096709747,0.06662562971709747,0.04440883284209748,0.0007076609670974747,0.020971332842097474,0.020971332842097474,0.0007076609670974747,0.017797504717097474,-0.013696635907902526,-0.06350132340790253,-0.05837437028290252,0.0007076609670974747,-0.04006382340790252,-0.03542515153290252,-0.05813022965790252,0.0003294261038162246,0.0007076609670974747,0.0007076609670974747,-0.04665562028290252,-0.04152866715790252,0.0007076609670974747,0.0007076609670974747,0.0007076609670974747,0.0007076609670974747,0.004125629717097475,0.011205707842097474,-0.006860698407902525,0.0007076609670974747,0.0007076609670974747,0.03366664534209748,0.0003294261038162246,0.0007076609670974747,0.04929164534209748,0.03244594221709748,0.04294398909209748,0.0003294261038162246,0.06125453596709748,0.0007076609670974747,0.0007076609670974747,0.011205707842097474,-0.014673198407902526,-0.015649760907902526,0.0007076609670974747,-0.005395854657902525,-0.019800151532902526,0.0003294261038162246,0.0003294261038162246,-0.05300327653290252,0.0007076609670974747,0.0007076609670974747,-0.04372593278290252,0.0003294261038162246,-0.05178257340790252,-0.009546245282902526,0.011449848467097474,0.0007076609670974747,-0.008325542157902526,-0.03688999528290252,0.021459614092097474,0.0007076609670974747,0.03586391096709748,0.0007076609670974747,0.022680317217097474,0.022680317217097474,0.04392055159209748,0.0003294261038162246,0.0003294261038162246,0.0003294261038162246,0.0007076609670974747,0.06174281721709748,0.0007076609670974747,0.04855922346709748,0.05734828596709748,0.015356098467097474,-0.019311870282902526,0.0007076609670974747,-0.020776714032902526,-0.005395854657902525,-0.022729839032902526,0.0003294261038162246,0.0007076609670974747,-0.06667515153290253,0.0007076609670974747,-0.04519077653290252,-0.04494663590790252,-0.06154819840790252,-0.06618687028290253,-0.04152866715790252,-0.007593120282902525,0.0007076609670974747,0.009252582842097474,0.0007076609670974747,-0.022973979657902526,0.009496723467097474,0.03146937971709748,0.03659633284209748,0.0007076609670974747,0.026098285967097474,0.021947895342097474,0.0003294261038162246,0.0003294261038162246,0.0007076609670974747,0.05075648909209748,0.0007076609670974747,0.03342250471709748,0.029516254717097474,0.05637172346709748,0.0007076609670974747,0.04367641096709748,0.0007076609670974747,0.0007076609670974747,0.0007076609670974747,0.0007076609670974747,0.0007076609670974747,0.0007076609670974747,0.0007076609670974747,0.0007076609670974747,0.0007076609670974747,0.0007076609670974747,-0.04323765153290252,0.0007076609670974747,0.0007076609670974747,0.0007076609670974747,0.0007076609670974747,0.0007076609670974747,0.010229145342097474,0.0007076609670974747,0.0007076609670974747,0.0007076609670974747,-0.0036868702829025253,0.0007076609670974747,0.06662562971709747,0.03586391096709748,0.0007076609670974747,0.03708461409209748,0.0007076609670974747,0.0003294261038162246,0.0007076609670974747,0.0007076609670974747,0.0007076609670974747,0.024389301592097474,0.0007076609670974747,0.0007076609670974747,0.0007076609670974747,0.0007076609670974747,0.0007076609670974747,0.0007076609670974747,0.0007076609670974747,0.0007076609670974747,0.0007076609670974747,0.0007076609670974747,0.0007076609670974747,0.0007076609670974747,0.0007076609670974747,0.0007076609670974747,0.0007076609670974747,0.0007076609670974747,0.0007076609670974747,0.0007076609670974747,0.0007076609670974747,0.0007076609670974747,0.0007076609670974747,0.0007076609670974747,0.0007076609670974747,0.0007076609670974747,0.0007076609670974747,0.0007076609670974747,0.0007076609670974747,0.0007076609670974747,0.0007076609670974747,0.0007076609670974747,0.0007076609670974747,0.0007076609670974747,0.0007076609670974747,0.0007076609670974747,0.0007076609670974747,0.0007076609670974747,0.0007076609670974747,0.0007076609670974747,0.0007076609670974747,0.0007076609670974747,0.0007076609670974747,0.0007076609670974747,0.0007076609670974747,0.0007076609670974747,0.0007076609670974747,0.0007076609670974747,0.0007076609670974747,0.0007076609670974747,0.0007076609670974747,0.0007076609670974747,0.0007076609670974747,0.0007076609670974747,0.0007076609670974747,0.0007076609670974747,0.0007076609670974747,0.0007076609670974747,0.0007076609670974747,0.0007076609670974747,0.0007076609670974747,0.0007076609670974747,0.0007076609670974747,0.0007076609670974747,0.0007076609670974747,0.0007076609670974747,0.0007076609670974747,0.0007076609670974747,0.0007076609670974747,0.0007076609670974747,0.0007076609670974747,0.0007076609670974747,0.0007076609670974747,0.0007076609670974747,0.0007076609670974747,0.0007076609670974747,0.0007076609670974747,0.0007076609670974747,0.0007076609670974747,0.0007076609670974747,-0.04714390153290252,0.0007076609670974747,0.0007076609670974747,0.0007076609670974747,0.0007076609670974747,0.0007076609670974747,0.0007076609670974747,0.0007076609670974747,0.0007076609670974747,0.0007076609670974747,0.0007076609670974747,0.0007076609670974747,0.0007076609670974747,0.0007076609670974747,0.0007076609670974747,0.0007076609670974747,0.0007076609670974747,0.0007076609670974747,0.0007076609670974747,0.0007076609670974747,0.0007076609670974747,0.0007076609670974747,0.0007076609670974747,0.0007076609670974747,0.0007076609670974747,0.0007076609670974747,0.0007076609670974747,0.0007076609670974747,0.0007076609670974747,0.0007076609670974747,0.0007076609670974747,0.0007076609670974747,0.0007076609670974747,0.0007076609670974747,0.0007076609670974747,0.0007076609670974747,0.0007076609670974747,0.0007076609670974747,0.0007076609670974747,0.0007076609670974747,0.0007076609670974747,0.0007076609670974747,0.0007076609670974747,0.0007076609670974747,0.0007076609670974747,0.0007076609670974747,0.0007076609670974747,0.0007076609670974747,0.0007076609670974747,0.0007076609670974747,0.0007076609670974747,0.0007076609670974747,0.0007076609670974747,0.0007076609670974747,0.0007076609670974747,0.0007076609670974747,0.0007076609670974747,0.0007076609670974747,0.0007076609670974747,0.0007076609670974747,0.0007076609670974747,0.0007076609670974747,0.0007076609670974747,0.0007076609670974747,0.0007076609670974747,0.0007076609670974747,-0.03151890153290252,0.0007076609670974747,-0.03566929215790252,-0.04421421403290252,0.0003294261038162246,0.0007076609670974747,0.0007076609670974747,-0.06740757340790253,-0.04958530778290252,-0.06496616715790253,0.0007076609670974747,0.0003294261038162246,-0.025171245282902526,0.0007076609670974747,0.004125629717097475,0.013402973467097474,0.0007076609670974747,0.012670551592097474,0.0007076609670974747,0.018529926592097474,0.025365864092097474,0.04074672346709748,0.03708461409209748,0.04929164534209748,0.0007076609670974747,0.0003294261038162246,0.0003294261038162246,0.0007076609670974747,0.04587367659209748,0.05075648909209748,0.0007076609670974747,0.04685023909209748,0.03781703596709748,0.0014400828420974747,-0.010034526532902526,0.0007076609670974747,-0.021753276532902526,-0.03225132340790252,0.0007076609670974747,-0.06008335465790252,0.0003294261038162246,0.0007076609670974747,0.0003294261038162246,-0.05617710465790252,-0.03688999528290252,-0.05910679215790252,0.0007076609670974747,0.0003294261038162246,-0.030298198407902526,0.0007076609670974747,-0.013940776532902526,-0.030786479657902526,0.0007076609670974747,-0.0027103077829025253,0.03439906721709748,0.04416469221709748,0.024389301592097474,0.0007076609670974747,0.030736957842097474,0.0007076609670974747,0.0003294261038162246,0.0007076609670974747,0.0003294261038162246,0.0003294261038162246,0.0003294261038162246,0.0003294261038162246,0.0003294261038162246,0.0007076609670974747,0.06174281721709748,0.04440883284209748,0.0007076609670974747,-0.022729839032902526,0.0007076609670974747,-0.016382182782902526,-0.027368510907902526,-0.05935093278290252,-0.04738804215790252,0.0007076609670974747,-0.05202671403290252,0.0003294261038162246,0.0007076609670974747,0.0007076609670974747,-0.04714390153290252,-0.03396030778290252,-0.03127476090790252,-0.020776714032902526,-2.476090790252527e-05,0.0007076609670974747,-0.009546245282902526,-0.023218120282902526,0.014867817217097474,0.0007076609670974747,0.017553364092097474,-0.0017337452829025253,0.0007076609670974747,-0.0019778859079025253,0.021215473467097474,0.05563930159209748,0.04538539534209748,0.014379535967097474,-0.004663432782902525,0.0007076609670974747,0.0007076609670974747,0.030736957842097474,0.031225239092097474,0.018041645342097474,-0.03762241715790252,-0.030786479657902526,-0.029321635907902526,0.0007076609670974747,-0.03151890153290252,-0.03493687028290252,0.0007076609670974747,-0.03786655778290252,-0.04689976090790252,-0.04812046403290252,-0.04665562028290252,-0.03273960465790252,0.0007076609670974747,-0.020532573407902526,-0.020776714032902526,-0.016382182782902526,0.0007076609670974747,0.0031490672170974747,0.009740864092097474,0.007787739092097475,0.0007076609670974747,0.005102192217097475,0.008031879717097474,0.03171352034209748,0.03220180159209748,0.028295551592097474,0.0007076609670974747,0.03854945784209748,0.0007076609670974747,0.03366664534209748,0.020238910967097474,0.022192035967097474,0.027563129717097474,0.017065082842097474,0.017065082842097474,0.0007076609670974747,0.015844379717097474,0.0007076609670974747,0.008031879717097474,0.006078754717097475,0.016576801592097474,0.005102192217097475,-0.009546245282902526,-0.013452495282902526,0.0007076609670974747,-0.010278667157902526,0.0014400828420974747,0.0007076609670974747,0.024633442217097474,-0.010278667157902526,-0.021753276532902526,-0.013452495282902526,0.0007076609670974747,0.013402973467097474,0.031225239092097474,0.015844379717097474,-0.026391948407902526,0.0007076609670974747,0.00046352034209747473,0.018285785967097474,0.018041645342097474,0.0007076609670974747,-0.004907573407902525,-0.03273960465790252,-0.03786655778290252,0.0014400828420974747,0.008764301592097474,0.0007076609670974747,-0.031030620282902526,-0.03444858903290252,0.0007076609670974747,-0.018579448407902526,0.0026607859670974747,-0.008081401532902526,-0.022241557782902526,-0.020288432782902526,-0.0036868702829025253,0.0007076609670974747,0.0007076609670974747,-0.011987651532902526,-0.023706401532902526,-0.017847026532902526,0.00046352034209747473,-2.476090790252527e-05,-0.004663432782902525,-0.008081401532902526,0.0007076609670974747,-0.007348979657902525,0.0007076609670974747,0.005590473467097475,0.0011959422170974747,-0.006372417157902525,-0.013940776532902526,-0.011255229657902526,0.0007076609670974747,0.005834614092097475,0.014379535967097474,0.005834614092097475,0.0007076609670974747,0.0021725047170974747,0.016332660967097474,0.021947895342097474,0.015600239092097474,0.0007076609670974747,0.004125629717097475,-0.0007571827829025253,0.012182270342097474,0.018041645342097474,0.0007076609670974747,0.014623676592097474,0.008520160967097474,0.0007076609670974747,0.011205707842097474,0.015600239092097474,0.020727192217097474,0.019750629717097474,0.014623676592097474,0.011205707842097474,0.0007076609670974747,0.005346332842097475,0.0007076609670974747,0.004369770342097475,0.004858051592097475,0.00021937971709747473,-0.005151714032902525,-0.004907573407902525,0.009252582842097474,0.0007076609670974747,0.03610805159209748,0.0007076609670974747,0.014379535967097474,0.0003294261038162246,0.0003294261038162246,-0.009302104657902526,0.03806117659209748,0.0007076609670974747,0.025121723467097474,-0.03396030778290252,0.0003294261038162246,0.0007076609670974747,0.017553364092097474,0.023168598467097474,0.0019283640920974747,0.0007076609670974747,-0.024682964032902526,-0.03298374528290252,-0.011011089032902526,0.04782680159209748,0.03195766096709748,0.0007076609670974747,0.011449848467097474,0.0007076609670974747,0.028783832842097474,0.03513148909209748,0.019750629717097474,-0.0012454640329025253,0.022436176592097474,0.05344203596709748,0.0007076609670974747,0.05515102034209748,0.0007076609670974747,-0.018335307782902526,-0.030542339032902526,0.04440883284209748,0.06638148909209747,0.03366664534209748,-0.027612651532902526,0.0007076609670974747,-0.05666538590790252,-0.027124370282902526,0.0007076609670974747,0.0003294261038162246,-0.011987651532902526,0.0003294261038162246,0.0003294261038162246,0.0007076609670974747,-0.0036868702829025253,0.06247523909209748,0.06223109846709748,-0.05349155778290252,0.0007076609670974747,-0.024194682782902526,0.03854945784209748,0.0007076609670974747,0.05466273909209748,0.018529926592097474,-0.03176304215790252,-0.028100932782902526,0.022680317217097474,0.03366664534209748,0.0007076609670974747,-0.04128452653290252,0.0007076609670974747,-0.03249546403290252,0.0016842234670974747,0.007055317217097475,-0.011255229657902526,-0.020776714032902526,-0.017847026532902526,0.0007076609670974747,-0.0007571827829025253,0.0007076609670974747,0.019994770342097474,-0.010766948407902526,-0.028589214032902526,-0.009057964032902526,0.0038814890920974747,-0.0012454640329025253,0.0007076609670974747,-0.021509135907902526,-0.04763218278290252,0.0007076609670974747,-0.028833354657902526,-0.0034427296579025253,-0.05129429215790252,0.0003294261038162246,0.0007076609670974747,-0.05568882340790252,-0.013452495282902526,0.018774067217097474,-0.04714390153290252,0.0007076609670974747,-0.03835483903290252,-0.009057964032902526,0.004858051592097475,0.0007076609670974747,-0.0024661671579025253,-0.03176304215790252,-0.03469272965790252,-0.006860698407902525,0.018041645342097474,0.0007076609670974747,0.009252582842097474,0.0007076609670974747,-0.03273960465790252,-0.03688999528290252,0.0024166453420974747,0.03391078596709748,-0.0012454640329025253,-0.028100932782902526,-0.018335307782902526,0.0007076609670974747,0.0007076609670974747,0.04099086409209748,0.019994770342097474,-0.021509135907902526,-0.0034427296579025253,0.026342426592097474,0.04880336409209748,0.0007076609670974747,0.05148891096709748,0.026830707842097474,0.0007076609670974747,-0.013940776532902526,0.05393031721709748,0.06296352034209747,0.03342250471709748,0.0007076609670974747,0.0036373484670974747,-0.007104839032902525,0.004125629717097475,0.04221156721709748,0.0007076609670974747,0.004369770342097475,-0.017602885907902526,-0.015893901532902526,0.0007076609670974747,-0.00026890153290252527,0.016332660967097474,-0.006372417157902525,-0.04177280778290252,-0.03933140153290252,0.0007076609670974747,0.030248676592097474,0.0007076609670974747,0.03708461409209748,0.010473285967097474,-0.031030620282902526,-0.006372417157902525,0.017553364092097474,0.0007076609670974747,0.026098285967097474,0.023901020342097474,0.0007076609670974747,-0.012231792157902526,0.010229145342097474,0.031225239092097474,0.0007076609670974747,0.03757289534209748,0.017553364092097474,-0.012475932782902526,0.009985004717097474,0.04172328596709748,0.0007076609670974747,0.013158832842097474,0.0007076609670974747,-0.019067729657902526,-0.016626323407902526,0.016332660967097474,0.03195766096709748,-0.0014896046579025253,-0.03493687028290252,-0.04421421403290252,0.0007076609670974747,0.0007076609670974747,0.022192035967097474,0.029027973467097474,-0.021753276532902526,-0.04299351090790252,-0.03615757340790252,-0.006860698407902525,0.0007076609670974747,0.016088520342097474,0.009740864092097474,0.0007076609670974747,-0.005151714032902525,-0.00026890153290252527,0.017797504717097474,0.018774067217097474,0.009985004717097474,0.0007076609670974747,0.007055317217097475,0.0014400828420974747,-0.007837260907902526,0.0007076609670974747,0.012182270342097474,0.006322895342097475,0.005346332842097475,0.0007076609670974747,0.007787739092097475,-0.008569682782902526,-0.005639995282902525,0.012914692217097474,0.023168598467097474,0.0007076609670974747,0.011449848467097474,0.0007076609670974747,-0.010278667157902526,-0.005884135907902525,0.021215473467097474,0.021947895342097474,0.024877582842097474,0.004858051592097475,-0.029077495282902526,0.0007076609670974747,0.0007076609670974747,0.012670551592097474,0.030981098467097474,-0.004419292157902525,-0.0029544484079025253,-0.00026890153290252527,-0.012231792157902526,0.0007076609670974747,-0.015405620282902526,0.0019283640920974747,0.0007076609670974747,0.0031490672170974747,0.0024166453420974747,-0.004907573407902525,-0.013696635907902526,0.0007076609670974747,-0.011743510907902526,-0.004663432782902525,-0.0036868702829025253,0.004613910967097475,0.0007076609670974747,-0.04567905778290252,-0.025171245282902526,0.005102192217097475,0.0007076609670974747,0.0033932078420974747,-0.020044292157902526,-0.03176304215790252,-0.012231792157902526,-0.016870464032902526,0.0007076609670974747,-0.006616557782902525,-0.0036868702829025253,0.0007076609670974747,-0.013452495282902526,-0.014673198407902526,-0.009057964032902526,-0.020044292157902526,-0.021020854657902526,-0.013452495282902526,0.0007076609670974747,-0.014429057782902526,0.0007076609670974747,-0.018823589032902526,-0.026391948407902526,-0.018823589032902526,0.0007076609670974747,-0.0027103077829025253,0.0007076609670974747,-0.025171245282902526,-0.03273960465790252,0.0007076609670974747,0.0019283640920974747,-0.027368510907902526,-0.029321635907902526,-0.009302104657902526,0.011938129717097474,0.0007076609670974747,0.014135395342097474,0.004613910967097475,-0.008325542157902526,0.0007076609670974747,0.0026607859670974747,0.021215473467097474,0.027318989092097474,0.0007076609670974747,0.005102192217097475,-0.017358745282902526,0.017797504717097474,0.024145160967097474,0.017065082842097474,0.0007076609670974747,0.015844379717097474,0.0007076609670974747,0.006567035967097475,0.004613910967097475,0.008520160967097474,0.015111957842097474,0.016576801592097474,0.019262348467097474,0.0007076609670974747,0.017797504717097474,0.0007076609670974747,0.015356098467097474,0.028539692217097474,0.028051410967097474,0.025121723467097474,0.026830707842097474,0.024877582842097474,0.0007076609670974747,0.014623676592097474,0.008031879717097474,0.0007076609670974747,0.027563129717097474,0.022436176592097474,0.019750629717097474,0.004369770342097475,0.0007076609670974747,-0.011255229657902526,0.009252582842097474,0.020971332842097474,0.017309223467097474,0.0007076609670974747,0.0007076609670974747,-0.019556010907902526,-0.016626323407902526,0.0029049265920974747,0.015111957842097474,-2.476090790252527e-05,0.0007076609670974747,-0.025171245282902526,-0.022973979657902526,0.016332660967097474,0.0007076609670974747,0.007055317217097475,-0.013208354657902526,-0.011743510907902526,0.011938129717097474,0.0007076609670974747,0.026830707842097474,0.016332660967097474,0.0029049265920974747,0.0009518015920974747,0.0007076609670974747,0.0036373484670974747,-0.005395854657902525,0.0007076609670974747,-0.021997417157902526,-0.025171245282902526,-0.006372417157902525,-0.013208354657902526,-0.030298198407902526,-0.03835483903290252,0.0007076609670974747,-0.011499370282902526,-0.007104839032902525,-0.014184917157902526,0.0007076609670974747,-0.020288432782902526,-0.03225132340790252,-0.03127476090790252,-0.007104839032902525,0.007787739092097475,0.0007076609670974747,-0.025903667157902526,0.0007076609670974747,-0.04079624528290252,-0.028345073407902526,-0.0005130421579025253,-0.0005130421579025253,-0.03884312028290252,-0.04104038590790252,-0.0034427296579025253,0.0007076609670974747,0.023412739092097474,0.0007076609670974747,-0.017358745282902526,-0.03640171403290252,-0.018823589032902526,0.03854945784209748,0.03244594221709748,0.0007076609670974747,-0.03347202653290252,-0.030786479657902526,0.0007076609670974747,0.05344203596709748,0.0007076609670974747,0.05026820784209748,0.012914692217097474,-0.019067729657902526,0.024389301592097474,0.06418422346709747,0.04904750471709748,-0.008813823407902526,-0.03322788590790252,0.0007076609670974747,0.0003294261038162246,0.0007076609670974747,0.0003294261038162246,0.013402973467097474,-0.05983921403290252,0.010473285967097474,0.0003294261038162246,0.0003294261038162246,-0.005395854657902525,0.0007076609670974747,0.0003294261038162246,0.0007076609670974747,-0.017602885907902526,0.05295375471709748,0.05661586409209748,0.0003294261038162246,0.0003294261038162246,-0.019800151532902526,0.03781703596709748,0.0007076609670974747,0.0007076609670974747,-0.022973979657902526,-0.06081577653290252,-0.04592319840790252,0.05612758284209748,0.03366664534209748,-0.021997417157902526,-0.04665562028290252,0.0007076609670974747,-0.014184917157902526,0.0007076609670974747,0.04929164534209748,0.0007076609670974747,-0.005151714032902525,-0.03225132340790252,-0.008325542157902526,0.06589320784209747,0.03610805159209748,-0.014184917157902526,-0.03200718278290252,0.0007076609670974747,0.017309223467097474,0.0007076609670974747,0.019018207842097474,0.006322895342097475,-0.018823589032902526,-0.04079624528290252,-0.05373569840790252,-0.04885288590790252,-0.023950542157902526,0.0007076609670974747,-0.0012454640329025253,0.0007076609670974747,-0.018091167157902526,-0.04177280778290252,-0.04714390153290252,-0.024194682782902526,-0.010278667157902526,-0.008813823407902526,-0.004175151532902525,-0.0014896046579025253,0.0007076609670974747,-0.007348979657902525,0.0007076609670974747,0.0014400828420974747,0.021947895342097474,0.019994770342097474,0.018285785967097474,0.03586391096709748,0.05441859846709748,0.05148891096709748,0.03952602034209748,0.0007076609670974747,0.0007076609670974747,0.0007076609670974747,0.0007076609670974747,0.0007076609670974747,0.025365864092097474,0.03366664534209748,0.021459614092097474,-0.0027103077829025253,0.0007076609670974747,-0.013940776532902526,0.0007076609670974747,0.005590473467097475,0.004125629717097475,0.0007076609670974747,-0.005395854657902525,-0.03884312028290252,-0.04714390153290252,-0.04177280778290252,0.0007076609670974747,-0.026391948407902526,0.0007076609670974747,-0.029077495282902526,0.0007076609670974747,-0.03737827653290252,-0.022973979657902526,-0.005639995282902525,0.0007076609670974747,0.009496723467097474,0.0007076609670974747,0.022192035967097474,0.028295551592097474,0.0007076609670974747,0.024145160967097474,0.027563129717097474,0.0007076609670974747,0.021459614092097474,0.014379535967097474,0.03757289534209748,0.03464320784209748,0.0031490672170974747,-0.024927104657902526,0.0007076609670974747,0.0007076609670974747,0.004369770342097475,-0.0019778859079025253,-0.028345073407902526,-0.03176304215790252,-0.025415385907902526,0.0007076609670974747,-0.023218120282902526,-0.029077495282902526,-0.04250522965790252,0.0007076609670974747,-0.05446812028290252,-0.04348179215790252,0.0007076609670974747,-0.020532573407902526,-0.0034427296579025253,-0.028833354657902526,-0.026391948407902526,-0.006860698407902525,0.015844379717097474,0.0007076609670974747,0.0007076609670974747,0.005834614092097475,0.021215473467097474,0.04099086409209748,0.04880336409209748,0.03757289534209748,0.0007076609670974747,0.022192035967097474,0.008276020342097474,0.015600239092097474,0.0007076609670974747,0.019506489092097474,0.0007076609670974747,0.013647114092097474,0.008520160967097474,-0.005151714032902525,-0.010278667157902526,-0.020776714032902526,-0.027856792157902526,0.0007076609670974747,-0.024438823407902526,0.0007076609670974747,-0.016626323407902526,-0.04519077653290252,-0.04372593278290252,-0.031030620282902526,0.0007076609670974747,-0.011255229657902526,0.004125629717097475,0.0007076609670974747,0.0007076609670974747,0.0007076609670974747,0.0007076609670974747,0.0007076609670974747,0.0007076609670974747,0.0007076609670974747,0.0007076609670974747,0.0007076609670974747,0.0007076609670974747,0.0007076609670974747,0.013402973467097474,0.0007076609670974747,0.0007076609670974747,0.0007076609670974747,0.0007076609670974747,0.0007076609670974747,0.0007076609670974747,0.0007076609670974747,0.011449848467097474,0.0007076609670974747,0.0007076609670974747,0.0007076609670974747,-0.011987651532902526,0.0007076609670974747,-0.022485698407902526,-0.05105015153290252,0.0007076609670974747,-0.05251499528290252,0.0007076609670974747,-0.005884135907902525,0.0007076609670974747,0.0007076609670974747,-0.003931010907902525,0.0007076609670974747,0.0007076609670974747,0.0007076609670974747,0.0007076609670974747,0.0007076609670974747,0.0007076609670974747,0.0007076609670974747,0.0007076609670974747,0.0007076609670974747,0.0007076609670974747,0.0007076609670974747,0.0007076609670974747,0.0007076609670974747,0.0007076609670974747,0.0007076609670974747,0.0007076609670974747,0.0007076609670974747,0.0007076609670974747,0.0007076609670974747,0.0007076609670974747,0.0007076609670974747,0.0007076609670974747,0.0007076609670974747,0.0007076609670974747,0.0007076609670974747,0.0007076609670974747,0.0007076609670974747,0.0007076609670974747,0.0007076609670974747,0.0007076609670974747,0.0007076609670974747,0.0007076609670974747,0.0007076609670974747,0.0007076609670974747,0.0007076609670974747,0.0007076609670974747,0.019506489092097474,0.0007076609670974747,0.0007076609670974747,0.0007076609670974747,0.0007076609670974747,0.0007076609670974747,0.0007076609670974747,0.0007076609670974747,0.0007076609670974747,0.0007076609670974747,0.0007076609670974747,0.0007076609670974747,0.0007076609670974747,0.0007076609670974747,0.0007076609670974747,0.0007076609670974747,0.0007076609670974747,0.0007076609670974747,0.0007076609670974747,0.0007076609670974747,0.0007076609670974747,0.0007076609670974747,0.0007076609670974747,0.0007076609670974747,0.0007076609670974747,0.0007076609670974747,0.0007076609670974747,0.0007076609670974747,0.0007076609670974747,0.0007076609670974747,0.0007076609670974747,0.0007076609670974747,0.0007076609670974747,-0.0027103077829025253,0.0007076609670974747,0.0007076609670974747,0.0007076609670974747,0.0007076609670974747,0.0007076609670974747,0.0007076609670974747,0.0007076609670974747,0.0007076609670974747,0.0007076609670974747,0.0007076609670974747,0.0007076609670974747,0.0007076609670974747,0.0007076609670974747,0.0007076609670974747,0.0007076609670974747,0.0007076609670974747,0.0007076609670974747,0.0007076609670974747,0.0007076609670974747,0.0007076609670974747,0.0007076609670974747,0.0007076609670974747,0.0007076609670974747,0.0007076609670974747,0.0007076609670974747,0.0007076609670974747,0.0007076609670974747,0.0007076609670974747,0.0007076609670974747,0.0007076609670974747,0.0007076609670974747,0.0007076609670974747,0.0007076609670974747,0.0007076609670974747,0.0007076609670974747,0.0007076609670974747,0.0007076609670974747,0.0007076609670974747,0.0007076609670974747,0.0007076609670974747,0.0007076609670974747,0.0007076609670974747,0.0007076609670974747,0.0007076609670974747,0.0007076609670974747,0.0007076609670974747,0.0007076609670974747,0.0007076609670974747,0.0007076609670974747,0.0007076609670974747,0.0007076609670974747,0.0007076609670974747,0.0007076609670974747,0.0007076609670974747,0.0007076609670974747,0.0007076609670974747,0.0007076609670974747,0.0007076609670974747,0.0007076609670974747,0.0007076609670974747,0.0007076609670974747,0.0007076609670974747,-0.006616557782902525,-0.04494663590790252,0.0007076609670974747,-0.023950542157902526,0.008031879717097474,0.0007076609670974747,-0.018823589032902526,-0.005639995282902525,0.0007076609670974747,0.0007076609670974747,0.021215473467097474,0.017553364092097474,0.03146937971709748,0.0007076609670974747,0.03269008284209748,0.011938129717097474,0.007787739092097475,0.0007076609670974747,0.009252582842097474,0.0007076609670974747,0.005102192217097475,0.0007076609670974747,-0.005395854657902525,-0.017847026532902526,-0.022729839032902526,-0.026880229657902526,0.0007076609670974747,-0.030542339032902526,-0.03127476090790252,0.0007076609670974747,-0.019800151532902526,0.0007076609670974747,-0.021020854657902526,-0.008569682782902526,0.0029049265920974747,0.0007076609670974747,0.011938129717097474,0.016088520342097474,0.006078754717097475,0.0007076609670974747,0.0007076609670974747,0.027807270342097474,0.03171352034209748,0.009985004717097474,0.0016842234670974747,0.010961567217097474,0.0007076609670974747,0.015600239092097474,0.006322895342097475,-0.004663432782902525,0.0007076609670974747,0.0007076609670974747,-0.018579448407902526,-0.04201694840790252,-0.016382182782902526,0.006811176592097475,0.0014400828420974747,-0.019800151532902526,0.0007076609670974747,-0.018091167157902526,0.03952602034209748,0.0007076609670974747,0.014867817217097474,0.0007076609670974747,0.030004535967097474,0.03732875471709748,0.027563129717097474,0.009496723467097474,0.0007076609670974747,-0.0019778859079025253,0.0038814890920974747,0.0036373484670974747,0.0007076609670974747,-0.012231792157902526,0.0007076609670974747,-0.007837260907902526,-0.03493687028290252,-0.05056187028290252,-0.04738804215790252,0.0007076609670974747,-0.030298198407902526,-0.018579448407902526,0.0007076609670974747,-0.019800151532902526,0.0007076609670974747,-0.004663432782902525,0.014623676592097474,0.020971332842097474,0.029272114092097474,0.026830707842097474,0.0007076609670974747,0.015111957842097474,0.004858051592097475,0.0007076609670974747,0.019506489092097474,0.0038814890920974747,-0.014184917157902526,-0.014184917157902526,0.0007076609670974747,-0.005151714032902525,-0.0010013234079025253,-0.021997417157902526,-0.03444858903290252,0.0007076609670974747,-0.03127476090790252,-0.014917339032902526,0.0007076609670974747,0.005102192217097475,0.011693989092097474,-0.010522807782902526,-0.005639995282902525,0.014623676592097474,0.04074672346709748,0.0007076609670974747,0.0007076609670974747,0.03537562971709748,-2.476090790252527e-05,0.015111957842097474,0.03269008284209748,0.022436176592097474,-0.008569682782902526,0.0007076609670974747,-0.03493687028290252,-0.04030796403290252,0.0007076609670974747,-0.004419292157902525,-0.021753276532902526,-0.04689976090790252,-0.05520054215790252,0.0007076609670974747,-0.024194682782902526,0.022680317217097474,0.010961567217097474,-0.013452495282902526,0.0007076609670974747,0.03903773909209748,0.06345180159209747,0.06052211409209748,0.0007076609670974747,0.03537562971709748,-0.007593120282902525,0.008520160967097474,0.03781703596709748,0.04538539534209748,0.0007076609670974747,-0.022241557782902526,0.0007076609670974747,-0.03127476090790252,0.010961567217097474,0.0021725047170974747,-0.027124370282902526,-0.05080601090790252,-0.04763218278290252,0.0007076609670974747,-0.013940776532902526,0.0007076609670974747,0.029027973467097474,-0.011743510907902526,-0.013696635907902526,0.0031490672170974747,0.04245570784209748,0.0007076609670974747,0.06638148909209747,0.03781703596709748,-0.03737827653290252,0.0007076609670974747,0.024633442217097474,0.03146937971709748,-0.007837260907902526,0.0007076609670974747,-0.06374546403290253,0.0003294261038162246,-0.030298198407902526,-0.0024661671579025253,-0.0019778859079025253,0.0007076609670974747,-0.011255229657902526,-0.017602885907902526,0.0007076609670974747,-0.008081401532902526,0.019018207842097474,0.017553364092097474,0.014623676592097474,0.03586391096709748,0.04855922346709748,0.0007076609670974747,0.004613910967097475,0.0007076609670974747,-0.018335307782902526,-0.017847026532902526,-0.018579448407902526,-0.018091167157902526,-0.014429057782902526,-0.025415385907902526,0.0007076609670974747,-0.04860874528290252,0.0007076609670974747,-0.06423374528290253,0.015600239092097474,-0.013940776532902526,-0.06350132340790253,0.0003294261038162246,0.0007076609670974747,-0.021753276532902526,0.017309223467097474,-0.025415385907902526,0.0007076609670974747,-0.0019778859079025253,0.030736957842097474,0.030492817217097474,0.0007076609670974747,0.007543598467097475,-0.004663432782902525,0.016576801592097474,0.011938129717097474,0.007055317217097475,0.0007076609670974747,0.03195766096709748,0.026098285967097474,0.0007076609670974747,0.009985004717097474,0.005834614092097475,0.014867817217097474,0.019018207842097474,0.016576801592097474,0.017065082842097474,0.0007076609670974747,0.0007076609670974747,0.009252582842097474,0.021459614092097474,0.028051410967097474,0.03342250471709748,0.028295551592097474,0.018285785967097474,0.0007076609670974747,0.018285785967097474,0.030248676592097474,0.0007076609670974747,0.022192035967097474,0.011938129717097474,0.015356098467097474,0.019994770342097474,0.0007076609670974747,0.016820942217097474,-0.0014896046579025253,-0.004907573407902525,0.017553364092097474,0.0007076609670974747,0.010473285967097474,-0.012231792157902526,-0.016870464032902526,0.0007076609670974747,0.005834614092097475,0.03781703596709748,0.016820942217097474,0.0007076609670974747,0.007055317217097475,0.0007076609670974747,0.04001430159209748,0.0007076609670974747,0.027807270342097474,-0.011255229657902526,0.0014400828420974747,0.022192035967097474,0.029760395342097474,0.014379535967097474,0.0007076609670974747,-0.008813823407902526,0.0007076609670974747,-0.020288432782902526,0.013158832842097474,0.008031879717097474,-0.008325542157902526,-0.028345073407902526,-0.03737827653290252,0.0007076609670974747,-0.028100932782902526
UR5e_W,0.010255520021836637,0.03759927002183664,0.0012223168968366381,0.03589028564683664,0.026368801271836637,0.012452785646836637,0.020509426271836637,0.03149575439683664,0.0012223168968366381,0.0012223168968366381,0.019532863771836637,0.002198879396836638,0.007325832521836638,0.0012223168968366381,0.0012223168968366381,0.0012223168968366381,0.0012223168968366381,0.0012223168968366381,-0.016599948728163363,0.0012223168968366381,0.0012223168968366381,0.0012223168968366381,-0.026121433103163363,0.0012223168968366381,-0.030027683103163363,-0.022703464353163363,-0.017820651853163363,-0.019285495603163363,-0.028562839353163363,0.0012223168968366381,0.0012223168968366381,-0.023435886228163363,-0.014890964353163363,-0.018797214353163363,-0.020506198728163363,0.0012223168968366381,0.0012223168968366381,-0.017820651853163363,0.0012223168968366381,0.0012223168968366381,0.0012223168968366381,0.0012223168968366381,0.0012223168968366381,0.0012223168968366381,0.0012223168968366381,0.0012223168968366381,-0.003904636228163362,0.0012223168968366381,0.0012223168968366381,0.0012223168968366381,0.0012223168968366381,0.009523098146836637,0.007081691896836638,0.0012223168968366381,0.006837551271836638,0.0012223168968366381,0.011964504396836637,0.012941066896836637,0.008058254396836637,0.006105129396836638,0.007081691896836638,0.0012223168968366381,0.012452785646836637,0.016359035646836637,0.0012223168968366381,0.008302395021836637,-0.00024252685316336186,0.0012223168968366381,0.0012223168968366381,0.0012223168968366381,0.0012223168968366381,-0.0017073706031633619,-0.003416354978163362,0.0012223168968366381,0.004884426271836638,0.0012223168968366381,0.018312160646836637,-0.003660495603163362,-0.007322604978163362,0.0012223168968366381,-0.0007308081031633619,0.012208645021836637,0.016359035646836637,0.004152004396836638,-0.010984714353163363,0.0012223168968366381,0.006593410646836638,0.0012223168968366381,0.010255520021836637,0.004884426271836638,-0.005857761228163362,-0.006101901853163362,0.0014664575218366381,0.00024575439683663814,0.0012223168968366381,0.0012223168968366381,0.0012223168968366381,0.0012223168968366381,0.0012223168968366381,-0.008299167478163363,0.0012223168968366381,-0.004148776853163362,0.0004898950218366381,0.003907863771836638,-0.010740573728163363,-0.006834323728163362,-0.0019515112281633619,0.0012223168968366381,-0.002195651853163362,0.0012223168968366381,-0.008787448728163363,-0.009519870603163363,0.0009781762718366381,0.003419582521836638,0.0012223168968366381,-0.006101901853163362,-0.011961276853163363,-0.007078464353163362,-0.002928073728163362,0.0012223168968366381,-0.007322604978163362,0.0012223168968366381,0.0012223168968366381,0.0012223168968366381,0.0012223168968366381,-0.006590183103163362,-0.013670261228163363,0.0012223168968366381,-0.008055026853163363,-0.0019515112281633619,0.0012223168968366381,0.004396145021836638,-0.003416354978163362,-0.008787448728163363,0.0012223168968366381,-0.003172214353163362,0.007569973146836638,0.010255520021836637,0.005616848146836638,0.002687160646836638,0.0012223168968366381,0.021241848146836637,0.0012223168968366381,0.017579738771836637,0.007814113771836637,0.004152004396836638,0.001954738771836638,0.0012223168968366381,0.0012223168968366381,0.0012223168968366381,0.0012223168968366381,0.0012223168968366381,0.0012223168968366381,0.020021145021836637,0.027345363771836637,0.017335598146836637,1.6137718366381407e-06,0.002931301271836638,0.010499660646836637,0.0012223168968366381,0.018556301271836637,0.010255520021836637,0.0012223168968366381,-0.016844089353163363,0.004396145021836638,0.008790676271836637,0.0012223168968366381,0.001954738771836638,-0.014158542478163363,-0.019285495603163363,-0.005857761228163362,-0.004392917478163362,0.0012223168968366381,-0.05883627685316336,0.0012223168968366381,0.0012223168968366381,0.0012223168968366381,0.0012223168968366381,-0.05175619872816336,-0.06420737060316337,0.0012223168968366381,-0.04858237060316336,-0.023191745603163363,0.0012223168968366381,-0.04150229247816336,-0.04760580810316336,0.0012223168968366381,-0.029051120603163363,-0.002195651853163362,0.018800441896836637,0.012208645021836637,-0.005369479978163362,0.005372707521836638,0.0012223168968366381,0.03222817627183664,0.0012223168968366381,0.03564614502183664,0.030030910646836637,0.030275051271836637,0.03979653564683664,0.0012223168968366381,0.0012223168968366381,0.0012223168968366381,0.0012223168968366381,0.0012223168968366381,0.026124660646836637,0.04199380127183664,0.04223794189683664,0.03662270752183664,0.0012223168968366381,0.029298488771836637,0.029786770021836637,0.03296059814683664,0.03637856689683664,0.0012223168968366381,0.013185207521836637,0.005128566896836638,0.0012223168968366381,0.006105129396836638,0.015626613771836637,0.005616848146836638,-0.011472995603163363,-0.012449558103163363,0.0012223168968366381,1.6137718366381407e-06,0.0012223168968366381,-0.006101901853163362,0.0012223168968366381,0.0012223168968366381,0.0012223168968366381,0.0012223168968366381,-0.013670261228163363,-0.03881674560316336,0.0012223168968366381,-0.03417807372816336,0.0012223168968366381,-0.022703464353163363,-0.03466635497816336,-0.03246908935316336,0.0012223168968366381,-0.017820651853163363,-0.003172214353163362,-0.003416354978163362,-0.011228854978163363,-0.017820651853163363,0.0012223168968366381,0.006349270021836638,0.0012223168968366381,0.006349270021836638,-0.0009749487281633619,-0.003660495603163362,-0.003172214353163362,0.012208645021836637,0.0012223168968366381,0.0012223168968366381,0.0012223168968366381,0.0012223168968366381,0.0012223168968366381,0.010743801271836637,0.0012223168968366381,0.028321926271836637,0.026368801271836637,0.012452785646836637,0.001954738771836638,0.003663723146836638,0.011232082521836637,0.008790676271836637,0.0012223168968366381,0.0012223168968366381,-0.008787448728163363,-0.006834323728163362,0.006105129396836638,-0.004881198728163362,-0.013426120603163363,0.0012223168968366381,-0.019041354978163363,-0.017332370603163363,-0.006346042478163362,0.0012223168968366381,-0.015379245603163363,0.0012223168968366381,0.0012223168968366381,0.0012223168968366381,0.0012223168968366381,0.004396145021836638,-0.018553073728163363,-0.028074558103163363,0.0012223168968366381,-0.027586276853163363,0.0012223168968366381,-0.00048666747816336186,-0.006101901853163362,-0.003904636228163362,0.002687160646836638,0.0012223168968366381,0.008058254396836637,0.008058254396836637,0.004396145021836638,0.0012223168968366381,0.0012223168968366381,0.026124660646836637,0.024415676271836637,0.0012223168968366381,0.011964504396836637,0.002931301271836638,0.007814113771836637,0.0012223168968366381,0.0012223168968366381,0.0012223168968366381,0.0012223168968366381,0.0012223168968366381,0.013185207521836637,0.026368801271836637,0.012208645021836637,0.0012223168968366381,0.001954738771836638,-0.004392917478163362,-0.003904636228163362,0.0012223168968366381,0.011964504396836637,0.0012223168968366381,-0.003172214353163362,-0.019529636228163363,-0.020506198728163363,0.0012223168968366381,-0.016355808103163363,-0.009519870603163363,-0.007810886228163362,-0.011961276853163363,-0.017332370603163363,0.0012223168968366381,-0.025633151853163363,0.0012223168968366381,0.0012223168968366381,0.0012223168968366381,0.0012223168968366381,-0.027097995603163363,-0.012693698728163363,0.0012223168968366381,0.006105129396836638,0.006837551271836638,0.0012223168968366381,-0.026609714353163363,-0.015379245603163363,0.0012223168968366381,0.012941066896836637,0.030030910646836637,0.027101223146836637,-0.018064792478163363,-0.016111667478163363,0.003907863771836638,0.0012223168968366381,0.0012223168968366381,0.030275051271836637,0.009767238771836637,-0.010008151853163363,0.010743801271836637,0.030519191896836637,0.0012223168968366381,0.026857082521836637,0.0012223168968366381,0.0012223168968366381,0.0012223168968366381,0.0012223168968366381,0.015870754396836637,0.0012223168968366381,0.006349270021836638,-0.004637058103163362,-0.009031589353163363,0.017091457521836637,0.013429348146836637,0.0014664575218366381,0.0012223168968366381,-0.007810886228163362,0.0012223168968366381,0.010255520021836637,0.004152004396836638,-0.012693698728163363,-0.016355808103163363,0.0012223168968366381,-0.006834323728163362,0.008546535646836637,0.014161770021836637,0.009034816896836637,0.0012223168968366381,0.0014664575218366381,0.0012223168968366381,0.0012223168968366381,0.0012223168968366381,0.0012223168968366381,-0.0007308081031633619,-0.003904636228163362,0.019777004396836637,0.016114895021836637,0.0012223168968366381,-0.008787448728163363,0.0012223168968366381,-0.006101901853163362,-0.003172214353163362,0.004884426271836638,-0.004392917478163362,-0.014158542478163363,0.0012223168968366381,-0.017088229978163363,-0.017576511228163363,0.0012223168968366381,-0.027830417478163363,-0.03320151122816336,-0.026853854978163363,-0.021482761228163363,0.0012223168968366381,-0.014158542478163363,-0.009764011228163363,0.0012223168968366381,0.0012223168968366381,0.0012223168968366381,0.0012223168968366381,-0.00024252685316336186,-0.009031589353163363,-0.019041354978163363,0.0012223168968366381,-0.017332370603163363,-0.010740573728163363,-0.003172214353163362,0.006593410646836638,0.016359035646836637,0.0012223168968366381,0.023194973146836637,0.028077785646836637,0.022462551271836637,0.0012223168968366381,0.013429348146836637,0.011720363771836637,0.020997707521836637,0.03466958252183664,0.04028481689683664,0.0012223168968366381,0.022950832521836637,0.030519191896836637,0.0012223168968366381,0.0012223168968366381,0.0012223168968366381,0.003175441896836638,0.0012223168968366381,0.015138332521836637,0.024903957521836637,0.011720363771836637,0.0012223168968366381,-0.013426120603163363,-0.010496433103163363,-0.006346042478163362,-0.004881198728163362,0.0012223168968366381,-0.007322604978163362,-0.020750339353163363,-0.03442221435316336,-0.03271322997816336,0.0012223168968366381,-0.025144870603163363,-0.04125815185316336,-0.04418783935316336,-0.03198080810316336,0.0012223168968366381,-0.018308933103163363,-0.014402683103163363,0.0012223168968366381,0.0012223168968366381,0.0012223168968366381,0.0012223168968366381,0.0012223168968366381,0.010499660646836637,0.005860988771836638,-0.0019515112281633619,0.0007340356468366381,0.014894191896836637,0.026368801271836637,0.03149575439683664,0.0012223168968366381,0.028810207521836637,0.0012223168968366381,0.013429348146836637,0.008546535646836637,0.012696926271836637,0.03296059814683664,0.023683254396836637,0.012208645021836637,0.003907863771836638,1.6137718366381407e-06,0.0012223168968366381,0.0012223168968366381,0.013429348146836637,0.005616848146836638,0.0012223168968366381,0.0012223168968366381,0.0012223168968366381,0.003663723146836638,-0.00024252685316336186,-0.018308933103163363,-0.030515964353163363,0.0012223168968366381,-0.007322604978163362,0.0012223168968366381,0.005616848146836638,0.0004898950218366381,-0.015135104978163363,-0.023435886228163363,0.004152004396836638,0.006837551271836638,-0.0014632299781633619,0.0012223168968366381,0.004396145021836638,0.0012223168968366381,0.012208645021836637,0.015382473146836637,0.015138332521836637,0.012208645021836637,-0.0007308081031633619,0.0012223168968366381,0.0012223168968366381,0.0012223168968366381,0.0012223168968366381,0.0012223168968366381,0.0014664575218366381,-0.017820651853163363,-0.012937839353163363,-0.004392917478163362,0.0012223168968366381,-0.0012190893531633619,-0.008055026853163363,-0.017332370603163363,-0.027342136228163363,0.0012223168968366381,-0.017820651853163363,-0.006834323728163362,-0.008787448728163363,-0.020017917478163363,0.0012223168968366381,-0.027586276853163363,-0.027097995603163363,-0.024900729978163363,-0.021482761228163363,0.0012223168968366381,0.008546535646836637,0.005860988771836638,0.0012223168968366381,0.0012223168968366381,0.0012223168968366381,0.027101223146836637,0.023439113771836637,0.0012223168968366381,0.022950832521836637,0.020509426271836637,0.0012223168968366381,0.023683254396836637,0.03418130127183664,0.03271645752183664,0.0012223168968366381,0.03662270752183664,0.03344887939683664,0.030763332521836637,0.025392238771836637,-0.004148776853163362,0.0012223168968366381,0.007081691896836638,0.0012223168968366381,0.020997707521836637,0.020265285646836637,-0.0017073706031633619,-0.027586276853163363,0.0012223168968366381,0.0012223168968366381,0.0012223168968366381,0.0012223168968366381,0.0012223168968366381,0.0012223168968366381,-0.04638510497816336,-0.04589682372816336,0.0012223168968366381,-0.025633151853163363,-0.010740573728163363,-0.012205417478163363,-0.011228854978163363,0.0012223168968366381,-0.010252292478163363,0.0012223168968366381,0.002443020021836638,0.011720363771836637,0.019288723146836637,0.0012223168968366381,0.021241848146836637,0.007325832521836638,-0.006346042478163362,0.008790676271836637,0.0012223168968366381,0.023927395021836637,0.0012223168968366381,0.013429348146836637,0.0012223168968366381,0.0012223168968366381,0.0012223168968366381,0.012452785646836637,0.0012223168968366381,0.003419582521836638,-0.011961276853163363,-0.016844089353163363,0.0012223168968366381,0.005128566896836638,0.0012223168968366381,0.0007340356468366381,-0.016355808103163363,-0.031004245603163363,-0.017088229978163363,0.0012223168968366381,0.0004898950218366381,0.003419582521836638,-0.010008151853163363,0.0012223168968366381,0.0012223168968366381,0.006837551271836638,0.013429348146836637,0.016847316896836637,0.019777004396836637,0.024415676271836637,0.0012223168968366381,0.0012223168968366381,0.0012223168968366381,0.0012223168968366381,0.0012223168968366381,0.0012223168968366381,0.03271645752183664,0.03564614502183664,0.025392238771836637,-0.008055026853163363,0.0012223168968366381,0.006349270021836638,0.024903957521836637,-0.006101901853163362,0.0012223168968366381,-0.024412448728163363,0.0012223168968366381,-0.006346042478163362,-0.007566745603163362,-0.026365573728163363,-0.04345541747816336,-0.04540854247816336,0.0012223168968366381,-0.03368979247816336,-0.014890964353163363,0.0012223168968366381,-0.025633151853163363,0.0012223168968366381,0.0012223168968366381,0.0012223168968366381,0.0012223168968366381,0.031007473146836637,0.019044582521836637,-0.012937839353163363,0.0012223168968366381,0.004152004396836638,0.0012223168968366381,0.023194973146836637,-0.005369479978163362,1.6137718366381407e-06,0.0012223168968366381,0.002687160646836638,-0.003660495603163362,-0.0009749487281633619,0.004640285646836638,-0.005125339353163362,0.0012223168968366381,0.0012223168968366381,-0.014402683103163363,0.006349270021836638,-0.00024252685316336186,-0.020750339353163363,0.0012223168968366381,0.0012223168968366381,0.0012223168968366381,0.0012223168968366381,-0.020017917478163363,0.0012223168968366381,0.0012223168968366381,0.0012223168968366381,0.018068020021836637,0.0012223168968366381,0.019777004396836637,0.018800441896836637,0.013917629396836637,0.009278957521836637,0.026857082521836637,0.0012223168968366381,0.03711098877183664,0.0012223168968366381,0.019044582521836637,0.016359035646836637,0.028077785646836637,0.025636379396836637,0.0012223168968366381,0.016359035646836637,0.009278957521836637,0.003175441896836638,0.003907863771836638,0.0012223168968366381,0.0012223168968366381,0.0012223168968366381,0.0012223168968366381,-0.04272299560316336,0.0012223168968366381,-0.04931479247816336,-0.023435886228163363,0.005372707521836638,-0.012205417478163363,0.0012223168968366381,0.0012223168968366381,-0.025389011228163363,0.013429348146836637,0.023194973146836637,0.009767238771836637,-0.017332370603163363,0.0012223168968366381,-0.03173666747816336,0.017091457521836637,0.0012223168968366381,0.021974270021836637,0.0012223168968366381,-0.0009749487281633619,-0.025144870603163363,-0.03295737060316336,0.014894191896836637,0.0012223168968366381,0.0012223168968366381,0.0012223168968366381,0.0012223168968366381,0.0012223168968366381,0.011964504396836637,0.006105129396836638,0.0012223168968366381,-0.04540854247816336,-0.04223471435316336,-0.019529636228163363,-0.004881198728163362,0.0012223168968366381,-0.009031589353163363,0.0012223168968366381,-0.007810886228163362,0.016114895021836637,0.020021145021836637,0.0012223168968366381,0.012941066896836637,0.004884426271836638,0.004884426271836638,0.018312160646836637,0.04004067627183664,0.0012223168968366381,0.0012223168968366381,0.006349270021836638,0.0012223168968366381,0.0012223168968366381,0.0012223168968366381,0.013673488771836637,0.0012223168968366381,-0.004148776853163362,-0.0019515112281633619,0.020753566896836637,0.0012223168968366381,-0.018308933103163363,-0.04418783935316336,-0.03613119872816336,0.0012223168968366381,0.027101223146836637,0.028810207521836637,0.0007340356468366381,-0.029539401853163363,0.0012223168968366381,-0.030271823728163363,0.0012223168968366381,0.04321450439683664,0.011964504396836637,0.0012223168968366381,-0.014158542478163363,-0.003660495603163362,0.025636379396836637,0.0012223168968366381,0.0012223168968366381,0.0012223168968366381,0.0012223168968366381,-0.005369479978163362,0.0012223168968366381,0.014405910646836637,0.017579738771836637,-0.007810886228163362,-0.03637533935316336,0.0012223168968366381,-0.006590183103163362,0.008546535646836637,0.0012223168968366381,0.0005132104515241376,0.0012223168968366381,-0.05981283935316336,-0.014402683103163363,0.020265285646836637,-0.019285495603163363,-0.03979330810316336,-0.015379245603163363,0.0012223168968366381,0.027589504396836637,0.0012223168968366381,0.022706691896836637,0.0012223168968366381,0.0012223168968366381,0.0012223168968366381,0.0012223168968366381,0.015382473146836637,-0.023680026853163363,-0.013670261228163363,0.0012223168968366381,0.004884426271836638,0.0012223168968366381,-0.003904636228163362,-0.014158542478163363,-0.017332370603163363,0.0012223168968366381,-0.011961276853163363,-0.002928073728163362,0.003663723146836638,-0.012205417478163363,-0.008543308103163363,0.0012223168968366381,0.0012223168968366381,-0.028318698728163363,-0.031004245603163363,-0.016599948728163363,0.008546535646836637,0.0012223168968366381,0.030275051271836637,0.0012223168968366381,0.0012223168968366381,0.0012223168968366381,0.0012223168968366381,0.0012223168968366381,0.019288723146836637,0.0012223168968366381,0.014894191896836637,0.004396145021836638,1.6137718366381407e-06,-0.003660495603163362,0.009523098146836637,0.018800441896836637,0.0012223168968366381,0.015382473146836637,0.0012223168968366381,-0.004392917478163362,0.004152004396836638,0.015626613771836637,0.0012223168968366381,0.016114895021836637,0.006593410646836638,0.010987941896836637,0.029054348146836637,0.0012223168968366381,0.03564614502183664,0.0012223168968366381,0.013429348146836637,0.0012223168968366381,0.0012223168968366381,0.0012223168968366381,0.0012223168968366381,0.017335598146836637,0.0007340356468366381,-0.009764011228163363,-0.020506198728163363,0.0012223168968366381,0.0012223168968366381,-0.009031589353163363,0.016847316896836637,0.0012223168968366381,-0.020994479978163363,0.0012223168968366381,-0.026121433103163363,-0.008543308103163363,0.014405910646836637,0.010987941896836637,0.0012223168968366381,-0.04150229247816336,0.0012223168968366381,-0.04199057372816336,-0.025633151853163363,-0.011228854978163363,0.0012223168968366381,-0.028562839353163363,0.0012223168968366381,0.0012223168968366381,0.0012223168968366381,0.0012223168968366381,-0.008543308103163363,-0.027586276853163363,0.0012223168968366381,-0.030271823728163363,-0.005857761228163362,0.003175441896836638,0.002443020021836638,1.6137718366381407e-06,0.0012223168968366381,0.0004898950218366381,0.0012223168968366381,0.012208645021836637,0.012208645021836637,0.017091457521836637,0.020753566896836637,0.019532863771836637,0.010499660646836637,0.0012223168968366381,-0.0009749487281633619,-0.003660495603163362,0.0012223168968366381,0.019532863771836637,0.0012223168968366381,0.0012223168968366381,0.0012223168968366381,0.0012223168968366381,-0.016599948728163363,0.014161770021836637,0.017335598146836637,0.002198879396836638,0.0012223168968366381,0.0012223168968366381,-0.015623386228163363,-0.004881198728163362,0.009767238771836637,1.6137718366381407e-06,-0.011472995603163363,0.0012223168968366381,-0.013914401853163363,-0.007078464353163362,0.015626613771836637,0.0012223168968366381,0.0012223168968366381,-0.006834323728163362,-0.009764011228163363,-0.0007308081031633619,0.018312160646836637,0.013917629396836637,0.0012223168968366381,0.0012223168968366381,0.0012223168968366381,0.0012223168968366381,0.0012223168968366381,0.010987941896836637,0.002198879396836638,0.0012223168968366381,-0.006346042478163362,-0.005125339353163362,0.004396145021836638,0.003175441896836638,-0.005369479978163362,-0.007078464353163362,0.0012223168968366381,0.0012223168968366381,-0.0009749487281633619,0.00024575439683663814,-0.016355808103163363,-0.017332370603163363,-0.011472995603163363,0.0012223168968366381,-0.004637058103163362,0.0004898950218366381,-0.0017073706031633619,0.0012223168968366381,-0.014402683103163363,0.0012223168968366381,0.0012223168968366381,0.0012223168968366381,0.0012223168968366381,-0.006834323728163362,-0.009031589353163363,0.0012223168968366381,-0.002928073728163362,0.0012223168968366381,0.0012223168968366381,0.0012223168968366381,-0.0009749487281633619,0.0004898950218366381,0.003175441896836638,0.004396145021836638,0.002931301271836638,-0.002195651853163362,0.0012223168968366381,-0.006346042478163362,-0.0019515112281633619,0.0012223168968366381,0.0014664575218366381,0.0017105981468366381,0.003175441896836638,0.0012223168968366381,0.006593410646836638,0.0012223168968366381,0.0012223168968366381,0.0012223168968366381,0.0012223168968366381,0.0004898950218366381,0.0012223168968366381,-0.011472995603163363,0.0012223168968366381,0.015870754396836637,0.024903957521836637,0.010987941896836637,0.027345363771836637,0.06152505127183664,0.0012223168968366381,0.0005132104515241376,0.05298012939683664,0.0012223168968366381,0.006593410646836638,0.05664223877183664,0.05151528564683664,0.016603176271836637,0.0012223168968366381,-0.015379245603163363,-0.023680026853163363,-0.012693698728163363,-0.003904636228163362,0.0012223168968366381,-0.04174643310316336,0.0012223168968366381,0.0012223168968366381,0.0012223168968366381,0.0012223168968366381,-0.005613620603163362,-0.03320151122816336,-0.05639487060316336,-0.020017917478163363,0.0012223168968366381,0.0012223168968366381,0.029054348146836637,-0.03857260497816336,-0.05590658935316336,-0.04516440185316336,0.0012223168968366381,-0.024656589353163363,-0.008299167478163363,-0.009764011228163363,-0.04614096435316336,0.0012223168968366381,-0.023924167478163363,-0.009031589353163363,0.0012223168968366381,-0.010740573728163363,-0.022459323728163363,-0.018064792478163363,0.0012223168968366381,0.0012223168968366381,0.0012223168968366381,0.0012223168968366381,0.0012223168968366381,0.011232082521836637,0.0012223168968366381,0.008302395021836637,0.014161770021836637,0.021241848146836637,0.022218410646836637,0.017823879396836637,0.0012223168968366381,0.018556301271836637,0.0012223168968366381,0.04712075439683664,0.0012223168968366381,0.03247231689683664,0.011476223146836637,0.022950832521836637,0.03466958252183664,0.03173989502183664,0.016359035646836637,0.0012223168968366381,0.0012223168968366381,-0.015623386228163363,0.0012223168968366381,0.0012223168968366381,0.0012223168968366381,0.0012223168968366381,0.023439113771836637,0.0012223168968366381,0.021730129396836637,0.027101223146836637,0.0012223168968366381,0.028810207521836637,0.0012223168968366381,0.028077785646836637,0.03735512939683664,0.0012223168968366381,0.05883950439683664,0.022950832521836637,0.012208645021836637,0.021974270021836637,0.0012223168968366381,0.0012223168968366381,-0.021726901853163363,0.0012223168968366381,-0.05395346435316336,-0.05200033935316336,-0.018797214353163363,-0.025877292478163363,-0.03906088622816336,0.0012223168968366381,0.0012223168968366381,0.0012223168968366381,0.0012223168968366381,0.0012223168968366381,0.0012223168968366381,-0.009519870603163363,0.019532863771836637,0.05249184814683664,0.0012223168968366381,0.06787270752183663,0.05444497314683664,0.026612941896836637,0.007081691896836638,0.0012223168968366381,0.0012223168968366381,0.0005132104515241376,0.0005132104515241376,0.0005132104515241376,-0.05053549560316336,-0.05322104247816336,0.0012223168968366381,0.0005132104515241376,0.0005132104515241376,0.0005132104515241376,0.0012223168968366381,0.012208645021836637,0.0012223168968366381,0.0012223168968366381,0.0012223168968366381,0.0012223168968366381,0.05590981689683664,0.0012223168968366381,0.026612941896836637,0.0012223168968366381,-0.013426120603163363,0.0012223168968366381,0.05346841064683664,0.002687160646836638,-0.06005697997816336,0.0012223168968366381,0.0005132104515241376,-0.06396322997816337,-0.009031589353163363,0.04248208252183664,0.03564614502183664,0.0012223168968366381,-0.009031589353163363,0.0012223168968366381,0.010987941896836637,0.05249184814683664,0.0005132104515241376,0.0012223168968366381,0.0012223168968366381,0.0012223168968366381,0.0012223168968366381,0.0012223168968366381,0.0012223168968366381,-0.04125815185316336,0.0012223168968366381,-0.025633151853163363,-0.011717136228163363,-0.027097995603163363,-0.05053549560316336,-0.05322104247816336,0.0012223168968366381,-0.03539877685316336,0.0012223168968366381,0.013673488771836637,-0.004148776853163362,-0.012937839353163363,0.0012223168968366381,-0.00048666747816336186,0.020997707521836637,0.024659816896836637,-0.022947604978163363,0.0012223168968366381,-0.027342136228163363,0.0012223168968366381,0.0012223168968366381,-0.028074558103163363,0.0012223168968366381,0.0012223168968366381,0.0012223168968366381,-0.05956869872816336,0.0012223168968366381,-0.04223471435316336,-0.012937839353163363,0.0012223168968366381,-0.022947604978163363,0.0012223168968366381,-0.018553073728163363,0.018556301271836637,0.030030910646836637,0.03979653564683664,0.0012223168968366381,0.04907387939683664,0.04809731689683664,0.03418130127183664,0.0012223168968366381,0.015870754396836637,0.0012223168968366381,0.03125161377183664,0.030275051271836637,0.002198879396836638,-0.013670261228163363,0.0012223168968366381,0.0012223168968366381,0.0012223168968366381,0.0012223168968366381,0.0012223168968366381,0.0012223168968366381,0.027345363771836637,-0.016355808103163363,0.0012223168968366381,-0.004881198728163362,0.026368801271836637,0.028810207521836637,0.019044582521836637,0.021974270021836637,0.0012223168968366381,0.0012223168968366381,0.03784341064683664,0.022462551271836637,0.015870754396836637,0.014894191896836637,0.007814113771836637,0.0012223168968366381,-0.002928073728163362,-0.003904636228163362,0.0012223168968366381,0.0012223168968366381,0.0012223168968366381,-0.05859213622816336,0.0012223168968366381,0.0012223168968366381,0.0012223168968366381,0.0014664575218366381,0.0012223168968366381,0.007081691896836638,0.0012223168968366381,0.018556301271836637,0.0012223168968366381,0.0012223168968366381,0.022462551271836637,0.03613442627183664,0.0012223168968366381,0.03711098877183664,0.03759927002183664,0.03198403564683664,0.018068020021836637,0.013185207521836637,0.0012223168968366381,0.0012223168968366381,-0.004637058103163362,-0.011472995603163363,0.0012223168968366381,-0.014402683103163363,-0.023191745603163363,-0.028318698728163363,0.0012223168968366381,0.0012223168968366381,0.0012223168968366381,0.0012223168968366381,0.0012223168968366381,0.0012223168968366381,0.0012223168968366381,0.003175441896836638,0.0012223168968366381,-0.007078464353163362,-0.016111667478163363,0.014161770021836637,0.0012223168968366381,0.04565591064683664,0.04321450439683664,0.0012223168968366381,-0.016844089353163363,0.008546535646836637,0.0012223168968366381,-0.006590183103163362,-0.04125815185316336,-0.05200033935316336,0.0012223168968366381,-0.04565268310316336,-0.028562839353163363,0.0012223168968366381,0.0012223168968366381,0.0012223168968366381,0.0012223168968366381,0.0012223168968366381,0.0012223168968366381,-0.002195651853163362,-0.015135104978163363,-0.020262058103163363,0.0012223168968366381,-0.009519870603163363,0.0012223168968366381,0.002687160646836638,0.006593410646836638,0.03637856689683664,0.0012223168968366381,0.05273598877183664,0.04590005127183664,0.005616848146836638,0.017091457521836637,0.04370278564683664,0.0012223168968366381,0.0012223168968366381,0.025392238771836637,-0.0007308081031633619,-0.004637058103163362,0.0007340356468366381,0.0012223168968366381,0.006593410646836638,0.0012223168968366381,0.0012223168968366381,0.0012223168968366381,0.0012223168968366381,0.0012223168968366381,0.005372707521836638,0.0012223168968366381,0.010255520021836637,-0.028806979978163363,-0.005857761228163362,0.028566066896836637,0.0012223168968366381,0.04223794189683664,0.024659816896836637,0.0012223168968366381,0.0012223168968366381,0.05200356689683664,0.05395669189683664,0.03515786377183664,0.0012223168968366381,0.019288723146836637,0.012208645021836637,0.007814113771836637,0.0012223168968366381,0.001954738771836638,0.0012223168968366381,-0.0019515112281633619,0.0012223168968366381,0.0012223168968366381,0.0012223168968366381,0.0012223168968366381,-0.03515463622816336,-0.03149252685316336,-0.03613119872816336,-0.03661947997816336,0.0012223168968366381,0.0012223168968366381,-0.010496433103163363,0.0012223168968366381,-0.012205417478163363,-0.010496433103163363,0.013429348146836637,0.020997707521836637,0.027345363771836637,0.0012223168968366381,0.016114895021836637,0.0012223168968366381,0.028077785646836637,0.03515786377183664,0.0012223168968366381,0.03662270752183664,0.031007473146836637,0.0012223168968366381,0.025148098146836637,0.0012223168968366381,0.0012223168968366381,0.0012223168968366381,0.0012223168968366381,0.0012223168968366381,-0.013426120603163363,-0.006101901853163362,0.0012223168968366381,-0.015623386228163363,-0.024412448728163363,-0.026853854978163363,-0.017332370603163363,-0.015135104978163363,0.0012223168968366381,0.0012223168968366381,-0.031004245603163363,-0.016844089353163363,-0.00048666747816336186,0.011720363771836637,0.0012223168968366381,0.009523098146836637,-0.004148776853163362,-0.00024252685316336186,0.002687160646836638,0.0012223168968366381,0.0012223168968366381,0.0012223168968366381,0.0012223168968366381,0.0012223168968366381,0.0012223168968366381,-0.002195651853163362,0.00024575439683663814,0.03564614502183664,0.0012223168968366381,0.05273598877183664,0.0012223168968366381,-0.020017917478163363,-0.03466635497816336,0.0012223168968366381,0.002687160646836638,0.009523098146836637,0.0012223168968366381,-0.003416354978163362,-0.028074558103163363,-0.024168308103163363,0.0012223168968366381,0.0012223168968366381,0.0004898950218366381,-0.031004245603163363,-0.026365573728163363,-0.003904636228163362,0.0012223168968366381,0.0012223168968366381,0.0012223168968366381,0.0012223168968366381,0.0012223168968366381,0.0012223168968366381,-0.006101901853163362,0.004396145021836638,0.0012223168968366381,0.024415676271836637,0.028566066896836637,0.008058254396836637,-0.011961276853163363,0.006837551271836638,0.028077785646836637,0.0012223168968366381,0.023927395021836637,0.0012223168968366381,0.005372707521836638,-0.005369479978163362,-0.007810886228163362,0.0017105981468366381,-0.002928073728163362,-0.008299167478163363,0.0012223168968366381,-0.010740573728163363,0.0012223168968366381,0.0012223168968366381,0.0012223168968366381,0.0012223168968366381,0.0012223168968366381,-0.008543308103163363,-0.004148776853163362,-0.013914401853163363,0.0012223168968366381,-0.027830417478163363,0.0012223168968366381,0.0004898950218366381,0.005616848146836638,0.003175441896836638,0.0012223168968366381,-0.003904636228163362,-0.009519870603163363,0.004152004396836638,0.030519191896836637,0.0012223168968366381,0.03979653564683664,0.0012223168968366381,-0.010496433103163363,0.003907863771836638,0.029786770021836637,0.04467934814683664,0.0012223168968366381,0.0012223168968366381,0.0012223168968366381,0.0012223168968366381,0.0012223168968366381,0.0012223168968366381,0.020021145021836637,0.0012223168968366381,0.022218410646836637,-0.009764011228163363,-0.018308933103163363,-0.006590183103163362,0.0012223168968366381,0.004152004396836638,0.002931301271836638,0.0012223168968366381,0.0012223168968366381,-0.018553073728163363,-0.014402683103163363,-0.019041354978163363,-0.016844089353163363,0.0012223168968366381,-0.013670261228163363,-0.019041354978163363,-0.030515964353163363,0.0012223168968366381,0.0012223168968366381,-0.013426120603163363,0.0012223168968366381,0.0012223168968366381,0.0012223168968366381,0.0012223168968366381,0.010987941896836637,1.6137718366381407e-06,0.0012223168968366381,0.002443020021836638,0.0012223168968366381,0.04101723877183664,0.03271645752183664,0.0012223168968366381,-0.007078464353163362,0.004396145021836638,0.027345363771836637,0.04126137939683664,0.03271645752183664,0.015626613771836637,0.0012223168968366381,0.0012223168968366381,-0.003660495603163362,0.002198879396836638,0.010255520021836637,0.014161770021836637,0.0012223168968366381,0.008790676271836637,0.0012223168968366381,0.0012223168968366381,0.0012223168968366381,0.0012223168968366381,0.0012223168968366381,-0.010984714353163363,0.0012223168968366381,-0.03222494872816336,-0.030515964353163363,-0.010496433103163363,0.0012223168968366381,-0.003172214353163362,-0.011472995603163363,-0.03930502685316336,0.0012223168968366381,-0.014158542478163363,0.0012223168968366381,-0.0007308081031633619,-0.002439792478163362,-0.0019515112281633619,0.002443020021836638,0.0012223168968366381,0.003419582521836638,0.005616848146836638,0.026612941896836637,0.0012223168968366381,0.0012223168968366381,0.0012223168968366381,0.0012223168968366381,0.0012223168968366381,0.0012223168968366381,0.021485988771836637,0.015870754396836637,0.0012223168968366381,0.008546535646836637,-0.0007308081031633619,0.0012223168968366381,0.007569973146836638,0.0012223168968366381,0.028566066896836637,0.015138332521836637,-0.010984714353163363,-0.03149252685316336,0.0012223168968366381,-0.021482761228163363,0.026124660646836637,0.0012223168968366381,-0.009764011228163363,0.0012223168968366381,-0.025144870603163363,0.0004898950218366381,0.019532863771836637,0.0012223168968366381,0.0012223168968366381,0.0012223168968366381,0.0012223168968366381,-0.030271823728163363,0.0012223168968366381,0.03442544189683664,0.0012223168968366381,0.012941066896836637,-0.024412448728163363,-0.04076987060316336,-0.017088229978163363,0.015382473146836637,0.031007473146836637,0.0012223168968366381,0.008790676271836637,0.0012223168968366381,-0.025144870603163363,0.009523098146836637,0.027833645021836637,0.0012223168968366381,0.017091457521836637,-0.006590183103163362,0.0012223168968366381,0.0012223168968366381,0.0012223168968366381,0.0012223168968366381,0.0012223168968366381,0.0012223168968366381,0.0012223168968366381,0.0012223168968366381,0.0012223168968366381,0.0012223168968366381,0.0012223168968366381,0.027101223146836637,0.0012223168968366381,0.0012223168968366381,0.0012223168968366381,0.019288723146836637,0.0012223168968366381,0.0012223168968366381,0.0012223168968366381,0.0012223168968366381,0.0012223168968366381,0.0012223168968366381,0.0012223168968366381,0.024903957521836637,-0.0012190893531633619,-0.014158542478163363,0.0012223168968366381,0.0012223168968366381,0.010743801271836637,0.023927395021836637,0.012452785646836637,0.0012223168968366381,0.0012223168968366381,0.0012223168968366381,0.0012223168968366381,0.003907863771836638,-0.009275729978163363,0.0012223168968366381,-0.015867526853163363,0.0012223168968366381,-0.012693698728163363,-0.015135104978163363,-0.024412448728163363,-0.019529636228163363,-0.005125339353163362,-0.00024252685316336186,0.0012223168968366381,-0.013914401853163363,0.0012223168968366381,-0.0007308081031633619,0.003419582521836638,0.0012223168968366381,-0.002439792478163362,-0.004392917478163362,0.005372707521836638,0.007569973146836638,0.006593410646836638,0.0012223168968366381,0.0012223168968366381,0.0012223168968366381,0.0012223168968366381,0.0012223168968366381,0.016603176271836637,0.0012223168968366381,0.0014664575218366381,-0.006834323728163362,0.019777004396836637,0.04785317627183664,0.04248208252183664,0.0012223168968366381,0.004640285646836638,-0.020017917478163363,0.0012223168968366381,0.019777004396836637,0.008790676271836637,-0.0012190893531633619,0.0012223168968366381,-0.007322604978163362,-0.006590183103163362,-0.002439792478163362,-0.009275729978163363,-0.013670261228163363,0.0012223168968366381,-0.0007308081031633619,0.0012223168968366381,0.0012223168968366381,0.0012223168968366381,0.0012223168968366381,-0.0014632299781633619,-0.003660495603163362,0.008302395021836637,0.017091457521836637,0.0012223168968366381,0.0012223168968366381,-0.005857761228163362,0.002198879396836638,0.010743801271836637,0.0007340356468366381,-0.014646823728163363,0.0012223168968366381,-0.018064792478163363,0.0004898950218366381,0.004152004396836638,0.0012223168968366381,-0.013914401853163363,-0.014646823728163363,-0.013181979978163363,0.0012223168968366381,-0.002928073728163362,0.007569973146836638,-0.021238620603163363,0.0012223168968366381,0.0012223168968366381,0.0012223168968366381,0.0012223168968366381,0.0012223168968366381,-0.016599948728163363,-0.023680026853163363,0.009278957521836637,0.03222817627183664,0.017823879396836637,0.0012223168968366381,-0.020750339353163363,-0.03588705810316336,0.012208645021836637,0.0012223168968366381,0.026124660646836637,0.002931301271836638,0.0012223168968366381,-0.016111667478163363,-0.013914401853163363,0.021730129396836637,0.021485988771836637,0.007081691896836638,-0.009275729978163363,0.0012223168968366381,0.0012223168968366381,0.007569973146836638,0.0012223168968366381,0.0012223168968366381,0.0012223168968366381,0.006593410646836638,0.012696926271836637,0.0012223168968366381,0.015870754396836637,0.017091457521836637,0.0012223168968366381,-0.008055026853163363,0.010499660646836637,0.027833645021836637,0.0012223168968366381,0.016359035646836637,-0.010008151853163363,-0.017576511228163363,0.003663723146836638,0.020021145021836637,0.0012223168968366381,-0.018064792478163363,0.0012223168968366381,-0.026121433103163363,-0.010740573728163363,0.023927395021836637,0.009278957521836637,-0.020262058103163363,0.0012223168968366381,0.0012223168968366381,0.0012223168968366381,0.0012223168968366381,0.0012223168968366381,0.010255520021836637,-0.03320151122816336,-0.012937839353163363,0.022462551271836637,0.0012223168968366381,0.03125161377183664,0.005860988771836638,-0.023191745603163363,-0.008055026853163363,0.0012223168968366381,0.030030910646836637,0.0012223168968366381,0.003419582521836638,-0.03320151122816336,-0.0017073706031633619,0.03320473877183664,0.027833645021836637,-0.012205417478163363,-0.04882651122816336,0.0012223168968366381,0.0012223168968366381,0.002443020021836638,0.0012223168968366381,0.0012223168968366381,0.0012223168968366381,-0.03539877685316336,0.017823879396836637,0.0012223168968366381,0.04785317627183664,-0.020750339353163363,0.0012223168968366381,-0.029295261228163363,0.025880520021836637,0.0012223168968366381,0.05883950439683664,-0.014402683103163363,-0.04150229247816336,-0.017088229978163363,0.03491372314683664,0.0012223168968366381,0.05493325439683664,0.0012223168968366381,-0.03906088622816336,-0.014646823728163363,0.0012223168968366381,0.03271645752183664,0.005616848146836638,-0.04736166747816336,0.0012223168968366381,0.0012223168968366381,0.0012223168968366381,0.0012223168968366381,0.0012223168968366381,-0.05468588622816336,0.0012223168968366381,-0.029295261228163363,0.04882973877183664,0.022706691896836637,-0.024656589353163363,-0.04418783935316336,0.0012223168968366381,-0.017088229978163363,0.03344887939683664,0.0012223168968366381,-0.023680026853163363,-0.028074558103163363,0.003663723146836638,0.0012223168968366381,0.03515786377183664,0.03735512939683664,-0.026121433103163363,-0.024656589353163363,0.013185207521836637,0.0012223168968366381,0.0012223168968366381,0.025148098146836637,0.0012223168968366381,0.0012223168968366381,0.0012223168968366381,0.018312160646836637,0.011232082521836637,-0.03246908935316336,-0.03686362060316336,0.0012223168968366381,0.0012223168968366381,0.018800441896836637,-0.019529636228163363,-0.03564291747816336,0.0012223168968366381,-0.017088229978163363,-0.003904636228163362,0.015870754396836637,-0.005613620603163362,-0.03271322997816336,0.0012223168968366381,-0.003172214353163362,0.0012223168968366381,0.021241848146836637,0.028810207521836637,-0.023924167478163363,-0.04052572997816336,0.0012223168968366381,0.0012223168968366381,0.0012223168968366381,0.0012223168968366381,0.0012223168968366381,0.011964504396836637,0.0012223168968366381,0.03418130127183664,-0.004637058103163362,0.007081691896836638,0.014650051271836637,0.009034816896836637,0.0012223168968366381,-0.009275729978163363,-0.010496433103163363,0.0012223168968366381,0.017335598146836637,0.006593410646836638,0.005128566896836638,0.0012223168968366381,0.0012223168968366381,0.0012223168968366381,0.0012223168968366381,1.6137718366381407e-06,0.003663723146836638,0.0012223168968366381,-0.04540854247816336,0.0012223168968366381,0.0012223168968366381,0.0012223168968366381,0.0012223168968366381,-0.002439792478163362,-0.06054526122816336,-0.021971042478163363,0.031007473146836637,0.0012223168968366381,0.0012223168968366381,0.021974270021836637,-0.020262058103163363,0.011964504396836637,0.05053872314683664,0.05371255127183664,0.020021145021836637,0.0012223168968366381,-0.014402683103163363,0.018800441896836637,0.0012223168968366381,0.06445473877183663,0.04126137939683664,0.007081691896836638,-0.006834323728163362,0.0012223168968366381,0.007569973146836638,0.03442544189683664,0.0012223168968366381,0.0012223168968366381,0.0012223168968366381,0.0012223168968366381,0.014405910646836637,0.0012223168968366381,0.018068020021836637,0.0009781762718366381,-0.029295261228163363,-0.011472995603163363,0.013185207521836637,0.0012223168968366381,0.019777004396836637,-0.006346042478163362,0.0012223168968366381,0.005616848146836638,0.025392238771836637,0.014894191896836637,0.0012223168968366381,-0.014158542478163363,-0.026609714353163363,0.008790676271836637,0.022462551271836637,0.009767238771836637,0.0012223168968366381,-0.024412448728163363,0.0012223168968366381,0.0012223168968366381,0.0012223168968366381,0.0012223168968366381,0.003663723146836638,-0.023924167478163363,-0.03173666747816336,-0.025389011228163363,0.0012223168968366381,0.0012223168968366381,-0.019041354978163363,-0.03759604247816336,-0.03539877685316336,-0.024168308103163363,-0.015867526853163363,0.0012223168968366381,-0.023680026853163363,-0.03784018310316336,-0.020994479978163363,0.0012223168968366381,-0.014402683103163363,-0.028562839353163363,-0.03564291747816336,0.0012223168968366381,-0.026853854978163363,-0.005369479978163362,0.0017105981468366381,0.0012223168968366381,0.0012223168968366381,0.0012223168968366381,0.0012223168968366381,0.008302395021836637,0.0012223168968366381,0.015138332521836637,-0.010740573728163363,-0.015379245603163363,-0.011228854978163363,-0.003904636228163362,0.0017105981468366381,0.0012223168968366381,-0.003416354978163362,0.0012223168968366381,-0.003416354978163362,0.009278957521836637,0.015626613771836637,0.016603176271836637,-0.0007308081031633619,0.0012223168968366381,-0.028318698728163363,-0.04760580810316336,-0.03954916747816336,0.0012223168968366381,-0.013670261228163363,0.0012223168968366381,0.0012223168968366381,0.0012223168968366381,0.0012223168968366381,0.004884426271836638,0.005860988771836638,0.004396145021836638,0.019777004396836637,0.0012223168968366381,0.04858559814683664,0.0012223168968366381,0.025636379396836637,0.006593410646836638,0.028566066896836637,0.04223794189683664,0.030519191896836637,0.0017105981468366381,0.0012223168968366381,-0.018308933103163363,0.0012223168968366381,0.017579738771836637,0.030030910646836637,0.010987941896836637,-0.008787448728163363,-0.015867526853163363,0.0012223168968366381,0.0012223168968366381,0.0012223168968366381,0.0012223168968366381,0.0012223168968366381,-0.009519870603163363,-0.007810886228163362,0.0012223168968366381,0.015138332521836637,0.03369302002183664,0.013917629396836637,0.005860988771836638,0.012208645021836637,0.026124660646836637,0.0012223168968366381,0.0012223168968366381,0.028566066896836637,0.023194973146836637,0.013185207521836637,0.010011379396836637,0.013917629396836637,0.0012223168968366381,0.018800441896836637,0.003419582521836638,0.0009781762718366381,0.0012223168968366381,0.022462551271836637,0.0012223168968366381,0.0012223168968366381,0.0012223168968366381,0.0012223168968366381,0.018556301271836637,0.019532863771836637,0.010499660646836637,0.0012223168968366381,-0.00024252685316336186,0.0012223168968366381,0.012452785646836637,0.015870754396836637,0.010743801271836637,0.0014664575218366381,0.0012223168968366381,-0.005125339353163362,-0.003904636228163362,0.013917629396836637,0.009034816896836637,0.0012223168968366381,-0.009764011228163363,-0.012693698728163363,0.0012223168968366381,-0.004392917478163362,0.008790676271836637,0.003419582521836638,-0.002439792478163362,0.0012223168968366381,0.0012223168968366381,0.0012223168968366381,0.0012223168968366381,0.0012223168968366381,-0.011472995603163363,-0.016355808103163363,-0.022947604978163363,-0.024168308103163363,-0.020262058103163363,-0.017088229978163363,0.0012223168968366381,-0.015379245603163363,-0.010496433103163363,0.0012223168968366381,0.00024575439683663814,0.003175441896836638,0.003663723146836638,0.0012223168968366381,1.6137718366381407e-06,-0.0009749487281633619,0.006105129396836638,0.005372707521836638,0.007814113771836637,0.0012223168968366381,0.004884426271836638,0.0012223168968366381,0.0012223168968366381,0.0012223168968366381,0.0012223168968366381,0.013429348146836637,0.004640285646836638,0.005128566896836638,0.005860988771836638,0.0012223168968366381,0.0012223168968366381,0.007081691896836638,0.010255520021836637,0.006349270021836638,-0.006101901853163362,-0.016844089353163363,-0.012449558103163363,0.0012223168968366381,0.001954738771836638,0.002443020021836638,0.0012223168968366381,-0.03466635497816336,-0.031248386228163363,-0.026609714353163363,-0.027342136228163363,0.0012223168968366381,-0.031248386228163363,-0.03686362060316336,0.0012223168968366381,0.0012223168968366381,0.0012223168968366381,0.0012223168968366381,0.0012223168968366381,-0.005125339353163362,-0.028074558103163363,-0.024412448728163363,-0.011961276853163363,-0.004148776853163362,0.0012223168968366381,-0.00024252685316336186,0.002443020021836638,0.002198879396836638,0.0012223168968366381,0.008058254396836637,0.016114895021836637,0.023439113771836637,0.0012223168968366381,0.022950832521836637,0.024659816896836637,0.03271645752183664,0.026124660646836637,0.008790676271836637,0.0012223168968366381,-0.005613620603163362,0.0012223168968366381,0.0012223168968366381,0.0012223168968366381,0.0012223168968366381,-0.027830417478163363,-0.03222494872816336,-0.04736166747816336,-0.05468588622816336,0.0012223168968366381,0.0012223168968366381,-0.014158542478163363,0.025392238771836637,0.015382473146836637,-0.004881198728163362,-0.011961276853163363,0.0012223168968366381,0.003663723146836638,0.04004067627183664,0.04199380127183664,0.0012223168968366381,0.018312160646836637,0.017823879396836637,0.03173989502183664,0.0012223168968366381,0.05908364502183664,0.0005132104515241376,0.05566567627183664,0.0012223168968366381,0.0012223168968366381,0.0012223168968366381,0.0012223168968366381,0.011476223146836637,0.0012223168968366381,0.015626613771836637,0.0017105981468366381,-0.014890964353163363,-0.026365573728163363,-0.03808432372816336,0.0012223168968366381,-0.03954916747816336,-0.03295737060316336,0.0012223168968366381,-0.015623386228163363,-0.027097995603163363,-0.030760104978163363,-0.016599948728163363,0.0012223168968366381,0.0009781762718366381,0.006593410646836638,-0.011228854978163363,-0.002683933103163362,0.0012223168968366381,0.03759927002183664,0.0012223168968366381,0.0012223168968366381,0.0012223168968366381,0.0012223168968366381,0.03906411377183664,0.06787270752183663,0.05713052002183664,0.024415676271836637,0.0012223168968366381,0.0012223168968366381,-0.005369479978163362,0.012696926271836637,-0.012937839353163363,-0.04907065185316336,-0.06347494872816337,-0.05810385497816336,0.0012223168968366381,-0.05200033935316336,-0.06152182372816336,0.0012223168968366381,-0.05053549560316336,-0.04492026122816336,-0.04638510497816336,0.0012223168968366381,-0.03906088622816336,-0.025633151853163363,-0.027586276853163363,0.0012223168968366381,0.0012223168968366381,0.0012223168968366381,0.0012223168968366381,0.03589028564683664,0.0012223168968366381,0.014650051271836637,0.022950832521836637,0.05005044189683664,0.0005132104515241376,0.0005132104515241376,0.0012223168968366381,0.04638833252183664,0.005616848146836638,0.0012223168968366381,0.005860988771836638,0.005372707521836638,-0.024900729978163363,-0.05077963622816336,0.0012223168968366381,-0.05541830810316336,-0.029539401853163363,-0.03710776122816336,-0.04614096435316336,0.0012223168968366381,-0.03417807372816336,0.0012223168968366381,0.0012223168968366381,0.0012223168968366381,0.0012223168968366381,0.002687160646836638,-0.003416354978163362,-0.006834323728163362,0.012208645021836637,0.0012223168968366381,0.0012223168968366381,0.05542153564683664,0.04638833252183664,0.05200356689683664,0.0005132104515241376,0.0005132104515241376,0.0012223168968366381,0.0005132104515241376,0.03320473877183664,0.024171535646836637,0.0012223168968366381,0.021974270021836637,0.005372707521836638,-0.022459323728163363,0.0012223168968366381,-0.04223471435316336,-0.04052572997816336,-0.03881674560316336,0.0012223168968366381,0.0012223168968366381,0.0012223168968366381,0.0012223168968366381,-0.04003744872816336,0.0012223168968366381,-0.04760580810316336,-0.03246908935316336,-0.009031589353163363,-0.006346042478163362,-0.014158542478163363,-0.013670261228163363,0.0012223168968366381,-0.003172214353163362,0.0012223168968366381,0.05078286377183664,0.06030434814683664,0.05224770752183664,0.05420083252183664,0.06591958252183663,0.0012223168968366381,0.0005132104515241376,0.04321450439683664,0.018312160646836637,0.0012223168968366381,0.0012223168968366381,0.005616848146836638,0.0012223168968366381,0.0012223168968366381,0.0012223168968366381,-0.04980307372816336,-0.05663901122816336,-0.07055502685316337,0.0012223168968366381,-0.06664877685316337,0.0012223168968366381,-0.03588705810316336,-0.04516440185316336,-0.03954916747816336,-0.013426120603163363,0.0012223168968366381,0.011964504396836637,-0.009275729978163363,-0.007810886228163362,0.009278957521836637,0.0012223168968366381,0.04834145752183664,0.05810708252183664,0.0012223168968366381,0.05468911377183664,0.05786294189683664,0.0005132104515241376,0.0005132104515241376,0.0012223168968366381,0.0012223168968366381,0.0012223168968366381,0.0012223168968366381,0.0012223168968366381,0.06079262939683664,-0.05615072997816336,0.0005132104515241376,-0.03637533935316336,0.017823879396836637,0.0012223168968366381,0.0014664575218366381,0.0005132104515241376,0.0005132104515241376,0.0012223168968366381,0.008302395021836637,-0.002928073728163362,-0.04565268310316336,0.0012223168968366381,-0.06884604247816337,0.007569973146836638,0.031007473146836637,0.015870754396836637,-0.009519870603163363,0.0012223168968366381,0.014894191896836637,0.0012223168968366381,0.0012223168968366381,0.0012223168968366381,0.0012223168968366381,0.03540200439683664,0.05346841064683664,0.0005132104515241376,0.07177895752183663,0.0012223168968366381,0.0012223168968366381,0.019288723146836637,0.007569973146836638,-0.014646823728163363,-0.03393393310316336,-0.04345541747816336,0.0012223168968366381,-0.04174643310316336,-0.04907065185316336,0.0005132104515241376,0.0012223168968366381,0.0005132104515241376,-0.06957846435316337,-0.05956869872816336,0.0012223168968366381,-0.05590658935316336,-0.04638510497816336,-0.016844089353163363,0.0012223168968366381,0.0012223168968366381,0.0012223168968366381,0.0012223168968366381,0.001954738771836638,0.0012223168968366381,0.022706691896836637,0.05810708252183664,0.05688637939683664,0.05493325439683664,0.06421059814683663,0.0005132104515241376,0.0012223168968366381,0.07177895752183663,0.0012223168968366381,0.023927395021836637,0.03589028564683664,0.023927395021836637,-0.0009749487281633619,0.0012223168968366381,-0.029539401853163363,-0.03491049560316336,-0.019773776853163363,-0.023680026853163363,0.0012223168968366381,0.0005132104515241376,0.0012223168968366381,0.0012223168968366381,0.0012223168968366381,0.0012223168968366381,-0.03491049560316336,-0.04199057372816336,-0.008055026853163363,0.012941066896836637,0.0012223168968366381,0.0012223168968366381,0.0012223168968366381,0.020021145021836637,0.03930825439683664,0.0012223168968366381,0.06152505127183664,0.0005132104515241376,0.07104653564683663,0.06201333252183664,0.06128091064683664,0.0012223168968366381,0.0005132104515241376,0.0012223168968366381,0.06372231689683663,0.023927395021836637,0.018800441896836637,0.013185207521836637,0.0012223168968366381,0.0012223168968366381,0.0012223168968366381,0.0012223168968366381,0.0012223168968366381,-0.06493979247816337,0.0005132104515241376,-0.06420737060316337,-0.04858237060316336,0.0012223168968366381,-0.05517416747816336,-0.06957846435316337,-0.031004245603163363,0.010499660646836637,0.0012223168968366381,-0.014402683103163363,-0.023924167478163363,0.0012223168968366381,-0.010740573728163363,0.028810207521836637,0.03735512939683664,0.04956216064683664,0.06518716064683663,0.06396645752183663,0.0012223168968366381,0.0012223168968366381,0.04858559814683664,0.0012223168968366381,0.0012223168968366381,0.0012223168968366381,0.004396145021836638,0.017823879396836637,0.03442544189683664,0.0012223168968366381,0.021485988771836637,0.0012223168968366381,0.0005132104515241376,-0.05004721435316336,-0.019041354978163363,-0.03979330810316336,-0.06640463622816337,0.0012223168968366381,0.0005132104515241376,-0.029051120603163363,-0.010008151853163363,0.0012223168968366381,-0.05981283935316336,-0.06396322997816337,0.0012223168968366381,-0.025389011228163363,0.04736489502183664,0.030030910646836637,-0.008787448728163363,0.0012223168968366381,0.0012223168968366381,0.0012223168968366381,0.0012223168968366381,0.0012223168968366381,0.04419106689683664,0.03344887939683664,0.0012223168968366381,0.04614419189683664,0.06787270752183663,0.04614419189683664,0.024415676271836637,0.012452785646836637,0.003419582521836638,0.0012223168968366381,0.0012223168968366381,-0.03393393310316336,-0.03710776122816336,-0.04760580810316336,-0.05102377685316336,-0.06127768310316336,0.0012223168968366381,-0.06152182372816336,-0.05444174560316336,-0.06933432372816337,0.0012223168968366381,-0.05224447997816336,0.0012223168968366381,0.0012223168968366381,0.0012223168968366381,0.0012223168968366381,-0.016599948728163363,-0.00048666747816336186,0.008546535646836637,0.030519191896836637,0.0012223168968366381,0.05737466064683664,0.0012223168968366381,0.0005132104515241376,0.0005132104515241376,0.06933755127183663,0.06567544189683663,0.05200356689683664,0.0012223168968366381,0.03344887939683664,0.03393716064683664,0.0012223168968366381,0.012696926271836637,-0.007810886228163362,-0.023924167478163363,-0.03320151122816336,0.0012223168968366381,-0.021238620603163363,-0.04980307372816336,0.0012223168968366381,0.0012223168968366381,0.0012223168968366381,0.0012223168968366381,0.0012223168968366381,-0.04223471435316336,-0.05102377685316336,-0.04443197997816336,-0.015135104978163363,0.009767238771836637,0.0012223168968366381,-0.0007308081031633619,0.007081691896836638,0.019044582521836637,0.0012223168968366381,0.04565591064683664,0.05273598877183664,0.05078286377183664,0.0012223168968366381,0.04956216064683664,0.06738442627183663,0.07177895752183663,0.0005132104515241376,0.06396645752183663,0.0012223168968366381,0.014894191896836637,0.0012223168968366381,0.0012223168968366381,0.0012223168968366381,0.0012223168968366381,-0.029295261228163363,-0.03954916747816336,-0.04882651122816336,-0.05663901122816336,0.0012223168968366381,0.0012223168968366381,0.0005132104515241376,-0.06103354247816336,-0.05004721435316336,-0.04565268310316336,-0.04418783935316336,0.0012223168968366381,-0.03686362060316336,-0.002928073728163362,-0.011228854978163363,0.0012223168968366381,-0.010496433103163363,-0.002928073728163362,0.013185207521836637,0.0012223168968366381,0.03906411377183664,0.05761880127183664,0.03198403564683664,0.0012223168968366381,0.0012223168968366381,0.0012223168968366381,0.0012223168968366381,0.0012223168968366381,0.05346841064683664,0.027833645021836637,0.04370278564683664,0.03735512939683664,0.011232082521836637,-0.016599948728163363,0.0012223168968366381,-0.03271322997816336,-0.04321127685316336,0.0012223168968366381,-0.04931479247816336,-0.06396322997816337,-0.06835776122816337,-0.06445151122816337,0.0012223168968366381,-0.05419760497816336,-0.05029135497816336,-0.05297690185316336,-0.03661947997816336,0.0012223168968366381,0.006837551271836638,0.003663723146836638,0.0012223168968366381,0.0004898950218366381,0.008058254396836637,0.018068020021836637,0.027101223146836637,0.03881997314683664,0.05542153564683664,0.0012223168968366381,0.0012223168968366381,0.0005132104515241376,0.06250161377183663,0.05810708252183664,0.05737466064683664,0.05322427002183664,0.04150552002183664,0.0012223168968366381,0.019044582521836637,-0.006590183103163362,0.0012223168968366381,0.004884426271836638,-0.009764011228163363,-0.03564291747816336,-0.07055502685316337,0.0012223168968366381,0.0005132104515241376,-0.03393393310316336,-0.03491049560316336,-0.05737143310316336,0.0012223168968366381,-0.06103354247816336,-0.04272299560316336,0.0012223168968366381,-0.023435886228163363,-0.011228854978163363,-0.019041354978163363,-0.008787448728163363,0.010499660646836637,0.013917629396836637,0.0012223168968366381,0.0012223168968366381,0.024903957521836637,0.05224770752183664,0.05005044189683664,0.04980630127183664,0.05224770752183664,0.05078286377183664,0.0012223168968366381,0.05517739502183664,0.0012223168968366381,0.0012223168968366381,0.0012223168968366381,0.0012223168968366381,0.0012223168968366381,-0.0007308081031633619,-0.03759604247816336,-0.06152182372816336,-0.06518393310316337,0.0012223168968366381,-0.04443197997816336,-0.030760104978163363,-0.06567221435316337,0.0005132104515241376,0.0012223168968366381,-0.06323080810316337,-0.04418783935316336,0.0012223168968366381,-0.024412448728163363,-0.005857761228163362,-0.022947604978163363,-0.017820651853163363,0.012941066896836637,0.029054348146836637,0.0012223168968366381,0.0012223168968366381,0.017091457521836637,0.0012223168968366381,0.0012223168968366381,0.0012223168968366381,0.06103677002183664,0.05566567627183664,0.06396645752183663,0.06079262939683664,0.0012223168968366381,0.0012223168968366381,0.04321450439683664,0.03857583252183664,0.027833645021836637,-0.004148776853163362,-0.03295737060316336,0.0012223168968366381,-0.03735190185316336,-0.023435886228163363,-0.029051120603163363,0.0012223168968366381,0.0005132104515241376,0.0005132104515241376,-0.05297690185316336,0.0012223168968366381,-0.03808432372816336,-0.04589682372816336,-0.04833822997816336,0.0012223168968366381,0.0012223168968366381,0.0012223168968366381,0.0012223168968366381,0.0012223168968366381,-0.016599948728163363,0.015870754396836637,0.04590005127183664,0.06494302002183663,0.05127114502183664,0.028077785646836637,0.0012223168968366381,0.026857082521836637,0.0005132104515241376,0.0012223168968366381,0.0005132104515241376,0.04126137939683664,0.023927395021836637,0.0012223168968366381,0.03296059814683664,0.03344887939683664,-0.007810886228163362,-0.03808432372816336,-0.04272299560316336,0.0012223168968366381,-0.022703464353163363,0.0012223168968366381,-0.04589682372816336,0.0005132104515241376,0.0005132104515241376,-0.05785971435316336,-0.03417807372816336,-0.027830417478163363,0.0012223168968366381,-0.04809408935316336,0.0012223168968366381,-0.022947604978163363,0.011720363771836637,0.016603176271836637,-0.0009749487281633619,-0.0009749487281633619,0.0012223168968366381,0.017091457521836637,0.04004067627183664,0.021485988771836637,0.0012223168968366381,0.03149575439683664,0.0005132104515241376,0.0005132104515241376,0.0012223168968366381,0.0005132104515241376,0.028321926271836637,0.031007473146836637,0.04687661377183664,0.05346841064683664,0.0012223168968366381,0.010011379396836637,-0.006590183103163362,0.0012223168968366381,-0.017820651853163363,-0.027830417478163363,-0.03222494872816336,-0.05908041747816336,0.0005132104515241376,-0.07031088622816337,0.0012223168968366381,0.0012223168968366381,-0.03710776122816336,-0.05932455810316336,0.0005132104515241376,-0.05200033935316336,0.014650051271836637,0.04443520752183664,0.004884426271836638,0.0012223168968366381,-0.03954916747816336,0.0012223168968366381,0.015382473146836637,0.05883950439683664,0.03198403564683664,0.0012223168968366381,0.0012223168968366381,0.0012223168968366381,0.0012223168968366381,0.0005132104515241376,0.06347817627183663,0.0012223168968366381,0.0005132104515241376,0.0005132104515241376,0.0012223168968366381,0.0005132104515241376,0.0005132104515241376,-0.002928073728163362,1.6137718366381407e-06,0.014161770021836637,0.021241848146836637,0.0012223168968366381,-0.05077963622816336,0.0005132104515241376,-0.06396322997816337,0.0012223168968366381,-0.04492026122816336,-0.06689291747816337,0.0005132104515241376,-0.06054526122816336,-0.04565268310316336,0.0012223168968366381,0.0012223168968366381,0.0012223168968366381,0.0012223168968366381,0.0012223168968366381,-0.031248386228163363,-0.012205417478163363,0.016114895021836637,0.0012223168968366381,0.026368801271836637,-0.002928073728163362,-0.016355808103163363,0.010743801271836637,0.04809731689683664,0.0012223168968366381,0.05151528564683664,0.020997707521836637,-0.008787448728163363,0.0012223168968366381,-0.011472995603163363,0.03686684814683664,0.026368801271836637,-0.006101901853163362,-0.024656589353163363,0.0012223168968366381,-0.03271322997816336,-0.03368979247816336,0.0012223168968366381,0.0012223168968366381,0.0012223168968366381,-0.03637533935316336,0.0012223168968366381,-0.04101401122816336,-0.05200033935316336,-0.04760580810316336,0.0012223168968366381,-0.022947604978163363,-0.012205417478163363,-0.0012190893531633619,-0.0009749487281633619,-0.013670261228163363,0.0012223168968366381,-0.018553073728163363,0.027833645021836637,0.03515786377183664,0.0012223168968366381,0.008302395021836637,0.012208645021836637,0.030275051271836637,0.04809731689683664,0.05029458252183664,0.0012223168968366381,0.03564614502183664,0.017823879396836637,0.03149575439683664,0.0012223168968366381,0.022462551271836637,0.016847316896836637,0.019288723146836637,0.019044582521836637,0.014405910646836637,0.0012223168968366381,0.010255520021836637,0.004884426271836638,-0.0009749487281633619,0.0012223168968366381,0.003175441896836638,0.004396145021836638,-0.003416354978163362,-0.005369479978163362,0.0012223168968366381,0.003907863771836638,0.014650051271836637,-0.009764011228163363,-0.015135104978163363,0.00024575439683663814,0.0012223168968366381,0.015870754396836637,-0.0012190893531633619,-0.012693698728163363,-0.014890964353163363,-0.006590183103163362,0.0012223168968366381,0.014894191896836637,0.008058254396836637,-0.013670261228163363,0.0012223168968366381,-0.026853854978163363,-0.0019515112281633619,0.013673488771836637,0.0009781762718366381,0.0012223168968366381,-0.019285495603163363,-0.026853854978163363,-0.008055026853163363,0.0012223168968366381,0.0012223168968366381,-0.021726901853163363,-0.019041354978163363,-0.009275729978163363,-0.002683933103163362,0.0012223168968366381,-0.004392917478163362,0.0012223168968366381,0.0012223168968366381,0.0012223168968366381,-0.0009749487281633619,0.0012223168968366381,-0.004148776853163362,0.0012223168968366381,-0.002683933103163362,0.0007340356468366381,0.004884426271836638,0.005616848146836638,-0.0019515112281633619,-0.011717136228163363,0.0012223168968366381,1.6137718366381407e-06,0.0012223168968366381,0.005860988771836638,-0.00048666747816336186,-0.00024252685316336186,0.002198879396836638,0.003663723146836638,0.0012223168968366381,0.012696926271836637,0.013429348146836637,0.010987941896836637,0.0012223168968366381,0.006349270021836638,0.0012223168968366381,0.0012223168968366381,0.0012223168968366381,0.015870754396836637,0.0012223168968366381,0.010255520021836637,0.012208645021836637,0.015870754396836637,0.0012223168968366381,0.016114895021836637,0.010011379396836637,0.0012223168968366381,0.003907863771836638,0.003175441896836638,1.6137718366381407e-06,0.003175441896836638,0.004152004396836638,0.001954738771836638,0.0012223168968366381,0.0012223168968366381,0.002443020021836638,0.04077309814683664,0.03833169189683664,-0.011961276853163363,-0.07006674560316337,0.0005132104515241376,0.0012223168968366381,0.0012223168968366381,0.0012223168968366381,0.0012223168968366381,0.0012223168968366381,0.0005132104515241376,-0.04638510497816336,0.009523098146836637,0.0012223168968366381,0.028321926271836637,-0.025144870603163363,-0.04052572997816336,-0.018308933103163363,0.023683254396836637,0.0012223168968366381,0.030519191896836637,0.0012223168968366381,-0.004881198728163362,0.020021145021836637,0.04443520752183664,0.03930825439683664,0.009767238771836637,-0.011961276853163363,0.0012223168968366381,0.0004898950218366381,0.0012223168968366381,0.05786294189683664,0.002198879396836638,-0.03954916747816336,-0.025877292478163363,0.03149575439683664,0.0012223168968366381,0.0005132104515241376,-0.011472995603163363,-0.06811362060316337,0.0012223168968366381,0.010987941896836637,0.0005132104515241376,0.0005132104515241376,0.0012223168968366381,0.012208645021836637,0.0005132104515241376,-0.025633151853163363,0.07153481689683663,0.0005132104515241376,0.0012223168968366381,-0.06786947997816337,0.0012223168968366381,0.0005132104515241376,0.05102700439683664,0.0005132104515241376,0.03491372314683664,-0.05639487060316336,0.0005132104515241376,-0.03808432372816336,0.0012223168968366381,0.0012223168968366381,0.0005132104515241376,-0.04833822997816336,-0.06567221435316337,-0.024900729978163363,0.027101223146836637,0.04638833252183664,0.0012223168968366381,0.015626613771836637,-0.06591635497816337,0.0012223168968366381,0.020753566896836637,0.05322427002183664,0.015870754396836637,-0.04174643310316336,0.0012223168968366381,-0.05737143310316336,0.008790676271836637,0.022950832521836637,-0.0012190893531633619,0.0012223168968366381,0.0005132104515241376,-0.03564291747816336,0.0012223168968366381,0.012696926271836637,-0.031004245603163363,-0.06835776122816337,0.0005132104515241376,-0.03710776122816336,0.017091457521836637,0.0012223168968366381,-0.017576511228163363,0.0012223168968366381,0.0005132104515241376,-0.03930502685316336,0.0012223168968366381,0.0012223168968366381,0.0012223168968366381,-0.04687338622816336,-0.06518393310316337,-0.03881674560316336,0.0012223168968366381,0.0012223168968366381,0.04297036377183664,-0.005125339353163362,-0.04565268310316336,-0.03759604247816336,0.010987941896836637,0.04834145752183664,0.0012223168968366381,0.03515786377183664,-0.03686362060316336,0.0012223168968366381,0.03247231689683664,0.03637856689683664,0.007081691896836638,-0.020262058103163363,0.0012223168968366381,0.006593410646836638,0.03857583252183664,0.05688637939683664,0.0012223168968366381,0.0012223168968366381,0.0012223168968366381,0.0012223168968366381,0.0012223168968366381,0.06836098877183663,0.06274575439683663,0.022950832521836637,-0.012449558103163363,0.0012223168968366381,0.017091457521836637,0.04736489502183664,0.04223794189683664,0.012208645021836637,0.0012223168968366381,-0.023924167478163363,0.0012223168968366381,-0.003172214353163362,0.027101223146836637,0.008546535646836637,-0.03710776122816336,-0.05248862060316336,-0.020262058103163363,0.017579738771836637,0.0012223168968366381,0.0012223168968366381,-0.016355808103163363,0.0012223168968366381,0.0012223168968366381,0.0012223168968366381,0.03589028564683664,0.027345363771836637,0.0017105981468366381,0.0012223168968366381,-0.005857761228163362,0.0012223168968366381,0.03149575439683664,0.03369302002183664,0.011232082521836637,-0.020750339353163363,0.0012223168968366381,-0.021726901853163363,0.03662270752183664,0.03735512939683664,0.015626613771836637,0.0012223168968366381,-0.019529636228163363,-0.003416354978163362,0.0012223168968366381,0.023927395021836637,0.017335598146836637,-0.011472995603163363,-0.03686362060316336,-0.03149252685316336,-0.002439792478163362,0.0012223168968366381,0.007569973146836638,0.0012223168968366381,-0.029051120603163363,-0.04540854247816336,-0.021726901853163363,0.011964504396836637,0.017579738771836637,0.004152004396836638,0.0012223168968366381,-0.011228854978163363,0.0012223168968366381,0.019288723146836637,0.021485988771836637,0.008302395021836637,0.014650051271836637,0.017091457521836637,0.0012223168968366381,-0.014402683103163363,0.008058254396836637,0.014894191896836637,0.0012223168968366381,0.006105129396836638,0.008790676271836637,-0.006101901853163362,0.0012223168968366381,-0.020262058103163363,0.002931301271836638,0.014405910646836637,0.020265285646836637,0.014161770021836637,0.0012223168968366381,-0.007566745603163362,0.0012223168968366381,0.021485988771836637,0.015870754396836637,0.023439113771836637,0.020265285646836637,-0.00024252685316336186,0.0012223168968366381,0.0012223168968366381,0.0012223168968366381,0.0012223168968366381,0.0012223168968366381,0.0012223168968366381,0.008546535646836637,-0.008543308103163363,-0.015135104978163363,-0.0017073706031633619,0.008790676271836637,0.0012223168968366381,0.004396145021836638,0.002687160646836638,0.003175441896836638,0.0012223168968366381,-0.009275729978163363,-0.013914401853163363,0.0012223168968366381,-0.011717136228163363,0.009278957521836637,-0.006590183103163362,-0.03393393310316336,-0.03320151122816336,-0.009519870603163363,0.0012223168968366381,0.0012223168968366381,-0.012205417478163363,0.0012223168968366381,0.0012223168968366381,0.0012223168968366381,-0.029051120603163363,-0.009519870603163363,0.010743801271836637,0.010011379396836637,0.0012223168968366381,0.0012223168968366381,-0.025633151853163363,-0.010252292478163363,-0.006346042478163362,-0.012693698728163363,-0.019285495603163363,-0.020506198728163363,0.0012223168968366381,-0.019285495603163363,-0.03564291747816336,0.0012223168968366381,-0.010008151853163363,-0.007810886228163362,-0.019041354978163363,-0.019529636228163363,0.0012223168968366381,-0.003416354978163362,-0.013181979978163363,0.0012223168968366381,0.0012223168968366381,0.0012223168968366381,0.0012223168968366381,0.013185207521836637,0.0012223168968366381,-0.006590183103163362,-0.007810886228163362,0.0014664575218366381,0.016359035646836637,0.016114895021836637,0.0012223168968366381,0.004884426271836638,0.0004898950218366381,0.0012223168968366381,0.020021145021836637,0.015870754396836637,0.0009781762718366381,-0.004881198728163362,0.0012223168968366381,0.004396145021836638,0.023683254396836637,0.018312160646836637,0.005128566896836638,0.0012223168968366381,0.007081691896836638,0.028077785646836637,0.03589028564683664,0.0012223168968366381,-0.003172214353163362,0.007081691896836638,0.03491372314683664,0.04394692627183664,0.03271645752183664,0.0012223168968366381,0.012941066896836637,0.0012223168968366381,0.022462551271836637,0.022950832521836637,0.028321926271836637,0.027345363771836637,0.021730129396836637,0.021485988771836637,0.0012223168968366381,0.005616848146836638,0.0012223168968366381,0.00024575439683663814,-0.0009749487281633619,0.004884426271836638,0.014161770021836637,0.0012223168968366381,0.008790676271836637,-0.028562839353163363,-0.022215183103163363,0.002198879396836638,0.0012223168968366381,-0.006101901853163362,-0.024168308103163363,0.0012223168968366381,0.009278957521836637,0.024415676271836637,0.010499660646836637,-0.012449558103163363,-0.019529636228163363,0.005616848146836638,0.0012223168968366381,0.0012223168968366381,0.0007340356468366381,-0.013181979978163363,-0.002439792478163362,0.009767238771836637,0.012452785646836637,0.0012223168968366381,0.005128566896836638,-0.019041354978163363,-0.017820651853163363,0.0012223168968366381,-0.018797214353163363,-0.013426120603163363,-0.012449558103163363,0.0012223168968366381,-0.026365573728163363,0.0012223168968366381,0.0012223168968366381,0.0012223168968366381,-0.016599948728163363,0.0012223168968366381,0.0012223168968366381,-0.05761557372816336,0.006349270021836638,0.015626613771836637,-0.005613620603163362,-0.03881674560316336,-0.05273276122816336,0.0012223168968366381,0.009523098146836637,0.028321926271836637,0.0012223168968366381,-0.04321127685316336,-0.04223471435316336,-0.004881198728163362,0.0012223168968366381,0.03320473877183664,-0.006834323728163362,-0.030760104978163363,-0.020750339353163363,0.010987941896836637,0.0012223168968366381,0.0012223168968366381,0.0012223168968366381,0.0012223168968366381,0.0012223168968366381,0.021241848146836637,0.05102700439683664,0.0012223168968366381,0.04052895752183664,-0.018553073728163363,-0.008055026853163363,0.0012223168968366381,0.04858559814683664,0.028321926271836637,-0.006101901853163362,0.0012223168968366381,0.027589504396836637,0.05078286377183664,0.03955239502183664,0.011476223146836637,-0.011961276853163363,0.0012223168968366381,0.020265285646836637,0.0012223168968366381,0.03515786377183664,-0.020750339353163363,-0.04272299560316336,0.0012223168968366381,0.0012223168968366381,0.0012223168968366381,0.0007340356468366381,0.0012223168968366381,0.0012223168968366381,-0.026365573728163363,0.002931301271836638,-0.00024252685316336186,-0.017576511228163363,-0.029783542478163363,0.0012223168968366381,-0.023680026853163363,0.015626613771836637,0.017823879396836637,0.0012223168968366381,-0.015623386228163363,-0.007322604978163362,0.027101223146836637,0.0012223168968366381,0.04834145752183664,0.020509426271836637,-0.008055026853163363,-0.011228854978163363,0.015382473146836637,0.0012223168968366381,0.0012223168968366381,0.006593410646836638,-0.017820651853163363,-0.004881198728163362,0.0012223168968366381,0.016114895021836637,-0.012449558103163363,-0.030271823728163363,-0.025633151853163363,-0.017576511228163363,0.0012223168968366381,-0.022215183103163363,0.0012223168968366381,-0.03466635497816336,-0.030027683103163363,-0.020994479978163363,-0.017332370603163363,-0.019529636228163363,0.0012223168968366381,-0.029783542478163363,-0.03149252685316336,0.0012223168968366381,-0.006346042478163362,0.004640285646836638,0.006105129396836638,-0.00048666747816336186,0.0012223168968366381,0.015626613771836637,0.03149575439683664,0.03198403564683664,0.024171535646836637,0.0012223168968366381,0.03564614502183664,0.05102700439683664,0.0012223168968366381,0.04297036377183664,0.03320473877183664,0.019777004396836637,0.006105129396836638,0.006837551271836638,0.027589504396836637,0.0012223168968366381,0.0012223168968366381,0.03418130127183664,-0.03246908935316336,-0.020506198728163363,-0.0017073706031633619,0.005372707521836638,-0.0012190893531633619,0.0012223168968366381,-0.04272299560316336,-0.04345541747816336,0.0012223168968366381,-0.027097995603163363,-0.027830417478163363,-0.03588705810316336,0.0012223168968366381,0.0012223168968366381,0.0012223168968366381,0.0012223168968366381,0.0009781762718366381,-0.009519870603163363,0.0012223168968366381,0.0012223168968366381,0.03418130127183664,0.0012223168968366381,0.03564614502183664,0.017579738771836637,0.0012223168968366381,0.03662270752183664,0.04077309814683664,0.0012223168968366381,0.026368801271836637,0.0012223168968366381,0.0012223168968366381,0.021974270021836637,-0.005613620603163362,-0.003416354978163362,0.0012223168968366381,0.012208645021836637,-0.012205417478163363,0.0012223168968366381,-0.029051120603163363,0.0012223168968366381,0.0012223168968366381,0.0012223168968366381,0.0012223168968366381,0.0012223168968366381,-0.04394369872816336,-0.04223471435316336,0.0012223168968366381,-0.03661947997816336,-0.020017917478163363,0.0012223168968366381,0.0012223168968366381,-0.017576511228163363,0.0012223168968366381,0.0009781762718366381,0.014161770021836637,0.0012223168968366381,0.018556301271836637,0.029542629396836637,0.0012223168968366381,0.03930825439683664,0.0012223168968366381,0.0012223168968366381,0.0012223168968366381,0.012452785646836637,0.019777004396836637,0.0012223168968366381,0.0012223168968366381,0.0012223168968366381,0.0012223168968366381,0.001954738771836638,0.0012223168968366381,0.0012223168968366381,-0.019041354978163363,0.0012223168968366381,-0.03491049560316336,-0.021482761228163363,0.0012223168968366381,-0.028806979978163363,-0.03466635497816336,0.0012223168968366381,-0.03149252685316336,0.0012223168968366381,0.0012223168968366381,0.004884426271836638,0.008790676271836637,0.0012223168968366381,0.009523098146836637,0.0012223168968366381,0.021485988771836637,0.0012223168968366381,0.020509426271836637,0.0012223168968366381,0.0012223168968366381,0.03759927002183664,0.0012223168968366381,0.017823879396836637,0.030519191896836637,0.0012223168968366381,0.04785317627183664,0.0012223168968366381,0.0012223168968366381,0.0012223168968366381,0.0012223168968366381,0.0012223168968366381,0.0012223168968366381,-0.025389011228163363,0.0012223168968366381,-0.028074558103163363,-0.016599948728163363,0.0012223168968366381,-0.03368979247816336,-0.05541830810316336,0.0012223168968366381,-0.05200033935316336,0.0012223168968366381,0.011476223146836637,0.0012223168968366381,-0.002195651853163362,-0.011472995603163363,0.0012223168968366381,0.007569973146836638,0.026612941896836637,0.03149575439683664,0.0012223168968366381,0.006593410646836638,0.0012223168968366381,0.0012223168968366381,0.020753566896836637,0.014161770021836637,0.0012223168968366381,-0.017820651853163363,-0.019773776853163363,-0.004637058103163362,0.0012223168968366381,0.001954738771836638,-0.024412448728163363,0.0012223168968366381,0.0012223168968366381,-0.03881674560316336,-0.028562839353163363,-0.029783542478163363,0.0012223168968366381,-0.017332370603163363,-0.012693698728163363,-0.008055026853163363,0.0012223168968366381,0.011232082521836637,0.0012223168968366381,0.0012223168968366381,0.010987941896836637,0.0012223168968366381,0.0012223168968366381,0.0012223168968366381,0.026612941896836637,0.0012223168968366381,0.022950832521836637,0.020021145021836637,0.0012223168968366381,0.0012223168968366381,0.020753566896836637,0.022218410646836637,0.003907863771836638,0.0012223168968366381,-0.003660495603163362,0.005372707521836638,-0.006346042478163362,-0.023191745603163363,0.0012223168968366381,0.0012223168968366381,-0.03271322997816336,0.0012223168968366381,-0.016844089353163363,-0.018308933103163363,-0.030271823728163363,-0.020750339353163363,0.0012223168968366381,0.0012223168968366381,0.0012223168968366381,0.0012223168968366381,0.0012223168968366381,0.0012223168968366381,0.021730129396836637,0.03759927002183664,0.0012223168968366381,0.020509426271836637,-0.002683933103163362,-0.011472995603163363,0.0012223168968366381,0.003419582521836638,0.022950832521836637,0.0012223168968366381,0.0012223168968366381,-0.019041354978163363,-0.021482761228163363,-0.014646823728163363,0.0012223168968366381,-0.014158542478163363,-0.021971042478163363,-0.03930502685316336,0.0012223168968366381,-0.04516440185316336,0.0012223168968366381,-0.013426120603163363,0.0012223168968366381,0.0012223168968366381,0.0012223168968366381,0.0012223168968366381,0.015626613771836637,0.025636379396836637,0.0012223168968366381,0.03247231689683664,0.0012223168968366381,0.0012223168968366381,0.015626613771836637,0.012696926271836637,0.013185207521836637,0.019532863771836637,0.012696926271836637,0.0012223168968366381,-0.003904636228163362,-0.00048666747816336186,0.003419582521836638,0.0012223168968366381,-0.007078464353163362,0.0012223168968366381,-0.03271322997816336,-0.026365573728163363,-0.009764011228163363,-0.007810886228163362,-0.011961276853163363,-0.010740573728163363,0.0012223168968366381,0.010499660646836637,0.0012223168968366381,0.013185207521836637,0.016359035646836637,0.030030910646836637,0.03222817627183664,0.0012223168968366381,0.026612941896836637,0.011964504396836637,0.005372707521836638,0.0012223168968366381,0.0012223168968366381,0.001954738771836638,-0.00048666747816336186,-0.011228854978163363,0.0012223168968366381,-0.027830417478163363,-0.017820651853163363,-0.023924167478163363,-0.03246908935316336,-0.026365573728163363,0.0012223168968366381,-0.004392917478163362,0.0012223168968366381,-0.03222494872816336,-0.011717136228163363,0.021485988771836637,0.028810207521836637,0.014405910646836637,0.003907863771836638,0.0012223168968366381,0.03808755127183664,0.0012223168968366381,0.026612941896836637,0.009034816896836637,-0.005857761228163362,-0.005857761228163362,0.009767238771836637,0.0012223168968366381,0.016603176271836637,-0.00024252685316336186,-0.027097995603163363,0.0012223168968366381,-0.04540854247816336,-0.026121433103163363,-0.010008151853163363,0.0012223168968366381,-0.023680026853163363,-0.03417807372816336,-0.030027683103163363,-0.014890964353163363,0.0012223168968366381,0.0012223168968366381,0.0012223168968366381,0.0012223168968366381,0.0012223168968366381,0.021730129396836637,0.021241848146836637,0.020997707521836637,0.0012223168968366381,0.022218410646836637,0.020021145021836637,0.014161770021836637,0.015382473146836637,0.016114895021836637,0.0012223168968366381,0.0012223168968366381,-0.004148776853163362,0.002687160646836638,-0.004881198728163362,-0.03344565185316336,0.0012223168968366381,-0.04223471435316336,-0.002683933103163362,0.015626613771836637,0.004884426271836638,0.0012223168968366381,0.0012223168968366381,0.011720363771836637,0.0012223168968366381,0.0012223168968366381,0.0012223168968366381,0.03344887939683664,0.03540200439683664,0.024415676271836637,0.0012223168968366381,0.004640285646836638,0.0012223168968366381,0.017579738771836637,-0.004392917478163362,-0.024656589353163363,-0.024656589353163363,0.0012223168968366381,0.016847316896836637,-0.004881198728163362,-0.04565268310316336,-0.06347494872816337,0.0012223168968366381,-0.012937839353163363,-0.002195651853163362,-0.013670261228163363,-0.026365573728163363,0.0012223168968366381,-0.004392917478163362,0.0012223168968366381,0.0012223168968366381,0.0012223168968366381,0.0012223168968366381,0.0012223168968366381,0.002443020021836638,0.001954738771836638,0.013673488771836637,0.016847316896836637,0.0012223168968366381,-0.010496433103163363,-0.017332370603163363,-0.004881198728163362,0.005128566896836638,0.0012223168968366381,-0.03515463622816336,-0.03344565185316336,0.0012223168968366381,-0.014158542478163363,-0.013426120603163363,-0.017332370603163363,-0.008543308103163363,0.006837551271836638,0.010499660646836637,0.0012223168968366381,0.0012223168968366381,0.018068020021836637,0.04004067627183664,0.04590005127183664,0.03198403564683664,0.013429348146836637,0.0012223168968366381,0.018556301271836637,0.015382473146836637,-0.002928073728163362,0.0012223168968366381,-0.015379245603163363,-0.005613620603163362,-0.005369479978163362,0.0012223168968366381,0.0012223168968366381,0.0012223168968366381,0.0012223168968366381,0.0012223168968366381,0.0014664575218366381,0.0012223168968366381,0.017579738771836637,0.0012223168968366381,-0.010984714353163363,0.007569973146836638,0.03442544189683664,0.04834145752183664,0.04492348877183664,0.023194973146836637,0.0012223168968366381,-0.006101901853163362,0.0012223168968366381,0.025636379396836637,0.027101223146836637,0.008546535646836637,-0.019529636228163363,-0.029783542478163363,0.0012223168968366381,-0.011228854978163363,-0.007566745603163362,-0.018308933103163363,0.0012223168968366381,0.0012223168968366381,0.0012223168968366381,0.0012223168968366381,0.0012223168968366381,0.015382473146836637,0.0012223168968366381,0.0009781762718366381,0.021974270021836637,0.04687661377183664,0.0012223168968366381,0.0012223168968366381,-0.016355808103163363,-0.009031589353163363,0.017823879396836637,0.028077785646836637,-0.0009749487281633619,0.0012223168968366381,0.0005132104515241376,-0.06835776122816337,-0.04223471435316336,0.0012223168968366381,-0.007078464353163362,-0.006101901853163362,0.0012223168968366381,-0.027342136228163363,-0.016599948728163363,0.011232082521836637,0.0012223168968366381,0.0012223168968366381,0.0012223168968366381,0.011232082521836637,0.0012223168968366381,0.04272622314683664,-0.019285495603163363,0.0012223168968366381,-0.026609714353163363,-0.005125339353163362,0.007814113771836637,-0.016599948728163363,-0.05077963622816336,-0.05346518310316336,0.0012223168968366381,-0.025633151853163363,-0.03637533935316336,0.0012223168968366381,-0.04662924560316336,-0.03784018310316336,-0.03222494872816336,-0.025877292478163363,-0.018797214353163363,-0.015623386228163363,0.0012223168968366381,-0.016599948728163363,0.0012223168968366381,-0.0007308081031633619,0.024415676271836637,0.030519191896836637,0.011964504396836637,0.002443020021836638,0.015138332521836637,0.027833645021836637,0.0012223168968366381,0.003175441896836638,0.0012223168968366381,0.014405910646836637,0.03369302002183664,0.03589028564683664,0.025148098146836637,0.004152004396836638,-0.008299167478163363,0.0017105981468366381,0.0012223168968366381,0.0012223168968366381,0.029542629396836637,0.019532863771836637,0.014405910646836637,0.016114895021836637,0.019777004396836637,0.024659816896836637,0.026612941896836637,0.023194973146836637,0.0012223168968366381,0.0012223168968366381,0.028077785646836637,0.03466958252183664,0.03173989502183664,0.016603176271836637,-0.002195651853163362,-0.007810886228163362,0.003663723146836638,0.018800441896836637,0.0012223168968366381,0.0012223168968366381,0.0012223168968366381,0.0009781762718366381,0.008546535646836637,0.017579738771836637,0.020021145021836637,0.014161770021836637,0.0012223168968366381,0.008546535646836637,0.010499660646836637,0.0012223168968366381,0.021485988771836637,0.017091457521836637,0.014161770021836637,0.017091457521836637,0.016603176271836637,0.015626613771836637,0.0012223168968366381,0.0017105981468366381,1.6137718366381407e-06,0.005128566896836638,0.0012223168968366381,0.006593410646836638,-0.0009749487281633619,-0.009519870603163363,-0.014646823728163363,0.002198879396836638,0.0012223168968366381,0.005128566896836638,-0.006101901853163362,-0.018064792478163363,0.0012223168968366381
UR5e_W,0.011909816576086956,0.026558254076086956,0.03974184782608696,0.03900942595108696,0.0006793478260869569,0.028023097826086956,0.015083644701086956,0.014839504076086956,0.0006793478260869569,0.03144106657608696,0.0006793478260869569,0.0006793478260869569,0.0006793478260869569,0.0006793478260869569,0.0006793478260869569,0.014351222826086956,0.0006793478260869569,-0.010306980298913044,0.0006793478260869569,-0.012504245923913044,0.0006793478260869569,-0.015189792798913044,-0.019828464673913044,-0.022758152173913044,-0.025687839673913044,-0.023002292798913044,-0.017631199048913044,-0.017875339673913044,0.0006793478260869569,0.0006793478260869569,-0.029105808423913044,-0.025199558423913044,-0.012748386548913044,-0.019096042798913044,-0.018363620923913044,-0.015433933423913044,0.0006793478260869569,0.0006793478260869569,0.0006793478260869569,0.0006793478260869569,0.0006793478260869569,0.0006793478260869569,0.0006793478260869569,0.0006793478260869569,0.0006793478260869569,0.0006793478260869569,0.0006793478260869569,0.0006793478260869569,0.0006793478260869569,0.0006793478260869569,0.0006793478260869569,0.0006793478260869569,0.0006793478260869569,0.0006793478260869569,0.0006793478260869569,0.0006793478260869569,0.0006793478260869569,0.011909816576086956,0.0006793478260869569,0.013374660326086956,0.003120754076086957,0.008980129076086956,0.0006793478260869569,0.0006793478260869569,0.016060207201086956,0.010689113451086956,0.005806300951086957,0.0006793478260869569,0.0006793478260869569,0.005562160326086957,0.014839504076086956,0.002876613451086957,-0.007621433423913043,0.0006793478260869569,0.0006793478260869569,0.005318019701086957,0.0006793478260869569,0.0006793478260869569,0.0006793478260869569,-0.005668308423913043,0.0006793478260869569,0.004097316576086957,0.018745754076086956,0.007515285326086957,0.0006793478260869569,-0.009818699048913044,0.0006793478260869569,0.003364894701086957,0.009712550951086956,-0.001273777173913043,-0.012260105298913044,-0.010795261548913044,0.0006793478260869569,0.005073879076086957,0.0006793478260869569,0.0006793478260869569,-0.004935886548913043,-0.0005413552989130431,-0.002494480298913043,-0.007377292798913043,-0.006889011548913043,0.0006793478260869569,-0.001029636548913043,0.0006793478260869569,0.0006793478260869569,0.0006793478260869569,0.0006793478260869569,-0.0005413552989130431,0.0006793478260869569,-0.001273777173913043,-0.005668308423913043,-0.006400730298913043,-0.003715183423913043,0.001655910326086957,0.00043520720108695694,0.0006793478260869569,-0.005668308423913043,0.0006793478260869569,-0.007621433423913043,-0.003226902173913043,-0.002494480298913043,-0.008109714673913044,-0.015678074048913044,0.0006793478260869569,-0.014701511548913044,-0.005668308423913043,-0.004935886548913043,0.0006793478260869569,-0.003959324048913043,0.0006793478260869569,0.0006793478260869569,0.0006793478260869569,0.0006793478260869569,-0.003715183423913043,-0.006889011548913043,-0.003471042798913043,0.004341457201086957,0.0006793478260869569,0.0006793478260869569,0.008735988451086956,0.008491847826086956,0.011421535326086956,0.014351222826086956,0.015083644701086956,0.0006793478260869569,0.012153957201086956,0.015816066576086956,0.010200832201086956,0.0006793478260869569,0.019478175951086956,0.005806300951086957,-0.0007854959239130431,0.0006793478260869569,0.010933254076086956,0.018745754076086956,0.009712550951086956,0.0006793478260869569,0.0006793478260869569,0.0006793478260869569,0.0006793478260869569,0.0006793478260869569,0.008003566576086956,-0.006400730298913043,-0.011039402173913044,-0.006400730298913043,0.002388332201086957,0.0006793478260869569,0.006782863451086957,-0.002006199048913043,-0.016898777173913044,0.0006793478260869569,0.002388332201086957,-0.011039402173913044,0.0006793478260869569,-0.04375424592391304,-0.06084408967391304,-0.03716244904891304,-0.024222995923913044,-0.03423276154891304,-0.05937924592391304,0.0006793478260869569,0.0006793478260869569,-0.05010190217391304,0.0006793478260869569,0.0006793478260869569,0.0006793478260869569,-0.04448666779891304,-0.022514011548913044,0.0006793478260869569,0.004829738451086957,0.017280910326086956,0.0006793478260869569,-0.004691745923913043,0.015327785326086956,0.031196925951086956,0.03315005095108696,0.0006793478260869569,0.028023097826086956,0.029487941576086956,0.04242739470108696,0.04828676970108696,0.0006793478260869569,0.0006793478260869569,0.027046535326086956,0.024116847826086956,0.03485903532608696,0.04633364470108696,0.04706606657608696,0.03803286345108696,0.0006793478260869569,0.0006793478260869569,0.0006793478260869569,0.0006793478260869569,0.0006793478260869569,0.03266176970108696,0.019966457201086956,0.008735988451086956,0.0006793478260869569,0.008735988451086956,0.015083644701086956,0.006294582201086957,-0.004691745923913043,-0.012015964673913044,0.0006793478260869569,0.002876613451086957,0.0006793478260869569,0.0006793478260869569,-0.014945652173913044,-0.03179135529891304,-0.019584324048913044,-0.010062839673913044,-0.013236667798913044,-0.027640964673913044,0.0006793478260869569,0.0006793478260869569,-0.026664402173913044,0.0006793478260869569,0.0006793478260869569,0.0006793478260869569,0.0006793478260869569,-0.03325619904891304,-0.009818699048913044,0.006294582201086957,0.009224269701086956,0.0006793478260869569,-0.015189792798913044,0.0006793478260869569,-0.016898777173913044,0.005806300951086957,0.017769191576086956,0.015083644701086956,0.003609035326086957,-0.0005413552989130431,0.0006793478260869569,0.004097316576086957,0.0006793478260869569,0.006538722826086957,0.007027004076086957,0.012153957201086956,0.021187160326086956,0.029243800951086956,0.0006793478260869569,0.026802394701086956,0.0006793478260869569,0.0006793478260869569,0.0006793478260869569,0.0006793478260869569,0.0006793478260869569,0.002876613451086957,-0.005180027173913043,0.004585597826086957,0.014351222826086956,0.005318019701086957,-0.008109714673913044,0.0006793478260869569,-0.015433933423913044,-0.015678074048913044,0.0006793478260869569,0.010933254076086956,0.001411769701086957,-0.017631199048913044,0.0006793478260869569,-0.029594089673913044,-0.025687839673913044,-0.001029636548913043,0.00019106657608695694,-0.012992527173913044,0.0006793478260869569,-0.023246433423913044,0.0006793478260869569,0.0006793478260869569,0.0006793478260869569,0.0006793478260869569,-0.003226902173913043,0.002144191576086957,0.006782863451086957,0.0006793478260869569,0.007027004076086957,0.0006793478260869569,0.008003566576086956,0.025581691576086956,0.03339419157608696,0.021431300951086956,0.0006793478260869569,-0.001517917798913043,-0.009330417798913044,0.027778957201086956,0.03705630095108696,0.0006793478260869569,0.00043520720108695694,-0.007377292798913043,0.0006793478260869569,0.009956691576086956,0.03461489470108696,0.012398097826086956,0.0006793478260869569,0.0006793478260869569,0.0006793478260869569,0.0006793478260869569,0.0006793478260869569,0.006782863451086957,-0.016166355298913044,-0.03154721467391304,-0.026176120923913044,0.0006793478260869569,-0.010306980298913044,-0.004935886548913043,-0.013480808423913044,-0.022758152173913044,0.0006793478260869569,0.0006793478260869569,0.0006793478260869569,-0.003471042798913043,-0.023002292798913044,-0.018851902173913044,-0.012992527173913044,-0.012260105298913044,-0.015433933423913044,0.0006793478260869569,-0.009330417798913044,0.0006793478260869569,-0.005180027173913043,0.0006793478260869569,0.0006793478260869569,0.0006793478260869569,0.0009234884510869569,0.0006793478260869569,0.015816066576086956,0.012886379076086956,-5.3074048913043063e-05,0.0006793478260869569,-0.008597995923913044,0.006538722826086957,0.0006793478260869569,0.021675441576086956,0.005562160326086957,0.0009234884510869569,0.007515285326086957,0.017525050951086956,0.018989894701086956,0.0006793478260869569,0.0006793478260869569,-0.004691745923913043,0.009712550951086956,0.014107082201086956,0.011421535326086956,0.003364894701086957,-0.006156589673913043,0.0006793478260869569,0.0006793478260869569,0.0006793478260869569,0.0006793478260869569,0.0006793478260869569,-0.002006199048913043,0.0006793478260869569,0.003609035326086957,0.010444972826086956,0.001655910326086957,-0.010795261548913044,-0.014213230298913044,-0.006156589673913043,0.012642238451086956,0.0006793478260869569,0.0006793478260869569,0.007271144701086957,0.005562160326086957,0.008491847826086956,0.014351222826086956,0.013130519701086956,0.0006793478260869569,0.0006793478260869569,-0.009086277173913044,0.018501613451086956,0.0006793478260869569,0.015816066576086956,0.0006793478260869569,0.0006793478260869569,0.0006793478260869569,0.0006793478260869569,0.001900050951086957,-0.004447605298913043,-0.004935886548913043,-0.011283542798913044,0.0006793478260869569,-0.017875339673913044,0.0006793478260869569,-0.025931980298913044,-0.03301205842391304,-0.024711277173913044,-0.016898777173913044,-0.015433933423913044,0.0006793478260869569,-0.019096042798913044,-0.029838230298913044,0.0006793478260869569,-0.021537449048913044,-0.011527683423913044,0.0006793478260869569,-0.007621433423913043,-0.009330417798913044,-0.012504245923913044,0.0006793478260869569,0.0006793478260869569,0.0006793478260869569,0.0006793478260869569,0.0006793478260869569,0.03266176970108696,0.028023097826086956,0.018745754076086956,0.008735988451086956,0.008003566576086956,0.018013332201086956,0.0006793478260869569,0.028267238451086956,0.03827700407608696,0.0006793478260869569,0.0006793478260869569,0.0006793478260869569,0.0006793478260869569,0.0006793478260869569,0.0006793478260869569,0.0006793478260869569,0.019722316576086956,0.008247707201086956,0.025825832201086956,0.0006793478260869569,0.007759425951086957,0.0006793478260869569,0.0006793478260869569,0.0006793478260869569,0.0006793478260869569,0.001655910326086957,0.001655910326086957,-0.013724949048913044,-0.028129245923913044,0.0006793478260869569,0.0006793478260869569,-0.013236667798913044,-0.010551120923913044,-0.028861667798913044,-0.04424252717391304,-0.04399838654891304,-0.030326511548913044,0.0006793478260869569,-0.017142917798913044,-0.016898777173913044,0.0006793478260869569,-0.013969089673913044,-0.0005413552989130431,0.007271144701086957,0.005806300951086957,-0.002738620923913043,-0.005424167798913043,0.0006793478260869569,0.0006793478260869569,0.0006793478260869569,0.0006793478260869569,0.0006793478260869569,0.0006793478260869569,0.019478175951086956,0.015327785326086956,0.008735988451086956,0.009712550951086956,0.022407863451086956,0.030708644701086956,0.028511379076086956,0.020454738451086956,0.0006793478260869569,0.0006793478260869569,0.001411769701086957,0.014839504076086956,0.011665675951086956,-0.001517917798913043,-0.006156589673913043,-0.004203464673913043,0.001900050951086957,0.0006793478260869569,0.009468410326086956,0.0006793478260869569,-0.013724949048913044,0.0006793478260869569,0.0006793478260869569,0.0006793478260869569,0.0006793478260869569,0.004829738451086957,-0.027640964673913044,-0.018119480298913044,0.007271144701086957,0.0006793478260869569,0.013130519701086956,0.0006793478260869569,0.003853175951086957,0.003364894701086957,0.011909816576086956,0.017769191576086956,0.017036769701086956,0.014351222826086956,0.006538722826086957,0.0006793478260869569,0.003609035326086957,0.0006793478260869569,0.018745754076086956,0.008980129076086956,-0.009086277173913044,-0.025687839673913044,0.0006793478260869569,-0.030326511548913044,0.0006793478260869569,0.0006793478260869569,0.0006793478260869569,0.0006793478260869569,0.0006793478260869569,-0.04961362092391304,-0.014213230298913044,-0.003226902173913043,-0.006889011548913043,-0.015922214673913044,0.0006793478260869569,-0.027152683423913044,-0.025931980298913044,-0.014213230298913044,0.0006793478260869569,-0.001762058423913043,0.0006793478260869569,-0.001762058423913043,0.003609035326086957,0.016060207201086956,0.023628566576086956,0.023872707201086956,0.0006793478260869569,0.026314113451086956,0.018745754076086956,0.0006793478260869569,0.025337550951086956,0.0006793478260869569,0.0006793478260869569,0.0006793478260869569,0.0006793478260869569,0.03656801970108696,0.03241762907608696,0.026314113451086956,0.009468410326086956,0.0006793478260869569,0.0006793478260869569,-0.007865574048913044,0.022652004076086956,0.013130519701086956,-0.007133152173913043,0.0006793478260869569,-0.023490574048913044,-0.002250339673913043,0.020698879076086956,0.009712550951086956,0.0006793478260869569,-0.04668393342391304,0.0006793478260869569,-0.03716244904891304,-0.024467136548913044,-0.012992527173913044,-0.012015964673913044,0.0006793478260869569,0.0006793478260869569,0.0006793478260869569,0.0006793478260869569,0.0006793478260869569,-0.004203464673913043,0.0006793478260869569,0.015083644701086956,0.020943019701086956,0.018989894701086956,0.002632472826086957,-0.011039402173913044,-0.006156589673913043,0.0006793478260869569,0.010933254076086956,0.0006793478260869569,0.007027004076086957,-0.022025730298913044,-0.029349949048913044,-0.009574558423913044,0.010200832201086956,0.012886379076086956,-5.3074048913043063e-05,0.0006793478260869569,-0.018119480298913044,0.0006793478260869569,-0.013236667798913044,0.0006793478260869569,0.0006793478260869569,0.0006793478260869569,-0.03740658967391304,-0.031058933423913044,0.0006793478260869569,-0.010062839673913044,0.002144191576086957,0.0006793478260869569,-0.021293308423913044,0.0006793478260869569,-0.004447605298913043,0.010689113451086956,0.017036769701086956,0.018013332201086956,0.017036769701086956,0.0006793478260869569,0.027046535326086956,0.030952785326086956,0.0006793478260869569,0.022652004076086956,0.028267238451086956,0.03388247282608696,0.0006793478260869569,0.026314113451086956,0.0006793478260869569,0.0006793478260869569,0.0006793478260869569,0.023140285326086956,0.0006793478260869569,0.0006793478260869569,-0.014457370923913044,-0.006156589673913043,0.002144191576086957,0.0006793478260869569,-0.003226902173913043,-0.030814792798913044,-0.03716244904891304,-0.03691830842391304,0.0006793478260869569,0.0006793478260869569,-0.021537449048913044,-0.013236667798913044,-0.021537449048913044,-0.026176120923913044,0.0006793478260869569,-0.017631199048913044,0.016304347826086956,0.001655910326086957,-0.010551120923913044,0.0006793478260869569,0.0006793478260869569,0.008980129076086956,0.0006793478260869569,0.0006793478260869569,0.0006793478260869569,0.006294582201086957,0.003609035326086957,0.0006793478260869569,-0.005424167798913043,0.010933254076086956,0.0006793478260869569,-0.007621433423913043,0.0006793478260869569,-0.027396824048913044,0.006294582201086957,0.017525050951086956,-0.0005413552989130431,-0.026420261548913044,0.0006793478260869569,-0.03374448029891304,-0.022025730298913044,0.0006793478260869569,-0.008842136548913044,-0.015922214673913044,-0.013480808423913044,-0.007377292798913043,0.0006793478260869569,0.0006793478260869569,0.0006793478260869569,0.0006793478260869569,0.007271144701086957,0.0006793478260869569,0.024360988451086956,0.0006793478260869569,0.04023012907608696,0.029732082201086956,0.016060207201086956,0.013374660326086956,0.012642238451086956,0.004341457201086957,0.0006793478260869569,0.012398097826086956,0.0006793478260869569,0.020454738451086956,-0.007377292798913043,-0.021537449048913044,-0.006889011548913043,0.0006793478260869569,0.015816066576086956,0.014839504076086956,-0.04643979279891304,-0.04131283967391304,0.0006793478260869569,0.0006793478260869569,0.0006793478260869569,0.0006793478260869569,0.0006793478260869569,-0.018607761548913044,0.0006793478260869569,-0.007865574048913044,0.012153957201086956,-0.001517917798913043,-0.012992527173913044,0.0006793478260869569,0.004097316576086957,0.0006793478260869569,0.018013332201086956,0.007515285326086957,-0.016654636548913044,-0.025687839673913044,-0.011771824048913044,0.012642238451086956,0.0006793478260869569,0.017036769701086956,0.0006793478260869569,-0.028617527173913044,0.004341457201086957,0.026802394701086956,0.006050441576086957,0.0006793478260869569,0.0006793478260869569,0.0006793478260869569,0.0006793478260869569,-0.014213230298913044,0.0006793478260869569,-0.013724949048913044,0.0006793478260869569,-0.022514011548913044,0.011909816576086956,0.03510317595108696,0.03485903532608696,0.012153957201086956,-0.006644870923913043,0.002632472826086957,0.0006793478260869569,0.04267153532608696,0.0006793478260869569,0.03168520720108696,0.008735988451086956,-0.007377292798913043,0.010200832201086956,0.027778957201086956,0.029976222826086956,0.009956691576086956,-0.007865574048913044,0.0006793478260869569,0.0006793478260869569,0.0006793478260869569,0.0006793478260869569,0.0006793478260869569,-0.028861667798913044,-0.002006199048913043,0.016548488451086956,0.011177394701086956,0.0006793478260869569,-0.010062839673913044,0.0006793478260869569,-0.023002292798913044,0.04560122282608696,0.04071841032608696,0.010689113451086956,0.0006793478260869569,-0.012260105298913044,0.022652004076086956,0.03681216032608696,0.023872707201086956,0.0006793478260869569,-0.028861667798913044,-0.020805027173913044,0.010933254076086956,0.0006793478260869569,0.030952785326086956,0.0006793478260869569,0.0006793478260869569,0.0006793478260869569,0.002632472826086957,0.0006793478260869569,0.0006793478260869569,-0.008353855298913044,0.0003547018299932075,-0.05400815217391304,0.00019106657608695694,0.03437075407608696,0.0006793478260869569,0.018745754076086956,-0.04790463654891304,-0.013724949048913044,0.0006793478260869569,0.04950747282608696,0.028023097826086956,-0.003715183423913043,0.0006793478260869569,-0.017142917798913044,0.013862941576086956,0.016792629076086956,0.004341457201086957,-0.007377292798913043,0.0006793478260869569,0.0006793478260869569,0.0006793478260869569,0.0006793478260869569,0.0006793478260869569,0.0006793478260869569,-0.010795261548913044,-0.010795261548913044,-0.011039402173913044,-0.011283542798913044,0.0006793478260869569,-0.005424167798913043,0.0006793478260869569,-0.008842136548913044,-0.029594089673913044,-0.03911557404891304,-0.031058933423913044,-0.010062839673913044,0.0006793478260869569,0.017280910326086956,0.03632387907608696,0.0006793478260869569,-0.002982761548913043,-0.016898777173913044,-0.011283542798913044,0.013130519701086956,0.0006793478260869569,0.03241762907608696,0.0006793478260869569,0.0006793478260869569,0.0006793478260869569,0.0006793478260869569,0.0006793478260869569,0.028755519701086956,0.009712550951086956,-0.017387058423913044,-0.03154721467391304,-0.020805027173913044,0.0006793478260869569,0.010444972826086956,0.03168520720108696,0.007271144701086957,0.0006793478260869569,-0.005180027173913043,0.024360988451086956,0.04804262907608696,0.0006793478260869569,0.03852114470108696,0.007515285326086957,0.013374660326086956,0.022163722826086956,0.025093410326086956,0.0006793478260869569,0.014595363451086956,0.0006793478260869569,0.0006793478260869569,0.0006793478260869569,0.0006793478260869569,-0.004691745923913043,0.010200832201086956,0.0006793478260869569,0.012886379076086956,-0.017631199048913044,0.0006793478260869569,-0.010062839673913044,0.0006793478260869569,0.017525050951086956,0.007027004076086957,-0.014945652173913044,-0.03179135529891304,-0.028129245923913044,-0.015189792798913044,0.0006793478260869569,-0.013480808423913044,0.0006793478260869569,-0.04131283967391304,-0.029594089673913044,-0.004203464673913043,0.012886379076086956,0.009224269701086956,0.0006793478260869569,0.0006793478260869569,0.0006793478260869569,0.0006793478260869569,0.0006793478260869569,0.0006793478260869569,0.008003566576086956,-0.008109714673913044,-0.010551120923913044,0.003609035326086957,0.0006793478260869569,0.019478175951086956,0.011909816576086956,0.002876613451086957,0.003609035326086957,0.0006793478260869569,0.022652004076086956,0.014595363451086956,0.0006793478260869569,-0.001762058423913043,-0.002494480298913043,0.018013332201086956,0.025581691576086956,0.008980129076086956,-0.012504245923913044,0.0006793478260869569,0.0006793478260869569,-0.003715183423913043,0.0006793478260869569,0.0006793478260869569,0.0006793478260869569,-0.016654636548913044,-0.010062839673913044,0.004341457201086957,0.013862941576086956,0.0006793478260869569,0.0006793478260869569,-0.017387058423913044,-0.007133152173913043,0.008735988451086956,0.018257472826086956,0.014595363451086956,0.0006793478260869569,-0.001029636548913043,-0.005424167798913043,0.012398097826086956,0.0006793478260869569,0.020210597826086956,0.008980129076086956,0.0006793478260869569,0.003609035326086957,0.007759425951086957,0.012642238451086956,0.012886379076086956,0.0006793478260869569,0.0006793478260869569,0.0006793478260869569,0.0006793478260869569,0.0006793478260869569,0.006050441576086957,-0.004691745923913043,-0.008842136548913044,-0.005912449048913043,-0.001273777173913043,-0.001029636548913043,0.0006793478260869569,-0.008109714673913044,-0.012748386548913044,0.0006793478260869569,-0.002494480298913043,-0.002982761548913043,-0.006156589673913043,-0.009330417798913044,0.0006793478260869569,-0.012992527173913044,-0.015189792798913044,-0.009574558423913044,-0.007377292798913043,0.0006793478260869569,-0.010306980298913044,0.0006793478260869569,0.0006793478260869569,0.0006793478260869569,0.0006793478260869569,-5.3074048913043063e-05,-0.0007854959239130431,-0.0005413552989130431,-0.002006199048913043,0.0006793478260869569,0.0006793478260869569,-0.001029636548913043,-0.001029636548913043,-0.001029636548913043,-0.0005413552989130431,0.001900050951086957,0.002632472826086957,0.0006793478260869569,0.007515285326086957,0.005318019701086957,0.0006793478260869569,-0.001762058423913043,0.00019106657608695694,0.008980129076086956,0.0006793478260869569,0.014351222826086956,-0.030082370923913044,-0.03984799592391304,0.0006793478260869569,0.0006793478260869569,0.0006793478260869569,0.0006793478260869569,0.009956691576086956,0.0006793478260869569,0.029243800951086956,0.0003547018299932075,0.05316958220108696,0.015571925951086956,0.001900050951086957,0.025337550951086956,0.05292544157608696,0.0006793478260869569,0.0006793478260869569,0.014351222826086956,-0.03398862092391304,-0.022269870923913044,-0.006400730298913043,-0.005668308423913043,-0.017387058423913044,0.0006793478260869569,-0.03545346467391304,-0.03325619904891304,0.0006793478260869569,-0.011771824048913044,0.0006793478260869569,0.0006793478260869569,0.0006793478260869569,-0.027152683423913044,0.0006793478260869569,0.002144191576086957,-0.002006199048913043,-0.026420261548913044,0.0006793478260869569,-0.04741635529891304,-0.03691830842391304,0.0006793478260869569,-0.021049167798913044,-0.016410495923913044,-0.023246433423913044,-0.03252377717391304,-0.03667416779891304,-0.030570652173913044,0.0006793478260869569,0.0006793478260869569,-0.003959324048913043,-0.013724949048913044,-0.03276791779891304,-0.04180112092391304,-0.023978855298913044,0.007271144701086957,0.0006793478260869569,0.0006793478260869569,0.0006793478260869569,0.0006793478260869569,0.0006793478260869569,0.021431300951086956,0.03778872282608696,0.03388247282608696,0.021187160326086956,0.0006793478260869569,0.018745754076086956,0.04926333220108696,0.03900942595108696,0.022652004076086956,0.0006793478260869569,0.021187160326086956,0.028755519701086956,0.0006793478260869569,0.027046535326086956,0.005073879076086957,-0.009330417798913044,-0.017875339673913044,-0.010551120923913044,0.010689113451086956,0.0006793478260869569,0.0006793478260869569,0.022896144701086956,0.0006793478260869569,0.0006793478260869569,0.0006793478260869569,0.04193911345108696,0.03705630095108696,0.03363833220108696,0.03485903532608696,0.0006793478260869569,0.0006793478260869569,0.04389223845108696,0.03900942595108696,0.028023097826086956,0.019722316576086956,0.013618800951086956,0.0006793478260869569,0.00019106657608695694,-0.019584324048913044,-0.025199558423913044,0.0006793478260869569,-0.04058041779891304,-0.03887143342391304,-0.03618588654891304,-0.023734714673913044,0.0006793478260869569,0.006782863451086957,0.006050441576086957,0.0006793478260869569,0.0006793478260869569,0.0006793478260869569,0.0006793478260869569,0.06098208220108696,0.0006793478260869569,0.07074770720108696,0.031196925951086956,0.019966457201086956,-0.002738620923913043,-0.05083432404891304,0.0003547018299932075,0.0006793478260869569,0.0003547018299932075,0.0006793478260869569,-0.06133237092391304,-0.05449643342391304,-0.06914487092391304,0.0003547018299932075,0.0003547018299932075,0.0006793478260869569,0.008735988451086956,0.04193911345108696,0.05365786345108696,0.0006793478260869569,0.04828676970108696,0.0006793478260869569,0.0006793478260869569,0.0006793478260869569,0.003609035326086957,0.0006793478260869569,0.03583559782608696,0.04193911345108696,0.012886379076086956,0.0006793478260869569,-0.04521908967391304,-0.05254330842391304,0.0006793478260869569,-0.03838315217391304,0.006538722826086957,0.04120669157608696,0.04755434782608696,0.013130519701086956,-0.015433933423913044,0.0006793478260869569,0.0006793478260869569,0.04511294157608696,0.0003547018299932075,0.06244692595108696,0.04413637907608696,0.03412661345108696,0.014595363451086956,0.0006793478260869569,0.0006793478260869569,0.0006793478260869569,0.0006793478260869569,0.0006793478260869569,-0.017631199048913044,-0.04497494904891304,-0.06255307404891304,-0.05791440217391304,0.0006793478260869569,-0.03154721467391304,0.03266176970108696,0.019722316576086956,-0.010306980298913044,0.0006793478260869569,-0.004447605298913043,0.028755519701086956,0.0006793478260869569,0.03192934782608696,-0.029594089673913044,-0.025687839673913044,-0.005180027173913043,-0.008842136548913044,-0.03472104279891304,0.0006793478260869569,0.0006793478260869569,-0.05132260529891304,0.0006793478260869569,0.0006793478260869569,0.0006793478260869569,-0.008353855298913044,0.0006793478260869569,0.005806300951086957,-0.020072605298913044,-0.013236667798913044,0.0006793478260869569,0.0006793478260869569,0.029976222826086956,0.05048403532608696,0.0006793478260869569,0.05146059782608696,0.017036769701086956,0.0006793478260869569,0.002632472826086957,0.03241762907608696,0.04169497282608696,0.0006793478260869569,0.0006793478260869569,-0.019584324048913044,-0.008353855298913044,0.0006793478260869569,-0.04009213654891304,-0.04766049592391304,0.0006793478260869569,0.0006793478260869569,0.0006793478260869569,0.0006793478260869569,0.0006793478260869569,0.0006793478260869569,0.001411769701086957,0.03437075407608696,0.0006793478260869569,0.021431300951086956,0.029976222826086956,0.03217348845108696,0.0006793478260869569,0.029243800951086956,0.0006793478260869569,0.0006793478260869569,0.027046535326086956,0.003853175951086957,-0.009086277173913044,0.0006793478260869569,-0.012748386548913044,-0.03520932404891304,-0.05425229279891304,0.0006793478260869569,-0.025199558423913044,0.0006793478260869569,0.0006793478260869569,-0.0007854959239130431,0.0006793478260869569,0.0006793478260869569,0.0006793478260869569,0.008247707201086956,0.012153957201086956,0.0006793478260869569,0.03607973845108696,0.0006793478260869569,0.0006793478260869569,0.025337550951086956,0.024116847826086956,0.029243800951086956,0.0006793478260869569,0.03315005095108696,0.03241762907608696,0.017525050951086956,0.0006793478260869569,-0.03691830842391304,0.0006793478260869569,0.0006793478260869569,-0.012748386548913044,-0.022758152173913044,-0.04375424592391304,0.0006793478260869569,-0.03887143342391304,0.0006793478260869569,0.0006793478260869569,0.0006793478260869569,0.0006793478260869569,0.0006793478260869569,-0.011771824048913044,0.0006793478260869569,-0.004447605298913043,0.003120754076086957,0.016060207201086956,0.0006793478260869569,0.025093410326086956,0.022163722826086956,0.012153957201086956,0.0006793478260869569,0.0006793478260869569,0.002632472826086957,0.0006793478260869569,-0.03447690217391304,-0.03813901154891304,-0.029838230298913044,0.0006793478260869569,-0.024955417798913044,-0.05059018342391304,0.0006793478260869569,0.0006793478260869569,0.0006793478260869569,-0.04766049592391304,0.0006793478260869569,0.0006793478260869569,0.0006793478260869569,-0.001273777173913043,0.007027004076086957,0.0006793478260869569,-0.009818699048913044,0.0006793478260869569,0.0006793478260869569,0.04877505095108696,0.0006793478260869569,0.03241762907608696,0.002876613451086957,0.0006793478260869569,0.001411769701086957,0.04975161345108696,0.04169497282608696,0.0006793478260869569,0.0006793478260869569,-0.006156589673913043,0.007271144701086957,0.0006793478260869569,0.00019106657608695694,-0.014701511548913044,0.0006793478260869569,0.0006793478260869569,0.0006793478260869569,0.0006793478260869569,0.0006793478260869569,0.0006793478260869569,0.0006793478260869569,-0.016898777173913044,0.0006793478260869569,-0.004447605298913043,0.028023097826086956,0.018989894701086956,0.0006793478260869569,-0.013480808423913044,0.003853175951086957,0.0006793478260869569,0.0006793478260869569,0.0006793478260869569,0.017525050951086956,0.014351222826086956,0.021919582201086956,0.0006793478260869569,0.008003566576086956,-0.004447605298913043,-5.3074048913043063e-05,0.0006793478260869569,0.0006793478260869569,-0.018851902173913044,0.0006793478260869569,0.0006793478260869569,0.0006793478260869569,0.0006793478260869569,-0.013969089673913044,0.0006793478260869569,-0.030326511548913044,-0.03618588654891304,0.0006793478260869569,0.0006793478260869569,0.001411769701086957,0.002144191576086957,0.0006793478260869569,0.003853175951086957,0.013374660326086956,0.0006793478260869569,0.025093410326086956,0.018501613451086956,0.0006793478260869569,0.0006793478260869569,0.030952785326086956,0.03485903532608696,0.0006793478260869569,0.024116847826086956,0.021187160326086956,0.0006793478260869569,0.0006793478260869569,0.0006793478260869569,0.0006793478260869569,0.0006793478260869569,0.0006793478260869569,0.0006793478260869569,0.0006793478260869569,-0.011771824048913044,-0.013480808423913044,0.0006793478260869569,0.0006793478260869569,0.0006793478260869569,0.0006793478260869569,-0.012992527173913044,0.0006793478260869569,0.0006793478260869569,0.0006793478260869569,-0.004203464673913043,0.019966457201086956,0.0006793478260869569,-0.003715183423913043,-0.013969089673913044,0.0006793478260869569,-0.010795261548913044,0.009224269701086956,0.0006793478260869569,0.0006793478260869569,0.04413637907608696,0.0006793478260869569,0.0006793478260869569,0.0006793478260869569,0.0006793478260869569,0.05268130095108696,0.0006793478260869569,0.019234035326086956,0.0006793478260869569,0.0006793478260869569,-0.010551120923913044,0.0006793478260869569,0.005073879076086957,0.004585597826086957,0.0006793478260869569,-0.023246433423913044,-0.026420261548913044,0.0006793478260869569,-0.017631199048913044,0.0006793478260869569,0.0006793478260869569,-0.029838230298913044,0.0006793478260869569,-0.006156589673913043,-0.005180027173913043,0.0006793478260869569,0.007271144701086957,0.0006793478260869569,0.0006793478260869569,0.0006793478260869569,0.0006793478260869569,0.0006793478260869569,0.0006793478260869569,0.022163722826086956,0.00019106657608695694,0.0006793478260869569,-0.012015964673913044,0.007271144701086957,0.029732082201086956,0.0006793478260869569,0.013862941576086956,0.0006793478260869569,0.0006793478260869569,-0.003226902173913043,0.018013332201086956,0.020210597826086956,0.0006793478260869569,-0.003959324048913043,-0.009818699048913044,0.0006793478260869569,-0.010306980298913044,-0.007377292798913043,0.0006793478260869569,0.0006793478260869569,-0.022025730298913044,0.0006793478260869569,0.0006793478260869569,0.0006793478260869569,0.0006793478260869569,-0.019584324048913044,-0.012504245923913044,0.0006793478260869569,-0.002982761548913043,0.0006793478260869569,-0.002006199048913043,0.0006793478260869569,-0.004447605298913043,0.008003566576086956,0.0006793478260869569,0.03192934782608696,0.009224269701086956,-0.019584324048913044,0.0006793478260869569,0.004097316576086957,0.0006793478260869569,0.05780825407608696,0.0006793478260869569,0.005806300951086957,-0.008842136548913044,0.0006793478260869569,0.0006793478260869569,0.0006793478260869569,0.0006793478260869569,0.018257472826086956,0.0006793478260869569,0.0006793478260869569,0.001900050951086957,0.0006793478260869569,0.016304347826086956,0.00043520720108695694,0.0006793478260869569,-0.016166355298913044,-0.010795261548913044,-0.007865574048913044,-0.020316745923913044,0.0006793478260869569,0.0006793478260869569,-0.026176120923913044,-0.013480808423913044,-0.020560886548913044,-0.029105808423913044,-0.030326511548913044,-0.020805027173913044,0.0006793478260869569,-0.008109714673913044,-0.00029721467391304306,0.0006793478260869569,0.0006793478260869569,0.0006793478260869569,0.0006793478260869569,0.0006793478260869569,0.024116847826086956,0.03412661345108696,0.03241762907608696,0.019478175951086956,0.0006793478260869569,0.018257472826086956,0.0006793478260869569,0.019722316576086956,0.019478175951086956,0.021431300951086956,0.024116847826086956,0.0006793478260869569,0.018989894701086956,-0.0007854959239130431,0.004829738451086957,0.008491847826086956,0.0006793478260869569,-0.010795261548913044,-0.023734714673913044,0.0006793478260869569,-0.03227963654891304,-0.030814792798913044,-0.019828464673913044,0.0006793478260869569,0.0006793478260869569,0.0006793478260869569,-0.03618588654891304,0.0006793478260869569,0.006050441576086957,-0.006156589673913043,0.0006793478260869569,-0.04058041779891304,-0.029105808423913044,-0.012992527173913044,0.001411769701086957,-0.002494480298913043,-0.013236667798913044,0.0006793478260869569,-0.001029636548913043,0.0006793478260869569,0.007515285326086957,0.002144191576086957,0.010444972826086956,0.022896144701086956,0.024605129076086956,0.013618800951086956,0.0006793478260869569,0.016792629076086956,0.0006793478260869569,0.021431300951086956,0.0006793478260869569,0.0006793478260869569,0.0006793478260869569,0.006538722826086957,0.008247707201086956,0.0006793478260869569,0.007515285326086957,0.014839504076086956,0.0006793478260869569,0.011665675951086956,0.00043520720108695694,-0.003471042798913043,0.0006793478260869569,0.007515285326086957,0.024605129076086956,0.015083644701086956,0.001900050951086957,-0.006644870923913043,0.0006793478260869569,0.0006793478260869569,0.0006793478260869569,0.007515285326086957,-0.002250339673913043,-0.026420261548913044,-0.04155698029891304,-0.027152683423913044,0.0006793478260869569,0.0006793478260869569,0.0006793478260869569,0.0006793478260869569,0.0006793478260869569,-0.03594174592391304,-0.010551120923913044,0.015083644701086956,0.023628566576086956,-5.3074048913043063e-05,0.0006793478260869569,-0.03569760529891304,-0.015433933423913044,0.009224269701086956,0.0006793478260869569,0.013374660326086956,-5.3074048913043063e-05,0.0006793478260869569,-0.016898777173913044,-0.014945652173913044,0.005318019701086957,0.014839504076086956,0.005562160326086957,-0.002006199048913043,0.0006793478260869569,0.0006793478260869569,0.0009234884510869569,0.0006793478260869569,0.0006793478260869569,0.0006793478260869569,0.012886379076086956,0.006782863451086957,0.001655910326086957,0.0006793478260869569,0.008247707201086956,0.0006793478260869569,0.006782863451086957,0.001167629076086957,0.006294582201086957,0.020210597826086956,0.020210597826086956,0.0006793478260869569,-0.003471042798913043,-0.001517917798913043,0.003364894701086957,0.0006793478260869569,0.002632472826086957,0.012153957201086956,0.010200832201086956,0.0006793478260869569,-0.016410495923913044,-0.010551120923913044,-0.005668308423913043,0.0006793478260869569,0.0006793478260869569,0.0006793478260869569,0.0006793478260869569,0.0006793478260869569,-0.022025730298913044,-0.030814792798913044,-0.03203549592391304,-0.018363620923913044,0.001900050951086957,0.0006793478260869569,-0.010795261548913044,-0.022514011548913044,-0.020072605298913044,0.0006793478260869569,0.010200832201086956,0.007759425951086957,0.002876613451086957,0.0006793478260869569,-0.002982761548913043,0.005562160326086957,0.007271144701086957,0.003364894701086957,0.003364894701086957,0.0006793478260869569,0.007271144701086957,0.0006793478260869569,0.0006793478260869569,0.0006793478260869569,0.0006793478260869569,-0.003471042798913043,0.0006793478260869569,0.030464504076086956,0.025337550951086956,0.00043520720108695694,0.0006793478260869569,0.002144191576086957,0.012398097826086956,0.0006793478260869569,-0.0005413552989130431,0.0009234884510869569,0.004585597826086957,0.005318019701086957,-0.005180027173913043,-0.015678074048913044,0.0006793478260869569,-0.012504245923913044,0.0006793478260869569,0.013374660326086956,-0.0005413552989130431,-0.014213230298913044,-0.007865574048913044,0.004585597826086957,0.0006793478260869569,0.0006793478260869569,0.0006793478260869569,0.0006793478260869569,0.0006793478260869569,-0.009086277173913044,0.007515285326086957,0.018745754076086956,0.010933254076086956,0.0006793478260869569,-0.03618588654891304,-0.020072605298913044,0.019478175951086956,0.03217348845108696,0.0006793478260869569,-0.029105808423913044,0.0006793478260869569,-0.018851902173913044,0.00019106657608695694,0.013374660326086956,0.009956691576086956,-0.014701511548913044,-0.03813901154891304,0.0006793478260869569,-0.024222995923913044,0.0006793478260869569,0.009712550951086956,0.0006793478260869569,0.0006793478260869569,0.0006793478260869569,0.022407863451086956,0.04901919157608696,0.020454738451086956,0.0006793478260869569,-0.05205502717391304,0.0006793478260869569,0.021187160326086956,0.04315981657608696,0.025093410326086956,-0.013480808423913044,0.0006793478260869569,-0.010306980298913044,0.024605129076086956,0.03974184782608696,0.022163722826086956,0.0006793478260869569,-0.018363620923913044,-0.002006199048913043,0.0006793478260869569,0.03461489470108696,0.015571925951086956,-0.010551120923913044,-0.012992527173913044,0.0006793478260869569,0.0006793478260869569,0.0006793478260869569,0.0006793478260869569,0.0006793478260869569,-0.026908542798913044,-0.002006199048913043,0.0006793478260869569,0.030952785326086956,0.003120754076086957,-0.029105808423913044,-0.03227963654891304,-0.004203464673913043,0.028023097826086956,0.0006793478260869569,0.0006793478260869569,-0.03643002717391304,-0.03618588654891304,-0.005424167798913043,0.025093410326086956,0.027046535326086956,0.0006793478260869569,-0.04058041779891304,-0.04009213654891304,0.001167629076086957,0.0006793478260869569,0.028267238451086956,0.0006793478260869569,0.0006793478260869569,0.0006793478260869569,0.0006793478260869569,0.04828676970108696,0.03705630095108696,-0.010795261548913044,-0.04253354279891304,0.0006793478260869569,0.0006793478260869569,0.04315981657608696,0.03778872282608696,-0.009330417798913044,-0.05034604279891304,-0.03667416779891304,0.0006793478260869569,0.04682192595108696,0.022407863451086956,-0.03179135529891304,0.0006793478260869569,-0.03203549592391304,0.025581691576086956,0.05097231657608696,0.0006793478260869569,-0.05400815217391304,-0.06597104279891304,0.0006793478260869569,0.0006793478260869569,0.0006793478260869569,0.0006793478260869569,0.0006793478260869569,-0.05303158967391304,-0.008109714673913044,0.04779848845108696,0.05780825407608696,0.0006793478260869569,-0.03447690217391304,-0.04424252717391304,0.003120754076086957,0.05731997282608696,0.0006793478260869569,0.003609035326086957,-0.03667416779891304,0.0006793478260869569,0.006294582201086957,0.04731020720108696,0.03754458220108696,-0.017142917798913044,-0.05522885529891304,-0.03350033967391304,0.0006793478260869569,0.0006793478260869569,0.05316958220108696,0.0006793478260869569,0.0006793478260869569,0.0006793478260869569,0.03388247282608696,0.0006793478260869569,-0.00029721467391304306,-0.030814792798913044,-0.025687839673913044,0.0006793478260869569,0.03510317595108696,0.027046535326086956,0.0006793478260869569,-0.020072605298913044,-0.008353855298913044,0.015327785326086956,0.028267238451086956,0.017280910326086956,-0.012015964673913044,0.0006793478260869569,0.0006793478260869569,0.030708644701086956,0.028023097826086956,0.004585597826086957,-0.015922214673913044,-0.023490574048913044,0.0006793478260869569,-0.003226902173913043,0.0006793478260869569,0.0006793478260869569,0.0006793478260869569,0.0006793478260869569,0.013862941576086956,0.0006793478260869569,-0.006156589673913043,-0.03545346467391304,-0.03398862092391304,-0.001273777173913043,0.021675441576086956,0.008247707201086956,0.0006793478260869569,-0.028373386548913044,0.0006793478260869569,0.025093410326086956,0.007271144701086957,-0.011527683423913044,0.007271144701086957,0.0006793478260869569,-0.016654636548913044,0.018013332201086956,0.007515285326086957,0.002632472826086957,0.0006793478260869569,0.017036769701086956,0.0006793478260869569,0.0006793478260869569,0.0006793478260869569,0.0006793478260869569,0.007271144701086957,0.005318019701086957,0.009712550951086956,0.0006793478260869569,-0.010062839673913044,0.0006793478260869569,-0.018607761548913044,0.03388247282608696,0.06708559782608696,0.03290591032608696,0.0006793478260869569,-0.04546323029891304,-0.022758152173913044,0.021187160326086956,0.03827700407608696,0.0006793478260869569,-0.019584324048913044,-0.029105808423913044,0.0006793478260869569,-0.004203464673913043,0.010200832201086956,0.006538722826086957,0.0006793478260869569,0.0006793478260869569,0.0006793478260869569,0.0006793478260869569,0.0006793478260869569,0.03925356657608696,0.003120754076086957,-0.017875339673913044,0.0006793478260869569,0.025337550951086956,0.04267153532608696,0.0006793478260869569,0.0006793478260869569,0.0006793478260869569,0.022896144701086956,0.0006793478260869569,0.0003547018299932075,0.04779848845108696,-0.03838315217391304,0.0006793478260869569,-0.006644870923913043,0.04340395720108696,0.06415591032608696,0.04169497282608696,-0.005424167798913043,0.0006793478260869569,0.0006793478260869569,-0.023490574048913044,0.0006793478260869569,0.0006793478260869569,0.0006793478260869569,-0.04692807404891304,0.0006793478260869569,-0.00029721467391304306,0.021431300951086956,0.008980129076086956,0.0006793478260869569,-0.023490574048913044,-0.002006199048913043,0.0006793478260869569,0.017280910326086956,-0.007865574048913044,-0.03350033967391304,-0.03374448029891304,-0.001273777173913043,0.025825832201086956,0.0006793478260869569,0.0006793478260869569,-0.03740658967391304,-0.03252377717391304,-0.0005413552989130431,0.023628566576086956,0.016304347826086956,0.0006793478260869569,0.0006793478260869569,0.0006793478260869569,0.0006793478260869569,0.0006793478260869569,-0.001029636548913043,0.0006793478260869569,-0.03569760529891304,-0.04619565217391304,-0.03789487092391304,-0.021781589673913044,-0.017875339673913044,0.0006793478260869569,-0.03643002717391304,-0.03545346467391304,0.0006793478260869569,-0.010062839673913044,-0.010306980298913044,-0.014945652173913044,-0.017631199048913044,0.0006793478260869569,-0.010795261548913044,-0.019096042798913044,-0.027152683423913044,-0.022758152173913044,0.0006793478260869569,0.003120754076086957,0.0006793478260869569,0.0006793478260869569,0.0006793478260869569,0.0006793478260869569,-0.015433933423913044,0.006294582201086957,0.019478175951086956,0.0006793478260869569,0.00043520720108695694,0.0006793478260869569,-0.019340183423913044,-0.002250339673913043,0.015816066576086956,0.0006793478260869569,0.017769191576086956,0.009956691576086956,-0.009818699048913044,-0.03325619904891304,-0.04131283967391304,0.0006793478260869569,-0.023978855298913044,-0.022514011548913044,0.0006793478260869569,-0.03838315217391304,-0.03545346467391304,-0.007865574048913044,0.0006793478260869569,0.0006793478260869569,0.0006793478260869569,0.0006793478260869569,0.0006793478260869569,0.04608950407608696,0.04706606657608696,-0.003715183423913043,0.0006793478260869569,0.004829738451086957,0.03315005095108696,0.04340395720108696,0.027534816576086956,0.003609035326086957,0.0006793478260869569,0.0006793478260869569,0.029243800951086956,0.027290675951086956,0.009468410326086956,0.0006793478260869569,-0.009818699048913044,-0.006156589673913043,0.005073879076086957,0.012886379076086956,0.011665675951086956,0.0006793478260869569,0.0006793478260869569,-0.007133152173913043,0.0006793478260869569,0.0006793478260869569,0.0006793478260869569,0.016304347826086956,0.003853175951086957,0.011177394701086956,0.0006793478260869569,0.04291567595108696,0.0006793478260869569,0.015816066576086956,0.014107082201086956,0.022407863451086956,0.025581691576086956,0.0006793478260869569,0.016792629076086956,0.013862941576086956,0.012886379076086956,0.015327785326086956,0.0006793478260869569,0.003853175951086957,-0.002006199048913043,0.0006793478260869569,0.004097316576086957,0.006050441576086957,0.010933254076086956,0.0006793478260869569,0.0006793478260869569,0.0006793478260869569,0.0006793478260869569,0.0006793478260869569,0.028267238451086956,0.016060207201086956,-0.005668308423913043,-0.009330417798913044,0.0006793478260869569,0.021431300951086956,0.015083644701086956,-0.002738620923913043,-0.017387058423913044,0.0006793478260869569,-0.004203464673913043,0.0006793478260869569,0.016792629076086956,0.005073879076086957,-0.011771824048913044,-0.018119480298913044,-0.009574558423913044,0.0009234884510869569,0.0006793478260869569,-0.006400730298913043,0.0006793478260869569,-0.021293308423913044,0.0006793478260869569,0.0006793478260869569,0.0006793478260869569,-0.018607761548913044,0.0006793478260869569,-0.026176120923913044,-0.017387058423913044,-0.012748386548913044,0.0006793478260869569,-0.004203464673913043,-0.00029721467391304306,0.0006793478260869569,0.001167629076086957,-0.001273777173913043,0.001900050951086957,0.004097316576086957,-0.0007854959239130431,-0.0005413552989130431,0.0006793478260869569,0.0006793478260869569,0.011665675951086956,0.008980129076086956,0.008003566576086956,0.014595363451086956,0.018989894701086956,0.0006793478260869569,0.010200832201086956,0.0006793478260869569,0.0006793478260869569,0.0006793478260869569,0.0006793478260869569,0.011177394701086956,0.012886379076086956,0.0006793478260869569,-0.0005413552989130431,-0.013480808423913044,-0.018363620923913044,-0.007377292798913043,0.005562160326086957,0.001167629076086957,0.0006793478260869569,0.0006793478260869569,-0.03691830842391304,-0.028129245923913044,-0.022758152173913044,-0.024711277173913044,-0.028861667798913044,0.0006793478260869569,-0.03887143342391304,-0.04009213654891304,-0.03594174592391304,0.0006793478260869569,-0.006644870923913043,0.0006793478260869569,0.0006793478260869569,0.0006793478260869569,0.0006793478260869569,-0.013724949048913044,-0.004691745923913043,0.004097316576086957,0.005806300951086957,0.0006793478260869569,0.005073879076086957,0.0006793478260869569,0.010689113451086956,0.020943019701086956,0.028267238451086956,0.028267238451086956,0.024605129076086956,0.024605129076086956,0.0006793478260869569,0.022896144701086956,0.0006793478260869569,-0.005912449048913043,-0.005668308423913043,0.001411769701086957,0.0006793478260869569,0.0006793478260869569,-0.031058933423913044,-0.03618588654891304,0.0006793478260869569,0.0006793478260869569,0.0006793478260869569,0.0006793478260869569,-0.009086277173913044,0.0006793478260869569,0.028511379076086956,0.004829738451086957,-0.021537449048913044,-0.019340183423913044,0.008003566576086956,0.03705630095108696,0.0006793478260869569,0.04218325407608696,0.0006793478260869569,0.012886379076086956,0.027778957201086956,0.05390200407608696,0.07050356657608696,0.0006793478260869569,0.04779848845108696,0.03363833220108696,0.03998598845108696,0.05341372282608696,0.0006793478260869569,0.017525050951086956,0.0006793478260869569,0.0006793478260869569,0.0006793478260869569,0.0006793478260869569,-0.004203464673913043,-0.025199558423913044,-0.04692807404891304,-0.04961362092391304,0.0006793478260869569,0.0006793478260869569,-0.005180027173913043,-0.018119480298913044,-0.03765073029891304,-0.03765073029891304,0.008491847826086956,0.0006793478260869569,0.013618800951086956,-0.002982761548913043,-0.018363620923913044,0.0006793478260869569,0.020454738451086956,0.04731020720108696,0.0006793478260869569,0.03290591032608696,0.018257472826086956,0.027534816576086956,0.05536684782608696,0.0006793478260869569,0.0006793478260869569,0.0006793478260869569,0.0006793478260869569,0.0006793478260869569,-0.001517917798913043,-0.003959324048913043,-0.023978855298913044,-0.05059018342391304,-0.05742612092391304,0.0006793478260869569,-0.04595151154891304,-0.04888119904891304,-0.05864682404891304,0.0006793478260869569,-0.06011166779891304,-0.05498471467391304,-0.020072605298913044,0.0006793478260869569,-0.006400730298913043,-0.008109714673913044,-0.029594089673913044,-0.04106869904891304,-0.022758152173913044,0.0006793478260869569,0.04096255095108696,0.0006793478260869569,0.0006793478260869569,0.0006793478260869569,0.0006793478260869569,0.05561098845108696,0.06928286345108696,0.05512270720108696,0.0006793478260869569,0.027778957201086956,0.0006793478260869569,-0.008353855298913044,-0.025443699048913044,-0.03472104279891304,-0.023490574048913044,0.0006793478260869569,-0.021293308423913044,-0.04277768342391304,-0.06719174592391304,0.0003547018299932075,0.0006793478260869569,-0.023978855298913044,0.0006793478260869569,-0.027152683423913044,-0.04180112092391304,-0.03350033967391304,0.001167629076086957,0.025825832201086956,0.0006793478260869569,0.0006793478260869569,0.0006793478260869569,0.0006793478260869569,0.0006793478260869569,0.0003547018299932075,0.06171450407608696,0.05731997282608696,0.0003547018299932075,0.0006793478260869569,0.06977114470108696,0.05243716032608696,0.03754458220108696,0.03315005095108696,0.0006793478260869569,0.010933254076086956,-0.03350033967391304,0.0006793478260869569,-0.03838315217391304,-0.030082370923913044,-0.029594089673913044,-0.04326596467391304,-0.06694760529891304,-0.05449643342391304,0.0006793478260869569,0.0006793478260869569,-0.03374448029891304,0.0006793478260869569,0.0006793478260869569,0.0006793478260869569,0.0006793478260869569,0.008491847826086956,0.0006793478260869569,-0.021049167798913044,-0.005668308423913043,0.0006793478260869569,0.05854067595108696,0.05487856657608696,0.0006793478260869569,0.03876528532608696,0.04267153532608696,0.06952700407608696,0.0003547018299932075,0.06171450407608696,0.017769191576086956,0.0006793478260869569,0.0006793478260869569,0.003609035326086957,-0.025443699048913044,-0.04839291779891304,-0.04521908967391304,-0.027640964673913044,0.0006793478260869569,0.0006793478260869569,0.0006793478260869569,0.0006793478260869569,0.0006793478260869569,0.0006793478260869569,-0.028373386548913044,-0.027152683423913044,0.0006793478260869569,-0.014701511548913044,-0.005180027173913043,0.007027004076086957,0.013374660326086956,0.00019106657608695694,0.0006793478260869569,0.015816066576086956,0.0006793478260869569,0.0003547018299932075,0.0003547018299932075,0.05170473845108696,0.04535708220108696,0.0003547018299932075,0.0006793478260869569,0.0003547018299932075,0.06024966032608696,0.013618800951086956,0.0006793478260869569,0.011177394701086956,0.0006793478260869569,0.0006793478260869569,0.0006793478260869569,0.0006793478260869569,-0.05205502717391304,-0.05278744904891304,-0.04863705842391304,-0.05644955842391304,0.0006793478260869569,0.0006793478260869569,-0.03740658967391304,-0.03643002717391304,-0.03862729279891304,-0.013480808423913044,0.0006793478260869569,-0.016410495923913044,-0.015678074048913044,-0.001273777173913043,0.013130519701086956,0.0006793478260869569,0.03974184782608696,0.0006793478260869569,0.04218325407608696,0.05609926970108696,0.06391176970108696,0.06806216032608696,0.0006793478260869569,0.0006793478260869569,0.0006793478260869569,0.0006793478260869569,0.0006793478260869569,0.0006793478260869569,0.016060207201086956,-0.05791440217391304,0.0006793478260869569,-0.05620541779891304,-0.03130307404891304,-0.019584324048913044,-0.05425229279891304,0.0003547018299932075,0.0006793478260869569,0.0006793478260869569,-0.04155698029891304,-0.028129245923913044,-0.05669369904891304,0.0003547018299932075,0.0006793478260869569,-0.012992527173913044,0.009224269701086956,0.010200832201086956,-0.011771824048913044,0.0006793478260869569,0.0006793478260869569,0.026558254076086956,0.0006793478260869569,0.0006793478260869569,0.0006793478260869569,0.06195864470108696,0.06757387907608696,0.05268130095108696,0.0006793478260869569,0.028267238451086956,0.0006793478260869569,0.028023097826086956,0.03412661345108696,0.018745754076086956,0.0006793478260869569,-0.04204526154891304,-0.04643979279891304,-0.024467136548913044,-0.007133152173913043,-0.023246433423913044,0.0006793478260869569,0.0003547018299932075,0.0006793478260869569,0.0006793478260869569,0.0006793478260869569,-0.04277768342391304,-0.05107846467391304,-0.03569760529891304,0.0006793478260869569,0.0006793478260869569,0.0006793478260869569,0.0006793478260869569,0.0006793478260869569,0.017036769701086956,0.027534816576086956,0.05951723845108696,0.0003547018299932075,0.0003547018299932075,0.0006793478260869569,0.05585512907608696,0.05414614470108696,0.06781801970108696,0.0006793478260869569,0.06073794157608696,0.0006793478260869569,0.024605129076086956,0.017769191576086956,0.004097316576086957,-0.023978855298913044,-0.04546323029891304,-0.03984799592391304,-0.05522885529891304,0.0006793478260869569,0.0006793478260869569,-0.05815854279891304,0.0006793478260869569,0.0006793478260869569,0.0006793478260869569,0.0003547018299932075,0.0006793478260869569,-0.019096042798913044,0.012153957201086956,-0.001273777173913043,0.0006793478260869569,-0.028861667798913044,0.025337550951086956,0.0006793478260869569,0.04193911345108696,0.04145083220108696,0.04486880095108696,0.05487856657608696,0.06147036345108696,0.06269106657608696,0.0006793478260869569,0.0006793478260869569,0.05463442595108696,0.04315981657608696,0.024116847826086956,0.015816066576086956,0.012153957201086956,0.0006793478260869569,0.0006793478260869569,0.0006793478260869569,0.0006793478260869569,0.0006793478260869569,-0.06572690217391304,0.0006793478260869569,-0.04497494904891304,-0.05132260529891304,-0.06694760529891304,0.0003547018299932075,0.0003547018299932075,-0.05132260529891304,0.0006793478260869569,-0.012992527173913044,0.0006793478260869569,-0.04619565217391304,-0.013236667798913044,0.019966457201086956,0.03900942595108696,-0.001517917798913043,0.0006793478260869569,0.006782863451086957,0.04511294157608696,0.06830630095108696,0.0006793478260869569,0.06806216032608696,0.0006793478260869569,0.0006793478260869569,0.0006793478260869569,0.0006793478260869569,0.04950747282608696,0.06220278532608696,0.04291567595108696,0.0009234884510869569,0.0006793478260869569,0.0006793478260869569,-0.015678074048913044,-0.0005413552989130431,-0.026908542798913044,0.0003547018299932075,-0.06011166779891304,0.0006793478260869569,-0.04131283967391304,-0.04277768342391304,-0.05132260529891304,0.0006793478260869569,-0.06768002717391304,-0.019584324048913044,0.0006793478260869569,0.016060207201086956,-0.007377292798913043,-0.022514011548913044,0.0006793478260869569,0.0006793478260869569,0.0006793478260869569,0.0006793478260869569,0.0006793478260869569,0.04804262907608696,0.04853091032608696,0.06122622282608696,0.0006793478260869569,0.0003547018299932075,0.0003547018299932075,0.04340395720108696,0.027290675951086956,0.03266176970108696,0.0006793478260869569,0.019966457201086956,0.0006793478260869569,-0.025199558423913044,-0.05034604279891304,-0.05059018342391304,-0.04863705842391304,-0.05132260529891304,-0.06182065217391304,0.0006793478260869569,0.0003547018299932075,0.0006793478260869569,-0.05620541779891304,0.0006793478260869569,0.0006793478260869569,0.0006793478260869569,-0.03130307404891304,0.0006793478260869569,-0.015189792798913044,0.015083644701086956,0.030220363451086956,0.0006793478260869569,0.0006793478260869569,0.018989894701086956,0.04535708220108696,0.06635317595108696,0.0003547018299932075,0.06879458220108696,0.04731020720108696,0.0006793478260869569,0.05927309782608696,0.06391176970108696,0.0006793478260869569,0.03876528532608696,0.0006793478260869569,-0.010795261548913044,-0.012260105298913044,-0.002494480298913043,-0.008353855298913044,0.0006793478260869569,0.0006793478260869569,0.0006793478260869569,0.0006793478260869569,0.0006793478260869569,-0.05156674592391304,0.0003547018299932075,0.0003547018299932075,-0.05937924592391304,-0.030814792798913044,-0.008597995923913044,0.0006793478260869569,-0.022514011548913044,-0.023978855298913044,0.0006793478260869569,0.009468410326086956,0.025825832201086956,0.03217348845108696,0.03754458220108696,0.0006793478260869569,0.03607973845108696,0.04682192595108696,0.06732973845108696,0.0003547018299932075,0.0006793478260869569,0.05097231657608696,0.0006793478260869569,0.0006793478260869569,0.0006793478260869569,0.0006793478260869569,0.028755519701086956,-0.018851902173913044,-0.04741635529891304,-0.024711277173913044,0.0006793478260869569,0.0006793478260869569,-0.04253354279891304,0.0003547018299932075,0.0003547018299932075,0.0003547018299932075,0.0006793478260869569,-0.04009213654891304,-0.05400815217391304,-0.06914487092391304,-0.06914487092391304,0.0006793478260869569,0.013374660326086956,-0.008842136548913044,0.0006793478260869569,-0.014457370923913044,-0.00029721467391304306,0.021919582201086956,0.04071841032608696,0.0006793478260869569,0.0006793478260869569,0.0006793478260869569,0.0006793478260869569,0.0006793478260869569,0.0003547018299932075,0.0003547018299932075,0.06952700407608696,0.03437075407608696,0.0006793478260869569,0.04657778532608696,0.04682192595108696,0.014595363451086956,-0.023978855298913044,0.0006793478260869569,-0.018119480298913044,-0.025443699048913044,0.0006793478260869569,-0.05815854279891304,0.0003547018299932075,0.0003547018299932075,-0.07012143342391304,-0.03569760529891304,-0.05620541779891304,0.0006793478260869569,0.0006793478260869569,-0.06377377717391304,0.0006793478260869569,0.0006793478260869569,0.0006793478260869569,-0.004203464673913043,-0.014457370923913044,0.0006793478260869569,0.016304347826086956,0.04731020720108696,0.0006793478260869569,0.05585512907608696,0.03730044157608696,0.05805239470108696,0.0006793478260869569,0.0003547018299932075,0.0003547018299932075,0.06122622282608696,0.03754458220108696,0.019722316576086956,0.0006793478260869569,0.03315005095108696,0.0006793478260869569,0.017525050951086956,-0.022025730298913044,-0.05596127717391304,-0.06157651154891304,-0.04473080842391304,0.0006793478260869569,0.0006793478260869569,0.0006793478260869569,0.0006793478260869569,0.0006793478260869569,-0.05156674592391304,-0.03862729279891304,-0.027152683423913044,0.0006793478260869569,-0.020560886548913044,-0.011527683423913044,-0.005912449048913043,-0.005668308423913043,0.007027004076086957,0.0006793478260869569,0.028511379076086956,0.0006793478260869569,0.03315005095108696,0.03998598845108696,0.05463442595108696,0.06293520720108696,0.06440005095108696,0.06342348845108696,0.0006793478260869569,0.05585512907608696,0.0006793478260869569,0.03949770720108696,0.0006793478260869569,0.0006793478260869569,0.0006793478260869569,-0.018363620923913044,0.0006793478260869569,-0.03301205842391304,-0.04228940217391304,-0.03643002717391304,0.0006793478260869569,-0.06670346467391304,0.0006793478260869569,0.0003547018299932075,-0.06011166779891304,-0.04058041779891304,-0.04228940217391304,-0.05059018342391304,-0.04155698029891304,0.0006793478260869569,-0.017875339673913044,0.0006793478260869569,0.007759425951086957,0.006538722826086957,-0.002494480298913043,-0.003226902173913043,0.05146059782608696,0.0006793478260869569,0.06049380095108696,0.0006793478260869569,0.0006793478260869569,0.0006793478260869569,0.0006793478260869569,0.0003547018299932075,0.05072817595108696,0.0006793478260869569,0.024849269701086956,0.027534816576086956,0.04120669157608696,0.03241762907608696,0.003364894701086957,-0.04033627717391304,0.0006793478260869569,0.0006793478260869569,-0.023978855298913044,-0.03838315217391304,0.0003547018299932075,0.0003547018299932075,-0.05034604279891304,0.0006793478260869569,-0.029594089673913044,-0.03911557404891304,-0.06059994904891304,0.0006793478260869569,-0.05132260529891304,0.0006793478260869569,0.0006793478260869569,0.0006793478260869569,0.0006793478260869569,-0.009818699048913044,0.006782863451086957,0.05512270720108696,0.0006793478260869569,0.04389223845108696,0.0006793478260869569,0.025581691576086956,0.06488833220108696,0.0003547018299932075,0.0006793478260869569,0.04779848845108696,0.03510317595108696,0.03559145720108696,0.05219301970108696,0.04389223845108696,0.0006793478260869569,-0.011283542798913044,0.0006793478260869569,-0.011771824048913044,-0.028861667798913044,-0.04619565217391304,-0.05693783967391304,-0.06597104279891304,0.0006793478260869569,0.0006793478260869569,0.0006793478260869569,0.0006793478260869569,0.0006793478260869569,-0.06377377717391304,-0.06621518342391304,-0.03130307404891304,0.04731020720108696,0.0006793478260869569,-0.0005413552989130431,-0.04692807404891304,-0.03227963654891304,0.028267238451086956,0.0006793478260869569,0.015083644701086956,0.0006793478260869569,0.009956691576086956,0.04706606657608696,0.0003547018299932075,0.0003547018299932075,0.0003547018299932075,0.04584536345108696,0.0006793478260869569,0.0003547018299932075,0.0006793478260869569,0.0003547018299932075,0.0006793478260869569,0.0006793478260869569,0.0006793478260869569,-0.006400730298913043,0.0006793478260869569,0.007759425951086957,-0.022514011548913044,-0.06108823029891304,0.0006793478260869569,0.0003547018299932075,-0.03838315217391304,0.0006793478260869569,-0.05132260529891304,0.0003547018299932075,0.0003547018299932075,-0.06206479279891304,-0.023734714673913044,-0.002494480298913043,0.0006793478260869569,0.0006793478260869569,-0.05547299592391304,-0.03935971467391304,0.007759425951086957,0.03900942595108696,0.031196925951086956,-0.029594089673913044,0.0006793478260869569,0.0006793478260869569,0.0006793478260869569,0.0006793478260869569,0.0006793478260869569,0.03949770720108696,-0.001517917798913043,0.0006793478260869569,0.013862941576086956,0.03803286345108696,0.03876528532608696,0.007759425951086957,-0.016410495923913044,-0.012504245923913044,0.0006793478260869569,0.0006793478260869569,-0.026664402173913044,-0.05107846467391304,-0.05767026154891304,-0.03813901154891304,-0.017142917798913044,0.0006793478260869569,-0.04009213654891304,-0.05986752717391304,-0.05547299592391304,0.0006793478260869569,-0.008353855298913044,0.0006793478260869569,0.0006793478260869569,0.0006793478260869569,0.0006793478260869569,-0.005912449048913043,0.018013332201086956,0.025581691576086956,0.021919582201086956,0.0006793478260869569,0.0006793478260869569,0.019722316576086956,0.026558254076086956,0.03339419157608696,0.03998598845108696,0.027290675951086956,0.013130519701086956,0.0006793478260869569,0.023872707201086956,0.027046535326086956,0.0006793478260869569,0.012398097826086956,0.005806300951086957,0.005318019701086957,0.016548488451086956,0.0006793478260869569,0.017280910326086956,-0.002494480298913043,0.0006793478260869569,0.0006793478260869569,0.0006793478260869569,0.0006793478260869569,0.0006793478260869569,-0.017631199048913044,-0.001029636548913043,0.018989894701086956,0.012886379076086956,-0.012260105298913044,-0.011283542798913044,0.0006793478260869569,0.012153957201086956,0.020943019701086956,0.0006793478260869569,-0.011771824048913044,-0.023490574048913044,-0.003471042798913043,0.0006793478260869569,0.021919582201086956,0.026069972826086956,-0.005424167798913043,-0.04058041779891304,-0.04448666779891304,0.0006793478260869569,0.021187160326086956,0.0006793478260869569,0.0006793478260869569,0.0006793478260869569,0.0006793478260869569,-0.011283542798913044,0.008980129076086956,-0.009330417798913044,0.0006793478260869569,-0.018851902173913044,0.0006793478260869569,-0.002982761548913043,0.003853175951086957,-0.015189792798913044,0.0006793478260869569,-0.012504245923913044,-0.004447605298913043,-0.0005413552989130431,0.004097316576086957,0.004097316576086957,0.0006793478260869569,0.002144191576086957,0.0006793478260869569,0.018013332201086956,0.019966457201086956,0.005562160326086957,-0.014213230298913044,0.0006793478260869569,0.0006793478260869569,0.0006793478260869569,0.0006793478260869569,0.0006793478260869569,0.00043520720108695694,0.0006793478260869569,0.008735988451086956,0.0006793478260869569,0.013862941576086956,0.012886379076086956,0.003364894701086957,-0.004447605298913043,0.0009234884510869569,0.0006793478260869569,0.022163722826086956,0.0006793478260869569,0.011177394701086956,0.004097316576086957,0.006782863451086957,0.012153957201086956,0.015816066576086956,0.012398097826086956,0.0006793478260869569,0.004585597826086957,0.0006793478260869569,0.004829738451086957,0.0006793478260869569,0.0006793478260869569,0.0006793478260869569,0.0006793478260869569,-0.005180027173913043,-0.006889011548913043,0.003853175951086957,0.027290675951086956,0.0006793478260869569,-0.03130307404891304,0.0006793478260869569,0.0003547018299932075,0.0003547018299932075,-0.023002292798913044,0.03607973845108696,0.03681216032608696,0.0003547018299932075,0.0006793478260869569,0.0003547018299932075,0.0006793478260869569,0.007759425951086957,0.015083644701086956,-0.003471042798913043,-0.028861667798913044,0.0006793478260869569,-0.007621433423913043,0.023384425951086956,0.0006793478260869569,0.0006793478260869569,0.0006793478260869569,0.0006793478260869569,0.026802394701086956,0.0006793478260869569,0.028511379076086956,0.001900050951086957,-0.006889011548913043,0.017525050951086956,0.0003547018299932075,0.0006793478260869569,0.03534731657608696,-0.017387058423913044,0.0006793478260869569,0.004829738451086957,0.05512270720108696,0.03607973845108696,0.0006793478260869569,-0.024955417798913044,-0.05815854279891304,-0.03276791779891304,0.030952785326086956,0.0003547018299932075,0.0006793478260869569,-0.002982761548913043,0.0006793478260869569,0.0006793478260869569,0.0006793478260869569,0.0006793478260869569,0.0003547018299932075,-0.06719174592391304,0.0006793478260869569,0.0003547018299932075,-0.028129245923913044,0.0006793478260869569,0.0003547018299932075,0.017525050951086956,0.0003547018299932075,0.0006793478260869569,-0.020805027173913044,0.04633364470108696,0.04853091032608696,-0.007377292798913043,-0.05400815217391304,0.0006793478260869569,0.03852114470108696,0.0006793478260869569,0.025337550951086956,-0.013969089673913044,-0.04863705842391304,-0.05351987092391304,-0.012992527173913044,0.0006793478260869569,0.0006793478260869569,0.0006793478260869569,0.0006793478260869569,0.0006793478260869569,-0.007865574048913044,0.018745754076086956,-0.024955417798913044,0.0006793478260869569,-0.06328549592391304,-0.06059994904891304,-0.012504245923913044,0.024360988451086956,-0.002494480298913043,0.0006793478260869569,-0.06768002717391304,0.0006793478260869569,-0.011771824048913044,0.03412661345108696,0.017525050951086956,-0.04839291779891304,0.0003547018299932075,-0.015189792798913044,0.0006793478260869569,0.027290675951086956,0.0006793478260869569,-0.028373386548913044,0.0006793478260869569,0.0006793478260869569,0.0006793478260869569,0.04364809782608696,0.0006793478260869569,0.020698879076086956,-0.028617527173913044,-0.04863705842391304,0.0006793478260869569,0.03168520720108696,0.008247707201086956,0.0006793478260869569,-0.03252377717391304,-0.03301205842391304,0.008980129076086956,0.05316958220108696,-0.010306980298913044,0.0006793478260869569,-0.03813901154891304,0.0006793478260869569,0.016792629076086956,0.06000551970108696,0.0006793478260869569,0.03534731657608696,-0.004691745923913043,-0.023978855298913044,0.0006793478260869569,0.0006793478260869569,0.0006793478260869569,0.0006793478260869569,0.0006793478260869569,0.0006793478260869569,0.006538722826086957,0.03827700407608696,0.04438051970108696,0.029732082201086956,-0.015433933423913044,-0.003715183423913043,0.0006793478260869569,0.012398097826086956,0.0006793478260869569,0.019478175951086956,-0.007865574048913044,-0.03496518342391304,0.0006793478260869569,0.004585597826086957,0.03632387907608696,0.028999660326086956,-0.005424167798913043,-0.03813901154891304,0.0006793478260869569,0.04218325407608696,0.0006793478260869569,0.0006793478260869569,0.0006793478260869569,0.0006793478260869569,-0.031058933423913044,0.0006793478260869569,0.027778957201086956,0.03730044157608696,0.022407863451086956,0.0006793478260869569,0.0006793478260869569,-0.011039402173913044,0.031196925951086956,0.05194887907608696,0.0009234884510869569,0.0006793478260869569,-0.021537449048913044,-0.009086277173913044,0.030708644701086956,0.05414614470108696,0.0006793478260869569,-0.005180027173913043,-0.03423276154891304,0.0006793478260869569,-0.006156589673913043,0.015083644701086956,0.004829738451086957,0.0006793478260869569,0.0006793478260869569,0.0006793478260869569,0.0006793478260869569,0.0006793478260869569,0.0006793478260869569,-0.014945652173913044,-0.023734714673913044,-0.004203464673913043,0.010200832201086956,0.015571925951086956,0.0006793478260869569,-0.008597995923913044,-0.022025730298913044,0.0006793478260869569,0.025825832201086956,-0.004203464673913043,0.0006793478260869569,-0.005668308423913043,-0.010551120923913044,-0.005668308423913043,0.019234035326086956,0.03437075407608696,-0.026176120923913044,0.0006793478260869569,0.0006793478260869569,-0.005180027173913043,0.0006793478260869569,0.0006793478260869569,0.0006793478260869569,-0.018851902173913044,0.0006793478260869569,0.009468410326086956,0.024605129076086956,0.025581691576086956,0.0006793478260869569,0.0006793478260869569,-0.021537449048913044,-0.025199558423913044,0.011421535326086956,0.027534816576086956,-0.007133152173913043,0.0006793478260869569,-0.007133152173913043,0.004097316576086957,-0.002982761548913043,0.0006793478260869569,0.005073879076086957,0.0006793478260869569,0.004829738451086957,0.009712550951086956,0.014595363451086956,0.008003566576086956,0.0006793478260869569,0.0006793478260869569,0.0006793478260869569,0.0006793478260869569,0.0006793478260869569,0.0006793478260869569,-0.010306980298913044,-0.03594174592391304,-0.007621433423913043,0.0006793478260869569,0.002144191576086957,-0.013969089673913044,-0.025687839673913044,-0.020316745923913044,0.0006793478260869569,0.0006793478260869569,-0.025443699048913044,-0.014701511548913044,0.00019106657608695694,-0.001029636548913043,-0.023978855298913044,-0.021781589673913044,0.0006793478260869569,-0.011283542798913044,-0.003471042798913043,0.0006793478260869569,0.0006793478260869569,-0.019584324048913044,0.0006793478260869569,0.0006793478260869569,-0.022269870923913044,0.0006793478260869569,0.00019106657608695694,0.002144191576086957,-0.023978855298913044,0.0006793478260869569,0.0006793478260869569,0.012886379076086956,0.004097316576086957,-0.022514011548913044,-0.021293308423913044,0.0006793478260869569,0.002632472826086957,0.018257472826086956,0.012153957201086956,-0.005424167798913043,0.0006793478260869569,0.0006793478260869569,0.010200832201086956,0.015327785326086956,0.011909816576086956,0.004585597826086957,-0.001517917798913043,0.0006793478260869569,0.0006793478260869569,0.0006793478260869569,0.0006793478260869569,0.0006793478260869569,0.0006793478260869569,0.021675441576086956,0.018013332201086956,0.011665675951086956,0.005562160326086957,0.0006793478260869569,0.016548488451086956,0.028755519701086956,0.028511379076086956,0.0006793478260869569,0.0006793478260869569,0.005073879076086957,0.023140285326086956,0.03803286345108696,0.03315005095108696,0.018989894701086956,0.0006793478260869569,0.015327785326086956,0.010200832201086956,0.018745754076086956,0.0006793478260869569,0.018745754076086956,0.0006793478260869569,0.0006793478260869569,0.0006793478260869569,0.0006793478260869569,0.009712550951086956,0.011665675951086956,0.00019106657608695694,0.0006793478260869569,0.004341457201086957,0.0006793478260869569,-0.001762058423913043,-0.016898777173913044,-0.005180027173913043,0.0006793478260869569,0.006294582201086957,-0.0007854959239130431,-0.005912449048913043,-0.001029636548913043,0.009468410326086956,0.0006793478260869569,0.0006793478260869569,-0.011283542798913044,-0.002738620923913043,0.020454738451086956,0.028755519701086956,-0.017387058423913044,0.0006793478260869569,0.0006793478260869569,0.0006793478260869569,0.0006793478260869569,0.0006793478260869569,0.0006793478260869569,0.0006793478260869569,-0.026176120923913044,-0.015433933423913044,-0.010306980298913044,-0.017875339673913044,-0.021293308423913044,0.0006793478260869569,-0.025687839673913044,-0.027152683423913044,0.0006793478260869569,-0.008353855298913044,-0.006644870923913043,-0.022269870923913044,-0.04375424592391304,-0.018851902173913044,0.0006793478260869569,0.009712550951086956,0.012642238451086956,-0.008597995923913044,0.0006793478260869569,-0.04351010529891304,-0.015189792798913044,0.0006793478260869569,0.0006793478260869569,0.0006793478260869569,-0.04814877717391304,0.004341457201086957,0.0006793478260869569,0.03217348845108696,0.0006793478260869569,-0.008842136548913044,-0.013724949048913044,0.006538722826086957,0.0006793478260869569,0.027534816576086956,0.026558254076086956,0.00043520720108695694,-0.015922214673913044,-0.003471042798913043,0.0006793478260869569,0.016792629076086956,0.0006793478260869569,0.0006793478260869569,-0.001029636548913043,0.019722316576086956,0.03754458220108696,0.003609035326086957,0.0006793478260869569,-0.018851902173913044,0.0006793478260869569,0.0006793478260869569,0.0006793478260869569,0.0006793478260869569,-0.012992527173913044,-0.03862729279891304,-0.012504245923913044,0.05731997282608696,0.0006793478260869569,0.023384425951086956,-0.029105808423913044,-0.05083432404891304,-0.022514011548913044,0.0006793478260869569,0.03998598845108696,-0.04302182404891304,0.0006793478260869569,-0.05913510529891304,-0.03276791779891304,0.008003566576086956,0.018257472826086956,-0.002982761548913043,-0.04375424592391304,0.0006793478260869569,0.0006793478260869569,0.020210597826086956,0.0006793478260869569,0.0006793478260869569,0.0006793478260869569,-0.03520932404891304,0.0006793478260869569,0.05097231657608696,0.05731997282608696,-0.022269870923913044,0.0006793478260869569,0.0006793478260869569,0.017280910326086956,0.06684145720108696,0.06000551970108696,-5.3074048913043063e-05,-0.04082455842391304,0.0006793478260869569,0.004097316576086957,0.03412661345108696,0.025825832201086956,0.0006793478260869569,-0.04521908967391304,-0.05303158967391304,0.00043520720108695694,0.0006793478260869569,0.007271144701086957,-0.008109714673913044,0.0006793478260869569,0.0006793478260869569,0.0006793478260869569,0.0006793478260869569,0.0006793478260869569,-0.018119480298913044,-0.03740658967391304,-0.03862729279891304,-0.014457370923913044,0.023140285326086956,0.0006793478260869569,0.004829738451086957,-0.009330417798913044,0.00043520720108695694,0.0006793478260869569,0.03437075407608696,0.03461489470108696,0.0006793478260869569,0.03144106657608696,0.03461489470108696,0.03656801970108696,0.03559145720108696,0.03827700407608696,0.020454738451086956,0.0006793478260869569,0.0006793478260869569,0.014839504076086956,0.0006793478260869569,0.0006793478260869569,0.0006793478260869569,-0.021781589673913044,-0.009086277173913044,0.0006793478260869569,0.002388332201086957,0.003120754076086957,0.0006793478260869569,-0.03252377717391304,-0.04741635529891304,-0.03496518342391304,-0.023002292798913044,0.0006793478260869569,-0.013724949048913044,-0.016410495923913044,-0.031058933423913044,-0.03935971467391304,0.0006793478260869569,-0.009574558423913044,0.004585597826086957,0.0006793478260869569,0.007515285326086957,0.012153957201086956,0.014107082201086956,0.017769191576086956,0.0006793478260869569,0.0006793478260869569,0.0006793478260869569,0.0006793478260869569,0.0006793478260869569,0.010444972826086956,0.027534816576086956,0.027778957201086956,0.0006793478260869569,-0.005912449048913043,-0.020805027173913044,-0.004691745923913043,0.016060207201086956,0.013374660326086956,0.0006793478260869569,-0.025687839673913044,0.0006793478260869569,-0.019584324048913044,-0.015433933423913044,-0.022025730298913044,-0.03496518342391304,-0.06255307404891304,-0.05010190217391304,0.0006793478260869569,-0.026420261548913044,0.0006793478260869569,-0.0007854959239130431,0.0006793478260869569,0.0006793478260869569,0.0006793478260869569,0.014351222826086956,0.0006793478260869569,0.011421535326086956,0.012398097826086956,0.022652004076086956,0.0006793478260869569,0.05292544157608696,0.020210597826086956,0.0006793478260869569,0.002632472826086957,-0.0005413552989130431,0.011665675951086956,0.019478175951086956,0.019234035326086956,0.003853175951086957,0.0006793478260869569,-0.008597995923913044,0.0006793478260869569,-0.009818699048913044,-0.017631199048913044,-0.025687839673913044,-0.026664402173913044,-0.022269870923913044,0.0006793478260869569,0.0006793478260869569,0.0006793478260869569,0.0006793478260869569,0.0006793478260869569,-0.011771824048913044,-0.0007854959239130431,-0.018851902173913044,-0.020805027173913044,0.0006793478260869569,0.005562160326086957,0.028755519701086956,0.03168520720108696,0.026558254076086956,0.0006793478260869569,0.04023012907608696,0.04413637907608696,0.03217348845108696,0.0006793478260869569,0.021431300951086956,0.026558254076086956,0.04340395720108696,0.05121645720108696,0.03192934782608696,0.0006793478260869569,0.010444972826086956,0.0006793478260869569,0.0006793478260869569,0.0006793478260869569,0.0006793478260869569,-0.017875339673913044,-0.011283542798913044,-0.022514011548913044,0.0006793478260869569,-0.03765073029891304,0.0006793478260869569,-0.03447690217391304,-0.019340183423913044,-0.011771824048913044,-0.005668308423913043,0.001655910326086957,0.008980129076086956,-0.001517917798913043,0.0006793478260869569,-0.003471042798913043,0.0006793478260869569,0.022163722826086956,0.019234035326086956,0.012886379076086956,0.008491847826086956,0.004585597826086957,0.004585597826086957,0.0006793478260869569,0.0006793478260869569,0.0006793478260869569,0.0006793478260869569,0.0006793478260869569,0.0006793478260869569,-0.030326511548913044,-0.03911557404891304,-0.022758152173913044,-0.021537449048913044,-0.04131283967391304,0.0006793478260869569,-0.05400815217391304,-0.04131283967391304,-0.022758152173913044,0.0006793478260869569,-0.003715183423913043,0.010444972826086956,0.003853175951086957,0.0006793478260869569,0.00043520720108695694,0.010689113451086956,0.03412661345108696,0.04462466032608696,0.029976222826086956,0.0006793478260869569,0.029487941576086956,0.0006793478260869569,0.0006793478260869569,0.0006793478260869569,0.0006793478260869569,0.007271144701086957,0.0006793478260869569,-0.008109714673913044,-0.005668308423913043,0.011665675951086956,0.0006793478260869569,-0.014945652173913044,-0.03789487092391304,-0.03276791779891304,-0.025931980298913044,0.0006793478260869569,-0.014457370923913044,-0.015189792798913044,-0.028861667798913044,-0.024711277173913044,0.0006793478260869569,0.009712550951086956,0.016304347826086956,0.010933254076086956,0.0006793478260869569,0.009224269701086956,0.018745754076086956,0.03315005095108696,0.0006793478260869569,0.0006793478260869569,0.0006793478260869569,0.0006793478260869569,0.0006793478260869569,0.014351222826086956,0.003853175951086957,-0.007133152173913043,0.0006793478260869569,-0.008842136548913044,-0.003715183423913043,-0.005180027173913043,-0.019340183423913044,-0.03716244904891304,0.0006793478260869569,0.0006793478260869569,-0.03130307404891304,-0.022514011548913044,-0.013236667798913044,-0.020805027173913044,-0.013236667798913044,0.009712550951086956,0.0006793478260869569,0.018257472826086956,0.013862941576086956,0.0006793478260869569,0.023872707201086956,0.0006793478260869569,0.0006793478260869569,0.0006793478260869569,0.0006793478260869569,0.015571925951086956,0.024360988451086956,0.011177394701086956,-0.005180027173913043,0.0006793478260869569,0.0006793478260869569,0.009468410326086956,0.011665675951086956,-0.012260105298913044,-0.021049167798913044,0.0006793478260869569,-0.029349949048913044,-0.028373386548913044,-0.021537449048913044,-0.007865574048913044,0.0006793478260869569,-0.012504245923913044,-0.005180027173913043,0.0006793478260869569,0.012886379076086956,0.019966457201086956,0.022652004076086956,0.0006793478260869569,0.0006793478260869569,0.0006793478260869569,0.0006793478260869569,0.0006793478260869569,0.008491847826086956,0.008735988451086956,0.011177394701086956,0.009712550951086956,-0.013480808423913044,0.0006793478260869569,-0.021781589673913044,-0.021781589673913044,-0.006400730298913043,0.0006793478260869569,-0.024711277173913044,-0.04180112092391304,-0.019828464673913044,0.0006793478260869569,-0.004691745923913043,-0.018119480298913044,-0.03276791779891304,-0.012260105298913044,0.014839504076086956,0.0006793478260869569,0.013618800951086956,0.0006793478260869569,0.0006793478260869569,0.0006793478260869569,0.0006793478260869569,0.021431300951086956,0.010933254076086956,0.001900050951086957,0.011421535326086956,0.0006793478260869569,0.0006793478260869569,0.0006793478260869569,-0.008597995923913044,-0.023002292798913044,-0.03374448029891304,-0.018851902173913044,-0.016410495923913044,-0.021293308423913044,0.0006793478260869569,-0.026908542798913044,0.0006793478260869569,-0.015922214673913044,-0.001517917798913043,0.009224269701086956,0.009224269701086956,-5.3074048913043063e-05,0.021187160326086956,0.0006793478260869569,0.0006793478260869569,0.0006793478260869569,0.0006793478260869569,0.0006793478260869569,0.018013332201086956,0.0006793478260869569,0.010200832201086956,0.008735988451086956,0.013618800951086956,0.010689113451086956,-0.008597995923913044,-0.006644870923913043,-0.012992527173913044,0.0006793478260869569,0.0006793478260869569,-0.04009213654891304,-0.021293308423913044,0.003120754076086957,0.008247707201086956,-0.013969089673913044,-0.023978855298913044,0.03852114470108696,0.04071841032608696,0.0006793478260869569,0.0006793478260869569,0.007271144701086957,0.021675441576086956,0.0006793478260869569,0.0006793478260869569,0.0006793478260869569,0.001411769701086957,-0.004691745923913043,-0.004203464673913043,0.0006793478260869569,-0.006400730298913043,0.0006793478260869569,-0.0007854959239130431,0.001655910326086957,-0.022758152173913044,-0.05303158967391304,-0.03227963654891304,0.0006793478260869569,-0.010062839673913044,-0.011527683423913044,-0.027640964673913044,0.0006793478260869569,-0.007621433423913043,0.015571925951086956,0.010200832201086956,0.0006793478260869569,0.014107082201086956,0.025337550951086956,0.022407863451086956,0.0006793478260869569,0.0006793478260869569,0.0006793478260869569,0.0006793478260869569,-0.011283542798913044,0.0006793478260869569,-0.013480808423913044,-0.002250339673913043,-0.003471042798913043,-0.025687839673913044,-0.018607761548913044,0.0006793478260869569,-0.016898777173913044,-0.024711277173913044,0.0006793478260869569,-0.016898777173913044,0.008003566576086956,0.009468410326086956,-0.001029636548913043,0.0006793478260869569,0.006538722826086957,0.028999660326086956,0.04438051970108696,0.03949770720108696,0.0006793478260869569,0.018745754076086956,0.0006793478260869569,0.0006793478260869569,0.0006793478260869569,0.0006793478260869569,-0.020560886548913044,-0.010306980298913044,0.001411769701086957,-0.020072605298913044,0.0006793478260869569,0.0006793478260869569,-0.04228940217391304,-0.04106869904891304,-0.019096042798913044,0.009712550951086956,-0.003715183423913043,0.0006793478260869569,-0.015189792798913044,0.001655910326086957,0.030464504076086956,0.0006793478260869569,0.029732082201086956,0.013862941576086956,0.0006793478260869569,0.001411769701086957,0.005562160326086957,0.021675441576086956,0.03266176970108696,0.0006793478260869569,0.0006793478260869569,0.0006793478260869569,0.0006793478260869569,0.0006793478260869569,-0.005180027173913043,-0.013236667798913044,-0.030814792798913044,-0.026176120923913044,0.0006793478260869569,-0.00029721467391304306,0.015083644701086956,0.016548488451086956,0.008980129076086956,0.0006793478260869569,0.024360988451086956,0.05219301970108696,0.0006793478260869569,0.04853091032608696,0.006294582201086957,-0.027152683423913044,-0.016410495923913044,0.028755519701086956,-0.002982761548913043,0.0006793478260869569,0.0006793478260869569,0.0003547018299932075,0.0006793478260869569,0.0006793478260869569,0.0006793478260869569,-0.012992527173913044,0.0006793478260869569,-0.018607761548913044,-0.021293308423913044,-0.009818699048913044,0.0006793478260869569,0.017525050951086956,0.006782863451086957,0.0006793478260869569,0.027290675951086956,0.05072817595108696,0.03778872282608696,0.003364894701086957,-0.03545346467391304,0.0006793478260869569,-0.015678074048913044,0.0006793478260869569,0.007515285326086957,-0.013969089673913044,-0.06108823029891304,0.0006793478260869569,-0.05986752717391304,-0.03618588654891304,0.0006793478260869569,0.0006793478260869569,0.0006793478260869569,0.0006793478260869569,0.0006793478260869569,0.017036769701086956,-0.013969089673913044,-0.05205502717391304,0.0006793478260869569,-0.03618588654891304,0.023384425951086956,0.06000551970108696,0.03559145720108696,-0.015678074048913044,0.0006793478260869569,0.029732082201086956,0.0006793478260869569,0.012886379076086956,-0.003226902173913043,0.009712550951086956,0.027534816576086956,0.014107082201086956,0.008003566576086956,0.0006793478260869569,0.009224269701086956,0.0006793478260869569,0.010933254076086956,0.0006793478260869569,0.0006793478260869569,0.0006793478260869569,0.011177394701086956,0.012153957201086956,0.0006793478260869569,0.023628566576086956,0.03705630095108696,0.0006793478260869569,0.018257472826086956,0.022163722826086956,0.031196925951086956,0.0006793478260869569,0.03607973845108696,0.028267238451086956,0.015816066576086956,0.005806300951086957,0.008491847826086956,0.0006793478260869569,0.016060207201086956,0.0006793478260869569,0.013130519701086956,0.004097316576086957,-0.005424167798913043,-0.007377292798913043,0.003853175951086957,0.0006793478260869569,0.0006793478260869569,0.0006793478260869569,0.0006793478260869569,0.0006793478260869569,0.008980129076086956,0.022163722826086956,0.0006793478260869569,0.023384425951086956,0.019234035326086956,0.014839504076086956,0.007271144701086957,0.005562160326086957,0.004829738451086957,0.0006793478260869569,0.0006793478260869569,0.004829738451086957,-0.002250339673913043,-0.011283542798913044,-0.011039402173913044,-0.001273777173913043,0.002876613451086957,0.0006793478260869569,-0.005668308423913043,-0.017875339673913044,0.0006793478260869569
UR5e_W,0.015327535649781586,0.034126363774781586,0.031929098149781586,0.023140035649781586,0.014106832524781586,0.017280660649781586,0.027290426274781586,0.030220113774781586,0.023384176274781586,0.009468160649781586,0.003120504399781586,0.012153707524781586,0.017768941899781586,0.008979879399781586,-0.009086526850218414,-0.021537698725218414,-0.018363870600218414,-0.007865823725218414,-0.002983011225218414,-0.008598245600218414,-0.019828714350218414,-0.025688089350218414,-0.028617776850218414,-0.026176370600218414,-0.017387308100218414,-0.015190042475218414,-0.020072854975218414,-0.028861917475218414,-0.032279886225218414,-0.022514261225218414,-0.012016214350218414,-0.009818948725218414,-0.017631448725218414,-0.022025979975218414,-0.016899026850218414,-0.010307229975218414,-0.006889261225218414,-0.010063089350218414,-0.012992776850218414,-0.013969339350218414,-0.013969339350218414,-0.007377542475218414,-0.002006448725218414,-0.00029746435021841405,-0.000785745600218414,-0.003471292475218414,-0.004691995600218414,-0.000541604975218414,0.005561910649781586,0.008003316899781586,0.007759176274781586,0.005561910649781586,0.005561910649781586,0.008491598149781586,0.011177145024781586,0.011665426274781586,0.013130270024781586,0.012397848149781586,0.011909566899781586,0.013130270024781586,0.015327535649781586,0.018013082524781586,0.013862691899781586,0.006294332524781586,0.000923238774781586,-5.332372521841405e-05,0.008491598149781586,0.018989645024781586,0.018501363774781586,0.00019081689978158595,0.007759176274781586,-0.008109964350218414,-0.001274026850218414,0.013374410649781586,0.021186910649781586,0.014106832524781586,0.00019081689978158595,-0.007865823725218414,-0.004203714350218414,0.008491598149781586,0.019722066899781586,0.013130270024781586,-0.002983011225218414,-0.008598245600218414,-0.006645120600218414,0.004829488774781586,0.011665426274781586,0.007515035649781586,-0.000541604975218414,-0.006156839350218414,-0.004203714350218414,-0.000785745600218414,0.001411520024781586,-0.001518167475218414,-0.003227151850218414,0.001411520024781586,0.00043495752478158595,-0.007377542475218414,-0.011039651850218414,-0.004691995600218414,0.005561910649781586,0.008491598149781586,0.001899801274781586,-0.009086526850218414,-0.011772073725218414,-0.007621683100218414,-0.002738870600218414,0.00019081689978158595,-0.002738870600218414,-0.009086526850218414,-0.013969339350218414,-0.006400979975218414,0.002143941899781586,0.003608785649781586,-0.004203714350218414,-0.010307229975218414,-0.009574808100218414,-0.009086526850218414,-0.003959573725218414,-0.003959573725218414,-0.010063089350218414,-0.012016214350218414,-0.008598245600218414,-0.006889261225218414,-0.007865823725218414,-0.007621683100218414,-0.005424417475218414,-0.003227151850218414,-0.001274026850218414,-0.00029746435021841405,0.00019081689978158595,0.002143941899781586,0.000679098149781586,-0.00029746435021841405,0.001167379399781586,0.002876363774781586,0.007026754399781586,0.008979879399781586,0.009224020024781586,0.010444723149781586,0.015571676274781586,0.016304098149781586,0.008735738774781586,0.009956441899781586,0.016059957524781586,0.012153707524781586,0.010688863774781586,0.015815816899781586,0.012397848149781586,0.002876363774781586,0.010200582524781586,0.020454488774781586,0.018745504399781586,0.013618551274781586,0.008247457524781586,0.009224020024781586,0.013618551274781586,0.016304098149781586,0.015327535649781586,0.008735738774781586,-0.003471292475218414,-0.007865823725218414,-0.002983011225218414,0.000923238774781586,0.003364645024781586,0.002388082524781586,-0.011527933100218414,-0.021293558100218414,-0.011283792475218414,0.002876363774781586,-0.002738870600218414,-0.028129495600218414,-0.053031839350218414,-0.060111917475218414,-0.045463479975218414,-0.030082620600218414,-0.026664651850218414,-0.042289651850218414,-0.06523887060021841,-0.060356058100218414,-0.037406839350218414,-0.020805276850218414,-0.015434183100218414,-0.028617776850218414,-0.042045511225218414,-0.034233011225218414,-0.011527933100218414,0.009224020024781586,0.012397848149781586,-0.001518167475218414,-0.007865823725218414,0.005561910649781586,0.025581441899781586,0.034370504399781586,0.029731832524781586,0.019477926274781586,0.016304098149781586,0.028022848149781586,0.046333395024781586,0.050727926274781586,0.036323629399781586,0.022895895024781586,0.016792379399781586,0.027290426274781586,0.047798238774781586,0.054145895024781586,0.043403707524781586,0.025093160649781586,0.017768941899781586,0.025825582524781586,0.035591207524781586,0.037544332524781586,0.032417379399781586,0.021431051274781586,0.011909566899781586,0.009224020024781586,0.013618551274781586,0.017524801274781586,0.012397848149781586,0.002632223149781586,-0.008598245600218414,-0.012748636225218414,-0.003227151850218414,0.002143941899781586,-0.004691995600218414,-0.019096292475218414,-0.028861917475218414,-0.023002542475218414,-0.012992776850218414,-0.011039651850218414,-0.020316995600218414,-0.031547464350218414,-0.031547464350218414,-0.021781839350218414,-0.018119729975218414,-0.023734964350218414,-0.034721292475218414,-0.036918558100218414,-0.023979104975218414,-0.006400979975218414,0.002632223149781586,-0.004936136225218414,-0.014701761225218414,-0.015190042475218414,-0.005912698725218414,0.005073629399781586,0.004829488774781586,-0.003715433100218414,-0.008354104975218414,-0.002983011225218414,0.005317770024781586,0.014595113774781586,0.017280660649781586,0.001899801274781586,-0.014213479975218414,-0.010795511225218414,0.007026754399781586,0.025581441899781586,0.034370504399781586,0.026802145024781586,0.012641988774781586,-0.001274026850218414,-0.005912698725218414,0.003120504399781586,0.011665426274781586,0.008491598149781586,-0.002250589350218414,-0.012992776850218414,-0.008842386225218414,0.007759176274781586,0.011665426274781586,-0.002006448725218414,-0.013481058100218414,-0.017631448725218414,-0.018608011225218414,-0.006400979975218414,0.007759176274781586,0.009956441899781586,-0.004936136225218414,-0.024711526850218414,-0.022758401850218414,-0.007133401850218414,0.000923238774781586,-0.005668558100218414,-0.018608011225218414,-0.023734964350218414,-0.020805276850218414,-0.006889261225218414,0.000679098149781586,-0.002006448725218414,-0.003471292475218414,-0.001029886225218414,0.009956441899781586,0.009224020024781586,-0.002983011225218414,-0.008109964350218414,-0.002250589350218414,0.009956441899781586,0.022407613774781586,0.024849020024781586,0.018745504399781586,0.011177145024781586,0.005561910649781586,0.013862691899781586,0.024604879399781586,0.026558004399781586,0.020454488774781586,0.012153707524781586,0.006538473149781586,0.007515035649781586,0.021675191899781586,0.025825582524781586,0.012397848149781586,-0.001029886225218414,-0.006889261225218414,-0.004691995600218414,0.000923238774781586,0.005806051274781586,0.003608785649781586,-0.005668558100218414,-0.015678323725218414,-0.021049417475218414,-0.017387308100218414,-0.012992776850218414,-0.013725198725218414,-0.012504495600218414,-0.013236917475218414,-0.010063089350218414,-0.002494729975218414,-0.008109964350218414,-0.020316995600218414,-0.025443948725218414,-0.024223245600218414,-0.017143167475218414,-0.008354104975218414,-0.005180276850218414,-0.001274026850218414,0.002876363774781586,-0.001518167475218414,-0.006156839350218414,-0.009818948725218414,-0.014701761225218414,-0.017875589350218414,-0.006889261225218414,0.012641988774781586,0.023140035649781586,0.015327535649781586,-0.006889261225218414,-0.015922464350218414,-0.007377542475218414,0.008247457524781586,0.022895895024781586,0.024849020024781586,0.009712301274781586,-0.001274026850218414,0.004585348149781586,0.016548238774781586,0.024116598149781586,0.019233785649781586,0.001899801274781586,-0.010795511225218414,-0.002250589350218414,0.009712301274781586,0.011665426274781586,0.008735738774781586,-0.002738870600218414,-0.012260354975218414,-0.002738870600218414,0.015083395024781586,0.019722066899781586,0.008003316899781586,-0.004936136225218414,-0.006645120600218414,-0.001029886225218414,0.008491598149781586,0.011909566899781586,0.003852926274781586,-0.004447854975218414,-0.006645120600218414,-0.001274026850218414,0.004585348149781586,0.008979879399781586,0.010688863774781586,0.009468160649781586,0.007515035649781586,0.007026754399781586,0.009712301274781586,0.011177145024781586,0.003120504399781586,-0.000785745600218414,0.010933004399781586,0.016792379399781586,0.013130270024781586,0.005806051274781586,-0.002250589350218414,-0.001518167475218414,0.000923238774781586,-0.003227151850218414,-0.005424417475218414,-0.009330667475218414,-0.015190042475218414,-0.012748636225218414,-0.009330667475218414,-0.015190042475218414,-0.027397073725218414,-0.039115823725218414,-0.040580667475218414,-0.026176370600218414,-0.010795511225218414,-0.009086526850218414,-0.017875589350218414,-0.024955667475218414,-0.031059183100218414,-0.026420511225218414,-0.013481058100218414,-0.006645120600218414,-0.002983011225218414,-0.010795511225218414,-0.019340433100218414,-0.011527933100218414,-0.004447854975218414,-0.009086526850218414,0.00019081689978158595,-0.006645120600218414,0.021431051274781586,0.021919332524781586,0.022163473149781586,0.018745504399781586,0.009224020024781586,0.007759176274781586,0.013618551274781586,0.025581441899781586,0.036323629399781586,0.036567770024781586,0.029243551274781586,0.019233785649781586,0.021431051274781586,0.026802145024781586,0.029243551274781586,0.023872457524781586,0.011421285649781586,0.003364645024781586,0.010688863774781586,0.023872457524781586,0.015815816899781586,-0.005668558100218414,-0.018608011225218414,-0.019584573725218414,-0.018608011225218414,-0.010307229975218414,-0.005424417475218414,-0.010063089350218414,-0.016654886225218414,-0.024223245600218414,-0.026420511225218414,-0.017143167475218414,-0.013481058100218414,-0.022758401850218414,-0.035209573725218414,-0.040336526850218414,-0.030815042475218414,-0.020072854975218414,-0.016410745600218414,-0.015922464350218414,-0.010063089350218414,-0.007133401850218414,-0.009330667475218414,-0.008109964350218414,0.001655660649781586,0.001655660649781586,0.006538473149781586,0.010933004399781586,0.011177145024781586,0.006294332524781586,0.005561910649781586,0.014350973149781586,0.027534566899781586,0.034614645024781586,0.026558004399781586,0.011665426274781586,0.002388082524781586,0.012397848149781586,0.031684957524781586,0.034126363774781586,0.021919332524781586,0.006782613774781586,-0.004203714350218414,-0.001762308100218414,0.009712301274781586,0.011421285649781586,-0.003471292475218414,-0.011283792475218414,-0.007133401850218414,0.001167379399781586,0.008003316899781586,0.001899801274781586,-0.009818948725218414,-0.026908792475218414,-0.029838479975218414,-0.001029886225218414,-0.001029886225218414,0.001899801274781586,-0.011527933100218414,-0.026420511225218414,-0.022514261225218414,-0.002250589350218414,0.012153707524781586,0.013374410649781586,0.008979879399781586,0.004585348149781586,-0.002494729975218414,0.003120504399781586,0.017524801274781586,0.022895895024781586,0.020698629399781586,0.009712301274781586,-0.001274026850218414,0.000679098149781586,0.016304098149781586,0.026558004399781586,-0.005424417475218414,-0.005424417475218414,-0.018852151850218414,-0.023979104975218414,-0.015922464350218414,-0.003715433100218414,0.001167379399781586,-0.005180276850218414,-0.024955667475218414,-0.038139261225218414,-0.036674417475218414,-0.023002542475218414,-0.005180276850218414,-0.000785745600218414,0.00019081689978158595,-0.009574808100218414,-0.032524026850218414,-0.028373636225218414,-0.020072854975218414,-0.015922464350218414,-0.011772073725218414,0.001411520024781586,0.008003316899781586,0.002876363774781586,0.003608785649781586,0.013374410649781586,0.017280660649781586,0.018989645024781586,0.027046285649781586,0.031929098149781586,0.029243551274781586,0.024849020024781586,0.028511129399781586,0.029975973149781586,0.022407613774781586,0.024849020024781586,0.032905660649781586,0.037788473149781586,0.038520895024781586,0.026069723149781586,0.002388082524781586,-0.013725198725218414,-0.006400979975218414,0.029731832524781586,0.029731832524781586,0.017280660649781586,-0.007377542475218414,-0.026176370600218414,-0.023002542475218414,-0.004936136225218414,0.004829488774781586,-0.007621683100218414,-0.031303323725218414,-0.047172464350218414,-0.051322854975218414,-0.043754495600218414,-0.020561136225218414,0.001899801274781586,0.004097066899781586,-0.010307229975218414,-0.021049417475218414,-0.021537698725218414,-0.014945901850218414,0.001411520024781586,0.013374410649781586,0.013130270024781586,0.010444723149781586,0.010933004399781586,0.010933004399781586,0.006538473149781586,0.005317770024781586,0.009224020024781586,0.012641988774781586,0.018989645024781586,0.016304098149781586,0.001411520024781586,-0.013725198725218414,-0.018608011225218414,-0.009574808100218414,0.002876363774781586,0.008979879399781586,0.001655660649781586,-0.010551370600218414,-0.021537698725218414,-0.022758401850218414,-0.006400979975218414,-0.006400979975218414,-0.006645120600218414,-0.013236917475218414,-0.030082620600218414,-0.036186136225218414,-0.018608011225218414,-0.001518167475218414,0.004829488774781586,0.005317770024781586,0.006538473149781586,0.002876363774781586,-0.004447854975218414,0.005073629399781586,0.026313863774781586,0.035835348149781586,0.033638082524781586,0.031196676274781586,0.025825582524781586,0.023384176274781586,0.024604879399781586,0.028755270024781586,0.033638082524781586,0.029243551274781586,0.017280660649781586,0.005561910649781586,-0.002738870600218414,0.005317770024781586,0.019233785649781586,0.018257223149781586,0.004585348149781586,-0.008842386225218414,-0.008842386225218414,-0.001029886225218414,0.000923238774781586,-0.016654886225218414,-0.032524026850218414,-0.036674417475218414,-0.039604104975218414,-0.035453714350218414,-0.023979104975218414,-0.017143167475218414,-0.017143167475218414,-0.015922464350218414,-0.022514261225218414,-0.030082620600218414,-0.016899026850218414,0.007026754399781586,0.009956441899781586,0.001167379399781586,-0.00029746435021841405,0.009956441899781586,0.023140035649781586,0.014595113774781586,-0.004936136225218414,-0.008842386225218414,0.001899801274781586,0.014595113774781586,0.005073629399781586,-0.014945901850218414,-0.010307229975218414,0.009468160649781586,0.014839254399781586,-0.007621683100218414,-0.026176370600218414,-0.013481058100218414,0.012397848149781586,0.014350973149781586,-0.007377542475218414,-0.032524026850218414,-0.040336526850218414,-0.024955667475218414,-0.007865823725218414,-0.002738870600218414,-0.014457620600218414,-0.023734964350218414,-0.013236917475218414,0.003852926274781586,0.011665426274781586,0.016548238774781586,0.019233785649781586,0.009468160649781586,0.019233785649781586,0.019233785649781586,0.041450582524781586,0.050239645024781586,0.032417379399781586,0.010933004399781586,0.008979879399781586,0.020698629399781586,0.021675191899781586,0.014595113774781586,0.012886129399781586,0.019477926274781586,0.018989645024781586,0.004097066899781586,-0.007377542475218414,0.00019081689978158595,0.020210348149781586,0.026558004399781586,0.004341207524781586,-0.028617776850218414,-0.046195901850218414,-0.000785745600218414,-0.000785745600218414,0.007515035649781586,-0.005912698725218414,-0.022514261225218414,-0.027641214350218414,-0.017631448725218414,0.005073629399781586,0.023872457524781586,0.017036520024781586,-0.022514261225218414,-0.022514261225218414,-0.008109964350218414,0.015083395024781586,0.028266988774781586,0.027290426274781586,0.003120504399781586,-0.030570901850218414,-0.040580667475218414,-0.019096292475218414,0.010200582524781586,0.016792379399781586,-0.003715433100218414,-0.032035745600218414,-0.033012308100218414,-0.005668558100218414,0.016059957524781586,0.002632223149781586,-0.030815042475218414,-0.057182229975218414,-0.053764261225218414,-0.024467386225218414,0.001655660649781586,0.007026754399781586,-0.008109964350218414,-0.021781839350218414,-0.018363870600218414,0.005317770024781586,0.025337301274781586,0.023384176274781586,0.008003316899781586,0.006294332524781586,0.006294332524781586,0.028022848149781586,0.036079488774781586,0.024604879399781586,0.005806051274781586,-0.007377542475218414,-0.004936136225218414,0.013374410649781586,0.031440816899781586,0.002143941899781586,0.002143941899781586,-0.003959573725218414,0.013862691899781586,0.026802145024781586,0.018013082524781586,-0.008354104975218414,-0.027397073725218414,-0.016166604975218414,0.012397848149781586,0.024849020024781586,0.014595113774781586,-0.009574808100218414,-0.020561136225218414,-0.007377542475218414,0.026069723149781586,0.044380270024781586,0.029975973149781586,0.007026754399781586,-0.003959573725218414,0.006294332524781586,0.029243551274781586,0.035102926274781586,0.015815816899781586,-0.018608011225218414,-0.033500589350218414,-0.017631448725218414,0.016304098149781586,0.029975973149781586,-0.003471292475218414,-0.052543558100218414,-0.028861917475218414,-0.028861917475218414,0.013862691899781586,0.018989645024781586,-0.021293558100218414,-0.07012168310021841,-0.07842246435021841,-0.039359964350218414,0.012886129399781586,0.032905660649781586,-0.041068948725218414,-0.041068948725218414,-0.038627542475218414,0.004097066899781586,0.039497457524781586,0.040229879399781586,0.010200582524781586,-0.016166604975218414,-0.013969339350218414,0.012641988774781586,0.032173238774781586,-0.010307229975218414,-0.010307229975218414,-0.030570901850218414,-0.026176370600218414,-0.002250589350218414,0.018989645024781586,0.012886129399781586,-0.010307229975218414,-0.022270120600218414,-0.013969339350218414,0.008247457524781586,0.008247457524781586,-0.004447854975218414,-0.013725198725218414,-0.013725198725218414,-0.010795511225218414,-0.016654886225218414,-0.023979104975218414,-0.021293558100218414,-0.020072854975218414,-0.007377542475218414,0.035102926274781586,0.035102926274781586,0.039009176274781586,0.020942770024781586,-0.002983011225218414,-0.017143167475218414,-0.005912698725218414,0.023628316899781586,0.035835348149781586,0.019722066899781586,-0.007621683100218414,-0.022514261225218414,0.014595113774781586,0.014595113774781586,0.035102926274781586,0.031196676274781586,0.00019081689978158595,-0.031059183100218414,-0.036918558100218414,-0.012260354975218414,0.019477926274781586,0.034370504399781586,0.023872457524781586,-0.002494729975218414,0.012886129399781586,0.012886129399781586,0.039253316899781586,0.042427145024781586,0.024116598149781586,0.009468160649781586,0.011909566899781586,0.023140035649781586,0.031440816899781586,0.023872457524781586,0.009224020024781586,0.001655660649781586,-0.003471292475218414,-0.007133401850218414,-0.005180276850218414,-0.007865823725218414,-0.008598245600218414,0.004585348149781586,0.010444723149781586,0.003120504399781586,-0.007377542475218414,-0.008109964350218414,-0.008109964350218414,-0.00029746435021841405,0.005073629399781586,-0.000541604975218414,-0.014701761225218414,-0.028861917475218414,-0.029350198725218414,-0.020561136225218414,-0.016654886225218414,-0.025688089350218414,-0.034233011225218414,-0.029106058100218414,-0.015922464350218414,0.005073629399781586,0.016304098149781586,0.004341207524781586,-0.024711526850218414,-0.042533792475218414,-0.025688089350218414,0.008247457524781586,0.016304098149781586,0.016304098149781586,-0.002494729975218414,-0.013236917475218414,-0.006645120600218414,0.010444723149781586,0.027534566899781586,0.028022848149781586,0.008491598149781586,-0.003471292475218414,0.017768941899781586,0.017768941899781586,0.028266988774781586,0.019477926274781586,-0.005180276850218414,-0.017631448725218414,-0.005912698725218414,0.014595113774781586,0.023140035649781586,0.010444723149781586,-0.020805276850218414,-0.020805276850218414,-0.006889261225218414,0.013862691899781586,0.020942770024781586,0.009956441899781586,-0.006889261225218414,-0.017143167475218414,-0.013236917475218414,0.00019081689978158595,0.008735738774781586,-0.009330667475218414,-0.009330667475218414,-0.015190042475218414,-0.002983011225218414,0.013862691899781586,0.017524801274781586,0.003120504399781586,-0.012992776850218414,-0.014213479975218414,0.00019081689978158595,0.016548238774781586,0.008735738774781586,0.008735738774781586,-0.000785745600218414,-0.000541604975218414,0.007270895024781586,0.017280660649781586,0.019722066899781586,0.010688863774781586,0.001167379399781586,-0.007133401850218414,0.003608785649781586,0.003608785649781586,0.008491598149781586,0.000679098149781586,-0.007377542475218414,-0.011283792475218414,-0.006889261225218414,-0.001274026850218414,-0.003959573725218414,-0.011527933100218414,-0.015678323725218414,-0.015678323725218414,-0.007133401850218414,0.000923238774781586,-5.332372521841405e-05,-0.004936136225218414,-0.008354104975218414,-0.012992776850218414,-0.014945901850218414,-0.013969339350218414,-0.005912698725218414,0.002388082524781586,0.001411520024781586,-0.003471292475218414,-0.005424417475218414,-0.002983011225218414,-0.002006448725218414,-0.003715433100218414,-0.002006448725218414,0.002143941899781586,0.002876363774781586,-0.003471292475218414,-0.003471292475218414,-0.003471292475218414,-0.000785745600218414,0.002876363774781586,0.003120504399781586,0.003608785649781586,0.003120504399781586,-0.001762308100218414,-0.005668558100218414,0.005317770024781586,0.005317770024781586,0.004585348149781586,0.002632223149781586,0.004829488774781586,0.009468160649781586,0.004097066899781586,-0.013481058100218414,-0.026664651850218414,-0.021781839350218414,0.002632223149781586,0.022407613774781586,0.022407613774781586,0.018501363774781586,0.026558004399781586,0.044624410649781586,0.062446676274781586,0.058540426274781586,0.031684957524781586,0.010933004399781586,0.016548238774781586,0.045600973149781586,0.045600973149781586,0.030708395024781586,0.004341207524781586,-0.016410745600218414,-0.020072854975218414,-0.012992776850218414,-0.005424417475218414,-0.006156839350218414,-0.021781839350218414,-0.039115823725218414,-0.019340433100218414,-0.019340433100218414,-0.001029886225218414,-0.009818948725218414,-0.047660745600218414,-0.07134238622521841,-0.053031839350218414,-0.006156839350218414,0.028266988774781586,0.018257223149781586,-0.026908792475218414,-0.06670371435021841,-0.06670371435021841,-0.029106058100218414,0.007515035649781586,0.011909566899781586,-0.013236917475218414,-0.042289651850218414,-0.053764261225218414,-0.042289651850218414,-0.019828714350218414,0.008247457524781586,0.008247457524781586,0.001899801274781586,-0.020805276850218414,-0.045219339350218414,-0.047660745600218414,-0.021049417475218414,0.015571676274781586,0.035347066899781586,0.020942770024781586,-0.008354104975218414,-0.012992776850218414,-0.012992776850218414,0.025337301274781586,0.052436910649781586,0.048042379399781586,0.020454488774781586,-0.004447854975218414,0.002388082524781586,0.033393941899781586,0.055610738774781586,0.050239645024781586,0.008491598149781586,0.008491598149781586,0.004829488774781586,0.013374410649781586,0.029975973149781586,0.032905660649781586,0.009956441899781586,-0.013969339350218414,-0.023979104975218414,-0.007865823725218414,0.031929098149781586,0.031929098149781586,0.028022848149781586,0.022895895024781586,0.016792379399781586,0.019233785649781586,0.031929098149781586,0.045600973149781586,0.046577535649781586,0.039741598149781586,0.038765035649781586,0.047309957524781586,0.047309957524781586,0.045356832524781586,0.032173238774781586,0.018501363774781586,0.014839254399781586,0.008247457524781586,-0.010063089350218414,-0.024955667475218414,-0.030326761225218414,-0.032524026850218414,-0.032524026850218414,-0.034233011225218414,-0.038871683100218414,-0.034721292475218414,-0.015190042475218414,0.007515035649781586,0.015327535649781586,0.003608785649781586,-0.014701761225218414,-0.020072854975218414,0.033638082524781586,0.033638082524781586,0.059516988774781586,0.060493551274781586,0.039985738774781586,0.023140035649781586,0.014350973149781586,-0.017875589350218414,-0.07207480810021841,6.46572318128368e-05,6.46572318128368e-05,6.46572318128368e-05,-0.07036582372521841,-0.061088479975218414,-0.06841269872521841,-0.07866660497521841,-0.07622519872521841,-0.048393167475218414,-0.010551370600218414,0.020210348149781586,0.035591207524781586,0.033882223149781586,0.033882223149781586,0.054634176274781586,0.06317909814978159,0.046577535649781586,0.012641988774781586,-0.000785745600218414,0.015815816899781586,0.038276754399781586,0.041450582524781586,-0.030815042475218414,-0.030815042475218414,-0.053031839350218414,-0.054252542475218414,-0.031547464350218414,-0.004936136225218414,0.023384176274781586,0.043403707524781586,0.034858785649781586,0.001655660649781586,-0.018119729975218414,0.053657613774781586,0.053657613774781586,0.08539589502478159,6.46572318128368e-05,0.07025917627478159,0.031929098149781586,0.006782613774781586,-0.007865823725218414,-0.022270120600218414,-0.030570901850218414,-0.014945901850218414,-0.014945901850218414,-0.023979104975218414,-0.028861917475218414,-0.035453714350218414,-0.042045511225218414,-0.031303323725218414,-0.012992776850218414,0.003364645024781586,0.004097066899781586,-0.010063089350218414,-0.000785745600218414,-0.000785745600218414,0.013862691899781586,0.024360738774781586,0.010444723149781586,-0.015678323725218414,-0.023002542475218414,-0.011283792475218414,-0.007133401850218414,-0.025688089350218414,-0.039115823725218414,-0.039115823725218414,-0.044975198725218414,-0.052543558100218414,-0.06621543310021841,-0.06255332372521841,-0.027885354975218414,0.005806051274781586,0.007026754399781586,-0.012504495600218414,-0.003471292475218414,-0.003471292475218414,0.009468160649781586,0.021919332524781586,0.039985738774781586,0.054878316899781586,0.051704488774781586,0.032661520024781586,0.015327535649781586,0.014106832524781586,0.041694723149781586,0.036079488774781586,0.036079488774781586,0.003608785649781586,-0.020805276850218414,-0.015190042475218414,-0.010795511225218414,-0.027885354975218414,-0.042289651850218414,-0.037895120600218414,-0.010551370600218414,0.016059957524781586,-0.007377542475218414,-0.007377542475218414,-0.013725198725218414,0.008247457524781586,0.022895895024781586,0.023872457524781586,0.018745504399781586,0.027046285649781586,0.033149801274781586,0.029487691899781586,0.024116598149781586,0.031929098149781586,0.031929098149781586,0.041694723149781586,0.028511129399781586,-0.004691995600218414,-0.025199808100218414,-0.022514261225218414,-0.017143167475218414,-0.022514261225218414,-0.035697854975218414,-0.033012308100218414,-0.033012308100218414,-0.011772073725218414,-0.002738870600218414,0.007759176274781586,0.019477926274781586,0.019477926274781586,0.007026754399781586,0.00019081689978158595,0.014350973149781586,0.046089254399781586,0.044624410649781586,0.044624410649781586,0.026313863774781586,0.018501363774781586,0.033393941899781586,0.043159566899781586,0.046577535649781586,0.040718160649781586,0.018989645024781586,-0.026908792475218414,-0.020072854975218414,-0.020072854975218414,-0.001518167475218414,-0.001029886225218414,-0.020561136225218414,-0.044486917475218414,-0.054984964350218414,-0.050102151850218414,-0.031303323725218414,-0.009818948725218414,0.002632223149781586,-0.001762308100218414,-0.001762308100218414,-0.003471292475218414,-0.014457620600218414,-0.021781839350218414,-0.015434183100218414,0.006050191899781586,0.034858785649781586,0.046333395024781586,0.029487691899781586,-0.014701761225218414,-0.004936136225218414,-0.004936136225218414,0.012886129399781586,0.007515035649781586,-0.025443948725218414,-0.053520120600218414,-0.054984964350218414,-0.033744729975218414,-0.016410745600218414,-0.023734964350218414,-0.07744590185021841,-0.07744590185021841,-0.06841269872521841,-0.033256448725218414,-0.004691995600218414,-0.002494729975218414,-0.009818948725218414,-0.016654886225218414,-0.012260354975218414,0.004585348149781586,0.004097066899781586,-0.006645120600218414,-0.006645120600218414,0.013130270024781586,0.049018941899781586,0.06415566064978159,0.044624410649781586,0.011909566899781586,0.001899801274781586,0.025825582524781586,0.055122457524781586,0.020942770024781586,0.020942770024781586,-0.003227151850218414,-0.012260354975218414,-0.006645120600218414,-0.001762308100218414,-0.003715433100218414,-0.008842386225218414,-0.012992776850218414,-0.021049417475218414,-0.028129495600218414,-0.007377542475218414,-0.007377542475218414,0.007759176274781586,-0.001029886225218414,-0.020561136225218414,-0.019340433100218414,0.009956441899781586,0.032905660649781586,0.029731832524781586,-0.011527933100218414,0.011177145024781586,0.011177145024781586,0.048530660649781586,0.053413473149781586,0.029487691899781586,0.011665426274781586,0.019966207524781586,0.023872457524781586,0.009712301274781586,-0.012748636225218414,-0.001762308100218414,0.009468160649781586,0.009468160649781586,0.00043495752478158595,-0.024711526850218414,-0.044242776850218414,-0.038627542475218414,-0.021781839350218414,-0.014701761225218414,-0.016899026850218414,-0.039115823725218414,-0.025443948725218414,-0.025443948725218414,-0.007865823725218414,-0.002494729975218414,-0.005912698725218414,-0.002494729975218414,0.003852926274781586,0.010933004399781586,0.023628316899781586,0.031440816899781586,0.021186910649781586,0.021431051274781586,0.021431051274781586,0.027778707524781586,0.043403707524781586,0.045356832524781586,0.031684957524781586,0.022407613774781586,0.019722066899781586,0.013618551274781586,0.004829488774781586,-0.002738870600218414,-0.002738870600218414,-0.015678323725218414,-0.021537698725218414,-0.023246683100218414,-0.021293558100218414,-0.017143167475218414,-0.018119729975218414,-0.037162698725218414,-0.033500589350218414,-0.021781839350218414,-0.021781839350218414,-0.017143167475218414,-0.021537698725218414,-0.020072854975218414,-0.011772073725218414,-0.002250589350218414,0.001167379399781586,-0.003471292475218414,-0.002983011225218414,0.005073629399781586,0.004341207524781586,0.004341207524781586,0.003120504399781586,0.016792379399781586,0.029975973149781586,0.024360738774781586,0.003852926274781586,-0.009086526850218414,0.003852926274781586,0.033882223149781586,0.049263082524781586,0.032905660649781586,-0.001029886225218414,-0.018363870600218414,-0.023490823725218414,0.008735738774781586,0.012397848149781586,0.012397848149781586,0.001411520024781586,-0.019340433100218414,-0.028617776850218414,-0.024955667475218414,-0.006400979975218414,0.002143941899781586,-0.004203714350218414,-0.026176370600218414,-0.030082620600218414,0.002388082524781586,0.006782613774781586,0.006782613774781586,0.003120504399781586,-0.000541604975218414,0.002632223149781586,0.012397848149781586,0.007026754399781586,-0.002006448725218414,-0.000541604975218414,0.016548238774781586,0.011665426274781586,0.011665426274781586,0.004341207524781586,0.002632223149781586,0.009224020024781586,0.019233785649781586,0.00019081689978158595,0.014839254399781586,0.009224020024781586,-0.006645120600218414,-0.001518167475218414,-0.004447854975218414,-0.004447854975218414,-0.000785745600218414,-0.002983011225218414,-0.008842386225218414,-0.012992776850218414,-0.012504495600218414,-0.010063089350218414,-0.013481058100218414,-0.018363870600218414,-0.019584573725218414,-0.015922464350218414,-0.013969339350218414,-0.015190042475218414,-0.015190042475218414,-0.020072854975218414,-0.019584573725218414,-0.012016214350218414,-0.001762308100218414,0.007515035649781586,0.004829488774781586,-0.002006448725218414,-0.004203714350218414,0.029243551274781586,0.027290426274781586,0.027290426274781586,0.007270895024781586,-0.007865823725218414,0.001899801274781586,0.018501363774781586,0.035102926274781586,0.043891988774781586,0.025825582524781586,0.006538473149781586,0.019233785649781586,0.038520895024781586,0.038520895024781586,0.041206441899781586,0.021675191899781586,-0.004203714350218414,-0.023979104975218414,-0.020561136225218414,-0.000541604975218414,0.010444723149781586,-0.019096292475218414,-0.031303323725218414,-0.031303323725218414,-0.025688089350218414,-0.012504495600218414,-0.008598245600218414,-0.018119729975218414,-0.024711526850218414,-0.025688089350218414,-0.023490823725218414,-0.019096292475218414,-0.018363870600218414,-0.026664651850218414,-0.026664651850218414,-0.020316995600218414,-0.011283792475218414,-0.002494729975218414,0.007270895024781586,0.011909566899781586,0.010444723149781586,0.001167379399781586,0.015083395024781586,0.029243551274781586,0.029243551274781586,0.040229879399781586,0.032905660649781586,0.018013082524781586,0.005317770024781586,0.005073629399781586,0.018257223149781586,0.034370504399781586,0.034858785649781586,0.006294332524781586,0.00043495752478158595,0.00043495752478158595,0.003852926274781586,0.002388082524781586,-0.000785745600218414,-0.002738870600218414,-0.001274026850218414,-0.002738870600218414,-0.010795511225218414,-0.024467386225218414,-0.025199808100218414,-0.025199808100218414,-0.022025979975218414,-0.020316995600218414,-0.028373636225218414,-0.026176370600218414,-0.017387308100218414,-0.013969339350218414,-0.018852151850218414,-0.040824808100218414,-0.029350198725218414,-0.029350198725218414,-0.012260354975218414,-0.003471292475218414,-0.006156839350218414,-0.017387308100218414,-0.018363870600218414,-0.008109964350218414,0.010933004399781586,0.023628316899781586,0.001899801274781586,-0.001518167475218414,-0.001518167475218414,0.006782613774781586,0.018501363774781586,0.031684957524781586,0.030220113774781586,0.018257223149781586,0.001899801274781586,-0.00029746435021841405,0.016304098149781586,0.016304098149781586,0.016304098149781586,0.004829488774781586,-0.003471292475218414,0.001655660649781586,0.011665426274781586,0.014839254399781586,0.004341207524781586,-0.007865823725218414,-0.011283792475218414,0.003364645024781586,0.005806051274781586,0.005806051274781586,0.003120504399781586,-0.000541604975218414,0.002632223149781586,0.007270895024781586,0.005317770024781586,-0.004203714350218414,-0.013969339350218414,-0.00029746435021841405,0.011421285649781586,0.011421285649781586,0.013374410649781586,0.004341207524781586,-0.014701761225218414,-0.022025979975218414,-0.014457620600218414,-0.002738870600218414,0.001899801274781586,-0.019096292475218414,-0.012504495600218414,-0.012504495600218414,-0.004691995600218414,-0.004447854975218414,-0.007377542475218414,-0.006156839350218414,-0.003715433100218414,-0.009818948725218414,-0.011772073725218414,-0.002983011225218414,0.021431051274781586,0.010688863774781586,0.010688863774781586,-0.006889261225218414,-0.013481058100218414,-0.009086526850218414,-0.000541604975218414,0.016304098149781586,0.023384176274781586,0.011421285649781586,-0.007377542475218414,0.009224020024781586,0.009224020024781586,0.018989645024781586,0.023872457524781586,0.019233785649781586,0.000679098149781586,-0.012504495600218414,-0.008354104975218414,0.012153707524781586,0.020210348149781586,0.005073629399781586,-0.011283792475218414,-0.011283792475218414,-0.013725198725218414,-0.001518167475218414,0.009712301274781586,0.010444723149781586,-0.006156839350218414,-0.016654886225218414,-0.006645120600218414,0.006538473149781586,-0.001762308100218414,-0.001762308100218414,-0.009086526850218414,-0.014701761225218414,-0.026176370600218414,-0.023002542475218414,-0.003959573725218414,0.013130270024781586,0.001899801274781586,-0.029594339350218414,-0.039359964350218414,-0.012260354975218414,-0.012260354975218414,0.013374410649781586,0.015327535649781586,-0.013481058100218414,-0.045219339350218414,-0.040336526850218414,0.002388082524781586,0.033638082524781586,-0.005180276850218414,-0.028373636225218414,-0.028373636225218414,-0.021537698725218414,0.008735738774781586,0.034614645024781586,0.033393941899781586,0.006538473149781586,-0.014945901850218414,-0.005424417475218414,0.039985738774781586,0.040962301274781586,0.040962301274781586,0.016548238774781586,-0.013481058100218414,-0.020561136225218414,0.013374410649781586,0.051704488774781586,0.046577535649781586,0.007270895024781586,-0.014945901850218414,-0.005180276850218414,0.007026754399781586,0.007026754399781586,0.019722066899781586,0.018257223149781586,0.00043495752478158595,-0.020561136225218414,-0.025932229975218414,-0.010063089350218414,0.010200582524781586,0.012397848149781586,-0.014701761225218414,-0.014701761225218414,-0.032035745600218414,-0.010795511225218414,0.024360738774781586,0.030952535649781586,0.012153707524781586,-0.011772073725218414,-0.024955667475218414,0.017280660649781586,0.034126363774781586,0.018013082524781586,0.018013082524781586,-0.015678323725218414,-0.036430276850218414,-0.025688089350218414,0.004097066899781586,0.029243551274781586,0.028755270024781586,-0.008354104975218414,-0.041801370600218414,0.003608785649781586,0.021919332524781586,0.021919332524781586,0.011421285649781586,-0.013725198725218414,-0.031547464350218414,-0.038627542475218414,-0.014213479975218414,0.024116598149781586,0.028755270024781586,-0.051078714350218414,-0.052543558100218414,-0.013481058100218414,-0.013481058100218414,0.035102926274781586,0.051216207524781586,0.014595113774781586,-0.043266214350218414,-0.058647073725218414,-0.017875589350218414,0.035347066899781586,0.015571676274781586,-0.022025979975218414,-0.022025979975218414,-0.031059183100218414,-0.006645120600218414,0.028999410649781586,0.038276754399781586,0.016548238774781586,-0.016899026850218414,-0.028129495600218414,-0.003227151850218414,0.028022848149781586,0.038032613774781586,0.005317770024781586,-0.029838479975218414,-0.016654886225218414,0.028266988774781586,0.049263082524781586,-0.014457620600218414,-0.031303323725218414,-0.019340433100218414,0.015327535649781586,0.015327535649781586,0.040474020024781586,0.027534566899781586,-0.013236917475218414,-0.039359964350218414,-0.023979104975218414,0.017524801274781586,0.047554098149781586,-0.020805276850218414,-0.056938089350218414,-0.038139261225218414,-0.038139261225218414,0.023384176274781586,0.055610738774781586,0.027778707524781586,-0.025932229975218414,-0.053275979975218414,-0.021293558100218414,0.032417379399781586,0.023384176274781586,-0.026908792475218414,-0.046440042475218414,-0.046440042475218414,-0.015434183100218414,0.030464254399781586,0.046577535649781586,0.018013082524781586,-0.029350198725218414,-0.043998636225218414,-0.008354104975218414,0.032905660649781586,0.004341207524781586,0.004341207524781586,-0.028617776850218414,-0.033500589350218414,-0.007377542475218414,0.024849020024781586,0.026069723149781586,-0.006645120600218414,-0.035941995600218414,-0.006645120600218414,0.025825582524781586,0.025825582524781586,0.020210348149781586,-0.019096292475218414,-0.053275979975218414,-0.043022073725218414,0.004585348149781586,0.033638082524781586,0.019966207524781586,-0.043266214350218414,-0.021537698725218414,0.019722066899781586,0.019722066899781586,0.037544332524781586,0.014839254399781586,-0.016410745600218414,-0.025932229975218414,-0.005912698725218414,0.025337301274781586,0.035347066899781586,-0.017631448725218414,-0.018363870600218414,-0.018363870600218414,0.006538473149781586,0.024116598149781586,0.015083395024781586,-0.005424417475218414,-0.022025979975218414,-0.018363870600218414,0.004585348149781586,0.022651754399781586,-0.009574808100218414,-0.023979104975218414,-0.012992776850218414,-0.012992776850218414,0.012641988774781586,0.028266988774781586,0.014839254399781586,-0.019828714350218414,-0.026908792475218414,0.004097066899781586,0.030220113774781586,0.002388082524781586,-0.014213479975218414,-0.014213479975218414,-0.009330667475218414,0.014595113774781586,0.029731832524781586,0.015327535649781586,-0.004936136225218414,-0.010551370600218414,-0.005180276850218414,0.022895895024781586,0.015327535649781586,0.015327535649781586,-0.001029886225218414,-0.001274026850218414,0.004341207524781586,0.002388082524781586,-0.001029886225218414,0.003120504399781586,-0.007865823725218414,-0.021049417475218414,0.002388082524781586,0.007759176274781586,-0.008842386225218414,-0.008842386225218414,-0.027397073725218414,-0.028861917475218414,-0.006645120600218414,0.017768941899781586,0.006050191899781586,-0.021781839350218414,-0.027152933100218414,0.008003316899781586,0.017036520024781586,0.017036520024781586,0.008247457524781586,-0.008598245600218414,-0.009574808100218414,0.003852926274781586,0.014839254399781586,0.011665426274781586,0.002632223149781586,-0.009330667475218414,-0.004447854975218414,-0.004447854975218414,0.011421285649781586,0.010933004399781586,0.008491598149781586,0.006782613774781586,-0.007133401850218414,-0.007865823725218414,0.003608785649781586,0.014595113774781586,-0.026664651850218414,-0.020316995600218414,0.014595113774781586,0.014595113774781586,0.038765035649781586,0.029975973149781586,-0.007621683100218414,-0.038627542475218414,-0.023734964350218414,0.021919332524781586,0.027534566899781586,-0.020072854975218414,-0.051811136225218414,-0.051811136225218414,-0.041313089350218414,0.001655660649781586,0.034614645024781586,0.027534566899781586,-0.011772073725218414,-0.049369729975218414,-0.051078714350218414,0.046577535649781586,0.06439980127478159,0.06439980127478159,0.030952535649781586,-0.021293558100218414,-0.037406839350218414,-0.002006448725218414,0.045356832524781586,0.062446676274781586,0.037056051274781586,0.003852926274781586,0.017036520024781586,0.040962301274781586,0.040962301274781586,0.055366598149781586,0.040962301274781586,0.017036520024781586,0.002876363774781586,0.008979879399781586,0.020454488774781586,0.022407613774781586,0.004585348149781586,-0.00029746435021841405,-0.00029746435021841405,0.004097066899781586,0.009712301274781586,0.001411520024781586,-0.015678323725218414,-0.024711526850218414,-0.020072854975218414,-0.003715433100218414,0.011177145024781586,-0.002738870600218414,-0.017143167475218414,-0.017143167475218414,-0.023246683100218414,-0.012016214350218414,0.009956441899781586,0.016792379399781586,0.000923238774781586,-0.013969339350218414,-0.011039651850218414,0.002876363774781586,0.004341207524781586,0.004341207524781586,-0.008109964350218414,-0.017875589350218414,-0.017387308100218414,-0.018852151850218414,-0.018608011225218414,-0.014213479975218414,-0.014945901850218414,-0.033744729975218414,-0.034721292475218414,-0.034721292475218414,-0.029350198725218414,-0.022758401850218414,-0.020072854975218414,-0.031547464350218414,-0.041801370600218414,-0.037406839350218414,-0.029106058100218414,-0.023490823725218414,-0.027152933100218414,-0.025932229975218414,-0.025932229975218414,-0.018119729975218414,-0.011283792475218414,-0.013725198725218414,-0.020316995600218414,-0.021781839350218414,-0.022270120600218414,-0.006645120600218414,-0.002494729975218414,-0.002250589350218414,-0.002250589350218414,-0.010551370600218414,-0.021781839350218414,-0.019096292475218414,-0.000785745600218414,0.011665426274781586,0.006538473149781586,-0.005912698725218414,-0.015434183100218414,-0.004447854975218414,-0.004447854975218414,0.010444723149781586,0.015571676274781586,0.005561910649781586,-0.005668558100218414,-0.002006448725218414,0.016059957524781586,0.019233785649781586,-0.040336526850218414,-0.053764261225218414,-0.042533792475218414,-0.042533792475218414,-0.018852151850218414,-0.008354104975218414,-0.014945901850218414,-0.026176370600218414,-0.023490823725218414,-0.006889261225218414,0.016059957524781586,0.020210348149781586,0.025581441899781586,0.025581441899781586,0.032661520024781586,0.034370504399781586,0.031684957524781586,0.021919332524781586,0.010200582524781586,0.008491598149781586,0.018989645024781586,0.023872457524781586,0.025337301274781586,0.025337301274781586,0.018501363774781586,0.005806051274781586,-0.005180276850218414,-0.002006448725218414,0.018013082524781586,0.028266988774781586,0.012641988774781586,-0.012504495600218414,0.001899801274781586,0.021186910649781586,0.021186910649781586,0.028266988774781586,0.018989645024781586,0.003608785649781586,0.001167379399781586,0.014595113774781586,0.029487691899781586,0.030464254399781586,0.011665426274781586,0.013618551274781586,0.013618551274781586,0.026069723149781586,0.038765035649781586,0.039497457524781586,0.025093160649781586,0.005073629399781586,-0.002006448725218414,0.005561910649781586,0.030220113774781586,0.017768941899781586,-0.003715433100218414,-0.003715433100218414,-0.016166604975218414,-0.005912698725218414,0.017036520024781586,0.025825582524781586,0.010444723149781586,-0.004691995600218414,-0.008598245600218414,0.007270895024781586,0.010688863774781586,0.010444723149781586,0.010444723149781586,0.006050191899781586,0.002876363774781586,0.001411520024781586,0.004585348149781586,0.009712301274781586,0.014106832524781586,-0.002983011225218414,-0.010063089350218414,-0.006156839350218414,-0.006156839350218414,0.002388082524781586,0.004585348149781586,0.002143941899781586,-0.002494729975218414,-0.008109964350218414,-0.007865823725218414,-0.002494729975218414,-0.001518167475218414,-0.006889261225218414,-0.015190042475218414,-0.015190042475218414,-0.019340433100218414,-0.012260354975218414,-0.004691995600218414,-0.006645120600218414,-0.014213479975218414,-0.024223245600218414,-0.015434183100218414,-0.009574808100218414,-0.012016214350218414,-0.012016214350218414,-0.013969339350218414,-0.005180276850218414,0.002876363774781586,0.009468160649781586,0.011177145024781586,0.004341207524781586,0.001899801274781586,0.005317770024781586,0.012641988774781586,0.015327535649781586,0.015327535649781586,0.015815816899781586,0.012886129399781586,0.005073629399781586,0.005561910649781586,0.015815816899781586,0.020210348149781586,0.005073629399781586,0.00019081689978158595,0.002388082524781586,0.002388082524781586,0.008003316899781586,0.013618551274781586,0.012397848149781586,0.011421285649781586,0.008003316899781586,-0.004936136225218414,-0.013725198725218414,0.001899801274781586,0.008735738774781586,-0.003227151850218414,-0.003227151850218414,-0.025199808100218414,-0.033744729975218414,-0.027397073725218414,-0.022758401850218414,-0.026176370600218414,-0.031547464350218414,-0.040336526850218414,-0.039359964350218414,-0.038627542475218414,-0.038627542475218414,-0.029594339350218414,-0.015190042475218414,-0.010307229975218414,-0.017875589350218414,-0.028861917475218414,-0.030815042475218414,-0.010551370600218414,-0.001762308100218414,0.00019081689978158595,0.00019081689978158595,-0.001029886225218414,0.001411520024781586,-0.000785745600218414,0.001411520024781586,0.013862691899781586,0.027534566899781586,0.021431051274781586,0.019233785649781586,0.027534566899781586,0.027534566899781586,0.035347066899781586,0.023140035649781586,-0.000541604975218414,-0.013725198725218414,-0.007133401850218414,0.002876363774781586,-0.003959573725218414,-0.034965433100218414,-0.032524026850218414,-0.035941995600218414,-0.035941995600218414,-0.050834573725218414,-0.057182229975218414,-0.036918558100218414,0.00019081689978158595,0.027778707524781586,0.026558004399781586,-0.012992776850218414,-0.006645120600218414,0.013130270024781586,0.013130270024781586,0.038032613774781586,0.049751363774781586,0.043159566899781586,0.026069723149781586,0.015327535649781586,0.025337301274781586,0.08490761377478159,6.46572318128368e-05,0.061470113774781586,0.061470113774781586,0.035835348149781586,0.030464254399781586,0.040229879399781586,0.036811910649781586,0.023384176274781586,0.012886129399781586,0.005561910649781586,-0.005668558100218414,-0.014213479975218414,-0.028129495600218414,-0.028129495600218414,-0.037162698725218414,-0.037650979975218414,-0.027885354975218414,-0.012504495600218414,-0.009330667475218414,-0.022758401850218414,-0.029594339350218414,-0.008842386225218414,0.004829488774781586,0.00043495752478158595,0.00043495752478158595,-0.010063089350218414,-0.013969339350218414,0.002876363774781586,0.031929098149781586,0.042671285649781586,0.034858785649781586,0.026069723149781586,0.035835348149781586,0.052681051274781586,0.052681051274781586,0.058296285649781586,0.045845113774781586,0.022407613774781586,-0.002494729975218414,-0.008109964350218414,-0.006645120600218414,-0.018852151850218414,-0.057670511225218414,-0.058402933100218414,-0.051078714350218414,-0.051078714350218414,-0.056449808100218414,-0.07158652685021841,-0.07427207372521841,-0.06450644872521841,-0.047660745600218414,-0.046195901850218414,-0.039848245600218414,-0.016654886225218414,-0.009574808100218414,-0.009574808100218414,-0.027885354975218414,-0.038871683100218414,-0.023246683100218414,0.011909566899781586,0.041206441899781586,0.039497457524781586,0.023872457524781586,0.038032613774781586,0.056343160649781586,0.06562050439978159,0.06562050439978159,0.053169332524781586,0.037544332524781586,0.029243551274781586,0.009956441899781586,-0.014213479975218414,-0.028129495600218414,-0.033500589350218414,-0.009574808100218414,-0.010795511225218414,-0.010795511225218414,-0.034233011225218414,-0.06548301122521841,-0.07280722997521841,-0.041068948725218414,-0.011283792475218414,-0.009574808100218414,-0.043754495600218414,-0.025443948725218414,0.014839254399781586,0.014839254399781586,0.035102926274781586,0.022163473149781586,0.004829488774781586,0.005561910649781586,0.026802145024781586,0.056587301274781586,0.07465370752478159,0.07001503564978159,0.07025917627478159,0.06903847314978159,0.06903847314978159,0.06562050439978159,0.053169332524781586,0.045845113774781586,0.035347066899781586,0.012153707524781586,-0.007133401850218414,-0.025199808100218414,-0.023734964350218414,-0.029350198725218414,-0.029350198725218414,-0.046195901850218414,-0.06890097997521841,-0.07720176122521841,-0.06304160497521841,-0.046195901850218414,-0.032768167475218414,-0.06597129247521841,-0.052055276850218414,-0.016899026850218414,-0.016899026850218414,0.005317770024781586,-5.332372521841405e-05,-0.020072854975218414,-0.028617776850218414,-0.003227151850218414,0.038276754399781586,0.06342323877478159,0.050239645024781586,0.035347066899781586,0.046089254399781586,0.046089254399781586,0.07294472314978159,0.08271034814978159,0.061714254399781586,0.025581441899781586,0.005561910649781586,0.005561910649781586,-0.001274026850218414,-0.021537698725218414,-0.042289651850218414,-0.051811136225218414,-0.051811136225218414,-0.054496683100218414,-0.059135354975218414,-0.06352988622521841,-0.061576761225218414,-0.051811136225218414,-0.039115823725218414,-0.030570901850218414,-0.023979104975218414,-0.015190042475218414,-0.007865823725218414,0.003120504399781586,0.003120504399781586,0.014350973149781586,0.019233785649781586,0.027534566899781586,0.039741598149781586,0.039741598149781586,0.058784566899781586,0.06269081689978159,0.062202535649781586,0.07343300439978159,6.46572318128368e-05,6.46572318128368e-05,0.061958395024781586,0.031684957524781586,0.040962301274781586,0.024604879399781586,-0.017631448725218414,-0.059135354975218414,-0.059135354975218414,-0.057914651850218414,-0.026176370600218414,-0.004691995600218414,-0.025199808100218414,-0.08086387060021841,6.46572318128368e-05,-0.030082620600218414,-0.013236917475218414,-0.023246683100218414,-0.023246683100218414,-0.041313089350218414,-0.046440042475218414,-0.021537698725218414,0.006782613774781586,0.013374410649781586,0.009224020024781586,0.001655660649781586,0.028755270024781586,0.06366737939978159,0.07587441064978159,0.07587441064978159,0.07074745752478159,0.049995504399781586,0.043647848149781586,0.059516988774781586,0.06684120752478159,0.050972066899781586,0.013618551274781586,0.018257223149781586,-0.002494729975218414,-0.028861917475218414,-0.028861917475218414,-0.041557229975218414,-0.046195901850218414,-0.042045511225218414,-0.047904886225218414,-0.06914512060021841,-0.08281699560021841,-0.07109824560021841,-0.057182229975218414,-0.054252542475218414,-0.054252542475218414,-0.06450644872521841,-0.052299417475218414,-0.022270120600218414,-0.009086526850218414,-0.011772073725218414,-0.007865823725218414,-0.014701761225218414,0.007515035649781586,0.040718160649781586,0.040718160649781586,0.060737691899781586,0.059761129399781586,0.057808004399781586,0.053169332524781586,0.057563863774781586,0.06464394189978159,0.050483785649781586,0.031929098149781586,0.018013082524781586,0.010200582524781586,0.010200582524781586,0.006050191899781586,-0.001518167475218414,-0.005180276850218414,-0.028373636225218414,-0.041068948725218414,-0.036430276850218414,-0.051322854975218414,-0.056938089350218414,-0.048393167475218414,-0.048393167475218414,-0.039848245600218414,-0.037406839350218414,-0.039848245600218414,-0.034965433100218414,-0.026176370600218414,-0.002983011225218414,0.008491598149781586,0.024116598149781586,0.022895895024781586,0.023628316899781586,0.023628316899781586,0.031684957524781586,0.061225973149781586,6.46572318128368e-05,6.46572318128368e-05,0.07196816064978159,0.057808004399781586,0.07318886377478159,0.07392128564978159,0.049018941899781586,0.049018941899781586,0.027290426274781586,0.016792379399781586,0.012153707524781586,-0.001274026850218414,-0.026420511225218414,-0.036674417475218414,-0.045463479975218414,-0.061820901850218414,-0.06841269872521841,-0.061820901850218414,-0.061820901850218414,-0.050590433100218414,-0.049858011225218414,-0.06768027685021841,-0.07744590185021841,-0.054008401850218414,-0.011772073725218414,-0.007865823725218414,-0.030082620600218414,-0.023002542475218414,-0.023002542475218414,0.001899801274781586,0.022895895024781586,0.031196676274781586,0.038520895024781586,0.055366598149781586,0.06903847314978159,0.057319723149781586,0.049507223149781586,0.056099020024781586,0.056099020024781586,0.056831441899781586,0.039741598149781586,0.027534566899781586,0.028511129399781586,0.026069723149781586,0.015571676274781586,-0.046928323725218414,-0.06328574560021841,-0.07280722997521841,-0.061088479975218414,-0.061088479975218414,-0.036674417475218414,-0.051078714350218414,-0.08306113622521841,-0.08477012060021841,-0.06694785497521841,-0.010551370600218414,-0.012260354975218414,-0.057670511225218414,-0.07060996435021841,-0.07060996435021841,-0.023490823725218414,0.035591207524781586,0.058052145024781586,0.031929098149781586,-0.015190042475218414,-0.024711526850218414,0.07733925439978159,0.08100136377478159,0.06439980127478159,0.06439980127478159,0.049751363774781586,0.049018941899781586,0.060981832524781586,0.06513222314978159,0.059516988774781586,0.045112691899781586,0.001167379399781586,-0.018852151850218414,-0.026176370600218414,-0.017631448725218414,-0.017631448725218414,-0.021293558100218414,-0.043022073725218414,-0.06450644872521841,-0.06597129247521841,-0.059135354975218414,-0.057426370600218414,-0.06304160497521841,-0.06328574560021841,-0.050834573725218414,-0.050834573725218414,-0.024223245600218414,-0.002983011225218414,-0.002738870600218414,-0.013481058100218414,-0.014701761225218414,0.00019081689978158595,0.030952535649781586,0.037544332524781586,0.042427145024781586,0.042427145024781586,0.054878316899781586,0.07245644189978159,0.08466347314978159,0.07709511377478159,0.062202535649781586,0.052192770024781586,0.054145895024781586,0.061225973149781586,0.042183004399781586,0.003608785649781586,0.003608785649781586,-0.027641214350218414,-0.019584573725218414,-0.006645120600218414,-0.005424417475218414,-0.023979104975218414,-0.054984964350218414,-0.07720176122521841,-0.059135354975218414,-0.053031839350218414,-0.053031839350218414,-0.051566995600218414,-0.049858011225218414,-0.056938089350218414,-0.048881448725218414,-0.026664651850218414,-0.007865823725218414,-0.009086526850218414,-0.004936136225218414,0.008979879399781586,0.020210348149781586,0.020210348149781586,0.029731832524781586,0.036079488774781586,0.044380270024781586,0.053169332524781586,0.056343160649781586,0.07074745752478159,0.060737691899781586,0.055854879399781586,0.042671285649781586,0.042671285649781586,0.029487691899781586,0.036079488774781586,0.027290426274781586,0.002143941899781586,-0.017143167475218414,-0.032279886225218414,-0.040580667475218414,-0.045219339350218414,-0.059379495600218414,-0.059379495600218414,-0.08061972997521841,-0.08208457372521841,-0.062309183100218414,-0.044731058100218414,-0.041068948725218414,-0.053764261225218414,-0.039848245600218414,-0.007865823725218414,0.002143941899781586,0.002143941899781586,-0.005180276850218414,-0.010795511225218414,-0.012748636225218414,-0.001518167475218414,0.028266988774781586,0.053901754399781586,0.037056051274781586,0.027046285649781586,0.041450582524781586,0.041450582524781586,0.06659706689978159,6.46572318128368e-05,0.08197792627478159,0.052436910649781586,0.036323629399781586,0.029731832524781586,0.006294332524781586,0.009468160649781586,0.004829488774781586,-0.010795511225218414,-0.010795511225218414,-0.032524026850218414,-0.057670511225218414,-0.06987754247521841,-0.06426230810021841,-0.058891214350218414,-0.057914651850218414,-0.060111917475218414,-0.056693948725218414,-0.039115823725218414,-0.039115823725218414,-0.017387308100218414,-0.009086526850218414,-0.020561136225218414,-0.030326761225218414,-0.014457620600218414,0.020454488774781586,0.040718160649781586,0.023140035649781586,0.014839254399781586,0.046089254399781586,0.07074745752478159,0.07807167627478159,0.07050331689978159,0.06488808252478159,0.06488808252478159,0.06562050439978159,0.060737691899781586,0.050727926274781586,0.035347066899781586,0.021431051274781586,0.008247457524781586,0.004341207524781586,0.002388082524781586,-0.017387308100218414,-0.017387308100218414,-0.040824808100218414,-0.061332620600218414,-0.07109824560021841,-0.06279746435021841,-0.049858011225218414,-0.046440042475218414,-0.06450644872521841,-0.052787698725218414,-0.046440042475218414,-0.045463479975218414,-0.045463479975218414,-0.029106058100218414,-0.011772073725218414,-0.006156839350218414,0.000923238774781586,0.014595113774781586,0.002632223149781586,0.014595113774781586,0.042183004399781586,0.06415566064978159,0.06415566064978159,0.062446676274781586,0.057563863774781586,0.052925191899781586,0.047065816899781586,0.060249410649781586,0.07465370752478159,0.037300191899781586,0.023628316899781586,0.017036520024781586,0.017036520024781586,0.012886129399781586,0.001167379399781586,-0.024955667475218414,-0.048393167475218414,-0.048149026850218414,-0.038383401850218414,-0.060600198725218414,-0.06426230810021841,-0.060111917475218414,-0.057670511225218414,-0.057670511225218414,-0.053764261225218414,-0.049613870600218414,-0.046928323725218414,-0.024467386225218414,-0.006645120600218414,-0.019340433100218414,-0.008842386225218414,0.012397848149781586,0.019233785649781586,0.019233785649781586,0.023628316899781586,0.025581441899781586,0.028022848149781586,0.036079488774781586,0.052925191899781586,0.06513222314978159,0.06781777002478159,0.06513222314978159,0.052681051274781586,0.042671285649781586,0.042671285649781586,0.044868551274781586,0.047309957524781586,0.031684957524781586,-0.002250589350218414,-0.023002542475218414,-0.007621683100218414,-0.008842386225218414,-0.037650979975218414,-0.07598105810021841,-0.07598105810021841,6.46572318128368e-05,-0.08599082372521841,-0.043754495600218414,-0.026176370600218414,-0.035941995600218414,-0.054252542475218414,-0.048149026850218414,-0.013236917475218414,0.004829488774781586,0.00019081689978158595,0.00019081689978158595,-0.008354104975218414,-0.011527933100218414,0.004097066899781586,0.033882223149781586,0.057319723149781586,0.032173238774781586,0.024116598149781586,0.046821676274781586,0.07440956689978159,0.07440956689978159,6.46572318128368e-05,0.07245644189978159,0.036079488774781586,0.022163473149781586,0.044624410649781586,0.060249410649781586,0.008003316899781586,-0.045707620600218414,-0.06450644872521841,-0.06450644872521841,-0.047904886225218414,-0.013725198725218414,-0.006156839350218414,-0.049613870600218414,6.46572318128368e-05,-0.08232871435021841,-0.026664651850218414,-0.011527933100218414,-0.042533792475218414,-0.042533792475218414,-0.08354941747521841,-0.08525840185021841,-0.037650979975218414,0.026558004399781586,0.047798238774781586,-0.024467386225218414,-0.017875589350218414,0.017036520024781586,0.052192770024781586,0.058540426274781586,0.058540426274781586,0.031684957524781586,0.007270895024781586,0.022651754399781586,0.08002480127478159,6.46572318128368e-05,0.049507223149781586,0.008247457524781586,0.008003316899781586,0.041694723149781586,0.041694723149781586,0.061225973149781586,0.040474020024781586,0.004585348149781586,-0.031059183100218414,-0.054008401850218414,-0.026908792475218414,-0.024711526850218414,-0.053764261225218414,6.46572318128368e-05,6.46572318128368e-05,6.46572318128368e-05,-0.06352988622521841,-0.023002542475218414,-0.016166604975218414,-0.051811136225218414,-0.07744590185021841,0.021431051274781586,0.035591207524781586,-0.000785745600218414,-0.025932229975218414,-0.025932229975218414,-0.014701761225218414,0.022895895024781586,0.059272848149781586,0.060737691899781586,0.027534566899781586,0.031929098149781586,0.060737691899781586,6.46572318128368e-05,6.46572318128368e-05,6.46572318128368e-05,0.07758339502478159,0.07294472314978159,6.46572318128368e-05,6.46572318128368e-05,0.08002480127478159,0.000679098149781586,-0.004203714350218414,0.015083395024781586,0.019722066899781586,-0.001029886225218414,-0.001029886225218414,-0.050346292475218414,-0.07891074560021841,-0.07158652685021841,-0.047416604975218414,-0.038139261225218414,-0.07500449560021841,-0.07622519872521841,-0.055717386225218414,-0.034233011225218414,-0.034233011225218414,-0.012748636225218414,-0.012504495600218414,-0.026908792475218414,-0.035453714350218414,-0.032524026850218414,0.012153707524781586,0.021431051274781586,0.007270895024781586,-0.012504495600218414,-0.012504495600218414,-0.019340433100218414,0.003608785649781586,0.042671285649781586,0.058052145024781586,0.055854879399781586,0.011665426274781586,-0.001762308100218414,0.003852926274781586,0.025581441899781586,0.025581441899781586,0.035591207524781586,0.018745504399781586,-0.009818948725218414,-0.031791604975218414,-0.042045511225218414,-0.028129495600218414,-0.030082620600218414,-0.032768167475218414,-0.034233011225218414,-0.041068948725218414,-0.041068948725218414,-0.051811136225218414,-0.054008401850218414,-0.046440042475218414,-0.032768167475218414,-0.016166604975218414,-0.019584573725218414,-0.019096292475218414,-0.011772073725218414,-0.002738870600218414,-0.002738870600218414,0.004097066899781586,0.013618551274781586,0.014350973149781586,0.016304098149781586,0.020454488774781586,0.023628316899781586,0.024604879399781586,0.031929098149781586,0.036079488774781586,0.036079488774781586,0.027290426274781586,0.018745504399781586,0.024604879399781586,0.031440816899781586,0.027778707524781586,0.025337301274781586,0.017768941899781586,0.012153707524781586,0.012397848149781586,0.012397848149781586,0.019477926274781586,0.025093160649781586,0.017280660649781586,0.002143941899781586,-0.006889261225218414,-0.002494729975218414,0.005806051274781586,0.009956441899781586,0.012153707524781586,0.006538473149781586,0.006538473149781586,-0.007377542475218414,-0.018363870600218414,-0.012504495600218414,0.007515035649781586,0.019966207524781586,-0.009086526850218414,-0.020561136225218414,-0.015190042475218414,-0.002250589350218414,-0.002250589350218414,0.008735738774781586,0.007759176274781586,-0.010307229975218414,-0.027397073725218414,-0.027397073725218414,0.005317770024781586,0.003364645024781586,-0.015678323725218414,-0.031547464350218414,-0.025932229975218414,-0.025932229975218414,-0.007621683100218414,0.003852926274781586,-0.00029746435021841405,-0.017875589350218414,-0.026908792475218414,-0.000785745600218414,0.008247457524781586,-0.002250589350218414,-0.017631448725218414,-0.017631448725218414,-0.021049417475218414,-0.009818948725218414,0.002143941899781586,0.003608785649781586,-0.002250589350218414,-0.010307229975218414,-0.003959573725218414,0.005317770024781586,0.009468160649781586,0.009468160649781586,0.005806051274781586,-0.002494729975218414,-0.008109964350218414,-0.004936136225218414,0.003852926274781586,0.003608785649781586,0.002632223149781586,0.004829488774781586,0.006050191899781586,0.008247457524781586,0.008247457524781586,0.007515035649781586,0.006538473149781586,0.010200582524781586,0.012153707524781586,0.007515035649781586,0.014106832524781586,0.016548238774781586,0.015571676274781586,0.015083395024781586,0.014350973149781586,0.014350973149781586,0.012397848149781586,0.009224020024781586,0.008735738774781586,0.010444723149781586,0.010688863774781586,0.009224020024781586,0.005317770024781586,-5.332372521841405e-05,0.002876363774781586,0.002876363774781586,0.008979879399781586,0.005561910649781586,-0.002006448725218414,-0.004447854975218414,0.009468160649781586,0.041206441899781586,0.008735738774781586,-0.047172464350218414,-0.08013144872521841,-0.08013144872521841,-0.058402933100218414,0.000923238774781586,0.036811910649781586,0.015327535649781586,-0.044242776850218414,-0.06523887060021841,-0.011527933100218414,0.023384176274781586,0.015815816899781586,0.015815816899781586,-0.013725198725218414,-0.037406839350218414,-0.026420511225218414,0.012397848149781586,0.041694723149781586,0.005806051274781586,-0.010795511225218414,0.012153707524781586,0.041450582524781586,0.041450582524781586,0.041450582524781586,0.016304098149781586,-0.010551370600218414,-0.004936136225218414,0.026802145024781586,0.062446676274781586,0.019722066899781586,-0.029838479975218414,-0.039848245600218414,0.001167379399781586,0.001167379399781586,0.055610738774781586,0.07172402002478159,0.029975973149781586,-0.032279886225218414,-0.053764261225218414,0.044136129399781586,0.07318886377478159,0.044136129399781586,-0.020072854975218414,-0.020072854975218414,-0.06475058935021841,-0.048637308100218414,0.011177145024781586,0.059761129399781586,0.047554098149781586,-0.051078714350218414,-0.054496683100218414,-0.012016214350218414,0.036811910649781586,0.041938863774781586,0.041938863774781586,-0.00029746435021841405,-0.045707620600218414,-0.052787698725218414,-0.013969339350218414,0.034370504399781586,-0.009818948725218414,-0.053031839350218414,-0.042045511225218414,0.006294332524781586,0.006294332524781586,0.035835348149781586,0.019722066899781586,-0.012992776850218414,-0.037406839350218414,-0.041313089350218414,0.019233785649781586,0.025581441899781586,-0.001762308100218414,-0.028617776850218414,-0.028617776850218414,-0.028617776850218414,-0.013725198725218414,-0.005424417475218414,-0.009086526850218414,-0.021049417475218414,-0.041557229975218414,-0.024955667475218414,-0.008598245600218414,-0.027152933100218414,-0.027152933100218414,-0.051811136225218414,-0.055961526850218414,-0.038871683100218414,-0.010307229975218414,0.013374410649781586,-0.056693948725218414,-0.06914512060021841,-0.033012308100218414,0.001655660649781586,0.014839254399781586,0.014839254399781586,0.000679098149781586,-0.033500589350218414,-0.054984964350218414,-0.041801370600218414,0.033638082524781586,0.045356832524781586,0.010444723149781586,-0.044486917475218414,-0.050590433100218414,-0.050590433100218414,-0.003715433100218414,0.050483785649781586,0.058784566899781586,0.011177145024781586,-0.036186136225218414,-0.038871683100218414,0.006782613774781586,0.050239645024781586,0.002632223149781586,-0.030326761225218414,-0.025688089350218414,0.009224020024781586,0.049263082524781586,0.06684120752478159,0.06684120752478159,0.038765035649781586,-0.004691995600218414,-0.022514261225218414,0.004097066899781586,0.07880409814978159,0.041694723149781586,-0.004203714350218414,-0.021049417475218414,-0.007865823725218414,-0.007865823725218414,0.030464254399781586,0.054145895024781586,0.039985738774781586,-0.003471292475218414,-0.028373636225218414,0.006538473149781586,0.033638082524781586,0.030708395024781586,-0.011527933100218414,-0.050346292475218414,-0.050346292475218414,-0.042289651850218414,0.005073629399781586,0.047798238774781586,0.039009176274781586,-0.043998636225218414,-0.036430276850218414,0.014350973149781586,0.052681051274781586,0.040474020024781586,0.040474020024781586,0.000679098149781586,-0.037895120600218414,-0.043022073725218414,-0.005424417475218414,0.045356832524781586,0.019722066899781586,-0.021537698725218414,-0.043266214350218414,-0.020805276850218414,-0.020805276850218414,0.035591207524781586,0.06464394189978159,0.033882223149781586,-0.018363870600218414,-0.040824808100218414,0.041450582524781586,0.059516988774781586,0.029487691899781586,-0.012016214350218414,-0.012016214350218414,-0.045219339350218414,-0.038383401850218414,0.008979879399781586,0.041206441899781586,0.025825582524781586,-0.039604104975218414,-0.035209573725218414,-0.008109964350218414,0.017280660649781586,0.013618551274781586,0.013618551274781586,-0.008842386225218414,-0.021049417475218414,-0.011772073725218414,-0.00029746435021841405,0.022163473149781586,0.008735738774781586,-0.007377542475218414,-0.005912698725218414,0.002632223149781586,0.002632223149781586,0.004341207524781586,0.002143941899781586,0.004341207524781586,0.000679098149781586,0.004829488774781586,0.017524801274781586,0.003120504399781586,-0.015434183100218414,-0.009818948725218414,-0.009818948725218414,0.005073629399781586,0.014839254399781586,0.024116598149781586,0.018501363774781586,0.001167379399781586,0.007026754399781586,0.017524801274781586,0.028266988774781586,0.034858785649781586,0.017768941899781586,0.017768941899781586,-0.019584573725218414,-0.031547464350218414,0.001899801274781586,0.031684957524781586,0.024360738774781586,0.004585348149781586,-0.002738870600218414,-0.020316995600218414,-0.022270120600218414,0.003120504399781586,0.019966207524781586,0.019966207524781586,0.007759176274781586,0.001655660649781586,0.003364645024781586,0.001167379399781586,-0.009086526850218414,-0.012016214350218414,-0.014213479975218414,-0.001274026850218414,0.008003316899781586,0.008003316899781586,-0.011283792475218414,-0.040336526850218414,-0.027152933100218414,0.003120504399781586,0.004341207524781586,-0.017631448725218414,-0.024223245600218414,-0.012260354975218414,-0.033988870600218414,-0.027641214350218414,0.001167379399781586,0.013618551274781586,-0.009330667475218414,-0.029594339350218414,-0.025443948725218414,-0.025443948725218414,-0.013481058100218414,-0.011772073725218414,-0.007133401850218414,-0.008598245600218414,-0.025932229975218414,-0.013969339350218414,-0.006645120600218414,-0.022270120600218414,-0.030326761225218414,-0.019828714350218414,-0.019828714350218414,-0.011772073725218414,-0.019340433100218414,-0.018119729975218414,0.001167379399781586,0.010688863774781586,-0.042289651850218414,-0.034477151850218414,0.002632223149781586,0.029731832524781586,0.018989645024781586,0.018989645024781586,-0.009330667475218414,-0.015190042475218414,0.003852926274781586,0.016792379399781586,0.009956441899781586,0.005806051274781586,0.001655660649781586,0.002143941899781586,0.012886129399781586,0.012886129399781586,0.022163473149781586,0.004829488774781586,-0.013969339350218414,-0.004203714350218414,0.034126363774781586,0.022651754399781586,-0.004203714350218414,-0.017143167475218414,0.002876363774781586,0.002876363774781586,0.030464254399781586,0.046089254399781586,0.038276754399781586,0.016304098149781586,0.003608785649781586,0.036323629399781586,0.048774801274781586,0.043159566899781586,0.027778707524781586,0.013862691899781586,0.013862691899781586,0.005806051274781586,0.014839254399781586,0.042427145024781586,0.053169332524781586,0.002632223149781586,-0.002738870600218414,0.000923238774781586,0.012397848149781586,0.019233785649781586,0.019233785649781586,0.008491598149781586,-0.008354104975218414,-0.014457620600218414,-0.009574808100218414,-0.006156839350218414,-0.002738870600218414,-0.015922464350218414,-0.028617776850218414,-0.021781839350218414,-0.004203714350218414,-0.004203714350218414,0.014106832524781586,0.020454488774781586,0.002632223149781586,-0.013969339350218414,-0.007621683100218414,0.010444723149781586,0.022895895024781586,0.013130270024781586,-0.006889261225218414,-0.006889261225218414,-0.016654886225218414,-0.004447854975218414,0.010933004399781586,0.015327535649781586,-0.011527933100218414,-0.030326761225218414,-0.023734964350218414,-0.001762308100218414,-0.002494729975218414,-0.002494729975218414,-0.020561136225218414,-0.032524026850218414,-0.033012308100218414,-0.025199808100218414,-0.009818948725218414,-0.016166604975218414,-0.024467386225218414,-0.035697854975218414,-0.037406839350218414,-0.026176370600218414,-0.026176370600218414,-0.011283792475218414,-0.005424417475218414,-0.010063089350218414,-0.019340433100218414,-0.028861917475218414,-0.028129495600218414,-0.007865823725218414,0.012886129399781586,0.008247457524781586,-0.035453714350218414,-0.017143167475218414,0.014839254399781586,0.025581441899781586,0.009712301274781586,-0.005912698725218414,-0.012992776850218414,-0.008354104975218414,0.003852926274781586,0.003852926274781586,0.027778707524781586,0.038276754399781586,0.010933004399781586,-0.016410745600218414,-0.017143167475218414,0.008247457524781586,0.031929098149781586,0.041694723149781586,0.002388082524781586,-0.003715433100218414,0.013374410649781586,0.027534566899781586,0.023628316899781586,0.014839254399781586,0.018501363774781586,0.033149801274781586,0.033149801274781586,0.037300191899781586,0.023872457524781586,0.002143941899781586,-0.008354104975218414,0.002632223149781586,0.023628316899781586,0.026069723149781586,0.003852926274781586,-0.024467386225218414,-0.018608011225218414,0.008247457524781586,0.009712301274781586,-0.017387308100218414,-0.043998636225218414,-0.043022073725218414,-0.022025979975218414,-0.005180276850218414,-0.005180276850218414,-0.003227151850218414,-0.008842386225218414,-0.020561136225218414,-0.027641214350218414,-0.021781839350218414,0.001899801274781586,0.017524801274781586,0.007026754399781586,-0.002983011225218414,0.021186910649781586,0.037544332524781586,0.030220113774781586,0.008979879399781586,-0.002738870600218414,0.006050191899781586,0.029487691899781586,0.041450582524781586,0.041450582524781586,0.017768941899781586,-0.011772073725218414,-0.018608011225218414,-0.001762308100218414,0.005806051274781586,-0.001762308100218414,-0.004203714350218414,-0.012992776850218414,-0.029106058100218414,-0.035209573725218414,-0.027397073725218414,-0.013725198725218414,-0.005668558100218414,-0.006156839350218414,-0.019584573725218414,-0.032768167475218414,-0.032768167475218414,-0.039359964350218414,-0.038139261225218414,-0.028861917475218414,-0.014701761225218414,0.00019081689978158595,0.008247457524781586,0.007270895024781586,-0.002738870600218414,0.003120504399781586,0.032905660649781586,0.043159566899781586,0.035591207524781586,0.030708395024781586,0.036567770024781586,0.044868551274781586,0.046333395024781586,0.046333395024781586,0.039497457524781586,0.032905660649781586,0.035347066899781586,0.035102926274781586,0.018989645024781586,0.019233785649781586,0.024116598149781586,0.017280660649781586,-0.002250589350218414,-0.002250589350218414,-0.010795511225218414,-0.008842386225218414,-0.013969339350218414,-0.017631448725218414,-0.010551370600218414,-0.011527933100218414,-0.028617776850218414,-0.053520120600218414,-0.06670371435021841,-0.051811136225218414,-0.051811136225218414,-0.014945901850218414,0.007759176274781586,-0.010551370600218414,-0.041068948725218414,-0.020805276850218414,0.001167379399781586,0.013618551274781586,0.012397848149781586,0.012641988774781586,0.012641988774781586,0.022895895024781586,0.029243551274781586,0.025581441899781586,0.025337301274781586,0.034858785649781586,0.027290426274781586,0.021431051274781586,0.020942770024781586,0.023384176274781586,0.023384176274781586,0.019233785649781586,0.007515035649781586,-0.001274026850218414,-0.003959573725218414,-0.015922464350218414,-0.016166604975218414,-0.007865823725218414,-0.012260354975218414,-0.026420511225218414,-0.026420511225218414,-0.039115823725218414,-0.042777933100218414,-0.041068948725218414,-0.040824808100218414,-0.043754495600218414,-0.042777933100218414,-0.012504495600218414,-0.010063089350218414,-0.015190042475218414,-0.014945901850218414,-0.007133401850218414,-0.007133401850218414,0.010444723149781586,0.022407613774781586,0.014595113774781586,0.008247457524781586,0.033882223149781586,0.047554098149781586,0.045845113774781586,0.032905660649781586,0.013374410649781586,0.006294332524781586,0.006294332524781586,0.016792379399781586,0.023872457524781586,0.016059957524781586,0.007515035649781586,0.007759176274781586,0.007026754399781586,-0.013481058100218414,-0.023979104975218414,-0.026664651850218414,-0.019584573725218414,-0.017143167475218414,-0.033256448725218414,-0.049858011225218414,-0.052543558100218414,-0.052543558100218414,-0.046440042475218414,-0.029594339350218414,-0.010063089350218414,0.003852926274781586,-0.004203714350218414,-0.005180276850218414,0.003364645024781586,0.010688863774781586,0.017280660649781586,0.039741598149781586,0.039741598149781586,0.062202535649781586,0.061958395024781586,0.040962301274781586,0.022407613774781586,0.038032613774781586,0.044868551274781586,0.040962301274781586,0.027046285649781586,0.017768941899781586,0.017768941899781586,0.025337301274781586,0.028755270024781586,0.004585348149781586,-0.028373636225218414,-0.016899026850218414,-0.00029746435021841405,-0.002250589350218414,-0.022270120600218414,-0.047660745600218414,-0.055717386225218414,-0.055717386225218414,-0.040824808100218414,-0.014457620600218414,0.00043495752478158595,-0.004447854975218414,-0.011039651850218414,0.000923238774781586,0.009224020024781586,0.010444723149781586,0.006050191899781586,0.006050191899781586,0.006538473149781586,0.014839254399781586,0.019233785649781586,0.021675191899781586,-0.002494729975218414,-0.007133401850218414,0.00019081689978158595,0.003608785649781586,0.004341207524781586,0.004829488774781586,0.004829488774781586,-0.002250589350218414,-0.010795511225218414,-0.024955667475218414,-0.029350198725218414,0.00019081689978158595,-0.024467386225218414,-0.043754495600218414,-0.022270120600218414,-0.017631448725218414,-0.020805276850218414,-0.020805276850218414,-0.021537698725218414,-0.015678323725218414,0.006782613774781586,0.027778707524781586,-0.003471292475218414,0.001655660649781586,0.025093160649781586,0.034370504399781586,0.032173238774781586,0.032173238774781586,0.032173238774781586,0.026802145024781586,0.018501363774781586,0.015083395024781586,0.012641988774781586,0.025337301274781586,0.013130270024781586,-0.008598245600218414,-0.008598245600218414,0.011421285649781586,0.011421285649781586,0.012397848149781586,-0.012748636225218414,-0.035453714350218414,-0.045707620600218414,-0.010795511225218414,-0.00029746435021841405,-0.011527933100218414,-0.023002542475218414,-0.019340433100218414,-0.005424417475218414,-0.005424417475218414,0.008003316899781586,0.019966207524781586,0.016059957524781586,0.009712301274781586,0.021431051274781586,0.027290426274781586,0.034126363774781586,0.028022848149781586,0.010444723149781586,0.010444723149781586,0.000679098149781586,0.003852926274781586,0.009956441899781586,0.017768941899781586,0.003608785649781586,-0.009330667475218414,-0.021049417475218414,-0.027641214350218414,-0.029350198725218414,-0.028129495600218414,-0.028129495600218414,-0.021537698725218414,-0.025932229975218414,-0.033500589350218414,-0.031059183100218414,-0.028373636225218414,-0.020072854975218414,-0.003227151850218414,0.012397848149781586,0.013130270024781586,0.013130270024781586,0.008735738774781586,0.017524801274781586,0.030464254399781586,0.035347066899781586,0.015083395024781586,0.005806051274781586,0.011421285649781586,0.024360738774781586,0.028999410649781586,0.028999410649781586,0.015571676274781586,0.003852926274781586,-0.003959573725218414,-0.006156839350218414,0.001167379399781586,-0.005180276850218414,-0.014213479975218414,-0.027152933100218414,-0.025688089350218414,-0.012748636225218414,-0.012748636225218414,-0.006889261225218414,-0.016410745600218414,-0.028617776850218414,-0.018852151850218414,0.029731832524781586,0.025581441899781586,0.012397848149781586,0.007759176274781586,0.025581441899781586,0.025581441899781586,0.042671285649781586,0.032173238774781586,0.016059957524781586,0.003364645024781586,0.001167379399781586,0.008003316899781586,0.009712301274781586,0.00019081689978158595,-0.020561136225218414,-0.027397073725218414,-0.027397073725218414,-0.019828714350218414,-0.014945901850218414,-0.023734964350218414,-0.035697854975218414,-0.007133401850218414,-0.003715433100218414,-0.018852151850218414,-0.022025979975218414,-0.005180276850218414,0.011421285649781586,0.011421285649781586,0.019722066899781586,0.016548238774781586,0.021431051274781586,0.026313863774781586,0.020454488774781586,0.010688863774781586,0.006050191899781586,0.011177145024781586,0.018257223149781586,0.018257223149781586,0.017524801274781586,0.003120504399781586,-0.015434183100218414,-0.024467386225218414,-0.018363870600218414,-0.017387308100218414,-0.023246683100218414,-0.031059183100218414,-0.033744729975218414,-0.031547464350218414,-0.031547464350218414,-0.020561136225218414,-0.006400979975218414,-0.000541604975218414,-0.000541604975218414,-0.003471292475218414,0.006782613774781586,0.021919332524781586,0.022163473149781586,0.014350973149781586,0.014350973149781586,0.015815816899781586,0.020210348149781586,0.022651754399781586,0.019722066899781586,0.006294332524781586,0.008979879399781586,0.00019081689978158595,-0.010551370600218414,-0.011527933100218414,-0.005668558100218414,-0.005668558100218414,-0.012992776850218414,-0.034477151850218414,-0.038383401850218414,-0.008109964350218414,-0.005912698725218414,-0.011772073725218414,-0.004691995600218414,0.011909566899781586,0.023384176274781586,0.023384176274781586,0.020698629399781586,0.010933004399781586,0.020942770024781586,0.035835348149781586,0.015815816899781586,0.001411520024781586,0.009224020024781586,0.027778707524781586,0.024849020024781586,0.000679098149781586,0.000679098149781586,-0.016410745600218414,-0.013725198725218414,-0.001518167475218414,-0.022514261225218414,-0.046195901850218414,-0.045219339350218414,-0.027885354975218414,-0.010063089350218414,-0.012260354975218414,-0.012260354975218414,-0.023490823725218414,-0.017387308100218414,0.004341207524781586,0.012886129399781586,0.017036520024781586,0.018257223149781586,0.012886129399781586,0.010688863774781586,0.013130270024781586,0.013130270024781586,0.014350973149781586,0.017280660649781586,0.013130270024781586,-0.005424417475218414,-0.016654886225218414,-0.013481058100218414,-0.006400979975218414,-0.016654886225218414,-0.032035745600218414,-0.035697854975218414,-0.035697854975218414,-0.023979104975218414,-0.017631448725218414,-0.011772073725218414,-0.005424417475218414,-0.003959573725218414,0.004585348149781586,0.016792379399781586,0.023384176274781586,0.031929098149781586,0.031929098149781586,0.033393941899781586,0.024116598149781586,0.016059957524781586,0.018501363774781586,0.025337301274781586,0.010688863774781586,-0.013725198725218414,-0.031059183100218414,-0.027397073725218414,-0.001762308100218414,-0.001762308100218414,0.011177145024781586,-0.002494729975218414,-0.035941995600218414,-0.048393167475218414,-0.009818948725218414,0.023140035649781586,0.018257223149781586,-0.012016214350218414,-0.023734964350218414,-0.023734964350218414,0.004341207524781586,0.040229879399781586,0.047065816899781586,0.035347066899781586,0.010933004399781586,0.005806051274781586,0.015815816899781586,0.032905660649781586,0.037788473149781586,0.021431051274781586,0.021431051274781586,-0.010795511225218414,-0.028129495600218414,-0.016899026850218414,0.00019081689978158595,-0.018363870600218414,-0.033012308100218414,-0.035209573725218414,-0.018119729975218414,0.003364645024781586,0.003364645024781586,0.012641988774781586,0.012153707524781586,0.006294332524781586,0.013130270024781586,0.029731832524781586,0.039741598149781586,0.022895895024781586,-0.002250589350218414,-0.006645120600218414,0.009468160649781586,0.009468160649781586,0.020942770024781586,0.008247457524781586,-0.029106058100218414,-0.06841269872521841,-0.048881448725218414,-0.027641214350218414,-0.013725198725218414,-0.006889261225218414,-0.007133401850218414,-0.007133401850218414,-0.014213479975218414,-0.021293558100218414,-0.008842386225218414,0.015571676274781586,0.017280660649781586,0.014839254399781586,0.027778707524781586,0.034126363774781586,0.027046285649781586,0.013862691899781586,0.013862691899781586,-0.001274026850218414,-0.016166604975218414,-0.027152933100218414,-0.023490823725218414,-0.001518167475218414,-0.006645120600218414,-0.038139261225218414,-0.07134238622521841,-0.07598105810021841,-0.031547464350218414,-0.031547464350218414,0.017280660649781586,0.009468160649781586,-0.040580667475218414,-0.031791604975218414,0.006782613774781586,0.011177145024781586,-0.017143167475218414,-0.026420511225218414,-0.006400979975218414,0.018745504399781586,0.018745504399781586,0.024116598149781586,0.012397848149781586,0.006782613774781586,0.008735738774781586,0.005073629399781586,0.010200582524781586,0.023872457524781586,0.034126363774781586,0.025581441899781586,0.025581441899781586,0.010200582524781586,0.005806051274781586,0.007026754399781586,0.010933004399781586,0.011909566899781586,0.023140035649781586,0.029243551274781586,0.019966207524781586,0.010688863774781586,0.010688863774781586,0.007270895024781586,0.014350973149781586,0.027290426274781586,0.034614645024781586,0.027290426274781586,0.022407613774781586,0.023384176274781586,0.023872457524781586,0.023628316899781586,0.017768941899781586,0.017768941899781586,0.011177145024781586,0.015083395024781586,0.018501363774781586,0.005561910649781586,0.005073629399781586,0.013374410649781586,0.017036520024781586,0.012886129399781586,-0.002494729975218414,-0.002494729975218414,-0.014457620600218414,-0.002250589350218414,0.022895895024781586,0.033149801274781586,0.003364645024781586,-0.011039651850218414,-0.001762308100218414,0.022407613774781586,0.039497457524781586,0.037544332524781586,0.037544332524781586,0.016304098149781586,-0.002006448725218414,-0.005180276850218414,0.012886129399781586,0.014106832524781586,0.002388082524781586,-0.006400979975218414,-0.011283792475218414,-0.015678323725218414,-0.015678323725218414,-0.009330667475218414,-0.008109964350218414,-0.014701761225218414,-0.022270120600218414,-0.018363870600218414,-0.005424417475218414
UR5e_W,0.02092621410946613,0.02654144848446613,0.01238129223446613,0.01238129223446613,0.01262543285946613,0.02068207348446613,0.02629730785946613,0.01970551098446613,0.005789495359466128,0.0023715266094661283,0.01042816723446613,0.01726410473446613,0.01262543285946613,-0.0020230046405338717,-0.01764800464053387,-0.01911284839053387,-0.005440973390533872,-0.0022671452655338717,-0.00983550464053387,0.00017426098446612828,-0.02228667651553387,-0.03254058276553387,-0.03205230151553387,-0.02497222339053387,-0.01642730151553387,-0.01813628589053387,-0.02741362964053387,-0.02619292651553387,-0.02619292651553387,-0.01154448901553387,-0.01300933276553387,-0.01300933276553387,-0.01862456714053387,-0.02008941089053387,-0.01081206714053387,-0.01081206714053387,-0.00959136401553387,-0.01154448901553387,-0.01154448901553387,-0.01007964526553387,-0.01007964526553387,-0.0027554265155338717,-0.0008023015155338717,-0.0005581608905338717,-0.0032437077655338717,-0.0032437077655338717,0.0021273859844661283,0.005057073484466128,0.005301214109466128,0.004812932859466128,0.004568792234466128,0.004568792234466128,0.007742620359466128,0.007742620359466128,0.01067230785946613,0.01164887035946613,0.01384613598446613,0.005301214109466128,0.006766057859466128,0.01238129223446613,0.01531097973446613,0.01360199535946613,0.01116058910946613,0.005789495359466128,0.0013949641094661283,0.00896332348446613,0.01897308910946613,0.01555512035946613,0.005789495359466128,-0.0029995671405338717,-0.0017788640155338717,0.006521917234466128,0.01384613598446613,0.01628754223446613,0.01628754223446613,0.00871918285946613,-0.0012905827655338717,-0.006417535890533872,0.0028598078594661283,0.01555512035946613,0.01946137035946613,0.00798676098446613,-0.00812652026553387,-0.00788237964053387,0.0009066828594661283,0.00993988598446613,0.01067230785946613,0.00017426098446612828,-0.00788237964053387,-0.006661676515533872,-0.0005581608905338717,0.0031039484844661283,-0.0005581608905338717,-0.00885894214053387,-0.01056792651553387,-0.0034878483905338717,-0.00837066089053387,-0.01154448901553387,-0.0032437077655338717,0.0031039484844661283,0.0013949641094661283,-0.004708551515533872,-0.01007964526553387,-0.01032378589053387,-0.005440973390533872,-0.005440973390533872,-0.0022671452655338717,-0.0010464421405338717,-0.01300933276553387,-0.01203277026553387,-0.006173395265533872,0.0021273859844661283,0.0006625422344661283,-0.01178862964053387,-0.01349761401553387,-0.01349761401553387,-0.006661676515533872,-0.0027554265155338717,-0.0027554265155338717,-0.01545073901553387,-0.01471831714053387,-0.005440973390533872,-0.0017788640155338717,-0.00934722339053387,-0.01447417651553387,-0.01007964526553387,-0.01007964526553387,-0.004464410890533872,-0.0012905827655338717,-6.987964053387172e-05,0.0006625422344661283,-0.0022671452655338717,-0.0017788640155338717,0.005057073484466128,0.00969574535946613,0.006766057859466128,0.006766057859466128,0.0035922297344661283,0.0035922297344661283,0.01604340160946613,0.01701996410946613,0.01140472973446613,0.007254339109466128,0.005789495359466128,0.007010198484466128,0.01335785473446613,0.01335785473446613,0.02043793285946613,0.01604340160946613,0.004324651609466128,0.01726410473446613,0.02434418285946613,0.02141449535946613,0.01409027660946613,0.006033635984466128,0.0011508234844661283,0.0011508234844661283,0.006521917234466128,0.01531097973446613,-0.004708551515533872,-0.01325347339053387,-0.00959136401553387,-0.0012905827655338717,0.005057073484466128,0.0021273859844661283,-0.01032378589053387,-0.01032378589053387,-0.01911284839053387,-0.01130034839053387,-0.0034878483905338717,-0.02668120776553387,-0.04865386401553387,-0.05695464526553387,-0.04670073901553387,-0.03449370776553387,-0.03327300464053387,-0.04621245776553387,-0.04621245776553387,-0.06110503589053387,-0.05671050464053387,-0.01838042651553387,-0.01520659839053387,-0.02961089526553387,-0.04230620776553387,-0.03473784839053387,-0.01325347339053387,0.007254339109466128,0.007254339109466128,0.01140472973446613,0.0018832453594661283,0.0021273859844661283,0.02117035473446613,0.03410980785946613,0.03435394848446613,0.02678558910946613,0.02141449535946613,0.02898285473446613,0.02898285473446613,0.04460785473446613,0.05119965160946613,0.03069183910946613,0.02092621410946613,0.02532074535946613,0.04070160473446613,0.05266449535946613,0.04704926098446613,0.03581879223446613,0.03581879223446613,0.02507660473446613,0.02287933910946613,0.03801605785946613,0.03850433910946613,0.02629730785946613,0.01726410473446613,0.01433441723446613,0.01482269848446613,0.01482269848446613,0.01482269848446613,0.0028598078594661283,-0.00959136401553387,-0.01276519214053387,-0.00788237964053387,-0.0029995671405338717,-0.0029995671405338717,-0.0027554265155338717,-0.01764800464053387,-0.02765777026553387,-0.01715972339053387,-0.01569487964053387,-0.01862456714053387,-0.02790191089053387,-0.03180816089053387,-0.02301909839053387,-0.01813628589053387,-0.01813628589053387,-0.02521636401553387,-0.03156402026553387,-0.02423980151553387,-0.00837066089053387,0.0011508234844661283,-0.0010464421405338717,-0.01593902026553387,-0.02253081714053387,-0.01178862964053387,-0.01178862964053387,0.0023715266094661283,0.00871918285946613,-0.006417535890533872,-0.006417535890533872,0.0021273859844661283,0.01286957348446613,0.01799652660946613,0.004324651609466128,-0.005440973390533872,-0.005440973390533872,-0.0012905827655338717,0.004324651609466128,0.02947113598446613,0.02532074535946613,0.01140472973446613,-0.0005581608905338717,-0.00788237964053387,-0.0032437077655338717,0.01042816723446613,0.01042816723446613,0.01164887035946613,0.0035922297344661283,-0.00788237964053387,0.004080510984466128,0.01091644848446613,0.004080510984466128,-0.00861480151553387,-0.02179839526553387,-0.02619292651553387,-0.02619292651553387,-0.01471831714053387,0.0026156672344661283,-0.005685114015533872,-0.01813628589053387,-0.02008941089053387,-0.00812652026553387,0.0016391047344661283,0.0026156672344661283,-0.003976129640533872,-0.02204253589053387,-0.02204253589053387,-0.02814605151553387,-0.01154448901553387,0.007254339109466128,0.0021273859844661283,-0.0022671452655338717,-0.0027554265155338717,0.0006625422344661283,0.006277776609466128,0.01701996410946613,0.01701996410946613,0.02336762035946613,0.007010198484466128,0.0023715266094661283,0.0038363703594661283,0.01238129223446613,0.01897308910946613,0.02385590160946613,0.01970551098446613,0.00847504223446613,0.00847504223446613,0.006033635984466128,0.01653168285946613,0.01848480785946613,0.02727387035946613,0.02458832348446613,0.00945160473446613,0.0006625422344661283,-0.0020230046405338717,0.0013949641094661283,0.0013949641094661283,0.0038363703594661283,-0.0012905827655338717,-0.007394098390533872,-0.01227691089053387,-0.01300933276553387,-0.01398589526553387,-0.01935698901553387,-0.02082183276553387,-0.01545073901553387,-0.01545073901553387,-0.01105620776553387,-0.00788237964053387,-0.01007964526553387,-0.01642730151553387,-0.02350737964053387,-0.02253081714053387,-0.01423003589053387,-0.00934722339053387,-0.01252105151553387,-0.01252105151553387,-0.00983550464053387,-0.0008023015155338717,-0.0020230046405338717,-0.00983550464053387,-0.02277495776553387,-0.02521636401553387,-0.0029995671405338717,0.02043793285946613,0.02654144848446613,0.02654144848446613,0.01457855785946613,-0.006661676515533872,-0.0034878483905338717,0.01384613598446613,0.02532074535946613,0.02385590160946613,0.004812932859466128,-0.00837066089053387,0.0033480891094661283,0.0033480891094661283,0.02214691723446613,0.02971527660946613,-0.00910308276553387,-0.01593902026553387,-0.0010464421405338717,0.01531097973446613,0.02019379223446613,0.01409027660946613,-0.005196832765533872,-0.005196832765533872,-0.01813628589053387,-0.00837066089053387,0.01921722973446613,0.01042816723446613,-0.0015347233905338717,-0.006905817140533872,-0.003976129640533872,0.005057073484466128,0.00920746410946613,0.00920746410946613,0.0031039484844661283,-0.007149957765533872,-0.006417535890533872,0.0033480891094661283,0.01091644848446613,0.01433441723446613,0.01189301098446613,0.0026156672344661283,-0.0012905827655338717,-0.0012905827655338717,0.006766057859466128,0.007498479734466128,0.0009066828594661283,0.01018402660946613,0.01677582348446613,0.01506683910946613,0.005789495359466128,-0.0017788640155338717,0.0031039484844661283,0.0031039484844661283,0.006521917234466128,-0.0010464421405338717,-0.006905817140533872,-0.006661676515533872,-0.005929254640533872,-0.00885894214053387,-0.01886870776553387,-0.03205230151553387,-0.04108550464053387,-0.03278472339053387,-0.03278472339053387,-0.01740386401553387,-0.02033355151553387,-0.02106597339053387,-0.02228667651553387,-0.02594878589053387,-0.02839019214053387,-0.01862456714053387,-0.007394098390533872,-0.0032437077655338717,-0.0032437077655338717,-0.00788237964053387,-0.01764800464053387,-0.007638239015533872,-0.01032378589053387,-0.00934722339053387,0.005301214109466128,0.02019379223446613,0.02361176098446613,0.02580902660946613,0.02580902660946613,0.02751801098446613,0.01750824535946613,0.01091644848446613,0.02043793285946613,0.03533051098446613,0.04118988598446613,0.03337738598446613,0.02287933910946613,0.02263519848446613,0.02263519848446613,0.02629730785946613,0.03118012035946613,0.00945160473446613,0.0006625422344661283,0.00798676098446613,0.02361176098446613,0.01970551098446613,-0.0015347233905338717,-0.01886870776553387,-0.01886870776553387,-0.02253081714053387,-0.01545073901553387,0.004568792234466128,-0.0037319890155338717,-0.02008941089053387,-0.03254058276553387,-0.03327300464053387,-0.01764800464053387,-0.005196832765533872,-0.005196832765533872,-0.02008941089053387,-0.04499175464053387,-0.02790191089053387,-0.00983550464053387,-0.005196832765533872,-0.01618316089053387,-0.02668120776553387,-0.02472808276553387,-0.00885894214053387,-0.00885894214053387,0.00993988598446613,0.01433441723446613,-0.007394098390533872,-0.0005581608905338717,0.00993988598446613,0.01726410473446613,0.02263519848446613,0.02312347973446613,0.02190277660946613,0.02287933910946613,0.02287933910946613,0.01848480785946613,0.01018402660946613,0.02312347973446613,0.03410980785946613,0.03069183910946613,0.01848480785946613,0.00920746410946613,-0.0022671452655338717,-0.0034878483905338717,-0.0034878483905338717,0.01042816723446613,-0.004464410890533872,-0.01300933276553387,-0.00861480151553387,-0.0005581608905338717,0.005545354734466128,0.0009066828594661283,-0.01545073901553387,-0.03424956714053387,-0.03424956714053387,-0.03644683276553387,-0.01593902026553387,0.00871918285946613,-0.004952692140533872,-0.02570464526553387,-0.02619292651553387,-0.005440973390533872,0.01140472973446613,0.01457855785946613,0.01457855785946613,0.00945160473446613,0.004080510984466128,-0.0008023015155338717,0.01213715160946613,0.01872894848446613,0.01994965160946613,0.01335785473446613,-0.0017788640155338717,-0.0008023015155338717,-0.0008023015155338717,0.01799652660946613,0.02385590160946613,-0.0020230046405338717,-0.01642730151553387,-0.02131011401553387,-0.01520659839053387,-0.0012905827655338717,0.004812932859466128,-0.005440973390533872,-0.005440973390533872,-0.02472808276553387,-0.04181792651553387,-0.02570464526553387,-0.007149957765533872,-6.987964053387172e-05,-0.01130034839053387,-0.02912261401553387,-0.03400542651553387,-0.03180816089053387,-0.03180816089053387,-0.02472808276553387,-0.01105620776553387,0.005057073484466128,-0.0025112858905338717,-0.01056792651553387,-6.987964053387172e-05,0.02434418285946613,0.03313324535946613,0.02507660473446613,0.01604340160946613,0.01164887035946613,0.01824066723446613,0.01824066723446613,0.03386566723446613,0.04851410473446613,0.01628754223446613,0.0038363703594661283,0.01433441723446613,0.03581879223446613,0.04997894848446613,0.03630707348446613,-0.0010464421405338717,-0.0010464421405338717,-0.02985503589053387,-0.01081206714053387,0.03679535473446613,0.03679535473446613,0.01750824535946613,-0.01276519214053387,-0.02863433276553387,-0.0008023015155338717,0.01335785473446613,-0.0017788640155338717,-0.02936675464053387,-0.04840972339053387,-0.04767730151553387,-0.03766753589053387,-0.03766753589053387,-0.02008941089053387,-0.0029995671405338717,-0.01154448901553387,-0.01545073901553387,-0.01349761401553387,-0.00910308276553387,-0.0022671452655338717,0.006766057859466128,0.00993988598446613,0.00993988598446613,0.01555512035946613,0.02165863598446613,-0.0022671452655338717,-0.005440973390533872,0.006277776609466128,0.02483246410946613,0.03508637035946613,0.02068207348446613,-0.00788237964053387,-0.00788237964053387,-0.02472808276553387,-0.01667144214053387,0.01628754223446613,0.00823090160946613,-0.00885894214053387,-0.02790191089053387,-0.03180816089053387,-0.01252105151553387,0.006033635984466128,0.004568792234466128,0.004568792234466128,-0.01398589526553387,-0.03864409839053387,-0.02472808276553387,-0.0010464421405338717,0.005545354734466128,-0.00837066089053387,-0.01984527026553387,-0.00812652026553387,0.00969574535946613,0.00969574535946613,0.01409027660946613,0.01555512035946613,0.01653168285946613,0.02580902660946613,0.03728363598446613,0.03801605785946613,0.03069183910946613,0.02361176098446613,0.02263519848446613,0.02263519848446613,0.03044769848446613,0.02336762035946613,0.007254339109466128,-0.0015347233905338717,0.007742620359466128,0.02410004223446613,0.02605316723446613,0.007254339109466128,-0.01740386401553387,-0.01740386401553387,-0.02301909839053387,0.00920746410946613,-0.0032437077655338717,-0.02472808276553387,-0.04084136401553387,-0.04645659839053387,-0.03766753589053387,-0.02204253589053387,-0.01105620776553387,-0.01105620776553387,-0.01032378589053387,-0.03278472339053387,-0.02863433276553387,-0.0022671452655338717,0.02043793285946613,0.01531097973446613,-0.004952692140533872,-0.01178862964053387,0.0038363703594661283,0.0038363703594661283,0.02336762035946613,-0.0017788640155338717,-0.01032378589053387,0.00017426098446612828,0.00920746410946613,0.0033480891094661283,-0.007638239015533872,-0.006905817140533872,0.00017426098446612828,0.00017426098446612828,0.0004184016094661283,-0.01081206714053387,-0.0015347233905338717,0.00920746410946613,0.00017426098446612828,-0.01838042651553387,-0.02594878589053387,-0.01886870776553387,-0.0010464421405338717,-0.0010464421405338717,-0.0012905827655338717,-0.01471831714053387,-0.02887847339053387,-0.01154448901553387,0.01262543285946613,0.02361176098446613,0.01872894848446613,0.01506683910946613,0.007010198484466128,0.007010198484466128,0.006033635984466128,0.02654144848446613,0.04485199535946613,0.03215668285946613,0.01848480785946613,0.01531097973446613,0.01701996410946613,0.01897308910946613,0.01994965160946613,0.02165863598446613,0.02165863598446613,0.02043793285946613,0.00017426098446612828,0.00871918285946613,0.02532074535946613,0.03288910473446613,0.01335785473446613,-0.02985503589053387,-0.06281402026553387,-0.05646636401553387,-0.05646636401553387,-0.01667144214053387,0.01433441723446613,-0.01740386401553387,-0.04108550464053387,0.00017426098446612828,0.00017426098446612828,-0.03449370776553387,0.02629730785946613,-0.0017788640155338717,-0.03327300464053387,-0.03131987964053387,0.0016391047344661283,0.0016391047344661283,0.02825043285946613,0.01067230785946613,-0.01813628589053387,-0.03522612964053387,-0.02912261401553387,0.0006625422344661283,0.01799652660946613,0.01116058910946613,-0.01593902026553387,-0.01593902026553387,-0.03937652026553387,-0.02790191089053387,0.01433441723446613,-0.01642730151553387,-0.04572417651553387,-0.04523589526553387,-0.01960112964053387,0.007498479734466128,0.006277776609466128,0.006277776609466128,-0.01569487964053387,-0.02253081714053387,0.01164887035946613,0.03191254223446613,0.03191254223446613,0.007010198484466128,-0.01423003589053387,-0.00788237964053387,0.02263519848446613,0.05290863598446613,0.05290863598446613,0.04826996410946613,-0.01642730151553387,-0.01935698901553387,0.01018402660946613,0.04363129223446613,0.04997894848446613,0.01360199535946613,-0.02936675464053387,-0.02741362964053387,0.01750824535946613,0.05242035473446613,0.05242035473446613,0.03191254223446613,-0.02448394214053387,-0.05793120776553387,0.01042816723446613,0.04289887035946613,0.03630707348446613,0.0013949641094661283,-0.02570464526553387,-0.01740386401553387,0.01897308910946613,0.04509613598446613,0.03728363598446613,0.00798676098446613,-0.01300933276553387,-0.0005581608905338717,0.02507660473446613,0.02507660473446613,0.02825043285946613,0.007498479734466128,-0.02033355151553387,-0.01691558276553387,0.01311371410946613,0.01970551098446613,-0.006661676515533872,-0.04352691089053387,-0.05182769214053387,-0.01740386401553387,0.01409027660946613,0.0038363703594661283,-0.04035308276553387,-0.07673003589053387,-0.06964995776553387,-0.01911284839053387,-0.01911284839053387,0.03093597973446613,0.03215668285946613,-0.01398589526553387,-0.03205230151553387,0.01701996410946613,0.04900238598446613,0.03191254223446613,-0.007394098390533872,-0.02472808276553387,-0.00885894214053387,0.02483246410946613,0.02971527660946613,0.0013949641094661283,-0.02277495776553387,-0.02301909839053387,0.0013949641094661283,0.0013949641094661283,0.02361176098446613,0.02336762035946613,0.0004184016094661283,-0.02301909839053387,-0.005685114015533872,0.01067230785946613,0.0026156672344661283,-0.01960112964053387,-0.02179839526553387,-0.0025112858905338717,0.0026156672344661283,-0.01130034839053387,-0.02326323901553387,-0.03351714526553387,-0.02179839526553387,0.006521917234466128,0.006521917234466128,0.03679535473446613,0.04778168285946613,-0.0034878483905338717,-0.01374175464053387,0.0009066828594661283,0.02165863598446613,0.02385590160946613,0.01262543285946613,0.0009066828594661283,0.00017426098446612828,-0.005685114015533872,0.0038363703594661283,0.006766057859466128,0.00920746410946613,0.01286957348446613,0.01140472973446613,0.004080510984466128,-0.01154448901553387,-0.0005581608905338717,0.01116058910946613,0.01579926098446613,0.007010198484466128,-0.004708551515533872,0.007010198484466128,0.02654144848446613,0.03264496410946613,0.02629730785946613,0.01555512035946613,0.01555512035946613,0.01482269848446613,0.01994965160946613,0.01164887035946613,0.00798676098446613,0.01286957348446613,0.01701996410946613,0.004568792234466128,-0.01911284839053387,-0.03156402026553387,-0.03156402026553387,-0.01715972339053387,0.02678558910946613,0.01286957348446613,-0.01642730151553387,-0.03937652026553387,-0.03180816089053387,0.0006625422344661283,0.03118012035946613,0.03484222973446613,0.005789495359466128,0.005789495359466128,-0.03693511401553387,-0.03498198901553387,-0.0029995671405338717,0.00896332348446613,-0.01496245776553387,-0.04865386401553387,-0.05085112964053387,-0.01569487964053387,0.02410004223446613,0.02410004223446613,0.03508637035946613,-0.04328277026553387,-0.05133941089053387,-0.01789214526553387,0.02239105785946613,0.03435394848446613,0.01360199535946613,-0.01300933276553387,-0.01862456714053387,-0.01862456714053387,-0.0003140202655338717,0.02678558910946613,0.02263519848446613,0.0004184016094661283,-0.007394098390533872,0.004568792234466128,0.02605316723446613,0.03410980785946613,0.01335785473446613,-0.01789214526553387,-0.01789214526553387,-0.02643706714053387,0.02532074535946613,0.02605316723446613,-6.987964053387172e-05,-0.02106597339053387,-0.01398589526553387,0.00993988598446613,0.02312347973446613,0.01360199535946613,0.01360199535946613,-0.006905817140533872,-0.01520659839053387,-0.0008023015155338717,0.01164887035946613,0.00945160473446613,-0.004464410890533872,-0.01667144214053387,-0.01618316089053387,0.004080510984466128,0.02068207348446613,0.02068207348446613,0.01286957348446613,-0.01935698901553387,-0.01569487964053387,0.00798676098446613,0.02654144848446613,0.02165863598446613,0.0009066828594661283,-0.01105620776553387,-0.004464410890533872,-0.004464410890533872,0.01335785473446613,0.01946137035946613,0.0033480891094661283,-0.00934722339053387,-0.00983550464053387,-0.0010464421405338717,0.00896332348446613,0.00969574535946613,0.00017426098446612828,0.00017426098446612828,-0.00934722339053387,0.0031039484844661283,0.004324651609466128,-0.0012905827655338717,-0.01325347339053387,-0.02155425464053387,-0.01715972339053387,-0.004708551515533872,0.0028598078594661283,0.0023715266094661283,0.0023715266094661283,-0.004220270265533872,-0.01740386401553387,-0.01252105151553387,-0.006417535890533872,0.0009066828594661283,0.0011508234844661283,-0.0022671452655338717,-0.004464410890533872,-0.007149957765533872,-0.007149957765533872,-0.005929254640533872,-0.0025112858905338717,-0.0032437077655338717,0.0023715266094661283,0.006277776609466128,0.005545354734466128,-0.0017788640155338717,-0.007638239015533872,-0.0017788640155338717,-0.0017788640155338717,0.0026156672344661283,0.0023715266094661283,-0.0027554265155338717,-0.0032437077655338717,0.0009066828594661283,0.007742620359466128,0.00798676098446613,0.004324651609466128,0.0011508234844661283,0.0006625422344661283,0.0006625422344661283,0.006766057859466128,-0.01471831714053387,-0.03278472339053387,-0.01862456714053387,0.00945160473446613,0.02483246410946613,0.02556488598446613,0.01579926098446613,0.02019379223446613,0.02019379223446613,0.04460785473446613,0.06511566723446613,0.03215668285946613,0.00847504223446613,0.01531097973446613,0.03874847973446613,0.05119965160946613,0.03484222973446613,0.00017426098446612828,-0.02228667651553387,-0.02228667651553387,-0.00910308276553387,0.0016391047344661283,-0.00788237964053387,-0.03009917651553387,-0.04889800464053387,-0.04792144214053387,-0.02448394214053387,-0.006173395265533872,-0.01374175464053387,-0.01374175464053387,-0.03717925464053387,-0.04523589526553387,-0.00910308276553387,0.01799652660946613,0.01531097973446613,-0.01593902026553387,-0.04694487964053387,-0.05011870776553387,-0.03424956714053387,-0.01740386401553387,-0.01740386401553387,-0.01471831714053387,-0.02619292651553387,-0.02131011401553387,-0.02155425464053387,-0.03278472339053387,-0.03913237964053387,-0.02912261401553387,-0.00885894214053387,0.0013949641094661283,0.0013949641094661283,-0.01081206714053387,-0.03766753589053387,-0.01740386401553387,0.01335785473446613,0.03240082348446613,0.02092621410946613,-0.0003140202655338717,-0.004952692140533872,0.00993988598446613,0.00993988598446613,0.02751801098446613,0.01897308910946613,0.01775238598446613,0.03435394848446613,0.05095551098446613,0.04558441723446613,0.02190277660946613,0.01042816723446613,0.01824066723446613,0.02678558910946613,0.02678558910946613,0.01946137035946613,0.01311371410946613,-0.0003140202655338717,-0.01276519214053387,-0.01300933276553387,0.0023715266094661283,0.02190277660946613,0.02825043285946613,0.02336762035946613,0.02336762035946613,0.02214691723446613,0.03484222973446613,0.03435394848446613,0.03118012035946613,0.03191254223446613,0.04094574535946613,0.04900238598446613,0.04534027660946613,0.03508637035946613,0.03508637035946613,0.02898285473446613,0.02458832348446613,0.02410004223446613,0.006521917234466128,-0.01764800464053387,-0.02912261401553387,-0.02594878589053387,-0.02301909839053387,-0.03156402026553387,-0.03742339526553387,-0.03742339526553387,-0.03620269214053387,-0.01203277026553387,0.00871918285946613,0.01018402660946613,-0.004708551515533872,-0.02155425464053387,-0.01886870776553387,0.00847504223446613,0.04607269848446613,0.04607269848446613,0.05730316723446613,0.03215668285946613,0.01824066723446613,0.00945160473446613,-0.02375152026553387,-0.07795073901553387,6.421459774737915e-05,6.421459774737915e-05,6.421459774737915e-05,6.421459774737915e-05,-0.07184722339053387,-0.07111480151553387,-0.07624175464053387,-0.07355620776553387,-0.04743316089053387,-0.00983550464053387,0.02214691723446613,0.03850433910946613,0.03777191723446613,0.04485199535946613,0.04485199535946613,0.05510590160946613,0.03288910473446613,0.007498479734466128,0.0026156672344661283,0.02287933910946613,0.04118988598446613,0.03874847973446613,0.007498479734466128,-0.03327300464053387,-0.03327300464053387,-0.05939605151553387,-0.02912261401553387,0.0021273859844661283,0.03557465160946613,0.05071137035946613,0.02629730785946613,-0.01642730151553387,-0.02472808276553387,0.01409027660946613,0.01409027660946613,0.06951019848446613,0.08074066723446613,0.04802582348446613,0.02263519848446613,0.007742620359466128,-0.00983550464053387,-0.02228667651553387,-0.02399566089053387,-0.01691558276553387,-0.01691558276553387,-0.01691558276553387,-0.03400542651553387,-0.03205230151553387,-0.02790191089053387,-0.02204253589053387,-0.00861480151553387,0.005545354734466128,0.00920746410946613,0.0009066828594661283,-0.00910308276553387,-0.00910308276553387,0.01604340160946613,0.02654144848446613,0.00847504223446613,-0.02204253589053387,-0.03009917651553387,-0.01178862964053387,-0.003976129640533872,-0.02057769214053387,-0.04132964526553387,-0.04132964526553387,-0.04938628589053387,-0.05182769214053387,-0.05915191089053387,-0.04743316089053387,-0.01911284839053387,0.01067230785946613,0.007254339109466128,-0.01471831714053387,-0.01935698901553387,-0.01935698901553387,-0.00812652026553387,0.02507660473446613,0.04851410473446613,0.06243012035946613,0.05364105785946613,0.02580902660946613,0.0023715266094661283,0.004080510984466128,0.02117035473446613,0.03850433910946613,0.03850433910946613,0.0021273859844661283,-0.02570464526553387,-0.02008941089053387,-0.01667144214053387,-0.03473784839053387,-0.04914214526553387,-0.04010894214053387,-0.004220270265533872,0.03069183910946613,0.03069183910946613,0.02971527660946613,-0.01715972339053387,0.0038363703594661283,0.01701996410946613,0.02263519848446613,0.02532074535946613,0.03044769848446613,0.03435394848446613,0.02995941723446613,0.02117035473446613,0.02190277660946613,0.02873871410946613,0.03069183910946613,0.01970551098446613,-0.0015347233905338717,-0.01032378589053387,-0.01252105151553387,-0.02839019214053387,-0.04499175464053387,-0.05060698901553387,-0.05060698901553387,-0.04059722339053387,0.0035922297344661283,-0.004464410890533872,-0.00983550464053387,-0.0037319890155338717,0.006521917234466128,0.01677582348446613,0.02165863598446613,0.02654144848446613,0.03093597973446613,0.03118012035946613,0.03069183910946613,0.02629730785946613,0.02458832348446613,0.03606293285946613,0.04997894848446613,0.04509613598446613,0.02507660473446613,0.006766057859466128,0.006766057859466128,-0.004952692140533872,-0.006661676515533872,-0.006661676515533872,-0.01740386401553387,-0.02912261401553387,-0.03791167651553387,-0.03791167651553387,-0.03205230151553387,-0.01764800464053387,-0.004464410890533872,-0.0022671452655338717,-0.01154448901553387,-0.01154448901553387,0.004324651609466128,0.006521917234466128,-0.00788237964053387,-0.01715972339053387,-0.0034878483905338717,0.02971527660946613,0.04826996410946613,0.03435394848446613,0.0016391047344661283,-0.02008941089053387,-0.005196832765533872,0.01653168285946613,0.01653168285946613,-0.02692534839053387,-0.05280425464053387,-0.05475737964053387,-0.03131987964053387,-0.01569487964053387,-0.02448394214053387,-0.05548980151553387,-0.08234527026553387,-0.07038237964053387,-0.07038237964053387,-0.03351714526553387,0.00017426098446612828,-0.0005581608905338717,-0.01325347339053387,-0.00885894214053387,0.0023715266094661283,0.007254339109466128,-0.0003140202655338717,0.0016391047344661283,0.02825043285946613,0.05022308910946613,0.05242035473446613,0.03337738598446613,0.03337738598446613,0.00896332348446613,0.03093597973446613,0.04241058910946613,0.03557465160946613,0.01628754223446613,-0.0022671452655338717,-0.0037319890155338717,-0.0027554265155338717,-0.0027554265155338717,0.00017426098446612828,0.00017426098446612828,-0.0029995671405338717,-0.02692534839053387,-0.02375152026553387,-0.01178862964053387,0.007742620359466128,0.00945160473446613,-0.01398589526553387,-0.02399566089053387,-0.0032437077655338717,0.02483246410946613,0.02483246410946613,0.02800629223446613,-0.0027554265155338717,-0.01813628589053387,0.005789495359466128,0.04558441723446613,0.05364105785946613,0.03606293285946613,0.02190277660946613,0.01897308910946613,0.01897308910946613,0.01775238598446613,-6.987964053387172e-05,-6.987964053387172e-05,-0.004952692140533872,0.0011508234844661283,-0.007394098390533872,-0.02716948901553387,-0.03986480151553387,-0.03473784839053387,-0.02546050464053387,-0.02204253589053387,-0.02619292651553387,-0.02619292651553387,-0.02912261401553387,-0.02350737964053387,-0.01252105151553387,-0.007638239015533872,-0.00812652026553387,-0.0015347233905338717,0.00896332348446613,0.01409027660946613,0.02068207348446613,0.02898285473446613,0.02458832348446613,0.02239105785946613,0.02239105785946613,0.01994965160946613,0.03459808910946613,0.04338715160946613,0.04387543285946613,0.03630707348446613,0.01897308910946613,0.00017426098446612828,-0.005929254640533872,-0.0010464421405338717,0.0016391047344661283,0.0016391047344661283,-0.01691558276553387,-0.01447417651553387,-0.01130034839053387,-0.01447417651553387,-0.02546050464053387,-0.03693511401553387,-0.03595855151553387,-0.02839019214053387,-0.01984527026553387,-0.01886870776553387,-0.02326323901553387,-0.02326323901553387,-0.00959136401553387,-0.004952692140533872,0.0006625422344661283,0.005545354734466128,0.004812932859466128,0.0038363703594661283,-0.0027554265155338717,-0.006905817140533872,0.006277776609466128,0.006277776609466128,0.04534027660946613,0.00017426098446612828,0.00017426098446612828,0.00017426098446612828,0.02922699535946613,0.04167816723446613,0.05388519848446613,0.02898285473446613,-0.005196832765533872,-0.02326323901553387,-0.01764800464053387,0.0023715266094661283,0.01433441723446613,0.01433441723446613,-0.01740386401553387,-0.03473784839053387,-0.02936675464053387,-0.006417535890533872,0.00871918285946613,0.007010198484466128,-0.01227691089053387,-0.03839995776553387,-0.03620269214053387,-0.01105620776553387,-0.01105620776553387,0.01482269848446613,0.01360199535946613,0.004568792234466128,0.0016391047344661283,0.004324651609466128,0.0013949641094661283,-0.006661676515533872,0.0004184016094661283,0.01579926098446613,0.01579926098446613,0.004812932859466128,-0.006661676515533872,-0.0037319890155338717,0.01116058910946613,0.02825043285946613,0.02483246410946613,0.007498479734466128,-0.004464410890533872,-0.00837066089053387,-0.00837066089053387,0.01531097973446613,0.01848480785946613,0.006033635984466128,-0.01715972339053387,-0.03351714526553387,-0.02546050464053387,-0.0025112858905338717,0.004324651609466128,-0.00861480151553387,-0.02546050464053387,-0.03376128589053387,-0.02521636401553387,-0.01130034839053387,-0.0037319890155338717,-0.006417535890533872,-0.01813628589053387,-0.02277495776553387,-0.00885894214053387,0.01067230785946613,0.02092621410946613,0.01311371410946613,-0.00812652026553387,-0.00812652026553387,0.004568792234466128,0.03313324535946613,0.03557465160946613,0.01262543285946613,-0.00910308276553387,-0.004952692140533872,0.01091644848446613,0.03386566723446613,0.04070160473446613,0.04070160473446613,0.02654144848446613,0.02287933910946613,0.01775238598446613,0.00945160473446613,0.00847504223446613,0.02165863598446613,0.02410004223446613,0.0028598078594661283,-0.01178862964053387,-0.01178862964053387,0.0023715266094661283,0.0038363703594661283,-0.00959136401553387,-0.02228667651553387,-0.02228667651553387,-0.01154448901553387,-0.0003140202655338717,-0.00788237964053387,-0.01984527026553387,-0.01984527026553387,-0.02594878589053387,-0.02497222339053387,-0.02253081714053387,-0.01667144214053387,-0.01007964526553387,-0.00837066089053387,-0.01886870776553387,-0.01984527026553387,-0.0017788640155338717,-0.0017788640155338717,0.02776215160946613,0.01824066723446613,0.0038363703594661283,0.0028598078594661283,0.02532074535946613,0.04826996410946613,0.04582855785946613,0.02580902660946613,0.0038363703594661283,0.0038363703594661283,0.005545354734466128,0.02629730785946613,0.03313324535946613,0.02800629223446613,0.01677582348446613,-0.004952692140533872,-0.01300933276553387,-0.00788237964053387,0.0004184016094661283,0.0004184016094661283,0.0038363703594661283,-0.0015347233905338717,-0.01423003589053387,-0.02985503589053387,-0.03400542651553387,-0.02790191089053387,-0.01740386401553387,-0.00812652026553387,-0.01593902026553387,-0.01593902026553387,-0.02521636401553387,-0.01911284839053387,-0.02057769214053387,-0.02375152026553387,-0.02423980151553387,-0.01691558276553387,-0.01007964526553387,-0.01545073901553387,-0.01764800464053387,-0.01764800464053387,-0.006905817140533872,0.00847504223446613,0.01872894848446613,0.01824066723446613,0.005057073484466128,-0.00885894214053387,0.0011508234844661283,0.02385590160946613,0.03703949535946613,0.03703949535946613,0.01897308910946613,0.0016391047344661283,-0.0032437077655338717,0.007254339109466128,0.02385590160946613,0.02947113598446613,0.01335785473446613,-0.01667144214053387,-0.03205230151553387,-0.03205230151553387,0.03069183910946613,0.04216644848446613,0.01555512035946613,-0.02204253589053387,-0.03717925464053387,-0.02204253589053387,0.01189301098446613,0.03386566723446613,0.02898285473446613,0.02898285473446613,-0.02692534839053387,-0.02546050464053387,0.0018832453594661283,0.02263519848446613,0.01799652660946613,-0.0005581608905338717,-0.01886870776553387,-0.01789214526553387,0.0013949641094661283,0.0013949641094661283,0.00871918285946613,-0.007394098390533872,-0.01838042651553387,-0.01838042651553387,-0.01593902026553387,-0.01130034839053387,-0.005685114015533872,0.0028598078594661283,0.0038363703594661283,0.0038363703594661283,-0.01496245776553387,-0.01105620776553387,-0.004220270265533872,-0.0032437077655338717,0.0013949641094661283,0.01140472973446613,0.01848480785946613,0.007742620359466128,-0.01300933276553387,-0.01886870776553387,-0.01886870776553387,0.02092621410946613,0.03044769848446613,0.01970551098446613,-0.0032437077655338717,-0.01960112964053387,-0.01056792651553387,0.02019379223446613,0.04460785473446613,0.03410980785946613,0.03410980785946613,-0.01911284839053387,-0.02008941089053387,0.005789495359466128,0.03630707348446613,0.03801605785946613,0.007498479734466128,-0.01935698901553387,-0.01593902026553387,0.007010198484466128,0.007010198484466128,0.01994965160946613,-0.0027554265155338717,-0.01740386401553387,-0.02228667651553387,-0.01325347339053387,0.01140472973446613,0.02410004223446613,0.007010198484466128,-0.02228667651553387,-0.02228667651553387,-0.02008941089053387,-0.0029995671405338717,0.0013949641094661283,0.0018832453594661283,-0.005440973390533872,-0.02106597339053387,-0.03400542651553387,-0.03205230151553387,-0.02057769214053387,-0.02057769214053387,0.005301214109466128,0.0006625422344661283,-0.01911284839053387,-0.03400542651553387,-0.02008941089053387,0.01409027660946613,0.02556488598446613,-0.0003140202655338717,-0.02546050464053387,-0.02546050464053387,0.007254339109466128,0.03142426098446613,0.03484222973446613,0.00823090160946613,-0.01935698901553387,-0.02057769214053387,0.007742620359466128,0.04509613598446613,0.05486176098446613,0.03020355785946613,-0.01227691089053387,-0.04035308276553387,-0.01569487964053387,0.04607269848446613,0.08098480785946613,0.04900238598446613,-0.01813628589053387,-0.04645659839053387,-0.02301909839053387,-0.02301909839053387,0.04314301098446613,0.03044769848446613,-0.006173395265533872,-0.03498198901553387,-0.03180816089053387,-0.0022671452655338717,0.02068207348446613,0.01872894848446613,-0.0015347233905338717,-0.0015347233905338717,-0.03473784839053387,-0.01325347339053387,0.02458832348446613,0.04021332348446613,0.01457855785946613,-0.01960112964053387,-0.02839019214053387,-0.005440973390533872,0.02654144848446613,0.02654144848446613,0.00993988598446613,-0.02106597339053387,-0.02570464526553387,-0.00934722339053387,0.01238129223446613,0.01750824535946613,0.0035922297344661283,-0.01105620776553387,-0.02033355151553387,-0.01520659839053387,0.007010198484466128,0.01579926098446613,-0.0012905827655338717,-0.02546050464053387,-0.03034331714053387,-0.01545073901553387,0.0009066828594661283,0.01091644848446613,0.004568792234466128,-0.01593902026553387,-0.03278472339053387,-0.02985503589053387,-0.00983550464053387,0.01018402660946613,0.01726410473446613,0.00993988598446613,-0.007394098390533872,-0.02204253589053387,-0.01764800464053387,0.0035922297344661283,0.01457855785946613,0.01238129223446613,0.004324651609466128,-0.0012905827655338717,0.0013949641094661283,0.004080510984466128,0.006766057859466128,0.005057073484466128,0.0013949641094661283,0.0004184016094661283,0.006766057859466128,0.01238129223446613,0.01116058910946613,0.006521917234466128,-0.006905817140533872,-0.007394098390533872,0.01799652660946613,0.03777191723446613,0.02239105785946613,-0.01349761401553387,-0.02423980151553387,-0.02423980151553387,0.02214691723446613,0.03166840160946613,0.01824066723446613,-0.005929254640533872,-0.02155425464053387,-0.01276519214053387,0.01164887035946613,0.02849457348446613,0.02141449535946613,-0.00812652026553387,-0.03327300464053387,-0.02790191089053387,0.00969574535946613,0.03923676098446613,0.02312347973446613,-0.01374175464053387,-0.03156402026553387,-0.01911284839053387,0.01042816723446613,0.02947113598446613,0.01726410473446613,-0.01178862964053387,-0.02423980151553387,-0.007638239015533872,0.01775238598446613,0.02385590160946613,0.01116058910946613,-0.01325347339053387,-0.02375152026553387,-0.007149957765533872,0.02239105785946613,0.02849457348446613,0.0006625422344661283,-0.02228667651553387,-0.02326323901553387,-0.006417535890533872,0.01213715160946613,0.01286957348446613,-0.006905817140533872,-0.02179839526553387,-0.01960112964053387,-0.01105620776553387,-0.0005581608905338717,0.0026156672344661283,-0.00812652026553387,-0.02448394214053387,-0.02887847339053387,-0.01398589526553387,0.004568792234466128,0.005789495359466128,-0.0034878483905338717,-0.01349761401553387,-0.01252105151553387,0.004080510984466128,0.01701996410946613,0.00798676098446613,-0.005440973390533872,-0.0032437077655338717,0.004324651609466128,0.01116058910946613,0.00896332348446613,0.005545354734466128,0.0016391047344661283,0.0038363703594661283,0.01335785473446613,0.00945160473446613,-0.003976129640533872,-0.00885894214053387,0.0016391047344661283,0.00920746410946613,0.0028598078594661283,-0.004220270265533872,-0.004464410890533872,-6.987964053387172e-05,0.005057073484466128,0.004568792234466128,-0.003976129640533872,-0.005685114015533872,-0.0010464421405338717,0.0018832453594661283,0.0011508234844661283,0.0031039484844661283,0.00969574535946613,0.006033635984466128,0.005301214109466128,0.006033635984466128,0.005057073484466128,0.00993988598446613,0.01164887035946613,0.01116058910946613,0.006766057859466128,0.006277776609466128,0.007254339109466128,0.0013949641094661283,-0.0015347233905338717,0.006033635984466128,0.00993988598446613,0.00823090160946613,0.007010198484466128,-0.0005581608905338717,-0.01105620776553387,-0.00885894214053387,0.00823090160946613,0.007498479734466128,-0.01227691089053387,-0.02106597339053387,-0.00837066089053387,0.00823090160946613,0.007254339109466128,-0.01227691089053387,-0.02814605151553387,-0.01252105151553387,0.00798676098446613,0.004568792234466128,-0.01178862964053387,-0.01960112964053387,-0.01154448901553387,-0.0015347233905338717,0.01311371410946613,0.01457855785946613,-0.0008023015155338717,-0.01203277026553387,-0.007149957765533872,0.0033480891094661283,0.01213715160946613,0.01799652660946613,0.0026156672344661283,-0.02008941089053387,-0.01984527026553387,0.0035922297344661283,0.01628754223446613,0.01677582348446613,0.004324651609466128,-0.01838042651553387,-0.01838042651553387,0.006277776609466128,0.02239105785946613,0.0009066828594661283,-0.02839019214053387,-0.01984527026553387,0.02043793285946613,0.04582855785946613,0.04582855785946613,-0.01911284839053387,-0.04523589526553387,-0.01838042651553387,0.03215668285946613,0.05901215160946613,0.02849457348446613,-0.03449370776553387,-0.06696441089053387,-0.04035308276553387,-0.04035308276553387,0.05632660473446613,0.03264496410946613,-0.02912261401553387,-0.07550933276553387,-0.05548980151553387,0.02068207348446613,0.08098480785946613,0.06218597973446613,-0.006173395265533872,-0.006173395265533872,-0.01984527026553387,0.04460785473446613,0.07439301098446613,0.04338715160946613,-0.01154448901553387,-0.02790191089053387,0.01042816723446613,0.06511566723446613,0.08391449535946613,0.08391449535946613,-0.004220270265533872,-0.03009917651553387,-0.004952692140533872,0.04070160473446613,0.06487152660946613,0.04338715160946613,-0.0037319890155338717,-0.03180816089053387,-0.01984527026553387,0.01970551098446613,0.04143402660946613,0.01384613598446613,-0.03571441089053387,-0.05378081714053387,-0.02423980151553387,0.01750824535946613,0.02751801098446613,0.004324651609466128,-0.02594878589053387,-0.03083159839053387,-0.005929254640533872,0.01360199535946613,0.01433441723446613,-0.004220270265533872,-0.02790191089053387,-0.02668120776553387,-0.004708551515533872,0.01701996410946613,0.01824066723446613,-0.01056792651553387,-0.03693511401553387,-0.03327300464053387,-0.007149957765533872,0.01091644848446613,0.0023715266094661283,-0.02301909839053387,-0.04499175464053387,-0.04596831714053387,-0.02423980151553387,-0.004952692140533872,-0.006173395265533872,-0.02521636401553387,-0.04596831714053387,-0.05060698901553387,-0.03498198901553387,-0.01178862964053387,-0.00885894214053387,-0.02716948901553387,-0.04767730151553387,-0.04596831714053387,-0.02472808276553387,-0.0025112858905338717,0.0028598078594661283,-0.00910308276553387,-0.02277495776553387,-0.03424956714053387,-0.03498198901553387,-0.02253081714053387,-0.0022671452655338717,0.00993988598446613,0.0023715266094661283,-0.01569487964053387,-0.02594878589053387,-0.01813628589053387,-0.0022671452655338717,0.007742620359466128,0.00896332348446613,0.004324651609466128,-0.0029995671405338717,-0.01203277026553387,-0.01642730151553387,-0.00934722339053387,0.0033480891094661283,0.00969574535946613,0.00847504223446613,0.00969574535946613,0.01482269848446613,0.00969574535946613,-0.01276519214053387,-0.03717925464053387,-0.04425933276553387,-0.03669097339053387,-0.02448394214053387,-0.01569487964053387,-0.01911284839053387,-0.02472808276553387,-0.01764800464053387,-0.00934722339053387,-0.0012905827655338717,0.00871918285946613,0.02068207348446613,0.03288910473446613,0.03533051098446613,0.03606293285946613,0.03215668285946613,0.02410004223446613,0.01921722973446613,0.02287933910946613,0.02898285473446613,0.02385590160946613,0.01482269848446613,0.00920746410946613,0.00871918285946613,0.01799652660946613,0.02434418285946613,0.02190277660946613,0.00920746410946613,-0.00983550464053387,-0.01715972339053387,-0.004220270265533872,0.01946137035946613,0.02776215160946613,0.01213715160946613,-0.00959136401553387,-0.01545073901553387,0.0021273859844661283,0.02776215160946613,0.03972504223446613,0.03435394848446613,0.01726410473446613,0.005301214109466128,0.01213715160946613,0.03118012035946613,0.04411957348446613,0.04192230785946613,0.02727387035946613,0.01653168285946613,0.01677582348446613,0.01994965160946613,0.02287933910946613,0.01531097973446613,0.0018832453594661283,-0.0005581608905338717,0.00993988598446613,0.01872894848446613,0.02019379223446613,0.006033635984466128,-0.01423003589053387,-0.01715972339053387,0.0028598078594661283,0.02873871410946613,0.03020355785946613,0.0028598078594661283,-0.01960112964053387,-0.01838042651553387,0.0026156672344661283,0.02580902660946613,0.02947113598446613,0.01189301098446613,-0.007638239015533872,-0.01545073901553387,-0.006173395265533872,0.01457855785946613,0.02385590160946613,0.01238129223446613,-0.00910308276553387,-0.02326323901553387,-0.01715972339053387,0.0035922297344661283,0.01677582348446613,0.00993988598446613,-0.00959136401553387,-0.02106597339053387,-0.01349761401553387,-0.0025112858905338717,-0.004220270265533872,-0.01081206714053387,-0.01520659839053387,-0.01300933276553387,-0.01325347339053387,-0.01691558276553387,-0.01862456714053387,-0.01911284839053387,-0.01960112964053387,-0.02082183276553387,-0.02179839526553387,-0.01178862964053387,0.0004184016094661283,0.005545354734466128,0.006277776609466128,-0.0003140202655338717,-0.0017788640155338717,0.0038363703594661283,0.00969574535946613,0.01116058910946613,0.00017426098446612828,0.007742620359466128,0.01360199535946613,0.01701996410946613,0.01335785473446613,0.01238129223446613,0.01335785473446613,0.01506683910946613,0.01409027660946613,0.007742620359466128,0.0026156672344661283,0.0028598078594661283,0.006521917234466128,0.01482269848446613,0.01799652660946613,0.01506683910946613,0.00896332348446613,-0.007394098390533872,-0.02326323901553387,-0.01691558276553387,0.004080510984466128,0.01311371410946613,-0.006661676515533872,-0.03449370776553387,-0.04425933276553387,-0.03864409839053387,-0.02253081714053387,-0.01642730151553387,-0.02692534839053387,-0.03595855151553387,-0.04425933276553387,-0.04743316089053387,-0.04279448901553387,-0.02692534839053387,-0.00837066089053387,-0.0037319890155338717,-0.01569487964053387,-0.03131987964053387,-0.03351714526553387,-0.01886870776553387,-0.0029995671405338717,0.00017426098446612828,0.004812932859466128,-0.0025112858905338717,0.0009066828594661283,0.00017426098446612828,0.004812932859466128,0.02092621410946613,0.02849457348446613,0.02239105785946613,0.01067230785946613,0.00993988598446613,0.02287933910946613,0.03508637035946613,0.02947113598446613,0.0033480891094661283,-0.02033355151553387,-0.01618316089053387,0.00017426098446612828,0.00017426098446612828,-0.01593902026553387,-0.03302886401553387,-0.04230620776553387,-0.04840972339053387,-0.04865386401553387,-0.04425933276553387,-0.02790191089053387,0.0009066828594661283,0.02434418285946613,0.02702972973446613,0.00920746410946613,-0.004952692140533872,-0.007149957765533872,0.01286957348446613,0.04216644848446613,0.05168793285946613,0.04143402660946613,0.02605316723446613,0.02605316723446613,0.03948090160946613,0.05705902660946613,0.07097504223446613,0.07488129223446613,0.07634613598446613,0.06780121410946613,0.04118988598446613,0.01384613598446613,0.0018832453594661283,0.01335785473446613,0.03313324535946613,0.02532074535946613,-0.005440973390533872,-0.02594878589053387,-0.03058745776553387,-0.02741362964053387,-0.03083159839053387,-0.03400542651553387,-0.02716948901553387,-0.01764800464053387,-0.01105620776553387,-0.01911284839053387,-0.02448394214053387,-0.01227691089053387,-0.0008023015155338717,-0.0034878483905338717,-0.01105620776553387,-0.01154448901553387,0.00017426098446612828,0.02019379223446613,0.03118012035946613,0.03362152660946613,0.03044769848446613,0.02556488598446613,0.03069183910946613,0.04485199535946613,0.05730316723446613,0.05437347973446613,0.03215668285946613,0.0031039484844661283,-0.01032378589053387,-0.0005581608905338717,0.0035922297344661283,-0.01398589526553387,-0.03742339526553387,-0.06061675464053387,-0.06330230151553387,-0.05744292651553387,-0.06427886401553387,-0.07355620776553387,-0.06305816089053387,-0.04010894214053387,-0.03693511401553387,-0.05158355151553387,-0.05475737964053387,-0.03278472339053387,-0.00934722339053387,-0.01203277026553387,-0.03278472339053387,-0.03083159839053387,-6.987964053387172e-05,0.02971527660946613,0.03899262035946613,0.03240082348446613,0.02483246410946613,0.03044769848446613,0.04631683910946613,0.06145355785946613,0.06511566723446613,0.05119965160946613,0.02922699535946613,0.0033480891094661283,-0.01227691089053387,-0.00885894214053387,-0.0025112858905338717,-0.02008941089053387,-0.03791167651553387,-0.03522612964053387,-0.02643706714053387,-0.02936675464053387,-0.04279448901553387,-0.04645659839053387,-0.04010894214053387,-0.02619292651553387,-0.02204253589053387,-0.02961089526553387,-0.03327300464053387,-0.01520659839053387,0.01360199535946613,0.01555512035946613,-0.0020230046405338717,-0.004220270265533872,0.01042816723446613,0.03362152660946613,0.05217621410946613,0.06218597973446613,0.07366058910946613,0.08440277660946613,0.08196137035946613,0.06487152660946613,0.04485199535946613,0.03728363598446613,0.04656097973446613,0.05046722973446613,0.03069183910946613,-0.004708551515533872,-0.03498198901553387,-0.04523589526553387,-0.03351714526553387,-0.01984527026553387,-0.02619292651553387,-0.06061675464053387,6.421459774737915e-05,-0.06696441089053387,-0.03913237964053387,-0.02741362964053387,-0.04279448901553387,-0.06208159839053387,-0.05158355151553387,-0.01203277026553387,0.01409027660946613,0.00969574535946613,-0.01105620776553387,-0.02350737964053387,-0.007638239015533872,0.03240082348446613,0.06487152660946613,0.06389496410946613,0.04558441723446613,0.03435394848446613,0.04143402660946613,0.06243012035946613,0.07097504223446613,0.05681488598446613,0.04241058910946613,0.02361176098446613,-0.007394098390533872,-0.03888823901553387,-0.04108550464053387,-0.02521636401553387,-0.01569487964053387,-0.02790191089053387,-0.05768706714053387,-0.08088042651553387,-0.07184722339053387,-0.04132964526553387,-0.01691558276553387,-0.02301909839053387,-0.03254058276553387,-0.03180816089053387,-0.02301909839053387,-0.0015347233905338717,0.02361176098446613,0.02165863598446613,-0.0027554265155338717,-0.007149957765533872,0.01628754223446613,0.05095551098446613,0.07414887035946613,0.06804535473446613,0.04387543285946613,0.04045746410946613,0.06658051098446613,6.421459774737915e-05,6.421459774737915e-05,0.05827972973446613,0.01506683910946613,0.006521917234466128,0.02336762035946613,0.03728363598446613,0.01360199535946613,-0.03278472339053387,-0.05573394214053387,-0.05500152026553387,-0.03693511401553387,-0.02253081714053387,-0.04621245776553387,-0.07477691089053387,6.421459774737915e-05,-0.06964995776553387,-0.03473784839053387,-0.01593902026553387,-0.02033355151553387,-0.03107573901553387,-0.03473784839053387,-0.02131011401553387,0.0035922297344661283,0.02239105785946613,0.01970551098446613,0.00993988598446613,0.01653168285946613,0.03459808910946613,0.05315277660946613,0.06755707348446613,0.06999847973446613,0.05535004223446613,0.05119965160946613,0.04973480785946613,0.03362152660946613,0.02410004223446613,0.02873871410946613,0.01824066723446613,-0.01520659839053387,-0.03644683276553387,-0.04303862964053387,-0.04059722339053387,-0.03034331714053387,-0.05109527026553387,-0.08210112964053387,-0.08136870776553387,-0.07013823901553387,-0.05378081714053387,-0.03571441089053387,-0.04401519214053387,-0.06134917651553387,-0.05451323901553387,-0.03009917651553387,-0.00788237964053387,-0.0034878483905338717,-0.004464410890533872,-0.01007964526553387,-0.004708551515533872,0.02165863598446613,0.04534027660946613,0.05486176098446613,0.05193207348446613,0.05510590160946613,0.06316254223446613,0.07634613598446613,0.07317230785946613,0.05388519848446613,0.03118012035946613,0.01604340160946613,0.02043793285946613,0.02458832348446613,0.004568792234466128,-0.01349761401553387,-0.03351714526553387,-0.04181792651553387,-0.02546050464053387,-0.01838042651553387,-0.04059722339053387,-0.07184722339053387,-0.07795073901553387,-0.05500152026553387,-0.02155425464053387,-0.01593902026553387,-0.03205230151553387,-0.04572417651553387,-0.02521636401553387,0.00823090160946613,0.01946137035946613,0.01628754223446613,0.01335785473446613,0.01726410473446613,0.02995941723446613,0.05022308910946613,0.06535980785946613,0.06975433910946613,0.06487152660946613,0.05412933910946613,0.05950043285946613,0.07805512035946613,6.421459774737915e-05,0.06560394848446613,0.02825043285946613,0.01140472973446613,0.00896332348446613,0.01775238598446613,-0.004708551515533872,-0.02887847339053387,-0.03547027026553387,-0.03278472339053387,-0.04230620776553387,-0.06794097339053387,-0.08405425464053387,-0.07648589526553387,-0.05133941089053387,-0.04767730151553387,-0.06549956714053387,-0.07575347339053387,-0.05085112964053387,-0.00812652026553387,0.00798676098446613,-0.01813628589053387,-0.03473784839053387,-0.01911284839053387,0.005545354734466128,0.02190277660946613,0.03459808910946613,0.04607269848446613,0.05901215160946613,0.06609222973446613,0.06169769848446613,0.04753754223446613,0.04900238598446613,0.06267426098446613,0.06120941723446613,0.04436371410946613,0.02629730785946613,0.01604340160946613,0.01384613598446613,0.00017426098446612828,-0.01252105151553387,-0.02350737964053387,-0.04157378589053387,-0.05060698901553387,-0.04840972339053387,-0.05329253589053387,-0.05671050464053387,-0.06086089526553387,-0.05646636401553387,-0.03962066089053387,-0.03791167651553387,-0.04425933276553387,-0.05719878589053387,-0.04548003589053387,-0.01423003589053387,0.005545354734466128,0.01531097973446613,0.0033480891094661283,-0.01642730151553387,-0.01203277026553387,0.02287933910946613,0.06047699535946613,0.06511566723446613,0.04289887035946613,0.02629730785946613,0.04192230785946613,0.07512543285946613,6.421459774737915e-05,0.06975433910946613,0.02214691723446613,0.00017426098446612828,0.01628754223446613,0.03093597973446613,0.01701996410946613,-0.02375152026553387,-0.05841948901553387,-0.04328277026553387,-0.02155425464053387,-0.02448394214053387,-0.05207183276553387,-0.07941558276553387,6.421459774737915e-05,-0.06818511401553387,-0.05085112964053387,-0.04401519214053387,-0.04059722339053387,-0.02985503589053387,-0.01813628589053387,-0.01838042651553387,-0.00861480151553387,0.007010198484466128,0.01335785473446613,0.007742620359466128,0.005545354734466128,0.02287933910946613,0.05290863598446613,0.07585785473446613,0.07756683910946613,0.06389496410946613,0.05559418285946613,0.06096527660946613,0.06731293285946613,0.06291840160946613,0.05925629223446613,0.05461762035946613,0.03191254223446613,-0.00861480151553387,-0.01984527026553387,-0.01935698901553387,-0.01569487964053387,-0.01911284839053387,-0.04377105151553387,-0.06061675464053387,-0.06672027026553387,-0.05622222339053387,-0.04279448901553387,-0.04938628589053387,-0.06037261401553387,-0.05256011401553387,-0.04328277026553387,-0.02668120776553387,-0.00885894214053387,-0.0022671452655338717,-0.01862456714053387,-0.02497222339053387,0.005301214109466128,0.03850433910946613,0.04704926098446613,0.03801605785946613,0.02434418285946613,0.02507660473446613,0.05071137035946613,0.07536957348446613,6.421459774737915e-05,0.06926605785946613,0.05681488598446613,0.05290863598446613,0.04192230785946613,0.03044769848446613,0.01726410473446613,0.00017426098446612828,-0.006417535890533872,-0.01056792651553387,-0.02472808276553387,-0.02839019214053387,-0.04401519214053387,-0.06330230151553387,-0.07062652026553387,-0.07428862964053387,-0.08112456714053387,-0.06940581714053387,-0.05524566089053387,-0.05158355151553387,-0.04938628589053387,-0.03742339526553387,-0.02326323901553387,-0.01496245776553387,-0.004708551515533872,-0.004464410890533872,-0.005685114015533872,-0.00861480151553387,0.0038363703594661283,0.02873871410946613,0.04900238598446613,0.05071137035946613,0.03923676098446613,0.03264496410946613,0.04631683910946613,0.07024262035946613,0.07585785473446613,0.05217621410946613,0.03410980785946613,0.03703949535946613,0.03728363598446613,0.02410004223446613,0.0028598078594661283,-0.006905817140533872,-0.005440973390533872,-0.01838042651553387,-0.03083159839053387,-0.04792144214053387,-0.05988433276553387,-0.05256011401553387,-0.05109527026553387,-0.05524566089053387,-0.04572417651553387,-0.03669097339053387,-0.04596831714053387,-0.05646636401553387,-0.04401519214053387,-0.01691558276553387,0.01286957348446613,0.01848480785946613,-0.0027554265155338717,-0.005196832765533872,0.01067230785946613,0.02239105785946613,0.03166840160946613,0.03826019848446613,0.05193207348446613,0.06243012035946613,0.06609222973446613,0.07488129223446613,0.07292816723446613,0.06511566723446613,0.05876801098446613,0.04509613598446613,0.04118988598446613,0.04241058910946613,0.03533051098446613,0.0016391047344661283,-0.01911284839053387,-0.02594878589053387,-0.02765777026553387,-0.02228667651553387,-0.03547027026553387,-0.06916167651553387,6.421459774737915e-05,-0.08063628589053387,-0.05378081714053387,-0.03815581714053387,-0.05060698901553387,-0.06501128589053387,-0.07038237964053387,-0.05207183276553387,-0.01398589526553387,0.0021273859844661283,-0.00837066089053387,-0.00885894214053387,-0.00861480151553387,-0.00788237964053387,0.01067230785946613,0.03972504223446613,0.05705902660946613,0.04704926098446613,0.03313324535946613,0.04265472973446613,0.05925629223446613,0.07366058910946613,0.07976410473446613,0.06340668285946613,0.03313324535946613,0.02507660473446613,0.02995941723446613,0.03142426098446613,0.02629730785946613,-0.0012905827655338717,-0.03522612964053387,-0.04377105151553387,-0.03913237964053387,-0.03083159839053387,-0.04303862964053387,-0.06867339526553387,-0.07550933276553387,-0.06037261401553387,-0.04425933276553387,-0.03742339526553387,-0.04084136401553387,-0.04963042651553387,-0.04401519214053387,-0.02326323901553387,-0.005685114015533872,-0.004464410890533872,0.0031039484844661283,0.01579926098446613,0.01286957348446613,0.005545354734466128,0.01775238598446613,0.04704926098446613,0.04704926098446613,0.05510590160946613,0.04997894848446613,0.05461762035946613,0.06658051098446613,0.07268402660946613,0.06413910473446613,0.03874847973446613,0.02825043285946613,0.03703949535946613,0.03996918285946613,0.02580902660946613,-6.987964053387172e-05,-0.02668120776553387,-0.03595855151553387,-0.02741362964053387,-0.02082183276553387,-0.03131987964053387,-0.05817534839053387,-0.07892730151553387,-0.07721831714053387,-0.05671050464053387,-0.03693511401553387,-0.03547027026553387,-0.04499175464053387,-0.05182769214053387,-0.03522612964053387,-0.0020230046405338717,0.01238129223446613,-0.0010464421405338717,-0.01886870776553387,-0.01715972339053387,0.00847504223446613,0.04826996410946613,0.06780121410946613,0.04997894848446613,0.02190277660946613,0.02361176098446613,0.05217621410946613,0.07707855785946613,0.07854340160946613,0.05608246410946613,0.02922699535946613,0.01677582348446613,0.02800629223446613,0.03801605785946613,0.01970551098446613,-0.005440973390533872,-0.03107573901553387,-0.04206206714053387,-0.02912261401553387,-0.02912261401553387,-0.04279448901553387,-0.07721831714053387,6.421459774737915e-05,-0.08039214526553387,-0.05378081714053387,-0.04059722339053387,-0.04572417651553387,-0.06281402026553387,-0.06720855151553387,-0.03913237964053387,0.007498479734466128,0.02873871410946613,0.01970551098446613,0.006766057859466128,0.0031039484844661283,0.00896332348446613,0.02263519848446613,0.03533051098446613,0.03923676098446613,0.03850433910946613,0.05071137035946613,0.06951019848446613,0.07048676098446613,0.05705902660946613,0.04924652660946613,0.04826996410946613,0.05266449535946613,0.03899262035946613,0.0028598078594661283,0.0023715266094661283,0.0023715266094661283,0.01775238598446613,0.0021273859844661283,-0.03522612964053387,-0.06574370776553387,-0.07184722339053387,-0.05182769214053387,-0.02912261401553387,-0.03620269214053387,-0.05646636401553387,-0.06525542651553387,-0.05964019214053387,-0.04010894214053387,-0.01789214526553387,0.0013949641094661283,0.006766057859466128,-0.01154448901553387,-0.03180816089053387,-0.02912261401553387,0.00993988598446613,0.05461762035946613,0.06316254223446613,0.03362152660946613,0.00969574535946613,0.03166840160946613,0.06633637035946613,0.07414887035946613,0.06828949535946613,0.05803558910946613,0.05705902660946613,0.07683441723446613,6.421459774737915e-05,6.421459774737915e-05,0.06633637035946613,0.03337738598446613,0.01701996410946613,0.004324651609466128,0.0006625422344661283,-6.987964053387172e-05,-0.01715972339053387,-0.06134917651553387,-0.06134917651553387,-0.06354644214053387,-0.06281402026553387,-0.05817534839053387,-0.06232573901553387,-0.06281402026553387,-0.05915191089053387,-0.05231597339053387,-0.03986480151553387,-0.03131987964053387,-0.02546050464053387,-0.01691558276553387,-0.02546050464053387,-0.03717925464053387,-0.02399566089053387,0.007010198484466128,0.02483246410946613,0.01701996410946613,-0.00812652026553387,-0.02765777026553387,-0.00812652026553387,0.04241058910946613,0.07390472973446613,0.06389496410946613,0.02873871410946613,0.0018832453594661283,0.0011508234844661283,0.02239105785946613,0.03923676098446613,0.03069183910946613,-0.01618316089053387,-0.01618316089053387,-0.01667144214053387,-0.00861480151553387,-0.01764800464053387,-0.03058745776553387,-0.04181792651553387,-0.04401519214053387,-0.03156402026553387,-0.02912261401553387,-0.05036284839053387,-0.05036284839053387,-0.04621245776553387,-0.03254058276553387,-0.02277495776553387,-0.01691558276553387,-0.01154448901553387,-0.00788237964053387,-0.007638239015533872,-0.00837066089053387,-0.0010464421405338717,0.00993988598446613,0.01116058910946613,0.01409027660946613,0.02532074535946613,0.03020355785946613,0.02702972973446613,0.02410004223446613,0.02702972973446613,0.02873871410946613,0.02507660473446613,0.02483246410946613,0.02947113598446613,0.02629730785946613,0.02190277660946613,0.01335785473446613,0.01433441723446613,0.01604340160946613,0.01067230785946613,0.004080510984466128,0.007010198484466128,0.01653168285946613,0.01579926098446613,-6.987964053387172e-05,-0.01300933276553387,-0.01007964526553387,-0.0032437077655338717,0.006766057859466128,0.00969574535946613,0.006277776609466128,-0.006661676515533872,-0.01398589526553387,-0.01398589526553387,-0.0012905827655338717,0.01140472973446613,0.01042816723446613,-0.004464410890533872,-0.01496245776553387,-0.01130034839053387,-0.0025112858905338717,-6.987964053387172e-05,-0.004952692140533872,-0.004952692140533872,-0.01203277026553387,-0.01789214526553387,-0.01496245776553387,-0.004464410890533872,-0.0005581608905338717,-0.005929254640533872,-0.01642730151553387,-0.01593902026553387,-0.0027554265155338717,0.006521917234466128,0.0028598078594661283,-0.006417535890533872,-0.01520659839053387,-0.01349761401553387,-0.0025112858905338717,0.0026156672344661283,-0.0020230046405338717,-0.01007964526553387,-0.01642730151553387,-0.0008023015155338717,-0.0008023015155338717,-0.0003140202655338717,-0.0037319890155338717,-0.005440973390533872,-0.004464410890533872,-6.987964053387172e-05,0.0033480891094661283,0.005545354734466128,0.006277776609466128,-0.006417535890533872,-0.006417535890533872,-0.01032378589053387,-0.00812652026553387,0.0035922297344661283,0.00798676098446613,0.0016391047344661283,0.004812932859466128,0.006521917234466128,0.006033635984466128,0.01067230785946613,0.01067230785946613,0.01116058910946613,0.01140472973446613,0.01238129223446613,0.00969574535946613,0.007742620359466128,0.01213715160946613,0.02068207348446613,0.02434418285946613,0.00920746410946613,0.00920746410946613,0.005057073484466128,0.005301214109466128,0.00871918285946613,0.01335785473446613,0.01238129223446613,0.01018402660946613,0.007254339109466128,0.0026156672344661283,0.006521917234466128,0.006521917234466128,0.006277776609466128,0.0035922297344661283,-0.005196832765533872,-0.00910308276553387,0.00920746410946613,0.03557465160946613,0.03581879223446613,-0.003976129640533872,-0.06012847339053387,-0.08112456714053387,-0.04450347339053387,0.01433441723446613,0.03728363598446613,0.005057073484466128,-0.05256011401553387,-0.07819487964053387,-0.05060698901553387,-0.0008023015155338717,0.02532074535946613,0.01091644848446613,-0.02106597339053387,-0.03766753589053387,-0.01886870776553387,0.01897308910946613,0.04265472973446613,0.03069183910946613,0.005057073484466128,0.0033480891094661283,0.02092621410946613,0.03728363598446613,0.005789495359466128,0.005789495359466128,-0.01569487964053387,0.0013949641094661283,0.03826019848446613,0.06609222973446613,0.05705902660946613,0.00945160473446613,-0.03107573901553387,-0.03009917651553387,0.05730316723446613,0.05730316723446613,0.05852387035946613,0.01018402660946613,-0.04352691089053387,-0.04328277026553387,0.006521917234466128,0.06316254223446613,0.07097504223446613,0.01701996410946613,-0.04743316089053387,-0.06452300464053387,-0.01740386401553387,0.04900238598446613,0.06584808910946613,0.01311371410946613,-0.04499175464053387,-0.05011870776553387,-0.01618316089053387,0.02214691723446613,0.02825043285946613,-0.02716948901553387,-0.02716948901553387,-0.03547027026553387,-0.01960112964053387,0.0011508234844661283,0.01286957348446613,0.007254339109466128,-0.00885894214053387,-0.02741362964053387,-0.02692534839053387,0.00896332348446613,0.00896332348446613,0.004080510984466128,-0.00934722339053387,-0.01252105151553387,-0.01227691089053387,-0.006905817140533872,-0.004464410890533872,-0.00983550464053387,-0.01032378589053387,0.005545354734466128,0.005545354734466128,0.0004184016094661283,-0.01984527026553387,-0.03791167651553387,-0.03717925464053387,-0.01935698901553387,-0.01032378589053387,-0.00788237964053387,-0.01227691089053387,-0.03644683276553387,-0.06501128589053387,-0.06330230151553387,-0.03302886401553387,0.0004184016094661283,0.01799652660946613,-0.01203277026553387,-0.06525542651553387,-0.06916167651553387,-0.03131987964053387,-6.987964053387172e-05,-0.005196832765533872,-0.005196832765533872,-0.02912261401553387,-0.04255034839053387,-0.02839019214053387,-0.0015347233905338717,0.02629730785946613,0.04192230785946613,0.01213715160946613,-0.03400542651553387,-0.0032437077655338717,-0.0032437077655338717,0.03826019848446613,0.04241058910946613,0.01091644848446613,-0.02619292651553387,-0.02619292651553387,0.00896332348446613,0.03655121410946613,0.03362152660946613,-0.02228667651553387,-0.02228667651553387,-0.01178862964053387,0.02019379223446613,0.04485199535946613,0.04900238598446613,0.02556488598446613,-0.01105620776553387,-0.01325347339053387,0.01994965160946613,0.06804535473446613,0.06804535473446613,0.03044769848446613,-0.00910308276553387,-0.01691558276553387,0.0013949641094661283,0.03459808910946613,0.05559418285946613,0.03337738598446613,-0.01007964526553387,-0.02961089526553387,-0.01911284839053387,0.00993988598446613,0.04314301098446613,0.03508637035946613,-0.02497222339053387,-0.06647612964053387,-0.04401519214053387,0.01799652660946613,0.06145355785946613,0.03679535473446613,-0.04840972339053387,-0.04840972339053387,-0.02985503589053387,0.02141449535946613,0.05437347973446613,0.03728363598446613,-0.0034878483905338717,-0.03791167651553387,-0.03376128589053387,0.0031039484844661283,0.05046722973446613,0.05046722973446613,0.02019379223446613,-0.02375152026553387,-0.04108550464053387,-0.00959136401553387,0.04118988598446613,0.06682465160946613,0.03142426098446613,-0.02228667651553387,-0.0003140202655338717,-0.0003140202655338717,0.03996918285946613,0.05779144848446613,0.02849457348446613,-0.01447417651553387,-0.04132964526553387,-0.02961089526553387,0.0038363703594661283,0.02580902660946613,0.02361176098446613,-0.03083159839053387,-0.03083159839053387,-0.03376128589053387,-0.01789214526553387,-0.0005581608905338717,0.00920746410946613,0.0023715266094661283,-0.006417535890533872,-0.0034878483905338717,0.0009066828594661283,-0.0029995671405338717,-0.0029995671405338717,0.0028598078594661283,0.01238129223446613,0.01311371410946613,0.0018832453594661283,-0.01178862964053387,-0.01007964526553387,0.0011508234844661283,0.00823090160946613,0.01164887035946613,0.01164887035946613,0.01189301098446613,-0.00885894214053387,-0.02716948901553387,-0.00959136401553387,0.02629730785946613,0.03118012035946613,0.01409027660946613,-0.0005581608905338717,-0.01007964526553387,0.01970551098446613,0.01970551098446613,0.03166840160946613,0.02483246410946613,0.007742620359466128,-0.0037319890155338717,-0.01838042651553387,-0.01715972339053387,0.006766057859466128,0.02092621410946613,-0.0027554265155338717,-0.0027554265155338717,-0.0005581608905338717,0.004324651609466128,-0.00788237964053387,-0.01545073901553387,0.00017426098446612828,0.01213715160946613,0.005545354734466128,0.0038363703594661283,0.007010198484466128,-0.0015347233905338717,-0.00983550464053387,-0.00983550464053387,0.0013949641094661283,0.005545354734466128,0.0009066828594661283,-0.005196832765533872,-0.01886870776553387,-0.03693511401553387,-0.02741362964053387,0.0018832453594661283,-0.01325347339053387,-0.01325347339053387,-0.03571441089053387,-0.02594878589053387,-0.01740386401553387,-0.02546050464053387,-0.02179839526553387,0.004080510984466128,0.01360199535946613,-0.01423003589053387,-0.03766753589053387,-0.02497222339053387,-0.01398589526553387,-0.02375152026553387,-0.01667144214053387,-0.01667144214053387,-0.00885894214053387,-0.00861480151553387,-0.01227691089053387,-0.01764800464053387,-0.02643706714053387,-0.03302886401553387,-0.02131011401553387,-0.004952692140533872,-0.006417535890533872,-0.01862456714053387,-0.004220270265533872,-0.004220270265533872,-0.004952692140533872,-0.02448394214053387,-0.02570464526553387,0.0016391047344661283,0.02458832348446613,0.01164887035946613,-0.01349761401553387,-0.01203277026553387,0.007254339109466128,0.01238129223446613,0.006766057859466128,0.006766057859466128,0.02434418285946613,0.01433441723446613,-0.01300933276553387,-0.01300933276553387,0.01726410473446613,0.03166840160946613,0.01726410473446613,0.0006625422344661283,0.006033635984466128,0.01921722973446613,0.01091644848446613,0.01091644848446613,0.004568792234466128,0.01726410473446613,0.03044769848446613,0.02849457348446613,0.01457855785946613,0.01311371410946613,0.02190277660946613,0.03044769848446613,0.03020355785946613,0.02654144848446613,0.03288910473446613,0.03508637035946613,0.02361176098446613,0.0023715266094661283,0.03044769848446613,0.03044769848446613,0.04118988598446613,0.02629730785946613,0.01091644848446613,0.01067230785946613,0.00871918285946613,0.00017426098446612828,0.00017426098446612828,0.0026156672344661283,0.006277776609466128,0.00823090160946613,-0.003976129640533872,-0.01813628589053387,-0.01691558276553387,-0.0034878483905338717,-0.01276519214053387,-0.01276519214053387,-0.02375152026553387,-0.01105620776553387,0.01384613598446613,0.01409027660946613,-0.01178862964053387,-0.02472808276553387,-0.00983550464053387,0.01262543285946613,0.01409027660946613,-0.0010464421405338717,-0.0010464421405338717,-0.00837066089053387,-0.006905817140533872,0.0006625422344661283,0.0035922297344661283,0.007010198484466128,0.006766057859466128,-0.00837066089053387,-0.03205230151553387,-0.01349761401553387,-0.01349761401553387,0.0038363703594661283,-0.0034878483905338717,-0.03156402026553387,-0.05451323901553387,-0.05060698901553387,-0.01130034839053387,0.02434418285946613,0.01409027660946613,-0.03107573901553387,-0.07135894214053387,-0.01911284839053387,-0.01911284839053387,0.02165863598446613,0.01726410473446613,-0.02301909839053387,-0.05402495776553387,-0.04963042651553387,-0.01740386401553387,0.02117035473446613,0.02434418285946613,-0.03669097339053387,-0.03669097339053387,-0.03669097339053387,-0.0032437077655338717,0.02751801098446613,0.01994965160946613,-0.00959136401553387,-0.01227691089053387,0.0011508234844661283,0.006277776609466128,0.00993988598446613,0.01897308910946613,0.01897308910946613,0.02141449535946613,0.01994965160946613,0.00969574535946613,-0.0037319890155338717,-0.0015347233905338717,0.02043793285946613,0.04021332348446613,0.03484222973446613,0.005545354734466128,0.005545354734466128,0.007742620359466128,0.00896332348446613,0.01799652660946613,0.03288910473446613,0.03386566723446613,0.02190277660946613,0.00847504223446613,-0.0027554265155338717,0.01482269848446613,0.01482269848446613,0.02458832348446613,0.01628754223446613,-0.004464410890533872,-0.01960112964053387,-0.01715972339053387,-0.0020230046405338717,0.006277776609466128,0.0006625422344661283,-0.01593902026553387,-0.02497222339053387,-0.02253081714053387,-0.02253081714053387,-0.02839019214053387,-0.02790191089053387,-0.01252105151553387,0.0006625422344661283,-0.005196832765533872,-0.02033355151553387,-0.01789214526553387,-0.007638239015533872,0.006277776609466128,0.02312347973446613,0.02312347973446613,0.03118012035946613,0.02263519848446613,0.0031039484844661283,-0.007394098390533872,0.007498479734466128,0.02947113598446613,0.04558441723446613,0.03337738598446613,-0.0010464421405338717,-0.01471831714053387,-0.01471831714053387,0.01750824535946613,0.02629730785946613,0.00017426098446612828,-0.02985503589053387,-0.04255034839053387,-0.03449370776553387,-0.01545073901553387,-0.005196832765533872,-0.02204253589053387,-0.02204253589053387,-0.03351714526553387,-0.02912261401553387,-0.02179839526553387,-0.01691558276553387,-0.02472808276553387,-0.03449370776553387,-0.03327300464053387,-0.02228667651553387,-0.006905817140533872,0.01311371410946613,0.00896332348446613,0.00896332348446613,-0.0010464421405338717,0.0021273859844661283,0.02214691723446613,0.03606293285946613,0.03826019848446613,0.03459808910946613,0.03630707348446613,0.03801605785946613,0.03508637035946613,0.03508637035946613,0.04045746410946613,0.04045746410946613,0.03777191723446613,0.02361176098446613,0.00896332348446613,0.01384613598446613,0.03020355785946613,0.03337738598446613,0.00920746410946613,-0.01691558276553387,-0.02668120776553387,-0.02668120776553387,-0.0025112858905338717,0.005057073484466128,-0.00885894214053387,-0.03254058276553387,-0.05329253589053387,-0.04718902026553387,-0.03107573901553387,-0.02472808276553387,-0.02887847339053387,-0.03595855151553387,-0.03107573901553387,-0.004952692140533872,-0.004952692140533872,0.004080510984466128,-0.0025112858905338717,-0.01227691089053387,-0.01252105151553387,0.00969574535946613,0.03972504223446613,0.05144379223446613,0.007254339109466128,0.0038363703594661283,0.0038363703594661283,0.02190277660946613,0.04997894848446613,0.05290863598446613,0.02898285473446613,-0.006173395265533872,-0.02570464526553387,-0.01154448901553387,0.02190277660946613,0.03606293285946613,-0.03742339526553387,-0.03742339526553387,-0.05207183276553387,-0.01960112964053387,0.00920746410946613,0.004324651609466128,-0.02741362964053387,-0.05573394214053387,-0.05793120776553387,-0.04914214526553387,-0.01398589526553387,-0.01398589526553387,-0.01081206714053387,-0.02106597339053387,-0.03229644214053387,-0.02546050464053387,-0.0034878483905338717,0.01701996410946613,0.02410004223446613,0.01238129223446613,-0.0017788640155338717,0.00920746410946613,0.05925629223446613,0.05193207348446613,0.05193207348446613,0.02727387035946613,0.006277776609466128,0.005057073484466128,0.02190277660946613,0.03435394848446613,0.02556488598446613,0.0031039484844661283,0.007742620359466128,0.00017426098446612828,0.01799652660946613,-0.01300933276553387,-0.03742339526553387,-0.03717925464053387,-0.02008941089053387,-0.00934722339053387,-0.00934722339053387,-0.01813628589053387,-0.03620269214053387,-0.05329253589053387,-0.05939605151553387,-0.04303862964053387,-0.00861480151553387,0.01775238598446613,0.00969574535946613,-0.01935698901553387,-0.02692534839053387,-6.987964053387172e-05,0.03386566723446613,0.04167816723446613,0.02800629223446613,0.02800629223446613,0.02458832348446613,0.03508637035946613,0.04485199535946613,0.04314301098446613,0.02922699535946613,0.01970551098446613,0.02312347973446613,0.02287933910946613,0.02678558910946613,0.02678558910946613,0.02898285473446613,0.01628754223446613,-0.00959136401553387,-0.01496245776553387,-0.01105620776553387,-0.00812652026553387,-0.005929254640533872,-0.01618316089053387,-0.03742339526553387,-0.03693511401553387,-0.03693511401553387,-0.02106597339053387,-0.00837066089053387,-0.00959136401553387,-0.00812652026553387,-0.0015347233905338717,0.0038363703594661283,0.0033480891094661283,-0.0010464421405338717,0.007010198484466128,0.007010198484466128,0.01677582348446613,0.02361176098446613,0.02214691723446613,0.00896332348446613,-0.01300933276553387,-0.02082183276553387,-0.00788237964053387,0.007498479734466128,0.00969574535946613,0.00969574535946613,-0.005929254640533872,-0.02228667651553387,-0.03302886401553387,-0.02668120776553387,-0.01130034839053387,-0.01178862964053387,-0.03278472339053387,-0.05158355151553387,-0.05133941089053387,-0.02961089526553387,0.004812932859466128,-0.0034878483905338717,-0.0034878483905338717,-0.01007964526553387,-0.004952692140533872,-6.987964053387172e-05,0.01018402660946613,0.03069183910946613,0.03777191723446613,0.03288910473446613,0.00017426098446612828,0.01897308910946613,0.01824066723446613,0.01311371410946613,0.01311371410946613,0.01238129223446613,0.02336762035946613,0.03069183910946613,0.006766057859466128,-0.01764800464053387,-0.01423003589053387,0.007010198484466128,0.01238129223446613,-0.02350737964053387,-0.02350737964053387,-0.03815581714053387,-0.04328277026553387,-0.02814605151553387,-0.005929254640533872,0.00847504223446613,-0.0027554265155338717,-0.01886870776553387,-0.01740386401553387,-0.004220270265533872,0.02556488598446613,0.02605316723446613,0.02605316723446613,0.02141449535946613,0.02263519848446613,0.02702972973446613,0.02702972973446613,0.01726410473446613,0.0035922297344661283,-0.0012905827655338717,0.004080510984466128,0.02336762035946613,0.01262543285946613,0.01262543285946613,-0.01081206714053387,-0.02692534839053387,-0.01813628589053387,-0.004220270265533872,-0.00861480151553387,-0.02131011401553387,-0.03424956714053387,-0.04914214526553387,-0.05060698901553387,-0.007149957765533872,-0.007149957765533872,-0.01105620776553387,-0.02057769214053387,-0.01789214526553387,-0.006661676515533872,0.006521917234466128,0.02239105785946613,0.03240082348446613,0.02702972973446613,0.01506683910946613,0.01506683910946613,0.01824066723446613,0.02019379223446613,0.02043793285946613,0.02263519848446613,0.01848480785946613,0.0038363703594661283,-0.0034878483905338717,-0.0010464421405338717,-0.0029995671405338717,-0.0008023015155338717,-0.01423003589053387,-0.01423003589053387,-0.01496245776553387,-0.02228667651553387,-0.02716948901553387,-0.01911284839053387,-0.005685114015533872,-0.003976129640533872,-0.01252105151553387,-0.01252105151553387,0.00017426098446612828,0.01824066723446613,0.02068207348446613,0.02410004223446613,0.02873871410946613,0.02873871410946613,0.03044769848446613,0.01799652660946613,0.00945160473446613,0.00823090160946613,0.01018402660946613,0.01775238598446613,0.01506683910946613,-0.02008941089053387,-0.02912261401553387,-0.02912261401553387,-0.01691558276553387,-0.004952692140533872,-0.01227691089053387,-0.03034331714053387,-0.04059722339053387,-0.03107573901553387,-0.005685114015533872,-0.00983550464053387,-0.01886870776553387,0.007742620359466128,0.007742620359466128,0.02483246410946613,0.01994965160946613,0.0035922297344661283,0.0035922297344661283,0.02043793285946613,0.03410980785946613,0.03581879223446613,0.007010198484466128,-0.0037319890155338717,-0.0037319890155338717,0.0013949641094661283,0.00896332348446613,0.007010198484466128,-0.0020230046405338717,-0.01545073901553387,-0.02399566089053387,-0.02448394214053387,-0.02131011401553387,-0.01252105151553387,-0.02253081714053387,-0.03058745776553387,-0.03058745776553387,-0.02521636401553387,-0.006173395265533872,0.01091644848446613,0.01067230785946613,-0.0022671452655338717,-0.0034878483905338717,0.00945160473446613,0.02141449535946613,0.01848480785946613,0.02043793285946613,0.02043793285946613,0.02165863598446613,0.01824066723446613,0.01409027660946613,0.01262543285946613,0.01457855785946613,0.00945160473446613,-0.00959136401553387,-0.01642730151553387,0.006766057859466128,-0.006173395265533872,-0.006173395265533872,-0.04132964526553387,-0.05622222339053387,-0.02961089526553387,-0.0032437077655338717,0.006033635984466128,-0.005685114015533872,-0.01203277026553387,0.02361176098446613,0.02727387035946613,0.02727387035946613,0.02141449535946613,0.02385590160946613,0.03020355785946613,0.02385590160946613,0.01335785473446613,0.01262543285946613,0.01750824535946613,0.02068207348446613,0.00871918285946613,-0.00788237964053387,-0.004708551515533872,0.00920746410946613,0.00920746410946613,0.0006625422344661283,-0.03278472339053387,-0.05915191089053387,-0.05182769214053387,-0.02057769214053387,0.0006625422344661283,-0.007394098390533872,-0.01960112964053387,-6.987964053387172e-05,-6.987964053387172e-05,0.01872894848446613,0.01872894848446613,0.02043793285946613,0.02654144848446613,0.02825043285946613,0.01897308910946613,0.006766057859466128,0.004812932859466128,0.00945160473446613,-0.0020230046405338717,-0.01325347339053387,-0.01325347339053387,-0.00983550464053387,0.0033480891094661283,0.0004184016094661283,-0.01838042651553387,-0.03522612964053387,-0.03766753589053387,-0.02448394214053387,0.00017426098446612828,-0.01227691089053387,-0.00812652026553387,-0.005440973390533872,-0.005440973390533872,-6.987964053387172e-05,0.01531097973446613,0.02605316723446613,0.03508637035946613,0.03288910473446613,0.02019379223446613,0.01116058910946613,0.02873871410946613,0.02190277660946613,0.02190277660946613,-0.0017788640155338717,-0.02082183276553387,-0.02179839526553387,-0.006905817140533872,0.0006625422344661283,-0.01276519214053387,-0.02839019214053387,-0.04084136401553387,-0.04084136401553387,-0.02863433276553387,0.02556488598446613,0.01750824535946613,0.01750824535946613,-0.00788237964053387,-0.01715972339053387,0.004324651609466128,0.03996918285946613,0.05681488598446613,0.04778168285946613,0.02556488598446613,0.0006625422344661283,0.01360199535946613,0.01360199535946613,0.03508637035946613,0.03288910473446613,0.00823090160946613,-0.01935698901553387,-0.02936675464053387,-0.01618316089053387,-6.987964053387172e-05,0.0004184016094661283,-0.02936675464053387,-0.04255034839053387,-0.03205230151553387,-0.03205230151553387,-0.005929254640533872,0.01921722973446613,0.02922699535946613,0.01750824535946613,-6.987964053387172e-05,-0.0010464421405338717,0.02117035473446613,0.02434418285946613,-0.0012905827655338717,-0.0012905827655338717,-0.01105620776553387,-0.0012905827655338717,0.01286957348446613,0.004080510984466128,-0.02179839526553387,-0.05353667651553387,-0.07160308276553387,-0.06403472339053387,-0.04352691089053387,0.006766057859466128,0.0018832453594661283,0.0018832453594661283,-0.01715972339053387,-0.02912261401553387,-0.01227691089053387,0.02019379223446613,0.03752777660946613,0.02751801098446613,0.02385590160946613,0.02214691723446613,0.005057073484466128,0.005057073484466128,0.01604340160946613,0.01604340160946613,0.02019379223446613,-0.004464410890533872,-0.04938628589053387,-0.06086089526553387,-0.02936675464053387,0.0028598078594661283,-0.0032437077655338717,-0.04792144214053387,-0.04621245776553387,-0.007394098390533872,-0.004220270265533872,-0.004220270265533872,-0.02228667651553387,-0.03473784839053387,-0.02179839526553387,-0.005685114015533872,-0.006905817140533872,-0.01178862964053387,-0.0037319890155338717,0.00847504223446613,0.005789495359466128,0.00969574535946613,0.00969574535946613,0.01897308910946613,0.02458832348446613,0.01042816723446613,-0.00934722339053387,0.00017426098446612828,0.03240082348446613,0.04704926098446613,-0.0015347233905338717,-0.01105620776553387,-0.01105620776553387,0.0021273859844661283,0.01775238598446613,0.02507660473446613,0.01506683910946613,0.006277776609466128,0.00798676098446613,0.01384613598446613,0.02849457348446613,0.03337738598446613,0.01384613598446613,0.006033635984466128,0.006033635984466128,0.01531097973446613,0.03484222973446613,0.05705902660946613,0.04973480785946613,0.01628754223446613,-0.01691558276553387,-0.02057769214053387,0.03435394848446613,0.03874847973446613,0.03874847973446613,0.01286957348446613,-0.02082183276553387,-0.02497222339053387,0.0018832453594661283,0.02947113598446613,0.03801605785946613,0.02507660473446613,0.005057073484466128,0.00823090160946613,0.02385590160946613,0.02678558910946613,0.02678558910946613,0.02043793285946613,0.01482269848446613,0.01262543285946613,0.01848480785946613,0.02434418285946613,0.02239105785946613,0.00969574535946613,0.0038363703594661283,0.01067230785946613,0.01067230785946613,0.01604340160946613,0.00896332348446613,-0.007149957765533872,-0.01740386401553387,-0.01300933276553387,-0.0020230046405338717,0.00871918285946613,0.0026156672344661283,-0.01935698901553387,-0.02912261401553387,-0.01203277026553387,-0.01203277026553387,0.01213715160946613
UR5e_W,0.012059126817673377,0.024510298692673377,0.03671732994267338,0.03452006431767338,0.022313033067673377,0.014744673692673377,0.013523970567673377,0.019139204942673377,0.026463423692673377,0.027439986192673377,0.018895064317673377,0.007664595567673378,0.010594283067673377,0.008885298692673377,-0.0011244669323266223,-0.008936966932326623,-0.011622513807326623,-0.008692826307326623,-0.008692826307326623,-0.007472123182326622,-0.014308060682326623,-0.021876420057326623,-0.024806107557326623,-0.021143998182326623,-0.015528763807326623,-0.015528763807326623,-0.025294388807326623,-0.029200638807326623,-0.023585404432326623,-0.023585404432326623,-0.018214310682326623,-0.018702591932326623,-0.020899857557326623,-0.025538529432326623,-0.022364701307326623,-0.014308060682326623,-0.010401810682326623,-0.012843216932326623,-0.015040482557326623,-0.015040482557326623,-0.013819779432326623,-0.009181107557326623,-0.0033217325573266223,9.623619267337766e-05,-0.0008803263073266223,-0.005274857557326622,-0.0033217325573266223,-0.00014790443232662234,0.0022935018176733777,0.0022935018176733777,0.0032700643176733777,0.0032700643176733777,0.007420454942673378,0.010350142442673377,0.009129439317673377,0.006199751817673378,0.004734908067673378,0.006199751817673378,0.014744673692673377,0.012791548692673377,9.623619267337766e-05,0.011326704942673377,0.009617720567673377,0.007420454942673378,0.007664595567673378,0.006688033067673378,0.006443892442673378,0.011326704942673377,0.015232954942673377,0.009129439317673377,-0.00039204505732662234,-0.004298295057326622,0.0013169393176733777,0.011326704942673377,0.016453658067673377,0.016453658067673377,0.014744673692673377,0.004734908067673378,-0.004786576307326622,-0.00039204505732662234,0.010594283067673377,0.018162642442673377,0.012303267442673377,-0.0018568888073266223,-0.011134232557326623,-0.005518998182326622,0.004734908067673378,0.008641158067673377,0.005955611192673378,-0.004054154432326622,-0.008936966932326623,-0.006495560682326622,0.0020493611926733777,0.004490767442673378,-0.008692826307326623,-0.007716263807326622,-0.0008803263073266223,-0.0021010294323266223,-0.008692826307326623,-0.006007279432326622,-0.0006361856823266223,-0.0006361856823266223,0.0013169393176733777,-0.0006361856823266223,-0.010401810682326623,-0.014552201307326623,-0.0028334513073266223,-0.00014790443232662234,-0.004298295057326622,-0.012599076307326623,-0.013819779432326623,-0.013819779432326623,-0.006251420057326622,0.0022935018176733777,0.005955611192673378,-0.005274857557326622,-0.009669388807326623,-0.0023451700573266223,-0.0018568888073266223,-0.006251420057326622,-0.013331498182326623,-0.013331498182326623,-0.015040482557326623,-0.009913529432326623,-0.007227982557326622,-0.006007279432326622,-0.009669388807326623,-0.0028334513073266223,0.004490767442673378,0.0032700643176733777,-0.0013686075573266223,-0.0013686075573266223,-0.0025893106823266223,-0.005030716932326622,-0.0008803263073266223,0.005711470567673378,0.008152876817673377,0.006688033067673378,0.008885298692673377,0.011570845567673377,0.015477095567673377,0.015477095567673377,0.015721236192673377,0.009861861192673377,0.008641158067673377,0.012059126817673377,0.008641158067673377,0.017918501817673377,0.018406783067673377,0.0037583455676733777,0.0015610799426733777,0.0015610799426733777,0.012059126817673377,0.022801314317673377,0.024022017442673377,0.010594283067673377,0.004490767442673378,0.015477095567673377,0.018162642442673377,0.010838423692673377,-0.004054154432326622,-0.004054154432326622,-0.011622513807326623,-0.004786576307326622,0.004002486192673378,0.006199751817673378,-0.011622513807326623,-0.024317826307326623,-0.018946732557326623,-0.0018568888073266223,0.0005845174426733777,0.0005845174426733777,-0.020655716932326623,-0.04799946693232662,-0.05874165443232662,-0.04775532630732662,-0.030421341932326623,-0.03945454505732662,-0.06386860755732662,-0.06338032630732662,-0.03798970130732662,-0.011134232557326623,-0.011134232557326623,-0.008936966932326623,-0.030421341932326623,-0.04873188880732662,-0.04677876380732662,0.011570845567673377,0.016209517442673377,-0.0006361856823266223,-0.016017045057326623,-0.005518998182326622,-0.005518998182326622,0.019139204942673377,0.03647318931767338,0.03720561119267338,0.024510298692673377,0.014744673692673377,0.04184428306767338,0.05258647056767338,0.04355326744267338,0.03134623619267338,0.018406783067673377,0.018406783067673377,0.016209517442673377,0.030125533067673377,0.04843607994267338,0.04965678306767338,0.022313033067673377,0.019871626817673377,0.029881392442673377,0.04282084556767338,0.03989115806767338,0.03989115806767338,0.025486861192673377,0.015721236192673377,0.011326704942673377,0.015721236192673377,0.018406783067673377,0.005467329942673378,-0.009181107557326623,-0.011134232557326623,-0.0030775919323266223,-0.0030775919323266223,0.0032700643176733777,0.0015610799426733777,-0.013819779432326623,-0.029688920057326623,-0.014063920057326623,-0.008692826307326623,-0.018214310682326623,-0.03554829505732662,-0.04018696693232662,-0.04018696693232662,-0.028224076307326623,-0.016749466932326623,-0.018702591932326623,-0.03432759193232662,-0.03213032630732662,-0.011134232557326623,0.009373579942673377,0.008397017442673377,-0.011866654432326623,-0.011866654432326623,-0.03261860755732662,-0.026759232557326623,-0.0021010294323266223,0.014988814317673377,0.005467329942673378,-0.004298295057326622,-0.0033217325573266223,0.011082564317673377,0.020604048692673377,0.020604048692673377,0.008641158067673377,-0.011866654432326623,-0.011622513807326623,0.004734908067673378,0.030369673692673377,0.027195845567673377,0.013035689317673377,0.0008286580676733777,-0.0030775919323266223,-0.0030775919323266223,0.0035142049426733777,0.010594283067673377,0.012547408067673377,0.0035142049426733777,-0.009669388807326623,0.006199751817673378,0.017674361192673377,0.008885298692673377,-0.007227982557326622,-0.007227982557326622,-0.016993607557326623,-0.020167435682326623,-0.015284623182326623,-0.00039204505732662234,0.0015610799426733777,-0.015284623182326623,-0.025294388807326623,-0.018214310682326623,-0.0038100138073266223,-0.0038100138073266223,0.005955611192673378,0.0015610799426733777,-0.016505326307326623,-0.03237446693232662,-0.021632279432326623,0.014256392442673377,0.0020493611926733777,-0.010890091932326623,-0.007960404432326623,0.004002486192673378,0.004002486192673378,0.012547408067673377,0.012791548692673377,0.006688033067673378,-0.0030775919323266223,0.017674361192673377,0.03525248619267338,0.03305522056767338,0.012059126817673377,-0.006007279432326622,-0.006007279432326622,-0.0008803263073266223,0.018162642442673377,0.03427592369267338,0.012547408067673377,-0.0023451700573266223,0.0030259236926733777,0.021824751817673377,0.027195845567673377,0.017918501817673377,0.017918501817673377,0.0005845174426733777,-0.017726029432326623,-0.016505326307326623,0.014744673692673377,0.012059126817673377,-0.010157670057326623,-0.030177201307326623,-0.03164204505732662,-0.020411576307326623,-0.020411576307326623,-0.007227982557326622,-0.0008803263073266223,-0.007472123182326622,-0.017970170057326623,-0.011622513807326623,-0.011622513807326623,-0.016749466932326623,-0.022120560682326623,-0.019679154432326623,-0.019679154432326623,-0.017237748182326623,-0.013819779432326623,-0.0021010294323266223,0.007420454942673378,-0.004298295057326622,-0.011622513807326623,-0.014063920057326623,-0.014063920057326623,-0.0023451700573266223,-0.0023451700573266223,0.012059126817673377,0.017430220567673377,0.014012251817673377,-0.011134232557326623,-0.005763138807326622,0.005467329942673378,0.014500533067673377,0.019627486192673377,0.019627486192673377,0.011082564317673377,-0.0023451700573266223,0.00034037681767337766,0.014988814317673377,0.016209517442673377,0.0015610799426733777,-0.011622513807326623,-0.004054154432326622,0.006932173692673378,0.013279829942673377,0.013279829942673377,0.015965376817673377,0.0027817830676733777,-0.012110795057326623,0.008641158067673377,0.014744673692673377,0.006443892442673378,-0.0025893106823266223,-0.005763138807326622,-0.0008803263073266223,-0.0008803263073266223,0.008152876817673377,0.011570845567673377,0.004246626817673378,-0.014063920057326623,-0.010401810682326623,0.0035142049426733777,0.012791548692673377,0.014744673692673377,0.010594283067673377,0.010594283067673377,0.0008286580676733777,-0.005030716932326622,0.0015610799426733777,0.010838423692673377,0.006932173692673378,0.004490767442673378,0.012791548692673377,0.015965376817673377,0.015965376817673377,0.008397017442673377,0.0020493611926733777,0.0010727986926733777,0.0037583455676733777,-0.006251420057326622,-0.008448685682326623,-0.007716263807326622,-0.004542435682326622,-0.005518998182326622,-0.016261185682326623,-0.016261185682326623,-0.030177201307326623,-0.03408345130732662,-0.030177201307326623,-0.014552201307326623,-0.017237748182326623,-0.023097123182326623,-0.025294388807326623,-0.028712357557326623,-0.027491654432326623,-0.027491654432326623,-0.018458451307326623,-0.010890091932326623,-0.007472123182326622,-0.008448685682326623,-0.010645951307326623,-0.008204545057326623,-0.011378373182326623,-0.010645951307326623,0.006932173692673378,0.006932173692673378,0.023045454942673377,0.019139204942673377,0.017674361192673377,0.023777876817673377,0.017430220567673377,0.015721236192673377,0.021092329942673377,0.029148970567673377,0.03427592369267338,0.03427592369267338,0.03232279869267338,0.021092329942673377,0.019627486192673377,0.025731001817673377,0.025242720567673377,0.017918501817673377,0.006932173692673378,0.007176314317673378,0.021580611192673377,0.021580611192673377,0.024510298692673377,0.006443892442673378,-0.013331498182326623,-0.020899857557326623,-0.008936966932326623,-0.0028334513073266223,-0.0008803263073266223,-0.009425248182326623,-0.022608841932326623,-0.022608841932326623,-0.030177201307326623,-0.026026810682326623,-0.009425248182326623,-0.007960404432326623,-0.03945454505732662,-0.03481587318232662,-0.022364701307326623,-0.010890091932326623,-0.011134232557326623,-0.011134232557326623,-0.015284623182326623,-0.017726029432326623,-0.019190873182326623,-0.013575638807326623,0.006688033067673378,0.010594283067673377,0.009861861192673377,0.009373579942673377,0.007420454942673378,0.007420454942673378,0.011326704942673377,0.020115767442673377,0.030125533067673377,0.03793803306767338,0.011326704942673377,-0.0025893106823266223,0.008641158067673377,0.03207865806767338,0.03989115806767338,0.03989115806767338,0.027684126817673377,0.010106001817673377,-0.0033217325573266223,-0.008936966932326623,0.011570845567673377,0.004246626817673378,-0.011866654432326623,-0.018946732557326623,-0.014308060682326623,-0.014308060682326623,-0.0011244669323266223,0.008152876817673377,0.0013169393176733777,-0.021143998182326623,-0.031153763807326623,-0.009181107557326623,0.006932173692673378,0.004734908067673378,-0.015528763807326623,-0.015528763807326623,-0.03286274818232662,-0.018214310682326623,0.008397017442673377,0.016453658067673377,-0.0006361856823266223,-0.006251420057326622,0.0005845174426733777,0.018895064317673377,0.024998579942673377,0.024998579942673377,0.018650923692673377,0.004246626817673378,-0.006983841932326622,-0.004786576307326622,0.03403178306767338,0.024022017442673377,-0.0033217325573266223,-0.022364701307326623,-0.021388138807326623,-0.021388138807326623,-0.008448685682326623,0.0018052205676733777,0.0025376424426733777,-0.008448685682326623,-0.030665482557326623,-0.03628071693232662,-0.029200638807326623,-0.010157670057326623,-0.0013686075573266223,-0.0013686075573266223,-0.007960404432326623,-0.023097123182326623,-0.03408345130732662,-0.028712357557326623,-0.016505326307326623,-0.006739701307326622,0.0030259236926733777,0.0035142049426733777,-0.0016127481823266223,-0.0016127481823266223,-0.00039204505732662234,0.012303267442673377,0.023289595567673377,0.023045454942673377,0.022557173692673377,0.023289595567673377,0.024022017442673377,0.031102095567673377,0.03403178306767338,0.021336470567673377,0.017186079942673377,0.017186079942673377,0.026707564317673377,0.03842631431767338,0.04404154869267338,0.03183451744267338,0.0037583455676733777,-0.006251420057326622,0.023289595567673377,0.03427592369267338,0.019383345567673377,-0.005274857557326622,-0.028468216932326623,-0.028468216932326623,-0.03335102943232662,-0.012110795057326623,0.009129439317673377,-0.024561966932326623,-0.04189595130732662,-0.04287251380732662,-0.03579243568232662,-0.020411576307326623,-0.010157670057326623,-0.010157670057326623,-0.012843216932326623,-0.021876420057326623,-0.021876420057326623,-0.008204545057326623,-0.0035658731823266223,0.0025376424426733777,0.006688033067673378,0.011326704942673377,0.018650923692673377,0.018650923692673377,0.017186079942673377,0.0025376424426733777,-0.009913529432326623,-0.0008803263073266223,0.03427592369267338,0.03329936119267338,0.0032700643176733777,-0.027735795057326623,-0.028468216932326623,-0.028468216932326623,-0.004054154432326622,0.016941939317673377,0.017918501817673377,-0.0028334513073266223,-0.03506001380732662,-0.017970170057326623,0.010594283067673377,0.018650923692673377,-0.0038100138073266223,-0.0038100138073266223,-0.03286274818232662,-0.04799946693232662,-0.04238423255732662,-0.015040482557326623,0.005955611192673378,-0.009425248182326623,-0.012354935682326623,0.00034037681767337766,0.007420454942673378,0.012303267442673377,0.012303267442673377,0.018406783067673377,0.023045454942673377,0.024754439317673377,0.04037943931767338,0.04135600181767338,0.03427592369267338,0.024754439317673377,0.021824751817673377,0.024266158067673377,0.024266158067673377,0.024998579942673377,0.018895064317673377,0.007176314317673378,0.011326704942673377,0.019383345567673377,0.013523970567673377,-0.0038100138073266223,-0.008936966932326623,-0.00014790443232662234,-0.00014790443232662234,0.0025376424426733777,-0.004786576307326622,-0.018458451307326623,-0.03921040443232662,-0.03945454505732662,-0.028468216932326623,-0.017970170057326623,-0.016261185682326623,-0.018214310682326623,-0.018214310682326623,-0.020655716932326623,-0.024073685682326623,-0.017726029432326623,0.012303267442673377,0.006688033067673378,-0.0011244669323266223,-0.0011244669323266223,0.008885298692673377,0.012547408067673377,0.012547408067673377,0.007176314317673378,0.0018052205676733777,0.004734908067673378,0.006443892442673378,-0.011622513807326623,-0.010890091932326623,0.010106001817673377,0.023045454942673377,0.011570845567673377,0.011570845567673377,-0.010401810682326623,-0.018946732557326623,-0.012843216932326623,-0.005518998182326622,-0.015772904432326623,-0.022852982557326623,-0.021876420057326623,-0.014796341932326623,-0.013331498182326623,-0.012110795057326623,-0.012110795057326623,-0.010401810682326623,-0.006007279432326622,0.0022935018176733777,0.0030259236926733777,0.014256392442673377,0.018650923692673377,0.015721236192673377,0.018895064317673377,0.029148970567673377,0.029148970567673377,0.03476420494267338,0.028904829942673377,0.026463423692673377,0.022313033067673377,0.017918501817673377,0.007176314317673378,0.012547408067673377,0.023777876817673377,0.025242720567673377,0.025242720567673377,0.011326704942673377,-0.0033217325573266223,-0.0018568888073266223,0.028416548692673377,0.011082564317673377,-0.025050248182326623,-0.05068501380732662,-0.03774556068232662,0.0015610799426733777,0.0015610799426733777,0.020848189317673377,0.004490767442673378,-0.022120560682326623,-0.03872212318232662,-0.0008803263073266223,0.031102095567673377,0.029637251817673377,-0.004054154432326622,-0.027979935682326623,-0.019923295057326623,0.008397017442673377,0.008397017442673377,0.03183451744267338,0.03378764244267338,0.010106001817673377,-0.05092915443232662,-0.028468216932326623,0.007908736192673377,0.023533736192673377,0.0013169393176733777,-0.03579243568232662,-0.03579243568232662,-0.04262837318232662,-0.013575638807326623,0.015965376817673377,-0.028712357557326623,-0.05874165443232662,-0.04848774818232662,-0.012110795057326623,0.004734908067673378,-0.008692826307326623,-0.008692826307326623,-0.030177201307326623,-0.028468216932326623,0.0032700643176733777,0.03598490806767338,0.006932173692673378,-0.017481888807326623,-0.013087357557326623,0.014744673692673377,0.04379740806767338,0.04379740806767338,0.04550639244267338,0.016697798692673377,-0.009425248182326623,-0.0013686075573266223,0.023533736192673377,0.04282084556767338,0.03159037681767338,-0.0028334513073266223,-0.015528763807326623,-0.015528763807326623,0.015477095567673377,0.05038920494267338,0.03940287681767338,-0.04848774818232662,-0.04482563880732662,-0.0016127481823266223,0.03696147056767338,0.03183451744267338,-0.006251420057326622,-0.006251420057326622,-0.03164204505732662,-0.022852982557326623,0.012547408067673377,0.04916850181767338,0.015965376817673377,-0.011378373182326623,-0.005763138807326622,0.022557173692673377,0.03598490806767338,0.03598490806767338,0.025975142442673377,-0.009425248182326623,-0.03579243568232662,-0.00014790443232662234,0.028416548692673377,0.017674361192673377,-0.026270951307326623,-0.05532368568232662,-0.03725727943232662,-0.03725727943232662,0.00034037681767337766,0.019383345567673377,-0.009425248182326623,-0.07802876380732662,-0.04531392005732662,0.009861861192673377,0.03354350181767338,0.009373579942673377,-0.03237446693232662,-0.03237446693232662,-0.03579243568232662,0.0025376424426733777,0.03915873619267338,0.013523970567673377,-0.016749466932326623,-0.014796341932326623,0.012059126817673377,0.026219283067673377,0.005711470567673378,0.005711470567673378,-0.022608841932326623,-0.027735795057326623,-0.005763138807326622,0.016209517442673377,0.016453658067673377,-0.03554829505732662,-0.03750142005732662,-0.010645951307326623,0.011814986192673377,0.014500533067673377,-0.007227982557326622,-0.007227982557326622,-0.026759232557326623,-0.021876420057326623,-0.005763138807326622,-0.008692826307326623,-0.021632279432326623,-0.03432759193232662,-0.022852982557326623,0.014256392442673377,0.04990092369267338,0.04990092369267338,0.05160990806767338,0.020115767442673377,-0.018702591932326623,-0.0028334513073266223,0.030857954942673377,0.03915873619267338,0.015477095567673377,-0.012599076307326623,-0.017970170057326623,-0.017970170057326623,0.016697798692673377,9.623619267337766e-05,0.026951704942673377,0.017674361192673377,-0.017237748182326623,-0.019435013807326623,-0.0035658731823266223,0.018895064317673377,0.024022017442673377,0.010838423692673377,-0.009181107557326623,-0.006251420057326622,0.017674361192673377,0.03525248619267338,0.03622904869267338,0.03622904869267338,0.025975142442673377,0.017918501817673377,0.017674361192673377,0.013768111192673377,0.016453658067673377,0.023289595567673377,0.015965376817673377,-0.0028334513073266223,-0.017726029432326623,-0.017726029432326623,-0.021388138807326623,-0.014063920057326623,0.0022935018176733777,0.016453658067673377,-0.00014790443232662234,-0.020411576307326623,-0.027247513807326623,-0.014308060682326623,0.010106001817673377,0.010106001817673377,0.023045454942673377,0.009861861192673377,-0.022852982557326623,-0.03628071693232662,-0.013087357557326623,-0.0021010294323266223,-0.015284623182326623,-0.03872212318232662,-0.04848774818232662,-0.04848774818232662,-0.030177201307326623,0.004002486192673378,0.028416548692673377,-0.021143998182326623,-0.05068501380732662,-0.03554829505732662,0.004002486192673378,0.030125533067673377,0.023533736192673377,0.023533736192673377,-0.0035658731823266223,-0.018946732557326623,-0.008204545057326623,0.03525248619267338,0.03134623619267338,0.011082564317673377,-0.004054154432326622,9.623619267337766e-05,0.016697798692673377,0.016697798692673377,0.025731001817673377,0.014012251817673377,-0.007227982557326622,-0.009181107557326623,0.019383345567673377,0.03134623619267338,0.013279829942673377,-0.015284623182326623,-0.020899857557326623,-0.0033217325573266223,-0.0033217325573266223,0.015477095567673377,0.020848189317673377,-0.010645951307326623,-0.019923295057326623,-0.015284623182326623,-0.00039204505732662234,0.013768111192673377,0.011570845567673377,-0.0038100138073266223,-0.0038100138073266223,-0.014796341932326623,-0.007227982557326622,0.018650923692673377,0.010838423692673377,-0.008692826307326623,-0.016261185682326623,-0.005030716932326622,0.013035689317673377,0.023777876817673377,0.023777876817673377,0.014012251817673377,-0.0023451700573266223,-0.004786576307326622,0.009861861192673377,0.016941939317673377,0.016209517442673377,0.005955611192673378,-0.006983841932326622,-0.007716263807326622,-0.007716263807326622,-0.0021010294323266223,0.004246626817673378,0.0010727986926733777,-0.006983841932326622,-0.008692826307326623,-0.006007279432326622,-0.0038100138073266223,-0.007227982557326622,-0.013331498182326623,-0.013331498182326623,-0.014063920057326623,-0.009913529432326623,-0.006739701307326622,-0.0013686075573266223,-0.006983841932326622,-0.012354935682326623,-0.015040482557326623,-0.013819779432326623,-0.010157670057326623,-0.010157670057326623,-0.0021010294323266223,-0.0013686075573266223,-0.004298295057326622,-0.006739701307326622,-0.0021010294323266223,-0.00014790443232662234,0.0018052205676733777,0.0022935018176733777,0.0022935018176733777,0.0022935018176733777,-0.0018568888073266223,-0.0038100138073266223,9.623619267337766e-05,0.0030259236926733777,0.0008286580676733777,-0.0013686075573266223,-0.0018568888073266223,0.0027817830676733777,0.009129439317673377,0.009129439317673377,0.011326704942673377,0.005223189317673378,-0.0038100138073266223,0.004734908067673378,0.013279829942673377,0.012791548692673377,-0.007472123182326622,-0.029200638807326623,-0.03237446693232662,-0.008692826307326623,-0.008692826307326623,0.020848189317673377,0.028416548692673377,0.022068892442673377,0.03964701744267338,0.06430522056767338,0.06723490806767338,0.03989115806767338,0.010838423692673377,0.010838423692673377,0.010838423692673377,0.03793803306767338,0.05478373619267338,0.008885298692673377,-0.020167435682326623,-0.025294388807326623,-0.010401810682326623,-0.0008803263073266223,-0.008448685682326623,-0.026759232557326623,-0.026759232557326623,-0.04238423255732662,-0.04262837318232662,-0.029688920057326623,-0.016749466932326623,-0.03628071693232662,-0.04970845130732662,-0.04262837318232662,-0.022852982557326623,-0.0025893106823266223,-0.0025893106823266223,-0.0018568888073266223,-0.018946732557326623,-0.03481587318232662,-0.03652485755732662,-0.027735795057326623,-0.023097123182326623,-0.026270951307326623,-0.028224076307326623,-0.022364701307326623,-0.022364701307326623,-0.015528763807326623,-0.017726029432326623,-0.028712357557326623,-0.025782670057326623,-0.010401810682326623,-0.0011244669323266223,-0.006251420057326622,-0.019679154432326623,-0.025294388807326623,-0.025294388807326623,-0.012110795057326623,0.012303267442673377,0.027195845567673377,0.012303267442673377,-0.0021010294323266223,-0.0038100138073266223,0.005223189317673378,0.018895064317673377,0.026951704942673377,0.026951704942673377,0.03793803306767338,0.04819193931767338,0.04184428306767338,0.008885298692673377,0.013523970567673377,0.03329936119267338,0.04062357994267338,0.025242720567673377,0.004002486192673378,0.004002486192673378,-0.005274857557326622,-0.006495560682326622,-0.006251420057326622,0.011326704942673377,0.015477095567673377,0.021092329942673377,0.025242720567673377,0.025486861192673377,0.025731001817673377,0.025731001817673377,0.030613814317673377,0.03183451744267338,0.030125533067673377,0.04575053306767338,0.04599467369267338,0.03232279869267338,0.022557173692673377,0.025731001817673377,0.029637251817673377,0.029637251817673377,0.030613814317673377,0.021824751817673377,-0.006983841932326622,-0.03310688880732662,-0.018458451307326623,-0.015284623182326623,-0.029200638807326623,-0.03969868568232662,-0.03774556068232662,-0.03774556068232662,-0.022608841932326623,0.004490767442673378,0.020115767442673377,0.007420454942673378,-0.018458451307326623,-0.03383931068232662,-0.015528763807326623,0.06967631431767338,0.06967631431767338,0.07748881431767338,0.04892436119267338,9.623619267337766e-05,-0.019435013807326623,-0.05703267005732662,5.93099231421268e-05,5.93099231421268e-05,5.93099231421268e-05,5.93099231421268e-05,5.93099231421268e-05,-0.07119282630732662,-0.05727681068232662,-0.05776509193232662,-0.06948384193232662,-0.04531392005732662,0.0025376424426733777,0.04550639244267338,0.05917826744267338,0.04501811119267338,0.03159037681767338,0.03159037681767338,0.03867045494267338,0.04233256431767338,0.016697798692673377,0.013523970567673377,0.022801314317673377,0.028416548692673377,0.020604048692673377,-0.007960404432326623,-0.05288227943232662,-0.05288227943232662,-0.07851704505732662,-0.05385884193232662,-0.004054154432326622,0.06503764244267338,0.025486861192673377,-0.029444779432326623,-0.03530415443232662,0.016941939317673377,0.07797709556767338,0.07797709556767338,5.93099231421268e-05,0.07407084556767338,0.04184428306767338,0.015721236192673377,0.0030259236926733777,-0.010401810682326623,-0.025538529432326623,-0.03310688880732662,-0.027735795057326623,-0.022608841932326623,-0.022608841932326623,-0.021143998182326623,-0.023341263807326623,-0.03530415443232662,-0.027247513807326623,0.0022935018176733777,0.021580611192673377,0.012303267442673377,-0.009181107557326623,-0.016993607557326623,-0.016993607557326623,0.004246626817673378,0.025242720567673377,-0.0035658731823266223,-0.016749466932326623,-0.009181107557326623,-0.0035658731823266223,-0.027003373182326623,-0.04946431068232662,-0.04262837318232662,-0.04262837318232662,-0.03139790443232662,-0.03823384193232662,-0.05752095130732662,-0.03994282630732662,9.623619267337766e-05,0.026219283067673377,0.004734908067673378,-0.023097123182326623,-0.019923295057326623,-0.019923295057326623,-0.005030716932326622,0.016453658067673377,0.04135600181767338,0.05038920494267338,0.03378764244267338,0.012547408067673377,0.009617720567673377,0.018650923692673377,0.031102095567673377,0.030857954942673377,0.030857954942673377,0.007664595567673378,-0.021632279432326623,-0.012354935682326623,-0.028468216932326623,-0.04677876380732662,-0.05361470130732662,-0.030665482557326623,0.009617720567673377,0.026707564317673377,0.026707564317673377,0.007908736192673377,-0.008692826307326623,0.0020493611926733777,0.028416548692673377,0.019871626817673377,0.018406783067673377,0.028416548692673377,0.03671732994267338,0.03207865806767338,0.03207865806767338,0.029148970567673377,0.028416548692673377,0.025486861192673377,0.0035142049426733777,-0.00014790443232662234,-0.005763138807326622,-0.019435013807326623,-0.03750142005732662,-0.04751118568232662,-0.03506001380732662,-0.03506001380732662,-0.016749466932326623,-0.0023451700573266223,-0.008936966932326623,-0.00014790443232662234,0.008885298692673377,0.012059126817673377,0.016209517442673377,0.019627486192673377,0.026219283067673377,0.026219283067673377,0.03598490806767338,0.03744975181767338,0.03159037681767338,0.03452006431767338,0.04428568931767338,0.04623881431767338,0.03793803306767338,0.024998579942673377,0.0037583455676733777,0.0037583455676733777,-0.014063920057326623,-0.014552201307326623,-0.008448685682326623,-0.027247513807326623,-0.04311665443232662,-0.05239399818232662,-0.04799946693232662,-0.03188618568232662,-0.009181107557326623,-0.009181107557326623,0.010838423692673377,9.623619267337766e-05,-0.010890091932326623,-0.013331498182326623,-0.006739701307326622,-0.00014790443232662234,0.007420454942673378,0.025486861192673377,0.03549662681767338,0.03134623619267338,0.03134623619267338,0.018895064317673377,0.0013169393176733777,0.007664595567673378,0.0027817830676733777,-0.021632279432326623,-0.04970845130732662,-0.05092915443232662,-0.03286274818232662,-0.024806107557326623,-0.024806107557326623,-0.03554829505732662,-0.05776509193232662,-0.07680806068232662,-0.04384907630732662,-0.016017045057326623,-0.005518998182326622,-0.009425248182326623,-0.008448685682326623,0.00034037681767337766,0.00034037681767337766,0.006932173692673378,0.005467329942673378,-0.0013686075573266223,0.015721236192673377,0.04721537681767338,0.06161967369267338,0.04550639244267338,0.015721236192673377,0.004734908067673378,0.030125533067673377,0.030125533067673377,0.05722514244267338,0.04623881431767338,-0.016749466932326623,-0.018946732557326623,-0.005274857557326622,0.006443892442673378,-0.00039204505732662234,-0.015040482557326623,-0.022364701307326623,-0.022364701307326623,-0.026515091932326623,-0.020655716932326623,0.004002486192673378,0.016209517442673377,-0.0008803263073266223,-0.025782670057326623,-0.019679154432326623,0.015232954942673377,0.03891459556767338,0.03891459556767338,0.030369673692673377,0.004734908067673378,0.0005845174426733777,0.04135600181767338,0.05820170494267338,0.04526225181767338,0.023533736192673377,0.018650923692673377,0.018895064317673377,0.018895064317673377,0.011082564317673377,-0.004054154432326622,-0.006983841932326622,0.012547408067673377,-0.0013686075573266223,-0.03213032630732662,-0.05361470130732662,-0.04775532630732662,-0.025538529432326623,-0.013331498182326623,-0.020167435682326623,-0.020167435682326623,-0.03603657630732662,-0.04067524818232662,-0.011134232557326623,-0.004298295057326622,-0.0038100138073266223,-0.0016127481823266223,0.004002486192673378,0.007908736192673377,0.013768111192673377,0.013768111192673377,0.023533736192673377,0.020359908067673377,0.018162642442673377,0.022068892442673377,0.03598490806767338,0.04306498619267338,0.03915873619267338,0.030125533067673377,0.024998579942673377,0.024998579942673377,0.018406783067673377,0.008397017442673377,-0.004542435682326622,-0.019923295057326623,-0.017237748182326623,-0.011622513807326623,-0.007960404432326623,-0.011134232557326623,-0.020655716932326623,-0.020655716932326623,-0.03945454505732662,-0.04336079505732662,-0.010157670057326623,-0.018214310682326623,-0.03603657630732662,-0.03969868568232662,-0.026270951307326623,0.004246626817673378,0.019627486192673377,0.007176314317673378,0.007176314317673378,-0.010401810682326623,-0.011622513807326623,-0.0011244669323266223,0.012303267442673377,0.03305522056767338,0.04379740806767338,0.024266158067673377,-0.004542435682326622,-0.009913529432326623,-0.009913529432326623,0.004979048692673378,0.03500834556767338,0.03134623619267338,0.005467329942673378,-0.015284623182326623,-0.013819779432326623,-0.005030716932326622,0.0018052205676733777,0.004002486192673378,0.004002486192673378,-0.0013686075573266223,-0.016261185682326623,-0.015772904432326623,-0.012599076307326623,-0.0025893106823266223,-0.010645951307326623,-0.020411576307326623,-0.023097123182326623,-0.010401810682326623,-0.0006361856823266223,-0.0006361856823266223,-0.0006361856823266223,-0.0011244669323266223,0.005711470567673378,0.012303267442673377,0.004002486192673378,-0.014063920057326623,-0.013331498182326623,0.007176314317673378,0.019139204942673377,0.019139204942673377,0.012547408067673377,-0.0038100138073266223,0.005955611192673378,0.021580611192673377,0.022801314317673377,0.010350142442673377,0.0013169393176733777,0.00034037681767337766,-0.00014790443232662234,-0.00014790443232662234,9.623619267337766e-05,0.007664595567673378,0.011326704942673377,-0.007227982557326622,-0.026759232557326623,-0.027247513807326623,-0.016749466932326623,-0.008204545057326623,-0.007716263807326622,-0.024561966932326623,-0.03335102943232662,-0.030665482557326623,-0.023829545057326623,-0.008448685682326623,-0.008448685682326623,0.0027817830676733777,0.0015610799426733777,-0.012843216932326623,-0.008692826307326623,0.004002486192673378,0.013035689317673377,0.010106001817673377,0.009861861192673377,0.021580611192673377,0.021580611192673377,0.022068892442673377,0.008885298692673377,-0.0025893106823266223,0.004490767442673378,0.025731001817673377,0.03598490806767338,0.030369673692673377,0.026707564317673377,0.019871626817673377,0.019871626817673377,0.016453658067673377,0.012303267442673377,0.020115767442673377,0.025975142442673377,0.010594283067673377,-0.006251420057326622,-0.011378373182326623,-0.0028334513073266223,0.004002486192673378,0.0018052205676733777,0.0018052205676733777,-0.009913529432326623,-0.018946732557326623,-0.015528763807326623,-0.014552201307326623,-0.019435013807326623,-0.019435013807326623,-0.025782670057326623,-0.028712357557326623,-0.030909623182326623,-0.030909623182326623,-0.024317826307326623,-0.011134232557326623,-0.009425248182326623,-0.012599076307326623,-0.008448685682326623,0.0030259236926733777,0.013768111192673377,0.016941939317673377,0.010838423692673377,0.010838423692673377,0.009373579942673377,0.021092329942673377,0.024998579942673377,0.017186079942673377,0.014500533067673377,0.022313033067673377,0.025731001817673377,0.016453658067673377,0.008397017442673377,0.006199751817673378,0.006199751817673378,0.016941939317673377,0.029881392442673377,-0.0035658731823266223,-0.016261185682326623,-0.008448685682326623,0.006932173692673378,0.014256392442673377,0.005223189317673378,-0.014063920057326623,-0.014063920057326623,-0.03213032630732662,-0.03725727943232662,-0.016993607557326623,-0.016017045057326623,-0.023341263807326623,-0.03188618568232662,-0.03286274818232662,-0.022364701307326623,-0.016505326307326623,-0.016505326307326623,-0.018458451307326623,-0.025538529432326623,-0.025294388807326623,-0.010401810682326623,-0.0038100138073266223,-0.007716263807326622,-0.006983841932326622,0.004002486192673378,0.016941939317673377,0.017186079942673377,0.017186079942673377,0.009373579942673377,0.005223189317673378,0.019871626817673377,0.027439986192673377,0.025242720567673377,0.018650923692673377,0.006932173692673378,0.0022935018176733777,0.009861861192673377,0.009861861192673377,0.018406783067673377,0.019139204942673377,-0.004054154432326622,-0.006251420057326622,0.004246626817673378,0.010838423692673377,0.009129439317673377,0.004490767442673378,0.0030259236926733777,0.0030259236926733777,0.0015610799426733777,-0.0023451700573266223,-0.007960404432326623,-0.006983841932326622,0.004002486192673378,0.012547408067673377,0.007664595567673378,-0.0023451700573266223,-0.017481888807326623,-0.017481888807326623,-0.018458451307326623,-0.0016127481823266223,0.016941939317673377,0.007176314317673378,-0.011866654432326623,-0.016261185682326623,-0.005030716932326622,0.004246626817673378,0.0027817830676733777,0.0027817830676733777,-0.013331498182326623,-0.026026810682326623,0.009861861192673377,0.009861861192673377,-0.0021010294323266223,-0.014063920057326623,-0.018458451307326623,-0.011622513807326623,-0.0006361856823266223,0.011082564317673377,0.011082564317673377,0.018162642442673377,-0.0038100138073266223,-0.009669388807326623,0.0032700643176733777,0.017918501817673377,0.014500533067673377,0.0010727986926733777,-0.0018568888073266223,0.005223189317673378,0.005223189317673378,0.009861861192673377,0.008641158067673377,0.0037583455676733777,0.004246626817673378,0.015965376817673377,0.017430220567673377,0.011326704942673377,0.0008286580676733777,-0.0033217325573266223,-0.0033217325573266223,0.0015610799426733777,0.015721236192673377,0.017430220567673377,-0.004542435682326622,-0.018458451307326623,-0.012843216932326623,0.007176314317673378,0.016697798692673377,0.0030259236926733777,0.0030259236926733777,-0.009181107557326623,-0.009669388807326623,-0.0035658731823266223,-0.00014790443232662234,-0.006007279432326622,-0.021876420057326623,-0.030665482557326623,-0.017481888807326623,0.004002486192673378,0.012303267442673377,0.012303267442673377,-0.006251420057326622,-0.05044087318232662,-0.029688920057326623,0.005467329942673378,0.024998579942673377,0.009373579942673377,-0.03164204505732662,-0.05019673255732662,-0.026270951307326623,-0.026270951307326623,0.011570845567673377,0.028416548692673377,-0.007227982557326622,-0.025050248182326623,-0.012599076307326623,0.015232954942673377,0.030857954942673377,0.019627486192673377,-0.0028334513073266223,-0.0028334513073266223,-0.006739701307326622,0.008641158067673377,0.03647318931767338,0.024266158067673377,-0.0030775919323266223,-0.017237748182326623,0.0025376424426733777,0.03744975181767338,0.04526225181767338,0.04526225181767338,0.017918501817673377,-0.006739701307326622,-0.009425248182326623,0.0018052205676733777,0.014256392442673377,0.020848189317673377,0.010838423692673377,-0.007227982557326622,-0.021632279432326623,-0.021632279432326623,-0.020167435682326623,-0.0030775919323266223,0.017674361192673377,-0.0018568888073266223,-0.027247513807326623,-0.024806107557326623,0.004246626817673378,0.027928267442673377,0.025731001817673377,0.0018052205676733777,0.0018052205676733777,-0.019190873182326623,-0.006495560682326622,0.021824751817673377,0.028904829942673377,0.009617720567673377,-0.022608841932326623,-0.03872212318232662,-0.020411576307326623,0.016209517442673377,0.016209517442673377,0.04184428306767338,-0.027735795057326623,-0.04824360755732662,-0.023341263807326623,0.009861861192673377,0.024266158067673377,0.010350142442673377,-0.019923295057326623,-0.04311665443232662,-0.04311665443232662,-0.03725727943232662,0.03744975181767338,0.019139204942673377,-0.031153763807326623,-0.06215962318232662,-0.04433735755732662,0.006932173692673378,0.04697123619267338,0.03720561119267338,0.03720561119267338,-0.015528763807326623,-0.05776509193232662,0.013768111192673377,0.04941264244267338,0.03549662681767338,-0.0018568888073266223,-0.027003373182326623,-0.019190873182326623,0.014012251817673377,0.014012251817673377,0.03915873619267338,0.028904829942673377,-0.029933060682326623,-0.015772904432326623,0.024754439317673377,0.04941264244267338,0.024754439317673377,-0.022120560682326623,-0.03628071693232662,0.0025376424426733777,0.0025376424426733777,0.04501811119267338,0.014256392442673377,-0.022608841932326623,-0.03676899818232662,-0.012110795057326623,0.03427592369267338,0.05600443931767338,0.022801314317673377,-0.030421341932326623,-0.04970845130732662,-0.018702591932326623,0.03305522056767338,0.03305522056767338,0.05234232994267338,0.017430220567673377,-0.06118306068232662,-0.019190873182326623,0.04062357994267338,0.05209818931767338,0.008885298692673377,-0.04262837318232662,-0.04897602943232662,-0.006007279432326622,-0.006007279432326622,0.04379740806767338,0.006443892442673378,-0.03798970130732662,-0.04165181068232662,0.0005845174426733777,0.04282084556767338,0.04575053306767338,-0.005518998182326622,-0.05019673255732662,-0.05019673255732662,-0.03603657630732662,0.04648295494267338,0.03232279869267338,-0.016261185682326623,-0.05214985755732662,-0.04189595130732662,0.007664595567673378,0.04330912681767338,0.027928267442673377,0.027928267442673377,-0.025050248182326623,-0.05849751380732662,0.007176314317673378,0.04208842369267338,0.018162642442673377,-0.03750142005732662,-0.06728657630732662,-0.03579243568232662,0.020604048692673377,0.020604048692673377,0.04355326744267338,0.013035689317673377,-0.05141743568232662,-0.011866654432326623,0.03647318931767338,0.03989115806767338,0.007908736192673377,-0.026515091932326623,-0.028956498182326623,0.004246626817673378,0.004246626817673378,0.04013529869267338,-0.00014790443232662234,-0.027491654432326623,-0.014552201307326623,0.015232954942673377,0.030857954942673377,0.020604048692673377,-0.015528763807326623,-0.03823384193232662,-0.03823384193232662,-0.018214310682326623,0.04062357994267338,0.015965376817673377,-0.024806107557326623,-0.03750142005732662,-0.009913529432326623,0.030125533067673377,0.03744975181767338,0.0030259236926733777,0.0030259236926733777,-0.026515091932326623,-0.020655716932326623,0.03256693931767338,0.022557173692673377,-0.0016127481823266223,-0.013087357557326623,-0.0011244669323266223,0.020604048692673377,0.021336470567673377,0.0027817830676733777,0.0027817830676733777,-0.009425248182326623,0.007420454942673378,0.022801314317673377,0.023289595567673377,-0.00014790443232662234,-0.013087357557326623,-0.0028334513073266223,0.008152876817673377,0.013279829942673377,0.013279829942673377,0.011082564317673377,-0.023829545057326623,-0.022852982557326623,-0.00014790443232662234,0.018650923692673377,0.005467329942673378,-0.021143998182326623,-0.03335102943232662,-0.017726029432326623,-0.017726029432326623,0.011814986192673377,0.014988814317673377,-0.028468216932326623,-0.022120560682326623,-0.00014790443232662234,0.016453658067673377,0.014500533067673377,0.0030259236926733777,-0.008448685682326623,-0.008448685682326623,-0.0035658731823266223,0.008152876817673377,0.008885298692673377,0.0018052205676733777,-0.007472123182326622,-0.007716263807326622,0.008397017442673377,0.016453658067673377,0.0037583455676733777,-0.007227982557326622,-0.007227982557326622,-0.006983841932326622,-0.0030775919323266223,0.010838423692673377,0.004246626817673378,-0.018946732557326623,-0.020655716932326623,0.007664595567673378,0.03427592369267338,0.027684126817673377,0.027684126817673377,-0.005763138807326622,-0.023585404432326623,0.010106001817673377,0.03818217369267338,0.03183451744267338,-0.008448685682326623,-0.04165181068232662,-0.04189595130732662,-0.011622513807326623,-0.011622513807326623,0.020359908067673377,0.00034037681767337766,-0.030909623182326623,-0.04384907630732662,-0.024073685682326623,0.021336470567673377,0.04623881431767338,0.030369673692673377,-0.0016127481823266223,-0.013087357557326623,-0.013087357557326623,0.011082564317673377,0.05283061119267338,0.028660689317673377,-0.0016127481823266223,-0.004542435682326622,0.025731001817673377,0.05576029869267338,0.05868998619267338,0.028416548692673377,0.028416548692673377,-0.008448685682326623,0.012303267442673377,0.04037943931767338,0.04697123619267338,0.026951704942673377,-0.007960404432326623,-0.027735795057326623,-0.013087357557326623,0.018162642442673377,0.018162642442673377,0.029393111192673377,-0.021876420057326623,-0.03457173255732662,-0.020411576307326623,0.0015610799426733777,0.018162642442673377,0.012303267442673377,-0.009181107557326623,-0.019190873182326623,-0.019190873182326623,-0.007960404432326623,0.006932173692673378,-0.008204545057326623,-0.028468216932326623,-0.028224076307326623,-0.004786576307326622,0.015477095567673377,0.007420454942673378,-0.017237748182326623,-0.03603657630732662,-0.03603657630732662,-0.028712357557326623,0.007664595567673378,0.0035142049426733777,-0.015040482557326623,-0.03261860755732662,-0.04140767005732662,-0.03457173255732662,-0.021388138807326623,-0.013087357557326623,-0.013087357557326623,-0.013331498182326623,-0.04946431068232662,-0.04677876380732662,-0.031153763807326623,-0.020899857557326623,-0.020411576307326623,-0.023341263807326623,-0.025538529432326623,-0.024317826307326623,-0.024317826307326623,-0.022364701307326623,-0.008204545057326623,-0.006007279432326622,-0.010890091932326623,-0.013087357557326623,-0.016017045057326623,-0.014552201307326623,-0.009913529432326623,-0.012354935682326623,-0.012354935682326623,-0.016993607557326623,-0.014796341932326623,0.0013169393176733777,-0.006007279432326622,-0.016261185682326623,-0.016993607557326623,-0.004298295057326622,0.012303267442673377,0.021092329942673377,0.016453658067673377,0.016453658067673377,0.0030259236926733777,-0.013331498182326623,-0.014063920057326623,0.03232279869267338,0.015965376817673377,-0.022364701307326623,-0.05068501380732662,-0.05141743568232662,-0.030177201307326623,-0.006251420057326622,-0.005030716932326622,-0.005030716932326622,-0.026515091932326623,-0.021876420057326623,0.007664595567673378,0.020115767442673377,0.017186079942673377,0.013768111192673377,0.014744673692673377,0.023533736192673377,0.03549662681767338,0.03427592369267338,0.03427592369267338,0.019383345567673377,0.013523970567673377,0.018162642442673377,0.023777876817673377,0.024022017442673377,0.016941939317673377,0.014012251817673377,0.014988814317673377,0.014988814317673377,0.014988814317673377,0.012791548692673377,-0.007960404432326623,-0.012843216932326623,-0.005763138807326622,0.013035689317673377,0.023045454942673377,0.010838423692673377,-0.007472123182326622,-0.014552201307326623,-0.0013686075573266223,-0.0013686075573266223,0.027439986192673377,0.04233256431767338,0.015721236192673377,0.0005845174426733777,0.008641158067673377,0.029637251817673377,0.04697123619267338,0.04111186119267338,0.020115767442673377,0.020115767442673377,0.008885298692673377,0.017430220567673377,0.025486861192673377,0.020115767442673377,0.004490767442673378,-0.006495560682326622,-0.0013686075573266223,0.014256392442673377,0.023777876817673377,0.015232954942673377,0.015232954942673377,-0.004054154432326622,-0.013331498182326623,0.011814986192673377,0.016453658067673377,0.008397017442673377,-0.0033217325573266223,-0.010645951307326623,-0.0030775919323266223,0.009129439317673377,0.015721236192673377,0.015721236192673377,0.011570845567673377,0.0025376424426733777,-0.0011244669323266223,-0.0011244669323266223,0.0005845174426733777,0.0025376424426733777,0.007908736192673377,0.004002486192673378,-0.0035658731823266223,-0.009425248182326623,-0.004542435682326622,-0.0030775919323266223,-0.004298295057326622,-0.005030716932326622,-0.007960404432326623,-0.011622513807326623,-0.015284623182326623,-0.011622513807326623,-0.0038100138073266223,-0.0030775919323266223,-0.016017045057326623,-0.025538529432326623,-0.025050248182326623,-0.025050248182326623,-0.014308060682326623,-0.005030716932326622,-0.017237748182326623,-0.022364701307326623,-0.013331498182326623,0.0025376424426733777,0.018406783067673377,0.015721236192673377,-0.00014790443232662234,-0.010645951307326623,-0.008448685682326623,0.005711470567673378,0.022557173692673377,0.025975142442673377,0.015232954942673377,0.0030259236926733777,-0.0016127481823266223,0.008397017442673377,0.008397017442673377,0.025242720567673377,0.028904829942673377,0.021092329942673377,-0.0033217325573266223,-0.0018568888073266223,0.005711470567673378,0.014012251817673377,0.017186079942673377,0.005223189317673378,-0.011622513807326623,-0.019679154432326623,-0.016017045057326623,-0.0038100138073266223,0.004002486192673378,-0.0028334513073266223,-0.021388138807326623,-0.03676899818232662,-0.03676899818232662,-0.03969868568232662,-0.03188618568232662,-0.020655716932326623,-0.027003373182326623,9.623619267337766e-05,-0.03823384193232662,-0.04946431068232662,-0.03408345130732662,-0.012843216932326623,-0.0035658731823266223,-0.015772904432326623,-0.03408345130732662,-0.03335102943232662,-0.012843216932326623,0.0035142049426733777,0.0027817830676733777,-0.007472123182326622,-0.009669388807326623,0.00034037681767337766,0.010350142442673377,0.013523970567673377,0.013523970567673377,0.012791548692673377,0.015232954942673377,0.016209517442673377,0.014256392442673377,0.03354350181767338,0.03940287681767338,0.03940287681767338,0.022557173692673377,-0.005274857557326622,-0.016505326307326623,0.012547408067673377,0.009617720567673377,-0.017237748182326623,-0.04433735755732662,-0.04653462318232662,-0.03652485755732662,-0.03554829505732662,-0.04653462318232662,-0.04653462318232662,-0.04433735755732662,0.009373579942673377,0.03281107994267338,0.022801314317673377,-0.004298295057326622,-0.016749466932326623,-0.0018568888073266223,0.027928267442673377,0.05136576744267338,0.05453959556767338,0.05453959556767338,0.03256693931767338,0.022068892442673377,0.04160014244267338,0.06747904869267338,0.08627787681767338,0.07895365806767338,0.05234232994267338,0.030857954942673377,0.019139204942673377,0.019139204942673377,0.020848189317673377,0.03305522056767338,0.018406783067673377,-0.006983841932326622,-0.020655716932326623,-0.018702591932326623,-0.020167435682326623,-0.03261860755732662,-0.04360493568232662,-0.03847798255732662,-0.03847798255732662,-0.005763138807326622,-0.008448685682326623,-0.031153763807326623,-0.03798970130732662,-0.020899857557326623,-0.00014790443232662234,0.008885298692673377,0.0022935018176733777,-0.008204545057326623,-0.008204545057326623,-0.004786576307326622,0.03403178306767338,0.04135600181767338,0.03574076744267338,0.028416548692673377,0.031102095567673377,0.04648295494267338,0.05820170494267338,0.05307475181767338,0.028660689317673377,0.0013169393176733777,0.0013169393176733777,-0.013819779432326623,-0.0021010294323266223,-0.018702591932326623,-0.04555806068232662,-0.06118306068232662,-0.05996235755732662,-0.06533345130732662,-0.06753071693232662,-0.05849751380732662,-0.05849751380732662,-0.04604634193232662,-0.04091938880732662,-0.05190571693232662,-0.03945454505732662,-0.010157670057326623,-0.0021010294323266223,-0.028468216932326623,-0.04433735755732662,-0.019923295057326623,0.018162642442673377,0.04208842369267338,0.03696147056767338,0.03696147056767338,0.005223189317673378,0.027439986192673377,0.07138529869267338,5.93099231421268e-05,0.07407084556767338,0.017186079942673377,-0.029688920057326623,-0.03164204505732662,0.005467329942673378,0.03744975181767338,0.014988814317673377,0.014988814317673377,-0.07021626380732662,-0.05434712318232662,-0.023829545057326623,-0.017970170057326623,-0.03628071693232662,-0.05117329505732662,-0.04702290443232662,-0.03359517005732662,-0.021876420057326623,-0.021876420057326623,-0.008448685682326623,-0.008204545057326623,-0.007227982557326622,-0.0033217325573266223,0.010106001817673377,0.030857954942673377,0.03818217369267338,0.03574076744267338,0.04013529869267338,0.05746928306767338,0.08115092369267338,0.08115092369267338,0.07846537681767338,0.05160990806767338,0.028172408067673377,0.019871626817673377,0.03647318931767338,0.04843607994267338,0.027928267442673377,-0.018214310682326623,-0.05166157630732662,-0.05166157630732662,-0.021143998182326623,-0.024561966932326623,-0.04946431068232662,-0.08242329505732662,-0.08486470130732662,-0.05507954505732662,-0.024561966932326623,-0.026515091932326623,-0.05385884193232662,-0.06020649818232662,-0.03652485755732662,-0.03652485755732662,-0.005518998182326622,-0.0013686075573266223,-0.016017045057326623,-0.007472123182326622,0.020115767442673377,0.04355326744267338,0.05405131431767338,0.05063334556767338,0.04062357994267338,0.04599467369267338,0.04599467369267338,0.07724467369267338,0.06601420494267338,0.03818217369267338,0.018895064317673377,0.007420454942673378,-0.007960404432326623,-0.014796341932326623,-0.023585404432326623,-0.027735795057326623,-0.03359517005732662,-0.03359517005732662,-0.05483540443232662,-0.06631001380732662,-0.06289204505732662,-0.04140767005732662,-0.029444779432326623,-0.03652485755732662,-0.04238423255732662,-0.03725727943232662,-0.014552201307326623,-0.014552201307326623,0.012303267442673377,0.007908736192673377,-0.007227982557326622,-0.0033217325573266223,0.021580611192673377,0.05380717369267338,0.07138529869267338,0.05991068931767338,0.04355326744267338,0.05063334556767338,0.07870951744267338,5.93099231421268e-05,5.93099231421268e-05,0.025486861192673377,-0.005763138807326622,0.004246626817673378,0.004246626817673378,0.03720561119267338,0.04086772056767338,-0.03383931068232662,-0.05434712318232662,-0.03506001380732662,-0.011866654432326623,-0.03164204505732662,-0.07216938880732662,-0.08071431068232662,-0.06362446693232662,-0.027735795057326623,-0.011378373182326623,-0.026515091932326623,-0.026515091932326623,-0.03457173255732662,-0.012354935682326623,0.006199751817673378,0.016453658067673377,0.011326704942673377,0.006688033067673378,0.024998579942673377,0.04770365806767338,0.05356303306767338,0.05356303306767338,0.04721537681767338,0.04062357994267338,0.04550639244267338,0.05209818931767338,0.04282084556767338,0.031102095567673377,0.027928267442673377,0.03207865806767338,0.015965376817673377,-0.019190873182326623,-0.019190873182326623,-0.05337056068232662,-0.03945454505732662,-0.03237446693232662,-0.05825337318232662,-0.08169087318232662,-0.08803852943232662,-0.07461079505732662,-0.04262837318232662,-0.03188618568232662,-0.03188618568232662,-0.06826313880732662,-0.04702290443232662,-0.014308060682326623,0.004246626817673378,0.008641158067673377,-0.0025893106823266223,-0.017237748182326623,-0.004786576307326622,0.023777876817673377,0.023777876817673377,0.05551615806767338,0.05356303306767338,0.03867045494267338,0.03989115806767338,0.06259623619267338,0.08090678306767338,0.07309428306767338,0.03647318931767338,-0.0006361856823266223,-0.0006361856823266223,-0.005030716932326622,0.026463423692673377,0.021824751817673377,-0.027247513807326623,-0.07216938880732662,-0.07729634193232662,-0.05385884193232662,-0.03139790443232662,-0.03432759193232662,-0.05141743568232662,-0.05141743568232662,-0.05947407630732662,-0.028468216932326623,0.005467329942673378,0.006932173692673378,-0.012354935682326623,-0.03774556068232662,-0.026270951307326623,0.025486861192673377,0.06625834556767338,0.06625834556767338,0.03329936119267338,0.008641158067673377,0.028416548692673377,0.07846537681767338,5.93099231421268e-05,5.93099231421268e-05,0.06772318931767338,0.04135600181767338,0.04037943931767338,0.04037943931767338,0.05942240806767338,0.05331889244267338,-0.0023451700573266223,-0.04824360755732662,-0.05019673255732662,-0.015284623182326623,0.0032700643176733777,-0.024317826307326623,-0.07924946693232662,5.93099231421268e-05,5.93099231421268e-05,-0.03750142005732662,-0.016261185682326623,-0.03750142005732662,-0.07387837318232662,-0.08120259193232662,-0.04336079505732662,0.006199751817673378,0.017674361192673377,-0.005030716932326622,-0.005030716932326622,-0.005030716932326622,0.013768111192673377,0.03671732994267338,0.04623881431767338,0.04794779869267338,0.04916850181767338,0.05209818931767338,0.06357279869267338,0.07016459556767338,0.07016459556767338,0.06821147056767338,0.03989115806767338,0.011570845567673377,0.005955611192673378,0.021092329942673377,0.03427592369267338,0.007908736192673377,-0.03896626380732662,-0.06679829505732662,-0.06679829505732662,-0.06777485755732662,-0.028956498182326623,-0.06264790443232662,-0.08535298255732662,5.93099231421268e-05,-0.06997212318232662,-0.028712357557326623,-0.026270951307326623,-0.04384907630732662,-0.05337056068232662,-0.05337056068232662,-0.026759232557326623,0.011814986192673377,0.03525248619267338,0.010106001817673377,-0.016261185682326623,-0.013575638807326623,0.019871626817673377,0.07626811119267338,0.08774272056767338,0.08774272056767338,0.024266158067673377,0.04379740806767338,0.08603373619267338,5.93099231421268e-05,0.05405131431767338,0.007420454942673378,-0.009669388807326623,0.0037583455676733777,0.016941939317673377,0.016941939317673377,-0.020899857557326623,-0.04043110755732662,-0.04140767005732662,-0.03310688880732662,-0.04189595130732662,-0.04824360755732662,-0.05532368568232662,-0.05752095130732662,-0.04848774818232662,-0.03896626380732662,-0.03896626380732662,-0.027735795057326623,-0.005030716932326622,0.005711470567673378,-0.008204545057326623,-0.006739701307326622,0.010106001817673377,0.017430220567673377,0.022313033067673377,0.028904829942673377,0.028904829942673377,0.06625834556767338,0.07944193931767338,0.07358256431767338,0.05478373619267338,0.04306498619267338,0.05453959556767338,0.07577982994267338,0.07480326744267338,0.05820170494267338,0.03281107994267338,0.03281107994267338,-0.016261185682326623,-0.007716263807326622,0.005711470567673378,-0.021388138807326623,-0.05312642005732662,-0.06533345130732662,-0.07387837318232662,-0.06826313880732662,-0.05459126380732662,-0.05459126380732662,-0.07509907630732662,-0.07412251380732662,-0.05703267005732662,-0.03701313880732662,-0.012110795057326623,-0.007472123182326622,-0.027735795057326623,-0.027247513807326623,-0.0008803263073266223,-0.0008803263073266223,0.03427592369267338,0.03183451744267338,0.021336470567673377,0.015721236192673377,0.03525248619267338,0.05820170494267338,0.07455912681767338,0.07773295494267338,0.06796732994267338,0.06796732994267338,0.03964701744267338,0.03329936119267338,0.03452006431767338,0.025242720567673377,0.0035142049426733777,-0.025782670057326623,-0.03188618568232662,-0.011622513807326623,-0.013819779432326623,-0.013819779432326623,-0.06142720130732662,-0.08608540443232662,5.93099231421268e-05,-0.05971821693232662,-0.027003373182326623,-0.018702591932326623,-0.03554829505732662,-0.05263813880732662,-0.04433735755732662,-0.006495560682326622,-0.006495560682326622,0.014012251817673377,-0.012354935682326623,-0.018458451307326623,0.0025376424426733777,0.03842631431767338,0.05868998619267338,0.04843607994267338,0.024022017442673377,0.014500533067673377,0.014500533067673377,5.93099231421268e-05,5.93099231421268e-05,0.06625834556767338,0.015232954942673377,-0.005030716932326622,0.016697798692673377,0.04916850181767338,0.05063334556767338,0.014988814317673377,-0.019679154432326623,-0.05385884193232662,-0.05385884193232662,-0.04311665443232662,-0.03994282630732662,-0.05898579505732662,-0.07656392005732662,-0.08291157630732662,-0.07094868568232662,-0.04506977943232662,-0.027247513807326623,-0.04067524818232662,-0.04067524818232662,-0.03725727943232662,-0.023341263807326623,0.0018052205676733777,0.024998579942673377,0.024998579942673377,0.010594283067673377,0.0025376424426733777,0.0015610799426733777,0.018406783067673377,0.04819193931767338,0.04819193931767338,0.06137553306767338,0.06503764244267338,0.07089701744267338,0.06723490806767338,0.06235209556767338,0.05966654869267338,0.04916850181767338,0.03647318931767338,0.018650923692673377,-0.005030716932326622,-0.013087357557326623,-0.0028334513073266223,-0.008936966932326623,-0.008936966932326623,-0.05239399818232662,-0.07534321693232662,-0.07778462318232662,-0.06313618568232662,-0.04629048255732662,-0.04897602943232662,-0.06435688880732662,-0.06899556068232662,-0.05752095130732662,-0.05752095130732662,-0.007960404432326623,-0.004298295057326622,-0.025782670057326623,-0.020655716932326623,0.005711470567673378,0.025486861192673377,0.03305522056767338,0.028416548692673377,0.029881392442673377,0.03647318931767338,0.04599467369267338,0.06479350181767338,0.08139506431767338,0.07407084556767338,0.05283061119267338,0.04111186119267338,0.03989115806767338,0.05014506431767338,0.06650248619267338,0.05160990806767338,0.05160990806767338,-0.029933060682326623,-0.04799946693232662,-0.03847798255732662,-0.021388138807326623,-0.019190873182326623,-0.05141743568232662,-0.08437642005732662,-0.07680806068232662,-0.05263813880732662,-0.05263813880732662,-0.027003373182326623,-0.04824360755732662,-0.06606587318232662,-0.04677876380732662,-0.006251420057326622,0.018650923692673377,0.008641158067673377,-0.017237748182326623,-0.014552201307326623,0.015721236192673377,0.04184428306767338,0.04404154869267338,0.023289595567673377,0.010594283067673377,0.021336470567673377,0.05405131431767338,5.93099231421268e-05,5.93099231421268e-05,0.06772318931767338,0.03476420494267338,0.03476420494267338,0.024510298692673377,0.04770365806767338,0.05429545494267338,0.024266158067673377,-0.011378373182326623,-0.03530415443232662,-0.03750142005732662,-0.019435013807326623,-0.015284623182326623,-0.015284623182326623,-0.07070454505732662,5.93099231421268e-05,-0.08486470130732662,-0.04775532630732662,-0.022120560682326623,-0.03335102943232662,-0.06753071693232662,-0.07851704505732662,-0.04946431068232662,-0.04946431068232662,0.030369673692673377,0.010106001817673377,-0.024073685682326623,-0.03481587318232662,-0.006739701307326622,0.04355326744267338,0.07822123619267338,0.05917826744267338,0.021336470567673377,0.021336470567673377,0.04721537681767338,0.08603373619267338,5.93099231421268e-05,0.06406107994267338,0.024022017442673377,0.015965376817673377,0.04111186119267338,0.06357279869267338,0.04623881431767338,-0.0035658731823266223,-0.04531392005732662,-0.04482563880732662,-0.012110795057326623,0.006443892442673378,-0.018458451307326623,-0.07168110755732662,5.93099231421268e-05,5.93099231421268e-05,-0.05044087318232662,-0.019923295057326623,-0.024073685682326623,-0.05019673255732662,-0.07387837318232662,-0.06557759193232662,-0.010157670057326623,0.03989115806767338,0.03500834556767338,0.0025376424426733777,-0.016505326307326623,-0.010645951307326623,-0.010645951307326623,0.05307475181767338,0.05942240806767338,0.03818217369267338,0.025486861192673377,0.03867045494267338,0.06113139244267338,0.06992045494267338,0.06039897056767338,0.04477397056767338,0.030369673692673377,0.030369673692673377,0.03500834556767338,0.030125533067673377,0.019871626817673377,-0.009181107557326623,-0.04091938880732662,-0.04580220130732662,-0.03408345130732662,-0.025050248182326623,-0.04262837318232662,-0.06753071693232662,-0.06753071693232662,-0.07607563880732662,-0.05556782630732662,-0.04238423255732662,-0.04873188880732662,-0.05825337318232662,-0.03554829505732662,0.005223189317673378,0.008641158067673377,-0.016993607557326623,-0.016993607557326623,0.005467329942673378,0.03647318931767338,0.04794779869267338,0.03378764244267338,0.016697798692673377,0.030857954942673377,0.06235209556767338,0.08017436119267338,0.07724467369267338,0.06943217369267338,0.06943217369267338,0.07089701744267338,5.93099231421268e-05,5.93099231421268e-05,0.07675639244267338,0.04868022056767338,0.03647318931767338,0.03329936119267338,0.018406783067673377,0.0020493611926733777,0.0020493611926733777,-0.03383931068232662,-0.04946431068232662,-0.04873188880732662,-0.04531392005732662,-0.04995259193232662,-0.06533345130732662,-0.07046040443232662,-0.05092915443232662,-0.028468216932326623,-0.028468216932326623,-0.03261860755732662,-0.04702290443232662,-0.03676899818232662,-0.011378373182326623,-0.007960404432326623,-0.007227982557326622,0.0020493611926733777,0.005467329942673378,0.008152876817673377,0.015721236192673377,0.009373579942673377,0.004002486192673378,0.014256392442673377,0.031102095567673377,0.05038920494267338,0.05283061119267338,0.03598490806767338,0.007420454942673378,-0.005518998182326622,0.005711470567673378,0.023289595567673377,0.022801314317673377,0.008397017442673377,-0.013331498182326623,-0.03530415443232662,-0.04702290443232662,-0.04043110755732662,-0.028956498182326623,-0.022608841932326623,-0.024073685682326623,-0.024073685682326623,-0.05874165443232662,-0.05898579505732662,-0.04262837318232662,-0.026759232557326623,-0.016993607557326623,-0.023097123182326623,-0.03261860755732662,-0.028224076307326623,-0.005763138807326622,-0.005763138807326622,0.004002486192673378,-0.0016127481823266223,-0.0025893106823266223,0.0032700643176733777,0.021092329942673377,0.03598490806767338,0.03696147056767338,0.022801314317673377,0.007664595567673378,0.010594283067673377,0.026219283067673377,0.03647318931767338,0.04208842369267338,0.03183451744267338,0.008641158067673377,-0.0013686075573266223,0.012791548692673377,0.03598490806767338,0.03744975181767338,0.020115767442673377,0.0010727986926733777,-0.0030775919323266223,0.007176314317673378,0.020359908067673377,0.015721236192673377,0.0008286580676733777,-0.012354935682326623,-0.010890091932326623,0.005711470567673378,0.024510298692673377,0.024510298692673377,-0.004786576307326622,-0.024561966932326623,-0.023341263807326623,0.004246626817673378,0.025731001817673377,0.020115767442673377,-0.0030775919323266223,-0.023585404432326623,-0.025294388807326623,-0.006495560682326622,0.014988814317673377,0.024266158067673377,0.004490767442673378,-0.030177201307326623,-0.04214009193232662,-0.022852982557326623,0.007420454942673378,0.017674361192673377,0.0010727986926733777,-0.024073685682326623,-0.024073685682326623,-0.013575638807326623,0.008641158067673377,0.013035689317673377,-0.0013686075573266223,-0.021388138807326623,-0.022608841932326623,-0.006007279432326622,0.007176314317673378,0.0015610799426733777,-0.012354935682326623,-0.015284623182326623,-0.011622513807326623,-0.005518998182326622,0.00034037681767337766,0.0018052205676733777,-0.0035658731823266223,-0.010401810682326623,-0.009425248182326623,0.0013169393176733777,0.010350142442673377,0.005955611192673378,-0.007227982557326622,-0.016017045057326623,-0.013575638807326623,0.0013169393176733777,0.011570845567673377,0.006932173692673378,-0.0033217325573266223,-0.005030716932326622,0.005467329942673378,0.005467329942673378,0.004734908067673378,0.010350142442673377,0.014744673692673377,0.011570845567673377,0.005467329942673378,9.623619267337766e-05,0.0032700643176733777,0.014012251817673377,0.023533736192673377,0.023533736192673377,0.017186079942673377,0.010106001817673377,0.0032700643176733777,0.007664595567673378,0.019627486192673377,0.025731001817673377,0.021336470567673377,0.011326704942673377,-0.0011244669323266223,-0.0011244669323266223,0.0022935018176733777,0.013768111192673377,0.014500533067673377,0.00034037681767337766,-0.014796341932326623,-0.006983841932326622,0.023777876817673377,0.05038920494267338,0.026707564317673377,-0.03652485755732662,-0.08388813880732662,-0.07461079505732662,-0.010157670057326623,0.04013529869267338,0.03354350181767338,-0.024806107557326623,-0.08266743568232662,-0.08291157630732662,-0.029688920057326623,0.022801314317673377,0.029637251817673377,-0.0021010294323266223,-0.03896626380732662,-0.03823384193232662,0.004246626817673378,0.04477397056767338,0.04697123619267338,0.015965376817673377,-0.006983841932326622,0.005955611192673378,0.005955611192673378,0.03696147056767338,0.020848189317673377,-0.009181107557326623,-0.015772904432326623,0.013523970567673377,0.05380717369267338,0.06454936119267338,0.026707564317673377,-0.022364701307326623,-0.04238423255732662,-0.012354935682326623,0.04623881431767338,0.07553568931767338,0.04745951744267338,-0.021876420057326623,-0.06460102943232662,-0.03579243568232662,0.03403178306767338,0.07455912681767338,0.05576029869267338,-0.0028334513073266223,-0.06264790443232662,-0.06508931068232662,-0.007472123182326622,0.05576029869267338,0.06528178306767338,0.014256392442673377,-0.04287251380732662,-0.06191548255732662,-0.03237446693232662,0.024266158067673377,0.05112162681767338,0.022557173692673377,-0.030665482557326623,-0.05800923255732662,-0.031153763807326623,0.022557173692673377,0.04013529869267338,0.006932173692673378,-0.03603657630732662,-0.03457173255732662,-0.0018568888073266223,0.013035689317673377,0.005223189317673378,-0.007960404432326623,-0.013087357557326623,-0.016993607557326623,-0.015528763807326623,-0.00014790443232662234,0.012303267442673377,0.0008286580676733777,-0.017481888807326623,-0.021143998182326623,-0.009181107557326623,-0.0021010294323266223,-0.009669388807326623,-0.020655716932326623,-0.03774556068232662,-0.04165181068232662,-0.018946732557326623,0.0035142049426733777,-0.013087357557326623,-0.05288227943232662,-0.07143696693232662,-0.05922993568232662,-0.023097123182326623,0.012791548692673377,0.007420454942673378,-0.04043110755732662,-0.06948384193232662,-0.05239399818232662,-0.021876420057326623,0.0025376424426733777,0.009373579942673377,-0.017237748182326623,-0.05117329505732662,-0.05044087318232662,-0.022120560682326623,0.015232954942673377,0.04452982994267338,0.03183451744267338,-0.022120560682326623,-0.04702290443232662,-0.018946732557326623,0.024022017442673377,0.04941264244267338,0.025242720567673377,-0.015772904432326623,-0.029200638807326623,-0.0016127481823266223,0.04013529869267338,0.03598490806767338,0.0025376424426733777,-0.024806107557326623,-0.017970170057326623,0.008885298692673377,0.03915873619267338,0.05917826744267338,0.04233256431767338,0.004002486192673378,-0.023341263807326623,-0.0030775919323266223,0.04233256431767338,0.07089701744267338,0.04770365806767338,0.0025376424426733777,-0.015772904432326623,-0.006983841932326622,0.026219283067673377,0.05087748619267338,0.04672709556767338,0.010350142442673377,-0.023341263807326623,-0.027491654432326623,0.0010727986926733777,0.04282084556767338,0.04404154869267338,-0.005274857557326622,-0.05947407630732662,-0.05434712318232662,0.006199751817673378,0.05722514244267338,0.04721537681767338,-0.005518998182326622,-0.04946431068232662,-0.04165181068232662,0.013279829942673377,0.05795756431767338,0.04916850181767338,0.008885298692673377,-0.03774556068232662,-0.04653462318232662,-0.004054154432326622,0.04745951744267338,0.06015482994267338,0.022557173692673377,-0.030909623182326623,-0.05800923255732662,-0.021388138807326623,0.04916850181767338,0.08115092369267338,0.05136576744267338,-0.008936966932326623,-0.05385884193232662,-0.03798970130732662,0.030125533067673377,0.07553568931767338,0.05795756431767338,0.004002486192673378,-0.04653462318232662,-0.05678852943232662,-0.011378373182326623,0.04575053306767338,0.04868022056767338,0.0013169393176733777,-0.04140767005732662,-0.05410298255732662,-0.030909623182326623,0.009129439317673377,0.026219283067673377,0.0015610799426733777,-0.024806107557326623,-0.021876420057326623,-0.012843216932326623,0.0032700643176733777,0.026951704942673377,0.025486861192673377,-0.0030775919323266223,-0.016017045057326623,-0.005030716932326622,0.0025376424426733777,0.006199751817673378,0.011814986192673377,0.004002486192673378,-0.005518998182326622,0.006932173692673378,0.023777876817673377,0.0027817830676733777,-0.027003373182326623,-0.022608841932326623,0.010838423692673377,0.030613814317673377,0.029148970567673377,0.018895064317673377,-0.007716263807326622,-0.013819779432326623,0.012303267442673377,0.030125533067673377,0.03378764244267338,0.03403178306767338,0.018650923692673377,-0.017481888807326623,-0.03286274818232662,-0.0008803263073266223,0.03256693931767338,0.028904829942673377,0.006932173692673378,0.00034037681767337766,-0.004054154432326622,-0.022120560682326623,-0.025050248182326623,0.0005845174426733777,0.019383345567673377,0.009617720567673377,0.0008286580676733777,0.0022935018176733777,-0.0025893106823266223,-0.008692826307326623,-0.004054154432326622,0.0025376424426733777,-0.0016127481823266223,-0.004542435682326622,-0.0025893106823266223,-0.013575638807326623,-0.03530415443232662,-0.028468216932326623,-0.00039204505732662234,0.005711470567673378,-0.015528763807326623,-0.03237446693232662,-0.019923295057326623,-0.011378373182326623,-0.025538529432326623,-0.026759232557326623,-0.005030716932326622,0.012303267442673377,-0.0038100138073266223,-0.028468216932326623,-0.028712357557326623,-0.022364701307326623,-0.016261185682326623,-0.006495560682326622,-0.0016127481823266223,-0.018702591932326623,-0.03652485755732662,-0.028468216932326623,-0.015284623182326623,-0.016993607557326623,-0.018946732557326623,-0.009669388807326623,-0.010401810682326623,-0.028224076307326623,-0.03554829505732662,-0.013087357557326623,0.013768111192673377,0.006688033067673378,-0.030665482557326623,-0.04751118568232662,-0.014552201307326623,0.023777876817673377,0.029393111192673377,0.007908736192673377,-0.014552201307326623,-0.014796341932326623,-0.0033217325573266223,0.011570845567673377,0.028904829942673377,0.030369673692673377,0.008152876817673377,-0.022120560682326623,-0.011134232557326623,0.029881392442673377,0.04086772056767338,0.019139204942673377,-0.008448685682326623,-0.009913529432326623,0.004246626817673378,0.018650923692673377,0.027684126817673377,0.026707564317673377,0.017918501817673377,0.014012251817673377,0.017918501817673377,0.021824751817673377,0.025975142442673377,0.026219283067673377,0.025486861192673377,0.024510298692673377,0.029637251817673377,0.03793803306767338,0.03793803306767338,0.030125533067673377,0.011570845567673377,0.0037583455676733777,0.026219283067673377,0.04282084556767338,0.03452006431767338,0.021092329942673377,0.013279829942673377,0.009861861192673377,0.005711470567673378,0.0027817830676733777,0.0037583455676733777,0.0037583455676733777,-0.0016127481823266223,-0.005763138807326622,-0.009913529432326623,-0.006983841932326622,-0.0033217325573266223,-0.008692826307326623,-0.011866654432326623,-0.014063920057326623,-0.011622513807326623,-0.0033217325573266223,-0.0030775919323266223,-0.006495560682326622,-0.0025893106823266223,0.0025376424426733777,0.0030259236926733777,-0.0025893106823266223,-0.0016127481823266223,0.006443892442673378,0.004979048692673378,-0.004298295057326622,-0.004542435682326622,0.0032700643176733777,0.0013169393176733777,-0.0028334513073266223,-0.004786576307326622,-0.009669388807326623,-0.009425248182326623,-0.0008803263073266223,-0.010157670057326623,-0.03335102943232662,-0.04336079505732662,-0.03676899818232662,-0.018214310682326623,-0.004542435682326622,-0.007227982557326622,-0.018946732557326623,-0.028712357557326623,-0.03579243568232662,-0.03579243568232662,-0.028712357557326623,-0.014063920057326623,-0.004054154432326622,-0.006739701307326622,-0.018702591932326623,-0.029688920057326623,-0.028956498182326623,-0.009669388807326623,0.015232954942673377,0.012791548692673377,-0.025050248182326623,-0.04482563880732662,-0.017237748182326623,0.022068892442673377,0.03427592369267338,0.005223189317673378,-0.025782670057326623,-0.029444779432326623,-0.0013686075573266223,0.03622904869267338,0.05576029869267338,0.03378764244267338,-0.017481888807326623,-0.04531392005732662,-0.014308060682326623,0.04623881431767338,0.06479350181767338,0.03574076744267338,-0.010645951307326623,-0.03139790443232662,-0.0023451700573266223,0.05356303306767338,0.07602397056767338,0.03256693931767338,-0.016017045057326623,-0.018458451307326623,0.024022017442673377,0.06308451744267338,0.05478373619267338,0.009373579942673377,-0.03335102943232662,-0.027491654432326623,0.017918501817673377,0.05576029869267338,0.03671732994267338,-0.021876420057326623,-0.06093892005732662,-0.04726704505732662,0.004002486192673378,0.03793803306767338,0.021336470567673377,-0.027003373182326623,-0.05507954505732662,-0.04653462318232662,-0.013575638807326623,0.008152876817673377,0.004979048692673378,-0.014308060682326623,-0.04043110755732662,-0.03725727943232662,-0.0035658731823266223,0.026463423692673377,0.029637251817673377,0.0035142049426733777,-0.020411576307326623,-0.012843216932326623,0.020115767442673377,0.04526225181767338,0.04745951744267338,0.019871626817673377,-0.014308060682326623,-0.013087357557326623,0.022557173692673377,0.04819193931767338,0.03574076744267338,9.623619267337766e-05,-0.023829545057326623,-0.019679154432326623,-0.005030716932326622,0.008641158067673377,0.011326704942673377,-0.007472123182326622,-0.04458149818232662,-0.05507954505732662,-0.03823384193232662,-0.010157670057326623,0.010350142442673377,0.0005845174426733777,-0.027491654432326623,-0.04653462318232662,-0.04018696693232662,-0.019923295057326623,-0.0038100138073266223,-0.007472123182326622,-0.023341263807326623,-0.021632279432326623,0.0018052205676733777,0.017674361192673377,0.014256392442673377,0.004734908067673378,0.011082564317673377,0.024510298692673377,0.030857954942673377,0.03427592369267338,0.03989115806767338,0.03793803306767338,0.03183451744267338,0.03403178306767338,0.04111186119267338,0.04868022056767338,0.04013529869267338,0.021092329942673377,0.006443892442673378,0.008885298692673377,0.021092329942673377,0.021824751817673377,0.011570845567673377,-0.0016127481823266223,-0.006495560682326622,-0.014308060682326623,-0.024317826307326623,-0.024317826307326623,-0.017237748182326623,-0.012599076307326623,-0.024806107557326623,-0.04653462318232662,-0.05532368568232662,-0.04506977943232662,-0.024806107557326623,-0.014063920057326623,-0.024317826307326623,-0.03628071693232662,-0.024073685682326623,-0.005518998182326622,-0.00014790443232662234,-0.0035658731823266223,-0.0038100138073266223,0.008641158067673377,0.027439986192673377,0.03915873619267338,0.03867045494267338,0.025975142442673377,0.013768111192673377,0.015232954942673377,0.026707564317673377,0.04208842369267338,0.04477397056767338,0.023045454942673377,-0.006983841932326622,-0.020899857557326623,-0.006983841932326622,0.023777876817673377,0.027928267442673377,-0.011866654432326623,-0.04848774818232662,-0.04116352943232662,-0.013087357557326623,0.0020493611926733777,-0.012354935682326623,-0.04433735755732662,-0.06557759193232662,-0.06582173255732662,-0.05605610755732662,-0.03725727943232662,-0.017726029432326623,-0.010157670057326623,-0.017970170057326623,-0.030421341932326623,-0.022852982557326623,-0.0030775919323266223,0.018162642442673377,0.021580611192673377,0.008397017442673377,0.008397017442673377,0.029393111192673377,0.05038920494267338,0.04868022056767338,0.03354350181767338,0.020604048692673377,0.014256392442673377,0.014012251817673377,0.023777876817673377,0.021824751817673377,0.006443892442673378,0.004490767442673378,0.013768111192673377,0.014988814317673377,0.007420454942673378,-0.006007279432326622,-0.025294388807326623,-0.03481587318232662,-0.024806107557326623,-0.012354935682326623,-0.015528763807326623,-0.029200638807326623,-0.04018696693232662,-0.04018696693232662,-0.029933060682326623,-0.009669388807326623,0.006443892442673378,0.004490767442673378,-0.005274857557326622,-0.006007279432326622,0.011814986192673377,0.027439986192673377,0.022313033067673377,0.024022017442673377,0.03891459556767338,0.04916850181767338,0.04965678306767338,0.03769389244267338,0.026463423692673377,0.020604048692673377,0.024266158067673377,0.03720561119267338,0.04037943931767338,0.023045454942673377,0.010350142442673377,0.015721236192673377,0.013279829942673377,-0.0035658731823266223,-0.016749466932326623,-0.022852982557326623,-0.024317826307326623,-0.013819779432326623,-0.012843216932326623,-0.03164204505732662,-0.05288227943232662,-0.05922993568232662,-0.04165181068232662,-0.018214310682326623,-0.008204545057326623,-0.005518998182326622,-0.0038100138073266223,0.0020493611926733777,0.0027817830676733777,-0.0025893106823266223,-0.0028334513073266223,0.0032700643176733777,0.017918501817673377,0.025731001817673377,0.024266158067673377,0.012791548692673377,-0.004786576307326622,-0.010645951307326623,0.005711470567673378,0.024022017442673377,0.015965376817673377,-0.006007279432326622,-0.026515091932326623,-0.022120560682326623,-0.013331498182326623,-0.005518998182326622,-0.006495560682326622,-0.026026810682326623,-0.04970845130732662,-0.05678852943232662,-0.04653462318232662,-0.021632279432326623,-0.0008803263073266223,-0.0038100138073266223,-0.007227982557326622,-0.0008803263073266223,0.013768111192673377,0.016209517442673377,0.012547408067673377,0.014012251817673377,0.021336470567673377,0.03232279869267338,0.04184428306767338,0.03574076744267338,0.023045454942673377,0.007908736192673377,0.0027817830676733777,0.016209517442673377,0.03452006431767338,0.04037943931767338,0.019627486192673377,-0.017481888807326623,-0.027979935682326623,0.004734908067673378,0.023533736192673377,0.004979048692673378,-0.024806107557326623,-0.05141743568232662,-0.05898579505732662,-0.03310688880732662,-0.006007279432326622,0.0035142049426733777,-0.011622513807326623,-0.019679154432326623,-0.012843216932326623,0.0025376424426733777,0.018895064317673377,0.011570845567673377,0.0027817830676733777,0.006199751817673378,0.018162642442673377,0.03207865806767338,0.03207865806767338,0.020115767442673377,0.008641158067673377,0.00034037681767337766,0.0015610799426733777,0.009617720567673377,0.017918501817673377,0.017186079942673377,0.006199751817673378,-0.011866654432326623,-0.019190873182326623,-0.014063920057326623,-0.009913529432326623,-0.021632279432326623,-0.03237446693232662,-0.03603657630732662,-0.03945454505732662,-0.03188618568232662,-0.013575638807326623,-0.012843216932326623,-0.018946732557326623,-0.010157670057326623,0.006199751817673378,0.007664595567673378,0.006688033067673378,0.012059126817673377,0.029148970567673377,0.03989115806767338,0.03329936119267338,0.018406783067673377,0.0030259236926733777,0.006688033067673378,0.021580611192673377,0.03281107994267338,0.020115767442673377,-0.006739701307326622,-0.021143998182326623,-0.016749466932326623,-0.0028334513073266223,0.006932173692673378,0.0008286580676733777,-0.013331498182326623,-0.03383931068232662,-0.04067524818232662,-0.025294388807326623,-0.0035658731823266223,0.006932173692673378,-0.005518998182326622,-0.016017045057326623,-0.0006361856823266223,0.014256392442673377,0.024266158067673377,0.026219283067673377,0.026219283067673377,0.028172408067673377,0.028660689317673377,0.019383345567673377,0.010838423692673377,0.015232954942673377,0.020848189317673377,0.017186079942673377,0.004734908067673378,-0.010401810682326623,-0.017970170057326623,-0.018702591932326623,-0.010890091932326623,-0.006495560682326622,-0.014552201307326623,-0.030909623182326623,-0.04726704505732662,-0.029933060682326623,-0.0028334513073266223,0.0008286580676733777,-0.019435013807326623,-0.03432759193232662,-0.019923295057326623,0.006688033067673378,0.018650923692673377,0.018650923692673377,0.004246626817673378,0.008641158067673377,0.023533736192673377,0.026463423692673377,0.03183451744267338,0.021336470567673377,-0.0013686075573266223,-0.008936966932326623,0.006932173692673378,0.024998579942673377,0.025975142442673377,0.0030259236926733777,-0.03457173255732662,-0.05483540443232662,-0.03921040443232662,-0.008692826307326623,0.006443892442673378,-0.008204545057326623,-0.03847798255732662,-0.04946431068232662,-0.027735795057326623,0.0010727986926733777,0.020359908067673377,0.011326704942673377,-0.005518998182326622,-0.0008803263073266223,0.013768111192673377,0.028904829942673377,0.030613814317673377,0.017674361192673377,0.006688033067673378,0.008641158067673377,0.016453658067673377,0.018162642442673377,0.020115767442673377,0.011570845567673377,-0.005030716932326622,-0.007716263807326622,0.00034037681767337766,0.007420454942673378,-0.006739701307326622,-0.03945454505732662,-0.05678852943232662,-0.03603657630732662,9.623619267337766e-05,0.012547408067673377,-0.0011244669323266223,-0.019435013807326623,-0.009669388807326623,0.019871626817673377,0.028416548692673377,0.023533736192673377,0.026707564317673377,0.03159037681767338,0.03476420494267338,0.021580611192673377,0.004979048692673378,0.005955611192673378,0.018895064317673377,0.020604048692673377,0.0015610799426733777,-0.015284623182326623,-0.017237748182326623,0.00034037681767337766,0.010838423692673377,-0.013087357557326623,-0.04751118568232662,-0.05581196693232662,-0.03432759193232662,-0.004298295057326622,-0.004786576307326622,-0.025050248182326623,-0.029933060682326623,-0.010401810682326623,0.010106001817673377,0.018650923692673377,0.018162642442673377,0.018406783067673377,0.020359908067673377,0.015232954942673377,0.005467329942673378,0.007664595567673378,0.012547408067673377,0.007664595567673378,-0.004054154432326622,-0.015772904432326623,-0.008204545057326623,0.007664595567673378,0.006932173692673378,-0.015040482557326623,-0.03310688880732662,-0.03554829505732662,-0.028468216932326623,-0.021143998182326623,-0.009913529432326623,-0.004054154432326622,-0.005518998182326622,-0.006983841932326622,-0.009669388807326623,-0.00014790443232662234,0.024022017442673377,0.04550639244267338,0.03964701744267338,0.017918501817673377,0.006199751817673378,0.007664595567673378,0.025975142442673377,0.03183451744267338,0.005223189317673378,-0.025050248182326623,-0.028956498182326623,-0.010157670057326623,0.008641158067673377,0.0035142049426733777,-0.04140767005732662,-0.04140767005732662,-0.04775532630732662,-0.03408345130732662,-0.006007279432326622,0.017918501817673377,0.020604048692673377,-0.0028334513073266223,-0.022608841932326623,-0.0013686075573266223,0.03598490806767338,0.05502787681767338,0.04623881431767338,0.026707564317673377,0.006199751817673378,0.0015610799426733777,0.014744673692673377,0.030125533067673377,0.03256693931767338,0.015232954942673377,-0.009669388807326623,-0.018702591932326623,-0.007716263807326622,0.004002486192673378,0.0010727986926733777,-0.012354935682326623,-0.024561966932326623,-0.03261860755732662,-0.028712357557326623,-0.008936966932326623,0.010350142442673377,0.016453658067673377,0.011570845567673377,0.005711470567673378,0.006199751817673378,0.020604048692673377,0.04062357994267338,0.03598490806767338,0.004979048692673378,-0.013819779432326623,-0.005274857557326622,0.012303267442673377,0.017430220567673377,-0.007472123182326622,-0.04604634193232662,-0.06728657630732662,-0.06972798255732662,-0.04897602943232662,-0.014063920057326623,0.007420454942673378,0.009373579942673377,-0.012599076307326623,-0.03506001380732662,-0.029933060682326623,9.623619267337766e-05,0.03329936119267338,0.03964701744267338,0.027439986192673377,0.025242720567673377,0.027439986192673377,0.020115767442673377,0.012059126817673377,0.009129439317673377,0.004734908067673378,-0.008448685682326623,-0.03310688880732662,-0.04043110755732662,-0.019190873182326623,-0.0021010294323266223,-0.018702591932326623,-0.06069477943232662,-0.07973774818232662,-0.04116352943232662,0.011082564317673377,0.009861861192673377,-0.028956498182326623,-0.05898579505732662,-0.04580220130732662,-0.007960404432326623,0.0032700643176733777,-0.010157670057326623,-0.015528763807326623,-0.00014790443232662234,0.015232954942673377,0.010350142442673377,-0.0013686075573266223,0.004979048692673378,0.021336470567673377,0.023045454942673377,0.0005845174426733777,-0.016505326307326623,0.0027817830676733777,0.03525248619267338,0.029881392442673377,0.029881392442673377,0.0037583455676733777,-0.014063920057326623,-0.007960404432326623,0.007664595567673378,0.026463423692673377,0.03574076744267338,0.022801314317673377,0.007908736192673377,-0.0023451700573266223,0.004490767442673378,0.022801314317673377,0.03842631431767338,0.03525248619267338,0.021092329942673377,0.010838423692673377,0.016453658067673377,0.03403178306767338,0.04111186119267338,0.03329936119267338,0.018162642442673377,0.0025376424426733777,0.004979048692673378,0.022801314317673377,0.025242720567673377,0.014012251817673377,0.0018052205676733777,0.004979048692673378,0.015965376817673377,0.018406783067673377,0.0027817830676733777,-0.016261185682326623,-0.010401810682326623,0.018162642442673377,0.03744975181767338,0.027195845567673377,0.0027817830676733777,-0.008692826307326623,0.006932173692673378,0.03452006431767338,0.04306498619267338,0.03183451744267338,0.014988814317673377,0.00034037681767337766,0.0027817830676733777,0.010838423692673377,0.017186079942673377,0.015721236192673377,0.004979048692673378,-0.006739701307326622,-0.016017045057326623,-0.014063920057326623,-0.0025893106823266223,0.0018052205676733777,-0.011866654432326623,-0.030177201307326623,-0.03383931068232662,-0.025294388807326623
UR5e_W,0.01577200940860215,0.03823294690860215,0.03994193128360215,0.02773490003360215,0.01455130628360215,0.01088919690860215,0.01870169690860215,0.0006352906586021504,0.02627005628360215,0.00893607190860215,0.00429740003360215,0.00722708753360215,0.01210990003360215,0.00771536878360215,-0.00644478746639785,-0.01669869371639785,-0.01645455309139785,-0.01035103746639785,-0.00742134996639785,-0.01450142809139785,-0.02353463121639785,0.0006352906586021504,-0.02475533434139785,-0.01645455309139785,-0.01450142809139785,-0.01498970934139785,-0.02255806871639785,0.0006352906586021504,-0.03110299059139785,-0.02963814684139785,-0.01303658434139785,-0.01303658434139785,-0.02011666246639785,-0.02060494371639785,-0.01572213121639785,-0.01083931871639785,0.0006352906586021504,-0.01083931871639785,-0.01230416246639785,-0.01572213121639785,-0.00864205309139785,-0.0013178343413978496,0.0013677125336021504,0.0001470094086021504,-0.0035150999663978496,-0.00424752184139785,-0.00522408434139785,-0.0025385374663978496,-0.0008295530913978496,-0.0003412718413978496,0.00527396253360215,0.01064505628360215,0.0006352906586021504,0.01088919690860215,0.01015677503360215,0.00698294690860215,0.00429740003360215,0.00747122815860215,0.01137747815860215,0.01381888440860215,0.00991263440860215,0.01015677503360215,0.01210990003360215,0.00869193128360215,0.00820365003360215,0.00771536878360215,0.01064505628360215,0.01674857190860215,0.01552786878360215,0.00844779065860215,-0.0003412718413978496,-0.00449166246639785,0.0018559937836021504,0.00966849378360215,0.01674857190860215,0.01406302503360215,0.0006352906586021504,-0.00620064684139785,-0.0037592405913978496,0.00722708753360215,0.01967825940860215,0.01406302503360215,-0.0022943968413978496,-0.00913033434139785,-0.0032709593413978496,0.00502982190860215,0.0006352906586021504,0.01040091565860215,0.00673880628360215,-0.00815377184139785,-0.00815377184139785,0.0028325562836021504,0.00502982190860215,0.0006352906586021504,-0.0027826780913978496,-0.0018061155913978496,0.00429740003360215,-0.0005854124663978496,-0.00913033434139785,-0.00742134996639785,0.0018559937836021504,0.00502982190860215,-9.713121639784959e-05,-0.00864205309139785,-0.00937447496639785,-0.0037592405913978496,0.0011235719086021504,0.0030766969086021504,-0.00473580309139785,-0.01132759996639785,-0.01401314684139785,-0.00522408434139785,0.00844779065860215,0.00698294690860215,-0.00449166246639785,-0.01328072496639785,-0.01352486559139785,-0.00620064684139785,-0.0008295530913978496,-0.0027826780913978496,-0.01206002184139785,-0.01767525621639785,-0.01303658434139785,-0.00937447496639785,-0.00400338121639785,-0.0010736937163978496,-0.0032709593413978496,-0.00620064684139785,-0.0035150999663978496,0.0006352906586021504,0.0018559937836021504,0.0003911500336021504,-0.00473580309139785,-0.0037592405913978496,0.0035649781586021504,0.00942435315860215,0.00625052503360215,0.0011235719086021504,0.0021001344086021504,0.00820365003360215,0.01674857190860215,0.01552786878360215,0.00478568128360215,0.00405325940860215,0.01284232190860215,0.01040091565860215,0.01113333753360215,0.01723685315860215,0.01308646253360215,0.0025884156586021504,0.00454154065860215,0.01650443128360215,0.02187552503360215,0.02211966565860215,0.01626029065860215,0.00966849378360215,0.00795950940860215,0.01040091565860215,0.01479544690860215,0.00893607190860215,-0.00449166246639785,-0.01132759996639785,-0.00693306871639785,0.0025884156586021504,0.0038091187836021504,-0.0008295530913978496,-0.01083931871639785,-0.02109322496639785,-0.01523384996639785,0.0025884156586021504,0.0038091187836021504,-0.01889595934139785,-0.04868111559139785,-0.05991158434139785,-0.04550728746639785,-0.02988228746639785,-0.02475533434139785,-0.03769478746639785,-0.05991158434139785,-0.06015572496639785,-0.03818306871639785,-0.01621041246639785,-0.01743111559139785,-0.03232369371639785,-0.04453072496639785,-0.04355416246639785,-0.01718697496639785,0.01137747815860215,0.01748099378360215,0.00551810315860215,-0.00693306871639785,-0.00424752184139785,0.01577200940860215,0.03139700940860215,0.03457083753360215,0.02871146253360215,0.02211966565860215,0.02675833753360215,0.04140677503360215,0.04897513440860215,0.03945365003360215,0.02871146253360215,0.02431693128360215,0.02407279065860215,0.03335013440860215,0.04775443128360215,0.04799857190860215,0.03774466565860215,0.02822318128360215,0.02211966565860215,0.02675833753360215,0.03725638440860215,0.03676810315860215,0.02919974378360215,0.02138724378360215,0.01455130628360215,0.01381888440860215,0.01308646253360215,0.01040091565860215,0.0028325562836021504,-0.00790963121639785,-0.01108345934139785,-0.0027826780913978496,0.0016118531586021504,-0.00522408434139785,-0.01938424059139785,-0.03110299059139785,-0.02963814684139785,-0.02084908434139785,-0.01523384996639785,-0.01547799059139785,-0.02280220934139785,-0.03012642809139785,-0.02744088121639785,-0.02255806871639785,-0.02524361559139785,-0.03037056871639785,-0.03110299059139785,-0.02280220934139785,-0.0022943968413978496,0.00698294690860215,0.0008794312836021504,-0.01621041246639785,-0.02646431871639785,-0.01376900621639785,0.00454154065860215,0.00771536878360215,0.0013677125336021504,-0.0013178343413978496,0.0011235719086021504,0.01210990003360215,0.02089896253360215,0.01650443128360215,-0.00449166246639785,-0.02133736559139785,-0.01206002184139785,0.01479544690860215,0.03115286878360215,0.02919974378360215,0.01723685315860215,0.0038091187836021504,-0.0032709593413978496,-0.0010736937163978496,0.00600638440860215,0.01210990003360215,0.00893607190860215,0.0001470094086021504,-0.00644478746639785,-0.00742134996639785,0.0030766969086021504,0.01162161878360215,0.0011235719086021504,-0.01010689684139785,-0.01206002184139785,-0.01474556871639785,-0.01206002184139785,-0.00449166246639785,0.00527396253360215,0.0006352906586021504,-0.01279244371639785,-0.02206978746639785,-0.01547799059139785,0.0006352906586021504,0.0023442750336021504,-0.00620064684139785,-0.02036080309139785,-0.03159127184139785,-0.01718697496639785,0.00454154065860215,0.00991263440860215,0.0033208375336021504,-0.00571236559139785,-0.0027826780913978496,0.00405325940860215,0.00429740003360215,0.00795950940860215,0.01479544690860215,0.00869193128360215,0.00405325940860215,0.00673880628360215,0.01381888440860215,0.02187552503360215,0.02065482190860215,0.01503958753360215,0.00722708753360215,0.00527396253360215,0.01406302503360215,0.02187552503360215,0.01992240003360215,0.01626029065860215,0.02187552503360215,0.02211966565860215,0.01064505628360215,0.00454154065860215,0.0023442750336021504,-0.0003412718413978496,-0.0020502562163978496,0.0008794312836021504,0.0011235719086021504,-0.0015619749663978496,-0.00693306871639785,-0.01767525621639785,-0.02353463121639785,-0.01962838121639785,-0.01425728746639785,-0.01645455309139785,-0.01743111559139785,-0.01621041246639785,-0.00839791246639785,-0.0008295530913978496,-0.00717720934139785,-0.02231392809139785,-0.03207955309139785,-0.02499947496639785,-0.00644478746639785,0.0001470094086021504,-0.00473580309139785,-0.0025385374663978496,-0.0008295530913978496,-0.00546822496639785,-0.00766549059139785,-0.01157174059139785,-0.01621041246639785,-0.00571236559139785,0.01064505628360215,0.01845755628360215,0.01699271253360215,0.00771536878360215,-0.0020502562163978496,-0.00449166246639785,0.0035649781586021504,0.01918997815860215,0.02700247815860215,0.01577200940860215,0.0016118531586021504,0.00869193128360215,0.02749075940860215,0.03310599378360215,0.01796927503360215,-0.00766549059139785,-0.01547799059139785,0.0001470094086021504,0.01796927503360215,0.02529349378360215,0.01552786878360215,-0.0037592405913978496,-0.01450142809139785,-0.00571236559139785,0.01137747815860215,0.01796927503360215,0.01259818128360215,0.0008794312836021504,-0.00497994371639785,-9.713121639784959e-05,0.00893607190860215,0.00991263440860215,0.0001470094086021504,-0.00766549059139785,-0.01010689684139785,-0.00400338121639785,0.0035649781586021504,0.00673880628360215,0.00722708753360215,0.00844779065860215,0.00673880628360215,0.0038091187836021504,0.00893607190860215,0.00869193128360215,-9.713121639784959e-05,-0.00473580309139785,0.00747122815860215,0.02187552503360215,0.01699271253360215,0.0025884156586021504,-0.00644478746639785,-0.00546822496639785,0.0035649781586021504,0.0038091187836021504,-0.00424752184139785,-0.00766549059139785,-0.00424752184139785,-0.0015619749663978496,-0.00473580309139785,-0.01425728746639785,-0.02939400621639785,-0.03818306871639785,-0.03037056871639785,-0.01596627184139785,-0.01230416246639785,-0.01767525621639785,-0.02084908434139785,-0.02255806871639785,-0.02597603746639785,-0.02377877184139785,-0.01645455309139785,-0.00839791246639785,-0.00497994371639785,-0.00595650621639785,-0.00913033434139785,-0.00913033434139785,-0.00668892809139785,-0.01181588121639785,-0.01450142809139785,-0.0018061155913978496,0.01455130628360215,0.02456107190860215,0.02797904065860215,0.02407279065860215,0.01577200940860215,0.00942435315860215,0.01333060315860215,0.02431693128360215,0.03823294690860215,0.03945365003360215,0.02822318128360215,0.01723685315860215,0.01577200940860215,0.02407279065860215,0.03017630628360215,0.02797904065860215,0.02114310315860215,0.01186575940860215,0.01015677503360215,0.02260794690860215,0.02236380628360215,0.00429740003360215,-0.01206002184139785,-0.01816353746639785,-0.01840767809139785,-0.01108345934139785,-0.0027826780913978496,-0.0027826780913978496,-0.01035103746639785,-0.02280220934139785,-0.03452095934139785,-0.02988228746639785,-0.01572213121639785,-0.01645455309139785,-0.02646431871639785,-0.03378853746639785,-0.03452095934139785,-0.02475533434139785,-0.00913033434139785,-0.0030268187163978496,-0.00620064684139785,-0.01498970934139785,-0.02011666246639785,-0.01328072496639785,0.0025884156586021504,0.01333060315860215,0.01040091565860215,0.00576224378360215,0.0023442750336021504,0.0021001344086021504,0.01040091565860215,0.02651419690860215,0.03432669690860215,0.03090872815860215,0.02016654065860215,0.00747122815860215,0.00820365003360215,0.02431693128360215,0.03579154065860215,0.02822318128360215,0.01626029065860215,0.01064505628360215,0.00576224378360215,0.00673880628360215,0.01088919690860215,0.00649466565860215,-0.0035150999663978496,-0.00937447496639785,-0.00473580309139785,0.0003911500336021504,-0.0008295530913978496,-0.00790963121639785,-0.01523384996639785,-0.02206978746639785,-0.02109322496639785,-0.01181588121639785,-0.0022943968413978496,-0.0005854124663978496,-0.00961861559139785,-0.02133736559139785,-0.02524361559139785,-0.00473580309139785,0.01381888440860215,0.01235404065860215,0.00747122815860215,0.0033208375336021504,0.0013677125336021504,0.00649466565860215,0.01699271253360215,0.02163138440860215,0.01748099378360215,0.00820365003360215,0.0003911500336021504,0.0023442750336021504,0.01528372815860215,0.02358450940860215,0.01455130628360215,-0.0010736937163978496,-0.01181588121639785,-0.01547799059139785,-0.01108345934139785,-0.0022943968413978496,0.0035649781586021504,-0.0022943968413978496,-0.02011666246639785,-0.03696236559139785,-0.03769478746639785,-0.02426705309139785,-0.01157174059139785,-0.0035150999663978496,-0.01035103746639785,-0.02499947496639785,-0.02792916246639785,-0.02597603746639785,-0.02548775621639785,-0.02109322496639785,-0.00620064684139785,0.00625052503360215,0.00502982190860215,-0.0022943968413978496,-0.0010736937163978496,0.01137747815860215,0.02382865003360215,0.02553763440860215,0.02480521253360215,0.02797904065860215,0.02480521253360215,0.02431693128360215,0.03115286878360215,0.03335013440860215,0.02407279065860215,0.01943411878360215,0.02627005628360215,0.03554740003360215,0.03847708753360215,0.0003911500336021504,0.0003911500336021504,-0.01523384996639785,-0.00546822496639785,0.01967825940860215,0.03066458753360215,0.01748099378360215,-0.00937447496639785,-0.03061470934139785,-0.03012642809139785,-0.00717720934139785,0.01015677503360215,-0.00400338121639785,-0.03500924059139785,-0.04697213121639785,-0.04208931871639785,-0.03549752184139785,-0.02158150621639785,-0.00937447496639785,-0.00668892809139785,-0.01206002184139785,-0.01669869371639785,-0.01694283434139785,-0.01108345934139785,-9.713121639784959e-05,0.01040091565860215,0.01528372815860215,0.01626029065860215,0.01699271253360215,0.01186575940860215,0.0011235719086021504,-0.00571236559139785,0.0008794312836021504,0.01870169690860215,0.03676810315860215,0.03237357190860215,0.00405325940860215,-0.02158150621639785,-0.02182564684139785,-9.713121639784959e-05,0.01381888440860215,0.00918021253360215,-0.00864205309139785,-0.02402291246639785,-0.02744088121639785,-0.01498970934139785,0.0025884156586021504,0.01040091565860215,-0.0010736937163978496,-0.02817330309139785,-0.04916939684139785,-0.04355416246639785,-0.01059517809139785,0.01308646253360215,0.00429740003360215,-0.01596627184139785,-0.01718697496639785,-0.0003412718413978496,0.01796927503360215,0.02114310315860215,0.02016654065860215,0.01796927503360215,0.01699271253360215,0.03066458753360215,0.03896536878360215,0.03652396253360215,0.03090872815860215,0.02553763440860215,0.02309622815860215,0.02456107190860215,0.02578177503360215,0.02041068128360215,0.00820365003360215,0.0038091187836021504,0.01137747815860215,0.01943411878360215,0.01479544690860215,-0.00693306871639785,-0.01791939684139785,-0.01181588121639785,-0.00473580309139785,-0.00864205309139785,-0.01987252184139785,-0.03037056871639785,-0.03745064684139785,-0.03745064684139785,-0.03012642809139785,-0.01914009996639785,-0.01352486559139785,-0.01791939684139785,-0.02695259996639785,-0.03159127184139785,-0.01938424059139785,0.00673880628360215,0.01674857190860215,0.00478568128360215,-0.00766549059139785,-0.0015619749663978496,0.01723685315860215,0.02163138440860215,0.00551810315860215,-0.00742134996639785,-0.00522408434139785,0.00502982190860215,0.00747122815860215,-0.0020502562163978496,-0.0020502562163978496,0.0028325562836021504,0.0038091187836021504,-0.00595650621639785,-0.01572213121639785,-0.00986275621639785,0.00502982190860215,0.0025884156586021504,-0.01352486559139785,-0.02280220934139785,-0.01743111559139785,-0.00742134996639785,-0.00449166246639785,-0.00888619371639785,-0.02158150621639785,-0.02646431871639785,-0.01547799059139785,0.00429740003360215,0.01308646253360215,0.01503958753360215,0.01894583753360215,0.00942435315860215,-0.0013178343413978496,0.01137747815860215,0.03652396253360215,0.04799857190860215,0.03798880628360215,0.01967825940860215,0.01186575940860215,0.01674857190860215,0.01601615003360215,0.01601615003360215,0.01723685315860215,0.02016654065860215,0.01943411878360215,0.00844779065860215,-0.0032709593413978496,-0.0032709593413978496,0.00771536878360215,0.01699271253360215,0.00649466565860215,-0.03134713121639785,-0.05478463121639785,-0.04135689684139785,-0.00961861559139785,0.00942435315860215,0.0016118531586021504,-0.01157174059139785,-0.02158150621639785,-0.02206978746639785,-0.0018061155913978496,0.01748099378360215,0.01381888440860215,-0.01010689684139785,-0.02060494371639785,-0.00522408434139785,0.01601615003360215,0.02749075940860215,0.02016654065860215,-0.0025385374663978496,-0.02499947496639785,-0.03110299059139785,-0.01279244371639785,0.01308646253360215,0.01235404065860215,-0.01352486559139785,-0.03549752184139785,-0.02353463121639785,0.01113333753360215,0.02578177503360215,-0.0032709593413978496,-0.05039009996639785,-0.07211861559139784,-0.04550728746639785,0.0006352906586021504,0.01943411878360215,0.0016118531586021504,-0.02890572496639785,-0.03647408434139785,-0.01108345934139785,0.03139700940860215,0.05117240003360215,0.03017630628360215,-0.0032709593413978496,-0.01938424059139785,-0.0020502562163978496,0.03627982190860215,0.05092825940860215,0.03383841565860215,0.00429740003360215,-0.01718697496639785,-0.01254830309139785,0.01626029065860215,0.04091849378360215,0.03750052503360215,0.00673880628360215,-0.01083931871639785,0.00576224378360215,0.03457083753360215,0.02871146253360215,-0.00864205309139785,-0.03110299059139785,-0.02377877184139785,-0.00449166246639785,0.01455130628360215,0.00600638440860215,-0.01572213121639785,-0.01572213121639785,0.0003911500336021504,0.02797904065860215,0.04018607190860215,0.02627005628360215,0.0025884156586021504,-0.00424752184139785,0.00942435315860215,0.02993216565860215,0.01479544690860215,0.01479544690860215,-0.01181588121639785,-0.02866158434139785,-0.01767525621639785,0.00893607190860215,0.02553763440860215,0.00893607190860215,-0.03183541246639785,-0.05331978746639785,-0.03110299059139785,0.00600638440860215,0.00600638440860215,-0.02622017809139785,-0.06674752184139784,-0.07260689684139784,-0.03574166246639785,0.01601615003360215,0.03042044690860215,-0.00473580309139785,-0.03940377184139785,-0.03037056871639785,0.01259818128360215,0.03969779065860215,0.03164115003360215,-0.0015619749663978496,-0.01743111559139785,0.0018559937836021504,0.02602591565860215,0.02822318128360215,0.0008794312836021504,-0.03232369371639785,-0.00693306871639785,-0.00693306871639785,0.02431693128360215,0.02895560315860215,0.00405325940860215,-0.02841744371639785,-0.03403267809139785,-0.01132759996639785,0.00869193128360215,0.01113333753360215,-0.00449166246639785,-0.02084908434139785,-0.02084908434139785,-0.01083931871639785,-0.01401314684139785,-0.02988228746639785,-0.03525338121639785,-0.02280220934139785,-0.0027826780913978496,0.02260794690860215,0.04409232190860215,0.01577200940860215,0.01577200940860215,-0.00766549059139785,-0.01743111559139785,-0.0013178343413978496,0.02651419690860215,0.03627982190860215,0.01943411878360215,-0.0035150999663978496,-0.01425728746639785,-0.01181588121639785,0.02480521253360215,0.02480521253360215,0.02627005628360215,0.00747122815860215,0.0006352906586021504,-0.01743111559139785,-0.00595650621639785,0.01918997815860215,0.02773490003360215,0.01552786878360215,-0.00742134996639785,0.01528372815860215,0.01528372815860215,0.03896536878360215,0.04140677503360215,0.02919974378360215,0.01064505628360215,0.00771536878360215,0.01845755628360215,0.02553763440860215,0.02553763440860215,0.02407279065860215,0.01528372815860215,-0.0027826780913978496,-0.01694283434139785,-0.01132759996639785,-0.01132759996639785,0.0016118531586021504,0.01626029065860215,0.01772513440860215,-0.0003412718413978496,-0.02084908434139785,-0.02670845934139785,-0.01328072496639785,0.00893607190860215,0.02285208753360215,0.01235404065860215,-0.01816353746639785,-0.03915963121639785,-0.03647408434139785,-0.02109322496639785,-0.00449166246639785,-0.01010689684139785,-0.03354439684139785,-0.04477486559139785,-0.03330025621639785,-0.0018061155913978496,0.01821341565860215,0.01821341565860215,-0.01669869371639785,-0.03940377184139785,-0.03525338121639785,-0.00937447496639785,0.01772513440860215,0.02211966565860215,0.00527396253360215,-0.01230416246639785,-0.01401314684139785,0.0035649781586021504,0.02358450940860215,0.02871146253360215,0.01821341565860215,0.0023442750336021504,-0.0022943968413978496,0.00844779065860215,0.02016654065860215,0.01748099378360215,0.0013677125336021504,-0.00717720934139785,-0.00717720934139785,0.01357474378360215,0.02382865003360215,0.01162161878360215,-0.01010689684139785,-0.01572213121639785,-0.0003412718413978496,0.01430716565860215,0.01406302503360215,0.00673880628360215,-0.00693306871639785,-0.01743111559139785,-0.01401314684139785,-0.0015619749663978496,0.00771536878360215,0.00722708753360215,-0.00571236559139785,-0.01645455309139785,-0.00644478746639785,0.01186575940860215,0.01601615003360215,-0.01010689684139785,-0.01010689684139785,-0.01132759996639785,0.00405325940860215,0.01699271253360215,0.01845755628360215,0.01210990003360215,-9.713121639784959e-05,-0.00400338121639785,0.0035649781586021504,0.01333060315860215,0.01870169690860215,0.01284232190860215,0.0003911500336021504,-0.00644478746639785,-0.00595650621639785,0.0030766969086021504,0.00625052503360215,0.0006352906586021504,-0.00644478746639785,-0.00668892809139785,-0.0008295530913978496,0.0021001344086021504,-0.0015619749663978496,-0.01035103746639785,-0.01498970934139785,-0.01621041246639785,-0.01279244371639785,-0.00497994371639785,-0.0020502562163978496,-0.0037592405913978496,-0.00668892809139785,-0.01108345934139785,-0.00937447496639785,-0.00424752184139785,-0.0025385374663978496,-0.0005854124663978496,-0.0010736937163978496,-0.00815377184139785,-0.01108345934139785,-0.00742134996639785,-0.0032709593413978496,-0.0005854124663978496,-0.0018061155913978496,0.0018559937836021504,0.0018559937836021504,0.0018559937836021504,0.0013677125336021504,-0.0005854124663978496,-9.713121639784959e-05,0.00502982190860215,0.00405325940860215,0.0001470094086021504,0.0021001344086021504,0.0021001344086021504,0.0021001344086021504,0.00698294690860215,0.00698294690860215,0.00551810315860215,0.00502982190860215,0.00454154065860215,0.00795950940860215,0.00551810315860215,-0.01352486559139785,-0.02402291246639785,-0.02402291246639785,0.00405325940860215,0.02382865003360215,0.02553763440860215,0.01406302503360215,0.01455130628360215,0.04335990003360215,0.07485404065860216,0.07290091565860216,0.00527396253360215,0.00527396253360215,0.00649466565860215,0.03530325940860215,0.05581107190860215,0.04433646253360215,0.00820365003360215,-0.02280220934139785,-0.02890572496639785,-0.01376900621639785,-0.0035150999663978496,-0.00790963121639785,-0.02597603746639785,-0.04648384996639785,-0.04819283434139785,-0.02963814684139785,-0.01279244371639785,-0.01230416246639785,-0.02841744371639785,-0.04599556871639785,-0.04501900621639785,-0.0020502562163978496,-0.0020502562163978496,0.0033208375336021504,-0.00888619371639785,-0.02744088121639785,-0.03842720934139785,-0.04135689684139785,-0.03525338121639785,-0.02670845934139785,-0.02109322496639785,-0.01767525621639785,-0.01621041246639785,-0.02304634996639785,-0.03476509996639785,-0.03915963121639785,-0.02866158434139785,-0.0030268187163978496,0.01308646253360215,-0.0013178343413978496,-0.02939400621639785,-0.04599556871639785,0.00893607190860215,0.00893607190860215,0.04213919690860215,0.04018607190860215,0.00551810315860215,-0.02402291246639785,-0.01938424059139785,0.00966849378360215,0.04067435315860215,0.04653372815860215,0.01821341565860215,0.01821341565860215,0.02578177503360215,0.03847708753360215,0.03945365003360215,0.02651419690860215,0.01967825940860215,0.01821341565860215,0.01821341565860215,0.01821341565860215,0.00771536878360215,0.00771536878360215,-0.00497994371639785,-0.01645455309139785,-0.00888619371639785,0.01723685315860215,0.03432669690860215,0.03481497815860215,0.02675833753360215,0.01699271253360215,0.03286185315860215,0.03286185315860215,0.04580130628360215,0.04287161878360215,0.03335013440860215,0.03212943128360215,0.03896536878360215,0.04726615003360215,0.04921927503360215,0.03579154065860215,0.01430716565860215,0.00478568128360215,0.00478568128360215,-0.0025385374663978496,-0.01157174059139785,-0.02597603746639785,-0.03915963121639785,-0.04257759996639785,-0.04086861559139785,-0.03671822496639785,-0.02280220934139785,0.01137747815860215,0.01137747815860215,0.00844779065860215,-0.00766549059139785,-0.01889595934139785,-0.01743111559139785,0.00722708753360215,0.04262747815860215,0.06093802503360215,0.05385794690860215,0.03920950940860215,0.02627005628360215,0.02627005628360215,-0.0030268187163978496,-0.06943306871639784,6.363538516464995e-05,6.363538516464995e-05,6.363538516464995e-05,-0.06088814684139785,-0.05039009996639785,-0.06479439684139784,-0.08383736559139784,-0.08383736559139784,-0.05136666246639785,-0.00913033434139785,0.02285208753360215,0.02919974378360215,0.02163138440860215,0.02871146253360215,0.05971732190860215,0.07802786878360216,-0.0020502562163978496,-0.0020502562163978496,-0.02646431871639785,0.0033208375336021504,0.05019583753360215,0.06069388440860215,0.02065482190860215,-0.04331002184139785,-0.07944283434139784,-0.06577095934139784,-0.01743111559139785,0.03335013440860215,0.03335013440860215,0.03212943128360215,0.02138724378360215,0.00991263440860215,0.01455130628360215,0.02919974378360215,0.04921927503360215,0.06215872815860215,0.06875052503360216,0.07363333753360216,0.01967825940860215,0.01967825940860215,-0.01767525621639785,-0.04160103746639785,-0.04208931871639785,-0.01938424059139785,-0.00400338121639785,-0.0020502562163978496,-0.01718697496639785,-0.04184517809139785,-0.03842720934139785,-0.03842720934139785,-0.00595650621639785,0.02041068128360215,0.01796927503360215,-0.00986275621639785,-0.02329049059139785,-0.00473580309139785,0.02114310315860215,0.02749075940860215,0.00429740003360215,-0.03110299059139785,-0.03110299059139785,-0.00693306871639785,0.00673880628360215,-0.01523384996639785,-0.04819283434139785,-0.05795845934139785,-0.04868111559139785,-0.04111275621639785,-0.04721627184139785,-0.03915963121639785,-0.03915963121639785,-0.00620064684139785,0.01259818128360215,-0.0025385374663978496,-0.01328072496639785,-0.00497994371639785,0.00429740003360215,0.01699271253360215,0.03115286878360215,0.04604544690860215,0.03432669690860215,0.03432669690860215,0.01479544690860215,0.00771536878360215,0.01162161878360215,0.02700247815860215,0.03359427503360215,0.01381888440860215,-0.01376900621639785,-0.02060494371639785,-0.02890572496639785,-0.02890572496639785,-0.03915963121639785,-0.03818306871639785,-0.01206002184139785,0.02236380628360215,0.02700247815860215,-0.00473580309139785,-0.02377877184139785,-0.0032709593413978496,0.02358450940860215,0.02797904065860215,0.02797904065860215,0.02553763440860215,0.02871146253360215,0.02431693128360215,0.02431693128360215,0.03212943128360215,0.03603568128360215,0.04140677503360215,0.03335013440860215,-0.01498970934139785,-0.01645455309139785,-0.01645455309139785,-0.01914009996639785,-0.02914986559139785,-0.04062447496639785,-0.03671822496639785,-0.01767525621639785,-0.0035150999663978496,-0.00693306871639785,-0.00644478746639785,0.00991263440860215,0.02334036878360215,0.02334036878360215,0.02285208753360215,0.01943411878360215,0.01967825940860215,0.02675833753360215,0.03310599378360215,0.03823294690860215,0.03969779065860215,0.03823294690860215,0.02236380628360215,0.02651419690860215,0.02651419690860215,0.02627005628360215,0.01162161878360215,-0.01572213121639785,-0.03012642809139785,-0.02377877184139785,-0.01572213121639785,-0.01498970934139785,-0.02792916246639785,-0.04721627184139785,-0.04721627184139785,-0.02695259996639785,-0.0005854124663978496,0.01552786878360215,-0.0008295530913978496,-0.01572213121639785,-0.01035103746639785,-0.00473580309139785,-0.00595650621639785,0.0035649781586021504,0.0035649781586021504,0.02382865003360215,0.03237357190860215,0.02334036878360215,0.01088919690860215,0.0008794312836021504,0.00625052503360215,0.00771536878360215,-0.00522408434139785,-0.02914986559139785,-0.04086861559139785,-0.04086861559139785,-0.03134713121639785,-0.02451119371639785,-0.02939400621639785,-0.05258736559139785,-0.07456002184139784,-0.06699166246639784,-0.04038033434139785,-0.01181588121639785,-0.01132759996639785,-0.01132759996639785,-0.01376900621639785,-0.0030268187163978496,0.00966849378360215,0.00698294690860215,-0.00595650621639785,-0.00742134996639785,0.01894583753360215,0.05556693128360215,0.07070365003360216,0.01015677503360215,0.01015677503360215,-0.0003412718413978496,0.02968802503360215,0.06118216565860215,0.05459036878360215,0.01357474378360215,-0.02231392809139785,-0.03183541246639785,-0.01498970934139785,0.00600638440860215,-0.01328072496639785,-0.01328072496639785,-0.03427681871639785,-0.03574166246639785,-0.01840767809139785,0.0018559937836021504,0.02065482190860215,0.01699271253360215,-0.01254830309139785,-0.03769478746639785,0.02773490003360215,0.05434622815860215,0.05434622815860215,0.04433646253360215,0.00600638440860215,-0.02475533434139785,-0.00449166246639785,0.04360404065860215,0.06533255628360216,0.05019583753360215,0.02407279065860215,0.01210990003360215,0.00820365003360215,0.00625052503360215,0.00625052503360215,0.0035649781586021504,0.0021001344086021504,-0.0010736937163978496,-0.00864205309139785,-0.02255806871639785,-0.04038033434139785,-0.04038033434139785,-0.03354439684139785,-0.02866158434139785,-0.02329049059139785,-0.03256783434139785,-0.03256783434139785,-0.02377877184139785,-0.01206002184139785,-0.01035103746639785,-0.01132759996639785,-0.00424752184139785,0.00429740003360215,0.01186575940860215,0.01992240003360215,0.02797904065860215,0.02456107190860215,0.02456107190860215,0.01992240003360215,0.02211966565860215,0.03554740003360215,0.04067435315860215,0.03603568128360215,0.02749075940860215,0.02700247815860215,0.02211966565860215,0.00771536878360215,-0.01206002184139785,-0.01206002184139785,-0.02060494371639785,-0.00986275621639785,-0.0005854124663978496,-0.00766549059139785,-0.02402291246639785,-0.03305611559139785,-0.04038033434139785,-0.03647408434139785,-0.01108345934139785,-0.01108345934139785,-0.01450142809139785,-0.02914986559139785,-0.03622994371639785,-0.03037056871639785,-0.00693306871639785,0.01308646253360215,0.01455130628360215,0.00502982190860215,-0.0027826780913978496,-0.00790963121639785,-0.00815377184139785,0.02504935315860215,0.02504935315860215,0.04287161878360215,0.03359427503360215,0.00600638440860215,-0.01157174059139785,0.0003911500336021504,0.03408255628360215,0.04799857190860215,0.03310599378360215,-0.01303658434139785,-0.01303658434139785,-0.01059517809139785,-0.0018061155913978496,0.00795950940860215,0.00991263440860215,-0.0027826780913978496,-0.01840767809139785,-0.02841744371639785,-0.01547799059139785,-0.0015619749663978496,0.0028325562836021504,-0.03037056871639785,-0.03403267809139785,-0.03403267809139785,-0.01181588121639785,0.00771536878360215,0.00869193128360215,0.00478568128360215,-0.0022943968413978496,0.0003911500336021504,0.00649466565860215,0.00576224378360215,-0.00424752184139785,-0.00424752184139785,0.01552786878360215,0.02114310315860215,0.01186575940860215,-0.00424752184139785,-0.00961861559139785,0.00795950940860215,0.02578177503360215,0.02627005628360215,-0.0005854124663978496,-0.00497994371639785,-0.00497994371639785,-0.0032709593413978496,0.00527396253360215,0.0038091187836021504,-9.713121639784959e-05,-0.00497994371639785,-0.00961861559139785,-0.01157174059139785,-0.00913033434139785,-0.01669869371639785,0.0006352906586021504,-0.03647408434139785,-0.03183541246639785,-0.01572213121639785,-0.01132759996639785,-0.01694283434139785,-0.02451119371639785,-0.03061470934139785,-0.02084908434139785,0.0006352906586021504,0.01674857190860215,0.01918997815860215,-0.00839791246639785,-0.01425728746639785,-0.01425728746639785,0.0028325562836021504,0.03603568128360215,0.04287161878360215,0.02187552503360215,-0.00595650621639785,-0.01474556871639785,0.0008794312836021504,0.03188529065860215,0.05141654065860215,0.04189505628360215,0.00527396253360215,0.00527396253360215,0.00893607190860215,0.02285208753360215,0.02529349378360215,0.02065482190860215,0.01601615003360215,0.0038091187836021504,-0.0015619749663978496,0.0013677125336021504,0.0003911500336021504,-0.0037592405913978496,-0.0037592405913978496,-0.00571236559139785,-0.00961861559139785,-0.01303658434139785,-0.01791939684139785,-0.03061470934139785,-0.03281197496639785,-0.02597603746639785,-0.02011666246639785,-0.01572213121639785,-0.01718697496639785,-0.02304634996639785,-0.02133736559139785,-0.02133736559139785,-0.01621041246639785,-0.01181588121639785,-0.0018061155913978496,0.01284232190860215,0.02236380628360215,0.01821341565860215,0.00527396253360215,0.01967825940860215,0.03945365003360215,0.03945365003360215,0.03872122815860215,0.02675833753360215,0.00918021253360215,0.0028325562836021504,0.00747122815860215,0.02065482190860215,0.03359427503360215,0.04262747815860215,0.00966849378360215,-0.02182564684139785,-0.02182564684139785,-0.03256783434139785,-0.00742134996639785,0.02529349378360215,0.03408255628360215,0.01162161878360215,-0.02499947496639785,-0.04868111559139785,0.0006352906586021504,-0.02426705309139785,0.00673880628360215,-0.01694283434139785,-0.01694283434139785,-0.04526314684139785,-0.05161080309139785,-0.02817330309139785,-0.0010736937163978496,0.00478568128360215,-0.01230416246639785,-0.03403267809139785,-0.02963814684139785,-0.00693306871639785,-0.00693306871639785,0.0023442750336021504,0.0008794312836021504,-0.0025385374663978496,0.0016118531586021504,0.00722708753360215,0.00551810315860215,0.00405325940860215,0.01259818128360215,0.02407279065860215,0.03042044690860215,0.01821341565860215,0.01821341565860215,0.01210990003360215,0.00966849378360215,0.01284232190860215,0.02602591565860215,0.02773490003360215,0.01235404065860215,-0.00766549059139785,-0.01059517809139785,0.02700247815860215,0.02700247815860215,0.04604544690860215,0.02382865003360215,-0.01621041246639785,-0.04013619371639785,-0.03671822496639785,-0.0015619749663978496,0.03432669690860215,0.03994193128360215,-0.02426705309139785,-0.03281197496639785,-0.03281197496639785,-0.01279244371639785,0.01870169690860215,0.02846732190860215,0.01308646253360215,-0.01816353746639785,-0.03378853746639785,-0.01645455309139785,0.02382865003360215,0.01552786878360215,0.01552786878360215,-0.00961861559139785,-0.03207955309139785,-0.03549752184139785,-0.02182564684139785,0.0018559937836021504,0.02407279065860215,0.02016654065860215,-0.03745064684139785,-0.02963814684139785,-0.02963814684139785,-0.0025385374663978496,0.00991263440860215,0.01137747815860215,0.01015677503360215,0.00551810315860215,-0.00497994371639785,-0.01865181871639785,-0.02304634996639785,0.02675833753360215,0.02675833753360215,0.03408255628360215,0.02041068128360215,0.0021001344086021504,-0.01767525621639785,-0.01450142809139785,0.01308646253360215,0.04287161878360215,0.04360404065860215,-0.01621041246639785,-0.01621041246639785,-0.02841744371639785,-0.0025385374663978496,0.03212943128360215,0.03994193128360215,0.01601615003360215,-0.01596627184139785,-0.02280220934139785,-0.0005854124663978496,0.02358450940860215,0.0025884156586021504,0.0025884156586021504,-0.01596627184139785,-0.02451119371639785,-0.01621041246639785,0.00942435315860215,0.03042044690860215,0.01455130628360215,-0.02255806871639785,-0.02304634996639785,-0.00644478746639785,-0.00644478746639785,0.0008794312836021504,-0.0003412718413978496,-0.01181588121639785,-0.02158150621639785,-0.02622017809139785,-0.02206978746639785,-0.01279244371639785,-0.01035103746639785,-0.00766549059139785,-0.00766549059139785,-0.01328072496639785,-0.01401314684139785,-0.00620064684139785,0.00502982190860215,0.00429740003360215,-0.00961861559139785,-0.01694283434139785,-0.01181588121639785,0.01601615003360215,0.01845755628360215,0.01845755628360215,0.00551810315860215,-0.01328072496639785,-0.01572213121639785,0.00918021253360215,0.03432669690860215,0.03823294690860215,0.02236380628360215,-0.03207955309139785,-0.01425728746639785,-0.01425728746639785,0.03774466565860215,0.07119193128360216,0.04458060315860215,-0.01621041246639785,-0.03720650621639785,-0.00864205309139785,0.02358450940860215,0.02236380628360215,-0.00400338121639785,-0.00400338121639785,-0.02914986559139785,-0.02963814684139785,-0.00693306871639785,0.01406302503360215,0.01552786878360215,-0.00790963121639785,-0.02646431871639785,-0.00839791246639785,0.02358450940860215,0.02358450940860215,0.03432669690860215,0.00869193128360215,-0.02060494371639785,-0.02206978746639785,0.0038091187836021504,0.02675833753360215,0.02187552503360215,0.0001470094086021504,-0.01694283434139785,0.00405325940860215,0.00405325940860215,0.01552786878360215,0.00918021253360215,-0.00424752184139785,-0.00961861559139785,-0.00815377184139785,-0.0010736937163978496,0.00820365003360215,-0.01547799059139785,-0.03452095934139785,-0.03452095934139785,-0.02377877184139785,0.0030766969086021504,0.01333060315860215,0.0011235719086021504,-0.01669869371639785,-0.02231392809139785,-0.01596627184139785,-0.00766549059139785,-0.00400338121639785,-0.00644478746639785,-0.00644478746639785,-0.0008295530913978496,0.00649466565860215,0.00429740003360215,-0.00571236559139785,-0.01108345934139785,-0.00888619371639785,-0.0035150999663978496,0.01601615003360215,0.01064505628360215,0.01064505628360215,-0.0027826780913978496,-0.01279244371639785,-0.01230416246639785,0.00429740003360215,0.02016654065860215,0.01796927503360215,0.00551810315860215,-0.00571236559139785,0.00405325940860215,0.00405325940860215,0.01552786878360215,0.02382865003360215,0.02309622815860215,0.00820365003360215,-0.01132759996639785,-0.00644478746639785,0.01650443128360215,0.02260794690860215,-0.00424752184139785,-0.00522408434139785,-0.00522408434139785,-0.0003412718413978496,0.00722708753360215,0.00844779065860215,0.0013677125336021504,-0.00595650621639785,-0.00742134996639785,-0.0030268187163978496,0.00454154065860215,0.01015677503360215,0.00893607190860215,-0.00473580309139785,-0.01474556871639785,0.01137747815860215,0.01235404065860215,0.01235404065860215,-0.0018061155913978496,-0.01328072496639785,-0.01108345934139785,0.0023442750336021504,0.01259818128360215,0.00722708753360215,-0.00888619371639785,-0.01254830309139785,0.0025884156586021504,0.00844779065860215,0.00844779065860215,0.00893607190860215,-0.00400338121639785,-0.01303658434139785,-0.0037592405913978496,0.01333060315860215,0.01162161878360215,-0.00717720934139785,-0.02060494371639785,-0.0015619749663978496,-0.0015619749663978496,0.00795950940860215,-0.0022943968413978496,-0.02255806871639785,-0.02695259996639785,-0.00961861559139785,0.00551810315860215,0.0033208375336021504,-0.01425728746639785,-0.01743111559139785,0.0006352906586021504,0.0006352906586021504,0.01674857190860215,0.01430716565860215,-0.00620064684139785,-0.02646431871639785,-0.01962838121639785,0.00502982190860215,0.02480521253360215,0.0033208375336021504,-0.02231392809139785,-0.02231392809139785,-0.01547799059139785,0.01455130628360215,0.03335013440860215,0.02651419690860215,-0.0008295530913978496,-0.02548775621639785,-0.01889595934139785,0.02944388440860215,0.0025884156586021504,-0.02548775621639785,-0.02548775621639785,-0.02548775621639785,0.0006352906586021504,0.02480521253360215,0.01943411878360215,-0.01083931871639785,-0.02914986559139785,-0.01279244371639785,0.02407279065860215,0.01357474378360215,0.01357474378360215,-0.00815377184139785,-0.01987252184139785,-0.00839791246639785,0.01503958753360215,0.02358450940860215,0.01064505628360215,-0.00742134996639785,0.0038091187836021504,0.02041068128360215,0.02041068128360215,0.02285208753360215,0.0025884156586021504,-0.01303658434139785,-0.00473580309139785,0.01333060315860215,0.02089896253360215,0.01235404065860215,-0.01840767809139785,-0.01108345934139785,-0.01108345934139785,0.01748099378360215,0.01479544690860215,-0.01572213121639785,-0.03012642809139785,-0.01743111559139785,0.00869193128360215,0.01406302503360215,-0.03305611559139785,-0.02670845934139785,-0.02670845934139785,0.00600638440860215,0.02431693128360215,0.0033208375336021504,-0.02451119371639785,-0.02304634996639785,-0.00693306871639785,0.01430716565860215,0.00918021253360215,-0.01425728746639785,-0.01425728746639785,-0.02133736559139785,-0.0037592405913978496,0.01528372815860215,0.02138724378360215,0.00527396253360215,-0.01865181871639785,-0.02084908434139785,0.00698294690860215,0.01650443128360215,-0.0013178343413978496,-0.0013178343413978496,-0.01645455309139785,-0.01401314684139785,0.00673880628360215,0.02749075940860215,0.00698294690860215,-0.03207955309139785,-0.02841744371639785,0.04726615003360215,0.03457083753360215,0.03457083753360215,-0.01157174059139785,-0.04892525621639785,-0.03256783434139785,0.02407279065860215,0.06289115003360216,0.03872122815860215,-0.02792916246639785,-0.04501900621639785,0.01918997815860215,0.01918997815860215,0.05727591565860215,0.03310599378360215,-0.03452095934139785,-0.08310494371639784,-0.05698189684139785,0.02285208753360215,0.08193411878360216,-0.00400338121639785,-0.05039009996639785,-0.05039009996639785,-0.02914986559139785,0.03969779065860215,0.08291068128360216,0.06142630628360215,0.00649466565860215,-0.02475533434139785,-0.0027826780913978496,0.07924857190860216,0.06704154065860216,0.01796927503360215,0.01796927503360215,-0.01889595934139785,-0.01108345934139785,0.02553763440860215,0.05239310315860215,0.04238333753360215,0.00649466565860215,-0.01230416246639785,0.01333060315860215,0.02334036878360215,0.02334036878360215,0.0025884156586021504,-0.02890572496639785,-0.03867134996639785,-0.01840767809139785,0.01381888440860215,0.02578177503360215,0.0018559937836021504,-0.03696236559139785,-0.01328072496639785,-0.01328072496639785,0.01918997815860215,0.03164115003360215,0.00918021253360215,-0.02890572496639785,-0.04282174059139785,-0.02060494371639785,0.01259818128360215,0.00820365003360215,-0.02304634996639785,-0.02304634996639785,-0.03818306871639785,-0.02866158434139785,-0.00717720934139785,0.0038091187836021504,-0.00815377184139785,-0.02499947496639785,-0.03622994371639785,-0.02353463121639785,-0.02084908434139785,-0.02084908434139785,-0.02377877184139785,-0.03232369371639785,-0.04135689684139785,-0.04038033434139785,-0.02768502184139785,-0.01865181871639785,-0.02451119371639785,-0.03183541246639785,-0.01206002184139785,-0.01206002184139785,-0.0013178343413978496,-0.01474556871639785,-0.03598580309139785,-0.04062447496639785,-0.02597603746639785,-0.0020502562163978496,0.01040091565860215,-0.01816353746639785,-0.02499947496639785,-0.01694283434139785,-0.01694283434139785,-0.0010736937163978496,0.01235404065860215,0.01235404065860215,-9.713121639784959e-05,-0.01718697496639785,-0.02377877184139785,0.0035649781586021504,0.01284232190860215,0.00429740003360215,0.00429740003360215,-0.01254830309139785,-0.01083931871639785,0.00502982190860215,0.01894583753360215,0.02724661878360215,0.01674857190860215,-0.01279244371639785,-0.03818306871639785,-0.02890572496639785,-0.01303658434139785,-0.01303658434139785,-0.01181588121639785,-0.02475533434139785,-0.03427681871639785,-0.02817330309139785,-0.00717720934139785,0.01040091565860215,0.01796927503360215,0.02041068128360215,0.02285208753360215,0.02285208753360215,0.03627982190860215,0.04287161878360215,0.02651419690860215,0.00820365003360215,0.00551810315860215,0.01235404065860215,0.01870169690860215,0.02260794690860215,0.01992240003360215,0.01015677503360215,0.01015677503360215,-0.0020502562163978496,0.0006352906586021504,0.01162161878360215,0.01674857190860215,0.01259818128360215,-9.713121639784959e-05,-0.00424752184139785,0.01650443128360215,0.02236380628360215,0.02236380628360215,0.01772513440860215,0.00820365003360215,0.0035649781586021504,0.01357474378360215,0.02773490003360215,0.03310599378360215,0.02675833753360215,0.01699271253360215,0.02236380628360215,0.02968802503360215,0.02968802503360215,0.03017630628360215,0.02578177503360215,0.02138724378360215,0.01601615003360215,0.00942435315860215,0.00625052503360215,0.01113333753360215,0.01430716565860215,0.01308646253360215,0.01308646253360215,0.00478568128360215,-0.00546822496639785,-0.00888619371639785,-0.00522408434139785,0.00820365003360215,0.01992240003360215,0.00722708753360215,-0.01450142809139785,-0.01889595934139785,-0.01889595934139785,0.0016118531586021504,0.02309622815860215,0.02431693128360215,0.00747122815860215,-0.01035103746639785,-0.01035103746639785,0.00893607190860215,0.01064505628360215,0.00429740003360215,0.00429740003360215,-0.00571236559139785,-0.01157174059139785,-0.00766549059139785,0.0025884156586021504,0.00918021253360215,0.00649466565860215,-0.01059517809139785,-0.01279244371639785,-0.00986275621639785,-0.00986275621639785,-0.00717720934139785,-0.00864205309139785,-0.01230416246639785,-0.00937447496639785,-0.00620064684139785,-0.01425728746639785,-0.02646431871639785,-0.02255806871639785,-0.01376900621639785,-0.01376900621639785,-0.01108345934139785,-0.01230416246639785,-0.00864205309139785,0.0011235719086021504,0.00454154065860215,0.00478568128360215,0.00869193128360215,0.01186575940860215,0.00893607190860215,0.0018559937836021504,0.0018559937836021504,0.0038091187836021504,0.01528372815860215,0.02138724378360215,0.01918997815860215,0.01186575940860215,0.00844779065860215,0.01040091565860215,0.00869193128360215,0.00844779065860215,0.00844779065860215,0.00966849378360215,0.00893607190860215,0.00625052503360215,0.00478568128360215,0.00942435315860215,0.00893607190860215,0.0016118531586021504,-0.02231392809139785,-0.00668892809139785,0.01064505628360215,0.01064505628360215,0.00405325940860215,-0.01767525621639785,-0.03769478746639785,-0.04208931871639785,-0.03330025621639785,-0.02377877184139785,-0.03110299059139785,-0.04208931871639785,-0.04648384996639785,-0.04648384996639785,-0.04233345934139785,-0.02573189684139785,-0.00864205309139785,-0.00815377184139785,-0.01962838121639785,-0.03207955309139785,-0.03085884996639785,-0.0027826780913978496,0.0011235719086021504,-0.0010736937163978496,-0.0010736937163978496,0.0008794312836021504,0.00771536878360215,0.00918021253360215,0.00625052503360215,0.00918021253360215,0.01601615003360215,0.02431693128360215,0.02407279065860215,0.02871146253360215,0.02871146253360215,0.02968802503360215,0.01626029065860215,0.0006352906586021504,-0.00864205309139785,-0.0030268187163978496,0.00820365003360215,0.0001470094086021504,-0.03281197496639785,-0.04208931871639785,-0.04208931871639785,-0.04160103746639785,-0.04453072496639785,-0.04965767809139785,-0.03769478746639785,-0.01010689684139785,0.02114310315860215,0.03457083753360215,-0.00790963121639785,-0.01498970934139785,-0.0005854124663978496,-0.0005854124663978496,0.03115286878360215,0.05385794690860215,0.05239310315860215,0.03359427503360215,0.01699271253360215,0.01992240003360215,0.08413138440860216,6.363538516464995e-05,0.06850638440860216,0.06850638440860216,0.04067435315860215,0.02846732190860215,0.02846732190860215,0.02602591565860215,0.02309622815860215,0.02187552503360215,-0.0027826780913978496,-0.01035103746639785,-0.01718697496639785,-0.01718697496639785,-0.02744088121639785,-0.03940377184139785,-0.04428658434139785,-0.03427681871639785,-0.01694283434139785,-0.00620064684139785,-0.03281197496639785,-0.03671822496639785,-0.01889595934139785,-0.01889595934139785,0.0003911500336021504,0.0023442750336021504,-0.00497994371639785,-0.00766549059139785,0.0025884156586021504,0.01967825940860215,0.04189505628360215,0.03139700940860215,0.03042044690860215,0.03701224378360215,0.03701224378360215,0.04799857190860215,0.05654349378360215,0.04848685315860215,0.02236380628360215,0.0013677125336021504,-0.00717720934139785,-0.00790963121639785,-0.02475533434139785,-0.05600533434139785,-0.05600533434139785,-0.07040963121639784,-0.05600533434139785,-0.05917916246639785,-0.05771431871639785,-0.05771431871639785,-0.05405220934139785,-0.05209908434139785,-0.05576119371639785,-0.05502877184139785,-0.03207955309139785,-0.00546822496639785,-0.02841744371639785,-0.04208931871639785,-0.01450142809139785,-0.01450142809139785,0.01699271253360215,0.03335013440860215,0.03164115003360215,0.02016654065860215,0.01748099378360215,0.03066458753360215,0.06044974378360215,0.07241263440860216,0.03530325940860215,0.03530325940860215,-0.00620064684139785,-0.02719674059139785,-0.01254830309139785,0.01577200940860215,0.01064505628360215,-0.02744088121639785,-0.05527291246639785,-0.03427681871639785,-0.02866158434139785,-0.02866158434139785,-0.03598580309139785,-0.03891549059139785,-0.03793892809139785,-0.03110299059139785,-0.02573189684139785,-0.01816353746639785,0.0003911500336021504,0.0016118531586021504,-0.01206002184139785,-0.01206002184139785,-0.00717720934139785,0.02651419690860215,0.05678763440860215,0.06411185315860216,0.05166068128360215,0.04043021253360215,0.05092825940860215,6.363538516464995e-05,0.07338919690860216,0.07338919690860216,0.04287161878360215,0.01918997815860215,0.01796927503360215,0.03164115003360215,0.02993216565860215,-0.00449166246639785,-0.04038033434139785,-0.03232369371639785,-0.02377877184139785,-0.02377877184139785,-0.03964791246639785,-0.07358345934139784,-0.08261666246639784,-0.06259713121639784,-0.04013619371639785,-0.03378853746639785,-0.04355416246639785,-0.02817330309139785,-0.01059517809139785,-0.01157174059139785,-0.01157174059139785,-0.01547799059139785,-0.00839791246639785,0.00771536878360215,0.02211966565860215,0.03701224378360215,0.05214896253360215,0.05117240003360215,0.04946341565860215,0.05410208753360215,0.05410208753360215,0.06020560315860215,0.05776419690860215,0.03945365003360215,0.02187552503360215,0.00942435315860215,-0.00913033434139785,-0.01474556871639785,-0.02890572496639785,-0.04794869371639785,-0.06357369371639784,-0.06357369371639784,-0.07040963121639784,-0.06479439684139784,-0.04282174059139785,-0.02353463121639785,-0.02622017809139785,-0.04257759996639785,-0.05087838121639785,-0.00424752184139785,0.02407279065860215,0.02919974378360215,0.01040091565860215,0.01040091565860215,-0.00913033434139785,-0.00449166246639785,0.02724661878360215,0.06435599378360216,0.07949271253360216,0.06264700940860216,0.04946341565860215,0.08632865003360216,6.363538516464995e-05,0.08120169690860216,0.08120169690860216,0.02895560315860215,-0.0035150999663978496,0.01162161878360215,0.04604544690860215,0.03872122815860215,-0.00766549059139785,-0.05869088121639785,-0.06674752184139784,-0.04282174059139785,-0.02133736559139785,-0.03671822496639785,-0.07773384996639784,6.363538516464995e-05,-0.07260689684139784,-0.02768502184139785,-0.01254830309139785,-0.01450142809139785,-0.04501900621639785,-0.02988228746639785,0.0030766969086021504,0.0030766969086021504,0.02627005628360215,0.02334036878360215,0.00478568128360215,-0.0008295530913978496,0.01796927503360215,0.05507865003360215,0.07949271253360216,0.06093802503360215,0.03847708753360215,0.03847708753360215,0.02895560315860215,0.03481497815860215,0.03823294690860215,0.03872122815860215,0.02871146253360215,-0.01621041246639785,-0.05112252184139785,-0.02402291246639785,-0.01303658434139785,-0.02670845934139785,-0.02670845934139785,-0.06772408434139784,6.363538516464995e-05,6.363538516464995e-05,-0.05844674059139785,-0.02402291246639785,-0.02084908434139785,-0.07895455309139784,-0.05673775621639785,-0.0037592405913978496,-0.0037592405913978496,0.03115286878360215,0.01479544690860215,-0.01816353746639785,-0.02841744371639785,-0.0035150999663978496,0.03994193128360215,0.06484427503360216,0.05019583753360215,0.03896536878360215,0.03896536878360215,0.05092825940860215,0.07412161878360216,0.07680716565860216,0.05703177503360215,0.02773490003360215,0.01137747815860215,0.01870169690860215,0.00771536878360215,-0.02792916246639785,-0.05039009996639785,-0.05039009996639785,-0.04721627184139785,-0.03769478746639785,-0.03647408434139785,-0.05234322496639785,-0.06235299059139785,-0.06821236559139784,-0.05454049059139785,-0.04184517809139785,-0.02231392809139785,-0.02231392809139785,-0.00839791246639785,-0.00766549059139785,-0.01889595934139785,-0.00839791246639785,0.02309622815860215,0.03676810315860215,0.03408255628360215,0.04482474378360215,0.06801810315860216,0.07998099378360216,0.07998099378360216,0.07900443128360216,0.06655325940860216,0.06337943128360216,0.07192435315860216,0.07094779065860216,0.04604544690860215,0.02065482190860215,0.01845755628360215,-0.0030268187163978496,-0.0030268187163978496,-0.01596627184139785,-0.02304634996639785,-0.02451119371639785,-0.03330025621639785,-0.06210884996639785,-0.07773384996639784,-0.04746041246639785,-0.04892525621639785,-0.06894478746639784,-0.06894478746639784,-0.08090767809139784,-0.05258736559139785,-0.0027826780913978496,0.01674857190860215,-0.01523384996639785,-0.03671822496639785,0.01137747815860215,0.03042044690860215,0.04409232190860215,0.04409232190860215,0.04262747815860215,0.04067435315860215,0.05092825940860215,0.06093802503360215,0.06093802503360215,0.05947318128360215,0.06191458753360215,0.03920950940860215,0.02089896253360215,0.01552786878360215,0.01040091565860215,0.01040091565860215,0.0006352906586021504,-0.00717720934139785,-0.02426705309139785,-0.04062447496639785,-0.03989205309139785,-0.03647408434139785,-0.07285103746639784,6.363538516464995e-05,-0.06845650621639784,-0.06845650621639784,-0.04404244371639785,-0.02914986559139785,-0.03134713121639785,-0.05747017809139785,-0.05820259996639785,-0.02304634996639785,0.00991263440860215,0.00844779065860215,-0.00595650621639785,-0.01206002184139785,-0.01206002184139785,0.01552786878360215,0.05214896253360215,0.06411185315860216,0.04824271253360215,0.03139700940860215,0.05459036878360215,0.07680716565860216,0.06875052503360216,0.03286185315860215,0.03286185315860215,0.01015677503360215,0.01967825940860215,0.03383841565860215,0.01235404065860215,-0.02206978746639785,-0.05283150621639785,-0.04428658434139785,-0.02475533434139785,-0.05698189684139785,-0.07797799059139784,-0.07797799059139784,-0.08066353746639784,-0.06430611559139784,-0.04428658434139785,-0.04453072496639785,-0.05258736559139785,-0.04843697496639785,-0.0003412718413978496,0.00820365003360215,0.00820365003360215,0.00820365003360215,0.0013677125336021504,-0.0005854124663978496,0.01503958753360215,0.03457083753360215,0.05678763440860215,0.07143607190860216,0.05239310315860215,0.05629935315860215,0.07216849378360216,0.07216849378360216,6.363538516464995e-05,6.363538516464995e-05,0.05996146253360215,0.03383841565860215,0.02895560315860215,0.02163138440860215,0.00478568128360215,-0.01425728746639785,-0.03256783434139785,-0.03256783434139785,-0.04648384996639785,-0.04843697496639785,-0.05234322496639785,-0.05454049059139785,-0.06992134996639784,-0.07089791246639784,-0.05869088121639785,-0.04208931871639785,-0.03500924059139785,-0.03012642809139785,-0.03012642809139785,-0.02060494371639785,-0.01865181871639785,-0.00766549059139785,0.01088919690860215,0.01723685315860215,0.01723685315860215,0.02163138440860215,0.04165091565860215,0.06313529065860216,0.06313529065860216,0.07729544690860216,0.06923880628360216,0.04873099378360215,0.04482474378360215,0.05434622815860215,0.05288138440860215,0.02334036878360215,0.00551810315860215,-0.00913033434139785,-0.00913033434139785,0.0001470094086021504,0.00600638440860215,-0.01108345934139785,-0.04086861559139785,-0.06284127184139784,-0.07285103746639784,-0.05429634996639785,-0.05429634996639785,-0.04770455309139785,-0.04770455309139785,-0.04892525621639785,-0.05112252184139785,-0.04697213121639785,-0.03085884996639785,-0.01010689684139785,-0.0037592405913978496,-0.00790963121639785,-0.0013178343413978496,0.01040091565860215,0.02163138440860215,0.02163138440860215,0.03530325940860215,0.04238333753360215,0.03652396253360215,0.03286185315860215,0.04482474378360215,0.06557669690860216,0.06606497815860216,0.04335990003360215,0.03066458753360215,0.03066458753360215,0.03261771253360215,0.03750052503360215,0.02529349378360215,0.0013677125336021504,-0.01328072496639785,-0.02817330309139785,-0.03793892809139785,-0.04038033434139785,-0.06259713121639784,-0.07871041246639784,-0.07871041246639784,-0.06796822496639784,-0.05673775621639785,-0.05112252184139785,-0.04770455309139785,-0.06210884996639785,-0.06235299059139785,-0.0037592405913978496,0.00478568128360215,0.00918021253360215,0.00576224378360215,0.00576224378360215,0.0018559937836021504,0.00502982190860215,0.01821341565860215,0.03750052503360215,0.04751029065860215,0.06069388440860215,0.05947318128360215,0.06826224378360216,0.08339896253360216,0.07949271253360216,0.07949271253360216,0.04140677503360215,0.03310599378360215,0.03505911878360215,0.03505911878360215,0.02651419690860215,0.00551810315860215,-0.01352486559139785,-0.03818306871639785,-0.04477486559139785,-0.04111275621639785,-0.04575142809139785,-0.06186470934139785,-0.06918892809139784,-0.06821236559139784,-0.06381783434139784,-0.04648384996639785,-0.04648384996639785,-0.03745064684139785,-0.03842720934139785,-0.01694283434139785,-0.0037592405913978496,-0.01108345934139785,0.00649466565860215,0.01162161878360215,0.00869193128360215,0.01723685315860215,0.01723685315860215,0.04262747815860215,0.05581107190860215,0.05459036878360215,0.05703177503360215,0.05703177503360215,0.05581107190860215,0.06948294690860216,0.05141654065860215,0.03505911878360215,0.03505911878360215,0.02627005628360215,0.02138724378360215,0.01552786878360215,-0.00424752184139785,-0.02280220934139785,-0.04208931871639785,-0.04404244371639785,-0.04721627184139785,-0.06113228746639785,-0.07187447496639784,-0.07187447496639784,-0.07114205309139784,-0.06332955309139784,-0.05624947496639785,-0.05209908434139785,-0.05234322496639785,-0.01572213121639785,-0.01425728746639785,-0.01914009996639785,-0.0018061155913978496,-0.0018061155913978496,0.02285208753360215,0.02773490003360215,0.02065482190860215,0.01796927503360215,0.02138724378360215,0.03212943128360215,0.06020560315860215,0.06435599378360216,0.06337943128360216,0.06362357190860216,0.06362357190860216,0.05288138440860215,0.03823294690860215,0.03383841565860215,0.03847708753360215,0.04360404065860215,-0.0035150999663978496,-0.02475533434139785,-0.03330025621639785,-0.02182564684139785,-0.02182564684139785,-0.01303658434139785,-0.02109322496639785,-0.04746041246639785,-0.07578072496639784,-0.07846627184139784,-0.06137642809139785,-0.01889595934139785,-0.02890572496639785,-0.04746041246639785,-0.04746041246639785,-0.04648384996639785,-0.01425728746639785,0.01552786878360215,0.01650443128360215,-0.0022943968413978496,-0.01181588121639785,0.03872122815860215,0.07363333753360216,0.07143607190860216,0.04043021253360215,0.04043021253360215,0.02358450940860215,0.03676810315860215,0.06728568128360216,6.363538516464995e-05,0.07924857190860216,0.01894583753360215,0.02016654065860215,0.03579154065860215,0.02627005628360215,0.02627005628360215,0.0030766969086021504,-0.03403267809139785,-0.05039009996639785,-0.03427681871639785,-0.02280220934139785,-0.03842720934139785,6.363538516464995e-05,6.363538516464995e-05,-0.06552681871639784,-0.06552681871639784,-0.03720650621639785,-0.03769478746639785,-0.05795845934139785,-0.07163033434139784,-0.05893502184139785,-0.01376900621639785,0.02089896253360215,0.00454154065860215,-0.00839791246639785,-0.00815377184139785,-0.00815377184139785,0.00966849378360215,0.04116263440860215,0.05312552503360215,0.04018607190860215,0.03261771253360215,0.05898490003360215,0.07168021253360216,0.07387747815860216,0.05288138440860215,0.05288138440860215,0.02334036878360215,0.01381888440860215,0.02944388440860215,0.04482474378360215,0.04458060315860215,0.01430716565860215,6.363538516464995e-05,-0.06113228746639785,-0.01767525621639785,-0.01767525621639785,-0.01230416246639785,-0.04453072496639785,6.363538516464995e-05,6.363538516464995e-05,-0.06747994371639784,-0.02255806871639785,-0.03500924059139785,-0.03452095934139785,-0.01035103746639785,0.00966849378360215,0.00966849378360215,0.00649466565860215,0.0030766969086021504,0.01357474378360215,0.02846732190860215,0.02822318128360215,0.03530325940860215,0.05605521253360215,0.06728568128360216,0.05629935315860215,0.05629935315860215,0.04897513440860215,0.05800833753360215,0.07851615003360216,6.363538516464995e-05,6.363538516464995e-05,0.04458060315860215,0.03750052503360215,0.04043021253360215,0.03774466565860215,0.03774466565860215,0.02016654065860215,-0.0032709593413978496,-0.02304634996639785,-0.04208931871639785,-0.05722603746639785,-0.06625924059139784,-0.05307564684139785,-0.06088814684139785,-0.07529244371639784,-0.07529244371639784,-0.07163033434139784,-0.05136666246639785,-0.02719674059139785,-0.01865181871639785,-0.02914986559139785,-0.03940377184139785,-0.01279244371639785,0.01137747815860215,0.01674857190860215,0.00942435315860215,0.00942435315860215,-0.00424752184139785,-0.00913033434139785,-0.00815377184139785,0.0028325562836021504,0.03090872815860215,0.04677786878360215,0.04018607190860215,0.02358450940860215,0.01088919690860215,0.01088919690860215,0.00991263440860215,0.02334036878360215,0.03090872815860215,0.01479544690860215,-0.01132759996639785,-0.02695259996639785,-0.02792916246639785,-0.02792916246639785,-0.03622994371639785,-0.03622994371639785,-0.03964791246639785,-0.02792916246639785,-0.02451119371639785,-0.04379830309139785,-0.05844674059139785,-0.05429634996639785,-0.01645455309139785,-0.00400338121639785,-0.00571236559139785,-0.00693306871639785,-0.00693306871639785,-0.00790963121639785,-0.00839791246639785,-0.00790963121639785,0.00795950940860215,0.01967825940860215,0.03481497815860215,0.02773490003360215,0.01967825940860215,0.01967825940860215,0.01967825940860215,0.02797904065860215,0.03652396253360215,0.03212943128360215,0.01967825940860215,0.01967825940860215,0.02919974378360215,0.02187552503360215,0.01284232190860215,0.01430716565860215,0.01430716565860215,0.01015677503360215,0.00600638440860215,0.01088919690860215,0.01967825940860215,0.01552786878360215,-0.01352486559139785,-0.01108345934139785,-0.0018061155913978496,0.00551810315860215,0.00551810315860215,0.00918021253360215,0.00820365003360215,0.0018559937836021504,-0.01474556871639785,-0.02499947496639785,-0.01132759996639785,0.02602591565860215,0.00649466565860215,-0.01743111559139785,-0.02622017809139785,-0.02622017809139785,-0.01547799059139785,0.00527396253360215,0.01552786878360215,0.01137747815860215,-0.00766549059139785,-0.02939400621639785,-0.01621041246639785,0.00405325940860215,0.00698294690860215,0.00698294690860215,-0.01108345934139785,-0.02817330309139785,-0.02597603746639785,-0.0037592405913978496,0.01381888440860215,-0.01767525621639785,-0.02890572496639785,-0.01791939684139785,0.0016118531586021504,0.0016118531586021504,0.01137747815860215,0.0003911500336021504,-0.01938424059139785,-0.02329049059139785,-0.01279244371639785,0.0021001344086021504,0.0011235719086021504,-0.00644478746639785,-0.01254830309139785,-0.00497994371639785,-0.00497994371639785,0.00893607190860215,0.01113333753360215,0.00405325940860215,-0.00815377184139785,-0.01840767809139785,-0.01474556871639785,0.01235404065860215,0.00649466565860215,-0.0025385374663978496,-0.00571236559139785,-0.00571236559139785,-0.0008295530913978496,0.01040091565860215,0.01308646253360215,0.01259818128360215,0.01040091565860215,0.00844779065860215,0.01040091565860215,0.01821341565860215,0.02358450940860215,0.02358450940860215,0.02211966565860215,0.01455130628360215,0.01259818128360215,0.01308646253360215,0.01430716565860215,0.01601615003360215,0.01528372815860215,0.01308646253360215,0.01210990003360215,0.01210990003360215,0.00918021253360215,0.00454154065860215,0.0038091187836021504,0.00502982190860215,0.0013677125336021504,-0.01059517809139785,0.00625052503360215,0.03554740003360215,0.04628958753360215,0.01284232190860215,0.01284232190860215,-0.04794869371639785,-0.08359322496639784,-0.06381783434139784,-0.0035150999663978496,0.03701224378360215,-0.04038033434139785,-0.07919869371639784,-0.06113228746639785,-0.01132759996639785,-0.01132759996639785,0.01796927503360215,0.01381888440860215,-0.01132759996639785,-0.03330025621639785,-0.02426705309139785,0.03750052503360215,0.02773490003360215,-0.00424752184139785,-0.01059517809139785,-0.01059517809139785,0.02236380628360215,0.05410208753360215,0.04946341565860215,0.00991263440860215,-0.02695259996639785,0.03066458753360215,0.07827200940860216,0.07387747815860216,0.01479544690860215,-0.03745064684139785,-0.03745064684139785,-0.03696236559139785,0.00991263440860215,0.06240286878360215,0.07192435315860216,0.01870169690860215,-0.05673775621639785,-0.00497994371639785,0.06362357190860216,0.07900443128360216,0.07900443128360216,0.03115286878360215,-0.04404244371639785,-0.07895455309139784,-0.03378853746639785,0.04580130628360215,0.02797904065860215,-0.05136666246639785,-0.07480416246639784,-0.02719674059139785,-0.02719674059139785,0.03945365003360215,0.06337943128360216,0.01943411878360215,-0.04404244371639785,-0.06455025621639784,0.02211966565860215,0.03310599378360215,-0.0018061155913978496,-0.03915963121639785,-0.03915963121639785,-0.04697213121639785,-0.01450142809139785,0.02089896253360215,0.02895560315860215,0.0033208375336021504,-0.04599556871639785,-0.01791939684139785,0.02114310315860215,0.02993216565860215,0.0013677125336021504,0.0013677125336021504,-0.03549752184139785,-0.03305611559139785,-0.00522408434139785,0.01821341565860215,0.01137747815860215,-0.06284127184139784,-0.06235299059139785,-0.02133736559139785,0.01064505628360215,0.01064505628360215,0.0028325562836021504,-0.03085884996639785,-0.06503853746639784,-0.07553658434139784,-0.04062447496639785,0.02065482190860215,-0.00595650621639785,-0.05844674059139785,-0.08212838121639784,-0.08212838121639784,-0.04697213121639785,0.00918021253360215,0.02700247815860215,0.0001470094086021504,-0.03769478746639785,-0.03574166246639785,-9.713121639784959e-05,0.02724661878360215,0.04335990003360215,0.04335990003360215,0.01772513440860215,-0.03037056871639785,-0.04550728746639785,-0.01083931871639785,0.03847708753360215,0.01308646253360215,-0.03183541246639785,-0.03256783434139785,0.01430716565860215,0.01430716565860215,0.04873099378360215,0.03335013440860215,0.0003911500336021504,-0.02792916246639785,-0.01962838121639785,0.04213919690860215,0.06044974378360215,0.04018607190860215,-0.0035150999663978496,-0.02304634996639785,-0.02304634996639785,0.00844779065860215,0.05825247815860215,0.07924857190860216,0.04018607190860215,-0.01669869371639785,0.00429740003360215,0.04287161878360215,0.06533255628360216,0.04189505628360215,0.04189505628360215,-0.01254830309139785,-0.04038033434139785,-0.02158150621639785,0.01821341565860215,0.05019583753360215,-0.01791939684139785,-0.06796822496639784,-0.05063424059139785,0.01040091565860215,0.01040091565860215,0.06508841565860216,0.05654349378360215,-0.01157174059139785,-0.06332955309139784,-0.04721627184139785,0.06826224378360216,0.05874075940860215,0.00576224378360215,-0.04404244371639785,-0.04038033434139785,-0.04038033434139785,0.0003911500336021504,0.04458060315860215,0.05629935315860215,0.01870169690860215,-0.03769478746639785,-0.01132759996639785,0.06582083753360216,6.363538516464995e-05,0.02919974378360215,0.02919974378360215,-0.05331978746639785,-0.07236275621639784,-0.01254830309139785,0.06435599378360216,0.08193411878360216,-0.03305611559139785,-0.06210884996639785,-0.02988228746639785,0.02334036878360215,0.02334036878360215,0.04702200940860215,0.02822318128360215,-0.01865181871639785,-0.04770455309139785,-0.03500924059139785,0.02334036878360215,0.01430716565860215,-0.01547799059139785,-0.02768502184139785,-0.02768502184139785,-0.00790963121639785,0.00966849378360215,0.01748099378360215,0.01088919690860215,0.0011235719086021504,-0.0022943968413978496,-0.0008295530913978496,0.00454154065860215,0.0025884156586021504,0.0006352906586021504,0.0006352906586021504,-0.0008295530913978496,-0.00424752184139785,-9.713121639784959e-05,0.01552786878360215,0.00918021253360215,-0.01254830309139785,0.01162161878360215,0.02602591565860215,0.01748099378360215,0.01748099378360215,0.00600638440860215,-0.0005854124663978496,0.00478568128360215,0.01699271253360215,0.02529349378360215,0.02334036878360215,0.00918021253360215,-0.00961861559139785,-0.01767525621639785,-0.01767525621639785,-0.0010736937163978496,0.02285208753360215,0.02895560315860215,0.00820365003360215,-0.00497994371639785,-0.01279244371639785,-0.01498970934139785,0.0001470094086021504,0.02089896253360215,0.01186575940860215,0.01186575940860215,-0.00400338121639785,-0.0037592405913978496,0.0006352906586021504,-0.00424752184139785,-0.00864205309139785,-0.00571236559139785,-0.00424752184139785,-0.00717720934139785,-0.01206002184139785,-0.02451119371639785,-0.02451119371639785,-0.02744088121639785,-0.01254830309139785,-0.0020502562163978496,-0.01401314684139785,-0.03207955309139785,-0.00571236559139785,-0.01010689684139785,-0.02646431871639785,-0.01865181871639785,-0.01865181871639785,0.00649466565860215,0.0035649781586021504,-0.01840767809139785,-0.02597603746639785,-0.01938424059139785,-0.02475533434139785,0.0003911500336021504,0.00649466565860215,-0.01254830309139785,-0.03647408434139785,-0.04062447496639785,-0.04062447496639785,-0.03378853746639785,-0.01474556871639785,0.00429740003360215,0.0038091187836021504,-0.01303658434139785,-0.03549752184139785,-0.03891549059139785,0.02041068128360215,0.00527396253360215,-0.03061470934139785,-0.03452095934139785,-0.03452095934139785,-0.0015619749663978496,0.01967825940860215,0.00551810315860215,-0.01035103746639785,0.0011235719086021504,0.00527396253360215,-0.0037592405913978496,0.0028325562836021504,0.01064505628360215,0.0008794312836021504,0.0008794312836021504,-0.0005854124663978496,0.01943411878360215,0.02773490003360215,0.01088919690860215,-0.0013178343413978496,0.02578177503360215,0.03969779065860215,0.02334036878360215,0.0033208375336021504,0.0033208375336021504,0.00966849378360215,0.03066458753360215,0.03457083753360215,0.02138724378360215,0.01406302503360215,0.02944388440860215,0.02553763440860215,0.02163138440860215,0.03505911878360215,0.03505911878360215,0.04506888440860215,0.03237357190860215,0.00820365003360215,0.00527396253360215,0.02968802503360215,0.02163138440860215,0.00722708753360215,0.01479544690860215,0.01577200940860215,0.00795950940860215,0.00795950940860215,-0.00522408434139785,-0.00693306871639785,0.00893607190860215,0.01943411878360215,-0.02084908434139785,-0.02768502184139785,-0.00839791246639785,0.00893607190860215,-0.0003412718413978496,-0.0003412718413978496,-0.02841744371639785,-0.03574166246639785,-0.0030268187163978496,0.02309622815860215,-0.01621041246639785,-0.02255806871639785,-0.0013178343413978496,0.01699271253360215,0.01870169690860215,0.01870169690860215,0.00820365003360215,-0.00400338121639785,-0.0030268187163978496,0.0001470094086021504,-0.0010736937163978496,0.01186575940860215,0.01308646253360215,-0.01474556871639785,-0.03427681871639785,-0.02426705309139785,-0.02426705309139785,-0.00546822496639785,0.0028325562836021504,-0.01694283434139785,-0.04501900621639785,-0.02963814684139785,0.00747122815860215,0.01479544690860215,-0.01279244371639785,-0.05429634996639785,-0.05429634996639785,-0.06357369371639784,-0.03476509996639785,0.00502982190860215,0.01455130628360215,-0.00473580309139785,-0.04013619371639785,-0.02719674059139785,0.0001470094086021504,0.01992240003360215,0.01992240003360215,0.00722708753360215,-0.02377877184139785,-0.03525338121639785,-0.01669869371639785,0.01259818128360215,0.00942435315860215,-0.0032709593413978496,0.0016118531586021504,0.0023442750336021504,-0.0018061155913978496,-0.0018061155913978496,0.00918021253360215,0.02236380628360215,0.02041068128360215,0.00893607190860215,0.0033208375336021504,0.01503958753360215,0.03359427503360215,0.04067435315860215,0.02407279065860215,0.02407279065860215,0.0018559937836021504,-0.0010736937163978496,0.01381888440860215,0.02773490003360215,0.03505911878360215,0.01918997815860215,-9.713121639784959e-05,-0.00717720934139785,0.00600638440860215,0.00600638440860215,0.02382865003360215,0.02749075940860215,0.01308646253360215,-0.0037592405913978496,-0.01498970934139785,-0.0013178343413978496,0.0023442750336021504,-0.00888619371639785,-0.02548775621639785,-0.03354439684139785,-0.03354439684139785,-0.01987252184139785,-0.0003412718413978496,-0.00424752184139785,-0.02622017809139785,-0.03037056871639785,0.0018559937836021504,0.01650443128360215,0.00600638440860215,-0.01035103746639785,-0.01035103746639785,-0.01816353746639785,-0.01254830309139785,0.01088919690860215,0.02822318128360215,0.02700247815860215,-0.00522408434139785,0.0038091187836021504,0.02651419690860215,0.03652396253360215,0.03652396253360215,0.02651419690860215,0.01113333753360215,-0.00961861559139785,-0.01376900621639785,0.00527396253360215,0.01259818128360215,-0.02036080309139785,-0.03427681871639785,-0.02133736559139785,-0.00546822496639785,-0.00546822496639785,-0.00742134996639785,-0.02426705309139785,-0.03940377184139785,-0.03354439684139785,0.0003911500336021504,-0.00424752184139785,-0.02353463121639785,-0.04428658434139785,-0.04501900621639785,-0.04501900621639785,-0.02597603746639785,-0.00913033434139785,-0.0018061155913978496,-0.0027826780913978496,-0.0018061155913978496,-0.0005854124663978496,0.00527396253360215,0.02138724378360215,0.02724661878360215,0.02724661878360215,0.02724661878360215,0.02993216565860215,0.04555716565860215,0.05361380628360215,0.04458060315860215,0.02382865003360215,0.03823294690860215,0.04311575940860215,0.03750052503360215,0.02114310315860215,0.02114310315860215,0.00893607190860215,0.01333060315860215,0.02211966565860215,0.01650443128360215,-0.0015619749663978496,-0.02133736559139785,-0.01498970934139785,-0.0025385374663978496,-0.00644478746639785,-0.03159127184139785,-0.03159127184139785,-0.05380806871639785,-0.05698189684139785,-0.04526314684139785,-0.02914986559139785,-0.02841744371639785,-0.03671822496639785,-0.03427681871639785,-0.01596627184139785,0.0016118531586021504,0.0016118531586021504,-0.0013178343413978496,-0.00986275621639785,0.0006352906586021504,0.02114310315860215,0.03896536878360215,0.02724661878360215,0.02041068128360215,0.02309622815860215,0.02504935315860215,0.02504935315860215,0.03066458753360215,0.03725638440860215,0.03335013440860215,0.02041068128360215,-0.00497994371639785,0.01113333753360215,0.02602591565860215,0.00893607190860215,-0.02768502184139785,-0.02768502184139785,-0.04233345934139785,-0.02914986559139785,-0.01376900621639785,-0.01645455309139785,-0.03500924059139785,-0.04868111559139785,-0.04941353746639785,-0.05112252184139785,-0.04135689684139785,-0.02109322496639785,-0.02109322496639785,-0.00766549059139785,-0.01059517809139785,-0.01987252184139785,-0.01376900621639785,0.01967825940860215,0.01772513440860215,0.00625052503360215,0.01064505628360215,0.03164115003360215,0.03164115003360215,0.05166068128360215,0.04702200940860215,0.02993216565860215,0.01699271253360215,0.02895560315860215,0.03530325940860215,0.02211966565860215,-0.0015619749663978496,-0.0037592405913978496,-0.0037592405913978496,0.01113333753360215,0.01870169690860215,0.00844779065860215,-0.01328072496639785,-0.02914986559139785,-0.03012642809139785,-0.01645455309139785,-0.01865181871639785,-0.03281197496639785,-0.04477486559139785,-0.04477486559139785,-0.04550728746639785,-0.03159127184139785,-0.01157174059139785,0.00625052503360215,0.00844779065860215,-0.00595650621639785,-0.01010689684139785,0.02724661878360215,0.03383841565860215,0.03432669690860215,0.04311575940860215,0.05410208753360215,0.04897513440860215,0.04897513440860215,0.03481497815860215,0.02822318128360215,0.02504935315860215,0.02797904065860215,0.03432669690860215,0.02138724378360215,0.01723685315860215,0.01821341565860215,0.00576224378360215,-0.01059517809139785,-0.01059517809139785,-0.01962838121639785,-0.01352486559139785,-0.01279244371639785,-0.01767525621639785,-0.04965767809139785,-0.05380806871639785,-0.04331002184139785,-0.02670845934139785,-0.01279244371639785,-0.01279244371639785,-0.01621041246639785,-0.02280220934139785,-0.01498970934139785,0.0016118531586021504,0.00747122815860215,0.0023442750336021504,0.0001470094086021504,0.01210990003360215,0.02602591565860215,0.02749075940860215,0.02749075940860215,0.01381888440860215,-0.00790963121639785,-0.00913033434139785,0.0028325562836021504,0.0033208375336021504,-0.0015619749663978496,-0.0013178343413978496,0.00454154065860215,-0.01254830309139785,-0.01254830309139785,-0.03256783434139785,-0.03354439684139785,-0.02890572496639785,-0.03085884996639785,-0.03500924059139785,-0.02914986559139785,-0.02231392809139785,-0.02646431871639785,-0.01596627184139785,0.00844779065860215,0.00844779065860215,0.03408255628360215,0.02724661878360215,0.00405325940860215,0.0018559937836021504,0.04140677503360215,0.05043997815860215,0.03774466565860215,0.02138724378360215,0.00649466565860215,0.00649466565860215,0.0033208375336021504,0.00820365003360215,0.02236380628360215,0.03188529065860215,-0.00742134996639785,-0.01376900621639785,0.0016118531586021504,0.0028325562836021504,-0.01010689684139785,-0.02109322496639785,-0.02109322496639785,-0.03207955309139785,-0.04062447496639785,-0.03525338121639785,-0.02084908434139785,-0.00571236559139785,-0.01425728746639785,-0.00839791246639785,0.00429740003360215,0.01162161878360215,0.01162161878360215,0.01821341565860215,0.02138724378360215,0.01918997815860215,0.02675833753360215,0.03383841565860215,0.02675833753360215,0.01577200940860215,0.0028325562836021504,0.0035649781586021504,0.01235404065860215,0.01235404065860215,0.01748099378360215,0.01064505628360215,-0.0005854124663978496,-0.01206002184139785,-0.01206002184139785,-0.02084908434139785,-0.02939400621639785,-0.03061470934139785,-0.03427681871639785,-0.03427681871639785,-0.03256783434139785,-0.03110299059139785,-0.02744088121639785,-0.03037056871639785,-0.01303658434139785,0.01308646253360215,0.01113333753360215,-0.0013178343413978496,0.00405325940860215,0.00405325940860215,0.02236380628360215,0.03335013440860215,0.03164115003360215,0.02431693128360215,0.01235404065860215,0.02260794690860215,0.02846732190860215,0.01699271253360215,0.00478568128360215,-0.00742134996639785,-0.00742134996639785,-0.01010689684139785,-0.00449166246639785,-0.00400338121639785,-0.00595650621639785,-0.02304634996639785,-0.02866158434139785,-0.01572213121639785,-0.0030268187163978496,-0.00790963121639785,-0.01791939684139785,-0.01791939684139785,-0.01132759996639785,0.00918021253360215,0.02700247815860215,0.02724661878360215,0.01210990003360215,0.02578177503360215,0.03774466565860215,0.03310599378360215,0.02187552503360215,0.02187552503360215,0.01210990003360215,0.00478568128360215,0.0006352906586021504,0.00722708753360215,0.01088919690860215,-0.02304634996639785,-0.03232369371639785,-0.02475533434139785,-0.01718697496639785,-0.02573189684139785,-0.03452095934139785,-0.03452095934139785,-0.02573189684139785,-0.00937447496639785,-0.00913033434139785,-0.02939400621639785,-0.00546822496639785,0.02431693128360215,0.02504935315860215,0.0021001344086021504,0.0001470094086021504,0.0001470094086021504,0.03823294690860215,0.03823294690860215,0.03554740003360215,0.01845755628360215,-0.0035150999663978496,0.00502982190860215,0.02456107190860215,0.02260794690860215,-0.0005854124663978496,-0.02670845934139785,-0.03891549059139785,-0.03891549059139785,-0.02890572496639785,-0.01157174059139785,-0.00644478746639785,-0.01718697496639785,-0.03574166246639785,-0.02377877184139785,-0.00595650621639785,0.00551810315860215,0.01015677503360215,-0.0018061155913978496,-0.0018061155913978496,-0.00400338121639785,0.01210990003360215,0.02382865003360215,0.02456107190860215,0.01015677503360215,0.01626029065860215,0.02700247815860215,0.03017630628360215,0.02114310315860215,0.02114310315860215,0.01284232190860215,0.0030766969086021504,-0.00668892809139785,-0.00913033434139785,0.0001470094086021504,-0.01401314684139785,-0.04135689684139785,-0.04672799059139785,-0.02914986559139785,-0.02914986559139785,-0.0003412718413978496,0.01162161878360215,0.0003911500336021504,-0.00839791246639785,0.02480521253360215,0.02968802503360215,0.02456107190860215,0.03286185315860215,0.04238333753360215,0.03652396253360215,0.03652396253360215,0.01430716565860215,-0.00522408434139785,-0.0022943968413978496,0.03359427503360215,0.01040091565860215,-0.01498970934139785,-0.02426705309139785,-0.00864205309139785,0.00502982190860215,0.00502982190860215,-0.00913033434139785,-0.03745064684139785,-0.04990181871639785,-0.03598580309139785,-0.00961861559139785,-0.01645455309139785,-0.02402291246639785,-0.01523384996639785,0.00747122815860215,0.01137747815860215,0.01137747815860215,0.01552786878360215,0.02919974378360215,0.02724661878360215,0.01333060315860215,-0.0015619749663978496,0.01479544690860215,0.01870169690860215,0.0013677125336021504,-0.02255806871639785,-0.02255806871639785,-0.02206978746639785,-0.00497994371639785,-0.0022943968413978496,-0.01498970934139785,-0.03622994371639785,-0.02890572496639785,-0.02182564684139785,-0.01132759996639785,-0.00424752184139785,0.0025884156586021504,0.0025884156586021504,0.00576224378360215,-0.0005854124663978496,0.00429740003360215,0.03920950940860215,0.04995169690860215,0.03286185315860215,0.01088919690860215,0.01113333753360215,0.02382865003360215,0.02382865003360215,0.02480521253360215,0.01015677503360215,-0.01181588121639785,-0.02280220934139785,0.0008794312836021504,-0.0035150999663978496,-0.01914009996639785,-0.03793892809139785,-0.04746041246639785,-0.04746041246639785,-0.03793892809139785,-0.00815377184139785,0.02138724378360215,0.02041068128360215,-0.02719674059139785,-0.00937447496639785,0.03408255628360215,0.05678763440860215,0.04287161878360215,0.02309622815860215,0.02309622815860215,0.00966849378360215,0.0008794312836021504,-0.0035150999663978496,0.00893607190860215,0.03969779065860215,0.01992240003360215,-0.02329049059139785,-0.05063424059139785,-0.04404244371639785,-0.04404244371639785,-0.01108345934139785,0.00771536878360215,-0.00424752184139785,-0.02939400621639785,-0.01401314684139785,0.01381888440860215,0.02358450940860215,0.01406302503360215,0.00698294690860215,0.01259818128360215,0.01259818128360215,0.03090872815860215,0.04702200940860215,0.03335013440860215,-0.00986275621639785,0.00502982190860215,0.01821341565860215,0.01015677503360215,-0.02377877184139785,-0.05551705309139785,-0.05551705309139785,-0.06210884996639785,-0.05161080309139785,-0.03427681871639785,-0.00986275621639785,-0.00424752184139785,-0.01108345934139785,0.0006352906586021504,0.0006352906586021504,-0.01669869371639785,0.02529349378360215,0.01503958753360215,0.01626029065860215,0.01626029065860215,0.03823294690860215,0.03969779065860215,0.01552786878360215,-0.01059517809139785,-0.01303658434139785,-0.00522408434139785,-0.00766549059139785,-0.02084908434139785,-0.03110299059139785,-0.03183541246639785,-0.03183541246639785,-0.03671822496639785,-0.04331002184139785,-0.03842720934139785,-0.02011666246639785,-0.05136666246639785,-0.07236275621639784,-0.04746041246639785,0.0011235719086021504,0.01699271253360215,-0.01376900621639785,-0.01376900621639785,-0.04794869371639785,-0.03476509996639785,0.01455130628360215,0.02260794690860215,-0.00839791246639785,-0.00864205309139785,0.02334036878360215,0.03750052503360215,0.01284232190860215,-0.01181588121639785,-0.01181588121639785,-0.0037592405913978496,0.02114310315860215,0.02944388440860215,0.00966849378360215,0.01626029065860215,0.02260794690860215,0.01723685315860215,0.00502982190860215,0.00405325940860215,0.00405325940860215,0.01455130628360215,0.02627005628360215,0.03090872815860215,0.02846732190860215,0.01381888440860215,0.01503958753360215,0.02895560315860215,0.03896536878360215,0.04091849378360215,0.03066458753360215,0.03066458753360215,0.01479544690860215,0.00478568128360215,0.01210990003360215,0.02456107190860215,0.01796927503360215,0.00722708753360215,-0.0018061155913978496,0.0013677125336021504,0.01235404065860215,0.01235404065860215,0.01015677503360215,0.0023442750336021504,-0.00473580309139785,-0.0035150999663978496,0.02358450940860215,0.02407279065860215,0.01626029065860215,0.00722708753360215,0.00844779065860215,0.02114310315860215,0.02114310315860215,0.02578177503360215,0.02382865003360215,0.01796927503360215,0.01455130628360215,0.01674857190860215,0.01210990003360215,0.0006352906586021504,-0.01132759996639785,-0.01157174059139785,-0.01157174059139785,-0.00424752184139785,0.0033208375336021504,0.0035649781586021504,-0.00546822496639785,-0.02158150621639785,-0.01889595934139785,-0.01645455309139785,-0.01401314684139785,-0.0035150999663978496
UR5e_W,0.015789058550747023,0.032878902300747026,0.041912105425747026,0.031414058550747026,0.017009761675747023,0.011638667925747023,0.017742183550747023,0.028484371050747023,0.017498042925747023,0.006267574175747023,0.0006523398007470234,0.005046871050747023,0.010662105425747023,0.015789058550747023,0.010662105425747023,-0.003986332074252977,-0.016193363324252977,-0.005207035199252977,-0.007160160199252977,-0.016925785199252977,-0.023761722699252977,-0.027423832074252977,-0.026691410199252977,-0.020832035199252977,-0.013507816449252977,-0.015460941449252977,-0.026935550824252977,-0.034503910199252974,-0.030109378949252977,-0.017414066449252977,0.0006523398007470234,-0.010822269574252977,-0.020587894574252977,0.0006523398007470234,-0.020099613324252977,-0.016437503949252977,-0.013507816449252977,-0.009601566449252977,-0.011554691449252977,-0.017414066449252977,-0.010089847699252977,-0.005939457074252977,-0.0034980508242529766,-0.0015449258242529766,-0.0015449258242529766,-0.0032539101992529766,-0.007892582074252977,-0.008380863324252977,-0.003986332074252977,0.0004081991757470234,0.005535152300747023,0.007244136675747023,0.006999996050747023,0.007488277300747023,0.008953121050747023,0.010662105425747023,0.010662105425747023,0.009197261675747023,0.007732417925747023,0.010662105425747023,0.011882808550747023,0.011394527300747023,0.012371089800747023,0.011638667925747023,0.006755855425747023,0.0023613241757470234,0.005535152300747023,0.016521480425747023,0.016521480425747023,0.017009761675747023,0.0008964804257470234,0.0016289023007470234,0.005535152300747023,0.013835933550747023,0.015056636675747023,0.007976558550747023,0.007976558550747023,0.0013847616757470234,-0.0030097695742529766,-0.0008125039492529766,0.016521480425747023,0.010173824175747023,0.010173824175747023,-0.0022773476992529766,-0.006916019574252977,-0.0003242226992529766,0.009197261675747023,0.011638667925747023,0.0035820273007470234,-0.0032539101992529766,-0.007160160199252977,-0.005207035199252977,0.0026054648007470234,0.0028496054257470234,-0.004962894574252977,-0.008869144574252977,-0.004474613324252977,0.00016405855074702342,-0.0034980508242529766,-0.008136722699252977,-0.005451175824252977,0.0018730429257470234,0.0006523398007470234,-0.0034980508242529766,-0.006427738324252977,-0.007404300824252977,-0.005207035199252977,-0.0032539101992529766,-0.0032539101992529766,-0.0027656289492529766,-0.005695316449252977,-0.009845707074252977,-0.007404300824252977,0.0006523398007470234,-0.005451175824252977,-0.008380863324252977,-0.007160160199252977,-0.004962894574252977,-0.004474613324252977,-0.004474613324252977,-0.005939457074252977,-0.009845707074252977,-0.010333988324252977,-0.004474613324252977,-0.010578128949252977,-0.014484378949252977,-0.008625003949252977,0.0008964804257470234,0.006511714800747023,0.006511714800747023,0.0013847616757470234,-0.005207035199252977,-0.004474613324252977,-0.0020332070742529766,0.008220699175747023,0.006511714800747023,0.0018730429257470234,0.0013847616757470234,0.004802730425747023,0.004802730425747023,0.012371089800747023,0.018230464800747023,0.017742183550747023,0.011150386675747023,0.008708980425747023,0.007976558550747023,0.015544917925747023,0.026531246050747023,0.018962886675747023,0.018962886675747023,0.0038261679257470234,0.006023433550747023,0.018474605425747023,0.026287105425747023,0.012126949175747023,0.0038261679257470234,0.004558589800747023,0.012371089800747023,0.016033199175747023,0.016033199175747023,0.009197261675747023,-0.004962894574252977,-0.011066410199252977,-0.006916019574252977,0.008220699175747023,0.004802730425747023,-0.011798832074252977,-0.023029300824252977,-0.017658207074252977,-0.017658207074252977,-0.0010566445742529766,0.0011406210507470234,-0.025958988324252977,-0.056720707074252974,-0.047199222699252974,-0.026935550824252977,-0.024005863324252977,-0.040607425824252974,-0.061115238324252974,-0.059162113324252974,-0.059162113324252974,-0.037677738324252974,-0.018390628949252977,-0.014240238324252977,-0.044513675824252974,-0.038654300824252974,-0.017414066449252977,0.008220699175747023,0.013347652300747023,0.0004081991757470234,0.0004081991757470234,-0.007648441449252977,-0.0015449258242529766,0.016521480425747023,0.038249996050747026,0.032390621050747026,0.019207027300747023,0.023601558550747023,0.039714839800747026,0.043865230425747026,0.043865230425747026,0.037029292925747026,0.027507808550747023,0.019451167925747023,0.042644527300747026,0.053142574175747026,0.046306636675747026,0.033123042925747026,0.027751949175747023,0.029216792925747023,0.029216792925747023,0.034343746050747026,0.037517574175747026,0.034587886675747026,0.012126949175747023,0.005291011675747023,0.008708980425747023,0.015300777300747023,0.018474605425747023,0.007976558550747023,0.007976558550747023,-0.010822269574252977,-0.014972660199252977,-0.0034980508242529766,-0.004474613324252977,-0.022296878949252977,-0.031330082074252974,-0.025470707074252977,-0.014240238324252977,-0.010089847699252977,-0.010089847699252977,-0.016193363324252977,-0.032306644574252974,-0.037921878949252974,-0.014728519574252977,-0.022785160199252977,-0.037433597699252974,-0.039875003949252974,-0.023761722699252977,-0.0015449258242529766,-0.0015449258242529766,0.010662105425747023,0.0016289023007470234,-0.019611332074252977,-0.028400394574252977,0.0013847616757470234,0.017742183550747023,0.013347652300747023,-0.0003242226992529766,-0.009113285199252977,-0.009113285199252977,-0.0005683633242529766,0.017253902300747023,0.019451167925747023,0.004802730425747023,-0.008625003949252977,0.004558589800747023,0.022624996050747023,0.032390621050747026,0.024822261675747023,0.024822261675747023,0.008708980425747023,-0.0015449258242529766,-0.0027656289492529766,0.005535152300747023,0.014568355425747023,0.0035820273007470234,-0.010578128949252977,-0.011066410199252977,0.0026054648007470234,0.0026054648007470234,0.007244136675747023,-0.0015449258242529766,-0.011554691449252977,-0.020343753949252977,-0.011798832074252977,0.0013847616757470234,0.007488277300747023,-0.0005683633242529766,-0.014972660199252977,-0.020832035199252977,-0.020832035199252977,-0.010333988324252977,-0.0015449258242529766,-0.0027656289492529766,-0.018390628949252977,-0.022296878949252977,-0.011066410199252977,0.005046871050747023,0.005779292925747023,0.0006523398007470234,0.0006523398007470234,0.0023613241757470234,0.0026054648007470234,0.0028496054257470234,0.005046871050747023,0.007244136675747023,0.010173824175747023,0.017986324175747023,0.022624996050747023,0.017742183550747023,0.017742183550747023,0.009197261675747023,0.004314449175747023,0.011882808550747023,0.028972652300747023,0.025554683550747023,0.012371089800747023,0.0004081991757470234,0.004802730425747023,0.026531246050747023,0.026531246050747023,0.034587886675747026,0.017498042925747023,-0.0025214883242529766,-0.013019535199252977,0.0018730429257470234,0.017009761675747023,0.012859371050747023,-0.004474613324252977,-0.022785160199252977,-0.022785160199252977,-0.028156253949252977,-0.018146488324252977,-0.010822269574252977,-0.013507816449252977,-0.024738285199252977,-0.020343753949252977,-0.005451175824252977,-0.0003242226992529766,-0.007404300824252977,-0.007404300824252977,-0.024982425824252977,-0.031574222699252974,-0.018634769574252977,-0.004718753949252977,-0.0037421914492529766,-0.0025214883242529766,-0.0037421914492529766,-0.0032539101992529766,-8.008207425297658e-05,-8.008207425297658e-05,-0.008380863324252977,-0.020343753949252977,-0.014728519574252977,0.004558589800747023,0.027263667925747023,0.004558589800747023,-0.014484378949252977,-0.016437503949252977,-0.0020332070742529766,-0.0020332070742529766,0.021404292925747023,0.032390621050747026,0.016765621050747023,-0.0013007851992529766,0.012859371050747023,0.028728511675747023,0.025554683550747023,0.0033378866757470234,-0.007892582074252977,-0.007892582074252977,-0.0017890664492529766,0.007976558550747023,0.016277339800747023,0.014568355425747023,-0.011798832074252977,-0.006671878949252977,0.009685542925747023,0.012859371050747023,0.005535152300747023,0.005535152300747023,-0.005695316449252977,-0.005939457074252977,0.0013847616757470234,0.008708980425747023,0.004314449175747023,-0.005939457074252977,-0.011554691449252977,-0.006183597699252977,0.0038261679257470234,0.0038261679257470234,0.012371089800747023,0.014080074175747023,0.010906246050747023,0.0016289023007470234,0.005046871050747023,0.013103511675747023,0.009929683550747023,0.004070308550747023,0.006755855425747023,0.010662105425747023,0.010662105425747023,0.010906246050747023,0.006267574175747023,0.0026054648007470234,0.0011406210507470234,-0.0037421914492529766,-0.005207035199252977,-0.0027656289492529766,-0.004718753949252977,-0.007160160199252977,-0.007160160199252977,-0.010822269574252977,-0.018878910199252977,-0.032306644574252974,-0.031818363324252974,-0.019367191449252977,-0.013507816449252977,-0.016193363324252977,-0.021808597699252977,-0.024982425824252977,-0.024982425824252977,-0.029621097699252977,-0.029865238324252977,-0.017902347699252977,-0.0020332070742529766,-0.005939457074252977,-0.017414066449252977,-0.015949222699252977,-0.005939457074252977,-0.004718753949252977,-0.004718753949252977,-0.0025214883242529766,0.010417964800747023,0.016277339800747023,0.020183589800747023,0.025066402300747023,0.016277339800747023,0.009685542925747023,0.011150386675747023,0.018962886675747023,0.018962886675747023,0.031169917925747023,0.038005855425747026,0.032146480425747026,0.021648433550747023,0.022869136675747023,0.028728511675747023,0.028484371050747023,0.014080074175747023,0.005046871050747023,0.005046871050747023,0.015300777300747023,0.029460933550747023,0.020427730425747023,-0.017658207074252977,-0.020587894574252977,-0.016193363324252977,-0.004718753949252977,0.0006523398007470234,-0.005939457074252977,-0.005939457074252977,-0.014484378949252977,-0.021564457074252977,-0.022785160199252977,-0.008136722699252977,-0.017902347699252977,-0.036701175824252974,-0.043048832074252974,-0.032062503949252974,-0.020587894574252977,-0.020587894574252977,-0.012287113324252977,-0.010578128949252977,-0.011554691449252977,-0.013996097699252977,-0.004718753949252977,0.0026054648007470234,0.006023433550747023,0.005535152300747023,0.005291011675747023,0.005291011675747023,0.006023433550747023,0.006511714800747023,0.010906246050747023,0.030925777300747023,0.032390621050747026,0.022624996050747023,0.009441402300747023,0.005779292925747023,0.018230464800747023,0.018230464800747023,0.033855464800747026,0.034587886675747026,0.022869136675747023,-0.0030097695742529766,-0.0017890664492529766,0.010662105425747023,0.010173824175747023,-0.005207035199252977,-0.013751957074252977,-0.012531253949252977,-0.012531253949252977,-0.006427738324252977,0.0038261679257470234,0.0035820273007470234,-0.008869144574252977,-0.031085941449252977,-0.018390628949252977,0.0021171835507470234,0.006755855425747023,-0.009845707074252977,-0.009845707074252977,-0.029865238324252977,-0.029132816449252977,-0.0030097695742529766,0.016765621050747023,0.007976558550747023,-0.0017890664492529766,-0.004962894574252977,0.005046871050747023,0.019451167925747023,0.025066402300747023,0.025066402300747023,0.020916011675747023,0.005291011675747023,-0.007404300824252977,0.021648433550747023,0.028240230425747023,0.017742183550747023,-0.006916019574252977,-0.022785160199252977,-0.020343753949252977,-0.020343753949252977,-0.007648441449252977,0.0028496054257470234,0.0008964804257470234,-0.030353519574252977,-0.041828128949252974,-0.037921878949252974,-0.018146488324252977,-0.0027656289492529766,-0.005451175824252977,-0.005451175824252977,-0.019611332074252977,-0.031085941449252977,-0.034259769574252974,-0.023029300824252977,-0.009845707074252977,-8.008207425297658e-05,0.005291011675747023,0.0013847616757470234,-0.008380863324252977,-0.008380863324252977,-0.0037421914492529766,0.015056636675747023,0.026531246050747023,0.022136714800747023,0.016765621050747023,0.019207027300747023,0.027507808550747023,0.039226558550747026,0.039226558550747026,0.039226558550747026,0.021648433550747023,0.009197261675747023,0.018230464800747023,0.040203121050747026,0.035808589800747026,0.0018730429257470234,-0.024250003949252977,-0.015949222699252977,0.012371089800747023,0.031414058550747026,0.021404292925747023,-0.011310550824252977,-0.034015628949252974,-0.030841800824252977,-0.030841800824252977,-0.004718753949252977,0.010173824175747023,-0.004962894574252977,-0.030597660199252977,-0.048664066449252974,-0.042560550824252974,-0.020587894574252977,0.0016289023007470234,0.0035820273007470234,-0.011066410199252977,-0.011066410199252977,-0.021808597699252977,-0.023029300824252977,-0.016193363324252977,0.021404292925747023,0.021404292925747023,0.015056636675747023,0.015300777300747023,0.006999996050747023,-0.0027656289492529766,-0.0027656289492529766,-0.0005683633242529766,0.010662105425747023,0.027263667925747023,0.017253902300747023,-0.007160160199252977,-0.020587894574252977,-0.014972660199252977,0.0021171835507470234,0.010173824175747023,0.010173824175747023,0.008220699175747023,-0.0034980508242529766,-0.018878910199252977,-0.013751957074252977,0.0016289023007470234,0.0023613241757470234,-0.006916019574252977,-0.019123050824252977,-0.031574222699252974,-0.031574222699252974,-0.030109378949252977,-0.014972660199252977,-0.006183597699252977,-0.005207035199252977,0.004314449175747023,0.004558589800747023,-0.004474613324252977,-0.0008125039492529766,0.018474605425747023,0.018474605425747023,0.030193355425747023,0.031902339800747026,0.029460933550747023,0.022380855425747023,0.030437496050747023,0.037029292925747026,0.038982417925747026,0.035808589800747026,0.022869136675747023,0.022869136675747023,0.0038261679257470234,-0.003986332074252977,0.012859371050747023,0.029216792925747023,0.005535152300747023,-0.017414066449252977,-0.019611332074252977,-0.004474613324252977,0.0033378866757470234,-0.006427738324252977,-0.006427738324252977,-0.023517582074252977,-0.035968753949252974,-0.041583988324252974,-0.026447269574252977,-0.014972660199252977,-0.011310550824252977,-0.013996097699252977,-0.025226566449252977,-0.027912113324252977,-0.027912113324252977,-0.009357425824252977,0.012371089800747023,0.010173824175747023,-0.011554691449252977,0.0006523398007470234,0.020671871050747023,0.022624996050747023,0.007732417925747023,-0.003986332074252977,-0.003986332074252977,-0.005451175824252977,0.0013847616757470234,0.0013847616757470234,0.006755855425747023,0.017009761675747023,0.006755855425747023,-0.015705082074252977,-0.026447269574252977,-0.010333988324252977,-0.010333988324252977,0.014812496050747023,0.013103511675747023,-0.010333988324252977,-0.023029300824252977,-0.011798832074252977,-0.0017890664492529766,-0.0027656289492529766,-0.013996097699252977,-0.022785160199252977,-0.022785160199252977,-0.018878910199252977,-0.004718753949252977,0.008953121050747023,0.025798824175747023,0.005046871050747023,-0.006183597699252977,0.012859371050747023,0.040691402300747026,0.050457027300747026,0.050457027300747026,0.034099605425747026,0.018718746050747023,0.012126949175747023,0.017009761675747023,0.019939449175747023,0.028484371050747023,0.031169917925747023,0.019451167925747023,-0.005451175824252977,-0.005451175824252977,-0.018390628949252977,-0.007160160199252977,0.015300777300747023,-0.004718753949252977,-0.037433597699252974,-0.048419925824252974,-0.023517582074252977,0.008464839800747023,0.013347652300747023,0.013347652300747023,0.0006523398007470234,0.0006523398007470234,-0.008380863324252977,-0.020099613324252977,0.005535152300747023,0.013591792925747023,-0.017169925824252977,-0.026691410199252977,-0.008869144574252977,0.013347652300747023,0.024089839800747023,0.020427730425747023,0.020427730425747023,-0.0008125039492529766,-0.024982425824252977,-0.027423832074252977,0.009929683550747023,0.0021171835507470234,-0.019123050824252977,-0.031574222699252974,-0.013263675824252977,0.013835933550747023,0.013835933550747023,0.012859371050747023,-0.018390628949252977,-0.050373050824252974,-0.025958988324252977,0.0004081991757470234,0.0006523398007470234,-0.018146488324252977,-0.034015628949252974,-0.019123050824252977,-0.019123050824252977,0.012126949175747023,0.037517574175747026,0.034343746050747026,-0.017658207074252977,-0.010822269574252977,0.024822261675747023,0.058269527300747026,0.052898433550747026,0.014324214800747023,-0.016193363324252977,-0.016193363324252977,-0.020343753949252977,0.0004081991757470234,0.030681636675747023,0.022136714800747023,-0.010578128949252977,-0.013263675824252977,0.013835933550747023,0.035320308550747026,0.023601558550747023,0.023601558550747023,-0.016193363324252977,-0.036212894574252974,-0.014484378949252977,0.023601558550747023,0.005779292925747023,-0.018878910199252977,-0.019611332074252977,0.005046871050747023,0.032390621050747026,0.032390621050747026,0.039470699175747026,0.022136714800747023,-0.0008125039492529766,0.012126949175747023,0.037273433550747026,0.037029292925747026,0.008464839800747023,-0.028400394574252977,-0.043048832074252974,-0.024250003949252977,-0.024250003949252977,0.019207027300747023,0.039958980425747026,0.006267574175747023,-0.06697461332425297,-0.030353519574252977,0.012371089800747023,0.015789058550747023,-0.022785160199252977,-0.06404492582425297,-0.06404492582425297,-0.07307812894925297,-0.040119144574252974,0.009929683550747023,0.0004081991757470234,-0.037189457074252974,-0.028400394574252977,0.011882808550747023,0.042400386675747026,0.039958980425747026,0.005046871050747023,0.005046871050747023,-0.020832035199252977,-0.011310550824252977,0.030681636675747023,0.005779292925747023,-0.025714847699252977,-0.034748050824252974,-0.010578128949252977,0.016277339800747023,0.017986324175747023,0.017986324175747023,-0.0037421914492529766,-0.025470707074252977,-0.024738285199252977,0.015300777300747023,0.005046871050747023,-0.011066410199252977,-0.020832035199252977,-0.020587894574252977,-0.014972660199252977,-0.014972660199252977,-0.017169925824252977,-0.018146488324252977,-0.022541019574252977,-0.009845707074252977,0.021404292925747023,0.046306636675747026,0.043621089800747026,0.019939449175747023,-0.009113285199252977,-0.009113285199252977,-0.017414066449252977,0.0004081991757470234,0.027263667925747023,0.013835933550747023,-0.006916019574252977,-0.011310550824252977,-0.007892582074252977,0.008953121050747023,0.025066402300747023,0.021404292925747023,0.021404292925747023,0.0004081991757470234,-0.018146488324252977,-0.0010566445742529766,0.018718746050747023,0.023113277300747023,0.009441402300747023,-0.011554691449252977,-0.004962894574252977,0.021892574175747023,0.021892574175747023,0.035320308550747026,0.019939449175747023,0.019939449175747023,0.008953121050747023,0.011394527300747023,0.026287105425747023,0.031658199175747026,0.008464839800747023,0.004070308550747023,0.004070308550747023,0.007732417925747023,-0.0027656289492529766,-0.013019535199252977,-0.007892582074252977,0.008464839800747023,0.011882808550747023,-0.0010566445742529766,-0.018634769574252977,-0.022785160199252977,-0.011310550824252977,-0.011310550824252977,0.007244136675747023,0.016521480425747023,-0.019611332074252977,-0.033527347699252974,-0.025226566449252977,-0.013019535199252977,-0.007648441449252977,-0.014728519574252977,-0.032794925824252974,-0.032794925824252974,-0.033283207074252974,-0.015460941449252977,0.004802730425747023,0.006755855425747023,-0.022296878949252977,-0.038898441449252974,-0.023761722699252977,0.004314449175747023,0.017986324175747023,0.009197261675747023,0.009197261675747023,-0.004962894574252977,-0.005207035199252977,0.005291011675747023,0.025798824175747023,0.019207027300747023,0.009441402300747023,0.005291011675747023,0.007976558550747023,0.014812496050747023,0.013347652300747023,0.013347652300747023,0.004558589800747023,-0.006427738324252977,0.005291011675747023,0.021404292925747023,0.017253902300747023,-0.006183597699252977,-0.020343753949252977,-0.013751957074252977,0.004558589800747023,0.004558589800747023,0.020671871050747023,0.015056636675747023,-0.020587894574252977,-0.018878910199252977,-0.004230472699252977,0.011394527300747023,0.007732417925747023,-0.005695316449252977,-0.015216800824252977,-0.015216800824252977,-0.014484378949252977,0.0018730429257470234,0.015544917925747023,0.0011406210507470234,-0.008136722699252977,-0.006916019574252977,0.004558589800747023,0.015544917925747023,0.017986324175747023,0.012126949175747023,0.012126949175747023,0.0035820273007470234,0.0030937460507470234,0.010662105425747023,0.013835933550747023,0.011882808550747023,0.004314449175747023,0.00016405855074702342,-8.008207425297658e-05,0.004070308550747023,0.004070308550747023,0.006023433550747023,0.0028496054257470234,-0.003986332074252977,-0.004962894574252977,-0.0034980508242529766,-0.006427738324252977,-0.010333988324252977,-0.011066410199252977,-0.011798832074252977,-0.011798832074252977,-0.008136722699252977,-0.0013007851992529766,0.0006523398007470234,-0.010822269574252977,-0.010822269574252977,-0.009601566449252977,-0.004230472699252977,0.0008964804257470234,-0.0008125039492529766,-0.0008125039492529766,-0.007160160199252977,-0.012042972699252977,-0.009601566449252977,0.0033378866757470234,0.0038261679257470234,-0.0010566445742529766,-0.004718753949252977,-8.008207425297658e-05,0.004558589800747023,-8.008207425297658e-05,-8.008207425297658e-05,-0.0037421914492529766,-0.0013007851992529766,0.004070308550747023,0.0016289023007470234,0.0016289023007470234,0.0030937460507470234,0.0026054648007470234,0.0030937460507470234,0.0033378866757470234,0.0033378866757470234,0.0023613241757470234,0.0026054648007470234,0.006023433550747023,0.0021171835507470234,-0.018390628949252977,-0.033039066449252974,-0.020343753949252977,0.007732417925747023,0.027263667925747023,0.027263667925747023,0.028728511675747023,0.017009761675747023,0.021404292925747023,0.07072069917574703,0.06437304292574703,0.032878902300747026,0.011150386675747023,0.017253902300747023,0.040935542925747026,0.051433589800747026,0.051433589800747026,0.032390621050747026,-8.008207425297658e-05,-0.018390628949252977,-0.005939457074252977,-0.004718753949252977,-0.019367191449252977,-0.041583988324252974,-0.051593753949252974,-0.039875003949252974,-0.039875003949252974,-0.017414066449252977,-0.0032539101992529766,-0.043048832074252974,-0.061847660199252974,-0.047199222699252974,-0.009357425824252977,0.018962886675747023,0.011638667925747023,-0.018390628949252977,-0.018390628949252977,-0.045734378949252974,-0.049152347699252974,-0.030597660199252977,-0.016681644574252977,-0.026935550824252977,-0.028644535199252977,-0.022052738324252977,-0.023273441449252977,-0.032550785199252974,-0.036945316449252974,-0.036945316449252974,-0.025226566449252977,-0.005207035199252977,-0.0027656289492529766,-0.030841800824252977,-0.042804691449252974,-0.022052738324252977,0.016765621050747023,0.039958980425747026,0.027751949175747023,0.027751949175747023,-0.0013007851992529766,-0.012287113324252977,-0.0005683633242529766,0.038249996050747026,0.032146480425747026,0.020183589800747023,0.022624996050747023,0.037029292925747026,0.041423824175747026,0.029705074175747023,0.029705074175747023,0.022869136675747023,0.025310542925747023,0.026775386675747023,0.016521480425747023,0.011150386675747023,0.006023433550747023,-0.005695316449252977,-0.010089847699252977,-0.0010566445742529766,-0.0010566445742529766,0.012859371050747023,0.018474605425747023,0.020916011675747023,0.024578121050747023,0.034587886675747026,0.041912105425747026,0.033611324175747026,0.020916011675747023,0.023845699175747023,0.023845699175747023,0.040935542925747026,0.057537105425747026,0.035076167925747026,0.014812496050747023,0.008953121050747023,0.021160152300747023,0.025310542925747023,0.0016289023007470234,-0.026691410199252977,-0.026691410199252977,-0.034992191449252974,-0.032794925824252974,-0.030597660199252977,-0.037189457074252974,-0.035480472699252974,-0.018390628949252977,0.0008964804257470234,0.008464839800747023,-8.008207425297658e-05,-0.010578128949252977,-0.010578128949252977,-0.011798832074252977,-0.0003242226992529766,0.057048824175747026,0.060222652300747026,0.043621089800747026,0.028484371050747023,0.012859371050747023,-0.024005863324252977,-0.07893750394925297,-0.07893750394925297,0.00010955415621577441,0.00010955415621577441,-0.060382816449252974,-0.058185550824252974,-0.07600781644925297,0.00010955415621577441,-0.08601758207425297,-0.043048832074252974,0.005291011675747023,0.005291011675747023,0.029949214800747023,0.028484371050747023,0.023601558550747023,0.06388476167574703,0.06657030855074703,0.039714839800747026,0.0038261679257470234,-0.009845707074252977,0.014080074175747023,0.049480464800747026,0.049480464800747026,0.058269527300747026,0.015056636675747023,-0.08284375394925297,-0.07210156644925297,-0.015705082074252977,0.028240230425747023,0.045085933550747026,0.037517574175747026,0.011638667925747023,0.011638667925747023,-0.007160160199252977,0.0021171835507470234,0.055339839800747026,0.06803515230074703,0.07145312105074703,0.06510546480074703,0.044841792925747026,0.019207027300747023,-0.011066410199252977,-0.032306644574252974,-0.032306644574252974,-0.038166019574252974,-0.019367191449252977,-0.008625003949252977,-0.025714847699252977,-0.048664066449252974,-0.052570316449252974,-0.031330082074252974,0.0018730429257470234,0.026287105425747023,0.026287105425747023,0.020183589800747023,-0.009357425824252977,-0.008625003949252977,0.026042964800747023,0.042644527300747026,0.010906246050747023,-0.032306644574252974,-0.040119144574252974,-0.009601566449252977,-0.009601566449252977,0.012615230425747023,-0.008625003949252977,-0.060138675824252974,-0.060138675824252974,-0.054523441449252974,-0.052326175824252974,-0.038898441449252974,-0.013996097699252977,0.011150386675747023,0.011150386675747023,0.005291011675747023,-0.021808597699252977,-0.0017890664492529766,0.013347652300747023,0.017742183550747023,0.031169917925747023,0.050212886675747026,0.059246089800747026,0.042644527300747026,0.042644527300747026,0.015056636675747023,0.0008964804257470234,0.024822261675747023,0.030681636675747023,0.008953121050747023,-0.011310550824252977,-0.015949222699252977,-0.020343753949252977,-0.033039066449252974,-0.041095707074252974,-0.041095707074252974,-0.028644535199252977,-0.0003242226992529766,0.019695308550747023,-0.013996097699252977,-0.019855472699252977,0.010417964800747023,0.027263667925747023,0.026531246050747023,0.022136714800747023,0.022136714800747023,0.022380855425747023,0.027019527300747023,0.035808589800747026,0.036541011675747026,0.028728511675747023,0.021648433550747023,0.014568355425747023,-0.0030097695742529766,-0.012531253949252977,-0.011798832074252977,-0.011798832074252977,-0.016437503949252977,-0.032306644574252974,-0.033283207074252974,-0.014240238324252977,0.0008964804257470234,0.0013847616757470234,-0.0027656289492529766,0.0004081991757470234,0.010906246050747023,0.010906246050747023,0.018718746050747023,0.017742183550747023,0.020183589800747023,0.034343746050747026,0.045818355425747026,0.036296871050747026,0.027263667925747023,0.031658199175747026,0.040447261675747026,0.040447261675747026,0.039714839800747026,0.030681636675747023,-0.009357425824252977,-0.021320316449252977,-0.018390628949252977,-0.014972660199252977,-0.014484378949252977,-0.023029300824252977,-0.031818363324252974,-0.031818363324252974,-0.036457035199252974,-0.036457035199252974,-0.0034980508242529766,-0.0003242226992529766,-0.010089847699252977,-0.009113285199252977,-0.004230472699252977,-0.003986332074252977,-0.011798832074252977,-0.013996097699252977,-0.013996097699252977,0.0013847616757470234,0.030437496050747023,0.033123042925747026,0.008220699175747023,-0.011798832074252977,-0.0025214883242529766,0.011638667925747023,0.006511714800747023,-0.019367191449252977,-0.019367191449252977,-0.050128910199252974,-0.054523441449252974,-0.019123050824252977,-0.029865238324252977,-0.061847660199252974,-0.08308789457425297,-0.06770703519925297,-0.033771488324252974,-0.005207035199252977,-0.005207035199252977,0.0013847616757470234,-0.013507816449252977,-0.015216800824252977,0.007488277300747023,0.018718746050747023,0.009685542925747023,-0.004230472699252977,0.007244136675747023,0.037517574175747026,0.058269527300747026,0.058269527300747026,0.047283199175747026,0.019939449175747023,0.026287105425747023,0.040447261675747026,0.035808589800747026,0.014324214800747023,-0.004962894574252977,-0.011310550824252977,-0.012287113324252977,-0.012287113324252977,-0.012042972699252977,-0.006427738324252977,-0.009601566449252977,-0.022296878949252977,-0.029132816449252977,-0.016681644574252977,0.011882808550747023,0.023601558550747023,0.0038261679257470234,0.0038261679257470234,-0.025226566449252977,-0.019367191449252977,0.040203121050747026,0.033611324175747026,0.0035820273007470234,-0.014728519574252977,0.007244136675747023,0.047039058550747026,0.056804683550747026,0.032634761675747026,0.032634761675747026,0.012859371050747023,0.011150386675747023,0.012615230425747023,0.007976558550747023,0.009197261675747023,0.009441402300747023,-0.0030097695742529766,-0.030841800824252977,-0.048908207074252974,-0.048908207074252974,-0.046955082074252974,-0.024494144574252977,-0.021564457074252977,-0.036945316449252974,-0.049884769574252974,-0.043537113324252974,-0.012042972699252977,0.014812496050747023,0.009929683550747023,-0.006671878949252977,-0.006671878949252977,-0.010089847699252977,0.0013847616757470234,0.031169917925747023,0.029216792925747023,0.020183589800747023,0.017009761675747023,0.017009761675747023,0.024822261675747023,0.036541011675747026,0.036541011675747026,0.037761714800747026,0.027996089800747023,0.008953121050747023,0.006999996050747023,0.008953121050747023,0.007488277300747023,-0.004962894574252977,-0.021564457074252977,-0.024738285199252977,-0.024738285199252977,-0.015705082074252977,-0.0037421914492529766,-0.025226566449252977,-0.041095707074252974,-0.037189457074252974,-0.024005863324252977,-0.013507816449252977,-0.020587894574252977,-0.030597660199252977,-0.029132816449252977,-0.029132816449252977,-0.016681644574252977,0.004070308550747023,0.004802730425747023,-0.0034980508242529766,-0.008625003949252977,-0.011310550824252977,-0.006183597699252977,0.017009761675747023,0.042156246050747026,0.042156246050747026,0.044841792925747026,-0.008380863324252977,-0.014484378949252977,0.0028496054257470234,0.034343746050747026,0.052654292925747026,0.043865230425747026,0.010173824175747023,-0.016193363324252977,-0.016193363324252977,-0.018634769574252977,-0.0034980508242529766,0.015544917925747023,-0.009113285199252977,-0.030353519574252977,-0.032794925824252974,-0.022052738324252977,-0.0027656289492529766,0.0008964804257470234,0.0008964804257470234,-0.015949222699252977,-0.035236332074252974,-0.007160160199252977,0.010417964800747023,0.013103511675747023,0.004558589800747023,-0.0030097695742529766,0.00016405855074702342,0.006755855425747023,0.006999996050747023,0.006999996050747023,0.0016289023007470234,0.010906246050747023,0.005535152300747023,-0.009113285199252977,-0.013507816449252977,-0.0003242226992529766,0.021648433550747023,0.029949214800747023,0.016033199175747023,0.016033199175747023,-0.0034980508242529766,-0.009601566449252977,0.006999996050747023,0.014080074175747023,0.008220699175747023,0.0006523398007470234,-0.012042972699252977,-0.020832035199252977,-0.013019535199252977,0.0018730429257470234,0.0018730429257470234,0.0026054648007470234,-0.018634769574252977,-0.025226566449252977,-0.022052738324252977,-0.023761722699252977,-0.021076175824252977,-0.017414066449252977,-0.018146488324252977,-0.014728519574252977,-0.007404300824252977,-0.0008125039492529766,0.005046871050747023,0.008220699175747023,-0.0022773476992529766,-0.010822269574252977,-0.010822269574252977,0.007732417925747023,0.034343746050747026,0.032878902300747026,0.0006523398007470234,-0.010089847699252977,-0.009601566449252977,0.038249996050747026,0.038738277300747026,0.024089839800747023,0.017498042925747023,0.019451167925747023,0.024822261675747023,0.012371089800747023,0.006267574175747023,0.006267574175747023,0.021160152300747023,0.009197261675747023,-0.018390628949252977,-0.017902347699252977,-0.0017890664492529766,0.008708980425747023,0.005046871050747023,-0.012531253949252977,-0.022296878949252977,-0.022296878949252977,-0.019367191449252977,-0.016925785199252977,-0.018878910199252977,-0.012531253949252977,-0.013751957074252977,-0.024494144574252977,-0.035724613324252974,-0.033039066449252974,-0.015460941449252977,-0.0013007851992529766,-0.0013007851992529766,-0.004474613324252977,-0.005939457074252977,0.007976558550747023,0.018474605425747023,0.007976558550747023,0.0011406210507470234,0.015789058550747023,0.041179683550747026,0.050212886675747026,0.050212886675747026,0.031169917925747023,-0.0008125039492529766,0.011150386675747023,0.025310542925747023,0.026775386675747023,0.022380855425747023,0.025066402300747023,0.034832027300747026,0.026531246050747023,0.026531246050747023,-0.003986332074252977,-0.024494144574252977,0.010173824175747023,0.015300777300747023,-0.007404300824252977,-0.031085941449252977,-0.040851566449252974,-0.034259769574252974,-0.017902347699252977,-0.017902347699252977,-0.005207035199252977,-0.008625003949252977,-0.044025394574252974,-0.037433597699252974,-0.015216800824252977,-0.0030097695742529766,-0.011798832074252977,-0.030353519574252977,-0.043781253949252974,-0.044269535199252974,-0.044269535199252974,-0.018634769574252977,0.012371089800747023,-0.007892582074252977,-0.020343753949252977,-0.006671878949252977,0.011394527300747023,0.017253902300747023,0.014080074175747023,0.012859371050747023,0.012859371050747023,0.014080074175747023,0.017253902300747023,0.016033199175747023,0.020183589800747023,0.017986324175747023,0.009441402300747023,0.009441402300747023,0.013347652300747023,0.015544917925747023,0.015544917925747023,0.010173824175747023,-0.0022773476992529766,-0.0020332070742529766,0.009441402300747023,0.014812496050747023,0.007732417925747023,-0.0022773476992529766,-0.010089847699252977,-0.0022773476992529766,-0.0022773476992529766,0.013591792925747023,0.023357417925747023,0.0016289023007470234,-0.004230472699252977,0.0011406210507470234,0.008953121050747023,0.010906246050747023,0.004802730425747023,-0.009845707074252977,-0.018878910199252977,-0.018878910199252977,-0.012042972699252977,0.008464839800747023,0.0004081991757470234,-0.014728519574252977,-0.028400394574252977,-0.032794925824252974,-0.018146488324252977,0.0033378866757470234,0.018718746050747023,0.018718746050747023,0.011882808550747023,-0.037677738324252974,-0.022541019574252977,0.006023433550747023,0.014568355425747023,0.004802730425747023,-0.009113285199252977,-0.006671878949252977,0.005291011675747023,0.005291011675747023,0.010662105425747023,-0.004474613324252977,-0.015216800824252977,-0.011066410199252977,0.014080074175747023,0.033855464800747026,0.023113277300747023,0.0023613241757470234,-0.009357425824252977,-0.009357425824252977,-0.003986332074252977,0.011638667925747023,0.027019527300747023,0.008464839800747023,-0.005451175824252977,-0.007892582074252977,0.004070308550747023,0.017498042925747023,0.020427730425747023,0.011150386675747023,0.011150386675747023,-8.008207425297658e-05,-0.011310550824252977,0.0011406210507470234,0.012615230425747023,0.004802730425747023,-0.010578128949252977,-0.009845707074252977,-0.0005683633242529766,0.0004081991757470234,0.0004081991757470234,-0.007648441449252977,-0.009357425824252977,-0.025470707074252977,-0.028644535199252977,-0.013263675824252977,0.0008964804257470234,-0.0003242226992529766,-0.018634769574252977,-0.036945316449252974,-0.035968753949252974,-0.035968753949252974,-0.017414066449252977,0.016765621050747023,-0.008136722699252977,-0.038654300824252974,-0.037677738324252974,-0.008136722699252977,0.021404292925747023,0.024578121050747023,0.004314449175747023,0.004314449175747023,-0.016681644574252977,0.004070308550747023,0.024089839800747023,0.025554683550747023,0.010662105425747023,-0.004474613324252977,-0.0015449258242529766,0.011150386675747023,0.026775386675747023,0.026775386675747023,0.028240230425747023,0.010906246050747023,-0.011798832074252977,0.020183589800747023,0.042400386675747026,0.027019527300747023,-0.0025214883242529766,-0.008136722699252977,0.0028496054257470234,0.005046871050747023,0.005046871050747023,0.005291011675747023,0.011150386675747023,0.006755855425747023,-0.0013007851992529766,-0.009601566449252977,-0.014484378949252977,-0.009113285199252977,0.0028496054257470234,0.013591792925747023,0.013591792925747023,0.0030937460507470234,-0.008869144574252977,0.005046871050747023,0.014080074175747023,0.015789058550747023,0.010906246050747023,-0.0020332070742529766,-0.013751957074252977,-0.010578128949252977,-0.010578128949252977,0.007976558550747023,0.007732417925747023,-0.011310550824252977,-0.024738285199252977,-0.018878910199252977,0.008464839800747023,0.034099605425747026,0.018474605425747023,-0.024005863324252977,-0.024005863324252977,-0.040119144574252974,-0.024005863324252977,0.014812496050747023,0.009929683550747023,-0.014728519574252977,-0.040363285199252974,-0.032550785199252974,0.005535152300747023,0.032878902300747026,0.018230464800747023,0.018230464800747023,-0.025714847699252977,-0.031085941449252977,0.021404292925747023,0.055339839800747026,0.031902339800747026,-0.030597660199252977,-0.06795117582425297,-0.036701175824252974,0.027751949175747023,0.027751949175747023,0.056560542925747026,-0.016681644574252977,-0.042072269574252974,-0.021564457074252977,0.024822261675747023,0.052654292925747026,0.033855464800747026,-0.011798832074252977,-0.040607425824252974,-0.040607425824252974,-0.023517582074252977,0.018230464800747023,0.033855464800747026,-0.018634769574252977,-0.037921878949252974,-0.009357425824252977,0.029705074175747023,0.040691402300747026,0.019207027300747023,-0.019611332074252977,-0.019611332074252977,-0.040363285199252974,0.029460933550747023,0.049968746050747026,0.020671871050747023,-0.028156253949252977,-0.051105472699252974,-0.021564457074252977,0.033367183550747026,0.050212886675747026,0.050212886675747026,0.012859371050747023,-0.038898441449252974,-0.011066410199252977,0.039958980425747026,0.050945308550747026,0.010662105425747023,-0.042804691449252974,-0.045734378949252974,0.0006523398007470234,0.047771480425747026,0.049724605425747026,0.004558589800747023,-0.045490238324252974,-0.045490238324252974,-0.048419925824252974,0.053874996050747026,0.0006523398007470234,0.045085933550747026,-0.055011722699252974,-0.039630863324252974,0.013347652300747023,0.048015621050747026,0.036296871050747026,-0.015216800824252977,-0.059650394574252974,-0.048175785199252974,0.012371089800747023,0.012371089800747023,0.056560542925747026,-0.034259769574252974,-0.06990430082425297,-0.041583988324252974,0.020183589800747023,0.052654292925747026,0.018474605425747023,-0.049396488324252974,-0.07307812894925297,-0.07307812894925297,-0.027179691449252977,0.055339839800747026,0.017986324175747023,-0.042072269574252974,-0.058917972699252974,-0.015705082074252977,0.041912105425747026,0.055583980425747026,0.013835933550747023,0.013835933550747023,-0.034992191449252974,0.0026054648007470234,0.050701167925747026,0.047527339800747026,-0.0020332070742529766,-0.039386722699252974,-0.025226566449252977,0.018962886675747023,0.043376949175747026,0.028484371050747023,0.028484371050747023,-0.019611332074252977,-0.048908207074252974,0.025310542925747023,0.045818355425747026,0.015789058550747023,-0.031085941449252977,-0.047443363324252974,-0.013996097699252977,0.035320308550747026,0.045330074175747026,0.045330074175747026,0.005535152300747023,-0.029621097699252977,0.007976558550747023,0.040203121050747026,0.029216792925747023,-0.006916019574252977,-0.024250003949252977,-0.005207035199252977,0.027751949175747023,0.027751949175747023,0.033855464800747026,-0.010333988324252977,-0.017169925824252977,0.0018730429257470234,0.028972652300747023,0.027996089800747023,-0.0010566445742529766,-0.020343753949252977,-0.014484378949252977,0.0026054648007470234,0.0026054648007470234,0.016765621050747023,-0.009601566449252977,-0.034748050824252974,-0.022296878949252977,0.012371089800747023,0.027996089800747023,0.0011406210507470234,-0.030841800824252977,-0.038654300824252974,-0.038654300824252974,-0.008869144574252977,0.017009761675747023,-0.019367191449252977,-0.037921878949252974,-0.019611332074252977,0.007244136675747023,0.028484371050747023,0.016277339800747023,-0.013996097699252977,-0.022785160199252977,-0.022785160199252977,0.018962886675747023,0.022624996050747023,0.005535152300747023,-0.014728519574252977,-0.018146488324252977,-0.006183597699252977,0.017986324175747023,0.019451167925747023,0.0023613241757470234,-0.007648441449252977,-0.012287113324252977,-0.0037421914492529766,0.009197261675747023,0.012371089800747023,0.012371089800747023,-0.009601566449252977,-0.031818363324252974,-0.018146488324252977,0.044597652300747026,0.026531246050747023,-0.019123050824252977,-0.042316410199252974,-0.016681644574252977,0.030437496050747023,0.052898433550747026,0.021892574175747023,-0.031330082074252974,-0.053791019574252974,-0.033771488324252974,0.009441402300747023,0.032634761675747026,0.032634761675747026,0.013347652300747023,-0.024005863324252977,-0.046466800824252974,0.007976558550747023,0.041912105425747026,0.039714839800747026,0.012126949175747023,-0.005939457074252977,0.005046871050747023,0.030681636675747023,0.038982417925747026,0.022869136675747023,0.0023613241757470234,0.0033378866757470234,0.031414058550747026,0.054363277300747026,0.051189449175747026,0.051189449175747026,0.029216792925747023,0.0023613241757470234,0.016277339800747023,0.041423824175747026,0.046550777300747026,0.028728511675747023,-0.0017890664492529766,-0.021808597699252977,-0.016681644574252977,0.010662105425747023,0.027751949175747023,0.010417964800747023,-0.018878910199252977,-0.032062503949252974,-0.018634769574252977,-0.0017890664492529766,0.0006523398007470234,0.0006523398007470234,-0.0030097695742529766,-0.005695316449252977,-0.0005683633242529766,-0.004474613324252977,-0.008380863324252977,-0.010822269574252977,-0.013263675824252977,-0.006671878949252977,0.004070308550747023,0.007488277300747023,0.0008964804257470234,-0.014240238324252977,-0.026935550824252977,-0.024738285199252977,-0.007892582074252977,-8.008207425297658e-05,-8.008207425297658e-05,-0.007648441449252977,-0.019611332074252977,-0.031574222699252974,-0.027912113324252977,-0.020343753949252977,-0.020099613324252977,-0.024005863324252977,-0.033039066449252974,-0.039630863324252974,-0.032306644574252974,-0.019367191449252977,-0.014728519574252977,-0.025470707074252977,-0.034015628949252974,-0.028156253949252977,-0.020099613324252977,-0.020099613324252977,-0.012042972699252977,-0.013996097699252977,-0.020832035199252977,-0.014240238324252977,-0.013751957074252977,-0.013996097699252977,-0.015216800824252977,-0.013507816449252977,-0.006427738324252977,-0.004962894574252977,-0.007160160199252977,-0.011554691449252977,-0.009357425824252977,-0.007160160199252977,-0.006427738324252977,0.004802730425747023,0.004802730425747023,0.010906246050747023,0.006267574175747023,-0.0020332070742529766,-0.007892582074252977,0.0016289023007470234,0.007976558550747023,0.014080074175747023,0.021892574175747023,0.012126949175747023,-0.016681644574252977,-0.039630863324252974,-0.043048832074252974,-0.031818363324252974,-0.017414066449252977,-0.017169925824252977,-0.033039066449252974,-0.037677738324252974,-0.022541019574252977,0.0016289023007470234,0.0016289023007470234,0.016521480425747023,0.012126949175747023,0.009197261675747023,0.027996089800747023,0.043132808550747026,0.043132808550747026,0.023601558550747023,0.004558589800747023,0.006511714800747023,0.020916011675747023,0.027019527300747023,0.025066402300747023,0.015544917925747023,0.009929683550747023,0.015300777300747023,0.019695308550747023,0.018474605425747023,0.007488277300747023,-0.006183597699252977,-0.009113285199252977,-0.009113285199252977,0.0008964804257470234,0.014812496050747023,0.010662105425747023,-0.004230472699252977,-0.006671878949252977,0.007244136675747023,0.027996089800747023,0.038738277300747026,0.034587886675747026,0.018962886675747023,0.007976558550747023,0.016521480425747023,0.033123042925747026,0.041912105425747026,0.033855464800747026,0.020671871050747023,0.020671871050747023,0.017253902300747023,0.023113277300747023,0.027751949175747023,0.011150386675747023,-0.006427738324252977,-0.009601566449252977,0.011638667925747023,0.033611324175747026,0.028728511675747023,-0.0008125039492529766,-0.029621097699252977,-0.032550785199252974,-0.0032539101992529766,0.031902339800747026,0.041179683550747026,0.015300777300747023,0.015300777300747023,-0.021076175824252977,-0.034503910199252974,0.021892574175747023,0.041912105425747026,0.025554683550747023,-0.005695316449252977,-0.020099613324252977,-0.012042972699252977,0.007244136675747023,0.021892574175747023,0.019207027300747023,-0.0010566445742529766,-0.015460941449252977,-0.016925785199252977,-0.016925785199252977,0.008464839800747023,0.008220699175747023,-0.0025214883242529766,-0.011066410199252977,-0.015216800824252977,-0.010822269574252977,-0.006671878949252977,-0.015705082074252977,-0.017902347699252977,-0.017902347699252977,-0.011554691449252977,-0.005939457074252977,-0.020343753949252977,-0.029865238324252977,-0.026447269574252977,-0.017902347699252977,-0.008380863324252977,-0.0015449258242529766,0.0011406210507470234,-0.0008125039492529766,-0.0008125039492529766,-0.0032539101992529766,0.0021171835507470234,0.011150386675747023,0.018230464800747023,0.014324214800747023,0.007244136675747023,0.005291011675747023,0.008953121050747023,0.017498042925747023,0.017498042925747023,0.017498042925747023,0.017009761675747023,0.015544917925747023,0.015300777300747023,0.014080074175747023,0.006023433550747023,0.004070308550747023,0.005535152300747023,0.006999996050747023,0.006999996050747023,0.011394527300747023,0.005779292925747023,-0.008380863324252977,-0.025226566449252977,-0.025470707074252977,-0.0034980508242529766,0.011150386675747023,-8.008207425297658e-05,-0.024250003949252977,-0.039142582074252974,-0.039142582074252974,-0.032306644574252974,-0.019855472699252977,-0.018634769574252977,-0.028400394574252977,-0.041828128949252974,-0.052814457074252974,-0.048664066449252974,-0.027912113324252977,-0.009845707074252977,-0.009845707074252977,-0.0037421914492529766,-0.033283207074252974,-0.029621097699252977,-0.013019535199252977,-0.0010566445742529766,-0.0013007851992529766,-0.005207035199252977,-0.004474613324252977,0.0030937460507470234,0.009929683550747023,0.009929683550747023,0.012371089800747023,0.017498042925747023,0.020916011675747023,0.022624996050747023,0.023845699175747023,0.030681636675747023,0.028728511675747023,0.013347652300747023,-0.004474613324252977,-0.004474613324252977,-0.009113285199252977,0.006755855425747023,-0.005451175824252977,-0.023273441449252977,-0.033771488324252974,-0.035968753949252974,-0.037677738324252974,-0.047199222699252974,-0.048664066449252974,-0.033527347699252974,-0.033527347699252974,0.023601558550747023,0.032634761675747026,0.011638667925747023,-0.010822269574252977,-0.013996097699252977,0.007732417925747023,0.041912105425747026,0.059978511675747026,0.049724605425747026,0.049724605425747026,0.017986324175747023,0.027996089800747023,0.053630855425747026,0.07877733980074703,0.08268358980074703,0.07120898042574703,0.052654292925747026,0.034343746050747026,0.024578121050747023,0.021648433550747023,0.021648433550747023,0.017498042925747023,0.010173824175747023,-0.0013007851992529766,-0.008625003949252977,-0.012531253949252977,-0.021320316449252977,-0.037433597699252974,-0.047443363324252974,-0.035968753949252974,-0.035968753949252974,-0.0010566445742529766,-0.016437503949252977,-0.034259769574252974,-0.032062503949252974,-0.013751957074252977,0.004802730425747023,0.005779292925747023,-0.0027656289492529766,-0.007160160199252977,-0.007160160199252977,0.021160152300747023,0.034832027300747026,0.040447261675747026,0.034343746050747026,0.030437496050747023,0.036541011675747026,0.052410152300747026,0.059246089800747026,0.043621089800747026,0.043621089800747026,0.015300777300747023,-0.010333988324252977,-0.009113285199252977,-0.016193363324252977,-0.028400394574252977,-0.047687503949252974,-0.059894535199252974,-0.060138675824252974,-0.06258008207425297,-0.07136914457425297,-0.07136914457425297,-0.050617191449252974,-0.041339847699252974,-0.045978519574252974,-0.050373050824252974,-0.036701175824252974,-0.012775394574252977,-0.006671878949252977,-0.030841800824252977,-0.037677738324252974,-0.009357425824252977,0.025066402300747023,0.025066402300747023,0.040691402300747026,0.023113277300747023,0.018718746050747023,0.029216792925747023,0.053874996050747026,0.06998827730074703,0.06290819917574703,0.040691402300747026,0.004802730425747023,-0.026935550824252977,-0.026935550824252977,0.0008964804257470234,0.00016405855074702342,-0.021320316449252977,-0.041583988324252974,-0.050617191449252974,-0.047443363324252974,-0.045978519574252974,-0.036457035199252974,-0.022052738324252977,-0.022052738324252977,-0.033527347699252974,-0.038898441449252974,-0.026691410199252977,0.0018730429257470234,0.028728511675747023,0.024089839800747023,-0.004962894574252977,-0.013263675824252977,0.018474605425747023,0.018474605425747023,0.07047655855074703,0.060222652300747026,0.052898433550747026,0.061931636675747026,0.07828905855074703,0.08219530855074703,0.06534960542574703,0.042644527300747026,0.025798824175747023,0.025798824175747023,0.018962886675747023,0.005779292925747023,-0.007892582074252977,-0.034503910199252974,-0.045490238324252974,-0.041583988324252974,-0.042560550824252974,-0.053302738324252974,-0.06941601957425297,-0.06941601957425297,-0.07210156644925297,-0.034748050824252974,-0.041339847699252974,-0.052570316449252974,-0.043537113324252974,-0.015949222699252977,-0.0010566445742529766,-0.004230472699252977,-0.016193363324252977,-0.015949222699252977,-0.015949222699252977,0.033611324175747026,0.045330074175747026,0.053630855425747026,0.052654292925747026,0.047283199175747026,0.053142574175747026,0.06803515230074703,0.07194140230074703,0.054607417925747026,0.054607417925747026,0.009929683550747023,-0.0032539101992529766,-0.016437503949252977,-0.018634769574252977,-0.022541019574252977,-0.026447269574252977,-0.041339847699252974,-0.053546878949252974,-0.06526562894925297,-0.06966016019925297,-0.06966016019925297,-0.033039066449252974,-0.031085941449252977,-0.037921878949252974,-0.034992191449252974,-0.018878910199252977,0.006267574175747023,0.019207027300747023,0.005779292925747023,-0.013507816449252977,-0.013507816449252977,0.019695308550747023,0.055339839800747026,0.07438280855074703,0.06681444917574703,0.038494136675747026,0.032634761675747026,0.06315233980074703,0.00010955415621577441,0.00010955415621577441,0.00010955415621577441,0.020916011675747023,-0.006183597699252977,0.00016405855074702342,0.016277339800747023,0.013591792925747023,-0.010578128949252977,-0.042316410199252974,-0.052326175824252974,-0.042316410199252974,-0.047687503949252974,-0.047687503949252974,-0.058185550824252974,-0.056964847699252974,-0.047687503949252974,-0.031330082074252974,-0.026935550824252977,-0.023761722699252977,-0.020343753949252977,-0.022052738324252977,-0.017902347699252977,-0.008869144574252977,0.007244136675747023,0.023845699175747023,0.034587886675747026,0.034343746050747026,0.034343746050747026,0.032634761675747026,0.048992183550747026,0.06437304292574703,0.07462694917574703,0.06510546480074703,0.041912105425747026,0.025066402300747023,0.018230464800747023,0.021892574175747023,0.022136714800747023,-0.008625003949252977,-0.008625003949252977,-0.045001957074252974,-0.034992191449252974,-0.029865238324252977,-0.060138675824252974,0.00010955415621577441,-0.08797070707425297,-0.08113476957425297,-0.06550976957425297,-0.040607425824252974,-0.036701175824252974,-0.036701175824252974,-0.044269535199252974,-0.038898441449252974,-0.030353519574252977,-0.008136722699252977,0.011882808550747023,0.008953121050747023,0.004070308550747023,0.016033199175747023,0.032634761675747026,0.053142574175747026,0.053142574175747026,0.060710933550747026,0.057781246050747026,0.058757808550747026,0.062175777300747026,0.06266405855074703,0.054607417925747026,0.041423824175747026,0.017009761675747023,-0.0037421914492529766,-0.0037421914492529766,-0.0032539101992529766,0.0006523398007470234,-0.023273441449252977,-0.062335941449252974,-0.06819531644925297,-0.055255863324252974,-0.039630863324252974,-0.033771488324252974,-0.042560550824252974,-0.042560550824252974,-0.053302738324252974,-0.031818363324252974,-0.021564457074252977,-0.009845707074252977,0.0033378866757470234,0.0033378866757470234,0.012371089800747023,0.029705074175747023,0.038982417925747026,0.042400386675747026,0.041667964800747026,0.047039058550747026,0.06559374605074703,0.08805468355074703,0.00010955415621577441,0.07926562105074703,0.062175777300747026,0.056560542925747026,0.055339839800747026,0.046306636675747026,0.046306636675747026,0.022380855425747023,0.0035820273007470234,-0.014484378949252977,-0.034748050824252974,-0.041828128949252974,-0.024494144574252977,-0.031818363324252974,-0.06697461332425297,-0.08626172269925297,-0.08626172269925297,-0.057208988324252974,-0.043292972699252974,-0.059650394574252974,-0.07527539457425297,-0.050373050824252974,-8.008207425297658e-05,0.013347652300747023,-0.014484378949252977,-0.023517582074252977,-0.023517582074252977,0.0018730429257470234,0.015300777300747023,0.030437496050747023,0.050945308550747026,0.06583788667574703,0.06412890230074703,0.048503902300747026,0.039470699175747026,0.053630855425747026,0.07267382417574703,0.07267382417574703,0.029216792925747023,-0.0010566445742529766,0.00016405855074702342,0.019451167925747023,0.024089839800747023,-0.0025214883242529766,-0.044513675824252974,-0.062091800824252974,-0.054279300824252974,-0.054279300824252974,-0.032794925824252974,-0.046710941449252974,-0.07478711332425297,-0.07722851957425297,-0.045001957074252974,-0.024494144574252977,-0.026935550824252977,-0.051105472699252974,-0.06258008207425297,-0.06258008207425297,0.007488277300747023,0.030681636675747023,0.024578121050747023,0.0006523398007470234,-0.011066410199252977,0.010417964800747023,0.052898433550747026,0.06876757417574703,0.051189449175747026,0.051189449175747026,0.038738277300747026,0.060955074175747026,0.08463671480074703,0.07072069917574703,0.031902339800747026,0.010417964800747023,0.008708980425747023,0.018230464800747023,0.016521480425747023,-0.014240238324252977,-0.041339847699252974,-0.043781253949252974,-0.031574222699252974,-0.024982425824252977,-0.045734378949252974,-0.07551953519925297,-0.07722851957425297,-0.061847660199252974,-0.052082035199252974,-0.048908207074252974,-0.048908207074252974,-0.031330082074252974,-0.014728519574252977,-0.0027656289492529766,-0.0037421914492529766,0.0030937460507470234,0.016521480425747023,0.018474605425747023,0.013347652300747023,0.018718746050747023,0.018718746050747023,0.06510546480074703,0.08121874605074703,0.07511523042574703,0.055828121050747026,0.055339839800747026,0.06998827730074703,0.07047655855074703,0.056072261675747026,0.041179683550747026,0.032878902300747026,0.032878902300747026,0.0008964804257470234,0.0023613241757470234,-0.017902347699252977,-0.037921878949252974,-0.041339847699252974,-0.057208988324252974,-0.07014844144925297,-0.06404492582425297,-0.047687503949252974,-0.047687503949252974,-0.06843945707425297,-0.06428906644925297,-0.055255863324252974,-0.032062503949252974,0.0006523398007470234,0.0026054648007470234,-0.021320316449252977,-0.018146488324252977,0.0033378866757470234,0.021404292925747023,0.035076167925747026,0.035808589800747026,0.025798824175747023,0.025798824175747023,0.044353511675747026,0.07120898042574703,0.08854296480074703,0.07389452730074703,0.048992183550747026,0.035320308550747026,0.038982417925747026,0.058757808550747026,0.055095699175747026,0.007976558550747023,-0.039875003949252974,-0.051593753949252974,-0.027667972699252977,0.007732417925747023,-0.007160160199252977,-0.060382816449252974,-0.060382816449252974,0.00010955415621577441,-0.058917972699252974,-0.026203128949252977,-0.026447269574252977,-0.054767582074252974,-0.06892773832425297,-0.047687503949252974,-0.006427738324252977,0.025310542925747023,0.025310542925747023,-0.036457035199252974,-0.047687503949252974,-0.010333988324252977,0.041667964800747026,0.06681444917574703,0.054119136675747026,0.017253902300747023,-0.004474613324252977,0.018962886675747023,0.018962886675747023,0.00010955415621577441,0.08756640230074703,0.033367183550747026,0.0008964804257470234,0.018474605425747023,0.06364062105074703,0.06949999605074703,0.025066402300747023,-0.031330082074252974,-0.055988285199252974,-0.055988285199252974,-0.012042972699252977,-0.013996097699252977,-0.045734378949252974,-0.08211133207425297,0.00010955415621577441,-0.07356641019925297,-0.028400394574252977,-0.026203128949252977,-0.051349613324252974,-0.08040234769925297,-0.08040234769925297,-0.024250003949252977,0.021160152300747023,0.024822261675747023,0.0023613241757470234,-0.021564457074252977,-0.013507816449252977,0.014324214800747023,0.044841792925747026,0.055095699175747026,0.055095699175747026,0.038982417925747026,0.045330074175747026,0.06657030855074703,0.00010955415621577441,0.00010955415621577441,0.06827929292574703,0.030193355425747023,0.013591792925747023,0.027019527300747023,0.042644527300747026,0.042644527300747026,0.0006523398007470234,0.0033378866757470234,-0.028644535199252977,-0.025958988324252977,-0.026935550824252977,-0.048175785199252974,-0.07942578519925297,0.00010955415621577441,-0.07747266019925297,-0.050373050824252974,-0.030353519574252977,-0.028888675824252977,-0.050128910199252974,-0.06648633207425297,-0.049884769574252974,-0.010822269574252977,0.016765621050747023,0.016765621050747023,0.007488277300747023,-0.012531253949252977,-0.0030097695742529766,0.034343746050747026,0.06925585542574703,0.06608202730074703,0.038982417925747026,0.032146480425747026,0.044353511675747026,0.06583788667574703,0.08268358980074703,0.07120898042574703,0.038249996050747026,0.013347652300747023,0.015544917925747023,0.027996089800747023,0.030925777300747023,0.010906246050747023,-0.033771488324252974,-0.058429691449252974,-0.041583988324252974,-0.019611332074252977,-0.026935550824252977,-0.049640628949252974,-0.06624219144925297,-0.07429883207425297,-0.06380078519925297,-0.043537113324252974,-0.036945316449252974,-0.037921878949252974,-0.037921878949252974,-0.025226566449252977,-0.005451175824252977,0.0018730429257470234,-0.0025214883242529766,0.007488277300747023,0.020183589800747023,0.019451167925747023,0.018474605425747023,0.025066402300747023,0.038982417925747026,0.048748042925747026,0.048748042925747026,0.053142574175747026,0.060222652300747026,0.06486132417574703,0.06461718355074703,0.045085933550747026,0.020183589800747023,0.011882808550747023,0.016765621050747023,0.018718746050747023,0.018718746050747023,-0.015949222699252977,-0.040363285199252974,-0.035968753949252974,-0.028644535199252977,-0.029865238324252977,-0.059406253949252974,0.00010955415621577441,-0.08357617582425297,-0.044757816449252974,-0.018878910199252977,-0.025226566449252977,-0.053058597699252974,-0.07112500394925297,-0.056476566449252974,-0.015460941449252977,0.027507808550747023,0.037761714800747026,0.011150386675747023,-0.020099613324252977,-0.016681644574252977,-0.016681644574252977,0.06901171480074703,0.08219530855074703,0.059978511675747026,0.029949214800747023,0.025310542925747023,0.06437304292574703,0.00010955415621577441,0.08683398042574703,0.049480464800747026,0.009685542925747023,-0.007892582074252977,0.0013847616757470234,0.023113277300747023,0.030193355425747023,0.0008964804257470234,-0.040851566449252974,-0.054523441449252974,-0.046466800824252974,-0.033283207074252974,-0.044025394574252974,-0.07185742582425297,-0.08040234769925297,-0.06648633207425297,-0.039142582074252974,-0.022785160199252977,-0.032550785199252974,-0.053546878949252974,-0.053791019574252974,-0.012531253949252977,0.027507808550747023,0.024333980425747023,0.004070308550747023,-0.0034980508242529766,0.005046871050747023,0.019207027300747023,0.037029292925747026,0.045085933550747026,0.048748042925747026,0.048503902300747026,0.053386714800747026,0.053386714800747026,0.057048824175747026,0.060466792925747026,0.053630855425747026,0.034099605425747026,0.016521480425747023,0.008953121050747023,0.010417964800747023,0.026775386675747023,0.014812496050747023,-0.027179691449252977,-0.059406253949252974,-0.059162113324252974,-0.047687503949252974,-0.043048832074252974,-0.052082035199252974,-0.06868359769925297,-0.07136914457425297,-0.060626957074252974,-0.051837894574252974,-0.048908207074252974,-0.039386722699252974,-0.016437503949252977,0.006755855425747023,-0.005939457074252977,-0.028644535199252977,-0.014728519574252977,0.021648433550747023,0.042156246050747026,0.032634761675747026,0.014568355425747023,0.015300777300747023,0.043865230425747026,0.06876757417574703,0.06730273042574703,0.058025386675747026,0.055095699175747026,0.07047655855074703,0.00010955415621577441,0.00010955415621577441,0.08121874605074703,0.07169726167574703,0.059490230425747026,0.048015621050747026,0.019451167925747023,-0.018390628949252977,-0.030109378949252977,-0.021564457074252977,-0.013263675824252977,-0.014240238324252977,-0.037189457074252974,-0.06795117582425297,-0.07747266019925297,-0.06892773832425297,-0.060138675824252974,-0.045001957074252974,-0.030841800824252977,-0.027423832074252977,-0.029865238324252977,-0.026691410199252977,-0.015705082074252977,-0.018390628949252977,-0.018390628949252977,-0.013751957074252977,0.0033378866757470234,0.016521480425747023,0.021892574175747023,0.008953121050747023,-0.013996097699252977,-0.013507816449252977,0.021160152300747023,0.059246089800747026,0.07072069917574703,0.050457027300747026,0.016765621050747023,-0.009601566449252977,-0.008380863324252977,0.017253902300747023,0.030193355425747023,0.022380855425747023,-0.0037421914492529766,-0.027179691449252977,-0.034015628949252974,-0.036945316449252974,-0.028156253949252977,-0.026447269574252977,-0.033039066449252974,-0.036945316449252974,-0.045490238324252974,-0.050861332074252974,-0.046222660199252974,-0.039386722699252974,-0.034015628949252974,-0.034015628949252974,-0.034015628949252974,-0.024738285199252977,-0.005207035199252977,0.006755855425747023,0.0004081991757470234,-0.009845707074252977,-0.006183597699252977,0.005291011675747023,0.020916011675747023,0.027263667925747023,0.024578121050747023,0.024089839800747023,0.021648433550747023,0.027507808550747023,0.032878902300747026,0.026042964800747023,0.022624996050747023,0.027263667925747023,0.024089839800747023,0.016765621050747023,0.007488277300747023,0.014812496050747023,0.023357417925747023,0.020427730425747023,0.014568355425747023,0.015300777300747023,0.017986324175747023,0.012615230425747023,0.0004081991757470234,-0.010578128949252977,-0.008380863324252977,0.0021171835507470234,0.013103511675747023,0.017253902300747023,0.011638667925747023,-0.006183597699252977,-0.017414066449252977,-0.010578128949252977,0.007244136675747023,0.022869136675747023,0.019939449175747023,-0.0003242226992529766,-0.014728519574252977,-0.018878910199252977,-0.006916019574252977,0.009441402300747023,0.017742183550747023,0.009685542925747023,-0.012531253949252977,-0.028644535199252977,-0.027179691449252977,-0.007160160199252977,0.009197261675747023,0.004558589800747023,-0.010578128949252977,-0.024738285199252977,-0.024250003949252977,-0.007160160199252977,0.005535152300747023,0.0038261679257470234,-0.009845707074252977,-0.017902347699252977,-0.014728519574252977,-0.005939457074252977,-0.0022773476992529766,-0.006916019574252977,-0.011310550824252977,-0.008869144574252977,-0.0025214883242529766,-0.0022773476992529766,-0.007648441449252977,-0.006916019574252977,-0.0037421914492529766,-0.0037421914492529766,-0.0003242226992529766,0.0018730429257470234,0.0008964804257470234,-0.004474613324252977,-0.012042972699252977,-0.010578128949252977,-0.004230472699252977,0.0008964804257470234,0.0035820273007470234,-0.0027656289492529766,-0.006916019574252977,-0.0027656289492529766,0.0028496054257470234,0.008220699175747023,0.009685542925747023,0.006999996050747023,0.006267574175747023,0.005535152300747023,0.006755855425747023,0.011150386675747023,0.014568355425747023,0.020427730425747023,0.020916011675747023,0.014812496050747023,0.009441402300747023,0.009441402300747023,0.011394527300747023,0.012126949175747023,0.015056636675747023,0.015056636675747023,0.009441402300747023,0.007488277300747023,0.006511714800747023,0.006999996050747023,0.007976558550747023,0.008464839800747023,0.006511714800747023,-0.0022773476992529766,-0.004474613324252977,0.011394527300747023,0.034099605425747026,0.038494136675747026,0.005046871050747023,-0.050861332074252974,-0.08089062894925297,-0.050373050824252974,0.013103511675747023,0.041667964800747026,0.011394527300747023,-0.048908207074252974,-0.08528516019925297,-0.06550976957425297,-0.011066410199252977,0.023845699175747023,0.020671871050747023,-0.007892582074252977,-0.029865238324252977,-0.019855472699252977,0.008708980425747023,0.033611324175747026,0.035564449175747026,0.017253902300747023,0.006755855425747023,0.015789058550747023,0.029949214800747023,0.029705074175747023,0.013591792925747023,-8.008207425297658e-05,0.0038261679257470234,0.024578121050747023,0.049236324175747026,0.049968746050747026,0.014568355425747023,-0.027667972699252977,-0.034503910199252974,0.010662105425747023,0.062175777300747026,0.06730273042574703,0.013103511675747023,-0.046955082074252974,-0.056232425824252974,-0.009601566449252977,0.059978511675747026,0.08463671480074703,0.041179683550747026,-0.036212894574252974,-0.08528516019925297,-0.057697269574252974,0.026042964800747023,0.08781054292574703,0.06315233980074703,-0.021564457074252977,-0.08821484769925297,-0.08089062894925297,0.0023613241757470234,0.07853319917574703,0.06632616792574703,-0.020343753949252977,-0.08430859769925297,-0.06746289457425297,0.008464839800747023,0.06534960542574703,0.039470699175747026,-0.029621097699252977,-0.060871097699252974,-0.029376957074252977,0.013591792925747023,0.038249996050747026,0.025798824175747023,-0.014972660199252977,-0.049152347699252974,-0.043292972699252974,0.009685542925747023,0.053142574175747026,0.035564449175747026,-0.022296878949252977,-0.053791019574252974,-0.037921878949252974,-0.0032539101992529766,0.017498042925747023,0.010662105425747023,-0.027912113324252977,-0.06477734769925297,-0.054279300824252974,-0.011310550824252977,0.009197261675747023,-0.017902347699252977,-0.057453128949252974,-0.07771680082425297,-0.057697269574252974,-0.006427738324252977,0.026775386675747023,-0.004962894574252977,-0.06526562894925297,-0.08015820707425297,-0.046466800824252974,0.004558589800747023,0.034832027300747026,0.013347652300747023,-0.044269535199252974,-0.06721875394925297,-0.042072269574252974,0.006023433550747023,0.050457027300747026,0.056316402300747026,0.0035820273007470234,-0.062335941449252974,-0.059894535199252974,0.006023433550747023,0.06608202730074703,0.06632616792574703,0.007976558550747023,-0.051593753949252974,-0.046955082074252974,0.016277339800747023,0.056316402300747026,0.035320308550747026,-0.005695316449252977,-0.034992191449252974,-0.024738285199252977,0.017986324175747023,0.055583980425747026,0.061199214800747026,0.029705074175747023,-0.015705082074252977,-0.029621097699252977,0.020671871050747023,0.07609179292574703,0.07902148042574703,0.031658199175747026,-0.018878910199252977,-0.024250003949252977,0.011394527300747023,0.055583980425747026,0.06486132417574703,0.030193355425747023,-0.024738285199252977,-0.039630863324252974,-0.004230472699252977,0.033367183550747026,0.050212886675747026,0.030681636675747023,-0.029865238324252977,-0.07136914457425297,-0.040119144574252974,0.019939449175747023,0.053630855425747026,0.038738277300747026,-0.013507816449252977,-0.053791019574252974,-0.034748050824252974,0.023601558550747023,0.050212886675747026,0.029460933550747023,-0.005451175824252977,-0.038410160199252974,-0.029376957074252977,0.014324214800747023,0.037517574175747026,0.038494136675747026,0.017742183550747023,-0.026203128949252977,-0.045246097699252974,-0.010089847699252977,0.044353511675747026,0.06779101167574703,0.038982417925747026,-0.016681644574252977,-0.041095707074252974,-0.012042972699252977,0.039958980425747026,0.058513667925747026,0.023845699175747023,-0.020343753949252977,-0.049396488324252974,-0.035724613324252974,0.008708980425747023,0.023601558550747023,0.005535152300747023,-0.012531253949252977,-0.022296878949252977,-0.030109378949252977,-0.019123050824252977,0.00016405855074702342,0.0004081991757470234,-0.012287113324252977,-0.011798832074252977,0.0013847616757470234,0.005046871050747023,0.013103511675747023,0.013103511675747023,-0.008136722699252977,-0.004230472699252977,0.018230464800747023,0.015300777300747023,-0.0015449258242529766,-8.008207425297658e-05,0.006755855425747023,0.004314449175747023,0.007244136675747023,0.016277339800747023,0.013103511675747023,-0.004718753949252977,-0.019123050824252977,-0.016437503949252977,0.010906246050747023,0.036541011675747026,0.035564449175747026,0.006755855425747023,-0.021320316449252977,-0.009357425824252977,0.018718746050747023,0.026287105425747023,0.029705074175747023,0.024578121050747023,-0.004474613324252977,-0.030353519574252977,-0.015705082074252977,0.019939449175747023,0.032634761675747026,0.018718746050747023,-0.0013007851992529766,-0.005939457074252977,-0.004718753949252977,-0.0017890664492529766,0.0023613241757470234,0.004070308550747023,-8.008207425297658e-05,-0.004230472699252977,0.0006523398007470234,0.0038261679257470234,0.0035820273007470234,-0.007160160199252977,-0.018634769574252977,-0.018634769574252977,-0.004230472699252977,0.013347652300747023,0.009441402300747023,-0.023273441449252977,-0.042560550824252974,-0.019611332074252977,-8.008207425297658e-05,0.0004081991757470234,-0.008136722699252977,-0.016925785199252977,-0.022052738324252977,-0.025226566449252977,-0.026203128949252977,-0.019855472699252977,-0.004718753949252977,-8.008207425297658e-05,-0.011798832074252977,-0.027179691449252977,-0.026691410199252977,-0.013996097699252977,-0.010578128949252977,-0.015460941449252977,-0.024250003949252977,-0.022785160199252977,-0.008136722699252977,-0.007160160199252977,-0.027912113324252977,-0.038898441449252974,-0.025714847699252977,-0.013263675824252977,-0.018146488324252977,-0.021564457074252977,-0.021564457074252977,0.0021171835507470234,-0.005451175824252977,-0.022785160199252977,-0.025714847699252977,-0.015460941449252977,0.0006523398007470234,0.014080074175747023,0.013347652300747023,0.0013847616757470234,-0.013263675824252977,-0.010822269574252977,0.010173824175747023,0.021892574175747023,0.014324214800747023,0.0018730429257470234,-0.004230472699252977,-0.0005683633242529766,0.012126949175747023,0.023113277300747023,0.017986324175747023,0.010662105425747023,0.007732417925747023,0.011638667925747023,0.021160152300747023,0.026775386675747023,0.019695308550747023,0.0033378866757470234,0.0026054648007470234,0.023601558550747023,0.039226558550747026,0.025066402300747023,0.0035820273007470234,0.0028496054257470234,0.025798824175747023,0.043865230425747026,0.038249996050747026,0.024333980425747023,0.016033199175747023,0.018962886675747023,0.018230464800747023,0.016277339800747023,0.027751949175747023,0.034832027300747026,0.026287105425747023,0.015789058550747023,0.008220699175747023,0.0030937460507470234,0.007488277300747023,0.007976558550747023,-0.0020332070742529766,-0.0025214883242529766,0.009685542925747023,0.013591792925747023,-0.003986332074252977,-0.025226566449252977,-0.024738285199252977,0.0018730429257470234,0.018474605425747023,-0.0020332070742529766,-0.037677738324252974,-0.037189457074252974,-0.0032539101992529766,0.022624996050747023,0.019207027300747023,-0.009113285199252977,-0.022052738324252977,-0.004962894574252977,0.015300777300747023,0.012126949175747023,-0.004474613324252977,-0.009113285199252977,0.0035820273007470234,0.009685542925747023,0.0028496054257470234,-0.0037421914492529766,-0.010578128949252977,-0.016437503949252977,-0.013019535199252977,-0.009357425824252977,-0.020099613324252977,-0.026691410199252977,-0.023517582074252977,-0.023761722699252977,-0.031330082074252974,-0.023273441449252977,-0.006671878949252977,-0.0034980508242529766,-0.016925785199252977,-0.043781253949252974,-0.055744144574252974,-0.038166019574252974,-0.0037421914492529766,0.014812496050747023,-0.0008125039492529766,-0.029865238324252977,-0.047687503949252974,-0.033771488324252974,0.009685542925747023,0.030925777300747023,0.011150386675747023,-0.034992191449252974,-0.051349613324252974,-0.017169925824252977,0.024822261675747023,0.037517574175747026,0.006511714800747023,-0.022541019574252977,-0.019123050824252977,0.004070308550747023,0.024089839800747023,0.029460933550747023,0.013835933550747023,-0.012775394574252977,-0.011066410199252977,0.022380855425747023,0.041423824175747026,0.024578121050747023,0.0033378866757470234,-0.006671878949252977,0.006023433550747023,0.039958980425747026,0.056072261675747026,0.029460933550747023,-0.014972660199252977,-0.019367191449252977,0.023845699175747023,0.06412890230074703,0.054607417925747026,0.0023613241757470234,-0.037189457074252974,-0.019367191449252977,0.030193355425747023,0.053386714800747026,0.027507808550747023,-0.026691410199252977,-0.055011722699252974,-0.029621097699252977,0.024822261675747023,0.046550777300747026,0.006755855425747023,-0.054279300824252974,-0.07698437894925297,-0.041339847699252974,0.014080074175747023,0.027263667925747023,-0.009357425824252977,-0.047687503949252974,-0.053058597699252974,-0.021076175824252977,0.020671871050747023,0.038005855425747026,0.010173824175747023,-0.030841800824252977,-0.036701175824252974,0.004558589800747023,0.055339839800747026,0.06339648042574703,0.026775386675747023,-0.014240238324252977,-0.024494144574252977,0.004802730425747023,0.050212886675747026,0.06632616792574703,0.028728511675747023,-0.027667972699252977,-0.050373050824252974,-0.015949222699252977,0.035076167925747026,0.045818355425747026,0.008708980425747023,-0.049396488324252974,-0.08040234769925297,-0.054279300824252974,-0.0027656289492529766,0.018718746050747023,0.00016405855074702342,-0.034503910199252974,-0.054279300824252974,-0.045490238324252974,-0.016193363324252977,-8.008207425297658e-05,-0.010089847699252977,-0.030841800824252977,-0.041583988324252974,-0.029132816449252977,0.006511714800747023,0.035320308550747026,0.027996089800747023,-0.0017890664492529766,-0.016925785199252977,0.006023433550747023,0.040447261675747026,0.052654292925747026,0.042644527300747026,0.033123042925747026,0.028728511675747023,0.034343746050747026,0.045818355425747026,0.060466792925747026,0.061443355425747026,0.030681636675747023,-0.009357425824252977,-0.019855472699252977,0.023601558550747023,0.06901171480074703,0.053386714800747026,-0.013263675824252977,-0.06477734769925297,-0.052814457074252974,-0.0027656289492529766,0.037761714800747026,0.027996089800747023,-0.024005863324252977,-0.06795117582425297,-0.07551953519925297,-0.043537113324252974,-0.009601566449252977,0.0016289023007470234,-0.009601566449252977,-0.037921878949252974,-0.057697269574252974,-0.038166019574252974,0.0028496054257470234,0.022136714800747023,0.011882808550747023,-0.009113285199252977,-0.012531253949252977,0.013835933550747023,0.046794917925747026,0.052898433550747026,0.026775386675747023,0.005046871050747023,0.010173824175747023,0.027507808550747023,0.043865230425747026,0.044353511675747026,0.027263667925747023,0.0023613241757470234,-0.015705082074252977,-0.009357425824252977,0.016033199175747023,0.030925777300747023,0.005046871050747023,-0.041095707074252974,-0.051593753949252974,-0.020832035199252977,0.008953121050747023,-0.0005683633242529766,-0.039630863324252974,-0.06795117582425297,-0.06770703519925297,-0.051593753949252974,-0.032062503949252974,-0.024250003949252977,-0.026447269574252977,-0.025226566449252977,-0.024982425824252977,-0.023273441449252977,-0.007404300824252977,0.011394527300747023,0.019939449175747023,0.009929683550747023,-0.009357425824252977,0.0008964804257470234,0.031658199175747026,0.052898433550747026,0.054607417925747026,0.037029292925747026,0.014324214800747023,0.0028496054257470234,0.012371089800747023,0.024089839800747023,0.023845699175747023,0.017009761675747023,0.015544917925747023,0.016521480425747023,0.008220699175747023,-0.0020332070742529766,-0.013263675824252977,-0.018878910199252977,-0.020099613324252977,-0.016193363324252977,-0.012775394574252977,-0.017902347699252977,-0.026447269574252977,-0.032062503949252974,-0.035480472699252974,-0.033039066449252974,-0.020587894574252977,-0.004230472699252977,0.0023613241757470234,-0.0015449258242529766,0.0035820273007470234,0.011394527300747023,0.015056636675747023,0.020916011675747023,0.035808589800747026,0.047283199175747026,0.047527339800747026,0.039226558550747026,0.032634761675747026,0.031902339800747026,0.031902339800747026,0.034587886675747026,0.039714839800747026,0.031169917925747023,0.017498042925747023,0.014324214800747023,0.011882808550747023,0.0021171835507470234,0.0004081991757470234,0.0018730429257470234,-0.007160160199252977,-0.026203128949252977,-0.036457035199252974,-0.027912113324252977,-0.024250003949252977,-0.035236332074252974,-0.045001957074252974,-0.044513675824252974,-0.031818363324252974,-0.017902347699252977,-0.0003242226992529766,0.014324214800747023,0.010417964800747023,-0.003986332074252977,-0.016437503949252977,-0.011798832074252977,0.006023433550747023,0.027263667925747023,0.032390621050747026,0.022624996050747023,0.006267574175747023,-0.006183597699252977,-0.0037421914492529766,0.006999996050747023,0.0035820273007470234,-0.008380863324252977,-0.013019535199252977,0.0016289023007470234,0.017009761675747023,0.006267574175747023,-0.018390628949252977,-0.042072269574252974,-0.044513675824252974,-0.037677738324252974,-0.030109378949252977,-0.025714847699252977,-0.015949222699252977,-0.015216800824252977,-0.016681644574252977,-0.004962894574252977,0.013835933550747023,0.024578121050747023,0.015300777300747023,0.004802730425747023,0.009441402300747023,0.029949214800747023,0.046062496050747026,0.047039058550747026,0.025554683550747023,0.008220699175747023,0.0033378866757470234,0.013835933550747023,0.030437496050747023,0.030681636675747023,0.013835933550747023,-0.013507816449252977,-0.025470707074252977,-0.0037421914492529766,0.023845699175747023,0.018718746050747023,-0.018146488324252977,-0.041339847699252974,-0.046710941449252974,-0.038410160199252974,-0.017169925824252977,-0.0034980508242529766,-0.011066410199252977,-0.016681644574252977,-0.018390628949252977,-0.009113285199252977,0.015056636675747023,0.023357417925747023,0.016277339800747023,0.009197261675747023,0.013103511675747023,0.031658199175747026,0.043376949175747026,0.034099605425747026,0.018718746050747023,0.0030937460507470234,0.004070308550747023,0.010662105425747023,0.017986324175747023,-0.0008125039492529766,-0.0008125039492529766,-0.006916019574252977,-0.010578128949252977,-0.007892582074252977,-0.007892582074252977,-0.017658207074252977,-0.035968753949252974,-0.043781253949252974,-0.043048832074252974,-0.034259769574252974,-0.015949222699252977,-0.012287113324252977,-0.022785160199252977,-0.026203128949252977,-0.013996097699252977,0.005535152300747023,0.015789058550747023,0.016765621050747023,0.019695308550747023,0.025310542925747023,0.026042964800747023,0.023357417925747023,0.022624996050747023,0.021892574175747023,0.016277339800747023,0.017498042925747023,0.016033199175747023,0.006023433550747023,0.006267574175747023,0.013103511675747023,0.011638667925747023,-0.0013007851992529766,-0.016925785199252977,-0.019855472699252977,-0.014484378949252977,-0.017169925824252977,-0.018390628949252977,-0.019123050824252977,-0.021320316449252977,-0.016925785199252977,-0.015705082074252977,-0.006671878949252977,0.010906246050747023,0.021160152300747023,0.020427730425747023,0.020427730425747023,0.024578121050747023,0.031414058550747026,0.033611324175747026,0.025798824175747023,0.012126949175747023,0.012126949175747023,0.014568355425747023,0.012615230425747023,0.008708980425747023,-0.004718753949252977,-0.020099613324252977,-0.026203128949252977,-0.011554691449252977,0.0021171835507470234,-0.033283207074252974,-0.033283207074252974,-0.048175785199252974,-0.034748050824252974,-0.004718753949252977,-0.0013007851992529766,-0.021320316449252977,-0.023761722699252977,-0.0027656289492529766,0.012615230425747023,0.009685542925747023,0.009685542925747023,0.020183589800747023,0.033367183550747026,0.034587886675747026,0.024822261675747023,0.012126949175747023,0.006755855425747023,0.009441402300747023,0.010906246050747023,0.015300777300747023,0.008953121050747023,-0.006183597699252977,-0.022785160199252977,-0.032062503949252974,-0.027667972699252977,-0.015705082074252977,-0.013507816449252977,-0.021320316449252977,-0.026935550824252977,-0.027912113324252977,-0.023517582074252977,-0.009113285199252977,-0.0005683633242529766,0.005291011675747023,0.0011406210507470234,-0.005207035199252977,0.004558589800747023,0.015300777300747023,0.017009761675747023,0.016521480425747023,0.016521480425747023,0.018230464800747023,0.017742183550747023,0.012615230425747023,0.013103511675747023,0.018962886675747023,0.022624996050747023,0.004558589800747023,-0.017414066449252977,-0.019611332074252977,-0.014972660199252977,-0.019367191449252977,-0.029865238324252977,-0.032794925824252974,-0.020832035199252977,-0.009601566449252977,-0.012287113324252977,-0.013751957074252977,0.004558589800747023,0.025066402300747023,0.032390621050747026,0.020671871050747023,0.004070308550747023,0.019695308550747023,0.047039058550747026,0.049480464800747026,0.024578121050747023,-0.0003242226992529766,-0.0032539101992529766,0.012371089800747023,0.006511714800747023,0.006511714800747023,-0.011310550824252977,-0.007892582074252977,0.0038261679257470234,-0.0030097695742529766,-0.033527347699252974,-0.054767582074252974,-0.045978519574252974,-0.018878910199252977,0.0013847616757470234,-0.007648441449252977,-0.028888675824252977,-0.038654300824252974,-0.018634769574252977,0.014324214800747023,0.032878902300747026,0.034099605425747026,0.027263667925747023,0.0026054648007470234,-0.016681644574252977,-0.009113285199252977,0.014324214800747023,0.030193355425747023,0.023113277300747023,-0.004962894574252977,-0.027912113324252977,-0.019123050824252977,0.0035820273007470234,0.008708980425747023,-0.010822269574252977,-0.032794925824252974,-0.040119144574252974,-0.025470707074252977,-0.016925785199252977,-0.012287113324252977,-0.008869144574252977,-0.0037421914492529766,0.0021171835507470234,0.0013847616757470234,0.011638667925747023,0.035808589800747026,0.035808589800747026,0.037273433550747026,0.028240230425747023,0.016277339800747023,0.018230464800747023,0.024089839800747023,0.015789058550747023,-0.0037421914492529766,-0.020343753949252977,-0.0017890664492529766,-0.0017890664492529766,0.004070308550747023,-0.007648441449252977,-0.023273441449252977,-0.043292972699252974,-0.053791019574252974,-0.033771488324252974,0.0013847616757470234,0.022136714800747023,-0.014972660199252977,-0.014972660199252977,-0.021076175824252977,0.006023433550747023,0.035808589800747026,0.045818355425747026,0.036541011675747026,0.018474605425747023,0.005291011675747023,0.004314449175747023,0.023601558550747023,0.023601558550747023,0.025310542925747023,0.013103511675747023,-0.006916019574252977,-0.016193363324252977,-0.013507816449252977,-0.010822269574252977,-0.012042972699252977,-0.021320316449252977,-0.019855472699252977,-0.019855472699252977,-0.009113285199252977,0.0006523398007470234,0.012126949175747023,0.011638667925747023,0.007976558550747023,0.008464839800747023,0.014568355425747023,0.035320308550747026,0.046794917925747026,0.030437496050747023,-0.0008125039492529766,-0.014240238324252977,-0.0013007851992529766,0.017009761675747023,0.011882808550747023,-0.019855472699252977,-0.054523441449252974,-0.07039258207425297,-0.057941410199252974,-0.034748050824252974,-0.010578128949252977,0.0023613241757470234,-0.0015449258242529766,-0.017169925824252977,-0.026203128949252977,-0.006183597699252977,0.020916011675747023,0.030437496050747023,0.016765621050747023,0.014812496050747023,0.030437496050747023,0.037029292925747026,0.016277339800747023,-0.012775394574252977,-0.020832035199252977,-0.004962894574252977,0.012126949175747023,-0.007648441449252977,-0.038654300824252974,-0.045978519574252974,-0.039630863324252974,-0.035724613324252974,-0.042072269574252974,-0.050128910199252974,-0.042804691449252974,-0.027423832074252977,-0.025958988324252977,-0.031085941449252977,-0.027912113324252977,-0.019123050824252977,-0.018146488324252977,-0.018146488324252977,-0.024494144574252977,-0.012287113324252977,0.012126949175747023,0.024822261675747023,0.012371089800747023,-0.0034980508242529766,0.0018730429257470234,0.014324214800747023,0.010417964800747023,0.010417964800747023,0.008708980425747023,0.016277339800747023,0.025554683550747023,0.023357417925747023,0.015056636675747023,0.011150386675747023,0.008953121050747023,0.006023433550747023,0.013103511675747023,0.013103511675747023,0.010906246050747023,0.016277339800747023,0.018718746050747023,0.020183589800747023,0.024089839800747023,0.024578121050747023,0.021648433550747023,0.020671871050747023,0.028240230425747023,0.028240230425747023,0.028972652300747023,0.024089839800747023,0.019695308550747023,0.015789058550747023,0.014080074175747023,0.014812496050747023,0.018230464800747023,0.020183589800747023,0.0006523398007470234,0.0006523398007470234,-0.0027656289492529766,0.006755855425747023,0.020183589800747023,0.020916011675747023,0.004802730425747023,-0.014728519574252977,-0.015216800824252977,0.010417964800747023,0.034343746050747026,0.032878902300747026,0.011882808550747023,-0.005695316449252977,-0.005695316449252977,0.017253902300747023,0.042156246050747026,0.048503902300747026,0.029216792925747023,0.0026054648007470234,-0.008380863324252977,-0.0008125039492529766,0.017009761675747023,0.024822261675747023,0.014324214800747023,-0.004474613324252977,-0.020099613324252977,-0.021320316449252977,-0.010578128949252977,-0.0008125039492529766,-0.006671878949252977,-0.022296878949252977,-0.031818363324252974,-0.027912113324252977
UR5e_W,0.01353846236775529,0.03746424361775529,0.03599939986775529,0.02281580611775529,0.01036463424275529,0.01036463424275529,0.01182947799275529,0.02086268111775529,0.03160486861775529,0.03233729049275529,0.00084314986775529,0.00450525924275529,0.01305018111775529,0.00035486861775529,0.01256189986775529,0.00377283736775529,-0.00867833450724471,-0.01478185013224471,0.00035486861775529,-0.01087560013224471,-0.01990880325724471,-0.02210606888224471,-0.02479161575724471,-0.02503575638224471,-0.02064122513224471,-0.01380528763224471,-0.01502599075724471,-0.02064122513224471,-0.02503575638224471,-0.02259435013224471,-0.01502599075724471,-0.01649083450724471,-0.02015294388224471,-0.01868810013224471,-0.01551427200724471,-0.01258458450724471,-0.01185216263224471,-0.01307286575724471,-0.01160802200724471,-0.01136388138224471,-0.01234044388224471,-0.00770177200724471,-0.00110997513224471,-0.00135411575724471,-0.00208653763224471,-0.00208653763224471,-0.00184239700724471,-0.00403966263224471,-0.00184239700724471,0.00230799361775529,0.00450525924275529,0.00304041549275529,0.00474939986775529,0.00914393111775529,0.00889979049275529,0.00963221236775529,0.00987635299275529,0.00792322799275529,0.00792322799275529,0.00816736861775529,0.00816736861775529,0.01060877486775529,0.01085291549275529,0.00938807174275529,0.00719080611775529,0.00450525924275529,0.00621424361775529,0.01256189986775529,0.01549158736775529,0.00987635299275529,0.00133143111775529,0.00133143111775529,-0.00184239700724471,0.00767908736775529,0.01378260299275529,0.01353846236775529,0.00670252486775529,0.00035486861775529,-0.00159825638224471,0.00792322799275529,0.00035486861775529,0.01597986861775529,0.01280604049275529,-0.00257481888224471,-0.00843419388224471,-0.00159825638224471,0.00157557174275529,0.00548182174275529,0.00035486861775529,-0.00208653763224471,-0.00648106888224471,-0.00306310013224471,0.00035486861775529,0.00011072799275529,-0.00403966263224471,-0.00135411575724471,0.00181971236775529,-0.00501622513224471,-0.01282872513224471,0.00035486861775529,-0.00892247513224471,-0.00086583450724471,0.00157557174275529,-0.00770177200724471,-0.00941075638224471,-0.00721349075724471,-0.00599278763224471,-0.00452794388224471,-0.00208653763224471,-0.00526036575724471,-0.01038731888224471,-0.00721349075724471,-0.00721349075724471,0.00108729049275529,-0.00306310013224471,-0.00819005325724471,-0.00550450638224471,-0.00159825638224471,-0.00233067825724471,-0.00696935013224471,-0.01380528763224471,-0.01551427200724471,-0.00916661575724471,-0.00916661575724471,-0.00403966263224471,-0.00721349075724471,-0.01160802200724471,-0.00550450638224471,0.00133143111775529,0.00108729049275529,-0.00062169388224471,-0.00257481888224471,-0.00819005325724471,-0.00770177200724471,-0.00770177200724471,0.00255213424275529,0.01134119674275529,0.00767908736775529,0.00181971236775529,0.00670252486775529,0.00035486861775529,0.01524744674275529,0.01573572799275529,0.00865564986775529,0.00035486861775529,0.01060877486775529,0.00035486861775529,0.00035486861775529,0.00035486861775529,0.00963221236775529,0.00719080611775529,-0.00281895950724471,0.00743494674275529,0.02965174361775529,0.02037439986775529,0.00474939986775529,-0.00062169388224471,0.00499354049275529,0.01109705611775529,0.01231775924275529,0.00181971236775529,-0.00843419388224471,-0.00843419388224471,-0.00843419388224471,0.00792322799275529,0.00352869674275529,-0.01160802200724471,-0.02283849075724471,-0.01844395950724471,-0.00281895950724471,0.00474939986775529,-0.01307286575724471,-0.01307286575724471,-0.04261388138224471,-0.04920567825724471,-0.03235997513224471,-0.02772130325724471,-0.03968419388224471,-0.06263341263224471,-0.06385411575724471,-0.04017247513224471,-0.01453770950724471,-0.01307286575724471,-0.01307286575724471,-0.03162755325724471,-0.04529942825724471,-0.02137364700724471,0.00767908736775529,0.01988611861775529,0.00499354049275529,-0.01282872513224471,-0.01014317825724471,0.01036463424275529,0.01036463424275529,0.03136072799275529,0.03917322799275529,0.01842127486775529,0.02257166549275529,0.04063807174275529,0.05406580611775529,0.04600916549275529,0.03014002486775529,0.01866541549275529,0.01500330611775529,0.01500330611775529,0.02843104049275529,0.05406580611775529,0.03844080611775529,0.02403650924275529,0.02305994674275529,0.02940760299275529,0.03526697799275529,0.03722010299275529,0.03087244674275529,0.03087244674275529,0.01646814986775529,0.00841150924275529,0.01256189986775529,0.01475916549275529,0.00792322799275529,-0.00550450638224471,-0.01307286575724471,-0.00745763138224471,0.00230799361775529,-0.00501622513224471,-0.00501622513224471,-0.01990880325724471,-0.02723302200724471,-0.01746739700724471,-0.00916661575724471,-0.01649083450724471,-0.03065099075724471,-0.03773106888224471,-0.03113927200724471,-0.02308263138224471,-0.02308263138224471,-0.02527989700724471,-0.02991856888224471,-0.02869786575724471,-0.01502599075724471,0.00304041549275529,0.01329432174275529,0.00255213424275529,-0.02039708450724471,-0.02894200638224471,-0.01624669388224471,-0.01624669388224471,0.00450525924275529,0.01793299361775529,0.00572596236775529,-0.00745763138224471,-0.00721349075724471,0.00377283736775529,0.01060877486775529,0.00865564986775529,0.00572596236775529,0.00572596236775529,0.00255213424275529,0.01768885299275529,0.03014002486775529,0.02525721236775529,0.00401697799275529,-0.00696935013224471,-0.00550450638224471,0.00645838424275529,0.01549158736775529,0.00719080611775529,0.00719080611775529,-0.00892247513224471,-0.00086583450724471,0.00743494674275529,0.00401697799275529,-0.00965489700724471,-0.01868810013224471,-0.02283849075724471,-0.01771153763224471,0.00084314986775529,0.00084314986775529,0.01036463424275529,-0.01404942825724471,-0.03040685013224471,-0.02015294388224471,-0.00037755325724471,0.00133143111775529,-0.00648106888224471,-0.02088536575724471,-0.03113927200724471,-0.01795567825724471,-0.01795567825724471,0.01207361861775529,0.00450525924275529,-0.00843419388224471,-0.00843419388224471,-0.00037755325724471,0.00938807174275529,0.01573572799275529,0.01231775924275529,-0.00013341263224471,-0.00013341263224471,-0.00843419388224471,0.01866541549275529,0.03160486861775529,0.00035486861775529,0.00035486861775529,0.00035486861775529,0.00035486861775529,0.00035486861775529,0.00035486861775529,0.00035486861775529,0.00035486861775529,0.00035486861775529,0.00035486861775529,0.00035486861775529,0.00035486861775529,0.00035486861775529,0.00035486861775529,0.00035486861775529,0.00035486861775529,0.00035486861775529,0.00035486861775529,0.00035486861775529,0.00035486861775529,0.00035486861775529,0.00035486861775529,0.00035486861775529,0.00035486861775529,0.00035486861775529,0.00035486861775529,0.00035486861775529,0.00035486861775529,0.00035486861775529,0.00035486861775529,0.00035486861775529,0.00035486861775529,0.00035486861775529,0.00035486861775529,0.00035486861775529,0.00035486861775529,0.00035486861775529,0.00035486861775529,0.00035486861775529,0.00035486861775529,0.00035486861775529,0.00035486861775529,0.00035486861775529,0.00035486861775529,0.00035486861775529,0.00035486861775529,0.00035486861775529,0.00035486861775529,0.00035486861775529,0.00035486861775529,0.00035486861775529,0.00035486861775529,0.00035486861775529,0.00035486861775529,0.00035486861775529,0.00035486861775529,0.00035486861775529,0.00035486861775529,0.00035486861775529,0.00035486861775529,0.00035486861775529,0.00035486861775529,0.00035486861775529,0.00035486861775529,0.00035486861775529,0.00035486861775529,0.00035486861775529,0.00035486861775529,0.00035486861775529,0.00035486861775529,0.00035486861775529,0.00035486861775529,0.00035486861775529,0.00035486861775529,0.00035486861775529,0.00035486861775529,0.00035486861775529,0.00035486861775529,0.00035486861775529,0.00035486861775529,0.00035486861775529,0.00035486861775529,0.00035486861775529,0.00035486861775529,0.00035486861775529,0.00035486861775529,0.00035486861775529,0.00035486861775529,0.00035486861775529,0.00035486861775529,0.00035486861775529,0.00035486861775529,0.00035486861775529,0.00035486861775529,0.00035486861775529,0.00035486861775529,0.00035486861775529,0.00035486861775529,0.00035486861775529,0.00035486861775529,0.00035486861775529,0.00035486861775529,0.00035486861775529,0.00035486861775529,0.00035486861775529,0.00035486861775529,0.00035486861775529,0.00035486861775529,0.00035486861775529,0.00035486861775529,0.00035486861775529,0.02452479049275529,-0.02405919388224471,-0.01868810013224471,-0.00965489700724471,-0.00403966263224471,-0.00403966263224471,-0.00696935013224471,-0.00501622513224471,-0.00501622513224471,-0.00648106888224471,0.00084314986775529,0.01524744674275529,0.02037439986775529,0.02110682174275529,0.02208338424275529,0.01939783736775529,0.01353846236775529,0.01158533736775529,0.01158533736775529,0.01842127486775529,0.03648768111775529,0.03477869674275529,0.02550135299275529,0.02086268111775529,0.02428064986775529,0.02745447799275529,0.02916346236775529,0.02159510299275529,0.01036463424275529,0.01036463424275529,0.01939783736775529,0.02159510299275529,0.00719080611775529,-0.00941075638224471,-0.01502599075724471,-0.01600255325724471,-0.01551427200724471,-0.00819005325724471,-0.00574864700724471,-0.01282872513224471,-0.01282872513224471,-0.02625645950724471,-0.02772130325724471,-0.01624669388224471,-0.01624669388224471,-0.03211583450724471,-0.04236974075724471,-0.03724278763224471,-0.02039708450724471,-0.01038731888224471,-0.01966466263224471,-0.01966466263224471,-0.01893224075724471,-0.01234044388224471,-0.00086583450724471,0.00719080611775529,0.00572596236775529,-0.00355138138224471,-0.00428380325724471,0.00474939986775529,0.01427088424275529,0.01427088424275529,0.02037439986775529,0.02086268111775529,0.02305994674275529,0.02379236861775529,0.01890955611775529,0.01378260299275529,0.01646814986775529,0.02843104049275529,0.03184900924275529,0.03184900924275529,0.02501307174275529,0.00230799361775529,0.00084314986775529,0.00621424361775529,0.01182947799275529,0.00450525924275529,-0.01307286575724471,-0.01404942825724471,-0.00648106888224471,-0.00013341263224471,-0.00013341263224471,-0.00648106888224471,-0.02137364700724471,-0.03113927200724471,-0.02479161575724471,-0.00477208450724471,0.00963221236775529,0.00133143111775529,-0.01746739700724471,-0.02918614700724471,-0.02918614700724471,-0.02064122513224471,0.00938807174275529,0.01109705611775529,0.00523768111775529,0.00035486861775529,0.00011072799275529,0.00548182174275529,0.01427088424275529,0.01890955611775529,0.01305018111775529,0.01305018111775529,0.00157557174275529,0.00841150924275529,0.01866541549275529,0.01573572799275529,0.00499354049275529,-0.00379552200724471,-0.01038731888224471,-0.01527013138224471,-0.01038731888224471,-0.01038731888224471,-0.00257481888224471,-0.01234044388224471,-0.02869786575724471,-0.04066075638224471,-0.03699864700724471,-0.01868810013224471,-0.00306310013224471,-0.00452794388224471,-0.01136388138224471,-0.01136388138224471,-0.02381505325724471,-0.03455724075724471,-0.02845372513224471,-0.01160802200724471,0.00401697799275529,0.00670252486775529,-0.00062169388224471,-0.00721349075724471,0.00401697799275529,0.02208338424275529,0.02208338424275529,0.02550135299275529,0.02452479049275529,0.01524744674275529,0.01793299361775529,0.03258143111775529,0.04307947799275529,0.03722010299275529,0.02061854049275529,0.01451502486775529,0.01451502486775529,0.02232752486775529,0.03917322799275529,0.01695643111775529,-0.01160802200724471,-0.02064122513224471,0.00059900924275529,0.02891932174275529,0.02647791549275529,-0.00037755325724471,-0.02479161575724471,-0.03065099075724471,-0.01307286575724471,0.00792322799275529,0.00548182174275529,-0.01502599075724471,-0.03577794388224471,-0.04652013138224471,-0.04652013138224471,-0.02894200638224471,-0.00867833450724471,0.00084314986775529,-0.00770177200724471,-0.01795567825724471,-0.01893224075724471,-0.01722325638224471,-0.00916661575724471,0.00743494674275529,0.00743494674275529,0.01720057174275529,0.01915369674275529,0.01597986861775529,-0.00013341263224471,-0.01014317825724471,0.00035486861775529,0.02330408736775529,0.04088221236775529,0.03258143111775529,0.03258143111775529,0.00230799361775529,-0.02137364700724471,0.00328455611775529,0.01988611861775529,0.01280604049275529,-0.00550450638224471,-0.01600255325724471,-0.01917638138224471,-0.01136388138224471,0.00084314986775529,0.00084314986775529,-0.00599278763224471,-0.02088536575724471,-0.03431310013224471,-0.03699864700724471,-0.02357091263224471,0.00011072799275529,0.01158533736775529,0.00035486861775529,-0.01697911575724471,-0.02405919388224471,-0.02405919388224471,0.01109705611775529,0.03722010299275529,0.03697596236775529,0.01475916549275529,0.00645838424275529,0.02305994674275529,0.04014979049275529,0.04185877486775529,0.03624354049275529,0.03624354049275529,0.02061854049275529,0.02183924361775529,0.02525721236775529,0.01842127486775529,0.01378260299275529,0.01427088424275529,0.01451502486775529,0.01012049361775529,-0.00184239700724471,-0.00184239700724471,-0.00159825638224471,-0.00477208450724471,-0.01356114700724471,-0.02357091263224471,-0.02674474075724471,-0.02747716263224471,-0.03138341263224471,-0.03553380325724471,-0.03113927200724471,-0.03113927200724471,-0.01649083450724471,-0.01063145950724471,-0.03089513138224471,-0.03211583450724471,-0.00721349075724471,0.01768885299275529,0.01549158736775529,0.00133143111775529,-0.00086583450724471,0.00401697799275529,0.00401697799275529,0.00572596236775529,0.00889979049275529,0.01524744674275529,0.01085291549275529,-0.00819005325724471,-0.02601231888224471,-0.00843419388224471,0.02379236861775529,0.02769861861775529,0.02769861861775529,-0.03724278763224471,-0.03626622513224471,-0.00086583450724471,0.02110682174275529,0.00767908736775529,-0.02039708450724471,-0.03968419388224471,-0.03309239700724471,-0.00989903763224471,-0.00989903763224471,0.00474939986775529,-0.01087560013224471,-0.02137364700724471,-0.01697911575724471,0.00255213424275529,0.01720057174275529,0.02696619674275529,0.02183924361775529,0.00499354049275529,0.01060877486775529,0.01060877486775529,0.04381189986775529,0.04063807174275529,0.02696619674275529,0.01475916549275529,0.00792322799275529,0.00841150924275529,0.01622400924275529,0.02818689986775529,0.03844080611775529,0.03844080611775529,0.00304041549275529,-0.01356114700724471,-0.00696935013224471,0.01134119674275529,0.02647791549275529,0.01305018111775529,-0.02308263138224471,-0.04920567825724471,-0.03895177200724471,-0.03895177200724471,0.01939783736775529,0.00792322799275529,-0.01649083450724471,-0.03577794388224471,-0.03480138138224471,-0.00550450638224471,0.02403650924275529,0.03209314986775529,0.00523768111775529,-0.02259435013224471,-0.02259435013224471,0.00230799361775529,0.02257166549275529,0.03160486861775529,0.01646814986775529,-0.01307286575724471,-0.03309239700724471,-0.02723302200724471,-0.00037755325724471,0.01744471236775529,0.01744471236775529,-0.02430333450724471,-0.04017247513224471,-0.01356114700724471,0.02037439986775529,0.01549158736775529,-0.02186192825724471,-0.05457677200724471,-0.04993810013224471,-0.01771153763224471,-0.01771153763224471,0.00011072799275529,-0.02039708450724471,-0.02479161575724471,-0.00843419388224471,0.01622400924275529,0.03331385299275529,0.02989588424275529,0.00719080611775529,-0.01136388138224471,-0.00330724075724471,-0.00330724075724471,0.04649744674275529,0.03892908736775529,0.00792322799275529,-0.01746739700724471,-0.01429356888224471,0.01256189986775529,0.04210291549275529,0.04503260299275529,0.01280604049275529,0.01280604049275529,-0.00135411575724471,0.02745447799275529,0.02989588424275529,0.00645838424275529,-0.02576817825724471,-0.03089513138224471,-0.00819005325724471,0.01817713424275529,0.01744471236775529,0.01744471236775529,-0.01722325638224471,-0.01282872513224471,0.01500330611775529,0.04405604049275529,0.03697596236775529,0.01182947799275529,0.00304041549275529,0.00621424361775529,0.02037439986775529,0.03014002486775529,0.03014002486775529,-0.00989903763224471,-0.03406895950724471,-0.03040685013224471,0.00304041549275529,0.03160486861775529,0.02452479049275529,-0.02576817825724471,-0.06531895950724471,-0.04798497513224471,-0.04798497513224471,0.01793299361775529,-0.00574864700724471,-0.04993810013224471,-0.07239903763224471,-0.05628575638224471,-0.00867833450724471,0.02794275924275529,0.01280604049275529,-0.02650060013224471,-0.02650060013224471,-0.01063145950724471,0.03502283736775529,0.04625330611775529,0.02086268111775529,-0.01234044388224471,-0.02137364700724471,0.00011072799275529,0.02428064986775529,0.01817713424275529,0.01817713424275529,-0.02625645950724471,-0.02161778763224471,0.00255213424275529,0.01939783736775529,0.01280604049275529,-0.01038731888224471,-0.02479161575724471,-0.01942052200724471,-0.00403966263224471,0.00889979049275529,0.00889979049275529,-0.01136388138224471,-0.01795567825724471,-0.01868810013224471,-0.02137364700724471,-0.02479161575724471,-0.02454747513224471,-0.01429356888224471,-0.00330724075724471,0.01012049361775529,0.01012049361775529,0.03355799361775529,0.02794275924275529,0.00987635299275529,-0.00989903763224471,-0.01160802200724471,0.01182947799275529,0.03404627486775529,0.02940760299275529,0.00548182174275529,-0.01038731888224471,-0.01404942825724471,-0.00062169388224471,0.01915369674275529,0.02745447799275529,0.01646814986775529,-0.01282872513224471,-0.03113927200724471,-0.01844395950724471,0.01378260299275529,0.03868494674275529,0.03868494674275529,-0.00428380325724471,-0.01917638138224471,-0.00330724075724471,0.03282557174275529,0.05357752486775529,0.04356775924275529,0.01842127486775529,0.00450525924275529,0.00401697799275529,0.01427088424275529,0.02794275924275529,0.03111658736775529,0.01646814986775529,-0.00623692825724471,-0.02112950638224471,-0.01771153763224471,-0.00770177200724471,-0.00062169388224471,0.01060877486775529,0.00914393111775529,0.00914393111775529,-0.01722325638224471,-0.02015294388224471,-0.00819005325724471,0.00597010299275529,0.01134119674275529,0.00230799361775529,-0.02088536575724471,-0.03699864700724471,-0.03309239700724471,-0.03309239700724471,-0.01136388138224471,-0.01795567825724471,-0.02845372513224471,-0.03968419388224471,-0.03577794388224471,-0.01063145950724471,0.01671229049275529,0.02305994674275529,-0.00037755325724471,-0.02894200638224471,-0.02894200638224471,-0.01795567825724471,0.00865564986775529,0.02037439986775529,0.00889979049275529,-0.00648106888224471,-0.01307286575724471,-0.00306310013224471,0.01549158736775529,0.02672205611775529,0.02672205611775529,0.01305018111775529,0.00572596236775529,0.00914393111775529,0.01744471236775529,0.01597986861775529,0.00352869674275529,-0.00672520950724471,-0.00379552200724471,0.01085291549275529,0.01964197799275529,0.01964197799275529,-0.00941075638224471,-0.01527013138224471,-0.00355138138224471,0.01402674361775529,0.01964197799275529,0.00743494674275529,-0.00892247513224471,-0.01600255325724471,-0.00989903763224471,-0.00989903763224471,0.01500330611775529,0.01085291549275529,-0.00819005325724471,-0.02235020950724471,-0.01380528763224471,0.00597010299275529,0.01842127486775529,0.01475916549275529,-0.00233067825724471,-0.01673497513224471,-0.01160802200724471,0.00621424361775529,0.02183924361775529,0.01915369674275529,0.00377283736775529,-0.00306310013224471,-0.00062169388224471,0.00889979049275529,0.01939783736775529,0.02208338424275529,0.01085291549275529,-0.00159825638224471,-0.00501622513224471,-0.00477208450724471,0.00108729049275529,0.00206385299275529,-0.00086583450724471,-0.00501622513224471,-0.00623692825724471,-0.00306310013224471,-0.00379552200724471,-0.00379552200724471,-0.01185216263224471,-0.01331700638224471,-0.01014317825724471,-0.00403966263224471,-0.00257481888224471,-0.00355138138224471,-0.00965489700724471,-0.01624669388224471,-0.01527013138224471,-0.00819005325724471,-0.00306310013224471,-0.00208653763224471,-0.00110997513224471,-0.00428380325724471,-0.00965489700724471,-0.00623692825724471,0.00157557174275529,0.00133143111775529,-0.00306310013224471,-0.00306310013224471,-0.00257481888224471,-0.00257481888224471,0.00133143111775529,0.00157557174275529,0.00181971236775529,0.00011072799275529,-0.00062169388224471,0.00035486861775529,0.00011072799275529,0.00133143111775529,0.00523768111775529,0.00523768111775529,0.00548182174275529,0.00108729049275529,0.00181971236775529,0.00352869674275529,0.00963221236775529,0.00938807174275529,-0.01307286575724471,-0.03675450638224471,-0.03602208450724471,-0.00794591263224471,0.02330408736775529,0.03404627486775529,0.02208338424275529,0.01280604049275529,0.03209314986775529,0.06431971236775529,0.07262049361775529,0.04576502486775529,0.01182947799275529,0.00523768111775529,0.02843104049275529,0.05211268111775529,0.04893885299275529,0.01720057174275529,-0.01746739700724471,-0.03309239700724471,-0.02405919388224471,-0.00477208450724471,0.00059900924275529,-0.01380528763224471,-0.03846349075724471,-0.04871739700724471,-0.03333653763224471,-0.01038731888224471,-0.01111974075724471,-0.04236974075724471,-0.06824864700724471,-0.05286778763224471,-0.00745763138224471,0.02232752486775529,0.01182947799275529,-0.02552403763224471,-0.05652989700724471,-0.05677403763224471,-0.02723302200724471,0.00011072799275529,-0.00062169388224471,-0.02381505325724471,-0.04847325638224471,-0.05286778763224471,-0.03406895950724471,-0.00770177200724471,-0.00770177200724471,-0.00623692825724471,-0.02283849075724471,-0.03797520950724471,-0.03992833450724471,-0.02625645950724471,-0.00916661575724471,0.00450525924275529,0.01305018111775529,0.00816736861775529,-0.00379552200724471,-0.01038731888224471,-0.00428380325724471,-0.00428380325724471,0.03599939986775529,0.04063807174275529,0.02037439986775529,0.00084314986775529,0.00719080611775529,0.03624354049275529,0.05894861861775529,0.05650721236775529,0.03331385299275529,0.03331385299275529,-0.00062169388224471,0.01280604049275529,0.02989588424275529,0.03819666549275529,0.02476893111775529,-0.00477208450724471,-0.02601231888224471,-0.02405919388224471,0.00572596236775529,0.03233729049275529,0.03990564986775529,0.03160486861775529,0.01866541549275529,0.01915369674275529,0.03331385299275529,0.04722986861775529,0.04649744674275529,0.03502283736775529,0.03160486861775529,0.04039393111775529,0.04991541549275529,0.05015955611775529,0.03502283736775529,0.01671229049275529,0.01353846236775529,0.01549158736775529,0.00767908736775529,-0.01063145950724471,-0.02845372513224471,-0.03846349075724471,-0.03699864700724471,-0.03187169388224471,-0.03187169388224471,-0.03040685013224471,-0.01478185013224471,-0.00013341263224471,0.00914393111775529,0.00670252486775529,-0.00745763138224471,-0.02112950638224471,-0.01160802200724471,0.01793299361775529,0.04430018111775529,0.06041346236775529,0.04893885299275529,0.03209314986775529,0.02598963424275529,-0.00110997513224471,-0.05433263138224471,2.845260213028966e-05,2.845260213028966e-05,2.845260213028966e-05,-0.06141270950724471,-0.04090489700724471,-0.06409825638224471,2.845260213028966e-05,2.845260213028966e-05,-0.06409825638224471,-0.01502599075724471,0.02232752486775529,0.02672205611775529,0.02501307174275529,0.03380213424275529,0.05333338424275529,0.07579432174275529,0.05528650924275529,0.00865564986775529,-0.02039708450724471,-0.00965489700724471,0.03380213424275529,0.06334314986775529,0.04210291549275529,-0.01575841263224471,-0.07166661575724471,-0.07850255325724471,-0.04017247513224471,-0.04017247513224471,0.02818689986775529,0.03136072799275529,0.02281580611775529,0.00499354049275529,-0.00281895950724471,0.01915369674275529,0.04845057174275529,0.06993494674275529,0.07384119674275529,0.06383143111775529,0.04820643111775529,0.03111658736775529,0.00743494674275529,-0.02650060013224471,-0.04822911575724471,-0.04017247513224471,-0.01575841263224471,0.00133143111775529,-0.00721349075724471,-0.03846349075724471,-0.06385411575724471,-0.05823888138224471,-0.01844395950724471,0.02305994674275529,0.03453455611775529,0.00865564986775529,-0.01990880325724471,-0.02137364700724471,0.00865564986775529,0.03355799361775529,0.02696619674275529,-0.00941075638224471,-0.03480138138224471,-0.01673497513224471,0.00450525924275529,-0.00477208450724471,-0.03382481888224471,-0.04920567825724471,-0.05091466263224471,-0.05164708450724471,-0.05433263138224471,-0.05140294388224471,-0.03065099075724471,-0.00330724075724471,0.00450525924275529,-0.00819005325724471,-0.01697911575724471,-0.00623692825724471,0.01402674361775529,0.02110682174275529,0.02598963424275529,0.03844080611775529,0.05553064986775529,0.05504236861775529,0.03233729049275529,0.01158533736775529,0.00157557174275529,0.01475916549275529,0.04088221236775529,0.03282557174275529,-0.00330724075724471,-0.02405919388224471,-0.02991856888224471,-0.03333653763224471,-0.03504552200724471,-0.02698888138224471,-0.00941075638224471,0.01329432174275529,0.00963221236775529,-0.01551427200724471,-0.02259435013224471,0.00328455611775529,0.03404627486775529,0.03184900924275529,0.00987635299275529,0.00889979049275529,0.02428064986775529,0.03233729049275529,0.03111658736775529,0.02574549361775529,0.02891932174275529,0.04014979049275529,0.03648768111775529,0.00426111861775529,-0.02674474075724471,-0.04017247513224471,-0.03089513138224471,-0.01795567825724471,-0.02210606888224471,-0.03284825638224471,-0.03504552200724471,-0.02698888138224471,-0.00843419388224471,0.01060877486775529,0.02598963424275529,0.02305994674275529,0.00230799361775529,-0.00501622513224471,0.01524744674275529,0.03892908736775529,0.05113611861775529,0.04600916549275529,0.02281580611775529,0.00963221236775529,0.02232752486775529,0.05089197799275529,0.06431971236775529,0.05357752486775529,0.02623377486775529,-0.01429356888224471,-0.03992833450724471,-0.03235997513224471,0.00084314986775529,0.01109705611775529,-0.01160802200724471,-0.03944005325724471,-0.05945958450724471,-0.05823888138224471,-0.03504552200724471,-0.01185216263224471,0.00377283736775529,0.00059900924275529,-0.00623692825724471,-0.00428380325724471,-0.01258458450724471,-0.02039708450724471,-0.02381505325724471,-0.00648106888224471,0.03136072799275529,0.05577479049275529,0.04478846236775529,0.01036463424275529,-0.01722325638224471,-0.00989903763224471,0.01793299361775529,0.02354822799275529,-0.01380528763224471,-0.05628575638224471,-0.06385411575724471,-0.04066075638224471,-0.01258458450724471,-0.00843419388224471,-0.03773106888224471,-0.07361974075724471,-0.07947911575724471,-0.04725255325724471,-0.00623692825724471,0.01085291549275529,-0.00379552200724471,-0.02479161575724471,-0.02454747513224471,-0.00086583450724471,0.01866541549275529,0.01256189986775529,-0.00452794388224471,0.00133143111775529,0.03746424361775529,0.06944666549275529,0.06309900924275529,0.02745447799275529,0.00181971236775529,0.01256189986775529,0.04674158736775529,0.05699549361775529,0.03233729049275529,0.00474939986775529,-0.01551427200724471,-0.01893224075724471,-0.00599278763224471,0.00181971236775529,-0.00428380325724471,-0.01697911575724471,-0.03138341263224471,-0.03504552200724471,-0.02479161575724471,-0.00086583450724471,0.01964197799275529,0.01012049361775529,-0.02088536575724471,-0.03406895950724471,-0.00745763138224471,0.03624354049275529,0.05308924361775529,0.02672205611775529,-0.01990880325724471,-0.02723302200724471,0.01915369674275529,0.06261072799275529,0.06065760299275529,0.02721033736775529,0.00572596236775529,0.00011072799275529,0.00719080611775529,0.00914393111775529,0.00133143111775529,-0.00428380325724471,-0.00574864700724471,-0.00941075638224471,-0.02405919388224471,-0.03651036575724471,-0.03309239700724471,-0.02064122513224471,-0.01722325638224471,-0.02137364700724471,-0.03113927200724471,-0.03406895950724471,-0.02112950638224471,-0.00452794388224471,-0.00037755325724471,-0.00648106888224471,-0.00330724075724471,0.00743494674275529,0.01793299361775529,0.02501307174275529,0.02989588424275529,0.02428064986775529,0.02159510299275529,0.01939783736775529,0.02403650924275529,0.04210291549275529,0.05089197799275529,0.04283533736775529,0.02843104049275529,0.01915369674275529,0.01549158736775529,0.00474939986775529,-0.00110997513224471,-0.00379552200724471,-0.01331700638224471,-0.01746739700724471,-0.01478185013224471,-0.01038731888224471,-0.02039708450724471,-0.03113927200724471,-0.03944005325724471,-0.03358067825724471,-0.01966466263224471,-0.01380528763224471,-0.02015294388224471,-0.03504552200724471,-0.03480138138224471,-0.02186192825724471,-0.00355138138224471,0.00987635299275529,0.00377283736775529,-0.00745763138224471,-0.00648106888224471,-0.00745763138224471,-0.01087560013224471,0.00108729049275529,0.02721033736775529,0.04869471236775529,0.04014979049275529,0.00572596236775529,-0.02308263138224471,-0.02186192825724471,0.01305018111775529,0.04332361861775529,0.04625330611775529,0.02476893111775529,-0.01258458450724471,-0.02747716263224471,-0.00892247513224471,0.01134119674275529,0.01939783736775529,0.01036463424275529,-0.01893224075724471,-0.03235997513224471,-0.02039708450724471,0.00133143111775529,0.01451502486775529,0.00133143111775529,-0.02943028763224471,-0.05164708450724471,-0.03211583450724471,0.00328455611775529,0.01988611861775529,0.01622400924275529,0.00108729049275529,-0.00867833450724471,-0.00501622513224471,0.00279627486775529,0.00206385299275529,0.00304041549275529,0.01329432174275529,0.01671229049275529,0.00792322799275529,-0.00281895950724471,-0.00965489700724471,0.00035486861775529,0.02525721236775529,0.03868494674275529,0.03014002486775529,0.01231775924275529,-0.00037755325724471,-0.00526036575724471,-0.00062169388224471,0.00572596236775529,0.01280604049275529,0.01329432174275529,-0.00281895950724471,-0.01868810013224471,-0.02088536575724471,-0.01673497513224471,-0.01527013138224471,-0.01771153763224471,-0.02332677200724471,-0.02454747513224471,-0.02259435013224471,-0.02137364700724471,-0.01575841263224471,-0.01502599075724471,-0.02405919388224471,-0.02650060013224471,-0.02088536575724471,-0.00428380325724471,0.01060877486775529,0.00889979049275529,-0.00257481888224471,-0.00745763138224471,0.00987635299275529,0.02354822799275529,0.02086268111775529,0.01109705611775529,0.00279627486775529,0.00206385299275529,0.01720057174275529,0.03380213424275529,0.03673182174275529,0.02989588424275529,0.02379236861775529,0.01768885299275529,0.00767908736775529,0.00670252486775529,0.02086268111775529,0.03429041549275529,0.01988611861775529,-0.00745763138224471,-0.01111974075724471,0.00377283736775529,0.00816736861775529,-0.00159825638224471,-0.01990880325724471,-0.02503575638224471,-0.01575841263224471,-0.01160802200724471,-0.01771153763224471,-0.02674474075724471,-0.02820958450724471,-0.02552403763224471,-0.02088536575724471,-0.01844395950724471,-0.01649083450724471,-0.01527013138224471,-0.01649083450724471,-0.01868810013224471,-0.01844395950724471,-0.00452794388224471,0.01597986861775529,0.02208338424275529,0.01207361861775529,0.00035486861775529,-0.00159825638224471,0.01134119674275529,0.03258143111775529,0.04234705611775529,0.03355799361775529,0.01842127486775529,0.01158533736775529,0.00279627486775529,-0.00135411575724471,0.01109705611775529,0.03209314986775529,0.00035486861775529,0.04503260299275529,-0.00013341263224471,-0.01942052200724471,-0.01551427200724471,0.00352869674275529,0.03014002486775529,0.03209314986775529,0.00523768111775529,-0.03065099075724471,-0.05140294388224471,-0.03919591263224471,-0.01014317825724471,0.01207361861775529,0.00035486861775529,-0.03651036575724471,-0.06092442825724471,-0.05164708450724471,-0.02064122513224471,-0.00062169388224471,-0.00452794388224471,-0.02381505325724471,-0.04066075638224471,-0.04261388138224471,-0.02137364700724471,-0.00355138138224471,0.00621424361775529,0.01085291549275529,0.00938807174275529,0.00792322799275529,-0.00062169388224471,-0.00550450638224471,0.00352869674275529,0.02818689986775529,0.04185877486775529,0.03233729049275529,0.01060877486775529,-0.00233067825724471,0.00084314986775529,0.01036463424275529,0.02086268111775529,0.02843104049275529,0.02574549361775529,0.00474939986775529,-0.02186192825724471,-0.02625645950724471,0.00352869674275529,0.03160486861775529,0.02916346236775529,0.00767908736775529,-0.01307286575724471,-0.01990880325724471,-0.00892247513224471,0.00865564986775529,0.01744471236775529,0.00352869674275529,-0.01478185013224471,-0.01868810013224471,-0.01014317825724471,0.00255213424275529,0.00670252486775529,0.00499354049275529,-0.00355138138224471,-0.01063145950724471,-0.00965489700724471,-0.00037755325724471,0.00621424361775529,0.00914393111775529,0.00694666549275529,0.00230799361775529,-0.00623692825724471,-0.02454747513224471,-0.02820958450724471,-0.00574864700724471,0.02061854049275529,0.01915369674275529,-0.00013341263224471,-0.02112950638224471,-0.03113927200724471,-0.02137364700724471,0.00133143111775529,0.02672205611775529,0.03209314986775529,0.00523768111775529,-0.02698888138224471,-0.03602208450724471,-0.00989903763224471,0.02843104049275529,0.03941736861775529,0.02110682174275529,-0.01087560013224471,-0.03235997513224471,-0.01844395950724471,0.02037439986775529,0.04747400924275529,0.03477869674275529,-0.00281895950724471,-0.02454747513224471,-0.01795567825724471,0.01085291549275529,0.03648768111775529,0.03453455611775529,0.00743494674275529,-0.01697911575724471,-0.01429356888224471,0.01060877486775529,0.03062830611775529,0.02598963424275529,-0.00184239700724471,-0.02430333450724471,-0.02723302200724471,-0.01014317825724471,0.01720057174275529,0.03087244674275529,0.01036463424275529,-0.02674474075724471,-0.03699864700724471,-0.02039708450724471,-0.00355138138224471,-0.00184239700724471,-0.00574864700724471,-0.01331700638224471,-0.02161778763224471,-0.02430333450724471,-0.02332677200724471,-0.01746739700724471,-0.01185216263224471,-0.00843419388224471,-0.00330724075724471,-0.00574864700724471,-0.01624669388224471,-0.01673497513224471,-0.00721349075724471,0.00157557174275529,-0.00233067825724471,-0.00574864700724471,-0.00208653763224471,0.00304041549275529,0.01158533736775529,0.01329432174275529,0.00401697799275529,-0.00379552200724471,0.00181971236775529,0.01768885299275529,0.03160486861775529,0.03599939986775529,0.02354822799275529,0.00230799361775529,-0.01404942825724471,-0.01087560013224471,0.02428064986775529,0.06261072799275529,0.05113611861775529,-0.00477208450724471,-0.03431310013224471,-0.01819981888224471,0.01549158736775529,0.03380213424275529,0.02501307174275529,-0.00110997513224471,-0.02357091263224471,-0.02430333450724471,-0.00721349075724471,0.01622400924275529,0.02208338424275529,-0.00159825638224471,-0.02381505325724471,-0.02698888138224471,-0.01209630325724471,0.02086268111775529,0.04161463424275529,0.01793299361775529,-0.02210606888224471,-0.02967442825724471,-0.00281895950724471,0.02818689986775529,0.03136072799275529,0.00572596236775529,-0.02161778763224471,-0.02723302200724471,-0.00599278763224471,0.01695643111775529,0.01475916549275529,-0.00159825638224471,-0.00721349075724471,-0.00941075638224471,-0.00965489700724471,0.00304041549275529,0.01573572799275529,-0.00257481888224471,-0.03260411575724471,-0.03480138138224471,-0.01258458450724471,0.00816736861775529,0.00181971236775529,-0.01234044388224471,-0.02088536575724471,-0.02015294388224471,-0.00965489700724471,-0.00403966263224471,-0.00501622513224471,-0.00501622513224471,-0.00159825638224471,0.00304041549275529,0.00230799361775529,-0.00892247513224471,-0.01600255325724471,-0.00623692825724471,0.00255213424275529,0.00889979049275529,0.01573572799275529,0.01353846236775529,0.00230799361775529,-0.00526036575724471,0.00035486861775529,0.00889979049275529,0.01549158736775529,0.01524744674275529,0.00719080611775529,-0.00281895950724471,-0.00550450638224471,0.00352869674275529,0.01012049361775529,0.01329432174275529,0.02013025924275529,0.01305018111775529,-0.00648106888224471,-0.01038731888224471,0.00719080611775529,0.02110682174275529,0.01378260299275529,0.00255213424275529,-0.00452794388224471,-0.00599278763224471,0.00304041549275529,0.00865564986775529,0.00792322799275529,0.00279627486775529,-0.00135411575724471,-0.00208653763224471,-0.00281895950724471,0.00133143111775529,0.00914393111775529,0.00548182174275529,-0.00672520950724471,-0.00721349075724471,0.00157557174275529,0.00597010299275529,0.00328455611775529,0.00133143111775529,0.00035486861775529,-0.00208653763224471,0.00279627486775529,-0.00037755325724471,-0.00159825638224471,-0.00184239700724471,0.00377283736775529,0.00499354049275529,0.00401697799275529,0.00670252486775529,-0.00135411575724471,-0.01160802200724471,-0.01038731888224471,0.00499354049275529,0.01378260299275529,-0.00013341263224471,-0.02015294388224471,-0.02015294388224471,-0.00257481888224471,0.00865564986775529,0.00377283736775529,-0.01722325638224471,-0.02454747513224471,-0.01185216263224471,0.00035486861775529,0.00328455611775529,-0.00867833450724471,-0.02747716263224471,-0.03065099075724471,-0.01331700638224471,0.00523768111775529,0.01524744674275529,0.00474939986775529,-0.01771153763224471,-0.02308263138224471,-0.00843419388224471,0.01964197799275529,0.03355799361775529,0.01597986861775529,-0.01429356888224471,-0.02283849075724471,-0.00159825638224471,0.02379236861775529,0.03160486861775529,0.01134119674275529,-0.01966466263224471,-0.02674474075724471,0.00450525924275529,0.03209314986775529,0.01988611861775529,-0.01258458450724471,-0.02772130325724471,-0.01014317825724471,0.01646814986775529,0.02159510299275529,0.00181971236775529,-0.02112950638224471,-0.01942052200724471,-0.00013341263224471,0.01378260299275529,0.01793299361775529,0.00523768111775529,-0.01331700638224471,-0.01746739700724471,0.00133143111775529,0.02086268111775529,0.02208338424275529,0.01060877486775529,-0.00428380325724471,-0.01282872513224471,0.00157557174275529,0.02379236861775529,0.02061854049275529,0.00328455611775529,-0.00599278763224471,0.00304041549275529,0.01427088424275529,0.02061854049275529,0.01500330611775529,-0.00452794388224471,-0.01429356888224471,0.00035486861775529,0.01060877486775529,-0.00281895950724471,-0.02015294388224471,-0.01746739700724471,0.00133143111775529,0.00450525924275529,-0.01209630325724471,-0.02698888138224471,-0.01990880325724471,0.00401697799275529,0.01427088424275529,-0.00037755325724471,-0.01990880325724471,-0.01893224075724471,-0.00428380325724471,0.00816736861775529,0.01622400924275529,0.01207361861775529,-0.00550450638224471,-0.01502599075724471,-0.00355138138224471,0.00767908736775529,0.01475916549275529,0.01451502486775529,-0.00623692825724471,-0.02405919388224471,-0.00843419388224471,0.01060877486775529,0.01158533736775529,0.00377283736775529,-0.00721349075724471,-0.01331700638224471,-0.00501622513224471,0.01353846236775529,0.00499354049275529,-0.02186192825724471,-0.02235020950724471,0.00938807174275529,0.03941736861775529,0.03404627486775529,-0.00550450638224471,-0.04041661575724471,-0.03260411575724471,0.01500330611775529,0.05772791549275529,0.04307947799275529,-0.01331700638224471,-0.05872716263224471,-0.05311192825724471,0.00181971236775529,0.04527674361775529,0.04112635299275529,-0.00941075638224471,-0.06800450638224471,-0.06702794388224471,-0.00501622513224471,0.06187830611775529,0.07091150924275529,0.01109705611775529,-0.04212560013224471,-0.03089513138224471,0.02794275924275529,0.07286463424275529,0.05943689986775529,0.00548182174275529,-0.02674474075724471,0.04112635299275529,0.04112635299275529,0.07579432174275529,0.06480799361775529,0.01964197799275529,-0.01868810013224471,-0.01673497513224471,0.02257166549275529,0.05943689986775529,0.05040369674275529,0.00719080611775529,-0.02772130325724471,-0.02674474075724471,0.00816736861775529,0.03453455611775529,0.01793299361775529,-0.02527989700724471,-0.04749669388224471,-0.02820958450724471,0.00987635299275529,0.02403650924275529,0.00621424361775529,-0.02161778763224471,-0.03040685013224471,-0.01209630325724471,0.01158533736775529,0.01866541549275529,0.00304041549275529,-0.02235020950724471,-0.03528966263224471,-0.02332677200724471,0.00523768111775529,0.02281580611775529,0.00743494674275529,-0.02918614700724471,-0.04432286575724471,-0.01942052200724471,0.00621424361775529,0.01256189986775529,-0.00623692825724471,-0.03528966263224471,-0.04285802200724471,-0.03138341263224471,-0.01502599075724471,-0.00941075638224471,-0.02161778763224471,-0.03846349075724471,-0.04603185013224471,-0.03626622513224471,-0.02064122513224471,-0.01478185013224471,-0.01819981888224471,-0.03162755325724471,-0.03821935013224471,-0.02454747513224471,-0.00550450638224471,0.00108729049275529,-0.00770177200724471,-0.02381505325724471,-0.03089513138224471,-0.02308263138224471,-0.01209630325724471,-0.00403966263224471,-0.00794591263224471,-0.01404942825724471,-0.01722325638224471,-0.01990880325724471,-0.01038731888224471,0.00059900924275529,0.00108729049275529,-0.00403966263224471,-0.00770177200724471,-0.00916661575724471,-0.00208653763224471,0.00523768111775529,0.00352869674275529,0.00352869674275529,-0.00257481888224471,-0.00696935013224471,-0.00208653763224471,0.01427088424275529,0.02232752486775529,0.00377283736775529,-0.03382481888224471,-0.05262364700724471,-0.04505528763224471,-0.02625645950724471,-0.00696935013224471,-0.00672520950724471,-0.02357091263224471,-0.03284825638224471,-0.02137364700724471,0.00352869674275529,0.02037439986775529,0.02305994674275529,0.01890955611775529,0.01842127486775529,0.03258143111775529,0.04088221236775529,0.03014002486775529,0.01475916549275529,0.00841150924275529,0.01451502486775529,0.02428064986775529,0.02940760299275529,0.02135096236775529,0.00987635299275529,0.01109705611775529,0.01695643111775529,0.01939783736775529,0.01549158736775529,0.00352869674275529,-0.00941075638224471,-0.01087560013224471,0.00279627486775529,0.02037439986775529,0.02232752486775529,0.00572596236775529,-0.01160802200724471,-0.01136388138224471,0.00914393111775529,0.03404627486775529,0.04332361861775529,0.03014002486775529,0.00963221236775529,0.00157557174275529,0.01549158736775529,0.03941736861775529,0.03380213424275529,0.03380213424275529,0.01280604049275529,0.00743494674275529,0.01768885299275529,0.02794275924275529,0.02696619674275529,0.01158533736775529,-0.00208653763224471,0.00230799361775529,0.01744471236775529,0.02574549361775529,0.01378260299275529,-0.00916661575724471,-0.02259435013224471,-0.01038731888224471,0.01305018111775529,0.02745447799275529,0.02086268111775529,-0.00281895950724471,-0.02186192825724471,-0.01697911575724471,0.01158533736775529,0.03184900924275529,0.02354822799275529,0.00426111861775529,-0.00819005325724471,-0.01038731888224471,0.00181971236775529,0.01524744674275529,0.01597986861775529,0.00401697799275529,-0.01258458450724471,-0.01527013138224471,0.00084314986775529,0.01158533736775529,0.00987635299275529,-0.00062169388224471,-0.00965489700724471,-0.01111974075724471,-0.00526036575724471,-0.00013341263224471,-0.01795567825724471,-0.01795567825724471,-0.01502599075724471,-0.01087560013224471,-0.01478185013224471,-0.01673497513224471,-0.01893224075724471,-0.02503575638224471,-0.02381505325724471,-0.01331700638224471,-0.00574864700724471,0.00279627486775529,0.00450525924275529,-0.00184239700724471,-0.00477208450724471,-0.00281895950724471,0.00548182174275529,0.01182947799275529,0.00938807174275529,0.00743494674275529,0.00035486861775529,0.00035486861775529,0.00523768111775529,0.02013025924275529,0.01622400924275529,0.01427088424275529,0.01134119674275529,0.01353846236775529,0.01524744674275529,0.01012049361775529,0.00694666549275529,0.00304041549275529,0.00206385299275529,0.00401697799275529,0.01207361861775529,0.02110682174275529,0.00792322799275529,-0.01600255325724471,-0.02650060013224471,-0.01404942825724471,0.00572596236775529,0.00279627486775529,-0.01868810013224471,-0.03699864700724471,-0.04114903763224471,-0.03260411575724471,-0.02357091263224471,-0.02405919388224471,-0.03138341263224471,-0.03821935013224471,-0.04114903763224471,-0.03968419388224471,-0.03089513138224471,-0.01697911575724471,-0.01111974075724471,-0.01844395950724471,-0.02576817825724471,-0.02601231888224471,-0.01819981888224471,-0.00819005325724471,-0.00721349075724471,-0.00574864700724471,0.00865564986775529,0.00865564986775529,0.01060877486775529,0.00572596236775529,0.00621424361775529,0.01451502486775529,0.02452479049275529,0.02989588424275529,0.02769861861775529,0.02574549361775529,0.01866541549275529,0.01866541549275529,0.00035486861775529,-0.00526036575724471,-0.00135411575724471,0.00108729049275529,-0.00550450638224471,-0.01917638138224471,-0.02967442825724471,-0.03211583450724471,-0.03382481888224471,-0.05286778763224471,-0.05286778763224471,-0.04236974075724471,-0.01478185013224471,0.01524744674275529,0.03722010299275529,0.02647791549275529,-0.00428380325724471,-0.01942052200724471,-0.00477208450724471,0.02965174361775529,0.05943689986775529,0.06383143111775529,0.03892908736775529,0.01549158736775529,0.02183924361775529,0.05064783736775529,0.07872400924275529,2.845260213028966e-05,0.07213221236775529,0.05553064986775529,0.04454432174275529,0.02281580611775529,0.02281580611775529,0.01695643111775529,0.01475916549275529,0.01256189986775529,0.00719080611775529,-0.00526036575724471,-0.01746739700724471,-0.02674474075724471,-0.03504552200724471,-0.03675450638224471,-0.03675450638224471,-0.02527989700724471,-0.01185216263224471,-0.01478185013224471,-0.03040685013224471,-0.03211583450724471,-0.02137364700724471,-0.00843419388224471,0.00035486861775529,-0.00062169388224471,-0.00526036575724471,0.01671229049275529,0.01671229049275529,0.02940760299275529,0.03453455611775529,0.02891932174275529,0.02623377486775529,0.03917322799275529,0.05479822799275529,0.06114588424275529,0.04942713424275529,0.01988611861775529,0.00035486861775529,-0.00916661575724471,-0.00892247513224471,-0.00867833450724471,-0.03040685013224471,-0.05482091263224471,-0.05872716263224471,-0.05311192825724471,-0.05677403763224471,-0.06678380325724471,-0.07142247513224471,-0.05677403763224471,-0.04236974075724471,-0.04578770950724471,-0.05530919388224471,-0.04334630325724471,-0.01551427200724471,-0.00428380325724471,-0.02479161575724471,-0.03821935013224471,-0.01893224075724471,0.01671229049275529,0.03892908736775529,0.03673182174275529,0.02232752486775529,0.02232752486775529,0.03331385299275529,0.05504236861775529,0.07237635299275529,0.06627283736775529,0.04503260299275529,0.01475916549275529,-0.01649083450724471,-0.02454747513224471,-0.00648106888224471,-0.00648106888224471,-0.01502599075724471,-0.02918614700724471,-0.04188145950724471,-0.04652013138224471,-0.05042638138224471,-0.04774083450724471,-0.03065099075724471,-0.02259435013224471,-0.02650060013224471,-0.03065099075724471,-0.03065099075724471,-0.00721349075724471,0.01500330611775529,0.01817713424275529,-0.00184239700724471,-0.01844395950724471,0.00328455611775529,0.04234705611775529,0.06871424361775529,0.06871424361775529,0.05479822799275529,0.05528650924275529,0.07310877486775529,0.08092127486775529,0.07213221236775529,0.04991541549275529,0.02989588424275529,0.02281580611775529,0.02428064986775529,0.02354822799275529,-0.02894200638224471,-0.02894200638224471,-0.04334630325724471,-0.04139317825724471,-0.03626622513224471,-0.03797520950724471,-0.05823888138224471,-0.07069005325724471,-0.06190099075724471,-0.04749669388224471,-0.04407872513224471,-0.04407872513224471,-0.04969395950724471,-0.03235997513224471,-0.00794591263224471,-0.00208653763224471,-0.00989903763224471,-0.01234044388224471,-0.00159825638224471,0.02305994674275529,0.04869471236775529,0.05723963424275529,0.05186854049275529,0.04478846236775529,0.05308924361775529,0.06773768111775529,0.07408533736775529,0.05821619674275529,0.03038416549275529,0.01744471236775529,0.01890955611775529,-0.02137364700724471,-0.02137364700724471,-0.04163731888224471,-0.04456700638224471,-0.03675450638224471,-0.03065099075724471,-0.04529942825724471,-0.06751622513224471,-0.07142247513224471,-0.06068028763224471,-0.04066075638224471,-0.03797520950724471,-0.02869786575724471,-0.02869786575724471,-0.00745763138224471,0.00841150924275529,0.00963221236775529,0.00401697799275529,-0.00745763138224471,-0.00770177200724471,0.02013025924275529,0.05968104049275529,0.07823572799275529,0.07823572799275529,0.04796229049275529,0.03624354049275529,0.06554041549275529,2.845260213028966e-05,2.845260213028966e-05,0.05040369674275529,0.00865564986775529,-0.00184239700724471,0.01573572799275529,0.02159510299275529,0.00816736861775529,-0.02967442825724471,-0.04896153763224471,-0.03602208450724471,-0.02869786575724471,-0.04359044388224471,-0.06507481888224471,-0.07801427200724471,-0.06238927200724471,-0.03528966263224471,-0.02796544388224471,-0.03016270950724471,-0.02332677200724471,-0.01111974075724471,-0.01111974075724471,0.00035486861775529,-0.00843419388224471,0.00181971236775529,0.01671229049275529,0.03380213424275529,0.04332361861775529,0.05089197799275529,0.05382166549275529,0.05382166549275529,0.05748377486775529,0.05748377486775529,0.05113611861775529,0.03722010299275529,0.02428064986775529,0.02721033736775529,0.04063807174275529,0.02476893111775529,-0.02430333450724471,-0.05970372513224471,-0.05945958450724471,-0.01478185013224471,-0.01478185013224471,-0.03992833450724471,2.845260213028966e-05,2.845260213028966e-05,-0.07801427200724471,-0.04725255325724471,-0.03138341263224471,-0.04432286575724471,-0.06483067825724471,-0.02210606888224471,-0.02210606888224471,-0.00403966263224471,-0.00306310013224471,-0.00330724075724471,-0.01282872513224471,-0.00330724075724471,0.02428064986775529,0.05235682174275529,0.06456385299275529,0.05699549361775529,0.04820643111775529,0.04796229049275529,0.06431971236775529,0.08263025924275529,0.06798182174275529,0.03160486861775529,0.00792322799275529,0.00719080611775529,0.01573572799275529,0.01597986861775529,-0.00403966263224471,-0.05237950638224471,-0.05237950638224471,-0.05579747513224471,-0.04578770950724471,-0.04725255325724471,-0.05579747513224471,-0.06263341263224471,-0.05237950638224471,-0.04456700638224471,-0.03651036575724471,-0.01624669388224471,-0.01527013138224471,-0.01527013138224471,-0.02405919388224471,-0.00965489700724471,0.02110682174275529,0.04576502486775529,0.04722986861775529,0.03722010299275529,0.03502283736775529,0.05650721236775529,0.08116541549275529,0.08116541549275529,2.845260213028966e-05,2.845260213028966e-05,0.07945643111775529,0.04478846236775529,0.01475916549275529,0.01451502486775529,0.03624354049275529,0.04576502486775529,0.00304041549275529,-0.04090489700724471,-0.03455724075724471,-0.03455724075724471,-0.01258458450724471,-0.02503575638224471,-0.06019200638224471,-0.08265294388224471,-0.06971349075724471,-0.04725255325724471,-0.03284825638224471,-0.04066075638224471,-0.04676427200724471,-0.04676427200724471,-0.01673497513224471,-0.00477208450724471,-0.00696935013224471,-0.00208653763224471,0.00352869674275529,0.00548182174275529,0.01549158736775529,0.03184900924275529,0.05186854049275529,0.06627283736775529,0.05772791549275529,0.05772791549275529,0.04893885299275529,0.04503260299275529,0.05650721236775529,0.05553064986775529,0.03306971236775529,0.01085291549275529,-0.00013341263224471,0.00035486861775529,-0.02161778763224471,-0.02161778763224471,-0.06141270950724471,-0.06141270950724471,-0.06019200638224471,-0.04774083450724471,-0.04749669388224471,-0.06019200638224471,-0.07874669388224471,-0.07728185013224471,-0.06360997513224471,-0.04652013138224471,-0.02601231888224471,-0.02601231888224471,-0.04017247513224471,-0.03797520950724471,-0.00843419388224471,0.01890955611775529,0.02769861861775529,0.01207361861775529,0.00328455611775529,0.01964197799275529,0.05455408736775529,0.05723963424275529,0.05723963424275529,0.04722986861775529,0.05138025924275529,0.07091150924275529,0.07164393111775529,0.04527674361775529,0.03087244674275529,0.02403650924275529,0.02330408736775529,0.00645838424275529,-0.04407872513224471,-0.04407872513224471,-0.04578770950724471,-0.04383458450724471,-0.03455724075724471,-0.03992833450724471,-0.05628575638224471,-0.06287755325724471,-0.06776036575724471,-0.06458653763224471,-0.04896153763224471,-0.02112950638224471,-0.02112950638224471,-0.01722325638224471,-0.00843419388224471,-0.00110997513224471,0.01182947799275529,0.02257166549275529,0.01939783736775529,0.01231775924275529,0.01793299361775529,0.06407557174275529,0.06407557174275529,0.08482752486775529,2.845260213028966e-05,0.07139979049275529,0.05406580611775529,0.05650721236775529,0.06578455611775529,0.06676111861775529,0.05821619674275529,0.04137049361775529,-0.01551427200724471,-0.01551427200724471,-0.01649083450724471,-0.01527013138224471,-0.02112950638224471,-0.03333653763224471,-0.06116856888224471,-0.08094395950724471,-0.07142247513224471,-0.06898106888224471,-0.06068028763224471,-0.06068028763224471,-0.07239903763224471,-0.06238927200724471,-0.03870763138224471,-0.01404942825724471,-0.00745763138224471,-0.02235020950724471,-0.02674474075724471,-0.00941075638224471,0.01353846236775529,0.03380213424275529,0.03380213424275529,0.03258143111775529,0.02330408736775529,0.02745447799275529,0.05308924361775529,0.07970057174275529,2.845260213028966e-05,0.07555018111775529,0.04210291549275529,0.00914393111775529,0.00914393111775529,0.02721033736775529,0.04649744674275529,0.01866541549275529,-0.02894200638224471,-0.05042638138224471,-0.03968419388224471,-0.01673497513224471,-0.01429356888224471,-0.04285802200724471,-0.07777013138224471,-0.07777013138224471,-0.06190099075724471,-0.03675450638224471,-0.02259435013224471,-0.03333653763224471,-0.05042638138224471,-0.04114903763224471,-0.00599278763224471,0.02550135299275529,-0.01795567825724471,-0.01795567825724471,-0.02918614700724471,0.00181971236775529,0.04527674361775529,0.07115564986775529,0.06358729049275529,0.03282557174275529,0.01134119674275529,0.02550135299275529,2.845260213028966e-05,0.08092127486775529,0.08092127486775529,0.04503260299275529,0.01597986861775529,0.01573572799275529,0.03599939986775529,0.04674158736775529,0.01524744674275529,-0.02991856888224471,-0.04554356888224471,-0.02967442825724471,-0.02967442825724471,-0.02650060013224471,-0.04359044388224471,-0.08436192825724471,2.845260213028966e-05,-0.06751622513224471,-0.03455724075724471,-0.02430333450724471,-0.05189122513224471,-0.05286778763224471,-0.05286778763224471,-0.01038731888224471,0.01524744674275529,0.01402674361775529,0.00035486861775529,-0.00623692825724471,-0.00892247513224471,0.01109705611775529,0.04088221236775529,0.05040369674275529,0.04283533736775529,0.04283533736775529,0.04503260299275529,0.06578455611775529,2.845260213028966e-05,0.08238611861775529,0.05260096236775529,0.02623377486775529,0.02769861861775529,0.02769861861775529,0.00035486861775529,0.00035486861775529,-0.01942052200724471,-0.03016270950724471,-0.02918614700724471,-0.03040685013224471,-0.04578770950724471,-0.06214513138224471,-0.07728185013224471,-0.07264317825724471,-0.05628575638224471,-0.04456700638224471,-0.04359044388224471,-0.05164708450724471,-0.03919591263224471,-0.03919591263224471,-0.01380528763224471,-0.00355138138224471,0.00230799361775529,0.00474939986775529,-0.00110997513224471,0.00352869674275529,0.02061854049275529,0.04893885299275529,0.05601893111775529,0.04942713424275529,0.04942713424275529,0.06431971236775529,0.06627283736775529,0.06749354049275529,0.06993494674275529,0.05601893111775529,0.03868494674275529,0.02647791549275529,0.01109705611775529,0.01646814986775529,0.01646814986775529,-0.00233067825724471,-0.03333653763224471,-0.05237950638224471,-0.05677403763224471,-0.04236974075724471,-0.03358067825724471,-0.04334630325724471,-0.05652989700724471,-0.05872716263224471,-0.04627599075724471,-0.04627599075724471,-0.02625645950724471,-0.01234044388224471,-0.01234044388224471,-0.01771153763224471,-0.01551427200724471,-0.00721349075724471,0.00865564986775529,0.02891932174275529,0.01890955611775529,0.01890955611775529,0.01182947799275529,0.01915369674275529,0.04478846236775529,0.06578455611775529,0.06798182174275529,0.06700525924275529,0.05601893111775529,0.04356775924275529,0.03624354049275529,0.02428064986775529,0.02428064986775529,0.01427088424275529,0.01207361861775529,-0.00062169388224471,-0.00745763138224471,-0.01697911575724471,-0.03480138138224471,-0.04871739700724471,-0.04798497513224471,-0.08240880325724471,-0.08240880325724471,-0.07581700638224471,-0.04920567825724471,-0.03382481888224471,-0.04456700638224471,-0.05604161575724471,-0.05872716263224471,-0.04334630325724471,-0.01380528763224471,0.01622400924275529,0.01622400924275529,0.01134119674275529,-0.00916661575724471,-0.01234044388224471,0.01500330611775529,0.05553064986775529,0.07481775924275529,0.06187830611775529,0.03892908736775529,0.06212244674275529,0.06212244674275529,2.845260213028966e-05,0.07384119674275529,0.03429041549275529,0.01085291549275529,0.02403650924275529,0.04698572799275529,0.03697596236775529,-0.00110997513224471,-0.04432286575724471,-0.02235020950724471,-0.02235020950724471,-0.00745763138224471,-0.02039708450724471,-0.05750645950724471,2.845260213028966e-05,2.845260213028966e-05,-0.05872716263224471,-0.03675450638224471,-0.02918614700724471,-0.05482091263224471,-0.05482091263224471,-0.05335606888224471,-0.02064122513224471,0.02208338424275529,0.02794275924275529,-0.00208653763224471,-0.01209630325724471,0.00572596236775529,0.03111658736775529,0.04332361861775529,0.02989588424275529,0.02989588424275529,0.02965174361775529,0.04576502486775529,0.06407557174275529,0.06871424361775529,0.05382166549275529,0.04796229049275529,0.03526697799275529,0.02843104049275529,0.01768885299275529,0.01768885299275529,0.00597010299275529,0.00035486861775529,-0.01746739700724471,-0.03382481888224471,-0.03504552200724471,-0.04139317825724471,-0.05652989700724471,-0.06263341263224471,-0.06409825638224471,-0.06409825638224471,-0.04969395950724471,-0.04212560013224471,-0.04822911575724471,-0.05140294388224471,-0.02894200638224471,0.00694666549275529,0.01817713424275529,-0.01014317825724471,-0.00355138138224471,-0.00355138138224471,0.03502283736775529,0.04625330611775529,0.03111658736775529,0.01549158736775529,0.02550135299275529,0.05357752486775529,0.07359705611775529,0.07017908736775529,0.05333338424275529,0.06529627486775529,0.06529627486775529,2.845260213028966e-05,2.845260213028966e-05,0.07823572799275529,0.04430018111775529,0.02110682174275529,0.01695643111775529,0.02086268111775529,-0.00086583450724471,-0.03651036575724471,-0.03651036575724471,-0.06556310013224471,-0.07044591263224471,-0.05555333450724471,-0.04359044388224471,-0.04700841263224471,-0.06360997513224471,-0.07508458450724471,-0.04359044388224471,-0.01649083450724471,-0.01649083450724471,-0.00159825638224471,-0.01111974075724471,-0.02967442825724471,-0.04188145950724471,-0.02527989700724471,0.00621424361775529,0.02867518111775529,0.02305994674275529,-0.01844395950724471,-0.01917638138224471,-0.01917638138224471,0.01744471236775529,0.04747400924275529,0.06065760299275529,0.05260096236775529,0.02672205611775529,0.00035486861775529,-0.00184239700724471,0.02574549361775529,0.01817713424275529,0.01817713424275529,-0.00159825638224471,-0.01063145950724471,-0.02210606888224471,-0.03480138138224471,-0.03187169388224471,-0.02674474075724471,-0.02772130325724471,-0.02650060013224471,-0.04017247513224471,-0.04017247513224471,-0.05213536575724471,-0.04432286575724471,-0.02650060013224471,-0.01575841263224471,-0.01722325638224471,-0.02259435013224471,-0.02161778763224471,-0.00892247513224471,0.00011072799275529,0.00011072799275529,0.00597010299275529,0.00694666549275529,0.00304041549275529,0.00963221236775529,0.02550135299275529,0.03844080611775529,0.03355799361775529,0.02037439986775529,0.01280604049275529,0.01939783736775529,0.01939783736775529,0.03160486861775529,0.03673182174275529,0.01964197799275529,0.00133143111775529,0.00401697799275529,0.01720057174275529,0.02183924361775529,0.01158533736775529,0.00572596236775529,0.00572596236775529,0.00621424361775529,0.00743494674275529,0.00035486861775529,-0.00184239700724471,0.00084314986775529,-0.00208653763224471,0.00108729049275529,0.01549158736775529,-0.00135411575724471,-0.00135411575724471,-0.01527013138224471,-0.01453770950724471,-0.00330724075724471,0.01158533736775529,0.01378260299275529,0.00035486861775529,-0.01282872513224471,-0.01502599075724471,0.01207361861775529,0.01573572799275529,0.01573572799275529,-0.00306310013224471,-0.02601231888224471,-0.03651036575724471,-0.02259435013224471,0.00181971236775529,0.01402674361775529,0.00597010299275529,-0.02918614700724471,-0.01575841263224471,-0.01575841263224471,0.00767908736775529,0.01573572799275529,0.00059900924275529,-0.01942052200724471,-0.02235020950724471,-0.00623692825724471,0.01085291549275529,-0.00916661575724471,-0.01697911575724471,-0.01697911575724471,-0.01111974075724471,0.00108729049275529,0.00694666549275529,0.00401697799275529,-0.00208653763224471,-0.00916661575724471,-0.01063145950724471,-0.00330724075724471,0.00328455611775529,0.00328455611775529,-0.00526036575724471,-0.01600255325724471,-0.01429356888224471,0.00035486861775529,0.01427088424275529,0.01134119674275529,0.00328455611775529,-0.00208653763224471,-0.00135411575724471,0.01524744674275529,0.01524744674275529,0.01524744674275529,0.00889979049275529,0.00572596236775529,0.00597010299275529,0.01182947799275529,0.01988611861775529,0.02354822799275529,0.01427088424275529,0.00670252486775529,0.00963221236775529,0.00963221236775529,0.01353846236775529,0.01500330611775529,0.01280604049275529,0.00889979049275529,0.00987635299275529,0.00889979049275529,0.00328455611775529,-0.00037755325724471,0.00011072799275529,0.00011072799275529,-0.00208653763224471,-0.01087560013224471,-0.01380528763224471,0.00011072799275529,0.02891932174275529,0.04649744674275529,0.01744471236775529,-0.08411778763224471,-0.07093419388224471,-0.07093419388224471,-0.00819005325724471,0.04259119674275529,0.03429041549275529,-0.02259435013224471,-0.07679356888224471,-0.07606114700724471,-0.02723302200724471,0.01744471236775529,0.01012049361775529,-0.02357091263224471,-0.02357091263224471,-0.03968419388224471,-0.01649083450724471,0.03136072799275529,0.05748377486775529,0.03380213424275529,-0.00501622513224471,-0.01258458450724471,0.04234705611775529,0.04967127486775529,0.04967127486775529,0.01964197799275529,-0.00941075638224471,-0.00355138138224471,0.03038416549275529,0.05430994674275529,0.04088221236775529,0.00719080611775529,-0.00428380325724471,0.02623377486775529,0.02623377486775529,0.04991541549275529,0.03892908736775529,0.00035486861775529,-0.02405919388224471,-0.01771153763224471,0.01427088424275529,0.04405604049275529,0.00255213424275529,-0.03968419388224471,-0.03968419388224471,-0.03675450638224471,0.00841150924275529,0.05138025924275529,0.03966150924275529,-0.01282872513224471,-0.04920567825724471,-0.04383458450724471,0.00108729049275529,0.02574549361775529,-0.01331700638224471,-0.01331700638224471,-0.04017247513224471,-0.03406895950724471,-0.00281895950724471,0.02403650924275529,0.01915369674275529,-0.00355138138224471,-0.02576817825724471,0.00108729049275529,0.01939783736775529,0.01939783736775529,0.01231775924275529,-0.00941075638224471,-0.02235020950724471,-0.01990880325724471,-0.00159825638224471,0.01012049361775529,0.00670252486775529,-0.01136388138224471,-0.02015294388224471,-0.00819005325724471,-0.00819005325724471,-0.00403966263224471,-0.01575841263224471,-0.03724278763224471,-0.04725255325724471,-0.03113927200724471,-0.00989903763224471,-0.00599278763224471,-0.05823888138224471,-0.07630528763224471,-0.07630528763224471,-0.05384435013224471,-0.01136388138224471,0.02086268111775529,0.01549158736775529,-0.03675450638224471,-0.08094395950724471,-0.06556310013224471,0.02476893111775529,0.01695643111775529,0.01695643111775529,-0.01380528763224471,-0.04847325638224471,-0.05360020950724471,-0.02039708450724471,0.01915369674275529,0.04722986861775529,0.03404627486775529,-0.05408849075724471,-0.02454747513224471,-0.02454747513224471,0.02476893111775529,0.04820643111775529,0.01768885299275529,-0.02625645950724471,-0.03187169388224471,-0.00281895950724471,0.03429041549275529,0.00279627486775529,-0.02527989700724471,-0.02308263138224471,-0.02308263138224471,0.00767908736775529,0.03770838424275529,0.05455408736775529,0.03941736861775529,-0.00086583450724471,-0.01966466263224471,0.00914393111775529,0.07164393111775529,0.04381189986775529,0.04381189986775529,-0.00550450638224471,-0.01453770950724471,0.00914393111775529,0.03868494674275529,0.05553064986775529,0.03966150924275529,-0.00403966263224471,-0.03187169388224471,0.01231775924275529,0.04014979049275529,0.04014979049275529,0.03697596236775529,-0.01356114700724471,-0.06409825638224471,-0.05433263138224471,0.00255213424275529,0.05772791549275529,0.05870447799275529,-0.05628575638224471,-0.04236974075724471,-0.04236974075724471,0.00645838424275529,0.05064783736775529,0.05235682174275529,0.01207361861775529,-0.03187169388224471,-0.03284825638224471,0.00352869674275529,0.04161463424275529,0.00328455611775529,0.00328455611775529,-0.02869786575724471,-0.03065099075724471,-0.00403966263224471,0.03551111861775529,0.05455408736775529,0.02940760299275529,-0.01917638138224471,-0.01234044388224471,0.03795252486775529,0.05968104049275529,0.05968104049275529,0.03697596236775529,-0.01600255325724471,-0.04627599075724471,-0.02894200638224471,0.01012049361775529,0.02013025924275529,-0.00355138138224471,-0.03309239700724471,-0.03797520950724471,-0.01404942825724471,0.00889979049275529,-0.00843419388224471,-0.02552403763224471,-0.02283849075724471,0.01427088424275529,0.01427088424275529,0.03966150924275529,0.03282557174275529,0.00548182174275529,-0.01624669388224471,-0.00794591263224471,0.01451502486775529,0.02745447799275529,0.02159510299275529,0.00084314986775529,-0.01575841263224471,-0.01575841263224471,-0.00233067825724471,0.01427088424275529,0.01085291549275529,-0.03065099075724471,-0.04432286575724471,-0.04432286575724471,-0.00696935013224471,0.03087244674275529,0.03502283736775529,0.01622400924275529,-0.00672520950724471,-0.01404942825724471,-0.00281895950724471,0.01671229049275529,0.03014002486775529,0.02989588424275529,0.01280604049275529,-0.01063145950724471,-0.02991856888224471,0.01964197799275529,0.04063807174275529,0.02208338424275529,-0.00599278763224471,-0.00843419388224471,-0.00843419388224471,-0.00501622513224471,-0.00843419388224471,-0.00306310013224471,0.01182947799275529,0.01060877486775529,0.00499354049275529,0.00987635299275529,0.01231775924275529,0.00035486861775529,-0.01307286575724471,-0.01575841263224471,-0.00550450638224471,0.01158533736775529,-0.00184239700724471,-0.02698888138224471,-0.04285802200724471,-0.02405919388224471,0.00572596236775529,0.00572596236775529,0.00255213424275529,-0.02503575638224471,-0.03284825638224471,-0.01649083450724471,-0.01746739700724471,-0.02845372513224471,-0.01453770950724471,0.01207361861775529,0.00499354049275529,-0.03235997513224471,-0.04090489700724471,-0.01307286575724471,0.00035486861775529,-0.01063145950724471,-0.01380528763224471,-0.01111974075724471,-0.02405919388224471,-0.02405919388224471,-0.02820958450724471,-0.02479161575724471,-0.02186192825724471,-0.01160802200724471,-0.00623692825724471,-0.02088536575724471,0.00035486861775529,-0.02381505325724471,0.00206385299275529,-0.01014317825724471,0.00035486861775529,-0.03162755325724471,0.00035486861775529,0.01207361861775529,0.02379236861775529,0.00328455611775529,-0.01795567825724471,0.01866541549275529,0.00670252486775529,-0.01185216263224471,0.00230799361775529,0.03038416549275529,0.03038416549275529,0.01964197799275529,-0.00574864700724471,-0.00306310013224471,0.01573572799275529,0.02086268111775529,0.00474939986775529,-0.00233067825724471,0.00621424361775529,0.01646814986775529,0.01182947799275529,0.01964197799275529,0.03184900924275529,0.02086268111775529,-0.00208653763224471,-0.00208653763224471,-0.00721349075724471,0.01500330611775529,0.04478846236775529,0.04185877486775529,0.01890955611775529,0.01012049361775529,0.02428064986775529,0.04014979049275529,0.02794275924275529,0.01012049361775529,0.02452479049275529,0.03599939986775529,0.01207361861775529,0.00694666549275529,0.00694666549275529,0.02013025924275529,0.02550135299275529,0.00987635299275529,-0.01063145950724471,-0.01063145950724471,0.00328455611775529,0.00889979049275529,-0.00819005325724471,-0.02259435013224471,-0.01478185013224471,0.00279627486775529,-0.01966466263224471,-0.03846349075724471,-0.02186192825724471,-0.02186192825724471,0.01329432174275529,0.02037439986775529,0.00108729049275529,-0.01673497513224471,-0.01380528763224471,0.00059900924275529,0.01305018111775529,0.01646814986775529,0.01597986861775529,0.00816736861775529,-0.01868810013224471,-0.01380528763224471,0.01353846236775529,0.03429041549275529,0.01768885299275529,0.01768885299275529,-0.02527989700724471,-0.04383458450724471,-0.03040685013224471,-0.00550450638224471,0.00792322799275529,-0.01331700638224471,-0.04212560013224471,-0.03846349075724471,-0.00892247513224471,0.00670252486775529,-0.03968419388224471,-0.05945958450724471,-0.04725255325724471,-0.01160802200724471,-0.01160802200724471,0.00841150924275529,-0.00233067825724471,-0.02576817825724471,-0.04163731888224471,-0.03187169388224471,-0.01063145950724471,0.00889979049275529,0.01134119674275529,-0.01453770950724471,-0.03504552200724471,0.00670252486775529,0.03258143111775529,0.02281580611775529,0.00255213424275529,-0.01136388138224471,-0.01063145950724471,-0.01063145950724471,0.00304041549275529,0.02574549361775529,0.04478846236775529,0.03380213424275529,-0.00062169388224471,-0.02064122513224471,-0.00501622513224471,0.02086268111775529,0.04332361861775529,0.04747400924275529,0.02257166549275529,-0.00159825638224471,0.01915369674275529,0.02696619674275529,0.02379236861775529,0.02379236861775529,0.02696619674275529,0.03111658736775529,0.02208338424275529,0.00597010299275529,-0.00306310013224471,-0.00135411575724471,0.01231775924275529,0.02183924361775529,0.01768885299275529,-0.00184239700724471,-0.02625645950724471,-0.02308263138224471,-0.00428380325724471,0.00426111861775529,-0.01478185013224471,-0.02357091263224471,-0.01893224075724471,-0.00892247513224471,-0.00892247513224471,-0.01307286575724471,-0.02991856888224471,-0.02869786575724471,-0.01014317825724471,0.00621424361775529,0.00548182174275529,-0.00892247513224471,-0.02015294388224471,-0.01234044388224471,0.01158533736775529,0.03306971236775529,0.01500330611775529,0.00035486861775529,0.00206385299275529,0.01085291549275529,0.02647791549275529,0.03111658736775529,0.01085291549275529,0.00499354049275529,0.00181971236775529,0.00743494674275529,0.00743494674275529,0.01622400924275529,0.01280604049275529,-0.01160802200724471,-0.03113927200724471,-0.03113927200724471,-0.01746739700724471,-0.00916661575724471,-0.01136388138224471,-0.02918614700724471,-0.03992833450724471,-0.01624669388224471,-0.00867833450724471,-0.01649083450724471,-0.03187169388224471,-0.03187169388224471,-0.03992833450724471,-0.02869786575724471,-0.01453770950724471,-0.00770177200724471,-0.00306310013224471,0.00597010299275529,0.00938807174275529,0.00645838424275529,0.00719080611775529,0.01793299361775529,0.02745447799275529,0.03087244674275529,0.04112635299275529,0.04503260299275529,0.04137049361775529,0.03062830611775529,0.03062830611775529,0.02037439986775529,0.03697596236775529,0.04820643111775529,0.03184900924275529,0.00328455611775529,0.00377283736775529,0.02965174361775529,0.04381189986775529,0.02794275924275529,-0.01185216263224471,-0.03382481888224471,-0.02747716263224471,-0.00135411575724471,-0.00208653763224471,-0.03260411575724471,-0.05335606888224471,-0.05335606888224471,-0.05140294388224471,-0.03724278763224471,-0.02332677200724471,-0.01673497513224471,-0.02186192825724471,-0.03626622513224471,-0.04163731888224471,0.00377283736775529,0.00572596236775529,-0.00745763138224471,-0.00745763138224471,-0.01502599075724471,0.00011072799275529,0.02794275924275529,0.04869471236775529,0.04722986861775529,0.02696619674275529,0.01036463424275529,0.02403650924275529,0.04405604049275529,0.04771814986775529,0.04771814986775529,0.02721033736775529,-0.00843419388224471,-0.03333653763224471,-0.02015294388224471,0.01573572799275529,0.02843104049275529,-0.00037755325724471,-0.04432286575724471,-0.01453770950724471,-0.01453770950724471,0.00230799361775529,-0.01453770950724471,-0.04090489700724471,-0.06116856888224471,-0.05994786575724471,-0.04188145950724471,-0.02503575638224471,-0.01331700638224471,-0.01697911575724471,-0.02454747513224471,-0.01795567825724471,0.00133143111775529,0.00133143111775529,0.01915369674275529,0.01622400924275529,0.00230799361775529,0.00743494674275529,0.03136072799275529,0.05308924361775529,0.03306971236775529,0.01305018111775529,0.00572596236775529,0.00572596236775529,0.01915369674275529,0.03233729049275529,0.02598963424275529,0.00767908736775529,0.00035486861775529,0.01353846236775529,0.02208338424275529,0.00938807174275529,-0.03260411575724471,-0.02576817825724471,-0.01282872513224471,-0.01282872513224471,-0.01063145950724471,-0.02308263138224471,-0.04700841263224471,-0.05726231888224471,-0.04700841263224471,-0.02674474075724471,-0.00672520950724471,-0.00916661575724471,-0.00941075638224471,-0.00941075638224471,-0.00135411575724471,0.01231775924275529,0.01915369674275529,0.01475916549275529,0.01939783736775529,0.04234705611775529,0.06431971236775529,0.05992518111775529,0.03014002486775529,0.00792322799275529,0.01329432174275529,0.06383143111775529,0.05406580611775529,0.01842127486775529,-0.00452794388224471,0.00401697799275529,0.00401697799275529,0.02086268111775529,0.01622400924275529,-0.00794591263224471,-0.02650060013224471,-0.02894200638224471,-0.01844395950724471,-0.01771153763224471,-0.03162755325724471,-0.04261388138224471,-0.04261388138224471,-0.03333653763224471,-0.01673497513224471,-0.00721349075724471,-0.00599278763224471,-0.00550450638224471,0.00084314986775529,0.00206385299275529,0.00401697799275529,0.01109705611775529,0.01646814986775529,0.01646814986775529,0.01671229049275529,0.01305018111775529,0.00963221236775529,0.00621424361775529,0.00426111861775529,0.00426111861775529,-0.00159825638224471,-0.00770177200724471,-0.01014317825724471,-0.01014317825724471,-0.00574864700724471,-0.00941075638224471,-0.01746739700724471,-0.03187169388224471,-0.03968419388224471,-0.03968419388224471,-0.03382481888224471,-0.03016270950724471,-0.02576817825724471,-0.03480138138224471,-0.02308263138224471,-0.02308263138224471,0.00401697799275529,0.02672205611775529,0.02354822799275529,0.00767908736775529,-0.00330724075724471,0.01158533736775529,0.03380213424275529,0.03404627486775529,0.02623377486775529,0.02623377486775529,0.01207361861775529,0.00352869674275529,0.00474939986775529,0.01378260299275529,0.02183924361775529,0.01305018111775529,-0.01160802200724471,0.00743494674275529,0.02135096236775529,0.02135096236775529,0.00377283736775529,-0.01990880325724471,-0.03944005325724471,-0.04505528763224471,-0.02576817825724471,-0.00428380325724471,0.00328455611775529,-0.01917638138224471,-0.01282872513224471,0.00694666549275529,0.00694666549275529,0.02598963424275529,0.02550135299275529,0.01890955611775529,0.01915369674275529,0.02281580611775529,0.02769861861775529,0.03648768111775529,0.01573572799275529,0.00426111861775529,0.00499354049275529,0.00499354049275529,0.01182947799275529,0.01256189986775529,0.00206385299275529,-0.01136388138224471,-0.02259435013224471,-0.01551427200724471,-0.00819005325724471,-0.03040685013224471,-0.04993810013224471,-0.04993810013224471,-0.05384435013224471,-0.03846349075724471,-0.01527013138224471,-0.01136388138224471,-0.02454747513224471,-0.03406895950724471,-0.02503575638224471,0.02135096236775529,0.02061854049275529,0.01866541549275529,0.01866541549275529,0.01964197799275529,0.02183924361775529,0.02330408736775529,0.02379236861775529,0.02257166549275529,0.01256189986775529,0.02037439986775529,0.01964197799275529,0.00816736861775529,0.00816736861775529,-0.00257481888224471,-0.00965489700724471,-0.01258458450724471,-0.00526036575724471,0.00279627486775529,-0.00403966263224471,-0.02161778763224471,-0.03577794388224471,-0.01771153763224471,-0.00623692825724471,-0.00623692825724471,-0.00941075638224471,-0.00867833450724471,0.00450525924275529,0.00987635299275529,0.01573572799275529,0.02159510299275529,0.02696619674275529,0.02354822799275529,0.01378260299275529,0.01378260299275529,0.01378260299275529,0.02379236861775529,0.02550135299275529,0.01256189986775529,-0.00062169388224471,-0.00550450638224471,-0.00599278763224471,-0.00599278763224471,-0.00623692825724471,-0.00623692825724471,-0.02161778763224471,-0.03895177200724471,-0.04774083450724471,-0.02820958450724471,0.00328455611775529,0.00743494674275529,-0.01868810013224471,-0.02698888138224471,0.01182947799275529,0.03087244674275529,0.03087244674275529,0.02305994674275529,0.00816736861775529,0.01134119674275529,0.02281580611775529,0.02794275924275529,0.03111658736775529,0.00816736861775529,-0.00257481888224471,0.00377283736775529,0.00377283736775529,0.01134119674275529,0.00304041549275529,-0.01014317825724471,-0.02894200638224471,-0.03528966263224471,-0.02674474075724471,-0.00965489700724471,-0.02235020950724471,-0.03455724075724471,-0.03455724075724471,-0.03235997513224471,-0.01160802200724471,0.01036463424275529,0.01573572799275529,0.00548182174275529,-0.01111974075724471,-0.00794591263224471,0.03429041549275529,0.03575525924275529,0.02183924361775529,0.02183924361775529,0.00816736861775529,0.00548182174275529,0.01695643111775529,0.02550135299275529,0.02598963424275529,0.01573572799275529,-0.01575841263224471,-0.00623692825724471,0.00938807174275529,0.00938807174275529,0.00352869674275529,-0.02918614700724471,-0.04944981888224471,-0.03480138138224471,-0.00306310013224471,0.01500330611775529,-0.01502599075724471,-0.00355138138224471,0.02135096236775529,0.02135096236775529,0.02428064986775529,0.01500330611775529,0.01695643111775529,0.02379236861775529,0.02721033736775529,0.02061854049275529,0.00377283736775529,0.02135096236775529,0.02476893111775529,0.02476893111775529,-0.00013341263224471,-0.02405919388224471,-0.01844395950724471,0.00792322799275529,0.02135096236775529,-0.01404942825724471,-0.07703770950724471,-0.03162755325724471,0.01158533736775529,0.01134119674275529,0.01134119674275529,-0.02088536575724471,-0.04334630325724471,-0.02454747513224471,0.00963221236775529,0.02721033736775529,0.02721033736775529,0.02135096236775529,0.01695643111775529,0.01305018111775529,0.01305018111775529,0.01597986861775529,0.02110682174275529,0.01402674361775529,-0.00599278763224471,-0.02015294388224471,-0.00965489700724471,0.01207361861775529,-0.01307286575724471,-0.03919591263224471,-0.03919591263224471,-0.04236974075724471,-0.03358067825724471,-0.01771153763224471,-0.00916661575724471,-0.01380528763224471,-0.01307286575724471,0.00621424361775529,0.01475916549275529,0.02379236861775529,0.02598963424275529,0.01890955611775529,0.02305994674275529,0.02305994674275529,0.03233729049275529,0.03184900924275529,0.03111658736775529,0.01842127486775529,-0.00574864700724471,-0.01673497513224471,-0.00184239700724471,-0.00013341263224471,-0.00843419388224471,-0.00843419388224471,-0.02161778763224471,-0.03797520950724471,-0.05042638138224471,-0.04090489700724471,-0.01404942825724471,0.01646814986775529,-0.01209630325724471,-0.02625645950724471,0.00084314986775529,0.00084314986775529,0.03966150924275529,0.05015955611775529,0.03087244674275529,0.01549158736775529,0.01866541549275529,0.02232752486775529,0.02013025924275529,0.01744471236775529,0.01427088424275529,0.00645838424275529,0.00645838424275529,-0.00013341263224471,-0.00379552200724471,-0.01307286575724471,-0.01844395950724471,-0.01697911575724471,-0.01697911575724471,-0.01746739700724471,-0.00623692825724471,0.00694666549275529,0.00841150924275529,0.00841150924275529,0.00645838424275529,0.00767908736775529,0.01500330611775529,0.02940760299275529,0.03599939986775529,0.00548182174275529,-0.00941075638224471,-0.00306310013224471,0.01060877486775529,0.01060877486775529,0.01207361861775529,-0.00892247513224471,-0.04139317825724471,-0.06092442825724471,-0.05994786575724471,-0.04139317825724471,-0.01673497513224471,-0.01722325638224471,-0.01868810013224471,-0.01868810013224471,-0.02015294388224471,-0.01282872513224471,0.00523768111775529,0.02257166549275529,0.02745447799275529,0.02281580611775529,0.03502283736775529,0.03233729049275529,0.02525721236775529,0.02525721236775529,0.01793299361775529,-0.01087560013224471,-0.04261388138224471,-0.04529942825724471,-0.01795567825724471,0.01475916549275529,-0.03870763138224471,-0.08118810013224471,-0.07508458450724471,-0.02503575638224471,-0.02503575638224471,0.01597986861775529,-0.00403966263224471,-0.05530919388224471,-0.06849278763224471,-0.02650060013224471,0.01597986861775529,-0.03455724075724471,-0.04822911575724471,-0.01502599075724471,0.02867518111775529,0.02867518111775529,0.03941736861775529,0.01524744674275529,-0.00428380325724471,-0.00428380325724471,0.00670252486775529,0.01646814986775529,0.02232752486775529,0.02183924361775529,0.01256189986775529,0.01256189986775529,0.01134119674275529,0.01842127486775529,0.01866541549275529,0.01085291549275529,-0.00843419388224471,-0.00965489700724471,0.04185877486775529,0.03477869674275529,0.01036463424275529,0.01036463424275529,-0.00281895950724471,0.00011072799275529,0.02476893111775529,0.04356775924275529,0.04405604049275529,0.02574549361775529,0.01671229049275529,0.02428064986775529,0.03477869674275529,0.03477869674275529,0.03062830611775529,0.01695643111775529,0.00816736861775529,0.01085291549275529,0.01475916549275529,0.01720057174275529,0.01597986861775529,0.01305018111775529,0.00255213424275529,-0.01600255325724471,-0.01600255325724471,-0.01819981888224471,0.00719080611775529,0.03917322799275529,0.04405604049275529,0.01353846236775529,-0.01990880325724471,0.01573572799275529,0.04625330611775529,0.04698572799275529,0.04698572799275529,0.02403650924275529,0.00035486861775529,-0.00355138138224471,0.00865564986775529,0.01597986861775529,0.01500330611775529,-0.00110997513224471,-0.00623692825724471,-0.00672520950724471,-0.00672520950724471,-0.00916661575724471,-0.00745763138224471,-0.00574864700724471,-0.01111974075724471,-0.02064122513224471,-0.02308263138224471,-0.01282872513224471
UR5e_W,0.022638865817971046,0.038263865817971046,0.029230662692971046,0.015802928317971046,0.015802928317971046,0.008966990817971046,0.014582225192971046,0.035090037692971046,0.020197459567971046,0.002863475192971047,-0.002019337307028953,0.006281443942971047,0.016047068942971046,0.012384959567971046,0.012384959567971046,-0.002507618557028953,-0.014714649807028954,-0.010564259182028954,-0.006902149807028953,-0.012029102932028954,-0.024724415432028954,-0.032048634182028954,-0.031316212307028954,-0.023747852932028954,-0.016667774807028954,-0.016423634182028954,0.000422068942971047,-0.019841602932028954,-0.025212696682028954,-0.028630665432028954,-0.017400196682028954,-0.012761524807028954,-0.014958790432028954,-0.018865040432028954,-0.018865040432028954,-0.017156056057028954,-0.012273243557028954,-0.008611134182028954,-0.011052540432028954,-0.012517384182028954,-0.009831837307028954,-0.005925587307028953,-0.002751759182028953,-0.001286915432028953,-0.003484181057028953,-0.002507618557028953,-0.003484181057028953,-0.005437306057028953,-0.003240040432028953,-0.001286915432028953,0.002863475192971047,0.006769725192971047,0.006769725192971047,0.006037303317971047,0.006525584567971047,0.007502147067971047,0.008722850192971046,0.008478709567971046,0.010431834567971046,0.009455272067971046,0.009455272067971046,0.009455272067971046,0.013605662692971046,0.013605662692971046,0.009699412692971046,0.001642772067971047,0.005549022067971047,0.014093943942971046,0.012873240817971046,0.007502147067971047,-0.001286915432028953,-0.003972462307028953,0.005304881442971047,0.015802928317971046,0.019709178317971046,0.019709178317971046,0.010920115817971046,-0.007634571682028953,-0.002751759182028953,0.009455272067971046,0.018244334567971046,0.006525584567971047,-0.008122852932028954,-0.010808399807028954,-0.010808399807028954,-0.004216602932028953,0.005793162692971047,0.008966990817971046,0.003840037692971047,0.000422068942971047,0.000422068942971047,0.000910350192971047,0.001642772067971047,-0.003728321682028953,-0.009099415432028954,-0.002995899807028953,-0.003728321682028953,-0.010075977932028954,-0.007878712307028954,0.000422068942971047,-0.000798634182028953,0.004328318942971047,0.001398631442971047,-0.012273243557028954,-0.012029102932028954,-0.002019337307028953,0.003351756442971047,0.000177928317971047,-0.006658009182028953,-0.013738087307028954,-0.013738087307028954,-0.003484181057028953,0.003840037692971047,0.000422068942971047,-0.008855274807028954,-0.012273243557028954,-0.012273243557028954,-0.007634571682028953,-0.001531056057028953,-0.002507618557028953,-0.009099415432028954,-0.011540821682028954,-0.007146290432028953,-0.009343556057028954,-0.012273243557028954,-0.008122852932028954,-0.000310352932028953,0.002619334567971047,0.000666209567971047,0.000666209567971047,-0.001775196682028953,-0.006169727932028953,-0.004460743557028953,-0.001286915432028953,0.000666209567971047,0.001154490817971047,0.001886912692971047,0.009211131442971046,0.012629100192971046,0.012140818942971046,0.011408397067971046,0.011408397067971046,0.007013865817971047,0.014826365817971046,0.014826365817971046,0.008966990817971046,0.013117381442971046,0.023371287692971046,0.019465037692971046,0.008722850192971046,0.010187693942971046,0.010187693942971046,0.016291209567971046,0.017756053317971046,0.010920115817971046,0.010187693942971046,0.013605662692971046,0.012873240817971046,0.008966990817971046,0.003107615817971047,-0.003972462307028953,-0.003972462307028953,-0.004704884182028953,-0.002507618557028953,0.002131053317971047,-6.6212307028953e-05,-0.009343556057028954,-0.016667774807028954,-0.008855274807028954,-0.000310352932028953,-0.010564259182028954,-0.010564259182028954,-0.032048634182028954,-0.050115040432028954,-0.037663868557028954,-0.029118946682028954,-0.033513477932028954,-0.050847462307028954,-0.060857227932028954,-0.049382618557028954,-0.026921681057028954,-0.015691212307028954,-0.015691212307028954,-0.025700977932028954,-0.042058399807028954,-0.025700977932028954,0.000422068942971047,0.015802928317971046,0.007258006442971047,-0.006658009182028953,-0.007878712307028954,0.008234568942971046,0.008234568942971046,0.041193553317971046,0.034357615817971046,0.034357615817971046,0.019220897067971046,0.030207225192971046,0.045588084567971046,0.050470897067971046,0.039972850192971046,0.026056834567971046,0.013849803317971046,0.020441600192971046,0.040949412692971046,0.040949412692971046,0.051447459567971046,0.033869334567971046,0.017511912692971046,0.017267772067971046,0.032160350192971046,0.043879100192971046,0.037775584567971046,0.016535350192971046,0.006037303317971047,0.006037303317971047,0.013117381442971046,0.021174022067971046,0.018000193942971046,0.003595897067971047,-0.014470509182028954,-0.017644337307028954,-0.002995899807028953,0.002863475192971047,-0.004216602932028953,-0.004216602932028953,-0.019109181057028954,-0.031316212307028954,-0.011784962307028954,-0.010808399807028954,-0.021794727932028954,-0.031316212307028954,-0.030339649807028954,-0.019597462307028954,-0.016423634182028954,-0.016423634182028954,-0.025456837307028954,-0.034734181057028954,-0.018376759182028954,-0.003728321682028953,0.001398631442971047,-0.003728321682028953,-0.012029102932028954,-0.013493946682028954,-0.007878712307028954,0.002375193942971047,0.005549022067971047,0.002863475192971047,0.002863475192971047,0.001154490817971047,0.002863475192971047,0.002863475192971047,0.011408397067971046,0.010920115817971046,-0.007146290432028953,-0.001286915432028953,0.005549022067971047,0.019220897067971046,0.029474803317971046,0.024591990817971046,0.014093943942971046,0.002375193942971047,-0.004216602932028953,0.000177928317971047,0.000177928317971047,0.012140818942971046,0.014582225192971046,-0.012517384182028954,-0.010564259182028954,0.004328318942971047,0.006525584567971047,-0.001286915432028953,-0.008855274807028954,-0.017156056057028954,-0.022771290432028954,-0.022771290432028954,-0.012517384182028954,0.006037303317971047,-0.006413868557028953,-0.023991993557028954,-0.028386524807028954,-0.013005665432028954,0.000666209567971047,0.004572459567971047,-0.007878712307028954,-0.007878712307028954,-0.024968556057028954,-0.005925587307028953,0.006037303317971047,0.007990428317971046,0.003595897067971047,-0.000310352932028953,-0.000554493557028953,0.001154490817971047,0.005549022067971047,0.005549022067971047,0.009943553317971046,0.014826365817971046,0.014582225192971046,0.012629100192971046,0.008722850192971046,0.007502147067971047,0.011408397067971046,0.022883006442971046,0.026545115817971046,0.026545115817971046,0.018732615817971046,0.008966990817971046,0.009211131442971046,0.015070506442971046,0.026056834567971046,0.025568553317971046,0.013117381442971046,0.004084178317971047,-0.000798634182028953,-6.6212307028953e-05,-6.6212307028953e-05,0.001154490817971047,-0.003240040432028953,-0.009099415432028954,-0.016423634182028954,-0.017400196682028954,-0.013249806057028954,-0.014714649807028954,-0.015202931057028954,-0.016423634182028954,-0.016423634182028954,-0.019841602932028954,-0.009831837307028954,-0.008122852932028954,-0.010075977932028954,-0.018376759182028954,-0.023015431057028954,-0.020329884182028954,-0.013493946682028954,-0.007878712307028954,-0.007878712307028954,0.000910350192971047,0.007502147067971047,-0.012761524807028954,-0.009099415432028954,-0.006658009182028953,-0.003240040432028953,0.008234568942971046,0.011896678317971046,0.009943553317971046,0.009943553317971046,0.003351756442971047,-0.005437306057028953,0.006769725192971047,0.009699412692971046,0.014338084567971046,0.014093943942971046,0.004084178317971047,0.004816600192971047,0.016291209567971046,0.025080272067971046,0.025080272067971046,0.024347850192971046,-0.010564259182028954,-0.011540821682028954,0.006037303317971047,0.020197459567971046,0.021174022067971046,0.009943553317971046,-0.011540821682028954,-0.020085743557028954,-0.020085743557028954,-0.003484181057028953,0.011408397067971046,0.004328318942971047,-0.003484181057028953,-0.004949024807028953,0.005549022067971047,0.018000193942971046,0.014338084567971046,-0.001042774807028953,-0.001042774807028953,-0.013982227932028954,-0.005681446682028953,0.004572459567971047,0.010920115817971046,0.016291209567971046,0.011896678317971046,-0.002507618557028953,-0.005925587307028953,0.004328318942971047,0.004328318942971047,0.009699412692971046,0.006037303317971047,0.010920115817971046,0.016047068942971046,0.008722850192971046,-0.000798634182028953,-0.001531056057028953,0.003840037692971047,0.005793162692971047,0.005793162692971047,-0.002995899807028953,-0.010075977932028954,-0.002263477932028953,0.000666209567971047,-0.008611134182028954,-0.021794727932028954,-0.037663868557028954,-0.042546681057028954,-0.030339649807028954,-0.030339649807028954,-0.017644337307028954,-0.015447071682028954,-0.020574024807028954,-0.026677540432028954,-0.032292774807028954,-0.024968556057028954,-0.011784962307028954,-0.005193165432028953,-0.006169727932028953,-0.006169727932028953,-0.011296681057028954,-0.014226368557028954,-0.002263477932028953,-0.007878712307028954,-0.007634571682028953,0.008234568942971046,0.020929881442971046,0.020685740817971046,0.021906443942971046,0.021906443942971046,0.021418162692971046,0.012140818942971046,0.014582225192971046,0.024347850192971046,0.034601756442971046,0.036554881442971046,0.028986522067971046,0.021906443942971046,0.023859568942971046,0.027521678317971046,0.027521678317971046,0.030939647067971046,0.008234568942971046,0.001886912692971047,0.012384959567971046,0.025324412692971046,0.017511912692971046,-0.001775196682028953,-0.013249806057028954,-0.017888477932028954,-0.017888477932028954,-0.015935352932028954,-0.003240040432028953,-0.013493946682028954,-0.022527149807028954,-0.025945118557028954,-0.024968556057028954,-0.014470509182028954,-0.010564259182028954,-0.022771290432028954,-0.022771290432028954,-0.038396290432028954,-0.031804493557028954,-0.018865040432028954,-0.007390431057028953,-0.008855274807028954,-0.016423634182028954,-0.021306446682028954,-0.017156056057028954,-0.002507618557028953,-0.002507618557028953,0.010431834567971046,0.004816600192971047,-0.001042774807028953,0.003351756442971047,0.013605662692971046,0.021662303317971046,0.028009959567971046,0.026300975192971046,0.020685740817971046,0.020685740817971046,0.014826365817971046,0.011896678317971046,0.024591990817971046,0.034601756442971046,0.028498240817971046,0.017023631442971046,0.009211131442971046,0.002619334567971047,0.006037303317971047,0.006037303317971047,0.012873240817971046,-0.008611134182028954,-0.011052540432028954,-0.005925587307028953,0.002131053317971047,0.006525584567971047,-6.6212307028953e-05,-0.015447071682028954,-0.031316212307028954,-0.031316212307028954,-0.028874806057028954,0.003840037692971047,0.003595897067971047,-0.012029102932028954,-0.025945118557028954,-0.023503712307028954,-0.005925587307028953,0.008234568942971046,0.010187693942971046,0.010187693942971046,0.004572459567971047,-0.000798634182028953,0.010187693942971046,0.026056834567971046,0.034113475192971046,0.025568553317971046,0.006525584567971047,-0.011540821682028954,-0.010320118557028954,0.013361522067971046,0.013361522067971046,0.028254100192971046,-0.005193165432028953,-0.025212696682028954,-0.029363087307028954,-0.014958790432028954,0.004572459567971047,0.009211131442971046,-0.003484181057028953,-0.025212696682028954,-0.025212696682028954,-0.041570118557028954,-0.018132618557028954,-0.000554493557028953,-0.000554493557028953,-0.018376759182028954,-0.036443165432028954,-0.039861134182028954,-0.029851368557028954,-0.014470509182028954,-0.007390431057028953,-0.007390431057028953,-0.005681446682028953,0.000422068942971047,-0.004216602932028953,0.005549022067971047,0.019465037692971046,0.023127147067971046,0.023127147067971046,0.024103709567971046,0.022394725192971046,0.022394725192971046,0.022638865817971046,0.030939647067971046,0.030939647067971046,0.025568553317971046,0.030451365817971046,0.041925975192971046,0.044611522067971046,0.036066600192971046,0.014093943942971046,-0.011052540432028954,-0.017644337307028954,-0.001531056057028953,-0.001531056057028953,0.017267772067971046,0.018488475192971046,-0.003240040432028953,-0.028874806057028954,-0.015935352932028954,0.003595897067971047,0.011164256442971046,-0.002507618557028953,-0.027165821682028954,-0.041814259182028954,-0.044988087307028954,-0.037663868557028954,-0.017888477932028954,-0.017888477932028954,-0.005193165432028953,-0.007878712307028954,-0.017400196682028954,-0.012517384182028954,-0.005681446682028953,0.001154490817971047,0.006037303317971047,0.007746287692971047,0.012384959567971046,0.020197459567971046,0.020197459567971046,0.018732615817971046,-0.003972462307028953,0.004328318942971047,0.018976756442971046,0.030695506442971046,0.018732615817971046,-0.008122852932028954,-0.024968556057028954,-0.017400196682028954,0.002131053317971047,0.002131053317971047,0.013361522067971046,-0.010320118557028954,-0.022771290432028954,-0.024968556057028954,-0.012273243557028954,0.000422068942971047,-0.000798634182028953,-0.012273243557028954,-0.026189259182028954,-0.026189259182028954,-0.037663868557028954,-0.011784962307028954,0.009455272067971046,0.005060740817971047,-0.009343556057028954,-0.015202931057028954,-0.014226368557028954,0.001398631442971047,0.026789256442971046,0.039484568942971046,0.039484568942971046,0.031672068942971046,0.020685740817971046,0.029230662692971046,0.035578318942971046,0.039728709567971046,0.030695506442971046,0.024347850192971046,0.020685740817971046,0.021418162692971046,0.021418162692971046,0.017756053317971046,0.007990428317971046,0.014826365817971046,0.011652537692971046,-0.005193165432028953,-0.012517384182028954,-0.007146290432028953,0.000422068942971047,-0.000798634182028953,-0.016423634182028954,-0.016423634182028954,-0.027165821682028954,-0.040349415432028954,-0.039128712307028954,-0.032048634182028954,-0.018865040432028954,-0.008366993557028954,-0.009831837307028954,-0.025212696682028954,-0.034245899807028954,-0.034245899807028954,-0.015935352932028954,0.017756053317971046,0.003351756442971047,-0.003972462307028953,0.004328318942971047,0.013117381442971046,0.010920115817971046,0.007258006442971047,0.013849803317971046,0.016047068942971046,0.016047068942971046,-0.021306446682028954,-0.020085743557028954,0.007502147067971047,0.033136912692971046,0.019220897067971046,-0.022527149807028954,-0.043767384182028954,-0.023015431057028954,0.010187693942971046,0.010187693942971046,0.018732615817971046,-0.029607227932028954,-0.038152149807028954,-0.024236134182028954,-0.002263477932028953,0.006281443942971047,-0.004704884182028953,-0.018865040432028954,-0.020818165432028954,-0.020818165432028954,-0.010075977932028954,0.026545115817971046,0.028742381442971046,0.014826365817971046,-0.000310352932028953,0.007258006442971047,0.038996287692971046,0.051691600192971046,0.035578318942971046,0.035578318942971046,0.017267772067971046,0.013361522067971046,0.024347850192971046,0.027277537692971046,0.023371287692971046,0.013117381442971046,0.001886912692971047,-0.003484181057028953,0.003351756442971047,0.021174022067971046,0.021174022067971046,0.027033397067971046,-0.020329884182028954,-0.043523243557028954,-0.034734181057028954,0.001154490817971047,0.021418162692971046,0.006769725192971047,-0.028874806057028954,-0.045964649807028954,-0.034245899807028954,-0.034245899807028954,-0.002019337307028953,0.034357615817971046,0.003107615817971047,-0.034245899807028954,-0.036443165432028954,-0.003972462307028953,0.025080272067971046,0.033136912692971046,0.020197459567971046,-0.008855274807028954,-0.008855274807028954,-0.032781056057028954,-0.003484181057028953,0.017511912692971046,0.008966990817971046,-0.023991993557028954,-0.041814259182028954,-0.021062306057028954,0.012140818942971046,0.021174022067971046,0.021174022067971046,-0.008122852932028954,-0.057195118557028954,-0.033269337307028954,-0.003484181057028953,0.004084178317971047,-0.006169727932028953,-0.013982227932028954,-0.006413868557028953,0.009455272067971046,0.009455272067971046,0.024591990817971046,0.005793162692971047,-0.012761524807028954,-0.010075977932028954,0.023859568942971046,0.059015818942971046,0.050959178317971046,0.012873240817971046,-0.020574024807028954,-0.027409962307028954,-0.027409962307028954,0.034601756442971046,0.044367381442971046,0.019465037692971046,-0.019841602932028954,-0.017888477932028954,0.020685740817971046,0.048029490817971046,0.030207225192971046,-0.019597462307028954,-0.019597462307028954,-0.040349415432028954,0.015802928317971046,0.028254100192971046,0.016047068942971046,-0.012273243557028954,-0.029363087307028954,-0.009587696682028954,0.024103709567971046,0.037531443942971046,0.037531443942971046,0.026056834567971046,0.000910350192971047,0.014826365817971046,0.033869334567971046,0.027521678317971046,0.001642772067971047,-0.025700977932028954,-0.033269337307028954,-0.009099415432028954,-0.009099415432028954,0.026789256442971046,-0.014226368557028954,-0.052068165432028954,-0.047917774807028954,-0.009343556057028954,0.018732615817971046,0.000666209567971047,-0.046697071682028954,-0.07623808730702895,-0.06598418105702895,-0.06598418105702895,0.022883006442971046,0.025568553317971046,-0.016667774807028954,-0.046941212307028954,-0.024968556057028954,0.018244334567971046,0.039484568942971046,0.028254100192971046,-0.003972462307028953,-0.003972462307028953,-0.024236134182028954,0.015802928317971046,0.020441600192971046,0.001398631442971047,-0.019597462307028954,-0.018620899807028954,0.003107615817971047,0.020929881442971046,0.017511912692971046,-0.001531056057028953,-0.001531056057028953,-0.015691212307028954,-0.002507618557028953,0.002619334567971047,-0.002751759182028953,-0.009831837307028954,-0.021550587307028954,-0.026433399807028954,-0.015691212307028954,-0.017644337307028954,-0.017644337307028954,-0.022038868557028954,-0.018620899807028954,0.002131053317971047,0.026056834567971046,0.041681834567971046,0.027765818942971046,0.000666209567971047,-0.013005665432028954,-0.006169727932028953,-0.006169727932028953,0.014338084567971046,0.022150584567971046,-0.003484181057028953,-0.012029102932028954,-0.001775196682028953,0.003840037692971047,0.010187693942971046,0.015558787692971046,0.009943553317971046,-0.002995899807028953,-0.002995899807028953,-0.011052540432028954,0.005549022067971047,0.015558787692971046,0.015558787692971046,0.001886912692971047,-0.006413868557028953,0.004328318942971047,0.024836131442971046,0.039484568942971046,0.039484568942971046,0.035334178317971046,0.016047068942971046,0.017511912692971046,0.015558787692971046,0.000422068942971047,0.017511912692971046,0.015070506442971046,0.006769725192971047,-0.005193165432028953,-0.015202931057028954,-0.015202931057028954,-0.005925587307028953,0.008234568942971046,0.016047068942971046,0.008478709567971046,-0.008855274807028954,-0.024236134182028954,-0.024236134182028954,-0.026677540432028954,0.010920115817971046,0.014338084567971046,-0.002263477932028953,-0.025945118557028954,-0.037175587307028954,-0.032781056057028954,-0.019841602932028954,-0.010320118557028954,-0.016667774807028954,-0.016667774807028954,-0.036199024807028954,-0.019841602932028954,0.006769725192971047,0.014582225192971046,-0.003728321682028953,-0.033269337307028954,-0.042058399807028954,-0.018620899807028954,0.010187693942971046,0.023371287692971046,0.023371287692971046,0.014338084567971046,-0.014958790432028954,-0.002995899807028953,0.018244334567971046,0.031183787692971046,0.026056834567971046,0.010920115817971046,-0.003484181057028953,-0.002995899807028953,0.011164256442971046,0.011164256442971046,0.016779490817971046,-0.006413868557028953,-0.016179493557028954,-0.001286915432028953,0.019709178317971046,0.022394725192971046,0.004328318942971047,-0.013982227932028954,-0.014470509182028954,0.000910350192971047,0.000910350192971047,0.017511912692971046,0.004084178317971047,-0.009587696682028954,-0.013249806057028954,-0.003240040432028953,0.011896678317971046,0.014582225192971046,0.001154490817971047,-0.014470509182028954,-0.016423634182028954,-0.016423634182028954,0.014338084567971046,0.015558787692971046,0.002375193942971047,-0.014470509182028954,-0.012761524807028954,0.009211131442971046,0.023615428317971046,0.018976756442971046,0.005793162692971047,0.005793162692971047,-0.007146290432028953,-0.000310352932028953,0.015558787692971046,0.023371287692971046,0.014093943942971046,-0.002995899807028953,-0.014714649807028954,-0.009587696682028954,0.004572459567971047,0.004572459567971047,0.011408397067971046,-0.007146290432028953,-0.010320118557028954,-0.006902149807028953,-0.002507618557028953,-0.002507618557028953,-0.007146290432028953,-0.014714649807028954,-0.015691212307028954,-0.009831837307028954,-0.009831837307028954,-0.000310352932028953,-0.001286915432028953,-0.007390431057028953,-0.013982227932028954,-0.015447071682028954,-0.008122852932028954,0.002619334567971047,0.006525584567971047,0.000910350192971047,0.000910350192971047,-0.006413868557028953,-0.004949024807028953,-0.004460743557028953,-0.003484181057028953,-0.001286915432028953,0.000177928317971047,0.002375193942971047,0.000666209567971047,-0.002263477932028953,-0.003972462307028953,-0.003972462307028953,0.004572459567971047,0.006525584567971047,0.002375193942971047,-0.000798634182028953,0.000910350192971047,0.004328318942971047,0.006525584567971047,0.006525584567971047,0.002131053317971047,0.002131053317971047,0.006037303317971047,0.013605662692971046,0.001398631442971047,-0.021306446682028954,-0.033025196682028954,-0.019597462307028954,0.008234568942971046,0.026056834567971046,0.022883006442971046,0.022883006442971046,0.013361522067971046,0.053156443942971046,0.06853730331797105,0.052912303317971046,0.021174022067971046,0.004816600192971047,0.021662303317971046,0.047785350192971046,0.054133006442971046,0.054133006442971046,0.032648631442971046,-0.025212696682028954,-0.021794727932028954,-0.009343556057028954,-0.002019337307028953,-0.011296681057028954,-0.030339649807028954,-0.043034962307028954,-0.042302540432028954,-0.028874806057028954,-0.016911915432028954,-0.016911915432028954,-0.037419727932028954,-0.044743946682028954,-0.033025196682028954,-0.009587696682028954,0.006525584567971047,-0.000310352932028953,-0.020085743557028954,-0.037419727932028954,-0.042058399807028954,-0.042058399807028954,-0.037175587307028954,-0.021550587307028954,-0.020818165432028954,-0.019597462307028954,-0.018865040432028954,-0.025945118557028954,-0.038152149807028954,-0.037908009182028954,-0.020085743557028954,0.002131053317971047,0.002131053317971047,-0.016667774807028954,-0.038640431057028954,-0.036687306057028954,-0.008366993557028954,0.022883006442971046,0.036554881442971046,0.024836131442971046,0.001642772067971047,-0.012273243557028954,-0.012273243557028954,0.014582225192971046,0.028498240817971046,0.027521678317971046,0.027521678317971046,0.033869334567971046,0.037775584567971046,0.031916209567971046,0.019709178317971046,0.021906443942971046,0.031672068942971046,0.031672068942971046,0.023127147067971046,0.014338084567971046,0.009699412692971046,0.003351756442971047,-0.003484181057028953,-0.006169727932028953,-0.001042774807028953,0.009455272067971046,0.017511912692971046,0.017511912692971046,0.027521678317971046,0.033869334567971046,0.036799022067971046,0.037043162692971046,0.034113475192971046,0.029474803317971046,0.033625193942971046,0.045588084567971046,0.048761912692971046,0.046564647067971046,0.046564647067971046,0.020441600192971046,0.014338084567971046,0.017511912692971046,0.011164256442971046,-0.009587696682028954,-0.024236134182028954,-0.025456837307028954,-0.028630665432028954,-0.035466602932028954,-0.035466602932028954,-0.043034962307028954,-0.027898243557028954,-0.001775196682028953,0.012873240817971046,0.002131053317971047,-0.016179493557028954,-0.018865040432028954,-0.005193165432028953,0.020685740817971046,0.050715037692971046,0.06536347519297105,0.050715037692971046,0.029963084567971046,0.029963084567971046,0.014338084567971046,-0.023747852932028954,-0.08478300918202895,5.677353281479622e-05,5.677353281479622e-05,-0.08575957168202895,-0.052312306057028954,-0.047673634182028954,-0.07526152480702895,5.677353281479622e-05,5.677353281479622e-05,-0.033025196682028954,0.014093943942971046,0.028986522067971046,0.022394725192971046,0.019465037692971046,0.041925975192971046,0.07683808456797105,0.07000214706797105,0.025324412692971046,0.025324412692971046,-0.015935352932028954,0.025812693942971046,0.060480662692971046,0.053888865817971046,-0.000798634182028953,-0.058904102932028954,-0.07965605605702895,-0.055241993557028954,-0.004949024807028953,-0.004949024807028953,0.025324412692971046,0.029230662692971046,0.012384959567971046,0.000177928317971047,0.016779490817971046,0.043634959567971046,0.059504100192971046,0.061213084567971046,0.060724803317971046,0.059748240817971046,0.059748240817971046,0.020197459567971046,-0.021306446682028954,-0.041814259182028954,-0.036931446682028954,-0.018620899807028954,-0.004949024807028953,-0.008122852932028954,-0.025700977932028954,-0.045964649807028954,-0.051335743557028954,-0.051335743557028954,0.001154490817971047,0.027521678317971046,0.015802928317971046,-0.015202931057028954,-0.023747852932028954,0.000666209567971047,0.028742381442971046,0.032160350192971046,0.003595897067971047,0.003595897067971047,-0.023747852932028954,-0.004460743557028953,-0.001286915432028953,-0.025212696682028954,-0.049382618557028954,-0.055974415432028954,-0.051824024807028954,-0.054997852932028954,-0.06305449355702895,-0.06305449355702895,-0.008122852932028954,0.018000193942971046,0.012384959567971046,-0.011540821682028954,-0.025700977932028954,-0.020574024807028954,0.001886912692971047,0.029718943942971046,0.054621287692971046,0.057062693942971046,0.057062693942971046,0.011652537692971046,0.012384959567971046,0.025324412692971046,0.027521678317971046,0.025080272067971046,0.014338084567971046,-0.007146290432028953,-0.011296681057028954,-0.002507618557028953,-0.008122852932028954,-0.008122852932028954,-0.051091602932028954,-0.039861134182028954,0.002619334567971047,0.029963084567971046,0.015314647067971046,-0.009831837307028954,-0.006658009182028953,0.016047068942971046,0.028498240817971046,0.028498240817971046,0.014582225192971046,0.020441600192971046,0.028498240817971046,0.027521678317971046,0.024591990817971046,0.024347850192971046,0.032404490817971046,0.036310740817971046,0.021662303317971046,-0.003972462307028953,-0.003972462307028953,-0.018865040432028954,-0.015447071682028954,-0.021550587307028954,-0.031804493557028954,-0.031804493557028954,-0.023015431057028954,-0.020329884182028954,-0.016423634182028954,0.007990428317971046,0.007990428317971046,0.027765818942971046,0.009211131442971046,-0.005193165432028953,0.002131053317971047,0.026300975192971046,0.048273631442971046,0.047541209567971046,0.026300975192971046,0.012384959567971046,0.020929881442971046,0.020929881442971046,0.046808787692971046,0.040216990817971046,0.016291209567971046,-0.017644337307028954,-0.035466602932028954,-0.023503712307028954,-0.002507618557028953,-0.000310352932028953,-0.018620899807028954,-0.046452931057028954,-0.057927540432028954,-0.041814259182028954,-0.014226368557028954,0.000422068942971047,-0.003484181057028953,-0.008122852932028954,-0.012761524807028954,-0.012273243557028954,-0.007146290432028953,-0.007146290432028953,-0.007146290432028953,0.005060740817971047,0.028498240817971046,0.044123240817971046,0.037043162692971046,0.005793162692971047,-0.022283009182028954,-0.013005665432028954,0.014093943942971046,0.016291209567971046,0.016291209567971046,-0.044255665432028954,-0.055730274807028954,-0.035954884182028954,-0.023015431057028954,-0.035222462307028954,-0.061833790432028954,-0.07648222793202895,-0.059148243557028954,-0.026433399807028954,-0.001775196682028953,-0.001775196682028953,-0.008611134182028954,-0.010808399807028954,-0.003972462307028953,0.002375193942971047,0.002619334567971047,-0.001775196682028953,0.008478709567971046,0.037775584567971046,0.052912303317971046,0.045099803317971046,0.045099803317971046,0.010187693942971046,0.023859568942971046,0.048761912692971046,0.054621287692971046,0.024591990817971046,-0.008855274807028954,-0.015691212307028954,-0.004704884182028953,-6.6212307028953e-05,-6.6212307028953e-05,-0.013005665432028954,-0.020329884182028954,-0.023747852932028954,-0.025945118557028954,-0.022771290432028954,-0.003728321682028953,0.015314647067971046,0.009211131442971046,-0.013249806057028954,-0.025456837307028954,-0.005193165432028953,0.030695506442971046,0.043146678317971046,0.018488475192971046,-0.009343556057028954,-0.013249806057028954,0.016291209567971046,0.047785350192971046,0.049006053317971046,0.027521678317971046,0.027521678317971046,0.021174022067971046,0.019709178317971046,0.008478709567971046,0.002131053317971047,0.001398631442971047,-0.003484181057028953,-0.003484181057028953,-0.012273243557028954,-0.027654102932028954,-0.038884571682028954,-0.038884571682028954,-0.031804493557028954,-0.026189259182028954,-0.029118946682028954,-0.035222462307028954,-0.034734181057028954,-0.019597462307028954,-0.002507618557028953,-0.001531056057028953,-0.001775196682028953,-0.001775196682028953,0.010187693942971046,0.017023631442971046,0.021906443942971046,0.020441600192971046,0.016779490817971046,0.018976756442971046,0.026789256442971046,0.034601756442971046,0.037775584567971046,0.037775584567971046,0.018732615817971046,0.019953318942971046,0.019709178317971046,0.013361522067971046,0.004328318942971047,-0.005681446682028953,-0.012761524807028954,-0.017156056057028954,-0.016423634182028954,-0.016423634182028954,-0.008122852932028954,-0.013249806057028954,-0.022283009182028954,-0.034734181057028954,-0.032292774807028954,-0.023991993557028954,-0.016667774807028954,-0.023259571682028954,-0.030095509182028954,-0.030095509182028954,-0.010808399807028954,0.006525584567971047,0.005304881442971047,-0.005193165432028953,-0.008611134182028954,-0.006902149807028953,-0.000798634182028953,0.002131053317971047,0.012629100192971046,0.031427928317971046,0.038508006442971046,0.026545115817971046,0.000910350192971047,-0.012029102932028954,0.001642772067971047,0.032892772067971046,0.053400584567971046,0.049494334567971046,0.012873240817971046,-0.021550587307028954,-0.027898243557028954,-0.013493946682028954,0.003595897067971047,0.013117381442971046,0.000666209567971047,-0.016911915432028954,-0.025700977932028954,-0.025212696682028954,-0.016667774807028954,-0.009831837307028954,-0.015447071682028954,-0.030583790432028954,-0.024968556057028954,-0.011540821682028954,-0.005925587307028953,0.000666209567971047,0.002619334567971047,0.004572459567971047,0.008234568942971046,0.005304881442971047,-0.002751759182028953,-0.010564259182028954,0.001398631442971047,0.016779490817971046,0.018488475192971046,0.006769725192971047,-0.002263477932028953,0.001154490817971047,0.017756053317971046,0.027033397067971046,0.018244334567971046,0.004084178317971047,0.001154490817971047,0.002619334567971047,0.003840037692971047,0.005304881442971047,0.004816600192971047,0.004572459567971047,0.000422068942971047,-0.004949024807028953,-0.004949024807028953,-0.000310352932028953,-0.003972462307028953,-0.014958790432028954,-0.024968556057028954,-0.025456837307028954,-0.016423634182028954,-0.011296681057028954,-0.012517384182028954,-0.016423634182028954,-0.016423634182028954,-0.017400196682028954,-0.006413868557028953,0.004328318942971047,0.007990428317971046,0.005060740817971047,-0.004460743557028953,-0.008122852932028954,0.010187693942971046,0.026056834567971046,0.021662303317971046,0.007990428317971046,0.007990428317971046,-0.002751759182028953,0.020441600192971046,0.045099803317971046,0.043634959567971046,0.023615428317971046,0.007990428317971046,0.003107615817971047,0.015314647067971046,0.024103709567971046,0.029718943942971046,0.029718943942971046,0.010187693942971046,-0.007390431057028953,-0.013738087307028954,0.003351756442971047,0.017023631442971046,0.010920115817971046,-0.007146290432028953,-0.019109181057028954,-0.021550587307028954,-0.021550587307028954,-0.014714649807028954,-0.023259571682028954,-0.025212696682028954,-0.020085743557028954,-0.024724415432028954,-0.034490040432028954,-0.036199024807028954,-0.027898243557028954,-0.010808399807028954,-0.002019337307028953,-0.010075977932028954,-0.013005665432028954,-0.004949024807028953,0.009455272067971046,0.017511912692971046,0.009455272067971046,0.005304881442971047,0.015558787692971046,0.032648631442971046,0.040949412692971046,0.033869334567971046,0.020685740817971046,0.015070506442971046,0.013117381442971046,0.012629100192971046,0.019953318942971046,0.026056834567971046,0.029230662692971046,0.024591990817971046,0.011408397067971046,0.000666209567971047,0.007502147067971047,0.013849803317971046,0.005549022067971047,-0.010808399807028954,-0.025700977932028954,-0.028386524807028954,-0.029851368557028954,-0.027898243557028954,-0.021062306057028954,-0.018620899807028954,-0.025700977932028954,-0.037908009182028954,-0.038152149807028954,-0.016179493557028954,0.004328318942971047,-0.002995899807028953,-0.023747852932028954,-0.035710743557028954,-0.027165821682028954,-0.010564259182028954,0.006281443942971047,0.003107615817971047,-0.014958790432028954,-0.021794727932028954,-0.010075977932028954,0.016291209567971046,0.028254100192971046,0.015802928317971046,-0.000310352932028953,0.004084178317971047,0.004084178317971047,0.022883006442971046,0.028986522067971046,0.027277537692971046,0.016779490817971046,0.003107615817971047,0.000177928317971047,0.007746287692971047,0.015314647067971046,0.012629100192971046,0.012629100192971046,-0.010320118557028954,-0.000798634182028953,0.015314647067971046,0.020197459567971046,0.010675975192971046,0.002619334567971047,0.003351756442971047,0.006281443942971047,0.013605662692971046,0.013605662692971046,0.003840037692971047,-0.004460743557028953,0.001154490817971047,0.006769725192971047,0.010187693942971046,-6.6212307028953e-05,-0.010808399807028954,-0.014226368557028954,-0.014714649807028954,-0.014714649807028954,0.002375193942971047,0.007502147067971047,-0.002019337307028953,-0.015202931057028954,-0.027409962307028954,-0.019353321682028954,-0.010808399807028954,-0.006169727932028953,0.002863475192971047,0.002863475192971047,-0.006902149807028953,-0.020329884182028954,-0.016179493557028954,0.002375193942971047,0.009455272067971046,0.001154490817971047,-0.007878712307028954,-0.008366993557028954,0.003351756442971047,0.003351756442971047,0.017023631442971046,0.003840037692971047,-0.011540821682028954,-0.018865040432028954,-0.006658009182028953,0.017267772067971046,0.028498240817971046,0.009943553317971046,-0.014714649807028954,-0.017888477932028954,-0.001042774807028953,0.018488475192971046,0.027521678317971046,0.016535350192971046,-0.002995899807028953,-0.014714649807028954,-0.006658009182028953,0.016047068942971046,0.028009959567971046,0.020197459567971046,0.003351756442971047,-0.006902149807028953,-0.005437306057028953,0.004572459567971047,0.017511912692971046,0.014582225192971046,-0.006413868557028953,-0.023015431057028954,-0.014226368557028954,0.011896678317971046,0.018000193942971046,0.005793162692971047,-0.012761524807028954,-0.026677540432028954,-0.030339649807028954,-0.017644337307028954,0.006769725192971047,0.015314647067971046,-0.009099415432028954,-0.044743946682028954,-0.054265431057028954,-0.033269337307028954,0.000177928317971047,0.024591990817971046,0.014582225192971046,-0.029118946682028954,-0.054997852932028954,-0.030339649807028954,0.019709178317971046,0.043390818942971046,0.023127147067971046,-0.017644337307028954,-0.035222462307028954,-0.015935352932028954,0.019220897067971046,0.045099803317971046,0.029963084567971046,-0.009343556057028954,-0.028142384182028954,-0.013738087307028954,0.016291209567971046,0.038019725192971046,0.035578318942971046,0.006037303317971047,-0.028142384182028954,-0.024236134182028954,0.021174022067971046,0.055353709567971046,0.039728709567971046,-0.002019337307028953,-0.022771290432028954,-0.019109181057028954,-0.003972462307028953,0.016535350192971046,0.023127147067971046,0.014826365817971046,-0.005925587307028953,-0.024480274807028954,-0.023259571682028954,-0.007146290432028953,0.012629100192971046,0.021418162692971046,0.012384959567971046,-0.012761524807028954,-0.026677540432028954,-0.008611134182028954,0.026056834567971046,0.035334178317971046,0.014338084567971046,-0.008611134182028954,-0.020574024807028954,-0.012273243557028954,0.012873240817971046,0.024836131442971046,0.010920115817971046,-0.012029102932028954,-0.029851368557028954,-0.023747852932028954,0.002863475192971047,0.028498240817971046,0.029718943942971046,-0.004704884182028953,-0.037908009182028954,-0.033269337307028954,-0.004949024807028953,0.018488475192971046,0.015802928317971046,-0.005437306057028953,-0.032781056057028954,-0.040837696682028954,-0.010075977932028954,0.030207225192971046,0.036554881442971046,-0.005437306057028953,-0.052068165432028954,-0.058659962307028954,-0.018620899807028954,0.038508006442971046,0.059504100192971046,0.018000193942971046,-0.052556446682028954,-0.07623808730702895,-0.023503712307028954,0.042902537692971046,0.06341035019297105,0.024836131442971046,-0.030095509182028954,-0.046941212307028954,-0.016179493557028954,0.037287303317971046,0.055353709567971046,0.026545115817971046,-0.017156056057028954,-0.039372852932028954,-0.013738087307028954,0.036554881442971046,0.055841990817971046,0.015802928317971046,-0.035222462307028954,-0.033757618557028954,0.010675975192971046,0.043879100192971046,0.034113475192971046,0.001886912692971047,-0.032048634182028954,-0.037419727932028954,0.007502147067971047,0.054865428317971046,0.047785350192971046,-0.010320118557028954,-0.054997852932028954,-0.045232227932028954,0.009211131442971046,0.056574412692971046,0.043879100192971046,-0.020085743557028954,-0.06744902480702895,-0.046208790432028954,0.020441600192971046,0.06682831894297105,0.045588084567971046,-0.023747852932028954,-0.06964629043202895,-0.045476368557028954,0.025324412692971046,0.07097870956797105,0.045588084567971046,-0.024236134182028954,-0.06525175918202895,-0.036687306057028954,0.025080272067971046,0.061213084567971046,0.031916209567971046,-0.033025196682028954,-0.06403105605702895,-0.025945118557028954,0.033381053317971046,0.053644725192971046,0.023615428317971046,-0.031804493557028954,-0.054509571682028954,-0.022283009182028954,0.029718943942971046,0.046320506442971046,0.008234568942971046,-0.044988087307028954,-0.060368946682028954,-0.022527149807028954,0.035090037692971046,0.046076365817971046,-0.006658009182028953,-0.061345509182028954,-0.057927540432028954,-0.003240040432028953,0.041681834567971046,0.038508006442971046,-0.006169727932028953,-0.048650196682028954,-0.038884571682028954,0.012384959567971046,0.046076365817971046,0.034845897067971046,-0.002019337307028953,-0.028874806057028954,-0.018376759182028954,0.018976756442971046,0.045343943942971046,0.027521678317971046,-0.011052540432028954,-0.026677540432028954,-0.010320118557028954,0.016779490817971046,0.025080272067971046,0.009699412692971046,-0.021550587307028954,-0.033757618557028954,-0.002019337307028953,0.031672068942971046,0.028742381442971046,-0.002995899807028953,-0.032536915432028954,-0.032048634182028954,0.005793162692971047,0.037287303317971046,0.028254100192971046,-0.008366993557028954,-0.032048634182028954,-0.011540821682028954,0.019953318942971046,0.028254100192971046,0.012384959567971046,-0.008611134182028954,-0.012273243557028954,0.006037303317971047,0.023615428317971046,0.017511912692971046,0.001154490817971047,-0.010075977932028954,-0.008611134182028954,0.005549022067971047,0.018000193942971046,0.010187693942971046,-0.003728321682028953,-0.002995899807028953,0.004572459567971047,0.007502147067971047,0.002131053317971047,0.001398631442971047,-0.012517384182028954,-0.026189259182028954,-0.008611134182028954,0.009211131442971046,0.008722850192971046,-0.010808399807028954,-0.029607227932028954,-0.023259571682028954,0.006281443942971047,0.021906443942971046,-0.000310352932028953,-0.028874806057028954,-0.029607227932028954,-0.002019337307028953,0.018000193942971046,0.018000193942971046,0.001154490817971047,-0.018132618557028954,-0.011784962307028954,0.012873240817971046,0.022394725192971046,0.013849803317971046,-0.002507618557028953,-0.018376759182028954,-0.013005665432028954,0.003351756442971047,0.011896678317971046,0.006281443942971047,-0.004216602932028953,-0.002751759182028953,-0.002751759182028953,-0.007878712307028954,0.005793162692971047,0.014582225192971046,-0.007390431057028953,-0.026433399807028954,-0.008611134182028954,0.030451365817971046,0.041681834567971046,0.015558787692971046,-0.020574024807028954,-0.035466602932028954,-0.008366993557028954,0.036310740817971046,0.048273631442971046,0.016291209567971046,-0.030095509182028954,-0.051335743557028954,-0.029851368557028954,0.010187693942971046,0.032160350192971046,0.018732615817971046,-0.019841602932028954,-0.047185352932028954,-0.037175587307028954,0.011896678317971046,0.056330272067971046,0.049738475192971046,0.017756053317971046,-0.009343556057028954,-0.013493946682028954,0.011408397067971046,0.000422068942971047,0.000422068942971047,0.000422068942971047,0.035090037692971046,0.021418162692971046,0.031183787692971046,0.038019725192971046,0.034601756442971046,0.026056834567971046,0.017023631442971046,0.016047068942971046,0.023371287692971046,0.023371287692971046,0.013361522067971046,0.001398631442971047,-0.004216602932028953,0.005304881442971047,0.015558787692971046,0.014826365817971046,-0.003972462307028953,-0.024968556057028954,-0.027165821682028954,-0.014714649807028954,-0.004216602932028953,0.003840037692971047,0.006037303317971047,-0.001775196682028953,-0.009831837307028954,-0.016911915432028954,-0.017644337307028954,-0.007634571682028953,0.005060740817971047,0.004816600192971047,-0.002995899807028953,-0.009587696682028954,-0.008855274807028954,-0.005193165432028953,-0.010564259182028954,-0.013493946682028954,-0.006658009182028953,-0.000310352932028953,-0.006658009182028953,-0.020818165432028954,-0.028630665432028954,-0.026677540432028954,-0.024236134182028954,-0.020574024807028954,-0.021794727932028954,-0.029363087307028954,-0.030339649807028954,-0.029607227932028954,-0.034490040432028954,-0.035954884182028954,-0.030583790432028954,-0.025212696682028954,-0.024724415432028954,-0.029607227932028954,-0.028874806057028954,-0.019597462307028954,-0.013738087307028954,-0.016667774807028954,-0.017888477932028954,-0.020085743557028954,-0.017644337307028954,-0.007634571682028953,-0.007634571682028953,-0.015447071682028954,-0.019109181057028954,-0.015202931057028954,-0.008122852932028954,0.000177928317971047,0.003595897067971047,-0.001286915432028953,-0.012517384182028954,-0.016911915432028954,-0.008855274807028954,0.003840037692971047,0.013361522067971046,0.009211131442971046,-0.005681446682028953,-0.016667774807028954,-0.012761524807028954,0.002131053317971047,0.025812693942971046,0.040216990817971046,0.017511912692971046,-0.031560352932028954,-0.061345509182028954,-0.050603321682028954,-0.021062306057028954,-6.6212307028953e-05,-0.010075977932028954,-0.040349415432028954,-0.050603321682028954,-0.024236134182028954,0.013605662692971046,0.029718943942971046,0.014826365817971046,-0.005437306057028953,0.000910350192971047,0.028254100192971046,0.053888865817971046,0.053156443942971046,0.020441600192971046,-0.008122852932028954,-0.002751759182028953,0.023371287692971046,0.041925975192971046,0.036554881442971046,0.013361522067971046,-0.002995899807028953,-0.001531056057028953,0.017267772067971046,0.035822459567971046,0.031427928317971046,0.002619334567971047,-0.029118946682028954,-0.026189259182028954,0.006525584567971047,0.034113475192971046,0.032648631442971046,0.000666209567971047,-0.029607227932028954,-0.020574024807028954,0.021418162692971046,0.058283397067971046,0.060236522067971046,0.026545115817971046,-0.004216602932028953,-0.003240040432028953,0.024591990817971046,0.049738475192971046,0.046320506442971046,0.022883006442971046,0.008722850192971046,0.016047068942971046,0.024591990817971046,0.026300975192971046,0.016291209567971046,-0.002995899807028953,-0.005925587307028953,0.011164256442971046,0.025812693942971046,0.023371287692971046,0.001398631442971047,-0.026433399807028954,-0.029851368557028954,-0.001286915432028953,0.034113475192971046,0.043146678317971046,0.008478709567971046,-0.030339649807028954,-0.037175587307028954,-0.008122852932028954,0.029474803317971046,0.042902537692971046,0.021418162692971046,-0.013005665432028954,-0.028142384182028954,-0.015447071682028954,0.011408397067971046,0.028009959567971046,0.020197459567971046,-0.004704884182028953,-0.022771290432028954,-0.019841602932028954,0.001154490817971047,0.016291209567971046,0.011652537692971046,-0.006169727932028953,-0.017888477932028954,-0.013005665432028954,-0.002507618557028953,-0.001775196682028953,-0.010075977932028954,-0.016423634182028954,-0.016911915432028954,-0.014470509182028954,-0.010808399807028954,-0.012517384182028954,-0.021550587307028954,-0.027898243557028954,-0.024236134182028954,-0.016423634182028954,-0.001531056057028953,0.013605662692971046,0.011164256442971046,-0.005681446682028953,-0.015202931057028954,-0.005925587307028953,0.012140818942971046,0.020197459567971046,0.015802928317971046,0.002619334567971047,-0.004460743557028953,0.004084178317971047,0.017023631442971046,0.024347850192971046,0.022883006442971046,0.016779490817971046,0.011652537692971046,0.006037303317971047,0.001398631442971047,0.007013865817971047,0.013849803317971046,0.014582225192971046,0.010675975192971046,0.008234568942971046,0.006769725192971047,0.001642772067971047,-0.007634571682028953,-0.019353321682028954,-0.013249806057028954,0.005060740817971047,0.003107615817971047,-0.016179493557028954,-0.032292774807028954,-0.036687306057028954,-0.026433399807028954,-0.015935352932028954,-0.018620899807028954,-0.027409962307028954,-0.037419727932028954,-0.047917774807028954,-0.045232227932028954,-0.032781056057028954,-0.022283009182028954,-0.012761524807028954,-0.013493946682028954,-0.026921681057028954,-0.032536915432028954,-0.025945118557028954,-0.016179493557028954,-0.004460743557028953,0.001886912692971047,-0.001286915432028953,-0.000798634182028953,0.002131053317971047,0.000422068942971047,0.002131053317971047,0.010920115817971046,0.024347850192971046,0.028498240817971046,0.020197459567971046,0.016047068942971046,0.019465037692971046,0.020197459567971046,0.017756053317971046,0.007258006442971047,-0.000310352932028953,-0.001286915432028953,-0.007146290432028953,-0.013738087307028954,-0.018865040432028954,-0.021794727932028954,-0.027654102932028954,-0.044011524807028954,-0.059392384182028954,-0.055974415432028954,-0.025945118557028954,0.012873240817971046,0.038263865817971046,0.030695506442971046,-0.002995899807028953,-0.023259571682028954,-0.013738087307028954,0.016291209567971046,0.046564647067971046,0.06292206894297105,0.052179881442971046,0.027033397067971046,0.020685740817971046,0.035090037692971046,0.059748240817971046,0.07512910019297105,0.07195527206797105,0.06804902206797105,0.06951386581797105,0.058283397067971046,0.024103709567971046,-0.010075977932028954,-0.011296681057028954,0.022150584567971046,0.042170115817971046,0.016047068942971046,-0.025945118557028954,-0.050603321682028954,-0.050603321682028954,-0.032292774807028954,-0.019597462307028954,-0.018132618557028954,-0.016423634182028954,-0.022527149807028954,-0.036931446682028954,-0.037663868557028954,-0.017644337307028954,0.002863475192971047,0.005793162692971047,-0.011052540432028954,-0.020085743557028954,-0.003972462307028953,0.023615428317971046,0.041925975192971046,0.037287303317971046,0.022394725192971046,0.018244334567971046,0.031183787692971046,0.053156443942971046,0.06975800644297105,0.06463105331797105,0.036554881442971046,-6.6212307028953e-05,-0.018620899807028954,-0.010075977932028954,0.001398631442971047,-0.010075977932028954,-0.037175587307028954,-0.06378691543202895,-0.06598418105702895,-0.059880665432028954,-0.06671660293202895,-0.07501738418202895,-0.06647246230702895,-0.046941212307028954,-0.042302540432028954,-0.053533009182028954,-0.054509571682028954,-0.032048634182028954,-0.009343556057028954,-0.014470509182028954,-0.040837696682028954,-0.041570118557028954,-0.004460743557028953,0.035578318942971046,0.042902537692971046,0.021906443942971046,0.011408397067971046,0.033136912692971046,0.06756074081797105,0.08684785019297105,0.06951386581797105,0.025324412692971046,-0.010320118557028954,-0.011784962307028954,0.017267772067971046,0.037287303317971046,0.013117381442971046,-0.046452931057028954,-0.07477324355702895,-0.048406056057028954,-0.005681446682028953,0.001398631442971047,-0.031316212307028954,-0.057195118557028954,-0.057683399807028954,-0.034490040432028954,-0.013493946682028954,-0.012517384182028954,-0.023015431057028954,-0.018376759182028954,-0.006169727932028953,-0.000798634182028953,0.009699412692971046,0.025568553317971046,0.031183787692971046,0.029230662692971046,0.033869334567971046,0.049982615817971046,0.07512910019297105,5.677353281479622e-05,5.677353281479622e-05,0.06316620956797105,0.037775584567971046,0.029963084567971046,0.040461131442971046,0.049982615817971046,0.037043162692971046,0.000910350192971047,-0.029363087307028954,-0.045232227932028954,-0.036443165432028954,-0.020085743557028954,-0.031072071682028954,-0.06818144668202895,5.677353281479622e-05,-0.06842558730702895,-0.041814259182028954,-0.027409962307028954,-0.045476368557028954,-0.06793730605702895,-0.056218556057028954,-0.018132618557028954,0.002619334567971047,0.001642772067971047,-0.010808399807028954,-0.024480274807028954,-0.011784962307028954,0.026789256442971046,0.059992381442971046,0.06804902206797105,0.054865428317971046,0.039972850192971046,0.044855662692971046,0.06780488144297105,0.000422068942971047,0.000422068942971047,0.07781464706797105,0.003107615817971047,0.007502147067971047,0.002375193942971047,-0.015447071682028954,-0.037175587307028954,-0.050115040432028954,-0.048650196682028954,-0.047673634182028954,-0.055730274807028954,-0.056218556057028954,-0.047185352932028954,-0.044743946682028954,-0.050359181057028954,-0.053044727932028954,-0.044743946682028954,-0.019841602932028954,0.007502147067971047,0.013361522067971046,-0.003484181057028953,-0.013493946682028954,-0.009343556057028954,0.011164256442971046,0.041681834567971046,0.061945506442971046,0.06438691269297105,0.053400584567971046,0.050715037692971046,0.06731660019297105,5.677353281479622e-05,5.677353281479622e-05,0.060236522067971046,0.024347850192971046,0.019709178317971046,0.042170115817971046,0.049250193942971046,0.022150584567971046,-0.019841602932028954,-0.041814259182028954,-0.034490040432028954,-0.021794727932028954,-0.024968556057028954,-0.056218556057028954,-0.08356230605702895,-0.07623808730702895,-0.036199024807028954,-0.021062306057028954,-0.037908009182028954,-0.050847462307028954,-0.043034962307028954,-0.008611134182028954,0.010187693942971046,-0.003972462307028953,-0.015691212307028954,-0.005681446682028953,0.013117381442971046,0.039972850192971046,0.053644725192971046,0.060480662692971046,0.048029490817971046,0.030939647067971046,0.040949412692971046,0.059504100192971046,0.06780488144297105,0.057550975192971046,0.026300975192971046,0.009211131442971046,0.014338084567971046,-0.000798634182028953,-0.031072071682028954,-0.049626759182028954,-0.047917774807028954,-0.040105274807028954,-0.048406056057028954,-0.061589649807028954,-0.07135527480702895,-0.08038847793202895,-0.07184355605702895,-0.055730274807028954,-0.054753712307028954,-0.060124806057028954,-0.050359181057028954,-0.026433399807028954,-0.011540821682028954,-0.012273243557028954,-0.013249806057028954,-0.017156056057028954,-0.010320118557028954,0.014338084567971046,0.041681834567971046,0.058283397067971046,0.059992381442971046,0.057062693942971046,0.057795115817971046,0.06487519394297105,0.06634003769297105,0.058283397067971046,0.026056834567971046,0.026056834567971046,0.022394725192971046,0.026300975192971046,0.020441600192971046,0.006037303317971047,-0.014958790432028954,-0.036199024807028954,-0.056218556057028954,-0.057195118557028954,-0.039372852932028954,-0.040837696682028954,-0.060857227932028954,-0.07648222793202895,-0.07013457168202895,-0.050115040432028954,-0.016179493557028954,0.006525584567971047,-0.008855274807028954,-0.034734181057028954,-0.023747852932028954,0.012873240817971046,0.039972850192971046,0.049494334567971046,0.031427928317971046,0.025812693942971046,0.051203318942971046,0.08684785019297105,5.677353281479622e-05,0.08147675644297105,0.057062693942971046,0.052179881442971046,0.06292206894297105,0.07561738144297105,0.07732636581797105,0.051447459567971046,0.016535350192971046,-0.020574024807028954,-0.035466602932028954,-0.018376759182028954,0.003840037692971047,-0.013005665432028954,-0.06305449355702895,5.677353281479622e-05,5.677353281479622e-05,-0.048650196682028954,-0.033025196682028954,-0.046208790432028954,-0.07111113418202895,-0.07599394668202895,-0.044011524807028954,0.000910350192971047,0.009699412692971046,-0.014714649807028954,-0.031072071682028954,-0.018376759182028954,0.006769725192971047,0.026545115817971046,0.038263865817971046,0.044123240817971046,0.046320506442971046,0.045588084567971046,0.051691600192971046,0.062189647067971046,0.07366425644297105,0.07708222519297105,0.057795115817971046,0.024103709567971046,-0.003240040432028953,-0.007878712307028954,0.008234568942971046,0.018244334567971046,0.007013865817971047,-0.044743946682028954,-0.08136504043202895,-0.06964629043202895,-0.051091602932028954,-0.044743946682028954,-0.06281035293202895,-0.07672636855702895,-0.07404082168202895,-0.046941212307028954,-0.030827931057028954,-0.034001759182028954,-0.040105274807028954,-0.045476368557028954,-0.036687306057028954,-0.013738087307028954,0.016047068942971046,0.026056834567971046,0.013117381442971046,-0.006902149807028953,-0.002263477932028953,0.031916209567971046,0.07415253769297105,0.07708222519297105,0.051935740817971046,0.046564647067971046,0.053156443942971046,0.06536347519297105,0.06511933456797105,0.043634959567971046,0.029474803317971046,0.024591990817971046,0.016535350192971046,-0.014470509182028954,-0.043523243557028954,-0.030583790432028954,-0.021550587307028954,-0.027654102932028954,-0.049138477932028954,-0.06964629043202895,-0.07526152480702895,-0.058415821682028954,-0.046208790432028954,-0.054265431057028954,-0.06500761855702895,-0.054021290432028954,-0.024236134182028954,0.002375193942971047,0.012384959567971046,-0.002751759182028953,-0.008122852932028954,-0.002263477932028953,0.005793162692971047,0.018000193942971046,0.042170115817971046,0.06487519394297105,0.07415253769297105,0.07097870956797105,0.06316620956797105,0.057795115817971046,0.06463105331797105,0.06902558456797105,0.06267792831797105,0.059015818942971046,0.060236522067971046,0.040705272067971046,-0.004216602932028953,-0.037175587307028954,-0.028874806057028954,-0.001775196682028953,-0.005681446682028953,-0.032048634182028954,-0.07574980605702895,5.677353281479622e-05,-0.06671660293202895,-0.050603321682028954,-0.051091602932028954,-0.056706837307028954,-0.06842558730702895,-0.057927540432028954,-0.028874806057028954,-0.006169727932028953,-0.012029102932028954,-0.030339649807028954,-0.021794727932028954,0.030207225192971046,0.030207225192971046,0.042414256442971046,0.033381053317971046,0.029230662692971046,0.031183787692971046,0.039728709567971046,0.059504100192971046,0.07488495956797105,0.07390839706797105,0.06292206894297105,0.048761912692971046,0.034113475192971046,0.023371287692971046,0.022394725192971046,0.007013865817971047,-0.005925587307028953,-0.008366993557028954,-0.004216602932028953,-0.010564259182028954,-0.028630665432028954,-0.056218556057028954,-0.07697050918202895,-0.07819121230702895,-0.06915800918202895,-0.052800587307028954,-0.041081837307028954,-0.032536915432028954,-0.039372852932028954,-0.051824024807028954,-0.039128712307028954,0.003840037692971047,0.003840037692971047,-0.003484181057028953,-0.009831837307028954,-0.000798634182028953,0.013605662692971046,0.036310740817971046,0.051203318942971046,0.043879100192971046,0.026545115817971046,0.028986522067971046,0.055597850192971046,0.07805878769297105,0.07805878769297105,0.058283397067971046,0.036066600192971046,0.030695506442971046,0.040461131442971046,0.041925975192971046,0.018732615817971046,-0.007390431057028953,-0.029363087307028954,-0.031316212307028954,-0.031316212307028954,-0.025456837307028954,-0.032536915432028954,-0.06915800918202895,5.677353281479622e-05,-0.07892363418202895,-0.042058399807028954,-0.020329884182028954,-0.027898243557028954,-0.07843535293202895,-0.07843535293202895,-0.040593556057028954,0.008478709567971046,0.030939647067971046,0.027277537692971046,0.002131053317971047,-0.024480274807028954,-0.013982227932028954,0.027277537692971046,0.061457225192971046,0.06756074081797105,0.056818553317971046,0.044855662692971046,0.053156443942971046,0.07879120956797105,5.677353281479622e-05,0.07659394394297105,0.049250193942971046,0.024836131442971046,0.021906443942971046,0.010187693942971046,0.010187693942971046,0.000666209567971047,-0.013982227932028954,-0.032048634182028954,-0.040105274807028954,-0.050115040432028954,-0.06866972793202895,-0.08014433730702895,-0.07184355605702895,-0.055974415432028954,-0.055730274807028954,-0.053533009182028954,-0.046697071682028954,-0.048406056057028954,-0.041325977932028954,-0.013982227932028954,-0.013982227932028954,-0.013738087307028954,-0.002995899807028953,0.004816600192971047,0.001642772067971047,0.012629100192971046,0.031916209567971046,0.047541209567971046,0.052668162692971046,0.055841990817971046,0.059015818942971046,0.054133006442971046,0.052668162692971046,0.054621287692971046,0.054865428317971046,0.050959178317971046,0.044367381442971046,0.028498240817971046,0.011896678317971046,0.006281443942971047,-0.004949024807028953,-0.016423634182028954,-0.022771290432028954,-0.035222462307028954,-0.042546681057028954,-0.055241993557028954,-0.062322071682028954,-0.050115040432028954,-0.047429493557028954,-0.052312306057028954,-0.052556446682028954,-0.052068165432028954,-0.027165821682028954,-0.027165821682028954,-0.007390431057028953,0.003107615817971047,-0.002751759182028953,-0.001775196682028953,0.015314647067971046,0.025080272067971046,0.021174022067971046,0.017267772067971046,0.041193553317971046,0.041193553317971046,0.060724803317971046,0.06707245956797105,0.06853730331797105,0.060480662692971046,0.051447459567971046,0.047785350192971046,0.041681834567971046,0.029474803317971046,0.027033397067971046,0.012873240817971046,0.012873240817971046,-0.004704884182028953,-0.021794727932028954,-0.034734181057028954,-0.035466602932028954,-0.034245899807028954,-0.040105274807028954,-0.06256621230702895,-0.07599394668202895,-0.044988087307028954,-0.044988087307028954,-0.038152149807028954,-0.048161915432028954,-0.060613087307028954,-0.060368946682028954,-0.030583790432028954,0.002619334567971047,0.016291209567971046,0.009455272067971046,-0.013738087307028954,-0.027898243557028954,-0.002507618557028953,0.046564647067971046,0.07464081894297105,0.061457225192971046,0.033869334567971046,0.031427928317971046,0.049738475192971046,0.08025605331797105,5.677353281479622e-05,0.041925975192971046,0.041925975192971046,0.015802928317971046,0.013849803317971046,0.022638865817971046,0.022638865817971046,0.014093943942971046,-0.018376759182028954,-0.044499806057028954,-0.040593556057028954,-0.040837696682028954,-0.040837696682028954,-0.06696074355702895,-0.07648222793202895,-0.06525175918202895,-0.048650196682028954,-0.044255665432028954,-0.046697071682028954,-0.055241993557028954,-0.049626759182028954,-0.025700977932028954,0.006037303317971047,0.017023631442971046,-0.000798634182028953,-0.005437306057028953,0.007013865817971047,0.016535350192971046,0.027521678317971046,0.043634959567971046,0.048517772067971046,0.045343943942971046,0.056330272067971046,0.056330272067971046,0.057062693942971046,0.055353709567971046,0.056086131442971046,0.044855662692971046,0.030207225192971046,0.020197459567971046,0.017511912692971046,0.019220897067971046,-0.008611134182028954,-0.008611134182028954,-0.042302540432028954,-0.054265431057028954,-0.047917774807028954,-0.042058399807028954,-0.047673634182028954,-0.06427519668202895,-0.07770293105702895,-0.07526152480702895,-0.057439259182028954,-0.044255665432028954,-0.045232227932028954,-0.045232227932028954,-0.019353321682028954,0.001398631442971047,-0.013493946682028954,-0.023747852932028954,0.000666209567971047,0.033381053317971046,0.043390818942971046,0.029474803317971046,0.017511912692971046,0.053156443942971046,0.053156443942971046,0.06682831894297105,0.059748240817971046,0.055841990817971046,0.06438691269297105,0.08513886581797105,5.677353281479622e-05,5.677353281479622e-05,0.07512910019297105,0.039972850192971046,0.039972850192971046,0.053644725192971046,0.042902537692971046,0.003107615817971047,-0.034734181057028954,-0.052800587307028954,-0.040593556057028954,-0.020329884182028954,-0.020329884182028954,-0.043034962307028954,-0.07257597793202895,5.677353281479622e-05,-0.07867949355702895,-0.043767384182028954,-0.017644337307028954,-0.013738087307028954,-0.025700977932028954,-0.034245899807028954,-0.024236134182028954,-0.017888477932028954,-0.017156056057028954,-0.017156056057028954,-0.004460743557028953,0.008234568942971046,0.021418162692971046,0.028009959567971046,0.004572459567971047,-0.009587696682028954,0.007258006442971047,0.044123240817971046,0.07439667831797105,0.020197459567971046,0.020197459567971046,-0.019841602932028954,-0.017644337307028954,0.019709178317971046,0.042170115817971046,0.022394725192971046,-0.007390431057028953,-0.028630665432028954,-0.036443165432028954,-0.023503712307028954,-0.023503712307028954,-0.022527149807028954,-0.034978321682028954,-0.044988087307028954,-0.049382618557028954,-0.046452931057028954,-0.037175587307028954,-0.032536915432028954,-0.033269337307028954,-0.033269337307028954,-0.025700977932028954,-0.025700977932028954,-0.003972462307028953,0.013849803317971046,0.010187693942971046,-0.011296681057028954,-0.015202931057028954,-0.002263477932028953,0.023615428317971046,0.040705272067971046,0.007746287692971047,0.007746287692971047,0.001398631442971047,0.017267772067971046,0.033625193942971046,0.034113475192971046,0.025324412692971046,0.018732615817971046,0.013361522067971046,0.011652537692971046,0.019953318942971046,0.019709178317971046,0.019709178317971046,0.002863475192971047,-0.001042774807028953,0.006769725192971047,0.017511912692971046,0.019465037692971046,0.003351756442971047,-0.015447071682028954,-0.016423634182028954,0.014338084567971046,0.014338084567971046,0.025324412692971046,0.020929881442971046,0.003595897067971047,-0.018620899807028954,-0.020085743557028954,-6.6212307028953e-05,0.026300975192971046,0.027521678317971046,0.005304881442971047,-0.027898243557028954,-0.027898243557028954,-0.005193165432028953,0.023127147067971046,0.025324412692971046,0.005304881442971047,-0.026189259182028954,-0.042302540432028954,-0.023259571682028954,0.006281443942971047,0.006037303317971047,0.006037303317971047,-0.026433399807028954,-0.040837696682028954,-0.023747852932028954,0.003840037692971047,0.014093943942971046,-0.000798634182028953,-0.025212696682028954,-0.031072071682028954,-0.012273243557028954,0.007502147067971047,0.007502147067971047,-0.004216602932028953,-0.019597462307028954,-0.017400196682028954,-0.002263477932028953,0.007746287692971047,0.005060740817971047,-0.003484181057028953,-0.009587696682028954,0.000422068942971047,0.000422068942971047,0.010675975192971046,0.007013865817971047,-0.007390431057028953,-0.017156056057028954,-0.014470509182028954,-0.002995899807028953,0.009699412692971046,0.010431834567971046,-0.001775196682028953,-0.006658009182028953,-0.006658009182028953,0.008234568942971046,0.016047068942971046,0.015070506442971046,0.008234568942971046,0.002131053317971047,0.001886912692971047,0.009211131442971046,0.018244334567971046,0.014582225192971046,0.014582225192971046,0.013605662692971046,0.007502147067971047,0.005793162692971047,0.011408397067971046,0.014826365817971046,0.018976756442971046,0.013605662692971046,0.009211131442971046,0.008966990817971046,0.006037303317971047,0.006037303317971047,0.000910350192971047,-6.6212307028953e-05,0.004572459567971047,0.000422068942971047,-0.005925587307028953,-0.001286915432028953,0.016535350192971046,0.038508006442971046,-0.011052540432028954,-0.011052540432028954,-0.061589649807028954,-0.08234160293202895,-0.044011524807028954,0.017267772067971046,0.037043162692971046,0.002375193942971047,-0.057195118557028954,-0.08478300918202895,-0.055730274807028954,0.028742381442971046,0.028742381442971046,0.018488475192971046,-0.013982227932028954,-0.039616993557028954,-0.029851368557028954,0.009699412692971046,0.045588084567971046,0.041681834567971046,0.010431834567971046,0.014338084567971046,0.033869334567971046,0.033869334567971046,0.033136912692971046,0.019709178317971046,0.001154490817971047,-6.6212307028953e-05,0.027033397067971046,0.055109568942971046,0.047541209567971046,0.007502147067971047,-0.025700977932028954,-0.025700977932028954,0.015314647067971046,0.057306834567971046,0.054865428317971046,0.010187693942971046,-0.036199024807028954,-0.039616993557028954,-0.002751759182028953,0.041437693942971046,0.031427928317971046,-0.026677540432028954,-0.026677540432028954,-0.06476347793202895,-0.042058399807028954,0.018244334567971046,0.06389863144297105,0.049494334567971046,-0.008855274807028954,-0.060124806057028954,-0.061589649807028954,0.046076365817971046,0.046076365817971046,0.051447459567971046,-0.000310352932028953,-0.057439259182028954,-0.06451933730702895,-0.020085743557028954,0.035334178317971046,0.043390818942971046,0.001398631442971047,-0.045476368557028954,-0.023991993557028954,-0.023991993557028954,0.012873240817971046,0.032160350192971046,0.023615428317971046,-0.013982227932028954,-0.052556446682028954,-0.043523243557028954,0.004084178317971047,0.032160350192971046,-0.014470509182028954,-0.014470509182028954,-0.025945118557028954,-0.031560352932028954,-0.025456837307028954,-0.008855274807028954,-0.008855274807028954,-0.025945118557028954,-0.032781056057028954,-0.017400196682028954,-0.015691212307028954,-0.059880665432028954,-0.059880665432028954,-0.058659962307028954,-0.036931446682028954,-0.002263477932028953,0.018732615817971046,-0.010320118557028954,-0.058415821682028954,-0.06476347793202895,-0.040593556057028954,0.017023631442971046,0.017023631442971046,0.009455272067971046,-0.031804493557028954,-0.054753712307028954,-0.042546681057028954,-0.004460743557028953,0.038996287692971046,0.050715037692971046,0.007990428317971046,-0.044499806057028954,0.004816600192971047,0.004816600192971047,0.050959178317971046,0.049982615817971046,0.003107615817971047,-0.035222462307028954,-0.026433399807028954,0.019465037692971046,0.049494334567971046,0.028986522067971046,-0.032292774807028954,-0.012273243557028954,-0.012273243557028954,0.026300975192971046,0.055597850192971046,0.059748240817971046,0.027033397067971046,-0.014470509182028954,-0.023503712307028954,0.020441600192971046,0.07366425644297105,0.029718943942971046,-0.014714649807028954,-0.014714649807028954,-0.023747852932028954,0.006525584567971047,0.051935740817971046,0.058283397067971046,0.021174022067971046,-0.019353321682028954,-0.033513477932028954,-0.012761524807028954,0.053644725192971046,0.053644725192971046,0.030451365817971046,-0.032781056057028954,-0.06744902480702895,-0.033757618557028954,0.029230662692971046,0.06389863144297105,0.037287303317971046,-0.026433399807028954,-0.028630665432028954,0.027521678317971046,0.027521678317971046,0.050470897067971046,0.030451365817971046,-0.009831837307028954,-0.038640431057028954,-0.021062306057028954,0.023127147067971046,0.043390818942971046,0.029963084567971046,-0.024724415432028954,-0.024724415432028954,-0.026677540432028954,0.014582225192971046,0.054865428317971046,0.054133006442971046,0.013605662692971046,-0.030339649807028954,-0.036443165432028954,0.006281443942971047,0.060236522067971046,0.007502147067971047,0.007502147067971047,-0.038884571682028954,-0.055486134182028954,-0.025212696682028954,0.018732615817971046,0.028009959567971046,0.004328318942971047,-0.013249806057028954,-0.023991993557028954,-0.025700977932028954,-0.000798634182028953,-0.000798634182028953,0.009943553317971046,-0.000554493557028953,0.000910350192971047,0.001886912692971047,-0.005193165432028953,-0.003240040432028953,0.002375193942971047,0.007013865817971047,0.026789256442971046,0.026789256442971046,0.012629100192971046,-0.014958790432028954,-0.018132618557028954,-0.003484181057028953,0.009943553317971046,0.015802928317971046,0.024836131442971046,0.010920115817971046,-0.030827931057028954,-0.030827931057028954,-0.004460743557028953,0.023859568942971046,0.036310740817971046,0.029963084567971046,0.003107615817971047,-0.015447071682028954,-0.002507618557028953,0.024591990817971046,0.032404490817971046,0.021418162692971046,0.021418162692971046,-0.005925587307028953,-0.027409962307028954,-0.005193165432028953,0.033381053317971046,0.034357615817971046,0.009699412692971046,-0.004460743557028953,-0.002751759182028953,-0.008611134182028954,-0.008611134182028954,0.000422068942971047,0.011652537692971046,0.004328318942971047,-0.004949024807028953,0.004572459567971047,0.009943553317971046,-0.002507618557028953,-0.011052540432028954,-0.015202931057028954,0.003107615817971047,0.003107615817971047,0.017023631442971046,0.009699412692971046,-0.028874806057028954,-0.052068165432028954,-0.020574024807028954,0.010920115817971046,0.002863475192971047,-0.031560352932028954,-0.022038868557028954,-0.022038868557028954,-0.016423634182028954,-0.016179493557028954,-0.006413868557028953,0.004084178317971047,-0.000798634182028953,-0.017888477932028954,-0.025700977932028954,-0.018865040432028954,-0.018620899807028954,-0.012029102932028954,-0.012029102932028954,-0.006658009182028953,-0.018376759182028954,-0.021062306057028954,-0.023991993557028954,-0.038396290432028954,-0.036199024807028954,-0.017156056057028954,-6.6212307028953e-05,-0.032536915432028954,-0.027165821682028954,-0.002751759182028953,-0.002751759182028953,0.009211131442971046,-0.014714649807028954,-0.034978321682028954,-0.023259571682028954,0.001642772067971047,0.015070506442971046,0.009943553317971046,-6.6212307028953e-05,-0.001042774807028953,0.001886912692971047,0.003840037692971047,0.003840037692971047,0.017511912692971046,0.000422068942971047,0.000422068942971047,0.000422068942971047,0.022883006442971046,0.024347850192971046,0.023615428317971046,0.012140818942971046,0.006037303317971047,0.006037303317971047,0.010920115817971046,0.016291209567971046,0.015070506442971046,0.015558787692971046,0.016779490817971046,0.015802928317971046,0.018976756442971046,0.017756053317971046,0.021174022067971046,0.036310740817971046,0.036310740817971046,0.041681834567971046,0.032892772067971046,0.029230662692971046,0.028009959567971046,0.027277537692971046,0.020441600192971046,0.016291209567971046,0.024347850192971046,0.033381053317971046,0.018976756442971046,0.014338084567971046,0.014338084567971046,0.005793162692971047,0.004572459567971047,0.008966990817971046,0.003107615817971047,-0.005681446682028953,-0.001286915432028953,-6.6212307028953e-05,-0.006902149807028953,-0.012029102932028954,-0.014470509182028954,-0.014470509182028954,-0.013982227932028954,-0.010075977932028954,-0.011052540432028954,-0.006902149807028953,0.002375193942971047,0.004816600192971047,-0.000554493557028953,-0.007634571682028953,-0.008122852932028954,0.008478709567971046,0.013849803317971046,0.013849803317971046,-0.007390431057028953,-0.023747852932028954,-0.011540821682028954,0.009699412692971046,0.016779490817971046,0.006281443942971047,-0.015447071682028954,-0.027898243557028954,0.000422068942971047,-0.010808399807028954,-0.024480274807028954,-0.030339649807028954,-0.030339649807028954,-0.029363087307028954,-0.024236134182028954,-0.013982227932028954,-0.006902149807028953,-0.009831837307028954,-0.025212696682028954,-0.042546681057028954,-0.044499806057028954,-0.007878712307028954,-0.007878712307028954,0.000666209567971047,-0.009831837307028954,-0.022283009182028954,-0.032292774807028954,-0.028874806057028954,-6.6212307028953e-05,0.017023631442971046,0.005060740817971047,-0.021306446682028954,-0.031316212307028954,0.018976756442971046,0.031183787692971046,0.031183787692971046,0.012140818942971046,-0.009831837307028954,-0.018132618557028954,-0.011296681057028954,0.014826365817971046,0.045343943942971046,0.042902537692971046,0.005793162692971047,-0.018376759182028954,-0.018376759182028954,0.016535350192971046,0.044123240817971046,0.046564647067971046,0.022638865817971046,-0.003728321682028953,-0.002507618557028953,0.018244334567971046,0.027521678317971046,0.018976756442971046,0.026056834567971046,0.035822459567971046,0.035822459567971046,0.031183787692971046,0.016779490817971046,0.001886912692971047,0.003351756442971047,0.020441600192971046,0.033381053317971046,0.025324412692971046,-0.007146290432028953,-0.032536915432028954,-0.003484181057028953,-0.003484181057028953,0.020441600192971046,0.010675975192971046,-0.023991993557028954,-0.048650196682028954,-0.044499806057028954,-0.018132618557028954,-0.001775196682028953,-0.017888477932028954,-0.026921681057028954,-0.026921681057028954,-0.026189259182028954,-0.012029102932028954,0.007990428317971046,0.014582225192971046,0.006525584567971047,-0.005193165432028953,-0.005681446682028953,0.006281443942971047,0.041437693942971046,0.031672068942971046,0.031672068942971046,0.008234568942971046,-0.008855274807028954,0.001886912692971047,0.023127147067971046,0.024836131442971046,0.013117381442971046,-0.003728321682028953,-0.014470509182028954,-0.009343556057028954,-0.009343556057028954,-0.002507618557028953,-0.001775196682028953,-0.013738087307028954,-0.032536915432028954,-0.039616993557028954,-0.026433399807028954,-0.009343556057028954,-0.007634571682028953,-0.032536915432028954,-0.032536915432028954,-0.044255665432028954,-0.040349415432028954,-0.022771290432028954,-0.010320118557028954,-0.013005665432028954,-0.019597462307028954,-0.010075977932028954,0.008966990817971046,0.013849803317971046,0.005793162692971047,0.015070506442971046,0.015070506442971046,0.027033397067971046,0.037775584567971046,0.040461131442971046,0.038996287692971046,0.030451365817971046,0.026789256442971046,0.034845897067971046,0.052668162692971046,0.029718943942971046,0.029718943942971046,-6.6212307028953e-05,-0.001531056057028953,0.030695506442971046,0.052424022067971046,0.032892772067971046,-0.008611134182028954,-0.030339649807028954,-0.023991993557028954,0.007258006442971047,-0.002263477932028953,-0.002263477932028953,-0.021062306057028954,-0.041814259182028954,-0.053533009182028954,-0.048161915432028954,-0.036443165432028954,-0.024236134182028954,-0.018132618557028954,-0.044499806057028954,-0.034245899807028954,-0.034245899807028954,-0.009343556057028954,0.003595897067971047,-0.001775196682028953,-0.007390431057028953,0.005549022067971047,0.024103709567971046,0.033869334567971046,0.024103709567971046,0.023859568942971046,0.023859568942971046,0.030939647067971046,0.032648631442971046,0.029963084567971046,0.027033397067971046,0.020197459567971046,0.008234568942971046,-0.002507618557028953,0.007990428317971046,0.016779490817971046,0.016779490817971046,0.005793162692971047,-0.022527149807028954,-0.028874806057028954,-0.009343556057028954,-0.000554493557028953,-0.010075977932028954,-0.031316212307028954,-0.052312306057028954,-0.045232227932028954,-0.036687306057028954,-0.036687306057028954,-0.032536915432028954,-0.024480274807028954,-0.018132618557028954,-0.019841602932028954,-0.016423634182028954,-0.005681446682028953,0.005549022067971047,0.002131053317971047,0.004816600192971047,0.020929881442971046,0.020929881442971046,0.041925975192971046,0.053644725192971046,0.051203318942971046,0.033381053317971046,0.011164256442971046,0.003351756442971047,0.012384959567971046,0.028742381442971046,0.013849803317971046,0.013849803317971046,0.007013865817971047,0.011164256442971046,0.015070506442971046,0.008722850192971046,-0.009831837307028954,-0.026433399807028954,-0.029851368557028954,-0.011540821682028954,-0.023991993557028954,-0.023991993557028954,-0.042302540432028954,-0.047429493557028954,-0.040837696682028954,-0.027654102932028954,-0.013249806057028954,-0.004949024807028953,-0.004949024807028953,0.008478709567971046,0.018000193942971046,0.018000193942971046,0.017023631442971046,0.015802928317971046,0.027521678317971046,0.044611522067971046,0.050470897067971046,0.040705272067971046,0.025080272067971046,0.021418162692971046,0.031916209567971046,0.041925975192971046,0.050226756442971046,0.041925975192971046,0.017267772067971046,0.017023631442971046,0.018000193942971046,-0.000554493557028953,-0.009343556057028954,-0.006902149807028953,-0.006902149807028953,-0.006902149807028953,-0.008366993557028954,-0.020329884182028954,-0.040593556057028954,-0.042790821682028954,-0.034245899807028954,-0.023015431057028954,-0.009831837307028954,-0.009587696682028954,-0.009587696682028954,-0.002019337307028953,-0.001775196682028953,-0.007634571682028953,-0.009587696682028954,0.000422068942971047,0.017511912692971046,0.022394725192971046,0.012384959567971046,-0.000798634182028953,-0.002019337307028953,-0.002019337307028953,0.004328318942971047,0.008234568942971046,-6.6212307028953e-05,-0.009587696682028954,-0.014226368557028954,-0.011052540432028954,-0.006413868557028953,-0.015691212307028954,-0.032781056057028954,-0.032781056057028954,-0.043767384182028954,-0.045964649807028954,-0.034490040432028954,-0.022038868557028954,-0.019109181057028954,-0.028142384182028954,-0.033025196682028954,-0.019353321682028954,0.029230662692971046,0.023127147067971046,0.023127147067971046,0.003351756442971047,-0.001286915432028953,0.021662303317971046,0.046808787692971046,0.046564647067971046,0.028498240817971046,0.011408397067971046,0.015558787692971046,0.024103709567971046,0.024103709567971046,0.032404490817971046,0.024347850192971046,-0.007390431057028953,-0.020329884182028954,0.000177928317971047,0.019220897067971046,0.016535350192971046,-0.044011524807028954,-0.042790821682028954,-0.042790821682028954,-0.025700977932028954,-0.010075977932028954,-0.003240040432028953,-0.008855274807028954,-0.027409962307028954,-0.026189259182028954,-0.004704884182028953,0.018488475192971046,0.008966990817971046,0.010431834567971046,0.010431834567971046,0.019220897067971046,0.030695506442971046,0.038019725192971046,0.029474803317971046,0.012873240817971046,0.003595897067971047,0.014826365817971046,0.020441600192971046,0.006037303317971047,0.006037303317971047,-0.004949024807028953,-0.011052540432028954,-0.009099415432028954,-0.002507618557028953,-0.012029102932028954,-0.025945118557028954,-0.035710743557028954,-0.042790821682028954,-0.034978321682028954,-0.034978321682028954,-0.017888477932028954,-0.012517384182028954,-0.026921681057028954,-0.030339649807028954,-0.005193165432028953,0.017511912692971046,0.017267772067971046,0.018244334567971046,0.023615428317971046,0.030207225192971046,0.030207225192971046,0.031183787692971046,0.018244334567971046,0.005060740817971047,0.001398631442971047,0.013605662692971046,0.028986522067971046,0.007746287692971047,-0.012761524807028954,-0.024724415432028954,-0.024724415432028954,-0.016667774807028954,-0.002751759182028953,0.004084178317971047,-0.007390431057028953,-0.031560352932028954,-0.040837696682028954,-0.029851368557028954,0.001886912692971047,-0.001531056057028953,-0.001531056057028953,-0.010808399807028954,-0.007634571682028953,0.012140818942971046,0.025812693942971046,0.034113475192971046,0.034357615817971046,0.026789256442971046,0.012384959567971046,0.016291209567971046,0.016291209567971046,0.021418162692971046,0.021906443942971046,0.011652537692971046,0.000666209567971047,-0.006413868557028953,-0.009831837307028954,-0.013005665432028954,-0.007634571682028953,-0.028386524807028954,-0.039616993557028954,-0.039616993557028954,-0.039861134182028954,-0.014470509182028954,0.002863475192971047,-0.017644337307028954,-0.038884571682028954,-0.028142384182028954,0.005549022067971047,0.018976756442971046,0.004084178317971047,0.004084178317971047,0.007013865817971047,0.020929881442971046,0.031183787692971046,0.027277537692971046,0.014582225192971046,0.001886912692971047,-0.006413868557028953,0.015558787692971046,0.019953318942971046,0.019953318942971046,0.002375193942971047,-0.025212696682028954,-0.042302540432028954,-0.036687306057028954,-0.014226368557028954,-0.000310352932028953,-0.011784962307028954,-0.039861134182028954,-0.028142384182028954,-0.005925587307028953,-0.005925587307028953,0.013361522067971046,0.015802928317971046,-0.004216602932028953,-0.011052540432028954,0.002863475192971047,0.023615428317971046,0.022883006442971046,0.012873240817971046,0.017023631442971046,0.017023631442971046,0.023127147067971046,0.020441600192971046,0.012384959567971046,0.008722850192971046,0.010675975192971046,0.002131053317971047,-0.002995899807028953,-0.009831837307028954,-0.029118946682028954,-0.029118946682028954,-0.049626759182028954,-0.039616993557028954,-0.013249806057028954,0.002131053317971047,-0.001286915432028953,-0.018132618557028954,-0.012517384182028954,0.035090037692971046,0.025080272067971046,0.025080272067971046,0.014826365817971046,0.022394725192971046,0.036310740817971046,0.038752147067971046,0.023127147067971046,0.005549022067971047,0.001642772067971047,0.010675975192971046,-0.009587696682028954,-0.015447071682028954,-0.015447071682028954,0.000422068942971047,0.011896678317971046,-0.004704884182028953,-0.041325977932028954,-0.06256621230702895,-0.040349415432028954,-0.011540821682028954,-0.014470509182028954,-0.033513477932028954,-0.017156056057028954,-0.017156056057028954,0.010920115817971046,0.022394725192971046,0.022638865817971046,0.019709178317971046,0.017511912692971046,0.011896678317971046,0.004328318942971047,0.014093943942971046,0.024347850192971046,0.024347850192971046,0.014826365817971046,-0.009587696682028954,-0.018132618557028954,-0.009099415432028954,0.004816600192971047,0.001642772067971047,-0.020818165432028954,-0.027654102932028954,-0.020329884182028954,-0.020329884182028954,-0.019841602932028954,-0.020818165432028954,-0.007634571682028953,0.004816600192971047,0.004816600192971047,0.000910350192971047,0.010675975192971046,0.037043162692971046,0.034357615817971046,0.034357615817971046,0.022638865817971046,0.015558787692971046,0.018976756442971046,0.025324412692971046,0.017756053317971046,-0.002995899807028953,-0.017888477932028954,-0.006658009182028953,-0.002507618557028953,-0.016667774807028954,-0.016667774807028954,-0.029851368557028954,-0.042790821682028954,-0.045232227932028954,-0.028142384182028954,0.002375193942971047,0.021174022067971046,-0.017888477932028954,-0.018376759182028954,0.011652537692971046,0.011652537692971046,0.043634959567971046,0.051447459567971046,0.037043162692971046,0.013605662692971046,-0.003972462307028953,-0.002263477932028953,0.031183787692971046,0.034845897067971046,0.012384959567971046,0.012384959567971046,-0.019597462307028954,-0.024968556057028954,-0.013982227932028954,-0.007390431057028953,-0.009343556057028954,-0.025456837307028954,-0.025456837307028954,-0.009099415432028954,0.006525584567971047,0.006525584567971047,0.014826365817971046,0.008234568942971046,0.001886912692971047,0.004084178317971047,0.016535350192971046,0.038996287692971046,0.049738475192971046,-0.005681446682028953,-0.016911915432028954,-0.016911915432028954,-0.002263477932028953,0.016779490817971046,0.007990428317971046,-0.023991993557028954,-0.054753712307028954,-0.06622832168202895,-0.051091602932028954,-0.012517384182028954,-0.002263477932028953,-0.004949024807028953,-0.004949024807028953,-0.021306446682028954,-0.025700977932028954,0.000666209567971047,0.026545115817971046,0.034601756442971046,0.023127147067971046,0.029963084567971046,0.036554881442971046,0.017267772067971046,0.017267772067971046,-0.007390431057028953,-0.021306446682028954,-0.011784962307028954,0.009211131442971046,0.003351756442971047,-0.023991993557028954,-0.049138477932028954,-0.041814259182028954,-0.035222462307028954,-0.035222462307028954,-0.032536915432028954,-0.032536915432028954,-0.044499806057028954,-0.048650196682028954,-0.027898243557028954,-0.005925587307028953,-0.005681446682028953,-0.038884571682028954,-0.027165821682028954,0.013849803317971046,0.013849803317971046,0.037043162692971046,0.023615428317971046,-0.007878712307028954,-0.013738087307028954,0.006037303317971047,0.025812693942971046,0.010920115817971046,0.003351756442971047,0.010431834567971046,0.010431834567971046,0.020685740817971046,0.025080272067971046,0.025568553317971046,0.021906443942971046,0.007258006442971047,-0.004460743557028953,0.015314647067971046,0.024103709567971046,0.021906443942971046,0.021906443942971046,0.017511912692971046,0.016535350192971046,0.018244334567971046,0.023859568942971046,0.027765818942971046,0.027765818942971046,0.026789256442971046,0.022394725192971046,0.026056834567971046,0.028498240817971046,0.028498240817971046,0.024103709567971046,0.020441600192971046,0.016047068942971046,0.012629100192971046,0.009699412692971046,-0.001042774807028953,-0.006902149807028953,0.006037303317971047,0.015558787692971046,0.015558787692971046,0.016535350192971046,0.009211131442971046,-0.001286915432028953,0.000910350192971047,0.019465037692971046,0.038996287692971046,0.042170115817971046,0.012140818942971046,0.012140818942971046,0.012140818942971046,0.018000193942971046,0.025568553317971046,0.024591990817971046,0.016291209567971046,0.012629100192971046,0.006769725192971047,0.001642772067971047,0.001154490817971047,0.004328318942971047,0.004328318942971047,0.002619334567971047,-0.004460743557028953,-0.010808399807028954,-0.013005665432028954,-0.019109181057028954,-0.018865040432028954,-0.016911915432028954,-0.014470509182028954,-0.001775196682028953
UR5e_W,0.012603725094438764,0.042388881344438765,0.037261928219438765,0.019195521969438765,0.007720912594438764,0.010162318844438764,0.021636928219438765,0.026275600094438765,0.012359584469438764,0.012359584469438764,0.0018615375944387638,0.004058803219438764,0.014312709469438764,0.016021693844438765,0.0038146625944387638,-0.012542759280561236,-0.017669712405561235,-0.011810337405561236,-0.007904087405561236,-0.011810337405561236,-0.018402134280561235,-0.024749790530561235,-0.028900181155561235,-0.024749790530561235,-0.017913853030561235,-0.016449009280561235,-0.018402134280561235,-0.022308384280561235,-0.024261509280561235,-0.019622837405561235,-0.014495884280561236,-0.014495884280561236,-0.020599399905561235,-0.021331821780561235,-0.015960728030561235,-0.012298618655561236,-0.012054478030561236,-0.013031040530561236,-0.013275181155561236,-0.011322056155561236,-0.008880649905561236,-0.007904087405561236,-0.006439243655561236,-0.004486118655561236,-0.0015564311555612362,0.0013732563444387638,-0.0020447124055612362,-0.00033572803056123625,-0.00033572803056123625,0.00015255321943876375,0.0013732563444387638,0.006500209469438764,0.011871303219438764,0.009429896969438764,0.006011928219438764,0.004547084469438764,0.005767787594438764,0.009185756344438764,0.010162318844438764,0.009674037594438764,0.010894740719438764,0.010894740719438764,0.015045131344438764,0.016998256344438765,0.011627162594438764,0.0018615375944387638,0.0013732563444387638,0.008453334469438764,0.015777553219438765,0.011627162594438764,-0.0010681499055612362,-0.004730259280561236,0.0008849750944387638,0.010894740719438764,0.0011291157194387638,0.0011291157194387638,0.019439662594438765,-0.007171665530561236,-0.008148228030561236,0.004547084469438764,0.018218959469438765,0.013580287594438764,-0.0018005717805612362,-0.008880649905561236,-0.004241978030561236,0.004791225094438764,0.012847865719438764,0.010650600094438764,-0.0018005717805612362,-0.008880649905561236,-0.006195103030561236,0.0018615375944387638,0.0030822407194387638,-0.0020447124055612362,-0.007659946780561236,-0.006683384280561236,-0.0037536967805612362,-0.0037536967805612362,-0.008392368655561236,-0.006927524905561236,-0.0022888530305612362,-0.0005798686555612362,-0.0005798686555612362,-0.007415806155561236,-0.010833774905561236,-0.004974399905561236,0.00015255321943876375,0.004058803219438764,-0.0013122905305612362,-0.010589634280561236,0.0011291157194387638,-0.007171665530561236,0.0033263813444387638,0.005767787594438764,-0.0022888530305612362,-0.007659946780561236,-0.005462681155561236,-0.007171665530561236,-0.004974399905561236,-0.009613071780561236,-0.009613071780561236,-0.011566196780561236,-0.008392368655561236,-0.006439243655561236,-0.008148228030561236,-0.010345493655561236,-0.006683384280561236,-0.00033572803056123625,0.0033263813444387638,-0.004241978030561236,-0.005950962405561236,-0.005950962405561236,-0.004730259280561236,-0.0010681499055612362,0.004547084469438764,0.006500209469438764,0.005767787594438764,0.005523646969438764,0.004302943844438764,0.009185756344438764,0.017730678219438765,0.017730678219438765,0.009918178219438764,0.006011928219438764,0.010894740719438764,0.006011928219438764,0.006988490719438764,0.019195521969438765,0.016021693844438765,0.0028381000944387638,0.014068568844438764,0.023101771969438765,0.023101771969438765,0.020904506344438765,0.010406459469438764,0.006500209469438764,0.005279506344438764,0.006011928219438764,0.012603725094438764,0.012847865719438764,-0.011322056155561236,-0.007659946780561236,-0.007659946780561236,0.0030822407194387638,0.009185756344438764,0.007232631344438764,-0.007904087405561236,-0.024993931155561235,-0.018157993655561235,0.004058803219438764,0.007720912594438764,-0.047699009280561235,-0.047699009280561235,-0.06430057178056124,-0.050140415530561235,-0.031341587405561235,-0.027191196780561235,-0.041839634280561235,-0.060394321780561235,-0.057220493655561235,-0.039154087405561235,-0.015472446780561236,-0.033294712405561235,-0.033294712405561235,-0.045745884280561235,-0.041595493655561235,-0.015472446780561236,0.010894740719438764,0.021881068844438765,0.005279506344438764,-0.013763462405561236,-0.005462681155561236,0.037261928219438765,0.039459193844438765,0.039459193844438765,0.027740443844438765,0.016509975094438765,0.023834193844438765,0.041900600094438765,0.049224818844438765,0.041656459469438765,0.028717006344438765,0.014312709469438764,0.028961146969438765,0.028961146969438765,0.050445521969438765,0.052886928219438765,0.036041225094438765,0.018218959469438765,0.019195521969438765,0.028228725094438765,0.034820521969438765,0.026275600094438765,0.010894740719438764,0.010894740719438764,0.004547084469438764,0.009918178219438764,0.019195521969438765,0.019195521969438765,0.006500209469438764,-0.010833774905561236,-0.016693149905561235,-0.0035095561555612362,-9.158740556123625e-05,-0.018402134280561235,-0.018402134280561235,-0.026702915530561235,-0.021820103030561235,-0.011322056155561236,-0.008880649905561236,-0.017425571780561235,-0.032074009280561235,-0.041351353030561235,-0.027679478030561235,-0.015228306155561236,-0.015228306155561236,-0.028656040530561235,-0.041351353030561235,-0.032806431155561235,-0.005218540530561236,0.016754115719438765,0.012115443844438764,-0.010589634280561236,-0.030120884280561235,-0.005218540530561236,0.015533412594438764,0.015533412594438764,0.016754115719438765,0.005523646969438764,-0.007659946780561236,-0.009613071780561236,0.0030822407194387638,0.011627162594438764,0.005767787594438764,-0.0005798686555612362,0.00039669384443876375,0.00039669384443876375,0.018218959469438765,0.031158412594438765,0.026519740719438765,0.012359584469438764,-0.004486118655561236,-0.008880649905561236,-0.0030212749055612362,0.008941615719438764,0.005523646969438764,-0.007659946780561236,-0.007659946780561236,-0.009368931155561236,0.0018615375944387638,0.010650600094438764,0.006500209469438764,-0.0037536967805612362,-0.014251743655561236,-0.021331821780561235,-0.0010681499055612362,0.008941615719438764,0.008941615719438764,0.0035705219694387638,-0.010833774905561236,-0.023773228030561235,-0.018157993655561235,-0.004241978030561236,0.0025939594694387638,-0.0020447124055612362,-0.017913853030561235,-0.014984165530561236,-0.014984165530561236,0.0021056782194387638,0.008453334469438764,0.0030822407194387638,-0.005706821780561236,-0.004486118655561236,0.005523646969438764,0.016265834469438765,0.010894740719438764,-0.0030212749055612362,-0.008636509280561236,0.0013732563444387638,0.032867396969438765,0.024566615719438765,0.024566615719438765,0.006011928219438764,-0.005706821780561236,0.0028381000944387638,0.024810756344438765,0.039947475094438765,0.035797084469438765,0.014312709469438764,0.008209193844438764,0.026763881344438765,0.026763881344438765,0.025543178219438765,0.009429896969438764,-0.0037536967805612362,-0.011810337405561236,-0.008636509280561236,0.007232631344438764,0.015289271969438764,0.009429896969438764,-0.025726353030561235,-0.031097446780561235,-0.031097446780561235,-0.024505649905561235,-0.012054478030561236,-0.0032654155305612362,-0.007171665530561236,-0.016937290530561235,-0.019378696780561235,-0.016693149905561235,-0.018402134280561235,-0.020111118655561235,-0.020111118655561235,-0.017181431155561235,-0.011810337405561236,-0.008880649905561236,-0.004730259280561236,0.004791225094438764,0.010406459469438764,-0.0027771342805612362,-0.014740024905561236,-0.017425571780561235,0.0008849750944387638,0.0008849750944387638,0.020660365719438765,0.028472865719438765,0.012359584469438764,-0.011810337405561236,-0.016449009280561235,0.0006408344694387638,0.021636928219438765,0.015045131344438764,-0.005218540530561236,-0.005218540530561236,-0.009613071780561236,0.010162318844438764,0.030670131344438765,0.033111537594438765,0.018218959469438765,-0.006195103030561236,-0.014495884280561236,0.017242396969438765,0.022613490719438765,0.022613490719438765,0.015045131344438764,-0.0022888530305612362,-0.016937290530561235,-0.008880649905561236,0.012115443844438764,0.015777553219438765,0.006744350094438764,-0.011810337405561236,-0.0025329936555612362,-0.0025329936555612362,0.007232631344438764,0.008209193844438764,0.0013732563444387638,-0.007415806155561236,-0.014007603030561236,-0.011077915530561236,0.00015255321943876375,0.008697475094438764,0.008941615719438764,0.008941615719438764,0.007476771969438764,0.0028381000944387638,0.0033263813444387638,0.008209193844438764,0.008209193844438764,0.0023498188444387638,0.007965053219438764,0.016509975094438765,0.006256068844438764,-0.0035095561555612362,-0.0035095561555612362,-0.0018005717805612362,0.004302943844438764,0.0035705219694387638,-0.0013122905305612362,-0.003997837405561236,-0.004241978030561236,-0.0032654155305612362,-0.016449009280561235,-0.026947056155561235,-0.026947056155561235,-0.036224399905561235,-0.035736118655561235,-0.020843540530561235,-0.011322056155561236,-0.013031040530561236,-0.012786899905561236,-0.013519321780561236,-0.028167759280561235,-0.024017368655561235,-0.024017368655561235,-0.013763462405561236,-0.0027771342805612362,-0.0008240092805612362,-0.012786899905561236,-0.015472446780561236,-0.009613071780561236,-0.007659946780561236,-0.004241978030561236,0.019195521969438765,0.021881068844438765,0.021881068844438765,0.022857631344438765,0.026275600094438765,0.024566615719438765,0.016021693844438765,0.011627162594438764,0.019927943844438765,0.032623256344438765,0.032134975094438765,0.027252162594438765,0.027252162594438765,0.023590053219438765,0.027252162594438765,0.033843959469438765,0.029693568844438765,0.016998256344438765,0.006256068844438764,0.006256068844438764,0.020904506344438765,0.005767787594438764,0.005767787594438764,-0.011322056155561236,-0.019378696780561235,-0.017425571780561235,-0.008636509280561236,0.0011291157194387638,-0.0027771342805612362,-0.016937290530561235,-0.027923618655561235,-0.026458774905561235,-0.026458774905561235,-0.010589634280561236,-0.009124790530561236,-0.024993931155561235,-0.038909946780561235,-0.041107212405561235,-0.028900181155561235,-0.017181431155561235,-0.015716587405561235,-0.017181431155561235,-0.014740024905561236,-0.014740024905561236,-0.005462681155561236,0.0023498188444387638,0.004058803219438764,0.0008849750944387638,0.0028381000944387638,0.010406459469438764,0.013580287594438764,0.014556850094438764,0.023590053219438765,0.030425990719438765,0.030425990719438765,0.028472865719438765,0.015289271969438764,0.0028381000944387638,0.012847865719438764,0.030181850094438765,0.033111537594438765,0.023834193844438765,-0.00033572803056123625,-0.00033572803056123625,-0.00033572803056123625,0.008209193844438764,0.014800990719438764,0.005523646969438764,-0.012786899905561236,-0.013519321780561236,-0.008880649905561236,-0.0027771342805612362,-0.005706821780561236,-0.021820103030561235,-0.021820103030561235,-0.031829868655561235,-0.020843540530561235,-0.0020447124055612362,0.007720912594438764,-0.0035095561555612362,-0.021575962405561235,-0.025238071780561235,0.005523646969438764,0.009429896969438764,0.009429896969438764,0.011383021969438764,0.009674037594438764,0.005767787594438764,0.0028381000944387638,0.005523646969438764,0.009918178219438764,0.018707240719438765,0.017974818844438765,0.0016173969694387638,0.008209193844438764,0.008209193844438764,0.016265834469438765,0.011627162594438764,0.004547084469438764,-0.005950962405561236,-0.014740024905561236,-0.014984165530561236,-0.008880649905561236,0.00039669384443876375,-0.012786899905561236,-0.035736118655561235,-0.035736118655561235,-0.043060337405561235,-0.031585728030561235,-0.012054478030561236,0.0025939594694387638,-0.0008240092805612362,-0.020599399905561235,-0.033782993655561235,-0.030365024905561235,-0.019866978030561235,-0.019866978030561235,-0.006927524905561236,0.0021056782194387638,0.004058803219438764,0.0008849750944387638,-0.0018005717805612362,0.007965053219438764,0.021392787594438765,0.025543178219438765,0.020172084469438765,0.020172084469438765,0.012359584469438764,0.017242396969438765,0.036529506344438765,0.050445521969438765,0.041168178219438765,0.022857631344438765,0.015533412594438764,0.035552943844438765,0.030181850094438765,0.030181850094438765,0.012359584469438764,-0.009613071780561236,-0.012054478030561236,0.010650600094438764,0.025299037594438765,0.013580287594438764,-0.008880649905561236,-0.022552524905561235,-0.020355259280561235,0.009185756344438764,-0.004241978030561236,-0.027679478030561235,-0.027679478030561235,-0.040863071780561235,-0.039154087405561235,-0.038177524905561235,-0.032806431155561235,-0.022308384280561235,-0.016937290530561235,-0.009124790530561236,-0.0008240092805612362,-0.014495884280561236,-0.013031040530561236,-0.0022888530305612362,-0.0022888530305612362,0.013580287594438764,0.022857631344438765,0.023345912594438765,0.008209193844438764,-0.010345493655561236,-0.013519321780561236,0.0023498188444387638,0.040924037594438765,0.030181850094438765,0.030181850094438765,-0.0008240092805612362,-0.024749790530561235,-0.019866978030561235,0.0035705219694387638,0.016509975094438765,0.012847865719438764,-0.004730259280561236,-0.024993931155561235,-0.013275181155561236,-0.013275181155561236,0.0011291157194387638,0.0018615375944387638,-0.007171665530561236,-0.018890415530561235,-0.033538853030561235,-0.038177524905561235,-0.019134556155561235,0.016998256344438765,0.0016173969694387638,-0.017181431155561235,-0.017181431155561235,-0.018646274905561235,-0.006195103030561236,0.014312709469438764,0.033843959469438765,0.029449428219438765,0.014556850094438764,0.019927943844438765,0.039703334469438765,0.032623256344438765,0.032623256344438765,0.020660365719438765,0.017486537594438765,0.021392787594438765,0.025543178219438765,0.027252162594438765,0.017242396969438765,0.013580287594438764,0.009674037594438764,0.0021056782194387638,0.0021056782194387638,-0.004730259280561236,-0.0020447124055612362,0.0006408344694387638,-0.0032654155305612362,-0.017425571780561235,-0.025238071780561235,-0.022796665530561235,-0.030120884280561235,-0.037933384280561235,-0.026702915530561235,-0.014251743655561236,-0.014251743655561236,-0.007171665530561236,-0.014007603030561236,-0.030120884280561235,-0.025970493655561235,0.004302943844438764,0.020904506344438765,0.010650600094438764,-0.006195103030561236,0.006744350094438764,0.006744350094438764,0.012115443844438764,0.007965053219438764,0.008209193844438764,0.015045131344438764,0.011627162594438764,-0.008880649905561236,-0.020599399905561235,0.024078334469438765,0.026763881344438765,-0.0032654155305612362,-0.0032654155305612362,-0.037200962405561235,-0.033050571780561235,0.0028381000944387638,0.023101771969438765,0.007720912594438764,-0.020599399905561235,-0.034515415530561235,-0.028900181155561235,-0.014007603030561236,-0.0032654155305612362,-0.003997837405561236,-0.018402134280561235,0.0011291157194387638,-0.008392368655561236,0.004058803219438764,0.018218959469438765,0.027496303219438765,0.015289271969438764,-0.0025329936555612362,0.007965053219438764,0.050689662594438765,0.040924037594438765,0.016509975094438765,0.005767787594438764,0.014800990719438764,0.014800990719438764,0.021392787594438765,0.020904506344438765,0.021881068844438765,0.025299037594438765,0.015533412594438764,-0.0030212749055612362,-0.008148228030561236,0.0028381000944387638,0.018463100094438765,0.020416225094438765,-0.0032654155305612362,-0.036956821780561235,-0.046478306155561235,-0.020843540530561235,0.012603725094438764,0.018463100094438765,-0.004486118655561236,-0.031585728030561235,-0.039154087405561235,-0.022064243655561235,0.008209193844438764,0.027496303219438765,0.016998256344438765,-0.028167759280561235,-0.013519321780561236,0.014312709469438764,0.027984584469438765,0.0011291157194387638,0.022857631344438765,0.0016173969694387638,-0.028411899905561235,-0.018890415530561235,0.013824428219438764,0.023101771969438765,-0.0022888530305612362,-0.032318149905561235,-0.032318149905561235,-0.029388462405561235,0.0016173969694387638,0.018218959469438765,-0.005218540530561236,-0.041107212405561235,-0.035491978030561235,-0.008392368655561236,-0.00033572803056123625,-0.00033572803056123625,-0.015716587405561235,-0.032318149905561235,-0.023773228030561235,0.008697475094438764,0.038726771969438765,0.041168178219438765,0.010894740719438764,-0.020843540530561235,-0.021331821780561235,0.014312709469438764,0.057525600094438765,0.058990443844438765,0.023345912594438765,-0.013519321780561236,-0.026702915530561235,-0.006927524905561236,0.045318568844438765,0.026031459469438765,-0.011077915530561236,-0.020355259280561235,0.011627162594438764,0.011627162594438764,0.047515834469438765,0.037506068844438765,-0.004730259280561236,-0.044281040530561235,-0.048431431155561235,-0.012298618655561236,0.031402553219438765,0.033843959469438765,0.0016173969694387638,-0.023529087405561235,-0.023773228030561235,0.008453334469438764,0.041168178219438765,0.040435756344438765,0.014068568844438764,-0.003997837405561236,0.021392787594438765,0.028228725094438765,0.028228725094438765,0.019439662594438765,-0.005950962405561236,-0.030365024905561235,-0.030120884280561235,-0.007415806155561236,0.014800990719438764,0.006500209469438764,-0.027191196780561235,-0.044036899905561235,-0.024017368655561235,-0.0005798686555612362,-0.032318149905561235,-0.060394321780561235,-0.060394321780561235,-0.061615024905561235,-0.030609165530561235,0.014312709469438764,0.026519740719438765,-0.0025329936555612362,-0.035491978030561235,0.015045131344438764,0.045318568844438765,0.039947475094438765,0.007232631344438764,0.007232631344438764,-0.019866978030561235,-0.012786899905561236,0.015533412594438764,0.028228725094438765,0.011871303219438764,-0.015228306155561236,-0.023529087405561235,0.016754115719438765,0.016754115719438765,0.016754115719438765,-0.007415806155561236,-0.029632603030561235,-0.029876743655561235,-0.012786899905561236,0.0038146625944387638,0.010406459469438764,-0.004730259280561236,-0.020111118655561235,-0.016937290530561235,-0.013519321780561236,-0.027923618655561235,-0.027923618655561235,-0.034759556155561235,-0.028656040530561235,-0.008636509280561236,0.021148646969438765,0.046295131344438765,0.039947475094438765,0.015045131344438764,0.0011291157194387638,-0.028411899905561235,-0.005950962405561236,0.034820521969438765,0.025543178219438765,-0.008636509280561236,-0.008636509280561236,-0.019134556155561235,-0.010589634280561236,0.009185756344438764,0.025299037594438765,0.023101771969438765,0.006256068844438764,-0.016204868655561235,-0.008392368655561236,0.014068568844438764,0.025299037594438765,0.025299037594438765,0.019439662594438765,-0.0015564311555612362,-0.007659946780561236,0.011383021969438764,0.030914271969438765,0.031158412594438765,0.015045131344438764,0.020172084469438765,0.022857631344438765,0.022857631344438765,0.018463100094438765,0.014312709469438764,0.016998256344438765,0.006744350094438764,-0.009368931155561236,-0.009368931155561236,-0.020355259280561235,-0.016449009280561235,-0.0020447124055612362,0.014068568844438764,0.017974818844438765,0.0013732563444387638,-0.018890415530561235,-0.024505649905561235,-0.007659946780561236,0.014800990719438764,0.012359584469438764,-0.019622837405561235,-0.043548618655561235,-0.043548618655561235,-0.041107212405561235,-0.019622837405561235,-0.0030212749055612362,-0.011566196780561236,-0.030609165530561235,-0.036712681155561235,-0.00033572803056123625,0.016509975094438765,0.014312709469438764,0.014312709469438764,-0.008636509280561236,-0.030609165530561235,-0.031829868655561235,-0.014495884280561236,0.0035705219694387638,0.012359584469438764,0.005767787594438764,-0.0008240092805612362,0.0023498188444387638,0.0023498188444387638,0.007232631344438764,0.013580287594438764,0.019195521969438765,0.020660365719438765,0.021148646969438765,0.015289271969438764,-0.0030212749055612362,-0.0032654155305612362,0.0021056782194387638,0.0021056782194387638,0.011871303219438764,0.016754115719438765,0.009674037594438764,-0.004974399905561236,-0.014984165530561236,-0.011077915530561236,0.014556850094438764,0.010162318844438764,-0.0022888530305612362,-0.0022888530305612362,-0.011077915530561236,-0.015716587405561235,-0.010101353030561236,0.005523646969438764,0.012603725094438764,0.006988490719438764,-0.014251743655561236,-0.006195103030561236,0.007720912594438764,0.007720912594438764,0.015289271969438764,0.005279506344438764,-0.007415806155561236,-0.004974399905561236,0.006744350094438764,0.014312709469438764,0.016754115719438765,0.012115443844438764,0.0006408344694387638,0.004547084469438764,0.009918178219438764,0.009918178219438764,0.012359584469438764,0.010650600094438764,0.0038146625944387638,-0.0027771342805612362,-0.005218540530561236,0.0013732563444387638,0.004302943844438764,-0.0013122905305612362,-0.005706821780561236,-0.005706821780561236,-0.004241978030561236,0.0011291157194387638,-0.0005798686555612362,-0.008148228030561236,-0.014740024905561236,-0.015228306155561236,-0.0022888530305612362,0.0035705219694387638,0.0018615375944387638,0.0018615375944387638,-0.007415806155561236,-0.016449009280561235,-0.017669712405561235,-0.012786899905561236,-0.0018005717805612362,0.0035705219694387638,-0.010589634280561236,-0.012786899905561236,-0.006439243655561236,-0.006439243655561236,0.0021056782194387638,0.004058803219438764,0.0025939594694387638,-0.0018005717805612362,-0.0027771342805612362,-0.0010681499055612362,0.006256068844438764,0.0033263813444387638,0.0016173969694387638,0.0016173969694387638,-0.0008240092805612362,0.0018615375944387638,0.006011928219438764,0.005279506344438764,0.005523646969438764,0.0035705219694387638,0.005035365719438764,0.006744350094438764,0.004791225094438764,0.004791225094438764,0.008209193844438764,0.0025939594694387638,-0.017913853030561235,-0.033782993655561235,-0.027679478030561235,0.0016173969694387638,0.028472865719438765,0.014800990719438764,0.015533412594438764,0.015533412594438764,0.040435756344438765,0.06802364696943876,0.06362911571943876,0.029205287594438765,0.005767787594438764,0.013824428219438764,0.056793178219438765,0.043609584469438765,0.011627162594438764,0.011627162594438764,-0.018646274905561235,-0.028167759280561235,-0.013519321780561236,-0.0005798686555612362,-0.005950962405561236,-0.027191196780561235,-0.051361118655561235,-0.029144321780561235,-0.005950962405561236,-0.005950962405561236,-0.008148228030561236,-0.035491978030561235,-0.060882603030561235,-0.056488071780561235,-0.022064243655561235,0.011138881344438764,-0.008392368655561236,-0.039398228030561235,-0.051849399905561235,-0.051849399905561235,-0.041839634280561235,-0.025238071780561235,-0.019622837405561235,-0.025726353030561235,-0.027191196780561235,-0.018890415530561235,-0.017669712405561235,-0.042572056155561235,-0.031341587405561235,-0.031341587405561235,-0.006927524905561236,0.013092006344438764,0.004547084469438764,-0.026458774905561235,-0.048919712405561235,-0.033782993655561235,0.010162318844438764,0.040679896969438765,0.007476771969438764,-0.015716587405561235,-0.015716587405561235,-0.013519321780561236,0.013824428219438764,0.035552943844438765,0.034820521969438765,0.023345912594438765,0.018707240719438765,0.043853725094438765,0.039215053219438765,0.026519740719438765,0.026519740719438765,0.023345912594438765,0.022369350094438765,0.024566615719438765,0.025543178219438765,0.018463100094438765,0.0025939594694387638,-0.015472446780561236,-0.0032654155305612362,0.020172084469438765,0.020172084469438765,0.030425990719438765,0.025787318844438765,0.019195521969438765,0.021881068844438765,0.031402553219438765,0.041900600094438765,0.030181850094438765,0.025054896969438765,0.033843959469438765,0.033843959469438765,0.050933803219438765,0.056549037594438765,0.050445521969438765,0.030181850094438765,0.004791225094438764,0.0033263813444387638,0.013336146969438764,-0.010345493655561236,-0.035247837405561235,-0.035247837405561235,-0.044036899905561235,-0.037200962405561235,-0.028167759280561235,-0.031341587405561235,-0.035736118655561235,-0.022552524905561235,0.0021056782194387638,0.00039669384443876375,-0.022796665530561235,-0.027191196780561235,-0.027191196780561235,0.0025939594694387638,0.043365443844438765,0.061431850094438765,0.056304896969438765,0.037261928219438765,0.025299037594438765,-0.004241978030561236,-0.059906040530561235,3.2191891313764546e-05,3.2191891313764546e-05,3.2191891313764546e-05,3.2191891313764546e-05,-0.058929478030561235,-0.047454868655561235,-0.062347446780561235,-0.08895877490556124,-0.06454471240556124,-0.016449009280561235,0.024078334469438765,0.024078334469438765,0.033599818844438765,0.027984584469438765,0.030914271969438765,0.054840053219438765,0.07217403759443876,0.044342006344438765,-0.018890415530561235,0.0030822407194387638,0.047759975094438765,0.047759975094438765,0.06729122509443876,0.033599818844438765,-0.034759556155561235,-0.08407596240556124,-0.07968143115556124,-0.027679478030561235,0.043121303219438765,0.039215053219438765,0.018218959469438765,0.018218959469438765,0.0028381000944387638,0.007965053219438764,0.028228725094438765,0.048004115719438765,0.061431850094438765,0.06997677196943876,0.051666225094438765,0.024322475094438765,-0.006195103030561236,-0.006195103030561236,-0.031829868655561235,-0.037445103030561235,-0.020355259280561235,-0.008880649905561236,-0.007659946780561236,-0.018402134280561235,-0.051116978030561235,-0.040863071780561235,-0.006927524905561236,-0.006927524905561236,0.025299037594438765,0.027984584469438765,0.00039669384443876375,-0.020111118655561235,-0.012054478030561236,0.015533412594438764,0.016265834469438765,-0.017913853030561235,-0.033782993655561235,-0.012298618655561236,-0.012298618655561236,0.005767787594438764,-0.015472446780561236,-0.048431431155561235,-0.057952915530561235,-0.053314243655561235,-0.049652134280561235,-0.044769321780561235,-0.021820103030561235,0.007720912594438764,0.007720912594438764,0.012115443844438764,-0.020111118655561235,-0.031829868655561235,-0.010589634280561236,0.008941615719438764,0.020660365719438765,0.036041225094438765,0.041412318844438765,0.041168178219438765,0.041168178219438765,0.030181850094438765,0.014800990719438764,0.004058803219438764,0.015045131344438764,0.029449428219438765,0.017730678219438765,-0.014740024905561236,-0.018157993655561235,-0.030120884280561235,-0.030120884280561235,-0.041351353030561235,-0.037445103030561235,-0.012542759280561236,0.017486537594438765,0.019927943844438765,-0.005706821780561236,0.004302943844438764,0.033599818844438765,0.038726771969438765,0.038726771969438765,0.024322475094438765,0.019439662594438765,0.023590053219438765,0.025787318844438765,0.029693568844438765,0.029937709469438765,0.031402553219438765,0.020904506344438765,-0.0037536967805612362,-0.0037536967805612362,-0.014251743655561236,-0.008148228030561236,-0.007415806155561236,-0.022308384280561235,-0.044769321780561235,-0.052093540530561235,0.005035365719438764,0.014800990719438764,-0.0032654155305612362,-0.008148228030561236,-0.008148228030561236,0.005279506344438764,0.022125209469438765,0.032379115719438765,0.026763881344438765,0.018218959469438765,0.038482631344438765,0.043609584469438765,0.035308803219438765,0.033843959469438765,0.033843959469438765,0.032867396969438765,0.026763881344438765,0.022613490719438765,0.020904506344438765,0.007476771969438764,-0.011322056155561236,-0.020111118655561235,-0.020599399905561235,-0.021820103030561235,-0.021820103030561235,-0.027679478030561235,-0.035003696780561235,-0.040130649905561235,-0.031341587405561235,-0.009613071780561236,0.008697475094438764,-0.011566196780561236,-0.015228306155561236,-0.015472446780561236,-0.011077915530561236,-0.011077915530561236,-0.0030212749055612362,0.006744350094438764,0.027984584469438765,0.038970912594438765,0.030914271969438765,-0.005950962405561236,-0.0037536967805612362,0.009674037594438764,0.009674037594438764,0.009674037594438764,-0.013275181155561236,-0.043548618655561235,-0.049652134280561235,-0.035003696780561235,-0.020599399905561235,-0.057952915530561235,-0.08236697803056124,-0.07455447803056124,-0.042327915530561235,-0.042327915530561235,-0.005950962405561236,0.0023498188444387638,-0.008880649905561236,-0.015960728030561235,-0.012054478030561236,0.0025939594694387638,-0.0030212749055612362,-0.009613071780561236,0.016754115719438765,0.016754115719438765,0.061187709469438765,0.07485958446943876,0.046783412594438765,0.007232631344438764,-0.005706821780561236,0.022613490719438765,0.059967006344438765,0.024322475094438765,-0.009368931155561236,-0.009368931155561236,-0.021820103030561235,-0.013519321780561236,0.0023498188444387638,0.0028381000944387638,-0.014495884280561236,-0.036956821780561235,-0.032806431155561235,-0.005950962405561236,0.026519740719438765,0.026519740719438765,0.032379115719438765,-9.158740556123625e-05,-0.039154087405561235,-0.037445103030561235,0.006011928219438764,0.045806850094438765,0.015289271969438764,-0.018890415530561235,-0.014007603030561236,-0.014007603030561236,0.033111537594438765,0.06338497509443876,0.053863490719438765,0.031158412594438765,0.018951381344438765,0.011627162594438764,-0.004974399905561236,-9.158740556123625e-05,0.014312709469438764,0.014312709469438764,0.020904506344438765,-0.004486118655561236,-0.044769321780561235,-0.061859165530561235,-0.042572056155561235,-0.021575962405561235,-0.028167759280561235,-0.037445103030561235,-0.033782993655561235,-0.014495884280561236,-0.014495884280561236,-9.158740556123625e-05,-0.0018005717805612362,-0.008636509280561236,-0.0037536967805612362,0.009674037594438764,0.027496303219438765,0.036041225094438765,0.026031459469438765,0.012847865719438764,0.012847865719438764,0.010894740719438764,0.021148646969438765,0.039215053219438765,0.044342006344438765,0.035797084469438765,0.016021693844438765,0.011138881344438764,0.0038146625944387638,-0.0013122905305612362,-0.0013122905305612362,-0.008880649905561236,-0.020599399905561235,-0.017425571780561235,-0.009124790530561236,-0.0015564311555612362,-0.025726353030561235,-0.043060337405561235,-0.045013462405561235,-0.025482212405561235,-0.025482212405561235,-0.005950962405561236,-0.005706821780561236,-0.027191196780561235,-0.042083774905561235,-0.032318149905561235,0.016509975094438765,0.014312709469438764,-0.0030212749055612362,-0.011566196780561236,-0.011566196780561236,-0.006683384280561236,0.0011291157194387638,0.016754115719438765,0.034820521969438765,0.041412318844438765,0.006500209469438764,-0.007904087405561236,-0.006195103030561236,0.018951381344438765,0.018951381344438765,0.043365443844438765,0.046050990719438765,0.023590053219438765,-0.007659946780561236,-0.015228306155561236,-0.0037536967805612362,0.012359584469438764,0.004791225094438764,-0.019866978030561235,-0.019866978030561235,-0.034271274905561235,-0.032562290530561235,-0.017181431155561235,-0.004974399905561236,-0.007415806155561236,-0.037689243655561235,-0.019378696780561235,0.00015255321943876375,0.006256068844438764,0.006256068844438764,0.010894740719438764,0.008209193844438764,0.004058803219438764,0.0011291157194387638,-0.0032654155305612362,-0.007415806155561236,0.023101771969438765,0.016998256344438765,-0.005950962405561236,-0.005950962405561236,-0.017181431155561235,-0.007415806155561236,0.019927943844438765,0.035797084469438765,0.023345912594438765,-0.0010681499055612362,-0.017181431155561235,-0.006195103030561236,0.013336146969438764,0.013336146969438764,0.020416225094438765,0.014312709469438764,-0.0027771342805612362,-0.021820103030561235,-0.022064243655561235,-0.0013122905305612362,-0.013763462405561236,-0.029388462405561235,-0.032806431155561235,-0.017181431155561235,-0.017181431155561235,-0.011077915530561236,-0.020355259280561235,-0.025970493655561235,-0.022796665530561235,-0.011810337405561236,0.0021056782194387638,0.0035705219694387638,0.0023498188444387638,0.00015255321943876375,0.00015255321943876375,-0.007415806155561236,0.0028381000944387638,0.027252162594438765,0.033599818844438765,0.012847865719438764,-0.012542759280561236,0.007720912594438764,0.038970912594438765,0.042633021969438765,0.024322475094438765,0.015777553219438765,0.0011291157194387638,0.023590053219438765,0.035552943844438765,0.025787318844438765,0.008453334469438764,0.006988490719438764,0.018707240719438765,0.0011291157194387638,-0.012786899905561236,-0.012054478030561236,-0.012054478030561236,-0.010345493655561236,-0.0018005717805612362,0.0006408344694387638,-0.007659946780561236,-0.014984165530561236,-0.033294712405561235,-0.029876743655561235,-0.013519321780561236,-0.005706821780561236,-0.014740024905561236,-0.031585728030561235,-0.031585728030561235,-0.036468540530561235,-0.023529087405561235,-0.0035095561555612362,0.0013732563444387638,-0.004730259280561236,-0.004486118655561236,0.012115443844438764,0.013092006344438764,0.011627162594438764,0.011627162594438764,0.013336146969438764,0.025543178219438765,0.044586146969438765,0.044342006344438765,0.027008021969438765,0.009674037594438764,0.008453334469438764,0.016509975094438765,0.021636928219438765,0.026031459469438765,0.031158412594438765,0.024566615719438765,0.009674037594438764,0.009674037594438764,-0.007659946780561236,-0.014007603030561236,-0.0027771342805612362,0.013824428219438764,0.010162318844438764,-0.011322056155561236,-0.045013462405561235,-0.031585728030561235,-0.011566196780561236,-0.0013122905305612362,-0.0013122905305612362,-0.013763462405561236,-0.037689243655561235,-0.045013462405561235,-0.028167759280561235,-0.006195103030561236,0.0011291157194387638,-0.009613071780561236,-0.033294712405561235,-0.048431431155561235,-0.003997837405561236,0.020904506344438765,0.017730678219438765,-0.004730259280561236,-0.004730259280561236,-0.019134556155561235,-0.007904087405561236,0.010650600094438764,0.020172084469438765,0.024078334469438765,0.021148646969438765,0.015533412594438764,0.009429896969438764,0.009429896969438764,0.010162318844438764,0.010162318844438764,0.016754115719438765,0.023834193844438765,0.023101771969438765,0.010894740719438764,-0.012054478030561236,-0.010833774905561236,0.016754115719438765,0.033599818844438765,0.024566615719438765,0.024566615719438765,-0.0025329936555612362,-0.020843540530561235,-0.015472446780561236,0.011627162594438764,0.039703334469438765,0.0011291157194387638,-0.0005798686555612362,-0.024017368655561235,-0.018646274905561235,0.028717006344438765,0.023590053219438765,-0.0035095561555612362,-0.030365024905561235,-0.030365024905561235,-0.032318149905561235,-0.014495884280561236,0.014556850094438764,0.028228725094438765,0.011138881344438764,-0.025238071780561235,-0.027191196780561235,-0.006683384280561236,0.009918178219438764,0.009918178219438764,0.018951381344438765,0.008453334469438764,-0.018402134280561235,-0.032806431155561235,-0.022796665530561235,0.0025939594694387638,0.018951381344438765,0.0016173969694387638,-0.005462681155561236,-0.0005798686555612362,0.004791225094438764,0.004791225094438764,0.005767787594438764,0.009918178219438764,0.008209193844438764,-0.0022888530305612362,-0.004241978030561236,0.008941615719438764,0.008697475094438764,0.008453334469438764,0.012603725094438764,0.012603725094438764,0.009429896969438764,0.005035365719438764,0.009185756344438764,0.011383021969438764,0.014556850094438764,0.014068568844438764,0.007476771969438764,0.004058803219438764,0.008697475094438764,0.017974818844438765,0.012847865719438764,-0.0013122905305612362,-0.0013122905305612362,-0.010833774905561236,-0.010101353030561236,-0.003997837405561236,0.0008849750944387638,0.006500209469438764,-0.006439243655561236,-0.018157993655561235,-0.016693149905561235,-0.007659946780561236,-0.005706821780561236,-0.014251743655561236,-0.014251743655561236,-0.015228306155561236,-0.011322056155561236,-0.013519321780561236,-0.020111118655561235,-0.029388462405561235,-0.031341587405561235,-0.026702915530561235,0.0016173969694387638,0.00039669384443876375,-0.012542759280561236,-0.019134556155561235,-0.019134556155561235,-0.009368931155561236,0.0021056782194387638,-0.0018005717805612362,-0.004730259280561236,-0.0015564311555612362,0.005279506344438764,0.011383021969438764,0.00015255321943876375,-0.011077915530561236,-0.0037536967805612362,-0.0037536967805612362,0.023345912594438765,0.040679896969438765,0.034332240719438765,0.011383021969438764,-0.015716587405561235,-0.020355259280561235,0.038482631344438765,0.053619350094438765,0.028961146969438765,-0.019134556155561235,-0.019134556155561235,-0.032318149905561235,-0.00033572803056123625,0.025787318844438765,0.023345912594438765,0.0023498188444387638,-0.012054478030561236,-0.0022888530305612362,0.008209193844438764,0.0028381000944387638,0.0028381000944387638,-0.013763462405561236,-0.022552524905561235,-0.011810337405561236,0.0038146625944387638,0.011383021969438764,0.010406459469438764,-0.007659946780561236,-0.012054478030561236,0.006744350094438764,0.021636928219438765,0.021636928219438765,0.018218959469438765,-0.0020447124055612362,-0.018890415530561235,-0.013763462405561236,0.010650600094438764,0.005279506344438764,-0.022796665530561235,-0.029876743655561235,-0.0030212749055612362,-0.0030212749055612362,0.022613490719438765,0.016265834469438765,-0.004974399905561236,-0.024017368655561235,-0.031829868655561235,0.010406459469438764,0.024078334469438765,-0.0013122905305612362,-0.034027134280561235,-0.034027134280561235,-0.034027134280561235,-0.006439243655561236,0.016021693844438765,0.010650600094438764,-0.020111118655561235,-0.045745884280561235,0.016021693844438765,0.045074428219438765,0.022613490719438765,-0.028900181155561235,-0.028900181155561235,-0.051361118655561235,-0.023284946780561235,0.022125209469438765,0.047759975094438765,0.037261928219438765,-0.0020447124055612362,-0.027191196780561235,0.016021693844438765,0.044830287594438765,0.035308803219438765,0.035308803219438765,-0.0020447124055612362,-0.030365024905561235,-0.026458774905561235,0.012115443844438764,0.037506068844438765,-0.0032654155305612362,-0.013031040530561236,-0.005706821780561236,0.006256068844438764,0.006256068844438764,0.023345912594438765,0.021636928219438765,-0.004241978030561236,-0.020355259280561235,-0.003997837405561236,0.020660365719438765,0.010406459469438764,-0.018157993655561235,-0.026702915530561235,-0.005706821780561236,-0.005706821780561236,0.022857631344438765,0.024322475094438765,-0.005218540530561236,-0.027435337405561235,-0.020843540530561235,0.025543178219438765,0.023345912594438765,-0.0035095561555612362,0.0011291157194387638,-0.027679478030561235,-0.026214634280561235,0.004302943844438764,0.031402553219438765,0.032623256344438765,0.0006408344694387638,-0.035247837405561235,-0.032074009280561235,0.042388881344438765,0.028228725094438765,-0.012298618655561236,-0.034515415530561235,-0.025726353030561235,0.010162318844438764,0.036285365719438765,0.023834193844438765,0.023834193844438765,-0.014007603030561236,-0.042572056155561235,-0.027435337405561235,0.017974818844438765,0.015533412594438764,-0.034271274905561235,-0.054290806155561235,-0.022064243655561235,0.025299037594438765,0.025299037594438765,0.039703334469438765,-0.0015564311555612362,-0.052825962405561235,-0.053802524905561235,-0.014740024905561236,0.040924037594438765,0.0028381000944387638,-0.039154087405561235,-0.042572056155561235,-0.042572056155561235,0.0016173969694387638,0.046783412594438765,0.048004115719438765,0.006011928219438764,-0.036956821780561235,0.006011928219438764,0.051422084469438765,0.044830287594438765,-0.003997837405561236,-0.003997837405561236,-0.042572056155561235,-0.031097446780561235,0.017242396969438765,0.052398646969438765,0.029937709469438765,-0.050628696780561235,-0.019378696780561235,0.036041225094438765,0.050445521969438765,0.050445521969438765,0.009185756344438764,-0.041351353030561235,-0.045990024905561235,-0.0008240092805612362,0.043365443844438765,-0.005462681155561236,-0.034515415530561235,-0.022796665530561235,0.014312709469438764,0.014312709469438764,0.038726771969438765,0.023590053219438765,-0.010345493655561236,-0.021820103030561235,0.00039669384443876375,0.030425990719438765,0.010894740719438764,-0.018890415530561235,-0.024993931155561235,-0.024993931155561235,0.0025939594694387638,0.032134975094438765,0.030670131344438765,0.0035705219694387638,-0.020843540530561235,0.004547084469438764,0.027740443844438765,0.011871303219438764,-0.029388462405561235,-0.043548618655561235,-0.043548618655561235,-0.012786899905561236,0.023590053219438765,0.020660365719438765,-0.015716587405561235,-0.026947056155561235,0.010406459469438764,0.025299037594438765,0.0006408344694387638,-0.033782993655561235,-0.033782993655561235,-0.034759556155561235,-0.007415806155561236,0.023345912594438765,0.030425990719438765,0.0033263813444387638,-0.023773228030561235,0.005035365719438764,0.027008021969438765,0.025787318844438765,0.025787318844438765,-0.0005798686555612362,-0.030609165530561235,-0.026947056155561235,0.009429896969438764,0.029693568844438765,-0.0027771342805612362,-0.019378696780561235,-0.015472446780561236,0.005279506344438764,0.005279506344438764,0.023345912594438765,0.004302943844438764,-0.026214634280561235,-0.023284946780561235,0.013824428219438764,0.032134975094438765,-0.014495884280561236,-0.048187290530561235,-0.027923618655561235,0.029449428219438765,0.029449428219438765,0.06338497509443876,0.030670131344438765,-0.036224399905561235,-0.06552127490556124,0.018707240719438765,0.044342006344438765,0.018463100094438765,-0.036224399905561235,-0.06918338428056124,-0.06918338428056124,-0.039886509280561235,0.022857631344438765,0.061920131344438765,0.040924037594438765,-0.032806431155561235,-0.010833774905561236,0.037994350094438765,0.06289669384443876,0.038726771969438765,0.038726771969438765,-0.003997837405561236,-0.013763462405561236,0.018463100094438765,0.061431850094438765,0.07583614696943876,0.004791225094438764,-0.012054478030561236,0.009429896969438764,0.037750209469438765,0.037750209469438765,0.045806850094438765,0.022857631344438765,-0.006683384280561236,-0.015472446780561236,0.0006408344694387638,0.016509975094438765,-0.005950962405561236,-0.030365024905561235,-0.032074009280561235,-0.032074009280561235,-0.010589634280561236,0.009429896969438764,0.008697475094438764,-0.004974399905561236,-0.022064243655561235,-0.006683384280561236,0.009429896969438764,0.013336146969438764,-0.0015564311555612362,-0.0015564311555612362,-0.020111118655561235,-0.021331821780561235,-0.006927524905561236,0.007720912594438764,0.009185756344438764,-0.028900181155561235,-0.028656040530561235,-0.011322056155561236,0.0006408344694387638,0.0006408344694387638,-0.004241978030561236,-0.019134556155561235,-0.031341587405561235,-0.032806431155561235,-0.023773228030561235,-0.021820103030561235,-0.032562290530561235,-0.039398228030561235,-0.035247837405561235,-0.035247837405561235,-0.025726353030561235,-0.016449009280561235,-0.021575962405561235,-0.035003696780561235,-0.041351353030561235,-0.010101353030561236,0.0038146625944387638,-0.0020447124055612362,-0.024505649905561235,-0.024505649905561235,-0.043304478030561235,-0.041107212405561235,-0.019378696780561235,0.0035705219694387638,0.014800990719438764,-0.017181431155561235,-0.025726353030561235,-0.018890415530561235,0.0025939594694387638,0.0025939594694387638,0.017242396969438765,0.012847865719438764,-0.004241978030561236,-0.023529087405561235,-0.026214634280561235,0.008697475094438764,0.012603725094438764,0.005523646969438764,-0.0022888530305612362,-0.0022888530305612362,-0.007415806155561236,-0.0015564311555612362,0.019927943844438765,0.025054896969438765,-9.158740556123625e-05,-0.051605259280561235,-0.041839634280561235,-0.023529087405561235,-0.011077915530561236,-0.011077915530561236,-0.016449009280561235,-0.032318149905561235,-0.034027134280561235,-0.014495884280561236,0.005035365719438764,0.021881068844438765,0.022613490719438765,0.019683803219438765,0.026275600094438765,0.033843959469438765,0.033843959469438765,0.026519740719438765,0.016265834469438765,0.017486537594438765,0.019195521969438765,0.015045131344438764,0.014800990719438764,0.019195521969438765,0.024078334469438765,0.016754115719438765,0.016754115719438765,0.0038146625944387638,-0.0030212749055612362,0.0030822407194387638,0.009674037594438764,0.009185756344438764,0.0028381000944387638,-0.0005798686555612362,0.0030822407194387638,0.011871303219438764,0.011871303219438764,0.015289271969438764,0.021636928219438765,0.026763881344438765,0.025054896969438765,0.009185756344438764,0.016509975094438765,0.026519740719438765,0.029449428219438765,0.029937709469438765,0.029937709469438765,0.028961146969438765,0.026031459469438765,0.023101771969438765,0.015045131344438764,0.006256068844438764,0.009918178219438764,0.016021693844438765,0.019683803219438765,0.012115443844438764,0.012115443844438764,-0.0025329936555612362,-0.012542759280561236,-0.004730259280561236,0.009185756344438764,0.020416225094438765,0.012847865719438764,-0.005950962405561236,-0.014740024905561236,-0.006439243655561236,-0.006439243655561236,0.014312709469438764,0.023345912594438765,0.017486537594438765,-0.0005798686555612362,-0.010833774905561236,0.0033263813444387638,0.014556850094438764,0.012847865719438764,0.0016173969694387638,0.0016173969694387638,-0.011810337405561236,-0.010101353030561236,0.00015255321943876375,0.004791225094438764,-0.007415806155561236,-0.012542759280561236,-0.009857212405561236,-0.0037536967805612362,-0.004241978030561236,-0.004241978030561236,-0.012298618655561236,-0.019622837405561235,-0.016449009280561235,-0.007171665530561236,-0.005706821780561236,-0.028411899905561235,-0.031829868655561235,-0.024993931155561235,-0.011322056155561236,-0.0018005717805612362,-0.0018005717805612362,-0.0015564311555612362,-0.0035095561555612362,-0.0027771342805612362,-0.0025329936555612362,0.012115443844438764,0.014800990719438764,0.010406459469438764,0.0016173969694387638,-0.0005798686555612362,0.004058803219438764,0.004058803219438764,0.013580287594438764,0.016021693844438765,0.011383021969438764,0.008453334469438764,0.010162318844438764,0.015289271969438764,0.014800990719438764,0.007476771969438764,0.0030822407194387638,0.004058803219438764,0.009674037594438764,0.009674037594438764,0.015777553219438765,0.015289271969438764,0.005767787594438764,-0.006439243655561236,-0.018402134280561235,-0.0013122905305612362,0.005279506344438764,-0.004974399905561236,-0.024261509280561235,-0.024261509280561235,-0.037689243655561235,-0.034271274905561235,-0.024749790530561235,-0.023284946780561235,-0.028167759280561235,-0.038665806155561235,-0.042083774905561235,-0.040863071780561235,-0.032806431155561235,-0.032806431155561235,-0.018646274905561235,-0.010833774905561236,-0.014251743655561236,-0.021575962405561235,-0.026947056155561235,-0.014007603030561236,-0.0020447124055612362,0.0028381000944387638,0.0023498188444387638,0.0030822407194387638,0.0030822407194387638,-0.00033572803056123625,0.00039669384443876375,0.013092006344438764,0.027008021969438765,0.023590053219438765,0.017974818844438765,0.024078334469438765,0.031890834469438765,0.027740443844438765,0.008453334469438764,-0.008392368655561236,-0.008392368655561236,-0.007415806155561236,-9.158740556123625e-05,0.0021056782194387638,-0.010101353030561236,-0.033294712405561235,-0.042327915530561235,-0.051849399905561235,-0.052093540530561235,-0.036712681155561235,-0.036712681155561235,-0.0030212749055612362,0.028472865719438765,0.034820521969438765,0.012847865719438764,-0.019134556155561235,0.004791225094438764,0.037750209469438765,0.059967006344438765,0.057281459469438765,0.057281459469438765,0.034332240719438765,0.018707240719438765,0.024078334469438765,0.050201381344438765,3.2191891313764546e-05,0.07266231884443876,0.052398646969438765,0.041412318844438765,0.032623256344438765,0.032623256344438765,0.023345912594438765,0.019683803219438765,0.019439662594438765,0.014312709469438764,-0.013031040530561236,-0.023040806155561235,-0.027191196780561235,-0.033782993655561235,-0.039398228030561235,-0.039398228030561235,-0.032318149905561235,-0.021087681155561235,-0.014495884280561236,-0.019622837405561235,-0.033050571780561235,-0.017669712405561235,-0.0020447124055612362,0.0011291157194387638,-0.0035095561555612362,-0.005462681155561236,-0.005462681155561236,0.006256068844438764,0.023345912594438765,0.038482631344438765,0.038238490719438765,0.024810756344438765,0.042633021969438765,0.059234584469438765,0.06460567821943876,0.048248256344438765,0.048248256344438765,0.015533412594438764,-0.008636509280561236,-0.011810337405561236,-0.005462681155561236,-0.0018005717805612362,-0.058929478030561235,-0.06845096240556124,-0.055511509280561235,-0.057708774905561235,-0.06918338428056124,-0.06918338428056124,-0.06723025928056124,-0.053314243655561235,-0.043060337405561235,-0.045257603030561235,-0.037933384280561235,-0.018402134280561235,-0.013275181155561236,-0.030120884280561235,-0.035736118655561235,-0.035736118655561235,-0.009857212405561236,0.021636928219438765,0.037017787594438765,0.030181850094438765,0.024322475094438765,0.042633021969438765,0.060699428219438765,0.06533810009443876,0.051666225094438765,0.051666225094438765,0.042877162594438765,0.026763881344438765,0.0023498188444387638,-0.018402134280561235,-0.030853306155561235,-0.025726353030561235,-0.011077915530561236,-0.020355259280561235,-0.044036899905561235,-0.07186893115556124,-0.07186893115556124,-0.07504275928056124,-0.042572056155561235,-0.010589634280561236,-0.005706821780561236,-0.040374790530561235,-0.024749790530561235,0.006011928219438764,0.022369350094438765,0.013336146969438764,0.013336146969438764,0.0030822407194387638,0.009185756344438764,0.030181850094438765,0.058013881344438765,0.07070919384443876,0.06680294384443876,0.06826778759443876,0.06875606884443876,0.06924435009443876,0.06924435009443876,0.058258021969438765,0.044342006344438765,0.036041225094438765,0.022857631344438765,-0.019378696780561235,-0.034515415530561235,-0.034271274905561235,-0.028656040530561235,-0.042327915530561235,-0.042327915530561235,-0.055999790530561235,-0.07431033740556124,-0.07015994678056124,-0.048187290530561235,-0.045501743655561235,-0.06576541553056124,-0.057464634280561235,-0.021087681155561235,0.011138881344438764,0.011138881344438764,0.009429896969438764,-0.017669712405561235,-0.027679478030561235,-0.0025329936555612362,0.06533810009443876,0.06533810009443876,0.046539271969438765,0.037017787594438765,0.055572475094438765,0.055572475094438765,0.07608028759443876,0.08316036571943876,0.059722865719438765,0.024078334469438765,0.009429896969438764,-0.0022888530305612362,-0.014007603030561236,-0.033538853030561235,-0.045257603030561235,-0.045257603030561235,-0.045990024905561235,-0.047210728030561235,-0.054290806155561235,-0.06552127490556124,-0.06430057178056124,-0.045745884280561235,-0.032562290530561235,-0.020599399905561235,-0.012786899905561236,-0.012786899905561236,-0.010589634280561236,-0.008636509280561236,0.010162318844438764,0.018951381344438765,0.008941615719438764,0.027496303219438765,0.051177943844438765,0.07437130321943876,0.07437130321943876,0.061920131344438765,0.061920131344438765,0.057769740719438765,0.07241817821943876,3.2191891313764546e-05,0.08462520946943876,0.024810756344438765,0.010406459469438764,0.0011291157194387638,-0.006927524905561236,-0.0015564311555612362,-0.0015564311555612362,-0.016449009280561235,-0.039886509280561235,-0.054534946780561235,-0.06259158740556124,-0.06600955615556124,-0.059417759280561235,-0.053070103030561235,-0.043304478030561235,-0.035247837405561235,-0.035247837405561235,-0.026702915530561235,-0.025238071780561235,-0.017913853030561235,-0.015228306155561236,-0.010833774905561236,-9.158740556123625e-05,0.009918178219438764,0.037017787594438765,0.047759975094438765,0.050689662594438765,0.049224818844438765,0.053131068844438765,0.06387325634443876,0.06900020946943876,0.056549037594438765,0.033111537594438765,0.015533412594438764,0.015533412594438764,0.024322475094438765,0.038970912594438765,0.012847865719438764,-0.023284946780561235,-0.056732212405561235,-0.039154087405561235,-0.039642368655561235,-0.055999790530561235,-0.06893924365556124,-0.06893924365556124,-0.08700564990556124,-0.08627322803056124,-0.06283572803056124,-0.047210728030561235,-0.040130649905561235,-0.035247837405561235,-0.032074009280561235,-0.019866978030561235,0.004058803219438764,0.004058803219438764,0.006744350094438764,0.0013732563444387638,0.010162318844438764,0.027984584469438765,0.06631466259443876,0.06753536571943876,0.058990443844438765,0.058990443844438765,0.06387325634443876,0.06387325634443876,0.06289669384443876,0.046295131344438765,0.037506068844438765,0.046783412594438765,0.007965053219438764,-0.025726353030561235,-0.043304478030561235,-0.035247837405561235,-0.038421665530561235,-0.038421665530561235,-0.047210728030561235,-0.051116978030561235,-0.07455447803056124,-0.08676150928056124,-0.038177524905561235,-0.025482212405561235,-0.020843540530561235,-0.023773228030561235,-0.028656040530561235,-0.024993931155561235,-0.024993931155561235,-0.0005798686555612362,0.031402553219438765,0.035552943844438765,0.020416225094438765,0.035308803219438765,0.061187709469438765,3.2191891313764546e-05,0.08633419384443876,0.06948849071943876,0.06948849071943876,0.058502162594438765,0.060211146969438765,0.07437130321943876,0.061920131344438765,0.044097865719438765,0.024566615719438765,-0.006683384280561236,-0.022552524905561235,-0.019134556155561235,-0.019134556155561235,-0.016204868655561235,-0.014740024905561236,-0.044769321780561235,-0.07919314990556124,-0.06381229053056124,-0.052581821780561235,-0.055267368655561235,-0.07138064990556124,-0.07626346240556124,-0.07626346240556124,-0.044769321780561235,-0.0010681499055612362,0.009674037594438764,-0.010833774905561236,-0.024261509280561235,-9.158740556123625e-05,0.026275600094438765,0.038970912594438765,0.043609584469438765,0.043609584469438765,0.046295131344438765,0.054107631344438765,0.06802364696943876,0.07363888134443876,0.06802364696943876,0.051666225094438765,0.027740443844438765,0.016265834469438765,0.016754115719438765,0.016754115719438765,0.021392787594438765,0.012115443844438764,-0.011077915530561236,-0.038909946780561235,-0.044036899905561235,-0.033294712405561235,-0.046234165530561235,-0.07382205615556124,-0.07601932178056124,-0.07601932178056124,-0.06796268115556124,-0.043792759280561235,-0.022064243655561235,-0.033782993655561235,-0.053070103030561235,-0.030120884280561235,0.0038146625944387638,0.020660365719438765,0.011871303219438764,0.011871303219438764,-0.010589634280561236,-0.014251743655561236,0.016754115719438765,0.054351771969438765,0.061675990719438765,0.024566615719438765,0.030670131344438765,0.061187709469438765,0.08511349071943876,0.08511349071943876,0.07241817821943876,0.032623256344438765,0.006744350094438764,0.023834193844438765,0.005523646969438764,-0.033294712405561235,-0.051605259280561235,-0.041595493655561235,-0.025970493655561235,-0.025970493655561235,-0.026947056155561235,-0.050628696780561235,-0.07162479053056124,-0.08139041553056124,-0.06430057178056124,-0.049163853030561235,-0.051605259280561235,-0.038909946780561235,-0.009857212405561236,0.0038146625944387638,0.0038146625944387638,0.0018615375944387638,0.005523646969438764,0.005767787594438764,0.0016173969694387638,0.029693568844438765,0.051666225094438765,0.07559200634443876,0.07852169384443876,0.06631466259443876,0.06631466259443876,0.055572475094438765,0.059722865719438765,0.07827755321943876,0.07778927196943876,0.044586146969438765,0.033111537594438765,0.015777553219438765,0.0035705219694387638,0.00039669384443876375,0.0023498188444387638,0.0023498188444387638,-0.018646274905561235,-0.045745884280561235,-0.055755649905561235,-0.07162479053056124,-0.060882603030561235,-0.059173618655561235,-0.06967166553056124,-0.06723025928056124,-0.053802524905561235,-0.053802524905561235,-0.026214634280561235,-0.026214634280561235,-0.012054478030561236,-0.015960728030561235,-0.006927524905561236,0.026519740719438765,0.022125209469438765,0.016265834469438765,0.013824428219438764,0.027252162594438765,0.061675990719438765,0.061675990719438765,0.08096310009443876,0.07803341259443876,0.06729122509443876,0.055084193844438765,0.059722865719438765,0.051422084469438765,0.031158412594438765,-0.005462681155561236,-0.025482212405561235,-0.025482212405561235,-0.019378696780561235,-0.0022888530305612362,-0.003997837405561236,-0.061370884280561235,-0.08358768115556124,-0.07699588428056124,-0.060882603030561235,-0.045501743655561235,-0.040130649905561235,-0.040130649905561235,-0.047943149905561235,-0.055999790530561235,-0.046722446780561235,0.011138881344438764,0.006744350094438764,-0.018646274905561235,-0.023040806155561235,-0.0032654155305612362,0.023590053219438765,0.023590053219438765,0.048736537594438765,0.052154506344438765,0.035308803219438765,0.025787318844438765,0.06484981884443876,3.2191891313764546e-05,0.07339474071943876,0.040191615719438765,0.021636928219438765,0.021636928219438765,0.030425990719438765,0.050445521969438765,0.050445521969438765,-0.019622837405561235,-0.030853306155561235,-0.027191196780561235,-0.028656040530561235,-0.031341587405561235,-0.046234165530561235,-0.046234165530561235,-0.07333377490556124,-0.07699588428056124,-0.07455447803056124,-0.056243931155561235,-0.048675571780561235,-0.06332400928056124,-0.059173618655561235,-0.034759556155561235,-0.0035095561555612362,-0.0035095561555612362,0.017486537594438765,0.019439662594438765,0.007965053219438764,0.0030822407194387638,0.023101771969438765,0.043121303219438765,0.052398646969438765,0.060211146969438765,0.06948849071943876,0.06948849071943876,0.07388302196943876,0.07925411571943876,0.07583614696943876,0.057525600094438765,0.034820521969438765,0.035308803219438765,0.020904506344438765,0.0030822407194387638,-0.007171665530561236,-0.013763462405561236,-0.013763462405561236,-0.017913853030561235,-0.014495884280561236,-0.022552524905561235,-0.08065799365556124,-0.07699588428056124,-0.056732212405561235,-0.042572056155561235,-0.041839634280561235,-0.051849399905561235,-0.054779087405561235,-0.054779087405561235,-0.046966587405561235,-0.021575962405561235,0.00015255321943876375,-0.005950962405561236,-0.012786899905561236,0.005035365719438764,0.011383021969438764,0.027740443844438765,0.048736537594438765,0.061675990719438765,0.054107631344438765,0.044830287594438765,0.044830287594438765,0.045562709469438765,0.049224818844438765,0.06753536571943876,0.06314083446943876,0.036041225094438765,0.022369350094438765,0.016754115719438765,0.009918178219438764,-0.0032654155305612362,-0.0032654155305612362,-0.027435337405561235,-0.048431431155561235,-0.049407993655561235,-0.038909946780561235,-0.056732212405561235,-0.07015994678056124,-0.07138064990556124,-0.06332400928056124,-0.049896274905561235,-0.049896274905561235,-0.046234165530561235,-0.051116978030561235,-0.041595493655561235,-0.011077915530561236,-0.012298618655561236,0.0008849750944387638,0.017974818844438765,0.016509975094438765,0.008453334469438764,0.008453334469438764,0.015289271969438764,0.030181850094438765,0.043853725094438765,0.057037318844438765,0.06582638134443876,0.06851192821943876,0.07192989696943876,0.061920131344438765,0.042144740719438765,0.042144740719438765,0.027008021969438765,0.027496303219438765,0.029205287594438765,0.027008021969438765,-0.015716587405561235,-0.034515415530561235,-0.043060337405561235,-0.039154087405561235,-0.036224399905561235,-0.046966587405561235,-0.046966587405561235,-0.06991580615556124,-0.07675174365556124,-0.06332400928056124,-0.032562290530561235,-0.038177524905561235,-0.052093540530561235,-0.049163853030561235,-0.019622837405561235,0.007720912594438764,0.007720912594438764,0.016998256344438765,0.006988490719438764,-0.011566196780561236,0.029449428219438765,0.07192989696943876,0.07510372509443876,0.042877162594438765,0.019195521969438765,0.029449428219438765,0.029449428219438765,0.06875606884443876,3.2191891313764546e-05,0.08413692821943876,0.010162318844438764,0.019683803219438765,0.045806850094438765,0.047271693844438765,0.018707240719438765,-0.022552524905561235,-0.022552524905561235,-0.045013462405561235,-0.033294712405561235,-0.011810337405561236,-0.06576541553056124,3.2191891313764546e-05,3.2191891313764546e-05,-0.07333377490556124,-0.036956821780561235,-0.025482212405561235,-0.025482212405561235,-0.048675571780561235,-0.07748416553056124,-0.06893924365556124,0.035552943844438765,0.035797084469438765,0.005035365719438764,-0.020843540530561235,-0.018402134280561235,0.012115443844438764,0.012115443844438764,0.047271693844438765,0.057281459469438765,0.037017787594438765,0.036773646969438765,0.06875606884443876,0.08438106884443876,0.07388302196943876,0.043365443844438765,0.014800990719438764,0.014800990719438764,0.013580287594438764,0.036773646969438765,0.047027553219438765,-0.010589634280561236,-0.053314243655561235,-0.057464634280561235,-0.025238071780561235,-0.012786899905561236,-0.042572056155561235,-0.042572056155561235,-0.08041385303056124,3.2191891313764546e-05,-0.07162479053056124,-0.029876743655561235,-0.049407993655561235,-0.06454471240556124,-0.043304478030561235,0.0018615375944387638,0.021148646969438765,0.021148646969438765,0.009674037594438764,-0.006195103030561236,-0.0013122905305612362,0.014556850094438764,0.045806850094438765,0.039459193844438765,0.038482631344438765,0.051177943844438765,0.057525600094438765,0.057525600094438765,0.061431850094438765,0.07315060009443876,0.07656856884443876,0.07192989696943876,0.07681270946943876,0.08364864696943876,0.07632442821943876,0.057037318844438765,0.015533412594438764,-0.022308384280561235,-0.022308384280561235,-0.038421665530561235,-0.027191196780561235,-0.013275181155561236,-0.056732212405561235,-0.07577518115556124,-0.07772830615556124,-0.07186893115556124,-0.058441196780561235,-0.046234165530561235,-0.041107212405561235,-0.041107212405561235,-0.041107212405561235,-0.037689243655561235,-0.029388462405561235,-0.007659946780561236,-0.022552524905561235,-0.024993931155561235,0.00015255321943876375,0.029449428219438765,0.031158412594438765,0.031158412594438765,0.004791225094438764,-0.024261509280561235,-0.023529087405561235,0.06411739696943876,0.07583614696943876,0.052642787594438765,0.012603725094438764,-0.016937290530561235,-0.010101353030561236,-0.010101353030561236,0.025054896969438765,0.045562709469438765,0.024566615719438765,-0.039154087405561235,-0.045013462405561235,-0.032318149905561235,-0.014740024905561236,-0.019134556155561235,-0.039398228030561235,-0.039398228030561235,-0.051361118655561235,-0.056488071780561235,-0.049896274905561235,-0.037200962405561235,-0.042327915530561235,-0.039154087405561235,-0.029388462405561235,-0.009857212405561236,0.0028381000944387638,0.0028381000944387638,0.0030822407194387638,-0.005950962405561236,-0.013275181155561236,0.014556850094438764,0.031402553219438765,0.036773646969438765,0.026519740719438765,0.013092006344438764,0.006256068844438764,0.006256068844438764,0.020172084469438765,0.039703334469438765,0.038238490719438765,0.009918178219438764,0.011627162594438764,0.021392787594438765,0.017242396969438765,0.017242396969438765,0.019195521969438765,0.019195521969438765,0.012603725094438764,0.006744350094438764,0.010162318844438764,0.016754115719438765,0.0033263813444387638,-0.009857212405561236,-0.013275181155561236,-0.007659946780561236,0.004791225094438764,0.004791225094438764,0.013580287594438764,0.020660365719438765,0.014312709469438764,-0.022796665530561235,-0.013763462405561236,0.014068568844438764,0.032867396969438765,0.022613490719438765,-0.0022888530305612362,-0.017181431155561235,-0.017181431155561235,-0.014007603030561236,-0.0005798686555612362,0.015289271969438764,0.0038146625944387638,-0.023040806155561235,-0.032318149905561235,-0.019134556155561235,0.0006408344694387638,0.007720912594438764,0.007720912594438764,0.0021056782194387638,-0.016937290530561235,-0.025238071780561235,0.0013732563444387638,0.0023498188444387638,-0.008880649905561236,-0.018402134280561235,-0.015472446780561236,-0.0027771342805612362,-0.0027771342805612362,0.006256068844438764,-0.0020447124055612362,-0.019134556155561235,-0.009124790530561236,0.0008849750944387638,0.0023498188444387638,-0.0010681499055612362,-0.004486118655561236,-0.006927524905561236,-0.006927524905561236,-0.005218540530561236,0.0011291157194387638,0.006500209469438764,-0.005950962405561236,-0.014984165530561236,-0.013519321780561236,-0.0013122905305612362,0.006011928219438764,0.0023498188444387638,0.0023498188444387638,-0.0013122905305612362,0.0033263813444387638,0.006256068844438764,0.0023498188444387638,0.004302943844438764,0.006744350094438764,0.014068568844438764,0.016509975094438765,0.010406459469438764,0.007720912594438764,0.007720912594438764,0.012115443844438764,0.015777553219438765,0.019439662594438765,0.015533412594438764,0.008209193844438764,0.007476771969438764,0.012603725094438764,0.014800990719438764,0.014312709469438764,0.014312709469438764,0.011383021969438764,0.004058803219438764,-0.0020447124055612362,-0.0005798686555612362,0.005523646969438764,0.0025939594694387638,-0.0032654155305612362,0.006011928219438764,0.030914271969438765,0.042877162594438765,0.042877162594438765,0.012359584469438764,-0.044036899905561235,-0.06430057178056124,-0.00033572803056123625,0.042877162594438765,0.028472865719438765,-0.032806431155561235,-0.08529666553056124,-0.07455447803056124,-0.07455447803056124,-0.014251743655561236,0.027984584469438765,-0.003997837405561236,-0.031585728030561235,-0.029388462405561235,0.004547084469438764,0.044342006344438765,0.048980678219438765,0.018463100094438765,0.018463100094438765,-0.008636509280561236,-0.0032654155305612362,0.030670131344438765,0.031402553219438765,-0.00033572803056123625,-0.011322056155561236,0.009918178219438764,0.053619350094438765,0.06655880321943876,0.06655880321943876,0.022857631344438765,-0.025970493655561235,-0.034027134280561235,0.058502162594438765,0.06509395946943876,0.021148646969438765,-0.038665806155561235,-0.055511509280561235,-0.012786899905561236,-0.012786899905561236,0.052154506344438765,0.08145138134443876,0.044830287594438765,-0.08578494678056124,-0.051361118655561235,0.041412318844438765,3.2191891313764546e-05,0.062164271969438765,-0.036712681155561235,-0.036712681155561235,3.2191891313764546e-05,-0.07089236865556124,0.022369350094438765,0.060943568844438765,-0.035491978030561235,3.2191891313764546e-05,-0.054046665530561235,0.019927943844438765,0.056793178219438765,0.056793178219438765,0.022369350094438765,-0.037933384280561235,-0.057708774905561235,0.022369350094438765,0.033599818844438765,0.009918178219438764,-0.027191196780561235,-0.052093540530561235,-0.037445103030561235,-0.037445103030561235,0.013580287594438764,0.046539271969438765,0.025787318844438765,-0.053558384280561235,-0.028900181155561235,0.004547084469438764,0.016265834469438765,0.00015255321943876375,-0.038177524905561235,-0.038177524905561235,-0.06503299365556124,-0.048187290530561235,-0.008148228030561236,-0.015228306155561236,-0.049163853030561235,-0.07357791553056124,-0.059173618655561235,-0.017425571780561235,0.011138881344438764,0.011138881344438764,0.0025939594694387638,-0.038909946780561235,-0.06942752490556124,-0.014984165530561236,0.015777553219438765,0.013092006344438764,-0.018157993655561235,-0.049652134280561235,-0.050384556155561235,-0.050384556155561235,-0.016937290530561235,0.033111537594438765,0.057281459469438765,-0.040618931155561235,-0.061859165530561235,-0.017669712405561235,0.040679896969438765,0.062408412594438765,0.022857631344438765,0.022857631344438765,-0.027191196780561235,-0.032806431155561235,0.0011291157194387638,0.034576381344438765,0.009918178219438764,-0.016693149905561235,-0.017669712405561235,0.004791225094438764,0.037506068844438765,0.037506068844438765,0.06460567821943876,0.054107631344438765,0.006256068844438764,-0.009124790530561236,0.045806850094438765,0.08193966259443876,0.056060756344438765,-0.0018005717805612362,-0.026947056155561235,-0.026947056155561235,-0.009368931155561236,0.028961146969438765,0.058990443844438765,0.0023498188444387638,-0.037445103030561235,-0.029144321780561235,0.006500209469438764,0.042144740719438765,0.047027553219438765,0.047027553219438765,-0.0027771342805612362,-0.060394321780561235,-0.056243931155561235,0.045074428219438765,0.052642787594438765,0.0025939594694387638,-0.049407993655561235,-0.046966587405561235,0.0021056782194387638,0.047515834469438765,0.047515834469438765,0.049468959469438765,0.012847865719438764,-0.043304478030561235,-0.005218540530561236,0.035308803219438765,0.052398646969438765,0.031646693844438765,-0.013031040530561236,-0.039398228030561235,-0.039398228030561235,-0.020599399905561235,0.029205287594438765,0.048492396969438765,-0.007171665530561236,-0.047454868655561235,-0.027679478030561235,0.027252162594438765,0.058502162594438765,0.041412318844438765,0.041412318844438765,-0.010345493655561236,-0.056976353030561235,0.0018615375944387638,0.032134975094438765,0.022613490719438765,-0.004241978030561236,-0.030120884280561235,-0.039398228030561235,-0.013763462405561236,-0.013763462405561236,0.011138881344438764,0.011871303219438764,-0.023284946780561235,-0.013275181155561236,-0.0005798686555612362,0.016754115719438765,0.019683803219438765,0.0028381000944387638,-0.007171665530561236,-0.007171665530561236,-0.0015564311555612362,0.009185756344438764,0.010650600094438764,0.004302943844438764,-0.004486118655561236,-0.0008240092805612362,0.009918178219438764,0.022125209469438765,0.016021693844438765,-0.013031040530561236,-0.013031040530561236,-0.029632603030561235,-0.005218540530561236,0.035552943844438765,0.019195521969438765,-0.0032654155305612362,-0.011322056155561236,-0.00033572803056123625,0.023834193844438765,0.048248256344438765,0.048248256344438765,0.042877162594438765,0.004547084469438764,-0.026458774905561235,0.005279506344438764,0.027496303219438765,0.029205287594438765,0.008697475094438764,-0.013275181155561236,-0.013275181155561236,-0.013275181155561236,-0.006927524905561236,-0.0015564311555612362,0.0006408344694387638,0.0016173969694387638,0.0028381000944387638,0.004791225094438764,0.008941615719438764,-0.0015564311555612362,-0.022552524905561235,-0.022552524905561235,-0.027191196780561235,-0.007659946780561236,0.018218959469438765,-0.009857212405561236,-0.042083774905561235,-0.044769321780561235,-0.019134556155561235,0.009185756344438764,0.009918178219438764,-0.017669712405561235,-0.017669712405561235,-0.038665806155561235,-0.031829868655561235,-0.016937290530561235,-0.014984165530561236,0.0025939594694387638,0.0030822407194387638,-0.021575962405561235,-0.035247837405561235,-0.020111118655561235,-0.0032654155305612362,-0.0032654155305612362,-0.008392368655561236,-0.024261509280561235,-0.024749790530561235,-0.013519321780561236,-0.026702915530561235,-0.035980259280561235,-0.024749790530561235,-0.013031040530561236,-0.014740024905561236,-0.014740024905561236,-0.014740024905561236,-0.013763462405561236,-0.013031040530561236,-0.012786899905561236,-0.009613071780561236,-0.022064243655561235,-0.022064243655561235,0.00015255321943876375,0.019683803219438765,0.016021693844438765,0.0011291157194387638,0.0018615375944387638,0.006011928219438764,-0.0037536967805612362,-0.014251743655561236,0.004302943844438764,0.033599818844438765,0.031646693844438765,0.006500209469438764,-0.007659946780561236,-0.007659946780561236,-0.0035095561555612362,0.013336146969438764,0.024322475094438765,0.023590053219438765,0.015777553219438765,0.004547084469438764,-0.0010681499055612362,0.016509975094438765,0.049957240719438765,0.049957240719438765,0.054351771969438765,0.016265834469438765,-0.009124790530561236,0.042144740719438765,0.054595912594438765,0.037017787594438765,0.022613490719438765,0.027252162594438765,0.032623256344438765,0.023101771969438765,0.023101771969438765,0.014800990719438764,0.028228725094438765,0.038970912594438765,0.0013732563444387638,0.006011928219438764,0.024322475094438765,0.025787318844438765,0.0008849750944387638,-0.027923618655561235,-0.027923618655561235,-0.026214634280561235,0.004058803219438764,0.027984584469438765,0.012115443844438764,-0.037200962405561235,-0.014984165530561236,0.009429896969438764,0.004791225094438764,-0.017913853030561235,-0.018157993655561235,0.0035705219694387638,0.0035705219694387638,0.008941615719438764,-0.0018005717805612362,-0.008392368655561236,0.007476771969438764,0.017730678219438765,0.012115443844438764,-0.003997837405561236,-0.004486118655561236,0.0006408344694387638,0.0006408344694387638,-0.004241978030561236,-0.011810337405561236,-0.0037536967805612362,0.005767787594438764,-0.015228306155561236,-0.034271274905561235,-0.035736118655561235,-0.021087681155561235,-0.005462681155561236,-0.008880649905561236,-0.008880649905561236,-0.035736118655561235,-0.042572056155561235,0.0013732563444387638,0.0011291157194387638,-0.032074009280561235,-0.061615024905561235,-0.054779087405561235,-0.015716587405561235,0.013824428219438764,0.013824428219438764,0.006011928219438764,-0.024993931155561235,-0.047210728030561235,-0.0032654155305612362,0.021881068844438765,0.014800990719438764,-0.023040806155561235,-0.039398228030561235,-0.012054478030561236,0.024566615719438765,0.024566615719438765,0.034332240719438765,0.004302943844438764,-0.014984165530561236,0.006744350094438764,0.024810756344438765,0.028717006344438765,0.014800990719438764,-0.004241978030561236,-0.004241978030561236,-0.004241978030561236,0.012115443844438764,0.030181850094438765,0.026031459469438765,0.014800990719438764,0.019683803219438765,0.025787318844438765,0.025543178219438765,0.009429896969438764,-0.0037536967805612362,0.007965053219438764,0.007965053219438764,0.039947475094438765,0.052886928219438765,-0.005706821780561236,-0.014251743655561236,0.006988490719438764,0.036285365719438765,0.042144740719438765,0.017730678219438765,-0.026214634280561235,-0.026214634280561235,-0.042816196780561235,-0.014740024905561236,0.025054896969438765,-0.006927524905561236,-0.045990024905561235,-0.052337681155561235,-0.017913853030561235,0.011871303219438764,0.005035365719438764,-0.033782993655561235,-0.033782993655561235,-0.054290806155561235,-0.034759556155561235,0.023101771969438765,0.021148646969438765,-0.010345493655561236,-0.039886509280561235,-0.032806431155561235,0.016509975094438765,0.06314083446943876,0.06314083446943876,0.053375209469438765,-0.0025329936555612362,-0.019134556155561235,0.037017787594438765,0.07754513134443876,0.059234584469438765,-0.008880649905561236,-0.059417759280561235,-0.042572056155561235,0.026031459469438765,0.026031459469438765,0.06484981884443876,0.033111537594438765,-0.07431033740556124,-0.057464634280561235,-0.012786899905561236,0.022613490719438765,0.015045131344438764,-0.022308384280561235,-0.051849399905561235,-0.051849399905561235,-0.049407993655561235,-0.020355259280561235,0.0025939594694387638,-0.030120884280561235,-0.053070103030561235,-0.042816196780561235,-0.012542759280561236,0.014800990719438764,0.020416225094438765,0.020416225094438765,0.009185756344438764,-0.005462681155561236,0.014068568844438764,0.032379115719438765,0.037017787594438765,0.032379115719438765,0.034820521969438765,0.038970912594438765,0.039459193844438765,0.037261928219438765,0.037261928219438765,0.035797084469438765,0.041656459469438765,0.027984584469438765,0.020660365719438765,0.017974818844438765,0.019195521969438765,0.014068568844438764,0.0023498188444387638,-0.007171665530561236,-0.007171665530561236,-0.007659946780561236,-0.008392368655561236,-0.012298618655561236,-0.019378696780561235,-0.030609165530561235,-0.037689243655561235,-0.037689243655561235,-0.032562290530561235,-0.029632603030561235,-0.024505649905561235,-0.024505649905561235,-0.023529087405561235,-0.033050571780561235,-0.038421665530561235,-0.0027771342805612362,0.0013732563444387638,-0.008880649905561236,-0.009124790530561236,0.007720912594438764,0.025054896969438765,0.031646693844438765,0.031646693844438765,0.023590053219438765,0.017974818844438765,0.035064662594438765,0.032623256344438765,0.026763881344438765,0.017974818844438765,0.010406459469438764,0.005279506344438764,0.00015255321943876375,0.00015255321943876375,0.0016173969694387638,0.009429896969438764,-0.024261509280561235,-0.035003696780561235,-0.019866978030561235,0.0023498188444387638,0.0011291157194387638,-0.019622837405561235,-0.040863071780561235,-0.040863071780561235,-0.055999790530561235,-0.055267368655561235,-0.041595493655561235,-0.023284946780561235,-0.017425571780561235,-0.013519321780561236,-0.018402134280561235,-0.015472446780561236,-0.0030212749055612362,0.007476771969438764,0.007476771969438764,0.009674037594438764,0.0025939594694387638,0.031890834469438765,0.048980678219438765,0.051177943844438765,0.040191615719438765,0.020172084469438765,0.0025939594694387638,0.006744350094438764,0.006744350094438764,0.025299037594438765,0.032867396969438765,0.0025939594694387638,0.0030822407194387638,0.009674037594438764,0.008209193844438764,-0.007171665530561236,-0.021575962405561235,-0.026702915530561235,-0.025970493655561235,-0.025970493655561235,-0.020355259280561235,-0.023284946780561235,-0.042083774905561235,-0.046722446780561235,-0.035247837405561235,-0.015472446780561236,-0.0015564311555612362,-0.004974399905561236,-0.015228306155561236,-0.015228306155561236,-0.011566196780561236,0.008941615719438764,0.020416225094438765,0.009918178219438764,0.031890834469438765,0.053619350094438765,0.061675990719438765,0.042633021969438765,0.021392787594438765,0.012603725094438764,0.019439662594438765,0.042388881344438765,0.049957240719438765,0.031646693844438765,0.025054896969438765,0.019439662594438765,0.004302943844438764,-0.006683384280561236,-0.009368931155561236,-0.005218540530561236,-0.008148228030561236,-0.008392368655561236,-0.008392368655561236,-0.016693149905561235,-0.031097446780561235,-0.041839634280561235,-0.027679478030561235,-0.014984165530561236,-0.011322056155561236,-0.003997837405561236,0.004302943844438764,0.004791225094438764,-0.0027771342805612362,-0.010345493655561236,-0.010345493655561236,-0.0025329936555612362,0.017242396969438765,0.020416225094438765,0.015777553219438765,0.006988490719438764,-0.0030212749055612362,-0.008392368655561236,-0.0013122905305612362,0.006500209469438764,0.006500209469438764,0.0016173969694387638,-0.005706821780561236,-0.008392368655561236,-0.018890415530561235,-0.018890415530561235,-0.015472446780561236,-0.020599399905561235,-0.039398228030561235,-0.055267368655561235,-0.047943149905561235,-0.047943149905561235,-0.024017368655561235,-0.009613071780561236,-0.013763462405561236,0.0021056782194387638,0.019927943844438765,0.014800990719438764,0.0006408344694387638,0.0006408344694387638,0.023834193844438765,0.047515834469438765,0.047515834469438765,0.054351771969438765,0.040435756344438765,0.004791225094438764,-0.0022888530305612362,0.006011928219438764,0.029205287594438765,0.039215053219438765,0.010162318844438764,-0.023040806155561235,-0.020355259280561235,-0.020355259280561235,0.009429896969438764,0.026763881344438765,-0.035003696780561235,-0.050384556155561235,-0.042083774905561235,-0.027191196780561235,-0.007904087405561236,0.0038146625944387638,-0.014251743655561236,-0.014251743655561236,-0.023284946780561235,-0.014251743655561236,0.021392787594438765,0.017486537594438765,0.008453334469438764,0.006256068844438764,0.020904506344438765,0.039215053219438765,0.037017787594438765,0.021148646969438765,0.021148646969438765,0.0030822407194387638,-0.007171665530561236,0.027740443844438765,0.017730678219438765,-0.004974399905561236,-0.020355259280561235,-0.023529087405561235,-0.010589634280561236,0.0013732563444387638,-0.007904087405561236,-0.034027134280561235,-0.034027134280561235,-0.049896274905561235,-0.051849399905561235,-0.016204868655561235,-0.00033572803056123625,-0.014984165530561236,-0.033294712405561235,-0.027191196780561235,-0.0037536967805612362,0.018463100094438765,0.018463100094438765,0.029205287594438765,0.027008021969438765,0.023345912594438765,0.021636928219438765,0.021636928219438765,0.022369350094438765,0.022125209469438765,0.022857631344438765,0.026031459469438765,0.015533412594438764,-0.0013122905305612362,-0.0013122905305612362,-0.005218540530561236,-0.0018005717805612362,-0.0020447124055612362,-0.0027771342805612362,-0.009857212405561236,-0.021087681155561235,-0.028900181155561235,-0.029144321780561235,-0.013763462405561236,-0.006195103030561236,-0.010101353030561236,-0.010101353030561236,-0.006195103030561236,-0.0018005717805612362,0.010162318844438764,0.011627162594438764,0.014800990719438764,0.026519740719438765,0.031158412594438765,0.022125209469438765,0.010894740719438764,0.010162318844438764,0.010162318844438764,0.010650600094438764,0.014800990719438764,0.006500209469438764,-0.0027771342805612362,-0.020843540530561235,-0.026947056155561235,-0.017669712405561235,-0.011077915530561236,-0.025482212405561235,-0.037200962405561235,-0.037200962405561235,-0.027923618655561235,-0.0037536967805612362,-0.018157993655561235,-0.026458774905561235,-0.015228306155561236,0.011138881344438764,0.026763881344438765,0.017730678219438765,0.014312709469438764,0.014312709469438764,0.024322475094438765,0.027496303219438765,0.014556850094438764,0.005523646969438764,0.0030822407194387638,0.012115443844438764,0.021636928219438765,0.019927943844438765,-0.0025329936555612362,-0.030609165530561235,-0.030609165530561235,-0.039154087405561235,-0.011566196780561236,-0.013519321780561236,-0.025238071780561235,-0.034271274905561235,-0.038909946780561235,-0.033538853030561235,-0.011077915530561236,0.007965053219438764,0.007965053219438764,0.016509975094438765,0.005035365719438764,-0.009857212405561236,0.011138881344438764,0.034332240719438765,0.038238490719438765,0.027984584469438765,0.015045131344438764,0.011138881344438764,0.016021693844438765,0.016021693844438765,0.018218959469438765,0.012847865719438764,0.0021056782194387638,-0.0025329936555612362,0.00039669384443876375,0.00039669384443876375,-0.015960728030561235,-0.043060337405561235,-0.049407993655561235,-0.049407993655561235,-0.028167759280561235,0.015533412594438764,-0.003997837405561236,-0.024017368655561235,-0.009613071780561236,0.027496303219438765,0.039947475094438765,0.029449428219438765,0.022125209469438765,0.022125209469438765,0.017486537594438765,0.020660365719438765,0.014556850094438764,0.018218959469438765,0.021392787594438765,0.008209193844438764,-0.016693149905561235,-0.023284946780561235,-0.006927524905561236,-0.006927524905561236,0.015533412594438764,0.010162318844438764,-0.06649783740556124,-0.06600955615556124,-0.026702915530561235,0.008209193844438764,-0.0005798686555612362,-0.024749790530561235,-0.033538853030561235,-0.011810337405561236,-0.011810337405561236,0.014800990719438764,0.026031459469438765,0.020660365719438765,0.014068568844438764,0.008453334469438764,0.004058803219438764,0.013336146969438764,0.023345912594438765,0.015777553219438765,0.015777553219438765,-0.008392368655561236,-0.023284946780561235,0.014556850094438764,0.019195521969438765,-0.014495884280561236,-0.047943149905561235,-0.050140415530561235,-0.027435337405561235,-0.009124790530561236,-0.0037536967805612362,-0.0037536967805612362,-0.009613071780561236,-0.007904087405561236,0.006744350094438764,0.024566615719438765,0.027252162594438765,0.026275600094438765,0.023345912594438765,0.019927943844438765,0.024322475094438765,0.024322475094438765,0.033111537594438765,0.026031459469438765,-0.0035095561555612362,-0.023529087405561235,-0.016693149905561235,0.0013732563444387638,0.012847865719438764,-0.00033572803056123625,-0.023529087405561235,-0.023529087405561235,-0.041107212405561235,-0.044769321780561235,-0.007415806155561236,0.010894740719438764,0.009429896969438764,-0.009857212405561236,-0.017425571780561235,0.007965053219438764,0.038726771969438765,0.038726771969438765,0.040924037594438765,0.027008021969438765,0.011383021969438764,0.011383021969438764,0.012359584469438764,0.015533412594438764,0.020416225094438765,0.021881068844438765,0.009185756344438764,-0.008880649905561236,-0.008880649905561236,-0.022308384280561235,-0.016449009280561235,-0.0027771342805612362,-0.007415806155561236,-0.026214634280561235,-0.032562290530561235,-0.021331821780561235,0.0023498188444387638,0.018463100094438765,0.018463100094438765,0.021392787594438765,0.007476771969438764,0.010406459469438764,0.026763881344438765,0.033111537594438765,0.020416225094438765,0.0028381000944387638,-0.011322056155561236,-0.013031040530561236,-0.013031040530561236,-0.0015564311555612362,-0.0008240092805612362,-0.060638462405561235,3.2191891313764546e-05,-0.08114627490556124,-0.028411899905561235,0.020172084469438765,0.021636928219438765,-0.010345493655561236,-0.042816196780561235,-0.042816196780561235,-0.038909946780561235,0.047027553219438765,0.042633021969438765,0.014556850094438764,0.009918178219438764,0.022613490719438765,0.028717006344438765,0.021636928219438765,0.004302943844438764,0.004302943844438764,-0.019622837405561235,-0.035003696780561235,-0.009613071780561236,0.011871303219438764,0.004058803219438764,-0.037200962405561235,-0.07064822803056124,-0.06600955615556124,-0.023284946780561235,0.0018615375944387638,0.0018615375944387638,-0.028656040530561235,-0.06527713428056124,-0.021575962405561235,0.011871303219438764,0.0030822407194387638,-0.028656040530561235,-0.027923618655561235,0.0035705219694387638,0.024810756344438765,0.024810756344438765,0.021392787594438765,0.006256068844438764,0.018463100094438765,0.017486537594438765,0.006744350094438764,0.0038146625944387638,0.014556850094438764,0.026519740719438765,0.024078334469438765,0.008941615719438764,0.008941615719438764,-0.00033572803056123625,0.009674037594438764,0.017730678219438765,0.021392787594438765,0.019927943844438765,0.014312709469438764,0.008941615719438764,0.018463100094438765,0.031646693844438765,0.031646693844438765,0.040679896969438765,0.032623256344438765,0.020416225094438765,0.026763881344438765,0.033111537594438765,0.033843959469438765,0.027008021969438765,0.013824428219438764,0.009918178219438764,0.009918178219438764,0.012115443844438764,0.017974818844438765,0.015533412594438764,0.007232631344438764,-0.0005798686555612362,0.0038146625944387638,0.013580287594438764,0.014312709469438764,0.004791225094438764,0.0018615375944387638,0.0018615375944387638,0.010162318844438764,0.022613490719438765,0.010406459469438764,0.0030822407194387638,0.005767787594438764,0.014068568844438764,0.017242396969438765,0.017242396969438765,0.017730678219438765,0.017730678219438765,0.013580287594438764,0.005035365719438764,0.0021056782194387638,0.012115443844438764,0.021881068844438765,0.017242396969438765,0.0013732563444387638,-0.011566196780561236,-0.015472446780561236,-0.006439243655561236,-0.006439243655561236,0.005523646969438764,-0.006683384280561236,-0.022064243655561235,-0.029632603030561235,-0.018890415530561235
UR5e_W,0.008765080446772912,0.04196820544677291,0.04172406482177291,0.04172406482177291,0.026343205446772912,0.013403752321772912,0.011450627321772912,0.029517033571772912,0.027808049196772912,0.018774846071772912,0.007544377321772913,0.0026615648217729127,0.009985783571772912,0.015112736696772912,0.008765080446772912,0.008765080446772912,-0.005395075803227087,-0.012475153928227088,-0.011254450803227088,-0.011010310178227088,-0.017357966428227088,-0.024926325803227088,-0.025658747678227088,-0.023705622678227088,-0.023217341428227088,0.0004642991967729127,-0.020775935178227088,-0.018822810178227088,-0.027123591428227088,-0.024438044553227088,-0.016869685178227088,-0.015648982053227088,-0.017602107053227088,-0.017357966428227088,-0.018578669553227088,-0.013451716428227088,-0.010277888303227088,-0.011986872678227088,-0.011742732053227088,-0.008813044553227088,-0.006615778928227087,-0.008080622678227088,-0.005639216428227087,-0.0034419508032270873,0.0007084398217729127,0.00022015857177291268,-0.004662653928227087,-0.006127497678227087,-0.006127497678227087,-0.0031978101782270873,-2.3982053227087317e-05,0.0021732835717729127,0.008765080446772912,0.009009221071772912,0.004858830446772913,0.0026615648217729127,0.012671330446772912,0.016333439821772912,0.013403752321772912,0.010229924196772912,0.009253361696772912,0.008765080446772912,0.011694767946772912,0.014868596071772912,0.010962346071772912,0.010962346071772912,0.005835392946772913,0.0031498460717729127,0.008276799196772912,0.015845158571772912,0.005102971071772913,0.0004642991967729127,-0.0022212476782270873,-0.0005122633032270873,0.0036381273217729127,0.013159611696772912,0.016577580446772912,-0.0031978101782270873,-0.005150935178227087,0.0031498460717729127,0.014136174196772912,0.016089299196772912,0.004370549196772913,-0.007104060178227087,-0.008568903928227088,-2.3982053227087317e-05,0.012183049196772912,0.011938908571772912,0.0004642991967729127,-0.007592341428227087,-0.006371638303227087,0.0014408616967729127,0.004370549196772913,-2.3982053227087317e-05,-0.006859919553227087,-0.008324763303227088,-0.0036860914282270873,-0.0019771070532270873,-0.009301325803227088,-0.012963435178227088,-0.0031978101782270873,0.006567814821772913,0.007056096071772913,0.007056096071772913,-0.0012446851782270873,-0.011010310178227088,-0.010277888303227088,-0.0012446851782270873,-0.0010005445532270873,-0.004418513303227087,-0.010766169553227088,-0.012963435178227088,-0.004174372678227087,0.004370549196772913,-0.0005122633032270873,-0.0005122633032270873,-0.011010310178227088,-0.012719294553227088,-0.009545466428227088,0.00022015857177291268,-0.005883357053227087,-0.015404841428227088,-0.014184138303227088,-0.008568903928227088,-0.007348200803227087,-0.004662653928227087,-0.004662653928227087,-0.005150935178227087,-0.0022212476782270873,0.0014408616967729127,-0.0029536695532270873,0.0014408616967729127,-2.3982053227087317e-05,-0.0007564039282270873,0.0014408616967729127,0.0024174241967729127,0.0024174241967729127,0.00022015857177291268,0.0026615648217729127,0.008765080446772912,0.011450627321772912,0.013647892946772912,0.008520939821772912,0.008765080446772912,0.014136174196772912,0.013892033571772912,0.011450627321772912,0.011450627321772912,0.015112736696772912,0.017310002321772912,0.009009221071772912,0.013892033571772912,0.023413517946772912,0.022681096071772912,0.014136174196772912,0.006323674196772913,0.006567814821772913,0.006567814821772913,0.007788517946772913,0.009497502321772912,0.011450627321772912,-0.006615778928227087,-0.011986872678227088,-0.004906794553227087,0.007056096071772913,0.010229924196772912,-0.0010005445532270873,-0.018578669553227088,-0.018578669553227088,-0.023217341428227088,-0.011010310178227088,-0.004662653928227087,-0.03200640392822709,-0.05495562267822709,-0.05275835705322709,-0.03737749767822709,-0.030541560178227088,-0.03762163830322709,-0.03762163830322709,-0.05300249767822709,-0.05959429455322709,-0.04836382580322709,-0.017846247678227088,-0.024438044553227088,-0.04201616955322709,-0.05104937267822709,-0.03371538830322709,-0.0019771070532270873,0.016821721071772912,0.016821721071772912,0.005102971071772913,-0.010522028928227088,0.010718205446772912,0.029028752321772912,0.03659711169677291,0.029761174196772912,0.020483830446772912,0.027075627321772912,0.03830609607177291,0.03830609607177291,0.04440961169677291,0.04123578357177291,0.024390080446772912,0.024145939821772912,0.026831486696772912,0.04123578357177291,0.05051312732177291,0.04050336169677291,0.029517033571772912,0.029517033571772912,0.028296330446772912,0.029028752321772912,0.030981877321772912,0.03220258044677291,0.022192814821772912,0.011206486696772912,0.010718205446772912,0.013403752321772912,0.011694767946772912,0.009253361696772912,-0.0034419508032270873,-0.0034419508032270873,-0.011254450803227088,-0.006371638303227087,-0.0007564039282270873,-0.019066950803227088,-0.026879450803227088,-0.025658747678227088,-0.014428278928227088,-0.006127497678227087,-0.012719294553227088,-0.028100153928227088,-0.028100153928227088,-0.03762163830322709,-0.03225054455322709,-0.019066950803227088,-0.030053278928227088,-0.03615679455322709,-0.030541560178227088,-0.012719294553227088,0.0024174241967729127,0.004858830446772913,0.004858830446772913,-0.007348200803227087,-0.023705622678227088,-0.006859919553227087,0.0036381273217729127,0.006811955446772913,0.0029057054467729127,0.0009525804467729127,0.0033939866967729127,0.008276799196772912,0.008276799196772912,0.010229924196772912,0.004614689821772913,-0.008324763303227088,0.010718205446772912,0.019507267946772912,0.021704533571772912,0.017310002321772912,0.009009221071772912,0.005102971071772913,0.006323674196772913,0.005835392946772913,0.005835392946772913,0.005102971071772913,0.009985783571772912,0.0007084398217729127,-0.005395075803227087,-0.0019771070532270873,0.0011967210717729127,0.00022015857177291268,-0.004906794553227087,-0.004418513303227087,-0.004418513303227087,-0.009789607053227088,-0.015404841428227088,-0.0027095289282270873,0.0036381273217729127,-0.0024653883032270873,-0.015160700803227088,-0.019555232053227088,-0.009789607053227088,0.0007084398217729127,0.0007084398217729127,0.005102971071772913,-0.004418513303227087,-0.025414607053227088,-0.010277888303227088,0.0036381273217729127,0.007788517946772913,0.004614689821772913,0.0024174241967729127,0.004370549196772913,0.005591252321772913,-0.0007564039282270873,-0.005639216428227087,0.0007084398217729127,0.0007084398217729127,0.012427189821772912,0.025854924196772912,0.015112736696772912,0.0011967210717729127,0.0014408616967729127,0.014380314821772912,0.025366642946772912,0.028296330446772912,0.023413517946772912,0.014136174196772912,0.014136174196772912,0.007300236696772913,0.013403752321772912,0.025122502321772912,0.009741642946772912,-0.004418513303227087,-0.011986872678227088,-0.008568903928227088,0.0014408616967729127,0.008032658571772912,0.008032658571772912,0.0029057054467729127,-0.012719294553227088,-0.027611872678227088,-0.020531794553227088,-0.017113825803227088,-0.015893122678227088,-0.013695857053227088,-0.014672419553227088,-0.017602107053227088,-0.020043513303227088,-0.020043513303227088,-0.015648982053227088,-0.011498591428227088,-0.013451716428227088,-0.016381403928227088,-0.019799372678227088,-0.018090388303227088,-0.0022212476782270873,0.012915471071772912,0.007056096071772913,0.007056096071772913,-0.010277888303227088,-0.021996638303227088,-0.015648982053227088,0.012427189821772912,0.029272892946772912,0.024145939821772912,-0.0024653883032270873,-0.021996638303227088,-0.015893122678227088,0.009009221071772912,0.009009221071772912,0.029272892946772912,0.030249455446772912,-0.013939997678227088,-0.006127497678227087,0.015356877321772912,0.031226017946772912,0.03220258044677291,0.009009221071772912,-0.016381403928227088,-0.016381403928227088,-0.016137263303227088,0.004126408571772913,0.023901799196772912,0.007056096071772913,-0.013695857053227088,-0.016625544553227088,0.0024174241967729127,0.017310002321772912,0.015356877321772912,0.015356877321772912,0.004370549196772913,-0.008080622678227088,0.005591252321772913,0.015845158571772912,0.008520939821772912,-0.005639216428227087,-0.016137263303227088,-0.014916560178227088,-0.0014888258032270873,0.007788517946772913,0.007788517946772913,0.010718205446772912,0.010718205446772912,-0.0017329664282270873,0.0026615648217729127,0.009009221071772912,0.008520939821772912,0.0011967210717729127,-2.3982053227087317e-05,0.013159611696772912,0.013159611696772912,0.019751408571772912,0.013403752321772912,-0.004174372678227087,-0.0019771070532270873,0.005591252321772913,0.0014408616967729127,-0.0014888258032270873,-0.0024653883032270873,-0.005639216428227087,-0.005639216428227087,-0.005395075803227087,-0.011986872678227088,-0.03566851330322709,-0.03688921642822709,-0.023949763303227088,-0.011742732053227088,-0.010766169553227088,-0.018090388303227088,-0.022973200803227088,-0.022973200803227088,-0.026879450803227088,-0.029564997678227088,-0.016625544553227088,-0.009301325803227088,-0.008080622678227088,-0.010277888303227088,-0.011254450803227088,-0.009545466428227088,-0.007592341428227087,-0.009545466428227088,-0.009545466428227088,-0.006371638303227087,0.008765080446772912,0.018774846071772912,0.019751408571772912,0.019507267946772912,0.015601017946772912,0.013892033571772912,0.015112736696772912,0.022192814821772912,0.022192814821772912,0.029272892946772912,0.03171429919677291,0.021216252321772912,0.021216252321772912,0.026831486696772912,0.028784611696772912,0.020727971071772912,0.011450627321772912,0.009253361696772912,0.018042424196772912,0.018042424196772912,0.021948674196772912,0.009741642946772912,-0.014916560178227088,-0.013695857053227088,-0.013207575803227088,-0.004906794553227087,-0.004662653928227087,-0.011010310178227088,-0.016869685178227088,-0.016869685178227088,-0.026147028928227088,-0.024926325803227088,-0.014184138303227088,-0.027856013303227088,-0.04030718517822709,-0.03688921642822709,-0.028100153928227088,-0.017846247678227088,-0.011986872678227088,-0.014672419553227088,-0.014672419553227088,-0.017113825803227088,-0.018334528928227088,0.00022015857177291268,0.006567814821772913,0.006811955446772913,0.005347111696772913,0.0011967210717729127,0.006811955446772913,0.013403752321772912,0.013403752321772912,0.016577580446772912,0.023657658571772912,0.020972111696772912,0.015845158571772912,0.007788517946772913,0.009985783571772912,0.027319767946772912,0.03610883044677291,0.027075627321772912,0.027075627321772912,0.014380314821772912,0.005102971071772913,0.006567814821772913,0.015356877321772912,0.007544377321772913,-0.004662653928227087,-0.009789607053227088,-0.007592341428227087,0.0026615648217729127,0.006811955446772913,0.006811955446772913,-0.0014888258032270873,-0.016137263303227088,-0.026635310178227088,-0.012231013303227088,0.0016850023217729127,0.0004642991967729127,-0.011498591428227088,-0.022484919553227088,-0.019311091428227088,-0.019311091428227088,-0.0022212476782270873,0.005591252321772913,-0.0036860914282270873,-0.0027095289282270873,0.009497502321772912,0.019263127321772912,0.020972111696772912,0.018042424196772912,0.007544377321772913,-0.0012446851782270873,-0.0012446851782270873,-0.0007564039282270873,0.011938908571772912,0.018042424196772912,0.0007084398217729127,-0.016869685178227088,-0.018822810178227088,-0.011986872678227088,-0.004662653928227087,0.0033939866967729127,0.0033939866967729127,-2.3982053227087317e-05,-0.010277888303227088,-0.029320857053227088,-0.03298296642822709,-0.024438044553227088,-0.009301325803227088,-0.006127497678227087,-0.015648982053227088,-0.026879450803227088,-0.03518023205322709,-0.03518023205322709,-0.03395952892822709,-0.021752497678227088,0.0036381273217729127,0.010474064821772912,0.004614689821772913,-0.0014888258032270873,0.007056096071772913,0.020239689821772912,0.025610783571772912,0.025610783571772912,0.027319767946772912,0.026587346071772912,0.020727971071772912,0.026587346071772912,0.031226017946772912,0.03293500232177291,0.030981877321772912,0.04147992419677291,0.04440961169677291,0.03244672107177291,0.03244672107177291,0.022925236696772912,-0.009545466428227088,-0.008568903928227088,0.010229924196772912,0.024145939821772912,0.015845158571772912,-0.0036860914282270873,-0.018090388303227088,-0.024926325803227088,-0.012963435178227088,-0.012963435178227088,0.009985783571772912,0.009985783571772912,-0.011498591428227088,-0.03762163830322709,-0.04445757580322709,0.0004642991967729127,-0.03493609142822709,-0.021508357053227088,-0.015404841428227088,-0.012231013303227088,-0.006127497678227087,-0.010522028928227088,-0.010033747678227088,0.0021732835717729127,0.010229924196772912,0.010718205446772912,0.016577580446772912,0.016577580446772912,0.020483830446772912,-0.009057185178227088,-0.010033747678227088,0.007300236696772913,0.029272892946772912,0.03806195544677291,0.017065861696772912,-0.013939997678227088,-0.025414607053227088,-0.025414607053227088,-0.005639216428227087,0.018774846071772912,0.004370549196772913,-0.017113825803227088,-0.026879450803227088,-0.016137263303227088,0.0014408616967729127,0.007788517946772913,-0.0014888258032270873,-0.0014888258032270873,-0.020531794553227088,-0.03810991955322709,-0.022240778928227088,0.007544377321772913,0.012671330446772912,-0.005639216428227087,-0.019066950803227088,-0.017113825803227088,-0.0029536695532270873,0.014868596071772912,0.014868596071772912,0.027563908571772912,0.029272892946772912,0.015112736696772912,0.024878361696772912,0.03635297107177291,0.03659711169677291,0.029517033571772912,0.020727971071772912,0.019018986696772912,0.022192814821772912,0.022192814821772912,0.021948674196772912,0.009497502321772912,0.014136174196772912,0.020727971071772912,0.017310002321772912,0.0009525804467729127,-0.012475153928227088,-0.012963435178227088,-0.005883357053227087,-0.005883357053227087,-0.0022212476782270873,-0.012963435178227088,-0.04201616955322709,-0.04738726330322709,-0.04201616955322709,-0.027123591428227088,-0.016381403928227088,-0.013939997678227088,-0.019066950803227088,-0.019066950803227088,-0.028832575803227088,-0.028832575803227088,0.021948674196772912,0.019995549196772912,-0.0002681226782270873,-0.012963435178227088,-0.0034419508032270873,0.014136174196772912,0.017310002321772912,0.010718205446772912,0.010718205446772912,0.007788517946772913,0.0021732835717729127,-0.011498591428227088,-0.011254450803227088,0.010229924196772912,0.022925236696772912,0.010474064821772912,-0.017846247678227088,-0.027611872678227088,-0.027611872678227088,-0.007104060178227087,0.011938908571772912,-0.006371638303227087,-0.021996638303227088,-0.025170466428227088,-0.023705622678227088,-0.018090388303227088,-0.014184138303227088,-0.016137263303227088,-0.017846247678227088,-0.017846247678227088,-0.007592341428227087,0.009253361696772912,0.016821721071772912,0.018042424196772912,0.009985783571772912,0.009497502321772912,0.023413517946772912,0.03610883044677291,0.03366742419677291,0.03366742419677291,0.024390080446772912,0.019263127321772912,0.012915471071772912,0.010474064821772912,0.013892033571772912,0.019018986696772912,0.018286564821772912,0.010718205446772912,0.0014408616967729127,0.0014408616967729127,0.005591252321772913,0.017554142946772912,0.006811955446772913,-0.020287653928227088,-0.04396929455322709,-0.03444781017822709,-2.3982053227087317e-05,0.016577580446772912,0.0009525804467729127,-0.028832575803227088,-0.028832575803227088,-0.04177202892822709,0.0033939866967729127,0.03195843982177291,0.03171429919677291,-0.004174372678227087,-0.03664507580322709,-0.03298296642822709,0.0026615648217729127,0.03488812732177291,0.03488812732177291,0.04050336169677291,0.016577580446772912,-0.04494585705322709,-0.03176226330322709,0.004370549196772913,0.024878361696772912,0.008765080446772912,-0.030785700803227088,-0.04421343517822709,-0.015648982053227088,-0.015648982053227088,0.019995549196772912,-0.024926325803227088,-0.06276812267822708,-0.06057085705322709,-0.026147028928227088,0.004370549196772913,0.005591252321772913,-0.013207575803227088,-0.024682185178227088,-0.024682185178227088,-0.016625544553227088,0.007544377321772913,0.03781781482177291,0.010474064821772912,-0.017357966428227088,-0.011742732053227088,0.024390080446772912,0.04856000232177291,0.04074750232177291,0.04074750232177291,0.012671330446772912,-0.012719294553227088,0.011938908571772912,0.03147015857177291,0.03439984607177291,0.004126408571772913,-0.021508357053227088,-0.005395075803227087,0.03171429919677291,0.04563031482177291,0.04563031482177291,0.015845158571772912,-0.04787554455322709,-0.011254450803227088,0.028296330446772912,0.04099164294677291,0.013647892946772912,-0.025658747678227088,-0.03249468517822709,0.0014408616967729127,0.0014408616967729127,0.04416547107177291,0.029761174196772912,-0.007104060178227087,-0.016625544553227088,0.009497502321772912,0.03317914294677291,0.03415570544677291,0.009009221071772912,-0.026635310178227088,-0.026635310178227088,-0.03664507580322709,-0.008324763303227088,0.024878361696772912,-0.020043513303227088,-0.05983843517822709,-0.05031695080322709,-0.0031978101782270873,0.024390080446772912,-0.0010005445532270873,-0.05080523205322709,-0.05080523205322709,-0.08107866955322708,-0.007348200803227087,0.03708539294677291,0.024145939821772912,-0.027367732053227088,-0.05764116955322709,-0.028344294553227088,0.029028752321772912,0.05588422107177291,0.05588422107177291,0.03586468982177291,-0.0014888258032270873,-0.007836482053227088,0.021948674196772912,0.026587346071772912,0.0024174241967729127,-0.021752497678227088,-0.022240778928227088,-0.004418513303227087,0.010474064821772912,0.010474064821772912,0.007544377321772913,-0.013695857053227088,-0.010766169553227088,-0.0034419508032270873,-0.0034419508032270873,-0.010522028928227088,-0.017113825803227088,-0.013451716428227088,-0.0014888258032270873,-0.0014888258032270873,-0.004418513303227087,-0.021264216428227088,-0.03493609142822709,-0.019311091428227088,0.013403752321772912,0.04270062732177291,0.04807172107177291,0.024634221071772912,-0.010522028928227088,-0.028100153928227088,-0.028100153928227088,-0.012475153928227088,0.04831586169677291,0.03610883044677291,0.004614689821772913,-0.021264216428227088,-0.023217341428227088,-0.0012446851782270873,0.028784611696772912,0.03513226794677291,0.03513226794677291,0.015356877321772912,-0.017846247678227088,-0.023705622678227088,0.008520939821772912,0.03293500232177291,0.027319767946772912,0.0009525804467729127,-0.014184138303227088,-0.0014888258032270873,0.028052189821772912,0.028052189821772912,0.04758343982177291,0.019751408571772912,0.004614689821772913,0.007300236696772913,0.018042424196772912,0.025854924196772912,0.026099064821772912,0.014624455446772912,0.0014408616967729127,-0.007104060178227087,-0.013695857053227088,-0.012231013303227088,-0.0034419508032270873,0.006811955446772913,0.013892033571772912,0.013892033571772912,0.008520939821772912,-0.024926325803227088,-0.020531794553227088,-0.0014888258032270873,0.017798283571772912,0.019507267946772912,-0.0036860914282270873,-0.03371538830322709,-0.04348101330322709,-0.027856013303227088,-0.027856013303227088,-0.007592341428227087,-0.005395075803227087,0.0004642991967729127,-0.03933062267822709,-0.03933062267822709,0.009741642946772912,0.016333439821772912,-0.0034419508032270873,-0.031029841428227088,-0.03884234142822709,-0.016869685178227088,0.012915471071772912,0.024634221071772912,0.024634221071772912,0.012671330446772912,-0.014184138303227088,-0.0017329664282270873,0.016333439821772912,0.024390080446772912,0.019263127321772912,0.006567814821772913,0.0014408616967729127,0.009009221071772912,0.009009221071772912,0.016821721071772912,-0.0005122633032270873,-0.0005122633032270873,-0.014428278928227088,0.008520939821772912,0.027075627321772912,0.021216252321772912,-0.004174372678227087,-0.017113825803227088,-0.008813044553227088,0.007544377321772913,0.019018986696772912,0.019018986696772912,0.012671330446772912,-0.020775935178227088,-0.014672419553227088,0.0011967210717729127,0.014624455446772912,0.013647892946772912,-0.005150935178227087,-0.022240778928227088,-0.015893122678227088,0.005591252321772913,0.019507267946772912,0.017310002321772912,-2.3982053227087317e-05,-2.3982053227087317e-05,-0.014672419553227088,0.005591252321772913,0.019018986696772912,0.016089299196772912,0.004614689821772913,-0.0029536695532270873,-0.0012446851782270873,0.006567814821772913,0.015112736696772912,0.015112736696772912,0.015356877321772912,0.0007084398217729127,-0.0022212476782270873,0.0009525804467729127,0.005835392946772913,0.0033939866967729127,-0.003930232053227087,-0.006127497678227087,-0.0022212476782270873,-0.0012446851782270873,-0.0012446851782270873,-0.004174372678227087,-0.016137263303227088,-0.015404841428227088,-0.011986872678227088,-0.007348200803227087,-0.0031978101782270873,-0.0036860914282270873,-0.005639216428227087,-0.010277888303227088,-0.010277888303227088,-0.011986872678227088,0.0004642991967729127,-0.011498591428227088,-0.005395075803227087,-0.0024653883032270873,-0.0036860914282270873,-0.005883357053227087,-0.006371638303227087,-0.0027095289282270873,0.0019291429467729127,0.00022015857177291268,-0.0029536695532270873,-0.0029536695532270873,-0.0017329664282270873,-0.0017329664282270873,0.00022015857177291268,0.0033939866967729127,0.0021732835717729127,-0.0014888258032270873,0.0009525804467729127,0.0026615648217729127,0.0011967210717729127,-0.0007564039282270873,0.0011967210717729127,0.0036381273217729127,0.0031498460717729127,0.0031498460717729127,0.0029057054467729127,0.007056096071772913,-0.006371638303227087,-0.028100153928227088,-0.03420366955322709,-0.013451716428227088,0.017798283571772912,0.03220258044677291,0.023169377321772912,0.023169377321772912,0.013159611696772912,0.05661664294677291,0.07443890857177292,0.05295453357177291,0.017065861696772912,0.0038822679467729127,0.024145939821772912,0.04904828357177291,0.05026898669677291,0.026099064821772912,-0.007104060178227087,-0.007104060178227087,-0.025658747678227088,-0.0031978101782270873,0.0026615648217729127,-0.011498591428227088,-0.03127398205322709,-0.04445757580322709,-0.04103960705322709,-0.021508357053227088,-0.013695857053227088,-0.013695857053227088,-0.03273882580322709,-0.05129351330322709,-0.027367732053227088,-0.0010005445532270873,0.005102971071772913,-0.011254450803227088,-0.03176226330322709,-0.03933062267822709,-0.03371538830322709,-0.023705622678227088,-0.018822810178227088,-0.018822810178227088,-0.026635310178227088,-0.027856013303227088,-0.021020075803227088,-0.013695857053227088,-0.014916560178227088,-0.023949763303227088,-0.026635310178227088,-0.016869685178227088,-0.006615778928227087,-0.009301325803227088,-0.022240778928227088,-0.022240778928227088,-0.029076716428227088,0.004614689821772913,0.019751408571772912,0.018530705446772912,0.009741642946772912,0.008032658571772912,0.016089299196772912,0.020483830446772912,0.015845158571772912,0.013159611696772912,0.013159611696772912,0.04172406482177291,0.06076703357177291,0.04929242419677291,0.019751408571772912,0.00022015857177291268,0.007544377321772913,0.030981877321772912,0.04514203357177291,0.03855023669677291,0.03855023669677291,0.010962346071772912,-0.011986872678227088,-0.006371638303227087,0.015601017946772912,0.03147015857177291,0.03586468982177291,0.024390080446772912,0.009985783571772912,0.011694767946772912,0.030737736696772912,0.04465375232177291,0.04465375232177291,0.03293500232177291,0.030249455446772912,0.03806195544677291,0.04538617419677291,0.04465375232177291,0.04245648669677291,0.03928265857177291,0.029761174196772912,0.012427189821772912,-0.010522028928227088,-0.010522028928227088,-0.029076716428227088,-0.021508357053227088,-0.029076716428227088,-0.04226031017822709,-0.04323687267822709,-0.03371538830322709,-0.015893122678227088,0.0029057054467729127,0.013159611696772912,0.007788517946772913,0.007788517946772913,-0.009301325803227088,-0.018822810178227088,0.018530705446772912,0.06198773669677291,0.07614789294677292,0.05124554919677291,0.019507267946772912,0.014624455446772912,0.012427189821772912,-0.023461482053227088,-0.023461482053227088,8.575915771041201e-05,8.575915771041201e-05,-0.07985796642822708,-0.04323687267822709,-0.04274859142822709,-0.07814898205322708,8.575915771041201e-05,-0.08254351330322708,-0.03566851330322709,0.012915471071772912,0.012915471071772912,0.03366742419677291,0.019751408571772912,0.031226017946772912,0.07175336169677292,0.07761273669677292,0.03659711169677291,-0.015160700803227088,-0.028832575803227088,0.017798283571772912,0.06955609607177292,0.06980023669677292,0.06980023669677292,-0.06960406017822708,8.575915771041201e-05,-0.06008257580322709,-0.0019771070532270873,0.03659711169677291,0.03903851794677291,0.022192814821772912,0.0038822679467729127,-0.004906794553227087,-0.004906794553227087,0.020727971071772912,0.06516156482177292,0.06931195544677292,0.06369672107177292,0.05148968982177291,0.03977093982177291,0.015112736696772912,-0.024193903928227088,-0.04372515392822709,-0.03591265392822709,-0.013695857053227088,-0.013695857053227088,0.00022015857177291268,-0.03444781017822709,-0.05666460705322709,-0.05666460705322709,-0.026391169553227088,0.011938908571772912,0.031226017946772912,0.011938908571772912,-0.019311091428227088,-0.019311091428227088,-0.024682185178227088,0.0004642991967729127,0.03293500232177291,-0.0007564039282270873,-0.03151812267822709,-0.027123591428227088,-0.007104060178227087,-0.0034419508032270873,-0.025414607053227088,-0.04738726330322709,-0.05446734142822709,-0.05446734142822709,-0.05861773205322709,-0.05715288830322709,-0.03810991955322709,-0.004662653928227087,0.018042424196772912,0.0016850023217729127,-0.021264216428227088,-0.018822810178227088,-0.0005122633032270873,0.015845158571772912,0.029761174196772912,0.04416547107177291,0.05881390857177291,0.05148968982177291,0.05148968982177291,0.004126408571772913,0.005835392946772913,0.023413517946772912,0.03732953357177291,0.026343205446772912,-0.005883357053227087,-0.019555232053227088,-0.013939997678227088,-0.019799372678227088,-0.019799372678227088,-0.05104937267822709,-0.03347124767822709,0.0019291429467729127,0.020239689821772912,0.006323674196772913,-0.014672419553227088,-0.004906794553227087,0.026099064821772912,0.030981877321772912,0.016577580446772912,0.016577580446772912,0.012183049196772912,0.03757367419677291,0.03562054919677291,0.028296330446772912,0.023657658571772912,0.030737736696772912,0.03586468982177291,0.018286564821772912,-0.007836482053227088,-0.012963435178227088,-0.012963435178227088,-0.025414607053227088,-0.03737749767822709,-0.03591265392822709,-0.027367732053227088,-0.015648982053227088,-0.006371638303227087,-0.006859919553227087,-0.0002681226782270873,0.007544377321772913,0.010229924196772912,0.010229924196772912,0.011694767946772912,0.025122502321772912,0.03439984607177291,0.04147992419677291,0.03855023669677291,0.026343205446772912,0.022192814821772912,0.03269086169677291,0.04025922107177291,0.03464398669677291,0.03464398669677291,0.020972111696772912,0.0024174241967729127,-0.013207575803227088,-0.007592341428227087,-0.008080622678227088,-0.017602107053227088,-0.030053278928227088,-0.04128374767822709,-0.03859820080322709,-0.020043513303227088,-0.0014888258032270873,-0.0014888258032270873,-0.013451716428227088,-0.018334528928227088,-0.013451716428227088,0.0016850023217729127,0.008765080446772912,-0.0012446851782270873,-0.009057185178227088,0.006567814821772913,0.030737736696772912,0.03586468982177291,0.028052189821772912,0.028052189821772912,-0.011986872678227088,-0.0036860914282270873,0.013159611696772912,-0.0007564039282270873,-0.029809138303227088,-0.04689898205322709,-0.05251421642822709,-0.03347124767822709,-0.022484919553227088,-0.022484919553227088,-0.06716265392822708,-0.08107866955322708,-0.06154741955322709,-0.024682185178227088,0.0021732835717729127,0.005347111696772913,-0.004418513303227087,-0.017357966428227088,-0.014428278928227088,0.0011967210717729127,0.012183049196772912,0.012183049196772912,0.0014408616967729127,0.022436955446772912,0.04587445544677291,0.05661664294677291,0.03732953357177291,0.008520939821772912,0.0033939866967729127,0.021704533571772912,0.03757367419677291,0.03757367419677291,0.011938908571772912,-0.0019771070532270873,-0.007592341428227087,-0.011254450803227088,-0.011498591428227088,-0.010033747678227088,-0.004418513303227087,-0.005150935178227087,-0.017113825803227088,-0.022729060178227088,-0.0019771070532270873,-0.0019771070532270873,0.017310002321772912,-0.005883357053227087,-0.030297419553227088,-0.016381403928227088,0.026343205446772912,0.04856000232177291,0.03415570544677291,0.0004642991967729127,-0.022240778928227088,-0.022240778928227088,0.04196820544677291,0.06296429919677292,0.05271039294677291,0.030981877321772912,0.015845158571772912,0.006323674196772913,-0.0019771070532270873,-0.0022212476782270873,0.006567814821772913,0.012671330446772912,0.006567814821772913,0.006567814821772913,-0.020531794553227088,-0.04958452892822709,-0.030785700803227088,-0.019311091428227088,-0.023217341428227088,-0.03518023205322709,-0.04177202892822709,-0.027611872678227088,-0.0034419508032270873,0.005591252321772913,0.005591252321772913,-0.006859919553227087,-0.006127497678227087,0.012427189821772912,0.024878361696772912,0.029761174196772912,0.024145939821772912,0.022925236696772912,0.023413517946772912,0.016333439821772912,0.017798283571772912,0.017798283571772912,0.025366642946772912,0.04050336169677291,0.04025922107177291,0.019507267946772912,-0.006859919553227087,-0.010522028928227088,-0.0022212476782270873,-0.0027095289282270873,-0.008568903928227088,-0.008568903928227088,-0.013695857053227088,-0.014916560178227088,-0.014916560178227088,-0.027123591428227088,-0.03542437267822709,-0.028344294553227088,-0.019066950803227088,-0.019799372678227088,-0.030785700803227088,-0.03298296642822709,-0.021752497678227088,-0.006371638303227087,-0.006371638303227087,0.0036381273217729127,-0.006371638303227087,-0.009545466428227088,-0.0002681226782270873,0.004126408571772913,0.006567814821772913,0.016821721071772912,0.03244672107177291,0.03488812732177291,0.022681096071772912,0.022681096071772912,-0.0036860914282270873,0.014624455446772912,0.03977093982177291,0.04318890857177291,0.024145939821772912,0.0036381273217729127,-0.011254450803227088,-0.013207575803227088,-0.005395075803227087,-0.005395075803227087,0.009497502321772912,-0.011498591428227088,-0.029076716428227088,-0.024926325803227088,-0.017602107053227088,-0.009789607053227088,-0.0031978101782270873,-0.013695857053227088,-0.029809138303227088,-0.025170466428227088,-0.011742732053227088,-0.011742732053227088,-0.011742732053227088,0.010718205446772912,0.012671330446772912,0.008276799196772912,-0.0029536695532270873,-0.022973200803227088,-0.017846247678227088,0.011206486696772912,0.03195843982177291,0.029028752321772912,0.029028752321772912,-0.018578669553227088,-0.013939997678227088,0.016821721071772912,0.04489789294677291,0.04270062732177291,0.017554142946772912,-0.007348200803227087,-0.021752497678227088,-0.010766169553227088,0.012427189821772912,0.021948674196772912,0.021948674196772912,-0.004906794553227087,-0.018822810178227088,-0.019311091428227088,-0.008324763303227088,-0.006127497678227087,-0.018090388303227088,-0.026635310178227088,-0.028832575803227088,-0.023217341428227088,-0.023217341428227088,0.0004642991967729127,-0.012963435178227088,-0.019066950803227088,-0.019555232053227088,-0.011254450803227088,0.005591252321772913,0.015601017946772912,0.0036381273217729127,-0.012963435178227088,-0.011742732053227088,0.014624455446772912,0.014624455446772912,0.027075627321772912,0.004614689821772913,-0.011254450803227088,-0.0014888258032270873,0.023657658571772912,0.04099164294677291,0.030493596071772912,0.013159611696772912,0.007300236696772913,0.016333439821772912,0.022681096071772912,0.020972111696772912,0.019507267946772912,0.016089299196772912,0.009741642946772912,0.0024174241967729127,0.0024174241967729127,0.013159611696772912,0.013159611696772912,-2.3982053227087317e-05,-0.016137263303227088,-0.020531794553227088,-0.010766169553227088,-0.005150935178227087,-0.012963435178227088,-0.030053278928227088,-0.03591265392822709,-0.03591265392822709,-0.021264216428227088,-0.024926325803227088,-0.027367732053227088,-0.027611872678227088,-0.022484919553227088,-0.012231013303227088,-0.007348200803227087,-0.0012446851782270873,0.006811955446772913,0.006811955446772913,0.013159611696772912,0.010962346071772912,0.008765080446772912,0.014380314821772912,0.03220258044677291,0.03928265857177291,0.03147015857177291,0.019995549196772912,0.017065861696772912,0.017065861696772912,0.009497502321772912,0.015845158571772912,0.025854924196772912,0.03439984607177291,0.03610883044677291,0.019263127321772912,-0.0019771070532270873,-0.010277888303227088,-0.005395075803227087,-0.005395075803227087,0.004126408571772913,-0.006127497678227087,-0.024926325803227088,-0.04274859142822709,-0.04787554455322709,-0.03908648205322709,-0.018578669553227088,-0.008568903928227088,-0.019311091428227088,-0.03469195080322709,-0.03469195080322709,-0.021264216428227088,-0.011986872678227088,-0.011986872678227088,-0.016381403928227088,-0.018822810178227088,-0.021020075803227088,-0.021020075803227088,-0.015893122678227088,-0.006127497678227087,-0.006127497678227087,0.015845158571772912,0.020483830446772912,0.0036381273217729127,-0.015160700803227088,-0.012963435178227088,0.011938908571772912,0.04001508044677291,0.04465375232177291,0.025610783571772912,0.025610783571772912,-0.004174372678227087,-0.0019771070532270873,0.012671330446772912,0.026587346071772912,0.027808049196772912,0.011206486696772912,-0.012475153928227088,-0.020531794553227088,0.0019291429467729127,0.0019291429467729127,0.028052189821772912,0.018774846071772912,0.0031498460717729127,-0.006615778928227087,-0.008568903928227088,0.0009525804467729127,0.021704533571772912,0.025122502321772912,0.008276799196772912,-0.006371638303227087,-0.006371638303227087,-0.014428278928227088,0.0004642991967729127,0.007056096071772913,0.006323674196772913,-0.003930232053227087,-0.024193903928227088,-0.027611872678227088,-0.015160700803227088,0.0004642991967729127,0.0004642991967729127,0.008032658571772912,-0.012231013303227088,-0.03810991955322709,-0.04177202892822709,-0.014428278928227088,0.022192814821772912,0.030737736696772912,0.004126408571772913,-0.027367732053227088,-0.03225054455322709,-0.013939997678227088,0.004858830446772913,0.020483830446772912,0.025610783571772912,0.015112736696772912,-0.006371638303227087,-0.022973200803227088,-0.017602107053227088,0.004858830446772913,0.019751408571772912,0.019751408571772912,0.016089299196772912,-0.006127497678227087,-0.021996638303227088,-0.014184138303227088,0.017554142946772912,0.03952679919677291,0.03244672107177291,0.009741642946772912,-0.017602107053227088,-0.017602107053227088,0.006079533571772913,0.03269086169677291,0.03977093982177291,0.017065861696772912,-0.011986872678227088,-0.015648982053227088,0.0029057054467729127,0.021704533571772912,0.023413517946772912,0.023413517946772912,-0.014428278928227088,-0.03176226330322709,-0.026879450803227088,0.007056096071772913,0.028296330446772912,0.009985783571772912,-0.021508357053227088,-0.03640093517822709,-0.028588435178227088,-0.028588435178227088,0.005347111696772913,0.007788517946772913,-0.009301325803227088,-0.03176226330322709,-0.04177202892822709,-0.029320857053227088,-0.007836482053227088,0.004370549196772913,0.0038822679467729127,0.0038822679467729127,-0.029809138303227088,-0.03225054455322709,-0.015160700803227088,0.008520939821772912,0.014868596071772912,0.0026615648217729127,-0.010766169553227088,-0.012963435178227088,-0.0029536695532270873,-0.0029536695532270873,0.025610783571772912,0.012183049196772912,-0.0029536695532270873,-0.0036860914282270873,0.008520939821772912,0.026587346071772912,0.03415570544677291,0.019995549196772912,-0.008813044553227088,-0.008813044553227088,0.0007084398217729127,0.04245648669677291,0.05783734607177291,0.020972111696772912,-0.018090388303227088,-0.025658747678227088,-0.006127497678227087,0.016333439821772912,0.028052189821772912,0.028052189821772912,-2.3982053227087317e-05,-0.024193903928227088,-0.030541560178227088,-0.007836482053227088,0.017310002321772912,0.021216252321772912,0.0016850023217729127,-0.022973200803227088,-0.03395952892822709,-0.012475153928227088,0.029761174196772912,0.04025922107177291,0.005347111696772913,-0.026391169553227088,-0.029076716428227088,-0.0014888258032270873,0.028784611696772912,0.030005314821772912,0.00022015857177291268,-0.028832575803227088,-0.028100153928227088,-0.009545466428227088,0.011938908571772912,0.017065861696772912,0.008032658571772912,-0.010522028928227088,-0.026391169553227088,-0.017113825803227088,0.011450627321772912,0.018286564821772912,-0.006127497678227087,-0.031029841428227088,-0.024682185178227088,-0.0034419508032270873,0.008765080446772912,0.013159611696772912,-0.0027095289282270873,-0.019555232053227088,-0.023949763303227088,-0.017846247678227088,0.0004642991967729127,0.011206486696772912,0.005835392946772913,-0.004418513303227087,-0.014428278928227088,-0.014916560178227088,-0.0034419508032270873,0.009985783571772912,0.007056096071772913,-0.004418513303227087,-0.004906794553227087,0.008032658571772912,0.016333439821772912,0.011450627321772912,0.0024174241967729127,-0.005150935178227087,-0.007348200803227087,0.0021732835717729127,0.017310002321772912,0.017798283571772912,0.005591252321772913,-0.005150935178227087,-0.009301325803227088,0.0021732835717729127,0.029272892946772912,0.03415570544677291,0.006567814821772913,-0.020043513303227088,-0.016625544553227088,0.009741642946772912,0.028540471071772912,0.023413517946772912,0.0016850023217729127,-0.017113825803227088,-0.020531794553227088,-0.0002681226782270873,0.018286564821772912,0.014136174196772912,-0.0005122633032270873,-0.016625544553227088,-0.020531794553227088,-0.0031978101782270873,0.016821721071772912,0.016089299196772912,-0.007104060178227087,-0.025170466428227088,-0.018090388303227088,0.0016850023217729127,0.016333439821772912,0.016821721071772912,0.016821721071772912,-0.013695857053227088,-0.008813044553227088,0.005102971071772913,0.011206486696772912,0.007544377321772913,-0.0019771070532270873,-0.013207575803227088,-0.014916560178227088,0.0007084398217729127,0.016089299196772912,0.007300236696772913,-0.010522028928227088,-0.015648982053227088,-0.007104060178227087,-0.0007564039282270873,-0.0005122633032270873,-0.0031978101782270873,-0.005883357053227087,-0.010277888303227088,-0.013451716428227088,-0.014428278928227088,-0.012719294553227088,-0.012719294553227088,-0.0012446851782270873,-0.009301325803227088,-0.017113825803227088,-0.017602107053227088,-0.008813044553227088,-2.3982053227087317e-05,0.006079533571772913,0.008520939821772912,-0.0012446851782270873,-0.009301325803227088,-0.008324763303227088,0.0004642991967729127,0.013159611696772912,0.020239689821772912,0.015845158571772912,0.0004642991967729127,-0.008568903928227088,0.0014408616967729127,0.012915471071772912,0.022925236696772912,0.019995549196772912,-0.004174372678227087,-0.019555232053227088,-0.007836482053227088,0.015356877321772912,0.015112736696772912,-0.005639216428227087,-0.018578669553227088,-0.010522028928227088,0.009009221071772912,0.017310002321772912,0.017310002321772912,-0.017357966428227088,-0.016625544553227088,0.0026615648217729127,0.015356877321772912,0.014868596071772912,0.005102971071772913,-0.004174372678227087,-0.010277888303227088,0.0029057054467729127,0.0029057054467729127,0.017554142946772912,0.009985783571772912,-0.0034419508032270873,-0.008813044553227088,0.004370549196772913,0.023901799196772912,0.021704533571772912,0.0026615648217729127,-0.014428278928227088,-0.014428278928227088,0.016333439821772912,0.024878361696772912,0.017554142946772912,-0.008324763303227088,-0.022729060178227088,-0.007836482053227088,0.017065861696772912,0.010718205446772912,-0.015648982053227088,-0.015648982053227088,-0.014428278928227088,0.006323674196772913,0.005347111696772913,-0.011254450803227088,-0.022484919553227088,-0.011498591428227088,0.005591252321772913,0.007056096071772913,-0.006615778928227087,-0.016869685178227088,-0.012963435178227088,0.0004642991967729127,0.0004642991967729127,0.0004642991967729127,0.0004642991967729127,-0.0017329664282270873,-0.010277888303227088,-0.0017329664282270873,-0.0017329664282270873,0.025122502321772912,0.0031498460717729127,-0.024438044553227088,-0.019311091428227088,0.004370549196772913,0.020239689821772912,0.018042424196772912,0.0026615648217729127,-0.016625544553227088,-0.015404841428227088,0.013647892946772912,0.019263127321772912,-0.010766169553227088,-0.03151812267822709,-0.010033747678227088,0.029028752321772912,0.029028752321772912,0.016333439821772912,-0.027611872678227088,-0.04567827892822709,-0.012475153928227088,0.04099164294677291,0.05783734607177291,0.017310002321772912,-0.04445757580322709,-0.06862749767822708,-0.03347124767822709,0.027075627321772912,0.05539593982177291,0.020972111696772912,-0.04641070080322709,-0.07936968517822708,-0.03859820080322709,0.04489789294677291,8.575915771041201e-05,0.04343304919677291,-0.026391169553227088,-0.05104937267822709,-0.013939997678227088,-0.013939997678227088,0.08396039294677292,0.04831586169677291,-0.006859919553227087,-0.025902888303227088,0.005591252321772913,0.05856976794677291,0.08469281482177292,0.06052289294677291,0.008520939821772912,-0.023949763303227088,-0.009789607053227088,0.023657658571772912,0.04489789294677291,0.03415570544677291,-0.0005122633032270873,-0.020287653928227088,-0.007592341428227087,0.018042424196772912,0.022192814821772912,-0.006371638303227087,-0.03688921642822709,-0.04079546642822709,-0.014184138303227088,0.017554142946772912,0.017554142946772912,-0.009545466428227088,-0.04006304455322709,-0.03981890392822709,0.0004642991967729127,-0.008813044553227088,0.031226017946772912,0.031226017946772912,-0.03200640392822709,-0.04103960705322709,-0.020775935178227088,0.015601017946772912,0.026343205446772912,0.006811955446772913,-0.020531794553227088,-0.031029841428227088,-0.018578669553227088,-0.009057185178227088,-0.006859919553227087,-0.014672419553227088,-0.030541560178227088,-0.03933062267822709,-0.03322710705322709,-0.023949763303227088,-0.021752497678227088,-0.021752497678227088,-0.03591265392822709,-0.04274859142822709,-0.03664507580322709,-0.024926325803227088,-0.026635310178227088,-0.03298296642822709,-0.03273882580322709,-0.03273882580322709,-0.007104060178227087,0.0004642991967729127,-0.008813044553227088,-0.025170466428227088,-0.03835406017822709,-0.03518023205322709,-0.014916560178227088,0.007788517946772913,0.017554142946772912,0.0036381273217729127,-0.016625544553227088,-0.028100153928227088,-0.021508357053227088,-0.0029536695532270873,0.014868596071772912,0.019018986696772912,-0.0017329664282270873,-0.024682185178227088,-0.029320857053227088,-0.015648982053227088,0.006567814821772913,0.020239689821772912,0.015356877321772912,-2.3982053227087317e-05,-0.010522028928227088,-0.0019771070532270873,0.016577580446772912,0.015356877321772912,-0.011010310178227088,-0.03615679455322709,-0.04592241955322709,-0.03810991955322709,-0.013939997678227088,-0.004174372678227087,-0.018822810178227088,-0.03713335705322709,-0.03566851330322709,-0.014428278928227088,0.015845158571772912,0.03586468982177291,0.03488812732177291,0.019263127321772912,0.008765080446772912,0.019995549196772912,0.03391156482177291,0.03439984607177291,0.027563908571772912,0.020727971071772912,0.009741642946772912,0.0038822679467729127,0.008765080446772912,0.019751408571772912,0.03342328357177291,0.03293500232177291,0.012427189821772912,-0.004906794553227087,-0.007104060178227087,-0.0014888258032270873,0.007056096071772913,0.016089299196772912,0.017310002321772912,0.005835392946772913,-0.005639216428227087,-0.005395075803227087,0.007544377321772913,0.022681096071772912,0.022681096071772912,0.026831486696772912,0.018042424196772912,0.012671330446772912,0.016089299196772912,0.024634221071772912,0.030493596071772912,0.029028752321772912,0.027319767946772912,0.028296330446772912,0.027319767946772912,0.021216252321772912,0.009497502321772912,0.0016850023217729127,0.0036381273217729127,0.012427189821772912,0.020727971071772912,0.016577580446772912,0.007300236696772913,-0.006127497678227087,-0.013695857053227088,-0.013695857053227088,0.010718205446772912,0.026831486696772912,0.020972111696772912,-0.0034419508032270873,-0.021752497678227088,-0.019799372678227088,0.0004642991967729127,0.026587346071772912,0.03147015857177291,0.009741642946772912,-0.012719294553227088,-0.015648982053227088,-0.0036860914282270873,0.013647892946772912,0.022436955446772912,0.013403752321772912,-0.006615778928227087,-0.017846247678227088,-0.012719294553227088,0.0024174241967729127,0.011206486696772912,0.008032658571772912,-0.0029536695532270873,-0.010277888303227088,-0.008080622678227088,-0.006615778928227087,-0.012719294553227088,-0.017846247678227088,-0.016381403928227088,-0.006615778928227087,0.0019291429467729127,-0.004906794553227087,-0.024193903928227088,-0.03469195080322709,-0.028344294553227088,-0.012963435178227088,0.0007084398217729127,0.0019291429467729127,-0.0036860914282270873,-0.005639216428227087,-0.0029536695532270873,0.0033939866967729127,0.012427189821772912,0.017798283571772912,0.013403752321772912,0.0038822679467729127,-0.0014888258032270873,0.0004642991967729127,0.014380314821772912,0.019751408571772912,0.011694767946772912,0.008765080446772912,0.009009221071772912,0.013159611696772912,0.019018986696772912,0.015601017946772912,0.009985783571772912,0.005835392946772913,0.0029057054467729127,0.0014408616967729127,0.006811955446772913,0.013892033571772912,0.011450627321772912,0.0033939866967729127,-0.014184138303227088,-0.026879450803227088,-0.016625544553227088,0.0016850023217729127,0.0033939866967729127,-0.015648982053227088,-0.03225054455322709,-0.03420366955322709,-0.03225054455322709,-0.026635310178227088,-0.027611872678227088,-0.03371538830322709,-0.03371538830322709,-0.03469195080322709,-0.03981890392822709,-0.04152788830322709,-0.029320857053227088,-0.014672419553227088,-0.011254450803227088,-0.018090388303227088,-0.027856013303227088,-0.027856013303227088,-0.015648982053227088,-0.0031978101782270873,0.005347111696772913,0.005835392946772913,-0.0014888258032270873,-0.0031978101782270873,-0.0022212476782270873,0.0031498460717729127,0.020239689821772912,0.03195843982177291,0.029517033571772912,0.017798283571772912,0.013647892946772912,0.023901799196772912,0.027563908571772912,0.018286564821772912,0.00022015857177291268,-0.010766169553227088,-0.006859919553227087,-0.0024653883032270873,-0.009545466428227088,-0.021996638303227088,-0.03395952892822709,-0.04323687267822709,-0.05031695080322709,-0.05373491955322709,-0.04201616955322709,-0.015893122678227088,0.011450627321772912,0.028296330446772912,0.022681096071772912,-0.0019771070532270873,-0.017846247678227088,-0.008324763303227088,0.020972111696772912,0.05026898669677291,0.05905804919677291,0.04440961169677291,0.023413517946772912,0.023657658571772912,0.04538617419677291,0.07126508044677292,8.575915771041201e-05,0.07932172107177292,0.05173383044677291,0.03586468982177291,0.03415570544677291,0.030005314821772912,0.022192814821772912,0.018042424196772912,0.018286564821772912,0.009741642946772912,-0.004662653928227087,-0.014428278928227088,-0.024682185178227088,-0.03395952892822709,-0.03786577892822709,-0.03493609142822709,-0.021508357053227088,-0.008813044553227088,-0.014184138303227088,-0.03298296642822709,-0.03981890392822709,-0.024193903928227088,0.0009525804467729127,0.014624455446772912,0.006079533571772913,-0.008080622678227088,-0.006615778928227087,0.012427189821772912,0.027563908571772912,0.03464398669677291,0.03708539294677291,0.03439984607177291,0.03781781482177291,0.05100140857177291,0.05759320544677291,0.04929242419677291,0.026587346071772912,0.0019291429467729127,-0.007104060178227087,-0.007836482053227088,-0.007836482053227088,-0.021996638303227088,-0.04494585705322709,-0.05886187267822709,-0.05324663830322709,-0.05300249767822709,-0.06398882580322708,-0.06838335705322708,-0.05935015392822709,-0.04860796642822709,-0.04714312267822709,-0.05104937267822709,-0.04665484142822709,-0.025170466428227088,-0.004662653928227087,-0.018090388303227088,-0.03688921642822709,-0.027123591428227088,0.0036381273217729127,0.03342328357177291,0.03610883044677291,0.023169377321772912,0.015601017946772912,0.03366742419677291,0.06442914294677292,0.07346234607177292,0.05173383044677291,0.023169377321772912,0.019995549196772912,0.03147015857177291,0.027075627321772912,-0.0036860914282270873,-0.04836382580322709,-0.07033648205322708,-0.04201616955322709,0.0021732835717729127,0.0033939866967729127,-0.04543413830322709,8.575915771041201e-05,-0.08278765392822708,-0.03933062267822709,0.00022015857177291268,0.00022015857177291268,-0.028100153928227088,-0.04177202892822709,-0.023217341428227088,0.012183049196772912,0.03293500232177291,0.022681096071772912,0.008765080446772912,0.009253361696772912,0.031226017946772912,0.06003461169677291,0.07907758044677292,0.08273968982177292,0.07370648669677292,0.06101117419677291,0.05393109607177291,0.05344281482177291,0.05612836169677291,0.05564008044677291,0.03562054919677291,0.006567814821772913,-0.021752497678227088,-0.03859820080322709,-0.03298296642822709,-0.022484919553227088,-0.029076716428227088,-0.04665484142822709,-0.07399859142822708,-0.07790484142822708,-0.05471148205322709,-0.030785700803227088,-0.03664507580322709,-0.05861773205322709,-0.06643023205322708,-0.04445757580322709,-0.0017329664282270873,0.020972111696772912,0.007544377321772913,-0.023217341428227088,-0.025902888303227088,0.0038822679467729127,0.04611859607177291,0.06906781482177292,0.05954633044677291,0.03806195544677291,0.03879437732177291,0.06394086169677292,0.08371625232177292,0.06980023669677292,0.030737736696772912,0.005102971071772913,0.015112736696772912,0.026099064821772912,0.013892033571772912,-0.021996638303227088,-0.06691851330322708,-0.08376421642822708,-0.06081499767822709,-0.03127398205322709,-0.028588435178227088,-0.05446734142822709,-0.08034624767822708,-0.07302202892822708,-0.04274859142822709,-0.012719294553227088,0.004614689821772913,-0.009789607053227088,-0.026879450803227088,-0.011010310178227088,0.016089299196772912,0.030493596071772912,0.026587346071772912,0.019507267946772912,0.025610783571772912,0.04880414294677291,0.07004437732177292,0.07590375232177292,0.07712445544677292,0.07541547107177292,0.07370648669677292,0.06052289294677291,0.03781781482177291,0.030981877321772912,0.04318890857177291,0.04611859607177291,0.013892033571772912,-0.018578669553227088,-0.04665484142822709,-0.04934038830322709,-0.028100153928227088,-0.027856013303227088,-0.05373491955322709,-0.07399859142822708,-0.08254351330322708,-0.07106890392822708,-0.03737749767822709,-0.028588435178227088,-0.03615679455322709,-0.04567827892822709,-0.04592241955322709,-0.027611872678227088,0.005102971071772913,0.023169377321772912,0.009741642946772912,-0.009789607053227088,-0.0019771070532270873,0.031226017946772912,0.06980023669677292,0.08542523669677292,0.06442914294677292,0.03317914294677291,0.029272892946772912,0.04367718982177291,0.05515179919677291,0.05026898669677291,0.028052189821772912,0.0038822679467729127,-0.019555232053227088,-0.030297419553227088,-0.026391169553227088,-0.010522028928227088,-0.018090388303227088,-0.03713335705322709,-0.06325640392822708,-0.08596148205322708,0.0004642991967729127,0.0004642991967729127,8.575915771041201e-05,-0.03469195080322709,-0.05129351330322709,-0.07058062267822708,-0.05764116955322709,-0.008568903928227088,0.029028752321772912,0.012915471071772912,-0.016625544553227088,-0.028832575803227088,-0.011742732053227088,0.029761174196772912,0.06638226794677292,0.06467328357177292,0.04807172107177291,0.03928265857177291,0.04685101794677291,0.07004437732177292,0.07907758044677292,0.05490765857177291,0.026831486696772912,0.016333439821772912,0.024390080446772912,0.03147015857177291,0.012671330446772912,-0.022484919553227088,-0.04177202892822709,-0.04811968517822709,-0.03933062267822709,-0.027856013303227088,-0.04616656017822709,-0.07106890392822708,-0.07912554455322708,-0.05764116955322709,-0.03835406017822709,-0.03737749767822709,-0.03713335705322709,-0.026879450803227088,-0.014184138303227088,-0.006371638303227087,0.0033939866967729127,0.014380314821772912,0.025854924196772912,0.027563908571772912,0.022681096071772912,0.031226017946772912,0.06711468982177292,8.575915771041201e-05,0.08542523669677292,0.06027875232177291,0.04416547107177291,0.05734906482177291,0.06906781482177292,0.06613812732177292,0.05246625232177291,0.03757367419677291,0.010718205446772912,-0.015893122678227088,-0.027123591428227088,-0.024926325803227088,-0.014672419553227088,-0.03200640392822709,-0.06374468517822708,-0.08400835705322708,-0.07888140392822708,-0.04787554455322709,-0.03225054455322709,-0.05519976330322709,8.575915771041201e-05,-0.08083452892822708,-0.027611872678227088,0.016577580446772912,0.011694767946772912,-0.020531794553227088,-0.03420366955322709,-0.011742732053227088,0.023169377321772912,0.04099164294677291,0.04025922107177291,0.03952679919677291,0.05026898669677291,0.06320843982177292,0.06980023669677292,0.06687054919677292,0.06027875232177291,0.04978070544677291,0.03220258044677291,0.025366642946772912,0.03195843982177291,0.03488812732177291,0.016333439821772912,-0.0024653883032270873,-0.024438044553227088,-0.03933062267822709,-0.03615679455322709,-0.04274859142822709,-0.05202593517822709,-0.06887163830322708,-0.07131304455322708,-0.06081499767822709,-0.03762163830322709,-0.03469195080322709,-0.05007281017822709,-0.06789507580322708,-0.06716265392822708,-0.031029841428227088,0.011694767946772912,0.028052189821772912,0.011694767946772912,-0.014916560178227088,-0.026391169553227088,-0.0027095289282270873,0.04099164294677291,0.07565961169677292,0.06687054919677292,0.03147015857177291,0.023413517946772912,0.05026898669677291,0.08078656482177292,0.08493695544677292,0.04563031482177291,0.005102971071772913,0.004126408571772913,0.03439984607177291,0.03488812732177291,-0.006371638303227087,-0.04934038830322709,-0.06398882580322708,-0.05129351330322709,-0.026147028928227088,-0.026391169553227088,-0.06105913830322709,-0.08132281017822708,-0.07912554455322708,-0.06423296642822708,-0.05031695080322709,-0.04592241955322709,-0.04763140392822709,-0.03298296642822709,-0.009301325803227088,-0.0012446851782270873,0.005835392946772913,0.013892033571772912,0.007056096071772913,-0.0002681226782270873,0.012671330446772912,0.04074750232177291,0.07053265857177292,8.575915771041201e-05,0.08127484607177292,0.05441937732177291,0.04318890857177291,0.05832562732177291,0.07712445544677292,0.07468304919677292,0.05515179919677291,0.03415570544677291,0.017310002321772912,0.004614689821772913,0.0036381273217729127,0.006567814821772913,-0.025414607053227088,-0.05495562267822709,-0.05275835705322709,-0.04860796642822709,-0.04763140392822709,-0.05178179455322709,-0.06374468517822708,-0.07253374767822708,-0.05861773205322709,-0.03200640392822709,-0.020287653928227088,-0.016381403928227088,-0.012475153928227088,-0.020287653928227088,-0.021996638303227088,-0.0007564039282270873,0.028052189821772912,0.03635297107177291,0.023413517946772912,0.017310002321772912,0.027563908571772912,0.05490765857177291,0.07004437732177292,0.0004642991967729127,0.07028851794677292,0.05051312732177291,0.05271039294677291,0.06003461169677291,0.04782758044677291,0.026343205446772912,0.016333439821772912,-0.0022212476782270873,-0.009301325803227088,-0.016381403928227088,-0.024438044553227088,-0.03640093517822709,-0.05593218517822709,-0.07082476330322708,-0.07326616955322708,-0.07180132580322708,-0.06740679455322708,-0.05886187267822709,-0.06008257580322709,-0.06325640392822708,-0.05373491955322709,-0.026391169553227088,0.0004642991967729127,0.004614689821772913,-0.016625544553227088,-0.023217341428227088,-0.015404841428227088,-2.3982053227087317e-05,0.017065861696772912,0.03586468982177291,0.04221234607177291,0.03537640857177291,0.028296330446772912,0.03684125232177291,0.06125531482177291,0.07981000232177292,0.06955609607177292,0.04001508044677291,0.022192814821772912,0.027319767946772912,0.04245648669677291,0.03513226794677291,0.017798283571772912,-0.0022212476782270873,-0.022729060178227088,-0.027856013303227088,-0.03444781017822709,-0.04030718517822709,-0.04274859142822709,-0.04274859142822709,-0.05666460705322709,-0.05129351330322709,-0.03420366955322709,-0.03737749767822709,-0.04445757580322709,-0.05617632580322709,-0.05153765392822709,-0.016869685178227088,0.018774846071772912,0.025122502321772912,0.011450627321772912,-0.0014888258032270873,-0.0017329664282270873,0.0029057054467729127,0.029517033571772912,0.05759320544677291,0.06516156482177292,0.06198773669677291,0.05393109607177291,0.06101117419677291,0.07077679919677292,0.07517133044677292,0.06491742419677292,0.04318890857177291,0.030249455446772912,0.026343205446772912,0.020483830446772912,0.0033939866967729127,-0.011742732053227088,-0.023705622678227088,-0.03127398205322709,-0.03347124767822709,-0.04372515392822709,-0.06154741955322709,-0.07863726330322708,-0.07888140392822708,-0.06618609142822708,-0.05446734142822709,-0.05007281017822709,-0.04909624767822709,-0.04934038830322709,-0.03713335705322709,-0.016625544553227088,-0.006615778928227087,-0.0022212476782270873,0.0009525804467729127,0.0004642991967729127,-0.0024653883032270873,0.010229924196772912,0.04465375232177291,0.06442914294677292,0.05319867419677291,0.03806195544677291,0.03781781482177291,0.04978070544677291,0.07224164294677292,0.08103070544677292,0.05490765857177291,0.022192814821772912,0.014380314821772912,0.023657658571772912,0.03439984607177291,0.021704533571772912,-0.022484919553227088,-0.05886187267822709,-0.05959429455322709,-0.031029841428227088,-0.013451716428227088,-0.03810991955322709,-0.07546343517822708,-0.08669390392822708,-0.06984820080322708,-0.03835406017822709,-0.021020075803227088,-0.03127398205322709,-0.04738726330322709,-0.04396929455322709,-0.027611872678227088,-0.010277888303227088,0.009497502321772912,0.026831486696772912,0.026099064821772912,0.009253361696772912,0.004614689821772913,0.019018986696772912,0.03879437732177291,0.05393109607177291,0.05954633044677291,0.06369672107177292,0.07297406482177292,0.08054242419677292,0.07028851794677292,0.03830609607177291,0.008276799196772912,0.009497502321772912,0.03342328357177291,0.04880414294677291,0.03269086169677291,-0.009545466428227088,-0.04811968517822709,-0.05544390392822709,-0.03371538830322709,-0.015404841428227088,-0.024682185178227088,-0.06032671642822709,-0.08425249767822708,-0.07643999767822708,-0.04836382580322709,-0.029076716428227088,-0.031029841428227088,-0.04030718517822709,-0.04494585705322709,-0.023461482053227088,0.013159611696772912,0.018286564821772912,-0.006371638303227087,-0.015648982053227088,-0.0005122633032270873,0.027808049196772912,0.06174359607177291,0.07224164294677292,0.04758343982177291,0.019751408571772912,0.022192814821772912,0.05686078357177291,0.08689008044677292,0.08273968982177292,0.05466351794677291,0.022681096071772912,0.010229924196772912,0.023169377321772912,0.027563908571772912,0.011450627321772912,-0.011986872678227088,-0.03884234142822709,-0.04274859142822709,-0.027123591428227088,-0.021264216428227088,-0.04958452892822709,8.575915771041201e-05,8.575915771041201e-05,-0.08669390392822708,-0.04006304455322709,-0.020775935178227088,-0.04055132580322709,-0.07131304455322708,-0.07204546642822708,-0.03884234142822709,0.004858830446772913,0.03342328357177291,0.03244672107177291,0.008032658571772912,-0.012231013303227088,-0.004906794553227087,0.021704533571772912,0.05026898669677291,0.05441937732177291,0.04318890857177291,0.04099164294677291,0.05075726794677291,0.06369672107177292,0.06687054919677292,0.06247601794677291,0.04392133044677291,0.021216252321772912,0.010962346071772912,0.017065861696772912,0.04172406482177291,0.04563031482177291,-0.006127497678227087,-0.07521929455322708,8.575915771041201e-05,-0.05910601330322709,-0.0022212476782270873,0.010962346071772912,-0.03786577892822709,8.575915771041201e-05,8.575915771041201e-05,-0.06105913830322709,-0.010522028928227088,-0.0012446851782270873,-0.016869685178227088,-0.020043513303227088,-0.008324763303227088,-0.008568903928227088,-0.010033747678227088,0.006323674196772913,0.03269086169677291,0.04416547107177291,0.031226017946772912,0.020727971071772912,0.03635297107177291,0.06662640857177292,0.07443890857177292,0.05686078357177291,0.04416547107177291,0.05661664294677291,8.575915771041201e-05,8.575915771041201e-05,8.575915771041201e-05,0.06442914294677292,0.03171429919677291,0.018774846071772912,0.03732953357177291,0.03147015857177291,0.0024174241967729127,-0.024193903928227088,-0.04274859142822709,-0.04592241955322709,-0.04177202892822709,-0.04885210705322709,-0.06667437267822708,-0.08449663830322708,-0.08669390392822708,-0.06960406017822708,-0.04348101330322709,-0.026879450803227088,-0.022973200803227088,-0.03273882580322709,-0.04250445080322709,-0.03615679455322709,-0.026635310178227088,-0.009301325803227088,0.007056096071772913,0.015112736696772912,0.007544377321772913,0.0014408616967729127,-0.011010310178227088,-0.020775935178227088,0.007300236696772913,0.05002484607177291,0.06540570544677292,0.04758343982177291,0.018774846071772912,-0.006615778928227087,-0.0002681226782270873,0.029272892946772912,0.03977093982177291,0.016333439821772912,-0.03395952892822709,-0.03395952892822709,-0.014916560178227088,-0.0007564039282270873,-0.011254450803227088,-0.03762163830322709,-0.05275835705322709,-0.03933062267822709,-0.021264216428227088,-0.023461482053227088,-0.04006304455322709,-0.04982866955322709,-0.03884234142822709,-0.024438044553227088,-0.015893122678227088,-0.011742732053227088,-0.007836482053227088,-0.0036860914282270873,0.0009525804467729127,0.0014408616967729127,0.0026615648217729127,0.015356877321772912,0.020972111696772912,0.019751408571772912,0.009985783571772912,0.009497502321772912,0.025366642946772912,0.04123578357177291,0.04929242419677291,0.03415570544677291,0.006811955446772913,-0.0005122633032270873,0.016333439821772912,0.03684125232177291,0.03488812732177291,0.019263127321772912,0.005835392946772913,0.005835392946772913,0.010718205446772912,0.017554142946772912,0.017554142946772912,0.011938908571772912,-0.0002681226782270873,-0.011498591428227088,-0.009789607053227088,-0.0012446851782270873,0.0026615648217729127,0.00022015857177291268,0.0031498460717729127,0.004370549196772913,-0.0014888258032270873,-0.012475153928227088,-0.015648982053227088,-0.005150935178227087,0.014868596071772912,0.013892033571772912,-0.0005122633032270873,-0.013207575803227088,-0.019311091428227088,-0.014184138303227088,0.0011967210717729127,0.004370549196772913,0.004370549196772913,-0.017602107053227088,-0.03835406017822709,-0.03298296642822709,-0.008568903928227088,0.012183049196772912,0.004614689821772913,-0.019555232053227088,-0.030541560178227088,-0.0027095289282270873,-0.0027095289282270873,0.010474064821772912,0.0031498460717729127,-0.010277888303227088,-0.018578669553227088,-0.012963435178227088,-0.0005122633032270873,0.0026615648217729127,-0.007104060178227087,-0.016869685178227088,-0.015404841428227088,-0.004174372678227087,0.004614689821772913,0.004614689821772913,-0.0024653883032270873,-0.007348200803227087,-0.005883357053227087,-0.0010005445532270873,0.0036381273217729127,0.0024174241967729127,-0.0034419508032270873,-0.014184138303227088,-0.013939997678227088,-0.0034419508032270873,0.009009221071772912,0.011938908571772912,0.0009525804467729127,-0.006859919553227087,-0.005150935178227087,0.005102971071772913,0.014136174196772912,0.016577580446772912,0.013892033571772912,0.007056096071772913,0.005835392946772913,0.009009221071772912,0.016089299196772912,0.022192814821772912,0.020239689821772912,0.014380314821772912,0.005591252321772913,0.0029057054467729127,0.008520939821772912,0.014868596071772912,0.018286564821772912,0.015112736696772912,0.009009221071772912,0.004370549196772913,0.0009525804467729127,0.0014408616967729127,0.004370549196772913,0.004370549196772913,0.004126408571772913,-0.003930232053227087,-0.011498591428227088,-0.0017329664282270873,0.022192814821772912,0.04099164294677291,0.030249455446772912,-0.018822810178227088,-0.07253374767822708,-0.08181109142822708,-0.03371538830322709,0.024145939821772912,0.03415570544677291,-0.010277888303227088,-0.07180132580322708,8.575915771041201e-05,-0.04592241955322709,0.006079533571772913,0.022681096071772912,0.009253361696772912,-0.018334528928227088,-0.04055132580322709,-0.024682185178227088,0.021948674196772912,0.04660687732177291,0.029272892946772912,-0.007836482053227088,-0.017602107053227088,0.014868596071772912,0.05319867419677291,0.05319867419677291,0.017798283571772912,-0.024193903928227088,-0.017357966428227088,0.03757367419677291,0.08103070544677292,0.06735883044677292,0.005591252321772913,-0.04128374767822709,0.029028752321772912,0.029028752321772912,0.07199750232177292,0.05832562732177291,-0.0022212476782270873,-0.04616656017822709,-0.03713335705322709,0.015356877321772912,0.06198773669677291,0.05612836169677291,-0.05007281017822709,-0.05007281017822709,-0.05397906017822709,-0.0007564039282270873,0.05197797107177291,0.05051312732177291,-0.004662653928227087,-0.04860796642822709,-0.04323687267822709,-0.0036860914282270873,0.03244672107177291,0.022925236696772912,-0.008080622678227088,-0.029076716428227088,-0.023949763303227088,-0.0024653883032270873,0.009985783571772912,0.0031498460717729127,-0.015893122678227088,-0.022973200803227088,-0.011010310178227088,0.012183049196772912,0.018530705446772912,-0.0014888258032270873,-0.03469195080322709,-0.04665484142822709,-0.014428278928227088,0.016089299196772912,0.023901799196772912,0.006811955446772913,-0.029076716428227088,-0.04055132580322709,-0.020043513303227088,0.009985783571772912,0.015356877321772912,-0.011742732053227088,-0.04567827892822709,-0.05642046642822709,-0.03835406017822709,-0.008324763303227088,0.006079533571772913,-0.010033747678227088,-0.08034624767822708,-0.08034624767822708,-0.05861773205322709,-0.013207575803227088,0.015112736696772912,0.012671330446772912,-0.03371538830322709,-0.07888140392822708,-0.06301226330322708,-0.008324763303227088,0.006811955446772913,0.006811955446772913,-0.016869685178227088,-0.04201616955322709,-0.04543413830322709,-0.013939997678227088,0.019263127321772912,0.04099164294677291,0.028784611696772912,-0.019799372678227088,-0.022484919553227088,-0.022484919553227088,0.025610783571772912,0.05100140857177291,0.026587346071772912,-0.019555232053227088,-0.03225054455322709,-0.006615778928227087,0.030737736696772912,0.03952679919677291,0.012671330446772912,-0.019555232053227088,-0.024438044553227088,-0.0014888258032270873,0.028296330446772912,0.05344281482177291,0.04904828357177291,0.010718205446772912,-0.019066950803227088,-0.0027095289282270873,0.03513226794677291,0.05417523669677291,0.05417523669677291,0.014624455446772912,-0.009057185178227088,0.00022015857177291268,0.024634221071772912,0.04318890857177291,0.03879437732177291,0.005347111696772913,-0.018090388303227088,-0.0002681226782270873,-0.0002681226782270873,0.023169377321772912,0.03952679919677291,0.004614689821772913,-0.05080523205322709,-0.06105913830322709,-0.021264216428227088,0.03269086169677291,0.05466351794677291,-0.03298296642822709,-0.03298296642822709,-0.04518999767822709,-0.017113825803227088,0.027808049196772912,0.04856000232177291,0.028540471071772912,-0.004174372678227087,-0.031029841428227088,-0.03713335705322709,-0.0012446851782270873,0.05661664294677291,0.06272015857177292,0.009741642946772912,-0.05446734142822709,-0.06301226330322708,0.009253361696772912,0.08591351794677292,0.08127484607177292,-0.008324763303227088,-0.08034624767822708,0.025610783571772912,0.025610783571772912,8.575915771041201e-05,0.07077679919677292,-0.005395075803227087,-0.06276812267822708,-0.06252398205322708,-0.009301325803227088,0.03830609607177291,0.04831586169677291,-0.030053278928227088,-0.030053278928227088,-0.04494585705322709,-0.025414607053227088,0.008520939821772912,0.025366642946772912,0.011206486696772912,-0.016625544553227088,-0.015893122678227088,0.006567814821772913,0.010718205446772912,0.010718205446772912,-0.0031978101782270873,-0.007348200803227087,0.0007084398217729127,0.016821721071772912,0.015601017946772912,-0.006859919553227087,-0.019799372678227088,-0.013695857053227088,0.012915471071772912,0.012915471071772912,0.029028752321772912,0.014624455446772912,-0.028344294553227088,-0.04885210705322709,-0.011010310178227088,0.03952679919677291,0.04904828357177291,0.021704533571772912,-0.020287653928227088,-0.004174372678227087,-0.004174372678227087,0.04392133044677291,0.05148968982177291,0.026831486696772912,-0.006371638303227087,-0.023217341428227088,-0.025658747678227088,0.0029057054467729127,0.03952679919677291,0.0016850023217729127,0.0016850023217729127,-0.026147028928227088,-0.007104060178227087,0.016577580446772912,0.008520939821772912,0.0016850023217729127,0.005835392946772913,-0.006127497678227087,-0.010522028928227088,0.017554142946772912,0.017554142946772912,0.004614689821772913,-0.015160700803227088,-0.019555232053227088,-0.011986872678227088,-0.0024653883032270873,0.0029057054467729127,0.0007084398217729127,-0.023705622678227088,-0.025902888303227088,-0.025902888303227088,0.0014408616967729127,-0.0031978101782270873,-0.028588435178227088,-0.027367732053227088,-0.006371638303227087,-0.012963435178227088,-0.031029841428227088,-0.020775935178227088,0.006079533571772913,-0.019066950803227088,-0.019066950803227088,-0.03200640392822709,-0.018578669553227088,-0.010522028928227088,-0.018090388303227088,-0.015648982053227088,-0.004662653928227087,-0.010766169553227088,-0.016869685178227088,-0.021264216428227088,-0.021264216428227088,-0.026635310178227088,-0.023461482053227088,-0.007592341428227087,-0.009545466428227088,-0.017113825803227088,-0.016381403928227088,-0.005639216428227087,0.006567814821772913,-0.013939997678227088,-0.03493609142822709,0.0036381273217729127,0.03147015857177291,0.03147015857177291,0.014624455446772912,-0.013451716428227088,-0.013939997678227088,-0.004662653928227087,-0.0022212476782270873,0.0031498460717729127,0.024634221071772912,0.03147015857177291,-0.0002681226782270873,-0.030297419553227088,-0.009301325803227088,0.030005314821772912,0.03513226794677291,0.012915471071772912,0.0019291429467729127,0.0019291429467729127,0.013892033571772912,0.014624455446772912,0.017065861696772912,0.029761174196772912,0.03488812732177291,0.023413517946772912,0.008765080446772912,0.005591252321772913,0.019018986696772912,0.03781781482177291,0.03781781482177291,0.028540471071772912,0.025854924196772912,0.028540471071772912,0.027808049196772912,0.015845158571772912,0.006323674196772913,0.020239689821772912,0.03952679919677291,0.008032658571772912,0.008032658571772912,0.0031498460717729127,0.011938908571772912,0.011206486696772912,0.0033939866967729127,0.00022015857177291268,0.0021732835717729127,0.0026615648217729127,0.0021732835717729127,-0.008568903928227088,-0.005150935178227087,-0.005150935178227087,0.006079533571772913,-0.006859919553227087,-0.026147028928227088,-0.030053278928227088,-0.008324763303227088,0.016089299196772912,0.014136174196772912,-0.005639216428227087,-0.005395075803227087,-0.005395075803227087,0.011206486696772912,0.020239689821772912,0.018286564821772912,0.006811955446772913,-0.005395075803227087,-0.011254450803227088,-0.0029536695532270873,0.006323674196772913,0.014868596071772912,-0.007592341428227087,-0.007592341428227087,-0.03493609142822709,-0.030297419553227088,-0.0036860914282270873,-2.3982053227087317e-05,-0.017113825803227088,-0.04030718517822709,-0.04665484142822709,-0.030053278928227088,0.007300236696772913,0.007300236696772913,-0.015404841428227088,-0.04641070080322709,-0.06008257580322709,-0.03908648205322709,-0.004418513303227087,0.009497502321772912,-0.0022212476782270873,-0.023217341428227088,-0.030541560178227088,-0.030541560178227088,-0.016137263303227088,0.008276799196772912,0.016089299196772912,-0.007104060178227087,-0.03322710705322709,-0.030297419553227088,0.004126408571772913,0.03562054919677291,0.024145939821772912,-0.017113825803227088,-0.017113825803227088,0.010962346071772912,0.010962346071772912,0.031226017946772912,0.0004642991967729127,0.03806195544677291,-0.012475153928227088,-0.018578669553227088,0.009253361696772912,0.03391156482177291,0.04245648669677291,0.005835392946772913,0.005835392946772913,-0.007104060178227087,0.004614689821772913,0.029761174196772912,0.0004642991967729127,0.0004642991967729127,0.0004642991967729127,0.0004642991967729127,0.03757367419677291,0.019507267946772912,0.020727971071772912,0.012671330446772912,0.007300236696772913,0.007300236696772913,0.009009221071772912,0.008765080446772912,-0.0027095289282270873,-0.018822810178227088,-0.021996638303227088,-0.011986872678227088,-2.3982053227087317e-05,-0.005395075803227087,-0.021020075803227088,-0.021020075803227088,-0.020531794553227088,-0.018334528928227088,-0.025170466428227088,-0.024926325803227088,-0.009789607053227088,0.0033939866967729127,-0.0022212476782270873,-0.010766169553227088,0.0011967210717729127,0.008032658571772912,0.008032658571772912,0.014624455446772912,0.017065861696772912,0.009009221071772912,0.012915471071772912,0.023901799196772912,0.026099064821772912,0.017310002321772912,0.004858830446772913,0.015356877321772912,0.015356877321772912,0.019263127321772912,0.016821721071772912,0.007056096071772913,-0.004662653928227087,-0.019311091428227088,-0.021996638303227088,-0.007348200803227087,0.005102971071772913,-0.04030718517822709,-0.04030718517822709,-0.05153765392822709,-0.03395952892822709,-0.005639216428227087,0.0026615648217729127,-0.007592341428227087,-0.03566851330322709,-0.05129351330322709,-0.04470171642822709,-0.025170466428227088,-0.004906794553227087,-0.004906794553227087,-0.012231013303227088,-0.011254450803227088,0.0009525804467729127,0.009253361696772912,0.008765080446772912,0.012915471071772912,0.018286564821772912,0.023413517946772912,0.03488812732177291,0.03488812732177291,0.04831586169677291,0.04587445544677291,0.03439984607177291,0.029028752321772912,0.04099164294677291,0.05051312732177291,0.03855023669677291,0.012671330446772912,0.009497502321772912,0.009497502321772912,0.029272892946772912,0.03659711169677291,0.013647892946772912,-0.017602107053227088,-0.028100153928227088,-0.016869685178227088,0.004370549196772913,0.0029057054467729127,-0.04372515392822709,-0.04372515392822709,-0.05446734142822709,-0.04494585705322709,-0.025658747678227088,-0.013451716428227088,-0.018578669553227088,-0.03835406017822709,-0.05568804455322709,-0.03640093517822709,0.014868596071772912,0.004126408571772913,0.004126408571772913,-0.010522028928227088,-0.007836482053227088,0.013647892946772912,0.03830609607177291,0.04294476794677291,0.029028752321772912,0.020483830446772912,0.017310002321772912,0.03757367419677291,0.04514203357177291,0.04514203357177291,0.03195843982177291,0.004370549196772913,-0.020287653928227088,-0.013207575803227088,0.022192814821772912,0.03757367419677291,0.005347111696772913,-0.04299273205322709,-0.025658747678227088,-0.025658747678227088,0.0007084398217729127,-0.004906794553227087,-0.03395952892822709,-0.06154741955322709,-0.07082476330322708,-0.06105913830322709,-0.03981890392822709,-0.013939997678227088,-0.006615778928227087,-0.006615778928227087,-0.028832575803227088,-0.03518023205322709,-0.014184138303227088,0.014380314821772912,0.031226017946772912,0.020483830446772912,0.0026615648217729127,0.013159611696772912,0.04929242419677291,0.04514203357177291,0.04514203357177291,0.03195843982177291,0.019751408571772912,0.017310002321772912,0.022925236696772912,0.024634221071772912,0.009741642946772912,-0.0005122633032270873,0.024878361696772912,0.017798283571772912,0.017798283571772912,0.0004642991967729127,-0.020775935178227088,-0.03542437267822709,-0.03542437267822709,-0.019799372678227088,-0.010766169553227088,-0.022973200803227088,-0.04030718517822709,-0.04372515392822709,-0.04372515392822709,-0.024926325803227088,-0.005639216428227087,0.009741642946772912,0.008765080446772912,-0.004906794553227087,-0.004662653928227087,0.007300236696772913,0.018774846071772912,0.04318890857177291,0.04318890857177291,0.05026898669677291,0.04636273669677291,0.03439984607177291,0.025366642946772912,0.025366642946772912,0.03171429919677291,0.04147992419677291,0.04465375232177291,0.023657658571772912,0.011206486696772912,0.019263127321772912,0.019263127321772912,0.006079533571772913,-0.015404841428227088,-0.023705622678227088,-0.017846247678227088,-0.016137263303227088,-0.017113825803227088,-0.025414607053227088,-0.03542437267822709,-0.03835406017822709,-0.03322710705322709,-0.023461482053227088,-0.012475153928227088,-0.012475153928227088,-0.0031978101782270873,0.008765080446772912,0.004126408571772913,-0.0024653883032270873,-0.0024653883032270873,0.004858830446772913,0.015845158571772912,0.020727971071772912,0.016089299196772912,0.016089299196772912,0.008276799196772912,-0.0012446851782270873,-0.0027095289282270873,-0.0019771070532270873,-0.004418513303227087,-0.0034419508032270873,0.0009525804467729127,-0.006127497678227087,-0.027367732053227088,-0.03469195080322709,-0.03469195080322709,-0.023461482053227088,-0.024682185178227088,-0.03322710705322709,-0.03518023205322709,-0.03859820080322709,-0.030785700803227088,-0.019066950803227088,0.004126408571772913,0.019263127321772912,0.019263127321772912,0.018286564821772912,0.004126408571772913,0.0004642991967729127,0.016333439821772912,0.03342328357177291,0.04343304919677291,0.04245648669677291,0.03244672107177291,-0.0034419508032270873,-0.007348200803227087,-0.007348200803227087,0.012915471071772912,0.04978070544677291,0.05271039294677291,0.0029057054467729127,-0.04421343517822709,-0.03566851330322709,0.005591252321772913,0.019751408571772912,-0.021752497678227088,-0.021752497678227088,-0.06911577892822708,-0.06350054455322708,-0.03444781017822709,0.0019291429467729127,0.016821721071772912,0.0014408616967729127,-0.022484919553227088,-0.024926325803227088,0.022681096071772912,0.022681096071772912,0.03903851794677291,0.03366742419677291,0.015601017946772912,0.010229924196772912,0.028296330446772912,0.03952679919677291,0.030005314821772912,0.007788517946772913,-0.004174372678227087,-0.004174372678227087,0.013159611696772912,0.021460392946772912,0.004858830446772913,-0.020531794553227088,-0.03151812267822709,-0.021020075803227088,-0.010277888303227088,-0.015648982053227088,-0.03859820080322709,-0.04763140392822709,-0.04763140392822709,-0.04177202892822709,-0.010277888303227088,-0.0012446851782270873,-0.022729060178227088,-0.03615679455322709,-0.019311091428227088,0.0016850023217729127,0.029761174196772912,0.029272892946772912,0.029272892946772912,0.019263127321772912,0.016821721071772912,0.018042424196772912,0.018774846071772912,0.028296330446772912,0.027808049196772912,0.021948674196772912,0.004858830446772913,0.0029057054467729127,0.0029057054467729127,0.006811955446772913,0.005835392946772913,-0.0005122633032270873,-0.006127497678227087,-0.007836482053227088,-0.017113825803227088,-0.026879450803227088,-0.024193903928227088,-0.014916560178227088,-0.012719294553227088,-0.012719294553227088,-0.004418513303227087,0.008520939821772912,0.017310002321772912,0.017065861696772912,0.008276799196772912,0.015112736696772912,0.028784611696772912,0.028540471071772912,0.014624455446772912,0.014624455446772912,0.013647892946772912,0.012671330446772912,0.012427189821772912,0.012183049196772912,0.007056096071772913,-0.004906794553227087,-0.017846247678227088,-0.008568903928227088,-0.0012446851782270873,-0.0012446851782270873,-0.020287653928227088,-0.04226031017822709,-0.04787554455322709,-0.022729060178227088,0.0029057054467729127,-0.008568903928227088,-0.028588435178227088,-0.024926325803227088,0.020239689821772912,0.020239689821772912,0.010718205446772912,-0.0005122633032270873,0.009985783571772912,0.030981877321772912,0.03855023669677291,0.025122502321772912,0.007544377321772913,-0.006371638303227087,0.011694767946772912,0.011694767946772912,0.022192814821772912,0.013892033571772912,-0.009301325803227088,-0.03395952892822709,-0.03664507580322709,-0.026147028928227088,-0.014428278928227088,-0.007836482053227088,-0.03200640392822709,-0.03664507580322709,-0.03664507580322709,-0.022729060178227088,-0.004418513303227087,0.0016850023217729127,-0.0002681226782270873,-0.0010005445532270873,0.0031498460717729127,0.013892033571772912,0.019507267946772912,0.013159611696772912,0.013159611696772912,0.019507267946772912,0.026587346071772912,0.025854924196772912,0.017554142946772912,0.007544377321772913,0.008765080446772912,0.008032658571772912,-0.008568903928227088,-0.0027095289282270873,-0.0027095289282270873,-0.008080622678227088,-0.027367732053227088,-0.04934038830322709,-0.04079546642822709,-0.004662653928227087,0.009253361696772912,0.0004642991967729127,-0.013207575803227088,0.019751408571772912,0.019751408571772912,0.03366742419677291,0.023657658571772912,0.016089299196772912,0.022192814821772912,0.029761174196772912,0.028784611696772912,0.018530705446772912,0.010962346071772912,0.016577580446772912,0.004126408571772913,0.004126408571772913,-0.010277888303227088,-0.007592341428227087,0.006323674196772913,0.009253361696772912,-0.013695857053227088,-0.04616656017822709,-0.05910601330322709,-0.011986872678227088,-0.010277888303227088,-0.010277888303227088,-0.023461482053227088,-0.03200640392822709,-0.008568903928227088,0.013403752321772912,0.018774846071772912,0.019995549196772912,0.018042424196772912,0.012671330446772912,0.016089299196772912,0.015112736696772912,0.015112736696772912,0.019018986696772912,0.013403752321772912,-0.0034419508032270873,-0.016869685178227088,-0.011254450803227088,0.0016850023217729127,0.007788517946772913,-0.03640093517822709,-0.04152788830322709,-0.04152788830322709,-0.03151812267822709,-0.017846247678227088,-0.010033747678227088,-0.016869685178227088,-0.019799372678227088,-0.012719294553227088,-0.005395075803227087,0.017554142946772912,0.03415570544677291,0.03415570544677291,0.03342328357177291,0.022192814821772912,0.011450627321772912,0.009985783571772912,0.027319767946772912,0.04074750232177291,0.019751408571772912,-0.022729060178227088,-0.021508357053227088,-0.0007564039282270873,-0.0007564039282270873,0.005347111696772913,-0.012963435178227088,-0.03566851330322709,-0.04836382580322709,-0.04348101330322709,-0.019555232053227088,0.007788517946772913,0.005347111696772913,-0.013939997678227088,-0.013939997678227088,-0.009301325803227088,0.022925236696772912,0.04880414294677291,0.04196820544677291,0.027075627321772912,0.019751408571772912,0.016333439821772912,0.021460392946772912,0.024634221071772912,0.024634221071772912,0.019018986696772912,0.007300236696772913,-0.004418513303227087,-0.004418513303227087,-0.009301325803227088,-0.014916560178227088,-0.021020075803227088,-0.018578669553227088,-0.013939997678227088,-0.013939997678227088,-0.011986872678227088,-0.008813044553227088,-0.005150935178227087,0.0024174241967729127,0.017065861696772912,0.023901799196772912,0.024634221071772912,0.028784611696772912,0.008276799196772912,-0.0017329664282270873,-0.0017329664282270873,-2.3982053227087317e-05,0.0033939866967729127,0.0026615648217729127,-0.012475153928227088,-0.03225054455322709,-0.04738726330322709,-0.06203570080322709,-0.04689898205322709,-0.013939997678227088,-0.013939997678227088,0.011938908571772912,0.009741642946772912,-0.016869685178227088,-0.03322710705322709,-0.012475153928227088,0.027075627321772912,0.04440961169677291,0.017798283571772912,0.023169377321772912,0.023169377321772912,0.03366742419677291,0.030249455446772912,0.010962346071772912,-0.018090388303227088,-0.03762163830322709,-0.03615679455322709,-0.019066950803227088,-0.0024653883032270873,-0.026391169553227088,-0.026391169553227088,-0.06667437267822708,-0.07936968517822708,-0.04689898205322709,0.0029057054467729127,0.010718205446772912,-0.029564997678227088,-0.06130327892822709,-0.0029536695532270873,0.0016850023217729127,-0.019555232053227088,-0.019555232053227088,-0.030541560178227088,-0.005883357053227087,0.025122502321772912,0.026343205446772912,0.0029057054467729127,-0.013939997678227088,0.0029057054467729127,0.020727971071772912,0.005102971071772913,0.005102971071772913,0.0033939866967729127,0.019018986696772912,0.029761174196772912,0.025610783571772912,0.012427189821772912,0.0029057054467729127,-2.3982053227087317e-05,0.013159611696772912,0.025854924196772912,0.025854924196772912,0.024145939821772912,0.012671330446772912,0.0033939866967729127,0.004370549196772913,0.022925236696772912,0.04025922107177291,0.03903851794677291,0.027075627321772912,0.014380314821772912,0.027563908571772912,0.027563908571772912,0.04245648669677291,0.03952679919677291,0.016089299196772912,-0.0034419508032270873,0.0019291429467729127,0.027075627321772912,0.04782758044677291,-0.013939997678227088,-0.03933062267822709,-0.03933062267822709,-0.025170466428227088,0.016821721071772912,0.04416547107177291,0.03171429919677291,-0.0036860914282270873,-0.027367732053227088,-0.010522028928227088,0.05393109607177291,0.04025922107177291,0.04025922107177291,0.010474064821772912,-0.0007564039282270873,0.009741642946772912,0.025366642946772912,0.030737736696772912,0.019507267946772912,0.004126408571772913,0.00022015857177291268,0.006079533571772913,0.006079533571772913,0.010474064821772912,0.0019291429467729127,-0.013451716428227088,-0.020531794553227088,-0.013939997678227088,0.0038822679467729127,0.006323674196772913,-0.04201616955322709,-0.04982866955322709,-0.04982866955322709
UR5e_W,0.01497317460456327,0.01424075272956327,0.01765872147956327,0.02742434647956327,0.033527862104563266,0.02205325272956327,0.02205325272956327,0.00252200272956327,0.00593997147956327,0.01375247147956327,0.01155520585456327,-0.00309323164543673,-0.01847409102043673,-0.01920651289543673,-0.01237057539543673,-0.00822018477043673,0.0003247371045632698,-0.00992916914543673,-0.01871823164543673,-0.033610809770436734,-0.033610809770436734,-0.02262448164543673,-0.01627682539543673,-0.01798580977043673,0.0003247371045632698,-0.02384518477043673,-0.02531002852043673,-0.01774166914543673,-0.01774166914543673,-0.01432370039543673,-0.01383541914543673,-0.01334713789543673,-0.01676510664543673,-0.01432370039543673,-0.01188229414543673,-0.01139401289543673,-0.01188229414543673,-0.01310299727043673,-0.00773190352043673,-0.00333737227043673,-0.0006518253954367302,0.0013012996045632698,-0.0011401066454367302,-0.00577877852043673,-0.00919674727043673,-0.00333737227043673,0.00349856522956327,0.00349856522956327,0.00716067460456327,0.00545169022956327,0.00593997147956327,0.00691653397956327,0.00471926835456327,0.00349856522956327,0.00374270585456327,0.00496340897956327,0.01082278397956327,0.01277590897956327,0.01131106522956327,0.01131106522956327,0.01228762772956327,0.00764895585456327,0.00593997147956327,0.00862551835456327,0.01277590897956327,0.01399661210456327,0.00862551835456327,-0.0008959660204367302,-0.00626705977043673,8.059647956326979e-05,0.01350833085456327,0.02010012772956327,0.01326419022956327,0.0017895808545632698,-0.00577877852043673,-0.00284909102043673,0.00862551835456327,0.01497317460456327,0.01082278397956327,0.00447512772956327,-0.0004076847704367302,-0.0004076847704367302,0.00569583085456327,0.00960208085456327,0.00691653397956327,0.0005688777295632698,-0.00504635664543673,-0.00724362227043673,-0.00358151289543673,0.0003247371045632698,-0.0006518253954367302,-0.00236080977043673,-0.00382565352043673,-0.00602291914543673,-0.01188229414543673,-0.01359127852043673,-0.00382565352043673,0.00520754960456327,0.00471926835456327,0.0003247371045632698,-0.0016283878954367302,-0.00748776289543673,-0.00724362227043673,-0.0013842472704367302,0.0005688777295632698,-0.00773190352043673,-0.01383541914543673,-0.00968502852043673,-0.0018725285204367302,0.0017895808545632698,-0.0018725285204367302,-0.00358151289543673,-0.00553463789543673,-0.00773190352043673,-0.00651120039543673,-0.00651120039543673,-0.00480221602043673,-0.01041745039543673,-0.01090573164543673,-0.00480221602043673,-0.0004076847704367302,-0.00699948164543673,-0.01017330977043673,-0.00773190352043673,-0.00333737227043673,-0.00333737227043673,0.00325442460456327,0.00301028397956327,-0.0018725285204367302,-0.00431393477043673,0.00423098710456327,0.01106692460456327,0.00862551835456327,0.00203372147956327,0.0017895808545632698,0.00789309647956327,0.00789309647956327,0.01887942460456327,0.01985598710456327,0.01228762772956327,0.01033450272956327,0.01253176835456327,0.01082278397956327,0.01326419022956327,0.01619387772956327,0.01277590897956327,0.01277590897956327,0.00203372147956327,0.01741458085456327,0.02644778397956327,0.01912356522956327,0.00838137772956327,0.00252200272956327,0.00203372147956327,0.00984622147956327,0.01424075272956327,0.01424075272956327,-0.00260495039543673,-0.01237057539543673,-0.00626705977043673,0.00227786210456327,0.00471926835456327,-0.0008959660204367302,-0.01139401289543673,-0.01993893477043673,-0.01530026289543673,0.0015454402295632698,0.0015454402295632698,-0.02604245039543673,-0.054118622270436734,-0.059001434770436734,-0.045817841020436734,-0.032145966020436734,-0.02775143477043673,-0.043620575395436734,-0.060222137895436734,-0.054362762895436734,-0.054362762895436734,-0.01578854414543673,-0.01749752852043673,-0.034587372270436734,-0.048747528520436734,-0.038005341020436734,-0.00577877852043673,0.01887942460456327,0.01668215897956327,-0.00309323164543673,-0.00309323164543673,-0.01285885664543673,0.02791262772956327,0.038898955854563266,0.03059817460456327,0.02132083085456327,0.02010012772956327,0.032307158979563266,0.049885283979563266,0.051838408979563266,0.036945830854563266,0.036945830854563266,0.01668215897956327,0.02376223710456327,0.045490752729563266,0.056965362104563266,0.047932158979563266,0.03010989335456327,0.01887942460456327,0.02376223710456327,0.035236846479563266,0.035236846479563266,0.039387237104563266,0.01961184647956327,0.00447512772956327,0.00740481522956327,0.02058840897956327,0.02473879960456327,0.01643801835456327,0.00203372147956327,-0.01359127852043673,-0.01359127852043673,-0.0011401066454367302,0.00838137772956327,0.0013012996045632698,-0.01896237227043673,-0.035319794145436734,-0.03116940352043673,-0.01481198164543673,-0.00944088789543673,-0.01920651289543673,-0.036540497270436734,-0.036540497270436734,-0.02775143477043673,-0.01188229414543673,-0.01237057539543673,-0.02897213789543673,-0.038981903520436734,-0.032878387895436734,-0.00968502852043673,0.01253176835456327,0.01350833085456327,0.01350833085456327,-0.03116940352043673,-0.032878387895436734,-0.01139401289543673,0.01643801835456327,0.02473879960456327,0.01277590897956327,-0.00724362227043673,-0.01700924727043673,-0.00504635664543673,-0.00504635664543673,0.01131106522956327,0.00276614335456327,-0.00455807539543673,-0.00358151289543673,0.00984622147956327,0.02644778397956327,0.032307158979563266,0.01668215897956327,-0.00358151289543673,-0.01261471602043673,-0.01261471602043673,0.00789309647956327,0.01619387772956327,0.01179934647956327,-0.00382565352043673,-0.01114987227043673,-0.00382565352043673,0.00642825272956327,0.00276614335456327,-0.00846432539543673,-0.01481198164543673,-0.02140377852043673,-0.01871823164543673,-0.00260495039543673,0.00642825272956327,-0.00382565352043673,-0.01627682539543673,-0.02408932539543673,-0.02042721602043673,-0.00504635664543673,0.00301028397956327,0.00301028397956327,-0.01945065352043673,-0.03092526289543673,-0.01603268477043673,0.00618411210456327,0.01082278397956327,-0.0001635441454367302,-0.01383541914543673,-0.00968502852043673,0.00252200272956327,0.00252200272956327,0.01741458085456327,0.00838137772956327,-0.00577877852043673,-0.00602291914543673,0.01057864335456327,0.02522708085456327,0.03084231522956327,0.01936770585456327,0.00276614335456327,-0.0008959660204367302,0.00740481522956327,0.02449465897956327,0.034260283979563266,0.02107669022956327,0.00496340897956327,0.01033450272956327,0.02010012772956327,0.01643801835456327,0.01057864335456327,0.00252200272956327,0.00252200272956327,-0.00748776289543673,0.0008130183545632698,0.00813723710456327,0.00349856522956327,-0.00870846602043673,-0.01749752852043673,-0.02457760664543673,-0.02531002852043673,-0.01945065352043673,-0.01945065352043673,-0.00919674727043673,-0.01041745039543673,-0.01554440352043673,-0.02262448164543673,-0.02482174727043673,-0.01822995039543673,-0.00992916914543673,-0.00944088789543673,-0.01383541914543673,-0.01383541914543673,-0.01993893477043673,-0.0004076847704367302,0.01326419022956327,0.00862551835456327,-0.01017330977043673,-0.03043698164543673,-0.035563934770436734,-0.00870846602043673,0.02522708085456327,0.036457549604563266,0.036457549604563266,-0.01432370039543673,-0.02213620039543673,-0.0013842472704367302,0.02547122147956327,0.035725127729563266,0.02254153397956327,-0.00529049727043673,-0.01578854414543673,0.00374270585456327,0.00374270585456327,0.039875518354563266,0.01741458085456327,-0.01261471602043673,-0.01969479414543673,-0.00260495039543673,0.02010012772956327,0.02864504960456327,0.01863528397956327,-0.00651120039543673,-0.02457760664543673,-0.01481198164543673,0.00813723710456327,0.01814700272956327,0.00789309647956327,-0.00699948164543673,-0.01163815352043673,-0.00773190352043673,0.00325442460456327,0.01350833085456327,0.00813723710456327,0.00813723710456327,-0.02018307539543673,-0.00895260664543673,0.00813723710456327,0.02034426835456327,0.02229739335456327,0.01277590897956327,-0.0016283878954367302,-0.00333737227043673,0.01057864335456327,0.01057864335456327,0.00813723710456327,-0.0004076847704367302,0.00398684647956327,0.01204348710456327,0.01326419022956327,0.00813723710456327,-0.0006518253954367302,-0.0011401066454367302,0.00349856522956327,0.00349856522956327,0.0015454402295632698,8.059647956326979e-05,-0.00358151289543673,-0.00626705977043673,-0.00870846602043673,-0.01725338789543673,-0.02946041914543673,-0.034343231645436734,-0.03116940352043673,-0.02018307539543673,-0.01798580977043673,-0.02067135664543673,-0.01725338789543673,-0.02091549727043673,-0.02946041914543673,-0.03068112227043673,-0.02531002852043673,-0.01578854414543673,-0.00382565352043673,-0.00358151289543673,-0.01066159102043673,-0.01017330977043673,-0.00773190352043673,-0.01163815352043673,-0.01237057539543673,0.00520754960456327,0.02034426835456327,0.02107669022956327,0.02278567460456327,0.02400637772956327,0.02400637772956327,0.00862551835456327,0.01448489335456327,0.02107669022956327,0.03035403397956327,0.035725127729563266,0.03010989335456327,0.01985598710456327,0.01912356522956327,0.02913333085456327,0.02913333085456327,0.03108645585456327,0.01472903397956327,-0.0016283878954367302,0.00203372147956327,0.02278567460456327,0.02498294022956327,0.00618411210456327,-0.01237057539543673,-0.02115963789543673,-0.02018307539543673,-0.00895260664543673,0.0017895808545632698,-0.0016283878954367302,-0.01554440352043673,-0.02823971602043673,-0.03116940352043673,-0.01993893477043673,-0.00870846602043673,-0.01456784102043673,-0.033122528520436734,-0.033122528520436734,-0.035563934770436734,-0.02262448164543673,-0.01285885664543673,-0.01407955977043673,-0.01676510664543673,-0.01847409102043673,-0.01749752852043673,-0.00504635664543673,0.00764895585456327,0.00764895585456327,0.0017895808545632698,0.00496340897956327,0.00935794022956327,0.00813723710456327,0.01253176835456327,0.02302981522956327,0.03035403397956327,0.02840090897956327,0.01692629960456327,0.01692629960456327,0.00716067460456327,0.02302981522956327,0.034504424604563266,0.02620364335456327,0.01594973710456327,0.01082278397956327,0.00252200272956327,0.00252200272956327,0.00862551835456327,0.00569583085456327,-0.00748776289543673,-0.01725338789543673,-0.01334713789543673,-0.00406979414543673,0.00276614335456327,0.0005688777295632698,-0.01285885664543673,-0.02823971602043673,-0.032390106645436734,-0.02140377852043673,-0.02140377852043673,0.01009036210456327,-0.00333737227043673,-0.02067135664543673,-0.02213620039543673,-0.00602291914543673,0.00716067460456327,0.00886965897956327,0.00203372147956327,0.0005688777295632698,0.0005688777295632698,0.00496340897956327,0.01717044022956327,0.02254153397956327,0.02010012772956327,0.01131106522956327,0.00227786210456327,0.00423098710456327,0.02010012772956327,0.02840090897956327,0.01375247147956327,-0.00358151289543673,-0.01237057539543673,-0.01822995039543673,-0.01334713789543673,-0.0018725285204367302,0.00227786210456327,-0.00504635664543673,-0.02115963789543673,-0.034831512895436734,-0.033610809770436734,-0.02311276289543673,-0.00651120039543673,0.0005688777295632698,-0.01163815352043673,-0.02775143477043673,-0.034831512895436734,-0.032634247270436734,-0.02482174727043673,-0.01359127852043673,-0.00284909102043673,0.00545169022956327,0.00252200272956327,-0.00748776289543673,-0.00431393477043673,0.01057864335456327,0.01863528397956327,0.02034426835456327,0.02595950272956327,0.02718020585456327,0.02107669022956327,0.02107669022956327,0.02693606522956327,0.03035403397956327,0.02449465897956327,0.02400637772956327,0.03010989335456327,0.034992705854563266,0.034016143354563266,0.02351809647956327,0.00520754960456327,0.00520754960456327,-0.0018725285204367302,0.02180911210456327,0.031574737104563266,0.01448489335456327,-0.01383541914543673,-0.033122528520436734,-0.02921627852043673,-0.00651120039543673,0.00667239335456327,-0.00529049727043673,-0.00529049727043673,-0.044597137895436734,-0.043376434770436734,-0.035319794145436734,-0.02311276289543673,-0.00846432539543673,-0.00284909102043673,-0.01041745039543673,-0.01432370039543673,-0.01237057539543673,-0.00748776289543673,0.00471926835456327,0.01033450272956327,0.01033450272956327,0.00838137772956327,0.01546145585456327,0.01521731522956327,0.00520754960456327,-0.0016283878954367302,0.00862551835456327,0.02571536210456327,0.032307158979563266,0.02229739335456327,-0.00309323164543673,-0.02238034102043673,-0.01554440352043673,0.00618411210456327,0.01424075272956327,0.00374270585456327,-0.01188229414543673,-0.01993893477043673,-0.01871823164543673,-0.00431393477043673,0.00301028397956327,-0.00626705977043673,-0.02286862227043673,-0.037517059770436734,-0.038493622270436734,-0.02897213789543673,-0.01285885664543673,-0.00260495039543673,-0.00651120039543673,-0.01163815352043673,-0.00358151289543673,0.00276614335456327,0.00593997147956327,0.01424075272956327,0.01936770585456327,0.02376223710456327,0.03084231522956327,0.037434112104563266,0.038166533979563266,0.02766848710456327,0.01936770585456327,0.01717044022956327,0.02351809647956327,0.031574737104563266,0.03035403397956327,0.01863528397956327,0.0010571589795632698,-0.0016283878954367302,0.01082278397956327,0.02644778397956327,0.02156497147956327,-0.00211666914543673,-0.01285885664543673,-0.00406979414543673,0.00618411210456327,-0.00309323164543673,-0.02384518477043673,-0.040935028520436734,-0.048747528520436734,-0.038493622270436734,-0.02189205977043673,-0.01334713789543673,-0.01359127852043673,-0.01627682539543673,-0.02482174727043673,-0.03043698164543673,-0.01407955977043673,0.00716067460456327,0.01131106522956327,-0.0011401066454367302,-0.00651120039543673,0.00569583085456327,0.00569583085456327,0.01326419022956327,8.059647956326979e-05,-0.00504635664543673,0.00276614335456327,0.00740481522956327,0.0003247371045632698,-0.00968502852043673,-0.00333737227043673,0.01814700272956327,0.02132083085456327,-0.00529049727043673,-0.02799557539543673,-0.01896237227043673,0.00813723710456327,0.01863528397956327,0.0013012996045632698,-0.02555416914543673,-0.037272919145436734,-0.02775143477043673,-0.01237057539543673,-0.0013842472704367302,-0.00382565352043673,-0.01993893477043673,-0.02701901289543673,-0.01237057539543673,0.00813723710456327,0.02473879960456327,0.034260283979563266,0.01765872147956327,-0.00333737227043673,0.00423098710456327,0.02864504960456327,0.045979033979563266,0.043049346479563266,0.02595950272956327,0.01106692460456327,0.00691653397956327,0.01375247147956327,0.02400637772956327,0.02571536210456327,0.01717044022956327,0.00618411210456327,-0.00480221602043673,-0.0004076847704367302,0.01594973710456327,0.02718020585456327,0.02180911210456327,-0.00406979414543673,-0.032145966020436734,-0.039226044145436734,-0.02042721602043673,0.0017895808545632698,0.00569583085456327,-0.01481198164543673,-0.032634247270436734,-0.02897213789543673,-0.00846432539543673,0.01814700272956327,0.02693606522956327,0.00398684647956327,-0.02653073164543673,-0.03019284102043673,-0.0018725285204367302,0.02742434647956327,0.035725127729563266,0.02425051835456327,-0.00309323164543673,-0.02994870039543673,-0.02970455977043673,-0.0018725285204367302,0.01619387772956327,0.00984622147956327,-0.01871823164543673,-0.035563934770436734,-0.01554440352043673,0.01155520585456327,0.01375247147956327,-0.01505612227043673,-0.048015106645436734,-0.054118622270436734,-0.02946041914543673,-0.00626705977043673,-0.00675534102043673,-0.02189205977043673,-0.02848385664543673,-0.01163815352043673,0.01155520585456327,0.02522708085456327,0.02400637772956327,0.00203372147956327,-0.01456784102043673,-0.00675534102043673,0.02107669022956327,0.044270049604563266,0.035725127729563266,0.00789309647956327,-0.00895260664543673,-0.00748776289543673,0.01253176835456327,0.03059817460456327,0.02644778397956327,0.00740481522956327,-0.01798580977043673,-0.01188229414543673,0.02498294022956327,0.048664580854563266,0.02327395585456327,-0.02750729414543673,-0.049479950395436734,-0.02018307539543673,0.01985598710456327,0.036457549604563266,0.02180911210456327,-0.01456784102043673,-0.02726315352043673,-0.00236080977043673,0.037678252729563266,0.055988799604563266,0.03108645585456327,-0.00455807539543673,-0.01432370039543673,0.00886965897956327,0.040119658979563266,0.043781768354563266,0.01155520585456327,-0.02994870039543673,-0.045573700395436734,-0.02018307539543673,0.02815676835456327,0.038898955854563266,-0.00553463789543673,-0.056804169145436734,-0.06339596602043673,-0.02457760664543673,0.02205325272956327,0.02083254960456327,-0.02384518477043673,-0.07291745039543673,-0.08292721602043673,-0.039470184770436734,0.02351809647956327,0.046711455854563266,0.00593997147956327,-0.046061981645436734,-0.042644012895436734,0.00593997147956327,0.047688018354563266,0.049152862104563266,0.00520754960456327,-0.02677487227043673,-0.01676510664543673,0.01350833085456327,0.02937747147956327,0.01594973710456327,-0.01432370039543673,-0.032145966020436734,-0.02115963789543673,0.00301028397956327,0.01521731522956327,0.00520754960456327,-0.01285885664543673,-0.02311276289543673,-0.01725338789543673,-0.00992916914543673,-0.0011401066454367302,-0.0004076847704367302,-0.01285885664543673,-0.01896237227043673,-0.01359127852043673,-0.02042721602043673,-0.02653073164543673,-0.02604245039543673,-0.02091549727043673,-0.0006518253954367302,0.02620364335456327,0.041340362104563266,0.02840090897956327,0.00838137772956327,-0.00797604414543673,-0.01554440352043673,-0.00236080977043673,0.02058840897956327,0.033772002729563266,0.02400637772956327,0.00252200272956327,-0.01066159102043673,-0.01700924727043673,8.059647956326979e-05,0.02498294022956327,0.02888919022956327,0.00642825272956327,-0.01969479414543673,-0.02628659102043673,-0.00480221602043673,0.01814700272956327,0.02718020585456327,0.01668215897956327,-0.00577877852043673,-0.00797604414543673,0.00960208085456327,0.033039580854563266,0.045979033979563266,0.036213408979563266,0.01643801835456327,0.00740481522956327,0.01521731522956327,0.03084231522956327,0.03108645585456327,0.01619387772956327,0.00252200272956327,-0.00309323164543673,-0.00553463789543673,-0.00748776289543673,-0.00797604414543673,-0.00309323164543673,0.00667239335456327,0.00838137772956327,-0.00406979414543673,-0.02042721602043673,-0.02140377852043673,-0.00846432539543673,-0.00846432539543673,0.01961184647956327,0.00569583085456327,-0.02384518477043673,-0.041179169145436734,-0.034099091020436734,-0.01774166914543673,-0.00846432539543673,-0.01334713789543673,-0.02848385664543673,-0.036540497270436734,-0.02506588789543673,8.059647956326979e-05,0.02302981522956327,0.01570559647956327,-0.01554440352043673,-0.034343231645436734,-0.02726315352043673,-0.00333737227043673,0.01692629960456327,0.01814700272956327,0.00374270585456327,-0.00773190352043673,-0.00211666914543673,0.01082278397956327,0.02156497147956327,0.02278567460456327,0.01082278397956327,0.0017895808545632698,0.00496340897956327,0.01326419022956327,0.01546145585456327,0.00618411210456327,-0.00602291914543673,-0.00870846602043673,0.00423098710456327,0.01936770585456327,0.01790286210456327,-0.00260495039543673,-0.01700924727043673,-0.01237057539543673,0.00618411210456327,0.02034426835456327,0.01399661210456327,-0.00968502852043673,-0.02726315352043673,-0.01945065352043673,0.0013012996045632698,0.01326419022956327,0.00911379960456327,-0.00846432539543673,-0.02262448164543673,-0.01871823164543673,0.0008130183545632698,0.01790286210456327,0.01570559647956327,0.00252200272956327,-0.01066159102043673,-0.00919674727043673,0.00471926835456327,0.01765872147956327,0.02083254960456327,0.00960208085456327,-0.00309323164543673,-0.00333737227043673,0.00764895585456327,0.01961184647956327,0.02156497147956327,0.01448489335456327,0.0017895808545632698,-0.00846432539543673,-0.00309323164543673,0.00520754960456327,0.00838137772956327,0.00569583085456327,-0.00406979414543673,-0.00822018477043673,-0.00651120039543673,-0.00333737227043673,-0.00504635664543673,-0.01310299727043673,-0.01676510664543673,-0.01310299727043673,-0.00724362227043673,-0.00358151289543673,-0.00333737227043673,-0.00675534102043673,-0.00992916914543673,-0.01530026289543673,-0.01700924727043673,-0.01090573164543673,-0.00333737227043673,-0.0004076847704367302,-0.00455807539543673,-0.00724362227043673,-0.00675534102043673,-0.00602291914543673,-0.00309323164543673,-0.0016283878954367302,-0.0013842472704367302,-0.0008959660204367302,0.0005688777295632698,0.00398684647956327,0.0013012996045632698,-0.0013842472704367302,0.0010571589795632698,0.00227786210456327,8.059647956326979e-05,8.059647956326979e-05,0.00325442460456327,0.00423098710456327,0.00423098710456327,0.0017895808545632698,-0.0004076847704367302,0.00325442460456327,0.00838137772956327,0.00984622147956327,0.01131106522956327,0.00203372147956327,-0.01993893477043673,-0.032634247270436734,-0.02238034102043673,0.00667239335456327,0.02547122147956327,0.02351809647956327,0.01350833085456327,0.01399661210456327,0.039875518354563266,0.06770754960456327,0.06428958085456327,0.034504424604563266,0.00764895585456327,0.01448489335456327,0.044758330854563266,0.057453643354563266,0.035969268354563266,0.0010571589795632698,-0.02091549727043673,-0.02067135664543673,-0.00651120039543673,0.0003247371045632698,-0.00455807539543673,-0.02311276289543673,-0.044108856645436734,-0.044841278520436734,-0.02726315352043673,-0.01237057539543673,-0.01578854414543673,-0.038493622270436734,-0.058513153520436734,-0.050700653520436734,-0.01920651289543673,0.00618411210456327,0.00862551835456327,-0.00992916914543673,-0.037761200395436734,-0.045085419145436734,-0.034587372270436734,-0.02213620039543673,-0.01554440352043673,-0.02042721602043673,-0.02360104414543673,-0.02726315352043673,-0.031657684770436734,-0.032145966020436734,-0.03116940352043673,-0.02384518477043673,-0.00846432539543673,0.00545169022956327,-0.00431393477043673,-0.032390106645436734,-0.044597137895436734,-0.02042721602043673,0.01619387772956327,0.036701690229563266,0.02986575272956327,0.00325442460456327,-0.01554440352043673,-0.00504635664543673,0.02473879960456327,0.036945830854563266,0.02742434647956327,0.02010012772956327,0.02962161210456327,0.042805205854563266,0.043049346479563266,0.031330596479563266,0.02010012772956327,0.01961184647956327,0.02425051835456327,0.02815676835456327,0.02351809647956327,0.01302004960456327,0.00325442460456327,-0.01017330977043673,-0.01676510664543673,-0.00480221602043673,0.01936770585456327,0.031818877729563266,0.03010989335456327,0.02425051835456327,0.02180911210456327,0.02718020585456327,0.034016143354563266,0.034260283979563266,0.02986575272956327,0.032063018354563266,0.044025908979563266,0.054279815229563266,0.048420440229563266,0.03084231522956327,0.01912356522956327,0.02083254960456327,0.034016143354563266,0.03035403397956327,-0.00748776289543673,-0.042644012895436734,-0.046794403520436734,-0.02579830977043673,-0.01261471602043673,-0.02579830977043673,-0.046306122270436734,-0.047282684770436734,-0.02628659102043673,0.00447512772956327,0.02229739335456327,0.00789309647956327,-0.02164791914543673,-0.034099091020436734,-0.00944088789543673,0.037189971479563266,0.07527590897956327,0.07503176835456327,0.043537627729563266,0.01277590897956327,-0.0006518253954367302,-0.01896237227043673,-0.061931122270436734,8.206132331326788e-05,8.206132331326788e-05,8.206132331326788e-05,-0.06486080977043673,-0.039714325395436734,-0.056071747270436734,-0.08951901289543673,8.206132331326788e-05,-0.061198700395436734,-0.00895260664543673,0.037678252729563266,0.042316924604563266,0.02766848710456327,0.02766848710456327,0.052326690229563266,0.06795169022956327,0.045246612104563266,0.00496340897956327,-0.01285885664543673,0.01179934647956327,0.050129424604563266,0.060871612104563266,0.01594973710456327,-0.051433075395436734,-0.08463620039543673,-0.06681393477043673,-0.01676510664543673,0.01472903397956327,0.03108645585456327,0.033772002729563266,0.02229739335456327,0.00471926835456327,0.00203372147956327,0.02449465897956327,0.053303252729563266,0.07112551835456327,0.07283450272956327,0.06258059647956327,0.039387237104563266,0.039387237104563266,-0.01383541914543673,-0.035563934770436734,-0.039714325395436734,-0.02238034102043673,-0.01285885664543673,-0.01676510664543673,-0.02311276289543673,-0.036540497270436734,-0.046306122270436734,-0.037272919145436734,-0.01066159102043673,0.01814700272956327,0.02278567460456327,0.0015454402295632698,-0.01847409102043673,-0.01261471602043673,0.01399661210456327,0.032307158979563266,0.01424075272956327,-0.02164791914543673,-0.033610809770436734,-0.01578854414543673,-0.00675534102043673,-0.02238034102043673,-0.046550262895436734,-0.056560028520436734,-0.048747528520436734,-0.048259247270436734,-0.058513153520436734,-0.050456512895436734,-0.01969479414543673,0.01350833085456327,0.01424075272956327,-0.01530026289543673,-0.035808075395436734,-0.02555416914543673,0.0008130183545632698,0.02229739335456327,0.044758330854563266,0.059650908979563266,0.054279815229563266,0.02864504960456327,0.01155520585456327,0.01228762772956327,0.02327395585456327,0.039875518354563266,0.036213408979563266,0.0005688777295632698,-0.02677487227043673,-0.02555416914543673,-0.01407955977043673,-0.01945065352043673,-0.034587372270436734,-0.036296356645436734,-0.01237057539543673,0.01839114335456327,0.01839114335456327,-0.00480221602043673,-0.00724362227043673,0.01375247147956327,0.02278567460456327,0.01936770585456327,0.01497317460456327,0.02571536210456327,0.035725127729563266,0.036457549604563266,0.033772002729563266,0.02669192460456327,0.02522708085456327,0.02669192460456327,0.02034426835456327,0.00471926835456327,-0.00577877852043673,-0.01334713789543673,-0.02897213789543673,-0.042399872270436734,-0.041911591020436734,-0.02848385664543673,-0.01578854414543673,-0.01359127852043673,-0.01774166914543673,-0.01237057539543673,0.00935794022956327,0.01887942460456327,0.01033450272956327,0.00447512772956327,0.01521731522956327,0.031330596479563266,0.038166533979563266,0.034992705854563266,0.02498294022956327,0.02229739335456327,0.032795440229563266,0.043537627729563266,0.041828643354563266,0.031818877729563266,0.01765872147956327,-0.00382565352043673,-0.02506588789543673,-0.02482174727043673,-0.01334713789543673,-0.01114987227043673,-0.01871823164543673,-0.034831512895436734,-0.043864716020436734,-0.039958466020436734,-0.01945065352043673,-0.0001635441454367302,0.00301028397956327,-0.01163815352043673,-0.01603268477043673,-0.00651120039543673,-0.0004076847704367302,0.0003247371045632698,-0.00675534102043673,-0.00699948164543673,0.01399661210456327,0.032551299604563266,0.034504424604563266,0.01863528397956327,-0.00455807539543673,-0.00431393477043673,0.00374270585456327,0.00374270585456327,-0.01383541914543673,-0.038005341020436734,-0.048503387895436734,-0.041423309770436734,-0.032634247270436734,-0.035563934770436734,-0.054851044145436734,-0.07218502852043673,-0.06290768477043673,-0.038981903520436734,-0.01066159102043673,0.0003247371045632698,-0.00748776289543673,-0.01383541914543673,-0.00626705977043673,0.00642825272956327,0.00569583085456327,-0.00870846602043673,-0.00870846602043673,0.02840090897956327,0.062336455854563266,0.062336455854563266,0.03084231522956327,-0.0004076847704367302,0.0015454402295632698,0.032551299604563266,0.059895049604563266,0.047932158979563266,0.00740481522956327,-0.02042721602043673,-0.01700924727043673,-0.0013842472704367302,0.00691653397956327,0.00227786210456327,-0.01017330977043673,-0.02067135664543673,-0.02701901289543673,-0.01847409102043673,-0.00699948164543673,0.01155520585456327,0.01521731522956327,-0.01017330977043673,-0.02897213789543673,-0.01066159102043673,0.02498294022956327,0.043781768354563266,0.02669192460456327,-0.00919674727043673,-0.02555416914543673,0.00423098710456327,0.053303252729563266,0.06453372147956327,0.038410674604563266,0.01155520585456327,0.00935794022956327,0.01741458085456327,0.01961184647956327,0.00618411210456327,-0.00431393477043673,-0.0016283878954367302,-0.00284909102043673,-0.01456784102043673,-0.02848385664543673,-0.037517059770436734,-0.03092526289543673,-0.02677487227043673,-0.02994870039543673,-0.03092526289543673,-0.02946041914543673,-0.02604245039543673,-0.02311276289543673,-0.01505612227043673,-0.00699948164543673,-0.00406979414543673,0.00398684647956327,0.01033450272956327,0.01033450272956327,0.01253176835456327,0.01643801835456327,0.02132083085456327,0.02840090897956327,0.03010989335456327,0.02620364335456327,0.02278567460456327,0.02254153397956327,0.02644778397956327,0.03010989335456327,0.02718020585456327,0.00716067460456327,-0.01554440352043673,-0.01530026289543673,-0.00480221602043673,-0.00968502852043673,-0.00870846602043673,-0.00822018477043673,-0.01163815352043673,-0.01407955977043673,-0.02091549727043673,-0.03116940352043673,-0.031657684770436734,-0.02506588789543673,-0.02140377852043673,-0.02677487227043673,-0.034343231645436734,-0.02408932539543673,-0.00675534102043673,0.00667239335456327,0.00984622147956327,-0.0011401066454367302,-0.00944088789543673,-0.00651120039543673,-0.00211666914543673,0.00398684647956327,0.01399661210456327,0.02888919022956327,0.037922393354563266,0.032063018354563266,0.00838137772956327,-0.00602291914543673,0.0013012996045632698,0.02766848710456327,0.047688018354563266,0.045002471479563266,0.02058840897956327,-0.00773190352043673,-0.02067135664543673,-0.01945065352043673,-0.00529049727043673,0.01375247147956327,0.00764895585456327,-0.00870846602043673,-0.02286862227043673,-0.032878387895436734,-0.02189205977043673,-0.00773190352043673,-0.00870846602043673,-0.02579830977043673,-0.034343231645436734,-0.01652096602043673,-0.0016283878954367302,0.00593997147956327,0.00789309647956327,-0.0016283878954367302,-0.00797604414543673,-0.00284909102043673,0.00301028397956327,0.0015454402295632698,0.01131106522956327,0.01204348710456327,0.0015454402295632698,-0.00699948164543673,-0.00455807539543673,0.00960208085456327,0.02595950272956327,0.02913333085456327,0.01717044022956327,-0.0001635441454367302,-0.0011401066454367302,0.00911379960456327,0.01179934647956327,0.01179934647956327,0.00642825272956327,0.00423098710456327,0.0005688777295632698,-0.00577877852043673,-0.01041745039543673,-0.01212643477043673,-0.01285885664543673,-0.01407955977043673,-0.01798580977043673,-0.02262448164543673,-0.01676510664543673,-0.01603268477043673,-0.01847409102043673,-0.01700924727043673,-0.01945065352043673,-0.01749752852043673,-0.00333737227043673,-0.00333737227043673,0.00252200272956327,0.00764895585456327,0.00593997147956327,-0.0018725285204367302,0.00569583085456327,0.01741458085456327,0.01717044022956327,0.01253176835456327,0.00520754960456327,0.0015454402295632698,0.00838137772956327,0.02302981522956327,0.02888919022956327,0.02571536210456327,0.02156497147956327,0.01863528397956327,0.02156497147956327,0.01887942460456327,0.01936770585456327,0.02522708085456327,0.02498294022956327,0.00911379960456327,-0.00773190352043673,-0.00968502852043673,0.0013012996045632698,0.01106692460456327,0.00911379960456327,-0.0013842472704367302,-0.01896237227043673,-0.02823971602043673,-0.02677487227043673,-0.02628659102043673,-0.01847409102043673,-0.01066159102043673,-0.02042721602043673,-0.035808075395436734,-0.044597137895436734,-0.038981903520436734,-0.01945065352043673,0.00203372147956327,0.00691653397956327,-0.00358151289543673,-0.01383541914543673,-0.00651120039543673,0.01204348710456327,0.01863528397956327,0.01302004960456327,0.01326419022956327,0.02620364335456327,0.038166533979563266,0.032063018354563266,0.02083254960456327,0.01302004960456327,0.01546145585456327,0.02351809647956327,0.01912356522956327,0.01375247147956327,0.02498294022956327,0.036701690229563266,0.033283721479563266,0.00911379960456327,-0.01847409102043673,-0.02067135664543673,8.059647956326979e-05,0.01668215897956327,0.00886965897956327,-0.01505612227043673,-0.044597137895436734,-0.053630341020436734,-0.033122528520436734,-0.00699948164543673,0.0013012996045632698,-0.01896237227043673,-0.040935028520436734,-0.042644012895436734,-0.02384518477043673,-0.00431393477043673,-0.00797604414543673,-0.02628659102043673,-0.038737762895436734,-0.039470184770436734,-0.01847409102043673,0.01131106522956327,0.01399661210456327,-0.00382565352043673,-0.02091549727043673,-0.01578854414543673,0.00569583085456327,0.02254153397956327,0.02376223710456327,0.01570559647956327,0.01082278397956327,0.01204348710456327,0.01790286210456327,0.02498294022956327,0.02156497147956327,0.02156497147956327,0.00789309647956327,0.00325442460456327,0.01009036210456327,0.02034426835456327,0.01692629960456327,-0.0006518253954367302,-0.00968502852043673,-0.00260495039543673,0.01253176835456327,0.02107669022956327,0.01717044022956327,0.00545169022956327,-0.00968502852043673,-0.01017330977043673,0.00520754960456327,0.01790286210456327,0.01350833085456327,0.00301028397956327,-0.00260495039543673,-0.0013842472704367302,0.00301028397956327,0.0017895808545632698,-0.00431393477043673,-0.00992916914543673,-0.01041745039543673,-0.00797604414543673,0.00252200272956327,0.00740481522956327,-0.00333737227043673,-0.02750729414543673,-0.02750729414543673,-0.02555416914543673,-0.01774166914543673,-0.00455807539543673,0.01228762772956327,0.00667239335456327,-0.01945065352043673,-0.02921627852043673,-0.01505612227043673,0.00471926835456327,0.00667239335456327,-0.0013842472704367302,-0.00919674727043673,8.059647956326979e-05,0.01570559647956327,0.01399661210456327,0.00227786210456327,-0.00919674727043673,-0.01212643477043673,-0.00480221602043673,0.01350833085456327,0.02571536210456327,0.01350833085456327,-0.01114987227043673,-0.01114987227043673,0.00447512772956327,0.01887942460456327,0.02498294022956327,0.02449465897956327,0.00960208085456327,-0.00577877852043673,-0.0008959660204367302,0.01472903397956327,0.02083254960456327,0.00740481522956327,0.00740481522956327,-0.00504635664543673,-0.00675534102043673,0.00349856522956327,0.01057864335456327,0.01057864335456327,-0.00382565352043673,-0.02067135664543673,-0.01212643477043673,0.00862551835456327,0.01570559647956327,0.00398684647956327,-0.01212643477043673,-0.02238034102043673,-0.03116940352043673,-0.02360104414543673,0.0008130183545632698,0.01326419022956327,-0.0013842472704367302,-0.02897213789543673,-0.047282684770436734,-0.040935028520436734,-0.01530026289543673,0.01106692460456327,0.01546145585456327,-0.00944088789543673,-0.036052216020436734,-0.038981903520436734,-0.00724362227043673,0.02766848710456327,0.02913333085456327,0.00593997147956327,-0.01822995039543673,-0.02067135664543673,0.0008130183545632698,0.02595950272956327,0.02864504960456327,0.00740481522956327,-0.01407955977043673,-0.01212643477043673,0.01082278397956327,0.031574737104563266,0.033283721479563266,0.01155520585456327,-0.02360104414543673,-0.02994870039543673,0.00764895585456327,0.045734893354563266,0.045002471479563266,0.01204348710456327,-0.01163815352043673,-0.01578854414543673,-0.00992916914543673,0.00398684647956327,0.01619387772956327,0.01961184647956327,0.00862551835456327,-0.01456784102043673,-0.02408932539543673,-0.01285885664543673,0.00349856522956327,0.01765872147956327,0.01643801835456327,-0.00797604414543673,-0.02970455977043673,-0.01969479414543673,0.01717044022956327,0.036457549604563266,0.02229739335456327,-0.00382565352043673,-0.02140377852043673,-0.01896237227043673,0.00471926835456327,0.02913333085456327,0.02425051835456327,-0.02482174727043673,-0.02482174727043673,-0.031657684770436734,-0.00748776289543673,0.02888919022956327,0.040852080854563266,0.00764895585456327,-0.038493622270436734,-0.045085419145436734,-0.00992916914543673,0.02254153397956327,0.02547122147956327,-0.032878387895436734,-0.032878387895436734,-0.043864716020436734,-0.01945065352043673,0.02156497147956327,0.039387237104563266,0.00471926835456327,-0.046550262895436734,-0.059733856645436734,-0.02213620039543673,0.031574737104563266,0.056965362104563266,0.02620364335456327,-0.042888153520436734,-0.07169674727043673,-0.02970455977043673,0.037922393354563266,0.062092315229563266,0.02644778397956327,-0.02213620039543673,-0.042888153520436734,-0.01456784102043673,0.037922393354563266,0.053791533979563266,0.02278567460456327,-0.02701901289543673,-0.046794403520436734,-0.01359127852043673,0.033039580854563266,0.053059112104563266,0.02010012772956327,-0.031901825395436734,-0.040690887895436734,0.00374270585456327,0.051594268354563266,0.047932158979563266,0.00593997147956327,-0.034343231645436734,-0.041667450395436734,-0.0011401066454367302,0.048420440229563266,0.050617705854563266,-0.0018725285204367302,-0.055095184770436734,-0.053874481645436734,0.058186065229563266,0.058430205854563266,0.058430205854563266,-0.00284909102043673,-0.06559323164543673,-0.059001434770436734,0.01302004960456327,0.06673098710456327,0.057697783979563266,-0.00651120039543673,-0.06705807539543673,-0.054362762895436734,0.01814700272956327,0.07527590897956327,0.054279815229563266,0.0003247371045632698,-0.02042721602043673,-0.046794403520436734,0.02058840897956327,0.06819583085456327,0.046955596479563266,-0.02433346602043673,-0.06730221602043673,-0.037028778520436734,0.03035403397956327,0.058918487104563266,0.03084231522956327,-0.06705807539543673,-0.06705807539543673,-0.042155731645436734,0.02180911210456327,0.053547393354563266,0.02010012772956327,-0.042888153520436734,-0.07194088789543673,-0.036784637895436734,0.02693606522956327,0.051105987104563266,-0.061931122270436734,-0.061931122270436734,-0.07364987227043673,-0.01554440352043673,0.045734893354563266,0.052082549604563266,0.0017895808545632698,-0.047526825395436734,-0.048747528520436734,-0.00236080977043673,0.044514190229563266,0.044514190229563266,0.00471926835456327,-0.037517059770436734,-0.034587372270436734,0.01033450272956327,0.049885283979563266,0.036945830854563266,-0.01017330977043673,-0.037272919145436734,-0.01554440352043673,0.033039580854563266,0.033039580854563266,0.01668215897956327,-0.02018307539543673,-0.040202606645436734,-0.01652096602043673,0.02327395585456327,0.041096221479563266,0.01302004960456327,-0.02750729414543673,-0.037272919145436734,-0.00699948164543673,0.035236846479563266,0.035969268354563266,-0.00455807539543673,-0.035563934770436734,-0.02506588789543673,0.01302004960456327,0.035725127729563266,0.02254153397956327,-0.00651120039543673,-0.00431393477043673,-0.00431393477043673,0.02180911210456327,0.02742434647956327,0.00886965897956327,-0.00895260664543673,-0.01871823164543673,-0.01066159102043673,0.01521731522956327,0.02522708085456327,-0.00577877852043673,-0.00577877852043673,-0.00748776289543673,-0.00284909102043673,0.00374270585456327,0.01057864335456327,-0.00626705977043673,-0.02872799727043673,-0.02115963789543673,0.00374270585456327,-0.00431393477043673,-0.00431393477043673,-0.02433346602043673,-0.02970455977043673,-0.00944088789543673,0.01594973710456327,0.01228762772956327,-0.01407955977043673,-0.03068112227043673,-0.01456784102043673,0.00862551835456327,0.01057864335456327,0.01057864335456327,-0.00748776289543673,-0.01505612227043673,-0.00455807539543673,0.01375247147956327,0.01692629960456327,0.01155520585456327,-0.00358151289543673,-0.01285885664543673,0.00325442460456327,0.00325442460456327,0.00911379960456327,0.00838137772956327,0.00813723710456327,-0.00406979414543673,-0.00944088789543673,8.059647956326979e-05,0.01424075272956327,0.00349856522956327,-0.01847409102043673,-0.01847409102043673,0.01765872147956327,0.038166533979563266,0.02425051835456327,-0.00992916914543673,-0.036784637895436734,-0.01993893477043673,0.02425051835456327,0.048908721479563266,0.031574737104563266,-0.052653778520436734,-0.052653778520436734,-0.042888153520436734,0.00374270585456327,0.036213408979563266,0.02840090897956327,-0.00895260664543673,-0.046306122270436734,-0.048991669145436734,-0.00577877852043673,0.057209502729563266,0.057209502729563266,0.02425051835456327,-0.01456784102043673,-0.01822995039543673,0.01668215897956327,0.051594268354563266,0.052082549604563266,0.01448489335456327,-0.01334713789543673,0.041096221479563266,0.041096221479563266,0.06941653397956327,0.058186065229563266,0.01521731522956327,-0.01700924727043673,-0.00529049727043673,0.032307158979563266,0.057453643354563266,0.048908721479563266,0.00960208085456327,-0.02701901289543673,-0.02701901289543673,0.00593997147956327,0.035236846479563266,0.02791262772956327,-0.00773190352043673,-0.037761200395436734,-0.038981903520436734,-0.01652096602043673,0.01302004960456327,0.00227786210456327,0.00227786210456327,-0.01627682539543673,-0.02189205977043673,-0.01188229414543673,0.00398684647956327,0.00227786210456327,-0.01554440352043673,-0.02677487227043673,-0.01969479414543673,0.0005688777295632698,-0.00455807539543673,-0.00455807539543673,-0.02604245039543673,-0.032145966020436734,-0.01432370039543673,0.0017895808545632698,0.00276614335456327,-0.00675534102043673,-0.02823971602043673,-0.044352997270436734,-0.02115963789543673,-0.02115963789543673,-0.00797604414543673,-0.00992916914543673,-0.02604245039543673,-0.044841278520436734,-0.047282684770436734,-0.03092526289543673,-0.01481198164543673,-0.01310299727043673,-0.03043698164543673,-0.03043698164543673,-0.032390106645436734,-0.02482174727043673,-0.01700924727043673,-0.01066159102043673,-0.00529049727043673,-0.00822018477043673,-0.02213620039543673,-0.031901825395436734,-0.01212643477043673,-0.01212643477043673,0.00716067460456327,0.01033450272956327,-0.00284909102043673,-0.01749752852043673,-0.02335690352043673,-0.01725338789543673,-0.00284909102043673,0.01375247147956327,0.01717044022956327,-0.00919674727043673,-0.00919674727043673,-0.01725338789543673,-0.01163815352043673,0.00349856522956327,0.01497317460456327,0.01863528397956327,0.01839114335456327,0.01033450272956327,-0.01090573164543673,-0.037761200395436734,-0.037272919145436734,-0.037272919145436734,-0.01993893477043673,-0.01407955977043673,-0.02262448164543673,-0.03043698164543673,-0.02115963789543673,0.0003247371045632698,0.01179934647956327,0.00471926835456327,0.01717044022956327,0.01717044022956327,0.035480987104563266,0.045734893354563266,0.042316924604563266,0.02107669022956327,0.00471926835456327,0.01228762772956327,0.02693606522956327,0.03035403397956327,0.02547122147956327,0.00423098710456327,0.00423098710456327,0.0003247371045632698,0.00252200272956327,0.01253176835456327,0.02644778397956327,0.02742434647956327,0.01033450272956327,-0.00748776289543673,-0.00992916914543673,0.01448489335456327,0.01448489335456327,0.01594973710456327,0.00398684647956327,-0.00870846602043673,-0.00504635664543673,0.00813723710456327,0.02132083085456327,0.02766848710456327,0.02425051835456327,0.02229739335456327,0.02229739335456327,0.035725127729563266,0.044514190229563266,0.035236846479563266,0.01765872147956327,0.01302004960456327,0.01961184647956327,0.031574737104563266,0.039387237104563266,0.02351809647956327,-0.01676510664543673,-0.01676510664543673,-0.00406979414543673,0.02083254960456327,0.03108645585456327,0.01741458085456327,-0.01090573164543673,-0.02946041914543673,-0.02238034102043673,0.00349856522956327,0.02425051835456327,0.0015454402295632698,0.0015454402295632698,-0.02140377852043673,-0.02726315352043673,-0.01017330977043673,0.01790286210456327,0.033772002729563266,0.03035403397956327,0.00569583085456327,-0.02091549727043673,-0.01212643477043673,-0.01212643477043673,0.01375247147956327,0.02547122147956327,0.01106692460456327,-0.01407955977043673,-0.02823971602043673,-0.02091549727043673,0.00203372147956327,0.02083254960456327,-0.00211666914543673,-0.00211666914543673,-0.02360104414543673,-0.035319794145436734,-0.02482174727043673,-0.0001635441454367302,0.01009036210456327,-0.0016283878954367302,-0.02628659102043673,-0.039958466020436734,-0.032145966020436734,0.0010571589795632698,0.0010571589795632698,-0.0011401066454367302,-0.00773190352043673,-0.00553463789543673,0.00471926835456327,0.01326419022956327,0.01546145585456327,0.00960208085456327,-0.00284909102043673,0.01082278397956327,0.01082278397956327,0.02327395585456327,0.02693606522956327,0.01594973710456327,-0.0011401066454367302,0.0008130183545632698,0.01985598710456327,0.031330596479563266,0.02400637772956327,-0.00846432539543673,-0.00846432539543673,-0.00724362227043673,0.00349856522956327,0.01375247147956327,0.01936770585456327,0.01424075272956327,0.0010571589795632698,-0.01310299727043673,-0.02042721602043673,0.00203372147956327,0.00667239335456327,0.00667239335456327,-0.00699948164543673,-0.02799557539543673,-0.036784637895436734,-0.02946041914543673,-0.02115963789543673,-0.02335690352043673,-0.031901825395436734,-0.035563934770436734,-0.035808075395436734,-0.035808075395436734,-0.037517059770436734,-0.036296356645436734,-0.02653073164543673,-0.01310299727043673,-0.00870846602043673,-0.01798580977043673,-0.02750729414543673,-0.02726315352043673,0.0003247371045632698,0.0003247371045632698,0.00471926835456327,0.00471926835456327,0.00545169022956327,-0.00284909102043673,-0.00626705977043673,0.00569583085456327,0.02791262772956327,0.039387237104563266,0.01131106522956327,0.01179934647956327,0.01179934647956327,0.02107669022956327,0.02547122147956327,0.01399661210456327,-0.0011401066454367302,-0.00626705977043673,-0.00797604414543673,-0.01017330977043673,-0.01334713789543673,-0.02506588789543673,-0.02506588789543673,-0.039470184770436734,-0.057780731645436734,-0.057780731645436734,-0.034587372270436734,0.0010571589795632698,0.02937747147956327,0.033772002729563266,0.00642825272956327,-0.02115963789543673,-0.02115963789543673,0.00862551835456327,0.044514190229563266,0.06331301835456327,0.051594268354563266,0.02888919022956327,0.02229739335456327,0.02986575272956327,0.052326690229563266,0.06819583085456327,0.06697512772956327,0.060627471479563266,0.06770754960456327,0.07552004960456327,0.056721221479563266,-0.02311276289543673,-0.02311276289543673,-0.01676510664543673,0.02083254960456327,0.042072783979563266,0.01692629960456327,-0.03043698164543673,-0.06632565352043673,-0.06876705977043673,-0.043132294145436734,-0.01407955977043673,-0.00602291914543673,-0.00602291914543673,-0.03068112227043673,-0.051433075395436734,-0.039226044145436734,-0.00284909102043673,0.02083254960456327,0.00642825272956327,-0.02238034102043673,-0.02799557539543673,0.00496340897956327,0.045979033979563266,0.058186065229563266,0.041828643354563266,0.01692629960456327,0.01302004960456327,0.06843997147956327,0.06843997147956327,0.07503176835456327,0.050861846479563266,0.00593997147956327,-0.02311276289543673,-0.01896237227043673,-0.0006518253954367302,-0.00211666914543673,-0.02653073164543673,-0.052409637895436734,-0.06339596602043673,-0.06339596602043673,-0.059977997270436734,-0.06315182539543673,-0.060954559770436734,-0.050944794145436734,-0.046061981645436734,-0.049968231645436734,-0.051677216020436734,-0.033366669145436734,-0.00992916914543673,-0.038493622270436734,-0.038493622270436734,-0.042399872270436734,-0.00431393477043673,0.033772002729563266,0.040119658979563266,0.02254153397956327,0.00545169022956327,0.02302981522956327,0.06502200272956327,0.07088137772956327,0.02400637772956327,0.02400637772956327,-0.01237057539543673,-0.00992916914543673,0.02400637772956327,0.044758330854563266,0.01814700272956327,-0.044597137895436734,-0.07364987227043673,-0.048015106645436734,-0.00944088789543673,-0.033610809770436734,-0.033610809770436734,-0.06559323164543673,-0.06754635664543673,-0.037272919145436734,-0.00968502852043673,-0.00968502852043673,-0.02677487227043673,-0.032145966020436734,-0.00968502852043673,0.01009036210456327,0.01668215897956327,0.01668215897956327,0.01692629960456327,0.01692629960456327,0.02986575272956327,0.052082549604563266,0.07820559647956327,8.206132331326788e-05,0.08528567460456327,0.060627471479563266,0.033772002729563266,0.033772002729563266,0.044758330854563266,0.054279815229563266,0.037189971479563266,-0.00284909102043673,-0.02750729414543673,-0.037272919145436734,-0.02726315352043673,-0.01871823164543673,-0.037761200395436734,-0.07096432539543673,-0.06949948164543673,-0.039958466020436734,-0.039958466020436734,-0.02579830977043673,-0.046550262895436734,-0.06730221602043673,-0.059245575395436734,-0.01993893477043673,0.01082278397956327,0.00691653397956327,-0.01285885664543673,-0.00651120039543673,0.02620364335456327,0.054523955854563266,0.054523955854563266,0.06697512772956327,0.055744658979563266,0.041340362104563266,0.044270049604563266,0.06428958085456327,0.07674075272956327,0.060871612104563266,0.00374270585456327,0.00935794022956327,0.00935794022956327,0.00691653397956327,-0.00675534102043673,-0.032878387895436734,-0.053142059770436734,-0.056560028520436734,-0.048747528520436734,-0.045329559770436734,-0.049479950395436734,-0.050944794145436734,-0.045329559770436734,-0.048747528520436734,-0.048747528520436734,-0.045573700395436734,-0.02335690352043673,0.0003247371045632698,0.00667239335456327,0.00301028397956327,-0.00822018477043673,-0.01676510664543673,-0.00602291914543673,0.054279815229563266,0.07722903397956327,0.07722903397956327,0.07552004960456327,0.06282473710456327,0.058186065229563266,0.06819583085456327,0.07698489335456327,0.06697512772956327,0.036457549604563266,0.01961184647956327,0.02742434647956327,0.01009036210456327,0.01009036210456327,-0.01261471602043673,-0.02872799727043673,-0.02897213789543673,-0.02653073164543673,-0.01847409102043673,-0.039226044145436734,-0.07291745039543673,-0.07364987227043673,-0.02457760664543673,-0.03092526289543673,-0.03092526289543673,-0.038493622270436734,-0.037517059770436734,-0.01456784102043673,0.01228762772956327,0.0003247371045632698,0.0003247371045632698,0.01106692460456327,0.00691653397956327,0.031818877729563266,0.056721221479563266,0.06453372147956327,0.048664580854563266,0.032063018354563266,0.034504424604563266,0.06526614335456327,0.06526614335456327,0.01790286210456327,0.01790286210456327,0.00301028397956327,0.01619387772956327,0.01302004960456327,-0.01920651289543673,-0.043620575395436734,-0.055339325395436734,-0.059245575395436734,-0.042399872270436734,-0.07633541914543673,-0.08903073164543673,-0.08903073164543673,-0.07511471602043673,-0.059733856645436734,-0.050700653520436734,-0.053142059770436734,-0.051188934770436734,-0.031901825395436734,-0.01212643477043673,-0.00748776289543673,-0.00211666914543673,-0.00211666914543673,-0.00529049727043673,0.00667239335456327,0.033527862104563266,0.053547393354563266,0.061359893354563266,0.061848174604563266,0.051594268354563266,0.044758330854563266,0.07234622147956327,0.06282473710456327,0.06282473710456327,0.041584502729563266,0.02547122147956327,0.01253176835456327,0.0013012996045632698,-0.00797604414543673,-0.01627682539543673,-0.035319794145436734,-0.052165497270436734,-0.050212372270436734,-0.050212372270436734,-0.055339325395436734,-0.049968231645436734,-0.051188934770436734,-0.050456512895436734,-0.039470184770436734,-0.02555416914543673,-0.01285885664543673,-0.01163815352043673,-0.00797604414543673,-0.00797604414543673,0.01863528397956327,0.045490752729563266,0.048664580854563266,0.038654815229563266,0.032063018354563266,0.040607940229563266,0.06868411210456327,0.08797122147956327,0.07625247147956327,0.06453372147956327,0.06453372147956327,0.058918487104563266,0.059406768354563266,0.054279815229563266,0.041340362104563266,0.02473879960456327,-0.00284909102043673,-0.02335690352043673,-0.01969479414543673,-0.01652096602043673,-0.01652096602043673,-0.043376434770436734,-0.07462643477043673,-0.08024166914543673,-0.061442841020436734,-0.053386200395436734,-0.052409637895436734,-0.07096432539543673,-0.08634518477043673,-0.01310299727043673,0.00740481522956327,0.00740481522956327,-0.01114987227043673,-0.02726315352043673,-0.02189205977043673,0.00252200272956327,0.01863528397956327,0.02302981522956327,0.034748565229563266,0.06624270585456327,0.062092315229563266,0.062092315229563266,0.051350127729563266,0.054768096479563266,0.07014895585456327,0.07356692460456327,0.048908721479563266,0.01106692460456327,-0.01359127852043673,0.00862551835456327,0.00935794022956327,0.00935794022956327,-0.01749752852043673,-0.06852291914543673,-0.08805416914543673,-0.056315887895436734,-0.037517059770436734,-0.043620575395436734,-0.055583466020436734,-0.061686981645436734,-0.049724091020436734,-0.049724091020436734,-0.02897213789543673,-0.02897213789543673,-0.033122528520436734,-0.02042721602043673,-0.01334713789543673,0.00227786210456327,0.03084231522956327,0.02791262772956327,-0.00236080977043673,0.02766848710456327,0.02766848710456327,0.06697512772956327,0.08064700272956327,0.06526614335456327,0.049152862104563266,0.048176299604563266,0.055012237104563266,0.06306887772956327,0.033527862104563266,0.02815676835456327,0.02815676835456327,0.01839114335456327,-0.00699948164543673,-0.032145966020436734,-0.036784637895436734,-0.02872799727043673,-0.01920651289543673,-0.03019284102043673,-0.07731198164543673,-0.06730221602043673,-0.06730221602043673,-0.051921356645436734,-0.049235809770436734,-0.057536591020436734,-0.06437252852043673,-0.043376434770436734,-0.00406979414543673,0.00838137772956327,-0.00406979414543673,0.00667239335456327,0.00667239335456327,0.00935794022956327,0.01399661210456327,0.02888919022956327,0.048908721479563266,0.07014895585456327,0.07600833085456327,0.06502200272956327,0.059406768354563266,0.07063723710456327,0.07063723710456327,0.06721926835456327,0.052570830854563266,0.046711455854563266,0.043049346479563266,0.01765872147956327,-0.0013842472704367302,-0.01383541914543673,-0.02018307539543673,-0.037028778520436734,-0.042644012895436734,-0.042644012895436734,-0.055583466020436734,-0.07413815352043673,-0.07120846602043673,-0.06510495039543673,-0.06779049727043673,-0.058513153520436734,-0.050212372270436734,-0.02091549727043673,-0.00944088789543673,-0.00944088789543673,-0.02042721602043673,-0.02115963789543673,0.0008130183545632698,0.01912356522956327,0.02669192460456327,0.02547122147956327,0.02791262772956327,0.032307158979563266,0.07405520585456327,0.07307864335456327,0.07307864335456327,0.061359893354563266,0.053791533979563266,0.055256377729563266,0.057941924604563266,0.057209502729563266,0.033283721479563266,-0.00699948164543673,-0.032634247270436734,-0.00944088789543673,-0.00944088789543673,-0.0008959660204367302,-0.02384518477043673,-0.053386200395436734,-0.07609127852043673,-0.08268307539543673,-0.06705807539543673,-0.050944794145436734,-0.048015106645436734,-0.039714325395436734,-0.039714325395436734,-0.02555416914543673,-0.01456784102043673,-0.0018725285204367302,-0.01090573164543673,-0.02994870039543673,-0.02286862227043673,0.00569583085456327,0.048908721479563266,0.045979033979563266,0.045979033979563266,0.02351809647956327,0.00935794022956327,0.02742434647956327,0.07356692460456327,8.206132331326788e-05,0.08748294022956327,0.047443877729563266,0.02718020585456327,0.060383330854563266,0.06892825272956327,0.06892825272956327,0.02669192460456327,-0.02677487227043673,-0.039226044145436734,-0.03068112227043673,-0.01700924727043673,-0.02238034102043673,-0.048991669145436734,0.0003247371045632698,0.0003247371045632698,0.0003247371045632698,8.206132331326788e-05,-0.01920651289543673,-0.044352997270436734,8.206132331326788e-05,-0.049479950395436734,0.01204348710456327,0.01204348710456327,0.039143096479563266,0.01839114335456327,-0.01090573164543673,-0.02042721602043673,-0.00895260664543673,0.02693606522956327,0.058918487104563266,0.054523955854563266,0.046223174604563266,0.046223174604563266,0.061359893354563266,0.07796145585456327,8.206132331326788e-05,0.07820559647956327,0.045002471479563266,0.02351809647956327,0.031330596479563266,0.03059817460456327,0.0015454402295632698,0.0015454402295632698,-0.032390106645436734,-0.044108856645436734,-0.02701901289543673,-0.02872799727043673,-0.053630341020436734,-0.07755612227043673,-0.08561276289543673,-0.046550262895436734,-0.043376434770436734,-0.043376434770436734,-0.040690887895436734,-0.049235809770436734,-0.051921356645436734,-0.034831512895436734,-0.01407955977043673,-0.00211666914543673,0.00496340897956327,0.00398684647956327,-0.00675534102043673,0.00447512772956327,0.036213408979563266,0.06258059647956327,0.061115752729563266,0.042072783979563266,0.038654815229563266,0.050373565229563266,0.06819583085456327,0.08211184647956327,0.042561065229563266,0.039387237104563266,0.039387237104563266,0.042316924604563266,0.02937747147956327,0.01179934647956327,-0.02311276289543673,-0.050944794145436734,-0.045085419145436734,-0.02946041914543673,-0.052409637895436734,-0.08536862227043673,-0.08536862227043673,-0.08341549727043673,-0.054362762895436734,-0.035808075395436734,-0.036784637895436734,-0.055827606645436734,-0.06705807539543673,-0.038493622270436734,0.02132083085456327,-0.00504635664543673,-0.00504635664543673,-0.01993893477043673,-0.00333737227043673,0.02254153397956327,0.043293487104563266,0.047199737104563266,0.02547122147956327,0.01399661210456327,0.062092315229563266,0.08723879960456327,0.08650637772956327,0.08650637772956327,0.06721926835456327,0.041828643354563266,0.02180911210456327,0.02888919022956327,0.035236846479563266,0.037678252729563266,-0.00455807539543673,-0.033366669145436734,-0.051188934770436734,-0.051188934770436734,-0.048747528520436734,-0.040446747270436734,-0.035563934770436734,-0.061442841020436734,-0.08536862227043673,-0.07584713789543673,-0.034831512895436734,-0.037761200395436734,-0.045817841020436734,-0.045817841020436734,-0.048991669145436734,-0.02482174727043673,0.01253176835456327,0.02132083085456327,0.0010571589795632698,-0.01359127852043673,0.02180911210456327,0.051594268354563266,0.061115752729563266,0.061115752729563266,0.045490752729563266,0.02864504960456327,0.032551299604563266,0.059895049604563266,0.08992434647956327,0.09041262772956327,0.060871612104563266,0.02669192460456327,0.045490752729563266,0.045490752729563266,0.043293487104563266,0.01155520585456327,-0.02042721602043673,-0.038737762895436734,-0.033854950395436734,-0.01359127852043673,-0.01676510664543673,-0.08463620039543673,8.206132331326788e-05,8.206132331326788e-05,-0.07364987227043673,-0.042399872270436734,-0.03019284102043673,-0.044841278520436734,-0.06901120039543673,-0.06754635664543673,-0.034587372270436734,0.02595950272956327,0.00349856522956327,0.00349856522956327,-0.01188229414543673,-0.00260495039543673,0.01985598710456327,0.038166533979563266,0.045979033979563266,0.038410674604563266,0.034748565229563266,0.07283450272956327,0.07844973710456327,0.07844973710456327,0.057209502729563266,0.037189971479563266,0.031330596479563266,0.040363799604563266,0.043293487104563266,0.034748565229563266,0.01497317460456327,-0.00773190352043673,-0.02628659102043673,-0.02628659102043673,-0.038737762895436734,-0.034343231645436734,-0.041179169145436734,-0.060222137895436734,-0.07340573164543673,-0.07560299727043673,-0.06388424727043673,-0.046794403520436734,-0.058513153520436734,-0.058513153520436734,-0.055583466020436734,-0.02140377852043673,0.01570559647956327,0.00886965897956327,-0.01456784102043673,-0.01822995039543673,0.00301028397956327,0.048664580854563266,0.037189971479563266,0.037189971479563266,0.02302981522956327,0.032795440229563266,0.062336455854563266,0.08235598710456327,0.07967044022956327,0.06404544022956327,0.052814971479563266,0.07942629960456327,8.206132331326788e-05,8.206132331326788e-05,0.08455325272956327,0.054768096479563266,0.02766848710456327,0.00984622147956327,-0.00406979414543673,-0.00480221602043673,-0.00504635664543673,-0.044597137895436734,-0.048747528520436734,-0.048747528520436734,-0.051188934770436734,-0.06486080977043673,-0.07560299727043673,-0.07316159102043673,-0.049235809770436734,-0.01871823164543673,-0.01896237227043673,-0.053874481645436734,-0.039958466020436734,-0.039958466020436734,-0.00675534102043673,0.00276614335456327,0.0008130183545632698,0.00716067460456327,0.00984622147956327,0.00667239335456327,0.0008130183545632698,-0.00602291914543673,0.01448489335456327,0.01448489335456327,0.039875518354563266,0.061359893354563266,0.054035674604563266,0.02498294022956327,-0.00699948164543673,-0.00797604414543673,0.02034426835456327,0.03059817460456327,-0.00309323164543673,-0.00309323164543673,-0.031413544145436734,-0.038249481645436734,-0.035808075395436734,-0.02482174727043673,-0.02408932539543673,-0.032878387895436734,-0.038249481645436734,-0.050456512895436734,-0.050700653520436734,-0.050700653520436734,-0.049724091020436734,-0.040446747270436734,-0.02823971602043673,-0.02140377852043673,-0.01822995039543673,-0.01676510664543673,-0.01554440352043673,-0.00358151289543673,0.01106692460456327,0.01106692460456327,0.01594973710456327,0.01082278397956327,0.01448489335456327,0.02327395585456327,0.02986575272956327,0.03035403397956327,0.031330596479563266,0.02888919022956327,0.02815676835456327,0.02815676835456327,0.034260283979563266,0.031818877729563266,0.02302981522956327,0.01155520585456327,0.01497317460456327,0.02278567460456327,0.02473879960456327,0.00374270585456327,0.00276614335456327,0.00276614335456327,0.00691653397956327,0.00716067460456327,8.059647956326979e-05,-0.00529049727043673,-0.00504635664543673,-0.0004076847704367302,0.00960208085456327,0.01179934647956327,-0.01188229414543673,-0.02506588789543673,-0.02506588789543673,-0.01237057539543673,0.01887942460456327,0.02888919022956327,0.00764895585456327,-0.01945065352043673,-0.02823971602043673,0.00423098710456327,0.01424075272956327,0.01204348710456327,0.01204348710456327,-0.01139401289543673,-0.033122528520436734,-0.03019284102043673,-0.01114987227043673,0.00838137772956327,0.00935794022956327,-0.031413544145436734,-0.02726315352043673,-0.00577877852043673,-0.00577877852043673,0.01033450272956327,0.00618411210456327,-0.00773190352043673,-0.02164791914543673,-0.01749752852043673,-0.00358151289543673,-0.00577877852043673,-0.01945065352043673,-0.02018307539543673,-0.02018307539543673,-0.00748776289543673,0.00203372147956327,0.0003247371045632698,-0.00675534102043673,-0.01261471602043673,-0.01041745039543673,0.00227786210456327,0.00301028397956327,-0.00431393477043673,-0.00431393477043673,-0.01798580977043673,-0.01920651289543673,-0.00431393477043673,0.00911379960456327,0.01253176835456327,0.00471926835456327,-0.00358151289543673,0.00862551835456327,0.01643801835456327,0.01643801835456327,0.01790286210456327,0.01131106522956327,0.00593997147956327,0.00423098710456327,0.01033450272956327,0.01692629960456327,0.01887942460456327,0.01399661210456327,0.00935794022956327,0.00935794022956327,0.00984622147956327,0.01472903397956327,0.01570559647956327,0.01424075272956327,0.01179934647956327,0.00984622147956327,0.01155520585456327,0.00569583085456327,0.0010571589795632698,-0.0008959660204367302,-0.0008959660204367302,-0.00236080977043673,-0.00455807539543673,-0.00773190352043673,-0.00724362227043673,0.00886965897956327,0.034748565229563266,0.0015454402295632698,-0.052653778520436734,-0.08414791914543673,-0.08414791914543673,-0.061931122270436734,8.059647956326979e-05,0.038166533979563266,0.01741458085456327,-0.042155731645436734,-0.08439205977043673,-0.01114987227043673,0.02766848710456327,0.02376223710456327,0.02376223710456327,-0.00553463789543673,-0.02848385664543673,-0.02775143477043673,0.00203372147956327,0.037434112104563266,0.042072783979563266,-0.00992916914543673,-0.0011401066454367302,0.035725127729563266,0.035725127729563266,0.053059112104563266,0.034016143354563266,-0.00529049727043673,-0.02360104414543673,0.00301028397956327,0.051105987104563266,0.033772002729563266,-0.01554440352043673,-0.039470184770436734,-0.039470184770436734,-0.00846432539543673,0.046223174604563266,0.06697512772956327,0.034504424604563266,-0.02213620039543673,-0.046061981645436734,-0.01945065352043673,0.06648684647956327,0.050617705854563266,0.050617705854563266,-0.00797604414543673,-0.060466278520436734,-0.052653778520436734,0.00984622147956327,0.06355715897956327,0.051350127729563266,-0.01822995039543673,-0.056804169145436734,0.00471926835456327,0.00471926835456327,0.061359893354563266,0.051838408979563266,-0.01969479414543673,-0.07780026289543673,-0.06412838789543673,0.01106692460456327,0.06892825272956327,-0.040935028520436734,-0.08024166914543673,-0.08024166914543673,-0.039226044145436734,0.02522708085456327,0.052814971479563266,0.02522708085456327,-0.02164791914543673,-0.053630341020436734,-0.052165497270436734,0.044025908979563266,0.034992705854563266,0.034992705854563266,-0.01676510664543673,-0.049968231645436734,-0.039226044145436734,-0.01017330977043673,0.00813723710456327,0.00520754960456327,-0.02775143477043673,-0.055827606645436734,-0.01920651289543673,-0.01920651289543673,0.00349856522956327,-0.02653073164543673,-0.06437252852043673,-0.07023190352043673,-0.045573700395436734,-0.00651120039543673,0.01887942460456327,-0.06461666914543673,-0.07438229414543673,-0.07438229414543673,-0.045573700395436734,-0.00284909102043673,0.02473879960456327,0.00886965897956327,-0.034587372270436734,-0.062175262895436734,-0.049479950395436734,0.046223174604563266,0.060871612104563266,0.060871612104563266,0.01472903397956327,-0.054362762895436734,-0.06681393477043673,-0.01114987227043673,0.056721221479563266,0.06843997147956327,0.01424075272956327,-0.047526825395436734,0.0008130183545632698,0.047688018354563266,0.047688018354563266,0.041340362104563266,0.0017895808545632698,-0.031901825395436734,-0.02653073164543673,0.00667239335456327,0.048908721479563266,0.041096221479563266,-0.01139401289543673,-0.034587372270436734,-0.034587372270436734,0.00423098710456327,0.06673098710456327,0.08626223710456327,0.045734893354563266,-0.00968502852043673,-0.032390106645436734,0.050861846479563266,0.07234622147956327,0.047199737104563266,0.047199737104563266,-0.00724362227043673,-0.037272919145436734,-0.01530026289543673,0.02498294022956327,0.049885283979563266,0.041340362104563266,-0.06705807539543673,-0.046550262895436734,0.01375247147956327,0.01375247147956327,0.057941924604563266,0.048664580854563266,-0.01334713789543673,-0.060222137895436734,-0.034099091020436734,0.02669192460456327,0.034748565229563266,-0.00333737227043673,-0.039226044145436734,-0.039226044145436734,-0.02994870039543673,0.01204348710456327,0.042805205854563266,0.041828643354563266,0.01350833085456327,-0.031657684770436734,-0.00748776289543673,0.061604033979563266,0.08113528397956327,0.08113528397956327,0.02864504960456327,-0.050700653520436734,-0.08072995039543673,-0.01774166914543673,0.06599856522956327,0.08699465897956327,-0.035075653520436734,-0.07682370039543673,-0.048503387895436734,-0.048503387895436734,0.02669192460456327,0.059895049604563266,0.033283721479563266,-0.00992916914543673,-0.034343231645436734,-0.043620575395436734,-0.02042721602043673,0.02644778397956327,-0.00260495039543673,-0.01383541914543673,-0.00724362227043673,-0.00406979414543673,0.00886965897956327,0.01912356522956327,0.01912356522956327,0.00252200272956327,-0.00602291914543673,0.00569583085456327,0.00642825272956327,-0.00602291914543673,-0.00431393477043673,0.0017895808545632698,-0.00284909102043673,-0.00211666914543673,0.00838137772956327,0.01106692460456327,-0.00870846602043673,-0.02262448164543673,0.00545169022956327,0.02425051835456327,0.03035403397956327,0.01131106522956327,-0.01041745039543673,-0.00431393477043673,-0.00431393477043673,0.01594973710456327,0.02522708085456327,0.034504424604563266,0.034992705854563266,0.00716067460456327,-0.02408932539543673,-0.01725338789543673,0.01985598710456327,0.035725127729563266,0.02718020585456327,0.00960208085456327,-0.00211666914543673,-0.00944088789543673,-0.00455807539543673,0.00960208085456327,0.01179934647956327,0.00349856522956327,0.00545169022956327,0.0008130183545632698,0.0008130183545632698,-0.00699948164543673,-0.01017330977043673,-0.00846432539543673,-0.00480221602043673,-0.0008959660204367302,0.00813723710456327,0.0010571589795632698,-0.032390106645436734,-0.049235809770436734,-0.02018307539543673,0.00471926835456327,0.0010571589795632698,-0.01945065352043673,-0.02579830977043673,-0.02018307539543673,-0.01334713789543673,-0.00602291914543673,-0.0013842472704367302,-0.00406979414543673,-0.00406979414543673,-0.01627682539543673,-0.02262448164543673,-0.01578854414543673,-0.00895260664543673,-0.01212643477043673,-0.01725338789543673,-0.01920651289543673,-0.01578854414543673,-0.01188229414543673,-0.01505612227043673,-0.03068112227043673,-0.041667450395436734,-0.02115963789543673,0.0008130183545632698,-0.00651120039543673,-0.02701901289543673,-0.01407955977043673,-0.00602291914543673,-0.01114987227043673,-0.01871823164543673,-0.01871823164543673,-0.01871823164543673,-0.00651120039543673,0.00520754960456327,0.01057864335456327,0.00593997147956327,-0.0004076847704367302,-0.0004076847704367302,-0.0013842472704367302,0.00886965897956327,0.01472903397956327,0.01472903397956327,0.01448489335456327,0.00960208085456327,0.00911379960456327,0.01253176835456327,0.00838137772956327,0.00569583085456327,0.00911379960456327,0.01863528397956327,0.01912356522956327,0.01546145585456327,0.01546145585456327,0.01033450272956327,0.01350833085456327,0.02547122147956327,0.036457549604563266,0.02400637772956327,0.00520754960456327,0.02644778397956327,0.045002471479563266,0.038898955854563266,0.038898955854563266,0.02229739335456327,0.01961184647956327,0.032795440229563266,0.02840090897956327,0.01765872147956327,0.02425051835456327,0.02962161210456327,0.01546145585456327,0.01765872147956327,0.01204348710456327,0.01204348710456327,0.00545169022956327,0.0010571589795632698,-0.00236080977043673,-0.0018725285204367302,0.00593997147956327,0.01228762772956327,-0.02433346602043673,-0.02946041914543673,-0.01285885664543673,0.01204348710456327,0.01204348710456327,0.01033450272956327,-0.01603268477043673,-0.02555416914543673,-0.00504635664543673,0.01570559647956327,0.01594973710456327,-0.02164791914543673,-0.00577877852043673,0.02156497147956327,0.02156497147956327,0.02302981522956327,0.0010571589795632698,-0.01383541914543673,-0.00797604414543673,0.00471926835456327,0.00838137772956327,-0.0006518253954367302,-0.00895260664543673,-0.01627682539543673,-0.01627682539543673,-0.02115963789543673,-0.02653073164543673,-0.02067135664543673,-0.01139401289543673,-0.01481198164543673,-0.03043698164543673,-0.01871823164543673,0.0013012996045632698,8.059647956326979e-05,-0.02946041914543673,-0.02946041914543673,-0.053630341020436734,-0.047038544145436734,-0.01237057539543673,0.01155520585456327,0.00545169022956327,-0.01822995039543673,-0.038981903520436734,-0.00236080977043673,0.02595950272956327,0.02595950272956327,0.01424075272956327,-0.02653073164543673,-0.043620575395436734,-0.01798580977043673,0.01985598710456327,0.033772002729563266,-0.00895260664543673,-0.01749752852043673,-0.01798580977043673,0.0005688777295632698,0.0005688777295632698,0.033283721479563266,0.041584502729563266,0.01692629960456327,-0.01017330977043673,-0.01456784102043673,0.02278567460456327,0.032551299604563266,0.033039580854563266,0.02034426835456327,0.02034426835456327,0.01179934647956327,0.00789309647956327,0.00642825272956327,0.01179934647956327,0.03035403397956327,0.050861846479563266,0.01448489335456327,-0.01237057539543673,-0.01310299727043673,-0.01310299727043673,0.01497317460456327,0.045246612104563266,0.041340362104563266,0.00764895585456327,-0.034343231645436734,-0.048503387895436734,0.02547122147956327,0.03059817460456327,-0.01041745039543673,-0.01041745039543673,-0.056804169145436734,-0.06290768477043673,-0.02408932539543673,0.01619387772956327,0.01326419022956327,-0.03116940352043673,-0.041179169145436734,-0.0018725285204367302,0.031574737104563266,0.032307158979563266,0.032307158979563266,-0.00797604414543673,-0.045817841020436734,-0.039226044145436734,0.00813723710456327,0.054768096479563266,0.060627471479563266,-0.01481198164543673,-0.02726315352043673,0.0017895808545632698,0.0017895808545632698,0.050617705854563266,0.06966067460456327,0.03108645585456327,-0.01945065352043673,-0.036052216020436734,-0.00626705977043673,0.02058840897956327,-0.00480221602043673,-0.034587372270436734,-0.046794403520436734,-0.046794403520436734,-0.036784637895436734,-0.01945065352043673,-0.01188229414543673,-0.01481198164543673,-0.02042721602043673,-0.02604245039543673,-0.02579830977043673,-0.02750729414543673,-0.02701901289543673,-0.02701901289543673,-0.02872799727043673,-0.02775143477043673,-0.01969479414543673,-0.00236080977043673,0.01277590897956327,0.01179934647956327,-0.0004076847704367302,0.01570559647956327,0.034260283979563266,0.037678252729563266,0.037678252729563266,0.03059817460456327,0.035236846479563266,0.041340362104563266,0.045490752729563266,0.045979033979563266,0.042805205854563266,0.02742434647956327,0.01643801835456327,0.01521731522956327,0.01521731522956327,0.02473879960456327,0.02840090897956327,0.02034426835456327,0.0017895808545632698,-0.01017330977043673,-0.00675534102043673,-0.01383541914543673,-0.01212643477043673,-0.01212643477043673,-0.02067135664543673,-0.02067135664543673,-0.044352997270436734,-0.054851044145436734,-0.046794403520436734,-0.03019284102043673,-0.01261471602043673,-0.033610809770436734,-0.044597137895436734,-0.03116940352043673,-0.00626705977043673,-0.00626705977043673,0.01057864335456327,0.01155520585456327,0.00642825272956327,0.00716067460456327,0.01912356522956327,0.032795440229563266,0.034016143354563266,0.02766848710456327,0.01887942460456327,0.01887942460456327,0.02107669022956327,0.03035403397956327,0.037189971479563266,0.02595950272956327,-0.0001635441454367302,-0.00968502852043673,0.02425051835456327,0.01424075272956327,-0.02457760664543673,-0.02457760664543673,-0.049968231645436734,-0.034587372270436734,-0.00553463789543673,0.00471926835456327,-0.01505612227043673,-0.048503387895436734,-0.06705807539543673,-0.052409637895436734,-0.02799557539543673,-0.00870846602043673,-0.00870846602043673,-0.00529049727043673,-0.01676510664543673,-0.02921627852043673,-0.02067135664543673,0.00496340897956327,0.02498294022956327,-0.00504635664543673,0.0008130183545632698,0.033283721479563266,0.033283721479563266,0.058918487104563266,0.056965362104563266,0.034748565229563266,0.01131106522956327,-0.0001635441454367302,0.00447512772956327,0.034504424604563266,0.02498294022956327,0.00691653397956327,-0.00553463789543673,-0.00553463789543673,-0.00773190352043673,0.00471926835456327,0.00398684647956327,-0.01798580977043673,-0.038737762895436734,-0.02213620039543673,-0.02189205977043673,-0.032145966020436734,-0.040690887895436734,-0.040690887895436734,-0.045817841020436734,-0.043132294145436734,-0.02384518477043673,0.0013012996045632698,0.01106692460456327,0.00520754960456327,0.00252200272956327,0.01204348710456327,0.02302981522956327,0.02302981522956327,0.039387237104563266,0.052326690229563266,0.054035674604563266,0.040119658979563266,0.02034426835456327,0.01985598710456327,0.045246612104563266,0.056232940229563266,0.043049346479563266,0.01546145585456327,0.01546145585456327,0.01717044022956327,0.00716067460456327,-0.0016283878954367302,-0.0016283878954367302,-0.00724362227043673,-0.01456784102043673,-0.02091549727043673,-0.02115963789543673,-0.02897213789543673,-0.041423309770436734,-0.046306122270436734,-0.042644012895436734,-0.02677487227043673,-0.00797604414543673,-0.00748776289543673,0.00301028397956327,0.00203372147956327,-0.00651120039543673,-0.00651120039543673,-0.00944088789543673,0.00301028397956327,0.01814700272956327,0.02498294022956327,0.02107669022956327,0.01179934647956327,0.00423098710456327,0.00618411210456327,0.00838137772956327,0.00838137772956327,-0.00260495039543673,-0.01237057539543673,-0.01139401289543673,0.00301028397956327,0.00886965897956327,-0.01139401289543673,-0.041667450395436734,-0.02482174727043673,-0.01847409102043673,-0.034587372270436734,-0.034587372270436734,-0.044352997270436734,-0.041179169145436734,-0.033610809770436734,-0.01017330977043673,0.00838137772956327,0.01302004960456327,-0.0001635441454367302,-0.00699948164543673,0.00642825272956327,0.00642825272956327,0.037434112104563266,0.051594268354563266,0.040363799604563266,0.02010012772956327,0.01497317460456327,0.01424075272956327,0.01765872147956327,0.02302981522956327,0.02718020585456327,0.02718020585456327,0.00911379960456327,-0.01432370039543673,-0.01188229414543673,0.01131106522956327,0.01155520585456327,-0.032145966020436734,-0.039226044145436734,-0.035808075395436734,-0.02921627852043673,-0.02921627852043673,-0.01798580977043673,-0.00236080977043673,-0.00748776289543673,-0.01578854414543673,-0.00895260664543673,0.01497317460456327,0.02010012772956327,0.02034426835456327,0.01350833085456327,0.01350833085456327,0.02205325272956327,0.035725127729563266,0.032551299604563266,0.02058840897956327,0.00935794022956327,-0.0008959660204367302,0.01277590897956327,0.02254153397956327,0.02083254960456327,0.02083254960456327,-0.0004076847704367302,-0.02701901289543673,-0.031901825395436734,-0.01945065352043673,-0.00822018477043673,-0.033610809770436734,-0.049235809770436734,-0.053874481645436734,-0.032878387895436734,-0.032878387895436734,-0.01481198164543673,-0.01481198164543673,-0.01310299727043673,-0.00968502852043673,-0.00260495039543673,0.01424075272956327,0.02962161210456327,0.038898955854563266,0.032307158979563266,0.032307158979563266,0.01765872147956327,0.01204348710456327,0.01546145585456327,0.01326419022956327,0.01741458085456327,0.02522708085456327,0.00618411210456327,-0.0018725285204367302,-0.00358151289543673,-0.00358151289543673,-0.00797604414543673,-0.00626705977043673,-0.00358151289543673,-0.01212643477043673,-0.02921627852043673,-0.034831512895436734,-0.01310299727043673,-0.00846432539543673,-0.00968502852043673,-0.00602291914543673,-0.00602291914543673,0.00740481522956327,0.01765872147956327,0.01302004960456327,0.01179934647956327,0.02132083085456327,0.042072783979563266,0.033283721479563266,0.01717044022956327,0.00984622147956327,0.00984622147956327,0.00911379960456327,0.00935794022956327,0.00960208085456327,0.00545169022956327,-0.0013842472704367302,-0.02140377852043673,-0.01945065352043673,-0.02189205977043673,-0.02726315352043673,-0.02726315352043673,-0.031901825395436734,-0.01798580977043673,-0.0018725285204367302,-0.00968502852043673,-0.034099091020436734,0.0015454402295632698,0.02571536210456327,0.01936770585456327,0.0017895808545632698,0.0017895808545632698,0.00423098710456327,0.02376223710456327,0.037922393354563266,0.032307158979563266,0.01887942460456327,-0.0013842472704367302,0.00520754960456327,0.02010012772956327,0.02010012772956327,0.02010012772956327,0.0008130183545632698,-0.02384518477043673,-0.034831512895436734,-0.02775143477043673,-0.01774166914543673,-0.02018307539543673,-0.031657684770436734,-0.038737762895436734,-0.031901825395436734,-0.031901825395436734,-0.01212643477043673,0.00691653397956327,0.01106692460456327,-0.00455807539543673,-0.00748776289543673,0.02351809647956327,0.02986575272956327,0.02254153397956327,0.01302004960456327,0.01302004960456327,0.01643801835456327,0.02229739335456327,0.01839114335456327,0.01448489335456327,0.01399661210456327,0.00716067460456327,-0.0018725285204367302,-0.00333737227043673,-0.00553463789543673,-0.00553463789543673,-0.02408932539543673,-0.044108856645436734,-0.038005341020436734,-0.01847409102043673,-0.0018725285204367302,-0.01505612227043673,-0.01334713789543673,0.01277590897956327,0.036457549604563266,0.036457549604563266,0.031818877729563266,0.01448489335456327,0.02083254960456327,0.036213408979563266,0.039143096479563266,0.00520754960456327,0.00545169022956327,0.01912356522956327,0.02156497147956327,0.02156497147956327,0.00471926835456327,-0.00895260664543673,-0.00870846602043673,0.0008130183545632698,-0.0004076847704367302,-0.045573700395436734,-0.043864716020436734,-0.02360104414543673,-0.00333737227043673,-0.00333737227043673,-0.01114987227043673,-0.031657684770436734,-0.03043698164543673,-0.0018725285204367302,0.02205325272956327,0.01350833085456327,0.00813723710456327,0.01057864335456327,0.01619387772956327,0.01619387772956327,0.01131106522956327,0.00764895585456327,0.01033450272956327,0.00471926835456327,-0.00553463789543673,-0.00895260664543673,0.00423098710456327,-0.00455807539543673,-0.02482174727043673,-0.035808075395436734,-0.035808075395436734,-0.034343231645436734,-0.02335690352043673,-0.01530026289543673,-0.01334713789543673,-0.00895260664543673,0.00642825272956327,0.00471926835456327,0.00569583085456327,0.01619387772956327,0.01619387772956327,0.037434112104563266,0.045490752729563266,0.031574737104563266,0.01399661210456327,0.00740481522956327,0.02522708085456327,0.01228762772956327,-0.01114987227043673,-0.01847409102043673,-0.01847409102043673,-0.00919674727043673,0.00423098710456327,-0.00333737227043673,-0.02408932539543673,-0.038249481645436734,-0.033610809770436734,-0.01383541914543673,0.00569583085456327,0.01106692460456327,0.01106692460456327,-0.0013842472704367302,-0.01114987227043673,-0.00284909102043673,0.01717044022956327,0.035969268354563266,0.034504424604563266,0.01228762772956327,-0.0011401066454367302,-0.0006518253954367302,-0.0006518253954367302,0.01692629960456327,0.02840090897956327,0.02376223710456327,0.00716067460456327,-0.01652096602043673,-0.03092526289543673,-0.02506588789543673,-0.01652096602043673,-0.00895260664543673,-0.00895260664543673,-0.01676510664543673,-0.01847409102043673,-0.01188229414543673,-0.0013842472704367302,0.01009036210456327,0.00984622147956327,0.01570559647956327,0.031574737104563266,0.041584502729563266,0.041584502729563266,0.02913333085456327,-0.0004076847704367302,-0.01066159102043673,0.00545169022956327,0.02278567460456327,-0.01603268477043673,-0.052409637895436734,-0.058513153520436734,-0.047038544145436734,-0.047038544145436734,-0.033366669145436734,-0.01774166914543673,-0.00406979414543673,-0.00309323164543673,-0.01261471602043673,-0.00919674727043673,0.01936770585456327,0.032063018354563266,0.01912356522956327,0.01912356522956327,0.01228762772956327,0.02425051835456327,0.032307158979563266,0.02034426835456327,-0.00333737227043673,-0.01725338789543673,0.00789309647956327,0.01106692460456327,-0.01285885664543673,-0.047526825395436734,-0.047526825395436734,-0.06412838789543673,-0.048747528520436734,-0.01993893477043673,-0.00797604414543673,-0.02115963789543673,-0.08195065352043673,-0.060954559770436734,-0.00773190352043673,0.01448489335456327,0.01448489335456327,-0.01285885664543673,-0.046550262895436734,-0.042155731645436734,0.00349856522956327,0.037922393354563266,-0.00504635664543673,-0.01212643477043673,0.01204348710456327,0.032551299604563266,0.02254153397956327,0.02254153397956327,0.00349856522956327,0.00301028397956327,0.01741458085456327,0.02620364335456327,0.00520754960456327,0.00471926835456327,0.00813723710456327,0.00886965897956327,0.01790286210456327,0.01790286210456327,0.02254153397956327,0.01253176835456327,0.0010571589795632698,-0.00626705977043673,0.043049346479563266,0.055256377729563266,0.036213408979563266,0.00838137772956327,0.00960208085456327,0.00960208085456327,0.02791262772956327,0.043537627729563266,0.040363799604563266,0.02302981522956327,0.01082278397956327,0.01790286210456327,0.01594973710456327,0.00935794022956327,0.00374270585456327,0.00374270585456327,0.00203372147956327,0.00838137772956327,0.01912356522956327,0.01424075272956327,-0.00992916914543673,-0.00797604414543673,0.01179934647956327,0.02718020585456327,0.02376223710456327,0.02376223710456327,0.01082278397956327,0.0005688777295632698,0.00716067460456327,0.02400637772956327,0.02693606522956327,0.02034426835456327,0.01033450272956327,0.00545169022956327,0.00471926835456327,0.00471926835456327,0.00423098710456327,0.00716067460456327,0.00984622147956327,0.00349856522956327,-0.01456784102043673,-0.01212643477043673,-0.00406979414543673,-0.0016283878954367302,-0.00748776289543673,-0.00748776289543673,-0.01774166914543673,-0.02579830977043673,-0.02531002852043673,-0.00651120039543673,0.032551299604563266,0.02742434647956327
UR5e_W,0.010137748804606156,0.023565483179606155,0.034307670679606155,0.036993217554606155,0.026006889429606155,0.014776420679606156,0.014532280054606156,0.034063530054606155,0.031133842554606155,0.014776420679606156,0.0023252488046061563,0.0023252488046061563,0.0023252488046061563,0.011602592554606156,0.015752983179606155,0.0033018113046061563,-0.014520454320393844,-0.021844673070393845,-0.015497016820393844,-0.007928657445393844,-0.013788032445393844,0.00037212380460615625,-0.025018501195393845,-0.026483344945393845,0.00037212380460615625,-0.019647407445393845,-0.013055610570393844,-0.015741157445393845,-0.026727485570393845,-0.032586860570393845,-0.027215766820393845,-0.017206001195393845,-0.011834907445393844,-0.014520454320393844,-0.016961860570393845,-0.019403266820393845,-0.018914985570393845,-0.011102485570393844,-0.007440376195393844,-0.009393501195393844,-0.013299751195393844,-0.018426704320393845,-0.016229438695393845,-0.006463813695393844,0.00012798317960615625,0.0020811081796061563,-0.0013368605703938437,-0.006707954320393844,-0.006707954320393844,-0.0023134230703938437,0.004766655054606156,0.009405326929606156,0.008428764429606156,0.006719780054606156,0.007940483179606156,0.007452201929606156,0.007208061304606156,0.011114311304606156,0.011846733179606156,0.009649467554606156,0.008428764429606156,0.010870170679606156,0.012090873804606156,0.014288139429606156,0.010381889429606156,0.0018369675546061563,0.0018369675546061563,0.00012798317960615625,0.006231498804606156,0.015264701929606156,0.015264701929606156,0.006231498804606156,-0.0032899855703938437,0.007696342554606156,0.018682670679606155,0.015508842554606156,0.008428764429606156,-0.0018251418203938437,-0.004754829320393844,0.006231498804606156,0.019415092554606155,0.019415092554606155,0.005010795679606156,-0.008416938695393844,-0.009149360570393844,0.0015928269296061563,0.0015928269296061563,0.010137748804606156,0.008184623804606156,-0.00011615744539384375,-0.008661079320393844,0.00037212380460615625,-0.008661079320393844,-0.00036029807039384375,-0.005243110570393844,-0.0032899855703938437,-0.0032899855703938437,-0.00011615744539384375,-0.004022407445393844,-0.010125923070393844,-0.008661079320393844,-0.0030458449453938437,0.004034233179606156,0.005010795679606156,-0.005975532445393844,-0.012567329320393844,-0.010858344945393844,-0.006463813695393844,-0.0023134230703938437,-0.004510688695393844,-0.009637641820393844,-0.011102485570393844,-0.0010927199453938437,-0.0025575636953938437,-0.008661079320393844,-0.010858344945393844,-0.008416938695393844,-0.004754829320393844,-0.004266548070393844,-0.010614204320393844,-0.015252876195393844,-0.015252876195393844,-0.011834907445393844,-0.005487251195393844,-0.0013368605703938437,-0.0025575636953938437,-0.007440376195393844,-0.005243110570393844,0.0018369675546061563,0.005499076929606156,0.0008604050546061563,-0.0013368605703938437,-0.0013368605703938437,-0.0018251418203938437,-0.0008485793203938437,0.004766655054606156,0.011846733179606156,0.0033018113046061563,0.0015928269296061563,0.005254936304606156,0.013555717554606156,0.021856498804606155,0.021856498804606155,0.020147514429606155,0.010870170679606156,0.010870170679606156,0.008428764429606156,0.007208061304606156,0.020147514429606155,0.011114311304606156,0.0030576706796061563,0.009649467554606156,0.018682670679606155,0.018682670679606155,0.021612358179606155,0.018926811304606155,0.012090873804606156,0.006475639429606156,0.012579155054606156,0.015020561304606156,0.004766655054606156,-0.006463813695393844,-0.005975532445393844,-0.005975532445393844,-0.0023134230703938437,-0.0018251418203938437,-0.0006044386953938437,-0.007196235570393844,-0.016961860570393845,-0.0010927199453938437,0.0030576706796061563,-0.015008735570393844,-0.044061469945393845,-0.044061469945393845,-0.058221626195393845,-0.052362251195393845,-0.041864204320393845,-0.034051704320393845,-0.037957954320393845,-0.061883735570393845,-0.041620063695393845,-0.020868110570393845,-0.017938423070393845,-0.027459907445393845,-0.027459907445393845,-0.040399360570393845,-0.044793891820393845,-0.022088813695393845,0.007208061304606156,0.0023252488046061563,-0.009637641820393844,-0.0025575636953938437,0.014532280054606156,0.025762748804606155,0.025762748804606155,0.027715873804606155,0.027471733179606155,0.031866264429606155,0.035528373804606155,0.036993217554606155,0.032354545679606155,0.030889701929606155,0.035772514429606155,0.033086967554606155,0.033086967554606155,0.032110405054606155,0.037725639429606155,0.043096733179606155,0.039678764429606155,0.031133842554606155,0.027960014429606155,0.033331108179606155,0.035528373804606155,0.030401420679606155,0.030401420679606155,0.023321342554606155,0.015997123804606155,0.012335014429606156,0.013555717554606156,0.015752983179606155,-0.0010927199453938437,-0.011346626195393844,-0.005487251195393844,0.004278373804606156,-0.0023134230703938437,-0.0023134230703938437,-0.016229438695393845,-0.028436469945393845,-0.033807563695393845,-0.020379829320393845,-0.013299751195393844,-0.027459907445393845,-0.037225532445393845,-0.028436469945393845,-0.011346626195393844,-0.011346626195393844,-0.013543891820393844,-0.028924751195393845,-0.040155219945393845,-0.035516548070393845,-0.009393501195393844,0.008672905054606156,-0.014276313695393844,-0.033807563695393845,-0.027215766820393845,-0.007440376195393844,-0.007440376195393844,0.010137748804606156,0.016241264429606155,0.009405326929606156,-0.005731391820393844,0.0037900925546061563,0.016729545679606155,0.012579155054606156,-0.0023134230703938437,-0.006952094945393844,-0.006952094945393844,0.0018369675546061563,0.015752983179606155,0.026251030054606155,0.025762748804606155,0.015264701929606156,-0.0028017043203938437,0.0025693894296061563,0.011846733179606156,0.013067436304606156,0.0030576706796061563,0.0030576706796061563,-0.008661079320393844,-0.014764594945393844,-0.007440376195393844,0.008428764429606156,0.004522514429606156,-0.007684516820393844,-0.020135688695393845,-0.024530219945393845,-0.010614204320393844,-0.010614204320393844,0.005499076929606156,0.008184623804606156,-0.0023134230703938437,-0.022577094945393845,-0.007928657445393844,0.009893608179606156,0.008672905054606156,-0.013788032445393844,-0.035516548070393845,-0.030145454320393845,-0.030145454320393845,-0.0030458449453938437,0.010870170679606156,0.006231498804606156,-0.0023134230703938437,0.004034233179606156,0.009893608179606156,0.008917045679606156,0.005254936304606156,0.0023252488046061563,0.0023252488046061563,0.006719780054606156,0.016485405054606155,0.023809623804606155,0.024542045679606155,0.005254936304606156,0.010626030054606156,0.017217826929606155,0.024542045679606155,0.025518608179606155,0.025518608179606155,0.019415092554606155,0.010381889429606156,0.011114311304606156,0.021612358179606155,0.015997123804606155,0.0028135300546061563,-0.007928657445393844,-0.006707954320393844,0.0020811081796061563,0.009405326929606156,0.009405326929606156,0.007208061304606156,-0.007196235570393844,-0.023553657445393845,-0.026727485570393845,-0.011102485570393844,-0.0013368605703938437,-0.0018251418203938437,-0.015008735570393844,-0.023065376195393845,-0.023065376195393845,-0.019891548070393845,-0.016229438695393845,-0.016229438695393845,-0.018182563695393845,-0.017694282445393845,-0.016229438695393845,-0.015008735570393844,-0.0018251418203938437,0.011114311304606156,0.005010795679606156,0.005010795679606156,-0.009881782445393844,-0.019891548070393845,-0.024530219945393845,0.015020561304606156,0.027471733179606155,0.021368217554606155,0.0006162644296061563,-0.015741157445393845,-0.012323188695393844,-0.012323188695393844,0.006963920679606156,0.027715873804606155,0.031377983179606155,0.016729545679606155,-0.005975532445393844,0.014532280054606156,0.030401420679606155,0.023809623804606155,0.0008604050546061563,0.0008604050546061563,-0.015008735570393844,-0.005243110570393844,0.014776420679606156,0.022100639429606155,0.0006162644296061563,-0.016961860570393845,-0.014520454320393844,0.005987358179606156,0.018194389429606155,0.018194389429606155,0.011114311304606156,-0.0015810011953938437,-0.008905219945393844,-0.006952094945393844,0.009893608179606156,0.0037900925546061563,-0.008172798070393844,-0.015741157445393845,-0.008416938695393844,0.0030576706796061563,0.0030576706796061563,0.005987358179606156,0.005743217554606156,0.004278373804606156,0.00037212380460615625,0.008184623804606156,0.013067436304606156,0.006231498804606156,-0.004022407445393844,0.0013486863046061563,0.0013486863046061563,0.017217826929606155,0.019903373804606155,0.010870170679606156,-0.0010927199453938437,-0.0010927199453938437,0.0028135300546061563,0.00012798317960615625,-0.004998969945393844,-0.0032899855703938437,-0.0032899855703938437,-0.0028017043203938437,-0.008172798070393844,-0.012079048070393844,-0.021112251195393845,-0.027459907445393845,-0.023553657445393845,-0.021112251195393845,-0.018670844945393845,-0.015497016820393844,-0.015497016820393844,-0.014032173070393844,-0.019647407445393845,-0.026239204320393845,-0.026483344945393845,-0.007196235570393844,0.0011045456796061563,-0.005243110570393844,-0.011102485570393844,-0.007196235570393844,-0.006463813695393844,-0.006463813695393844,-0.010125923070393844,-0.0030458449453938437,0.013799858179606156,0.021124076929606155,0.024297905054606155,0.021124076929606155,0.019415092554606155,0.018438530054606155,0.020147514429606155,0.020147514429606155,0.027715873804606155,0.031622123804606155,0.030645561304606155,0.027960014429606155,0.030157280054606155,0.031133842554606155,0.027960014429606155,0.021612358179606155,0.015020561304606156,0.011602592554606156,0.011602592554606156,0.019659233179606155,0.021612358179606155,0.005987358179606156,-0.021112251195393845,-0.022821235570393845,-0.014520454320393844,-0.0030458449453938437,-0.0028017043203938437,-0.010858344945393844,-0.010858344945393844,-0.024774360570393845,-0.034051704320393845,-0.024530219945393845,-0.011102485570393844,-0.029657173070393845,-0.041131782445393845,-0.035760688695393845,-0.022821235570393845,-0.013788032445393844,-0.013788032445393844,-0.011346626195393844,-0.017206001195393845,-0.017938423070393845,-0.013788032445393844,-0.0018251418203938437,0.004522514429606156,0.0028135300546061563,0.004034233179606156,0.007452201929606156,0.007452201929606156,0.006719780054606156,0.005987358179606156,0.012823295679606156,0.023809623804606155,0.031133842554606155,0.017217826929606155,0.0030576706796061563,0.007208061304606156,0.028936576929606155,0.038213920679606155,0.038213920679606155,0.029668998804606155,0.018194389429606155,0.004766655054606156,0.0018369675546061563,0.014532280054606156,0.012335014429606156,-0.0023134230703938437,-0.008661079320393844,-0.009637641820393844,-0.009637641820393844,-0.004510688695393844,0.0035459519296061563,-0.00036029807039384375,-0.014032173070393844,-0.034539985570393845,-0.015252876195393844,0.005499076929606156,0.005499076929606156,-0.008905219945393844,-0.008905219945393844,-0.021844673070393845,-0.017694282445393845,-0.00036029807039384375,0.011846733179606156,0.005987358179606156,0.0011045456796061563,0.005499076929606156,0.020391655054606155,0.033086967554606155,0.030157280054606155,0.030157280054606155,0.013555717554606156,-0.006463813695393844,-0.010614204320393844,0.006475639429606156,0.023565483179606155,0.007452201929606156,-0.012079048070393844,-0.025506782445393845,-0.025750923070393845,-0.025750923070393845,-0.009393501195393844,0.007696342554606156,0.005743217554606156,-0.012567329320393844,-0.040155219945393845,-0.030633735570393845,-0.012323188695393844,-0.0020692824453938437,-0.008661079320393844,-0.008661079320393844,-0.022332954320393845,-0.033075141820393845,-0.036004829320393845,-0.032831001195393845,-0.009149360570393844,0.0008604050546061563,0.005743217554606156,-0.0020692824453938437,-0.004266548070393844,0.012335014429606156,0.012335014429606156,0.026495170679606155,0.025274467554606155,0.020391655054606155,0.013555717554606156,0.017706108179606155,0.028448295679606155,0.033575248804606155,0.032110405054606155,0.028692436304606155,0.028692436304606155,0.031133842554606155,0.039434623804606155,0.042608451929606155,0.004766655054606156,-0.022577094945393845,-0.021112251195393845,0.007208061304606156,0.027960014429606155,0.020391655054606155,0.020391655054606155,-0.005487251195393844,-0.029168891820393845,-0.034784126195393845,0.009649467554606156,0.012823295679606156,-0.007440376195393844,-0.033563423070393845,-0.048700141820393845,-0.047967719945393845,-0.034539985570393845,-0.012567329320393844,-0.004510688695393844,-0.013543891820393844,-0.018670844945393845,-0.014520454320393844,-0.010614204320393844,-0.010614204320393844,-0.0035341261953938437,0.006719780054606156,0.011846733179606156,0.012335014429606156,0.018926811304606155,0.008672905054606156,-0.0020692824453938437,-0.0028017043203938437,0.008428764429606156,0.025518608179606155,0.028936576929606155,0.028936576929606155,0.009893608179606156,-0.012811469945393844,-0.019403266820393845,-0.006463813695393844,0.011358451929606156,-0.0032899855703938437,-0.019891548070393845,-0.027459907445393845,-0.018426704320393845,-0.018426704320393845,-0.0028017043203938437,0.0020811081796061563,-0.005487251195393844,-0.021600532445393845,-0.035760688695393845,-0.020623969945393845,-0.00011615744539384375,0.007452201929606156,-0.005975532445393844,-0.011346626195393844,-0.011346626195393844,-0.004266548070393844,0.0015928269296061563,0.008917045679606156,0.026739311304606155,0.020147514429606155,0.019659233179606155,0.031622123804606155,0.038458061304606155,0.036993217554606155,0.036993217554606155,0.028692436304606155,0.020391655054606155,0.020147514429606155,0.028936576929606155,0.017950248804606155,0.011846733179606156,0.010626030054606156,0.008917045679606156,0.004522514429606156,0.004522514429606156,-0.004510688695393844,-0.007196235570393844,-0.0020692824453938437,0.0023252488046061563,-0.022577094945393845,-0.030877876195393845,-0.034784126195393845,-0.036737251195393845,-0.035760688695393845,-0.035760688695393845,-0.027948188695393845,-0.017450141820393845,-0.012567329320393844,-0.013788032445393844,-0.023797798070393845,-0.0037782668203938437,0.013311576929606156,0.008184623804606156,-0.005975532445393844,-0.006463813695393844,-0.006463813695393844,0.005987358179606156,0.013799858179606156,0.012823295679606156,0.0037900925546061563,0.0015928269296061563,-0.008416938695393844,-0.012567329320393844,0.0035459519296061563,0.024786186304606155,0.024786186304606155,0.022344780054606155,-0.010370063695393844,-0.036737251195393845,0.0015928269296061563,0.023077201929606155,0.010137748804606156,-0.022088813695393845,-0.040399360570393845,-0.030389594945393845,-0.030389594945393845,-0.004266548070393844,0.012090873804606156,0.005254936304606156,-0.019159126195393845,-0.021844673070393845,0.005743217554606156,0.030157280054606155,0.039678764429606155,0.022100639429606155,-0.005731391820393844,-0.005731391820393844,-0.005243110570393844,0.020879936304606155,0.046758842554606155,0.028448295679606155,0.011846733179606156,0.006719780054606156,0.013555717554606156,0.021856498804606155,0.022833061304606155,0.022833061304606155,0.013555717554606156,0.008428764429606156,0.006963920679606156,0.010381889429606156,0.012090873804606156,0.004522514429606156,-0.012567329320393844,-0.034051704320393845,-0.041375923070393845,-0.041375923070393845,-0.023797798070393845,0.0037900925546061563,0.010626030054606156,-0.034539985570393845,-0.031366157445393845,-0.008172798070393844,0.013555717554606156,0.018438530054606155,0.0025693894296061563,-0.021844673070393845,-0.029657173070393845,-0.029657173070393845,-0.006707954320393844,0.022100639429606155,0.029180717554606155,0.015752983179606155,-0.023065376195393845,-0.025262641820393845,-0.009881782445393844,0.009161186304606156,0.006231498804606156,-0.015008735570393844,-0.015008735570393844,-0.034539985570393845,-0.025750923070393845,0.004522514429606156,-0.009881782445393844,-0.045526313695393845,-0.054315376195393845,-0.035272407445393845,-0.004510688695393844,0.0025693894296061563,0.0025693894296061563,-0.015497016820393844,-0.030389594945393845,-0.018914985570393845,0.035284233179606155,0.039434623804606155,0.016729545679606155,-0.014276313695393844,-0.021844673070393845,0.006963920679606156,0.006963920679606156,0.046514701929606155,0.058233451929606155,0.030889701929606155,-0.006707954320393844,-0.011102485570393844,0.020635795679606155,0.042364311304606155,0.033575248804606155,-0.0006044386953938437,-0.024286079320393845,-0.024286079320393845,0.0008604050546061563,0.036504936304606155,0.042120170679606155,-0.037713813695393845,-0.038934516820393845,-0.010125923070393844,0.022588920679606155,0.026739311304606155,0.005499076929606156,0.005499076929606156,-0.015985298070393845,-0.014032173070393844,0.012823295679606156,0.034307670679606155,0.009161186304606156,-0.009393501195393844,-0.0008485793203938437,0.023565483179606155,0.034063530054606155,0.034063530054606155,0.020391655054606155,-0.012079048070393844,-0.031610298070393845,0.0023252488046061563,0.019903373804606155,0.009405326929606156,-0.024286079320393845,-0.044549751195393845,-0.030633735570393845,-0.030633735570393845,-0.0020692824453938437,0.0037900925546061563,-0.026239204320393845,-0.06383686057039384,-0.051385688695393845,-0.0020692824453938437,0.027227592554606155,0.007940483179606156,-0.035028266820393845,-0.044061469945393845,-0.044061469945393845,-0.006219673070393844,0.035040092554606155,0.039434623804606155,-0.016229438695393845,-0.015985298070393845,0.011114311304606156,0.032354545679606155,0.015997123804606155,-0.018182563695393845,-0.018182563695393845,-0.032098579320393845,-0.013788032445393844,0.015020561304606156,0.011602592554606156,-0.008172798070393844,-0.023065376195393845,-0.020135688695393845,-0.007928657445393844,0.0013486863046061563,0.0013486863046061563,-0.0025575636953938437,-0.014764594945393844,-0.012079048070393844,-0.015741157445393845,-0.022088813695393845,-0.028924751195393845,-0.025018501195393845,-0.0035341261953938437,0.022100639429606155,0.022100639429606155,0.039434623804606155,0.043340873804606155,0.023077201929606155,-0.020379829320393845,-0.007440376195393844,0.021856498804606155,0.045782280054606155,0.034795951929606155,0.0006162644296061563,-0.018670844945393845,-0.018670844945393845,-0.019403266820393845,-0.0006044386953938437,0.022344780054606155,0.012335014429606156,-0.011834907445393844,-0.027948188695393845,-0.021356391820393845,0.007696342554606156,0.030645561304606155,0.030645561304606155,0.027960014429606155,0.0023252488046061563,-0.017694282445393845,0.031866264429606155,0.048223686304606155,0.033086967554606155,0.011358451929606156,0.004522514429606156,0.013067436304606156,0.013067436304606156,0.026495170679606155,0.025274467554606155,0.011358451929606156,-0.009393501195393844,-0.00036029807039384375,-0.0013368605703938437,-0.010858344945393844,-0.012811469945393844,-0.004266548070393844,-0.004266548070393844,0.005987358179606156,0.006963920679606156,-0.006952094945393844,-0.017938423070393845,-0.020623969945393845,0.009649467554606156,0.021368217554606155,0.004278373804606156,-0.026483344945393845,-0.046014594945393845,-0.042596626195393845,-0.021844673070393845,-0.005243110570393844,-0.011834907445393844,-0.027459907445393845,-0.027215766820393845,-0.027215766820393845,-0.012079048070393844,0.010870170679606156,0.013555717554606156,-0.035272407445393845,-0.027704048070393845,-0.0010927199453938437,0.021368217554606155,0.019415092554606155,0.006231498804606156,0.006231498804606156,-0.007440376195393844,-0.009149360570393844,0.012335014429606156,0.033575248804606155,0.035528373804606155,-0.006463813695393844,-0.007684516820393844,0.012090873804606156,0.028936576929606155,0.024542045679606155,-0.0006044386953938437,-0.0006044386953938437,-0.024286079320393845,-0.019403266820393845,0.011602592554606156,0.024053764429606155,-0.004998969945393844,-0.025018501195393845,-0.016717719945393845,0.007452201929606156,0.023321342554606155,0.023321342554606155,-0.008416938695393844,-0.008416938695393844,-0.020868110570393845,-0.018670844945393845,-0.0008485793203938437,0.015508842554606156,-0.006219673070393844,-0.025995063695393845,-0.018670844945393845,0.006963920679606156,0.021856498804606155,0.012335014429606156,0.012335014429606156,-0.009393501195393844,-0.019647407445393845,0.017706108179606155,0.027960014429606155,0.016973686304606155,-0.0018251418203938437,-0.008661079320393844,0.0008604050546061563,0.015264701929606156,0.021124076929606155,0.013067436304606156,0.013067436304606156,-0.00036029807039384375,-0.008661079320393844,-0.008661079320393844,0.012823295679606156,0.008428764429606156,-0.0025575636953938437,-0.008661079320393844,-0.008661079320393844,-0.0015810011953938437,-0.0015810011953938437,0.0023252488046061563,-0.0013368605703938437,-0.010858344945393844,-0.014276313695393844,-0.004754829320393844,0.005010795679606156,0.0028135300546061563,-0.004754829320393844,-0.012079048070393844,-0.015985298070393845,-0.011834907445393844,-0.005487251195393844,-0.005487251195393844,-0.0015810011953938437,0.0008604050546061563,-0.0006044386953938437,-0.006952094945393844,-0.005243110570393844,-0.0013368605703938437,0.0020811081796061563,0.0035459519296061563,-0.0006044386953938437,-0.0006044386953938437,-0.0008485793203938437,0.0033018113046061563,0.0023252488046061563,0.0015928269296061563,0.0033018113046061563,0.0028135300546061563,0.00037212380460615625,0.0008604050546061563,0.0035459519296061563,0.006719780054606156,0.007208061304606156,0.005499076929606156,0.005499076929606156,0.004034233179606156,0.005743217554606156,0.008917045679606156,-0.007440376195393844,-0.029413032445393845,-0.030145454320393845,-0.005487251195393844,0.020147514429606155,0.029913139429606155,0.021368217554606155,0.021368217554606155,0.012579155054606156,0.031622123804606155,0.07166118630460616,0.046026420679606155,0.015264701929606156,0.007452201929606156,0.029180717554606155,0.054815483179606155,0.051397514429606155,0.051397514429606155,0.021612358179606155,-0.010125923070393844,-0.028436469945393845,-0.008905219945393844,-0.007196235570393844,-0.019403266820393845,-0.036004829320393845,-0.042596626195393845,-0.029657173070393845,-0.008416938695393844,-0.008416938695393844,-0.009149360570393844,-0.034539985570393845,-0.056512641820393845,-0.018670844945393845,0.017217826929606155,0.022833061304606155,-0.0037782668203938437,-0.042352485570393845,-0.057489204320393845,-0.057489204320393845,-0.038202094945393845,-0.012567329320393844,-0.0006044386953938437,-0.048211860570393845,-0.06310443869539384,-0.050409126195393845,-0.018670844945393845,0.006963920679606156,0.005010795679606156,0.005010795679606156,-0.017694282445393845,-0.039666938695393845,-0.046014594945393845,-0.004266548070393844,0.013799858179606156,0.016485405054606155,0.006475639429606156,-0.006952094945393844,-0.009881782445393844,0.0035459519296061563,0.0035459519296061563,0.026739311304606155,0.037237358179606155,0.008672905054606156,0.0008604050546061563,0.018438530054606155,0.049200248804606155,0.06311626442960616,0.048467826929606155,0.023077201929606155,0.023077201929606155,0.006719780054606156,0.013555717554606156,0.027227592554606155,0.024542045679606155,0.008184623804606156,-0.008172798070393844,-0.016229438695393845,-0.014276313695393844,0.004278373804606156,0.004278373804606156,0.018682670679606155,0.023565483179606155,0.030157280054606155,0.031377983179606155,0.031377983179606155,0.028692436304606155,0.025762748804606155,0.036260795679606155,0.050420951929606155,0.050420951929606155,0.055303764429606155,0.046758842554606155,0.029668998804606155,0.020147514429606155,0.031133842554606155,0.030645561304606155,0.0011045456796061563,-0.033563423070393845,-0.042352485570393845,-0.026971626195393845,-0.026971626195393845,-0.014764594945393844,-0.022577094945393845,-0.038690376195393845,-0.025262641820393845,-0.005975532445393844,0.011602592554606156,0.00037212380460615625,0.007940483179606156,-0.011834907445393844,-0.022332954320393845,-0.007440376195393844,0.058233451929606155,0.07141704567960616,0.051641655054606155,0.028448295679606155,0.017950248804606155,-0.0032899855703938437,-0.046014594945393845,-0.046014594945393845,0.00010021218351240583,0.00010021218351240583,-0.08141498557039384,-0.060907173070393845,-0.056756782445393845,-0.07653217307039384,0.00010021218351240583,-0.07335834494539384,-0.030389594945393845,0.013799858179606156,0.013799858179606156,0.034063530054606155,0.038458061304606155,0.037481498804606155,0.058477592554606155,0.047979545679606155,0.023565483179606155,0.0006162644296061563,0.0018369675546061563,0.028204155054606155,0.028204155054606155,0.047002983179606155,0.035040092554606155,-0.0030458449453938437,-0.07189350119539384,-0.059198188695393845,-0.019159126195393845,0.022833061304606155,0.047002983179606155,0.043340873804606155,0.007696342554606156,-0.020623969945393845,-0.020623969945393845,-0.0008485793203938437,0.043829155054606155,0.08118267067960616,0.059942436304606155,0.029424858179606155,0.020147514429606155,0.016241264429606155,-0.005975532445393844,-0.027948188695393845,-0.037469673070393845,-0.037469673070393845,-0.032831001195393845,-0.017694282445393845,-0.018426704320393845,-0.033075141820393845,-0.038690376195393845,-0.026239204320393845,-0.0008485793203938437,0.018682670679606155,0.015264701929606156,0.0008604050546061563,-0.010125923070393844,-0.010125923070393844,-0.0008485793203938437,0.023565483179606155,0.031622123804606155,0.00037212380460615625,-0.023553657445393845,-0.010614204320393844,-0.013299751195393844,-0.033563423070393845,-0.049920844945393845,-0.050164985570393845,-0.050409126195393845,-0.061639594945393845,-0.061639594945393845,-0.058221626195393845,-0.033075141820393845,0.0037900925546061563,0.0011045456796061563,-0.027459907445393845,-0.024286079320393845,-0.0037782668203938437,0.013067436304606156,0.027227592554606155,0.027227592554606155,0.038213920679606155,0.053838920679606155,0.049688530054606155,0.006231498804606156,0.0025693894296061563,0.015752983179606155,0.031622123804606155,0.017950248804606155,-0.007684516820393844,-0.007684516820393844,-0.014276313695393844,-0.009393501195393844,-0.024041938695393845,-0.048456001195393845,-0.028436469945393845,0.018438530054606155,0.038458061304606155,0.010137748804606156,-0.018914985570393845,-0.004510688695393844,0.018926811304606155,0.018926811304606155,0.025274467554606155,0.021368217554606155,0.029668998804606155,0.031133842554606155,0.027960014429606155,0.031622123804606155,0.029180717554606155,0.026983451929606155,0.020879936304606155,0.0015928269296061563,-0.009637641820393844,-0.011346626195393844,-0.011346626195393844,-0.016961860570393845,-0.034295844945393845,-0.043329048070393845,-0.023309516820393845,-0.006463813695393844,-0.007196235570393844,-0.012323188695393844,0.0015928269296061563,0.017950248804606155,0.017950248804606155,0.019903373804606155,0.015752983179606155,0.014776420679606156,0.030645561304606155,0.047247123804606155,0.049688530054606155,0.037481498804606155,0.024786186304606155,0.025518608179606155,0.033575248804606155,0.033575248804606155,0.038946342554606155,0.027715873804606155,-0.0018251418203938437,-0.023797798070393845,0.0015928269296061563,0.0013486863046061563,-0.022821235570393845,-0.042108344945393845,-0.049432563695393845,-0.040399360570393845,-0.040399360570393845,-0.014276313695393844,0.006231498804606156,-0.011102485570393844,-0.024774360570393845,-0.010614204320393844,0.007208061304606156,0.008917045679606156,-0.0030458449453938437,-0.008905219945393844,0.005499076929606156,0.031866264429606155,0.031866264429606155,0.039190483179606155,0.018194389429606155,-0.013543891820393844,0.005743217554606156,0.018926811304606155,-0.0010927199453938437,-0.037713813695393845,-0.057977485570393845,-0.053827094945393845,-0.033319282445393845,-0.033319282445393845,-0.027459907445393845,-0.045038032445393845,-0.06652240744539384,-0.07213764182039384,-0.027215766820393845,-0.006707954320393844,0.0025693894296061563,-0.004266548070393844,-0.011346626195393844,-0.009393501195393844,-0.009393501195393844,-0.0013368605703938437,0.005987358179606156,0.0025693894296061563,0.037481498804606155,0.052862358179606155,0.046514701929606155,0.020391655054606155,0.007696342554606156,0.029180717554606155,0.029180717554606155,0.056768608179606155,0.053594780054606155,0.018438530054606155,-0.007684516820393844,-0.005975532445393844,0.011114311304606156,-0.0037782668203938437,-0.022088813695393845,-0.028192329320393845,-0.022332954320393845,-0.014520454320393844,-0.013299751195393844,-0.013299751195393844,-0.0006044386953938437,0.017706108179606155,-0.012567329320393844,-0.022088813695393845,0.0013486863046061563,0.031622123804606155,0.036749076929606155,0.018438530054606155,-0.005731391820393844,-0.005487251195393844,0.025030326929606155,0.052374076929606155,0.052374076929606155,0.050665092554606155,0.028936576929606155,0.020391655054606155,0.019903373804606155,0.005987358179606156,-0.005975532445393844,-0.005731391820393844,0.00012798317960615625,-0.0023134230703938437,-0.0023134230703938437,-0.018914985570393845,-0.039666938695393845,-0.041620063695393845,-0.029413032445393845,-0.021356391820393845,-0.026239204320393845,-0.035028266820393845,-0.032342719945393845,-0.017206001195393845,-0.008172798070393844,0.00037212380460615625,0.00037212380460615625,-0.008172798070393844,0.008672905054606156,0.013555717554606156,0.016973686304606155,0.024542045679606155,0.027960014429606155,0.025518608179606155,0.018438530054606155,0.023321342554606155,0.030889701929606155,0.034551811304606155,0.034795951929606155,0.034795951929606155,0.027960014429606155,0.011114311304606156,-0.0032899855703938437,-0.004754829320393844,-0.008905219945393844,-0.006952094945393844,-0.007684516820393844,-0.010125923070393844,-0.015252876195393844,-0.021112251195393845,-0.021112251195393845,-0.029901313695393845,-0.036004829320393845,-0.025506782445393845,-0.011590766820393844,-0.025506782445393845,-0.032586860570393845,-0.027459907445393845,-0.010614204320393844,0.006963920679606156,0.008184623804606156,0.008184623804606156,0.0018369675546061563,0.0035459519296061563,0.0028135300546061563,-0.0032899855703938437,0.014776420679606156,0.038702201929606155,0.045049858179606155,0.025030326929606155,-0.006463813695393844,-0.019403266820393845,-0.019403266820393845,0.005499076929606156,0.039434623804606155,0.030889701929606155,0.00037212380460615625,-0.021356391820393845,-0.017694282445393845,0.0025693894296061563,0.017217826929606155,0.005254936304606156,0.005254936304606156,-0.025506782445393845,-0.041375923070393845,-0.007196235570393844,0.005254936304606156,-0.00011615744539384375,-0.025995063695393845,-0.041864204320393845,-0.028924751195393845,-0.0028017043203938437,0.013067436304606156,0.018682670679606155,0.018682670679606155,0.007696342554606156,0.0008604050546061563,0.005499076929606156,0.0028135300546061563,0.0018369675546061563,0.007208061304606156,0.011846733179606156,0.004034233179606156,-0.006952094945393844,-0.006952094945393844,-0.005243110570393844,0.006963920679606156,0.026006889429606155,0.020635795679606155,0.006963920679606156,0.0028135300546061563,0.0006162644296061563,-0.0015810011953938437,-0.0037782668203938437,-0.0035341261953938437,-0.0035341261953938437,0.0008604050546061563,0.0015928269296061563,-0.004266548070393844,-0.015741157445393845,-0.019647407445393845,-0.021844673070393845,-0.016717719945393845,-0.005731391820393844,-0.006707954320393844,-0.006707954320393844,-0.013543891820393844,-0.020135688695393845,-0.019159126195393845,-0.007440376195393844,0.0030576706796061563,0.009161186304606156,0.006231498804606156,-0.005243110570393844,-0.015741157445393845,-0.005487251195393844,-0.005487251195393844,0.026983451929606155,0.040899467554606155,-0.007928657445393844,-0.020868110570393845,-0.00011615744539384375,0.031866264429606155,0.045049858179606155,0.033575248804606155,0.023321342554606155,0.020391655054606155,0.016973686304606155,0.012335014429606156,0.010381889429606156,0.015020561304606156,0.025030326929606155,0.023077201929606155,0.023077201929606155,-0.00036029807039384375,-0.013299751195393844,-0.0025575636953938437,0.0028135300546061563,-0.005731391820393844,-0.005731391820393844,-0.015741157445393845,-0.015008735570393844,-0.015008735570393844,-0.028436469945393845,-0.023309516820393845,-0.016473579320393845,-0.019159126195393845,-0.026239204320393845,-0.025995063695393845,-0.019647407445393845,-0.019647407445393845,-0.011590766820393844,-0.005975532445393844,-0.005975532445393844,0.008672905054606156,0.015264701929606156,0.011358451929606156,0.004278373804606156,0.00037212380460615625,0.014776420679606156,0.045049858179606155,0.045049858179606155,0.050665092554606155,0.033086967554606155,0.005010795679606156,0.010137748804606156,0.014288139429606156,0.019659233179606155,0.031377983179606155,0.045293998804606155,0.039678764429606155,0.039678764429606155,0.012090873804606156,-0.021112251195393845,-0.007684516820393844,0.022833061304606155,0.026739311304606155,-0.0008485793203938437,-0.035272407445393845,-0.054803657445393845,-0.047235298070393845,-0.016473579320393845,-0.016473579320393845,0.011114311304606156,0.0023252488046061563,-0.051629829320393845,-0.048944282445393845,-0.019891548070393845,0.0035459519296061563,0.0033018113046061563,-0.016717719945393845,-0.042840766820393845,-0.042840766820393845,-0.047723579320393845,-0.022577094945393845,0.013799858179606156,0.006475639429606156,-0.0035341261953938437,-0.0037782668203938437,-0.0032899855703938437,0.0023252488046061563,0.015264701929606156,0.030889701929606155,0.030889701929606155,0.036504936304606155,0.026006889429606155,0.007208061304606156,0.006719780054606156,0.009161186304606156,0.019903373804606155,0.028448295679606155,0.030401420679606155,0.010626030054606156,0.010626030054606156,-0.018182563695393845,-0.028924751195393845,0.030645561304606155,0.043096733179606155,0.025762748804606155,-0.0032899855703938437,-0.027948188695393845,-0.019891548070393845,0.013311576929606156,0.013311576929606156,0.040899467554606155,0.034551811304606155,-0.022088813695393845,-0.027215766820393845,-0.0025575636953938437,0.023077201929606155,0.023565483179606155,-0.0030458449453938437,-0.028924751195393845,-0.036737251195393845,-0.036737251195393845,-0.021112251195393845,0.026251030054606155,0.012579155054606156,-0.021844673070393845,-0.041864204320393845,-0.043573188695393845,-0.020868110570393845,0.017706108179606155,0.035284233179606155,0.035284233179606155,0.012823295679606156,-0.026971626195393845,-0.021844673070393845,0.005743217554606156,0.021612358179606155,0.019415092554606155,0.004034233179606156,-0.0018251418203938437,-0.007196235570393844,-0.007196235570393844,-0.009881782445393844,0.0013486863046061563,0.007940483179606156,0.009405326929606156,0.006963920679606156,0.0033018113046061563,0.00037212380460615625,0.005743217554606156,0.017461967554606155,0.022344780054606155,0.022344780054606155,0.017217826929606155,-0.0006044386953938437,-0.0006044386953938437,0.009161186304606156,0.017461967554606155,0.015997123804606155,0.0037900925546061563,-0.004998969945393844,0.0030576706796061563,0.0030576706796061563,0.012823295679606156,0.018194389429606155,-0.004022407445393844,-0.013055610570393844,-0.019403266820393845,-0.005975532445393844,0.016973686304606155,0.016485405054606155,-0.007684516820393844,-0.007684516820393844,-0.026239204320393845,-0.025018501195393845,-0.0023134230703938437,-0.0013368605703938437,-0.009637641820393844,-0.014520454320393844,-0.022332954320393845,-0.026483344945393845,-0.022821235570393845,-0.015985298070393845,-0.015985298070393845,-0.008905219945393844,-0.008172798070393844,-0.015497016820393844,-0.015985298070393845,-0.008416938695393844,-0.00011615744539384375,-0.0032899855703938437,-0.004754829320393844,-0.00011615744539384375,-0.00011615744539384375,0.006475639429606156,0.011358451929606156,0.004766655054606156,-0.005975532445393844,-0.0023134230703938437,0.016973686304606155,0.035284233179606155,0.035528373804606155,0.021124076929606155,0.021124076929606155,-0.0018251418203938437,-0.018670844945393845,0.025030326929606155,0.057012748804606155,0.044073295679606155,-0.006463813695393844,-0.035760688695393845,-0.015497016820393844,0.018438530054606155,0.029424858179606155,0.029424858179606155,0.016241264429606155,-0.026483344945393845,-0.024041938695393845,-0.0037782668203938437,0.016973686304606155,0.014043998804606156,-0.005731391820393844,-0.022088813695393845,-0.024041938695393845,-0.024041938695393845,-0.0037782668203938437,0.031133842554606155,0.013067436304606156,-0.018670844945393845,-0.019647407445393845,0.005499076929606156,0.026251030054606155,0.023077201929606155,0.0015928269296061563,0.0015928269296061563,-0.019891548070393845,-0.015741157445393845,0.013311576929606156,0.005254936304606156,-0.011834907445393844,-0.010858344945393844,-0.0035341261953938437,-0.0013368605703938437,0.0011045456796061563,0.004034233179606156,0.004034233179606156,-0.008905219945393844,-0.020135688695393845,0.005010795679606156,0.012090873804606156,-0.0020692824453938437,-0.017450141820393845,-0.020379829320393845,-0.008172798070393844,0.004522514429606156,0.004522514429606156,0.00012798317960615625,-0.013543891820393844,-0.008172798070393844,0.011358451929606156,0.016729545679606155,0.0008604050546061563,-0.022088813695393845,-0.019647407445393845,-0.004510688695393844,-0.004510688695393844,0.012579155054606156,0.027471733179606155,-0.0013368605703938437,-0.011590766820393844,-0.009393501195393844,0.0018369675546061563,0.018682670679606155,0.021856498804606155,0.008917045679606156,-0.006707954320393844,-0.006707954320393844,-0.008172798070393844,0.010137748804606156,0.020147514429606155,0.026739311304606155,0.014043998804606156,-0.006952094945393844,-0.012079048070393844,0.0037900925546061563,0.017217826929606155,0.017217826929606155,0.009893608179606156,-0.0025575636953938437,0.0018369675546061563,0.0033018113046061563,0.0033018113046061563,0.0011045456796061563,-0.004754829320393844,-0.008172798070393844,-0.0032899855703938437,-0.0020692824453938437,-0.0020692824453938437,0.0013486863046061563,0.0023252488046061563,-0.007684516820393844,-0.007440376195393844,0.0006162644296061563,0.006719780054606156,0.004034233179606156,-0.0015810011953938437,-0.004998969945393844,-0.004998969945393844,-0.0032899855703938437,0.005743217554606156,-0.0037782668203938437,-0.008661079320393844,-0.0006044386953938437,0.0035459519296061563,0.0037900925546061563,0.005254936304606156,0.004034233179606156,-0.0013368605703938437,-0.005487251195393844,-0.00036029807039384375,-0.0006044386953938437,-0.010370063695393844,-0.015008735570393844,-0.007928657445393844,0.007208061304606156,0.007696342554606156,0.007696342554606156,-0.004754829320393844,-0.025506782445393845,-0.0030458449453938437,0.012823295679606156,0.005499076929606156,-0.016961860570393845,-0.030145454320393845,-0.023065376195393845,0.0015928269296061563,0.019170951929606155,0.019170951929606155,0.014532280054606156,-0.006707954320393844,-0.021356391820393845,0.0033018113046061563,0.026495170679606155,0.028692436304606155,0.00037212380460615625,-0.023065376195393845,-0.013788032445393844,0.017217826929606155,0.017217826929606155,0.037237358179606155,-0.006952094945393844,-0.030389594945393845,-0.018670844945393845,0.021856498804606155,0.037725639429606155,0.010381889429606156,-0.027459907445393845,-0.032586860570393845,0.0018369675546061563,0.0018369675546061563,0.034307670679606155,0.033575248804606155,-0.035028266820393845,-0.020379829320393845,0.015020561304606156,0.030157280054606155,0.016241264429606155,-0.008416938695393844,-0.017694282445393845,-0.017694282445393845,-0.008661079320393844,0.013311576929606156,0.018194389429606155,-0.004022407445393844,-0.008661079320393844,0.0035459519296061563,0.019415092554606155,0.024786186304606155,0.006475639429606156,-0.012811469945393844,-0.015252876195393844,0.005987358179606156,0.005987358179606156,0.022588920679606155,0.0015928269296061563,-0.018914985570393845,-0.013055610570393844,0.00037212380460615625,0.00037212380460615625,0.00037212380460615625,0.00037212380460615625,0.012823295679606156,-0.024041938695393845,0.0030576706796061563,0.004034233179606156,-0.027215766820393845,-0.033319282445393845,-0.0032899855703938437,0.017217826929606155,0.004278373804606156,-0.018670844945393845,-0.029168891820393845,-0.029168891820393845,-0.020623969945393845,0.021612358179606155,0.016241264429606155,-0.005975532445393844,-0.017938423070393845,-0.007440376195393844,0.012579155054606156,0.023321342554606155,0.013311576929606156,0.013311576929606156,-0.009393501195393844,-0.022332954320393845,0.017950248804606155,0.020879936304606155,0.008428764429606156,-0.010125923070393844,-0.015497016820393844,0.00037212380460615625,0.021124076929606155,0.010137748804606156,0.010137748804606156,-0.021356391820393845,0.0030576706796061563,0.036749076929606155,0.036260795679606155,-0.0010927199453938437,-0.041375923070393845,-0.038690376195393845,0.010626030054606156,0.056768608179606155,0.056768608179606155,0.045782280054606155,-0.06554584494539384,-0.058954048070393845,-0.0008485793203938437,0.049200248804606155,0.041387748804606155,-0.016229438695393845,-0.06847553244539384,-0.061883735570393845,-0.061883735570393845,0.0030576706796061563,0.06384868630460616,0.004034233179606156,-0.043084907445393845,-0.031854438695393845,0.028448295679606155,0.08069438942960616,0.07239360817960616,0.017461967554606155,0.017461967554606155,-0.027215766820393845,-0.021356391820393845,0.07312603005460616,0.07629985817960616,0.034795951929606155,-0.015008735570393844,-0.029657173070393845,0.0023252488046061563,0.046026420679606155,0.055059623804606155,0.055059623804606155,0.028448295679606155,-0.013788032445393844,-0.0020692824453938437,0.010381889429606156,0.007696342554606156,-0.008905219945393844,-0.016717719945393845,-0.008905219945393844,0.0020811081796061563,0.0020811081796061563,0.0011045456796061563,-0.017938423070393845,-0.020135688695393845,-0.007928657445393844,0.011846733179606156,0.020391655054606155,0.006475639429606156,-0.021356391820393845,-0.038934516820393845,-0.038934516820393845,-0.028192329320393845,0.023565483179606155,0.015264701929606156,-0.015497016820393844,-0.034051704320393845,-0.030145454320393845,-0.014764594945393844,-0.005975532445393844,-0.006463813695393844,-0.006463813695393844,-0.013055610570393844,-0.025262641820393845,-0.024286079320393845,-0.021112251195393845,-0.019891548070393845,-0.023797798070393845,-0.030389594945393845,-0.037713813695393845,-0.037225532445393845,-0.026239204320393845,-0.026239204320393845,-0.020623969945393845,-0.029168891820393845,-0.023065376195393845,-0.015252876195393844,-0.014764594945393844,-0.021600532445393845,-0.024774360570393845,-0.020379829320393845,-0.011346626195393844,-0.011346626195393844,-0.0032899855703938437,-0.013055610570393844,-0.025995063695393845,-0.028924751195393845,-0.014032173070393844,0.007940483179606156,0.015264701929606156,-0.00036029807039384375,-0.025018501195393845,-0.025018501195393845,-0.034295844945393845,0.019659233179606155,0.037725639429606155,0.024053764429606155,-0.004510688695393844,-0.024774360570393845,-0.021356391820393845,0.0030576706796061563,0.031866264429606155,0.031866264429606155,0.039678764429606155,0.004034233179606156,-0.06456928244539384,-0.043573188695393845,-0.008172798070393844,0.0008604050546061563,-0.017450141820393845,-0.043329048070393845,-0.044793891820393845,-0.014520454320393844,0.013311576929606156,0.013311576929606156,0.018682670679606155,0.0033018113046061563,0.017217826929606155,0.040411186304606155,0.051885795679606155,0.037237358179606155,0.004766655054606156,-0.008172798070393844,0.011846733179606156,0.011846733179606156,0.035284233179606155,0.032354545679606155,0.004766655054606156,-0.010370063695393844,0.00037212380460615625,0.030645561304606155,0.052374076929606155,0.037481498804606155,-0.004022407445393844,-0.004022407445393844,-0.036004829320393845,0.013555717554606156,0.045782280054606155,0.036260795679606155,-0.0032899855703938437,-0.034784126195393845,-0.025018501195393845,0.016241264429606155,0.054571342554606155,0.060918998804606155,0.060918998804606155,0.031377983179606155,-0.0037782668203938437,0.022588920679606155,0.048711967554606155,0.053594780054606155,0.027715873804606155,-0.00011615744539384375,0.00037212380460615625,0.020147514429606155,0.020147514429606155,0.036749076929606155,0.009405326929606156,-0.015252876195393844,-0.015741157445393845,0.006719780054606156,0.022833061304606155,0.017706108179606155,-0.005243110570393844,-0.019647407445393845,-0.019647407445393845,-0.012811469945393844,0.016729545679606155,0.014288139429606156,-0.00036029807039384375,-0.013788032445393844,-0.007928657445393844,0.008428764429606156,0.015752983179606155,0.013555717554606156,0.013555717554606156,0.005743217554606156,0.0018369675546061563,0.011602592554606156,0.012090873804606156,0.0006162644296061563,-0.004998969945393844,-0.0032899855703938437,0.0011045456796061563,0.0033018113046061563,0.0033018113046061563,0.0013486863046061563,-0.009881782445393844,-0.009637641820393844,-0.004510688695393844,-0.0020692824453938437,-0.008905219945393844,-0.015497016820393844,-0.015985298070393845,-0.018426704320393845,-0.018426704320393845,-0.017938423070393845,-0.014032173070393844,-0.017938423070393845,-0.017938423070393845,-0.016961860570393845,-0.013299751195393844,-0.0025575636953938437,0.005499076929606156,0.004522514429606156,-0.0010927199453938437,-0.0010927199453938437,-0.004022407445393844,0.005987358179606156,0.004766655054606156,0.010381889429606156,0.015752983179606155,0.018194389429606155,0.018194389429606155,0.014043998804606156,0.012335014429606156,0.012335014429606156,0.014776420679606156,0.022833061304606155,0.020147514429606155,0.011602592554606156,0.00012798317960615625,-0.0028017043203938437,0.0035459519296061563,0.010626030054606156,0.016485405054606155,0.016485405054606155,0.011114311304606156,-0.020135688695393845,-0.028192329320393845,-0.014764594945393844,0.0033018113046061563,0.0037900925546061563,-0.015252876195393844,-0.032586860570393845,-0.041131782445393845,-0.041131782445393845,-0.038202094945393845,-0.021844673070393845,-0.020379829320393845,-0.031610298070393845,-0.044793891820393845,-0.045526313695393845,-0.031854438695393845,-0.010370063695393844,-0.004754829320393844,-0.020379829320393845,-0.020379829320393845,-0.035516548070393845,-0.011834907445393844,0.005499076929606156,0.004034233179606156,-0.009881782445393844,-0.016961860570393845,-0.004998969945393844,0.008672905054606156,0.014288139429606156,0.014288139429606156,0.015264701929606156,0.009649467554606156,0.008428764429606156,0.017461967554606155,0.037969780054606155,0.048711967554606155,0.026983451929606155,-0.0030458449453938437,-0.017206001195393845,-0.017206001195393845,-0.005975532445393844,0.015508842554606156,-0.010370063695393844,-0.037469673070393845,-0.044793891820393845,-0.036248969945393845,-0.033807563695393845,-0.044793891820393845,-0.047723579320393845,-0.027948188695393845,-0.027948188695393845,0.035284233179606155,0.034795951929606155,0.0035459519296061563,-0.020868110570393845,-0.016229438695393845,0.013799858179606156,0.053594780054606155,0.07019634255460616,0.044561576929606155,0.044561576929606155,0.014532280054606156,0.030401420679606155,0.06433696755460616,0.08582134255460616,0.08362407692960616,0.07410259255460616,0.060186576929606155,0.038213920679606155,0.013311576929606156,0.013311576929606156,0.0018369675546061563,0.033331108179606155,0.024053764429606155,-0.009881782445393844,-0.036737251195393845,-0.045038032445393845,-0.040155219945393845,-0.030389594945393845,-0.026483344945393845,-0.027215766820393845,-0.027215766820393845,-0.024041938695393845,-0.029901313695393845,-0.026971626195393845,-0.014764594945393844,-0.0035341261953938437,-0.0025575636953938437,-0.008172798070393844,-0.005731391820393844,0.005254936304606156,0.005254936304606156,0.022833061304606155,0.035772514429606155,0.025030326929606155,0.026739311304606155,0.039434623804606155,0.057989311304606155,0.06311626442960616,0.046758842554606155,0.021612358179606155,0.021612358179606155,0.0006162644296061563,-0.004998969945393844,-0.007928657445393844,-0.026239204320393845,-0.047479438695393845,-0.060174751195393845,-0.061883735570393845,-0.06334857932039384,-0.07140521994539384,-0.07238178244539384,-0.07238178244539384,-0.047967719945393845,-0.046502876195393845,-0.053338813695393845,-0.046258735570393845,-0.017938423070393845,-0.0018251418203938437,-0.025018501195393845,-0.044305610570393845,-0.028192329320393845,-0.028192329320393845,0.011602592554606156,0.037237358179606155,0.025518608179606155,0.023321342554606155,0.035284233179606155,0.053838920679606155,0.06506938942960616,0.056768608179606155,0.045293998804606155,0.045293998804606155,0.037481498804606155,-0.010858344945393844,-0.030145454320393845,-0.039422798070393845,-0.034784126195393845,-0.016473579320393845,-0.009637641820393844,-0.033075141820393845,-0.06383686057039384,-0.07579975119539384,-0.07579975119539384,-0.023797798070393845,-0.007196235570393844,-0.017938423070393845,-0.036248969945393845,-0.033807563695393845,-0.0032899855703938437,0.024542045679606155,0.020147514429606155,-0.0010927199453938437,-0.0010927199453938437,0.021124076929606155,0.055303764429606155,0.07507915505460616,0.06970806130460616,0.060430717554606155,0.06360454567960616,0.07190532692960616,0.07483501442960616,0.061651420679606155,0.061651420679606155,0.046026420679606155,0.026739311304606155,0.008917045679606156,-0.014276313695393844,-0.029657173070393845,-0.034295844945393845,-0.036248969945393845,-0.042596626195393845,-0.049920844945393845,-0.049920844945393845,-0.062372016820393845,-0.058954048070393845,-0.048944282445393845,-0.050164985570393845,-0.058221626195393845,-0.055780219945393845,-0.028192329320393845,0.005254936304606156,0.008428764429606156,-0.013055610570393844,-0.013055610570393844,-0.012811469945393844,0.023321342554606155,0.051641655054606155,0.062383842554606155,0.048956108179606155,0.037969780054606155,0.052618217554606155,0.07214946755460616,0.08020610817960616,0.08020610817960616,0.06555767067960616,0.017217826929606155,0.016973686304606155,0.014776420679606156,-0.0032899855703938437,-0.028436469945393845,-0.042108344945393845,-0.048456001195393845,-0.047967719945393845,-0.044793891820393845,-0.044793891820393845,-0.062372016820393845,-0.055047798070393845,-0.046502876195393845,-0.048944282445393845,-0.049920844945393845,-0.036737251195393845,-0.008905219945393844,0.010381889429606156,0.013311576929606156,0.013311576929606156,-0.009149360570393844,-0.005731391820393844,0.014043998804606156,0.044561576929606155,0.07239360817960616,0.07727642067960616,0.06702251442960616,0.060674858179606155,0.06580181130460616,0.06580181130460616,0.07922954567960616,0.043096733179606155,0.025274467554606155,0.031622123804606155,0.039922905054606155,0.023809623804606155,-0.0020692824453938437,-0.034295844945393845,-0.051873969945393845,-0.051873969945393845,-0.031610298070393845,-0.040155219945393845,-0.07555561057039384,-0.08068256369539384,-0.061395454320393845,-0.027704048070393845,-0.021356391820393845,-0.039911079320393845,-0.049188423070393845,-0.032831001195393845,-0.032831001195393845,0.013799858179606156,0.010870170679606156,-0.005975532445393844,0.00037212380460615625,0.00037212380460615625,-0.006952094945393844,0.06702251442960616,0.00037212380460615625,0.06262798317960616,0.034795951929606155,0.034795951929606155,0.046026420679606155,0.058721733179606155,0.035528373804606155,0.013311576929606156,0.016729545679606155,0.019659233179606155,-0.010614204320393844,-0.045770454320393845,-0.058954048070393845,-0.047479438695393845,-0.031366157445393845,-0.049188423070393845,-0.07531146994539384,-0.07531146994539384,-0.08214740744539384,-0.06749896994539384,-0.048456001195393845,-0.051873969945393845,-0.060663032445393845,-0.047967719945393845,-0.029657173070393845,-0.016229438695393845,-0.00036029807039384375,0.0030576706796061563,0.0030576706796061563,-0.010370063695393844,0.017950248804606155,0.050665092554606155,0.07141704567960616,0.06311626442960616,0.039922905054606155,0.038213920679606155,0.06604595192960616,0.08557720192960616,0.08557720192960616,0.033086967554606155,0.009405326929606156,0.011602592554606156,0.021124076929606155,0.018194389429606155,-0.009149360570393844,-0.033319282445393845,-0.043329048070393845,-0.040887641820393845,-0.029168891820393845,-0.029168891820393845,-0.057489204320393845,-0.055047798070393845,-0.040155219945393845,-0.043329048070393845,-0.051385688695393845,-0.040155219945393845,-0.017694282445393845,0.005254936304606156,0.006963920679606156,0.006963920679606156,0.0037900925546061563,0.030645561304606155,0.040411186304606155,0.036260795679606155,0.038702201929606155,0.06409282692960616,0.08753032692960616,0.00010021218351240583,0.06702251442960616,0.06702251442960616,0.047002983179606155,0.07263774880460616,0.06458110817960616,0.042364311304606155,0.029668998804606155,0.016729545679606155,0.00012798317960615625,-0.022821235570393845,-0.041864204320393845,-0.041864204320393845,-0.037469673070393845,-0.051141548070393845,-0.06456928244539384,-0.06652240744539384,-0.056268501195393845,-0.046991157445393845,-0.056756782445393845,-0.07213764182039384,-0.06456928244539384,-0.029657173070393845,-0.029657173070393845,0.0020811081796061563,-0.017938423070393845,-0.018670844945393845,-0.00011615744539384375,0.011846733179606156,0.021368217554606155,0.028936576929606155,0.044805717554606155,0.06726665505460616,0.06726665505460616,0.060430717554606155,0.052374076929606155,0.051397514429606155,0.060674858179606155,0.054327201929606155,0.031133842554606155,0.012335014429606156,0.012335014429606156,0.010381889429606156,0.010381889429606156,-0.017938423070393845,-0.058954048070393845,-0.07677631369539384,-0.06823139182039384,-0.045526313695393845,-0.040155219945393845,-0.051141548070393845,-0.07775287619539384,-0.08703021994539384,-0.08703021994539384,-0.042352485570393845,-0.015985298070393845,-0.016961860570393845,-0.043573188695393845,-0.046991157445393845,-0.013543891820393844,0.024053764429606155,0.035528373804606155,0.015264701929606156,0.015264701929606156,0.015752983179606155,0.052862358179606155,0.07507915505460616,0.06482524880460616,0.052862358179606155,0.053350639429606155,0.057012748804606155,0.057989311304606155,0.053106498804606155,0.059698295679606155,0.059698295679606155,0.026006889429606155,-0.027459907445393845,-0.06578998557039384,-0.050164985570393845,0.005743217554606156,0.017217826929606155,-0.032342719945393845,0.00010021218351240583,0.00010021218351240583,0.00010021218351240583,-0.036493110570393845,-0.022821235570393845,-0.042352485570393845,-0.06701068869539384,-0.054559516820393845,-0.009637641820393844,0.018926811304606155,0.012335014429606156,-0.009637641820393844,-0.009637641820393844,-0.013788032445393844,0.027227592554606155,0.047979545679606155,0.056768608179606155,0.056036186304606155,0.046758842554606155,0.047735405054606155,0.06677837380460616,0.08411235817960616,0.08728618630460616,0.08728618630460616,0.042852592554606155,0.027715873804606155,0.032354545679606155,0.026739311304606155,0.008184623804606156,-0.006219673070393844,-0.021844673070393845,-0.032831001195393845,-0.040887641820393845,-0.040887641820393845,-0.060174751195393845,-0.054315376195393845,-0.06481342307039384,-0.07189350119539384,-0.06676654807039384,-0.06261615744539384,-0.041620063695393845,-0.027215766820393845,-0.023553657445393845,-0.023553657445393845,-0.032831001195393845,-0.028436469945393845,0.005499076929606156,0.033575248804606155,0.035528373804606155,0.019170951929606155,0.014288139429606156,0.021856498804606155,0.044073295679606155,0.044073295679606155,0.00010021218351240583,0.07044048317960616,0.049200248804606155,0.049200248804606155,0.049444389429606155,0.047247123804606155,0.040411186304606155,0.026251030054606155,-0.006952094945393844,-0.006952094945393844,-0.016473579320393845,-0.018182563695393845,-0.028680610570393845,-0.054071235570393845,-0.07848529807039384,-0.08214740744539384,-0.06505756369539384,-0.052606391820393845,-0.044549751195393845,-0.057733344945393845,-0.057733344945393845,-0.059686469945393845,-0.023797798070393845,0.010626030054606156,0.013311576929606156,-0.005975532445393844,-0.025995063695393845,-0.028924751195393845,-0.0013368605703938437,0.039678764429606155,0.039678764429606155,0.058233451929606155,0.025762748804606155,0.017217826929606155,0.043829155054606155,0.08606548317960616,0.00010021218351240583,0.07532329567960616,0.033086967554606155,0.016485405054606155,0.036993217554606155,0.036993217554606155,0.046514701929606155,0.004766655054606156,-0.017450141820393845,-0.031854438695393845,-0.031122016820393845,-0.015252876195393844,-0.026239204320393845,-0.055536079320393845,-0.07946186057039384,-0.07946186057039384,-0.060418891820393845,-0.028680610570393845,-0.026239204320393845,-0.059442329320393845,-0.08190326682039384,-0.058709907445393845,-0.005975532445393844,0.034307670679606155,0.025762748804606155,-0.010125923070393844,-0.010125923070393844,-0.007684516820393844,0.023321342554606155,0.049444389429606155,0.055059623804606155,0.037969780054606155,0.035528373804606155,0.051641655054606155,0.07434673317960616,0.00010021218351240583,0.00010021218351240583,0.056280326929606155,0.024542045679606155,0.020391655054606155,0.037725639429606155,0.033086967554606155,0.005010795679606156,-0.020379829320393845,-0.040887641820393845,-0.032831001195393845,-0.017450141820393845,-0.017450141820393845,-0.07506732932039384,0.00010021218351240583,0.00010021218351240583,-0.059930610570393845,-0.038202094945393845,-0.038934516820393845,-0.051629829320393845,-0.06701068869539384,-0.051873969945393845,-0.051873969945393845,-0.019403266820393845,0.012335014429606156,0.012335014429606156,-0.019891548070393845,-0.019891548070393845,0.024542045679606155,0.06848735817960616,0.07532329567960616,0.040167045679606155,0.016485405054606155,0.032842826929606155,0.06677837380460616,0.00010021218351240583,0.00010021218351240583,0.050420951929606155,0.009893608179606156,0.010381889429606156,0.042120170679606155,0.054083061304606155,0.054083061304606155,-0.008172798070393844,-0.060663032445393845,-0.07287006369539384,-0.039911079320393845,-0.020379829320393845,-0.027215766820393845,-0.053827094945393845,-0.07604389182039384,-0.06652240744539384,-0.06652240744539384,-0.029413032445393845,-0.038446235570393845,-0.050409126195393845,-0.041375923070393845,-0.012567329320393844,0.013555717554606156,0.018926811304606155,0.014288139429606156,0.007696342554606156,0.007696342554606156,0.012579155054606156,0.032842826929606155,0.053106498804606155,0.061163139429606155,0.054571342554606155,0.047002983179606155,0.050176811304606155,0.06384868630460616,0.07263774880460616,0.06506938942960616,0.030645561304606155,0.010870170679606156,0.024053764429606155,0.036749076929606155,0.025762748804606155,-0.016961860570393845,-0.060663032445393845,-0.06701068869539384,-0.039911079320393845,-0.011590766820393844,-0.011590766820393844,-0.06798725119539384,0.00010021218351240583,-0.08483295432039384,-0.051873969945393845,-0.027704048070393845,-0.024530219945393845,-0.041375923070393845,-0.051873969945393845,-0.025750923070393845,-0.025750923070393845,0.013067436304606156,-0.007928657445393844,-0.017206001195393845,-0.0030458449453938437,0.027715873804606155,0.061407280054606155,0.06409282692960616,0.039434623804606155,0.023077201929606155,0.023077201929606155,0.06531353005460616,0.00010021218351240583,0.08582134255460616,0.058477592554606155,0.022100639429606155,0.013799858179606156,0.032110405054606155,0.033575248804606155,0.012823295679606156,0.012823295679606156,-0.035028266820393845,-0.032586860570393845,-0.016961860570393845,-0.024774360570393845,-0.06408100119539384,0.00010021218351240583,0.00010021218351240583,-0.06896381369539384,-0.032586860570393845,-0.028436469945393845,-0.046502876195393845,-0.06554584494539384,-0.062127876195393845,-0.024530219945393845,0.019903373804606155,0.036504936304606155,0.019903373804606155,-0.0025575636953938437,-0.008172798070393844,-0.008172798070393844,0.041631889429606155,0.061895561304606155,0.051885795679606155,0.041876030054606155,0.047247123804606155,0.059210014429606155,0.06848735817960616,0.06824321755460616,0.058233451929606155,0.058233451929606155,0.025030326929606155,0.011602592554606156,0.012579155054606156,0.025274467554606155,0.027227592554606155,-0.0035341261953938437,-0.046747016820393845,-0.056512641820393845,-0.043084907445393845,-0.043084907445393845,-0.038446235570393845,-0.055047798070393845,-0.07116107932039384,-0.06945209494539384,-0.049920844945393845,-0.035028266820393845,-0.033807563695393845,-0.025995063695393845,-0.0020692824453938437,-0.0020692824453938437,-0.0028017043203938437,-0.017450141820393845,-0.006463813695393844,0.024542045679606155,0.040655326929606155,0.031866264429606155,0.019659233179606155,0.033331108179606155,0.061895561304606155,0.061895561304606155,0.061407280054606155,0.053106498804606155,0.054571342554606155,0.06995220192960616,0.00010021218351240583,0.00010021218351240583,0.07410259255460616,0.041631889429606155,0.026495170679606155,0.026495170679606155,0.018926811304606155,0.0011045456796061563,-0.019403266820393845,-0.038446235570393845,-0.045282173070393845,-0.051629829320393845,-0.060663032445393845,-0.06627826682039384,-0.07140521994539384,-0.06994037619539384,-0.062372016820393845,-0.049432563695393845,-0.044549751195393845,-0.036737251195393845,-0.032342719945393845,-0.025506782445393845,-0.015252876195393844,-0.018914985570393845,-0.019159126195393845,-0.006707954320393844,0.011358451929606156,0.019659233179606155,0.016485405054606155,-0.0035341261953938437,-0.017450141820393845,0.004766655054606156,0.043829155054606155,0.06506938942960616,0.058965873804606155,0.033086967554606155,0.00012798317960615625,-0.007196235570393844,0.013555717554606156,0.036749076929606155,0.036504936304606155,0.016241264429606155,-0.006463813695393844,-0.022088813695393845,-0.035272407445393845,-0.035028266820393845,-0.030877876195393845,-0.029168891820393845,-0.025750923070393845,-0.029168891820393845,-0.039666938695393845,-0.050653266820393845,-0.049188423070393845,-0.035760688695393845,-0.020379829320393845,-0.015741157445393845,-0.014764594945393844,-0.0028017043203938437,0.0033018113046061563,-0.004022407445393844,-0.011590766820393844,-0.004266548070393844,0.015020561304606156,0.029913139429606155,0.033575248804606155,0.021612358179606155,0.014288139429606156,0.016485405054606155,0.029424858179606155,0.044561576929606155,0.043829155054606155,0.022344780054606155,0.008184623804606156,0.013799858179606156,0.025518608179606155,0.030889701929606155,0.022588920679606155,0.009405326929606156,0.010626030054606156,0.009893608179606156,0.009161186304606156,0.015997123804606155,0.015752983179606155,-0.0035341261953938437,-0.019891548070393845,-0.011834907445393844,0.0030576706796061563,0.008184623804606156,0.010137748804606156,0.007940483179606156,0.00037212380460615625,-0.011102485570393844,-0.020868110570393845,-0.012079048070393844,0.0033018113046061563,0.012335014429606156,0.012335014429606156,-0.014276313695393844,-0.020379829320393845,-0.014032173070393844,-0.0035341261953938437,0.007452201929606156,0.006231498804606156,-0.005975532445393844,-0.024530219945393845,-0.033563423070393845,-0.033563423070393845,0.0013486863046061563,0.006963920679606156,-0.008661079320393844,-0.024041938695393845,-0.025995063695393845,-0.015008735570393844,0.0035459519296061563,0.006963920679606156,-0.008172798070393844,-0.008172798070393844,-0.012079048070393844,-0.0010927199453938437,0.004766655054606156,0.0025693894296061563,-0.007684516820393844,-0.015741157445393845,-0.007928657445393844,0.0013486863046061563,0.004522514429606156,0.004522514429606156,0.00037212380460615625,-0.005487251195393844,-0.004022407445393844,0.004766655054606156,0.007940483179606156,0.0033018113046061563,-0.00036029807039384375,-0.008661079320393844,-0.009881782445393844,-0.009881782445393844,0.006719780054606156,0.006963920679606156,0.0015928269296061563,0.0015928269296061563,0.007696342554606156,0.006719780054606156,0.007940483179606156,0.013067436304606156,0.012823295679606156,0.012823295679606156,0.011602592554606156,0.015752983179606155,0.016241264429606155,0.016485405054606155,0.016241264429606155,0.017461967554606155,0.016485405054606155,0.012090873804606156,0.009405326929606156,0.011358451929606156,0.015997123804606155,0.017461967554606155,0.013799858179606156,0.006963920679606156,0.0011045456796061563,-0.0032899855703938437,-0.0015810011953938437,0.0033018113046061563,0.0025693894296061563,-0.0025575636953938437,-0.006463813695393844,-0.0028017043203938437,0.016241264429606155,0.036016655054606155,0.017950248804606155,-0.034784126195393845,-0.07897357932039384,-0.07311420432039384,-0.018182563695393845,0.030401420679606155,0.023809623804606155,-0.030145454320393845,-0.07750873557039384,-0.07604389182039384,-0.027948188695393845,0.017706108179606155,0.025030326929606155,0.0025693894296061563,-0.027215766820393845,-0.027215766820393845,0.0028135300546061563,0.030889701929606155,0.033819389429606155,0.009893608179606156,-0.006219673070393844,0.009405326929606156,0.040899467554606155,0.049688530054606155,0.026495170679606155,-0.012079048070393844,-0.022577094945393845,0.009405326929606156,0.056768608179606155,0.07507915505460616,0.037969780054606155,-0.016717719945393845,-0.040155219945393845,-0.008416938695393844,0.047979545679606155,0.07434673317960616,0.042364311304606155,-0.025506782445393845,-0.060174751195393845,-0.032098579320393845,0.031866264429606155,0.07971782692960616,0.059454155054606155,-0.012323188695393844,-0.06945209494539384,-0.060174751195393845,0.014532280054606156,0.07800884255460616,0.056280326929606155,-0.024530219945393845,-0.07604389182039384,-0.054559516820393845,0.015752983179606155,0.06482524880460616,0.041143608179606155,-0.024041938695393845,-0.06578998557039384,-0.042352485570393845,0.016973686304606155,0.047247123804606155,0.018438530054606155,-0.034295844945393845,-0.055047798070393845,-0.025995063695393845,0.022588920679606155,0.022588920679606155,0.019903373804606155,-0.036737251195393845,-0.06774311057039384,-0.036737251195393845,0.023809623804606155,0.052129936304606155,0.024297905054606155,-0.035516548070393845,-0.061395454320393845,-0.035028266820393845,0.011114311304606156,0.033575248804606155,0.007208061304606156,-0.044305610570393845,-0.07091693869539384,-0.048211860570393845,-0.004998969945393844,0.016485405054606155,-0.008172798070393844,-0.008172798070393844,-0.07848529807039384,-0.060907173070393845,-0.011346626195393844,0.021124076929606155,0.009405326929606156,-0.040887641820393845,-0.07677631369539384,-0.059686469945393845,-0.008172798070393844,0.025518608179606155,0.013555717554606156,-0.022821235570393845,-0.059198188695393845,-0.053827094945393845,-0.011346626195393844,0.028936576929606155,0.041876030054606155,0.018194389429606155,-0.029168891820393845,-0.051141548070393845,-0.016473579320393845,0.035528373804606155,0.057256889429606155,0.018926811304606155,-0.030877876195393845,-0.036737251195393845,-0.0015810011953938437,0.037969780054606155,0.038702201929606155,0.007452201929606156,-0.028924751195393845,-0.028924751195393845,0.0008604050546061563,0.035284233179606155,0.058477592554606155,0.049932670679606155,0.011114311304606156,-0.020379829320393845,0.0011045456796061563,0.042852592554606155,0.042852592554606155,0.050909233179606155,0.009893608179606156,-0.005487251195393844,0.005010795679606156,0.024786186304606155,0.043340873804606155,0.045538139429606155,0.014532280054606156,-0.020623969945393845,-0.020868110570393845,-0.0028017043203938437,0.028936576929606155,0.047002983179606155,0.005499076929606156,-0.056512641820393845,-0.06261615744539384,-0.014520454320393844,0.043829155054606155,0.061651420679606155,0.007940483179606156,-0.057000923070393845,-0.054071235570393845,-0.0008485793203938437,0.045538139429606155,0.050176811304606155,0.012335014429606156,-0.036004829320393845,-0.042108344945393845,-0.0025575636953938437,0.036260795679606155,0.049932670679606155,0.028448295679606155,-0.014764594945393844,-0.037957954320393845,-0.015008735570393844,0.030401420679606155,0.060674858179606155,0.049932670679606155,0.0025693894296061563,-0.030877876195393845,-0.016473579320393845,0.025030326929606155,0.054083061304606155,0.043585014429606155,0.0020811081796061563,-0.033319282445393845,-0.033075141820393845,-0.0032899855703938437,0.012579155054606156,0.007696342554606156,-0.004754829320393844,-0.017694282445393845,-0.023065376195393845,-0.018182563695393845,-0.009393501195393844,-0.005487251195393844,-0.004266548070393844,-0.006707954320393844,-0.0032899855703938437,0.004522514429606156,0.004522514429606156,0.004278373804606156,-0.0025575636953938437,0.00037212380460615625,0.007452201929606156,0.011358451929606156,0.005499076929606156,-0.005975532445393844,-0.007684516820393844,-0.004266548070393844,0.004034233179606156,0.013311576929606156,0.019903373804606155,0.014776420679606156,-0.015252876195393844,-0.034295844945393845,-0.006952094945393844,0.029180717554606155,0.036993217554606155,0.019903373804606155,-0.004266548070393844,-0.014276313695393844,-0.004754829320393844,0.017461967554606155,0.035284233179606155,0.032598686304606155,0.012823295679606156,-0.010125923070393844,-0.022577094945393845,-0.005975532445393844,0.017706108179606155,0.025518608179606155,0.005987358179606156,-0.012079048070393844,-0.0030458449453938437,0.005010795679606156,-0.007684516820393844,-0.015008735570393844,-0.0008485793203938437,0.008917045679606156,0.014288139429606156,0.016241264429606155,0.008672905054606156,-0.015985298070393845,-0.034295844945393845,-0.020379829320393845,0.011358451929606156,0.024053764429606155,0.012090873804606156,-0.009637641820393844,-0.037469673070393845,-0.045770454320393845,-0.014764594945393844,0.020391655054606155,0.012335014429606156,-0.028436469945393845,-0.047967719945393845,-0.026971626195393845,-0.006463813695393844,-0.008905219945393844,-0.007440376195393844,0.008917045679606156,0.005987358179606156,-0.023553657445393845,-0.035760688695393845,-0.012567329320393844,0.00037212380460615625,-0.013055610570393844,-0.014764594945393844,-0.004754829320393844,-0.005487251195393844,-0.022088813695393845,-0.039422798070393845,-0.033807563695393845,-0.013543891820393844,0.004278373804606156,0.005743217554606156,-0.014276313695393844,-0.036737251195393845,-0.036493110570393845,-0.006952094945393844,0.022100639429606155,0.008917045679606156,-0.034051704320393845,-0.050164985570393845,-0.015008735570393844,0.033819389429606155,0.032110405054606155,0.0006162644296061563,-0.006952094945393844,-0.004266548070393844,-0.012323188695393844,-0.010125923070393844,0.020147514429606155,0.047979545679606155,0.024053764429606155,-0.016229438695393845,-0.016229438695393845,0.013311576929606156,0.027715873804606155,0.012579155054606156,-0.0006044386953938437,0.006963920679606156,0.020391655054606155,0.012823295679606156,0.0020811081796061563,0.014776420679606156,0.032598686304606155,0.032598686304606155,0.014288139429606156,0.004522514429606156,0.015997123804606155,0.036993217554606155,0.039678764429606155,0.025518608179606155,0.016485405054606155,0.026739311304606155,0.037969780054606155,0.022588920679606155,0.006231498804606156,0.022100639429606155,0.041631889429606155,0.026006889429606155,0.0023252488046061563,0.005987358179606156,0.026006889429606155,0.025274467554606155,0.00037212380460615625,-0.019647407445393845,-0.014520454320393844,0.010870170679606156,0.024786186304606155,0.005743217554606156,-0.024530219945393845,-0.030633735570393845,-0.015008735570393844,0.0028135300546061563,0.006475639429606156,-0.004998969945393844,-0.008172798070393844,-0.0035341261953938437,-0.004754829320393844,-0.011590766820393844,-0.009881782445393844,0.008428764429606156,0.019415092554606155,0.013555717554606156,-0.0018251418203938437,-0.010614204320393844,0.0006162644296061563,0.013555717554606156,0.011358451929606156,-0.0037782668203938437,-0.006707954320393844,0.0018369675546061563,-0.0018251418203938437,-0.019647407445393845,-0.026239204320393845,-0.015741157445393845,-0.006219673070393844,-0.012079048070393844,-0.031610298070393845,-0.050409126195393845,-0.038934516820393845,-0.0013368605703938437,0.016485405054606155,0.00037212380460615625,-0.039422798070393845,-0.06652240744539384,-0.052118110570393845,-0.006707954320393844,0.016973686304606155,0.0023252488046061563,-0.027948188695393845,-0.043329048070393845,-0.035272407445393845,-0.008172798070393844,0.016973686304606155,0.008184623804606156,-0.019647407445393845,-0.035272407445393845,-0.022577094945393845,0.012090873804606156,0.030645561304606155,0.015508842554606156,-0.0028017043203938437,-0.009393501195393844,-0.00011615744539384375,0.005743217554606156,0.008917045679606156,0.014776420679606156,0.012823295679606156,0.0035459519296061563,0.00037212380460615625,0.009893608179606156,0.012823295679606156,0.023809623804606155,0.035284233179606155,0.025518608179606155,0.0028135300546061563,-0.009637641820393844,0.005743217554606156,0.025274467554606155,0.030645561304606155,0.028204155054606155,0.015020561304606156,0.0030576706796061563,0.004766655054606156,0.017706108179606155,0.028936576929606155,0.027960014429606155,0.012823295679606156,-0.0018251418203938437,-0.009393501195393844,-0.007440376195393844,0.004034233179606156,0.005743217554606156,-0.004998969945393844,-0.021844673070393845,-0.030145454320393845,-0.017450141820393845,0.005499076929606156,0.007452201929606156,-0.021112251195393845,-0.050653266820393845,-0.042352485570393845,-0.005487251195393844,0.021856498804606155,0.015752983179606155,-0.007928657445393844,-0.025506782445393845,-0.019891548070393845,0.004278373804606156,0.026739311304606155,0.029913139429606155,0.009649467554606156,-0.009149360570393844,0.0011045456796061563,0.029180717554606155,0.042608451929606155,0.030645561304606155,0.011846733179606156,-0.007440376195393844,-0.009393501195393844,0.007208061304606156,0.018682670679606155,0.015020561304606156,-0.006952094945393844,-0.028680610570393845,-0.033075141820393845,-0.017694282445393845,-0.007928657445393844,-0.004510688695393844,-0.016717719945393845,-0.029901313695393845,-0.027948188695393845,-0.018914985570393845,-0.011102485570393844,-0.019159126195393845,-0.035028266820393845,-0.043329048070393845,-0.035028266820393845,-0.018182563695393845,-0.007684516820393844,-0.005487251195393844,-0.0018251418203938437,0.00012798317960615625,0.0020811081796061563,0.009405326929606156,0.021856498804606155,0.028692436304606155,0.027227592554606155,0.021856498804606155,0.027715873804606155,0.042120170679606155,0.049688530054606155,0.042364311304606155,0.029424858179606155,0.034063530054606155,0.036016655054606155,0.029913139429606155,0.016241264429606155,0.009405326929606156,0.014043998804606156,0.018682670679606155,0.020147514429606155,0.008672905054606156,-0.008416938695393844,-0.026483344945393845,-0.032098579320393845,-0.015008735570393844,0.0011045456796061563,-0.007684516820393844,-0.036004829320393845,-0.058221626195393845,-0.055536079320393845,-0.037469673070393845,-0.017206001195393845,-0.013055610570393844,-0.032342719945393845,-0.047967719945393845,-0.031610298070393845,-0.0035341261953938437,0.009161186304606156,0.005743217554606156,-0.004754829320393844,-0.0006044386953938437,0.015264701929606156,0.027471733179606155,0.035528373804606155,0.043340873804606155,0.045538139429606155,0.030157280054606155,0.006963920679606156,0.005010795679606156,0.030889701929606155,0.053106498804606155,0.036993217554606155,-0.011346626195393844,-0.039422798070393845,-0.014764594945393844,0.020147514429606155,0.017461967554606155,-0.018182563695393845,-0.042352485570393845,-0.033563423070393845,-0.015252876195393844,-0.010370063695393844,-0.025506782445393845,-0.043329048070393845,-0.057489204320393845,-0.062127876195393845,-0.045038032445393845,-0.019647407445393845,-0.00011615744539384375,-0.0006044386953938437,-0.021844673070393845,-0.034784126195393845,-0.019403266820393845,0.013799858179606156,0.032110405054606155,0.021368217554606155,0.004766655054606156,0.009649467554606156,0.037969780054606155,0.058233451929606155,0.049688530054606155,0.026495170679606155,0.007208061304606156,-0.00011615744539384375,0.013799858179606156,0.034795951929606155,0.030157280054606155,0.010137748804606156,-0.0013368605703938437,-0.0032899855703938437,0.00037212380460615625,0.004522514429606156,-0.0037782668203938437,-0.022821235570393845,-0.033319282445393845,-0.034051704320393845,-0.029901313695393845,-0.028436469945393845,-0.032342719945393845,-0.040887641820393845,-0.046258735570393845,-0.039666938695393845,-0.018182563695393845,0.005499076929606156,0.010626030054606156,-0.0006044386953938437,-0.006219673070393844,0.0033018113046061563,0.013799858179606156,0.027960014429606155,0.045049858179606155,0.052129936304606155,0.046514701929606155,0.032354545679606155,0.024786186304606155,0.027471733179606155,0.032842826929606155,0.036993217554606155,0.036993217554606155,0.023321342554606155,0.011358451929606156,0.024297905054606155,0.028936576929606155,0.009405326929606156,-0.013055610570393844,-0.022821235570393845,-0.015252876195393844,-0.007196235570393844,-0.011346626195393844,-0.020135688695393845,-0.032586860570393845,-0.046258735570393845,-0.042108344945393845,-0.022332954320393845,-0.010125923070393844,-0.006219673070393844,0.00012798317960615625,0.0035459519296061563,0.0025693894296061563,0.00037212380460615625,0.0008604050546061563,0.005254936304606156,0.013555717554606156,0.014043998804606156,0.015020561304606156,0.018926811304606155,0.008917045679606156,-0.005975532445393844,-0.009393501195393844,-0.004266548070393844,0.00037212380460615625,0.00037212380460615625,-0.005975532445393844,-0.008905219945393844,-0.013055610570393844,-0.018670844945393845,-0.031610298070393845,-0.034051704320393845,-0.032342719945393845,-0.030389594945393845,-0.033807563695393845,-0.032098579320393845,-0.030633735570393845,-0.028192329320393845,-0.011346626195393844,0.011846733179606156,0.028204155054606155,0.020879936304606155,-0.0020692824453938437,-0.013055610570393844,0.013067436304606156,0.039678764429606155,0.047735405054606155,0.037481498804606155,0.022833061304606155,0.007940483179606156,0.0015928269296061563,0.0037900925546061563,0.015020561304606156,0.034551811304606155,0.033575248804606155,-0.00011615744539384375,-0.027215766820393845,-0.011346626195393844,0.012823295679606156,0.013799858179606156,-0.00036029807039384375,-0.027704048070393845,-0.050164985570393845,-0.041375923070393845,-0.015985298070393845,0.0006162644296061563,-0.007684516820393844,-0.010125923070393844,-0.010614204320393844,-0.0030458449453938437,0.014776420679606156,0.017950248804606155,0.018682670679606155,0.022100639429606155,0.020635795679606155,0.022588920679606155,0.032598686304606155,0.028204155054606155,0.015264701929606156,0.0015928269296061563,-0.0010927199453938437,0.0035459519296061563,0.011358451929606156,0.011358451929606156,0.0020811081796061563,-0.006952094945393844,-0.016473579320393845,-0.025995063695393845,-0.033807563695393845,-0.030389594945393845,-0.026239204320393845,-0.027215766820393845,-0.034539985570393845,-0.035760688695393845,-0.029901313695393845,-0.024774360570393845,-0.021600532445393845,-0.013543891820393844,0.005010795679606156,0.009649467554606156,0.008428764429606156,0.013555717554606156,0.026251030054606155,0.033086967554606155,0.029913139429606155,0.022344780054606155,0.015020561304606156,0.013067436304606156,0.018682670679606155,0.023321342554606155,0.018682670679606155,0.007940483179606156,-0.0025575636953938437,-0.007196235570393844,-0.005487251195393844,-0.005731391820393844,-0.010614204320393844,-0.015008735570393844,-0.023797798070393845,-0.030633735570393845,-0.024286079320393845,-0.012079048070393844,-0.006219673070393844,-0.014520454320393844,-0.015985298070393845,0.004766655054606156,0.020391655054606155,0.024786186304606155,0.021368217554606155,0.021612358179606155,0.026251030054606155,0.034307670679606155,0.029424858179606155,0.016485405054606155,0.017217826929606155,0.021856498804606155,0.019170951929606155,0.014043998804606156,0.0028135300546061563,-0.006952094945393844,-0.014520454320393844,-0.013055610570393844,-0.005243110570393844,-0.007928657445393844,-0.020379829320393845,-0.042840766820393845,-0.040155219945393845,-0.012811469945393844,0.0013486863046061563,-0.012567329320393844,-0.033075141820393845,-0.024530219945393845,0.006719780054606156,0.024053764429606155,0.023321342554606155,0.008428764429606156,0.009893608179606156,0.021124076929606155,0.024297905054606155,0.025274467554606155,0.019659233179606155,0.005499076929606156,-0.004022407445393844,0.0023252488046061563,0.010870170679606156,0.013555717554606156,0.0011045456796061563,-0.027704048070393845,-0.046014594945393845,-0.040887641820393845,-0.024041938695393845,-0.013299751195393844,-0.019159126195393845,-0.034295844945393845,-0.043084907445393845,-0.031366157445393845,-0.005731391820393844,0.012090873804606156,0.011114311304606156,0.00037212380460615625,-0.0008485793203938437,0.010870170679606156,0.021368217554606155,0.023077201929606155,0.025030326929606155,0.027471733179606155,0.024786186304606155,0.020391655054606155,0.016485405054606155,0.017950248804606155,0.016973686304606155,0.006963920679606156,-0.0035341261953938437,-0.004022407445393844,0.0033018113046061563,-0.0006044386953938437,-0.025995063695393845,-0.047479438695393845,-0.041864204320393845,-0.010125923070393844,0.008917045679606156,-0.0008485793203938437,-0.012323188695393844,-0.00011615744539384375,0.019415092554606155,0.014776420679606156,0.006719780054606156,0.017217826929606155,0.031866264429606155,0.033575248804606155,0.017461967554606155,-0.0028017043203938437,-0.0037782668203938437,0.019903373804606155,0.029913139429606155,0.007208061304606156,-0.019647407445393845,-0.023553657445393845,-0.007196235570393844,0.009161186304606156,-0.007196235570393844,-0.044061469945393845,-0.058221626195393845,-0.039422798070393845,-0.012567329320393844,-0.0018251418203938437,-0.016717719945393845,-0.025262641820393845,-0.004754829320393844,0.015020561304606156,0.018682670679606155,0.013067436304606156,0.019659233179606155,0.026983451929606155,0.015997123804606155,0.004766655054606156,0.006719780054606156,0.017706108179606155,0.021368217554606155,0.0013486863046061563,-0.026239204320393845,-0.027704048070393845,0.0008604050546061563,0.025274467554606155,0.0023252488046061563,-0.037225532445393845,-0.052850532445393845,-0.048700141820393845,-0.021356391820393845,-0.005487251195393844,-0.009393501195393844,-0.012567329320393844,-0.007684516820393844,-0.0028017043203938437,0.0011045456796061563,0.014043998804606156,0.030645561304606155,0.031866264429606155,0.025518608179606155,0.017706108179606155,0.014288139429606156,0.027715873804606155,0.030645561304606155,0.006231498804606156,-0.022332954320393845,-0.025750923070393845,-0.007684516820393844,0.015752983179606155,0.011846733179606156,-0.019647407445393845,-0.050164985570393845,-0.054803657445393845,-0.035760688695393845,-0.009881782445393844,0.011846733179606156,0.010381889429606156,-0.008172798070393844,-0.017206001195393845,0.0015928269296061563,0.030157280054606155,0.040411186304606155,0.029668998804606155,0.021124076929606155,0.021368217554606155,0.022100639429606155,0.020635795679606155,0.016485405054606155,0.017950248804606155,0.018194389429606155,0.005987358179606156,-0.004754829320393844,-0.007440376195393844,-0.012567329320393844,-0.016473579320393845,-0.015008735570393844,-0.016717719945393845,-0.021844673070393845,-0.021844673070393845,-0.018914985570393845,-0.007684516820393844,0.007208061304606156,0.013799858179606156,0.017461967554606155,0.016485405054606155,0.015508842554606156,0.024053764429606155,0.028692436304606155,0.019903373804606155,0.007208061304606156,-0.0023134230703938437,-0.005243110570393844,-0.0025575636953938437,-0.007196235570393844,-0.022088813695393845,-0.042108344945393845,-0.062127876195393845,-0.06578998557039384,-0.042108344945393845,-0.006707954320393844,0.018926811304606155,0.010381889429606156,-0.025018501195393845,-0.038934516820393845,-0.008416938695393844,0.028936576929606155,0.038702201929606155,0.023809623804606155,0.015752983179606155,0.025762748804606155,0.028204155054606155,0.012335014429606156,-0.006707954320393844,-0.0037782668203938437,0.005743217554606156,-0.006707954320393844,-0.035272407445393845,-0.047479438695393845,-0.028680610570393845,-0.006707954320393844,-0.016473579320393845,-0.055047798070393845,-0.07091693869539384,-0.047723579320393845,-0.014520454320393844,-0.005243110570393844,-0.026483344945393845,-0.044061469945393845,-0.036737251195393845,-0.012079048070393844,0.004766655054606156,0.004034233179606156,-0.008661079320393844,-0.011834907445393844,0.004522514429606156,0.022833061304606155,0.030401420679606155,0.020391655054606155,-0.00011615744539384375,-0.016473579320393845,-0.012079048070393844,0.016485405054606155,0.045538139429606155,0.048467826929606155,0.019415092554606155,-0.012567329320393844,-0.017938423070393845,-0.0006044386953938437,0.023077201929606155,0.035040092554606155,-0.0006044386953938437,-0.0006044386953938437,-0.010370063695393844,0.0006162644296061563,0.025518608179606155,0.037481498804606155,0.033331108179606155,0.019659233179606155,0.010870170679606156,0.014532280054606156,0.027471733179606155,0.037237358179606155,0.037969780054606155,0.030889701929606155,0.020391655054606155,0.013555717554606156,0.010381889429606156,0.017706108179606155,0.023565483179606155,0.024786186304606155,0.016485405054606155,0.0035459519296061563,-0.005975532445393844,-0.004510688695393844,0.005743217554606156,0.016729545679606155,0.018926811304606155,0.014532280054606156,0.005010795679606156,0.005010795679606156,0.018194389429606155,0.031133842554606155,0.031133842554606155,0.019170951929606155,0.011602592554606156,0.015508842554606156,0.021856498804606155,0.019415092554606155,0.011358451929606156,0.006719780054606156,0.009405326929606156,-0.0006044386953938437,-0.0006044386953938437,-0.0023134230703938437,-0.005487251195393844,-0.009637641820393844,-0.009393501195393844,-0.011102485570393844,-0.016717719945393845,-0.020135688695393845,-0.020379829320393845,-0.026971626195393845
UR5e_W,0.019658565948131153,0.03162145657313115,0.017461300323131153,0.013066769073131155,0.017461300323131153,0.025029659698131153,0.029424190948131153,0.022099972198131153,0.008672237823131155,0.0037894253231311546,0.009892940948131155,0.015019894073131155,0.009160519073131155,-0.0074410434268688454,-0.016962527801868847,-0.012079715301868845,-0.0057320590518688454,-0.0062203403018688454,-0.014765262176868845,-0.023066043426868847,-0.026728152801868847,-0.025507449676868847,-0.020136355926868847,-0.016962527801868847,-0.017694949676868847,-0.020136355926868847,-0.023310184051868847,-0.00036096530186884544,-0.019159793426868847,-0.018671512176868847,-0.021112918426868847,-0.018183230926868847,-0.013300418426868845,-0.011591434051868845,-0.013788699676868845,-0.014521121551868845,-0.014521121551868845,-0.013544559051868845,-0.010859012176868845,-0.011103152801868845,-0.008905887176868845,-0.0040230746768688454,-0.0020699496768688454,-0.00036096530186884544,-0.0035347934268688454,-0.009150027801868845,-0.008173465301868845,-0.0042672153018688454,0.0006155971981311546,0.0057425503231311546,0.010625362823131155,0.011601925323131155,0.0062308315731311546,0.0015921596981311546,0.0042777065731311546,0.008672237823131155,0.008672237823131155,0.008428097198131155,0.011601925323131155,0.013310909698131155,0.013310909698131155,0.011113644073131155,0.0074515346981311546,-0.00036096530186884544,0.0076956753231311546,0.0040335659481311546,0.011113644073131155,0.014775753448131155,0.011113644073131155,-0.0010933871768688454,-0.010370730926868845,-0.0035347934268688454,0.011846065948131155,-0.00036096530186884544,0.024785519073131153,-0.0020699496768688454,-0.013056277801868845,-0.00036096530186884544,-0.00036096530186884544,-0.0062203403018688454,0.011846065948131155,-0.0042672153018688454,-0.012323855926868845,-0.0028023715518688454,0.008428097198131155,0.013555050323131155,0.010137081573131155,-0.0023140903018688454,-0.009150027801868845,-0.0069527621768688454,-0.0013375278018688454,-0.0013375278018688454,-0.0035347934268688454,-0.0049996371768688454,-0.0015816684268688454,-0.0023140903018688454,-0.008661746551868845,-0.014765262176868845,-0.009638309051868845,0.0035452846981311546,0.0052542690731311546,-0.0030465121768688454,-0.011103152801868845,-0.010859012176868845,-0.0015816684268688454,0.0025687221981311546,-0.0010933871768688454,-0.0071969028018688454,-0.010126590301868845,-0.011591434051868845,-0.0059761996768688454,0.0030570034481311546,-0.0006051059268688454,-0.010126590301868845,-0.010370730926868845,-0.0062203403018688454,-0.0067086215518688454,-0.0059761996768688454,-0.0062203403018688454,-0.013544559051868845,-0.015985965301868847,-0.008905887176868845,-0.0071969028018688454,-0.008905887176868845,-0.009394168426868845,-0.0064644809268688454,0.0030570034481311546,0.0074515346981311546,0.0030570034481311546,-0.0040230746768688454,-0.0049996371768688454,-0.0018258090518688454,0.0030570034481311546,0.008183956573131155,0.008183956573131155,0.0042777065731311546,0.0047659878231311546,0.009160519073131155,0.012822628448131155,0.014775753448131155,0.012090206573131155,0.008428097198131155,0.013310909698131155,0.016973019073131153,0.013066769073131155,0.013555050323131155,0.018926144073131153,0.014531612823131155,0.0067191128231311546,0.015019894073131155,0.021611690948131153,0.019658565948131153,0.013066769073131155,0.0076956753231311546,0.010137081573131155,0.011357784698131155,0.010625362823131155,0.012090206573131155,0.0067191128231311546,-0.0037789340518688454,-0.0052437778018688454,-0.00011682467686884544,0.0018363003231311546,0.0045218471981311546,-0.00011682467686884544,-0.015985965301868847,-0.021845340301868847,-0.011347293426868845,-0.0010933871768688454,-0.0059761996768688454,-0.026972293426868847,-0.05358362155186885,-0.05822229342686885,-0.04088830905186885,-0.026728152801868847,-0.029657840301868847,-0.04821252780186885,-0.06188440280186885,-0.05236291842686885,-0.029413699676868847,-0.012567996551868845,-0.014276980926868845,-0.03502893405186885,-0.04918909030186885,-0.03502893405186885,-0.0052437778018688454,0.014287472198131155,0.011846065948131155,-0.0045113559268688454,-0.010614871551868845,0.0050101284481311546,0.029912472198131153,0.03992223782313115,0.03308630032313115,0.022344112823131153,0.016728878448131153,0.030156612823131153,0.05334997219813115,0.05701208157313115,0.04334020657313115,0.030889034698131153,0.021367550323131153,0.024053097198131153,0.04285192532313115,0.05457067532313115,0.04871130032313115,0.03357458157313115,0.019170284698131153,0.022344112823131153,0.03601598782313115,0.04334020657313115,0.04089880032313115,0.024053097198131153,0.008916378448131155,0.008672237823131155,0.011601925323131155,0.016728878448131153,0.016484737823131153,0.0028128628231311546,-0.015741824676868847,-0.019403934051868847,-0.0069527621768688454,0.0035452846981311546,0.0037894253231311546,-0.015741824676868847,-0.03185510592686885,-0.027948855926868847,-0.015741824676868847,-0.009882449676868845,-0.017694949676868847,-0.03161096530186885,-0.03527307467686885,-0.023798465301868847,-0.020624637176868847,-0.030878543426868847,-0.03405237155186885,-0.029657840301868847,-0.022089480926868847,-0.011835574676868845,-0.0010933871768688454,0.0030570034481311546,-0.0047554965518688454,-0.010370730926868845,-0.013056277801868845,-0.012812137176868845,-0.0042672153018688454,0.0057425503231311546,0.013310909698131155,0.010625362823131155,0.0025687221981311546,-0.0015816684268688454,0.0006155971981311546,0.0023245815731311546,-0.0008492465518688454,-0.00036096530186884544,0.0033011440731311546,0.014531612823131155,0.025517940948131153,0.026982784698131153,0.015508175323131155,0.0008597378231311546,-0.0035347934268688454,0.0015921596981311546,0.010869503448131155,0.009648800323131155,-0.0032906528018688454,-0.010859012176868845,-0.0023140903018688454,0.010869503448131155,0.011846065948131155,-0.0018258090518688454,-0.012079715301868845,-0.018427371551868847,-0.020380496551868847,-0.009394168426868845,0.0057425503231311546,0.007939815948131155,-0.0032906528018688454,-0.016230105926868847,-0.021601199676868847,-0.011835574676868845,0.0023245815731311546,0.0023245815731311546,-0.010859012176868845,-0.025507449676868847,-0.026484012176868847,-0.0023140903018688454,0.012822628448131155,0.0059866909481311546,-0.0049996371768688454,-0.0035347934268688454,0.0045218471981311546,0.008183956573131155,0.0072073940731311546,0.0042777065731311546,0.009404659698131155,0.013799190948131155,0.016728878448131153,0.020635128448131153,0.017705440948131153,0.010137081573131155,0.0045218471981311546,0.010869503448131155,0.021123409698131153,0.024785519073131153,0.019170284698131153,0.008672237823131155,-0.00036096530186884544,0.0047659878231311546,0.025517940948131153,0.03210973782313115,0.016728878448131153,-0.0006051059268688454,-0.009638309051868845,-0.009638309051868845,0.0006155971981311546,0.010137081573131155,0.0059866909481311546,-0.009394168426868845,-0.023310184051868847,-0.025751590301868847,-0.017939090301868847,-0.010370730926868845,-0.0071969028018688454,-0.012323855926868845,-0.020624637176868847,-0.020624637176868847,-0.013788699676868845,-0.008661746551868845,-0.011347293426868845,-0.018183230926868847,-0.021112918426868847,-0.020136355926868847,-0.016962527801868847,-0.013544559051868845,-0.0025582309268688454,0.012090206573131155,0.010869503448131155,-0.0069527621768688454,-0.020868777801868847,-0.019648074676868847,-0.009150027801868845,0.009404659698131155,0.022832394073131153,0.020390987823131153,0.0069632534481311546,-0.012079715301868845,-0.016718387176868847,0.0028128628231311546,0.023076534698131153,0.027226925323131153,0.014043331573131155,-0.0059761996768688454,-0.008173465301868845,0.011846065948131155,0.03137731594813115,0.03210973782313115,0.011357784698131155,-0.013544559051868845,-0.016474246551868847,0.0015921596981311546,0.019658565948131153,0.018682003448131153,0.0067191128231311546,-0.010859012176868845,-0.023310184051868847,-0.008173465301868845,0.011846065948131155,0.015508175323131155,0.0050101284481311546,-0.011103152801868845,-0.013544559051868845,0.0008597378231311546,0.011846065948131155,0.009648800323131155,-0.0035347934268688454,-0.015985965301868847,-0.014765262176868845,0.0013480190731311546,0.017217159698131153,0.015264034698131155,0.0020804409481311546,-0.009150027801868845,-0.0067086215518688454,0.009160519073131155,0.020390987823131153,0.014531612823131155,-0.0025582309268688454,-0.008905887176868845,0.0020804409481311546,0.020390987823131153,0.028203487823131153,0.015996456573131153,-0.0010933871768688454,-0.0062203403018688454,-0.0023140903018688454,0.00012731594813115456,0.0059866909481311546,0.0047659878231311546,-0.0059761996768688454,-0.014032840301868845,-0.019403934051868847,-0.022089480926868847,-0.022577762176868847,-0.025995730926868847,-0.026728152801868847,-0.024530887176868847,-0.023310184051868847,-0.020380496551868847,-0.011835574676868845,-0.012812137176868845,-0.023554324676868847,-0.028192996551868847,-0.020868777801868847,-0.0076851840518688454,-0.0023140903018688454,-0.0049996371768688454,-0.011347293426868845,-0.009394168426868845,-0.009150027801868845,-0.014032840301868845,-0.0062203403018688454,0.011357784698131155,0.020879269073131153,0.020879269073131153,0.017461300323131153,0.016973019073131153,0.014775753448131155,0.016973019073131153,0.022344112823131153,0.028203487823131153,0.03308630032313115,0.03210973782313115,0.030400753448131153,0.025517940948131153,0.027471065948131153,0.029424190948131153,0.026006222198131153,0.020146847198131153,0.012334347198131155,0.0069632534481311546,0.013310909698131155,0.023076534698131153,0.014531612823131155,-0.0062203403018688454,-0.018671512176868847,-0.018183230926868847,-0.011347293426868845,-0.0013375278018688454,-0.0030465121768688454,-0.013788699676868845,-0.023554324676868847,-0.026972293426868847,-0.022333621551868847,-0.015009402801868845,-0.015497684051868845,-0.028437137176868847,-0.04040002780186885,-0.04015588717686885,-0.025751590301868847,-0.012812137176868845,-0.010859012176868845,-0.015253543426868845,-0.014765262176868845,-0.015009402801868845,-0.013300418426868845,-0.0054879184268688454,0.0028128628231311546,0.009160519073131155,0.008672237823131155,0.0062308315731311546,0.0054984096981311546,0.0067191128231311546,0.012822628448131155,0.028691769073131153,0.03870153469813115,0.03479528469813115,0.019658565948131153,0.0033011440731311546,0.0045218471981311546,0.024053097198131153,0.04065465969813115,0.03626012844813115,0.022344112823131153,-0.0032906528018688454,-0.0032906528018688454,-0.0032906528018688454,0.0074515346981311546,0.010869503448131155,0.0011038784481311546,-0.0069527621768688454,-0.0074410434268688454,-0.0035347934268688454,0.00037145657313115456,0.0030570034481311546,-0.0057320590518688454,-0.023066043426868847,-0.029413699676868847,-0.019892215301868847,-0.0013375278018688454,0.0052542690731311546,-0.0035347934268688454,-0.018671512176868847,-0.019892215301868847,-0.0040230746768688454,0.0067191128231311546,0.009648800323131155,0.0076956753231311546,0.0040335659481311546,0.0047659878231311546,0.011357784698131155,0.013799190948131155,0.015019894073131155,0.015752315948131153,0.010625362823131155,0.0015921596981311546,0.0008597378231311546,0.015019894073131155,0.020879269073131153,0.0067191128231311546,-0.009150027801868845,-0.015497684051868845,-0.019648074676868847,-0.012567996551868845,0.0006155971981311546,0.0011038784481311546,-0.009638309051868845,-0.026484012176868847,-0.03649377780186885,-0.03600549655186885,-0.027216434051868847,-0.010859012176868845,-0.0020699496768688454,-0.008661746551868845,-0.020380496551868847,-0.029169559051868847,-0.03161096530186885,-0.027704715301868847,-0.0037789340518688454,-0.0037789340518688454,0.007939815948131155,0.007939815948131155,0.00012731594813115456,-0.0045113559268688454,0.007939815948131155,0.024785519073131153,0.028203487823131153,0.025762081573131153,0.019658565948131153,0.014043331573131155,0.022344112823131153,0.03943395657313115,0.04626989407313115,0.030644894073131153,0.016484737823131153,0.021367550323131153,0.03406286282313115,0.03723669094813115,0.024297237823131153,-0.0018258090518688454,-0.016718387176868847,-0.0042672153018688454,0.013066769073131155,0.023564815948131153,0.014531612823131155,-0.009882449676868845,-0.024775027801868847,-0.021845340301868847,-0.0023140903018688454,-0.010370730926868845,-0.010370730926868845,-0.03917932467686885,-0.05163049655186885,-0.04284143405186885,-0.029901980926868847,-0.018915652801868847,-0.0064644809268688454,-0.0064644809268688454,-0.0064644809268688454,-0.010614871551868845,-0.012323855926868845,-0.012079715301868845,-0.0010933871768688454,0.014287472198131155,0.019414425323131153,0.019902706573131153,0.019414425323131153,0.0076956753231311546,-0.009150027801868845,-0.008417605926868845,0.009892940948131155,0.027959347198131153,0.03894567532313115,0.025029659698131153,-0.010859012176868845,-0.029413699676868847,-0.017206668426868847,0.0054984096981311546,0.015752315948131153,0.0064749721981311546,-0.011835574676868845,-0.023554324676868847,-0.020136355926868847,-0.0045113559268688454,0.0035452846981311546,-0.0074410434268688454,-0.027948855926868847,-0.03869104342686885,-0.03576135592686885,-0.021357059051868847,-0.0037789340518688454,-0.0008492465518688454,-0.012323855926868845,-0.018671512176868847,-0.008905887176868845,-0.0013375278018688454,0.008916378448131155,0.008916378448131155,0.022832394073131153,0.027226925323131153,0.026006222198131153,0.030889034698131153,0.03210973782313115,0.030156612823131153,0.03162145657313115,0.028447628448131153,0.026494503448131153,0.027471065948131153,0.024785519073131153,0.013555050323131155,0.0064749721981311546,0.013310909698131155,0.020390987823131153,0.016240597198131153,-0.015253543426868845,-0.015253543426868845,-0.010859012176868845,0.0020804409481311546,0.0015921596981311546,-0.015985965301868847,-0.03380823092686885,-0.03698205905186885,-0.03234338717686885,-0.026484012176868847,-0.023554324676868847,-0.021601199676868847,-0.019892215301868847,-0.019892215301868847,-0.023310184051868847,-0.022577762176868847,-0.0067086215518688454,0.012090206573131155,-0.0008492465518688454,-0.0008492465518688454,-0.009394168426868845,-0.0010933871768688454,0.013310909698131155,0.013310909698131155,0.0015921596981311546,-0.0008492465518688454,0.0020804409481311546,0.009648800323131155,0.008183956573131155,0.0018363003231311546,0.0033011440731311546,0.0030570034481311546,-0.0052437778018688454,-0.021845340301868847,-0.021357059051868847,0.015264034698131155,0.015264034698131155,0.0074515346981311546,-0.015253543426868845,-0.031122684051868847,-0.026484012176868847,-0.011347293426868845,-0.00011682467686884544,-0.00036096530186884544,-0.019403934051868847,-0.03527307467686885,-0.023310184051868847,0.0023245815731311546,0.016973019073131153,0.020879269073131153,0.016973019073131153,-0.00011682467686884544,-0.00011682467686884544,0.019902706573131153,0.04163122219813115,0.04797887844813115,0.03601598782313115,0.023808956573131153,0.019414425323131153,0.017949581573131153,0.016240597198131153,0.017217159698131153,0.023076534698131153,0.026250362823131153,0.016973019073131153,-0.00011682467686884544,-0.0006051059268688454,0.010625362823131155,0.018926144073131153,0.009404659698131155,-0.016962527801868847,-0.03893518405186885,-0.019648074676868847,-0.019648074676868847,0.0033011440731311546,0.0059866909481311546,-0.0074410434268688454,-0.023066043426868847,-0.025995730926868847,-0.012567996551868845,0.009404659698131155,0.020635128448131153,-0.019648074676868847,-0.019648074676868847,-0.019648074676868847,0.0013480190731311546,0.022832394073131153,0.029180050323131153,0.010625362823131155,-0.014765262176868845,-0.031122684051868847,-0.025019168426868847,0.0040335659481311546,0.023320675323131153,0.009160519073131155,-0.021845340301868847,-0.03600549655186885,-0.015253543426868845,0.017949581573131153,0.020635128448131153,-0.020868777801868847,-0.06383752780186884,-0.06188440280186885,-0.023310184051868847,0.013799190948131155,-0.012323855926868845,-0.012323855926868845,-0.03844690280186885,-0.03380823092686885,0.0028128628231311546,0.04285192532313115,0.04700231594813115,0.014043331573131155,-0.019159793426868847,-0.021845340301868847,0.05359411282313115,0.05359411282313115,0.05188512844813115,0.019414425323131153,-0.016962527801868847,-0.024286746551868847,-0.0037789340518688454,0.028447628448131153,0.04089880032313115,0.017217159698131153,-0.016718387176868847,-0.019648074676868847,0.018193722198131153,0.04358434719813115,0.029912472198131153,-0.012079715301868845,-0.04015588717686885,-0.026728152801868847,0.008428097198131155,0.019658565948131153,0.009892940948131155,-0.012323855926868845,-0.012323855926868845,0.0023245815731311546,0.029668331573131153,0.04041051907313115,0.022344112823131153,-0.0020699496768688454,-0.0059761996768688454,0.015996456573131153,0.03479528469813115,0.009404659698131155,0.009404659698131155,-0.021112918426868847,-0.028681277801868847,-0.0054879184268688454,0.026982784698131153,0.023076534698131153,-0.014765262176868845,-0.05211877780186885,-0.04796838717686885,0.0025687221981311546,0.028203487823131153,0.0013480190731311546,-0.05748987155186885,7.110256922490357e-05,-0.06945276217686884,-0.010859012176868845,0.03210973782313115,0.023808956573131153,-0.024775027801868847,-0.05578088717686885,-0.028192996551868847,0.025273800323131153,0.05603551907313115,0.03479528469813115,-0.014521121551868845,-0.04040002780186885,-0.017206668426868847,0.025029659698131153,0.03503942532313115,0.0028128628231311546,-0.03649377780186885,-0.04113244967686885,-0.0049996371768688454,0.027715206573131153,0.027226925323131153,0.00012731594813115456,-0.025263309051868847,-0.026484012176868847,-0.012079715301868845,0.0025687221981311546,0.00037145657313115456,-0.022577762176868847,-0.022577762176868847,-0.010614871551868845,-0.0059761996768688454,-0.017694949676868847,-0.030390262176868847,-0.030878543426868847,-0.023310184051868847,0.0045218471981311546,0.04675817532313115,0.06311559719813116,0.04016637844813115,-0.0047554965518688454,-0.027216434051868847,-0.014276980926868845,0.019170284698131153,0.04114294094813115,0.03406286282313115,0.0015921596981311546,-0.017206668426868847,-0.011591434051868845,0.021123409698131153,0.021123409698131153,0.023808956573131153,0.014531612823131155,-0.0071969028018688454,-0.026972293426868847,-0.014521121551868845,0.013555050323131155,0.027715206573131153,0.017461300323131153,-0.016230105926868847,-0.016230105926868847,0.0015921596981311546,0.03162145657313115,0.04895544094813115,0.03821325344813115,0.015996456573131153,0.0064749721981311546,0.0074515346981311546,0.017949581573131153,0.027715206573131153,0.007939815948131155,0.007939815948131155,-0.011103152801868845,-0.015497684051868845,-0.0025582309268688454,0.0074515346981311546,0.0045218471981311546,0.0008597378231311546,0.0020804409481311546,-0.0015816684268688454,-0.009882449676868845,-0.012812137176868845,-0.009394168426868845,-0.009394168426868845,-0.0006051059268688454,0.0047659878231311546,-0.0006051059268688454,-0.011347293426868845,-0.023798465301868847,-0.027216434051868847,-0.018183230926868847,-0.016474246551868847,-0.022577762176868847,-0.026972293426868847,-0.023310184051868847,-0.010370730926868845,0.009160519073131155,-0.008905887176868845,-0.008905887176868845,-0.03478479342686885,-0.03502893405186885,-0.008905887176868845,0.022832394073131153,0.03137731594813115,0.011846065948131155,-0.012567996551868845,-0.019159793426868847,0.0006155971981311546,0.03528356594813115,0.03528356594813115,0.023076534698131153,0.0006155971981311546,-0.007929324676868845,0.0018363003231311546,0.021855831573131153,0.030156612823131153,0.016240597198131153,-0.0071969028018688454,-0.0040230746768688454,-0.0040230746768688454,0.017949581573131153,0.026250362823131153,0.009160519073131155,-0.013056277801868845,-0.015253543426868845,-0.00036096530186884544,0.015996456573131153,0.016973019073131153,-0.00011682467686884544,-0.015985965301868847,-0.016474246551868847,-0.0064644809268688454,0.0072073940731311546,0.009892940948131155,-0.0025582309268688454,-0.016962527801868847,-0.017694949676868847,-0.0015816684268688454,0.012334347198131155,-0.0045113559268688454,-0.0045113559268688454,-0.013056277801868845,-0.010614871551868845,0.0035452846981311546,0.022099972198131153,0.023320675323131153,0.0045218471981311546,-0.008661746551868845,-0.0049996371768688454,0.017705440948131153,0.021855831573131153,0.021855831573131153,0.011113644073131155,-0.0010933871768688454,-0.008173465301868845,-0.0069527621768688454,-0.0008492465518688454,0.0045218471981311546,0.0047659878231311546,-0.0018258090518688454,-0.0062203403018688454,-0.0062203403018688454,-0.0006051059268688454,-0.0040230746768688454,-0.009882449676868845,-0.012812137176868845,-0.011835574676868845,-0.009150027801868845,-0.0067086215518688454,-0.0037789340518688454,-0.0052437778018688454,-0.0052437778018688454,-0.008173465301868845,-0.009394168426868845,-0.008417605926868845,-0.0032906528018688454,0.0062308315731311546,0.0052542690731311546,-0.00036096530186884544,-0.0049996371768688454,-0.0074410434268688454,-0.0074410434268688454,-0.0015816684268688454,0.0023245815731311546,0.0054984096981311546,0.0045218471981311546,-0.0006051059268688454,-0.0040230746768688454,-0.0020699496768688454,0.0015921596981311546,0.0045218471981311546,0.0013480190731311546,0.0013480190731311546,0.0015921596981311546,0.0025687221981311546,0.0006155971981311546,0.0013480190731311546,0.0020804409481311546,0.0025687221981311546,0.0037894253231311546,0.0062308315731311546,0.0023245815731311546,0.0023245815731311546,-0.016718387176868847,-0.03161096530186885,-0.021112918426868847,0.0064749721981311546,0.023564815948131153,0.026250362823131153,0.016240597198131153,0.021611690948131153,0.07190465969813116,0.07190465969813116,0.06043005032313115,0.024297237823131153,0.0018363003231311546,0.014775753448131155,0.04504919094813115,0.05457067532313115,0.03333044094813115,0.0018363003231311546,-0.020380496551868847,-0.027704715301868847,-0.027704715301868847,-0.017206668426868847,-0.012812137176868845,-0.022821902801868847,-0.03698205905186885,-0.03966760592686885,-0.028681277801868847,-0.015985965301868847,-0.012812137176868845,-0.04430627780186885,-0.04430627780186885,-0.03820276217686885,-0.011835574676868845,0.0059866909481311546,0.0037894253231311546,-0.022333621551868847,-0.04552698092686885,-0.04455041842686885,-0.025263309051868847,-0.017450809051868847,-0.017450809051868847,-0.03209924655186885,-0.04406213717686885,-0.04650354342686885,-0.03454065280186885,-0.015253543426868845,-0.0018258090518688454,0.00037145657313115456,-0.013544559051868845,-0.04503869967686885,-0.04503869967686885,-0.03331994967686885,-0.0025582309268688454,0.023808956573131153,0.027471065948131153,0.0072073940731311546,-0.016230105926868847,-0.015009402801868845,0.0072073940731311546,0.04626989407313115,0.023076534698131153,0.023076534698131153,-0.0015816684268688454,-0.0010933871768688454,0.030400753448131153,0.06311559719813116,0.06287145657313116,0.03650426907313115,0.009404659698131155,0.0047659878231311546,0.030889034698131153,0.030889034698131153,0.028691769073131153,0.013066769073131155,-0.0028023715518688454,-0.013056277801868845,-0.012323855926868845,0.0020804409481311546,0.018193722198131153,0.024053097198131153,0.024297237823131153,0.024297237823131153,0.028691769073131153,0.03186559719813115,0.03601598782313115,0.03601598782313115,0.028447628448131153,0.03357458157313115,0.04846715969813115,0.05676794094813115,0.028691769073131153,0.028691769073131153,0.0069632534481311546,0.0042777065731311546,0.024541378448131153,0.031133175323131153,-0.0018258090518688454,-0.04015588717686885,-0.05358362155186885,-0.03747034030186885,-0.020624637176868847,-0.020624637176868847,-0.03185510592686885,-0.03649377780186885,-0.020624637176868847,0.0015921596981311546,0.009404659698131155,0.0050101284481311546,-0.0069527621768688454,-0.014765262176868845,0.03503942532313115,0.06677770657313116,0.06677770657313116,0.07263708157313116,0.04993200344813115,0.019658565948131153,0.0008597378231311546,-0.027460574676868847,-0.07921838717686884,7.110256922490357e-05,7.110256922490357e-05,-0.05504846530186885,-0.05504846530186885,-0.05040979342686885,-0.07335901217686884,7.110256922490357e-05,-0.07970666842686884,-0.03502893405186885,0.0072073940731311546,0.025762081573131153,0.022588253448131153,0.019170284698131153,0.07141637844813116,0.07141637844813116,0.07410192532313116,0.04041051907313115,-0.0071969028018688454,-0.017694949676868847,0.023076534698131153,0.06018590969813115,0.05603551907313115,0.00012731594813115456,-0.08288049655186884,-0.08288049655186884,-0.05993127780186885,-0.012567996551868845,0.022588253448131153,0.03137731594813115,0.019658565948131153,0.012578487823131155,0.0072073940731311546,0.011113644073131155,0.03186559719813115,0.05872106594813115,0.05872106594813115,0.06628942532313116,0.06604528469813116,0.04382848782313115,0.0076956753231311546,-0.026728152801868847,-0.04210901217686885,-0.03258752780186885,-0.010370730926868845,-0.014521121551868845,-0.014521121551868845,-0.03478479342686885,-0.04674768405186885,-0.04088830905186885,-0.016474246551868847,0.010869503448131155,0.024053097198131153,0.016240597198131153,-0.0067086215518688454,0.0015921596981311546,0.0015921596981311546,0.025517940948131153,0.030644894073131153,0.0025687221981311546,-0.026239871551868847,-0.024530887176868847,-0.0059761996768688454,-0.0010933871768688454,-0.022333621551868847,-0.05480432467686885,-0.05480432467686885,-0.05309534030186885,-0.05504846530186885,-0.05456018405186885,-0.03942346530186885,-0.015253543426868845,0.008672237823131155,0.0020804409481311546,-0.018915652801868847,-0.018427371551868847,0.0020804409481311546,0.0020804409481311546,0.013555050323131155,0.03479528469813115,0.05530309719813115,0.06043005032313115,0.03381872219813115,0.0064749721981311546,0.0064749721981311546,0.020146847198131153,0.03357458157313115,-0.0020699496768688454,-0.0020699496768688454,-0.025751590301868847,-0.019159793426868847,-0.016230105926868847,-0.03356409030186885,-0.04479455905186885,-0.04040002780186885,-0.008661746551868845,0.026982784698131153,-0.0071969028018688454,-0.0071969028018688454,-0.0071969028018688454,0.015508175323131155,0.027471065948131153,0.026982784698131153,0.023808956573131153,0.030156612823131153,0.03626012844813115,0.03748083157313115,0.022099972198131153,0.022099972198131153,0.022832394073131153,0.021855831573131153,0.014287472198131155,0.0062308315731311546,-0.0025582309268688454,-0.009638309051868845,-0.025995730926868847,-0.03991174655186885,-0.03527307467686885,-0.018671512176868847,-0.018671512176868847,-0.0059761996768688454,-0.0040230746768688454,0.0015921596981311546,0.011846065948131155,0.012578487823131155,0.010137081573131155,0.015508175323131155,0.022588253448131153,0.03259801907313115,0.03259801907313115,0.04065465969813115,0.03552770657313115,0.026250362823131153,0.024297237823131153,0.03235387844813115,0.04260778469813115,0.04358434719813115,0.023076534698131153,-0.03502893405186885,-0.028192996551868847,-0.028192996551868847,-0.0052437778018688454,0.0018363003231311546,-0.011835574676868845,-0.03942346530186885,-0.05553674655186885,-0.04137659030186885,-0.011347293426868845,0.0076956753231311546,-0.0040230746768688454,-0.013788699676868845,-0.013788699676868845,-0.013056277801868845,-0.0047554965518688454,-0.0018258090518688454,-0.0008492465518688454,0.012578487823131155,0.030156612823131153,0.03333044094813115,0.026494503448131153,-0.008661746551868845,-0.008661746551868845,-0.0023140903018688454,0.014043331573131155,0.0025687221981311546,-0.029901980926868847,-0.05065393405186885,-0.04772424655186885,-0.024042605926868847,-0.015741824676868847,-0.06774377780186884,-0.06774377780186884,-0.06896448092686884,-0.06896448092686884,-0.03136682467686885,0.0015921596981311546,0.0023245815731311546,-0.013544559051868845,-0.015497684051868845,-0.0006051059268688454,0.014775753448131155,-0.00036096530186884544,-0.014521121551868845,-0.014521121551868845,0.013310909698131155,0.05945348782313115,0.07727575344813116,0.04358434719813115,-0.0018258090518688454,-0.0032906528018688454,0.03650426907313115,0.06506872219813116,0.04724645657313115,-0.023554324676868847,-0.021845340301868847,-0.021845340301868847,-0.0037789340518688454,0.007939815948131155,0.0011038784481311546,-0.008905887176868845,-0.020868777801868847,-0.03209924655186885,-0.03209924655186885,-0.009638309051868845,0.019658565948131153,0.019658565948131153,-0.0035347934268688454,-0.028925418426868847,-0.014521121551868845,0.026494503448131153,0.04895544094813115,0.030400753448131153,-0.0076851840518688454,-0.022821902801868847,0.04895544094813115,0.05334997219813115,0.05334997219813115,0.028447628448131153,0.012334347198131155,0.014775753448131155,0.013066769073131155,0.0074515346981311546,0.0008597378231311546,0.0033011440731311546,0.0011038784481311546,-0.022333621551868847,-0.022333621551868847,-0.04552698092686885,-0.04577112155186885,-0.027704715301868847,-0.012323855926868845,-0.015741824676868847,-0.03380823092686885,-0.05138635592686885,-0.04113244967686885,0.017217159698131153,0.013555050323131155,0.013555050323131155,-0.0067086215518688454,-0.010614871551868845,0.0030570034481311546,0.020879269073131153,0.03308630032313115,0.03259801907313115,0.024785519073131153,0.023808956573131153,0.024541378448131153,0.03186559719813115,0.03186559719813115,0.03284215969813115,0.028691769073131153,0.028691769073131153,0.019170284698131153,0.008672237823131155,0.0030570034481311546,0.0047659878231311546,0.0033011440731311546,-0.020136355926868847,-0.020136355926868847,-0.011591434051868845,-0.0052437778018688454,-0.009150027801868845,-0.019892215301868847,-0.03356409030186885,-0.03209924655186885,-0.021601199676868847,-0.016474246551868847,-0.028925418426868847,-0.025019168426868847,-0.025019168426868847,-0.010614871551868845,0.0030570034481311546,0.009648800323131155,0.0008597378231311546,-0.010126590301868845,-0.0030465121768688454,0.0013480190731311546,0.016973019073131153,0.03552770657313115,0.03552770657313115,0.03699255032313115,0.019902706573131153,-0.0069527621768688454,-0.012567996551868845,0.009892940948131155,0.04065465969813115,0.05334997219813115,0.0018363003231311546,-0.016230105926868847,-0.016230105926868847,-0.015985965301868847,0.0059866909481311546,0.016240597198131153,0.0015921596981311546,-0.018915652801868847,-0.03234338717686885,-0.03576135592686885,-0.015497684051868845,-0.0006051059268688454,-0.0006051059268688454,-0.016474246551868847,-0.03405237155186885,-0.029901980926868847,-0.00011682467686884544,0.015508175323131155,0.010381222198131155,-0.0028023715518688454,-0.0045113559268688454,0.017949581573131153,0.009892940948131155,0.009892940948131155,-0.0067086215518688454,-0.0064644809268688454,0.008428097198131155,0.013555050323131155,0.0030570034481311546,-0.0023140903018688454,0.0067191128231311546,0.018682003448131153,0.011113644073131155,0.011113644073131155,-0.0045113559268688454,-0.0045113559268688454,0.0018363003231311546,0.008183956573131155,0.008672237823131155,0.0028128628231311546,0.0025687221981311546,-0.0059761996768688454,-0.0054879184268688454,-0.0025582309268688454,-0.0025582309268688454,-0.0025582309268688454,-0.011103152801868845,-0.024775027801868847,-0.030146121551868847,-0.023798465301868847,-0.017694949676868847,-0.012567996551868845,-0.014521121551868845,-0.019648074676868847,-0.019648074676868847,-0.016962527801868847,-0.0062203403018688454,0.0054984096981311546,0.0074515346981311546,0.0006155971981311546,-0.0057320590518688454,0.0072073940731311546,0.028203487823131153,0.0028128628231311546,0.0028128628231311546,-0.008661746551868845,0.0025687221981311546,0.026982784698131153,0.03699255032313115,0.022099972198131153,0.017949581573131153,0.023076534698131153,0.030889034698131153,0.021611690948131153,0.0037894253231311546,0.008916378448131155,0.020879269073131153,0.020879269073131153,0.007939815948131155,-0.008905887176868845,-0.012323855926868845,-0.0071969028018688454,-0.00036096530186884544,-0.00011682467686884544,-0.009882449676868845,-0.016474246551868847,-0.016962527801868847,-0.015497684051868845,-0.022333621551868847,-0.019892215301868847,-0.019892215301868847,-0.017694949676868847,-0.021845340301868847,-0.029169559051868847,-0.027704715301868847,-0.013788699676868845,-0.0025582309268688454,-0.0057320590518688454,-0.0069527621768688454,0.008672237823131155,0.008672237823131155,0.018437862823131153,0.015508175323131155,0.011113644073131155,0.013555050323131155,0.024297237823131153,0.03479528469813115,0.030400753448131153,0.016728878448131153,0.011601925323131155,0.013799190948131155,0.013799190948131155,0.019902706573131153,0.027959347198131153,0.03650426907313115,0.03235387844813115,0.008672237823131155,-0.016718387176868847,-0.020136355926868847,0.012822628448131155,0.013555050323131155,0.013555050323131155,-0.008417605926868845,-0.03209924655186885,-0.04357385592686885,-0.03673791842686885,-0.017450809051868847,-0.00011682467686884544,-0.0057320590518688454,-0.03307580905186885,-0.03551721530186885,-0.0069527621768688454,-0.0069527621768688454,0.0035452846981311546,-0.009882449676868845,-0.03380823092686885,-0.04699182467686885,-0.03136682467686885,-0.0030465121768688454,0.0064749721981311546,-0.018183230926868847,-0.019403934051868847,-0.019403934051868847,0.0025687221981311546,0.022832394073131153,0.023076534698131153,0.009404659698131155,0.0018363003231311546,0.010137081573131155,0.021611690948131153,0.031133175323131153,0.016973019073131153,0.016973019073131153,0.0033011440731311546,0.0015921596981311546,0.010625362823131155,0.015752315948131153,0.019658565948131153,0.011113644073131155,-0.0013375278018688454,0.0018363003231311546,0.008672237823131155,0.011113644073131155,-0.00036096530186884544,-0.00036096530186884544,0.0020804409481311546,-0.0015816684268688454,0.0054984096981311546,0.010137081573131155,0.0054984096981311546,-0.0013375278018688454,0.0059866909481311546,0.0050101284481311546,0.0050101284481311546,-0.00036096530186884544,-0.011591434051868845,-0.0064644809268688454,0.0052542690731311546,0.009892940948131155,0.0069632534481311546,-0.0030465121768688454,-0.013788699676868845,-0.010126590301868845,-0.010126590301868845,-0.0032906528018688454,-0.0030465121768688454,-0.017694949676868847,-0.025019168426868847,-0.011835574676868845,0.0013480190731311546,0.0025687221981311546,-0.0010933871768688454,-0.015497684051868845,-0.023066043426868847,-0.023066043426868847,-0.013056277801868845,0.0069632534481311546,0.023564815948131153,0.018437862823131153,-0.007929324676868845,-0.024042605926868847,-0.013788699676868845,0.020390987823131153,0.03235387844813115,0.03235387844813115,0.020390987823131153,-0.011103152801868845,-0.022577762176868847,-0.0008492465518688454,0.029424190948131153,0.03894567532313115,0.026250362823131153,-0.013056277801868845,-0.010859012176868845,0.009160519073131155,0.009160519073131155,0.022588253448131153,0.020635128448131153,0.013799190948131155,-0.0018258090518688454,-0.012079715301868845,-0.0042672153018688454,0.0074515346981311546,0.016240597198131153,-0.0074410434268688454,-0.0074410434268688454,-0.022821902801868847,-0.008905887176868845,0.012578487823131155,0.015996456573131153,0.0013480190731311546,-0.016962527801868847,-0.027704715301868847,-0.022821902801868847,0.0011038784481311546,0.015996456573131153,0.015996456573131153,0.0006155971981311546,-0.030146121551868847,-0.04796838717686885,-0.04210901217686885,-0.010614871551868845,0.015264034698131155,0.015019894073131155,-0.04430627780186885,-0.03917932467686885,-0.0020699496768688454,-0.0020699496768688454,0.022099972198131153,0.019414425323131153,-0.0013375278018688454,-0.018427371551868847,-0.013544559051868845,0.008916378448131155,0.03308630032313115,0.0018363003231311546,-0.017450809051868847,-0.017450809051868847,-0.008661746551868845,0.016484737823131153,0.03479528469813115,0.03406286282313115,0.0072073940731311546,-0.023066043426868847,-0.018183230926868847,0.05554723782313115,0.03967809719813115,-0.0013375278018688454,-0.0013375278018688454,-0.020380496551868847,-0.015985965301868847,-0.0052437778018688454,0.014287472198131155,0.029424190948131153,0.021123409698131153,-0.0074410434268688454,-0.027948855926868847,-0.008905887176868845,-0.008905887176868845,0.014531612823131155,0.024297237823131153,0.0052542690731311546,-0.025019168426868847,-0.03380823092686885,-0.008661746551868845,0.03381872219813115,0.03626012844813115,-0.013300418426868845,-0.024042605926868847,-0.024042605926868847,-0.008417605926868845,0.021611690948131153,0.03137731594813115,0.013799190948131155,-0.009638309051868845,-0.03185510592686885,-0.030390262176868847,0.03162145657313115,0.029424190948131153,-0.009638309051868845,-0.009638309051868845,-0.04259729342686885,-0.03551721530186885,-0.0028023715518688454,0.022588253448131153,0.013066769073131155,-0.014521121551868845,-0.03380823092686885,-0.0057320590518688454,0.026494503448131153,0.029180050323131153,0.029180050323131153,-0.009638309051868845,-0.05163049655186885,-0.05016565280186885,-0.0071969028018688454,0.04285192532313115,0.05310583157313115,0.009160519073131155,-0.06212854342686885,-0.012079715301868845,-0.012079715301868845,0.04334020657313115,0.04968786282313115,0.013799190948131155,-0.026239871551868847,-0.030634402801868847,-0.0013375278018688454,0.03284215969813115,0.015752315948131153,-0.022089480926868847,-0.030634402801868847,-0.030634402801868847,0.0037894253231311546,0.04016637844813115,0.04602575344813115,0.0076956753231311546,-0.03502893405186885,-0.025751590301868847,0.024297237823131153,0.03381872219813115,-0.011591434051868845,-0.011591434051868845,-0.04040002780186885,-0.028437137176868847,0.016973019073131153,0.05261755032313115,0.03943395657313115,-0.013300418426868845,-0.05187463717686885,0.018437862823131153,0.05872106594813115,0.04114294094813115,0.04114294094813115,-0.020868777801868847,-0.06481409030186884,-0.04113244967686885,0.025517940948131153,0.06043005032313115,0.03381872219813115,-0.023066043426868847,-0.029169559051868847,0.030644894073131153,0.030644894073131153,0.05798864407313115,0.022588253448131153,-0.03185510592686885,-0.05138635592686885,-0.019403934051868847,0.03284215969813115,0.05408239407313115,-0.03844690280186885,-0.04772424655186885,-0.0069527621768688454,0.03796911282313115,0.03943395657313115,0.0013480190731311546,0.0013480190731311546,-0.03942346530186885,-0.04625940280186885,-0.012567996551868845,0.03137731594813115,0.03943395657313115,-0.0035347934268688454,-0.05260705905186885,-0.05529260592686885,-0.012567996551868845,0.03577184719813115,-0.015009402801868845,-0.015009402801868845,-0.05944299655186885,-0.05211877780186885,-0.0015816684268688454,0.03845739407313115,0.03503942532313115,-0.011103152801868845,-0.04845666842686885,-0.03478479342686885,0.03992223782313115,0.027226925323131153,0.027226925323131153,-0.0045113559268688454,-0.024042605926868847,-0.011103152801868845,0.016973019073131153,0.03406286282313115,0.017461300323131153,-0.010126590301868845,0.0023245815731311546,0.019902706573131153,0.016484737823131153,0.0011038784481311546,0.0011038784481311546,-0.018427371551868847,-0.022089480926868847,0.00012731594813115456,0.022099972198131153,0.019414425323131153,-0.0067086215518688454,-0.022333621551868847,0.010137081573131155,0.029180050323131153,0.029180050323131153,0.014287472198131155,-0.014032840301868845,-0.023310184051868847,0.0006155971981311546,0.022588253448131153,0.021855831573131153,0.0037894253231311546,-0.0037789340518688454,0.014775753448131155,0.024785519073131153,0.024785519073131153,0.007939815948131155,-0.0059761996768688454,-0.0067086215518688454,-0.0023140903018688454,0.009648800323131155,0.020390987823131153,0.010625362823131155,-0.0045113559268688454,0.008183956573131155,0.008183956573131155,0.012822628448131155,0.0057425503231311546,0.0054984096981311546,-0.0071969028018688454,-0.022089480926868847,-0.011103152801868845,0.0069632534481311546,-0.0069527621768688454,-0.027460574676868847,-0.029657840301868847,-0.029657840301868847,-0.0028023715518688454,0.017461300323131153,0.0047659878231311546,-0.018915652801868847,-0.026728152801868847,-0.009150027801868845,0.009648800323131155,0.0054984096981311546,-0.008417605926868845,-0.012079715301868845,-0.012079715301868845,-0.0045113559268688454,0.0042777065731311546,0.0067191128231311546,0.0020804409481311546,-0.0057320590518688454,-0.0074410434268688454,-0.0045113559268688454,0.0057425503231311546,0.0033011440731311546,0.0033011440731311546,0.0030570034481311546,-0.008661746551868845,-0.012323855926868845,0.0028128628231311546,0.013555050323131155,-0.0047554965518688454,-0.026728152801868847,0.020879269073131153,0.04041051907313115,0.025029659698131153,0.025029659698131153,-0.015009402801868845,-0.04137659030186885,-0.017206668426868847,0.03137731594813115,0.05505895657313115,0.028203487823131153,-0.025019168426868847,-0.03917932467686885,0.0035452846981311546,0.03259801907313115,0.03259801907313115,0.023076534698131153,-0.017206668426868847,-0.05309534030186885,-0.04723596530186885,-0.00036096530186884544,0.05554723782313115,0.06043005032313115,-0.024775027801868847,-0.026728152801868847,-0.026728152801868847,0.019170284698131153,0.05994176907313115,0.05896520657313115,0.020879269073131153,-0.010859012176868845,-0.0008492465518688454,0.03650426907313115,0.06653356594813116,0.018926144073131153,-0.020136355926868847,-0.015253543426868845,-0.015253543426868845,0.024297237823131153,0.05603551907313115,0.05115270657313115,0.016973019073131153,-0.018671512176868847,-0.027948855926868847,-0.0057320590518688454,0.018926144073131153,-0.008905887176868845,-0.008905887176868845,-0.03161096530186885,-0.030878543426868847,-0.011591434051868845,0.009648800323131155,0.010869503448131155,-0.008661746551868845,-0.023798465301868847,-0.016962527801868847,0.016240597198131153,0.008916378448131155,-0.018915652801868847,-0.018915652801868847,-0.03454065280186885,-0.022089480926868847,0.0054984096981311546,0.020879269073131153,0.0042777065731311546,-0.026484012176868847,-0.028681277801868847,-0.009638309051868845,-0.009638309051868845,0.0054984096981311546,0.0062308315731311546,-0.013300418426868845,-0.03576135592686885,-0.04650354342686885,-0.03722619967686885,-0.018427371551868847,-0.017450809051868847,-0.03893518405186885,-0.05187463717686885,-0.05187463717686885,-0.04235315280186885,-0.023798465301868847,-0.013544559051868845,-0.012567996551868845,-0.018183230926868847,-0.026972293426868847,-0.021112918426868847,-0.012079715301868845,-0.009638309051868845,-0.009638309051868845,-0.012079715301868845,-0.013056277801868845,-0.015009402801868845,-0.019159793426868847,-0.019403934051868847,-0.016474246551868847,-0.013056277801868845,-0.0008492465518688454,-0.00036096530186884544,-0.00036096530186884544,-0.009394168426868845,-0.016718387176868847,-0.014765262176868845,-0.0018258090518688454,0.013066769073131155,0.016240597198131153,0.0054984096981311546,-0.016962527801868847,-0.012323855926868845,0.010869503448131155,0.010869503448131155,0.03748083157313115,0.030400753448131153,-0.014032840301868845,-0.05724573092686885,-0.06652307467686884,-0.04088830905186885,-0.008661746551868845,-0.0008492465518688454,-0.03649377780186885,-0.029413699676868847,-0.029413699676868847,-0.008905887176868845,0.0072073940731311546,0.014531612823131155,0.017217159698131153,0.024541378448131153,0.03406286282313115,0.03992223782313115,0.020635128448131153,0.0059866909481311546,0.009648800323131155,0.023808956573131153,0.023808956573131153,0.03406286282313115,0.03626012844813115,0.019170284698131153,-0.00036096530186884544,-0.0006051059268688454,0.011601925323131155,0.031133175323131153,0.024053097198131153,-0.00036096530186884544,-0.00036096530186884544,-0.014521121551868845,-0.011835574676868845,0.0035452846981311546,0.018437862823131153,0.016973019073131153,0.0020804409481311546,-0.0042672153018688454,0.013555050323131155,0.03455114407313115,0.03455114407313115,0.04163122219813115,0.029912472198131153,0.018926144073131153,0.017949581573131153,0.028447628448131153,0.03333044094813115,0.025517940948131153,0.019170284698131153,0.030156612823131153,0.03626012844813115,0.03626012844813115,0.024297237823131153,-0.00036096530186884544,-0.012812137176868845,0.0011038784481311546,0.021123409698131153,0.028935909698131153,0.016484737823131153,-0.03356409030186885,-0.019648074676868847,0.012822628448131155,0.012822628448131155,0.03381872219813115,0.025762081573131153,-0.0057320590518688454,-0.03624963717686885,-0.03234338717686885,0.0025687221981311546,0.03796911282313115,0.019170284698131153,-0.0076851840518688454,-0.0076851840518688454,-0.023066043426868847,-0.011591434051868845,0.008183956573131155,0.016240597198131153,0.009892940948131155,-0.0006051059268688454,-0.012079715301868845,0.0008597378231311546,0.0076956753231311546,0.0040335659481311546,0.0040335659481311546,0.0025687221981311546,-0.0040230746768688454,-0.011103152801868845,-0.014765262176868845,-0.019892215301868847,-0.016718387176868847,-0.0045113559268688454,-0.0067086215518688454,-0.016230105926868847,-0.016230105926868847,-0.027948855926868847,-0.029901980926868847,-0.019648074676868847,-0.007929324676868845,-0.0015816684268688454,0.0035452846981311546,0.0015921596981311546,-0.0015816684268688454,0.0076956753231311546,0.013555050323131155,0.013555050323131155,0.012090206573131155,0.0040335659481311546,0.0030570034481311546,0.009892940948131155,0.015752315948131153,0.016973019073131153,0.0076956753231311546,0.0030570034481311546,0.008916378448131155,0.008916378448131155,0.014775753448131155,0.013310909698131155,0.011846065948131155,0.0059866909481311546,-0.00011682467686884544,0.0054984096981311546,0.016973019073131153,0.014287472198131155,-0.0054879184268688454,-0.027948855926868847,-0.027948855926868847,-0.026239871551868847,-0.00036096530186884544,0.016484737823131153,-0.0006051059268688454,-0.030634402801868847,-0.04235315280186885,-0.025995730926868847,-0.020868777801868847,-0.025995730926868847,-0.025995730926868847,-0.03356409030186885,-0.04088830905186885,-0.04528284030186885,-0.03844690280186885,-0.020136355926868847,-0.0067086215518688454,-0.025507449676868847,-0.03454065280186885,-0.022333621551868847,-0.0059761996768688454,-0.0059761996768688454,-0.0013375278018688454,-0.0045113559268688454,-0.010126590301868845,-0.007929324676868845,0.0028128628231311546,0.009648800323131155,0.013310909698131155,0.015264034698131155,0.017461300323131153,0.017461300323131153,0.018926144073131153,0.023808956573131153,0.03235387844813115,0.03162145657313115,0.016973019073131153,-0.0052437778018688454,-0.014521121551868845,0.0069632534481311546,-0.0008492465518688454,-0.0008492465518688454,-0.018671512176868847,-0.03161096530186885,-0.03454065280186885,-0.04064416842686885,-0.04918909030186885,-0.04528284030186885,-0.025263309051868847,0.025762081573131153,0.03284215969813115,0.013799190948131155,0.013799190948131155,-0.011103152801868845,-0.016718387176868847,0.0028128628231311546,0.03479528469813115,0.05994176907313115,0.05530309719813115,0.020390987823131153,0.031133175323131153,0.05481481594813115,0.05481481594813115,0.07654333157313116,0.08289098782313116,0.07434606594813116,0.06262731594813116,0.04114294094813115,0.013555050323131155,0.009404659698131155,0.03748083157313115,0.03870153469813115,0.0020804409481311546,0.0020804409481311546,-0.030390262176868847,-0.04308557467686885,-0.03576135592686885,-0.024286746551868847,-0.025507449676868847,-0.027948855926868847,-0.018183230926868847,-0.023554324676868847,-0.030390262176868847,-0.030390262176868847,-0.024286746551868847,-0.010126590301868845,-0.0025582309268688454,-0.0054879184268688454,-0.009394168426868845,-0.00011682467686884544,0.023808956573131153,0.028447628448131153,0.03381872219813115,0.03381872219813115,0.03601598782313115,0.03723669094813115,0.04285192532313115,0.05188512844813115,0.05286169094813115,0.03821325344813115,0.014043331573131155,-0.0045113559268688454,-0.0042672153018688454,-0.017694949676868847,-0.017694949676868847,-0.03722619967686885,-0.05431604342686885,-0.05480432467686885,-0.05822229342686885,-0.06969690280186884,-0.07360315280186884,-0.04210901217686885,-0.03673791842686885,-0.05089807467686885,-0.05822229342686885,-0.05822229342686885,-0.03624963717686885,-0.0054879184268688454,-0.008905887176868845,-0.03844690280186885,-0.03624963717686885,0.00012731594813115456,0.04138708157313115,0.030156612823131153,0.009404659698131155,0.009404659698131155,0.016240597198131153,0.04773473782313115,0.08093786282313116,0.08533239407313116,0.05481481594813115,0.0076956753231311546,-0.022821902801868847,0.019902706573131153,0.025273800323131153,-0.017694949676868847,-0.017694949676868847,-0.05553674655186885,-0.05480432467686885,-0.030634402801868847,-0.015497684051868845,-0.025751590301868847,-0.04674768405186885,-0.03649377780186885,-0.029169559051868847,-0.026972293426868847,-0.026972293426868847,-0.019648074676868847,-0.0015816684268688454,0.010381222198131155,0.0018363003231311546,-0.010614871551868845,-0.00036096530186884544,0.027959347198131153,0.04651403469813115,0.04529333157313115,0.05798864407313115,0.05798864407313115,0.07922887844813116,7.110256922490357e-05,0.07556676907313116,0.05237340969813115,0.03284215969813115,0.030400753448131153,0.03479528469813115,0.0018363003231311546,-0.030878543426868847,-0.030878543426868847,-0.04918909030186885,-0.03942346530186885,-0.021845340301868847,-0.026728152801868847,-0.05944299655186885,7.110256922490357e-05,-0.08190393405186884,-0.024775027801868847,-0.03600549655186885,-0.05431604342686885,-0.05431604342686885,-0.05236291842686885,-0.025751590301868847,-0.0040230746768688454,0.0023245815731311546,-0.0052437778018688454,-0.013056277801868845,0.03406286282313115,0.05505895657313115,0.06628942532313116,0.06628942532313116,0.05627965969813115,0.04382848782313115,0.05359411282313115,0.06726598782313116,0.06653356594813116,0.04871130032313115,0.024785519073131153,0.016484737823131153,0.00037145657313115456,-0.024775027801868847,-0.04015588717686885,-0.04015588717686885,-0.04430627780186885,-0.03527307467686885,-0.03966760592686885,-0.05504846530186885,-0.06359338717686884,-0.05822229342686885,-0.04674768405186885,-0.04088830905186885,-0.03747034030186885,-0.016474246551868847,-0.016474246551868847,0.0015921596981311546,0.0042777065731311546,0.0030570034481311546,-0.0042672153018688454,-0.013056277801868845,0.0047659878231311546,0.07483434719813116,0.08557653469813116,0.05627965969813115,0.05627965969813115,0.03308630032313115,0.04675817532313115,0.08264684719813116,7.110256922490357e-05,0.07336950344813116,0.018926144073131153,0.009404659698131155,0.03870153469813115,0.03479528469813115,-0.0010933871768688454,-0.0010933871768688454,-0.030390262176868847,-0.03820276217686885,-0.03649377780186885,-0.027460574676868847,-0.04625940280186885,-0.07018518405186884,-0.05040979342686885,-0.04625940280186885,-0.03917932467686885,-0.03917932467686885,-0.030146121551868847,-0.023554324676868847,-0.008173465301868845,-0.0008492465518688454,-0.008661746551868845,-0.0052437778018688454,0.019658565948131153,0.03308630032313115,0.04675817532313115,0.04675817532313115,0.05310583157313115,0.05066442532313115,0.05017614407313115,0.05017614407313115,0.05237340969813115,0.05066442532313115,0.03699255032313115,0.025029659698131153,0.030400753448131153,0.026738644073131153,-0.03747034030186885,-0.05797815280186885,-0.04845666842686885,-0.03380823092686885,-0.03380823092686885,-0.04308557467686885,-0.06896448092686884,-0.08556604342686884,-0.08654260592686884,-0.06188440280186885,-0.04162073092686885,-0.03991174655186885,-0.05016565280186885,-0.03649377780186885,-0.015253543426868845,-0.015253543426868845,-0.0047554965518688454,-0.0023140903018688454,-0.007929324676868845,-0.010614871551868845,0.0072073940731311546,0.03894567532313115,0.07019567532313116,0.05701208157313115,0.04675817532313115,0.04675817532313115,0.05090856594813115,0.06970739407313116,0.07678747219813116,0.05798864407313115,0.03528356594813115,0.018926144073131153,-0.0059761996768688454,-0.011347293426868845,-0.011835574676868845,-0.021845340301868847,-0.021845340301868847,-0.03380823092686885,-0.04918909030186885,-0.05968713717686885,-0.06212854342686885,-0.04748010592686885,-0.04259729342686885,-0.05260705905186885,-0.04235315280186885,-0.015009402801868845,-0.015009402801868845,0.0037894253231311546,-0.0035347934268688454,-0.016474246551868847,-0.0047554965518688454,0.023564815948131153,0.03772497219813115,0.03894567532313115,0.05359411282313115,0.06751012844813116,0.06751012844813116,0.06751012844813116,0.06921911282313116,0.08435583157313116,7.110256922490357e-05,0.08655309719813116,0.04822301907313115,0.011113644073131155,0.027471065948131153,0.030400753448131153,-0.0025582309268688454,-0.0025582309268688454,-0.04699182467686885,-0.05651330905186885,-0.04040002780186885,-0.026972293426868847,-0.03429651217686885,-0.05358362155186885,-0.05748987155186885,-0.04601526217686885,-0.04894494967686885,-0.04894494967686885,-0.05285119967686885,-0.03649377780186885,-0.013056277801868845,-0.007929324676868845,-0.017939090301868847,-0.019648074676868847,0.023076534698131153,0.024541378448131153,0.016973019073131153,0.026006222198131153,0.026006222198131153,0.05847692532313115,0.07654333157313116,0.07166051907313116,0.05286169094813115,0.03870153469813115,0.05750036282313115,0.04944372219813115,0.027959347198131153,0.011357784698131155,0.011357784698131155,0.0042777065731311546,-0.0037789340518688454,-0.021601199676868847,-0.03624963717686885,-0.05407190280186885,-0.05724573092686885,-0.05333948092686885,-0.07702112155186884,-0.08141565280186884,-0.06212854342686885,-0.06212854342686885,-0.06090784030186885,-0.05651330905186885,-0.04040002780186885,-0.03698205905186885,-0.026728152801868847,-0.013788699676868845,0.0059866909481311546,0.012334347198131155,0.0028128628231311546,0.0028128628231311546,-0.0020699496768688454,0.019658565948131153,0.05676794094813115,0.07214880032313116,0.05896520657313115,0.04602575344813115,0.06482458157313116,0.08093786282313116,0.05847692532313115,0.05847692532313115,0.024541378448131153,0.019658565948131153,0.027959347198131153,0.023564815948131153,0.0008597378231311546,-0.03161096530186885,-0.03551721530186885,-0.03795862155186885,-0.05236291842686885,-0.05675744967686885,-0.05675744967686885,-0.06139612155186885,-0.06090784030186885,-0.06066369967686885,-0.06115198092686885,-0.05138635592686885,-0.03161096530186885,-0.009638309051868845,-0.011103152801868845,-0.0067086215518688454,-0.0067086215518688454,0.018437862823131153,0.028691769073131153,0.022832394073131153,0.012334347198131155,0.023076534698131153,0.05457067532313115,0.07874059719813116,0.06213903469813115,0.05212926907313115,0.05872106594813115,0.05872106594813115,0.07141637844813116,0.06751012844813116,0.05652380032313115,0.05139684719813115,0.029912472198131153,-0.010859012176868845,-0.010370730926868845,-0.015009402801868845,-0.03161096530186885,-0.03161096530186885,-0.05968713717686885,-0.07140588717686884,-0.07262659030186884,-0.06408166842686884,-0.05456018405186885,-0.06432580905186884,-0.05871057467686885,-0.04088830905186885,-0.021112918426868847,-0.021112918426868847,-0.008905887176868845,-0.015009402801868845,-0.025263309051868847,-0.013788699676868845,0.012334347198131155,0.030400753448131153,0.027226925323131153,0.013799190948131155,0.020635128448131153,0.05383825344813115,0.05383825344813115,0.08167028469813116,7.110256922490357e-05,0.06848669094813116,0.04407262844813115,0.03699255032313115,0.04871130032313115,0.03284215969813115,-0.0008492465518688454,-0.026239871551868847,-0.026239871551868847,-0.025995730926868847,-0.011347293426868845,-0.016962527801868847,-0.04162073092686885,-0.06749963717686884,-0.08458948092686884,-0.05040979342686885,-0.03844690280186885,-0.04357385592686885,-0.05797815280186885,-0.05797815280186885,-0.05871057467686885,-0.03576135592686885,-0.0028023715518688454,0.019414425323131153,0.0011038784481311546,-0.019403934051868847,0.008672237823131155,0.03992223782313115,0.05457067532313115,0.05457067532313115,0.04285192532313115,0.023320675323131153,0.017949581573131153,0.03870153469813115,0.08313512844813116,0.07703161282313116,0.03918981594813115,0.018926144073131153,0.03552770657313115,0.03552770657313115,0.06531286282313116,0.05652380032313115,0.011113644073131155,-0.03527307467686885,-0.04479455905186885,-0.019892215301868847,-0.015497684051868845,-0.05919885592686885,7.110256922490357e-05,7.110256922490357e-05,7.110256922490357e-05,-0.05480432467686885,-0.028437137176868847,-0.026239871551868847,-0.05944299655186885,-0.08117151217686884,-0.06139612155186885,0.021611690948131153,0.013555050323131155,-0.010370730926868845,-0.018183230926868847,-0.018183230926868847,-0.0020699496768688454,0.027226925323131153,0.04578161282313115,0.04187536282313115,0.03284215969813115,0.05017614407313115,0.08289098782313116,7.110256922490357e-05,0.07849645657313116,0.07849645657313116,0.04993200344813115,0.020879269073131153,0.026006222198131153,0.04602575344813115,0.05090856594813115,0.022099972198131153,-0.05236291842686885,-0.05846643405186885,-0.04064416842686885,-0.029169559051868847,-0.029169559051868847,-0.04772424655186885,-0.08019494967686884,7.110256922490357e-05,-0.07531213717686884,-0.05187463717686885,-0.030878543426868847,-0.05114221530186885,-0.05846643405186885,-0.028925418426868847,-0.028925418426868847,0.0030570034481311546,0.015264034698131155,0.021611690948131153,0.014775753448131155,-0.0010933871768688454,0.0028128628231311546,0.028203487823131153,0.06043005032313115,0.04871130032313115,0.04724645657313115,0.05359411282313115,0.06409215969813116,0.07605505032313116,0.07605505032313116,0.07043981594813116,0.04553747219813115,0.029912472198131153,0.024541378448131153,0.016973019073131153,0.014043331573131155,-0.03356409030186885,-0.05260705905186885,-0.04723596530186885,-0.04259729342686885,-0.04259729342686885,-0.04259729342686885,-0.05236291842686885,-0.06823205905186884,-0.07091760592686884,-0.06310510592686884,-0.04015588717686885,-0.04284143405186885,-0.03283166842686885,-0.017450809051868847,-0.017450809051868847,-0.012323855926868845,-0.008417605926868845,0.011357784698131155,0.025517940948131153,0.015996456573131153,0.012578487823131155,0.03186559719813115,0.04041051907313115,0.05579137844813115,0.06628942532313116,0.06628942532313116,0.06726598782313116,0.07190465969813116,0.06873083157313116,0.04675817532313115,0.024297237823131153,0.03137731594813115,0.03650426907313115,0.017461300323131153,-0.0059761996768688454,-0.0059761996768688454,-0.024042605926868847,-0.03234338717686885,-0.029169559051868847,-0.024775027801868847,-0.03356409030186885,-0.07946252780186884,-0.07580041842686884,-0.05138635592686885,-0.024530887176868847,-0.024530887176868847,-0.019892215301868847,-0.03795862155186885,-0.05651330905186885,-0.04992151217686885,-0.007929324676868845,0.023564815948131153,0.0047659878231311546,-0.0062203403018688454,-0.0018258090518688454,0.029912472198131153,0.029912472198131153,0.06262731594813116,0.06458044094813116,0.04431676907313115,0.027226925323131153,0.03430700344813115,0.08337926907313116,0.08020544094813116,0.04822301907313115,0.014531612823131155,0.014531612823131155,0.011113644073131155,0.026982784698131153,0.016484737823131153,-0.0030465121768688454,-0.021357059051868847,-0.03673791842686885,-0.03234338717686885,-0.04332971530186885,-0.07702112155186884,-0.07702112155186884,7.110256922490357e-05,-0.07750940280186884,-0.05504846530186885,-0.04357385592686885,-0.04479455905186885,-0.05675744967686885,-0.04064416842686885,-0.009150027801868845,0.015752315948131153,0.023076534698131153,0.023076534698131153,0.016484737823131153,-0.0049996371768688454,-0.014276980926868845,0.00012731594813115456,0.03235387844813115,0.05530309719813115,0.05286169094813115,0.05652380032313115,0.06067419094813115,0.06067419094813115,0.06311559719813116,0.05920934719813115,0.04773473782313115,0.04114294094813115,0.025517940948131153,0.018926144073131153,0.017217159698131153,0.011601925323131155,-0.018671512176868847,-0.018671512176868847,-0.04650354342686885,-0.04894494967686885,-0.04284143405186885,-0.04186487155186885,-0.04308557467686885,-0.05993127780186885,-0.05480432467686885,-0.03405237155186885,-0.026972293426868847,-0.029169559051868847,-0.029169559051868847,-0.018427371551868847,-0.0020699496768688454,-0.0025582309268688454,-0.010370730926868845,-0.0071969028018688454,0.04334020657313115,0.03577184719813115,0.014043331573131155,0.018926144073131153,0.018926144073131153,0.05066442532313115,0.07556676907313116,0.07239294094813116,0.06018590969813115,0.05383825344813115,7.110256922490357e-05,7.110256922490357e-05,0.07776403469813116,0.04211950344813115,0.04211950344813115,0.026006222198131153,0.030889034698131153,0.026738644073131153,0.0045218471981311546,-0.016962527801868847,-0.03576135592686885,-0.04332971530186885,-0.04845666842686885,-0.05871057467686885,-0.06945276217686884,-0.06945276217686884,-0.07555627780186884,-0.07189416842686884,-0.05871057467686885,-0.04918909030186885,-0.04455041842686885,-0.03405237155186885,-0.028925418426868847,-0.028437137176868847,-0.025751590301868847,-0.025751590301868847,-0.018427371551868847,-0.0071969028018688454,0.0052542690731311546,0.013799190948131155,0.009404659698131155,-0.015009402801868845,0.019170284698131153,0.05164098782313115,0.06311559719813116,0.06311559719813116,0.05725622219813115,0.028203487823131153,-0.0032906528018688454,-0.0030465121768688454,0.019902706573131153,0.03430700344813115,0.0076956753231311546,-0.011591434051868845,-0.029657840301868847,-0.03258752780186885,-0.03258752780186885,-0.026972293426868847,-0.027948855926868847,-0.03136682467686885,-0.024530887176868847,-0.030878543426868847,-0.04723596530186885,-0.04210901217686885,-0.03161096530186885,-0.017939090301868847,-0.017939090301868847,-0.020136355926868847,-0.016718387176868847,-0.0030465121768688454,0.0047659878231311546,-0.0018258090518688454,-0.0020699496768688454,0.0030570034481311546,0.021123409698131153,0.04187536282313115,0.04358434719813115,0.04358434719813115,0.024297237823131153,0.008672237823131155,0.014775753448131155,0.025517940948131153,0.031133175323131153,0.028691769073131153,0.018193722198131153,0.011601925323131155,0.012578487823131155,0.012578487823131155,0.018682003448131153,0.020146847198131153,0.009892940948131155,0.0013480190731311546,0.0040335659481311546,0.008428097198131155,0.0018363003231311546,-0.008661746551868845,-0.010370730926868845,-0.010370730926868845,-0.0067086215518688454,0.0042777065731311546,0.014531612823131155,0.015508175323131155,-0.0006051059268688454,-0.03234338717686885,-0.015009402801868845,0.017949581573131153,0.029668331573131153,0.029668331573131153,0.007939815948131155,-0.020868777801868847,-0.03258752780186885,-0.023554324676868847,0.00037145657313115456,0.024785519073131153,-0.00036096530186884544,-0.03624963717686885,-0.04845666842686885,-0.021112918426868847,-0.021112918426868847,0.010625362823131155,0.023808956573131153,0.008916378448131155,-0.018915652801868847,-0.03209924655186885,0.0015921596981311546,0.013555050323131155,0.0008597378231311546,-0.015985965301868847,-0.015985965301868847,-0.019648074676868847,-0.012567996551868845,-0.0040230746768688454,-0.0013375278018688454,-0.0037789340518688454,-0.0028023715518688454,-0.0035347934268688454,-0.0059761996768688454,-0.0042672153018688454,-0.0042672153018688454,-0.00036096530186884544,0.0006155971981311546,0.0020804409481311546,0.0072073940731311546,0.0064749721981311546,-0.015741824676868847,-0.010370730926868845,-0.0035347934268688454,0.0030570034481311546,0.007939815948131155,0.007939815948131155,0.0020804409481311546,-0.0020699496768688454,-0.0013375278018688454,0.0042777065731311546,0.012334347198131155,0.012578487823131155,0.013066769073131155,0.008183956573131155,0.0067191128231311546,0.0067191128231311546,0.012334347198131155,0.023320675323131153,0.023808956573131153,0.017461300323131153,0.013066769073131155,0.0069632534481311546,0.008428097198131155,0.013799190948131155,0.015019894073131155,0.015019894073131155,0.011601925323131155,0.010869503448131155,0.0050101284481311546,-0.0028023715518688454,-0.00036096530186884544,0.00037145657313115456,-0.0042672153018688454,-0.014276980926868845,-0.008661746551868845,-0.008661746551868845,0.015508175323131155,0.03870153469813115,0.03577184719813115,-0.0059761996768688454,-0.06237268405186885,-0.05040979342686885,0.012090206573131155,0.03626012844813115,0.0033011440731311546,-0.05504846530186885,-0.05504846530186885,-0.07946252780186884,-0.05187463717686885,-0.0052437778018688454,0.023808956573131153,-0.013056277801868845,-0.03405237155186885,-0.024042605926868847,0.014287472198131155,0.04285192532313115,0.04285192532313115,0.03699255032313115,0.013799190948131155,0.0030570034481311546,0.013555050323131155,0.030644894073131153,0.016728878448131153,-0.0023140903018688454,0.00037145657313115456,0.026006222198131153,0.026006222198131153,0.05798864407313115,0.05432653469813115,0.0076956753231311546,-0.030634402801868847,-0.027460574676868847,0.05798864407313115,0.06091833157313115,0.017461300323131153,-0.03624963717686885,-0.04674768405186885,-0.04674768405186885,-0.0052437778018688454,0.04895544094813115,0.06262731594813116,0.028935909698131153,-0.05846643405186885,-0.030634402801868847,0.022099972198131153,0.05359411282313115,0.03650426907313115,0.03650426907313115,-0.009150027801868845,-0.04479455905186885,-0.04723596530186885,-0.018671512176868847,0.015508175323131155,0.008916378448131155,-0.026484012176868847,-0.03991174655186885,-0.017206668426868847,-0.017206668426868847,0.019414425323131153,0.016484737823131153,-0.015497684051868845,-0.03209924655186885,-0.011835574676868845,0.011357784698131155,-0.0071969028018688454,-0.013544559051868845,-0.010859012176868845,-0.010859012176868845,-0.014765262176868845,-0.012079715301868845,-0.0025582309268688454,-0.0013375278018688454,-0.009150027801868845,-0.0064644809268688454,-0.0076851840518688454,-0.016718387176868847,-0.021112918426868847,-0.026484012176868847,-0.026484012176868847,-0.03405237155186885,-0.03161096530186885,-0.0057320590518688454,0.0033011440731311546,-0.07409143405186884,-0.06945276217686884,-0.03161096530186885,0.0062308315731311546,0.017461300323131153,0.017461300323131153,-0.025263309051868847,-0.07067346530186884,-0.06139612155186885,-0.026728152801868847,-0.00036096530186884544,-0.0013375278018688454,-0.03380823092686885,-0.04967737155186885,-0.03234338717686885,-0.03234338717686885,0.0006155971981311546,0.03186559719813115,0.04334020657313115,0.0050101284481311546,-0.04381799655186885,0.0074515346981311546,0.04553747219813115,0.03601598782313115,-0.0040230746768688454,-0.03600549655186885,-0.03600549655186885,-0.025995730926868847,0.016973019073131153,0.03845739407313115,0.018926144073131153,-0.021112918426868847,-0.0069527621768688454,0.022344112823131153,0.04480505032313115,0.04480505032313115,0.04480505032313115,0.020146847198131153,-0.008173465301868845,-0.0059761996768688454,0.029424190948131153,0.05383825344813115,0.021367550323131153,-0.0008492465518688454,-0.0015816684268688454,0.015508175323131155,0.04309606594813115,0.04309606594813115,0.04724645657313115,0.021611690948131153,-0.0042672153018688454,-0.014521121551868845,0.013066769073131155,0.03381872219813115,0.022832394073131153,-0.022333621551868847,-0.05407190280186885,-0.05407190280186885,-0.029169559051868847,0.027471065948131153,0.05408239407313115,0.021611690948131153,-0.027948855926868847,-0.015253543426868845,0.029668331573131153,0.04407262844813115,0.022344112823131153,-0.007929324676868845,-0.007929324676868845,-0.03234338717686885,-0.021845340301868847,0.015752315948131153,0.04260778469813115,0.03626012844813115,-0.030878543426868847,-0.03649377780186885,0.0069632534481311546,0.05725622219813115,0.05603551907313115,0.05603551907313115,0.0072073940731311546,-0.04040002780186885,-0.04577112155186885,-0.0006051059268688454,0.06384801907313116,0.023808956573131153,-0.024530887176868847,-0.05797815280186885,-0.04357385592686885,-0.04357385592686885,0.009160519073131155,0.03992223782313115,0.023564815948131153,-0.012079715301868845,-0.04430627780186885,-0.03331994967686885,0.016484737823131153,0.03333044094813115,0.009160519073131155,0.009160519073131155,-0.012567996551868845,-0.019403934051868847,-0.012079715301868845,0.016484737823131153,0.03821325344813115,0.011113644073131155,0.0047659878231311546,-0.0040230746768688454,-0.008173465301868845,0.010625362823131155,0.010625362823131155,0.03333044094813115,0.028203487823131153,0.0059866909481311546,-0.00011682467686884544,-0.0023140903018688454,-0.012567996551868845,0.014775753448131155,0.027959347198131153,0.022588253448131153,0.012578487823131155,0.012578487823131155,-0.0032906528018688454,-0.016230105926868847,-0.0047554965518688454,0.022344112823131153,0.029668331573131153,0.019170284698131153,-0.014765262176868845,-0.04430627780186885,-0.023066043426868847,-0.023066043426868847,0.027959347198131153,0.04407262844813115,0.015508175323131155,-0.016962527801868847,-0.018671512176868847,-0.008417605926868845,0.012090206573131155,0.027715206573131153,0.008916378448131155,-0.018671512176868847,-0.018671512176868847,-0.014276980926868845,0.0047659878231311546,0.017461300323131153,0.011846065948131155,-0.0040230746768688454,-0.017939090301868847,0.0033011440731311546,0.014043331573131155,-0.010614871551868845,-0.03966760592686885,-0.016962527801868847,-0.016962527801868847,0.012578487823131155,-0.0025582309268688454,-0.03893518405186885,-0.05065393405186885,-0.0054879184268688454,-0.008173465301868845,-0.0071969028018688454,-0.0025582309268688454,-0.015497684051868845,-0.031122684051868847,-0.031122684051868847,-0.0025582309268688454,-0.0025582309268688454,-0.00011682467686884544,-0.016474246551868847,-0.025507449676868847,-0.025019168426868847,-0.0045113559268688454,0.0018363003231311546,-0.017206668426868847,-0.04186487155186885,-0.03869104342686885,-0.03869104342686885,-0.0074410434268688454,0.0074515346981311546,-0.008661746551868845,-0.022333621551868847,-0.018915652801868847,-0.013544559051868845,-0.019648074676868847,-0.0064644809268688454,0.007939815948131155,0.0025687221981311546,-0.012567996551868845,-0.017939090301868847,-0.017939090301868847,0.0020804409481311546,0.020635128448131153,0.016973019073131153,0.0015921596981311546,-0.007929324676868845,-0.0047554965518688454,0.0008597378231311546,0.030156612823131153,0.03992223782313115,0.010137081573131155,-0.016962527801868847,-0.0064644809268688454,0.025762081573131153,0.025762081573131153,0.03967809719813115,0.030889034698131153,0.008428097198131155,-0.0042672153018688454,0.010869503448131155,0.04334020657313115,0.028935909698131153,0.009404659698131155,0.00012731594813115456,0.013799190948131155,0.013799190948131155,0.03674840969813115,0.04407262844813115,0.03601598782313115,0.020146847198131153,0.0076956753231311546,0.018437862823131153,0.03577184719813115,0.04260778469813115,0.024785519073131153,0.0062308315731311546,0.0062308315731311546,0.0025687221981311546,0.0023245815731311546,0.0072073940731311546,0.011601925323131155,0.0050101284481311546,0.0006155971981311546,-0.008417605926868845,-0.020380496551868847,-0.019892215301868847,-0.0052437778018688454,-0.0052437778018688454,0.008672237823131155,0.0035452846981311546,-0.013300418426868845,-0.025507449676868847,0.009892940948131155,0.014775753448131155,0.0023245815731311546,-0.010614871551868845,-0.010614871551868845,0.0020804409481311546,0.0020804409481311546,0.014043331573131155,0.015019894073131155,0.0040335659481311546,-0.009882449676868845,0.0011038784481311546,0.011601925323131155,0.0067191128231311546,-0.011591434051868845,-0.025751590301868847,-0.019892215301868847,-0.019892215301868847,0.0011038784481311546,0.00037145657313115456,-0.020624637176868847,-0.04040002780186885,-0.024530887176868847,0.00012731594813115456,0.0057425503231311546,-0.008173465301868845,-0.027948855926868847,-0.04308557467686885,-0.04308557467686885,-0.03869104342686885,-0.019403934051868847,0.0035452846981311546,0.0047659878231311546,-0.03161096530186885,-0.04162073092686885,-0.029413699676868847,0.011357784698131155,0.030156612823131153,0.0072073940731311546,0.0072073940731311546,-0.03478479342686885,-0.05040979342686885,-0.018183230926868847,0.027715206573131153,0.011113644073131155,-0.025019168426868847,-0.03551721530186885,-0.0076851840518688454,0.030156612823131153,0.04749059719813115,0.04749059719813115,0.024053097198131153,-0.020136355926868847,-0.03698205905186885,-0.0035347934268688454,0.04919958157313115,0.027471065948131153,-0.015497684051868845,-0.027216434051868847,0.0059866909481311546,0.05042028469813115,0.05042028469813115,0.05725622219813115,0.015508175323131155,-0.020624637176868847,-0.009882449676868845,0.029180050323131153,0.04260778469813115,-0.00036096530186884544,-0.00011682467686884544,-0.0067086215518688454,0.029424190948131153,0.04626989407313115,0.015996456573131153,-0.03747034030186885,-0.03747034030186885,-0.05553674655186885,-0.017939090301868847,0.027471065948131153,0.030400753448131153,-0.05187463717686885,-0.06164026217686885,-0.03405237155186885,0.0015921596981311546,0.015508175323131155,0.015508175323131155,0.0035452846981311546,-0.024775027801868847,-0.03795862155186885,-0.021601199676868847,0.014043331573131155,0.0072073940731311546,-0.019159793426868847,-0.013544559051868845,0.018682003448131153,0.04724645657313115,0.04724645657313115,0.04529333157313115,0.017217159698131153,-0.008661746551868845,-0.014032840301868845,0.04285192532313115,0.03430700344813115,0.010137081573131155,-0.0045113559268688454,-0.0020699496768688454,-0.0052437778018688454,-0.0052437778018688454,-0.011591434051868845,-0.009882449676868845,-0.0045113559268688454,-0.009638309051868845,-0.028437137176868847,-0.04332971530186885,-0.024530887176868847,-0.0069527621768688454,-0.0062203403018688454,-0.029901980926868847,-0.029901980926868847,-0.04699182467686885,-0.04772424655186885,-0.03234338717686885,-0.013544559051868845,-0.0042672153018688454,-0.0037789340518688454,0.0013480190731311546,0.0020804409481311546,0.0033011440731311546,0.011113644073131155,0.011113644073131155,0.026982784698131153,0.030889034698131153,0.029424190948131153,0.03577184719813115,0.04138708157313115,0.04065465969813115,0.04114294094813115,0.04480505032313115,0.04871130032313115,0.03650426907313115,0.03650426907313115,0.016484737823131153,0.008183956573131155,0.014043331573131155,0.025273800323131153,0.0059866909481311546,-0.0059761996768688454,-0.015741824676868847,-0.022089480926868847,-0.013788699676868845,-0.0028023715518688454,-0.0054879184268688454,-0.0054879184268688454,-0.019892215301868847,-0.03917932467686885,-0.04821252780186885,-0.04430627780186885,-0.015253543426868845,-0.013788699676868845,-0.027460574676868847,-0.03209924655186885,-0.013788699676868845,-0.013788699676868845,-0.0067086215518688454,-0.007929324676868845,-0.0037789340518688454,0.0045218471981311546,0.016240597198131153,0.03259801907313115,0.03284215969813115,0.03845739407313115,0.03381872219813115,0.020390987823131153,0.018193722198131153,0.018193722198131153,0.023320675323131153,0.029668331573131153,0.024541378448131153,0.0020804409481311546,-0.008661746551868845,0.016240597198131153,0.014287472198131155,-0.017694949676868847,-0.03869104342686885,-0.03869104342686885,-0.03331994967686885,-0.019403934051868847,-0.017939090301868847,-0.027948855926868847,-0.04162073092686885,-0.05382776217686885,-0.05431604342686885,-0.04406213717686885,-0.024042605926868847,-0.009394168426868845,-0.009394168426868845,-0.009394168426868845,-0.018915652801868847,-0.017694949676868847,0.0011038784481311546,0.022099972198131153,0.009892940948131155,0.008672237823131155,0.022344112823131153,0.03918981594813115,0.05164098782313115,0.05164098782313115,0.04456090969813115,0.025517940948131153,0.010869503448131155,0.009892940948131155,0.018682003448131153,0.007939815948131155,0.0074515346981311546,0.019170284698131153,0.016240597198131153,0.0028128628231311546,0.0028128628231311546,-0.015009402801868845,-0.023554324676868847,-0.020136355926868847,-0.016230105926868847,-0.025751590301868847,-0.029901980926868847,-0.03185510592686885,-0.03893518405186885,-0.03893518405186885,-0.020868777801868847,-0.020868777801868847,0.0020804409481311546,0.012334347198131155,0.0033011440731311546,-0.00036096530186884544,0.014043331573131155,0.018193722198131153,0.029180050323131153,0.04895544094813115,0.05725622219813115,0.04334020657313115,0.04334020657313115,0.026738644073131153,0.023808956573131153,0.030400753448131153,0.03626012844813115,0.03357458157313115,0.023808956573131153,0.025273800323131153,0.017949581573131153,-0.009394168426868845,-0.009394168426868845,-0.012567996551868845,0.0064749721981311546,0.00012731594813115456,-0.025995730926868847,-0.05333948092686885,-0.05602502780186885,-0.04015588717686885,-0.018671512176868847,-0.018671512176868847,-0.010370730926868845,-0.013300418426868845,-0.023066043426868847,-0.024775027801868847,-0.015741824676868847,0.009648800323131155,0.0067191128231311546,0.0028128628231311546,0.0023245815731311546,0.009404659698131155,0.021611690948131153,0.021611690948131153,0.021367550323131153,0.0064749721981311546,-0.009638309051868845,-0.008905887176868845,0.013310909698131155,0.0037894253231311546,-0.007929324676868845,-0.014032840301868845,-0.010126590301868845,-0.008905887176868845,-0.008905887176868845,-0.014765262176868845,-0.028925418426868847,-0.03185510592686885,-0.030878543426868847,-0.028192996551868847,-0.028925418426868847,-0.029169559051868847,-0.019403934051868847,0.0013480190731311546,0.022344112823131153,0.022344112823131153,0.022832394073131153,0.0040335659481311546,-0.0076851840518688454,0.0047659878231311546,0.05090856594813115,0.04675817532313115,0.027715206573131153,0.0059866909481311546,-0.0062203403018688454,-0.0062203403018688454,0.0064749721981311546,0.027226925323131153,0.04602575344813115,0.03601598782313115,-0.04088830905186885,-0.023066043426868847,0.019414425323131153,0.031133175323131153,0.0028128628231311546,0.0028128628231311546,-0.03624963717686885,-0.06237268405186885,-0.04406213717686885,-0.012323855926868845,0.0018363003231311546,-0.012323855926868845,-0.025995730926868847,-0.016474246551868847,0.010381222198131155,0.024541378448131153,0.024541378448131153,0.021855831573131153,0.014043331573131155,0.015752315948131153,0.03235387844813115,0.03308630032313115,0.015019894073131155,0.0020804409481311546,0.0040335659481311546,0.009648800323131155,0.009648800323131155,0.014775753448131155,0.014287472198131155,0.0072073940731311546,-0.0040230746768688454,-0.023798465301868847,-0.030634402801868847,-0.030390262176868847,-0.028925418426868847,-0.029901980926868847,-0.029901980926868847,-0.03722619967686885,-0.04259729342686885,-0.03258752780186885,-0.022577762176868847,-0.022821902801868847,-0.015497684051868845,0.0045218471981311546,0.012578487823131155,0.014775753448131155,0.031133175323131153,0.031133175323131153,0.03894567532313115,0.03235387844813115,0.020879269073131153,0.008672237823131155,0.017461300323131153,0.03186559719813115,0.03357458157313115,0.015508175323131155,-0.0018258090518688454,-0.0018258090518688454,-0.011103152801868845,-0.008417605926868845,0.0006155971981311546,0.0008597378231311546,-0.019159793426868847,-0.03624963717686885,-0.03527307467686885,-0.011347293426868845,0.0033011440731311546,-0.010370730926868845,-0.010370730926868845,-0.025995730926868847,-0.020136355926868847,0.0057425503231311546,0.023320675323131153,0.015752315948131153,0.013799190948131155,0.025762081573131153,0.031133175323131153,0.028203487823131153,0.028203487823131153,0.021611690948131153,0.013799190948131155,0.0062308315731311546,0.0074515346981311546,0.012090206573131155,0.0033011440731311546,-0.017206668426868847,-0.022089480926868847,-0.012079715301868845,-0.013300418426868845,-0.023798465301868847,-0.023798465301868847,-0.03307580905186885,-0.020380496551868847,-0.0032906528018688454,-0.023798465301868847,-0.019892215301868847,-0.0008492465518688454,0.014775753448131155,0.011113644073131155,-0.0010933871768688454,-0.0010933871768688454,0.009160519073131155,0.030400753448131153,0.04309606594813115,0.008672237823131155,-0.013056277801868845,-0.0054879184268688454,0.021611690948131153,0.03479528469813115,0.015508175323131155,0.015508175323131155,-0.022333621551868847,-0.04455041842686885,-0.03380823092686885,-0.010859012176868845,-0.012079715301868845,-0.03673791842686885,-0.04845666842686885,-0.03673791842686885,-0.017206668426868847,-0.017206668426868847,-0.0006051059268688454,0.0020804409481311546,0.0025687221981311546,-0.0018258090518688454,0.0040335659481311546,0.027471065948131153,0.030156612823131153,0.020635128448131153,0.015019894073131155,0.016728878448131153,0.016728878448131153,0.022832394073131153,0.021123409698131153,0.013555050323131155,0.011846065948131155,0.011113644073131155,0.0011038784481311546,-0.0045113559268688454,-0.014032840301868845,-0.03258752780186885,-0.03258752780186885,-0.04162073092686885,-0.028192996551868847,-0.008173465301868845,-0.0023140903018688454,-0.024530887176868847,-0.013788699676868845,0.020879269073131153,0.03723669094813115,0.023564815948131153,0.011846065948131155,0.011846065948131155,0.021123409698131153,0.03479528469813115,0.03308630032313115,0.0028128628231311546,0.008428097198131155,0.024541378448131153,0.024053097198131153,0.0011038784481311546,-0.018183230926868847,-0.018183230926868847,-0.016718387176868847,-0.0010933871768688454,0.0050101284481311546,-0.04113244967686885,-0.03771448092686885,-0.026239871551868847,-0.017939090301868847,-0.010614871551868845,-0.019892215301868847,-0.019892215301868847,-0.017206668426868847,-0.0035347934268688454,0.011113644073131155,0.013799190948131155,0.025273800323131153,0.018926144073131153,0.012578487823131155,0.0023245815731311546,0.0025687221981311546,0.017705440948131153,0.017705440948131153,0.020390987823131153,-0.0032906528018688454,-0.025751590301868847,-0.026239871551868847,-0.0023140903018688454,-0.011835574676868845,-0.022577762176868847,-0.029169559051868847,-0.03307580905186885,-0.03283166842686885,-0.03283166842686885,-0.022577762176868847,-0.00036096530186884544,0.014043331573131155,0.0072073940731311546,-0.0018258090518688454,0.019658565948131153,0.04749059719813115,0.05530309719813115,0.025762081573131153,0.00037145657313115456,0.00037145657313115456,0.0020804409481311546,0.026006222198131153,0.03674840969813115,-0.015253543426868845,-0.024286746551868847,-0.0076851840518688454,0.011113644073131155,0.0015921596981311546,-0.022333621551868847,-0.022333621551868847,-0.04406213717686885,-0.05016565280186885,-0.03234338717686885,0.0018363003231311546,0.015264034698131155,-0.011835574676868845,-0.016962527801868847,0.0057425503231311546,0.04089880032313115,0.05090856594813115,0.05090856594813115,0.03333044094813115,0.0069632534481311546,-0.0064644809268688454,0.021611690948131153,0.03455114407313115,0.022588253448131153,-0.0035347934268688454,-0.019403934051868847,-0.019159793426868847,-0.019159793426868847,-0.015009402801868845,-0.011347293426868845,-0.018427371551868847,-0.022821902801868847,-0.017450809051868847,-0.0071969028018688454,0.0018363003231311546,0.010137081573131155,0.009160519073131155,0.007939815948131155,0.007939815948131155,0.010625362823131155,0.021611690948131153,0.03699255032313115,0.017705440948131153,0.0011038784481311546,0.0018363003231311546,0.013799190948131155,0.019414425323131153,-0.0023140903018688454,-0.0023140903018688454,-0.03380823092686885,-0.05480432467686885,-0.05919885592686885,-0.03673791842686885,-0.017206668426868847,-0.0006051059268688454,0.0059866909481311546,-0.0054879184268688454,-0.020868777801868847,-0.015497684051868845,-0.015497684051868845,0.0062308315731311546,0.022099972198131153,0.021611690948131153,0.03723669094813115,0.03381872219813115,0.011601925323131155,-0.0062203403018688454,-0.013056277801868845,-0.013300418426868845,-0.019159793426868847,-0.019159793426868847,-0.03991174655186885,-0.03747034030186885,-0.015985965301868847,-0.009638309051868845,-0.03234338717686885,-0.06066369967686885,-0.021601199676868847,0.0040335659481311546,-0.021112918426868847,-0.05456018405186885,-0.05016565280186885,-0.05016565280186885,-0.010370730926868845,0.012578487823131155,-0.008417605926868845,-0.013788699676868845,0.025029659698131153,0.03503942532313115,0.009404659698131155,-0.010126590301868845,-0.0015816684268688454,-0.0015816684268688454,0.024541378448131153,0.026738644073131153,0.0072073940731311546,0.0020804409481311546,0.03162145657313115,0.03162145657313115,0.018926144073131153,0.008916378448131155,0.0023245815731311546,-0.0013375278018688454,-0.0013375278018688454,0.007939815948131155,0.021123409698131153,0.021123409698131153,0.013799190948131155,0.012822628448131155,0.022099972198131153,0.03552770657313115,0.03528356594813115,0.020635128448131153,0.020635128448131153,0.011601925323131155,0.012822628448131155,0.025762081573131153,0.03308630032313115,0.014775753448131155,0.0015921596981311546,-0.00036096530186884544,0.013555050323131155,0.025517940948131153,0.025517940948131153,0.023076534698131153,0.0047659878231311546,-0.010126590301868845,-0.011103152801868845,0.018437862823131153,0.026982784698131153,0.016484737823131153,-0.0028023715518688454,-0.009882449676868845,0.0057425503231311546,0.0057425503231311546,0.03699255032313115,0.04651403469813115,0.031133175323131153,0.0023245815731311546,0.011601925323131155,0.026006222198131153,0.03210973782313115,0.020879269073131153,0.0074515346981311546,0.0074515346981311546,0.0050101284481311546,0.0052542690731311546,0.0045218471981311546,-0.008417605926868845,-0.0076851840518688454,-0.0025582309268688454,0.0011038784481311546,-0.0071969028018688454,-0.022577762176868847,-0.022577762176868847,-0.03527307467686885,-0.03380823092686885,-0.019892215301868847,0.023076534698131153
UR5e_W,0.021145753396430197,0.0372590346464302,0.026272706521430197,0.026272706521430197,0.012844972146430196,0.010647706521430196,0.017239503396430197,0.00039380027143019573,0.029690675271430197,0.017239503396430197,0.004544190896430196,0.0006379408964301957,0.008694581521430196,0.015286378396430196,-0.006686277853569804,-0.014254637228569804,-0.010836668478569804,0.00039380027143019573,-0.008639402853569804,-0.010348387228569804,-0.017184324728569803,-0.025973387228569803,-0.028414793478569803,-0.024996824728569803,-0.016451902853569803,-0.019625730978569803,-0.022067137228569803,-0.020358152853569803,-0.021578855978569803,-0.021578855978569803,-0.018160887228569803,-0.018893309103569803,-0.018405027853569803,-0.016451902853569803,-0.009860105978569804,-0.009860105978569804,-0.008883543478569804,-0.013766355978569804,-0.012057371603569804,-0.011813230978569804,-0.008883543478569804,-0.007174559103569804,-0.0037565903535698043,-0.0013151841035698043,0.0006379408964301957,-0.0027800278535698043,-0.0013151841035698043,0.0016145033964301957,0.0006379408964301957,0.0006379408964301957,0.0030793471464301957,0.007718019021430196,0.009915284646430196,0.006009034646430196,0.0028352065214301957,0.005764894021430196,0.008694581521430196,0.009671144021430196,0.010159425271430196,0.010891847146430196,0.010159425271430196,0.010159425271430196,0.010647706521430196,0.012844972146430196,0.007962159646430196,0.0008820815214301957,0.0018586440214301957,0.009671144021430196,0.014065675271430196,0.00039380027143019573,0.006985597146430196,-0.004000730978569804,0.00039380027143019573,-0.005953855978569804,0.017727784646430197,0.014065675271430196,0.0038117690214301957,-0.004000730978569804,-0.0035124497285698043,0.010159425271430196,0.021145753396430197,0.010647706521430196,-0.006197996603569804,-0.009371824728569804,-0.0010710434785698043,0.008694581521430196,0.009915284646430196,0.0033234877714301957,-0.006930418478569804,-0.011080809103569804,-0.0020476059785698043,-0.0020476059785698043,0.005276612771430196,0.0030793471464301957,-0.005953855978569804,-0.010592527853569804,-0.007662840353569804,-0.0020476059785698043,-0.010104246603569804,-0.005953855978569804,-9.448097856980427e-05,0.004055909646430196,0.0023469252714301957,-0.0032683091035698043,-0.004244871603569804,-0.0020476059785698043,0.0011262221464301957,0.0011262221464301957,-0.0018034653535698043,-0.013033934103569804,-0.011080809103569804,-0.0010710434785698043,0.005032472146430196,0.0011262221464301957,-0.009860105978569804,-0.015963621603569803,-0.008639402853569804,0.0025910658964301957,0.0025910658964301957,0.0033234877714301957,-0.004244871603569804,-0.009860105978569804,-0.007174559103569804,-0.005953855978569804,-0.007662840353569804,-0.008151121603569804,-0.004977293478569804,-0.005465574728569804,-0.0025358872285698043,-0.0025358872285698043,0.0006379408964301957,-0.0005827622285698043,-0.0013151841035698043,-9.448097856980427e-05,0.0033234877714301957,0.0038117690214301957,0.006009034646430196,0.007229737771430196,0.005276612771430196,0.005276612771430196,0.010647706521430196,0.015042237771430196,0.007962159646430196,0.013577394021430196,0.017727784646430197,0.014309815896430196,0.013333253396430196,0.015286378396430196,0.012112550271430196,0.012112550271430196,0.006497315896430196,0.012356690896430196,0.017971925271430197,0.015042237771430196,0.009182862771430196,0.004300050271430196,0.004300050271430196,0.007473878396430196,0.011624269021430196,0.011624269021430196,0.006497315896430196,-0.008639402853569804,-0.009615965353569804,-0.0013151841035698043,0.0016145033964301957,-0.004489012228569804,-0.016940184103569803,-0.021822996603569803,-0.008151121603569804,0.0030793471464301957,-0.009615965353569804,-0.009615965353569804,-0.0340300278535698,-0.0489226059785698,-0.0357390122285698,-0.025973387228569803,-0.0332976059785698,-0.0530729966035698,-0.0647917466035698,-0.0525847153535698,-0.027926512228569803,-0.027926512228569803,-0.017428465353569803,-0.021578855978569803,-0.0508757309785698,-0.0354948716035698,-0.004733152853569804,0.017727784646430197,0.011868409646430196,-0.0035124497285698043,-0.005953855978569804,-0.005953855978569804,0.008450440896430196,0.028469972146430197,0.0409211440214302,0.025052003396430197,0.016262940896430197,0.029202394021430197,0.0499543471464302,0.0567902846464302,0.0489777846464302,0.0489777846464302,0.0323762221464302,0.016262940896430197,0.018216065896430197,0.0570344252714302,0.0533723158964302,0.0316438002714302,0.017971925271430197,0.022366456521430197,0.0328645033964302,0.0328645033964302,0.0406770033964302,0.0375031752714302,0.024807862771430197,0.007962159646430196,0.015286378396430196,0.019436769021430197,0.014798097146430196,-0.0005827622285698043,-0.016451902853569803,-0.014498777853569804,-0.014498777853569804,-0.0020476059785698043,0.0035676283964301957,-0.021822996603569803,-0.0372038559785698,-0.0323210434785698,-0.019137449728569803,-0.013522215353569804,-0.020602293478569803,-0.031100340353569803,-0.031100340353569803,-0.0315886216035698,-0.021822996603569803,-0.027926512228569803,-0.0335417466035698,-0.030123777853569803,-0.023287840353569803,-0.007906980978569804,-9.448097856980427e-05,0.0006379408964301957,0.0006379408964301957,-0.005221434103569804,-0.014498777853569804,-0.009615965353569804,0.0006379408964301957,0.007229737771430196,0.012356690896430196,0.008450440896430196,0.0028352065214301957,0.005276612771430196,0.005276612771430196,0.0013703627714301957,-0.004244871603569804,0.008938722146430196,0.015774659646430197,0.019925050271430197,0.015774659646430197,0.014309815896430196,0.012600831521430196,0.006009034646430196,0.006009034646430196,-0.0008269028535698043,-0.00033862160356980427,0.0018586440214301957,0.00014965964643019573,-0.0035124497285698043,0.0006379408964301957,0.004544190896430196,0.0025910658964301957,-0.004244871603569804,-0.008151121603569804,-0.008151121603569804,-0.013033934103569804,-0.016940184103569803,0.0008820815214301957,0.0025910658964301957,-0.008395262228569804,-0.018649168478569803,-0.017428465353569803,-0.009615965353569804,-0.004733152853569804,-0.004733152853569804,-0.004244871603569804,-0.011324949728569804,-0.023043699728569803,-0.008151121603569804,0.007229737771430196,0.007473878396430196,-9.448097856980427e-05,-0.0027800278535698043,0.0018586440214301957,0.0018586440214301957,0.005520753396430196,0.0025910658964301957,0.009182862771430196,0.019680909646430197,0.028225831521430197,0.024563722146430197,0.011624269021430196,-0.0037565903535698043,-0.0032683091035698043,-0.0032683091035698043,0.017727784646430197,0.0335969252714302,0.011380128396430196,0.0018586440214301957,-0.0010710434785698043,0.013821534646430196,0.0365266127714302,0.0321320815214302,0.006741456521430196,0.006741456521430196,-0.010592527853569804,-0.013766355978569804,-0.0037565903535698043,0.019925050271430197,0.005520753396430196,-0.019869871603569803,-0.0320769028535698,-0.026461668478569803,-0.012301512228569804,-0.006686277853569804,-0.006686277853569804,-0.011324949728569804,-0.021822996603569803,-0.021334715353569803,-0.007418699728569804,-0.005709715353569804,-0.014254637228569804,-0.024996824728569803,-0.028170652853569803,-0.020114012228569803,-0.020114012228569803,-0.008395262228569804,-0.0018034653535698043,0.0011262221464301957,-0.007418699728569804,-0.011813230978569804,-0.006686277853569804,-0.005709715353569804,-0.007174559103569804,-0.0010710434785698043,-0.0010710434785698043,0.010647706521430196,0.017239503396430197,-0.006442137228569804,-0.010348387228569804,0.00039380027143019573,0.015530519021430196,0.027005128396430197,0.025784425271430197,0.009427003396430196,0.009427003396430196,-0.0013151841035698043,0.006253175271430196,0.028225831521430197,0.020657472146430197,0.0025910658964301957,-0.0037565903535698043,0.0016145033964301957,0.009182862771430196,0.016018800271430197,0.016018800271430197,0.010403565896430196,-0.007418699728569804,-0.00033862160356980427,0.013577394021430196,0.014065675271430196,0.0030793471464301957,-0.004000730978569804,-0.0022917466035698043,0.0038117690214301957,0.0038117690214301957,0.008450440896430196,0.0030793471464301957,-0.014498777853569804,-0.006686277853569804,0.0033234877714301957,0.005276612771430196,0.008694581521430196,0.006741456521430196,0.005032472146430196,0.005032472146430196,0.0030793471464301957,0.006009034646430196,0.007473878396430196,-0.0018034653535698043,-0.0018034653535698043,0.010891847146430196,0.023098878396430197,0.017971925271430197,0.0008820815214301957,0.0008820815214301957,-0.005221434103569804,-0.00033862160356980427,-0.0020476059785698043,-0.004244871603569804,-0.004489012228569804,-0.0037565903535698043,-0.0030241684785698043,-0.012301512228569804,-0.026949949728569803,-0.026949949728569803,-0.0372038559785698,-0.0350065903535698,-0.012789793478569804,-0.016207762228569803,-0.021822996603569803,-0.021578855978569803,-0.024264402853569803,-0.025973387228569803,-0.021822996603569803,-0.021822996603569803,-0.014010496603569804,-0.008639402853569804,-0.010592527853569804,-0.017428465353569803,-0.0037565903535698043,0.0025910658964301957,-0.0035124497285698043,0.00039380027143019573,0.011624269021430196,0.014309815896430196,0.014309815896430196,0.015530519021430196,0.024075440896430197,0.017239503396430197,0.009915284646430196,0.009915284646430196,0.019436769021430197,0.0321320815214302,0.0372590346464302,0.0343293471464302,0.0343293471464302,0.024563722146430197,0.018948487771430197,0.030423097146430197,0.026272706521430197,0.017971925271430197,0.011380128396430196,0.013333253396430196,0.019436769021430197,0.009427003396430196,0.009427003396430196,-0.007418699728569804,-0.014742918478569804,-0.016451902853569803,-0.014742918478569804,-0.011324949728569804,-0.010348387228569804,-0.017184324728569803,-0.026949949728569803,-0.027682371603569803,-0.027682371603569803,-0.019625730978569803,-0.020114012228569803,-0.0362272934785698,-0.0372038559785698,-0.025240965353569803,-0.013278074728569804,-0.010348387228569804,-0.017184324728569803,-0.019869871603569803,-0.019869871603569803,-0.018893309103569803,-0.014010496603569804,0.015530519021430196,0.016751222146430197,0.006009034646430196,0.0006379408964301957,0.0023469252714301957,0.008694581521430196,0.018948487771430197,0.018948487771430197,0.027737550271430197,0.029690675271430197,0.011380128396430196,0.006497315896430196,0.012356690896430196,0.027005128396430197,0.0360383315214302,0.029446534646430197,0.013577394021430196,0.013577394021430196,0.005764894021430196,0.004788331521430196,0.016018800271430197,0.004300050271430196,-0.014010496603569804,-0.016207762228569803,-0.006686277853569804,0.0028352065214301957,0.006741456521430196,0.006741456521430196,0.0011262221464301957,-0.015475340353569804,-0.027194090353569803,-0.010592527853569804,0.0038117690214301957,0.004300050271430196,-0.014742918478569804,-0.026949949728569803,-0.019137449728569803,-0.0022917466035698043,-0.0022917466035698043,0.004055909646430196,0.005520753396430196,0.004055909646430196,-0.0005827622285698043,0.0030793471464301957,0.012356690896430196,0.018948487771430197,0.024319581521430197,0.021145753396430197,0.021145753396430197,0.008450440896430196,0.0008820815214301957,0.006253175271430196,0.007229737771430196,0.004055909646430196,-0.004977293478569804,-0.016451902853569803,-0.019381590353569803,-0.010104246603569804,-0.010104246603569804,-0.0032683091035698043,-0.006197996603569804,-0.031100340353569803,-0.0345183091035698,-0.024508543478569803,-0.010592527853569804,-0.006930418478569804,-0.018649168478569803,-0.030123777853569803,-0.030123777853569803,-0.0340300278535698,-0.030856199728569803,-0.009615965353569804,0.00014965964643019573,0.005764894021430196,-0.0018034653535698043,-0.008639402853569804,0.0008820815214301957,0.019925050271430197,0.019925050271430197,0.027737550271430197,0.023343019021430197,0.019192628396430197,0.017483644021430197,0.022366456521430197,0.030423097146430197,0.0323762221464302,0.027981690896430197,0.026028565896430197,0.026028565896430197,0.0340852065214302,0.0492219252714302,0.00039380027143019573,0.027737550271430197,-0.0330534653535698,-0.015231199728569804,0.018948487771430197,0.0326203627714302,0.014065675271430196,-0.020846434103569803,-0.0389128403535698,-0.0389128403535698,-0.027194090353569803,0.0021027846464301957,-0.0010710434785698043,-0.029147215353569803,-0.0467253403535698,-0.0506315903535698,-0.0372038559785698,-0.013033934103569804,0.00039380027143019573,0.00039380027143019573,-0.004244871603569804,-0.016451902853569803,-0.020846434103569803,-0.018649168478569803,-0.010836668478569804,0.006497315896430196,0.013577394021430196,0.016507081521430197,0.016262940896430197,0.008450440896430196,-9.448097856980427e-05,0.0006379408964301957,0.012356690896430196,0.025296144021430197,0.029202394021430197,0.011868409646430196,0.011868409646430196,-0.013278074728569804,-0.023043699728569803,0.015774659646430197,0.022610597146430197,0.008450440896430196,-0.014987059103569804,-0.0328093247285698,-0.028903074728569803,-0.006197996603569804,-0.006197996603569804,0.008694581521430196,0.004788331521430196,-0.0415983872285698,-0.0513640122285698,-0.029147215353569803,0.004788331521430196,0.017727784646430197,0.005520753396430196,-0.010592527853569804,-0.015719480978569803,-0.015719480978569803,-0.008395262228569804,0.030178956521430197,0.0379914565214302,0.027981690896430197,0.020413331521430197,0.024319581521430197,0.030667237771430197,0.0333527846464302,0.0313996596464302,0.0313996596464302,0.025540284646430197,0.016751222146430197,0.019680909646430197,0.020413331521430197,0.018948487771430197,0.019925050271430197,0.016995362771430197,0.004300050271430196,-0.008151121603569804,-0.008151121603569804,-0.008151121603569804,-0.0022917466035698043,-0.0032683091035698043,-0.024508543478569803,-0.0374479966035698,-0.0359831528535698,-0.0332976059785698,-0.0325651841035698,-0.025973387228569803,-0.015231199728569804,-0.015231199728569804,-0.011569090353569804,-0.020602293478569803,-0.025729246603569803,-0.010348387228569804,0.008938722146430196,0.010159425271430196,0.0021027846464301957,-0.0005827622285698043,0.005764894021430196,0.009427003396430196,0.004788331521430196,-0.0030241684785698043,0.0028352065214301957,0.018460206521430197,0.019436769021430197,-0.005709715353569804,-0.024996824728569803,-0.012057371603569804,0.015042237771430196,0.025296144021430197,0.0023469252714301957,-0.023531980978569803,-0.026705809103569803,-0.012545652853569804,-0.012545652853569804,-0.0013151841035698043,-0.0020476059785698043,-0.019625730978569803,-0.025240965353569803,-0.023043699728569803,-0.016207762228569803,-0.012301512228569804,-0.005953855978569804,0.004544190896430196,0.004544190896430196,0.0033234877714301957,-0.004244871603569804,0.014553956521430196,0.016751222146430197,0.019192628396430197,0.027005128396430197,0.0338410658964302,0.0340852065214302,0.028714112771430197,0.028714112771430197,0.023587159646430197,0.018948487771430197,0.016751222146430197,0.019192628396430197,0.019436769021430197,0.014065675271430196,0.008450440896430196,0.0013703627714301957,0.005764894021430196,0.020413331521430197,0.020413331521430197,0.028714112771430197,-0.024020262228569803,-0.0538054184785698,-0.0384245591035698,0.004788331521430196,0.030178956521430197,0.016262940896430197,-0.028903074728569803,-0.0564909653535698,-0.0564909653535698,-0.0474577622285698,-0.008151121603569804,0.00039380027143019573,0.0404328627714302,-0.00033862160356980427,-0.0408659653535698,-0.0018034653535698043,0.0333527846464302,0.0423859877714302,0.019925050271430197,-0.018405027853569803,-0.0440397934785698,-0.0345183091035698,-0.0345183091035698,0.0028352065214301957,0.027249269021430197,-0.022799559103569803,-0.0486784653535698,-0.025973387228569803,0.017483644021430197,0.025296144021430197,-0.011324949728569804,-0.0518522934785698,-0.0640593247285698,-0.0640593247285698,-0.0352507309785698,0.008206300271430196,-0.009615965353569804,-0.025973387228569803,-0.020846434103569803,0.004788331521430196,0.027005128396430197,0.028958253396430197,0.011868409646430196,0.011868409646430196,-0.008151121603569804,0.022122315896430197,0.0423859877714302,0.0350617690214302,0.011380128396430196,-0.012545652853569804,-0.014254637228569804,0.004544190896430196,0.027981690896430197,0.027981690896430197,0.0360383315214302,0.007962159646430196,-0.008883543478569804,0.0326203627714302,0.0553254408964302,0.026516847146430197,-0.027194090353569803,-0.0489226059785698,-0.021578855978569803,-0.021578855978569803,0.020169190896430197,0.0370148940214302,-0.019625730978569803,-0.027438230978569803,-0.0013151841035698043,0.0345734877714302,0.0506867690214302,0.0345734877714302,0.0035676283964301957,-0.006686277853569804,-0.006686277853569804,0.006741456521430196,0.0362824721464302,0.020169190896430197,-0.011080809103569804,-0.0332976059785698,-0.020602293478569803,0.012600831521430196,0.024319581521430197,-0.004244871603569804,-0.004244871603569804,-0.0440397934785698,-0.009615965353569804,0.012112550271430196,-0.004244871603569804,-0.0464811997285698,-0.0787077622285698,-0.0662565903535698,-0.017184324728569803,0.027737550271430197,0.027737550271430197,0.026516847146430197,-0.016451902853569803,-0.026461668478569803,0.018704347146430197,0.0443391127714302,0.0323762221464302,0.00014965964643019573,-0.019381590353569803,-0.007662840353569804,-0.007662840353569804,0.017483644021430197,0.019680909646430197,-0.023776121603569803,-0.019137449728569803,0.006009034646430196,0.026760987771430197,0.016751222146430197,-0.009860105978569804,-0.022555418478569803,-0.012057371603569804,0.00039380027143019573,0.00039380027143019573,0.004788331521430196,0.00039380027143019573,-0.019625730978569803,-0.028414793478569803,-0.013033934103569804,-0.019625730978569803,-0.030856199728569803,-0.0342741684785698,-0.023043699728569803,0.008206300271430196,0.0382355971464302,0.0492219252714302,0.0384797377714302,0.0384797377714302,0.015286378396430196,-0.012301512228569804,0.0035676283964301957,0.023343019021430197,0.026760987771430197,0.014065675271430196,0.004788331521430196,-0.006930418478569804,-0.007662840353569804,-0.007662840353569804,0.007229737771430196,0.024075440896430197,0.006741456521430196,-0.010104246603569804,-0.015719480978569803,-0.007418699728569804,0.009427003396430196,0.020169190896430197,0.011624269021430196,-0.0010710434785698043,-0.0010710434785698043,0.0033234877714301957,0.0318879408964302,0.0392121596464302,0.028958253396430197,0.016262940896430197,0.009671144021430196,0.009915284646430196,0.018948487771430197,0.0321320815214302,0.0321320815214302,0.027005128396430197,-0.023287840353569803,-0.027926512228569803,-0.010836668478569804,0.012844972146430196,0.022122315896430197,0.013333253396430196,-0.008151121603569804,-0.029391355978569803,-0.029391355978569803,-0.027926512228569803,0.010403565896430196,0.023098878396430197,0.008694581521430196,-0.021822996603569803,-0.0386686997285698,-0.0384245591035698,-0.017672605978569803,0.0021027846464301957,-0.004733152853569804,-0.030123777853569803,-0.0450163559785698,-0.0450163559785698,-0.0318327622285698,0.00039380027143019573,0.019192628396430197,-0.015475340353569804,-0.0457487778535698,-0.0396452622285698,-0.008151121603569804,0.022610597146430197,0.028714112771430197,0.009915284646430196,-0.011813230978569804,-0.011813230978569804,-0.013766355978569804,0.004544190896430196,0.0348176283964302,0.019680909646430197,-0.0018034653535698043,-0.008395262228569804,0.008938722146430196,0.026272706521430197,0.027981690896430197,0.006253175271430196,0.006253175271430196,-0.019381590353569803,0.006741456521430196,0.028469972146430197,0.029446534646430197,0.0035676283964301957,-0.016940184103569803,-0.013766355978569804,0.0006379408964301957,0.014798097146430196,0.014798097146430196,0.012600831521430196,-0.023043699728569803,-0.017672605978569803,0.0021027846464301957,0.018948487771430197,0.018216065896430197,-0.004244871603569804,-0.024996824728569803,-0.021822996603569803,-9.448097856980427e-05,-9.448097856980427e-05,0.021145753396430197,0.00014965964643019573,-0.016451902853569803,-0.014254637228569804,0.007473878396430196,0.024319581521430197,0.022610597146430197,0.005032472146430196,-0.010592527853569804,-0.010592527853569804,-0.008639402853569804,0.019436769021430197,0.018216065896430197,0.007718019021430196,-0.0022917466035698043,-0.006197996603569804,-0.004489012228569804,0.005520753396430196,0.010159425271430196,0.010159425271430196,0.0006379408964301957,-0.007906980978569804,-0.004000730978569804,-0.0005827622285698043,-0.0020476059785698043,-0.008151121603569804,-0.013766355978569804,-0.015231199728569804,-0.010348387228569804,-0.010348387228569804,-0.005221434103569804,-0.004489012228569804,-0.009127684103569804,-0.010836668478569804,-0.011813230978569804,-0.010104246603569804,-0.005953855978569804,-0.004489012228569804,-0.0037565903535698043,-0.005953855978569804,-0.005953855978569804,-0.004489012228569804,-0.004244871603569804,0.0016145033964301957,0.004788331521430196,0.0021027846464301957,-0.0015593247285698043,-0.004244871603569804,-0.004244871603569804,-0.0010710434785698043,-0.0010710434785698043,0.0013703627714301957,0.0013703627714301957,-0.0025358872285698043,-0.0018034653535698043,0.004055909646430196,0.004544190896430196,0.005764894021430196,0.004544190896430196,0.0013703627714301957,0.0013703627714301957,0.005764894021430196,0.013333253396430196,0.0035676283964301957,-0.020846434103569803,-0.0340300278535698,-0.014010496603569804,0.013089112771430196,0.027249269021430197,0.026516847146430197,0.015530519021430196,0.015530519021430196,0.022122315896430197,0.0721711440214302,0.0545930190214302,0.020413331521430197,0.007718019021430196,0.023343019021430197,0.0489777846464302,0.0541047377714302,0.0316438002714302,0.0316438002714302,-0.0013151841035698043,-0.016207762228569803,-0.005465574728569804,-0.0035124497285698043,-0.014010496603569804,-0.0323210434785698,-0.0425749497285698,-0.030856199728569803,-0.012545652853569804,-0.012545652853569804,-0.015475340353569804,-0.0599089341035698,-0.0486784653535698,-0.014498777853569804,0.011380128396430196,0.009427003396430196,-0.013522215353569804,-0.0374479966035698,-0.0430632309785698,-0.0430632309785698,-0.028658934103569803,-0.016207762228569803,-0.026461668478569803,-0.0369597153535698,-0.0372038559785698,-0.021822996603569803,-0.009371824728569804,-0.014498777853569804,-0.025729246603569803,-0.029391355978569803,-0.029391355978569803,-0.022555418478569803,-0.008883543478569804,-0.019137449728569803,-0.026217527853569803,-0.019137449728569803,0.0008820815214301957,0.020901612771430197,0.021634034646430197,0.008694581521430196,0.008694581521430196,0.006253175271430196,0.018460206521430197,0.015042237771430196,0.008694581521430196,0.013577394021430196,0.0401887221464302,0.0614289565214302,0.0548371596464302,0.028469972146430197,0.028469972146430197,0.005520753396430196,0.020901612771430197,0.0338410658964302,0.0360383315214302,0.021145753396430197,0.00014965964643019573,-0.014987059103569804,-0.015231199728569804,0.0033234877714301957,0.0033234877714301957,0.022366456521430197,0.023343019021430197,0.012844972146430196,0.015042237771430196,0.029202394021430197,0.0401887221464302,0.0372590346464302,0.028958253396430197,0.029202394021430197,0.0375031752714302,0.0375031752714302,0.0455598158964302,0.0392121596464302,0.028225831521430197,0.016507081521430197,0.005520753396430196,-0.0022917466035698043,-0.012301512228569804,-0.023043699728569803,-0.028903074728569803,-0.028903074728569803,-0.0376921372285698,-0.0335417466035698,-0.028903074728569803,-0.016940184103569803,-0.0032683091035698043,0.005276612771430196,0.00014965964643019573,-0.013278074728569804,-0.023043699728569803,-0.023043699728569803,-0.014498777853569804,0.0504426283964302,0.0621613783964302,0.0445832533964302,0.026760987771430197,0.026272706521430197,0.020901612771430197,-0.024508543478569803,8.58168729926972e-05,8.58168729926972e-05,8.58168729926972e-05,-0.0777311997285698,-0.0442839341035698,-0.0496550278535698,-0.0774870591035698,8.58168729926972e-05,-0.0743132309785698,-0.029879637228569803,0.011624269021430196,0.027981690896430197,0.027981690896430197,0.026272706521430197,0.0375031752714302,0.0724152846464302,0.0768098158964302,0.0377473158964302,-0.012789793478569804,-0.023531980978569803,0.011868409646430196,0.0472688002714302,0.0489777846464302,0.0489777846464302,0.004300050271430196,-0.0816374497285698,-0.0601530747285698,-0.014254637228569804,0.024319581521430197,0.0343293471464302,0.027737550271430197,0.020901612771430197,0.009915284646430196,0.009915284646430196,0.017727784646430197,0.0484895033964302,0.0621613783964302,0.0738801283964302,0.0707063002714302,0.0418977065214302,0.00014965964643019573,-0.027926512228569803,-0.0364714341035698,-0.029635496603569803,-0.029635496603569803,-0.0005827622285698043,-0.009127684103569804,-0.028903074728569803,-0.0530729966035698,-0.0535612778535698,-0.022311277853569803,0.017727784646430197,0.0362824721464302,0.018216065896430197,0.018216065896430197,-0.015963621603569803,-0.007174559103569804,0.023098878396430197,0.030423097146430197,0.004788331521430196,-0.025973387228569803,-0.028170652853569803,-0.009615965353569804,0.00014965964643019573,0.00014965964643019573,-0.015475340353569804,-0.0494108872285698,-0.0528288559785698,-0.0594206528535698,-0.0513640122285698,-0.0330534653535698,-0.008883543478569804,0.012112550271430196,0.004544190896430196,-0.017428465353569803,-0.017428465353569803,-0.0032683091035698043,0.011868409646430196,0.024807862771430197,0.0384797377714302,0.0489777846464302,0.0440949721464302,0.027493409646430197,0.016995362771430197,0.010403565896430196,0.005032472146430196,0.005032472146430196,0.010647706521430196,0.004300050271430196,-0.0037565903535698043,-0.010104246603569804,-0.026949949728569803,-0.0501433091035698,-0.0525847153535698,-0.022799559103569803,0.020413331521430197,0.0353059096464302,0.0353059096464302,0.008206300271430196,-0.020114012228569803,0.013089112771430196,0.0370148940214302,0.0389680190214302,0.026516847146430197,0.017727784646430197,0.022610597146430197,0.0321320815214302,0.0377473158964302,0.0377473158964302,0.0375031752714302,0.022122315896430197,0.013089112771430196,-0.0013151841035698043,-0.012301512228569804,-0.017184324728569803,-0.025973387228569803,-0.0367155747285698,-0.0379362778535698,-0.030856199728569803,-0.030856199728569803,-0.011569090353569804,-0.007662840353569804,0.0016145033964301957,0.012356690896430196,0.014553956521430196,0.012112550271430196,0.014309815896430196,0.018216065896430197,0.027005128396430197,0.027005128396430197,0.0467805190214302,0.0379914565214302,0.029202394021430197,0.031155519021430197,0.0411652846464302,0.0445832533964302,0.0350617690214302,0.012844972146430196,-0.015963621603569803,-0.015963621603569803,-0.028903074728569803,-0.0018034653535698043,-0.012789793478569804,-0.027194090353569803,-0.0469694809785698,-0.0569792466035698,-0.0425749497285698,-0.012057371603569804,0.010403565896430196,0.010403565896430196,-9.448097856980427e-05,-0.024752684103569803,-0.014010496603569804,-0.008639402853569804,-0.012789793478569804,-0.015719480978569803,0.0013703627714301957,0.030423097146430197,0.0453156752714302,0.029934815896430197,0.029934815896430197,-0.0010710434785698043,-0.0008269028535698043,0.012600831521430196,-0.0015593247285698043,-0.027194090353569803,-0.0442839341035698,-0.0459929184785698,-0.0328093247285698,-0.028903074728569803,-0.0372038559785698,-0.0372038559785698,-0.0665007309785698,-0.0584440903535698,-0.031100340353569803,-0.007906980978569804,-0.0008269028535698043,-0.007418699728569804,-0.011324949728569804,0.00014965964643019573,0.011380128396430196,0.011380128396430196,0.006497315896430196,-0.0005827622285698043,0.0397004408964302,0.0689973158964302,0.0643586440214302,0.0335969252714302,0.006985597146430196,0.009915284646430196,0.0382355971464302,0.0575227065214302,0.0575227065214302,0.009182862771430196,-0.011080809103569804,-0.009371824728569804,-0.0032683091035698043,0.0013703627714301957,-9.448097856980427e-05,-0.009615965353569804,-0.026217527853569803,-0.0408659653535698,-0.0408659653535698,-0.0347624497285698,0.018216065896430197,0.013577394021430196,-0.014742918478569804,-0.031100340353569803,-0.013522215353569804,0.020413331521430197,0.0397004408964302,0.027737550271430197,0.027737550271430197,-0.00033862160356980427,0.008450440896430196,0.0440949721464302,0.0531281752714302,0.0338410658964302,0.015530519021430196,0.010403565896430196,0.013821534646430196,0.008206300271430196,-0.0037565903535698043,-0.0037565903535698043,-0.007662840353569804,-0.004244871603569804,-0.013033934103569804,-0.0323210434785698,-0.0435515122285698,-0.0352507309785698,-0.021822996603569803,-0.015231199728569804,-0.023776121603569803,-0.023776121603569803,-0.0374479966035698,-0.011324949728569804,0.006741456521430196,0.004788331521430196,-0.010348387228569804,-0.008883543478569804,0.009182862771430196,0.025052003396430197,0.0340852065214302,0.030423097146430197,0.021145753396430197,0.021145753396430197,0.024807862771430197,0.0353059096464302,0.0472688002714302,0.0465363783964302,0.0323762221464302,0.024807862771430197,0.015530519021430196,0.011624269021430196,0.010159425271430196,0.010159425271430196,-0.008883543478569804,-0.023043699728569803,-0.021578855978569803,-0.008883543478569804,-0.009860105978569804,-0.018893309103569803,-0.031100340353569803,-0.0423308091035698,-0.0389128403535698,-0.0389128403535698,-0.026217527853569803,-0.024996824728569803,-0.031100340353569803,-0.031100340353569803,-0.016451902853569803,0.005032472146430196,0.012600831521430196,0.005276612771430196,-0.005221434103569804,-0.006686277853569804,-0.006686277853569804,0.007229737771430196,0.020657472146430197,0.030423097146430197,0.027005128396430197,0.011868409646430196,-0.0015593247285698043,-0.004000730978569804,0.011868409646430196,0.0335969252714302,0.0335969252714302,0.026760987771430197,0.004788331521430196,-0.007662840353569804,-0.005465574728569804,-0.0005827622285698043,0.0033234877714301957,0.006497315896430196,-0.004000730978569804,-0.010836668478569804,-0.010836668478569804,-0.015719480978569803,-0.017916746603569803,-0.017428465353569803,-0.018893309103569803,-0.025240965353569803,-0.017184324728569803,-0.004244871603569804,-0.0030241684785698043,-0.0035124497285698043,-9.448097856980427e-05,-9.448097856980427e-05,0.015286378396430196,0.007962159646430196,-0.008639402853569804,-0.013033934103569804,0.007718019021430196,0.026516847146430197,0.028714112771430197,0.010159425271430196,-0.011813230978569804,-0.011813230978569804,-0.009860105978569804,0.0331086440214302,0.0313996596464302,0.007962159646430196,-0.006197996603569804,-0.0030241684785698043,0.007962159646430196,0.016751222146430197,0.008938722146430196,0.008938722146430196,-0.005953855978569804,-0.023531980978569803,-0.012301512228569804,0.0008820815214301957,-0.0015593247285698043,-0.022067137228569803,-0.0394011216035698,-0.0376921372285698,-0.013766355978569804,0.005032472146430196,0.005032472146430196,-0.017672605978569803,-0.0389128403535698,-0.0320769028535698,-0.005953855978569804,0.017727784646430197,0.022610597146430197,0.008938722146430196,-0.013033934103569804,-0.023776121603569803,-0.023776121603569803,0.0397004408964302,0.0367707533964302,0.012600831521430196,-0.007906980978569804,-0.006686277853569804,0.015530519021430196,0.0367707533964302,0.0384797377714302,0.0313996596464302,0.0313996596464302,0.009182862771430196,0.013089112771430196,0.017727784646430197,0.024075440896430197,0.022610597146430197,0.006985597146430196,-0.011569090353569804,-0.016207762228569803,0.0006379408964301957,0.010891847146430196,0.00014965964643019573,-0.024752684103569803,-0.0325651841035698,-0.019137449728569803,-0.009615965353569804,-0.009615965353569804,-0.015475340353569804,-0.025729246603569803,-0.025729246603569803,-0.030123777853569803,-0.022311277853569803,-0.017428465353569803,-0.014498777853569804,-0.012301512228569804,-0.013033934103569804,-0.016940184103569803,-0.010348387228569804,0.009915284646430196,0.023343019021430197,0.023343019021430197,0.009427003396430196,0.0018586440214301957,0.009182862771430196,0.026516847146430197,0.0392121596464302,0.0394563002714302,0.027981690896430197,0.017727784646430197,0.008938722146430196,0.008938722146430196,0.012112550271430196,0.030423097146430197,0.0433625502714302,0.0370148940214302,0.005764894021430196,-0.023287840353569803,-0.023287840353569803,-0.0015593247285698043,0.014065675271430196,0.014065675271430196,-0.0010710434785698043,-0.019869871603569803,-0.0384245591035698,-0.0401335434785698,-0.026949949728569803,-0.010348387228569804,-0.005709715353569804,-0.021090574728569803,-0.0359831528535698,-0.0359831528535698,-0.0372038559785698,-0.010592527853569804,-0.017916746603569803,-0.027194090353569803,-0.021822996603569803,-0.017916746603569803,-0.018405027853569803,-0.014742918478569804,-0.007906980978569804,0.0008820815214301957,0.0008820815214301957,0.014065675271430196,0.008694581521430196,-0.004489012228569804,-0.006930418478569804,0.010891847146430196,0.0348176283964302,0.0414094252714302,0.029202394021430197,0.011380128396430196,0.011380128396430196,0.0021027846464301957,0.014553956521430196,0.028469972146430197,0.030667237771430197,0.017971925271430197,-0.0027800278535698043,-0.016696043478569803,-0.008883543478569804,0.007962159646430196,0.007962159646430196,0.013577394021430196,0.006985597146430196,-0.004489012228569804,-0.013522215353569804,-0.007174559103569804,0.006497315896430196,0.016995362771430197,0.016018800271430197,0.008206300271430196,0.008206300271430196,-0.006442137228569804,-0.005465574728569804,0.004300050271430196,0.014553956521430196,0.014309815896430196,-9.448097856980427e-05,-0.015719480978569803,-0.014987059103569804,-0.0022917466035698043,-0.0022917466035698043,0.010159425271430196,-0.0037565903535698043,-0.031100340353569803,-0.0440397934785698,-0.024264402853569803,0.017727784646430197,0.0331086440214302,0.007229737771430196,-0.023776121603569803,-0.023776121603569803,-0.025485105978569803,0.00039380027143019573,0.026272706521430197,0.028714112771430197,0.011868409646430196,-0.013766355978569804,-0.030367918478569803,-0.016207762228569803,0.013333253396430196,0.013333253396430196,0.024807862771430197,0.007718019021430196,-0.008639402853569804,-0.014742918478569804,-0.00033862160356980427,0.028225831521430197,0.0326203627714302,0.013821534646430196,-0.0008269028535698043,-0.0008269028535698043,-0.004977293478569804,0.014798097146430196,0.027981690896430197,0.026760987771430197,0.006741456521430196,-0.011324949728569804,-0.007418699728569804,0.005764894021430196,0.015774659646430197,0.015774659646430197,-0.00033862160356980427,-0.016940184103569803,-0.022555418478569803,-0.010836668478569804,0.013821534646430196,0.024319581521430197,0.0038117690214301957,-0.020846434103569803,-0.0313444809785698,-0.0313444809785698,-0.012057371603569804,-0.0008269028535698043,0.004544190896430196,-0.004733152853569804,-0.024508543478569803,-0.0379362778535698,-0.0313444809785698,-0.016940184103569803,-0.0022917466035698043,-0.0022917466035698043,0.0008820815214301957,-0.021822996603569803,-0.030856199728569803,-0.013278074728569804,0.014798097146430196,0.022610597146430197,0.005032472146430196,-0.010592527853569804,-0.014010496603569804,-0.014010496603569804,0.010403565896430196,0.018704347146430197,0.009427003396430196,-0.0032683091035698043,-0.0032683091035698043,0.009671144021430196,0.024319581521430197,0.028714112771430197,0.020169190896430197,0.020169190896430197,-0.013522215353569804,0.0033234877714301957,0.0421418471464302,0.0555695815214302,0.025540284646430197,-0.012545652853569804,-0.021334715353569803,-0.004244871603569804,0.016018800271430197,0.016018800271430197,0.021634034646430197,0.0011262221464301957,-0.023287840353569803,-0.028658934103569803,-0.014498777853569804,0.006497315896430196,0.015774659646430197,0.006009034646430196,-0.016696043478569803,-0.0352507309785698,-0.0352507309785698,0.013821534646430196,0.0394563002714302,0.022854737771430197,-0.011080809103569804,-0.028414793478569803,-0.014987059103569804,0.016262940896430197,0.0362824721464302,0.020657472146430197,0.020657472146430197,-0.0325651841035698,-0.022555418478569803,0.006985597146430196,0.022366456521430197,0.022122315896430197,0.00039380027143019573,-0.029391355978569803,-0.0328093247285698,-0.0037565903535698043,-0.0037565903535698043,0.006985597146430196,-0.017916746603569803,-0.028170652853569803,-0.020602293478569803,-0.0018034653535698043,0.014553956521430196,0.013089112771430196,-0.009615965353569804,-0.0340300278535698,-0.0340300278535698,-0.010104246603569804,0.013821534646430196,0.019436769021430197,0.0018586440214301957,-0.019381590353569803,-0.026461668478569803,-0.008395262228569804,0.016751222146430197,0.016751222146430197,0.016751222146430197,-0.008883543478569804,0.0018586440214301957,0.018216065896430197,0.022366456521430197,0.010891847146430196,-0.007906980978569804,-0.018405027853569803,-0.005465574728569804,0.019925050271430197,0.019925050271430197,0.016018800271430197,-0.004489012228569804,-0.021578855978569803,-0.008883543478569804,0.030178956521430197,0.0480012221464302,0.023831300271430197,-0.020846434103569803,-0.0332976059785698,-0.0332976059785698,0.019925050271430197,0.0333527846464302,0.018460206521430197,-0.013766355978569804,-0.030367918478569803,-0.015475340353569804,0.015286378396430196,0.0326203627714302,0.015042237771430196,0.015042237771430196,-0.0340300278535698,-0.018649168478569803,0.024075440896430197,0.0438508315214302,0.013821534646430196,-0.026949949728569803,-0.0381804184785698,-0.010104246603569804,0.027249269021430197,0.027249269021430197,0.011624269021430196,-0.022311277853569803,-0.026949949728569803,-0.0013151841035698043,0.027005128396430197,0.028714112771430197,0.004055909646430196,-0.028903074728569803,-0.0350065903535698,-0.0350065903535698,0.030178956521430197,0.024563722146430197,-0.010836668478569804,-0.0320769028535698,-0.022311277853569803,-0.0015593247285698043,0.010403565896430196,0.006497315896430196,-0.009371824728569804,-0.023531980978569803,-0.023531980978569803,-0.009371824728569804,0.0011262221464301957,0.0016145033964301957,-0.011324949728569804,-0.025485105978569803,-0.024264402853569803,-0.007906980978569804,0.008206300271430196,0.0023469252714301957,-0.012789793478569804,-0.012789793478569804,-0.007174559103569804,0.010403565896430196,0.013577394021430196,-0.0005827622285698043,-0.007906980978569804,0.00039380027143019573,0.012844972146430196,0.018704347146430197,0.007473878396430196,-0.005709715353569804,-0.005953855978569804,0.007962159646430196,0.020169190896430197,0.012844972146430196,-0.0030241684785698043,-0.008395262228569804,0.0013703627714301957,0.007229737771430196,0.0033234877714301957,-0.0032683091035698043,-0.0032683091035698043,0.0033234877714301957,0.005032472146430196,0.0008820815214301957,-0.005953855978569804,-0.004977293478569804,-0.00033862160356980427,0.00039380027143019573,0.0033234877714301957,0.009427003396430196,0.009427003396430196,-0.0025358872285698043,-0.004244871603569804,0.006985597146430196,0.016507081521430197,0.015286378396430196,0.014065675271430196,0.008206300271430196,-0.0008269028535698043,0.005764894021430196,0.005764894021430196,0.013089112771430196,0.0016145033964301957,0.0016145033964301957,0.0025910658964301957,0.005276612771430196,0.014553956521430196,0.008206300271430196,-0.0005827622285698043,-0.005221434103569804,-0.005221434103569804,0.0016145033964301957,-0.012301512228569804,-0.013522215353569804,-0.00033862160356980427,0.0038117690214301957,-0.010104246603569804,-0.024264402853569803,-0.020846434103569803,0.0013703627714301957,0.0013703627714301957,0.0018586440214301957,-0.015719480978569803,-0.021334715353569803,-0.006930418478569804,0.008694581521430196,0.013089112771430196,0.006009034646430196,-0.005953855978569804,-0.007906980978569804,0.0030793471464301957,0.010647706521430196,0.009915284646430196,0.004788331521430196,-0.005953855978569804,-0.014010496603569804,-0.004489012228569804,0.013089112771430196,0.017727784646430197,0.007473878396430196,-0.0027800278535698043,-0.011080809103569804,-0.007418699728569804,0.015042237771430196,0.014798097146430196,-0.012789793478569804,-0.028903074728569803,-0.006930418478569804,0.0331086440214302,0.0431184096464302,0.012844972146430196,-0.031100340353569803,-0.0455046372285698,-0.007418699728569804,0.0453156752714302,0.0555695815214302,0.013821534646430196,-0.0425749497285698,-0.0645476059785698,-0.0325651841035698,0.023098878396430197,0.0506867690214302,0.016507081521430197,-0.0459929184785698,-0.0694304184785698,-0.028414793478569803,0.0436066908964302,0.0807160658964302,0.0414094252714302,-0.023776121603569803,-0.0486784653535698,-0.012301512228569804,0.0514191908964302,0.0758332533964302,0.0458039565214302,-0.0005827622285698043,-0.013766355978569804,0.013821534646430196,0.0563020033964302,0.0724152846464302,0.0489777846464302,0.010159425271430196,-0.009371824728569804,0.006985597146430196,0.0372590346464302,0.0372590346464302,0.023098878396430197,-0.009371824728569804,-0.018649168478569803,-0.0008269028535698043,0.026272706521430197,0.025540284646430197,-0.011569090353569804,-0.0430632309785698,-0.0384245591035698,-0.0384245591035698,0.018460206521430197,0.021878175271430197,-0.0035124497285698043,-0.0313444809785698,-0.0330534653535698,-0.015963621603569803,0.011868409646430196,0.022854737771430197,0.0035676283964301957,-0.023531980978569803,-0.0332976059785698,-0.017184324728569803,0.007229737771430196,0.014065675271430196,-0.0005827622285698043,-0.018893309103569803,-0.022555418478569803,-0.011324949728569804,-0.006930418478569804,-0.014987059103569804,-0.021334715353569803,-0.029391355978569803,-0.0379362778535698,-0.030612059103569803,-0.021822996603569803,-0.024020262228569803,-0.029147215353569803,-0.0330534653535698,-0.0342741684785698,-0.030367918478569803,-0.022311277853569803,-0.023776121603569803,-0.0347624497285698,-0.0381804184785698,-0.025240965353569803,-0.008395262228569804,-0.0010710434785698043,-0.006442137228569804,-0.018893309103569803,-0.022555418478569803,-0.018405027853569803,-0.016696043478569803,-0.015719480978569803,-0.012545652853569804,-0.008639402853569804,-0.005465574728569804,-0.007174559103569804,-0.011813230978569804,-0.011569090353569804,-0.008883543478569804,-0.0020476059785698043,0.004300050271430196,0.0025910658964301957,0.0025910658964301957,-0.009615965353569804,-0.016940184103569803,-0.014254637228569804,-0.00033862160356980427,0.013577394021430196,0.016995362771430197,0.016018800271430197,0.011868409646430196,-0.0035124497285698043,-0.027438230978569803,0.00039380027143019573,-0.0394011216035698,-0.0337858872285698,-0.017672605978569803,-0.019869871603569803,-0.027194090353569803,-0.027926512228569803,-0.016207762228569803,-0.0030241684785698043,-0.0008269028535698043,0.0035676283964301957,0.017971925271430197,0.0350617690214302,0.0365266127714302,0.024563722146430197,0.013089112771430196,0.006985597146430196,0.015286378396430196,0.0316438002714302,0.0365266127714302,0.026760987771430197,0.011135987771430196,-0.004000730978569804,0.005276612771430196,0.0333527846464302,0.0453156752714302,0.0313996596464302,-0.0008269028535698043,-0.026705809103569803,-0.022799559103569803,0.006741456521430196,0.0360383315214302,0.0379914565214302,0.009182862771430196,-0.017672605978569803,-0.018649168478569803,0.005764894021430196,0.0353059096464302,0.0445832533964302,0.029446534646430197,0.005276612771430196,-0.0027800278535698043,0.016751222146430197,0.0433625502714302,0.0487336440214302,0.0487336440214302,0.022122315896430197,0.014065675271430196,0.016995362771430197,0.019925050271430197,0.017971925271430197,0.011624269021430196,0.004544190896430196,0.0038117690214301957,0.006009034646430196,0.012600831521430196,0.012112550271430196,-0.005465574728569804,-0.018160887228569803,-0.007662840353569804,0.011624269021430196,0.020901612771430197,0.014065675271430196,-0.008395262228569804,-0.018893309103569803,-0.005953855978569804,-0.005953855978569804,0.026516847146430197,0.020657472146430197,0.0028352065214301957,-0.007662840353569804,-0.0030241684785698043,0.006741456521430196,0.010647706521430196,0.008694581521430196,-0.0020476059785698043,-0.0020476059785698043,-0.006197996603569804,-0.0020476059785698043,-0.0008269028535698043,0.0018586440214301957,-9.448097856980427e-05,-0.0037565903535698043,-0.004733152853569804,-0.006197996603569804,-0.009615965353569804,-0.018160887228569803,-0.021822996603569803,-0.013766355978569804,-0.004489012228569804,-0.004244871603569804,-0.018405027853569803,-0.0345183091035698,-0.0362272934785698,-0.018893309103569803,-0.0005827622285698043,0.0018586440214301957,0.0018586440214301957,-0.015963621603569803,-0.007174559103569804,0.008450440896430196,0.018216065896430197,0.015774659646430197,0.005520753396430196,-0.004000730978569804,-0.0030241684785698043,0.006741456521430196,0.019436769021430197,0.025784425271430197,0.017971925271430197,0.0030793471464301957,0.00014965964643019573,0.006497315896430196,0.017483644021430197,0.025784425271430197,0.016262940896430197,-9.448097856980427e-05,-0.005709715353569804,0.0006379408964301957,0.013821534646430196,0.021145753396430197,0.015530519021430196,-0.00033862160356980427,-0.019137449728569803,-0.027682371603569803,-0.012789793478569804,0.007962159646430196,0.006009034646430196,-0.016451902853569803,-0.0374479966035698,-0.0408659653535698,-0.030612059103569803,-0.021578855978569803,-0.022799559103569803,-0.028414793478569803,-0.0389128403535698,-0.0486784653535698,-0.0467253403535698,-0.0369597153535698,-0.021334715353569803,-0.012301512228569804,-0.015231199728569804,-0.020602293478569803,-0.021578855978569803,-0.021334715353569803,-0.016940184103569803,-0.010348387228569804,-0.004977293478569804,0.0018586440214301957,0.007473878396430196,0.006985597146430196,0.005032472146430196,0.007229737771430196,0.012356690896430196,0.019680909646430197,0.020901612771430197,0.020413331521430197,0.027737550271430197,0.0316438002714302,0.022366456521430197,0.0033234877714301957,-0.014498777853569804,-0.015231199728569804,-0.0032683091035698043,0.0035676283964301957,-0.009371824728569804,-0.028903074728569803,-0.0376921372285698,-0.0364714341035698,-0.0367155747285698,-0.0481901841035698,-0.0535612778535698,-0.0323210434785698,0.006009034646430196,0.0340852065214302,0.028469972146430197,0.0013703627714301957,-0.016451902853569803,-0.011324949728569804,0.013821534646430196,0.0453156752714302,0.0604523940214302,0.0443391127714302,0.024319581521430197,0.025540284646430197,0.0401887221464302,0.0663117690214302,8.58168729926972e-05,0.0782746596464302,0.0641145033964302,0.0475129408964302,0.029934815896430197,0.020169190896430197,0.017483644021430197,0.021389894021430197,0.027005128396430197,0.011135987771430196,-0.016207762228569803,-0.023776121603569803,-0.022067137228569803,-0.027682371603569803,-0.0330534653535698,-0.0359831528535698,-0.029147215353569803,-0.013522215353569804,-0.012789793478569804,-0.029635496603569803,-0.0357390122285698,-0.017428465353569803,0.005276612771430196,0.006497315896430196,-0.006197996603569804,-0.008151121603569804,0.004055909646430196,0.021145753396430197,0.0313996596464302,0.0335969252714302,0.0328645033964302,0.028958253396430197,0.030911378396430197,0.0436066908964302,0.0558137221464302,0.0577668471464302,0.0372590346464302,0.0038117690214301957,-0.013766355978569804,-0.011569090353569804,-0.005465574728569804,-0.015719480978569803,-0.0445280747285698,-0.0628386216035698,-0.0569792466035698,-0.0569792466035698,-0.0667448716035698,-0.0699186997285698,-0.0589323716035698,-0.0494108872285698,-0.0496550278535698,-0.0586882309785698,-0.0540495591035698,-0.023287840353569803,-0.0008269028535698043,-0.019381590353569803,-0.0450163559785698,-0.0328093247285698,0.0025910658964301957,0.0353059096464302,0.0453156752714302,0.031155519021430197,0.021634034646430197,0.028714112771430197,0.0443391127714302,0.0614289565214302,0.0614289565214302,0.0470246596464302,0.029202394021430197,0.015530519021430196,0.005032472146430196,-0.0027800278535698043,-0.018405027853569803,-0.0389128403535698,-0.0403776841035698,-0.023531980978569803,-0.014742918478569804,-0.0340300278535698,-0.0560026841035698,-0.0613737778535698,-0.0467253403535698,-0.024020262228569803,-0.019381590353569803,-0.030367918478569803,-0.0318327622285698,-0.006686277853569804,0.016751222146430197,0.014798097146430196,0.0038117690214301957,0.0018586440214301957,0.014798097146430196,0.0350617690214302,0.0533723158964302,0.0736359877714302,0.0841340346464302,0.0768098158964302,0.0638703627714302,0.0565461440214302,0.0487336440214302,0.0409211440214302,0.0382355971464302,0.0333527846464302,0.022854737771430197,-9.448097856980427e-05,-0.029391355978569803,-0.0457487778535698,-0.0408659653535698,-0.0342741684785698,-0.0347624497285698,-0.0596647934785698,8.58168729926972e-05,-0.0784636216035698,-0.0437956528535698,-0.030367918478569803,-0.0457487778535698,-0.0584440903535698,-0.0464811997285698,-0.010592527853569804,0.010647706521430196,0.005520753396430196,-0.013766355978569804,-0.017672605978569803,-9.448097856980427e-05,0.0313996596464302,0.0570344252714302,0.0636262221464302,0.0509309096464302,0.0421418471464302,0.0470246596464302,0.0594758315214302,0.0677766127714302,0.0501984877714302,0.019925050271430197,0.004544190896430196,-9.448097856980427e-05,-0.004977293478569804,-0.010592527853569804,-0.019137449728569803,-0.0330534653535698,-0.0379362778535698,-0.0420866684785698,-0.0530729966035698,-0.0577116684785698,-0.0464811997285698,-0.027682371603569803,-0.025240965353569803,-0.0396452622285698,-0.0467253403535698,-0.026217527853569803,0.015774659646430197,0.0394563002714302,0.018704347146430197,-0.014987059103569804,-0.022311277853569803,0.006009034646430196,0.0492219252714302,0.0746125502714302,0.0694855971464302,0.0550813002714302,0.0504426283964302,0.0660676283964302,8.58168729926972e-05,8.58168729926972e-05,0.0514191908964302,0.014309815896430196,0.010159425271430196,0.029446534646430197,0.0355500502714302,0.014553956521430196,-0.0389128403535698,-0.0650358872285698,-0.0550261216035698,-0.0313444809785698,-0.025729246603569803,-0.0552702622285698,8.58168729926972e-05,-0.0811491684785698,-0.0530729966035698,-0.0330534653535698,-0.021822996603569803,-0.024020262228569803,-0.027682371603569803,-0.024508543478569803,-0.011813230978569804,0.0021027846464301957,0.011135987771430196,0.009915284646430196,0.006741456521430196,0.017727784646430197,0.0465363783964302,0.0660676283964302,0.0650910658964302,0.0499543471464302,0.0414094252714302,0.0438508315214302,0.0536164565214302,0.0433625502714302,0.020169190896430197,0.008938722146430196,-0.0035124497285698043,-0.0035124497285698043,-0.022555418478569803,-0.024752684103569803,-0.0408659653535698,-0.0601530747285698,-0.0740690903535698,-0.0835905747285698,-0.0806608872285698,-0.0557585434785698,-0.0420866684785698,-0.0481901841035698,-0.0489226059785698,-0.0496550278535698,-0.0457487778535698,-0.030856199728569803,-0.009127684103569804,0.0018586440214301957,0.006985597146430196,0.005276612771430196,0.005032472146430196,0.023343019021430197,0.0538605971464302,0.0614289565214302,0.0506867690214302,0.0453156752714302,0.0611848158964302,8.58168729926972e-05,8.58168729926972e-05,0.0626496596464302,0.025296144021430197,0.010647706521430196,0.021389894021430197,0.027737550271430197,0.015774659646430197,-0.008883543478569804,-0.0357390122285698,-0.0457487778535698,-0.0386686997285698,-0.0462370591035698,-0.0611296372285698,-0.0645476059785698,-0.0660124497285698,-0.0552702622285698,-0.0420866684785698,-0.0372038559785698,-0.0330534653535698,-0.020846434103569803,-0.014742918478569804,-0.011813230978569804,0.005764894021430196,0.025296144021430197,0.0328645033964302,0.027005128396430197,0.022366456521430197,0.0328645033964302,0.0550813002714302,0.0689973158964302,0.0687531752714302,0.0714387221464302,0.0804719252714302,0.0836457533964302,0.0624055190214302,0.028469972146430197,0.011868409646430196,0.016995362771430197,0.025052003396430197,0.021878175271430197,-0.0020476059785698043,-0.0342741684785698,-0.0474577622285698,-0.0372038559785698,-0.0406218247285698,-0.0557585434785698,-0.0640593247285698,-0.0555144028535698,-0.0467253403535698,-0.0440397934785698,-0.0552702622285698,-0.0591765122285698,-0.0398894028535698,-0.004489012228569804,0.009182862771430196,-0.011324949728569804,-0.008883543478569804,0.007962159646430196,0.018216065896430197,0.022854737771430197,0.031155519021430197,0.0436066908964302,0.0633820815214302,0.0697297377714302,0.0655793471464302,0.0541047377714302,0.0453156752714302,0.0575227065214302,0.0621613783964302,0.0433625502714302,0.021389894021430197,0.006253175271430196,-0.0005827622285698043,-0.006442137228569804,-0.019381590353569803,-0.0403776841035698,-0.0550261216035698,-0.0608854966035698,-0.0577116684785698,-0.0474577622285698,-0.0601530747285698,-0.0701628403535698,-0.0660124497285698,-0.0618620591035698,-0.0562468247285698,-0.0415983872285698,-0.026949949728569803,-0.025973387228569803,-0.027682371603569803,-0.010592527853569804,0.006985597146430196,0.012600831521430196,0.010403565896430196,0.0006379408964301957,0.017971925271430197,0.0497102065214302,0.0643586440214302,0.0575227065214302,0.0484895033964302,0.0528840346464302,0.0692414565214302,0.0689973158964302,0.0411652846464302,0.018948487771430197,0.024807862771430197,0.0333527846464302,0.022610597146430197,-0.010836668478569804,-0.0398894028535698,-0.0381804184785698,-0.030123777853569803,-0.028170652853569803,-0.0372038559785698,-0.0691862778535698,-0.0772429184785698,-0.0586882309785698,-0.0459929184785698,-0.0455046372285698,-0.0494108872285698,-0.0472136216035698,-0.027438230978569803,-0.0022917466035698043,0.005520753396430196,-0.004489012228569804,-0.005465574728569804,0.005276612771430196,0.016018800271430197,0.0326203627714302,0.0462922377714302,0.0455598158964302,0.0467805190214302,0.0602082533964302,0.0697297377714302,0.0763215346464302,0.0765656752714302,0.0619172377714302,0.0462922377714302,0.0445832533964302,0.0526398940214302,0.0389680190214302,0.006009034646430196,-0.006930418478569804,-0.014010496603569804,-0.024752684103569803,-0.015719480978569803,-0.024752684103569803,-0.0496550278535698,-0.0706511216035698,-0.0809050278535698,-0.0730925278535698,-0.0506315903535698,-0.0386686997285698,-0.0452604966035698,-0.0479460434785698,-0.0415983872285698,-0.020602293478569803,-0.0015593247285698043,-0.0013151841035698043,-0.0030241684785698043,0.0021027846464301957,0.011135987771430196,0.022366456521430197,0.031155519021430197,0.0367707533964302,0.0377473158964302,0.0436066908964302,0.0541047377714302,0.0621613783964302,0.0626496596464302,0.0641145033964302,0.0506867690214302,0.029934815896430197,0.022610597146430197,0.030667237771430197,0.023343019021430197,-0.0020476059785698043,-0.024996824728569803,-0.0359831528535698,-0.0364714341035698,-0.0459929184785698,-0.0591765122285698,-0.0750456528535698,-0.0735808091035698,-0.0691862778535698,-0.0581999497285698,-0.0472136216035698,-0.0516081528535698,-0.0538054184785698,-0.0411101059785698,-0.016207762228569803,-0.0030241684785698043,-0.005953855978569804,-0.010836668478569804,-0.010348387228569804,-0.008639402853569804,0.017239503396430197,0.0406770033964302,0.0482453627714302,0.0350617690214302,0.020901612771430197,0.0353059096464302,0.0711945815214302,8.58168729926972e-05,8.58168729926972e-05,0.0465363783964302,-0.0018034653535698043,0.0023469252714301957,0.027249269021430197,0.0458039565214302,0.027737550271430197,-0.005709715353569804,-0.029391355978569803,-0.0374479966035698,-0.022067137228569803,-0.017184324728569803,-0.0381804184785698,-0.0713835434785698,-0.0784636216035698,-0.0594206528535698,-0.0330534653535698,-0.022311277853569803,-0.0342741684785698,-0.0633269028535698,-0.0625944809785698,-0.025729246603569803,0.017239503396430197,0.031155519021430197,0.013821534646430196,-0.004733152853569804,-0.008151121603569804,0.004788331521430196,0.0343293471464302,0.0606965346464302,0.0646027846464302,0.0550813002714302,0.0440949721464302,0.0514191908964302,0.0682648940214302,0.0787629408964302,0.0692414565214302,0.0431184096464302,0.028714112771430197,0.0326203627714302,0.0326203627714302,0.009182862771430196,-0.018649168478569803,-0.0345183091035698,-0.0467253403535698,-0.0374479966035698,-0.0359831528535698,-0.0467253403535698,-0.0699186997285698,-0.0826140122285698,-0.0706511216035698,-0.0611296372285698,-0.0538054184785698,-0.0469694809785698,-0.0481901841035698,-0.0347624497285698,-0.007418699728569804,-0.005221434103569804,-0.012057371603569804,-0.006930418478569804,0.004544190896430196,0.0028352065214301957,0.012600831521430196,0.0382355971464302,0.0582551283964302,0.0638703627714302,0.0604523940214302,0.0521516127714302,0.0421418471464302,0.0482453627714302,0.0668000502714302,0.0714387221464302,0.0575227065214302,0.0389680190214302,0.006009034646430196,-0.008151121603569804,0.0038117690214301957,0.005520753396430196,-0.010836668478569804,-0.0396452622285698,-0.0635710434785698,-0.0557585434785698,-0.0494108872285698,-0.0503874497285698,-0.0437956528535698,-0.0542936997285698,-0.0596647934785698,-0.0586882309785698,-0.0494108872285698,-0.030123777853569803,-0.011324949728569804,-0.004244871603569804,-0.025973387228569803,-0.030367918478569803,0.007229737771430196,0.0399445815214302,0.0394563002714302,0.016018800271430197,0.0035676283964301957,0.016262940896430197,0.0582551283964302,8.58168729926972e-05,0.0782746596464302,0.0443391127714302,0.0331086440214302,0.0453156752714302,0.0619172377714302,0.0602082533964302,0.0401887221464302,0.005520753396430196,-0.013522215353569804,-0.0020476059785698043,0.013333253396430196,0.005032472146430196,-0.016940184103569803,-0.0335417466035698,-0.0477019028535698,-0.0442839341035698,-0.0457487778535698,-0.0508757309785698,-0.0547819809785698,-0.0589323716035698,-0.0574675278535698,-0.0428190903535698,-0.026217527853569803,-0.024508543478569803,-0.029635496603569803,-0.016696043478569803,0.0033234877714301957,0.011624269021430196,0.019925050271430197,0.015530519021430196,0.0008820815214301957,0.017483644021430197,0.0448273940214302,0.0521516127714302,0.0511750502714302,0.0421418471464302,0.0348176283964302,0.0426301283964302,0.0570344252714302,0.0621613783964302,0.0533723158964302,0.0331086440214302,0.026760987771430197,0.004544190896430196,-0.014010496603569804,-0.008395262228569804,-0.018893309103569803,-0.021334715353569803,-0.022799559103569803,-0.0376921372285698,-0.0635710434785698,8.58168729926972e-05,8.58168729926972e-05,-0.0708952622285698,-0.0433073716035698,-0.0313444809785698,-0.0418425278535698,-0.0616179184785698,-0.0635710434785698,-0.0403776841035698,0.005520753396430196,0.0377473158964302,0.0328645033964302,0.007718019021430196,-0.004733152853569804,0.004055909646430196,0.023343019021430197,0.0455598158964302,0.0492219252714302,0.0458039565214302,0.0531281752714302,0.0628938002714302,0.0628938002714302,0.0501984877714302,0.0438508315214302,0.0394563002714302,0.0392121596464302,0.0401887221464302,0.026272706521430197,0.0016145033964301957,0.007962159646430196,0.006741456521430196,-0.019869871603569803,-0.0503874497285698,-0.0665007309785698,-0.0738249497285698,-0.0621061997285698,-0.0379362778535698,-0.0406218247285698,-0.0599089341035698,-0.0647917466035698,-0.0584440903535698,-0.0425749497285698,-0.013766355978569804,0.009915284646430196,0.011135987771430196,-0.014987059103569804,-0.027194090353569803,-0.006686277853569804,0.0382355971464302,0.0621613783964302,0.0426301283964302,0.005032472146430196,0.0006379408964301957,0.0438508315214302,8.58168729926972e-05,8.58168729926972e-05,0.0614289565214302,0.0392121596464302,0.0480012221464302,0.0829133315214302,8.58168729926972e-05,8.58168729926972e-05,0.0487336440214302,0.008206300271430196,0.0033234877714301957,0.015530519021430196,0.021634034646430197,0.0016145033964301957,-0.0337858872285698,-0.0691862778535698,-0.0733366684785698,-0.0459929184785698,-0.0369597153535698,-0.0472136216035698,-0.0699186997285698,8.58168729926972e-05,-0.0711394028535698,-0.0401335434785698,-0.011569090353569804,-0.009615965353569804,-0.028658934103569803,-0.0362272934785698,-0.027926512228569803,-0.005465574728569804,0.010647706521430196,0.012600831521430196,0.0025910658964301957,-0.0035124497285698043,-0.009615965353569804,-0.007174559103569804,0.016751222146430197,0.0387238783964302,0.0438508315214302,0.0414094252714302,0.029934815896430197,0.011135987771430196,0.013577394021430196,0.023343019021430197,0.028469972146430197,0.020901612771430197,0.0006379408964301957,-0.017184324728569803,-0.021822996603569803,-0.018893309103569803,-0.021822996603569803,-0.027682371603569803,-0.0367155747285698,-0.0345183091035698,-0.025729246603569803,-0.029879637228569803,-0.0489226059785698,-0.0513640122285698,-0.0433073716035698,-0.029879637228569803,-0.018405027853569803,-0.013766355978569804,-0.008151121603569804,-0.007174559103569804,-0.011569090353569804,-0.012057371603569804,-0.004000730978569804,0.009671144021430196,0.021145753396430197,0.025052003396430197,0.020901612771430197,0.020901612771430197,0.023343019021430197,0.026516847146430197,0.029446534646430197,0.027981690896430197,0.019192628396430197,0.019925050271430197,0.028469972146430197,0.029202394021430197,0.024075440896430197,0.016751222146430197,0.007718019021430196,0.007473878396430196,0.023343019021430197,0.028225831521430197,0.023098878396430197,0.009182862771430196,-0.0032683091035698043,-0.010104246603569804,-0.004000730978569804,0.004788331521430196,0.006253175271430196,0.005764894021430196,0.004055909646430196,-0.006197996603569804,-0.014987059103569804,-0.010592527853569804,-0.004244871603569804,0.004300050271430196,0.009671144021430196,-0.015719480978569803,-0.015719480978569803,-0.020114012228569803,-0.013278074728569804,-0.005465574728569804,-9.448097856980427e-05,0.007962159646430196,0.005032472146430196,-0.012301512228569804,-0.027682371603569803,-0.024752684103569803,0.004300050271430196,0.004300050271430196,-0.0005827622285698043,-0.014498777853569804,-0.021822996603569803,-0.014010496603569804,-0.0020476059785698043,0.004788331521430196,-0.0018034653535698043,-0.015231199728569804,-0.017184324728569803,-0.006930418478569804,0.0016145033964301957,-0.0010710434785698043,-0.013033934103569804,-0.018893309103569803,-0.009615965353569804,0.0013703627714301957,0.0030793471464301957,-0.0030241684785698043,-0.005465574728569804,-0.004977293478569804,-0.0032683091035698043,0.0025910658964301957,0.0038117690214301957,0.00039380027143019573,-0.007662840353569804,-0.014010496603569804,-0.014498777853569804,-0.006197996603569804,0.006741456521430196,0.007718019021430196,-0.0030241684785698043,-0.007662840353569804,-9.448097856980427e-05,0.012844972146430196,0.018704347146430197,0.016995362771430197,0.013821534646430196,0.011868409646430196,0.010159425271430196,0.015530519021430196,0.015530519021430196,0.022854737771430197,0.021878175271430197,0.016751222146430197,0.011380128396430196,0.011135987771430196,0.014065675271430196,0.016751222146430197,0.016262940896430197,0.016751222146430197,0.016751222146430197,0.015286378396430196,0.007229737771430196,-0.0020476059785698043,-0.004244871603569804,-0.0015593247285698043,0.0011262221464301957,-0.0030241684785698043,-0.009371824728569804,-0.0035124497285698043,0.015530519021430196,0.0375031752714302,0.0335969252714302,-0.012057371603569804,-0.0662565903535698,-0.0796843247285698,-0.0357390122285698,0.021878175271430197,0.0387238783964302,0.0018586440214301957,-0.0591765122285698,-0.0823698716035698,-0.0477019028535698,0.0025910658964301957,0.027737550271430197,0.014553956521430196,-0.022067137228569803,-0.0425749497285698,-0.020114012228569803,0.023343019021430197,0.030178956521430197,0.030178956521430197,-0.005465574728569804,-0.012789793478569804,0.016262940896430197,0.0440949721464302,0.0401887221464302,0.008206300271430196,-0.017184324728569803,-0.005221434103569804,0.0328645033964302,0.0680207533964302,0.0555695815214302,0.0016145033964301957,-0.0403776841035698,-0.0330534653535698,0.021634034646430197,0.0699738783964302,0.0619172377714302,0.00014965964643019573,-0.0501433091035698,0.005276612771430196,0.005276612771430196,0.0633820815214302,0.0692414565214302,0.016018800271430197,-0.0486784653535698,-0.0657683091035698,-0.016207762228569803,0.0511750502714302,0.0641145033964302,-0.0442839341035698,-0.0442839341035698,-0.0540495591035698,-0.014254637228569804,0.029934815896430197,0.029934815896430197,-0.0030241684785698043,-0.030856199728569803,-0.0315886216035698,-0.010836668478569804,0.011380128396430196,0.011135987771430196,-0.007174559103569804,-0.019381590353569803,-0.017184324728569803,0.0006379408964301957,0.011135987771430196,-0.0015593247285698043,-0.022555418478569803,-0.022555418478569803,-0.0005827622285698043,0.009671144021430196,0.004055909646430196,-0.014498777853569804,-0.0328093247285698,-0.022799559103569803,0.00039380027143019573,0.015774659646430197,0.008938722146430196,-0.015963621603569803,-0.0450163559785698,-0.028903074728569803,-0.028903074728569803,-0.0013151841035698043,0.004788331521430196,-0.012789793478569804,-0.0518522934785698,-0.0745573716035698,-0.0528288559785698,-0.017916746603569803,0.0013703627714301957,-0.007662840353569804,-0.0386686997285698,-0.0616179184785698,-0.0442839341035698,0.0025910658964301957,0.0025910658964301957,-0.008639402853569804,-0.022311277853569803,-0.0362272934785698,-0.0340300278535698,-0.008395262228569804,0.017239503396430197,0.028714112771430197,0.019925050271430197,-0.012301512228569804,-0.0330534653535698,-0.010836668478569804,0.025052003396430197,0.0387238783964302,0.017971925271430197,-0.014498777853569804,-0.019625730978569803,0.0018586440214301957,0.019925050271430197,0.022854737771430197,0.005764894021430196,-0.015719480978569803,-0.015963621603569803,0.0038117690214301957,0.021634034646430197,0.0365266127714302,0.0389680190214302,-0.0022917466035698043,-0.0022917466035698043,0.010647706521430196,0.0353059096464302,0.0567902846464302,0.0460480971464302,0.015530519021430196,0.007229737771430196,0.010891847146430196,0.015530519021430196,0.027249269021430197,0.0379914565214302,0.024319581521430197,-0.0018034653535698043,-0.011813230978569804,-0.010104246603569804,0.005276612771430196,0.031155519021430197,0.016995362771430197,-0.030367918478569803,-0.0508757309785698,-0.024752684103569803,0.022366456521430197,0.0504426283964302,0.024075440896430197,-0.025973387228569803,-0.0369597153535698,-0.017428465353569803,0.0416535658964302,0.0323762221464302,0.0323762221464302,-0.0037565903535698043,-0.0345183091035698,-0.030367918478569803,0.00039380027143019573,-9.448097856980427e-05,0.0526398940214302,-0.0320769028535698,-0.0320769028535698,-0.0477019028535698,-0.007174559103569804,0.0572785658964302,0.0753449721464302,0.024807862771430197,-0.0325651841035698,-0.0391569809785698,-0.004244871603569804,0.0458039565214302,0.0699738783964302,0.0350617690214302,-0.021334715353569803,-0.0530729966035698,-0.0342741684785698,0.005032472146430196,0.028958253396430197,0.019680909646430197,-0.015963621603569803,-0.0511198716035698,-0.0464811997285698,-0.008883543478569804,0.021389894021430197,0.022366456521430197,-0.0320769028535698,-0.019381590353569803,-0.019381590353569803,0.021878175271430197,0.021878175271430197,0.020657472146430197,0.008206300271430196,-0.004244871603569804,-0.009615965353569804,-0.0022917466035698043,0.006253175271430196,0.010647706521430196,0.006497315896430196,0.004544190896430196,0.019680909646430197,0.019680909646430197,0.020657472146430197,-0.006442137228569804,-0.030612059103569803,-0.011569090353569804,0.028714112771430197,0.0392121596464302,0.024807862771430197,0.005276612771430196,-0.010104246603569804,-0.010104246603569804,0.014309815896430196,0.0326203627714302,0.0348176283964302,0.015774659646430197,-0.008395262228569804,-0.026949949728569803,-0.013033934103569804,0.021878175271430197,0.0331086440214302,0.009915284646430196,-0.013033934103569804,-0.0015593247285698043,0.008694581521430196,-0.0027800278535698043,-0.012789793478569804,0.0013703627714301957,0.007229737771430196,0.0021027846464301957,0.005032472146430196,0.010647706521430196,0.0021027846464301957,-0.012057371603569804,-0.015475340353569804,-0.010836668478569804,0.0011262221464301957,0.006985597146430196,0.004300050271430196,-0.020358152853569803,-0.0445280747285698,0.0013703627714301957,0.0013703627714301957,0.008938722146430196,-0.017916746603569803,-0.0357390122285698,-0.023531980978569803,-0.019625730978569803,-0.030123777853569803,-0.021090574728569803,0.014309815896430196,-0.013278074728569804,-0.013278074728569804,-0.0455046372285698,-0.0352507309785698,-0.008883543478569804,-0.0013151841035698043,-0.011080809103569804,-0.014987059103569804,-0.023776121603569803,-0.028658934103569803,-0.021578855978569803,-0.012545652853569804,-0.011569090353569804,-0.024752684103569803,-0.025485105978569803,-0.016696043478569803,-0.005709715353569804,-0.004000730978569804,-0.0025358872285698043,0.0023469252714301957,-0.015475340353569804,-0.0398894028535698,0.0038117690214301957,0.0038117690214301957,0.0318879408964302,0.013333253396430196,-0.021090574728569803,-0.011080809103569804,0.015774659646430197,0.018704347146430197,-0.00033862160356980427,-0.0020476059785698043,0.014798097146430196,-0.007174559103569804,-0.007174559103569804,0.0025910658964301957,0.0316438002714302,0.025784425271430197,0.0016145033964301957,-0.0027800278535698043,0.016018800271430197,0.0343293471464302,0.00039380027143019573,0.0323762221464302,-0.0015593247285698043,0.014553956521430196,0.0328645033964302,0.0328645033964302,0.013089112771430196,0.010159425271430196,0.022366456521430197,0.0326203627714302,0.0331086440214302,0.0367707533964302,0.0436066908964302,0.0350617690214302,0.016262940896430197,0.0028352065214301957,0.0450715346464302,0.0450715346464302,0.0458039565214302,0.016995362771430197,-0.00033862160356980427,0.010891847146430196,0.020413331521430197,0.012356690896430196,-0.0037565903535698043,-0.009860105978569804,-0.0008269028535698043,0.009915284646430196,-0.016451902853569803,-0.020358152853569803,-0.020358152853569803,-0.006197996603569804,-0.0037565903535698043,-0.015475340353569804,-0.020114012228569803,-0.0027800278535698043,0.015530519021430196,0.009427003396430196,-0.015719480978569803,-0.0037565903535698043,-0.0037565903535698043,0.019925050271430197,0.025052003396430197,0.008938722146430196,-0.010592527853569804,-0.012301512228569804,-0.004000730978569804,0.007962159646430196,0.008450440896430196,0.005764894021430196,0.005764894021430196,-0.006197996603569804,-0.025973387228569803,-0.028658934103569803,-0.009371824728569804,-0.0020476059785698043,-0.012789793478569804,-0.030856199728569803,-0.0457487778535698,-0.0384245591035698,0.018216065896430197,0.018216065896430197,0.0028352065214301957,-0.0391569809785698,-0.0672331528535698,-0.0511198716035698,-0.005465574728569804,0.020169190896430197,0.006253175271430196,-0.026217527853569803,-0.0491667466035698,-0.0037565903535698043,-0.0037565903535698043,0.020901612771430197,0.012844972146430196,-0.014010496603569804,-0.0376921372285698,-0.030612059103569803,0.0028352065214301957,0.030911378396430197,0.024075440896430197,-0.018893309103569803,-0.018893309103569803,-0.010592527853569804,0.009671144021430196,0.024563722146430197,0.026028565896430197,0.006985597146430196,-0.010104246603569804,-0.006442137228569804,0.014553956521430196,0.027981690896430197,0.027005128396430197,0.027005128396430197,0.011868409646430196,-0.0005827622285698043,0.0033234877714301957,0.023098878396430197,0.0355500502714302,0.025784425271430197,0.015042237771430196,0.012112550271430196,0.025540284646430197,0.025540284646430197,0.027249269021430197,0.016995362771430197,0.004544190896430196,0.0016145033964301957,0.0030793471464301957,0.005032472146430196,0.0035676283964301957,0.0018586440214301957,-0.005221434103569804,-0.014742918478569804,-0.026217527853569803,-0.026217527853569803,-0.019137449728569803,-0.007418699728569804,-0.006442137228569804,-0.021334715353569803,-0.0423308091035698,-0.0379362778535698,-0.008151121603569804,0.013821534646430196,-0.011324949728569804,-0.025485105978569803,-0.025485105978569803,-0.022067137228569803,-0.0005827622285698043,0.028714112771430197,0.0443391127714302,0.030667237771430197,0.005764894021430196,-0.0022917466035698043,0.008206300271430196,0.027737550271430197,0.026516847146430197,0.026516847146430197,0.008206300271430196,-0.004733152853569804,0.0035676283964301957,0.021145753396430197,0.026272706521430197,0.00039380027143019573,-0.027438230978569803,-0.028658934103569803,-0.006686277853569804,-0.006686277853569804,-0.019381590353569803,-0.0418425278535698,-0.0452604966035698,-0.025973387228569803,-0.011569090353569804,-0.009860105978569804,-0.025973387228569803,-0.0406218247285698,-0.0467253403535698,-0.0323210434785698,-0.0015593247285698043,-0.0015593247285698043,-0.005465574728569804,-0.0037565903535698043,0.0018586440214301957,0.006497315896430196,0.010647706521430196,0.016018800271430197,0.026028565896430197,0.028958253396430197,0.0343293471464302,0.0343293471464302,0.0428742690214302,0.0428742690214302,0.0416535658964302,0.0375031752714302,0.0375031752714302,0.0397004408964302,0.028958253396430197,0.016262940896430197,0.021389894021430197,0.030911378396430197,0.004300050271430196,0.004300050271430196,-0.010836668478569804,-0.010348387228569804,-0.005465574728569804,-0.010348387228569804,-0.014498777853569804,-0.020846434103569803,-0.026461668478569803,-0.027926512228569803,-0.029879637228569803,-0.0318327622285698,-0.030856199728569803,-0.030856199728569803,-0.027438230978569803,-0.027682371603569803,-0.027438230978569803,-0.014987059103569804,-0.0005827622285698043,-0.0015593247285698043,-0.008883543478569804,-0.004489012228569804,0.024563722146430197,0.026272706521430197,0.026272706521430197,0.028714112771430197,0.030423097146430197,0.0399445815214302,0.0443391127714302,0.030667237771430197,0.017239503396430197,0.011624269021430196,0.014309815896430196,0.008450440896430196,0.008450440896430196,0.0021027846464301957,0.0013703627714301957,-0.0018034653535698043,-0.012789793478569804,-0.021090574728569803,-0.014987059103569804,-0.006442137228569804,-0.014498777853569804,-0.0450163559785698,-0.0464811997285698,-0.0464811997285698,-0.0415983872285698,-0.0420866684785698,-0.0462370591035698,-0.0415983872285698,-0.023776121603569803,-0.009127684103569804,-0.010836668478569804,-0.014987059103569804,-0.0020476059785698043,-0.0020476059785698043,0.016018800271430197,0.018704347146430197,0.014309815896430196,0.019925050271430197,0.027493409646430197,0.0318879408964302,0.0382355971464302,0.0382355971464302,0.016751222146430197,0.016751222146430197,0.014553956521430196,0.019436769021430197,0.015530519021430196,0.007962159646430196,0.013821534646430196,0.023343019021430197,0.016262940896430197,-0.0008269028535698043,-0.021578855978569803,-0.023287840353569803,-0.023287840353569803,-0.009127684103569804,-0.007418699728569804,-0.021822996603569803,-0.0340300278535698,-0.0411101059785698,-0.0389128403535698,-0.023776121603569803,-0.004733152853569804,0.0030793471464301957,0.0030793471464301957,-0.005465574728569804,0.0008820815214301957,0.016995362771430197,0.022122315896430197,0.017727784646430197,0.027005128396430197,0.0445832533964302,0.0567902846464302,0.030667237771430197,0.030667237771430197,0.017971925271430197,0.021389894021430197,0.0365266127714302,0.0450715346464302,0.029934815896430197,0.013577394021430196,0.016507081521430197,0.017239503396430197,-0.012545652853569804,-0.017672605978569803,-0.017672605978569803,-0.016696043478569803,-0.014254637228569804,-0.022555418478569803,-0.0359831528535698,-0.0403776841035698,-0.0437956528535698,-0.0354948716035698,-0.020358152853569803,-0.017916746603569803,-0.029391355978569803,-0.024996824728569803,0.006009034646430196,0.006009034646430196,0.010647706521430196,-0.005709715353569804,-0.005709715353569804,0.00014965964643019573,0.014065675271430196,0.019925050271430197,0.018460206521430197,0.010647706521430196,-0.004000730978569804,-0.012545652853569804,-0.004733152853569804,0.004055909646430196,0.0030793471464301957,0.0030793471464301957,0.0035676283964301957,-0.008151121603569804,-0.025485105978569803,-0.030612059103569803,-0.021822996603569803,-0.021578855978569803,-0.026949949728569803,-0.026949949728569803,-0.020602293478569803,-0.020602293478569803,-0.011813230978569804,-0.011080809103569804,-0.0037565903535698043,0.016995362771430197,0.023831300271430197,0.014309815896430196,0.005764894021430196,0.013821534646430196,0.0458039565214302,0.0404328627714302,0.0404328627714302,0.023343019021430197,0.011868409646430196,0.005764894021430196,0.008206300271430196,0.018948487771430197,0.031155519021430197,0.022122315896430197,-0.025729246603569803,-0.005465574728569804,-0.005465574728569804,0.020413331521430197,0.015286378396430196,-0.017428465353569803,-0.0452604966035698,-0.0518522934785698,-0.0450163559785698,-0.024752684103569803,0.004300050271430196,-0.019381590353569803,-0.019381590353569803,-0.024264402853569803,-0.008639402853569804,0.008450440896430196,0.017483644021430197,0.020169190896430197,0.017971925271430197,0.017483644021430197,0.026272706521430197,0.023831300271430197,0.013821534646430196,0.013821534646430196,0.0013703627714301957,0.00014965964643019573,0.013821534646430196,0.019436769021430197,0.006497315896430196,-0.009371824728569804,-0.017428465353569803,-0.009127684103569804,-0.0035124497285698043,-0.0035124497285698043,-0.029879637228569803,-0.0440397934785698,-0.0406218247285698,-0.0313444809785698,-0.024996824728569803,-0.013766355978569804,-0.019625730978569803,-0.0413542466035698,-0.006197996603569804,-0.006197996603569804,0.022366456521430197,0.020901612771430197,0.015042237771430196,0.013821534646430196,0.019925050271430197,0.028958253396430197,0.0350617690214302,0.027493409646430197,0.008694581521430196,0.019192628396430197,0.019192628396430197,0.027981690896430197,0.024807862771430197,0.004055909646430196,-0.010104246603569804,-0.014254637228569804,-0.010348387228569804,0.00014965964643019573,-0.009371824728569804,-0.0369597153535698,-0.0369597153535698,-0.0367155747285698,-0.015963621603569803,0.0018586440214301957,0.00039380027143019573,-0.010348387228569804,-0.008883543478569804,0.010647706521430196,0.021878175271430197,0.029446534646430197,0.0338410658964302,0.0338410658964302,0.0345734877714302,0.027493409646430197,0.018948487771430197,0.018216065896430197,0.017483644021430197,0.018704347146430197,0.016018800271430197,0.005276612771430196,-0.0015593247285698043,-0.016696043478569803,-0.015231199728569804,-0.015231199728569804,-0.015963621603569803,-0.0354948716035698,-0.0503874497285698,-0.0435515122285698,-0.013766355978569804,0.004788331521430196,-0.014254637228569804,-0.0359831528535698,0.007473878396430196,0.007473878396430196,0.024807862771430197,0.012356690896430196,-0.0010710434785698043,0.006253175271430196,0.027493409646430197,0.0389680190214302,0.0316438002714302,0.013333253396430196,-0.011813230978569804,0.005520753396430196,0.005520753396430196,0.029202394021430197,0.027737550271430197,-0.0018034653535698043,-0.0350065903535698,-0.0489226059785698,-0.0340300278535698,-0.006197996603569804,0.005520753396430196,-0.0396452622285698,-0.0477019028535698,-0.0477019028535698,-0.0320769028535698,-0.005221434103569804,0.016751222146430197,0.017483644021430197,-0.0022917466035698043,-0.012301512228569804,0.0035676283964301957,0.027981690896430197,0.030911378396430197,0.030911378396430197,0.010647706521430196,0.010647706521430196,0.011624269021430196,0.016995362771430197,0.021389894021430197,0.024319581521430197,0.016507081521430197,-0.004977293478569804,-0.018160887228569803,-0.011324949728569804,-0.009371824728569804,-0.0391569809785698,-0.0391569809785698,-0.0423308091035698,-0.023287840353569803,-0.008151121603569804,-0.008883543478569804,-0.010348387228569804,0.006497315896430196,0.022854737771430197,0.025540284646430197,0.014065675271430196,0.0333527846464302,0.0333527846464302,0.0448273940214302,0.0360383315214302,0.013821534646430196,0.0021027846464301957,0.012112550271430196,0.025052003396430197,0.018704347146430197,-0.004489012228569804,-0.006930418478569804,-0.006930418478569804,0.016018800271430197,0.008938722146430196,-0.029391355978569803,-0.0594206528535698,-0.0486784653535698,-0.026217527853569803,-0.009371824728569804,-0.010104246603569804,-0.023776121603569803,-0.007174559103569804,0.008694581521430196,0.008694581521430196,0.017239503396430197,0.027981690896430197,0.029446534646430197,0.011868409646430196,0.00014965964643019573,-0.006686277853569804,0.009182862771430196,0.026272706521430197,-0.008883543478569804,-0.025973387228569803,-0.025973387228569803,-0.018649168478569803,-0.0030241684785698043,-0.006442137228569804,-0.022311277853569803,-0.026217527853569803,-0.028414793478569803,-0.025240965353569803,-0.021822996603569803,-0.019137449728569803,0.004055909646430196,0.005032472146430196,0.005032472146430196,-0.0030241684785698043,0.0023469252714301957,0.025052003396430197,0.0438508315214302,0.0440949721464302,0.031155519021430197,0.014065675271430196,0.019192628396430197,0.017727784646430197,0.017727784646430197,0.0025910658964301957,-0.010592527853569804,-0.012301512228569804,-0.0032683091035698043,-0.0010710434785698043,-0.012301512228569804,-0.025729246603569803,-0.0347624497285698,-0.0396452622285698,-0.0025358872285698043,0.013089112771430196,0.013089112771430196,0.0030793471464301957,-0.015963621603569803,-0.008151121603569804,0.016995362771430197,0.0384797377714302,0.0362824721464302,0.022610597146430197,0.010647706521430196,0.014065675271430196,0.014065675271430196,0.018704347146430197,0.025784425271430197,0.023831300271430197,0.008938722146430196,-0.005953855978569804,-0.012057371603569804,-0.020602293478569803,-0.019625730978569803,-0.015475340353569804,-0.019381590353569803,-0.024752684103569803,-0.024752684103569803,-0.020602293478569803,-0.007662840353569804,0.007229737771430196,0.018948487771430197,0.022122315896430197,0.012600831521430196,0.009671144021430196,0.00039380027143019573,0.0360383315214302,0.007473878396430196,0.004055909646430196,0.004055909646430196,0.010403565896430196,0.011380128396430196,-0.010348387228569804,-0.0376921372285698,-0.0557585434785698,-0.0545378403535698,-0.0408659653535698,-0.017184324728569803,-0.005709715353569804,-0.005709715353569804,-0.0037565903535698043,-0.015963621603569803,-0.022555418478569803,-0.007418699728569804,0.013821534646430196,0.023343019021430197,0.020169190896430197,0.023343019021430197,0.0321320815214302,0.027249269021430197,0.0008820815214301957,0.0025910658964301957,0.0025910658964301957,-0.004244871603569804,-0.025729246603569803,-0.0513640122285698,-0.0381804184785698,-0.007662840353569804,-0.0022917466035698043,-0.0332976059785698,-0.0662565903535698,-0.017428465353569803,0.0035676283964301957,0.0035676283964301957,-0.021334715353569803,-0.0484343247285698,-0.0457487778535698,-0.009371824728569804,0.009427003396430196,-0.009615965353569804,-0.028903074728569803,-0.015719480978569803,0.028225831521430197,0.018704347146430197,0.018704347146430197,0.009671144021430196,0.012844972146430196,0.017483644021430197,0.007473878396430196,0.0006379408964301957,0.014309815896430196,0.0384797377714302,0.0409211440214302,0.0023469252714301957,0.0023469252714301957,0.006253175271430196,0.014065675271430196,0.011868409646430196,0.008450440896430196,0.009915284646430196,0.017239503396430197,0.023831300271430197,0.023831300271430197,0.018704347146430197,0.015042237771430196,0.015042237771430196,0.014798097146430196,0.021634034646430197,0.028714112771430197,0.030423097146430197,0.027737550271430197,0.023098878396430197,0.017483644021430197,0.008938722146430196,0.013577394021430196,0.024563722146430197,0.024563722146430197,0.028958253396430197,0.018948487771430197,0.0008820815214301957,-0.011324949728569804,-0.005221434103569804,0.013333253396430196,0.022610597146430197,-0.0020476059785698043,-0.013522215353569804,-0.013522215353569804,-0.005221434103569804,0.023098878396430197,0.0431184096464302,0.0379914565214302,0.021145753396430197,0.010403565896430196,0.012600831521430196,0.021145753396430197,0.017971925271430197,0.017971925271430197,0.013577394021430196,0.008450440896430196,0.004055909646430196,0.0006379408964301957,-0.0015593247285698043,-0.0030241684785698043,-0.005709715353569804,-0.011080809103569804,-0.0013151841035698043,-0.007662840353569804,-0.007662840353569804,-0.019381590353569803,-0.0325651841035698,-0.0342741684785698,-0.024020262228569803
UR5e_W,0.01218668158975085,0.03586832221475085,0.02707925971475085,0.01633707221475085,0.01243082221475085,0.01999918158975085,0.02903238471475085,0.02683511908975085,0.02683511908975085,0.01316324408975085,0.005839025339750849,0.00998941596475085,0.00950113471475085,-0.0036824590352491507,-0.01588949028524915,-0.01613363091024915,-0.00856527153524915,-0.007100427785249151,-0.01125081841024915,-0.01466878716024915,-0.02077230278524915,-0.02614339653524915,-0.02565511528524915,-0.02077230278524915,-0.01784261528524915,-0.01930745903524915,-0.02541097466024915,-0.02980550591024915,-0.02345784966024915,-0.01418050591024915,-0.01271566216024915,-0.01466878716024915,-0.01784261528524915,-0.01613363091024915,-0.01051839653524915,-0.01149495903524915,-0.01540120903524915,-0.01808675591024915,-0.01442464653524915,-0.00856527153524915,-0.004659021535249151,-0.0007527715352491507,-2.0349660249150726e-05,-0.0017293340352491507,-0.005147302785249151,-0.005635584035249151,-0.005635584035249151,-0.0036824590352491507,0.0016886347147508493,0.01121011908975085,0.01047769721475085,0.01047769721475085,0.00974527533975085,0.00828043158975085,0.00852457221475085,0.00925699408975085,0.00950113471475085,0.00876871283975085,0.01023355658975085,0.01121011908975085,0.01316324408975085,0.01536050971475085,0.01487222846475085,0.00950113471475085,0.0019327753397508493,0.0033976190897508493,0.01194254096475085,0.01194254096475085,0.01536050971475085,0.00998941596475085,-0.00832113091024915,-0.0012410527852491507,0.01121011908975085,0.01877847846475085,0.01462808783975085,-0.0009969121602491507,-0.01076253716024915,-0.0034383184102491507,0.01218668158975085,0.01999918158975085,0.01121011908975085,-0.0012410527852491507,-0.005879724660249151,-0.0024617559102491507,0.0031534784647508493,0.01096597846475085,0.00828043158975085,-0.004903162160249151,-0.00954183403524915,-0.00954183403524915,-0.005391443410249151,0.0033976190897508493,-0.0027058965352491507,-0.007100427785249151,-0.0029500371602491507,0.0016886347147508493,-0.005391443410249151,-0.01222738091024915,-0.00783284966024915,-0.00783284966024915,-2.0349660249150726e-05,-2.0349660249150726e-05,-0.00832113091024915,-0.01247152153524915,-0.006123865285249151,0.0014444940897508493,0.005594884714750849,-0.0017293340352491507,-0.01198324028524915,-0.01759847466024915,-0.01759847466024915,-0.00978597466024915,0.0019327753397508493,-0.01027425591024915,-0.01613363091024915,-0.00978597466024915,-0.005879724660249151,-0.0034383184102491507,-0.0005086309102491507,-0.00832113091024915,-0.00832113091024915,-0.01808675591024915,-0.01540120903524915,-0.007100427785249151,-0.005391443410249151,-0.005391443410249151,-0.0036824590352491507,-0.0009969121602491507,-0.0002644902852491507,-0.0005086309102491507,-0.0012410527852491507,-0.0012410527852491507,-0.0034383184102491507,0.0038859003397508493,0.004862462839750849,0.004374181589750849,0.007303869089750849,0.01072183783975085,0.01023355658975085,0.01218668158975085,0.01536050971475085,0.01536050971475085,0.01243082221475085,0.01267496283975085,0.01169840033975085,0.00998941596475085,0.01706949408975085,0.01780191596475085,0.005839025339750849,0.006327306589750849,0.01951090033975085,0.02610269721475085,0.02610269721475085,0.01951090033975085,0.00828043158975085,0.01047769721475085,0.01365152533975085,0.01072183783975085,0.004374181589750849,-0.006368005910249151,-0.007344568410249151,-0.0007527715352491507,-0.0007527715352491507,0.0026651972147508493,-0.0002644902852491507,-0.01222738091024915,-0.02150472466024915,-0.01320394341024915,0.0019327753397508493,-0.0029500371602491507,-0.02760824028524915,-0.05128988091024915,-0.05128988091024915,-0.05788167778524915,-0.04445394341024915,-0.03004964653524915,-0.04738363091024915,-0.06447347466024915,-0.05690511528524915,-0.03102620903524915,-0.01247152153524915,-0.01564534966024915,-0.03444417778524915,-0.03444417778524915,-0.04665120903524915,-0.005147302785249151,0.01389566596475085,0.01169840033975085,-0.004414880910249151,-0.01247152153524915,0.0016886347147508493,0.02756754096475085,0.03708902533975085,0.03708902533975085,0.02903238471475085,0.02073160346475085,0.03830972846475085,0.05613199408975085,0.05149332221475085,0.03489175971475085,0.02244058783975085,0.01975504096475085,0.03049722846475085,0.03049722846475085,0.04612222846475085,0.04563394721475085,0.02952066596475085,0.02414957221475085,0.03147379096475085,0.03855386908975085,0.04197183783975085,0.03342691596475085,0.01682535346475085,0.01682535346475085,0.00901285346475085,0.01267496283975085,0.01829019721475085,0.01365152533975085,0.0024210565897508493,-0.01442464653524915,-0.01564534966024915,0.0004679315897508493,0.006815587839750849,-0.0029500371602491507,-0.0029500371602491507,-0.02174886528524915,-0.02882894341024915,-0.01149495903524915,-0.00954183403524915,-0.02052816216024915,-0.03737386528524915,-0.03981527153524915,-0.02150472466024915,-0.00954183403524915,-0.00954183403524915,-0.01711019341024915,-0.03493245903524915,-0.03102620903524915,-0.0036824590352491507,0.01389566596475085,0.006327306589750849,-0.02003988091024915,-0.03371175591024915,-0.02394613091024915,-0.0012410527852491507,-0.0012410527852491507,0.01536050971475085,0.0021769159647508493,-0.005391443410249151,-0.0019734746602491507,0.00925699408975085,0.01951090033975085,0.01023355658975085,-0.00807699028524915,-0.00929769341024915,-0.00929769341024915,0.005106603464750849,0.02903238471475085,0.02488199408975085,0.01072183783975085,-0.0034383184102491507,-0.004659021535249151,0.0029093378397508493,0.01023355658975085,0.01169840033975085,0.01169840033975085,0.0029093378397508493,-0.00807699028524915,0.0014444940897508493,0.006327306589750849,-0.0027058965352491507,-0.01247152153524915,-0.01320394341024915,-0.01149495903524915,-0.01198324028524915,-0.004414880910249151,-0.004414880910249151,0.0024210565897508493,-0.01418050591024915,-0.01808675591024915,-0.01003011528524915,-0.005147302785249151,-0.006856287160249151,-0.01418050591024915,-0.02126058403524915,-0.01955159966024915,-0.01955159966024915,-0.0036824590352491507,0.0026651972147508493,-0.00783284966024915,-0.007588709035249151,0.00876871283975085,0.01975504096475085,0.01291910346475085,-0.0012410527852491507,-0.007588709035249151,-0.004170740285249151,-0.004170740285249151,0.01194254096475085,0.03367105658975085,0.02121988471475085,0.0031534784647508493,0.0031534784647508493,0.02097574408975085,0.03245035346475085,0.03171793158975085,0.02292886908975085,0.02292886908975085,0.006571447214750849,0.02073160346475085,0.03342691596475085,0.02244058783975085,0.0031534784647508493,-0.00807699028524915,-0.01027425591024915,0.00022379096475084927,0.01121011908975085,0.01121011908975085,0.00974527533975085,-0.01662191216024915,-0.02687581841024915,-0.02126058403524915,-0.01393636528524915,-0.01271566216024915,-0.01442464653524915,-0.01857503716024915,-0.01466878716024915,-0.0012410527852491507,-0.0012410527852491507,0.0012003534647508493,-0.02785238091024915,-0.03371175591024915,-0.02174886528524915,-0.00783284966024915,-0.004170740285249151,-0.006856287160249151,-0.005635584035249151,-0.004414880910249151,-0.004414880910249151,-0.007100427785249151,-0.006123865285249151,-0.01003011528524915,-0.003926599660249151,0.007303869089750849,0.01413980658975085,0.01291910346475085,0.0026651972147508493,-0.005147302785249151,-0.004903162160249151,-0.004903162160249151,0.006083165964750849,0.01999918158975085,0.00803629096475085,-0.004659021535249151,0.005594884714750849,0.02317300971475085,0.02927652533975085,0.01926675971475085,-0.0014851934102491507,-0.0014851934102491507,-0.01247152153524915,0.01389566596475085,0.01926675971475085,0.01487222846475085,-0.0022176152852491507,-0.01808675591024915,-0.01051839653524915,0.006571447214750849,0.01291910346475085,0.01291910346475085,0.00803629096475085,-0.00929769341024915,-0.003926599660249151,0.005106603464750849,0.01291910346475085,0.005106603464750849,-0.01222738091024915,-0.01955159966024915,-0.01198324028524915,0.0012003534647508493,0.0012003534647508493,0.01413980658975085,0.01047769721475085,0.0007120722147508493,-0.0027058965352491507,0.006815587839750849,0.01316324408975085,0.005594884714750849,0.0016886347147508493,0.006571447214750849,0.006571447214750849,0.01145425971475085,0.007303869089750849,0.0012003534647508493,0.004374181589750849,0.00925699408975085,0.0019327753397508493,-0.004659021535249151,-0.0022176152852491507,-0.0007527715352491507,-0.0027058965352491507,-0.0027058965352491507,-0.01320394341024915,-0.02394613091024915,-0.03322347466024915,-0.03029378716024915,-0.01833089653524915,-0.01320394341024915,-0.01393636528524915,-0.01857503716024915,-0.02492269341024915,-0.02492269341024915,-0.02931722466024915,-0.01808675591024915,-0.00905355278524915,-0.003926599660249151,-0.00929769341024915,-0.01637777153524915,-0.01051839653524915,-0.0002644902852491507,-0.0022176152852491507,-0.007588709035249151,-0.007588709035249151,0.01438394721475085,0.02292886908975085,0.02732340033975085,0.02829996283975085,0.01536050971475085,0.0024210565897508493,0.00828043158975085,0.02292886908975085,0.03660074408975085,0.03660074408975085,0.03953043158975085,0.01780191596475085,0.01780191596475085,0.02561441596475085,0.03122965033975085,0.02439371283975085,0.01096597846475085,0.004862462839750849,0.01096597846475085,0.01096597846475085,0.02537027533975085,0.0036417597147508493,-0.01295980278524915,-0.01735433403524915,-0.01857503716024915,-0.01051839653524915,-0.0031941777852491507,-0.01125081841024915,-0.02174886528524915,-0.02785238091024915,-0.02785238091024915,-0.01295980278524915,-0.005635584035249151,-0.02003988091024915,-0.04054769341024915,-0.04298909966024915,-0.02907308403524915,-0.01833089653524915,-0.01491292778524915,-0.01662191216024915,-0.01662191216024915,-0.02028402153524915,-0.01295980278524915,-0.0014851934102491507,0.005106603464750849,0.0036417597147508493,0.0007120722147508493,-2.0349660249150726e-05,0.004374181589750849,0.00998941596475085,0.00998941596475085,0.01413980658975085,0.02390543158975085,0.02414957221475085,0.01902261908975085,0.01194254096475085,0.006815587839750849,0.01853433783975085,0.03196207221475085,0.03245035346475085,0.03245035346475085,0.02585855658975085,0.00901285346475085,0.0038859003397508493,0.007548009714750849,0.00974527533975085,-0.0017293340352491507,-0.01540120903524915,-0.01320394341024915,-0.0007527715352491507,0.00876871283975085,0.00876871283975085,-0.006856287160249151,-0.02589925591024915,-0.03371175591024915,-0.02321370903524915,-0.0031941777852491507,0.006083165964750849,-0.004659021535249151,-0.02077230278524915,-0.02614339653524915,-0.02614339653524915,-0.01247152153524915,0.01218668158975085,0.01340738471475085,0.00974527533975085,0.0026651972147508493,-0.005879724660249151,0.005106603464750849,0.02097574408975085,0.02878824408975085,0.02463785346475085,0.02463785346475085,-0.007344568410249151,0.0009562128397508493,0.01560465033975085,0.01902261908975085,0.00828043158975085,-0.01125081841024915,-0.02638753716024915,-0.02443441216024915,-0.00929769341024915,-0.00929769341024915,0.0033976190897508493,-0.01564534966024915,-0.03908284966024915,-0.04445394341024915,-0.02785238091024915,-0.00807699028524915,-0.004170740285249151,-0.01442464653524915,-0.02834066216024915,-0.02834066216024915,-0.03981527153524915,-0.01686605278524915,-0.01198324028524915,-0.01149495903524915,-0.0019734746602491507,0.0012003534647508493,-0.005391443410249151,0.004130040964750849,0.01926675971475085,0.02414957221475085,0.02414957221475085,0.02292886908975085,0.02732340033975085,0.02341715033975085,0.02561441596475085,0.03367105658975085,0.03318277533975085,0.02219644721475085,0.01658121283975085,0.03196207221475085,0.03196207221475085,0.05222574408975085,0.03513590033975085,0.0007120722147508493,-0.02296956841024915,-0.01271566216024915,0.01682535346475085,0.02854410346475085,0.00950113471475085,-0.01784261528524915,-0.03249105278524915,-0.03249105278524915,-0.0019734746602491507,0.01389566596475085,0.004374181589750849,-0.02052816216024915,-0.04005941216024915,-0.05177816216024915,-0.04787191216024915,-0.02565511528524915,-0.0034383184102491507,-0.0034383184102491507,-0.01418050591024915,-0.02296956841024915,-0.01857503716024915,-0.005635584035249151,0.007303869089750849,0.00950113471475085,0.00803629096475085,0.00852457221475085,0.01829019721475085,0.01731363471475085,0.0012003534647508493,-0.006123865285249151,0.0038859003397508493,0.01975504096475085,0.01975504096475085,0.02927652533975085,-0.0014851934102491507,-0.01955159966024915,-0.01466878716024915,-0.0012410527852491507,0.01096597846475085,0.00974527533975085,-0.003926599660249151,-0.01711019341024915,-0.02809652153524915,-0.02809652153524915,-0.01833089653524915,0.0031534784647508493,-0.007588709035249151,-0.03102620903524915,-0.04640706841024915,-0.04201253716024915,-0.01564534966024915,0.007059728464750849,0.005350744089750849,0.005350744089750849,-0.0034383184102491507,-0.005879724660249151,-0.006612146535249151,0.006815587839750849,0.02610269721475085,0.03074136908975085,0.02537027533975085,0.02659097846475085,0.02952066596475085,0.02952066596475085,0.02976480658975085,0.03513590033975085,0.03122965033975085,0.02439371283975085,0.01462808783975085,0.00828043158975085,0.01194254096475085,0.02463785346475085,0.02854410346475085,0.02854410346475085,0.01902261908975085,-0.01247152153524915,-0.01051839653524915,0.0004679315897508493,0.005839025339750849,-0.00978597466024915,-0.02907308403524915,-0.04201253716024915,-0.04469808403524915,-0.03664144341024915,-0.03664144341024915,-0.00905355278524915,-0.01247152153524915,-0.02223714653524915,-0.02785238091024915,-0.02956136528524915,-0.01369222466024915,0.01023355658975085,0.01462808783975085,-0.0005086309102491507,-0.0005086309102491507,0.0014444940897508493,0.01682535346475085,0.01462808783975085,0.0026651972147508493,0.0024210565897508493,0.007303869089750849,0.00974527533975085,-0.0019734746602491507,-0.01295980278524915,-0.01295980278524915,0.02317300971475085,0.02121988471475085,-0.01198324028524915,-0.03688558403524915,-0.02736409966024915,0.004618322214750849,0.02073160346475085,0.004130040964750849,-0.02174886528524915,-0.02174886528524915,-0.03249105278524915,-0.01418050591024915,-0.004414880910249151,-0.00880941216024915,-0.01735433403524915,-0.01588949028524915,-0.00783284966024915,0.0016886347147508493,0.01169840033975085,0.01169840033975085,0.01829019721475085,0.00876871283975085,0.01462808783975085,0.03049722846475085,0.03953043158975085,0.03391519721475085,0.02512613471475085,0.02121988471475085,0.02244058783975085,0.02244058783975085,0.01682535346475085,0.02073160346475085,0.02585855658975085,0.02390543158975085,0.01389566596475085,-0.0009969121602491507,0.0014444940897508493,0.01511636908975085,0.01121011908975085,0.01121011908975085,-0.03957113091024915,-0.04420980278524915,-0.01955159966024915,0.005839025339750849,0.00950113471475085,-0.01051839653524915,-0.02785238091024915,-0.02443441216024915,-0.007100427785249151,0.00828043158975085,0.01462808783975085,0.0033976190897508493,0.0033976190897508493,-0.02028402153524915,-0.0017293340352491507,0.01365152533975085,0.01926675971475085,0.01462808783975085,-0.0029500371602491507,-0.02272542778524915,-0.02394613091024915,-0.0031941777852491507,-0.0031941777852491507,0.004374181589750849,-0.01393636528524915,-0.03102620903524915,-0.01759847466024915,0.00925699408975085,0.01511636908975085,-0.01247152153524915,-0.04860433403524915,-0.05714925591024915,-0.05714925591024915,-0.005635584035249151,0.00876871283975085,-0.0029500371602491507,-0.02199300591024915,-0.02492269341024915,-0.006368005910249151,0.02073160346475085,0.03660074408975085,0.02073160346475085,0.02073160346475085,-0.01466878716024915,0.00925699408975085,0.04172769721475085,0.04954019721475085,0.02756754096475085,-0.0005086309102491507,-0.01711019341024915,-0.00929769341024915,0.01780191596475085,0.01780191596475085,0.03782144721475085,-0.0022176152852491507,-0.01491292778524915,0.006327306589750849,0.03367105658975085,0.02781168158975085,-0.006612146535249151,-0.03078206841024915,-0.02174886528524915,-0.02174886528524915,0.02048746283975085,0.01291910346475085,-0.00929769341024915,-0.02052816216024915,-0.0034383184102491507,0.02268472846475085,0.03928629096475085,0.03122965033975085,0.0031534784647508493,-0.005879724660249151,-0.005879724660249151,0.03318277533975085,0.03562418158975085,0.01487222846475085,-0.01955159966024915,-0.03810628716024915,-0.02052816216024915,0.01682535346475085,0.03489175971475085,0.00901285346475085,0.00901285346475085,-0.05275472466024915,-0.02858480278524915,0.004374181589750849,0.006571447214750849,-0.02882894341024915,-0.06862386528524915,-0.07497152153524915,-0.03542074028524915,0.01536050971475085,0.01536050971475085,-0.006368005910249151,-0.03981527153524915,-0.02980550591024915,0.01096597846475085,0.04001871283975085,0.03147379096475085,-2.0349660249150726e-05,-0.02223714653524915,-0.01418050591024915,-0.01418050591024915,0.03000894721475085,0.01047769721475085,-0.02174886528524915,-0.03639730278524915,-0.01613363091024915,0.01877847846475085,0.02585855658975085,0.0012003534647508493,-0.02248128716024915,-0.02516683403524915,-0.02516683403524915,-0.0014851934102491507,0.005106603464750849,-0.005147302785249151,-0.01955159966024915,-0.02028402153524915,-0.01515706841024915,-0.01711019341024915,-0.02394613091024915,-0.02394613091024915,-0.02394613091024915,0.0033976190897508493,0.02292886908975085,0.03562418158975085,0.03220621283975085,0.01487222846475085,-0.004170740285249151,-0.00954183403524915,0.007792150339750849,0.03318277533975085,0.04123941596475085,0.04123941596475085,-0.00807699028524915,-0.01173909966024915,0.004618322214750849,0.01389566596475085,0.02073160346475085,0.02341715033975085,0.0024210565897508493,-0.01881917778524915,-0.02248128716024915,-0.02248128716024915,0.01755777533975085,0.03025308783975085,0.01633707221475085,-0.01051839653524915,-0.01833089653524915,0.007792150339750849,0.04050699408975085,0.04831949408975085,0.02488199408975085,0.02488199408975085,0.0009562128397508493,0.01511636908975085,0.03000894721475085,0.03415933783975085,0.01877847846475085,-0.005635584035249151,-0.02077230278524915,-0.02077230278524915,-0.00905355278524915,0.0029093378397508493,0.0029093378397508493,0.00901285346475085,-0.004414880910249151,-0.01955159966024915,-0.01784261528524915,-0.00880941216024915,0.0012003534647508493,0.0016886347147508493,-2.0349660249150726e-05,-0.003926599660249151,-0.003926599660249151,-0.02321370903524915,-0.02126058403524915,-0.02248128716024915,-0.02541097466024915,-0.02858480278524915,-0.03175863091024915,-0.02419027153524915,-0.00954183403524915,0.0038859003397508493,0.004130040964750849,-0.004170740285249151,-0.01833089653524915,-0.02223714653524915,-0.02223714653524915,-0.0002644902852491507,0.004130040964750849,0.007059728464750849,0.004618322214750849,0.0031534784647508493,0.005839025339750849,0.00828043158975085,0.00876871283975085,0.01145425971475085,0.01316324408975085,0.01316324408975085,0.01682535346475085,0.02121988471475085,0.01218668158975085,-0.0029500371602491507,-0.007344568410249151,-0.0007527715352491507,0.01413980658975085,0.02219644721475085,0.01389566596475085,0.01389566596475085,-0.02077230278524915,-0.01442464653524915,0.007303869089750849,0.01853433783975085,0.01096597846475085,-0.00880941216024915,-0.01979574028524915,-0.01540120903524915,-0.004414880910249151,-0.004414880910249151,0.007303869089750849,0.0004679315897508493,-0.00856527153524915,-0.01320394341024915,-0.004414880910249151,0.00925699408975085,0.01072183783975085,0.0012003534647508493,-0.00929769341024915,-0.00832113091024915,-0.00832113091024915,0.01731363471475085,0.01829019721475085,0.007059728464750849,-0.0005086309102491507,0.0038859003397508493,0.00950113471475085,0.01316324408975085,0.01340738471475085,0.00974527533975085,0.00974527533975085,-0.0005086309102491507,-0.0005086309102491507,0.0031534784647508493,0.006083165964750849,0.0038859003397508493,-0.0012410527852491507,-0.0034383184102491507,-0.0012410527852491507,0.0009562128397508493,-0.0012410527852491507,-0.007100427785249151,-0.01564534966024915,-0.01588949028524915,-0.005147302785249151,0.0009562128397508493,-0.0007527715352491507,-0.004414880910249151,-0.01100667778524915,-0.01271566216024915,-0.01247152153524915,-0.01247152153524915,-0.005635584035249151,-0.0019734746602491507,-0.0034383184102491507,-0.005879724660249151,-0.0036824590352491507,-0.0017293340352491507,-0.0009969121602491507,-0.0024617559102491507,-0.004170740285249151,-2.0349660249150726e-05,-2.0349660249150726e-05,0.0038859003397508493,-2.0349660249150726e-05,-0.0007527715352491507,-0.0005086309102491507,0.0012003534647508493,0.0026651972147508493,0.0024210565897508493,0.0024210565897508493,0.005106603464750849,0.00876871283975085,0.006327306589750849,0.0024210565897508493,0.0036417597147508493,0.004862462839750849,0.007303869089750849,0.01145425971475085,0.005839025339750849,-0.01393636528524915,-0.02736409966024915,-0.02052816216024915,-0.02052816216024915,0.02634683783975085,0.02707925971475085,0.01340738471475085,0.01413980658975085,0.04270425971475085,0.07200113471475085,0.06858316596475085,0.03830972846475085,0.01316324408975085,0.01316324408975085,0.04685465033975085,0.05735269721475085,0.03733316596475085,0.0026651972147508493,-0.02443441216024915,-0.02663167778524915,-0.00880941216024915,0.0012003534647508493,-0.007100427785249151,-0.02834066216024915,-0.04567464653524915,-0.04274495903524915,-0.02321370903524915,-0.01198324028524915,-0.02370199028524915,-0.04494222466024915,-0.05348714653524915,-0.03615316216024915,-0.00905355278524915,0.0031534784647508493,0.0031534784647508493,-0.02834066216024915,-0.03932699028524915,-0.03810628716024915,-0.02711995903524915,-0.02028402153524915,-0.02419027153524915,-0.03200277153524915,-0.03004964653524915,-0.02077230278524915,-0.02077230278524915,-0.02492269341024915,-0.03053792778524915,-0.02614339653524915,-0.01100667778524915,0.0012003534647508493,-0.0014851934102491507,-0.02126058403524915,-0.03664144341024915,-0.02931722466024915,-0.0029500371602491507,0.02512613471475085,0.03074136908975085,0.00998941596475085,-0.00880941216024915,-0.005879724660249151,0.01072183783975085,0.02585855658975085,0.02903238471475085,0.02683511908975085,0.03171793158975085,0.03171793158975085,0.04416910346475085,0.02952066596475085,0.01975504096475085,0.02292886908975085,0.02781168158975085,0.02707925971475085,0.01902261908975085,0.00901285346475085,0.0033976190897508493,0.0033976190897508493,-0.01295980278524915,-0.01003011528524915,0.00974527533975085,0.02268472846475085,0.02488199408975085,0.02634683783975085,0.02268472846475085,0.02195230658975085,0.02878824408975085,0.02878824408975085,0.04563394721475085,0.04856363471475085,0.04319254096475085,0.03538004096475085,0.02927652533975085,0.03391519721475085,0.04050699408975085,0.03562418158975085,0.02317300971475085,0.00828043158975085,-0.005635584035249151,-0.01564534966024915,-0.02003988091024915,-0.02541097466024915,-0.03639730278524915,-0.04420980278524915,-0.04445394341024915,-0.03200277153524915,-0.01442464653524915,0.0012003534647508493,0.0012003534647508493,0.0016886347147508493,-0.01491292778524915,-0.01857503716024915,0.0009562128397508493,0.03440347846475085,0.06052652533975085,0.06321207221475085,0.04294840033975085,0.02585855658975085,0.01609293158975085,-0.01198324028524915,-0.07301839653524915,7.504828896960003e-05,7.504828896960003e-05,7.504828896960003e-05,-0.06007894341024915,-0.05373128716024915,-0.07155355278524915,7.504828896960003e-05,7.504828896960003e-05,-0.05104574028524915,-0.0031941777852491507,0.02952066596475085,0.03562418158975085,0.03489175971475085,0.04246011908975085,0.05930582221475085,0.06614175971475085,0.04465738471475085,0.00901285346475085,0.00901285346475085,0.01389566596475085,0.04538980658975085,0.05393472846475085,0.02659097846475085,-0.03175863091024915,-0.08107503716024915,-0.08571370903524915,-0.03761800591024915,0.01511636908975085,0.01511636908975085,0.05979410346475085,0.02805582221475085,-0.01808675591024915,-0.02296956841024915,0.01877847846475085,0.06199136908975085,7.504828896960003e-05,0.08542886908975085,0.05759683783975085,0.02610269721475085,0.004374181589750849,-0.01418050591024915,-0.02614339653524915,-0.03004964653524915,-0.02272542778524915,-0.01588949028524915,-0.01784261528524915,-0.02248128716024915,-0.03346761528524915,-0.04103597466024915,-0.03297933403524915,-0.005391443410249151,0.02341715033975085,0.02634683783975085,0.0009562128397508493,-0.02003988091024915,-0.01222738091024915,0.01731363471475085,0.03684488471475085,0.01853433783975085,0.01853433783975085,-0.04030355278524915,-0.01564534966024915,-0.0009969121602491507,-0.01711019341024915,-0.04030355278524915,-0.04909261528524915,-0.04884847466024915,-0.05080159966024915,-0.05421956841024915,-0.04640706841024915,-0.01613363091024915,0.01584879096475085,0.00852457221475085,-0.02248128716024915,-0.03127034966024915,-0.01027425591024915,0.01145425971475085,0.02048746283975085,0.03489175971475085,0.05246988471475085,0.05759683783975085,0.03733316596475085,0.01291910346475085,0.007548009714750849,0.01536050971475085,0.03122965033975085,0.03293863471475085,0.006815587839750849,-0.02003988091024915,-0.02565511528524915,-0.02565511528524915,-0.02174886528524915,-0.03053792778524915,-0.02980550591024915,-0.00880941216024915,0.01121011908975085,0.00852457221475085,-0.01222738091024915,-0.01613363091024915,0.0021769159647508493,0.01999918158975085,0.02537027533975085,0.02414957221475085,0.03293863471475085,0.03122965033975085,0.01780191596475085,0.02048746283975085,0.02756754096475085,0.04123941596475085,0.04734293158975085,0.01609293158975085,-0.02516683403524915,-0.03517659966024915,-0.01686605278524915,-0.0009969121602491507,-0.01125081841024915,-0.04298909966024915,-0.05299886528524915,-0.03273519341024915,-0.0019734746602491507,0.01584879096475085,0.01999918158975085,0.01658121283975085,0.0016886347147508493,-0.00783284966024915,0.006327306589750849,0.03611246283975085,0.04929605658975085,0.03953043158975085,0.02073160346475085,0.007548009714750849,0.02244058783975085,0.05295816596475085,0.06467691596475085,0.04856363471475085,0.02585855658975085,0.01145425971475085,-0.0005086309102491507,-0.01247152153524915,-0.01393636528524915,-0.00832113091024915,-0.01540120903524915,-0.02150472466024915,-0.02907308403524915,-0.04469808403524915,-0.04665120903524915,-0.03468831841024915,-0.02052816216024915,-0.0034383184102491507,0.01438394721475085,0.01218668158975085,-0.004903162160249151,-0.02785238091024915,-0.03468831841024915,-0.02126058403524915,0.00998941596475085,0.04563394721475085,0.05027261908975085,0.02512613471475085,-0.00807699028524915,-0.01735433403524915,0.01072183783975085,0.03879800971475085,0.02097574408975085,-0.02980550591024915,-0.07545980278524915,-0.07692464653524915,-0.03151449028524915,-0.0027058965352491507,-0.02394613091024915,-0.07253011528524915,7.504828896960003e-05,-0.07570394341024915,-0.01979574028524915,0.01658121283975085,0.01487222846475085,-0.01003011528524915,-0.02834066216024915,-0.02126058403524915,0.006083165964750849,0.02414957221475085,0.01731363471475085,-0.0017293340352491507,-0.0002644902852491507,0.03196207221475085,0.06101480658975085,0.05515543158975085,0.02537027533975085,0.0021769159647508493,0.01438394721475085,0.04490152533975085,0.04807535346475085,0.02634683783975085,0.0007120722147508493,-0.01588949028524915,-0.01271566216024915,0.0021769159647508493,0.0031534784647508493,-0.006612146535249151,-0.02199300591024915,-0.03712972466024915,-0.03542074028524915,-0.00978597466024915,0.01462808783975085,0.01877847846475085,-0.0009969121602491507,-0.02858480278524915,-0.02589925591024915,0.00901285346475085,0.04001871283975085,0.03440347846475085,0.00022379096475084927,-0.02126058403524915,-0.0017293340352491507,0.04172769721475085,0.06370035346475085,0.04148355658975085,0.01438394721475085,0.01121011908975085,0.01560465033975085,0.01169840033975085,0.0031534784647508493,-0.0014851934102491507,-0.0027058965352491507,-0.0017293340352491507,-0.007588709035249151,-0.02736409966024915,-0.03688558403524915,-0.03053792778524915,-0.02199300591024915,-0.01955159966024915,-0.02736409966024915,-0.03810628716024915,-0.03273519341024915,-0.01735433403524915,-0.004414880910249151,-0.004414880910249151,-0.0007527715352491507,0.005350744089750849,0.01121011908975085,0.01682535346475085,0.02195230658975085,0.02341715033975085,0.02292886908975085,0.02121988471475085,0.02073160346475085,0.02707925971475085,0.03782144721475085,0.04441324408975085,0.03684488471475085,0.02537027533975085,0.01413980658975085,0.01145425971475085,0.01047769721475085,0.0036417597147508493,-0.01100667778524915,-0.02321370903524915,-0.02028402153524915,-0.01295980278524915,-0.01173909966024915,-0.01735433403524915,-0.03029378716024915,-0.04494222466024915,-0.04298909966024915,-0.03224691216024915,-0.01613363091024915,-0.01442464653524915,-0.02980550591024915,-0.03371175591024915,-0.02174886528524915,-0.0029500371602491507,0.01047769721475085,0.006815587839750849,-0.003926599660249151,-0.006368005910249151,-0.006368005910249151,-0.004659021535249151,0.005839025339750849,0.02927652533975085,0.04441324408975085,0.02781168158975085,-0.00783284966024915,-0.02492269341024915,-0.005879724660249151,0.03049722846475085,0.05027261908975085,0.04050699408975085,0.01096597846475085,-0.01906331841024915,-0.02370199028524915,-0.01393636528524915,0.006327306589750849,0.02634683783975085,0.01877847846475085,-0.01149495903524915,-0.03468831841024915,-0.02834066216024915,-0.01100667778524915,-0.0012410527852491507,-0.00783284966024915,-0.02834066216024915,-0.03712972466024915,-0.01418050591024915,0.007548009714750849,0.00925699408975085,0.004130040964750849,-0.0036824590352491507,-0.004170740285249151,0.00022379096475084927,0.005839025339750849,0.004374181589750849,0.00876871283975085,0.01413980658975085,0.006571447214750849,-0.0031941777852491507,-0.0034383184102491507,0.00803629096475085,0.02219644721475085,0.03074136908975085,0.02048746283975085,0.0007120722147508493,-0.004170740285249151,0.007303869089750849,0.01291910346475085,0.01243082221475085,0.0031534784647508493,-0.01222738091024915,-0.01588949028524915,-0.01027425591024915,-0.007588709035249151,-0.005391443410249151,-0.00929769341024915,-0.01588949028524915,-0.01711019341024915,-0.01466878716024915,-0.01271566216024915,-0.01735433403524915,-0.01930745903524915,-0.02052816216024915,-0.01979574028524915,-0.01588949028524915,-0.00978597466024915,-0.0005086309102491507,0.006327306589750849,0.0031534784647508493,-0.00954183403524915,-0.01271566216024915,0.01047769721475085,0.03855386908975085,0.03391519721475085,0.004130040964750849,-0.01662191216024915,-0.00929769341024915,0.01731363471475085,0.04075113471475085,0.04856363471475085,0.03342691596475085,0.00852457221475085,0.0038859003397508493,0.01340738471475085,0.02927652533975085,0.03830972846475085,0.03367105658975085,0.01169840033975085,-0.01906331841024915,-0.02858480278524915,-0.01076253716024915,0.00828043158975085,0.006815587839750849,-0.01003011528524915,-0.01003011528524915,-0.02565511528524915,-0.01540120903524915,-0.006612146535249151,-0.01369222466024915,-0.02296956841024915,-0.02321370903524915,-0.01735433403524915,-0.01564534966024915,-0.01930745903524915,-0.02126058403524915,-0.02101644341024915,-0.01466878716024915,-0.00880941216024915,-0.0017293340352491507,0.005594884714750849,0.00925699408975085,0.00901285346475085,0.005106603464750849,0.00828043158975085,0.02146402533975085,0.03538004096475085,0.04270425971475085,0.03391519721475085,0.01706949408975085,0.00901285346475085,0.00852457221475085,0.01487222846475085,0.02732340033975085,0.03293863471475085,0.02854410346475085,0.01999918158975085,0.007548009714750849,-0.005147302785249151,-0.004903162160249151,0.00828043158975085,0.01511636908975085,0.00803629096475085,-0.006123865285249151,-0.02150472466024915,-0.03004964653524915,-0.02565511528524915,-0.01369222466024915,-0.01027425591024915,-0.01857503716024915,-0.03566488091024915,-0.04274495903524915,-0.02687581841024915,-0.0031941777852491507,-0.0002644902852491507,-0.01930745903524915,-0.03737386528524915,-0.04128011528524915,-0.03200277153524915,-0.01320394341024915,0.004862462839750849,0.0014444940897508493,-0.01271566216024915,-0.01686605278524915,-0.005391443410249151,0.01218668158975085,0.02341715033975085,0.02097574408975085,0.01267496283975085,0.007548009714750849,0.00901285346475085,0.01658121283975085,0.02244058783975085,0.02390543158975085,0.01609293158975085,0.01047769721475085,0.01145425971475085,0.00974527533975085,0.005350744089750849,0.0016886347147508493,0.005106603464750849,0.01316324408975085,0.01926675971475085,0.01243082221475085,-0.005391443410249151,-0.01735433403524915,-0.01076253716024915,0.0031534784647508493,0.01804605658975085,0.01682535346475085,-0.0005086309102491507,-0.01344808403524915,-0.005635584035249151,0.01218668158975085,0.02244058783975085,0.01584879096475085,-0.0029500371602491507,-0.01613363091024915,-0.01662191216024915,0.00022379096475084927,0.01536050971475085,0.01560465033975085,-0.0019734746602491507,-0.01759847466024915,-0.02077230278524915,-0.01076253716024915,-0.0014851934102491507,-0.0029500371602491507,-0.007588709035249151,-0.006368005910249151,-0.0024617559102491507,-0.005635584035249151,-0.00929769341024915,-0.004903162160249151,0.0021769159647508493,-0.0012410527852491507,-0.01100667778524915,-0.01247152153524915,0.0009562128397508493,0.01047769721475085,0.01023355658975085,0.006083165964750849,0.0016886347147508493,-0.004903162160249151,-0.00783284966024915,0.004374181589750849,0.01902261908975085,0.01829019721475085,0.006327306589750849,-0.004659021535249151,-0.0005086309102491507,0.006083165964750849,0.01633707221475085,0.02659097846475085,0.01975504096475085,0.0029093378397508493,-0.01003011528524915,-0.0036824590352491507,0.00998941596475085,0.01999918158975085,0.02244058783975085,0.00998941596475085,-0.01027425591024915,-0.02028402153524915,-0.01149495903524915,0.00828043158975085,0.01291910346475085,-0.0027058965352491507,-0.01662191216024915,-0.01271566216024915,-0.005147302785249151,-0.0029500371602491507,0.0004679315897508493,-0.0022176152852491507,-0.02272542778524915,-0.03883870903524915,-0.02394613091024915,0.005594884714750849,0.01169840033975085,-0.01051839653524915,-0.04030355278524915,-0.04860433403524915,-0.02541097466024915,0.00950113471475085,0.02781168158975085,0.006083165964750849,-0.03395589653524915,-0.04909261528524915,-0.01979574028524915,0.02219644721475085,0.03245035346475085,0.01169840033975085,-0.01588949028524915,-0.02711995903524915,-0.00905355278524915,0.02463785346475085,0.03928629096475085,0.02170816596475085,-0.007344568410249151,-0.01198324028524915,0.01291910346475085,0.03367105658975085,0.03464761908975085,0.01584879096475085,-0.01418050591024915,-0.01979574028524915,0.01047769721475085,0.04343668158975085,0.04075113471475085,0.00828043158975085,-0.01149495903524915,-0.01100667778524915,-0.005147302785249151,0.004618322214750849,0.01365152533975085,0.01584879096475085,0.005350744089750849,-0.01125081841024915,-0.01857503716024915,-0.01344808403524915,-0.0019734746602491507,0.007548009714750849,0.00974527533975085,-0.0036824590352491507,-0.02003988091024915,-0.01759847466024915,0.00876871283975085,0.02488199408975085,0.01755777533975085,0.0031534784647508493,-0.01466878716024915,-0.01979574028524915,-0.0007527715352491507,0.01975504096475085,0.02195230658975085,0.004862462839750849,-0.02126058403524915,-0.03200277153524915,-0.01686605278524915,0.01584879096475085,0.03879800971475085,0.01975504096475085,-0.02565511528524915,-0.04689534966024915,-0.02858480278524915,0.0033976190897508493,0.02073160346475085,0.01291910346475085,-0.01662191216024915,-0.04543050591024915,-0.03810628716024915,0.0033976190897508493,0.03293863471475085,0.01731363471475085,-0.02956136528524915,-0.06129964653524915,-0.04128011528524915,0.01829019721475085,0.06199136908975085,0.04612222846475085,-0.02150472466024915,-0.06935628716024915,-0.04713949028524915,0.01829019721475085,0.06052652533975085,0.04441324408975085,-0.005147302785249151,-0.04445394341024915,-0.03761800591024915,0.01194254096475085,0.05222574408975085,0.04343668158975085,-0.004170740285249151,-0.04298909966024915,-0.03151449028524915,0.01853433783975085,0.05662027533975085,0.03806558783975085,-0.01662191216024915,-0.04103597466024915,-0.00978597466024915,0.03635660346475085,0.05027261908975085,0.02219644721475085,-0.02589925591024915,-0.04909261528524915,-0.01930745903524915,0.03708902533975085,0.06003824408975085,0.01999918158975085,-0.04054769341024915,-0.06081136528524915,-0.02126058403524915,0.04221597846475085,0.06370035346475085,0.01560465033975085,-0.05177816216024915,-0.06740316216024915,-0.01369222466024915,0.05442300971475085,0.06565347846475085,0.00950113471475085,-0.05397542778524915,-0.06276449028524915,-0.01198324028524915,0.05344644721475085,0.05832925971475085,0.0014444940897508493,-0.04884847466024915,-0.04860433403524915,-2.0349660249150726e-05,0.05417886908975085,0.05344644721475085,-0.004170740285249151,-0.05128988091024915,-0.04274495903524915,0.00901285346475085,0.04856363471475085,0.04172769721475085,-0.00832113091024915,-0.05446370903524915,-0.04738363091024915,0.00925699408975085,0.05417886908975085,0.03415933783975085,-0.02785238091024915,-0.06813558403524915,-0.04640706841024915,0.01706949408975085,0.05564371283975085,0.02390543158975085,-0.04420980278524915,-0.07301839653524915,-0.03249105278524915,0.02829996283975085,0.05491129096475085,0.02048746283975085,-0.03639730278524915,-0.05177816216024915,-0.01588949028524915,0.03440347846475085,0.04929605658975085,0.00022379096475084927,0.01633707221475085,-0.03761800591024915,-0.0019734746602491507,0.04319254096475085,0.04831949408975085,0.00950113471475085,-0.03053792778524915,-0.02785238091024915,0.006571447214750849,0.03147379096475085,0.02781168158975085,0.00022379096475084927,0.00022379096475084927,0.00022379096475084927,-0.00807699028524915,0.03953043158975085,0.01804605658975085,-0.01906331841024915,-0.03468831841024915,-0.01149495903524915,0.02805582221475085,0.03513590033975085,0.0012003534647508493,-0.02980550591024915,-0.02565511528524915,0.00876871283975085,0.03538004096475085,0.02488199408975085,-0.003926599660249151,-0.01759847466024915,-0.004170740285249151,0.02195230658975085,0.02463785346475085,0.01023355658975085,-0.0036824590352491507,-0.01125081841024915,-0.0014851934102491507,0.01951090033975085,0.02121988471475085,0.0033976190897508493,-0.007100427785249151,-0.0034383184102491507,0.0024210565897508493,0.005594884714750849,0.00974527533975085,-0.00807699028524915,-0.02907308403524915,-0.02223714653524915,0.0036417597147508493,0.01682535346475085,-2.0349660249150726e-05,-0.02516683403524915,-0.03346761528524915,-0.01271566216024915,0.01633707221475085,0.01438394721475085,-0.01100667778524915,-0.02882894341024915,-0.01784261528524915,0.005106603464750849,0.01926675971475085,0.01316324408975085,-0.00807699028524915,-0.01369222466024915,-0.0007527715352491507,0.00828043158975085,0.00925699408975085,0.004374181589750849,-0.006368005910249151,-0.01247152153524915,-0.00807699028524915,0.00852457221475085,0.01145425971475085,0.0033976190897508493,0.0004679315897508493,-0.004170740285249151,-0.007344568410249151,-0.0017293340352491507,0.01316324408975085,0.0029093378397508493,-0.02126058403524915,-0.01613363091024915,0.01438394721475085,0.03806558783975085,0.02976480658975085,-0.003926599660249151,-0.03468831841024915,-0.02492269341024915,0.01951090033975085,0.04734293158975085,0.03049722846475085,-0.01198324028524915,-0.04616292778524915,-0.04323324028524915,-0.0017293340352491507,0.02976480658975085,0.02341715033975085,-0.007344568410249151,-0.03761800591024915,-0.04054769341024915,-0.007344568410249151,0.03855386908975085,0.05051675971475085,0.02414957221475085,-0.00978597466024915,-0.01784261528524915,0.006327306589750849,0.03855386908975085,0.04758707221475085,0.02781168158975085,0.00950113471475085,0.01121011908975085,0.02781168158975085,0.04612222846475085,0.05027261908975085,0.03220621283975085,0.00950113471475085,0.004618322214750849,0.01682535346475085,0.02683511908975085,0.02121988471475085,0.00925699408975085,-0.006368005910249151,-0.01076253716024915,0.006083165964750849,0.01853433783975085,0.01047769721475085,-0.01540120903524915,-0.03468831841024915,-0.02882894341024915,-0.005635584035249151,0.01267496283975085,0.007792150339750849,-0.01247152153524915,-0.02492269341024915,-0.02101644341024915,-0.0036824590352491507,0.01609293158975085,0.01462808783975085,-0.005635584035249151,-0.02052816216024915,-0.01784261528524915,-0.005635584035249151,0.005106603464750849,0.0024210565897508493,-0.01320394341024915,-0.02419027153524915,-0.02101644341024915,-0.01271566216024915,-0.006612146535249151,-0.006612146535249151,-0.01735433403524915,-0.03224691216024915,-0.03957113091024915,-0.03127034966024915,-0.02516683403524915,-0.02345784966024915,-0.02834066216024915,-0.03957113091024915,-0.04298909966024915,-0.03371175591024915,-0.02321370903524915,-0.02394613091024915,-0.02467855278524915,-0.02321370903524915,-0.01979574028524915,-0.01711019341024915,-0.02101644341024915,-0.02199300591024915,-0.01711019341024915,-0.01442464653524915,-0.01295980278524915,-0.01247152153524915,-0.004903162160249151,0.004130040964750849,0.0026651972147508493,-0.004659021535249151,-0.01491292778524915,-0.01466878716024915,0.00022379096475084927,0.006083165964750849,-0.0019734746602491507,-0.00856527153524915,-0.00929769341024915,-0.00880941216024915,-0.005635584035249151,-0.0019734746602491507,-0.0007527715352491507,0.0024210565897508493,0.0019327753397508493,0.0024210565897508493,0.01169840033975085,0.01706949408975085,0.0016886347147508493,-0.02785238091024915,-0.04543050591024915,-0.04323324028524915,-0.03004964653524915,-0.01711019341024915,-0.01613363091024915,-0.02370199028524915,-0.02321370903524915,-0.00954183403524915,0.0036417597147508493,0.01365152533975085,0.02414957221475085,0.02805582221475085,0.02561441596475085,0.02732340033975085,0.03147379096475085,0.02756754096475085,0.02097574408975085,0.01584879096475085,0.01023355658975085,0.006815587839750849,0.01316324408975085,0.02683511908975085,0.02952066596475085,0.01438394721475085,-0.005635584035249151,-0.00880941216024915,0.00852457221475085,0.02317300971475085,0.01999918158975085,0.0038859003397508493,-0.00807699028524915,-0.004170740285249151,0.01121011908975085,0.02610269721475085,0.02732340033975085,0.01340738471475085,0.0031534784647508493,0.00950113471475085,0.02317300971475085,0.03269449408975085,0.03269449408975085,0.02268472846475085,0.01340738471475085,0.01804605658975085,0.02512613471475085,0.02805582221475085,0.03147379096475085,0.03000894721475085,0.01902261908975085,0.00852457221475085,0.0016886347147508493,0.0009562128397508493,0.00925699408975085,0.01536050971475085,0.01438394721475085,0.007303869089750849,-0.0019734746602491507,-0.01247152153524915,-0.01173909966024915,0.0019327753397508493,0.01804605658975085,0.02366129096475085,0.01243082221475085,-0.00880941216024915,-0.01613363091024915,-0.0009969121602491507,0.01926675971475085,0.02463785346475085,0.01169840033975085,-0.0024617559102491507,-0.00832113091024915,-0.007100427785249151,0.0012003534647508493,0.01365152533975085,0.01389566596475085,-0.0002644902852491507,-0.01100667778524915,-0.00856527153524915,-0.0029500371602491507,0.005350744089750849,0.006327306589750849,-0.0027058965352491507,-0.00856527153524915,-0.007100427785249151,-0.004659021535249151,-0.005879724660249151,-0.01076253716024915,-0.01906331841024915,-0.01711019341024915,-0.00856527153524915,-0.01027425591024915,-0.02541097466024915,-0.02541097466024915,-0.02589925591024915,-0.02028402153524915,-0.00954183403524915,0.00022379096475084927,0.005106603464750849,0.006083165964750849,0.0004679315897508493,-0.004414880910249151,-2.0349660249150726e-05,0.01047769721475085,0.01560465033975085,0.00998941596475085,-2.0349660249150726e-05,-0.0029500371602491507,0.006083165964750849,0.01853433783975085,0.02048746283975085,0.01389566596475085,0.01096597846475085,0.01023355658975085,0.00950113471475085,0.01121011908975085,0.01438394721475085,0.01096597846475085,0.006571447214750849,0.004862462839750849,0.0033976190897508493,0.01096597846475085,0.01829019721475085,0.007303869089750849,-0.01906331841024915,-0.02834066216024915,-0.01393636528524915,0.0021769159647508493,-0.0002644902852491507,-0.01686605278524915,-0.02931722466024915,-0.03249105278524915,-0.02809652153524915,-0.02492269341024915,-0.02760824028524915,-0.03029378716024915,-0.03420003716024915,-0.04079183403524915,-0.04250081841024915,-0.03493245903524915,-0.01906331841024915,-0.007588709035249151,-0.01295980278524915,-0.02711995903524915,-0.03175863091024915,-0.01979574028524915,-0.006368005910249151,-0.0002644902852491507,0.00022379096475084927,-0.0005086309102491507,0.007059728464750849,0.01121011908975085,0.007792150339750849,0.01121011908975085,0.02024332221475085,0.02024332221475085,0.02146402533975085,0.02170816596475085,0.03000894721475085,0.03538004096475085,0.01658121283975085,-0.0027058965352491507,-0.00832113091024915,0.0007120722147508493,0.007548009714750849,-0.0036824590352491507,-0.02077230278524915,-0.03127034966024915,-0.03517659966024915,-0.03664144341024915,-0.04543050591024915,-0.05251058403524915,-0.03639730278524915,-0.005635584035249151,0.01853433783975085,0.02561441596475085,0.01413980658975085,-0.0036824590352491507,-0.01198324028524915,0.0031534784647508493,0.03391519721475085,0.05417886908975085,0.05198160346475085,0.03464761908975085,0.02659097846475085,0.03611246283975085,0.05466715033975085,0.07468668158975085,0.08664957221475085,0.07859293158975085,0.06345621283975085,0.04587808783975085,0.02463785346475085,0.007059728464750849,0.00950113471475085,0.02610269721475085,0.02610269721475085,0.004374181589750849,-0.02419027153524915,-0.03542074028524915,-0.03786214653524915,-0.03590902153524915,-0.03127034966024915,-0.02614339653524915,-0.01711019341024915,-0.01491292778524915,-0.02321370903524915,-0.01711019341024915,-0.01711019341024915,-0.003926599660249151,-0.0009969121602491507,-0.007588709035249151,-0.01369222466024915,-0.004659021535249151,0.01609293158975085,0.02756754096475085,0.02903238471475085,0.03269449408975085,0.03269449408975085,0.03635660346475085,0.04319254096475085,0.05320230658975085,0.05857340033975085,0.04563394721475085,0.01755777533975085,-0.0034383184102491507,-0.00783284966024915,-0.006123865285249151,-0.01515706841024915,-0.03273519341024915,-0.05348714653524915,-0.05934652153524915,-0.05836995903524915,-0.06276449028524915,-0.07277425591024915,-0.07155355278524915,-0.05544027153524915,-0.04543050591024915,-0.05739339653524915,-0.05739339653524915,-0.04372152153524915,-0.01588949028524915,-0.00832113091024915,-0.03127034966024915,-0.04103597466024915,-0.01857503716024915,0.02219644721475085,0.04465738471475085,0.02854410346475085,0.02854410346475085,0.02439371283975085,0.03538004096475085,0.05759683783975085,0.07126871283975085,0.05979410346475085,0.03318277533975085,0.005839025339750849,-0.00783284966024915,-0.0017293340352491507,0.01096597846475085,-0.006612146535249151,-0.04030355278524915,-0.05226644341024915,-0.03761800591024915,-0.02516683403524915,-0.03200277153524915,-0.04005941216024915,-0.03786214653524915,-0.02858480278524915,-0.02785238091024915,-0.03859456841024915,-0.03883870903524915,-0.01149495903524915,0.02268472846475085,0.02976480658975085,0.005839025339750849,-0.006368005910249151,0.00950113471475085,0.03342691596475085,0.05417886908975085,0.06736246283975085,0.07029215033975085,0.07908121283975085,0.08494058783975085,0.05539957221475085,0.05539957221475085,0.03806558783975085,0.03196207221475085,0.03464761908975085,0.02976480658975085,0.00901285346475085,-0.01271566216024915,-0.03468831841024915,-0.04811605278524915,-0.03175863091024915,-0.03175863091024915,-0.04933675591024915,-0.07082113091024915,-0.07106527153524915,-0.06252034966024915,-0.04298909966024915,-0.04005941216024915,-0.05641683403524915,-0.05397542778524915,-0.02834066216024915,-0.007100427785249151,-0.0012410527852491507,-0.007588709035249151,-0.01149495903524915,-0.0012410527852491507,0.02317300971475085,0.04905191596475085,0.05613199408975085,0.05051675971475085,0.04685465033975085,0.06931558783975085,0.06931558783975085,0.07737222846475085,0.05295816596475085,0.01975504096475085,0.004618322214750849,0.004374181589750849,0.004862462839750849,0.0009562128397508493,-0.01247152153524915,-0.03444417778524915,-0.05275472466024915,-0.05885824028524915,-0.06789144341024915,-0.06374105278524915,-0.05031331841024915,-0.04225667778524915,-0.04347738091024915,-0.04640706841024915,-0.03542074028524915,-0.01003011528524915,0.01023355658975085,0.01023355658975085,0.004374181589750849,-0.0024617559102491507,0.00022379096475084927,0.01853433783975085,0.04148355658975085,0.06516519721475085,0.07444254096475085,0.06418863471475085,0.05857340033975085,0.05857340033975085,0.08274332221475085,7.504828896960003e-05,0.06711832221475085,0.03464761908975085,0.03269449408975085,0.04050699408975085,0.02903238471475085,-0.01369222466024915,-0.05080159966024915,-0.04860433403524915,-0.02638753716024915,-0.01808675591024915,-0.03346761528524915,-0.07301839653524915,7.504828896960003e-05,-0.07277425591024915,-0.04689534966024915,-0.02345784966024915,-0.02223714653524915,-0.05397542778524915,-0.05397542778524915,-0.02419027153524915,0.01121011908975085,0.01706949408975085,0.00803629096475085,-0.004170740285249151,-0.004659021535249151,0.02146402533975085,0.06125894721475085,0.05662027533975085,0.05662027533975085,0.04026285346475085,0.04075113471475085,0.05881754096475085,0.06687418158975085,0.05124918158975085,0.02561441596475085,0.01829019721475085,0.01999918158975085,-0.0007527715352491507,-0.04884847466024915,-0.04884847466024915,-0.04201253716024915,-0.02834066216024915,-0.04665120903524915,-0.07423909966024915,-0.08620199028524915,7.504828896960003e-05,-0.07399495903524915,-0.05299886528524915,-0.05006917778524915,-0.05714925591024915,-0.05104574028524915,-0.03346761528524915,-0.01662191216024915,-0.006368005910249151,-0.0014851934102491507,-0.00978597466024915,-0.00856527153524915,0.01291910346475085,0.03733316596475085,0.06101480658975085,0.06101480658975085,0.04954019721475085,0.04880777533975085,0.06614175971475085,0.08225504096475085,0.07346597846475085,0.04294840033975085,0.01804605658975085,0.01145425971475085,0.01169840033975085,0.01169840033975085,0.004618322214750849,-0.01979574028524915,-0.04250081841024915,-0.04469808403524915,-0.03493245903524915,-0.03590902153524915,-0.04982503716024915,-0.05006917778524915,-0.04884847466024915,-0.04787191216024915,-0.03737386528524915,-0.02736409966024915,-0.02663167778524915,-0.01271566216024915,0.0012003534647508493,-0.0029500371602491507,0.00022379096475084927,0.02463785346475085,0.03806558783975085,0.03660074408975085,0.03660074408975085,0.04587808783975085,0.07102457221475085,7.504828896960003e-05,0.08176675971475085,0.06907144721475085,0.06125894721475085,0.06467691596475085,0.06516519721475085,0.02878824408975085,0.02878824408975085,0.02219644721475085,0.01243082221475085,-0.0029500371602491507,-0.02858480278524915,-0.04518636528524915,-0.03566488091024915,-0.03981527153524915,-0.06276449028524915,-0.07375081841024915,-0.06374105278524915,-0.05568441216024915,-0.05470784966024915,-0.07253011528524915,-0.08449300591024915,-0.05836995903524915,-0.007588709035249151,0.01780191596475085,-0.005147302785249151,-0.03468831841024915,0.0014444940897508493,0.0014444940897508493,0.02854410346475085,0.03684488471475085,0.04148355658975085,0.05124918158975085,0.06101480658975085,0.06321207221475085,0.05662027533975085,0.05369058783975085,0.06150308783975085,0.06150308783975085,0.04880777533975085,0.02854410346475085,0.01218668158975085,0.004130040964750849,-0.0027058965352491507,-0.006856287160249151,-0.01149495903524915,-0.04494222466024915,-0.06496175591024915,-0.06496175591024915,-0.05641683403524915,-0.05934652153524915,-0.05641683403524915,-0.05080159966024915,-0.06374105278524915,-0.06007894341024915,-0.03688558403524915,-0.03249105278524915,-0.04005941216024915,-0.03468831841024915,-0.01662191216024915,0.01218668158975085,0.03391519721475085,0.02121988471475085,-0.0005086309102491507,-0.0009969121602491507,0.02634683783975085,0.05979410346475085,0.07224527533975085,0.06052652533975085,0.06052652533975085,0.06833902533975085,0.06833902533975085,0.05295816596475085,0.03342691596475085,0.02781168158975085,0.03879800971475085,0.02244058783975085,-0.0027058965352491507,-0.04128011528524915,-0.04128011528524915,-0.03078206841024915,-0.02419027153524915,-0.04298909966024915,-0.07277425591024915,-0.08034261528524915,-0.07082113091024915,-0.04396566216024915,-0.03883870903524915,-0.05641683403524915,-0.05641683403524915,-0.04420980278524915,-0.01418050591024915,0.005106603464750849,0.00974527533975085,0.00828043158975085,0.005594884714750849,0.00998941596475085,0.01487222846475085,0.04905191596475085,0.04905191596475085,0.06760660346475085,0.06540933783975085,0.05613199408975085,0.05369058783975085,0.06882730658975085,0.08005777533975085,0.06589761908975085,0.04099527533975085,0.03122965033975085,0.01829019721475085,0.01829019721475085,0.004618322214750849,-0.01003011528524915,-0.03297933403524915,-0.04128011528524915,-0.05031331841024915,-0.05251058403524915,-0.05177816216024915,-0.05226644341024915,-0.06398519341024915,-0.06398519341024915,-0.05836995903524915,-0.05690511528524915,-0.04836019341024915,-0.03761800591024915,-0.01979574028524915,0.0014444940897508493,-0.0007527715352491507,-0.01686605278524915,0.02317300971475085,0.02317300971475085,0.03733316596475085,0.03245035346475085,0.02195230658975085,0.02537027533975085,0.05320230658975085,0.08664957221475085,7.504828896960003e-05,0.06931558783975085,0.04758707221475085,0.04758707221475085,0.04685465033975085,0.04001871283975085,0.03708902533975085,0.01340738471475085,-0.004414880910249151,-0.01784261528524915,-0.02077230278524915,-0.02443441216024915,-0.03786214653524915,-0.07643636528524915,-0.07643636528524915,-0.07985433403524915,-0.07106527153524915,-0.05177816216024915,-0.04884847466024915,-0.06105550591024915,-0.06374105278524915,-0.04323324028524915,-0.01247152153524915,-0.00783284966024915,-0.00783284966024915,-0.02565511528524915,-0.02003988091024915,-0.0031941777852491507,0.01682535346475085,0.03611246283975085,0.05027261908975085,0.05173746283975085,0.03367105658975085,0.04880777533975085,0.04880777533975085,0.07663980658975085,0.08445230658975085,0.06199136908975085,0.02976480658975085,0.02903238471475085,0.05637613471475085,0.06443277533975085,0.02707925971475085,-0.02003988091024915,-0.04176839653524915,-0.04176839653524915,-0.03102620903524915,-0.03273519341024915,-0.05299886528524915,-0.06642659966024915,-0.07594808403524915,-0.07277425591024915,-0.05080159966024915,-0.03810628716024915,-0.04323324028524915,-0.05519613091024915,-0.05519613091024915,-0.03200277153524915,-0.005391443410249151,0.01584879096475085,0.01633707221475085,0.006327306589750849,0.0021769159647508493,0.005350744089750849,0.02488199408975085,0.04734293158975085,0.04734293158975085,0.05076090033975085,0.05613199408975085,0.06858316596475085,0.08323160346475085,0.08445230658975085,0.06760660346475085,0.04026285346475085,0.02976480658975085,0.02829996283975085,0.02829996283975085,0.007059728464750849,-0.00783284966024915,-0.01784261528524915,-0.02248128716024915,-0.02248128716024915,-0.03835042778524915,-0.06984456841024915,7.504828896960003e-05,7.504828896960003e-05,-0.04958089653524915,-0.04958089653524915,-0.04738363091024915,-0.05373128716024915,-0.06520589653524915,-0.06032308403524915,-0.03249105278524915,-0.00856527153524915,0.004862462839750849,0.006327306589750849,-0.00880941216024915,-0.00880941216024915,0.004374181589750849,0.03415933783975085,0.05857340033975085,0.05637613471475085,0.03806558783975085,0.03220621283975085,0.04661050971475085,0.07004800971475085,0.07541910346475085,0.04123941596475085,0.04123941596475085,0.01999918158975085,0.02219644721475085,0.03440347846475085,0.03440347846475085,0.00998941596475085,-0.02980550591024915,-0.03590902153524915,-0.03590902153524915,-0.02907308403524915,-0.03566488091024915,-0.04640706841024915,-0.06032308403524915,-0.06715902153524915,-0.05641683403524915,-0.03737386528524915,-0.03004964653524915,-0.04005941216024915,-0.04323324028524915,-0.04323324028524915,-0.01076253716024915,0.01169840033975085,0.01121011908975085,0.00998941596475085,0.006815587839750849,0.0029093378397508493,0.01682535346475085,0.03708902533975085,0.05344644721475085,0.05466715033975085,0.04709879096475085,0.04905191596475085,0.06760660346475085,0.07517496283975085,0.07517496283975085,0.05246988471475085,0.02585855658975085,0.01853433783975085,0.02366129096475085,0.02439371283975085,0.00852457221475085,-0.01759847466024915,-0.03712972466024915,-0.03127034966024915,-0.03127034966024915,-0.02736409966024915,-0.05104574028524915,-0.08449300591024915,-0.08424886528524915,-0.06032308403524915,-0.04298909966024915,-0.03908284966024915,-0.04762777153524915,-0.04274495903524915,-0.04274495903524915,-0.01637777153524915,-0.0005086309102491507,0.007792150339750849,0.004374181589750849,-0.004170740285249151,-0.0024617559102491507,0.02219644721475085,0.04661050971475085,0.04026285346475085,0.04441324408975085,0.04441324408975085,0.05051675971475085,0.06443277533975085,0.07859293158975085,0.07419840033975085,0.05246988471475085,0.03122965033975085,0.03489175971475085,0.03977457221475085,0.007548009714750849,0.007548009714750849,-0.01442464653524915,-0.03029378716024915,-0.03590902153524915,-0.03615316216024915,-0.05202230278524915,-0.08009847466024915,7.504828896960003e-05,-0.07228597466024915,-0.04616292778524915,-0.04616292778524915,-0.05324300591024915,-0.05983480278524915,-0.06252034966024915,-0.04079183403524915,0.0024210565897508493,0.02146402533975085,0.01780191596475085,0.0038859003397508493,0.004130040964750849,0.004130040964750849,0.02878824408975085,0.04856363471475085,0.03953043158975085,0.02634683783975085,0.04099527533975085,0.07151285346475085,0.08738199408975085,0.07419840033975085,0.03098550971475085,0.03293863471475085,0.03293863471475085,0.04294840033975085,0.04490152533975085,0.03025308783975085,0.0031534784647508493,-0.02809652153524915,-0.05177816216024915,-0.04567464653524915,-0.02296956841024915,-0.05544027153524915,-0.05544027153524915,-0.08449300591024915,7.504828896960003e-05,-0.06837972466024915,-0.03273519341024915,-0.02296956841024915,-0.05031331841024915,-0.07301839653524915,-0.04225667778524915,0.03049722846475085,-0.006123865285249151,-0.006123865285249151,-0.03102620903524915,-0.01369222466024915,0.03098550971475085,0.06418863471475085,0.06272379096475085,0.02976480658975085,0.01536050971475085,0.05564371283975085,0.07956949408975085,0.07956949408975085,7.504828896960003e-05,0.07712808783975085,0.06614175971475085,0.06711832221475085,0.07151285346475085,0.07590738471475085,0.06736246283975085,0.04831949408975085,-0.01491292778524915,-0.01491292778524915,-0.01833089653524915,-0.01149495903524915,-0.01125081841024915,-0.03029378716024915,-0.06105550591024915,-0.08131917778524915,-0.07838949028524915,-0.06178792778524915,-0.04738363091024915,-0.04738363091024915,-0.05910238091024915,-0.05910238091024915,-0.04054769341024915,-0.02150472466024915,-0.00880941216024915,-0.01588949028524915,-0.03004964653524915,-0.02565511528524915,0.02048746283975085,0.02659097846475085,0.02659097846475085,0.01658121283975085,-0.007588709035249151,-0.01344808403524915,0.02048746283975085,0.05832925971475085,0.07078043158975085,0.05369058783975085,0.01609293158975085,-0.006123865285249151,-0.006123865285249151,0.03196207221475085,0.05491129096475085,0.03611246283975085,-0.00856527153524915,-0.04250081841024915,-0.04860433403524915,-0.02882894341024915,-0.00880941216024915,-0.03981527153524915,-0.03981527153524915,-0.05373128716024915,-0.05104574028524915,-0.04640706841024915,-0.03566488091024915,-0.02882894341024915,-0.03712972466024915,-0.03932699028524915,-0.03639730278524915,0.0009562128397508493,0.01145425971475085,0.01145425971475085,0.007059728464750849,-0.01051839653524915,-0.01344808403524915,-2.0349660249150726e-05,0.01755777533975085,0.03440347846475085,0.03440347846475085,0.01291910346475085,0.02219644721475085,0.02219644721475085,0.03684488471475085,0.03220621283975085,0.02146402533975085,0.01926675971475085,0.02292886908975085,0.02048746283975085,0.01462808783975085,0.01169840033975085,0.01389566596475085,0.01389566596475085,0.01926675971475085,0.02195230658975085,0.01511636908975085,-0.0012410527852491507,-0.01711019341024915,-0.01930745903524915,-0.0017293340352491507,0.01609293158975085,0.01145425971475085,0.01145425971475085,-0.004170740285249151,-0.01515706841024915,-0.01418050591024915,0.0007120722147508493,0.01902261908975085,0.02121988471475085,0.007548009714750849,-0.01027425591024915,-0.0019734746602491507,-0.0019734746602491507,0.006083165964750849,0.00876871283975085,0.006815587839750849,0.0021769159647508493,-0.007344568410249151,-0.01906331841024915,-0.02126058403524915,-0.01100667778524915,0.0009562128397508493,-0.007344568410249151,-0.007344568410249151,-0.01442464653524915,-0.01564534966024915,-0.01051839653524915,-0.0014851934102491507,-0.0014851934102491507,-0.00783284966024915,-0.00954183403524915,-0.0029500371602491507,-0.004414880910249151,-0.004414880910249151,-0.01149495903524915,-0.01344808403524915,-0.004659021535249151,0.0016886347147508493,-2.0349660249150726e-05,-0.00807699028524915,-0.007344568410249151,-0.0017293340352491507,0.005594884714750849,0.0019327753397508493,0.0019327753397508493,0.0009562128397508493,-0.0014851934102491507,-0.0034383184102491507,-0.0036824590352491507,-0.0012410527852491507,0.0024210565897508493,0.0036417597147508493,-0.0014851934102491507,0.006083165964750849,0.006083165964750849,0.00876871283975085,0.007059728464750849,0.007059728464750849,0.00803629096475085,0.00998941596475085,0.01169840033975085,0.007792150339750849,0.00852457221475085,0.01560465033975085,0.01560465033975085,0.02073160346475085,0.02024332221475085,0.01999918158975085,0.01316324408975085,0.005350744089750849,0.005106603464750849,0.007548009714750849,0.01389566596475085,0.00876871283975085,0.00876871283975085,0.0036417597147508493,0.0014444940897508493,0.0031534784647508493,0.005594884714750849,0.004618322214750849,-0.0029500371602491507,-0.0031941777852491507,0.01145425971475085,0.03440347846475085,0.0033976190897508493,0.0033976190897508493,-0.04591878716024915,-0.07790120903524915,-0.05812581841024915,0.004862462839750849,0.04075113471475085,0.01658121283975085,-0.04396566216024915,-0.06422933403524915,-0.01222738091024915,-0.01222738091024915,0.02488199408975085,0.02561441596475085,-0.004903162160249151,-0.03859456841024915,-0.03810628716024915,0.0024210565897508493,0.04221597846475085,0.01633707221475085,-0.0036824590352491507,-0.0036824590352491507,0.0026651972147508493,0.02976480658975085,0.04807535346475085,0.03538004096475085,-0.0017293340352491507,-0.02443441216024915,-0.0031941777852491507,0.05124918158975085,0.04197183783975085,-0.02174886528524915,-0.02174886528524915,-0.04860433403524915,-0.01369222466024915,0.04709879096475085,0.07663980658975085,0.04221597846475085,-0.02467855278524915,-0.05446370903524915,0.03049722846475085,0.07297769721475085,0.07297769721475085,0.05979410346475085,-0.004903162160249151,-0.06789144341024915,-0.07033284966024915,-0.00783284966024915,0.05979410346475085,0.06492105658975085,-0.05104574028524915,-0.06960042778524915,-0.06960042778524915,-0.03273519341024915,0.02585855658975085,0.05417886908975085,0.02268472846475085,-0.03737386528524915,-0.06740316216024915,-0.03883870903524915,0.01706949408975085,0.01096597846475085,0.01096597846475085,-0.02736409966024915,-0.03322347466024915,-0.00856527153524915,0.01511636908975085,0.01462808783975085,0.0016886347147508493,-0.01540120903524915,-0.02760824028524915,0.01462808783975085,0.01853433783975085,0.01853433783975085,-0.00832113091024915,-0.03175863091024915,-0.02785238091024915,-0.006856287160249151,0.004374181589750849,0.0004679315897508493,-0.01686605278524915,-0.05348714653524915,-0.02345784966024915,-0.02345784966024915,0.005594884714750849,-0.01173909966024915,-0.05031331841024915,-0.07057699028524915,-0.05251058403524915,-0.01637777153524915,0.01316324408975085,-0.05470784966024915,-0.06520589653524915,-0.06520589653524915,-0.04787191216024915,-0.02077230278524915,0.004374181589750849,0.006815587839750849,-0.01906331841024915,-0.04958089653524915,-0.05153402153524915,0.01951090033975085,0.04709879096475085,0.04709879096475085,0.02366129096475085,-0.02858480278524915,-0.04738363091024915,-0.01881917778524915,0.02683511908975085,0.04441324408975085,0.02317300971475085,-0.00929769341024915,-0.02077230278524915,0.005594884714750849,0.03562418158975085,0.0016886347147508493,-0.01344808403524915,-0.01344808403524915,-0.01173909966024915,0.00803629096475085,0.03855386908975085,0.05564371283975085,0.03415933783975085,-0.004659021535249151,-0.01784261528524915,0.00998941596475085,0.05515543158975085,0.03660074408975085,-0.007100427785249151,-0.007100427785249151,-0.01662191216024915,0.0021769159647508493,0.03611246283975085,0.05198160346475085,0.03464761908975085,0.0024210565897508493,-0.01955159966024915,0.01316324408975085,0.03733316596475085,0.03098550971475085,0.03098550971475085,-0.01442464653524915,-0.05617269341024915,-0.04469808403524915,0.00901285346475085,0.05246988471475085,0.04001871283975085,-0.01003011528524915,-0.03078206841024915,0.01951090033975085,0.01951090033975085,0.04758707221475085,0.03074136908975085,-0.0036824590352491507,-0.03468831841024915,-0.03127034966024915,0.005106603464750849,0.04148355658975085,0.005350744089750849,-0.03737386528524915,-0.03737386528524915,-0.04543050591024915,0.0036417597147508493,0.06345621283975085,0.06663004096475085,0.005839025339750849,-0.04762777153524915,-0.04250081841024915,0.05198160346475085,0.04416910346475085,0.04416910346475085,-0.0029500371602491507,-0.03102620903524915,-0.02248128716024915,-0.0019734746602491507,0.01389566596475085,0.00852457221475085,-0.00929769341024915,-0.007344568410249151,-0.0017293340352491507,-0.0017293340352491507,-0.005879724660249151,-0.007344568410249151,-0.01198324028524915,-0.02223714653524915,-0.0029500371602491507,0.03147379096475085,0.02976480658975085,0.007303869089750849,-0.01662191216024915,-0.0019734746602491507,-0.0019734746602491507,0.02463785346475085,0.03293863471475085,0.007548009714750849,-0.01833089653524915,-0.01491292778524915,-0.0029500371602491507,0.01023355658975085,0.02781168158975085,-0.01027425591024915,-0.01027425591024915,-0.04176839653524915,-0.02272542778524915,0.01877847846475085,0.03513590033975085,0.02781168158975085,0.007059728464750849,-0.01979574028524915,0.01829019721475085,0.03318277533975085,0.03318277533975085,0.03367105658975085,0.02707925971475085,0.0036417597147508493,-0.02760824028524915,-0.02907308403524915,0.007792150339750849,0.03293863471475085,0.0004679315897508493,-0.0031941777852491507,-0.0031941777852491507,-0.0022176152852491507,-0.01149495903524915,-0.01320394341024915,0.0031534784647508493,0.01389566596475085,0.0036417597147508493,0.005594884714750849,0.007303869089750849,-0.0029500371602491507,-0.0029500371602491507,-0.005147302785249151,-0.007100427785249151,-0.01491292778524915,-0.0009969121602491507,0.01316324408975085,-0.006368005910249151,-0.03981527153524915,-0.03737386528524915,0.0016886347147508493,-0.01320394341024915,-0.01320394341024915,-0.02785238091024915,-0.02174886528524915,-0.02223714653524915,-0.02785238091024915,-0.02101644341024915,-0.0005086309102491507,0.00803629096475085,-0.02956136528524915,-0.02980550591024915,-0.02980550591024915,-0.01808675591024915,-0.01003011528524915,-0.0029500371602491507,-0.004170740285249151,-0.01955159966024915,-0.03346761528524915,-0.02663167778524915,-0.01027425591024915,-0.01320394341024915,-0.00807699028524915,-0.00807699028524915,-0.01393636528524915,-0.03127034966024915,-0.03102620903524915,0.0009562128397508493,0.02829996283975085,0.01023355658975085,-0.03273519341024915,-0.01295980278524915,0.01975504096475085,0.02366129096475085,0.02366129096475085,0.006571447214750849,-0.0029500371602491507,-0.0014851934102491507,-0.0034383184102491507,-0.0017293340352491507,0.01291910346475085,0.02634683783975085,0.01780191596475085,-0.00954183403524915,0.01706949408975085,0.01706949408975085,0.02097574408975085,0.005594884714750849,-0.0027058965352491507,0.00950113471475085,0.02903238471475085,0.03074136908975085,0.01023355658975085,-0.00880941216024915,-0.00880941216024915,0.00022379096475084927,0.03025308783975085,0.03855386908975085,0.01511636908975085,0.007792150339750849,0.01267496283975085,0.01267496283975085,0.03147379096475085,0.05051675971475085,0.04856363471475085,0.03122965033975085,0.005350744089750849,0.0009562128397508493,0.02878824408975085,0.03635660346475085,0.01731363471475085,0.01731363471475085,0.0004679315897508493,-0.004414880910249151,0.005839025339750849,0.00828043158975085,0.005839025339750849,-0.0017293340352491507,-0.00856527153524915,-0.004659021535249151,-0.0027058965352491507,-0.0019734746602491507,-0.01125081841024915,-0.02589925591024915,-0.01149495903524915,-0.01149495903524915,-0.0002644902852491507,0.00950113471475085,0.0021769159647508493,-0.01442464653524915,-0.01173909966024915,0.0031534784647508493,0.00901285346475085,0.00852457221475085,0.0026651972147508493,0.0026651972147508493,-0.0022176152852491507,-0.0005086309102491507,0.007059728464750849,0.01291910346475085,0.01413980658975085,0.006571447214750849,-0.01051839653524915,-0.02663167778524915,-0.02296956841024915,-0.0019734746602491507,-0.01564534966024915,-0.03615316216024915,-0.03615316216024915,-0.04103597466024915,-0.02809652153524915,-0.005147302785249151,0.004374181589750849,-0.01295980278524915,-0.03664144341024915,-0.05031331841024915,-0.04323324028524915,-0.02199300591024915,0.0016886347147508493,-0.01027425591024915,-0.02760824028524915,-0.03322347466024915,-0.03322347466024915,-0.02296956841024915,-0.0007527715352491507,0.01853433783975085,0.01096597846475085,-0.02516683403524915,-0.04176839653524915,0.007303869089750849,0.02219644721475085,0.01072183783975085,0.01072183783975085,0.0016886347147508493,-0.0022176152852491507,-0.01418050591024915,-0.01393636528524915,0.01633707221475085,0.04465738471475085,-0.0019734746602491507,-0.02614339653524915,-0.01515706841024915,0.02366129096475085,0.02366129096475085,0.05759683783975085,0.04441324408975085,0.0036417597147508493,-0.02052816216024915,-0.0022176152852491507,0.03147379096475085,0.03562418158975085,0.00803629096475085,0.01365152533975085,0.01365152533975085,0.02585855658975085,0.03049722846475085,0.01511636908975085,-0.007100427785249151,-0.01320394341024915,0.0014444940897508493,0.02146402533975085,0.02146402533975085,0.004130040964750849,-0.02003988091024915,-0.00978597466024915,0.005594884714750849,0.0038859003397508493,0.0038859003397508493,-0.01515706841024915,-0.03542074028524915,-0.04298909966024915,-0.03029378716024915,-0.007100427785249151,0.01218668158975085,-0.02321370903524915,-0.04518636528524915,-0.02760824028524915,0.01194254096475085,0.01194254096475085,0.03245035346475085,0.02073160346475085,-0.0017293340352491507,-0.006123865285249151,0.01389566596475085,0.03708902533975085,0.04050699408975085,0.01682535346475085,-0.0014851934102491507,0.03318277533975085,0.03318277533975085,0.04563394721475085,0.02366129096475085,-0.01344808403524915,-0.03053792778524915,-0.02296956841024915,-0.0029500371602491507,0.01096597846475085,-0.01271566216024915,-0.04543050591024915,-0.05641683403524915,-0.05641683403524915,-0.04054769341024915,-0.007100427785249151,0.01413980658975085,0.0031534784647508493,-0.02687581841024915,-0.05031331841024915,-0.04836019341024915,-0.007344568410249151,-0.01149495903524915,-0.01149495903524915,-0.02370199028524915,-0.01662191216024915,0.007059728464750849,0.02097574408975085,0.01340738471475085,0.0033976190897508493,0.00998941596475085,0.03342691596475085,0.04026285346475085,0.04880777533975085,0.04880777533975085,0.04758707221475085,0.04221597846475085,0.03464761908975085,0.03293863471475085,0.04661050971475085,0.04490152533975085,0.00925699408975085,0.02146402533975085,0.03708902533975085,0.03708902533975085,0.03342691596475085,0.007792150339750849,-0.01662191216024915,-0.02174886528524915,-0.01857503716024915,-0.01100667778524915,-0.01051839653524915,-0.02394613091024915,-0.03737386528524915,-0.03737386528524915,-0.04274495903524915,-0.04054769341024915,-0.03639730278524915,-0.02663167778524915,-0.02101644341024915,-0.03078206841024915,-0.03639730278524915,-0.004659021535249151,-0.0005086309102491507,-0.007100427785249151,-0.007100427785249151,-0.00832113091024915,0.00828043158975085,0.02878824408975085,0.03538004096475085,0.03440347846475085,0.02512613471475085,0.01047769721475085,0.02244058783975085,0.04783121283975085,0.04783121283975085,0.05442300971475085,0.02561441596475085,-0.02443441216024915,-0.04103597466024915,-0.005879724660249151,0.04221597846475085,0.04123941596475085,-0.04933675591024915,-0.04079183403524915,-0.04079183403524915,-0.00929769341024915,0.007059728464750849,-0.007344568410249151,-0.03981527153524915,-0.05959066216024915,-0.05836995903524915,-0.04176839653524915,-0.01320394341024915,-0.01393636528524915,-0.02638753716024915,-0.02638753716024915,-0.03151449028524915,-0.01003011528524915,0.01804605658975085,0.03025308783975085,0.01218668158975085,-0.00954183403524915,0.03318277533975085,0.06785074408975085,0.06687418158975085,0.06687418158975085,0.03513590033975085,0.007303869089750849,-0.0029500371602491507,0.00925699408975085,0.03220621283975085,0.03928629096475085,0.01926675971475085,-0.0019734746602491507,0.00974527533975085,0.00974527533975085,0.01584879096475085,0.005350744089750849,-0.01930745903524915,-0.04103597466024915,-0.03810628716024915,-0.01881917778524915,-0.01393636528524915,-0.02296956841024915,-0.05177816216024915,-0.04640706841024915,-0.02516683403524915,-0.02516683403524915,-0.0014851934102491507,0.007059728464750849,0.0007120722147508493,-0.0009969121602491507,0.01291910346475085,0.01462808783975085,0.004862462839750849,0.04758707221475085,0.07053629096475085,0.07053629096475085,0.05735269721475085,0.02414957221475085,0.005594884714750849,0.01658121283975085,0.04148355658975085,0.05564371283975085,0.03928629096475085,0.0033976190897508493,0.01829019721475085,0.01829019721475085,0.01853433783975085,0.00950113471475085,-0.007588709035249151,-0.01613363091024915,-0.01418050591024915,-0.007344568410249151,-0.01393636528524915,-0.03810628716024915,-0.03664144341024915,-0.02589925591024915,-0.02589925591024915,-0.01515706841024915,-0.01759847466024915,-0.01637777153524915,-0.0024617559102491507,0.007548009714750849,0.0029093378397508493,-0.0034383184102491507,0.0009562128397508493,0.00876871283975085,0.01682535346475085,0.01780191596475085,0.01194254096475085,0.0031534784647508493,0.0031534784647508493,-0.004903162160249151,-0.004903162160249151,-0.0005086309102491507,0.0016886347147508493,0.0019327753397508493,-0.0002644902852491507,-0.006856287160249151,-0.02980550591024915,-0.02077230278524915,-0.02028402153524915,-0.02028402153524915,-0.03004964653524915,-0.03639730278524915,-0.03908284966024915,-0.02467855278524915,-0.01027425591024915,-0.00880941216024915,-0.006123865285249151,0.01462808783975085,0.00998941596475085,0.00022379096475084927,0.00022379096475084927,0.01145425971475085,0.03074136908975085,0.04270425971475085,0.04001871283975085,0.02170816596475085,0.01072183783975085,0.0029093378397508493,0.01145425971475085,0.03049722846475085,0.04123941596475085,0.04123941596475085,0.01804605658975085,-0.02785238091024915,-0.03639730278524915,0.0029093378397508493,0.03415933783975085,0.01853433783975085,-0.04958089653524915,-0.05763753716024915,-0.03932699028524915,-0.03932699028524915,-0.006368005910249151,0.01511636908975085,-0.0019734746602491507,-0.02272542778524915,-0.02296956841024915,-0.0009969121602491507,0.01804605658975085,0.02414957221475085,0.01633707221475085,0.01633707221475085,0.02170816596475085,0.03000894721475085,0.03635660346475085,0.03025308783975085,0.01706949408975085,0.00022379096475084927,0.0029093378397508493,0.02195230658975085,0.00925699408975085,-0.00929769341024915,-0.00929769341024915,-0.02516683403524915,-0.01979574028524915,-0.00832113091024915,-0.01003011528524915,-0.02077230278524915,-0.03371175591024915,-0.05006917778524915,-0.02931722466024915,-0.007344568410249151,-0.007344568410249151,-0.00783284966024915,-0.02272542778524915,-0.02589925591024915,-0.01247152153524915,0.007792150339750849,0.01999918158975085,0.02634683783975085,0.02024332221475085,0.01658121283975085,0.01658121283975085,0.02170816596475085,0.02170816596475085,0.01462808783975085,0.01462808783975085,0.01609293158975085,0.01267496283975085,0.007792150339750849,-0.003926599660249151,-0.01051839653524915,-0.01051839653524915,-0.01418050591024915,-0.01003011528524915,-0.01198324028524915,-0.01637777153524915,-0.02638753716024915,-0.02003988091024915,-0.01076253716024915,-0.01173909966024915,-0.01247152153524915,0.0026651972147508493,0.0026651972147508493,0.01584879096475085,0.02463785346475085,0.02317300971475085,0.02390543158975085,0.02878824408975085,0.03098550971475085,0.01536050971475085,0.01755777533975085,0.01536050971475085,0.01536050971475085,0.01023355658975085,0.007548009714750849,-2.0349660249150726e-05,-0.007588709035249151,-0.01491292778524915,-0.01515706841024915,-0.01076253716024915,-0.03273519341024915,-0.05324300591024915,-0.05324300591024915,-0.03761800591024915,-0.00880941216024915,-0.01051839653524915,-0.02443441216024915,-0.02956136528524915,-0.01222738091024915,0.01462808783975085,0.0031534784647508493,0.0031534784647508493,0.02219644721475085,0.02219644721475085,0.03562418158975085,0.03440347846475085,0.02219644721475085,0.0026651972147508493,-0.0036824590352491507,0.007303869089750849,0.02341715033975085,0.0024210565897508493,-0.02443441216024915,-0.02443441216024915,-0.03908284966024915,-0.03102620903524915,-0.01051839653524915,-0.0031941777852491507,-0.01222738091024915,-0.02687581841024915,-0.03420003716024915,-0.01442464653524915,0.0016886347147508493,0.0016886347147508493,0.00950113471475085,0.0009562128397508493,-0.004659021535249151,0.0026651972147508493,0.01926675971475085,0.03196207221475085,0.01511636908975085,0.01511636908975085,0.02341715033975085,0.02024332221475085,0.02024332221475085,0.01365152533975085,0.01633707221475085,0.02073160346475085,0.01145425971475085,-0.007344568410249151,-0.01637777153524915,-0.01711019341024915,-0.03029378716024915,-0.03249105278524915,-0.03249105278524915,-0.02443441216024915,-0.01369222466024915,-0.006856287160249151,-0.01027425591024915,-0.00880941216024915,0.01096597846475085,0.02756754096475085,0.00852457221475085,0.01926675971475085,0.01926675971475085,0.04368082221475085,0.05027261908975085,0.02610269721475085,0.0016886347147508493,0.0007120722147508493,0.01926675971475085,0.01072183783975085,-0.01076253716024915,-0.01442464653524915,-0.0036824590352491507,-0.0036824590352491507,-0.0022176152852491507,-0.02028402153524915,-0.04079183403524915,-0.04420980278524915,-0.02956136528524915,-0.01393636528524915,-0.02419027153524915,-0.01857503716024915,-0.006368005910249151,-0.006368005910249151,0.005350744089750849,0.01243082221475085,0.01682535346475085,0.02292886908975085,0.02195230658975085,0.01487222846475085,-0.005635584035249151,0.00828043158975085,0.01682535346475085,0.01682535346475085,0.006815587839750849,-0.01125081841024915,-0.01393636528524915,-0.005391443410249151,0.00022379096475084927,-0.01540120903524915,-0.02785238091024915,-0.02467855278524915,-0.02199300591024915,-0.01637777153524915,-0.01637777153524915,-0.01149495903524915,-0.0024617559102491507,0.00901285346475085,0.005106603464750849,0.004374181589750849,0.01853433783975085,0.04807535346475085,0.02927652533975085,0.00876871283975085,0.00876871283975085,0.007059728464750849,0.02341715033975085,0.02878824408975085,0.01072183783975085,-0.01588949028524915,-0.02370199028524915,0.005839025339750849,-0.0007527715352491507,-0.01833089653524915,-0.01833089653524915,-0.03786214653524915,-0.04738363091024915,-0.04152425591024915,-0.01955159966024915,0.01145425971475085,0.02390543158975085,-0.01491292778524915,-0.006123865285249151,0.02073160346475085,0.04026285346475085,0.04026285346475085,0.04514566596475085,0.03049722846475085,0.005839025339750849,-0.006123865285249151,0.0033976190897508493,0.02146402533975085,0.02414957221475085,-0.0007527715352491507,-0.02101644341024915,-0.02101644341024915,-0.02345784966024915,-0.02345784966024915,-0.01808675591024915,-0.01271566216024915,-0.01442464653524915,-0.01588949028524915,-0.00832113091024915,0.005594884714750849,0.01389566596475085,0.01389566596475085,0.01243082221475085,0.00950113471475085,0.01609293158975085,0.03293863471475085,0.03977457221475085,0.02878824408975085,-0.01222738091024915,0.0033976190897508493,0.01780191596475085,0.01780191596475085,0.01047769721475085,-0.02101644341024915,-0.04860433403524915,-0.05495199028524915,-0.05177816216024915,-0.04103597466024915,0.00022379096475084927,-0.02394613091024915,-0.006368005910249151,-0.02321370903524915,-0.01784261528524915,0.00925699408975085,0.00925699408975085,0.02927652533975085,0.02585855658975085,0.01584879096475085,0.02244058783975085,0.03171793158975085,0.02048746283975085,-0.00832113091024915,-0.0002644902852491507,0.007548009714750849,-0.01686605278524915,-0.01686605278524915,-0.05324300591024915,-0.05446370903524915,-0.02516683403524915,-0.004903162160249151,-0.01955159966024915,-0.05128988091024915,-0.03053792778524915,-0.01711019341024915,-0.02028402153524915,-0.02028402153524915,-0.02467855278524915,-0.02443441216024915,-0.01637777153524915,-0.01076253716024915,-0.02052816216024915,-0.01711019341024915,0.02805582221475085,0.02244058783975085,0.0038859003397508493,0.0038859003397508493,-0.0012410527852491507,0.00974527533975085,0.01877847846475085,0.01316324408975085,0.0033976190897508493,0.01096597846475085,0.03147379096475085,0.02097574408975085,0.00925699408975085,0.00925699408975085,0.0019327753397508493,0.0038859003397508493,0.01169840033975085,0.01926675971475085,0.01975504096475085,0.01780191596475085,0.02121988471475085,0.02341715033975085,0.02927652533975085,0.03147379096475085,0.03147379096475085,0.02610269721475085,0.02146402533975085,0.01999918158975085,0.02634683783975085,0.02976480658975085,0.02952066596475085,0.00828043158975085,0.0021769159647508493,0.004130040964750849,0.004130040964750849,0.00998941596475085,0.01316324408975085,0.0036417597147508493,-0.0002644902852491507,0.00852457221475085,0.01609293158975085,0.01316324408975085,0.0014444940897508493,0.0019327753397508493,0.01560465033975085,0.01560465033975085,0.02317300971475085,0.02073160346475085,0.01291910346475085,0.00950113471475085,0.01413980658975085,0.02585855658975085,0.02219644721475085,0.00901285346475085,-0.0019734746602491507,-0.0019734746602491507,-0.0007527715352491507,0.01072183783975085,0.02073160346475085,0.01658121283975085,-0.0019734746602491507,-0.02589925591024915,-0.01100667778524915,0.006083165964750849,0.01121011908975085,0.01121011908975085,-0.0017293340352491507,-0.02419027153524915,-0.03712972466024915,-0.03297933403524915,-0.006612146535249151
UR5e_W,0.010724647086888191,0.02610550646188819,0.015363318961888191,0.015363318961888191,0.011945350211888191,0.01926956896188819,0.02757035021188819,0.01658402208688819,0.0026680064618881906,-0.0009941029131118094,0.008283240836888191,0.012921912711888191,0.0058418345868881906,-0.008806602913111809,-0.013445274788111809,-0.010759727913111809,-0.011980431038111809,-0.010271446663111809,-0.014177696663111809,-0.02394332166311181,-0.02394332166311181,-0.02711714978811181,-0.02516402478811181,-0.02272261853811181,-0.01906050916311181,-0.01735152478811181,-0.02369918103811181,-0.02614058728811181,-0.02296675916311181,-0.01906050916311181,-0.01783980603811181,-0.01832808728811181,-0.01637496228811181,-0.013201134163111809,-0.011492149788111809,-0.014665977913111809,-0.01564254041311181,-0.009294884163111809,-0.007830040413111809,-0.010027306038111809,-0.0066093372881118094,-0.0031913685381118094,-1.7540413111809434e-05,-1.7540413111809434e-05,-1.7540413111809434e-05,-0.0036796497881118094,-0.0041679310381118094,-0.0044120716631118094,-0.0019706654131118094,0.013410193961888191,0.012921912711888191,0.0070625377118881906,0.0043769908368881906,0.0048652720868881906,0.0070625377118881906,0.008039100211888191,0.0073066783368881906,0.0073066783368881906,0.0073066783368881906,0.0075508189618881906,0.009259803336888191,0.0073066783368881906,0.0070625377118881906,0.0036445689618881906,0.0036445689618881906,0.008527381461888191,0.011701209586888191,0.011212928336888191,0.0055976939618881906,-0.0049003529131118094,0.00022660021188819057,-0.0070976185381118094,0.0041328502118881906,0.00022660021188819057,0.00022660021188819057,0.0065742564618881906,-0.0068534779131118094,-0.0068534779131118094,0.0046211314618881906,0.01878128771188819,0.014630897086888191,-1.7540413111809434e-05,-0.009294884163111809,-0.0068534779131118094,0.0014473033368881906,0.009748084586888191,0.014386756461888191,0.0073066783368881906,-0.0051444935381118094,-0.010027306038111809,-0.0041679310381118094,0.0024238658368881906,-0.0012382435381118094,-0.0041679310381118094,-0.0061210560381118094,-0.0075858997881118094,-0.011003868538111809,-0.0053886341631118094,0.0038887095868881906,0.0038887095868881906,0.0051094127118881906,-1.7540413111809434e-05,-0.008074181038111809,-0.014421837288111809,-0.010027306038111809,0.0007148814618881906,-0.0022148060381118094,-0.010271446663111809,-0.015154259163111809,-0.010759727913111809,-0.00026168103811180943,0.0063301158368881906,-0.0012382435381118094,-0.011980431038111809,-0.011492149788111809,-0.0058769154131118094,-1.7540413111809434e-05,0.0016914439618881906,-0.0063651966631118094,-0.01564254041311181,-0.013445274788111809,-0.0049003529131118094,-0.0039237904131118094,-0.0039237904131118094,-0.0068534779131118094,-0.008074181038111809,-0.0034355091631118094,-0.0007499622881118094,-0.0056327747881118094,-0.0034355091631118094,-0.0031913685381118094,-0.0014823841631118094,-0.0007499622881118094,0.00022660021188819057,0.00022660021188819057,0.0038887095868881906,0.0063301158368881906,0.010236365836888191,0.009503943961888191,0.01633988146188819,0.012677772086888191,0.011212928336888191,0.01682816271188819,0.014630897086888191,0.011945350211888191,0.01804886583688819,0.01804886583688819,0.01780472521188819,0.0070625377118881906,0.0051094127118881906,0.01902542833688819,0.01756058458688819,0.0075508189618881906,0.0038887095868881906,0.008283240836888191,0.009748084586888191,0.0053535533368881906,0.0053535533368881906,0.0034004283368881906,-1.7540413111809434e-05,-0.0046562122881118094,0.0012031627118881906,0.0021797252118881906,0.0009590220868881906,-0.0063651966631118094,-0.01735152478811181,-0.015154259163111809,-0.015154259163111809,-0.0012382435381118094,0.0016914439618881906,-0.01759566541311181,-0.05616988416311181,-0.04591597791311181,-0.03419722791311181,-0.03151168103811181,-0.04176558728811181,-0.06007613416311181,-0.05665816541311181,-0.05665816541311181,-0.03590621228811181,-0.01857222791311181,-0.01686324353811181,-0.04005660291311181,-0.03956832166311181,-0.02076949353811181,0.0014473033368881906,0.013654334586888191,0.0060859752118881906,0.0060859752118881906,-0.0053886341631118094,-0.0017265247881118094,0.014386756461888191,0.03831253771188819,0.03025589708688819,0.01829300646188819,0.01951370958688819,0.03367386583688819,0.04734574083688819,0.04929886583688819,0.04929886583688819,0.04368363146188819,0.03172074083688819,0.01682816271188819,0.03538285021188819,0.05247269396188819,0.04929886583688819,0.03391800646188819,0.02317581896188819,0.01829300646188819,0.02415238146188819,0.02415238146188819,0.03733597521188819,0.03928910021188819,0.02561722521188819,0.013898475211888191,0.012189490836888191,0.01658402208688819,0.012921912711888191,-0.0046562122881118094,-0.01710738416311181,-0.011248009163111809,-0.011248009163111809,0.0016914439618881906,0.0016914439618881906,-0.010515587288111809,-0.03322066541311181,-0.02736129041311181,-0.01588668103811181,-0.01564254041311181,-0.02736129041311181,-0.03199996228811181,-0.02760543103811181,-0.02760543103811181,-0.02589644666311181,-0.03029097791311181,-0.03151168103811181,-0.02516402478811181,-0.013201134163111809,-0.0056327747881118094,-0.0027030872881118094,-0.0014823841631118094,-0.0039237904131118094,-0.0039237904131118094,-0.008806602913111809,-0.013201134163111809,-0.010759727913111809,0.011701209586888191,0.014875037711888191,0.010968787711888191,0.0065742564618881906,0.0026680064618881906,-0.0051444935381118094,-0.0051444935381118094,-0.008074181038111809,0.0026680064618881906,0.015119178336888191,0.01829300646188819,0.02000199083688819,0.015363318961888191,0.008771522086888191,0.0077949595868881906,0.0075508189618881906,0.0075508189618881906,0.0053535533368881906,0.0041328502118881906,0.0026680064618881906,-0.0036796497881118094,0.0060859752118881906,0.009503943961888191,-0.0005058216631118094,-0.011003868538111809,-0.012224571663111809,-0.012224571663111809,-0.013201134163111809,-0.01735152478811181,-0.008806602913111809,0.0007148814618881906,-0.011003868538111809,-0.02003707166311181,-0.014910118538111809,-0.0044120716631118094,-0.0009941029131118094,-0.0009941029131118094,-0.0039237904131118094,-0.014665977913111809,-0.02662886853811181,-0.01881636853811181,0.0073066783368881906,0.0043769908368881906,-0.0005058216631118094,0.00047074083688819057,-0.0019706654131118094,-0.0017265247881118094,-0.0017265247881118094,0.0060859752118881906,0.01585160021188819,0.01975785021188819,0.013166053336888191,0.008039100211888191,0.009503943961888191,0.013166053336888191,0.01926956896188819,0.02415238146188819,0.02415238146188819,0.01780472521188819,0.012677772086888191,0.011701209586888191,0.014630897086888191,0.02390824083688819,0.02659378771188819,0.011212928336888191,-0.0005058216631118094,-0.0005058216631118094,-0.0005058216631118094,0.0029121470868881906,0.0007148814618881906,-1.7540413111809434e-05,-0.0061210560381118094,-0.013689415413111809,-0.02150191541311181,-0.02296675916311181,-0.01857222791311181,-0.014177696663111809,-0.014665977913111809,-0.014665977913111809,-0.01906050916311181,-0.01906050916311181,-0.0034355091631118094,-0.01637496228811181,-0.02687300916311181,-0.02345504041311181,-0.012712852913111809,-0.0049003529131118094,-0.0063651966631118094,-0.0063651966631118094,-0.012956993538111809,-0.008074181038111809,0.0055976939618881906,0.0031562877118881906,-0.010271446663111809,-0.02369918103811181,-0.01881636853811181,0.0036445689618881906,0.02464066271188819,0.02464066271188819,0.02903519396188819,0.012433631461888191,-0.014421837288111809,-0.0031913685381118094,0.02512894396188819,0.03782425646188819,0.02195511583688819,-0.0061210560381118094,-0.011492149788111809,-0.011492149788111809,0.012921912711888191,0.03611527208688819,0.03245316271188819,-0.01686324353811181,-0.014910118538111809,0.0041328502118881906,0.01756058458688819,0.01609574083688819,0.0029121470868881906,0.0029121470868881906,-0.012712852913111809,-0.013933556038111809,0.0034004283368881906,0.011457068961888191,-0.0031913685381118094,-0.013933556038111809,-0.008806602913111809,0.009748084586888191,0.02415238146188819,0.02415238146188819,0.01585160021188819,-0.008318321663111809,-0.02369918103811181,0.0031562877118881906,0.01829300646188819,0.02097855333688819,0.008283240836888191,-0.0017265247881118094,-0.0029472279131118094,-0.0029472279131118094,0.0073066783368881906,0.01829300646188819,0.011212928336888191,-1.7540413111809434e-05,0.008771522086888191,0.014875037711888191,0.013898475211888191,0.0051094127118881906,-0.00026168103811180943,-0.00026168103811180943,-0.0019706654131118094,-0.0063651966631118094,-0.0056327747881118094,0.0007148814618881906,-0.0022148060381118094,-0.009294884163111809,-0.01954879041311181,-0.02809371228811181,-0.03126754041311181,-0.03126754041311181,-0.03175582166311181,-0.02638472791311181,-0.02150191541311181,-0.01735152478811181,-0.01613082166311181,-0.01954879041311181,-0.02907027478811181,-0.02565230603811181,-0.012224571663111809,-0.0031913685381118094,-0.0031913685381118094,-0.0007499622881118094,-0.008318321663111809,-0.015154259163111809,-0.013201134163111809,-0.011003868538111809,0.0060859752118881906,0.02024613146188819,0.02122269396188819,0.02000199083688819,0.02000199083688819,0.02610550646188819,0.02781449083688819,0.01853714708688819,0.013654334586888191,0.02561722521188819,0.03855667833688819,0.04026566271188819,0.02659378771188819,0.02000199083688819,0.02000199083688819,0.02366410021188819,0.02879105333688819,0.03269730333688819,0.01585160021188819,0.010480506461888191,0.02024613146188819,0.02293167833688819,0.0053535533368881906,-0.009783165413111809,-0.009783165413111809,-0.015154259163111809,-0.01710738416311181,-0.015398399788111809,-0.0007499622881118094,-0.009783165413111809,-0.02174605603811181,-0.03248824353811181,-0.03224410291311181,-0.01906050916311181,-0.01906050916311181,-0.01637496228811181,-0.02882613416311181,-0.03590621228811181,-0.01954879041311181,-0.013201134163111809,-0.014177696663111809,-0.01637496228811181,-0.01979293103811181,-0.01783980603811181,-0.01783980603811181,-0.0061210560381118094,0.0036445689618881906,0.0075508189618881906,0.0034004283368881906,0.009748084586888191,0.015607459586888191,0.01756058458688819,0.01829300646188819,0.01975785021188819,0.01975785021188819,0.02341995958688819,0.02122269396188819,0.011701209586888191,0.014630897086888191,0.02854691271188819,0.03245316271188819,0.02439652208688819,0.014875037711888191,0.0046211314618881906,0.0046211314618881906,0.00022660021188819057,0.0068183970868881906,0.009503943961888191,-0.011736290413111809,-0.0049003529131118094,-0.0007499622881118094,0.0068183970868881906,0.0031562877118881906,-0.012712852913111809,-0.02321089978811181,-0.02321089978811181,-0.02662886853811181,-0.01661910291311181,0.0065742564618881906,-0.0070976185381118094,-0.02296675916311181,-0.02614058728811181,-0.010027306038111809,0.0075508189618881906,0.012921912711888191,0.012921912711888191,0.010968787711888191,0.008039100211888191,0.009259803336888191,0.012677772086888191,0.014630897086888191,0.012189490836888191,0.011212928336888191,0.0068183970868881906,0.0016914439618881906,0.0016914439618881906,0.009259803336888191,0.01926956896188819,-0.0017265247881118094,-0.012712852913111809,-0.01613082166311181,-0.013933556038111809,-0.0068534779131118094,-0.0019706654131118094,-0.007830040413111809,-0.007830040413111809,-0.01710738416311181,-0.02614058728811181,-0.03761519666311181,-0.01686324353811181,-0.0068534779131118094,-0.009539024788111809,-0.01637496228811181,-0.02491988416311181,-0.03029097791311181,-0.03029097791311181,-0.02931441541311181,-0.02296675916311181,-0.010027306038111809,0.011457068961888191,0.0048652720868881906,-0.0061210560381118094,0.0012031627118881906,0.01975785021188819,0.03294144396188819,0.03294144396188819,0.03611527208688819,0.02757035021188819,0.012677772086888191,0.02927933458688819,0.04661331896188819,0.04563675646188819,0.02634964708688819,0.01682816271188819,0.02195511583688819,0.02195511583688819,0.03489456896188819,0.03635941271188819,0.01707230333688819,-0.01588668103811181,0.0026680064618881906,0.02537308458688819,0.02171097521188819,-0.0005058216631118094,-0.02101363416311181,-0.02858199353811181,-0.02858199353811181,-0.01564254041311181,0.0024238658368881906,-0.02052535291311181,-0.04054488416311181,-0.04616011853811181,-0.03785933728811181,-0.02516402478811181,-0.012468712288111809,-0.0068534779131118094,-0.0068534779131118094,-0.009050743538111809,-0.008562462288111809,-0.009050743538111809,-0.009294884163111809,0.0043769908368881906,0.015363318961888191,0.02024613146188819,0.02293167833688819,0.014875037711888191,0.014875037711888191,-0.0029472279131118094,-0.013201134163111809,0.02171097521188819,0.03733597521188819,0.00022660021188819057,0.02976761583688819,0.0073066783368881906,-0.02418746228811181,-0.0014823841631118094,0.015607459586888191,0.013410193961888191,-0.0044120716631118094,-0.02272261853811181,0.00022660021188819057,-0.02711714978811181,-0.014177696663111809,0.009259803336888191,-0.0012382435381118094,-0.02272261853811181,-0.03883589978811181,-0.04127730603811181,-0.02076949353811181,0.0053535533368881906,0.0053535533368881906,0.009748084586888191,-0.008806602913111809,-0.02272261853811181,0.0007148814618881906,0.01682816271188819,0.02659378771188819,0.02195511583688819,0.015363318961888191,0.02049027208688819,0.03294144396188819,0.04124222521188819,0.04124222521188819,0.03806839708688819,0.02732620958688819,0.02732620958688819,0.02903519396188819,0.02244339708688819,0.013654334586888191,0.009259803336888191,0.010724647086888191,0.01658402208688819,0.01658402208688819,0.011457068961888191,-0.0049003529131118094,-0.010027306038111809,-0.0014823841631118094,-0.007830040413111809,-0.02491988416311181,-0.03322066541311181,-0.03346480603811181,-0.02955855603811181,-0.02491988416311181,-0.02443160291311181,-0.02443160291311181,-0.02076949353811181,-0.01857222791311181,-0.02565230603811181,-0.01832808728811181,0.0043769908368881906,0.02073441271188819,0.010968787711888191,-0.0058769154131118094,-0.0063651966631118094,-0.0063651966631118094,0.0048652720868881906,0.014142615836888191,0.011212928336888191,0.0046211314618881906,0.008039100211888191,-0.0014823841631118094,-0.011980431038111809,-0.0034355091631118094,0.01633988146188819,0.01804886583688819,-0.011003868538111809,-0.03761519666311181,-0.03761519666311181,-0.02833785291311181,0.0031562877118881906,0.0075508189618881906,-0.02101363416311181,-0.03761519666311181,-0.03029097791311181,-0.013445274788111809,-0.0017265247881118094,-0.0019706654131118094,-0.0019706654131118094,-0.014421837288111809,-0.02467574353811181,-0.014910118538111809,0.008039100211888191,0.03294144396188819,0.02244339708688819,-0.0044120716631118094,-0.0061210560381118094,0.02219925646188819,0.04905472521188819,0.04758988146188819,0.04758988146188819,0.02757035021188819,0.013898475211888191,0.012677772086888191,0.01707230333688819,0.02390824083688819,0.03172074083688819,0.01853714708688819,-0.0031913685381118094,-0.008806602913111809,0.0058418345868881906,0.02293167833688819,0.02561722521188819,-0.0039237904131118094,-0.0039237904131118094,-0.04200972791311181,-0.05226363416311181,0.0026680064618881906,0.01926956896188819,0.0029121470868881906,-0.02223433728811181,-0.03224410291311181,-0.02296675916311181,0.0070625377118881906,0.0070625377118881906,0.03025589708688819,0.02024613146188819,-0.010759727913111809,-0.02907027478811181,-0.01661910291311181,0.03074417833688819,0.02903519396188819,0.0024238658368881906,-0.02540816541311181,-0.02760543103811181,-0.008318321663111809,0.010724647086888191,0.013410193961888191,0.013410193961888191,-0.0061210560381118094,-0.03175582166311181,0.0043769908368881906,0.02073441271188819,-0.0027030872881118094,-0.04323043103811181,-0.05983199353811181,-0.03761519666311181,0.00047074083688819057,0.00047074083688819057,0.015363318961888191,-0.0049003529131118094,0.00022660021188819057,-0.03810347791311181,0.03562699083688819,0.04832230333688819,0.02146683458688819,-0.01857222791311181,-0.03029097791311181,-0.0007499622881118094,0.04343949083688819,0.04343949083688819,0.05930863146188819,0.03611527208688819,-0.0009941029131118094,-0.010515587288111809,0.01829300646188819,0.04636917833688819,0.03904495958688819,0.0036445689618881906,-0.02711714978811181,-0.008806602913111809,-0.008806602913111809,0.03025589708688819,0.03831253771188819,0.0048652720868881906,-0.03834761853811181,-0.007830040413111809,0.03074417833688819,0.03318558458688819,0.0016914439618881906,-0.03102339978811181,-0.02394332166311181,-0.02394332166311181,0.011457068961888191,0.04807816271188819,0.011701209586888191,-0.015154259163111809,-0.0066093372881118094,0.02439652208688819,0.04173050646188819,0.02439652208688819,-0.011003868538111809,-0.03370894666311181,-0.02101363416311181,-0.02101363416311181,0.013166053336888191,0.03098831896188819,-0.04127730603811181,-0.0652030872881118,-0.03444136853811181,0.011701209586888191,0.01951370958688819,-0.01857222791311181,-0.0717948841631118,-0.0844901966631118,-0.04152144666311181,0.014386756461888191,0.014386756461888191,0.03953324083688819,0.008039100211888191,-0.05177535291311181,-0.0041679310381118094,0.04710160021188819,0.05540238146188819,0.02244339708688819,-0.01832808728811181,-0.03053511853811181,-0.0017265247881118094,-0.0017265247881118094,0.03245316271188819,0.03050003771188819,-0.03102339978811181,-0.03004683728811181,-0.0031913685381118094,0.01633988146188819,0.008283240836888191,-0.014665977913111809,-0.03102339978811181,-0.02736129041311181,-0.009050743538111809,-0.009050743538111809,0.0043769908368881906,-0.0041679310381118094,-0.0061210560381118094,-0.0068534779131118094,-0.01735152478811181,-0.02491988416311181,-0.03273238416311181,-0.02272261853811181,0.0012031627118881906,0.02634964708688819,0.02634964708688819,0.04075394396188819,0.03758011583688819,-0.011736290413111809,-0.01808394666311181,0.0036445689618881906,0.03196488146188819,0.04588089708688819,0.02903519396188819,-0.0061210560381118094,-0.0061210560381118094,-0.02199019666311181,-0.013933556038111809,0.0077949595868881906,0.02146683458688819,-0.0027030872881118094,-0.02223433728811181,-0.02565230603811181,-0.0068534779131118094,0.01878128771188819,0.03611527208688819,0.03611527208688819,0.02415238146188819,-0.0051444935381118094,0.0051094127118881906,0.03172074083688819,0.04685745958688819,0.03440628771188819,0.010968787711888191,0.0012031627118881906,0.009748084586888191,0.009748084586888191,0.02244339708688819,0.03196488146188819,0.02805863146188819,0.008527381461888191,-0.009294884163111809,-0.012956993538111809,-0.012224571663111809,-0.0019706654131118094,0.012677772086888191,0.012921912711888191,-0.0009941029131118094,-0.0009941029131118094,-0.01613082166311181,-0.02052535291311181,0.011457068961888191,0.02390824083688819,0.011212928336888191,-0.01930464978811181,-0.03810347791311181,-0.03981246228811181,-0.02345504041311181,-0.0063651966631118094,-0.010759727913111809,-0.010759727913111809,-0.03126754041311181,-0.04078902478811181,-0.0034355091631118094,0.02293167833688819,0.01926956896188819,-0.013201134163111809,-0.03932418103811181,-0.03492964978811181,-0.0061210560381118094,0.02024613146188819,0.02390824083688819,0.008039100211888191,0.008039100211888191,-0.011736290413111809,-0.010271446663111809,0.009748084586888191,0.03245316271188819,0.01585160021188819,-0.0051444935381118094,-0.0073417591631118094,0.010480506461888191,0.02634964708688819,0.02561722521188819,0.008527381461888191,0.008527381461888191,-0.012956993538111809,-0.011492149788111809,0.02586136583688819,0.02024613146188819,-0.0017265247881118094,-0.01906050916311181,-0.012468712288111809,0.012433631461888191,0.02537308458688819,0.012433631461888191,0.012433631461888191,-0.013201134163111809,-0.02784957166311181,-0.01979293103811181,0.01804886583688819,0.010480506461888191,-0.008562462288111809,-0.01979293103811181,-0.010515587288111809,0.008771522086888191,0.01731644396188819,0.01731644396188819,0.0060859752118881906,-0.008806602913111809,-0.0012382435381118094,0.015119178336888191,0.02561722521188819,0.01829300646188819,0.0016914439618881906,-0.0058769154131118094,-0.0014823841631118094,0.012433631461888191,0.012433631461888191,0.02146683458688819,0.01926956896188819,0.0060859752118881906,-0.0056327747881118094,-0.0007499622881118094,0.008527381461888191,0.008283240836888191,0.0009590220868881906,-0.009783165413111809,-0.010515587288111809,-0.0031913685381118094,-0.0031913685381118094,-0.0044120716631118094,-0.010027306038111809,-0.014421837288111809,-0.012956993538111809,-0.008562462288111809,-0.0063651966631118094,-0.0041679310381118094,-0.0053886341631118094,-0.014665977913111809,-0.01637496228811181,-0.01637496228811181,-0.009294884163111809,-0.0056327747881118094,0.0007148814618881906,-0.0009941029131118094,-0.0017265247881118094,-0.0007499622881118094,-0.0024589466631118094,-0.0017265247881118094,-0.0005058216631118094,0.0038887095868881906,0.0038887095868881906,0.0063301158368881906,0.0014473033368881906,-0.0039237904131118094,-0.0029472279131118094,0.0014473033368881906,0.0024238658368881906,0.0009590220868881906,-0.00026168103811180943,0.0014473033368881906,0.0048652720868881906,0.0048652720868881906,0.0038887095868881906,0.0041328502118881906,0.0055976939618881906,0.00022660021188819057,0.0063301158368881906,0.009259803336888191,-0.007830040413111809,-0.02907027478811181,-0.02955855603811181,-0.0068534779131118094,-0.0068534779131118094,0.02097855333688819,0.03123245958688819,0.01658402208688819,0.03465042833688819,0.0649238658368882,0.0707832408368882,0.04392777208688819,0.011212928336888191,0.0073066783368881906,0.03025589708688819,0.04978714708688819,0.04978714708688819,0.04710160021188819,0.01609574083688819,-0.02247847791311181,-0.010271446663111809,-0.0029472279131118094,-0.010515587288111809,-0.02955855603811181,-0.04738082166311181,-0.04689254041311181,-0.03053511853811181,-0.03053511853811181,-0.010759727913111809,-0.010515587288111809,-0.03248824353811181,-0.05543746228811181,-0.02784957166311181,0.0048652720868881906,0.014875037711888191,-0.008562462288111809,-0.03908004041311181,-0.04908980603811181,-0.04054488416311181,-0.04054488416311181,-0.02516402478811181,-0.01661910291311181,-0.03737105603811181,-0.03102339978811181,-0.02223433728811181,-0.02491988416311181,-0.03126754041311181,-0.03102339978811181,-0.01881636853811181,-0.01881636853811181,-0.0022148060381118094,-0.01906050916311181,-0.03395308728811181,-0.03395308728811181,-0.03175582166311181,0.02244339708688819,0.02732620958688819,0.013166053336888191,0.00047074083688819057,0.0031562877118881906,0.011945350211888191,0.01682816271188819,0.01902542833688819,0.01902542833688819,0.02317581896188819,0.04856644396188819,0.04807816271188819,0.02927933458688819,0.0073066783368881906,0.013898475211888191,0.03416214708688819,0.04197464708688819,0.02757035021188819,0.02757035021188819,0.0051094127118881906,-0.0075858997881118094,-0.0005058216631118094,0.008771522086888191,0.02097855333688819,0.01633988146188819,0.010968787711888191,0.014142615836888191,0.02683792833688819,0.04246292833688819,0.04246292833688819,0.04514847521188819,0.02219925646188819,0.02439652208688819,0.03855667833688819,0.05540238146188819,0.05784378771188819,0.04319535021188819,0.02390824083688819,0.010480506461888191,0.013166053336888191,0.013166053336888191,0.01756058458688819,0.0063301158368881906,-0.03908004041311181,-0.04225386853811181,-0.02833785291311181,-0.01954879041311181,-0.02955855603811181,-0.04078902478811181,-0.03053511853811181,-0.0044120716631118094,-0.0044120716631118094,0.01756058458688819,-0.01564254041311181,-0.03224410291311181,-0.015154259163111809,0.02293167833688819,0.05857620958688819,0.0722480845868882,0.05711136583688819,0.03050003771188819,0.014630897086888191,0.014630897086888191,-0.0029472279131118094,-0.04738082166311181,6.546739938819113e-05,6.546739938819113e-05,-0.0752128529131118,-0.05348433728811181,-0.05104293103811181,-0.0730155872881118,-0.0847343372881118,-0.06154097791311181,-0.06154097791311181,-0.02418746228811181,0.01633988146188819,0.03294144396188819,0.02439652208688819,0.05027542833688819,0.0751777720868882,0.05320511583688819,0.008771522086888191,-0.01979293103811181,-0.0051444935381118094,0.04050980333688819,0.04050980333688819,0.05784378771188819,0.02781449083688819,-0.0703300404131118,-0.0666679310381118,-0.03517379041311181,-0.0009941029131118094,0.02341995958688819,0.03709183458688819,0.03367386583688819,0.03367386583688819,0.0070625377118881906,0.0070625377118881906,0.02854691271188819,0.05540238146188819,0.0695625377118882,0.0790840220868882,0.06248245958688819,0.02659378771188819,-0.014421837288111809,-0.04249800916311181,-0.03859175916311181,-0.03859175916311181,-0.01564254041311181,-0.009783165413111809,-0.02516402478811181,-0.04225386853811181,-0.04738082166311181,-0.03541793103811181,-0.008562462288111809,0.02097855333688819,0.02805863146188819,-0.0017265247881118094,-0.02345504041311181,-0.02345504041311181,-0.011736290413111809,0.04368363146188819,0.01951370958688819,-0.02443160291311181,-0.03639449353811181,-0.009294884163111809,0.0075508189618881906,-0.010759727913111809,-0.04957808728811181,-0.04957808728811181,-0.0676444935381118,-0.05226363416311181,-0.05055464978811181,-0.05226363416311181,-0.03615035291311181,-0.0034355091631118094,0.011212928336888191,-0.0066093372881118094,-0.02101363416311181,-0.012956993538111809,-0.0049003529131118094,0.0021797252118881906,0.0021797252118881906,0.02390824083688819,0.00022660021188819057,0.0749336314618882,0.0026680064618881906,-0.01637496228811181,0.0055976939618881906,0.04050980333688819,0.05466995958688819,0.02610550646188819,-0.02003707166311181,-0.03590621228811181,-0.03590621228811181,-0.02491988416311181,-0.03297652478811181,-0.04103316541311181,-0.02418746228811181,0.010968787711888191,0.015363318961888191,-0.0034355091631118094,-0.009294884163111809,0.0038887095868881906,0.0038887095868881906,0.02146683458688819,0.02732620958688819,0.03220902208688819,0.04050980333688819,0.02854691271188819,0.01878128771188819,0.02390824083688819,0.03318558458688819,0.04563675646188819,0.04441605333688819,0.04441605333688819,0.0073066783368881906,-0.02321089978811181,-0.015154259163111809,-0.013933556038111809,-0.02711714978811181,-0.03810347791311181,-0.03346480603811181,-0.01906050916311181,-0.009539024788111809,-0.0046562122881118094,-0.0046562122881118094,0.010724647086888191,0.01804886583688819,0.00047074083688819057,0.0065742564618881906,0.02439652208688819,0.04124222521188819,0.04099808458688819,0.02610550646188819,0.02146683458688819,0.03831253771188819,0.05613480333688819,0.05613480333688819,0.04539261583688819,0.014386756461888191,0.0019355845868881906,-0.009539024788111809,-0.011003868538111809,-0.0068534779131118094,-0.01661910291311181,-0.03175582166311181,-0.04030074353811181,-0.04030074353811181,-0.04933394666311181,-0.02174605603811181,-0.0014823841631118094,0.0041328502118881906,-0.008562462288111809,-0.02296675916311181,-0.014910118538111809,-0.0019706654131118094,0.0019355845868881906,-0.0044120716631118094,-0.008074181038111809,-0.008074181038111809,0.010236365836888191,0.04002152208688819,0.02512894396188819,-0.0007499622881118094,-0.008074181038111809,0.0029121470868881906,0.0075508189618881906,-0.008074181038111809,-0.03199996228811181,-0.03199996228811181,-0.04738082166311181,-0.04347457166311181,-0.02907027478811181,-0.04908980603811181,-0.0722831654131118,-0.0735038685381118,-0.05128707166311181,-0.01637496228811181,-0.0024589466631118094,-0.0068534779131118094,-0.010027306038111809,-0.0075858997881118094,-0.0075858997881118094,0.0038887095868881906,-0.0049003529131118094,-0.012712852913111809,0.012189490836888191,0.05344925646188819,0.0673652720868882,0.04026566271188819,0.009259803336888191,0.008039100211888191,0.03416214708688819,0.03416214708688819,0.05686722521188819,0.0048652720868881906,-0.01759566541311181,-0.014177696663111809,-0.0036796497881118094,0.0070625377118881906,0.0009590220868881906,-0.01979293103811181,-0.02491988416311181,-0.02394332166311181,-0.01783980603811181,-0.01783980603811181,-0.0056327747881118094,0.0041328502118881906,-0.0031913685381118094,-0.02101363416311181,-0.014910118538111809,0.014386756461888191,0.03928910021188819,0.03367386583688819,0.0036445689618881906,-0.01588668103811181,-0.01588668103811181,0.0024238658368881906,0.06126175646188819,0.04514847521188819,0.02171097521188819,0.01926956896188819,0.02073441271188819,0.01609574083688819,0.0034004283368881906,-0.0012382435381118094,0.0019355845868881906,0.0019355845868881906,0.0043769908368881906,-0.02296675916311181,-0.03932418103811181,-0.03737105603811181,-0.02443160291311181,-0.02003707166311181,-0.02223433728811181,-0.03004683728811181,-0.03883589978811181,-0.03297652478811181,-0.014177696663111809,-0.014177696663111809,-1.7540413111809434e-05,0.0009590220868881906,-0.0034355091631118094,-0.0022148060381118094,0.014630897086888191,0.03172074083688819,0.02903519396188819,0.01902542833688819,0.015119178336888191,0.02366410021188819,0.02366410021188819,0.04124222521188819,0.03245316271188819,0.01804886583688819,0.01829300646188819,0.02097855333688819,0.011212928336888191,0.0016914439618881906,-0.0044120716631118094,-0.01588668103811181,-0.01906050916311181,-0.01906050916311181,-0.013933556038111809,-0.009050743538111809,-0.015154259163111809,-0.03297652478811181,-0.04078902478811181,-0.02784957166311181,-0.013201134163111809,-0.013689415413111809,-0.02809371228811181,-0.02809371228811181,-0.03419722791311181,-0.0017265247881118094,0.013654334586888191,0.009259803336888191,-0.0061210560381118094,-0.012956993538111809,-0.011980431038111809,-0.008806602913111809,0.0060859752118881906,0.03489456896188819,0.05003128771188819,0.05003128771188819,0.03709183458688819,-0.014421837288111809,-0.011248009163111809,0.02293167833688819,0.05198441271188819,0.05174027208688819,0.02024613146188819,-0.01783980603811181,-0.02711714978811181,-0.02711714978811181,-0.011492149788111809,0.013410193961888191,0.0019355845868881906,-0.013689415413111809,-0.02028121228811181,-0.02540816541311181,-0.02711714978811181,-0.02003707166311181,-0.01759566541311181,-0.02687300916311181,-0.02980269666311181,-0.02980269666311181,-0.012224571663111809,0.0046211314618881906,0.00047074083688819057,0.00047074083688819057,0.0060859752118881906,0.012677772086888191,0.0073066783368881906,-0.009050743538111809,-0.0034355091631118094,0.011701209586888191,0.011701209586888191,0.02122269396188819,0.013654334586888191,-0.014177696663111809,0.0007148814618881906,0.02195511583688819,0.03611527208688819,0.02341995958688819,-0.0027030872881118094,-0.012956993538111809,-0.011492149788111809,0.0053535533368881906,0.0053535533368881906,0.01975785021188819,0.0041328502118881906,-0.01637496228811181,-0.02125777478811181,-0.0056327747881118094,0.0058418345868881906,0.00022660021188819057,-0.02028121228811181,-0.04005660291311181,-0.03517379041311181,-0.014910118538111809,-0.014910118538111809,-0.0070976185381118094,-0.01906050916311181,-0.02662886853811181,-0.01783980603811181,-0.0068534779131118094,0.0016914439618881906,0.008039100211888191,0.0073066783368881906,-0.00026168103811180943,-0.00026168103811180943,0.0038887095868881906,0.02586136583688819,0.01633988146188819,0.0014473033368881906,-0.0019706654131118094,0.009503943961888191,0.02488480333688819,0.03440628771188819,0.03050003771188819,0.02195511583688819,0.01780472521188819,0.01780472521188819,0.01926956896188819,0.011701209586888191,0.013654334586888191,0.02195511583688819,0.015363318961888191,-0.0036796497881118094,-0.01637496228811181,-0.012468712288111809,0.00022660021188819057,0.00022660021188819057,0.008039100211888191,-0.010027306038111809,-0.014910118538111809,-0.02394332166311181,-0.02980269666311181,-0.02931441541311181,-0.015154259163111809,-0.0053886341631118094,-0.014910118538111809,-0.03737105603811181,-0.04323043103811181,-0.03199996228811181,-0.013689415413111809,0.0016914439618881906,-0.0031913685381118094,-0.011248009163111809,-0.0034355091631118094,-0.0034355091631118094,0.0070625377118881906,0.01707230333688819,0.01829300646188819,0.02683792833688819,0.03733597521188819,0.03294144396188819,0.02464066271188819,0.01609574083688819,0.014630897086888191,0.01878128771188819,0.01878128771188819,0.02390824083688819,0.02073441271188819,0.02073441271188819,0.01878128771188819,0.013898475211888191,0.009503943961888191,0.0077949595868881906,0.0026680064618881906,-0.0039237904131118094,-0.01661910291311181,-0.01661910291311181,-0.02687300916311181,-0.02662886853811181,-0.02516402478811181,-0.02784957166311181,-0.03224410291311181,-0.03688277478811181,-0.03175582166311181,-0.01637496228811181,-0.0058769154131118094,-0.008562462288111809,-0.008562462288111809,-0.04127730603811181,-0.03566207166311181,-0.01808394666311181,-0.0039237904131118094,0.0041328502118881906,-0.0075858997881118094,-0.02125777478811181,-0.01808394666311181,0.0019355845868881906,0.0019355845868881906,0.02415238146188819,0.008771522086888191,-0.0007499622881118094,0.0048652720868881906,0.015363318961888191,0.02732620958688819,0.03025589708688819,0.02634964708688819,0.013166053336888191,-0.0014823841631118094,-0.0014823841631118094,0.0036445689618881906,0.013898475211888191,0.009992225211888191,0.0029121470868881906,-0.0019706654131118094,0.0041328502118881906,0.015363318961888191,0.01682816271188819,0.010480506461888191,0.010480506461888191,0.0075508189618881906,0.010236365836888191,0.012921912711888191,0.013654334586888191,0.0031562877118881906,-0.0051444935381118094,0.0014473033368881906,0.008771522086888191,0.011212928336888191,0.011212928336888191,-1.7540413111809434e-05,-0.01906050916311181,-0.013933556038111809,-0.0036796497881118094,0.0073066783368881906,0.0048652720868881906,-0.0063651966631118094,-0.02272261853811181,-0.03053511853811181,-0.01686324353811181,-0.01686324353811181,0.0016914439618881906,0.0038887095868881906,-0.0005058216631118094,-0.014910118538111809,-0.02028121228811181,-0.010027306038111809,0.0048652720868881906,0.009748084586888191,0.0060859752118881906,0.00022660021188819057,0.00022660021188819057,0.0021797252118881906,0.0031562877118881906,-0.0022148060381118094,0.0024238658368881906,0.0034004283368881906,0.0038887095868881906,0.0053535533368881906,0.008283240836888191,0.010968787711888191,0.010968787711888191,0.0051094127118881906,0.014875037711888191,0.01609574083688819,0.0070625377118881906,0.0070625377118881906,0.0046211314618881906,0.0053535533368881906,0.008771522086888191,0.0046211314618881906,0.0009590220868881906,0.0009590220868881906,0.0058418345868881906,0.012677772086888191,0.009503943961888191,0.0029121470868881906,0.00047074083688819057,0.0036445689618881906,0.0012031627118881906,-0.0063651966631118094,-0.0027030872881118094,-0.0027030872881118094,0.009503943961888191,-0.011736290413111809,-0.01954879041311181,-0.014665977913111809,-0.014665977913111809,-0.01930464978811181,-0.013933556038111809,-0.0017265247881118094,0.0051094127118881906,-0.009539024788111809,-0.009539024788111809,-0.04591597791311181,-0.02882613416311181,-1.7540413111809434e-05,0.02024613146188819,0.009015662711888191,-0.02418746228811181,-0.04103316541311181,-0.02369918103811181,0.011945350211888191,0.011945350211888191,0.03123245958688819,-0.0036796497881118094,-0.02125777478811181,-0.013689415413111809,0.013410193961888191,0.03391800646188819,0.02439652208688819,-0.0027030872881118094,-0.013445274788111809,-0.013445274788111809,-0.0024589466631118094,0.03562699083688819,0.02830277208688819,-0.0024589466631118094,-0.02345504041311181,-0.0041679310381118094,0.03635941271188819,0.04612503771188819,0.01902542833688819,-0.0061210560381118094,-0.0061210560381118094,-0.008074181038111809,0.00047074083688819057,0.01658402208688819,0.02366410021188819,0.012433631461888191,-0.009294884163111809,-0.02662886853811181,-0.02272261853811181,-0.0036796497881118094,-0.0036796497881118094,0.011701209586888191,-0.008562462288111809,-0.02467574353811181,-0.01881636853811181,0.0055976939618881906,0.02122269396188819,0.01731644396188819,0.0026680064618881906,-0.014665977913111809,-0.01637496228811181,-0.01637496228811181,0.02049027208688819,0.02732620958688819,0.014386756461888191,-0.012468712288111809,-0.03395308728811181,-0.02272261853811181,0.012189490836888191,0.03782425646188819,0.02000199083688819,0.02000199083688819,-0.04738082166311181,-0.02760543103811181,0.0060859752118881906,0.02024613146188819,0.013410193961888191,-0.012224571663111809,-0.03590621228811181,-0.03566207166311181,-0.0022148060381118094,-0.0022148060381118094,0.03147660021188819,-0.01881636853811181,-0.05543746228811181,-0.04640425916311181,0.0019355845868881906,0.04881058458688819,0.04710160021188819,-0.0039237904131118094,-0.05665816541311181,-0.05324019666311181,-0.05324019666311181,0.05296097521188819,0.05198441271188819,0.0070625377118881906,-0.03639449353811181,-0.03956832166311181,-0.0017265247881118094,0.04417191271188819,0.05003128771188819,0.013166053336888191,0.013166053336888191,-0.02809371228811181,0.0026680064618881906,0.04295120958688819,0.04343949083688819,-1.7540413111809434e-05,-0.03346480603811181,-0.01881636853811181,0.02366410021188819,0.04636917833688819,0.04636917833688819,0.02976761583688819,-0.04103316541311181,-0.03151168103811181,0.01804886583688819,0.05296097521188819,0.03562699083688819,-0.02052535291311181,-0.05739058728811181,-0.03541793103811181,0.02097855333688819,0.02097855333688819,0.02903519396188819,-0.02907027478811181,-0.0637382435381118,-0.03395308728811181,0.03050003771188819,0.06004105333688819,0.02586136583688819,-0.03615035291311181,-0.06056441541311181,-0.06056441541311181,0.03562699083688819,0.06052933458688819,0.01975785021188819,-0.04127730603811181,-0.05836714978811181,-0.015154259163111809,0.04173050646188819,0.06150589708688819,0.01658402208688819,-0.04591597791311181,-0.04591597791311181,-0.0056327747881118094,0.04636917833688819,0.04661331896188819,0.0043769908368881906,-0.04249800916311181,-0.05153121228811181,-0.0075858997881118094,0.04124222521188819,0.04441605333688819,-0.011248009163111809,-0.011248009163111809,-0.05494918103811181,-0.00026168103811180943,0.05247269396188819,0.04002152208688819,-0.02565230603811181,-0.0722831654131118,-0.04713668103811181,0.01585160021188819,0.05369339708688819,0.03294144396188819,-0.02516402478811181,-0.05836714978811181,-0.05836714978811181,-0.03151168103811181,0.02537308458688819,0.02757035021188819,-0.02076949353811181,-0.04152144666311181,-0.014177696663111809,0.03318558458688819,0.05174027208688819,0.01951370958688819,-0.02589644666311181,-0.03199996228811181,-0.0012382435381118094,-0.0012382435381118094,0.03416214708688819,0.0016914439618881906,-0.03566207166311181,-0.03224410291311181,0.010236365836888191,0.04343949083688819,0.03269730333688819,-0.0056327747881118094,-0.03810347791311181,-0.03810347791311181,-0.02882613416311181,0.04490433458688819,0.01951370958688819,-0.02418746228811181,-0.03541793103811181,-0.0029472279131118094,0.03172074083688819,0.03342972521188819,0.0051094127118881906,-0.02101363416311181,-0.02101363416311181,0.011457068961888191,0.03001175646188819,0.02366410021188819,0.0012031627118881906,-0.02003707166311181,-0.013201134163111809,0.013166053336888191,0.03001175646188819,0.013898475211888191,0.013898475211888191,-0.01613082166311181,-0.010271446663111809,0.011212928336888191,0.02488480333688819,0.011457068961888191,-0.02003707166311181,-0.03248824353811181,-0.0070976185381118094,0.01780472521188819,0.01780472521188819,0.011701209586888191,-0.03224410291311181,-0.02199019666311181,0.008527381461888191,0.01682816271188819,-0.0068534779131118094,-0.02809371228811181,-0.02101363416311181,0.0024238658368881906,0.01780472521188819,0.01780472521188819,-0.0041679310381118094,-0.014910118538111809,-0.007830040413111809,0.009992225211888191,0.01878128771188819,0.010724647086888191,-0.0034355091631118094,-0.01588668103811181,-0.013201134163111809,-0.013201134163111809,0.01804886583688819,0.011701209586888191,-0.0041679310381118094,-0.012712852913111809,-0.008806602913111809,-0.0009941029131118094,0.013410193961888191,0.0048652720868881906,-0.02052535291311181,-0.02345504041311181,-0.02345504041311181,0.03611527208688819,0.03440628771188819,0.00047074083688819057,-0.03029097791311181,-0.02784957166311181,0.0070625377118881906,0.03977738146188819,0.03513870958688819,-0.0027030872881118094,-0.0027030872881118094,-0.04225386853811181,-0.007830040413111809,0.02512894396188819,0.02390824083688819,-0.0058769154131118094,-0.03737105603811181,-0.04323043103811181,-0.01735152478811181,0.02927933458688819,0.05613480333688819,0.05613480333688819,-0.0061210560381118094,-0.02565230603811181,-0.0075858997881118094,0.03196488146188819,0.05369339708688819,0.04124222521188819,0.01853714708688819,0.011945350211888191,0.02195511583688819,0.02195511583688819,0.04856644396188819,0.03538285021188819,0.014875037711888191,0.0060859752118881906,0.010236365836888191,0.01829300646188819,0.02219925646188819,0.02244339708688819,0.010724647086888191,0.010724647086888191,-0.008562462288111809,-0.0009941029131118094,0.0058418345868881906,-0.0046562122881118094,-0.01710738416311181,-0.02174605603811181,-0.015398399788111809,-0.00026168103811180943,0.0016914439618881906,0.0016914439618881906,-0.01808394666311181,-0.02272261853811181,-0.008074181038111809,0.009015662711888191,0.011945350211888191,-1.7540413111809434e-05,-0.01661910291311181,-0.01881636853811181,-0.008318321663111809,-0.008318321663111809,0.0065742564618881906,-0.0058769154131118094,-0.01954879041311181,-0.02272261853811181,-0.01832808728811181,-0.0073417591631118094,-0.0031913685381118094,-0.014421837288111809,-0.02907027478811181,-0.03834761853811181,-0.03834761853811181,-0.02980269666311181,-0.02076949353811181,-0.01906050916311181,-0.02858199353811181,-0.04030074353811181,-0.04054488416311181,-0.02980269666311181,-0.02540816541311181,-0.02443160291311181,-0.02443160291311181,-0.015154259163111809,-0.014910118538111809,-0.02028121228811181,-0.03248824353811181,-0.03370894666311181,-0.02150191541311181,-0.0061210560381118094,0.0041328502118881906,0.0007148814618881906,0.0007148814618881906,-0.01759566541311181,-0.02052535291311181,-0.010759727913111809,0.0021797252118881906,0.013898475211888191,0.010480506461888191,-0.009050743538111809,-0.02247847791311181,-0.02101363416311181,-0.009050743538111809,0.0051094127118881906,0.010724647086888191,0.0034004283368881906,-0.0063651966631118094,-0.0073417591631118094,0.0019355845868881906,0.01878128771188819,0.02464066271188819,0.0043769908368881906,-0.03004683728811181,-0.04493941541311181,-0.04493941541311181,-0.02247847791311181,-0.0075858997881118094,-0.01661910291311181,-0.03419722791311181,-0.03517379041311181,-0.012224571663111809,0.008283240836888191,0.01804886583688819,0.02464066271188819,0.02268753771188819,0.02049027208688819,0.02781449083688819,0.03611527208688819,0.03367386583688819,0.01926956896188819,0.009992225211888191,0.010724647086888191,0.009992225211888191,0.014630897086888191,0.02415238146188819,0.02415238146188819,0.01878128771188819,0.0034004283368881906,-0.0068534779131118094,-0.0012382435381118094,0.012433631461888191,0.01633988146188819,0.0046211314618881906,-0.0051444935381118094,-0.00026168103811180943,-0.00026168103811180943,0.013654334586888191,0.01585160021188819,0.012677772086888191,0.009503943961888191,0.012677772086888191,0.01829300646188819,0.02439652208688819,0.02439652208688819,0.02244339708688819,0.02244339708688819,0.02439652208688819,0.02879105333688819,0.03098831896188819,0.02757035021188819,0.02464066271188819,0.01633988146188819,0.010724647086888191,0.009503943961888191,0.010724647086888191,0.010724647086888191,0.014630897086888191,0.008527381461888191,0.0026680064618881906,0.00047074083688819057,0.00022660021188819057,0.0031562877118881906,0.0060859752118881906,0.010724647086888191,0.012189490836888191,0.0077949595868881906,0.0077949595868881906,-0.010271446663111809,0.00047074083688819057,0.013898475211888191,0.01878128771188819,0.010968787711888191,0.0012031627118881906,-0.0056327747881118094,-0.0036796497881118094,-0.0007499622881118094,-0.0007499622881118094,0.0034004283368881906,-0.0017265247881118094,-0.0061210560381118094,-0.0053886341631118094,-0.0012382435381118094,0.00047074083688819057,-0.0019706654131118094,-0.0034355091631118094,-0.0058769154131118094,-0.009050743538111809,-0.009050743538111809,-0.012712852913111809,-0.02003707166311181,-0.01686324353811181,-0.010515587288111809,-0.0053886341631118094,-0.009050743538111809,-0.01881636853811181,-0.02711714978811181,-0.02638472791311181,-0.02638472791311181,-0.012956993538111809,-0.0056327747881118094,0.0026680064618881906,0.0041328502118881906,0.0026680064618881906,0.00022660021188819057,0.0024238658368881906,0.0060859752118881906,0.0048652720868881906,0.0048652720868881906,0.0073066783368881906,0.0063301158368881906,0.0077949595868881906,0.011457068961888191,0.011457068961888191,0.011212928336888191,0.01609574083688819,0.01756058458688819,0.011457068961888191,0.008527381461888191,0.008283240836888191,0.0065742564618881906,0.009503943961888191,0.011945350211888191,0.013410193961888191,0.01633988146188819,0.013654334586888191,0.0026680064618881906,-0.01686324353811181,-0.02174605603811181,-0.02174605603811181,0.01633988146188819,0.0077949595868881906,-0.02028121228811181,-0.04567183728811181,-0.04542769666311181,-0.02858199353811181,-0.02174605603811181,-0.02394332166311181,-0.03102339978811181,-0.03102339978811181,-0.04664839978811181,-0.03761519666311181,-0.02662886853811181,-0.014421837288111809,-0.012224571663111809,-0.02150191541311181,-0.03248824353811181,-0.03541793103811181,-0.02028121228811181,-0.02028121228811181,-0.0017265247881118094,-0.0056327747881118094,-0.0053886341631118094,-0.0007499622881118094,0.0016914439618881906,0.0046211314618881906,0.011457068961888191,0.02146683458688819,0.02879105333688819,0.02952347521188819,0.02903519396188819,0.03098831896188819,0.03050003771188819,0.02439652208688819,0.0077949595868881906,-0.0061210560381118094,-0.0036796497881118094,-1.7540413111809434e-05,-0.0073417591631118094,-0.02076949353811181,-0.02955855603811181,-0.03273238416311181,-0.03566207166311181,-0.04713668103811181,-0.05836714978811181,-0.04786910291311181,-0.014665977913111809,0.01585160021188819,0.03220902208688819,0.02073441271188819,0.02073441271188819,-0.01759566541311181,-0.0044120716631118094,0.02488480333688819,0.04807816271188819,0.05491410021188819,0.04124222521188819,0.02000199083688819,0.02000199083688819,0.04514847521188819,0.04514847521188819,6.546739938819113e-05,0.0873848033368882,0.05466995958688819,0.03098831896188819,0.02390824083688819,0.02268753771188819,0.02171097521188819,0.01804886583688819,0.011212928336888191,0.011212928336888191,-0.008806602913111809,-0.02076949353811181,-0.02980269666311181,-0.03615035291311181,-0.03981246228811181,-0.03492964978811181,-0.01881636853811181,-0.009783165413111809,-0.01613082166311181,-0.03151168103811181,-0.03566207166311181,-0.01906050916311181,0.0014473033368881906,0.0077949595868881906,-0.0009941029131118094,-0.009050743538111809,-0.0056327747881118094,0.013166053336888191,0.03660355333688819,0.04905472521188819,0.04295120958688819,0.03098831896188819,0.03123245958688819,0.04539261583688819,0.05735550646188819,0.05466995958688819,0.03025589708688819,0.0058418345868881906,-0.0066093372881118094,-0.011492149788111809,-0.011492149788111809,-0.02150191541311181,-0.04420699353811181,-0.0632499622881118,-0.0674003529131118,-0.05885543103811181,-0.05787886853811181,-0.06154097791311181,-0.05592574353811181,-0.04738082166311181,-0.04738082166311181,-0.05055464978811181,-0.04347457166311181,-0.02784957166311181,-0.01564254041311181,-0.02614058728811181,-0.03053511853811181,-0.015154259163111809,0.011701209586888191,0.03440628771188819,0.03709183458688819,0.02781449083688819,0.01585160021188819,0.02415238146188819,0.0629707408368882,6.546739938819113e-05,0.0783516002118882,0.02805863146188819,-0.01930464978811181,-0.02809371228811181,0.0055976939618881906,0.03635941271188819,0.011457068961888191,-0.04298629041311181,-0.0656913685381118,-0.05006636853811181,-0.01906050916311181,-0.015154259163111809,-0.03712691541311181,-0.05104293103811181,-0.04786910291311181,-0.04786910291311181,-0.02589644666311181,-0.013201134163111809,-0.0012382435381118094,0.0036445689618881906,0.00022660021188819057,-0.008318321663111809,-0.0012382435381118094,0.02634964708688819,0.04441605333688819,0.04441605333688819,0.04466019396188819,0.04978714708688819,0.0722480845868882,6.546739938819113e-05,0.0854316783368882,0.0654121470868882,0.03977738146188819,0.02366410021188819,0.02708206896188819,0.03635941271188819,0.03050003771188819,-0.0017265247881118094,-0.03663863416311181,-0.05153121228811181,-0.03859175916311181,-0.02199019666311181,-0.04176558728811181,-0.0742362904131118,-0.0725273060381118,-0.05421675916311181,-0.03541793103811181,-0.03639449353811181,-0.05568160291311181,-0.05616988416311181,-0.03004683728811181,-0.0036796497881118094,-0.0036796497881118094,-0.013201134163111809,-0.012224571663111809,-0.0044120716631118094,-0.0044120716631118094,0.04368363146188819,0.06101761583688819,0.06052933458688819,0.04368363146188819,0.03977738146188819,0.06150589708688819,0.0849433970868882,0.0756660533368882,0.03928910021188819,0.0068183970868881906,-0.0014823841631118094,0.0012031627118881906,-0.0046562122881118094,-0.01808394666311181,-0.03419722791311181,-0.04005660291311181,-0.04152144666311181,-0.05934371228811181,-0.0713066029131118,-0.0661796497881118,-0.04347457166311181,-0.03053511853811181,-0.02907027478811181,-0.03224410291311181,-0.02711714978811181,-0.010759727913111809,-0.0061210560381118094,-0.0044120716631118094,0.0038887095868881906,0.013410193961888191,0.013410193961888191,0.04124222521188819,0.04710160021188819,0.05393753771188819,0.05271683458688819,0.05491410021188819,0.0702949595868882,6.546739938819113e-05,6.546739938819113e-05,0.0739570689618882,0.0739570689618882,0.02757035021188819,0.03318558458688819,0.01975785021188819,-0.02076949353811181,-0.04591597791311181,-0.02907027478811181,-0.0058769154131118094,-0.012956993538111809,-0.03981246228811181,-0.0837577747881118,6.546739938819113e-05,-0.06080855603811181,-0.02565230603811181,-0.02223433728811181,-0.03639449353811181,-0.04445113416311181,-0.03785933728811181,-0.01710738416311181,0.0043769908368881906,-0.0027030872881118094,-0.01832808728811181,-0.008318321663111809,0.01609574083688819,0.04368363146188819,0.0632148814618882,0.05784378771188819,0.03635941271188819,0.02830277208688819,0.04392777208688819,0.0739570689618882,0.0739570689618882,0.05466995958688819,0.013410193961888191,-0.00026168103811180943,0.011945350211888191,0.013166053336888191,-0.011980431038111809,-0.04176558728811181,-0.05885543103811181,-0.05153121228811181,-0.03322066541311181,-0.04152144666311181,-0.0671562122881118,6.546739938819113e-05,6.546739938819113e-05,-0.0713066029131118,-0.04249800916311181,-0.03785933728811181,-0.04616011853811181,-0.04078902478811181,-0.03419722791311181,-0.02223433728811181,-0.00026168103811180943,0.0058418345868881906,-0.0058769154131118094,-0.0046562122881118094,0.01780472521188819,0.05076370958688819,0.0693183970868882,0.0671211314618882,0.05418167833688819,0.04856644396188819,0.0627266002118882,0.0781074595868882,0.0654121470868882,0.03489456896188819,0.009259803336888191,-1.7540413111809434e-05,0.0016914439618881906,0.0034004283368881906,-0.014665977913111809,-0.04152144666311181,-0.04078902478811181,-0.02321089978811181,-0.02882613416311181,-0.05372847791311181,-0.0644706654131118,-0.06007613416311181,-0.04152144666311181,-0.02589644666311181,-0.02858199353811181,-0.04274214978811181,-0.03273238416311181,-0.0019706654131118094,0.013410193961888191,0.012677772086888191,0.013166053336888191,0.015363318961888191,0.02122269396188819,0.03562699083688819,0.05100785021188819,0.05100785021188819,6.546739938819113e-05,0.0800605845868882,0.0656562877118882,0.05589066271188819,0.05759964708688819,0.0688301158368882,0.0632148814618882,0.04197464708688819,0.02146683458688819,0.010968787711888191,-0.011980431038111809,-0.02199019666311181,-0.02443160291311181,-0.02491988416311181,-0.03615035291311181,-0.0632499622881118,-0.0822929310381118,-0.0730155872881118,-0.05275191541311181,-0.04860152478811181,-0.0642265247881118,-0.0796073841631118,-0.0647148060381118,-0.02516402478811181,0.010968787711888191,0.0041328502118881906,-0.02589644666311181,-0.02980269666311181,-0.0051444935381118094,0.01609574083688819,0.03465042833688819,0.03855667833688819,0.03758011583688819,0.04783402208688819,0.05540238146188819,0.06052933458688819,0.06101761583688819,0.05882035021188819,0.06248245958688819,0.05051956896188819,0.03001175646188819,0.01878128771188819,0.011457068961888191,-0.0066093372881118094,-0.03395308728811181,-0.03981246228811181,-0.04762496228811181,-0.04664839978811181,-0.03444136853811181,-0.04762496228811181,-0.0642265247881118,-0.05787886853811181,-0.03834761853811181,-0.04127730603811181,-0.05104293103811181,-0.04738082166311181,-0.03639449353811181,-0.02491988416311181,-0.008074181038111809,-0.0027030872881118094,-0.008318321663111809,-0.0007499622881118094,0.012921912711888191,0.01951370958688819,0.01926956896188819,0.03123245958688819,0.04881058458688819,0.05930863146188819,0.05320511583688819,0.05100785021188819,0.06101761583688819,0.06028519396188819,0.05759964708688819,0.04075394396188819,0.02634964708688819,0.02586136583688819,0.02610550646188819,0.0065742564618881906,-0.03224410291311181,-0.04884566541311181,-0.03956832166311181,-0.01930464978811181,-0.02052535291311181,-0.05470504041311181,-0.0825370716631118,-0.0835136341631118,-0.06105269666311181,-0.04616011853811181,-0.05031050916311181,-0.05397261853811181,-0.04274214978811181,-0.01564254041311181,-0.0007499622881118094,-0.012712852913111809,-0.012468712288111809,0.0014473033368881906,0.012677772086888191,0.02146683458688819,0.02634964708688819,0.03684769396188819,0.05296097521188819,0.0732246470868882,0.0783516002118882,0.0712715220868882,0.0634590220868882,0.06150589708688819,0.05491410021188819,0.04807816271188819,0.05613480333688819,0.05955277208688819,0.02879105333688819,-0.0063651966631118094,-0.03492964978811181,-0.04298629041311181,-0.02076949353811181,-0.014665977913111809,-0.02955855603811181,-0.05641402478811181,-0.0703300404131118,-0.0686210560381118,-0.04542769666311181,-0.03688277478811181,-0.04860152478811181,-0.05909957166311181,-0.05641402478811181,-0.03077925916311181,0.012189490836888191,0.02073441271188819,-0.013689415413111809,-0.02589644666311181,0.0012031627118881906,0.03977738146188819,0.05369339708688819,0.04905472521188819,0.03562699083688819,0.03489456896188819,0.05686722521188819,0.0832344127118882,0.0859199595868882,0.0683418345868882,0.05320511583688819,0.04002152208688819,0.02805863146188819,0.03758011583688819,0.03758011583688819,0.013654334586888191,-0.01808394666311181,-0.03077925916311181,-0.03346480603811181,-0.03004683728811181,-0.03346480603811181,-0.06032027478811181,-0.0844901966631118,6.546739938819113e-05,-0.0695976185381118,-0.03541793103811181,-0.03224410291311181,-0.05421675916311181,-0.0625175404131118,-0.04542769666311181,-0.0056327747881118094,0.011945350211888191,-0.0051444935381118094,-0.02467574353811181,-0.02443160291311181,0.0012031627118881906,0.03294144396188819,0.04685745958688819,0.03928910021188819,0.01682816271188819,0.010236365836888191,0.03562699083688819,0.0793281627118882,6.546739938819113e-05,0.0676094127118882,0.02952347521188819,0.01682816271188819,0.03513870958688819,0.05344925646188819,0.04368363146188819,0.0038887095868881906,-0.02418746228811181,-0.02784957166311181,-0.02052535291311181,-0.01661910291311181,-0.02467574353811181,-0.05201949353811181,-0.0752128529131118,-0.0717948841631118,-0.05494918103811181,-0.02784957166311181,-0.01686324353811181,-0.04323043103811181,-0.0708183216631118,-0.06129683728811181,-0.012956993538111809,0.03123245958688819,0.03196488146188819,0.0009590220868881906,-0.015154259163111809,-0.010515587288111809,0.010480506461888191,0.04441605333688819,0.0651680064618882,0.0639473033368882,0.04612503771188819,0.04588089708688819,0.0707832408368882,0.0871406627118882,0.0856758189618882,0.0712715220868882,0.03196488146188819,0.01658402208688819,0.03025589708688819,0.03513870958688819,0.011457068961888191,-0.02418746228811181,-0.04542769666311181,-0.03932418103811181,-0.02540816541311181,-0.03224410291311181,-0.05909957166311181,-0.0874198841631118,-0.0866874622881118,-0.0625175404131118,-0.04396285291311181,-0.03908004041311181,-0.04616011853811181,-0.0669120716631118,-0.05836714978811181,-0.02150191541311181,0.0048652720868881906,0.011701209586888191,0.0031562877118881906,-0.01686324353811181,-0.01881636853811181,0.010236365836888191,0.05125199083688819,0.0702949595868882,0.05320511583688819,0.03831253771188819,0.04246292833688819,0.05442581896188819,0.0756660533368882,0.0876289439618882,0.06248245958688819,0.03123245958688819,0.02366410021188819,0.02317581896188819,0.02610550646188819,0.01585160021188819,-0.011736290413111809,-0.04078902478811181,-0.04786910291311181,-0.03688277478811181,-0.03224410291311181,-0.04518355603811181,-0.0654472279131118,-0.0759452747881118,-0.0715507435381118,-0.05079879041311181,-0.03077925916311181,-0.03248824353811181,-0.04030074353811181,-0.03297652478811181,-0.02101363416311181,-0.010515587288111809,0.0073066783368881906,0.02195511583688819,0.014142615836888191,-0.0017265247881118094,0.0055976939618881906,0.03147660021188819,0.05076370958688819,0.05857620958688819,0.05613480333688819,0.05198441271188819,0.05955277208688819,0.0761543345868882,0.0790840220868882,0.06150589708688819,0.02830277208688819,0.010480506461888191,0.013166053336888191,0.02659378771188819,0.02439652208688819,0.0012031627118881906,-0.02955855603811181,-0.04518355603811181,-0.03297652478811181,-0.02394332166311181,-0.03785933728811181,-0.0664237904131118,-0.0783866810381118,-0.0715507435381118,-0.04811324353811181,-0.02321089978811181,-0.02003707166311181,-0.03688277478811181,-0.05006636853811181,-0.03199996228811181,0.00022660021188819057,0.014630897086888191,0.010724647086888191,-0.0005058216631118094,-0.00026168103811180943,0.01878128771188819,0.05442581896188819,0.0715156627118882,0.05979691271188819,0.03806839708688819,0.02439652208688819,0.04319535021188819,0.0744453502118882,0.0859199595868882,0.0671211314618882,0.03416214708688819,0.01609574083688819,0.02219925646188819,0.02219925646188819,0.0048652720868881906,-0.02003707166311181,-0.03077925916311181,-0.03224410291311181,-0.02907027478811181,-0.03761519666311181,-0.0671562122881118,6.546739938819113e-05,-0.0871757435381118,-0.05885543103811181,-0.04054488416311181,-0.04274214978811181,-0.06154097791311181,-0.0713066029131118,-0.05421675916311181,-0.011003868538111809,0.02146683458688819,0.02049027208688819,0.0068183970868881906,-0.0022148060381118094,-0.0029472279131118094,0.01682816271188819,0.04075394396188819,0.04832230333688819,0.03758011583688819,0.03562699083688819,0.05833206896188819,0.0759101939618882,0.0771308970868882,0.0649238658368882,0.04954300646188819,0.03953324083688819,0.03391800646188819,0.02952347521188819,0.02854691271188819,0.02561722521188819,0.01633988146188819,-0.013445274788111809,-0.04762496228811181,-0.05299605603811181,-0.04103316541311181,-0.04371871228811181,-0.06032027478811181,-0.0732597279131118,-0.0708183216631118,-0.05177535291311181,-0.03175582166311181,-0.03395308728811181,-0.05006636853811181,-0.04249800916311181,-0.010515587288111809,0.0060859752118881906,-0.0046562122881118094,-0.0056327747881118094,0.010968787711888191,0.03245316271188819,0.03855667833688819,0.03074417833688819,0.02146683458688819,0.02952347521188819,0.05149613146188819,0.06126175646188819,0.05979691271188819,0.0656562877118882,0.0766426158368882,0.0839668345868882,0.0842109752118882,0.0820137095868882,0.0807930064618882,0.0690742564618882,0.04490433458688819,0.013898475211888191,-0.01661910291311181,-0.02516402478811181,-0.011736290413111809,-0.011248009163111809,-0.03102339978811181,-0.05909957166311181,-0.0761894154131118,-0.0705741810381118,-0.06007613416311181,-0.05958785291311181,-0.06227339978811181,-0.05397261853811181,-0.04176558728811181,-0.02516402478811181,-0.01832808728811181,-0.02150191541311181,-0.02540816541311181,-0.03273238416311181,-0.02638472791311181,-0.0017265247881118094,0.02488480333688819,0.02464066271188819,0.0068183970868881906,-0.01564254041311181,-0.01881636853811181,0.01633988146188819,0.05296097521188819,0.0680976939618882,0.05418167833688819,0.02366410021188819,0.0014473033368881906,-0.0027030872881118094,0.01853714708688819,0.03855667833688819,0.02952347521188819,-0.0007499622881118094,-0.02369918103811181,-0.03248824353811181,-0.02784957166311181,-0.014910118538111809,-0.01857222791311181,-0.03419722791311181,-0.04493941541311181,-0.04689254041311181,-0.04616011853811181,-0.04054488416311181,-0.03785933728811181,-0.03785933728811181,-0.03077925916311181,-0.02272261853811181,-0.015398399788111809,-0.008318321663111809,-0.0056327747881118094,-0.0014823841631118094,-0.0027030872881118094,-0.0029472279131118094,0.0031562877118881906,0.012677772086888191,0.02610550646188819,0.03025589708688819,0.02537308458688819,0.01804886583688819,0.02464066271188819,0.03684769396188819,0.03172074083688819,0.01585160021188819,0.011701209586888191,0.01780472521188819,0.02268753771188819,0.02244339708688819,0.02219925646188819,0.02024613146188819,0.01829300646188819,0.008771522086888191,0.0068183970868881906,0.01951370958688819,0.02879105333688819,0.015363318961888191,-0.0049003529131118094,-0.013933556038111809,-0.009783165413111809,0.0031562877118881906,0.011701209586888191,0.009992225211888191,0.0007148814618881906,-0.010515587288111809,-0.02150191541311181,-0.010271446663111809,0.011945350211888191,0.01902542833688819,0.0036445689618881906,-0.01783980603811181,-0.02321089978811181,-0.013689415413111809,0.0016914439618881906,0.013166053336888191,0.0058418345868881906,-0.013445274788111809,-0.02907027478811181,-0.03053511853811181,-0.014665977913111809,0.0051094127118881906,0.0026680064618881906,-0.012468712288111809,-0.02516402478811181,-0.02565230603811181,-0.010027306038111809,0.0068183970868881906,0.008771522086888191,-0.009050743538111809,-0.02174605603811181,-0.01564254041311181,-0.0022148060381118094,0.010968787711888191,0.0065742564618881906,-0.013201134163111809,-0.01857222791311181,-0.0068534779131118094,0.0058418345868881906,0.0070625377118881906,-0.0012382435381118094,-0.009050743538111809,-0.012956993538111809,-0.008562462288111809,0.0036445689618881906,0.009748084586888191,0.0024238658368881906,-0.008074181038111809,-0.01613082166311181,-0.01613082166311181,-0.0017265247881118094,0.008771522086888191,0.0053535533368881906,0.00022660021188819057,-0.0012382435381118094,0.0019355845868881906,0.0073066783368881906,0.011701209586888191,0.010236365836888191,0.009259803336888191,0.012189490836888191,0.009748084586888191,0.011212928336888191,0.01658402208688819,0.01951370958688819,0.01756058458688819,0.013166053336888191,0.011212928336888191,0.012921912711888191,0.01731644396188819,0.01585160021188819,0.010968787711888191,0.008527381461888191,0.008283240836888191,0.010968787711888191,0.010236365836888191,0.0068183970868881906,0.0014473033368881906,-0.0061210560381118094,-0.0075858997881118094,-0.0029472279131118094,0.0026680064618881906,0.013898475211888191,0.02927933458688819,0.03245316271188819,0.011945350211888191,-0.03224410291311181,-0.0669120716631118,-0.05983199353811181,-0.011003868538111809,0.03245316271188819,0.02293167833688819,-0.03077925916311181,-0.0759452747881118,-0.0676444935381118,-0.02223433728811181,0.01804886583688819,0.02122269396188819,-0.0005058216631118094,-0.02687300916311181,-0.03639449353811181,-0.0066093372881118094,0.03562699083688819,0.05027542833688819,0.02415238146188819,-0.011980431038111809,-0.012956993538111809,0.01902542833688819,0.04856644396188819,0.04710160021188819,0.008039100211888191,-0.02565230603811181,-0.012224571663111809,0.04124222521188819,0.0793281627118882,0.05637894396188819,-0.0075858997881118094,-0.04908980603811181,-0.02565230603811181,0.03269730333688819,0.0744453502118882,0.05662308458688819,-0.008562462288111809,-0.05665816541311181,-0.04396285291311181,0.01853714708688819,0.0734687877118882,0.0732246470868882,0.008527381461888191,-0.0683769154131118,-0.0822929310381118,-0.01808394666311181,0.0656562877118882,0.0822578502118882,0.01585160021188819,-0.06129683728811181,-0.0866874622881118,-0.03590621228811181,0.04343949083688819,0.0700508189618882,0.02366410021188819,-0.04982222791311181,-0.0796073841631118,-0.03785933728811181,0.03245316271188819,0.05003128771188819,0.0014473033368881906,-0.05128707166311181,-0.04689254041311181,-0.0009941029131118094,0.03172074083688819,0.02927933458688819,0.0029121470868881906,-0.03126754041311181,-0.05177535291311181,-0.02784957166311181,0.02268753771188819,0.04392777208688819,0.0075508189618881906,-0.03761519666311181,-0.04982222791311181,-0.02272261853811181,0.011701209586888191,0.01682816271188819,-0.008562462288111809,-0.05543746228811181,-0.0695976185381118,-0.03248824353811181,0.010968787711888191,0.0038887095868881906,-0.04103316541311181,-0.0700858997881118,-0.0674003529131118,-0.02540816541311181,0.02146683458688819,0.01609574083688819,-0.03810347791311181,-0.0752128529131118,-0.0642265247881118,-0.02003707166311181,0.02146683458688819,0.02439652208688819,-0.01710738416311181,-0.06178511853811181,-0.05787886853811181,-0.01735152478811181,0.03001175646188819,0.05784378771188819,0.03098831896188819,-0.03029097791311181,-0.05177535291311181,-0.010271446663111809,0.04173050646188819,0.06077347521188819,0.02317581896188819,-0.03102339978811181,-0.04152144666311181,-0.008562462288111809,0.04490433458688819,0.05076370958688819,0.010236365836888191,-0.02833785291311181,-0.02980269666311181,0.0026680064618881906,0.04734574083688819,0.0707832408368882,0.04734574083688819,-0.0009941029131118094,-0.03077925916311181,-0.0009941029131118094,0.05686722521188819,0.0854316783368882,0.05076370958688819,-0.0017265247881118094,-0.02199019666311181,-0.0058769154131118094,0.03709183458688819,0.06248245958688819,0.04685745958688819,0.0024238658368881906,-0.02955855603811181,-0.02028121228811181,0.014875037711888191,0.03831253771188819,0.03025589708688819,-0.007830040413111809,-0.05226363416311181,-0.05275191541311181,0.00022660021188819057,0.04929886583688819,0.05027542833688819,0.0070625377118881906,-0.04371871228811181,-0.04469527478811181,0.0009590220868881906,0.04539261583688819,0.05003128771188819,0.02244339708688819,-0.02565230603811181,-0.05128707166311181,-0.01832808728811181,0.03367386583688819,0.05320511583688819,0.03294144396188819,-0.011248009163111809,-0.05153121228811181,-0.03883589978811181,0.02195511583688819,0.0729805064618882,0.0671211314618882,0.010236365836888191,-0.05128707166311181,-0.05616988416311181,0.0021797252118881906,0.05808792833688819,0.05833206896188819,0.009259803336888191,-0.04249800916311181,-0.05909957166311181,-0.02272261853811181,0.02708206896188819,0.02952347521188819,-0.0014823841631118094,-0.01808394666311181,-0.02760543103811181,-0.02491988416311181,0.0065742564618881906,0.03196488146188819,0.015363318961888191,-0.014421837288111809,-0.013445274788111809,-0.0034355091631118094,0.012433631461888191,0.03050003771188819,0.01780472521188819,-0.008074181038111809,-0.010027306038111809,0.0043769908368881906,0.0060859752118881906,0.0060859752118881906,0.009259803336888191,-0.0058769154131118094,-0.02052535291311181,-0.0034355091631118094,0.02512894396188819,0.01878128771188819,-0.012224571663111809,-0.02467574353811181,-0.009783165413111809,0.009503943961888191,0.03147660021188819,0.03098831896188819,-0.0049003529131118094,-0.02028121228811181,0.0016914439618881906,0.02341995958688819,0.03733597521188819,0.03953324083688819,0.009992225211888191,-0.03053511853811181,-0.03517379041311181,0.008527381461888191,0.02854691271188819,0.02854691271188819,-1.7540413111809434e-05,-0.009294884163111809,-0.0017265247881118094,-0.0031913685381118094,-0.0027030872881118094,0.0077949595868881906,0.010236365836888191,-0.0029472279131118094,-0.0017265247881118094,0.011457068961888191,0.015119178336888191,0.0026680064618881906,-0.010027306038111809,-0.012956993538111809,-0.010027306038111809,0.0075508189618881906,0.01609574083688819,-0.010027306038111809,-0.04347457166311181,-0.03883589978811181,-0.0049003529131118094,0.008771522086888191,-0.014665977913111809,-0.03126754041311181,-0.02125777478811181,-0.01613082166311181,-0.02467574353811181,-0.02565230603811181,-0.0041679310381118094,0.009503943961888191,-0.0066093372881118094,-0.02736129041311181,-0.03199996228811181,-0.02003707166311181,-0.011003868538111809,-0.010027306038111809,-0.010027306038111809,-0.01979293103811181,-0.02565230603811181,-0.02076949353811181,-0.02369918103811181,-0.03346480603811181,-0.02418746228811181,0.0009590220868881906,0.0038887095868881906,-0.02589644666311181,-0.04249800916311181,-0.01564254041311181,0.01633988146188819,-0.01930464978811181,-0.01930464978811181,-0.03932418103811181,-0.02369918103811181,0.0036445689618881906,0.01585160021188819,0.010236365836888191,0.0046211314618881906,0.0031562877118881906,-0.0009941029131118094,-1.7540413111809434e-05,0.014142615836888191,0.02000199083688819,0.012433631461888191,-0.0019706654131118094,-0.0049003529131118094,0.015607459586888191,0.02464066271188819,0.011701209586888191,-0.0041679310381118094,-0.0024589466631118094,0.010480506461888191,0.02659378771188819,0.02659378771188819,0.013410193961888191,-0.0036796497881118094,-0.0031913685381118094,0.01585160021188819,0.03440628771188819,0.03758011583688819,0.02341995958688819,0.012433631461888191,0.010724647086888191,0.02000199083688819,0.03562699083688819,0.04710160021188819,0.04221878771188819,0.01804886583688819,0.0034004283368881906,0.02073441271188819,0.04441605333688819,0.04392777208688819,0.02927933458688819,0.014386756461888191,0.0036445689618881906,-0.0022148060381118094,0.0029121470868881906,0.014630897086888191,0.012677772086888191,-0.0005058216631118094,-0.009539024788111809,-0.014421837288111809,-0.012468712288111809,-0.008318321663111809,-0.0068534779131118094,-0.0061210560381118094,-0.013445274788111809,-0.02052535291311181,-0.01735152478811181,-0.009783165413111809,0.0053535533368881906,0.015363318961888191,0.0031562877118881906,-0.01613082166311181,-0.01759566541311181,0.0073066783368881906,0.02708206896188819,0.01829300646188819,-0.0056327747881118094,-0.01735152478811181,-0.008806602913111809,0.0048652720868881906,0.01609574083688819,0.012433631461888191,-0.009539024788111809,-0.02321089978811181,-0.014421837288111809,-0.012224571663111809,-0.01954879041311181,-0.02589644666311181,-0.02809371228811181,-0.02589644666311181,-0.02076949353811181,-0.009050743538111809,-0.009050743538111809,-0.01710738416311181,-0.03346480603811181,-0.04518355603811181,-0.03908004041311181,-0.01832808728811181,-0.0017265247881118094,-0.0029472279131118094,-0.01710738416311181,-0.02565230603811181,-0.02565230603811181,-0.008562462288111809,0.013654334586888191,0.014386756461888191,-0.01661910291311181,-0.04103316541311181,-0.02833785291311181,0.011945350211888191,0.04002152208688819,0.02708206896188819,-0.0051444935381118094,-0.03029097791311181,-0.02418746228811181,0.013166053336888191,0.05759964708688819,0.06028519396188819,0.009503943961888191,-0.04078902478811181,-0.03737105603811181,0.013410193961888191,0.05784378771188819,0.0654121470868882,0.02757035021188819,-0.02321089978811181,-0.03834761853811181,0.0041328502118881906,0.06004105333688819,0.0666328502118882,0.02903519396188819,-0.011003868538111809,-0.01808394666311181,0.011945350211888191,0.04343949083688819,0.04490433458688819,0.02073441271188819,-0.0041679310381118094,-0.011492149788111809,0.00022660021188819057,0.008527381461888191,0.0053535533368881906,-0.0031913685381118094,-0.009539024788111809,-0.0036796497881118094,0.0012031627118881906,-0.007830040413111809,-0.02199019666311181,-0.02980269666311181,-0.02711714978811181,-0.02296675916311181,-0.01881636853811181,-0.008562462288111809,-0.012956993538111809,-0.012956993538111809,-0.02174605603811181,-0.011248009163111809,0.0036445689618881906,0.011701209586888191,0.0055976939618881906,-0.0051444935381118094,0.0043769908368881906,0.02366410021188819,0.02952347521188819,0.02952347521188819,0.01902542833688819,0.0058418345868881906,0.00047074083688819057,0.009748084586888191,0.014142615836888191,0.010236365836888191,0.015363318961888191,0.02781449083688819,-0.03004683728811181,-0.03004683728811181,-0.05299605603811181,-0.03395308728811181,0.0036445689618881906,0.010236365836888191,-0.015154259163111809,-0.04738082166311181,-0.05397261853811181,-0.02858199353811181,-0.0012382435381118094,0.0034004283368881906,-0.01808394666311181,-0.04396285291311181,-0.04738082166311181,-0.02760543103811181,-0.0049003529131118094,0.0051094127118881906,0.00022660021188819057,-0.008318321663111809,-0.013201134163111809,-0.0031913685381118094,0.01780472521188819,0.03587113146188819,0.03489456896188819,0.02122269396188819,0.010480506461888191,0.02952347521188819,0.05906449083688819,0.06175003771188819,0.04563675646188819,0.02488480333688819,0.02537308458688819,0.03342972521188819,0.03196488146188819,0.02049027208688819,0.02293167833688819,0.03318558458688819,0.02683792833688819,0.0060859752118881906,-0.012712852913111809,-0.013445274788111809,-0.012224571663111809,-0.011248009163111809,-0.008562462288111809,-0.013445274788111809,-0.02443160291311181,-0.03273238416311181,-0.04225386853811181,-0.04933394666311181,-0.04445113416311181,-0.02247847791311181,-0.02247847791311181,-0.02345504041311181,-0.03395308728811181,-0.02565230603811181,-0.015154259163111809,-0.011492149788111809,-0.007830040413111809,-0.0005058216631118094,0.014875037711888191,0.02317581896188819,0.02317581896188819,0.013898475211888191,0.014630897086888191,0.02976761583688819,0.03611527208688819,0.03025589708688819,0.02561722521188819,0.01682816271188819,0.009015662711888191,-0.0017265247881118094,-0.0017265247881118094,0.010724647086888191,0.02097855333688819,0.010236365836888191,-0.02003707166311181,-0.03761519666311181,-0.01954879041311181,0.0060859752118881906,0.0012031627118881906,-0.04640425916311181,-0.04640425916311181,-0.05348433728811181,-0.04176558728811181,-0.03126754041311181,-0.03004683728811181,-0.03151168103811181,-0.02931441541311181,-0.02296675916311181,-0.01832808728811181,-0.0051444935381118094,0.011457068961888191,0.011457068961888191,0.009992225211888191,0.0048652720868881906,0.008283240836888191,0.02634964708688819,0.04612503771188819,0.04832230333688819,0.03635941271188819,0.02073441271188819,0.012921912711888191,0.012921912711888191,0.03001175646188819,0.02952347521188819,0.008527381461888191,-0.0046562122881118094,0.008039100211888191,0.02561722521188819,0.02024613146188819,-0.010271446663111809,-0.03859175916311181,-0.03859175916311181,-0.01906050916311181,0.0065742564618881906,0.0016914439618881906,-0.03077925916311181,-0.05885543103811181,-0.0632499622881118,-0.04493941541311181,-0.0075858997881118094,0.012677772086888191,0.012677772086888191,-0.014910118538111809,-0.02882613416311181,-0.0049003529131118094,0.02390824083688819,0.03001175646188819,0.02830277208688819,0.03391800646188819,0.04710160021188819,0.04368363146188819,0.04368363146188819,0.02854691271188819,0.02073441271188819,0.03050003771188819,0.04514847521188819,0.04710160021188819,0.02879105333688819,0.01585160021188819,0.02195511583688819,-0.0024589466631118094,-0.0024589466631118094,-0.01954879041311181,-0.01735152478811181,-0.011736290413111809,-0.0070976185381118094,-0.015398399788111809,-0.03273238416311181,-0.04054488416311181,-0.04005660291311181,-0.02662886853811181,-0.015398399788111809,-0.01613082166311181,-0.01735152478811181,-0.010027306038111809,0.0021797252118881906,0.0026680064618881906,-0.0063651966631118094,-0.0031913685381118094,0.0070625377118881906,0.01853714708688819,0.02049027208688819,0.010236365836888191,-1.7540413111809434e-05,-0.0017265247881118094,0.0043769908368881906,0.0043769908368881906,0.010236365836888191,0.0009590220868881906,-0.011492149788111809,-0.014177696663111809,-0.009783165413111809,-0.0075858997881118094,-0.010027306038111809,-0.02369918103811181,-0.03322066541311181,-0.04323043103811181,-0.04200972791311181,-0.01808394666311181,-0.01808394666311181,-0.01710738416311181,-0.02614058728811181,-0.02443160291311181,-0.0005058216631118094,0.02610550646188819,0.02927933458688819,0.010236365836888191,-0.0031913685381118094,0.013166053336888191,0.03342972521188819,0.04588089708688819,0.04026566271188819,0.02000199083688819,0.0019355845868881906,-0.0019706654131118094,0.010236365836888191,0.03465042833688819,0.04783402208688819,0.02488480333688819,-0.01930464978811181,-0.03566207166311181,-0.0031913685381118094,0.02952347521188819,0.02268753771188819,-0.01637496228811181,-0.05006636853811181,-0.04835738416311181,-0.02662886853811181,-0.0007499622881118094,0.014630897086888191,-0.012712852913111809,-0.03712691541311181,-0.02321089978811181,0.012433631461888191,0.03880081896188819,0.03709183458688819,0.01707230333688819,0.0009590220868881906,0.009503943961888191,0.03831253771188819,0.03831253771188819,0.03025589708688819,0.011945350211888191,-0.008074181038111809,-0.0012382435381118094,0.02195511583688819,0.02927933458688819,0.011945350211888191,-0.009539024788111809,-0.01710738416311181,-0.01710738416311181,-0.0005058216631118094,-0.0022148060381118094,-0.02833785291311181,-0.04518355603811181,-0.04713668103811181,-0.03834761853811181,-0.01637496228811181,-0.009539024788111809,-0.04103316541311181,-0.04103316541311181,-0.03004683728811181,-0.0005058216631118094,0.01804886583688819,0.02000199083688819,0.014142615836888191,0.01902542833688819,0.02659378771188819,0.02171097521188819,0.014630897086888191,0.014630897086888191,0.011212928336888191,0.01731644396188819,0.02097855333688819,0.013898475211888191,0.0073066783368881906,0.0009590220868881906,0.0024238658368881906,-0.0029472279131118094,-0.009539024788111809,-0.009539024788111809,-0.0075858997881118094,-0.013689415413111809,-0.02833785291311181,-0.02491988416311181,-0.010515587288111809,0.00022660021188819057,-0.0049003529131118094,-0.010759727913111809,0.012189490836888191,0.012189490836888191,0.01658402208688819,0.02000199083688819,0.02439652208688819,0.02537308458688819,0.02830277208688819,0.01804886583688819,0.008039100211888191,0.010724647086888191,0.00022660021188819057,0.011212928336888191,0.0007148814618881906,0.0007148814618881906,-0.0039237904131118094,-0.01613082166311181,-0.02565230603811181,-0.01906050916311181,-0.010027306038111809,-0.01564254041311181,-0.03517379041311181,-0.04030074353811181,-0.0070976185381118094,-0.0070976185381118094,-0.01637496228811181,-0.02443160291311181,-0.008318321663111809,0.0048652720868881906,0.009992225211888191,0.010480506461888191,0.010236365836888191,0.01951370958688819,0.02390824083688819,0.02390824083688819,0.013654334586888191,0.010236365836888191,0.0065742564618881906,0.0036445689618881906,0.010480506461888191,0.014875037711888191,0.010480506461888191,-0.00026168103811180943,-0.02760543103811181,-0.02760543103811181,-0.02736129041311181,-0.02076949353811181,-0.011003868538111809,-0.010027306038111809,-0.02467574353811181,-0.03590621228811181,-0.02467574353811181,-0.0044120716631118094,0.01609574083688819,0.01609574083688819,0.0016914439618881906,0.0009590220868881906,0.009015662711888191,0.02000199083688819,0.02341995958688819,0.02561722521188819,0.02537308458688819,0.02097855333688819,0.009259803336888191,0.01609574083688819,0.01609574083688819,0.01682816271188819,0.0014473033368881906,-0.009539024788111809,-0.0070976185381118094,0.0034004283368881906,-0.0061210560381118094,-0.03859175916311181,-0.04420699353811181,-0.010759727913111809,-0.010759727913111809,0.008039100211888191,-0.0024589466631118094,-0.012468712288111809,-0.0022148060381118094,0.02341995958688819,0.02976761583688819,0.02000199083688819,0.02952347521188819,0.03831253771188819,0.03831253771188819,0.02634964708688819,0.0043769908368881906,-0.0014823841631118094,0.012189490836888191,0.02122269396188819,0.0077949595868881906,-0.0058769154131118094,-0.0070976185381118094,0.0046211314618881906,0.0046211314618881906,-0.01808394666311181,-0.04445113416311181,-0.04689254041311181,-0.02784957166311181,-0.011003868538111809,-0.014421837288111809,-0.02003707166311181,-0.01881636853811181,0.010236365836888191,0.010236365836888191,0.012921912711888191,0.01926956896188819,0.02317581896188819,0.02171097521188819,0.015607459586888191,0.0073066783368881906,0.0075508189618881906,0.01926956896188819,0.01951370958688819,-1.7540413111809434e-05,-0.015154259163111809,-0.015154259163111809,0.0053535533368881906,0.008771522086888191,-0.013689415413111809,-0.04030074353811181,-0.04152144666311181,-0.02833785291311181,-0.01735152478811181,-0.010759727913111809,-0.012712852913111809,-0.012712852913111809,-0.0012382435381118094,0.008039100211888191,0.014630897086888191,0.02122269396188819,0.02708206896188819,0.03098831896188819,0.03050003771188819,0.03025589708688819,0.02854691271188819,0.02854691271188819,0.02317581896188819,-1.7540413111809434e-05,-0.013201134163111809,-0.013689415413111809,-0.0058769154131118094,0.0034004283368881906,-0.0039237904131118094,-0.02150191541311181,-0.04445113416311181,-0.04445113416311181,-0.03908004041311181,-0.01857222791311181,0.009259803336888191,0.02097855333688819,0.0077949595868881906,-0.011003868538111809,-0.008074181038111809,0.02024613146188819,0.04197464708688819,0.04197464708688819,0.03513870958688819,0.01756058458688819,0.0046211314618881906,0.0041328502118881906,0.01804886583688819,0.02976761583688819,0.02171097521188819,-0.0005058216631118094,-0.01759566541311181,-0.01759566541311181,-0.009783165413111809,-0.0070976185381118094,-0.02199019666311181,-0.03639449353811181,-0.04078902478811181,-0.03346480603811181,-0.014910118538111809,0.0019355845868881906,0.01609574083688819,0.01609574083688819,0.01585160021188819,0.010480506461888191,0.01633988146188819,0.02903519396188819,0.03025589708688819,0.01829300646188819,0.008283240836888191,0.0077949595868881906,0.0012031627118881906,0.0012031627118881906,-0.010759727913111809,-0.03102339978811181,0.00022660021188819057,0.00022660021188819057,0.00022660021188819057,-0.04567183728811181,-0.010759727913111809,0.0034004283368881906,-0.00026168103811180943,-0.01661910291311181,-0.01906050916311181,0.0029121470868881906,0.02317581896188819,0.02879105333688819,0.01951370958688819,0.02561722521188819,0.02561722521188819,0.02488480333688819,0.01829300646188819,0.0063301158368881906,-0.012224571663111809,-0.02809371228811181,-0.03590621228811181,-0.03590621228811181,-0.01735152478811181,-0.0041679310381118094,-0.05275191541311181,-0.05275191541311181,-0.0688651966631118,-0.04469527478811181,-0.0017265247881118094,0.0029121470868881906,-0.03395308728811181,-0.0637382435381118,-0.04542769666311181,-0.0039237904131118094,0.0068183970868881906,-0.02614058728811181,-0.02614058728811181,-0.011003868538111809,0.009748084586888191,0.01853714708688819,0.010236365836888191,0.0029121470868881906,0.008039100211888191,0.012921912711888191,0.0070625377118881906,0.02073441271188819,0.02073441271188819,0.03660355333688819,0.00022660021188819057,0.03562699083688819,0.00022660021188819057,0.0009590220868881906,0.010236365836888191,0.012921912711888191,0.013654334586888191,0.012189490836888191,0.01658402208688819,0.02610550646188819,0.02610550646188819,0.02244339708688819,0.01926956896188819,0.014875037711888191,0.014142615836888191,0.02610550646188819,0.03269730333688819,0.03294144396188819,0.03220902208688819,0.014875037711888191,0.0063301158368881906,0.0063301158368881906,0.010968787711888191,0.02366410021188819,0.03098831896188819,0.02171097521188819,-0.0051444935381118094,-0.02076949353811181,-0.008562462288111809,0.01804886583688819,0.03489456896188819,0.02122269396188819,-0.02614058728811181,-0.02614058728811181,-0.0044120716631118094,0.03440628771188819,0.05320511583688819,0.03660355333688819,0.010236365836888191,0.00022660021188819057,0.0068183970868881906,0.02512894396188819,0.03147660021188819,0.02195511583688819,0.0048652720868881906,0.0048652720868881906,0.0058418345868881906,0.0068183970868881906,0.010236365836888191,0.008039100211888191,-0.0031913685381118094,-0.010515587288111809,-0.010027306038111809,-0.0029472279131118094,-0.011492149788111809,-0.02784957166311181,-0.02784957166311181,-0.03712691541311181,-0.02955855603811181,-0.0051444935381118094,0.015363318961888191
UR5e_W,0.020746035892616695,0.027093692142616695,0.016351504642616695,0.015374942142616695,0.018548770267616695,0.028314395267616695,0.0324647858926167,0.020257754642616695,0.005121035892616696,-0.0009824797323833038,-0.0009824797323833038,0.015374942142616695,0.008294864017616695,-0.009039120357383305,-0.021002010982383305,-0.018560604732383305,-0.008550839107383305,-0.004156307857383304,-0.010259823482383305,-0.021490292232383305,0.00023822339261669618,0.00023822339261669618,0.00023822339261669618,0.00023822339261669618,-0.021490292232383305,-0.017584042232383305,-0.025884823482383305,-0.024419979732383305,-0.021246151607383305,-0.017584042232383305,-0.013677792232383305,-0.016851620357383305,-0.019781307857383305,-0.019537167232383305,-0.016607479732383305,0.00023822339261669618,-0.010259823482383305,-0.011968807857383305,-0.014166073482383305,-0.012457089107383305,-0.005865292232383304,0.00023822339261669618,-0.0012266203573833038,0.0012147858926166962,-0.0017149016073833038,-0.005132870357383304,-0.007085995357383304,-0.0014707609823833038,0.004144473392616696,0.004388614017616696,0.005121035892616696,0.005121035892616696,0.005121035892616696,0.008539004642616695,0.008783145267616695,0.008294864017616695,0.008050723392616695,0.006585879642616696,0.009271426517616695,0.012445254642616695,0.012445254642616695,0.015374942142616695,0.007318301517616696,0.0017030671426166962,0.002923770267616696,0.011712832767616695,0.015863223392616695,0.013421817142616695,0.005121035892616696,-0.002203182857383304,-0.002691464107383304,0.003656192142616696,0.003656192142616696,0.015863223392616695,0.013421817142616695,-0.0004941984823833038,-0.005865292232383304,0.0009706452676166962,0.015374942142616695,0.021234317142616695,0.010736270267616695,0.00023822339261669618,-0.005621151607383304,-0.009283260982383305,0.009027285892616695,0.010980410892616695,-5.917232383303821e-06,-0.007574276607383304,-0.009039120357383305,-0.004644589107383304,0.003656192142616696,0.003656192142616696,0.00023822339261669618,0.00023822339261669618,-0.005377010982383304,-0.005621151607383304,-0.008794979732383305,-0.008062557857383305,-0.001959042232383304,0.002435489017616696,0.00023822339261669618,-0.006109432857383304,-0.010748104732383305,-0.008794979732383305,-0.003912167232383304,-0.002203182857383304,-0.004400448482383304,-0.014166073482383305,-0.015142635982383305,-0.004644589107383304,0.002191348392616696,0.003656192142616696,0.003656192142616696,-0.002691464107383304,-0.016363339107383305,-0.010015682857383305,-0.001959042232383304,-0.0014707609823833038,-0.003912167232383304,-0.007574276607383304,-0.008306698482383305,-0.006841854732383304,-0.009039120357383305,-0.007574276607383304,-0.007818417232383305,-0.007085995357383304,-0.007085995357383304,0.00023822339261669618,0.0012147858926166962,0.0007265046426166962,-0.003668026607383304,-0.005621151607383304,-0.0017149016073833038,0.007074160892616696,0.008783145267616695,0.002679629642616696,0.003656192142616696,0.002679629642616696,0.002679629642616696,0.019525332767616695,0.019769473392616695,0.010736270267616695,0.008539004642616695,0.004144473392616696,0.003412051517616696,0.018060489017616695,0.026605410892616695,0.019037051517616695,0.019037051517616695,0.003900332767616696,0.018792910892616695,0.026117129642616695,0.022943301517616695,0.013910098392616695,0.007318301517616696,0.006830020267616696,0.007806582767616696,0.008783145267616695,0.007318301517616696,0.007318301517616696,-0.0007383391073833038,-0.006597714107383304,0.002923770267616696,0.005609317142616696,-0.003912167232383304,-0.016851620357383305,-0.019781307857383305,-0.008062557857383305,0.003900332767616696,-0.004888729732383304,-0.004888729732383304,-0.0568906828573833,-0.0581113859823833,-0.0424863859823833,-0.025396542232383305,-0.028082089107383305,-0.0512754484823833,-0.0654356047323833,-0.0498106047323833,-0.025884823482383305,-0.016119198482383305,-0.021978573482383305,-0.021978573482383305,-0.0456602141073833,-0.0312559172323833,-0.001959042232383304,0.017572207767616695,0.011712832767616695,-0.004644589107383304,-0.012701229732383305,-0.0009824797323833038,0.025140567142616695,0.025140567142616695,0.0397890046426167,0.025628848392616695,0.017328067142616695,0.027826114017616695,0.0466249421426167,0.0532167390176167,0.0485780671426167,0.0314882233926167,0.011468692142616695,0.015130801517616695,0.0397890046426167,0.0397890046426167,0.0583436921426167,0.0380800202676167,0.019037051517616695,0.015374942142616695,0.027581973392616695,0.0427186921426167,0.0444276765176167,0.029535098392616695,0.008783145267616695,0.008783145267616695,0.003167910892616696,0.011224551517616695,0.017572207767616695,0.0009706452676166962,-0.020269589107383305,-0.021734432857383305,-0.004888729732383304,0.007074160892616696,-0.0014707609823833038,-0.022710995357383305,-0.030279354732383305,-0.030279354732383305,-0.023199276607383305,-0.015142635982383305,-0.023443417232383305,-0.0332090422323833,-0.0317441984823833,-0.023443417232383305,-0.021978573482383305,-0.026617245357383305,-0.0317441984823833,-0.0322324797323833,-0.025396542232383305,-0.007085995357383304,-0.007085995357383304,0.005121035892616696,-0.019293026607383305,-0.0317441984823833,-0.022222714107383305,-0.0017149016073833038,0.014154239017616695,0.013421817142616695,0.003656192142616696,-0.004156307857383304,-0.004156307857383304,0.009759707767616695,0.017816348392616695,0.004632754642616696,-0.011724667232383305,-0.009283260982383305,-5.917232383303821e-06,0.017816348392616695,0.0324647858926167,0.027581973392616695,0.010736270267616695,-0.003912167232383304,-0.011236385982383305,-0.011236385982383305,0.014154239017616695,0.019525332767616695,0.012201114017616695,-0.0004941984823833038,-0.005377010982383304,-0.0004941984823833038,0.002191348392616696,-0.0004941984823833038,-0.005132870357383304,-0.005132870357383304,-0.019048885982383305,-0.014654354732383305,-0.0004941984823833038,0.005609317142616696,-0.003179745357383304,-0.016607479732383305,-0.021734432857383305,-0.010503964107383305,-0.001959042232383304,-0.002447323482383304,-0.002447323482383304,-0.019781307857383305,-0.021246151607383305,-0.010015682857383305,0.004632754642616696,0.010492129642616695,0.003412051517616696,-0.004156307857383304,-0.008306698482383305,-0.0004941984823833038,0.018548770267616695,0.018548770267616695,0.017572207767616695,0.004388614017616696,-0.004156307857383304,0.003412051517616696,0.020746035892616695,0.030511660892616695,0.024896426517616695,0.012689395267616695,0.004632754642616696,0.005609317142616696,0.016107364017616695,0.016107364017616695,0.021478457767616695,0.015863223392616695,0.015374942142616695,0.013665957767616695,0.007318301517616696,0.005121035892616696,0.005365176517616696,0.0009706452676166962,-0.002935604732383304,-0.002935604732383304,0.0007265046426166962,0.0004823640176166962,-0.013433651607383305,-0.017095760982383305,-0.018804745357383305,-0.025884823482383305,-0.027105526607383305,-0.021978573482383305,-0.009527401607383305,0.002435489017616696,-0.002203182857383304,-0.002203182857383304,-0.0415098234823833,-0.0361387297323833,0.00023822339261669618,0.00023822339261669618,0.00023822339261669618,-0.016607479732383305,-0.021978573482383305,-0.008794979732383305,0.005365176517616696,0.011468692142616695,0.006341739017616696,-0.011236385982383305,-0.024664120357383305,-0.008794979732383305,0.018792910892616695,0.018792910892616695,0.023919864017616695,-0.007818417232383305,-0.025152401607383305,-0.009771542232383305,0.016107364017616695,0.0336854890176167,0.025140567142616695,-0.0002500578573833038,-0.010748104732383305,-0.010748104732383305,0.002191348392616696,0.023919864017616695,0.006585879642616696,-0.007330135982383304,-0.006353573482383304,0.002923770267616696,0.013910098392616695,0.020501895267616695,0.007318301517616696,-0.012945370357383305,-0.016607479732383305,-0.016607479732383305,0.021234317142616695,0.017816348392616695,0.0004823640176166962,-0.012701229732383305,-0.010503964107383305,0.002191348392616696,0.010980410892616695,0.004388614017616696,-0.007574276607383304,-0.007574276607383304,-0.008550839107383305,0.003900332767616696,0.008783145267616695,0.008783145267616695,0.005121035892616696,0.005121035892616696,0.006585879642616696,0.007318301517616696,0.008539004642616695,0.006585879642616696,0.006585879642616696,0.00023822339261669618,0.011468692142616695,0.020013614017616695,0.014154239017616695,0.0009706452676166962,-0.006109432857383304,-0.002691464107383304,0.0019472077676166962,0.0017030671426166962,0.0017030671426166962,-0.0017149016073833038,-0.009283260982383305,-0.009039120357383305,-0.005377010982383304,-0.014898495357383305,-0.029546932857383305,-0.0373594328573833,-0.0324766203573833,-0.020513729732383305,-0.013433651607383305,-0.013433651607383305,-0.020269589107383305,-0.027593807857383305,-0.0324766203573833,-0.029302792232383305,-0.017339901607383305,-0.007330135982383304,-0.003179745357383304,-0.005621151607383304,-0.011968807857383305,-0.010992245357383305,-0.010992245357383305,-0.010503964107383305,-0.008062557857383305,0.008539004642616695,0.023187442142616695,0.025628848392616695,0.023919864017616695,0.023431582767616695,0.016839785892616695,0.010492129642616695,0.016595645267616695,0.030267520267616695,0.0361268952676167,0.0322206452676167,0.025872989017616695,0.020746035892616695,0.027581973392616695,0.0346620515176167,0.0349061921426167,0.024652285892616695,0.007806582767616696,0.0017030671426166962,0.0017030671426166962,0.027337832767616695,0.016351504642616695,-0.004888729732383304,-0.022710995357383305,-0.022466854732383305,-0.013921932857383305,-0.0014707609823833038,0.0017030671426166962,-0.010992245357383305,-0.025884823482383305,-0.025884823482383305,-0.025884823482383305,-0.011724667232383305,-0.009039120357383305,-0.025396542232383305,-0.0427305266073833,-0.0446836516073833,-0.0317441984823833,-0.015630917232383305,-0.012701229732383305,-0.018804745357383305,-0.018804745357383305,-0.017584042232383305,-0.010748104732383305,0.005609317142616696,0.014642520267616695,0.004876895267616696,-0.007085995357383304,-0.003423885982383304,0.008783145267616695,0.020746035892616695,0.022943301517616695,0.022943301517616695,0.019037051517616695,0.019281192142616695,0.018548770267616695,0.012689395267616695,0.013910098392616695,0.026605410892616695,0.029290957767616695,0.024164004642616695,0.018304629642616695,0.008539004642616695,0.008539004642616695,0.003167910892616696,0.013421817142616695,0.005365176517616696,-0.009771542232383305,-0.013433651607383305,-0.004888729732383304,0.0009706452676166962,0.0017030671426166962,-0.0014707609823833038,-0.016119198482383305,-0.016119198482383305,-0.021978573482383305,-0.012945370357383305,-0.0007383391073833038,0.004388614017616696,-0.008306698482383305,-0.019293026607383305,-0.012945370357383305,0.002435489017616696,0.008050723392616695,0.002923770267616696,0.0019472077676166962,0.0019472077676166962,0.011224551517616695,0.017083926517616695,0.018792910892616695,0.015130801517616695,0.011956973392616695,0.007806582767616696,0.002191348392616696,0.003656192142616696,0.016107364017616695,0.016107364017616695,0.008783145267616695,-0.003912167232383304,-0.011724667232383305,-0.014654354732383305,-0.010503964107383305,-0.0009824797323833038,0.003412051517616696,-0.006109432857383304,-0.025152401607383305,-0.0398008391073833,-0.0376035734823833,-0.0376035734823833,-0.0017149016073833038,-5.917232383303821e-06,-0.016363339107383305,-0.0356504484823833,-0.0410215422323833,-0.0371152922323833,-0.023687557857383305,-0.008794979732383305,-0.0002500578573833038,-0.0002500578573833038,-0.002935604732383304,-0.006353573482383304,0.005609317142616696,0.020746035892616695,0.027581973392616695,0.023187442142616695,0.022455020267616695,0.024408145267616695,0.021478457767616695,0.022210879642616695,0.028802676517616695,0.0346620515176167,0.0358827546426167,0.0351503327676167,0.030023379642616695,0.025872989017616695,0.024652285892616695,0.014886660892616695,-0.003668026607383304,-0.013921932857383305,-0.001959042232383304,-0.001959042232383304,0.020257754642616695,-0.0002500578573833038,-0.020513729732383305,-0.028570370357383305,-0.017584042232383305,0.007074160892616696,0.009027285892616695,-0.016119198482383305,-0.0390684172323833,-0.0390684172323833,-0.0368711516073833,-0.030767635982383305,-0.021978573482383305,-0.015630917232383305,-0.014410214107383305,-0.010503964107383305,-0.005377010982383304,-0.009283260982383305,-0.014654354732383305,-0.005377010982383304,0.006097598392616696,0.011956973392616695,0.022455020267616695,0.024896426517616695,0.010980410892616695,-0.007818417232383305,-0.011724667232383305,0.008294864017616695,0.029779239017616695,0.0405214265176167,0.0405214265176167,-0.013433651607383305,-0.025640682857383305,-0.011236385982383305,0.009515567142616695,0.014886660892616695,0.002435489017616696,-0.014166073482383305,-0.021734432857383305,-0.019048885982383305,-0.008062557857383305,-0.002203182857383304,-0.003912167232383304,-0.016607479732383305,-0.0329649016073833,-0.0366270109823833,-0.021002010982383305,-0.021002010982383305,0.006097598392616696,-0.004400448482383304,-0.014898495357383305,-0.007574276607383304,0.004144473392616696,0.010492129642616695,0.012201114017616695,0.015374942142616695,0.019281192142616695,0.026849551517616695,0.026849551517616695,0.029779239017616695,0.022455020267616695,0.021966739017616695,0.024896426517616695,0.0329530671426167,0.0407655671426167,0.0385683015176167,0.023187442142616695,0.002679629642616696,0.0012147858926166962,0.015374942142616695,0.022210879642616695,0.012201114017616695,-0.005377010982383304,-0.015875057857383305,-0.012457089107383305,-0.010992245357383305,-0.018560604732383305,-0.020757870357383305,-0.026128964107383305,-0.026128964107383305,-0.0444395109823833,-0.0373594328573833,-0.025640682857383305,-0.011724667232383305,-0.006109432857383304,-0.021002010982383305,-0.0341856047323833,-0.019048885982383305,0.010492129642616695,0.018304629642616695,0.004144473392616696,-0.004888729732383304,0.002191348392616696,0.011956973392616695,0.010980410892616695,0.0014589265176166962,-0.0009824797323833038,0.005609317142616696,0.010492129642616695,-0.001959042232383304,-0.001959042232383304,0.003900332767616696,0.017328067142616695,0.008783145267616695,-0.012457089107383305,-0.017584042232383305,-0.003912167232383304,0.011224551517616695,0.0012147858926166962,-0.023443417232383305,-0.023443417232383305,-0.024419979732383305,-0.009527401607383305,-0.002691464107383304,-0.009283260982383305,-0.026373104732383305,-0.028570370357383305,-0.010503964107383305,0.006097598392616696,0.015619082767616695,0.015374942142616695,0.009271426517616695,0.005609317142616696,0.012689395267616695,0.029535098392616695,0.0436952546426167,0.0419862702676167,0.022943301517616695,0.013177676517616695,0.017328067142616695,0.020013614017616695,0.020013614017616695,0.013665957767616695,0.011956973392616695,0.016351504642616695,0.013421817142616695,0.004876895267616696,0.002923770267616696,0.010247989017616695,0.017328067142616695,0.009759707767616695,0.009759707767616695,-0.031011776607383305,-0.030035214107383305,-0.010259823482383305,0.0019472077676166962,-0.003179745357383304,-0.017584042232383305,-0.026373104732383305,-0.027349667232383305,-0.011968807857383305,0.015130801517616695,0.027826114017616695,0.014398379642616695,-0.012212948482383305,-0.024419979732383305,-0.007574276607383304,0.017572207767616695,0.030023379642616695,0.025140567142616695,-0.002203182857383304,-0.028082089107383305,-0.028082089107383305,-0.029546932857383305,-0.010503964107383305,0.005853457767616696,-0.014410214107383305,-0.026373104732383305,-0.012945370357383305,0.008783145267616695,0.006585879642616696,-0.019537167232383305,-0.0454160734823833,-0.0476133391073833,-0.026128964107383305,-0.008306698482383305,-0.009771542232383305,-0.021978573482383305,-0.023199276607383305,-0.005132870357383304,0.019525332767616695,0.0380800202676167,0.029046817142616695,-5.917232383303821e-06,-0.017339901607383305,-0.010503964107383305,0.020990176517616695,0.0429628327676167,0.028314395267616695,0.003656192142616696,-0.006109432857383304,0.00023822339261669618,0.012933535892616695,0.019769473392616695,0.017572207767616695,0.017572207767616695,-0.011236385982383305,0.005853457767616696,0.031244082767616695,0.0351503327676167,-0.0017149016073833038,-0.0439512297323833,-0.0405332609823833,0.0009706452676166962,0.0444276765176167,0.0449159577676167,0.006585879642616696,-0.0324766203573833,-0.0339414641073833,0.008294864017616695,0.0549257233926167,0.0585878327676167,0.016839785892616695,-0.023931698482383305,-0.019293026607383305,0.019525332767616695,0.0463808015176167,0.0441835358926167,0.004388614017616696,-0.0366270109823833,-0.0429746672323833,-0.011724667232383305,0.026361270267616695,0.029535098392616695,-0.006353573482383304,-0.0478574797323833,-0.0478574797323833,-0.007085995357383304,0.012445254642616695,-0.008794979732383305,-0.0488340422323833,-0.0720274016073833,-0.0561582609823833,-0.007818417232383305,0.028314395267616695,0.010980410892616695,-0.0366270109823833,-0.0505430266073833,-0.008062557857383305,0.0400331452676167,0.0500429108926167,0.020990176517616695,-0.017584042232383305,-0.022710995357383305,0.004632754642616696,0.029779239017616695,0.020990176517616695,0.020990176517616695,-0.0380918547323833,-0.023687557857383305,0.008294864017616695,0.025140567142616695,0.013177676517616695,-0.019537167232383305,-0.0388242766073833,-0.023443417232383305,0.0014589265176166962,0.017083926517616695,0.009515567142616695,-0.017095760982383305,-0.0346738859823833,-0.030767635982383305,-0.021246151607383305,-0.011968807857383305,-0.013189510982383305,-0.025884823482383305,-0.027105526607383305,-0.0004941984823833038,-0.0004941984823833038,0.0456483796426167,0.031244082767616695,0.008050723392616695,-0.010259823482383305,-0.010748104732383305,0.005365176517616696,0.028314395267616695,0.0390565827676167,0.022943301517616695,-0.0007383391073833038,-0.011480526607383305,-0.0009824797323833038,0.014886660892616695,0.022210879642616695,0.011224551517616695,-0.007574276607383304,-0.019537167232383305,-0.020513729732383305,-0.007818417232383305,0.004632754642616696,0.011224551517616695,0.012933535892616695,0.006585879642616696,0.010492129642616695,0.024896426517616695,0.0366151765176167,0.0336854890176167,0.018792910892616695,0.005853457767616696,0.011224551517616695,0.011224551517616695,0.0400331452676167,0.023675723392616695,-0.006109432857383304,-0.023443417232383305,-0.013677792232383305,0.005853457767616696,0.012689395267616695,0.003656192142616696,-0.003912167232383304,-0.0009824797323833038,-0.005132870357383304,-0.014166073482383305,-0.011968807857383305,-0.004156307857383304,0.004876895267616696,0.007562442142616696,-0.003423885982383304,-0.016607479732383305,-0.024419979732383305,-0.027105526607383305,-0.022466854732383305,-0.018804745357383305,-0.026128964107383305,-0.0346738859823833,-0.0334531828573833,-0.013677792232383305,0.011468692142616695,0.021234317142616695,0.005853457767616696,-0.026861385982383305,-0.0449277922323833,-0.0449277922323833,0.006585879642616696,0.025628848392616695,0.015374942142616695,-0.010015682857383305,-0.022955135982383305,-0.007818417232383305,0.019037051517616695,0.0378358796426167,0.0314882233926167,0.007318301517616696,-0.012701229732383305,-0.008794979732383305,0.017816348392616695,0.0375917390176167,0.030999942142616695,-0.0002500578573833038,-0.030035214107383305,-0.022955135982383305,0.011224551517616695,0.0349061921426167,0.030511660892616695,0.002191348392616696,-0.021734432857383305,-0.018560604732383305,0.0017030671426166962,0.017328067142616695,0.017572207767616695,-0.0009824797323833038,-0.018316464107383305,-0.019781307857383305,-0.009527401607383305,0.008050723392616695,0.012933535892616695,-0.003179745357383304,-0.018316464107383305,-0.017339901607383305,0.002191348392616696,0.019525332767616695,0.012933535892616695,-0.006353573482383304,-0.015386776607383305,-0.006109432857383304,0.014398379642616695,0.027581973392616695,0.017572207767616695,-0.005132870357383304,-0.012945370357383305,-0.0009824797323833038,0.014398379642616695,0.023431582767616695,0.020013614017616695,0.005365176517616696,-0.007330135982383304,-0.010259823482383305,-5.917232383303821e-06,0.014886660892616695,0.013910098392616695,-0.002203182857383304,-0.014166073482383305,-0.013677792232383305,-0.002691464107383304,0.006341739017616696,-0.0004941984823833038,-0.013433651607383305,-0.019293026607383305,-0.018560604732383305,-0.010259823482383305,-5.917232383303821e-06,0.0014589265176166962,-0.002691464107383304,-0.009771542232383305,-0.015875057857383305,-0.015875057857383305,-0.013433651607383305,-0.005377010982383304,0.0017030671426166962,0.0007265046426166962,-0.003179745357383304,-0.007330135982383304,-0.009283260982383305,-0.008550839107383305,-0.006353573482383304,-5.917232383303821e-06,0.002679629642616696,-0.0007383391073833038,-0.0014707609823833038,-0.002203182857383304,-0.0014707609823833038,0.007318301517616696,0.008294864017616695,-0.0002500578573833038,-0.0014707609823833038,0.00023822339261669618,0.003900332767616696,0.007318301517616696,0.008294864017616695,0.008294864017616695,0.0019472077676166962,-0.0012266203573833038,0.007318301517616696,0.013910098392616695,0.002435489017616696,-0.025396542232383305,-0.0393125578573833,-0.017095760982383305,0.015130801517616695,0.0344179108926167,0.028802676517616695,0.011224551517616695,0.018792910892616695,0.0539491608926167,0.0800722077676167,0.0632265046426167,0.023675723392616695,0.003656192142616696,0.019525332767616695,0.0507753327676167,0.0585878327676167,0.0336854890176167,-0.001959042232383304,-0.024908260982383305,-0.024908260982383305,-0.010748104732383305,0.002435489017616696,-0.006353573482383304,-0.0317441984823833,-0.0515195891073833,-0.0507871672323833,-0.022955135982383305,-0.002691464107383304,-0.016363339107383305,-0.0500547453573833,-0.0649473234823833,-0.0434629484823833,-0.007085995357383304,0.015374942142616695,0.008050723392616695,-0.021246151607383305,-0.0471250578573833,-0.0520078703573833,-0.0388242766073833,-0.013921932857383305,-0.0014707609823833038,-0.015875057857383305,-0.0339414641073833,-0.0398008391073833,-0.0336973234823833,-0.021978573482383305,-0.018560604732383305,-0.014898495357383305,-0.007574276607383304,-0.009771542232383305,-0.021978573482383305,-0.0358945891073833,-0.0322324797323833,-0.003423885982383304,0.024896426517616695,0.030023379642616695,0.013177676517616695,-0.010015682857383305,-0.012701229732383305,0.010247989017616695,0.0317323640176167,0.030755801517616695,0.020501895267616695,0.023187442142616695,0.0410097077676167,0.0524843171426167,0.0397890046426167,0.019525332767616695,0.011712832767616695,0.020746035892616695,0.029779239017616695,0.028314395267616695,0.017816348392616695,0.007318301517616696,-0.0002500578573833038,-0.008794979732383305,-0.012457089107383305,0.0004823640176166962,0.015863223392616695,0.021722598392616695,0.025384707767616695,0.027093692142616695,0.028558535892616695,0.030511660892616695,0.031244082767616695,0.028558535892616695,0.0336854890176167,0.0456483796426167,0.0505311921426167,0.0451600983926167,0.0346620515176167,0.027826114017616695,0.028070254642616695,0.026849551517616695,0.022455020267616695,0.003167910892616696,-0.023931698482383305,-0.0329649016073833,-0.023931698482383305,-0.022466854732383305,-0.0334531828573833,-0.0412656828573833,-0.0449277922323833,-0.029302792232383305,-0.002691464107383304,0.013177676517616695,0.010003848392616695,0.00023822339261669618,-0.006353573482383304,-0.013921932857383305,0.018304629642616695,0.0551698640176167,0.0712831452676167,0.0559022858926167,0.026361270267616695,0.012445254642616695,0.010736270267616695,-0.019537167232383305,-0.0803281828573833,7.831128324169724e-05,7.831128324169724e-05,7.831128324169724e-05,-0.0507871672323833,-0.0461484953573833,-0.0766660734823833,7.831128324169724e-05,7.831128324169724e-05,-0.0419981047323833,0.016595645267616695,0.0371034577676167,0.030755801517616695,0.020013614017616695,0.0331972077676167,0.0678651765176167,0.0732362702676167,0.0397890046426167,-0.007818417232383305,-0.019293026607383305,0.017083926517616695,0.0576112702676167,0.0612733796426167,0.007318301517616696,-0.0620176359823833,7.831128324169724e-05,-0.0649473234823833,-0.007574276607383304,0.030999942142616695,0.0397890046426167,0.024164004642616695,0.005121035892616696,-0.003423885982383304,0.012933535892616695,0.0434511140176167,0.0703065827676167,0.0690858796426167,0.0598085358926167,0.0551698640176167,0.0427186921426167,0.018304629642616695,-0.021490292232383305,-0.0481016203573833,-0.0432188078573833,-0.011724667232383305,0.0004823640176166962,-0.014166073482383305,-0.0361387297323833,-0.0498106047323833,-0.0495664641073833,-0.026373104732383305,0.009027285892616695,0.029779239017616695,0.021722598392616695,-0.009527401607383305,-0.022222714107383305,-0.0002500578573833038,0.030023379642616695,0.0368593171426167,0.004388614017616696,-0.0351621672323833,-0.0373594328573833,-0.009039120357383305,0.008539004642616695,-0.011480526607383305,-0.0446836516073833,-0.0581113859823833,-0.0585996672323833,-0.0615293547323833,-0.0566465422323833,-0.0341856047323833,0.0012147858926166962,0.021722598392616695,-0.003179745357383304,-0.0444395109823833,-0.0405332609823833,0.0007265046426166962,0.0336854890176167,0.0402772858926167,0.0317323640176167,0.030755801517616695,0.0363710358926167,0.0375917390176167,0.028558535892616695,0.012689395267616695,0.005853457767616696,0.021966739017616695,0.027337832767616695,0.003656192142616696,-0.013189510982383305,0.00023822339261669618,-0.011968807857383305,-0.0410215422323833,-0.0546934172323833,-0.0378477141073833,0.008539004642616695,0.0373475983926167,0.015619082767616695,-0.019293026607383305,-0.013189510982383305,0.023919864017616695,0.0378358796426167,0.028070254642616695,0.017816348392616695,0.027093692142616695,0.0405214265176167,0.0390565827676167,0.027826114017616695,0.021966739017616695,0.019037051517616695,0.011956973392616695,0.002923770267616696,0.005609317142616696,0.018548770267616695,0.010492129642616695,-0.0344297453573833,-0.0727598234823833,-0.0612852141073833,-0.014654354732383305,0.024164004642616695,0.020013614017616695,-0.014654354732383305,-0.027349667232383305,-0.006353573482383304,0.020013614017616695,0.0368593171426167,0.0366151765176167,0.018304629642616695,0.0012147858926166962,0.009271426517616695,0.0373475983926167,0.0549257233926167,0.0534608796426167,0.0397890046426167,0.019525332767616695,0.013910098392616695,0.024408145267616695,0.025140567142616695,0.003412051517616696,-0.029058651607383305,-0.0390684172323833,-0.029791073482383305,-0.013677792232383305,-0.009283260982383305,-0.029058651607383305,-0.0520078703573833,-0.0461484953573833,-0.018072323482383305,0.003900332767616696,0.006341739017616696,-0.004400448482383304,-0.013677792232383305,-0.018560604732383305,-0.013189510982383305,-0.005377010982383304,0.007074160892616696,0.024164004642616695,0.030267520267616695,0.025140567142616695,0.021722598392616695,0.014154239017616695,0.003412051517616696,0.005609317142616696,0.009515567142616695,-0.004888729732383304,-0.025884823482383305,-0.0459043547323833,-0.0502988859823833,-0.0371152922323833,-0.0327207609823833,-0.0456602141073833,-0.0710508391073833,-0.0771543547323833,-0.0507871672323833,-0.017828182857383305,-0.0004941984823833038,-0.007085995357383304,-0.019048885982383305,-0.017339901607383305,0.00023822339261669618,0.007074160892616696,-0.002935604732383304,-0.009771542232383305,0.003900332767616696,0.0429628327676167,0.0703065827676167,0.0620058015176167,0.024164004642616695,-0.010503964107383305,0.005853457767616696,0.0483339265176167,0.0659120515176167,0.0397890046426167,-0.006353573482383304,-0.029791073482383305,-0.015386776607383305,0.009027285892616695,0.011224551517616695,-0.0366270109823833,-0.0366270109823833,-0.0437070891073833,-0.0329649016073833,-0.014166073482383305,0.006585879642616696,0.019037051517616695,0.005121035892616696,-0.022222714107383305,-0.0329649016073833,-0.010503964107383305,0.030267520267616695,0.0483339265176167,0.027581973392616695,-0.008306698482383305,-0.020269589107383305,0.013421817142616695,0.0522401765176167,0.0529725983926167,0.026849551517616695,0.017328067142616695,0.026605410892616695,0.0356386140176167,0.013665957767616695,-0.024175839107383305,-0.0366270109823833,-0.012701229732383305,0.016839785892616695,0.011468692142616695,-0.026617245357383305,-0.0578672453573833,-0.0551816984823833,-0.0336973234823833,-0.019293026607383305,-0.013921932857383305,-0.014410214107383305,-0.018316464107383305,-0.016607479732383305,-0.012212948482383305,-0.004888729732383304,0.003656192142616696,0.009271426517616695,0.005853457767616696,0.003900332767616696,0.016595645267616695,0.0319765046426167,0.0339296296426167,0.020501895267616695,0.008539004642616695,0.020746035892616695,0.0529725983926167,0.0598085358926167,0.0358827546426167,0.018548770267616695,0.005365176517616696,-0.0004941984823833038,0.0019472077676166962,0.003167910892616696,-0.005865292232383304,-0.013677792232383305,-0.020269589107383305,-0.026617245357383305,-0.025396542232383305,-0.018316464107383305,-0.019048885982383305,-0.0341856047323833,-0.0407774016073833,-0.0358945891073833,-0.021978573482383305,-0.010992245357383305,-0.013433651607383305,-0.022466854732383305,-0.019781307857383305,-0.010992245357383305,-0.0004941984823833038,0.012201114017616695,0.015130801517616695,0.008050723392616695,-0.004400448482383304,-0.010503964107383305,0.006585879642616696,0.029046817142616695,0.0380800202676167,0.025140567142616695,0.003656192142616696,-0.003912167232383304,0.007074160892616696,0.023675723392616695,0.0322206452676167,0.027826114017616695,0.011956973392616695,-0.003423885982383304,-0.014166073482383305,-0.014410214107383305,-0.005865292232383304,0.003900332767616696,-0.003912167232383304,-0.022466854732383305,-0.018560604732383305,-0.008306698482383305,-0.002203182857383304,-0.005377010982383304,-0.021002010982383305,-0.0341856047323833,-0.022466854732383305,0.002679629642616696,0.008783145267616695,0.004632754642616696,-0.0002500578573833038,0.00023822339261669618,0.003412051517616696,0.005121035892616696,-0.004400448482383304,-0.002935604732383304,0.011224551517616695,0.019281192142616695,0.014154239017616695,-0.0017149016073833038,-0.006109432857383304,0.004632754642616696,0.022699160892616695,0.0344179108926167,0.028802676517616695,0.007806582767616696,-0.009527401607383305,-0.013921932857383305,0.003656192142616696,0.024652285892616695,0.025628848392616695,0.003900332767616696,-0.027105526607383305,-0.0336973234823833,-0.017584042232383305,-0.002203182857383304,-0.002935604732383304,-0.017828182857383305,-0.0315000578573833,-0.0315000578573833,-0.020025448482383305,-0.011724667232383305,-0.010992245357383305,-0.015142635982383305,-0.023931698482383305,-0.022710995357383305,-0.009771542232383305,0.008294864017616695,0.019281192142616695,0.007074160892616696,-0.015386776607383305,-0.023199276607383305,0.005609317142616696,0.0405214265176167,0.0371034577676167,0.005121035892616696,-0.018316464107383305,-0.008794979732383305,0.017328067142616695,0.0385683015176167,0.0397890046426167,0.0344179108926167,0.028558535892616695,0.022455020267616695,0.017083926517616695,0.0009706452676166962,-5.917232383303821e-06,0.022210879642616695,0.0356386140176167,0.014398379642616695,-0.010503964107383305,-0.012457089107383305,-0.003912167232383304,-0.0007383391073833038,-0.005132870357383304,-0.010748104732383305,-0.014898495357383305,-0.014898495357383305,-0.018560604732383305,-0.025884823482383305,-0.021002010982383305,-0.013433651607383305,-0.016119198482383305,-0.027349667232383305,-0.0341856047323833,-0.027349667232383305,-0.012701229732383305,-0.005132870357383304,-0.008550839107383305,-0.004888729732383304,0.007318301517616696,0.019769473392616695,0.021234317142616695,0.009027285892616695,0.002923770267616696,0.013665957767616695,0.0375917390176167,0.0507753327676167,0.0373475983926167,0.013665957767616695,0.005365176517616696,0.009271426517616695,0.011712832767616695,0.019525332767616695,0.0319765046426167,0.0446718171426167,0.0393007233926167,0.014642520267616695,-0.017828182857383305,-0.0319883391073833,-0.012212948482383305,0.020746035892616695,0.030755801517616695,0.003656192142616696,-0.0388242766073833,-0.0627500578573833,-0.0468809172323833,-0.009527401607383305,0.016107364017616695,0.005121035892616696,-0.030767635982383305,-0.0588438078573833,-0.0527402922323833,-0.015630917232383305,0.011956973392616695,0.006097598392616696,-0.023199276607383305,-0.0524961516073833,-0.0581113859823833,-0.027349667232383305,0.012445254642616695,0.024164004642616695,0.007074160892616696,-0.014410214107383305,-0.019048885982383305,-0.005621151607383304,0.010736270267616695,0.020013614017616695,0.028070254642616695,0.027093692142616695,0.017328067142616695,0.007562442142616696,0.005121035892616696,0.013910098392616695,0.021234317142616695,0.020501895267616695,0.015130801517616695,0.009271426517616695,0.005365176517616696,-0.0004941984823833038,-0.006597714107383304,0.0017030671426166962,0.011468692142616695,0.010003848392616695,0.0012147858926166962,-0.003668026607383304,-0.008062557857383305,-0.008062557857383305,0.007806582767616696,0.022699160892616695,0.021722598392616695,0.005609317142616696,-0.005865292232383304,-0.005132870357383304,0.005853457767616696,0.016107364017616695,0.014398379642616695,0.0012147858926166962,-0.012457089107383305,-0.015875057857383305,-0.007330135982383304,0.004876895267616696,0.013910098392616695,0.008783145267616695,-0.011724667232383305,-0.0317441984823833,-0.0429746672323833,-0.026861385982383305,0.005609317142616696,0.027826114017616695,0.017572207767616695,-0.021246151607383305,-0.0456602141073833,-0.027105526607383305,0.005365176517616696,0.023187442142616695,0.020501895267616695,0.002923770267616696,-0.003912167232383304,-0.003423885982383304,-0.002935604732383304,0.0009706452676166962,0.009271426517616695,0.010003848392616695,0.006341739017616696,0.008783145267616695,0.006585879642616696,0.0004823640176166962,0.005609317142616696,0.017572207767616695,0.022210879642616695,0.013421817142616695,0.002679629642616696,-0.0012266203573833038,0.003656192142616696,0.012689395267616695,0.016839785892616695,0.012201114017616695,-0.010503964107383305,-0.010503964107383305,-0.0009824797323833038,0.013665957767616695,0.019525332767616695,0.011468692142616695,-0.003668026607383304,-0.012701229732383305,-0.015875057857383305,-0.005865292232383304,0.011956973392616695,0.016839785892616695,-0.005377010982383304,-0.029058651607383305,-0.027837948482383305,-0.013189510982383305,-0.009283260982383305,-0.011236385982383305,-0.009771542232383305,-0.010503964107383305,-0.016363339107383305,-0.022710995357383305,-0.024908260982383305,-0.019537167232383305,-0.010259823482383305,-0.005132870357383304,-0.0017149016073833038,-0.008306698482383305,-0.017339901607383305,-0.018560604732383305,-0.003912167232383304,0.009759707767616695,0.007074160892616696,-5.917232383303821e-06,-0.003668026607383304,-0.0012266203573833038,0.006097598392616696,0.013910098392616695,0.009515567142616695,0.003656192142616696,0.008539004642616695,0.022455020267616695,0.0329530671426167,0.028070254642616695,0.009027285892616695,-0.007818417232383305,-0.008550839107383305,0.015130801517616695,0.0500429108926167,0.0483339265176167,0.008294864017616695,-0.024419979732383305,-0.017339901607383305,0.013910098392616695,0.026849551517616695,0.013665957767616695,-0.005377010982383304,-0.015386776607383305,-0.014898495357383305,0.0014589265176166962,0.017572207767616695,0.012689395267616695,-0.010992245357383305,-0.026617245357383305,0.003412051517616696,0.003412051517616696,0.019525332767616695,0.021234317142616695,0.003656192142616696,-0.020025448482383305,-0.017095760982383305,0.011712832767616695,0.0317323640176167,0.024408145267616695,-0.003668026607383304,-0.028814510982383305,-0.024175839107383305,0.007562442142616696,0.025872989017616695,0.010003848392616695,-0.020269589107383305,-0.023443417232383305,-0.003912167232383304,0.009515567142616695,0.010247989017616695,0.002191348392616696,-0.016119198482383305,-0.030523495357383305,-0.021002010982383305,0.006341739017616696,0.014642520267616695,-0.006597714107383304,-0.027593807857383305,-0.026128964107383305,-0.005621151607383304,0.005609317142616696,-0.0009824797323833038,-0.021490292232383305,-0.0327207609823833,-0.009283260982383305,0.025140567142616695,0.029290957767616695,-0.004400448482383304,-0.0371152922323833,-0.0339414641073833,-0.005621151607383304,0.028558535892616695,0.0439393952676167,0.021234317142616695,-0.020269589107383305,-0.0378477141073833,-0.010503964107383305,0.025384707767616695,0.0380800202676167,0.021234317142616695,-0.010503964107383305,-0.024175839107383305,-0.007574276607383304,0.023675723392616695,0.030267520267616695,0.013177676517616695,-0.002935604732383304,-0.009283260982383305,-0.0017149016073833038,0.012201114017616695,0.028802676517616695,0.020746035892616695,-0.006841854732383304,-0.014654354732383305,0.0017030671426166962,0.023919864017616695,0.022943301517616695,-0.0002500578573833038,-0.021734432857383305,-0.019293026607383305,0.006341739017616696,0.027581973392616695,-0.012701229732383305,-0.012701229732383305,-0.021002010982383305,-0.005621151607383304,0.012445254642616695,0.028070254642616695,0.019769473392616695,-0.009771542232383305,-0.024908260982383305,-0.011724667232383305,0.015619082767616695,0.030999942142616695,0.017816348392616695,-0.013189510982383305,-0.0312559172323833,-0.017095760982383305,0.021722598392616695,0.0353944733926167,0.012689395267616695,-0.017828182857383305,-0.027837948482383305,-0.014654354732383305,0.011468692142616695,0.029779239017616695,0.008539004642616695,-0.028814510982383305,-0.0402891203573833,-0.014410214107383305,0.024164004642616695,0.030511660892616695,-0.002447323482383304,-0.0400449797323833,-0.006841854732383304,-0.006841854732383304,0.030511660892616695,0.020746035892616695,-0.026617245357383305,-0.0544492766073833,-0.0332090422323833,0.010003848392616695,0.0361268952676167,0.022210879642616695,-0.021978573482383305,-0.0468809172323833,-0.023687557857383305,0.0500429108926167,0.0500429108926167,0.0329530671426167,-0.014898495357383305,-0.0441953703573833,-0.023199276607383305,0.030267520267616695,0.0554140046426167,0.027826114017616695,-0.016119198482383305,-0.0376035734823833,-0.013921932857383305,0.029046817142616695,0.0446718171426167,0.008050723392616695,-0.0373594328573833,-0.0371152922323833,0.004632754642616696,0.0429628327676167,0.0346620515176167,-0.012945370357383305,-0.0488340422323833,-0.026861385982383305,0.026605410892616695,0.0488222077676167,0.019037051517616695,-0.023199276607383305,-0.0344297453573833,-0.006353573482383304,0.0390565827676167,0.0493104890176167,0.014398379642616695,-0.021734432857383305,-0.020513729732383305,0.011224551517616695,0.0353944733926167,0.0324647858926167,-0.0009824797323833038,-0.027837948482383305,-0.019293026607383305,0.016107364017616695,0.0400331452676167,0.028070254642616695,-0.003179745357383304,-0.025396542232383305,0.018060489017616695,0.018060489017616695,0.0368593171426167,0.004876895267616696,-0.0385801359823833,-0.0366270109823833,-0.0002500578573833038,0.027337832767616695,0.012933535892616695,-0.026617245357383305,-0.0463926359823833,-0.018316464107383305,0.022210879642616695,0.023919864017616695,-0.008550839107383305,-0.0361387297323833,-0.028326229732383305,0.00023822339261669618,0.028558535892616695,0.028558535892616695,-0.0014707609823833038,-0.019781307857383305,-0.019781307857383305,0.009271426517616695,0.0329530671426167,0.025384707767616695,-0.007818417232383305,-0.0315000578573833,-0.020269589107383305,0.013665957767616695,0.024896426517616695,-0.011480526607383305,-0.011480526607383305,-0.020269589107383305,-0.009283260982383305,0.016839785892616695,0.020013614017616695,-0.010259823482383305,-0.0322324797323833,-0.011480526607383305,0.030267520267616695,0.0449159577676167,-0.0336973234823833,-0.0336973234823833,-0.0459043547323833,-0.005865292232383304,0.0473573640176167,0.0590761140176167,0.010980410892616695,-0.0468809172323833,-0.0590879484823833,-0.018316464107383305,0.0476015046426167,0.0476015046426167,0.002923770267616696,-0.0561582609823833,-0.0673887297323833,-0.018804745357383305,0.0451600983926167,0.0703065827676167,0.0324647858926167,-0.019537167232383305,-0.0344297453573833,0.00023822339261669618,0.0519960358926167,0.0639589265176167,0.031244082767616695,-0.007085995357383304,-0.008794979732383305,0.027581973392616695,0.0642030671426167,0.0690858796426167,0.0395448640176167,-0.011236385982383305,-0.011236385982383305,0.013665957767616695,0.0407655671426167,0.0422304108926167,0.018548770267616695,-0.008306698482383305,-0.014166073482383305,-0.0002500578573833038,0.017328067142616695,0.017572207767616695,-0.007085995357383304,-0.026373104732383305,-0.021490292232383305,-0.003912167232383304,0.005365176517616696,0.004876895267616696,-0.005132870357383304,-0.017584042232383305,-0.015142635982383305,-0.003668026607383304,0.004632754642616696,0.004632754642616696,-0.0012266203573833038,-0.014166073482383305,-0.019048885982383305,-0.008550839107383305,0.007074160892616696,0.009759707767616695,-0.006353573482383304,-0.019781307857383305,-0.013677792232383305,-0.005377010982383304,-0.007085995357383304,-0.016119198482383305,-0.025884823482383305,-0.028082089107383305,-0.025152401607383305,-0.019537167232383305,-0.021490292232383305,-0.028814510982383305,-0.0322324797323833,-0.0383359953573833,-0.0383359953573833,-0.030523495357383305,-0.025640682857383305,-0.027837948482383305,-0.0329649016073833,-0.0322324797323833,-0.020513729732383305,-0.009771542232383305,-0.004888729732383304,-0.011724667232383305,-0.028326229732383305,-0.028326229732383305,-0.024908260982383305,-0.017828182857383305,-0.013921932857383305,-0.005132870357383304,-0.004156307857383304,-0.004644589107383304,-0.006597714107383304,-0.013433651607383305,-0.006841854732383304,-0.006841854732383304,-0.0002500578573833038,0.0019472077676166962,0.0009706452676166962,-0.0017149016073833038,-0.009527401607383305,-0.011236385982383305,-0.007085995357383304,0.0014589265176166962,0.008783145267616695,0.010980410892616695,0.009271426517616695,0.010492129642616695,0.006341739017616696,-0.018072323482383305,-0.0376035734823833,-0.0373594328573833,-0.030035214107383305,-0.022222714107383305,-0.020025448482383305,-0.023687557857383305,-0.016851620357383305,-0.016851620357383305,-0.002691464107383304,0.0004823640176166962,0.002191348392616696,0.018304629642616695,0.0366151765176167,0.0371034577676167,0.027337832767616695,0.016839785892616695,0.018060489017616695,0.018060489017616695,0.0334413483926167,0.0314882233926167,0.019281192142616695,0.008294864017616695,0.0017030671426166962,0.007074160892616696,0.017328067142616695,0.028558535892616695,0.0358827546426167,0.005121035892616696,0.005121035892616696,-0.019048885982383305,-0.016607479732383305,0.008783145267616695,0.026361270267616695,0.021966739017616695,0.0007265046426166962,-0.019537167232383305,-0.017095760982383305,0.029779239017616695,0.029779239017616695,0.0380800202676167,0.027337832767616695,0.014642520267616695,0.014154239017616695,0.024164004642616695,0.030999942142616695,0.028558535892616695,0.020746035892616695,0.022699160892616695,0.0329530671426167,0.0329530671426167,0.025872989017616695,0.004876895267616696,-0.014166073482383305,-0.011236385982383305,0.012689395267616695,0.0331972077676167,0.027337832767616695,-0.003912167232383304,-0.0334531828573833,-0.0334531828573833,-0.005865292232383304,0.0319765046426167,0.0434511140176167,0.012201114017616695,-0.026617245357383305,-0.0407774016073833,-0.019293026607383305,0.019281192142616695,0.0422304108926167,0.030023379642616695,-0.002691464107383304,-0.027593807857383305,-0.024908260982383305,0.003412051517616696,0.028558535892616695,0.027826114017616695,0.003412051517616696,-0.017828182857383305,-0.023443417232383305,0.008539004642616695,0.008539004642616695,0.012933535892616695,0.00023822339261669618,-0.013921932857383305,-0.017584042232383305,-0.011724667232383305,-0.003912167232383304,-0.008062557857383305,-0.016119198482383305,-0.019537167232383305,-0.019537167232383305,-0.012945370357383305,-0.009771542232383305,-0.014410214107383305,-0.022466854732383305,-0.028082089107383305,-0.021978573482383305,-0.0014707609823833038,0.017816348392616695,0.019769473392616695,-0.013189510982383305,-0.013189510982383305,-0.011236385982383305,0.004876895267616696,0.020501895267616695,0.023919864017616695,0.013665957767616695,0.0019472077676166962,0.004144473392616696,0.013421817142616695,0.024164004642616695,0.024164004642616695,0.023187442142616695,0.015863223392616695,0.005609317142616696,0.0012147858926166962,0.0014589265176166962,0.006341739017616696,0.011224551517616695,0.009515567142616695,0.007318301517616696,0.004876895267616696,0.004876895267616696,-0.007085995357383304,-0.023687557857383305,-0.016363339107383305,0.003412051517616696,0.008050723392616695,-0.008306698482383305,-0.0329649016073833,-0.0454160734823833,-0.023199276607383305,-0.016607479732383305,-0.016607479732383305,-0.021978573482383305,-0.0354063078573833,-0.0495664641073833,-0.0537168547323833,-0.0468809172323833,-0.026128964107383305,-0.004156307857383304,-0.007330135982383304,-0.0454160734823833,-0.0454160734823833,-0.0390684172323833,-0.018804745357383305,-0.001959042232383304,0.006097598392616696,0.0017030671426166962,-0.005865292232383304,-0.004400448482383304,0.003412051517616696,0.013421817142616695,0.024896426517616695,0.024896426517616695,0.019525332767616695,0.015619082767616695,0.019525332767616695,0.0319765046426167,0.0336854890176167,0.014154239017616695,-0.007574276607383304,-0.010748104732383305,0.012933535892616695,0.012933535892616695,-0.0014707609823833038,-0.026861385982383305,-0.0415098234823833,-0.0427305266073833,-0.0427305266073833,-0.0439512297323833,-0.0463926359823833,-0.0315000578573833,0.025384707767616695,0.025384707767616695,0.0324647858926167,0.010247989017616695,-0.015386776607383305,-0.017339901607383305,0.008050723392616695,0.0407655671426167,0.0615175202676167,0.0529725983926167,0.030511660892616695,0.027093692142616695,0.027093692142616695,0.0537050202676167,0.0795839265176167,0.0851991608926167,0.0766542390176167,0.0654237702676167,0.0480897858926167,0.022455020267616695,-0.0004941984823833038,0.027337832767616695,0.027337832767616695,0.0327089265176167,0.004388614017616696,-0.028814510982383305,-0.0444395109823833,-0.0439512297323833,-0.030279354732383305,-0.025884823482383305,-0.026617245357383305,-0.024419979732383305,-0.024419979732383305,-0.030523495357383305,-0.0322324797323833,-0.021978573482383305,-0.002935604732383304,0.00023822339261669618,-0.010259823482383305,-0.013677792232383305,-0.002203182857383304,0.019525332767616695,0.0375917390176167,0.0375917390176167,0.029535098392616695,0.026605410892616695,0.0334413483926167,0.0505311921426167,0.0659120515176167,0.0610292390176167,0.0349061921426167,0.009515567142616695,-0.002935604732383304,-0.002935604732383304,0.0004823640176166962,-0.012701229732383305,-0.0378477141073833,-0.0546934172323833,-0.0561582609823833,-0.0556699797323833,-0.0649473234823833,-0.0778867766073833,-0.0537168547323833,-0.0446836516073833,-0.0446836516073833,-0.0539609953573833,-0.0546934172323833,-0.0315000578573833,-0.007574276607383304,-0.015142635982383305,-0.0402891203573833,-0.0358945891073833,-0.0007383391073833038,0.0446718171426167,0.0446718171426167,0.0339296296426167,0.024164004642616695,0.030511660892616695,0.0432069733926167,0.0585878327676167,0.0593202546426167,0.0500429108926167,0.0461366608926167,0.0017030671426166962,0.0017030671426166962,-0.024664120357383305,-0.0368711516073833,-0.0390684172323833,-0.024175839107383305,-0.010259823482383305,-0.022466854732383305,-0.0498106047323833,-0.0695859953573833,-0.0322324797323833,-0.016119198482383305,-0.016119198482383305,-0.019293026607383305,-0.029791073482383305,-0.030279354732383305,-0.007574276607383304,0.022455020267616695,0.023187442142616695,-0.0009824797323833038,-0.005377010982383304,0.0478456452676167,0.0478456452676167,0.0756776765176167,0.0734804108926167,0.0583436921426167,0.0578554108926167,0.0685975983926167,0.0795839265176167,0.0761659577676167,0.0549257233926167,0.025140567142616695,0.025140567142616695,0.013910098392616695,-0.006353573482383304,-0.021490292232383305,-0.0317441984823833,-0.0378477141073833,-0.0422422453573833,-0.0429746672323833,-0.0583555266073833,-0.0686094328573833,-0.0490781828573833,-0.0490781828573833,-0.0481016203573833,-0.0600645109823833,-0.0600645109823833,-0.0385801359823833,-0.005865292232383304,0.007806582767616696,-0.008550839107383305,-0.028326229732383305,0.008783145267616695,0.008783145267616695,0.0400331452676167,0.0566347077676167,0.0539491608926167,0.0400331452676167,0.0441835358926167,0.0629823640176167,0.0773866608926167,0.0749452546426167,0.0493104890176167,0.015619082767616695,0.015619082767616695,0.020257754642616695,0.006830020267616696,-0.018072323482383305,-0.0410215422323833,-0.0485899016073833,-0.0471250578573833,-0.0419981047323833,-0.0495664641073833,-0.0644590422323833,-0.0644590422323833,-0.0578672453573833,-0.0551816984823833,-0.0476133391073833,-0.030279354732383305,-0.010503964107383305,0.0017030671426166962,0.003412051517616696,0.002923770267616696,-0.003912167232383304,0.012445254642616695,0.012445254642616695,0.0422304108926167,0.0671327546426167,0.0771425202676167,0.0612733796426167,0.0502870515176167,0.0673768952676167,0.0866640046426167,0.0849550202676167,0.023919864017616695,0.020257754642616695,0.020257754642616695,0.0388124421426167,0.0395448640176167,0.003412051517616696,-0.0322324797323833,-0.0483457609823833,-0.0339414641073833,-0.007330135982383304,-0.027837948482383305,-0.0822813078573833,-0.0822813078573833,-0.0708066984823833,-0.0327207609823833,-0.007818417232383305,-0.029302792232383305,-0.0615293547323833,-0.0561582609823833,-0.017584042232383305,0.020257754642616695,0.007562442142616696,-0.017095760982383305,-0.017095760982383305,-0.005132870357383304,0.0361268952676167,0.0685975983926167,0.0698183015176167,0.0488222077676167,0.031244082767616695,0.0344179108926167,0.0642030671426167,0.0493104890176167,0.0493104890176167,0.021234317142616695,0.010003848392616695,0.019769473392616695,0.0012147858926166962,-0.0317441984823833,-0.0524961516073833,-0.0551816984823833,-0.0410215422323833,-0.0656797453573833,-0.0656797453573833,-0.0747129484823833,-0.0820371672323833,-0.0710508391073833,-0.0505430266073833,-0.0502988859823833,-0.0617734953573833,-0.0561582609823833,-0.030279354732383305,-0.011968807857383305,-0.007818417232383305,-0.002691464107383304,-0.011480526607383305,0.015863223392616695,0.015863223392616695,0.0441835358926167,0.0600526765176167,0.0512636140176167,0.0400331452676167,0.0446718171426167,0.0678651765176167,0.0839784577676167,0.0725038483926167,0.0388124421426167,0.015619082767616695,0.030023379642616695,0.014642520267616695,0.014642520267616695,-0.015142635982383305,-0.0437070891073833,-0.0463926359823833,-0.025640682857383305,-0.013677792232383305,-0.029546932857383305,-0.0622617766073833,-0.0805723234823833,-0.0385801359823833,-0.0385801359823833,-0.030767635982383305,-0.025396542232383305,-0.027105526607383305,-0.017339901607383305,-0.003668026607383304,-0.0007383391073833038,0.009759707767616695,0.026117129642616695,0.029779239017616695,0.0339296296426167,0.0339296296426167,0.0622499421426167,0.0859315827676167,0.0834901765176167,0.0668886140176167,0.0490663483926167,0.0524843171426167,0.0756776765176167,0.0842225983926167,0.0341737702676167,0.016351504642616695,0.016351504642616695,-0.002935604732383304,-0.016119198482383305,-0.029302792232383305,-0.024664120357383305,-0.017584042232383305,-0.0454160734823833,-0.0815488859823833,-0.0544492766073833,-0.0329649016073833,-0.0329649016073833,-0.0463926359823833,-0.0842344328573833,7.831128324169724e-05,-0.0527402922323833,0.013177676517616695,0.030755801517616695,-0.009771542232383305,-0.0485899016073833,-0.002691464107383304,-0.002691464107383304,0.0317323640176167,0.0436952546426167,0.0446718171426167,0.0490663483926167,0.0493104890176167,0.0515077546426167,0.0524843171426167,0.0554140046426167,0.0551698640176167,0.0551698640176167,0.029046817142616695,0.013421817142616695,0.016595645267616695,0.024896426517616695,0.005365176517616696,-0.023443417232383305,-0.0424863859823833,-0.0461484953573833,-0.026373104732383305,-0.0463926359823833,-0.0463926359823833,-0.0705625578573833,-0.0815488859823833,-0.0690977141073833,-0.0336973234823833,-0.026617245357383305,-0.0393125578573833,-0.0576231047323833,-0.0537168547323833,0.018060489017616695,0.018060489017616695,0.030999942142616695,0.014398379642616695,-0.020269589107383305,-0.030035214107383305,0.017816348392616695,0.0786073640176167,7.831128324169724e-05,0.0546815827676167,0.024896426517616695,0.0605409577676167,0.0605409577676167,0.0871522858926167,0.0764100983926167,0.0358827546426167,0.008294864017616695,0.022943301517616695,0.026605410892616695,0.007806582767616696,-0.029302792232383305,-0.0542051359823833,-0.023443417232383305,-0.024664120357383305,-0.024664120357383305,-0.0434629484823833,-0.0661680266073833,-0.0808164641073833,-0.0710508391073833,-0.0566465422323833,-0.0444395109823833,-0.0390684172323833,-0.012212948482383305,-0.010748104732383305,-0.010748104732383305,-0.007574276607383304,0.003900332767616696,0.005853457767616696,0.004632754642616696,0.009759707767616695,0.0317323640176167,0.0595643952676167,0.0783632233926167,0.0532167390176167,0.0532167390176167,0.0417421296426167,0.0612733796426167,0.0864198640176167,0.0851991608926167,0.0593202546426167,0.030999942142616695,0.015863223392616695,0.005853457767616696,0.005121035892616696,-0.018072323482383305,-0.018072323482383305,-0.0422422453573833,-0.0500547453573833,-0.0502988859823833,-0.0551816984823833,-0.0683652922323833,-0.0754453703573833,-0.0786191984823833,-0.0390684172323833,-0.028082089107383305,-0.028082089107383305,-0.0322324797323833,-0.027593807857383305,-0.024664120357383305,-0.024419979732383305,-0.002203182857383304,0.015374942142616695,0.016595645267616695,0.013177676517616695,0.0314882233926167,0.0461366608926167,0.0461366608926167,0.0595643952676167,0.0605409577676167,0.0593202546426167,0.0602968171426167,0.0671327546426167,0.0607850983926167,0.0388124421426167,0.010492129642616695,0.010492129642616695,0.010492129642616695,0.005853457767616696,-0.008306698482383305,-0.018072323482383305,-0.0354063078573833,-0.0407774016073833,-0.0371152922323833,-0.0522520109823833,-0.0742246672323833,-0.0598203703573833,-0.0598203703573833,-0.0373594328573833,-0.027105526607383305,-0.0341856047323833,-0.0441953703573833,-0.0356504484823833,-0.006597714107383304,0.013665957767616695,0.004632754642616696,-0.017339901607383305,0.002191348392616696,0.002191348392616696,0.028070254642616695,0.0497987702676167,0.0490663483926167,0.0314882233926167,0.023187442142616695,0.0405214265176167,0.0681093171426167,0.0637147858926167,0.0314882233926167,0.0314882233926167,0.013421817142616695,0.019769473392616695,0.030755801517616695,0.027581973392616695,0.0004823640176166962,-0.018804745357383305,-0.023931698482383305,-0.0378477141073833,-0.0512754484823833,-0.0813047453573833,-0.0813047453573833,-0.0839902922323833,-0.0639707609823833,-0.0419981047323833,-0.0327207609823833,-0.0534727141073833,-0.0727598234823833,-0.0600645109823833,0.011224551517616695,0.021234317142616695,0.016839785892616695,0.016839785892616695,0.002435489017616696,0.0007265046426166962,0.015619082767616695,0.0324647858926167,0.0451600983926167,0.0554140046426167,0.0561464265176167,0.0646913483926167,0.0815370515176167,0.0815370515176167,0.0820253327676167,0.0712831452676167,0.0407655671426167,0.022699160892616695,0.018304629642616695,0.013910098392616695,0.010003848392616695,0.0014589265176166962,-0.030523495357383305,-0.0415098234823833,-0.0415098234823833,-0.0551816984823833,-0.0632383391073833,-0.0600645109823833,-0.0559141203573833,-0.0554258391073833,-0.0581113859823833,-0.0551816984823833,-0.0446836516073833,-0.0371152922323833,-0.0371152922323833,-0.012945370357383305,-0.0017149016073833038,-0.010748104732383305,-0.010503964107383305,0.002191348392616696,0.011712832767616695,0.016595645267616695,0.028070254642616695,0.0576112702676167,0.0566347077676167,0.0566347077676167,0.0578554108926167,0.0507753327676167,0.0444276765176167,0.0556581452676167,0.0683534577676167,0.0605409577676167,0.0400331452676167,0.008294864017616695,0.004144473392616696,0.004144473392616696,-0.005865292232383304,-0.029058651607383305,-0.0463926359823833,-0.0505430266073833,-0.0500547453573833,-0.0463926359823833,-0.0576231047323833,-0.0661680266073833,-0.0607969328573833,-0.0605527922323833,-0.0493223234823833,-0.0422422453573833,-0.030279354732383305,-0.030279354732383305,-0.012457089107383305,-0.006353573482383304,-0.015142635982383305,-0.001959042232383304,0.016351504642616695,0.012933535892616695,0.012201114017616695,0.022455020267616695,0.0483339265176167,0.0534608796426167,0.0559022858926167,0.0559022858926167,0.0593202546426167,0.0676210358926167,0.0739686921426167,0.0624940827676167,0.0375917390176167,0.026361270267616695,0.028070254642616695,0.020501895267616695,0.004632754642616696,-0.018804745357383305,-0.018804745357383305,-0.0366270109823833,-0.0366270109823833,-0.0327207609823833,-0.0398008391073833,-0.0617734953573833,-0.0786191984823833,-0.0730039641073833,-0.0329649016073833,-0.0339414641073833,-0.0532285734823833,-0.0532285734823833,-0.0661680266073833,-0.0417539641073833,0.0007265046426166962,0.028314395267616695,0.022210879642616695,-0.007330135982383304,-0.021246151607383305,0.0446718171426167,0.0788515046426167,0.0788515046426167,0.0629823640176167,0.030267520267616695,0.022210879642616695,0.0432069733926167,0.0815370515176167,7.831128324169724e-05,0.0712831452676167,0.012689395267616695,0.030511660892616695,0.030511660892616695,0.0444276765176167,0.031244082767616695,-0.0009824797323833038,-0.0324766203573833,-0.0363828703573833,-0.017584042232383305,-0.013921932857383305,-0.0444395109823833,7.831128324169724e-05,-0.0835020109823833,-0.0835020109823833,-0.0434629484823833,-0.025884823482383305,-0.0400449797323833,-0.0712949797323833,-0.0820371672323833,-0.0507871672323833,0.010980410892616695,0.025384707767616695,-0.008062557857383305,-0.008062557857383305,-0.021978573482383305,-0.005865292232383304,0.0334413483926167,0.0598085358926167,0.0458925202676167,0.019281192142616695,0.018792910892616695,0.0725038483926167,0.0832460358926167,0.0832460358926167,0.0722597077676167,0.0341737702676167,0.012689395267616695,0.023187442142616695,0.0510194733926167,0.0515077546426167,0.021478457767616695,-0.0647031828573833,-0.0505430266073833,-0.015386776607383305,-0.015386776607383305,-0.016851620357383305,-0.0490781828573833,-0.0810606047323833,7.831128324169724e-05,-0.0666563078573833,-0.0346738859823833,-0.0312559172323833,-0.0554258391073833,-0.022955135982383305,-0.022955135982383305,0.014398379642616695,0.008539004642616695,-0.003423885982383304,-0.010992245357383305,-0.002447323482383304,0.019525332767616695,0.0366151765176167,0.0417421296426167,0.0417421296426167,0.0510194733926167,0.0510194733926167,0.0580995515176167,0.0688417390176167,0.0810487702676167,0.0876405671426167,0.0798280671426167,0.0710390046426167,0.0759218171426167,0.0727479890176167,0.0490663483926167,0.0490663483926167,0.006097598392616696,-0.0341856047323833,-0.0388242766073833,-0.017339901607383305,0.00023822339261669618,-0.026128964107383305,-0.0734922453573833,-0.0778867766073833,-0.0502988859823833,-0.0356504484823833,-0.0356504484823833,-0.0368711516073833,-0.0463926359823833,-0.0441953703573833,-0.0315000578573833,-0.019537167232383305,-0.011724667232383305,-0.012945370357383305,-0.022710995357383305,-0.0009824797323833038,-0.0009824797323833038,0.020990176517616695,0.027337832767616695,0.007562442142616696,-0.028814510982383305,-0.030279354732383305,0.017572207767616695,0.0727479890176167,0.0573671296426167,0.008294864017616695,0.008294864017616695,-0.030035214107383305,-0.010748104732383305,0.0324647858926167,0.0505311921426167,0.029290957767616695,-0.014654354732383305,-0.0463926359823833,-0.025884823482383305,-0.008794979732383305,-0.014898495357383305,-0.014898495357383305,-0.0417539641073833,-0.0554258391073833,-0.0529844328573833,-0.0456602141073833,-0.0356504484823833,-0.0349180266073833,-0.0400449797323833,-0.031011776607383305,-0.007330135982383304,-0.007330135982383304,0.006097598392616696,0.0014589265176166962,-0.011480526607383305,-0.016363339107383305,-0.0007383391073833038,0.022699160892616695,0.0344179108926167,0.019037051517616695,0.010980410892616695,0.017328067142616695,0.017328067142616695,0.0356386140176167,0.0393007233926167,0.020501895267616695,0.007074160892616696,0.008539004642616695,0.023675723392616695,0.019769473392616695,0.006097598392616696,0.0007265046426166962,0.0007265046426166962,0.006097598392616696,0.028802676517616695,0.0424745515176167,0.026605410892616695,-0.003912167232383304,-0.027105526607383305,-0.021490292232383305,0.024896426517616695,0.026605410892616695,0.026605410892616695,0.012445254642616695,-0.0012266203573833038,-0.017828182857383305,-0.025152401607383305,-0.002935604732383304,0.025140567142616695,0.0366151765176167,-0.014410214107383305,-0.027837948482383305,-0.012701229732383305,-0.012701229732383305,0.011468692142616695,0.022943301517616695,0.015619082767616695,-0.002447323482383304,-0.021978573482383305,-0.030523495357383305,-0.022710995357383305,0.003656192142616696,-0.001959042232383304,-0.001959042232383304,-0.018560604732383305,-0.028326229732383305,-0.013433651607383305,0.007318301517616696,0.010247989017616695,-0.009771542232383305,-0.025396542232383305,-0.004156307857383304,0.003167910892616696,-0.003179745357383304,-0.003179745357383304,-0.015630917232383305,-0.016851620357383305,-0.007818417232383305,0.002923770267616696,0.011224551517616695,0.004632754642616696,-0.007085995357383304,-0.006353573482383304,-0.0012266203573833038,-0.0012266203573833038,0.0014589265176166962,-0.002203182857383304,-0.011480526607383305,-0.016607479732383305,-0.014166073482383305,-0.009527401607383305,0.0009706452676166962,0.0004823640176166962,-0.005865292232383304,-0.003423885982383304,-0.003423885982383304,0.006830020267616696,0.012933535892616695,0.013665957767616695,0.010736270267616695,0.008783145267616695,0.003412051517616696,0.012933535892616695,0.019037051517616695,0.022943301517616695,0.022943301517616695,0.020746035892616695,0.010492129642616695,0.006097598392616696,0.011224551517616695,0.015130801517616695,0.017328067142616695,0.010247989017616695,0.006585879642616696,0.003900332767616696,0.003900332767616696,0.0017030671426166962,0.00023822339261669618,0.0004823640176166962,0.0004823640176166962,-0.0017149016073833038,-0.006353573482383304,-0.002935604732383304,0.0388124421426167,0.0324647858926167,-0.010015682857383305,-0.010015682857383305,-0.0627500578573833,-0.0783750578573833,-0.0346738859823833,0.024408145267616695,0.0383241608926167,-0.0012266203573833038,-0.0595762297323833,-0.0481016203573833,0.002923770267616696,0.002923770267616696,0.024164004642616695,0.012933535892616695,-0.014898495357383305,-0.0344297453573833,-0.021490292232383305,0.017816348392616695,0.0471132233926167,0.0380800202676167,0.005853457767616696,-0.006841854732383304,0.025140567142616695,0.025140567142616695,0.0483339265176167,0.0414979890176167,0.008294864017616695,-0.016363339107383305,-0.003423885982383304,0.0336854890176167,0.0473573640176167,-0.011724667232383305,-0.011968807857383305,0.020013614017616695,0.020013614017616695,0.0497987702676167,0.0412538483926167,0.0012147858926166962,-0.030767635982383305,-0.018072323482383305,0.025384707767616695,0.0534608796426167,0.0009706452676166962,-0.0439512297323833,-0.0439512297323833,-0.0481016203573833,0.002435489017616696,0.0602968171426167,0.0664003327676167,0.005853457767616696,-0.0647031828573833,-0.0803281828573833,0.0488222077676167,0.0715272858926167,0.014642520267616695,0.014642520267616695,-0.0639707609823833,-0.0813047453573833,-0.027837948482383305,0.0368593171426167,0.0532167390176167,0.006830020267616696,-0.0573789641073833,-0.022710995357383305,0.019525332767616695,0.019525332767616695,0.0383241608926167,0.020257754642616695,-0.027349667232383305,-0.0549375578573833,-0.0368711516073833,0.010980410892616695,0.0371034577676167,-0.030523495357383305,-0.0449277922323833,-0.0449277922323833,-0.022955135982383305,0.004632754642616696,0.010247989017616695,-0.011480526607383305,-0.0485899016073833,-0.0517637297323833,-0.019293026607383305,-0.010748104732383305,-0.0427305266073833,-0.0676328703573833,-0.0676328703573833,-0.0642149016073833,-0.029546932857383305,0.007318301517616696,0.014154239017616695,-0.024664120357383305,-0.0666563078573833,-0.028326229732383305,0.010003848392616695,0.015863223392616695,0.015863223392616695,-0.007085995357383304,-0.0419981047323833,-0.0510313078573833,-0.026861385982383305,0.009515567142616695,0.0346620515176167,-0.003179745357383304,-0.0419981047323833,-0.030767635982383305,0.006830020267616696,0.0393007233926167,0.0319765046426167,-0.011236385982383305,-0.0344297453573833,-0.0344297453573833,-0.013189510982383305,0.026849551517616695,0.0390565827676167,0.010003848392616695,-0.022222714107383305,-0.024664120357383305,-0.003423885982383304,0.0527284577676167,0.0507753327676167,0.016595645267616695,0.016595645267616695,-0.017584042232383305,-0.003423885982383304,0.0424745515176167,0.0734804108926167,0.0576112702676167,0.013665957767616695,0.0007265046426166962,0.029290957767616695,0.0495546296426167,0.0495546296426167,0.0434511140176167,0.010492129642616695,-0.023931698482383305,-0.026617245357383305,0.0019472077676166962,0.028070254642616695,0.0407655671426167,-0.0502988859823833,-0.0659238859823833,-0.015142635982383305,-0.015142635982383305,0.0380800202676167,0.0634706452676167,0.027581973392616695,-0.0388242766073833,-0.0527402922323833,-0.014654354732383305,0.0490663483926167,0.0344179108926167,0.0007265046426166962,0.0007265046426166962,-0.0327207609823833,-0.0312559172323833,0.0007265046426166962,0.0327089265176167,0.0432069733926167,0.015863223392616695,-0.0317441984823833,0.002923770267616696,0.0432069733926167,0.0549257233926167,0.0549257233926167,0.017083926517616695,-0.029546932857383305,-0.030279354732383305,0.007562442142616696,0.0400331452676167,0.0432069733926167,-0.030767635982383305,-0.0539609953573833,-0.025152401607383305,-0.025152401607383305,0.016595645267616695,0.0319765046426167,0.017328067142616695,-0.015630917232383305,-0.0434629484823833,-0.0410215422323833,-0.004888729732383304,0.024896426517616695,0.002191348392616696,0.002191348392616696,-0.013189510982383305,-0.015875057857383305,-0.002203182857383304,0.019525332767616695,0.025140567142616695,0.015374942142616695,0.010980410892616695,-0.015875057857383305,-0.018560604732383305,0.0007265046426166962,0.0007265046426166962,0.012445254642616695,0.012689395267616695,0.010736270267616695,0.006585879642616696,-0.0007383391073833038,-0.009771542232383305,-0.012212948482383305,0.018060489017616695,0.0361268952676167,0.0361268952676167,0.023675723392616695,-0.004888729732383304,-0.016363339107383305,-0.007330135982383304,0.010247989017616695,0.0327089265176167,0.020990176517616695,-0.023443417232383305,-0.0419981047323833,-0.0419981047323833,-0.014410214107383305,0.0334413483926167,0.0519960358926167,0.029290957767616695,-0.016851620357383305,-0.0441953703573833,-0.029791073482383305,0.0361268952676167,0.030999942142616695,-0.003179745357383304,-0.003179745357383304,-0.027593807857383305,-0.019537167232383305,0.010980410892616695,0.0378358796426167,0.028070254642616695,-0.008794979732383305,-0.016363339107383305,0.009027285892616695,0.011224551517616695,0.011224551517616695,-0.012212948482383305,-0.0329649016073833,-0.030767635982383305,-0.018560604732383305,-0.008794979732383305,-0.006841854732383304,-0.0376035734823833,-0.030767635982383305,-0.018072323482383305,-0.018072323482383305,-0.002447323482383304,0.010003848392616695,0.006097598392616696,-0.023931698482383305,-0.0500547453573833,-0.0351621672323833,-0.0007383391073833038,-0.003912167232383304,-0.023199276607383305,-0.027105526607383305,-0.027105526607383305,-0.011724667232383305,-0.006353573482383304,-0.022710995357383305,-0.025884823482383305,-0.017095760982383305,-0.011968807857383305,-0.017828182857383305,-0.007330135982383304,-0.011724667232383305,-0.011724667232383305,-0.015142635982383305,-0.014410214107383305,-0.014410214107383305,-0.013433651607383305,-0.012212948482383305,-0.001959042232383304,0.0019472077676166962,0.004388614017616696,0.010003848392616695,0.007562442142616696,0.007562442142616696,-0.009771542232383305,-0.017828182857383305,0.003412051517616696,0.025140567142616695,0.019525332767616695,0.007318301517616696,-0.005132870357383304,0.006585879642616696,0.020501895267616695,0.020501895267616695,0.024164004642616695,0.008539004642616695,0.002191348392616696,0.004876895267616696,0.004876895267616696,0.020501895267616695,0.0432069733926167,0.0427186921426167,0.011712832767616695,-0.006353573482383304,0.011224551517616695,0.0436952546426167,0.0524843171426167,0.0383241608926167,0.023431582767616695,0.028558535892616695,0.017328067142616695,0.017328067142616695,0.014154239017616695,0.029779239017616695,0.0405214265176167,0.026605410892616695,0.010980410892616695,0.007318301517616696,0.003656192142616696,0.009271426517616695,-0.0002500578573833038,-0.005865292232383304,0.006097598392616696,0.006341739017616696,0.006341739017616696,-0.017584042232383305,-0.026128964107383305,-0.008794979732383305,0.011224551517616695,0.005609317142616696,-0.027105526607383305,-0.004156307857383304,0.0336854890176167,0.023187442142616695,-0.019781307857383305,-0.019781307857383305,-0.0446836516073833,-0.027593807857383305,0.024896426517616695,0.0473573640176167,0.015619082767616695,-0.022222714107383305,-0.011236385982383305,0.011224551517616695,0.016351504642616695,0.016351504642616695,0.007318301517616696,-0.008306698482383305,-0.021734432857383305,-0.024908260982383305,-0.017095760982383305,-0.010992245357383305,-0.010992245357383305,-0.030523495357383305,-0.0449277922323833,-0.026128964107383305,-0.026128964107383305,0.004632754642616696,0.013421817142616695,-0.016119198482383305,-0.0551816984823833,-0.0634824797323833,-0.0317441984823833,0.014886660892616695,-0.008062557857383305,-0.0395566984823833,-0.0395566984823833,-0.0478574797323833,-0.019048885982383305,0.020501895267616695,0.021722598392616695,-0.013189510982383305,-0.0461484953573833,-0.0368711516073833,0.0436952546426167,0.027581973392616695,-0.015630917232383305,-0.015630917232383305,-0.0344297453573833,-0.013433651607383305,0.024896426517616695,0.0427186921426167,0.0319765046426167,0.0012147858926166962,-0.011480526607383305,0.030267520267616695,0.0510194733926167,0.0317323640176167,0.0317323640176167,0.003900332767616696,-0.007818417232383305,0.008539004642616695,0.0371034577676167,0.0466249421426167,0.019281192142616695,0.0019472077676166962,0.0473573640176167,0.0642030671426167,0.0642030671426167,0.028314395267616695,-0.016607479732383305,-0.026861385982383305,0.003167910892616696,0.0388124421426167,0.0373475983926167,-0.0434629484823833,-0.0427305266073833,-0.002691464107383304,-0.002691464107383304,0.029535098392616695,0.022455020267616695,-0.024908260982383305,-0.0683652922323833,-0.0566465422323833,-0.005377010982383304,0.004876895267616696,-0.0427305266073833,-0.0639707609823833,-0.0341856047323833,-0.0341856047323833,0.014154239017616695,0.0414979890176167,0.024652285892616695,-0.023443417232383305,-0.0502988859823833,-0.019537167232383305,0.0747011140176167,0.0473573640176167,-0.004156307857383304,-0.004156307857383304,-0.0368711516073833,-0.017828182857383305,0.0375917390176167,0.0761659577676167,0.0522401765176167,-0.012212948482383305,-0.0317441984823833,0.026361270267616695,0.0471132233926167,0.013665957767616695,0.013665957767616695,-0.0363828703573833,-0.0566465422323833,-0.0410215422323833,-0.008794979732383305,0.006097598392616696,-0.005377010982383304,-0.0393125578573833,-0.0322324797323833,-0.021490292232383305,-0.021490292232383305,-0.014654354732383305,-0.021246151607383305,-0.0332090422323833,-0.0366270109823833,-0.028082089107383305,-0.008794979732383305,0.010980410892616695,-0.003668026607383304,-0.010992245357383305,-0.010992245357383305,0.002435489017616696,0.028070254642616695,0.0417421296426167,0.0361268952676167,0.027337832767616695,0.0334413483926167,0.0480897858926167,0.0466249421426167,0.0368593171426167,0.0368593171426167,0.027826114017616695,0.020501895267616695,0.016839785892616695,0.028802676517616695,0.0473573640176167,0.0395448640176167,-0.0402891203573833,-0.025152401607383305,0.015130801517616695,0.027337832767616695,0.027337832767616695,0.004876895267616696,-0.0351621672323833,-0.0554258391073833,-0.0463926359823833,-0.028082089107383305,-0.022222714107383305,-0.0493223234823833,-0.0424863859823833,-0.0315000578573833,-0.0315000578573833,-0.025640682857383305,-0.019781307857383305,-0.016607479732383305,-0.015142635982383305,-0.010259823482383305,0.005121035892616696,0.0344179108926167,0.023675723392616695,0.013421817142616695,0.013421817142616695,0.015619082767616695,0.0346620515176167,0.0427186921426167,0.0351503327676167,0.026849551517616695,0.020257754642616695,0.022943301517616695,0.004632754642616696,-0.003668026607383304,-0.003668026607383304,0.005121035892616696,0.014154239017616695,0.003412051517616696,-0.018804745357383305,-0.027593807857383305,-0.019537167232383305,-0.020757870357383305,-0.0344297453573833,-0.0422422453573833,-0.0437070891073833,-0.0437070891073833,-0.0517637297323833,-0.0590879484823833,-0.0537168547323833,-0.0312559172323833,-0.010259823482383305,-0.007818417232383305,-0.015630917232383305,-0.0002500578573833038,0.014886660892616695,0.014886660892616695,0.009027285892616695,-0.005621151607383304,0.009759707767616695,0.0429628327676167,0.0590761140176167,0.0544374421426167,0.005853457767616696,0.007318301517616696,0.020746035892616695,0.020746035892616695,0.0339296296426167,0.025384707767616695,0.009515567142616695,0.009271426517616695,0.012201114017616695,0.009759707767616695,-0.010503964107383305,-0.022955135982383305,-0.021978573482383305,-0.014166073482383305,-0.014166073482383305,-0.014166073482383305,-0.021490292232383305,-0.0336973234823833,-0.0395566984823833,-0.0380918547323833,-0.014410214107383305,0.004388614017616696,0.005121035892616696,-0.002447323482383304,-0.002447323482383304,-0.002203182857383304,0.006341739017616696,0.015863223392616695,0.022943301517616695,0.0324647858926167,0.0458925202676167,0.0493104890176167,0.0334413483926167,0.022943301517616695,0.022943301517616695,0.021234317142616695,0.028802676517616695,0.0402772858926167,0.0371034577676167,0.022210879642616695,0.021478457767616695,-0.002203182857383304,-0.020513729732383305,-0.015630917232383305,-0.003912167232383304,-0.003912167232383304,-0.004888729732383304,-0.016119198482383305,-0.0339414641073833,-0.0507871672323833,-0.0566465422323833,-0.017828182857383305,-0.008062557857383305,-0.014410214107383305,-0.015875057857383305,-0.015875057857383305,-0.006109432857383304,-0.0009824797323833038,0.0019472077676166962,-0.002935604732383304,0.0012147858926166962,0.013665957767616695,0.012445254642616695,0.0007265046426166962,-0.001959042232383304,0.005121035892616696,0.017083926517616695,0.017083926517616695,0.017572207767616695,-0.002203182857383304,-0.017339901607383305,-0.021978573482383305,-0.004400448482383304,0.006830020267616696,-0.003912167232383304,-0.0363828703573833,-0.0383359953573833,-0.0351621672323833,-0.028570370357383305,-0.028570370357383305,-0.019781307857383305,-0.005377010982383304,-0.008062557857383305,-0.010992245357383305,-0.005132870357383304,0.013910098392616695,0.017328067142616695,0.009027285892616695,0.019769473392616695,0.0366151765176167,0.0366151765176167,0.0429628327676167,0.0324647858926167,0.017572207767616695,0.012689395267616695,0.00023822339261669618,0.014398379642616695,0.021722598392616695,0.024896426517616695,0.016351504642616695,-0.021246151607383305,-0.003912167232383304,0.015619082767616695,0.015619082767616695,0.002679629642616696,-0.021002010982383305,-0.0376035734823833,-0.0520078703573833,-0.0354063078573833,-0.015142635982383305,-0.004888729732383304,-0.021734432857383305,-0.030035214107383305,-0.017584042232383305,-0.017584042232383305,0.013421817142616695,0.031244082767616695,0.028558535892616695,0.014154239017616695,0.002923770267616696,0.008294864017616695,0.0380800202676167,0.030023379642616695,0.011956973392616695,-0.006353573482383304,-0.006353573482383304,-0.010748104732383305,0.010492129642616695,0.021722598392616695,0.013177676517616695,-0.007818417232383305,-0.022955135982383305,-0.009283260982383305,-0.014898495357383305,-0.023443417232383305,-0.030279354732383305,-0.030279354732383305,-0.0429746672323833,-0.0451719328573833,-0.024419979732383305,-0.009771542232383305,-0.016607479732383305,-0.023199276607383305,0.004632754642616696,0.013421817142616695,0.022699160892616695,0.022699160892616695,0.024164004642616695,0.020990176517616695,0.026849551517616695,0.026849551517616695,0.017816348392616695,0.013421817142616695,0.023431582767616695,0.030999942142616695,0.024164004642616695,0.0012147858926166962,0.0012147858926166962,-0.018316464107383305,-0.018804745357383305,-0.007818417232383305,-5.917232383303821e-06,0.0017030671426166962,-0.0329649016073833,-0.030523495357383305,-0.015875057857383305,-0.003423885982383304,-0.003423885982383304,-0.009283260982383305,-0.013189510982383305,0.0004823640176166962,0.014398379642616695,0.021234317142616695,0.021722598392616695,0.030511660892616695,0.0331972077676167,0.026605410892616695,0.026605410892616695,0.016595645267616695,0.013177676517616695,0.016595645267616695,0.015130801517616695,0.011712832767616695,0.007562442142616696,-0.011236385982383305,-0.022466854732383305,-0.017584042232383305,-0.004644589107383304,-0.004644589107383304,-0.018316464107383305,-0.0368711516073833,-0.0424863859823833,-0.024419979732383305,-0.002691464107383304,-0.009283260982383305,-0.029546932857383305,-0.004156307857383304,0.021722598392616695,0.021722598392616695,0.020013614017616695,0.008050723392616695,0.009027285892616695,0.021234317142616695,0.0349061921426167,0.0358827546426167,0.005609317142616696,-0.002691464107383304,0.0014589265176166962,0.011712832767616695,0.011712832767616695,0.020990176517616695,0.011224551517616695,-0.014898495357383305,-0.0336973234823833,-0.0373594328573833,-0.006109432857383304,-0.007085995357383304,-0.025640682857383305,-0.0373594328573833,-0.0373594328573833,-0.0336973234823833,-0.014166073482383305,0.008539004642616695,0.016839785892616695,0.0014589265176166962,0.0012147858926166962,0.024164004642616695,0.026605410892616695,0.022455020267616695,0.022455020267616695,0.018548770267616695,0.018060489017616695,0.015619082767616695,0.013665957767616695,0.015863223392616695,0.022699160892616695,0.005121035892616696,-0.023199276607383305,-0.025640682857383305,-0.008550839107383305,-0.008550839107383305,-0.009283260982383305,-0.029791073482383305,-0.0407774016073833,-0.0336973234823833,-0.016363339107383305,-0.006841854732383304,0.003656192142616696,0.016107364017616695,0.018548770267616695,0.018548770267616695,0.016351504642616695,0.009515567142616695,0.024408145267616695,0.0356386140176167,0.027093692142616695,-0.0007383391073833038,0.015374942142616695,0.027826114017616695,0.017083926517616695,0.017083926517616695,-0.006109432857383304,-0.018804745357383305,-0.003668026607383304,0.006097598392616696,-0.006597714107383304,-0.0358945891073833,-0.0473691984823833,-0.028082089107383305,-0.012701229732383305,-0.020269589107383305,-0.020269589107383305,-0.0315000578573833,-0.024419979732383305,-0.003912167232383304,0.021234317142616695,0.026361270267616695,0.012201114017616695,0.003656192142616696,0.003900332767616696,0.009027285892616695,0.009027285892616695,0.016351504642616695,0.019525332767616695,0.005365176517616696,-0.015875057857383305,-0.019048885982383305,0.00023822339261669618,0.006830020267616696,-0.024419979732383305,-0.0407774016073833,-0.0349180266073833,-0.0349180266073833,-0.020025448482383305,-0.013921932857383305,-0.006353573482383304,-0.004400448482383304,-0.006353573482383304,0.0017030671426166962,0.020501895267616695,0.0349061921426167,0.0319765046426167,0.0319765046426167,0.023675723392616695,0.022943301517616695,0.021234317142616695,0.026361270267616695,0.026117129642616695,0.009759707767616695,-0.022466854732383305,-0.010015682857383305,-0.0004941984823833038,-0.0004941984823833038,-0.0004941984823833038,-0.016851620357383305,-0.0366270109823833,-0.0515195891073833,-0.0471250578573833,-0.023687557857383305,0.012201114017616695,-0.004156307857383304,-0.018804745357383305,-0.006353573482383304,-0.006353573482383304,0.025384707767616695,0.0471132233926167,0.0383241608926167,0.023675723392616695,0.021478457767616695,0.019769473392616695,0.015374942142616695,0.019281192142616695,0.023675723392616695,0.023675723392616695,0.021478457767616695,0.006585879642616696,-0.007574276607383304,-0.019537167232383305,-0.027593807857383305,-0.019781307857383305,-0.014898495357383305,-0.012212948482383305,-0.008794979732383305,-0.008794979732383305,-0.012701229732383305,-0.006109432857383304,0.004388614017616696,0.017083926517616695,0.022210879642616695,0.020746035892616695,0.023431582767616695,0.013421817142616695,0.00023822339261669618,-0.002447323482383304,-0.002447323482383304,0.005121035892616696,0.012445254642616695,-0.006353573482383304,-0.0341856047323833,-0.0510313078573833,-0.0546934172323833,-0.0454160734823833,-0.022955135982383305,-0.0007383391073833038,-0.0007383391073833038,-0.002935604732383304,-0.021246151607383305,-0.029302792232383305,-0.006597714107383304,0.022943301517616695,0.010003848392616695,0.003900332767616696,0.024652285892616695,0.0478456452676167,0.0478456452676167,0.0476015046426167,0.015619082767616695,-0.028326229732383305,-0.0483457609823833,-0.0373594328573833,-0.007330135982383304,0.009027285892616695,-0.024908260982383305,-0.0605527922323833,-0.0700742766073833,-0.0700742766073833,-0.0449277922323833,-0.001959042232383304,0.008050723392616695,-0.023443417232383305,-0.0583555266073833,-0.0534727141073833,0.009271426517616695,-0.006353573482383304,-0.0312559172323833,-0.027837948482383305,-0.027837948482383305,0.004144473392616696,0.0317323640176167,0.026117129642616695,0.006341739017616696,-0.0012266203573833038,0.008294864017616695,0.011956973392616695,0.022943301517616695,0.028802676517616695,0.028802676517616695,0.022455020267616695,0.010980410892616695,0.006585879642616696,0.013177676517616695,0.008783145267616695,-0.001959042232383304,0.017816348392616695,0.0385683015176167,0.0358827546426167,0.010247989017616695,0.010247989017616695,-0.002935604732383304,0.003412051517616696,0.017328067142616695,0.0371034577676167,0.0434511140176167,0.014154239017616695,0.011224551517616695,0.018304629642616695,0.031244082767616695,0.031244082767616695,0.0363710358926167,0.027337832767616695,0.008783145267616695,-0.0012266203573833038,0.006830020267616696,0.030755801517616695,0.016595645267616695,-0.009283260982383305,-0.021490292232383305,-0.021490292232383305,-0.009283260982383305,0.017328067142616695,0.0322206452676167,0.023919864017616695,0.002679629642616696,0.002435489017616696,0.029290957767616695,0.0441835358926167,0.030267520267616695,0.030267520267616695,0.006830020267616696,-0.002203182857383304,0.011712832767616695,0.029535098392616695,0.026849551517616695,-0.0007383391073833038,-0.010015682857383305,-0.0009824797323833038,0.006097598392616696,0.002435489017616696,0.002435489017616696,-0.003179745357383304,-0.008306698482383305,-0.015386776607383305,-0.017339901607383305,-0.013921932857383305,-0.021002010982383305,-0.028326229732383305,-0.013921932857383305,0.018060489017616695
UR5e_W,0.024481055354095563,0.03717636785409556,0.027899024104095563,0.013738867854095563,0.009344336604095563,0.018377539729095563,0.028875586604095563,0.031072852229095563,0.019598242854095563,0.0027525397290955635,0.0007994147290955635,0.013006445979095563,0.009100195979095563,0.009100195979095563,-0.0053041008959044365,-0.011163475895904437,-0.010431054020904437,-0.011163475895904437,-0.010675194645904437,-0.012384179020904437,-0.017755272770904437,-0.023126366520904437,-0.023614647770904437,-0.023614647770904437,0.0005552741040955635,-0.018975975895904437,-0.024102929020904437,-0.024591210270904437,-0.021661522770904437,-0.017266991520904437,-0.015313866520904437,-0.015558007145904437,-0.014093163395904437,-0.013360741520904437,-0.013360741520904437,-0.011407616520904437,-0.010675194645904437,0.0005552741040955635,-0.009210350895904437,0.0005552741040955635,-0.009698632145904437,-0.010675194645904437,-0.0055482415209044365,0.0010435553540955635,0.0025083991040955635,0.0020201178540955635,-0.0011537102709044365,-0.0062806633959044365,-0.0011537102709044365,0.0059263678540955635,0.009100195979095563,0.010076758479095563,0.0054380866040955635,0.0061705084790955635,0.0076353522290955635,0.0076353522290955635,0.008123633479095563,0.0049498053540955635,0.0025083991040955635,0.0073912116040955635,0.010076758479095563,0.010076758479095563,0.011297461604095563,0.0061705084790955635,0.0025083991040955635,0.0012876959790955635,0.0061705084790955635,0.013983008479095563,0.0056822272290955635,-0.0026185540209044365,-0.0026185540209044365,-0.0018861321459044365,0.0059263678540955635,0.018377539729095563,0.020330664729095563,0.010076758479095563,6.699285409556346e-05,-0.0050599602709044365,0.0029966803540955635,0.016424414729095563,0.020574805354095563,0.008367774104095563,-0.008966210270904437,0.0005552741040955635,0.00031113347909556346,0.0064146491040955635,0.0076353522290955635,-0.00017714777090443654,-0.0070130852709044365,-0.007989647770904437,-0.0048158196459044365,0.0012876959790955635,-0.0009095696459044365,-0.0055482415209044365,-0.0057923821459044365,-0.0040833977709044365,-0.0033509758959044365,-0.0065248040209044365,-0.008233788395904437,-0.00017714777090443654,0.009588477229095563,0.0076353522290955635,-0.0035951165209044365,-0.011163475895904437,-0.008966210270904437,0.0044615241040955635,0.0020201178540955635,0.0020201178540955635,-0.008477929020904437,-0.017022850895904437,-0.014337304020904437,-0.0013978508959044365,0.0069029303540955635,0.0012876959790955635,-0.008477929020904437,-0.013849022770904437,-0.013116600895904437,-0.0065248040209044365,0.0005552741040955635,-0.0023744133959044365,-0.0072572258959044365,-0.009698632145904437,-0.0050599602709044365,-0.0072572258959044365,-0.009942772770904437,-0.0057923821459044365,-0.0023744133959044365,-0.0018861321459044365,-0.0013978508959044365,-0.0013978508959044365,-0.00042128839590443654,-0.0033509758959044365,-0.0065248040209044365,-0.0016419915209044365,0.0051939459790955635,0.008856055354095563,0.010320899104095563,0.010809180354095563,0.0044615241040955635,0.010565039729095563,0.009100195979095563,0.009100195979095563,0.008856055354095563,0.014227149104095563,0.015936133479095563,0.010076758479095563,0.011785742854095563,0.013983008479095563,0.010076758479095563,0.008123633479095563,0.019598242854095563,0.013006445979095563,0.013006445979095563,0.011053320979095563,0.016180274104095563,0.016912695979095563,0.017400977229095563,0.011785742854095563,0.0056822272290955635,0.0015318366040955635,-0.0026185540209044365,0.0022642584790955635,0.0022642584790955635,0.0037291022290955635,0.0020201178540955635,-0.0057923821459044365,-0.017266991520904437,-0.017266991520904437,-0.0018861321459044365,0.0059263678540955635,-0.009942772770904437,-0.05242324152090444,-0.04631972589590444,-0.04631972589590444,-0.03679824152090444,-0.028741600895904437,-0.03338027277090444,-0.05095839777090444,-0.05999160089590444,-0.04729628839590444,-0.024591210270904437,-0.024591210270904437,-0.03679824152090444,-0.03679824152090444,-0.03899550714590444,-0.021661522770904437,-0.0009095696459044365,0.011297461604095563,0.0066587897290955635,-0.0021302727709044365,-0.0028626946459044365,0.0054380866040955635,0.03668808660409556,0.03717636785409556,0.03717636785409556,0.022283789729095563,0.013494727229095563,0.022772070979095563,0.04352402410409556,0.05573105535409556,0.05402207097909556,0.04157089910409556,0.012029883479095563,0.025457617854095563,0.025457617854095563,0.04767441472909556,0.05402207097909556,0.04303574285409556,0.026190039729095563,0.013738867854095563,0.015447852229095563,0.03131699285409556,0.04059433660409556,0.014227149104095563,0.0015318366040955635,0.0015318366040955635,0.0007994147290955635,0.011785742854095563,0.020086524104095563,0.010565039729095563,-0.0077455071459044365,-0.018487694645904437,-0.015069725895904437,-0.0035951165209044365,-0.010675194645904437,-0.010675194645904437,-0.018243554020904437,-0.020929100895904437,-0.024102929020904437,-0.024347069645904437,-0.022882225895904437,-0.021905663395904437,-0.017022850895904437,-0.017755272770904437,-0.03362441339590444,-0.030450585270904437,-0.030450585270904437,-0.020196679020904437,-0.008233788395904437,-0.0038392571459044365,-0.008233788395904437,-0.013360741520904437,-0.017511132145904437,-0.009454491520904437,-0.0006654290209044365,-0.009942772770904437,-0.009942772770904437,-0.0055482415209044365,0.0066587897290955635,0.013494727229095563,0.013006445979095563,0.008611914729095563,-0.0013978508959044365,-0.013116600895904437,-0.008477929020904437,0.012274024104095563,0.012274024104095563,0.020086524104095563,0.021307227229095563,0.011785742854095563,0.0037291022290955635,0.0017759772290955635,0.0010435553540955635,0.0049498053540955635,0.0054380866040955635,-0.0021302727709044365,-0.0006654290209044365,-0.0006654290209044365,0.0051939459790955635,0.008367774104095563,-0.0026185540209044365,-0.014581444645904437,-0.014093163395904437,-0.012872460270904437,-0.012872460270904437,0.0051939459790955635,0.0059263678540955635,0.0059263678540955635,-0.008722069645904437,-0.024835350895904437,-0.024591210270904437,-0.011163475895904437,-0.0021302727709044365,-0.0072572258959044365,-0.015558007145904437,-0.021661522770904437,0.0007994147290955635,0.0051939459790955635,0.0051939459790955635,-0.0028626946459044365,-0.0065248040209044365,0.0037291022290955635,0.007879492854095563,0.0042173834790955635,0.0007994147290955635,0.0015318366040955635,0.0064146491040955635,0.014227149104095563,0.024236914729095563,0.026922461604095563,0.017156836604095563,-0.0040833977709044365,-0.0040833977709044365,0.012029883479095563,0.03229355535409556,0.03351425847909556,0.019354102229095563,0.0005552741040955635,-0.0067689446459044365,0.008367774104095563,0.03327011785409556,0.0049498053540955635,-0.008966210270904437,-0.008966210270904437,-0.010675194645904437,-0.0021302727709044365,0.011297461604095563,0.015936133479095563,0.0047056647290955635,-0.014337304020904437,-0.030206444645904437,-0.011407616520904437,-0.0013978508959044365,-0.0013978508959044365,-0.0045716790209044365,-0.017022850895904437,-0.026300194645904437,-0.017511132145904437,-0.0031068352709044365,-0.0055482415209044365,-0.017999413395904437,-0.025079491520904437,-0.0060365227709044365,-0.0050599602709044365,-0.0050599602709044365,-0.013360741520904437,-0.009454491520904437,-0.0006654290209044365,0.0010435553540955635,0.0020201178540955635,0.0010435553540955635,-0.013360741520904437,-0.019952538395904437,0.017889258479095563,0.025457617854095563,0.025457617854095563,0.012518164729095563,-0.011163475895904437,-0.018731835270904437,-0.0040833977709044365,0.018377539729095563,0.03522324285409556,0.024481055354095563,-0.012872460270904437,0.0042173834790955635,0.0042173834790955635,0.028143164729095563,0.03302597722909556,0.014227149104095563,-0.010919335270904437,-0.018487694645904437,-0.0040833977709044365,0.009832617854095563,0.008123633479095563,-0.007989647770904437,-0.007989647770904437,-0.015558007145904437,-0.0011537102709044365,0.016668555354095563,0.015203711604095563,0.0034849616040955635,-0.008477929020904437,-0.012628319645904437,-0.0011537102709044365,0.010565039729095563,-0.0043275383959044365,-0.0043275383959044365,-0.015802147770904437,-0.015313866520904437,-0.0009095696459044365,0.010809180354095563,0.013006445979095563,0.0071470709790955635,-0.0011537102709044365,0.0056822272290955635,0.011785742854095563,0.011785742854095563,0.007879492854095563,0.0005552741040955635,0.0010435553540955635,0.011785742854095563,0.023016211604095563,0.018621680354095563,0.0056822272290955635,0.0017759772290955635,6.699285409556346e-05,-0.00017714777090443654,-0.00017714777090443654,0.00031113347909556346,-0.0033509758959044365,-0.0065248040209044365,-0.0075013665209044365,-0.012872460270904437,-0.021173241520904437,-0.03215956964590444,-0.026300194645904437,-0.016290429020904437,-0.012628319645904437,-0.012628319645904437,-0.015558007145904437,-0.017022850895904437,-0.022638085270904437,-0.028497460270904437,-0.026300194645904437,-0.012628319645904437,-0.0013978508959044365,-0.0048158196459044365,-0.008966210270904437,-0.008966210270904437,-0.0050599602709044365,-0.0048158196459044365,-0.008233788395904437,-0.0033509758959044365,0.009100195979095563,0.018621680354095563,0.027166602229095563,0.025701758479095563,0.008856055354095563,0.0015318366040955635,0.0015318366040955635,0.015203711604095563,0.03571152410409556,0.04230332097909556,0.03497910222909556,0.019842383479095563,0.011541602229095563,0.023992774104095563,0.03327011785409556,0.022283789729095563,0.022283789729095563,0.0066587897290955635,0.0025083991040955635,0.016668555354095563,0.03180527410409556,0.022283789729095563,-0.0028626946459044365,-0.017511132145904437,-0.017755272770904437,-0.0048158196459044365,-0.0048158196459044365,-0.00042128839590443654,-0.008722069645904437,-0.021905663395904437,-0.03142714777090444,-0.027032616520904437,-0.009942772770904437,-0.0055482415209044365,-0.03875136652090444,-0.04241347589590444,-0.04241347589590444,-0.028009179020904437,-0.014093163395904437,-0.012628319645904437,-0.019464257145904437,-0.021905663395904437,-0.019220116520904437,-0.0062806633959044365,0.009344336604095563,-0.0031068352709044365,-0.009210350895904437,-0.009210350895904437,0.00031113347909556346,0.014959570979095563,0.023748633479095563,0.018377539729095563,0.015447852229095563,0.019109961604095563,0.022527930354095563,0.015691992854095563,0.010076758479095563,0.010076758479095563,0.020574805354095563,0.029852149104095563,0.028143164729095563,0.021795508479095563,0.011053320979095563,-0.0006654290209044365,-0.00017714777090443654,0.0056822272290955635,-0.0045716790209044365,-0.0045716790209044365,-0.010186913395904437,-0.010431054020904437,-0.0011537102709044365,0.0042173834790955635,0.0015318366040955635,-0.012140038395904437,-0.029718163395904437,-0.010919335270904437,0.0061705084790955635,0.0049498053540955635,0.0049498053540955635,-0.015558007145904437,-0.029474022770904437,-0.019220116520904437,0.0029966803540955635,0.016668555354095563,0.016668555354095563,0.007879492854095563,-0.0038392571459044365,0.0044615241040955635,0.0044615241040955635,0.015936133479095563,0.023016211604095563,0.017400977229095563,0.0073912116040955635,0.0010435553540955635,0.0071470709790955635,0.018133399104095563,0.0029966803540955635,-0.008233788395904437,-0.008233788395904437,-0.016046288395904437,-0.017511132145904437,-0.0057923821459044365,0.0047056647290955635,0.0007994147290955635,-0.013604882145904437,-0.03240371027090444,-0.04436660089590444,-0.018487694645904437,-0.0013978508959044365,-0.0013978508959044365,-0.0021302727709044365,-0.016046288395904437,-0.03313613214590444,-0.03850722589590444,-0.03167128839590444,-0.022882225895904437,-0.012872460270904437,0.0012876959790955635,-0.0016419915209044365,-0.0016419915209044365,-0.0050599602709044365,0.0064146491040955635,0.017889258479095563,0.022283789729095563,0.025945899104095563,0.025701758479095563,0.022283789729095563,0.017400977229095563,0.03180527410409556,0.03278183660409556,0.03278183660409556,0.021551367854095563,0.021063086604095563,0.028387305354095563,0.03449082097909556,0.03156113347909556,0.012518164729095563,-0.012140038395904437,0.0044615241040955635,0.030096289729095563,0.030096289729095563,0.03131699285409556,0.0022642584790955635,-0.023614647770904437,-0.028497460270904437,-0.014093163395904437,0.007879492854095563,0.0061705084790955635,-0.04021621027090444,-0.04656386652090444,-0.04168105402090444,-0.04168105402090444,-0.030694725895904437,-0.017511132145904437,-0.0072572258959044365,-0.0050599602709044365,-0.010675194645904437,-0.009942772770904437,-0.011163475895904437,-0.00042128839590443654,0.011785742854095563,0.011785742854095563,0.016180274104095563,0.021551367854095563,0.016912695979095563,-0.00017714777090443654,-0.012140038395904437,-0.0028626946459044365,0.018377539729095563,0.03473496160409556,0.007879492854095563,0.007879492854095563,-0.018731835270904437,-0.022882225895904437,-0.0031068352709044365,0.014715430354095563,0.011053320979095563,-0.0055482415209044365,-0.017999413395904437,-0.021905663395904437,-0.016534569645904437,0.0012876959790955635,-0.0057923821459044365,-0.018243554020904437,0.0005552741040955635,0.0005552741040955635,-0.029718163395904437,-0.030694725895904437,-0.011163475895904437,-0.0021302727709044365,-0.0070130852709044365,-0.008722069645904437,-0.0028626946459044365,0.0017759772290955635,0.0073912116040955635,0.016912695979095563,0.027899024104095563,0.029119727229095563,0.029119727229095563,0.03424668035409556,0.03400253972909556,0.030584570979095563,0.029608008479095563,0.025213477229095563,0.025701758479095563,0.027654883479095563,0.0071470709790955635,0.0022642584790955635,0.014227149104095563,0.014227149104095563,0.023260352229095563,0.015447852229095563,-0.0055482415209044365,-0.013849022770904437,-0.0070130852709044365,-0.00017714777090443654,-0.019220116520904437,-0.027765038395904437,-0.028253319645904437,-0.028253319645904437,-0.030938866520904437,-0.031183007145904437,-0.028497460270904437,-0.023858788395904437,-0.016778710270904437,-0.014337304020904437,-0.017511132145904437,-0.0055482415209044365,0.009832617854095563,0.009832617854095563,0.0029966803540955635,-0.011407616520904437,-0.0077455071459044365,0.011297461604095563,0.023992774104095563,0.016180274104095563,0.0037291022290955635,0.011053320979095563,0.0066587897290955635,0.0066587897290955635,-0.016046288395904437,-0.021417382145904437,0.008856055354095563,0.03619980535409556,0.016912695979095563,-0.025811913395904437,-0.03753066339590444,0.016912695979095563,0.011785742854095563,0.011785742854095563,-0.012140038395904437,-0.03606581964590444,-0.03704238214590444,-0.019464257145904437,-0.0011537102709044365,0.0027525397290955635,-0.0050599602709044365,-0.014337304020904437,-0.0057923821459044365,-0.0057923821459044365,0.008123633479095563,0.024725195979095563,0.025213477229095563,0.007879492854095563,-0.00017714777090443654,0.015936133479095563,0.03790878972909556,0.030584570979095563,0.017156836604095563,0.008611914729095563,0.008611914729095563,0.009588477229095563,0.018865820979095563,0.025945899104095563,0.03424668035409556,0.029608008479095563,0.0056822272290955635,-0.015069725895904437,0.012274024104095563,0.03327011785409556,0.03327011785409556,0.021063086604095563,-0.020440819645904437,-0.05632949152090444,-0.04705214777090444,-0.0013978508959044365,0.028631445979095563,-0.018731835270904437,-0.04387831964590444,-0.04241347589590444,-0.04241347589590444,-0.011163475895904437,0.029363867854095563,0.03888535222909556,0.009100195979095563,-0.029474022770904437,-0.03801894464590444,-0.0070130852709044365,0.030584570979095563,0.04352402410409556,-0.017511132145904437,-0.03850722589590444,-0.024591210270904437,-0.024591210270904437,0.0044615241040955635,0.020330664729095563,0.009100195979095563,-0.022393944645904437,-0.03582167902090444,-0.008966210270904437,0.009832617854095563,-0.03338027277090444,-0.06194472589590444,-0.06194472589590444,-0.04485488214590444,-0.0031068352709044365,0.019109961604095563,0.0029966803540955635,-0.03313613214590444,-0.04192519464590444,0.024481055354095563,0.04059433660409556,0.022039649104095563,0.022039649104095563,-0.010675194645904437,-0.025811913395904437,-0.0021302727709044365,0.03497910222909556,0.05084824285409556,0.03546738347909556,0.0012876959790955635,-0.009942772770904437,0.016424414729095563,0.016424414729095563,0.03693222722909556,0.028631445979095563,0.0012876959790955635,-0.019464257145904437,0.0044615241040955635,0.04205918035409556,0.04279160222909556,-0.03948378839590444,-0.04363417902090444,-0.04363417902090444,-0.0072572258959044365,0.027654883479095563,0.030096289729095563,0.0076353522290955635,-0.025811913395904437,-0.026544335270904437,0.0061705084790955635,0.04938339910409556,0.017156836604095563,0.017156836604095563,-0.008722069645904437,-0.0011537102709044365,0.022039649104095563,0.03961777410409556,0.026434180354095563,-0.0045716790209044365,-0.027520897770904437,0.010565039729095563,0.027654883479095563,0.0066587897290955635,0.0066587897290955635,-0.03850722589590444,-0.06072402277090444,-0.03557753839590444,0.009588477229095563,0.022772070979095563,-0.011651757145904437,-0.07293105402090444,-0.04436660089590444,0.0061705084790955635,0.0061705084790955635,0.03327011785409556,6.699285409556346e-05,-0.04924941339590444,-0.05486464777090444,-0.0055482415209044365,0.05206894597909556,0.017645117854095563,-0.03289199152090444,-0.04339003839590444,-0.04339003839590444,-0.0013978508959044365,0.03839707097909556,0.030096289729095563,-0.010431054020904437,-0.03435683527090444,-0.021905663395904437,0.009100195979095563,0.0017759772290955635,-0.024835350895904437,-0.024835350895904437,-0.029962304020904437,-0.008722069645904437,0.0076353522290955635,0.0025083991040955635,-0.015069725895904437,-0.028253319645904437,-0.022882225895904437,-0.0011537102709044365,-0.0045716790209044365,-0.027765038395904437,-0.027765038395904437,-0.04094863214590444,-0.023858788395904437,0.015447852229095563,0.05499863347909556,0.06085800847909556,0.025213477229095563,-0.03215956964590444,-0.0023744133959044365,0.03619980535409556,0.03619980535409556,0.04840683660409556,0.028631445979095563,-0.0048158196459044365,-0.017511132145904437,-0.0057923821459044365,0.016424414729095563,0.028143164729095563,0.010565039729095563,-0.015802147770904437,-0.015802147770904437,-0.024835350895904437,-0.014337304020904437,0.009344336604095563,0.029852149104095563,0.023992774104095563,0.0025083991040955635,0.0059263678540955635,0.026922461604095563,0.03766464910409556,0.03766464910409556,0.03180527410409556,0.019842383479095563,0.016424414729095563,0.020086524104095563,0.022772070979095563,0.022772070979095563,0.0047056647290955635,-0.0048158196459044365,-0.009210350895904437,-0.009210350895904437,-0.012628319645904437,-0.011163475895904437,-0.0050599602709044365,0.008367774104095563,0.013494727229095563,0.0017759772290955635,-0.016778710270904437,-0.015558007145904437,0.0049498053540955635,0.0049498053540955635,0.015203711604095563,0.0056822272290955635,-0.014825585270904437,-0.03533339777090444,-0.03655410089590444,-0.021173241520904437,-0.0075013665209044365,-0.026544335270904437,-0.03435683527090444,-0.027765038395904437,-0.027765038395904437,-0.0057923821459044365,0.011785742854095563,0.008367774104095563,-0.012140038395904437,-0.03215956964590444,-0.029962304020904437,0.014471289729095563,0.014715430354095563,0.0029966803540955635,0.0029966803540955635,-0.0048158196459044365,-0.0033509758959044365,0.008367774104095563,0.022039649104095563,0.025213477229095563,0.015447852229095563,0.0069029303540955635,0.0076353522290955635,0.016668555354095563,0.013250586604095563,0.0005552741040955635,-0.0006654290209044365,-0.010919335270904437,-0.0021302727709044365,0.018621680354095563,0.013983008479095563,-0.011651757145904437,-0.025079491520904437,-0.025079491520904437,-0.013604882145904437,0.010320899104095563,0.024481055354095563,0.014227149104095563,-0.010186913395904437,-0.024591210270904437,-0.0023744133959044365,0.018377539729095563,0.019109961604095563,0.019109961604095563,-0.0035951165209044365,-0.022638085270904437,-0.016778710270904437,0.0051939459790955635,0.020086524104095563,0.015203711604095563,-0.0028626946459044365,-0.011651757145904437,-0.0045716790209044365,0.021551367854095563,0.017156836604095563,0.0032408209790955635,0.0032408209790955635,-0.0028626946459044365,0.0029966803540955635,0.010565039729095563,0.015447852229095563,0.015691992854095563,0.0076353522290955635,-0.0031068352709044365,-0.00042128839590443654,0.0073912116040955635,0.0051939459790955635,-0.0028626946459044365,-0.0028626946459044365,-0.0075013665209044365,-0.0053041008959044365,-0.0021302727709044365,-0.0018861321459044365,-0.0055482415209044365,-0.012872460270904437,-0.015069725895904437,-0.0075013665209044365,-0.0021302727709044365,-0.0018861321459044365,-0.0018861321459044365,-0.0040833977709044365,-0.011651757145904437,-0.015313866520904437,-0.012140038395904437,-0.0055482415209044365,0.0022642584790955635,0.0005552741040955635,-0.00017714777090443654,-0.0060365227709044365,-0.0035951165209044365,0.0027525397290955635,0.0027525397290955635,0.0066587897290955635,0.0042173834790955635,-0.0009095696459044365,-0.0033509758959044365,-0.0053041008959044365,-0.0013978508959044365,0.0042173834790955635,0.0020201178540955635,-0.0006654290209044365,0.0010435553540955635,0.0010435553540955635,0.0017759772290955635,0.0037291022290955635,0.0047056647290955635,0.0039732428540955635,0.0015318366040955635,-0.0011537102709044365,0.0010435553540955635,0.011541602229095563,0.011541602229095563,-0.0028626946459044365,-0.023370507145904437,-0.029474022770904437,-0.011895897770904437,0.013983008479095563,0.029608008479095563,0.013983008479095563,0.027166602229095563,0.05328964910409556,0.05328964910409556,0.06598496160409556,0.04962753972909556,0.019109961604095563,0.0071470709790955635,0.025701758479095563,0.04987168035409556,0.05060410222909556,-0.010186913395904437,-0.025567772770904437,-0.018487694645904437,-0.018487694645904437,-0.0060365227709044365,-0.0026185540209044365,-0.017999413395904437,-0.04070449152090444,-0.05022597589590444,-0.04021621027090444,-0.0077455071459044365,-0.025079491520904437,-0.04900527277090444,-0.05388808527090444,-0.05388808527090444,-0.03435683527090444,-0.0011537102709044365,0.016180274104095563,0.0020201178540955635,-0.026788475895904437,-0.04729628839590444,-0.03484511652090444,-0.019952538395904437,-0.014093163395904437,-0.014093163395904437,-0.015802147770904437,-0.024102929020904437,-0.031183007145904437,-0.030938866520904437,-0.030450585270904437,-0.024835350895904437,-0.0016419915209044365,-0.0033509758959044365,-0.019464257145904437,-0.03948378839590444,-0.03948378839590444,-0.03386855402090444,0.00031113347909556346,0.03156113347909556,0.03449082097909556,0.010320899104095563,-0.014337304020904437,0.009832617854095563,0.029852149104095563,0.03668808660409556,0.03668808660409556,0.029119727229095563,0.023992774104095563,0.03375839910409556,0.03912949285409556,0.03327011785409556,0.025945899104095563,0.025945899104095563,0.028143164729095563,0.017400977229095563,0.009832617854095563,0.009832617854095563,0.009344336604095563,0.0061705084790955635,-0.0011537102709044365,-0.0060365227709044365,0.0034849616040955635,0.010809180354095563,0.014471289729095563,0.027410742854095563,0.04010605535409556,0.04303574285409556,0.03278183660409556,0.03278183660409556,0.017156836604095563,0.017156836604095563,0.03888535222909556,0.05988144597909556,0.05744003972909556,0.03888535222909556,0.013006445979095563,0.026434180354095563,0.03351425847909556,0.03351425847909556,0.010320899104095563,-0.025079491520904437,-0.04387831964590444,-0.03460097589590444,-0.019464257145904437,-0.020929100895904437,-0.03386855402090444,-0.04656386652090444,-0.008966210270904437,0.015691992854095563,0.014715430354095563,0.014715430354095563,-0.0043275383959044365,-0.027032616520904437,-0.026544335270904437,0.0051939459790955635,0.04694199285409556,0.07208847722909556,0.03400253972909556,0.015936133479095563,0.00031113347909556346,-0.03484511652090444,-0.08513808527090444,-0.08513808527090444,2.847967050181155e-05,2.847967050181155e-05,-0.08172011652090444,-0.05681777277090444,-0.05339980402090444,-0.07073378839590444,-0.07781386652090444,-0.03679824152090444,0.009100195979095563,0.009100195979095563,0.03204941472909556,0.03717636785409556,0.03912949285409556,0.05182480535409556,0.06036972722909556,0.04987168035409556,0.0005552741040955635,-0.0021302727709044365,0.023504492854095563,0.04547714910409556,0.04132675847909556,0.04132675847909556,0.0073912116040955635,-0.04436660089590444,-0.07048964777090444,-0.06194472589590444,-0.024591210270904437,0.020330664729095563,0.0005552741040955635,0.05304550847909556,-0.021905663395904437,-0.009210350895904437,0.03400253972909556,0.07697128972909556,0.07697128972909556,2.847967050181155e-05,0.07282089910409556,0.03717636785409556,0.021307227229095563,0.010320899104095563,-0.013604882145904437,-0.03240371027090444,-0.027276757145904437,-0.018975975895904437,-0.012384179020904437,-0.012384179020904437,-0.014825585270904437,-0.028741600895904437,-0.04119277277090444,-0.03655410089590444,-0.011407616520904437,0.018865820979095563,-0.0021302727709044365,-0.025323632145904437,-0.014825585270904437,-0.014825585270904437,0.016668555354095563,0.029852149104095563,0.0059263678540955635,-0.028253319645904437,-0.03191542902090444,-0.009942772770904437,-0.03264785089590444,-0.05706191339590444,-0.05437636652090444,-0.05437636652090444,-0.04705214777090444,-0.04583144464590444,-0.04949355402090444,-0.04143691339590444,-0.0072572258959044365,0.017889258479095563,-0.022638085270904437,-0.027276757145904437,-0.009942772770904437,0.008367774104095563,0.008367774104095563,0.025945899104095563,0.04791855535409556,0.06305527410409556,0.05377793035409556,0.021307227229095563,-0.0006654290209044365,0.0037291022290955635,0.03864121160409556,0.021063086604095563,-0.0072572258959044365,-0.017755272770904437,-0.017755272770904437,-0.0060365227709044365,-0.011651757145904437,-0.03582167902090444,-0.04827285089590444,-0.031183007145904437,0.03522324285409556,0.009100195979095563,-0.015802147770904437,-0.0016419915209044365,0.023016211604095563,0.03327011785409556,0.03327011785409556,0.027899024104095563,0.021795508479095563,0.025457617854095563,0.029608008479095563,0.029608008479095563,0.027899024104095563,0.03327011785409556,0.03302597722909556,0.014227149104095563,0.014227149104095563,-0.0006654290209044365,-0.008477929020904437,-0.015558007145904437,-0.025079491520904437,-0.04143691339590444,-0.04216933527090444,-0.0077455071459044365,-0.0028626946459044365,-0.010431054020904437,-0.008966210270904437,0.0064146491040955635,0.0064146491040955635,0.014227149104095563,0.013494727229095563,0.015691992854095563,0.018377539729095563,0.027410742854095563,0.03424668035409556,0.023748633479095563,0.023016211604095563,0.03473496160409556,0.03473496160409556,0.04181503972909556,0.03693222722909556,0.026922461604095563,0.007879492854095563,-0.015802147770904437,-0.022882225895904437,-0.011407616520904437,-0.012140038395904437,-0.020929100895904437,-0.03460097589590444,-0.04558730402090444,-0.04558730402090444,-0.03679824152090444,-0.019220116520904437,-0.0060365227709044365,-0.0031068352709044365,-0.007989647770904437,0.0025083991040955635,-0.0040833977709044365,-0.013604882145904437,-0.015558007145904437,-0.015558007145904437,0.0071470709790955635,0.04083847722909556,0.05035996160409556,0.027166602229095563,-0.0072572258959044365,-0.020440819645904437,-0.0013978508959044365,0.020818945979095563,-0.03875136652090444,-0.06316542902090444,-0.05169081964590444,-0.05169081964590444,-0.019220116520904437,-0.0057923821459044365,-0.03508925714590444,-0.08025527277090444,2.847967050181155e-05,-0.06560683527090444,0.016180274104095563,0.0020201178540955635,-0.016290429020904437,-0.016534569645904437,-0.016534569645904437,0.016912695979095563,0.014959570979095563,-0.0023744133959044365,0.0027525397290955635,0.0027525397290955635,0.03839707097909556,0.06354355535409556,0.06061386785409556,0.03156113347909556,0.0042173834790955635,0.04376816472909556,0.05744003972909556,0.03595566472909556,-0.0026185540209044365,-0.0026185540209044365,-0.020929100895904437,-0.017511132145904437,-0.0075013665209044365,0.0029966803540955635,0.0044615241040955635,-0.025567772770904437,-0.027520897770904437,-0.018975975895904437,0.0032408209790955635,0.0032408209790955635,0.024481055354095563,0.017889258479095563,-0.014825585270904437,-0.030694725895904437,-0.009210350895904437,0.026434180354095563,0.028387305354095563,-0.0077455071459044365,-0.019952538395904437,-0.019952538395904437,0.015691992854095563,0.05353378972909556,0.05597519597909556,0.03229355535409556,0.014959570979095563,0.012762305354095563,0.0064146491040955635,-0.0018861321459044365,0.0025083991040955635,0.0071470709790955635,0.0071470709790955635,0.0034849616040955635,-0.018487694645904437,-0.04534316339590444,-0.05144667902090444,-0.03460097589590444,-0.021905663395904437,-0.028741600895904437,-0.03728652277090444,-0.030694725895904437,-0.030694725895904437,-0.009698632145904437,0.0020201178540955635,-0.0057923821459044365,-0.008233788395904437,0.0027525397290955635,0.013494727229095563,0.024969336604095563,0.029852149104095563,0.016668555354095563,0.014959570979095563,0.023992774104095563,0.023992774104095563,0.04254746160409556,0.05158066472909556,0.03644394597909556,0.014471289729095563,0.008611914729095563,0.013494727229095563,0.0073912116040955635,-0.0057923821459044365,-0.023126366520904437,-0.026544335270904437,-0.026544335270904437,-0.017022850895904437,-0.0053041008959044365,-0.0067689446459044365,-0.018487694645904437,-0.03167128839590444,-0.04070449152090444,-0.015069725895904437,-0.011895897770904437,-0.025079491520904437,-0.03386855402090444,-0.03386855402090444,-0.029474022770904437,-0.008477929020904437,0.014715430354095563,0.014959570979095563,-0.0016419915209044365,-0.0060365227709044365,-0.0026185540209044365,0.0059263678540955635,0.022772070979095563,0.022772070979095563,0.03888535222909556,0.03766464910409556,0.017645117854095563,-0.0070130852709044365,-0.011895897770904437,0.011053320979095563,0.04791855535409556,0.03668808660409556,0.0037291022290955635,-0.020440819645904437,-0.020440819645904437,-0.022149804020904437,-0.0077455071459044365,0.013494727229095563,0.022283789729095563,-0.0026185540209044365,-0.03777480402090444,-0.028497460270904437,-0.0050599602709044365,0.00031113347909556346,-0.015802147770904437,-0.015802147770904437,-0.03728652277090444,-0.030450585270904437,-0.0057923821459044365,0.008611914729095563,0.011785742854095563,0.010076758479095563,-0.0043275383959044365,-0.0055482415209044365,-0.0023744133959044365,0.0066587897290955635,0.0066587897290955635,0.018621680354095563,0.018377539729095563,0.0047056647290955635,-0.0065248040209044365,-0.0021302727709044365,0.023748633479095563,0.023504492854095563,0.013983008479095563,0.0005552741040955635,0.0005552741040955635,-0.0035951165209044365,0.0007994147290955635,0.011297461604095563,0.016912695979095563,0.012518164729095563,-0.008722069645904437,-0.009698632145904437,-0.0028626946459044365,-0.00042128839590443654,-0.00042128839590443654,-0.011163475895904437,-0.022149804020904437,-0.021661522770904437,-0.017755272770904437,-0.017022850895904437,-0.020440819645904437,-0.018731835270904437,-0.013849022770904437,-0.0067689446459044365,-0.0031068352709044365,-0.0031068352709044365,-0.0018861321459044365,-0.0062806633959044365,-0.011651757145904437,-0.007989647770904437,0.0042173834790955635,0.026678320979095563,0.021551367854095563,-0.00017714777090443654,-0.010675194645904437,-0.0006654290209044365,-0.0006654290209044365,0.021063086604095563,0.04327988347909556,0.03766464910409556,0.017889258479095563,0.017400977229095563,0.029363867854095563,0.027166602229095563,0.018865820979095563,0.011297461604095563,0.011297461604095563,0.0020201178540955635,-0.010675194645904437,-0.008722069645904437,0.00031113347909556346,6.699285409556346e-05,-0.016534569645904437,-0.022149804020904437,-0.018243554020904437,-0.012628319645904437,-0.012628319645904437,-0.016778710270904437,-0.023126366520904437,-0.024347069645904437,-0.020929100895904437,-0.017022850895904437,-0.026056054020904437,-0.03167128839590444,-0.026788475895904437,-0.007989647770904437,0.0059263678540955635,0.0059263678540955635,0.013494727229095563,0.013983008479095563,0.0049498053540955635,-0.0006654290209044365,0.0037291022290955635,0.016180274104095563,0.027410742854095563,0.04157089910409556,0.025457617854095563,0.008611914729095563,0.010809180354095563,0.021063086604095563,0.022527930354095563,0.020574805354095563,0.021307227229095563,0.021307227229095563,0.030584570979095563,0.03790878972909556,0.026190039729095563,-0.0053041008959044365,-0.025811913395904437,-0.020684960270904437,0.021795508479095563,0.012274024104095563,-0.021661522770904437,-0.05852675714590444,-0.05852675714590444,-0.05632949152090444,-0.024347069645904437,0.0061705084790955635,0.0056822272290955635,-0.025811913395904437,-0.04363417902090444,-0.015558007145904437,0.0071470709790955635,0.0039732428540955635,0.0039732428540955635,-0.023614647770904437,-0.05022597589590444,-0.05169081964590444,-0.017266991520904437,0.017889258479095563,0.023016211604095563,-0.023614647770904437,-0.017999413395904437,0.0029966803540955635,0.020086524104095563,0.020086524104095563,0.024725195979095563,0.027899024104095563,0.023260352229095563,0.013006445979095563,0.0037291022290955635,0.018621680354095563,0.031072852229095563,0.028387305354095563,0.017156836604095563,0.017156836604095563,0.0017759772290955635,-0.012872460270904437,-0.018487694645904437,-0.009698632145904437,0.015203711604095563,0.026434180354095563,0.0007994147290955635,-0.016778710270904437,-0.013116600895904437,-0.013116600895904437,0.008367774104095563,0.03204941472909556,0.03302597722909556,0.009344336604095563,-0.014581444645904437,-0.018731835270904437,0.016424414729095563,0.021795508479095563,0.0069029303540955635,-0.016778710270904437,-0.016778710270904437,-0.028497460270904437,-0.022393944645904437,6.699285409556346e-05,0.016424414729095563,0.014227149104095563,-0.03215956964590444,-0.03484511652090444,-0.026788475895904437,-0.008233788395904437,-0.008233788395904437,0.012029883479095563,0.020818945979095563,-0.00017714777090443654,-0.03215956964590444,-0.04143691339590444,0.015936133479095563,0.025457617854095563,0.010565039729095563,-0.009698632145904437,-0.009698632145904437,-0.0075013665209044365,0.0025083991040955635,0.0059263678540955635,0.009588477229095563,0.0069029303540955635,-0.0040833977709044365,0.0037291022290955635,0.011053320979095563,0.013738867854095563,0.012274024104095563,0.012274024104095563,0.009832617854095563,0.007879492854095563,0.0049498053540955635,0.008856055354095563,0.009832617854095563,0.012762305354095563,0.0064146491040955635,-0.00017714777090443654,-0.00017714777090443654,-0.00017714777090443654,0.0066587897290955635,0.015447852229095563,0.015447852229095563,0.0049498053540955635,-0.0050599602709044365,-0.008966210270904437,-0.0040833977709044365,0.0015318366040955635,0.009832617854095563,0.0044615241040955635,0.0044615241040955635,-0.011895897770904437,-0.022882225895904437,-0.015558007145904437,-0.0016419915209044365,-0.0026185540209044365,-0.016290429020904437,-0.016778710270904437,-0.014825585270904437,-0.018243554020904437,-0.021173241520904437,-0.021173241520904437,-0.024591210270904437,-0.024347069645904437,-0.0070130852709044365,0.009588477229095563,0.0020201178540955635,-0.012872460270904437,-0.013604882145904437,-0.0026185540209044365,0.008123633479095563,0.014227149104095563,0.014227149104095563,0.007879492854095563,-0.0023744133959044365,-0.0021302727709044365,0.0049498053540955635,0.010320899104095563,0.013738867854095563,0.015447852229095563,0.021795508479095563,0.016668555354095563,0.011297461604095563,0.0010435553540955635,0.0010435553540955635,-0.0045716790209044365,0.010565039729095563,0.03424668035409556,0.03375839910409556,0.0047056647290955635,-0.0077455071459044365,0.013006445979095563,0.013250586604095563,0.0025083991040955635,0.0025083991040955635,-0.0021302727709044365,-0.0062806633959044365,-0.009942772770904437,-0.0070130852709044365,-0.0033509758959044365,-0.0035951165209044365,-0.0065248040209044365,-0.0031068352709044365,-0.00017714777090443654,0.0049498053540955635,0.008367774104095563,0.008367774104095563,0.0061705084790955635,-0.0018861321459044365,0.0012876959790955635,0.012029883479095563,0.011541602229095563,-0.012140038395904437,-0.008722069645904437,0.0071470709790955635,0.016180274104095563,0.0010435553540955635,-0.021417382145904437,-0.021417382145904437,-0.022393944645904437,0.0032408209790955635,0.021307227229095563,0.013983008479095563,-0.008722069645904437,-0.023858788395904437,-0.023858788395904437,-0.014581444645904437,0.0054380866040955635,0.0005552741040955635,-0.029474022770904437,-0.03655410089590444,-0.011895897770904437,0.015936133479095563,0.013983008479095563,0.013983008479095563,-0.016290429020904437,-0.04143691339590444,-0.03460097589590444,0.0032408209790955635,0.03790878972909556,0.027899024104095563,-0.017511132145904437,-0.04876113214590444,0.015203711604095563,0.04816269597909556,0.04327988347909556,0.0054380866040955635,-0.03215956964590444,-0.03435683527090444,0.0042173834790955635,0.0042173834790955635,0.04254746160409556,0.04157089910409556,0.0032408209790955635,-0.03313613214590444,-0.03313613214590444,0.0029966803540955635,0.03986191472909556,0.0005552741040955635,0.0029966803540955635,-0.017999413395904437,0.0061705084790955635,0.030828711604095563,0.03742050847909556,0.0044615241040955635,-0.030450585270904437,-0.021905663395904437,0.014715430354095563,0.014715430354095563,0.04010605535409556,0.025945899104095563,-0.016778710270904437,-0.04339003839590444,-0.024835350895904437,0.017889258479095563,0.04205918035409556,-0.03264785089590444,-0.04290175714590444,-0.013116600895904437,0.026922461604095563,0.04279160222909556,0.015447852229095563,-0.029718163395904437,-0.029718163395904437,-0.04583144464590444,-0.013604882145904437,0.03497910222909556,0.05231308660409556,0.019109961604095563,-0.03655410089590444,-0.05437636652090444,-0.014093163395904437,0.05353378972909556,0.010565039729095563,-0.04094863214590444,-0.05193496027090444,-0.012872460270904437,0.03693222722909556,0.03693222722909556,0.05133652410409556,-0.04631972589590444,-0.04631972589590444,-0.05217910089590444,-0.0072572258959044365,0.04059433660409556,0.03790878972909556,-0.012872460270904437,-0.06096816339590444,-0.05779433527090444,0.04816269597909556,0.029119727229095563,-0.03191542902090444,-0.06755996027090444,-0.03753066339590444,0.023016211604095563,0.05768418035409556,0.031072852229095563,0.031072852229095563,-0.03215956964590444,-0.06170058527090444,-0.024102929020904437,0.03546738347909556,0.05866074285409556,0.030828711604095563,-0.026300194645904437,-0.05071425714590444,-0.013360741520904437,0.04523300847909556,0.018377539729095563,-0.026788475895904437,-0.04265761652090444,-0.0070130852709044365,0.04181503972909556,0.04572128972909556,0.04572128972909556,-0.0028626946459044365,-0.05217910089590444,-0.04339003839590444,0.012762305354095563,0.05206894597909556,0.029852149104095563,-0.027276757145904437,-0.05755019464590444,0.03424668035409556,0.05182480535409556,0.015936133479095563,-0.029718163395904437,-0.029718163395904437,-0.03655410089590444,-0.0038392571459044365,0.03717636785409556,0.04352402410409556,0.0069029303540955635,-0.021661522770904437,0.010809180354095563,0.03473496160409556,0.030828711604095563,-0.0031068352709044365,-0.0031068352709044365,-0.029962304020904437,-0.018243554020904437,0.019598242854095563,0.03644394597909556,0.020330664729095563,-0.0077455071459044365,-0.011651757145904437,0.018865820979095563,0.03204941472909556,0.0017759772290955635,-0.03972792902090444,-0.03972792902090444,-0.03460097589590444,0.0042173834790955635,0.024236914729095563,0.0025083991040955635,-0.03264785089590444,-0.0065248040209044365,0.027166602229095563,0.019354102229095563,-0.018487694645904437,-0.018487694645904437,-0.03972792902090444,-0.022393944645904437,0.0069029303540955635,0.029119727229095563,0.022772070979095563,-0.009210350895904437,-0.014825585270904437,0.012762305354095563,0.03229355535409556,0.022283789729095563,-0.012628319645904437,-0.012628319645904437,-0.03435683527090444,-0.015558007145904437,0.019842383479095563,0.029608008479095563,0.010809180354095563,-0.020684960270904437,-0.010431054020904437,0.019109961604095563,0.019842383479095563,-0.010675194645904437,-0.026056054020904437,-0.026056054020904437,-0.0048158196459044365,0.027654883479095563,0.03644394597909556,0.010809180354095563,-0.03704238214590444,-0.0006654290209044365,0.03986191472909556,0.04132675847909556,0.0017759772290955635,0.0017759772290955635,-0.04290175714590444,-0.04778456964590444,-0.009942772770904437,0.027166602229095563,0.028387305354095563,-0.05242324152090444,-0.05437636652090444,-0.011407616520904437,0.03961777410409556,0.05133652410409556,0.016668555354095563,0.016668555354095563,-0.015802147770904437,-0.012140038395904437,0.020574805354095563,0.05158066472909556,0.009588477229095563,-0.010186913395904437,0.008611914729095563,0.04816269597909556,0.06574082097909556,0.06574082097909556,0.04962753972909556,0.016424414729095563,-0.012872460270904437,-0.0016419915209044365,0.03815293035409556,0.03766464910409556,0.0039732428540955635,-0.021905663395904437,-0.015558007145904437,0.010809180354095563,0.010809180354095563,0.023016211604095563,0.010076758479095563,-0.017022850895904437,-0.03338027277090444,0.0025083991040955635,0.010076758479095563,-0.0016419915209044365,-0.019708397770904437,-0.020196679020904437,-0.020196679020904437,-0.0031068352709044365,0.011053320979095563,0.0073912116040955635,-0.010186913395904437,-0.023126366520904437,-0.0060365227709044365,0.010565039729095563,0.010565039729095563,-0.0057923821459044365,-0.0057923821459044365,-0.029962304020904437,-0.03484511652090444,-0.013604882145904437,0.007879492854095563,0.0029966803540955635,-0.03948378839590444,-0.04339003839590444,-0.031183007145904437,-0.013360741520904437,-0.013360741520904437,-0.009210350895904437,-0.021173241520904437,-0.03484511652090444,-0.03948378839590444,-0.03557753839590444,-0.017999413395904437,-0.027032616520904437,-0.04143691339590444,-0.04241347589590444,-0.04241347589590444,-0.021417382145904437,-0.0033509758959044365,-0.0057923821459044365,-0.019220116520904437,-0.025567772770904437,-0.018487694645904437,-0.017022850895904437,-0.012872460270904437,-0.010431054020904437,-0.010431054020904437,-0.0057923821459044365,-0.0023744133959044365,-0.010186913395904437,-0.017266991520904437,-0.013116600895904437,0.0039732428540955635,0.008856055354095563,0.008367774104095563,0.0012876959790955635,0.0012876959790955635,-0.011407616520904437,-0.017022850895904437,-0.0070130852709044365,0.0056822272290955635,0.011785742854095563,0.0007994147290955635,0.0066587897290955635,-0.0006654290209044365,-0.020196679020904437,-0.020196679020904437,-0.03435683527090444,-0.03777480402090444,-0.03386855402090444,-0.022393944645904437,-0.019708397770904437,-0.023614647770904437,-0.015069725895904437,-0.0070130852709044365,0.0007994147290955635,0.014471289729095563,0.027654883479095563,0.027654883479095563,0.03449082097909556,0.030828711604095563,0.023016211604095563,0.016668555354095563,0.020818945979095563,0.027410742854095563,0.025701758479095563,0.016912695979095563,0.010809180354095563,0.010809180354095563,0.0059263678540955635,0.010320899104095563,0.019354102229095563,0.024725195979095563,0.016180274104095563,-0.0065248040209044365,-0.019464257145904437,-0.009454491520904437,0.014715430354095563,0.014715430354095563,0.030340430354095563,0.021551367854095563,-0.0031068352709044365,-0.017511132145904437,0.017156836604095563,0.04181503972909556,0.04547714910409556,0.024236914729095563,0.0051939459790955635,0.0051939459790955635,0.011785742854095563,0.026434180354095563,0.03522324285409556,0.03473496160409556,0.028631445979095563,0.027654883479095563,0.024236914729095563,0.011297461604095563,0.0015318366040955635,-0.00042128839590443654,-0.00042128839590443654,0.011541602229095563,0.027166602229095563,0.025213477229095563,0.0056822272290955635,-0.021661522770904437,-0.009942772770904437,0.015447852229095563,0.03253769597909556,0.019842383479095563,0.019842383479095563,-0.010186913395904437,-0.030694725895904437,-0.021661522770904437,0.013494727229095563,0.03375839910409556,0.0044615241040955635,-0.023370507145904437,-0.023858788395904437,-0.0016419915209044365,-0.0016419915209044365,0.015691992854095563,0.019842383479095563,0.009588477229095563,-0.008233788395904437,-0.016534569645904437,-0.0006654290209044365,0.0044615241040955635,0.0037291022290955635,0.0010435553540955635,0.0010435553540955635,-0.0070130852709044365,-0.013604882145904437,-0.015069725895904437,-0.014337304020904437,-0.0075013665209044365,-0.0023744133959044365,-0.0023744133959044365,-0.017755272770904437,-0.03264785089590444,-0.03264785089590444,-0.03313613214590444,-0.021417382145904437,-0.0067689446459044365,6.699285409556346e-05,-0.0006654290209044365,-0.0016419915209044365,-0.0031068352709044365,0.0015318366040955635,0.0073912116040955635,0.0073912116040955635,0.009100195979095563,0.008367774104095563,0.008123633479095563,0.009588477229095563,0.014471289729095563,0.014715430354095563,0.011053320979095563,0.011541602229095563,0.011785742854095563,0.015691992854095563,0.015691992854095563,0.018377539729095563,0.015936133479095563,0.010320899104095563,0.0044615241040955635,0.010809180354095563,0.013006445979095563,0.008856055354095563,-0.0013978508959044365,-0.015802147770904437,-0.015802147770904437,-0.026300194645904437,-0.011407616520904437,0.011785742854095563,0.010320899104095563,-0.04143691339590444,-0.04265761652090444,-0.029962304020904437,-0.017511132145904437,-0.017511132145904437,-0.017511132145904437,-0.024835350895904437,-0.04046035089590444,-0.05120253839590444,-0.04461074152090444,-0.028497460270904437,-0.0067689446459044365,-0.014581444645904437,-0.026788475895904437,-0.03167128839590444,-0.023614647770904437,-0.023614647770904437,-0.008233788395904437,-0.0028626946459044365,-0.0055482415209044365,-0.0067689446459044365,0.0037291022290955635,0.0071470709790955635,0.0076353522290955635,0.018133399104095563,0.025701758479095563,0.025701758479095563,0.025213477229095563,0.026190039729095563,0.027899024104095563,0.028143164729095563,0.0022642584790955635,-0.014825585270904437,-0.0055482415209044365,0.010565039729095563,0.0071470709790955635,0.0071470709790955635,-0.011407616520904437,-0.030694725895904437,-0.03655410089590444,-0.03630996027090444,-0.03972792902090444,-0.04631972589590444,-0.021417382145904437,0.012274024104095563,0.03278183660409556,0.025945899104095563,0.025945899104095563,0.0010435553540955635,-0.014337304020904437,-0.0057923821459044365,0.022527930354095563,0.06525253972909556,0.04865097722909556,0.019109961604095563,0.012518164729095563,0.03619980535409556,0.03619980535409556,0.07672714910409556,2.847967050181155e-05,0.08429550847909556,0.04596543035409556,0.023992774104095563,0.04035019597909556,0.04425644597909556,0.026190039729095563,0.0017759772290955635,-0.014825585270904437,-0.014825585270904437,-0.012872460270904437,-0.0045716790209044365,-0.0070130852709044365,-0.028497460270904437,-0.03923964777090444,-0.021905663395904437,-0.0070130852709044365,-0.012140038395904437,-0.03215956964590444,-0.03215956964590444,-0.03997206964590444,-0.024102929020904437,-0.0018861321459044365,0.010565039729095563,0.0005552741040955635,-0.009210350895904437,0.010076758479095563,0.03156113347909556,0.04376816472909556,0.03815293035409556,0.03815293035409556,0.026434180354095563,0.023992774104095563,0.04108261785409556,0.05866074285409556,0.030828711604095563,0.0020201178540955635,-0.011163475895904437,-0.0053041008959044365,-0.00017714777090443654,-0.00017714777090443654,-0.015069725895904437,-0.04339003839590444,-0.06267714777090444,-0.06267714777090444,-0.05730605402090444,-0.06389785089590444,-0.05828261652090444,-0.05388808527090444,-0.05364394464590444,-0.05364394464590444,-0.05535292902090444,-0.04534316339590444,-0.017022850895904437,0.0010435553540955635,-0.04143691339590444,-0.03460097589590444,0.0047056647290955635,0.03229355535409556,0.03400253972909556,0.027410742854095563,0.027410742854095563,0.020330664729095563,0.028875586604095563,0.05426621160409556,0.07575058660409556,0.04791855535409556,0.018133399104095563,-0.011651757145904437,-0.020440819645904437,6.699285409556346e-05,6.699285409556346e-05,0.009344336604095563,-0.011651757145904437,-0.03728652277090444,-0.04876113214590444,-0.03948378839590444,-0.03826308527090444,-0.03313613214590444,-0.028497460270904437,-0.026056054020904437,-0.029474022770904437,-0.029474022770904437,-0.03215956964590444,-0.019708397770904437,0.0029966803540955635,0.008367774104095563,-0.0057923821459044365,0.0034849616040955635,0.030828711604095563,0.05475449285409556,0.05939316472909556,0.05939316472909556,0.05426621160409556,0.06207871160409556,0.07623886785409556,0.08209824285409556,0.04327988347909556,0.027410742854095563,0.026678320979095563,0.03400253972909556,0.024236914729095563,0.024236914729095563,-0.0043275383959044365,-0.03313613214590444,-0.04607558527090444,-0.03826308527090444,-0.04143691339590444,-0.06365371027090444,-0.06926894464590444,-0.06218886652090444,-0.04436660089590444,-0.03850722589590444,-0.03850722589590444,-0.04924941339590444,-0.05535292902090444,-0.03923964777090444,-0.013604882145904437,-0.0016419915209044365,-0.011407616520904437,-0.013116600895904437,0.008611914729095563,0.04132675847909556,0.04132675847909556,0.05548691472909556,0.05548691472909556,0.04645371160409556,0.04279160222909556,0.05597519597909556,0.06842636785409556,0.04669785222909556,0.030096289729095563,0.014959570979095563,-0.008233788395904437,-0.008233788395904437,-0.029718163395904437,-0.03630996027090444,-0.028985741520904437,-0.019952538395904437,-0.05071425714590444,-0.07439589777090444,-0.07512831964590444,-0.05193496027090444,-0.03191542902090444,-0.026544335270904437,-0.026544335270904437,-0.03460097589590444,-0.04485488214590444,-0.03142714777090444,0.0034849616040955635,0.026922461604095563,0.0017759772290955635,-0.017266991520904437,-0.0053041008959044365,0.03986191472909556,0.03986191472909556,0.08331894597909556,2.847967050181155e-05,0.06720566472909556,0.04035019597909556,0.07501816472909556,0.08771347722909556,0.06769394597909556,0.03204941472909556,0.0044615241040955635,0.0044615241040955635,0.0056822272290955635,0.014959570979095563,0.0059263678540955635,-0.016046288395904437,-0.04973769464590444,-0.021661522770904437,-0.024347069645904437,-0.05877089777090444,-0.07512831964590444,-0.06145644464590444,-0.06145644464590444,-0.04168105402090444,-0.024835350895904437,-0.03142714777090444,-0.04241347589590444,0.010809180354095563,0.010565039729095563,-0.011651757145904437,-0.016046288395904437,-0.0035951165209044365,0.029363867854095563,0.029363867854095563,0.05377793035409556,0.06183457097909556,0.05475449285409556,0.04572128972909556,0.04987168035409556,0.05353378972909556,0.04816269597909556,0.027654883479095563,0.013983008479095563,0.013983008479095563,0.024236914729095563,0.018133399104095563,-0.016534569645904437,-0.04900527277090444,-0.04192519464590444,-0.027765038395904437,-0.03826308527090444,-0.06267714777090444,2.847967050181155e-05,2.847967050181155e-05,2.847967050181155e-05,-0.06096816339590444,-0.03826308527090444,-0.04363417902090444,-0.05730605402090444,-0.020929100895904437,-0.0006654290209044365,0.0066587897290955635,-0.0038392571459044365,-0.017755272770904437,-0.011895897770904437,0.016180274104095563,0.04620957097909556,0.04620957097909556,0.06696152410409556,0.06696152410409556,0.04523300847909556,0.03717636785409556,0.04889511785409556,0.06940293035409556,0.06915878972909556,0.012762305354095563,0.0032408209790955635,0.008123633479095563,0.0042173834790955635,-0.0038392571459044365,-0.019464257145904437,-0.019464257145904437,-0.03655410089590444,-0.04387831964590444,-0.03899550714590444,-0.04339003839590444,-0.03948378839590444,-0.04607558527090444,-0.05462050714590444,-0.05559706964590444,-0.03728652277090444,-0.0050599602709044365,-0.0050599602709044365,0.022039649104095563,0.012029883479095563,-0.014825585270904437,-0.0077455071459044365,0.05548691472909556,0.06012558660409556,0.04767441472909556,0.04401230535409556,0.06134628972909556,0.06134628972909556,0.08209824285409556,0.08112168035409556,0.07404160222909556,0.06305527410409556,0.04791855535409556,0.03766464910409556,0.03302597722909556,0.022283789729095563,-0.0031068352709044365,-0.03215956964590444,-0.03215956964590444,-0.03972792902090444,-0.027520897770904437,-0.021661522770904437,-0.07048964777090444,-0.08025527277090444,-0.06267714777090444,-0.03997206964590444,-0.04265761652090444,-0.06804824152090444,-0.06804824152090444,-0.07781386652090444,-0.04534316339590444,-0.0031068352709044365,0.0054380866040955635,-0.024102929020904437,-0.011163475895904437,0.010809180354095563,0.026678320979095563,0.03473496160409556,0.03473496160409556,0.04767441472909556,0.06403183660409556,0.06696152410409556,0.05768418035409556,0.04376816472909556,0.05621933660409556,0.04840683660409556,0.027899024104095563,0.010076758479095563,0.0059263678540955635,0.0059263678540955635,0.0039732428540955635,-0.0026185540209044365,-0.025079491520904437,-0.04216933527090444,-0.04119277277090444,-0.03875136652090444,-0.04998183527090444,-0.05925917902090444,-0.05974746027090444,-0.05974746027090444,-0.04827285089590444,-0.03972792902090444,-0.03753066339590444,-0.03655410089590444,-0.04143691339590444,-0.011407616520904437,0.014959570979095563,0.020086524104095563,0.009588477229095563,0.009588477229095563,-0.009942772770904437,-0.008722069645904437,0.021795508479095563,0.06622910222909556,0.04840683660409556,0.028143164729095563,0.03619980535409556,0.06110214910409556,0.07697128972909556,0.06134628972909556,0.06134628972909556,0.025457617854095563,0.009832617854095563,0.024725195979095563,-0.0075013665209044365,-0.03264785089590444,-0.04339003839590444,-0.03582167902090444,-0.026788475895904437,-0.03630996027090444,-0.03630996027090444,-0.06047988214590444,-0.07293105402090444,-0.06609511652090444,-0.05559706964590444,-0.04851699152090444,-0.04973769464590444,-0.030938866520904437,-0.0043275383959044365,-0.0006654290209044365,-0.0006654290209044365,0.0010435553540955635,0.0051939459790955635,0.0012876959790955635,0.0032408209790955635,0.03961777410409556,0.05914902410409556,0.07306503972909556,0.07037949285409556,0.05304550847909556,0.05304550847909556,0.05304550847909556,0.06598496160409556,0.06793808660409556,0.06207871160409556,0.05939316472909556,0.03327011785409556,-0.013849022770904437,-0.03923964777090444,-0.018487694645904437,-0.0035951165209044365,-0.0035951165209044365,-0.009698632145904437,-0.03557753839590444,-0.07854628839590444,2.847967050181155e-05,-0.05022597589590444,-0.05291152277090444,-0.05901503839590444,-0.06170058527090444,-0.05071425714590444,-0.05071425714590444,-0.021905663395904437,-0.0021302727709044365,-0.011651757145904437,-0.017755272770904437,0.0071470709790955635,0.018621680354095563,0.03253769597909556,0.03497910222909556,0.03156113347909556,0.03864121160409556,0.03864121160409556,0.04889511785409556,0.06818222722909556,0.07794785222909556,0.06574082097909556,0.03961777410409556,0.03449082097909556,0.03424668035409556,0.024969336604095563,0.0034849616040955635,0.0034849616040955635,-0.013116600895904437,-0.014093163395904437,-0.0050599602709044365,-0.0062806633959044365,-0.06218886652090444,-0.08123183527090444,-0.07610488214590444,-0.05706191339590444,-0.04119277277090444,-0.03533339777090444,-0.03533339777090444,-0.04363417902090444,-0.05535292902090444,-0.04876113214590444,-0.020440819645904437,0.0017759772290955635,-0.016046288395904437,-0.015802147770904437,-0.0023744133959044365,0.021063086604095563,0.04547714910409556,0.04547714910409556,0.05133652410409556,0.03595566472909556,0.021551367854095563,0.031072852229095563,0.08307480535409556,0.07086777410409556,0.04620957097909556,0.026922461604095563,0.028143164729095563,0.04303574285409556,0.04303574285409556,0.03864121160409556,0.017889258479095563,-0.015313866520904437,-0.03679824152090444,-0.027276757145904437,-0.026544335270904437,-0.04998183527090444,-0.07879042902090444,2.847967050181155e-05,2.847967050181155e-05,-0.06218886652090444,-0.022638085270904437,-0.023858788395904437,-0.07634902277090444,-0.06609511652090444,-0.011895897770904437,0.025701758479095563,0.027410742854095563,0.0069029303540955635,-0.020196679020904437,-0.020196679020904437,-0.020929100895904437,0.0044615241040955635,0.03986191472909556,0.05328964910409556,0.04913925847909556,0.04474472722909556,0.05939316472909556,0.08380722722909556,0.08429550847909556,0.06085800847909556,0.06085800847909556,0.03717636785409556,0.03351425847909556,0.031072852229095563,-0.0072572258959044365,-0.020196679020904437,-0.025323632145904437,-0.018243554020904437,-0.021905663395904437,-0.05339980402090444,-0.05339980402090444,-0.08538222589590444,-0.08049941339590444,-0.05486464777090444,-0.04021621027090444,-0.05022597589590444,-0.05632949152090444,-0.05047011652090444,-0.028253319645904437,-0.0035951165209044365,-0.0035951165209044365,-0.0031068352709044365,-0.014825585270904437,-0.009210350895904437,0.009100195979095563,0.029119727229095563,0.03180527410409556,0.03302597722909556,0.03473496160409556,0.04743027410409556,0.04743027410409556,0.06574082097909556,0.06915878972909556,0.06378769597909556,0.06256699285409556,0.03839707097909556,0.03400253972909556,0.028875586604095563,0.015691992854095563,0.0027525397290955635,-0.021661522770904437,-0.021661522770904437,-0.04290175714590444,-0.04631972589590444,-0.04168105402090444,-0.05681777277090444,-0.06389785089590444,-0.06340956964590444,-0.05535292902090444,-0.05217910089590444,-0.05584121027090444,-0.06145644464590444,-0.05144667902090444,-0.023126366520904437,-0.0043275383959044365,-0.0043275383959044365,-0.0077455071459044365,-0.0062806633959044365,0.008856055354095563,0.015203711604095563,0.0025083991040955635,0.025213477229095563,0.05377793035409556,0.06354355535409556,0.05524277410409556,0.04327988347909556,0.04840683660409556,0.06842636785409556,0.06842636785409556,0.06940293035409556,0.05035996160409556,0.023016211604095563,0.029608008479095563,0.03766464910409556,0.024481055354095563,-0.0013978508959044365,-0.021173241520904437,-0.03167128839590444,-0.03167128839590444,-0.028009179020904437,-0.024102929020904437,-0.029229882145904437,-0.08074355402090444,-0.07927871027090444,-0.04631972589590444,-0.014581444645904437,-0.012872460270904437,-0.04363417902090444,-0.07048964777090444,-0.07048964777090444,-0.04851699152090444,0.0059263678540955635,0.03327011785409556,-0.0055482415209044365,-0.015558007145904437,0.0061705084790955635,0.04962753972909556,0.07233261785409556,0.05597519597909556,0.05597519597909556,0.030828711604095563,0.026678320979095563,0.04938339910409556,2.847967050181155e-05,0.07428574285409556,0.03815293035409556,0.014715430354095563,0.022772070979095563,0.03253769597909556,0.03253769597909556,0.018621680354095563,-0.010186913395904437,-0.04070449152090444,-0.028497460270904437,-0.023614647770904437,-0.04827285089590444,-0.08464980402090444,2.847967050181155e-05,-0.07610488214590444,-0.04363417902090444,-0.04363417902090444,-0.04168105402090444,-0.05584121027090444,-0.06902480402090444,-0.03167128839590444,0.013494727229095563,0.021795508479095563,0.00031113347909556346,-0.014581444645904437,-0.011651757145904437,-0.011651757145904437,0.0032408209790955635,0.029608008479095563,0.05158066472909556,0.03278183660409556,0.03668808660409556,0.05695175847909556,0.07160019597909556,0.07306503972909556,0.06354355535409556,0.06354355535409556,0.04059433660409556,0.017400977229095563,0.020086524104095563,0.03790878972909556,0.016912695979095563,-0.020929100895904437,-0.04290175714590444,-0.030938866520904437,-0.016534569645904437,-0.016534569645904437,-0.04021621027090444,-0.07708144464590444,2.847967050181155e-05,-0.03630996027090444,-0.022149804020904437,-0.04265761652090444,-0.07293105402090444,-0.06878066339590444,-0.017511132145904437,0.026190039729095563,0.026190039729095563,0.020574805354095563,-0.00042128839590443654,-0.008722069645904437,0.025701758479095563,0.04205918035409556,0.03961777410409556,0.03937363347909556,0.04889511785409556,0.05548691472909556,0.05548691472909556,0.06134628972909556,0.06720566472909556,0.07233261785409556,0.07111191472909556,0.07868027410409556,0.08576035222909556,0.08429550847909556,0.05792832097909556,0.028387305354095563,0.028387305354095563,-0.0070130852709044365,-0.029229882145904437,-0.020929100895904437,-0.017511132145904437,-0.04241347589590444,-0.06121230402090444,-0.06853652277090444,-0.06707167902090444,-0.05925917902090444,-0.05925917902090444,-0.05559706964590444,-0.05852675714590444,-0.05413222589590444,-0.017511132145904437,-0.010675194645904437,-0.013849022770904437,-0.025567772770904437,-0.03289199152090444,-0.019708397770904437,0.008611914729095563,0.008611914729095563,0.025945899104095563,0.021307227229095563,-0.0023744133959044365,-0.017022850895904437,0.020574805354095563,0.06354355535409556,0.07526230535409556,0.04840683660409556,0.0012876959790955635,0.0012876959790955635,-0.026544335270904437,-0.0033509758959044365,0.03180527410409556,0.014227149104095563,-0.017999413395904437,-0.03362441339590444,-0.028253319645904437,-0.019952538395904437,-0.016778710270904437,-0.016778710270904437,-0.029474022770904437,-0.04485488214590444,-0.05217910089590444,-0.04094863214590444,-0.03411269464590444,-0.03167128839590444,-0.030938866520904437,-0.03801894464590444,-0.03313613214590444,-0.012628319645904437,-0.012628319645904437,0.0037291022290955635,0.0039732428540955635,-0.0040833977709044365,0.008123633479095563,0.016424414729095563,0.020818945979095563,0.019842383479095563,0.017400977229095563,0.022283789729095563,0.022283789729095563,0.029119727229095563,0.04059433660409556,0.04083847722909556,0.013983008479095563,0.022527930354095563,0.03253769597909556,0.029608008479095563,0.015936133479095563,0.014959570979095563,0.014959570979095563,0.018865820979095563,0.020574805354095563,0.018133399104095563,0.011053320979095563,0.00031113347909556346,-0.0040833977709044365,-0.0016419915209044365,-0.0028626946459044365,-0.00042128839590443654,-0.00042128839590443654,0.0029966803540955635,0.0051939459790955635,0.0073912116040955635,-0.009454491520904437,-0.0050599602709044365,0.0059263678540955635,0.014227149104095563,0.0054380866040955635,-0.012140038395904437,-0.012140038395904437,-0.016290429020904437,-0.008477929020904437,0.0005552741040955635,0.0020201178540955635,-0.008722069645904437,-0.019708397770904437,-0.030938866520904437,-0.022149804020904437,-0.0050599602709044365,0.00031113347909556346,0.00031113347909556346,-0.0040833977709044365,-0.010919335270904437,-0.013116600895904437,-0.0057923821459044365,-0.0048158196459044365,-0.012140038395904437,-0.012384179020904437,-0.0075013665209044365,-0.0021302727709044365,-0.0021302727709044365,-0.0009095696459044365,-0.009210350895904437,-0.017511132145904437,0.008123633479095563,0.017889258479095563,0.011541602229095563,-0.0028626946459044365,-0.012872460270904437,-0.011651757145904437,-0.011651757145904437,-0.0009095696459044365,0.010320899104095563,0.011541602229095563,-0.0057923821459044365,-0.014825585270904437,-0.011163475895904437,0.0005552741040955635,0.0054380866040955635,0.0056822272290955635,0.0056822272290955635,0.0010435553540955635,-0.00017714777090443654,0.0037291022290955635,0.011541602229095563,0.015447852229095563,0.012762305354095563,0.009100195979095563,0.008611914729095563,0.009832617854095563,0.018133399104095563,0.018133399104095563,0.023992774104095563,0.022039649104095563,0.017400977229095563,0.014715430354095563,0.015203711604095563,0.016180274104095563,0.016180274104095563,0.017156836604095563,0.014227149104095563,0.014227149104095563,0.0076353522290955635,0.0027525397290955635,-0.0040833977709044365,-0.0013978508959044365,6.699285409556346e-05,-0.0018861321459044365,-0.0048158196459044365,0.0025083991040955635,0.021307227229095563,0.021307227229095563,0.03937363347909556,0.029119727229095563,-0.020440819645904437,-0.07708144464590444,-0.023858788395904437,0.03253769597909556,0.04035019597909556,-0.008966210270904437,-0.06755996027090444,-0.06755996027090444,-0.08025527277090444,-0.04314589777090444,0.0012876959790955635,0.011785742854095563,-0.013116600895904437,-0.031183007145904437,-0.017999413395904437,0.020574805354095563,0.04352402410409556,0.030340430354095563,0.030340430354095563,-0.00042128839590443654,-0.0067689446459044365,0.016424414729095563,0.04327988347909556,0.008123633479095563,-0.020684960270904437,-0.0075013665209044365,0.03912949285409556,0.06989121160409556,0.06989121160409556,0.05182480535409556,0.0012876959790955635,-0.04339003839590444,0.03351425847909556,0.07452988347909556,0.05695175847909556,-0.0031068352709044365,-0.05413222589590444,-0.04827285089590444,-0.04827285089590444,0.011053320979095563,0.07404160222909556,0.08160996160409556,-0.06292128839590444,-0.08782363214590444,-0.025323632145904437,0.06207871160409556,0.08698105535409556,0.024969336604095563,-0.06145644464590444,-0.06145644464590444,2.847967050181155e-05,-0.04070449152090444,0.07965683660409556,0.03131699285409556,-0.05706191339590444,2.847967050181155e-05,-0.03875136652090444,0.04157089910409556,0.06061386785409556,0.06061386785409556,0.0051939459790955635,-0.05291152277090444,-0.05901503839590444,0.029608008479095563,0.03864121160409556,0.009100195979095563,-0.03338027277090444,-0.05632949152090444,-0.03289199152090444,-0.03289199152090444,0.022772070979095563,0.04889511785409556,0.012029883479095563,-0.04656386652090444,-0.023858788395904437,0.0051939459790955635,0.011541602229095563,-0.015069725895904437,-0.06145644464590444,-0.06145644464590444,-0.07024550714590444,-0.025567772770904437,0.015203711604095563,-0.04412246027090444,-0.08025527277090444,-0.08098769464590444,-0.03997206964590444,0.015203711604095563,0.025213477229095563,-0.023370507145904437,-0.023370507145904437,-0.07219863214590444,-0.07927871027090444,0.010320899104095563,0.03131699285409556,-0.0009095696459044365,-0.05315566339590444,-0.06194472589590444,-0.030450585270904437,0.015691992854095563,0.015691992854095563,0.04913925847909556,0.04254746160409556,-0.04558730402090444,-0.026788475895904437,0.019842383479095563,0.05182480535409556,0.03375839910409556,-0.014337304020904437,-0.03728652277090444,-0.03728652277090444,-0.014337304020904437,0.03571152410409556,0.011541602229095563,-0.026300194645904437,-0.03215956964590444,-0.0021302727709044365,0.04108261785409556,0.06842636785409556,0.05133652410409556,0.05133652410409556,0.008611914729095563,-0.021417382145904437,-0.0072572258959044365,0.07648300847909556,0.05841660222909556,0.012762305354095563,-0.019708397770904437,-0.009942772770904437,0.029608008479095563,0.05695175847909556,0.05695175847909556,0.04840683660409556,0.010809180354095563,-0.027032616520904437,0.0039732428540955635,0.03546738347909556,0.04865097722909556,0.013006445979095563,-0.05242324152090444,-0.06682753839590444,-0.06682753839590444,-0.009698632145904437,0.05182480535409556,0.019354102229095563,-0.03997206964590444,-0.04729628839590444,0.0005552741040955635,0.04474472722909556,0.04547714910409556,0.016180274104095563,0.016180274104095563,-0.022149804020904437,-0.04143691339590444,-0.013849022770904437,0.04865097722909556,0.023504492854095563,-0.021661522770904437,-0.05339980402090444,-0.020196679020904437,0.04938339910409556,0.04938339910409556,0.07306503972909556,0.028143164729095563,-0.03997206964590444,-0.008477929020904437,0.05206894597909556,0.06793808660409556,0.029608008479095563,-0.018487694645904437,-0.03826308527090444,-0.029474022770904437,0.009832617854095563,0.03473496160409556,0.03473496160409556,0.016180274104095563,-0.008722069645904437,0.0005552741040955635,0.0005552741040955635,-0.018975975895904437,0.0076353522290955635,-0.008233788395904437,-0.011651757145904437,-0.011651757145904437,0.0025083991040955635,0.0039732428540955635,0.0056822272290955635,0.0042173834790955635,-0.0009095696459044365,0.009588477229095563,0.020330664729095563,-0.0040833977709044365,-0.029718163395904437,-0.029718163395904437,-0.012628319645904437,0.009588477229095563,0.013983008479095563,0.016912695979095563,-0.0028626946459044365,-0.027032616520904437,-0.021173241520904437,0.009344336604095563,0.03180527410409556,0.03180527410409556,0.03839707097909556,0.013738867854095563,-0.028009179020904437,0.013738867854095563,0.05060410222909556,0.04987168035409556,0.025945899104095563,-0.0070130852709044365,-0.030694725895904437,-0.023126366520904437,-0.023126366520904437,0.019354102229095563,0.04840683660409556,-0.0070130852709044365,-0.017022850895904437,-0.0040833977709044365,0.0054380866040955635,0.008123633479095563,0.010320899104095563,0.008123633479095563,0.008123633479095563,-0.0043275383959044365,-0.0026185540209044365,0.008123633479095563,0.009100195979095563,-0.0053041008959044365,-0.0077455071459044365,-0.012140038395904437,-0.0006654290209044365,0.0029966803540955635,-0.018243554020904437,-0.04436660089590444,-0.04436660089590444,-0.03948378839590444,-0.0023744133959044365,-0.010919335270904437,-0.04216933527090444,-0.03923964777090444,-0.018243554020904437,-0.008722069645904437,-0.0062806633959044365,-0.0048158196459044365,-0.0048158196459044365,-0.0060365227709044365,-0.016290429020904437,-0.020929100895904437,-0.0031068352709044365,0.0056822272290955635,-0.011407616520904437,-0.03264785089590444,-0.03338027277090444,-0.015802147770904437,-0.015802147770904437,0.009100195979095563,6.699285409556346e-05,-0.05657363214590444,-0.03753066339590444,-0.0033509758959044365,0.0059263678540955635,-0.0023744133959044365,-0.010919335270904437,-0.018975975895904437,-0.018975975895904437,-0.026300194645904437,-0.03313613214590444,0.010076758479095563,0.009344336604095563,-0.0062806633959044365,-0.013116600895904437,-0.0013978508959044365,0.013250586604095563,0.012029883479095563,0.0015318366040955635,0.0015318366040955635,-0.0035951165209044365,0.0069029303540955635,0.015936133479095563,0.0020201178540955635,0.0005552741040955635,0.0027525397290955635,0.009100195979095563,0.023504492854095563,0.03204941472909556,0.03204941472909556,0.019354102229095563,-0.00017714777090443654,0.008123633479095563,0.027166602229095563,0.03693222722909556,0.03253769597909556,0.017889258479095563,0.0020201178540955635,0.0039732428540955635,0.027654883479095563,0.027654883479095563,0.04743027410409556,0.04425644597909556,0.009344336604095563,0.020086524104095563,0.03497910222909556,0.03253769597909556,0.023260352229095563,0.021063086604095563,0.020330664729095563,0.019842383479095563,0.025213477229095563,0.025213477229095563,0.0034849616040955635,-0.0026185540209044365,-0.0006654290209044365,-0.0026185540209044365,-0.0026185540209044365,0.0029966803540955635,0.009588477229095563,0.0015318366040955635,-0.027765038395904437,-0.018243554020904437,-0.0028626946459044365,-0.00042128839590443654,-0.017511132145904437,-0.03289199152090444,-0.020196679020904437,-0.020196679020904437,0.013494727229095563,0.012518164729095563,-0.019952538395904437,-0.028741600895904437,6.699285409556346e-05,0.028631445979095563,0.030096289729095563,0.0061705084790955635,0.0061705084790955635,-0.024102929020904437,-0.021905663395904437,-0.0033509758959044365,0.017645117854095563,-0.0043275383959044365,-0.028009179020904437,-0.026788475895904437,-0.010675194645904437,-0.010186913395904437,-0.015313866520904437,-0.015313866520904437,-0.021173241520904437,-0.029474022770904437,-0.020684960270904437,-0.0055482415209044365,-0.0050599602709044365,-0.024835350895904437,-0.04607558527090444,-0.04949355402090444,-0.029474022770904437,-0.029474022770904437,-0.0043275383959044365,0.0054380866040955635,-0.03289199152090444,-0.04534316339590444,-0.030206444645904437,0.009100195979095563,0.030584570979095563,0.0071470709790955635,-0.03606581964590444,-0.03606581964590444,-0.04168105402090444,-0.0055482415209044365,0.027166602229095563,-0.0013978508959044365,-0.023614647770904437,-0.018731835270904437,0.0051939459790955635,0.03180527410409556,0.03888535222909556,0.03888535222909556,0.010320899104095563,-0.020196679020904437,0.023992774104095563,0.04962753972909556,0.04352402410409556,0.017156836604095563,-0.010431054020904437,-0.0006654290209044365,0.029608008479095563,0.029608008479095563,0.04718613347909556,0.027410742854095563,0.0012876959790955635,0.03278183660409556,0.05060410222909556,0.03668808660409556,0.0012876959790955635,-0.027276757145904437,-0.017022850895904437,-0.017022850895904437,0.019354102229095563,0.04181503972909556,-0.020929100895904437,-0.04973769464590444,-0.03582167902090444,0.0032408209790955635,0.025457617854095563,0.00031113347909556346,-0.04436660089590444,-0.04436660089590444,-0.05852675714590444,-0.03167128839590444,0.009344336604095563,-0.011651757145904437,-0.03411269464590444,-0.03777480402090444,-0.018243554020904437,0.013738867854095563,0.025945899104095563,0.025945899104095563,0.012029883479095563,-0.012628319645904437,0.0039732428540955635,0.03571152410409556,0.04523300847909556,0.027410742854095563,-0.0033509758959044365,-0.015069725895904437,0.0051939459790955635,0.04059433660409556,0.04059433660409556,0.04962753972909556,0.019598242854095563,-0.029962304020904437,-0.009942772770904437,0.008367774104095563,0.015203711604095563,0.0022642584790955635,-0.019708397770904437,-0.04363417902090444,-0.04363417902090444,-0.04754042902090444,-0.03240371027090444,0.0012876959790955635,-0.008966210270904437,-0.028009179020904437,-0.04436660089590444,-0.03777480402090444,-0.021905663395904437,-0.011651757145904437,-0.011651757145904437,-0.015802147770904437,-0.024835350895904437,-0.00017714777090443654,0.021307227229095563,0.015936133479095563,-0.0033509758959044365,0.0010435553540955635,0.025945899104095563,0.03839707097909556,0.03839707097909556,0.03473496160409556,0.03253769597909556,0.04059433660409556,0.04010605535409556,0.03937363347909556,0.04474472722909556,0.04279160222909556,0.029119727229095563,0.008856055354095563,0.008856055354095563,0.011053320979095563,0.029852149104095563,0.027166602229095563,-0.0021302727709044365,-0.017266991520904437,-0.026544335270904437,-0.022638085270904437,-0.0011537102709044365,0.0064146491040955635,0.0064146491040955635,-0.009942772770904437,-0.04094863214590444,-0.06487441339590444,-0.04656386652090444,-0.021905663395904437,-0.011163475895904437,-0.021905663395904437,-0.03923964777090444,-0.03411269464590444,-0.03411269464590444,-0.013360741520904437,-0.0060365227709044365,-0.0045716790209044365,0.013983008479095563,0.03229355535409556,0.03815293035409556,0.03327011785409556,0.023992774104095563,0.021307227229095563,0.021307227229095563,0.022039649104095563,0.027410742854095563,0.03766464910409556,0.026678320979095563,0.0007994147290955635,-0.018731835270904437,-0.0050599602709044365,0.030584570979095563,0.03644394597909556,0.03644394597909556,-0.0050599602709044365,-0.05071425714590444,-0.015558007145904437,0.0066587897290955635,-0.0062806633959044365,-0.03777480402090444,-0.05950331964590444,-0.06438613214590444,-0.05828261652090444,-0.05828261652090444,-0.04216933527090444,-0.022393944645904437,-0.010919335270904437,-0.023126366520904437,-0.026788475895904437,-0.009942772770904437,0.014471289729095563,0.021551367854095563,0.0054380866040955635,0.0054380866040955635,-0.0035951165209044365,0.016912695979095563,0.05475449285409556,0.03790878972909556,0.014959570979095563,0.009588477229095563,0.016668555354095563,0.031072852229095563,0.03790878972909556,0.015447852229095563,0.015447852229095563,-0.008477929020904437,0.013006445979095563,0.020818945979095563,0.0061705084790955635,-0.027520897770904437,-0.04680800714590444,-0.03484511652090444,-0.012628319645904437,-0.008966210270904437,-0.008966210270904437,-0.03142714777090444,-0.05510878839590444,-0.04241347589590444,-0.019220116520904437,-0.0026185540209044365,0.0032408209790955635,-0.0031068352709044365,-0.008477929020904437,0.0032408209790955635,0.0032408209790955635,0.017400977229095563,0.017645117854095563,0.03912949285409556,0.05524277410409556,0.05206894597909556,0.03571152410409556,0.022039649104095563,0.022039649104095563,0.03619980535409556,0.03619980535409556,0.04816269597909556,0.04596543035409556,0.0049498053540955635,0.0061705084790955635,0.014959570979095563,0.011053320979095563,-0.0031068352709044365,-0.009698632145904437,-0.021905663395904437,-0.021905663395904437,-0.021661522770904437,-0.018487694645904437,-0.030450585270904437,-0.03240371027090444,-0.029718163395904437,-0.025079491520904437,-0.016778710270904437,-0.009942772770904437,0.0020201178540955635,0.0020201178540955635,0.012762305354095563,0.008856055354095563,-0.0043275383959044365,0.0049498053540955635,0.019598242854095563,0.020818945979095563,0.011541602229095563,0.009100195979095563,0.008611914729095563,0.008611914729095563,0.0054380866040955635,0.0017759772290955635,-0.0040833977709044365,-0.0075013665209044365,-0.0023744133959044365,0.0005552741040955635,0.0049498053540955635,-0.008233788395904437,-0.025323632145904437,0.0005552741040955635,-0.030450585270904437,-0.018975975895904437,-0.028741600895904437,-0.03630996027090444,-0.03630996027090444,-0.03313613214590444,-0.03313613214590444,-0.010919335270904437,0.019598242854095563,0.015936133479095563,-0.009454491520904437,-0.014093163395904437,0.012518164729095563,0.04279160222909556,0.05280136785409556,0.03912949285409556,0.023016211604095563,0.023016211604095563,0.011785742854095563,0.010320899104095563,0.012762305354095563,0.018621680354095563,0.022283789729095563,0.0064146491040955635,-0.0040833977709044365,-0.00042128839590443654,-0.00042128839590443654,0.0007994147290955635,-0.013849022770904437,-0.025567772770904437,-0.013116600895904437,-0.020440819645904437,-0.028985741520904437,-0.018975975895904437,-0.019220116520904437,-0.011651757145904437,0.008856055354095563,0.008856055354095563,0.020818945979095563,0.016668555354095563,0.0066587897290955635,0.021307227229095563,0.03961777410409556,0.04645371160409556,0.03424668035409556,0.020818945979095563,0.012274024104095563,0.0037291022290955635,0.009832617854095563,0.019354102229095563,0.019354102229095563,0.014959570979095563,0.0071470709790955635,-0.013849022770904437,-0.016778710270904437,-0.012872460270904437,-0.012628319645904437,-0.029229882145904437,-0.03728652277090444,-0.03557753839590444,-0.03557753839590444,-0.03191542902090444,-0.027520897770904437,-0.03411269464590444,-0.028985741520904437,-0.011407616520904437,0.012518164729095563,0.019354102229095563,0.0039732428540955635,-0.0040833977709044365,-0.0040833977709044365,0.009344336604095563,0.026922461604095563,0.03619980535409556,0.026922461604095563,0.014715430354095563,0.011053320979095563,0.015447852229095563,0.019842383479095563,0.014715430354095563,0.0022642584790955635,0.0022642584790955635,-0.0011537102709044365,-0.0035951165209044365,-0.010186913395904437,-0.012140038395904437,-0.012872460270904437,-0.017511132145904437,-0.018975975895904437,-0.016534569645904437,-0.014337304020904437,-0.016290429020904437,-0.010431054020904437,0.0054380866040955635,0.0054380866040955635,0.021551367854095563,0.017156836604095563,0.021307227229095563,0.023260352229095563,0.025945899104095563,0.026678320979095563,0.020574805354095563,0.019354102229095563,0.017400977229095563,0.017400977229095563,0.008856055354095563,0.0051939459790955635,-0.0011537102709044365,-0.013849022770904437,-0.022149804020904437,-0.015802147770904437,-0.011163475895904437,-0.024835350895904437,-0.03777480402090444,-0.03557753839590444,-0.012384179020904437,-0.0026185540209044365,-0.0026185540209044365,-0.026544335270904437,-0.04046035089590444,0.010809180354095563,0.03497910222909556,0.023504492854095563,0.0020201178540955635,-0.0011537102709044365,0.013738867854095563,0.029119727229095563,0.029119727229095563,0.030828711604095563,0.020086524104095563,-0.0075013665209044365,0.0029966803540955635,0.012518164729095563,0.010565039729095563,-0.0072572258959044365,-0.025079491520904437,-0.03191542902090444,-0.023614647770904437,-0.011895897770904437,-0.011895897770904437,-0.0075013665209044365,-0.015802147770904437,-0.04094863214590444,-0.022638085270904437,6.699285409556346e-05,0.011053320979095563,0.0005552741040955635,-0.0075013665209044365,0.0049498053540955635,0.021307227229095563,0.021307227229095563,0.03327011785409556,0.024236914729095563,0.010320899104095563,0.025213477229095563,0.028631445979095563,0.022527930354095563,0.013006445979095563,0.0066587897290955635,-0.0055482415209044365,-0.013604882145904437,-0.013604882145904437,-0.0038392571459044365,0.012762305354095563,-0.026788475895904437,-0.06121230402090444,-0.05462050714590444,-0.008233788395904437,0.017889258479095563,0.0066587897290955635,-0.013849022770904437,-0.013849022770904437,0.0066587897290955635,0.027899024104095563,0.027899024104095563,0.031072852229095563,0.03229355535409556,0.03156113347909556,0.018133399104095563,0.008856055354095563,0.011297461604095563,0.018377539729095563,0.021551367854095563,0.0044615241040955635,0.0044615241040955635,-0.013849022770904437,-0.0031068352709044365,0.0007994147290955635,-0.014825585270904437,-0.03411269464590444,-0.04290175714590444,-0.029474022770904437,-0.009942772770904437,-0.009942772770904437,-0.023370507145904437,-0.022393944645904437,-0.022393944645904437,-0.0045716790209044365,0.0056822272290955635,0.028875586604095563,0.025457617854095563,0.019354102229095563,0.017889258479095563,0.009588477229095563,0.0059263678540955635,0.017645117854095563,0.019842383479095563,0.019842383479095563,0.0051939459790955635,-0.023858788395904437,-0.013604882145904437,0.0076353522290955635,0.0076353522290955635,-0.016290429020904437,-0.03215956964590444,-0.04094863214590444,-0.03972792902090444,-0.021661522770904437,-0.021661522770904437,-0.010675194645904437,-0.0035951165209044365,-0.0028626946459044365,-0.0050599602709044365,0.0066587897290955635,0.026922461604095563,0.03864121160409556,0.030340430354095563,0.022283789729095563,0.022283789729095563,0.013738867854095563,0.022283789729095563,0.0005552741040955635,0.020330664729095563,-0.03606581964590444,-0.023614647770904437,0.010320899104095563,0.025457617854095563,-0.0016419915209044365,-0.04216933527090444,-0.06755996027090444,-0.05632949152090444,-0.05632949152090444,-0.014581444645904437,0.029608008479095563,-0.0006654290209044365,-0.031183007145904437,-0.015558007145904437,0.03546738347909556,0.06403183660409556,0.04743027410409556,0.022527930354095563,0.022527930354095563,0.008367774104095563,0.008611914729095563,0.019598242854095563,0.03693222722909556,0.019109961604095563,-0.0045716790209044365,-0.017511132145904437,-0.0072572258959044365,0.0010435553540955635,-0.0045716790209044365,-0.021417382145904437,-0.021417382145904437,-0.03557753839590444,-0.03777480402090444,-0.0026185540209044365,0.014471289729095563,0.015447852229095563,0.009344336604095563,0.0064146491040955635,0.007879492854095563,0.017156836604095563,0.03327011785409556,0.03668808660409556,0.03668808660409556,0.013494727229095563,-0.0028626946459044365,0.018377539729095563,0.023992774104095563,-0.0070130852709044365,-0.04876113214590444,-0.06316542902090444,-0.05266738214590444,-0.030450585270904437,-0.030450585270904437,-0.017755272770904437,-0.008722069645904437,-0.008722069645904437,-0.015802147770904437,-0.012140038395904437,0.0015318366040955635,0.013738867854095563,0.014715430354095563,0.010565039729095563,0.027654883479095563,0.04767441472909556,0.03497910222909556,-0.0055482415209044365,-0.03191542902090444,-0.03191542902090444,-0.016534569645904437,0.0005552741040955635,0.0005552741040955635,0.028143164729095563,-0.06853652277090444,-0.025811913395904437,0.0022642584790955635,-0.015313866520904437,-0.05462050714590444,-0.06609511652090444,-0.06609511652090444,-0.04363417902090444,-0.011651757145904437,-0.016778710270904437,-0.030450585270904437,-0.025811913395904437,-0.015313866520904437,-0.0060365227709044365,0.009588477229095563,0.020818945979095563,0.018377539729095563,0.018377539729095563,0.0029966803540955635,0.013738867854095563,0.023016211604095563,0.015691992854095563,-0.0040833977709044365,-0.0035951165209044365,0.023504492854095563,0.04303574285409556,0.03668808660409556,0.03668808660409556,0.018621680354095563,0.0007994147290955635,-0.0040833977709044365,0.0069029303540955635,0.023748633479095563,0.019354102229095563,0.010809180354095563,0.011053320979095563,0.016180274104095563,0.028387305354095563,0.03351425847909556,0.027166602229095563,0.027166602229095563,0.024481055354095563,0.021307227229095563,0.024481055354095563,0.029119727229095563,0.027410742854095563,0.024481055354095563,0.019842383479095563,0.011297461604095563,0.0015318366040955635,-0.0026185540209044365,-0.0026185540209044365,-0.0021302727709044365,0.013738867854095563,0.013006445979095563,0.0044615241040955635,-0.0028626946459044365,0.0007994147290955635,0.014471289729095563,0.029608008479095563,0.03278183660409556,0.03278183660409556,0.019354102229095563,0.012029883479095563,0.025701758479095563,0.03204941472909556,0.026190039729095563,0.013738867854095563,0.0071470709790955635,0.012274024104095563,0.017400977229095563,0.017645117854095563,0.012518164729095563,0.0015318366040955635,0.0015318366040955635,-0.0067689446459044365,-0.0023744133959044365,0.0007994147290955635,0.00031113347909556346,-0.0062806633959044365,-0.017022850895904437,-0.021417382145904437,-0.022149804020904437,-0.021173241520904437,-0.021173241520904437,-0.013604882145904437
UR5e_W,0.011942915981821758,0.03904252535682176,0.031230025356821758,0.020731978481821758,0.0007124472318217577,0.013651900356821758,0.026347212856821758,0.030497603481821758,0.020487837856821758,0.005351119106821758,0.0016890097318217577,0.005351119106821758,0.009989790981821758,0.009501509731821758,-0.0019730996431782423,-0.012959427768178242,-0.013691849643178242,-0.010029740268178242,0.0007124472318217577,-0.011494584018178242,-0.022480912143178242,0.0007124472318217577,-0.025166459018178242,-0.024922318393178242,-0.018574662143178242,-0.016377396518178242,-0.015156693393178242,-0.018086380893178242,-0.026143021518178242,-0.026875443393178242,-0.021504349643178242,-0.017598099643178242,-0.014424271518178242,-0.013447709018178242,-0.011982865268178242,-0.011494584018178242,-0.014180130893178242,-0.013935990268178242,-0.013935990268178242,-0.015156693393178242,-0.014912552768178242,-0.008809037143178242,-0.0009965371431782423,0.0009565878568217577,-0.0009965371431782423,-0.0031938027681782423,-0.004658646518178242,-0.005879349643178242,-0.0036820840181782423,0.0021772909818217577,0.007060103481821758,0.008036665981821758,0.008036665981821758,0.007548384731821758,0.004374556606821758,0.004862837856821758,0.010722212856821758,0.014140181606821758,0.010722212856821758,0.005351119106821758,0.006327681606821758,0.011210494106821758,0.016825728481821758,0.017314009731821758,0.0007124472318217577,-0.0005082558931782423,0.0009565878568217577,0.010966353481821758,0.018046431606821758,0.010478072231821758,0.0004683066068217577,-0.006123490268178242,0.010966353481821758,0.010966353481821758,0.019267134731821758,0.0007124472318217577,0.0036421347318217577,0.0007124472318217577,-0.0034379433931782423,0.010722212856821758,0.019511275356821758,0.013163619106821758,0.0026655722318217577,-0.005146927768178242,-0.0019730996431782423,0.007548384731821758,0.007792525356821758,0.0024214316068217577,-0.005879349643178242,-0.010762162143178242,-0.006611771518178242,0.0007124472318217577,0.0019331503568217577,-0.005146927768178242,-0.008076615268178242,-0.0031938027681782423,0.0029097128568217577,-0.004902787143178242,-0.014424271518178242,-0.007832474643178242,0.0009565878568217577,0.0024214316068217577,-0.0005082558931782423,-0.007832474643178242,-0.008076615268178242,-0.0034379433931782423,-0.007344193393178242,-0.007344193393178242,-0.010273880893178242,-0.010762162143178242,-0.011982865268178242,-0.011738724643178242,-0.003926224643178242,-1.9974643178242296e-05,-0.008564896518178242,-0.013691849643178242,-0.009541459018178242,-0.003926224643178242,-0.0027055215181782423,-0.005146927768178242,-0.008564896518178242,-0.012715287143178242,-0.010029740268178242,-0.005391068393178242,-0.007100052768178242,-0.008076615268178242,-0.005879349643178242,-0.003926224643178242,-0.0012406777681782423,-0.0009965371431782423,-0.0019730996431782423,-0.0029496621431782423,-0.005146927768178242,-0.0031938027681782423,0.0033979941068217577,0.005106978481821758,0.0021772909818217577,0.004618697231821758,0.011210494106821758,0.011210494106821758,0.016093306606821758,0.016825728481821758,0.008769087856821758,0.005839400356821758,0.011942915981821758,0.012919478481821758,0.014384322231821758,0.020243697231821758,0.017558150356821758,0.004862837856821758,0.006083540981821758,0.018534712856821758,0.024882369106821758,0.018534712856821758,0.013896040981821758,0.009745650356821758,0.004618697231821758,0.004374556606821758,0.010478072231821758,0.012431197231821758,-0.008076615268178242,-0.008076615268178242,-0.005879349643178242,0.004130415981821758,0.009989790981821758,0.004862837856821758,-0.011738724643178242,-0.023213334018178242,-0.014424271518178242,0.0012007284818217577,-0.0024613808931782423,-0.05202192776817824,-0.05202192776817824,-0.05910200589317824,-0.04933638089317824,-0.03224653714317824,-0.030049271518178242,-0.04567427151817824,-0.06154341214317824,-0.05543989651817824,-0.03151411526817824,-0.018330521518178242,-0.018330521518178242,-0.03517622464317824,-0.04762739651817824,-0.03542036526817824,-0.006367630893178242,0.018290572231821758,0.020731978481821758,0.0002241659818217577,-0.013691849643178242,0.013896040981821758,0.013896040981821758,0.03318315035682176,0.04465775973182176,0.03513627535682176,0.015849165981821758,0.009745650356821758,0.026347212856821758,0.04831986910682176,0.06028275973182176,0.026591353481821758,0.026591353481821758,0.0031538534818217577,0.012675337856821758,0.04050736910682176,0.05881791598182176,0.05051713473182176,0.027567915981821758,0.012675337856821758,0.012187056606821758,0.028300337856821758,0.04221635348182176,0.04221635348182176,0.021952681606821758,0.0036421347318217577,0.0033979941068217577,0.012187056606821758,0.022685103481821758,0.020976119106821758,-0.007100052768178242,-0.024189896518178242,-0.0031938027681782423,-0.0031938027681782423,0.0007124472318217577,-0.006611771518178242,-0.017842240268178242,-0.020283646518178242,-0.018574662143178242,-0.016865677768178242,-0.018818802768178242,-0.027607865268178242,-0.022236771518178242,-0.022236771518178242,-0.019795365268178242,-0.025654740268178242,-0.028828568393178242,-0.029805130893178242,-0.027363724643178242,-0.015156693393178242,-0.0022172402681782423,0.0019331503568217577,-0.0031938027681782423,-0.012227005893178242,-0.017842240268178242,-0.012227005893178242,-0.0005082558931782423,0.006815962856821758,0.008524947231821758,0.005595259731821758,0.0002241659818217577,0.004374556606821758,0.012675337856821758,-0.0005082558931782423,-0.0005082558931782423,-0.0029496621431782423,-0.0022172402681782423,0.007060103481821758,0.023661665981821758,0.03342729098182176,0.021464400356821758,-0.0002641152681782423,-0.009053177768178242,0.004374556606821758,0.004374556606821758,0.013407759731821758,0.011454634731821758,0.0014448691068217577,-0.004658646518178242,-0.0014848183931782423,0.004130415981821758,0.0014448691068217577,-0.005391068393178242,-0.021992630893178242,-0.021992630893178242,-0.017353959018178242,0.0033979941068217577,0.018290572231821758,0.0038862753568217577,-0.021260209018178242,-0.031025834018178242,-0.021016068393178242,-0.0017289590181782423,-0.0031938027681782423,-0.0031938027681782423,-0.021992630893178242,-0.028828568393178242,-0.012715287143178242,0.007060103481821758,0.011210494106821758,0.0031538534818217577,-0.0022172402681782423,0.0009565878568217577,0.005351119106821758,0.005351119106821758,0.006083540981821758,0.009257369106821758,0.008280806606821758,0.015605025356821758,0.023905806606821758,0.017558150356821758,0.007060103481821758,0.0004683066068217577,0.007792525356821758,0.029765181606821758,0.029765181606821758,0.021952681606821758,0.009013228481821758,-0.004902787143178242,0.0004683066068217577,0.028788619106821758,0.03928666598182176,0.019755415981821758,-0.0029496621431782423,-0.011982865268178242,-0.011982865268178242,0.004130415981821758,0.020487837856821758,0.013896040981821758,-0.007344193393178242,-0.028096146518178242,-0.03249067776817824,-0.015889115268178242,-0.0009965371431782423,-0.0019730996431782423,-0.03297895901817824,-0.03297895901817824,-0.029316849643178242,-0.005635209018178242,0.010478072231821758,-0.006123490268178242,-0.029072709018178242,-0.028340287143178242,-0.010518021518178242,-0.0007523965181782423,-0.010762162143178242,-0.010762162143178242,-0.006367630893178242,-0.0019730996431782423,0.0009565878568217577,-0.0014848183931782423,-0.011250443393178242,-0.024189896518178242,-0.014912552768178242,0.011210494106821758,0.021220259731821758,0.021220259731821758,-0.004170365268178242,-0.022480912143178242,-0.014180130893178242,0.015849165981821758,0.04001908785682176,0.03635697848182176,0.005106978481821758,-0.017353959018178242,0.019267134731821758,0.019267134731821758,0.04099565035682176,0.030985884731821758,0.0021772909818217577,-0.017353959018178242,-0.013447709018178242,0.005106978481821758,0.019267134731821758,0.019267134731821758,0.0016890097318217577,-0.009785599643178242,-0.009785599643178242,0.010478072231821758,0.019511275356821758,0.009257369106821758,-0.0036820840181782423,-0.008320755893178242,-0.004170365268178242,0.007304244106821758,0.012187056606821758,-0.006367630893178242,-0.006367630893178242,-0.008809037143178242,-0.003926224643178242,0.0002241659818217577,0.007304244106821758,0.010966353481821758,0.008769087856821758,0.005839400356821758,0.0029097128568217577,0.007548384731821758,0.007548384731821758,0.0026655722318217577,0.0033979941068217577,0.011210494106821758,0.011942915981821758,0.011454634731821758,0.007548384731821758,-1.9974643178242296e-05,-0.0022172402681782423,-0.004414505893178242,-0.004414505893178242,-0.005391068393178242,-0.0007523965181782423,0.0007124472318217577,-0.005391068393178242,-0.011738724643178242,-0.019551224643178242,-0.029805130893178242,-0.03200239651817824,-0.027607865268178242,-0.016133255893178242,-0.016133255893178242,-0.018574662143178242,-0.016865677768178242,-0.016377396518178242,-0.027852005893178242,-0.030781693393178242,-0.021504349643178242,-0.011250443393178242,-0.0019730996431782423,-0.009541459018178242,-0.009541459018178242,-0.007832474643178242,-0.007344193393178242,-0.010273880893178242,-0.007100052768178242,0.004374556606821758,0.013407759731821758,0.013407759731821758,0.020243697231821758,0.028788619106821758,0.023905806606821758,0.009257369106821758,0.009257369106821758,0.018290572231821758,0.03562455660682176,0.04319291598182176,0.03660111910682176,0.025858931606821758,0.019999556606821758,0.020731978481821758,0.030253462856821758,0.022685103481821758,0.022685103481821758,0.010966353481821758,0.008769087856821758,0.018534712856821758,0.018046431606821758,0.0036421347318217577,-0.008320755893178242,-0.012959427768178242,-0.012959427768178242,-0.010518021518178242,-0.006611771518178242,-0.020039505893178242,-0.026875443393178242,-0.026875443393178242,-0.028096146518178242,-0.019062943393178242,-0.011494584018178242,-0.023213334018178242,-0.04079145901817824,-0.04323286526817824,-0.030049271518178242,-0.016865677768178242,-0.017598099643178242,-0.017598099643178242,-0.025166459018178242,-0.025166459018178242,-0.011982865268178242,0.005351119106821758,0.017069869106821758,0.015116744106821758,0.0009565878568217577,-0.005879349643178242,0.0029097128568217577,0.015116744106821758,0.028544478481821758,0.030497603481821758,0.030497603481821758,0.026103072231821758,0.018290572231821758,0.008769087856821758,0.008524947231821758,0.019022994106821758,0.029521040981821758,0.028788619106821758,0.020243697231821758,0.011210494106821758,-1.9974643178242296e-05,0.009501509731821758,0.009501509731821758,0.014140181606821758,-0.0031938027681782423,-0.016133255893178242,-0.013447709018178242,-0.0022172402681782423,0.0036421347318217577,0.0019331503568217577,-0.03249067776817824,-0.03688520901817824,-0.03688520901817824,-0.019795365268178242,0.0009565878568217577,0.007792525356821758,-0.008564896518178242,-0.028340287143178242,-0.031025834018178242,-0.013935990268178242,0.007060103481821758,0.013407759731821758,0.009013228481821758,0.004618697231821758,0.004618697231821758,0.010233931606821758,0.018290572231821758,0.018778853481821758,0.013896040981821758,0.009501509731821758,0.0031538534818217577,0.0029097128568217577,0.014628462856821758,0.020976119106821758,0.0033979941068217577,0.0033979941068217577,-0.015156693393178242,-0.025654740268178242,-0.015400834018178242,-0.0002641152681782423,0.004618697231821758,-0.003926224643178242,-0.024922318393178242,-0.04445356839317824,-0.04201216214317824,-0.011006302768178242,-0.011006302768178242,-0.0019730996431782423,-0.009297318393178242,-0.026875443393178242,-0.03615278714317824,-0.03468794339317824,-0.026387162143178242,-0.020283646518178242,-0.011006302768178242,0.0019331503568217577,0.0019331503568217577,0.0009565878568217577,0.004374556606821758,0.016581587856821758,0.021952681606821758,0.018290572231821758,0.019755415981821758,0.020487837856821758,0.018534712856821758,0.021708540981821758,0.030009322231821758,0.03513627535682176,0.03513627535682176,0.03391557223182176,0.03318315035682176,0.03318315035682176,0.03391557223182176,0.023905806606821758,0.005595259731821758,-0.011006302768178242,-0.006367630893178242,0.020976119106821758,0.014140181606821758,-0.009541459018178242,-0.009541459018178242,-0.025654740268178242,-0.021748490268178242,-0.0024613808931782423,0.010233931606821758,-0.004414505893178242,-0.027119584018178242,-0.03932661526817824,-0.04469770901817824,-0.023945755893178242,-0.005879349643178242,-0.005879349643178242,-0.0029496621431782423,-0.008564896518178242,-0.011738724643178242,-0.017353959018178242,-0.018818802768178242,-0.005635209018178242,0.012431197231821758,0.019755415981821758,0.019022994106821758,0.009989790981821758,-0.0027055215181782423,-0.0027055215181782423,-0.003926224643178242,0.008769087856821758,0.023417525356821758,0.03538041598182176,0.026103072231821758,0.0007124472318217577,-0.015889115268178242,0.0021772909818217577,0.009745650356821758,0.009745650356821758,0.0033979941068217577,-0.009297318393178242,0.0007124472318217577,-0.016865677768178242,0.0007124472318217577,-0.003926224643178242,-0.005146927768178242,-0.028828568393178242,-0.03517622464317824,-0.029072709018178242,-0.029072709018178242,-0.010273880893178242,-0.0014848183931782423,-0.011250443393178242,-0.020039505893178242,-0.011250443393178242,0.0019331503568217577,0.008036665981821758,0.012431197231821758,0.020731978481821758,0.026103072231821758,0.026103072231821758,0.03464799410682176,0.03415971285682176,0.028788619106821758,0.026103072231821758,0.027079634731821758,0.029276900356821758,0.03415971285682176,0.03196244723182176,0.017558150356821758,0.0007124472318217577,0.0007124472318217577,0.015849165981821758,0.026591353481821758,0.014628462856821758,-0.009785599643178242,-0.019062943393178242,-0.007588334018178242,0.0019331503568217577,-0.004902787143178242,-0.03566450589317824,-0.03566450589317824,-0.04323286526817824,-0.03957075589317824,-0.029805130893178242,-0.022236771518178242,-0.015644974643178242,-0.014180130893178242,-0.024678177768178242,-0.03542036526817824,0.009013228481821758,0.017069869106821758,0.017069869106821758,-0.0002641152681782423,-0.010518021518178242,-1.9974643178242296e-05,0.017802290981821758,0.021952681606821758,0.010478072231821758,-1.9974643178242296e-05,0.0016890097318217577,0.0007124472318217577,0.0007124472318217577,-0.010029740268178242,-0.0005082558931782423,0.013163619106821758,0.009013228481821758,-0.007100052768178242,-0.017598099643178242,-0.011250443393178242,0.004862837856821758,-0.013935990268178242,-0.013935990268178242,-0.024678177768178242,-0.020527787143178242,-0.005391068393178242,0.0026655722318217577,-0.0031938027681782423,-0.018574662143178242,-0.028340287143178242,-0.021504349643178242,0.008280806606821758,0.017069869106821758,0.017069869106821758,0.019999556606821758,0.009745650356821758,0.0014448691068217577,0.013651900356821758,0.03513627535682176,0.04294877535682176,0.030741744106821758,0.010478072231821758,0.011942915981821758,0.011942915981821758,0.019267134731821758,0.023173384731821758,0.026103072231821758,0.018290572231821758,0.004374556606821758,-0.0017289590181782423,0.009257369106821758,0.027079634731821758,0.009013228481821758,0.009013228481821758,-0.029072709018178242,-0.05763716214317824,-0.04323286526817824,-0.006123490268178242,0.019022994106821758,0.012675337856821758,-0.020283646518178242,-0.04323286526817824,-0.006611771518178242,-0.006611771518178242,0.023173384731821758,0.029032759731821758,0.0014448691068217577,-0.03395552151817824,-0.03517622464317824,-0.0019730996431782423,0.030497603481821758,0.03513627535682176,0.018290572231821758,-0.014180130893178242,-0.03200239651817824,0.0012007284818217577,0.0012007284818217577,0.030009322231821758,0.020976119106821758,-0.024922318393178242,-0.05739302151817824,-0.03737349026817824,0.008769087856821758,0.026347212856821758,-0.0014848183931782423,-0.04933638089317824,-0.029072709018178242,-0.029072709018178242,-0.005879349643178242,0.0024214316068217577,-0.009541459018178242,-0.020283646518178242,-0.008564896518178242,0.009257369106821758,0.022929244106821758,0.010722212856821758,-0.004658646518178242,-0.004658646518178242,-0.0036820840181782423,0.015605025356821758,0.03538041598182176,0.03489213473182176,0.013651900356821758,-0.008320755893178242,-0.012715287143178242,0.007548384731821758,0.03806596285682176,0.016825728481821758,0.016825728481821758,-0.017842240268178242,-0.018330521518178242,0.020487837856821758,0.04197221285682176,0.017802290981821758,-0.023945755893178242,-0.04445356839317824,0.017314009731821758,0.03196244723182176,0.03196244723182176,0.017314009731821758,-0.014424271518178242,-0.024922318393178242,-0.004170365268178242,0.030009322231821758,0.04490190035682176,0.028788619106821758,0.0033979941068217577,0.014140181606821758,0.030009322231821758,0.030009322231821758,0.027812056606821758,0.006571822231821758,-0.021260209018178242,-0.026631302768178242,-0.0036820840181782423,0.026103072231821758,0.027323775356821758,-0.05299849026817824,-0.06056684964317824,-0.06056684964317824,-0.013691849643178242,0.028544478481821758,0.015360884731821758,-0.03712934964317824,-0.08620161526817824,-0.08571333401817824,-0.03273481839317824,0.03757768160682176,-0.005391068393178242,-0.005391068393178242,-0.04518599026817824,-0.03468794339317824,0.013163619106821758,0.04807572848182176,0.04441361910682176,0.004130415981821758,-0.03126997464317824,-0.025166459018178242,0.030253462856821758,0.030253462856821758,0.017802290981821758,-0.011738724643178242,-0.028828568393178242,-0.017109818393178242,0.0026655722318217577,0.010722212856821758,0.0014448691068217577,-0.011738724643178242,-0.0002641152681782423,-0.0031938027681782423,-0.0031938027681782423,-0.013935990268178242,-0.026143021518178242,-0.026387162143178242,-0.009785599643178242,-0.003926224643178242,-0.012227005893178242,-0.024678177768178242,-0.022725052768178242,0.0007124472318217577,0.0007124472318217577,0.03293900973182176,0.05100541598182176,0.03513627535682176,0.0033979941068217577,-0.012959427768178242,-1.9974643178242296e-05,0.024638228481821758,0.03489213473182176,0.0036421347318217577,-0.009541459018178242,-0.009541459018178242,-0.003926224643178242,0.009501509731821758,0.018290572231821758,0.019267134731821758,0.013407759731821758,-0.005146927768178242,-0.028584427768178242,-1.9974643178242296e-05,0.027079634731821758,0.027079634731821758,0.025614790981821758,0.0012007284818217577,-0.016865677768178242,-0.003926224643178242,0.030985884731821758,0.05173783785682176,0.04368119723182176,0.0002241659818217577,0.0038862753568217577,0.0038862753568217577,0.019267134731821758,0.027812056606821758,0.03196244723182176,0.021708540981821758,-0.0022172402681782423,-0.023701615268178242,-0.027119584018178242,0.0033979941068217577,0.013163619106821758,0.013163619106821758,0.014140181606821758,-0.008564896518178242,-0.03395552151817824,-0.030781693393178242,-0.009297318393178242,0.017558150356821758,0.024149947231821758,-0.018330521518178242,-0.04323286526817824,-0.04323286526817824,-0.04079145901817824,-0.018086380893178242,0.0014448691068217577,-0.009541459018178242,-0.03297895901817824,-0.04713911526817824,-0.03542036526817824,-0.007832474643178242,0.018778853481821758,-0.005635209018178242,-0.005635209018178242,-0.028828568393178242,-0.025410599643178242,-0.0012406777681782423,0.015605025356821758,0.009501509731821758,-0.005146927768178242,-0.010029740268178242,0.010966353481821758,0.019022994106821758,0.010966353481821758,0.010966353481821758,-0.0005082558931782423,-0.0014848183931782423,0.010478072231821758,0.026103072231821758,0.029032759731821758,0.013163619106821758,-0.010029740268178242,-0.021992630893178242,0.024149947231821758,0.03855424410682176,0.03855424410682176,0.026347212856821758,-0.008809037143178242,-0.03322309964317824,-0.019062943393178242,0.012675337856821758,0.03391557223182176,0.025370650356821758,-0.004170365268178242,-0.022725052768178242,-0.0031938027681782423,-0.0031938027681782423,0.019022994106821758,0.019999556606821758,0.0002241659818217577,-0.023457474643178242,-0.027363724643178242,-0.0029496621431782423,0.022196822231821758,0.023417525356821758,0.0036421347318217577,-0.021504349643178242,0.0026655722318217577,0.028300337856821758,0.028300337856821758,0.029521040981821758,0.013163619106821758,-0.005391068393178242,-0.010518021518178242,0.0002241659818217577,0.014384322231821758,0.022196822231821758,0.006083540981821758,-0.005879349643178242,-0.005879349643178242,-0.006855912143178242,-0.0009965371431782423,0.004618697231821758,0.0029097128568217577,-0.004902787143178242,-0.005391068393178242,-0.0029496621431782423,-0.007832474643178242,-0.012715287143178242,-0.012715287143178242,-0.013203568393178242,-0.011738724643178242,-0.008564896518178242,-0.003926224643178242,-0.0034379433931782423,-0.004902787143178242,-0.009297318393178242,-0.014180130893178242,-0.013935990268178242,-0.008320755893178242,-0.008320755893178242,-0.0036820840181782423,-0.0017289590181782423,-0.005391068393178242,-0.005879349643178242,-0.0024613808931782423,-0.0012406777681782423,0.0033979941068217577,0.004130415981821758,0.0036421347318217577,0.0036421347318217577,0.0019331503568217577,0.0009565878568217577,-0.0012406777681782423,-0.0005082558931782423,0.0004683066068217577,0.0007124472318217577,0.0031538534818217577,0.0021772909818217577,0.004374556606821758,0.004374556606821758,0.004618697231821758,0.0019331503568217577,0.0002241659818217577,0.0012007284818217577,0.005106978481821758,0.010233931606821758,0.007548384731821758,-0.03249067776817824,-0.023457474643178242,0.004862837856821758,0.004862837856821758,0.026347212856821758,0.031230025356821758,0.018290572231821758,0.015360884731821758,0.04026322848182176,0.06589799410682176,0.06345658785682176,0.012675337856821758,0.017558150356821758,0.017558150356821758,0.03953080660682176,0.05588822848182176,0.04392533785682176,0.010233931606821758,-0.013935990268178242,-0.021748490268178242,-0.016377396518178242,-0.011982865268178242,-0.030537552768178242,-0.04225630276817824,-0.04225630276817824,-0.03371138089317824,-0.015400834018178242,-0.010273880893178242,-0.022725052768178242,-0.05031294339317824,-0.06544966214317824,-0.04518599026817824,0.019267134731821758,0.010233931606821758,0.010233931606821758,-0.021016068393178242,-0.05275434964317824,-0.05788130276817824,-0.03249067776817824,-0.0002641152681782423,0.0012007284818217577,-0.031025834018178242,-0.05031294339317824,-0.022480912143178242,-0.022480912143178242,0.004374556606821758,0.0007124472318217577,-0.021260209018178242,-0.03590864651817824,-0.03371138089317824,-0.016865677768178242,-0.0031938027681782423,-0.0031938027681782423,-0.0036820840181782423,-0.0036820840181782423,-0.0036820840181782423,0.004618697231821758,0.016337447231821758,0.024638228481821758,0.022685103481821758,0.011698775356821758,0.0007124472318217577,0.007060103481821758,0.05320268160682176,0.05955033785682176,0.05955033785682176,0.03684525973182176,0.010233931606821758,0.009989790981821758,0.027567915981821758,0.04123979098182176,0.04270463473182176,0.021220259731821758,-0.010518021518178242,-0.0009965371431782423,-0.0009965371431782423,0.005839400356821758,0.012187056606821758,0.015116744106821758,0.010233931606821758,0.016337447231821758,0.029521040981821758,0.03733354098182176,0.03464799410682176,0.026347212856821758,0.026347212856821758,0.022929244106821758,0.03391557223182176,0.04807572848182176,0.05100541598182176,0.04441361910682176,0.030253462856821758,0.018534712856821758,0.019755415981821758,0.018046431606821758,-0.0029496621431782423,-0.0029496621431782423,-0.027852005893178242,-0.03712934964317824,-0.03493208401817824,-0.030537552768178242,-0.030049271518178242,-0.03810591214317824,-0.03664106839317824,0.009013228481821758,0.014384322231821758,0.014384322231821758,-0.005146927768178242,-0.025898880893178242,-0.025654740268178242,0.0036421347318217577,0.04392533785682176,0.06540971285682176,0.05784135348182176,0.026347212856821758,0.016337447231821758,-0.013691849643178242,-0.013691849643178242,-0.07375044339317824,6.248385291550956e-05,6.248385291550956e-05,6.248385291550956e-05,-0.05812544339317824,-0.04787153714317824,-0.06911177151817824,6.248385291550956e-05,-0.05714888089317824,-0.05714888089317824,-0.0024613808931782423,0.03147416598182176,0.03367143160682176,0.024638228481821758,0.03367143160682176,0.06492143160682176,0.07248979098182176,-0.004658646518178242,-0.020039505893178242,-0.020039505893178242,0.014628462856821758,0.05247025973182176,0.05369096285682176,0.010722212856821758,-0.04909224026817824,-0.07790083401817824,-0.06056684964317824,0.010233931606821758,0.03245072848182176,0.03245072848182176,0.03660111910682176,0.028788619106821758,0.017314009731821758,0.011698775356821758,0.018290572231821758,0.03782182223182176,0.05881791598182176,0.08225541598182176,0.05881791598182176,0.015605025356821758,0.015605025356821758,-0.028340287143178242,-0.05153364651817824,-0.04176802151817824,-0.0036820840181782423,0.011698775356821758,-0.006123490268178242,-0.03151411526817824,-0.04713911526817824,-0.026143021518178242,-0.026143021518178242,0.0036421347318217577,0.025370650356821758,0.017558150356821758,-0.010273880893178242,-0.017353959018178242,-0.0002641152681782423,0.023173384731821758,0.0031538534818217577,-0.03346724026817824,-0.03346724026817824,-0.030537552768178242,-0.0009965371431782423,0.006083540981821758,-0.022725052768178242,-0.05348677151817824,-0.05959028714317824,-0.04616255276817824,-0.05617231839317824,-0.05788130276817824,-0.05788130276817824,-0.03566450589317824,0.0036421347318217577,0.015605025356821758,-0.0014848183931782423,-0.016865677768178242,-0.008809037143178242,0.0007124472318217577,0.03147416598182176,0.05515580660682176,0.06248002535682176,0.06248002535682176,0.03660111910682176,0.0031538534818217577,-0.007344193393178242,0.005351119106821758,0.03318315035682176,0.04099565035682176,-0.03126997464317824,-0.03224653714317824,-0.018330521518178242,-0.018330521518178242,-0.024434037143178242,-0.03346724026817824,-0.028584427768178242,-0.005879349643178242,0.021952681606821758,0.017314009731821758,-0.012471146518178242,0.010966353481821758,0.030985884731821758,0.030985884731821758,0.03391557223182176,0.027812056606821758,0.030985884731821758,0.03171830660682176,0.027812056606821758,0.024638228481821758,0.027812056606821758,0.03904252535682176,0.024394087856821758,0.0007124472318217577,0.0007124472318217577,-0.012715287143178242,-0.014668412143178242,-0.013691849643178242,-0.020039505893178242,-0.030537552768178242,-0.03175825589317824,-0.0036820840181782423,-0.005391068393178242,-0.009785599643178242,-0.009785599643178242,0.004618697231821758,0.018534712856821758,0.018534712856821758,0.014140181606821758,0.012187056606821758,0.018046431606821758,0.03147416598182176,0.04148393160682176,0.028056197231821758,0.028056197231821758,0.027079634731821758,0.030253462856821758,0.03904252535682176,0.04416947848182176,0.026103072231821758,-0.017353959018178242,-0.04884809964317824,-0.0024613808931782423,0.011942915981821758,0.011942915981821758,-0.010029740268178242,-0.03957075589317824,-0.05812544339317824,-0.05324263089317824,-0.020283646518178242,0.0016890097318217577,-0.0014848183931782423,-0.026387162143178242,-0.019551224643178242,-0.004658646518178242,-0.004658646518178242,0.0024214316068217577,-0.0007523965181782423,-0.004414505893178242,0.009745650356821758,0.029765181606821758,0.04123979098182176,-0.0007523965181782423,-0.016133255893178242,-0.0019730996431782423,-0.0019730996431782423,0.0002241659818217577,-0.016621537143178242,-0.03688520901817824,-0.05055708401817824,-0.04079145901817824,-0.027363724643178242,-0.05812544339317824,-0.07277388089317824,-0.06398481839317824,-0.06398481839317824,-0.03200239651817824,-0.004658646518178242,0.0024214316068217577,-0.003926224643178242,-0.008809037143178242,-0.0022172402681782423,0.0026655722318217577,0.006327681606821758,0.0026655722318217577,0.0026655722318217577,0.019999556606821758,0.04954057223182176,0.06077104098182176,0.04416947848182176,0.016825728481821758,0.006083540981821758,0.023905806606821758,0.04831986910682176,0.011942915981821758,-0.009785599643178242,-0.009785599643178242,-0.011250443393178242,-0.003926224643178242,0.0007124472318217577,-0.007832474643178242,-0.021504349643178242,-0.03200239651817824,-0.03175825589317824,-0.011006302768178242,0.007060103481821758,0.006083540981821758,0.006083540981821758,-0.006123490268178242,-0.016133255893178242,-0.006855912143178242,0.012187056606821758,0.026347212856821758,0.027567915981821758,-0.0029496621431782423,0.009501509731821758,0.03586869723182176,0.03586869723182176,0.04343705660682176,0.03245072848182176,0.03391557223182176,0.04343705660682176,0.028056197231821758,-0.0031938027681782423,-0.021748490268178242,0.012187056606821758,0.026835494106821758,0.026835494106821758,0.0016890097318217577,-0.03981489651817824,-0.06276411526817824,-0.04250044339317824,-0.014424271518178242,-0.008564896518178242,-0.014668412143178242,-0.030537552768178242,-0.017842240268178242,-0.017842240268178242,-0.003926224643178242,-0.0029496621431782423,-0.006855912143178242,-0.004414505893178242,0.0019331503568217577,0.017558150356821758,0.03538041598182176,0.03879838473182176,0.0016890097318217577,0.0004683066068217577,0.022440962856821758,0.022440962856821758,0.05002885348182176,0.05491166598182176,0.03684525973182176,0.016825728481821758,0.008769087856821758,0.009013228481821758,0.0007124472318217577,-0.008076615268178242,-0.017842240268178242,-0.017842240268178242,-0.017353959018178242,-0.017842240268178242,-0.018086380893178242,-0.016865677768178242,-0.030049271518178242,-0.04762739651817824,-0.028828568393178242,-0.013935990268178242,-0.015400834018178242,-0.015400834018178242,-0.028340287143178242,-0.03249067776817824,-0.017598099643178242,0.0031538534818217577,0.008524947231821758,-0.0014848183931782423,-0.006611771518178242,0.0033979941068217577,0.009745650356821758,0.009745650356821758,0.014628462856821758,0.022929244106821758,0.024882369106821758,0.018046431606821758,0.008769087856821758,0.009257369106821758,0.019999556606821758,0.019755415981821758,0.011942915981821758,0.013407759731821758,0.013407759731821758,0.012187056606821758,-0.0024613808931782423,-0.017353959018178242,-0.011982865268178242,-0.0005082558931782423,0.0038862753568217577,-0.011250443393178242,-0.016377396518178242,-0.011006302768178242,-0.011006302768178242,0.0007124472318217577,-0.006367630893178242,-0.020039505893178242,-0.026631302768178242,-0.021260209018178242,-0.015644974643178242,0.007304244106821758,0.017069869106821758,0.011210494106821758,0.0002241659818217577,0.0002241659818217577,-0.016133255893178242,-0.017842240268178242,0.006083540981821758,0.029765181606821758,0.028788619106821758,0.009257369106821758,-0.009785599643178242,0.012187056606821758,0.030741744106821758,0.030741744106821758,0.024394087856821758,-0.0002641152681782423,-0.009785599643178242,-0.0009965371431782423,0.012919478481821758,0.021464400356821758,-0.009785599643178242,-0.023213334018178242,-0.021748490268178242,-0.021748490268178242,-0.007588334018178242,0.005839400356821758,0.0026655722318217577,-0.019307084018178242,-0.03542036526817824,-0.03419966214317824,0.0016890097318217577,0.005106978481821758,-0.008320755893178242,-0.008320755893178242,-0.026631302768178242,-0.03395552151817824,-0.019307084018178242,0.0029097128568217577,0.015360884731821758,0.012187056606821758,-0.008320755893178242,-0.004414505893178242,0.029276900356821758,0.03879838473182176,0.03879838473182176,0.018534712856821758,-0.006367630893178242,-0.006367630893178242,0.011942915981821758,0.031230025356821758,0.03513627535682176,0.020487837856821758,0.018778853481821758,0.025126509731821758,0.025126509731821758,0.022929244106821758,0.018046431606821758,0.015360884731821758,0.009745650356821758,-0.005391068393178242,-0.012715287143178242,0.011698775356821758,0.0038862753568217577,-0.012959427768178242,-0.012959427768178242,-0.028828568393178242,-0.022480912143178242,-0.004170365268178242,0.0021772909818217577,-0.011250443393178242,-0.024434037143178242,-0.025410599643178242,-0.020283646518178242,-0.020283646518178242,-0.019795365268178242,-0.019795365268178242,-0.017109818393178242,-0.017109818393178242,-0.021748490268178242,-0.012471146518178242,0.004862837856821758,0.021952681606821758,0.009745650356821758,0.0014448691068217577,0.004862837856821758,0.023417525356821758,0.04392533785682176,0.04392533785682176,0.04612260348182176,0.03171830660682176,0.010966353481821758,0.013896040981821758,0.028056197231821758,0.03269486910682176,0.026591353481821758,0.026591353481821758,0.016093306606821758,0.007060103481821758,0.0031538534818217577,-0.006123490268178242,-0.006123490268178242,-0.0005082558931782423,0.005839400356821758,0.0033979941068217577,-0.008076615268178242,-0.023945755893178242,-0.03835005276817824,-0.03249067776817824,-0.013691849643178242,-0.024189896518178242,-0.03395552151817824,-0.03395552151817824,-0.03395552151817824,-0.025654740268178242,-0.019062943393178242,-0.021260209018178242,-0.024922318393178242,-0.021016068393178242,-0.022969193393178242,-0.018086380893178242,-0.015400834018178242,-0.015400834018178242,-0.011250443393178242,-0.0019730996431782423,0.020487837856821758,0.026103072231821758,0.008280806606821758,-0.008076615268178242,0.015849165981821758,0.03147416598182176,0.03391557223182176,0.03391557223182176,0.022440962856821758,0.007304244106821758,-0.0005082558931782423,0.006327681606821758,0.021220259731821758,0.03196244723182176,0.026103072231821758,-0.0014848183931782423,-0.019307084018178242,0.014628462856821758,0.04001908785682176,0.04001908785682176,0.03611283785682176,0.006815962856821758,-0.027119584018178242,-0.04030317776817824,-0.016377396518178242,0.020487837856821758,0.019267134731821758,-0.007344193393178242,-0.031025834018178242,-0.031025834018178242,-0.024922318393178242,0.004374556606821758,0.025858931606821758,0.023417525356821758,0.0019331503568217577,-0.016621537143178242,-1.9974643178242296e-05,0.014872603481821758,0.015360884731821758,0.015360884731821758,-0.0027055215181782423,-0.020527787143178242,-0.028340287143178242,-0.025898880893178242,-0.010029740268178242,0.012675337856821758,-0.009053177768178242,-0.025898880893178242,-0.020039505893178242,-0.020039505893178242,-0.004414505893178242,0.0002241659818217577,0.0012007284818217577,0.0033979941068217577,0.010966353481821758,0.008524947231821758,-0.006123490268178242,-0.0017289590181782423,0.011454634731821758,0.022685103481821758,0.022685103481821758,0.023661665981821758,0.007060103481821758,-0.013447709018178242,-0.012959427768178242,0.006815962856821758,0.030253462856821758,0.03464799410682176,-0.008320755893178242,-0.021992630893178242,-0.009053177768178242,-0.009053177768178242,0.016825728481821758,0.025126509731821758,0.025126509731821758,-0.0009965371431782423,-0.012227005893178242,-0.008076615268178242,0.0033979941068217577,0.015849165981821758,0.011210494106821758,-0.019551224643178242,-0.018818802768178242,0.0009565878568217577,0.0009565878568217577,0.018534712856821758,0.013896040981821758,-0.013447709018178242,-0.03126997464317824,-0.024678177768178242,-0.017842240268178242,0.004862837856821758,0.007548384731821758,-0.008809037143178242,-0.03371138089317824,-0.04323286526817824,-0.027363724643178242,-0.027363724643178242,0.0007124472318217577,0.018534712856821758,0.011942915981821758,-0.020527787143178242,-0.04567427151817824,-0.03664106839317824,0.029765181606821758,0.018290572231821758,-0.013203568393178242,-0.013203568393178242,-0.030293412143178242,-0.020039505893178242,0.013407759731821758,0.04026322848182176,0.029765181606821758,-0.0027055215181782423,-0.020283646518178242,0.021464400356821758,0.04954057223182176,0.04587846285682176,0.004862837856821758,0.004862837856821758,-0.03908247464317824,-0.04005903714317824,0.021464400356821758,0.07981400973182176,0.06638627535682176,0.0036421347318217577,-0.04420942776817824,-0.006855912143178242,0.03904252535682176,0.03904252535682176,0.05100541598182176,0.020976119106821758,-0.025410599643178242,-0.04909224026817824,-0.028584427768178242,0.014872603481821758,0.03611283785682176,0.019267134731821758,-0.04543013089317824,-0.03346724026817824,0.014384322231821758,0.014384322231821758,0.05369096285682176,0.03928666598182176,-0.011250443393178242,-0.04274458401817824,-0.027852005893178242,0.017558150356821758,0.03684525973182176,-0.008564896518178242,-0.03883833401817824,-0.03883833401817824,-0.03615278714317824,-0.0019730996431782423,0.030009322231821758,0.030497603481821758,0.005839400356821758,-0.03126997464317824,-0.04274458401817824,-0.011494584018178242,0.025126509731821758,-0.011494584018178242,-0.03835005276817824,-0.03395552151817824,-0.012959427768178242,-0.012959427768178242,0.015360884731821758,0.025858931606821758,0.006083540981821758,-0.030293412143178242,-0.04933638089317824,-0.029072709018178242,0.008280806606821758,0.027323775356821758,-0.007588334018178242,-0.04176802151817824,-0.03688520901817824,-0.03688520901817824,0.0033979941068217577,0.03269486910682176,0.026835494106821758,-0.0005082558931782423,-0.016133255893178242,0.009745650356821758,0.024638228481821758,0.016337447231821758,-0.0034379433931782423,-0.0034379433931782423,-0.013447709018178242,-0.0029496621431782423,0.018046431606821758,0.023661665981821758,0.015360884731821758,-0.020527787143178242,-0.0002641152681782423,0.03757768160682176,0.04490190035682176,0.006083540981821758,0.006083540981821758,-0.029560990268178242,-0.029560990268178242,-0.0024613808931782423,0.029276900356821758,0.03855424410682176,-0.028096146518178242,-0.03639692776817824,-0.011006302768178242,0.024149947231821758,0.024149947231821758,0.03708940035682176,0.014384322231821758,-0.026387162143178242,-0.04811567776817824,-0.018086380893178242,0.03855424410682176,0.05124955660682176,-0.03224653714317824,-0.04176802151817824,-0.010273880893178242,0.030985884731821758,0.030985884731821758,0.04148393160682176,0.007304244106821758,-0.030537552768178242,-0.03175825589317824,-0.0002641152681782423,0.03196244723182176,0.0007124472318217577,-0.03932661526817824,-0.03712934964317824,-0.03712934964317824,0.007792525356821758,0.03855424410682176,0.021220259731821758,-0.013203568393178242,-0.03737349026817824,-0.03346724026817824,0.0014448691068217577,0.021708540981821758,-0.017842240268178242,-0.04250044339317824,-0.03395552151817824,-0.03395552151817824,-0.0009965371431782423,0.026835494106821758,0.019022994106821758,-0.022236771518178242,-0.05251020901817824,0.004618697231821758,0.030009322231821758,0.017558150356821758,-0.018574662143178242,-0.018574662143178242,-0.03737349026817824,-0.018574662143178242,0.017558150356821758,0.030253462856821758,0.006815962856821758,-0.016621537143178242,-0.014180130893178242,0.005839400356821758,0.021708540981821758,0.024149947231821758,0.004374556606821758,-0.012471146518178242,-0.007344193393178242,0.010966353481821758,0.019755415981821758,0.008280806606821758,-0.013447709018178242,-0.015400834018178242,-0.0005082558931782423,0.015116744106821758,0.015116744106821758,0.015360884731821758,-0.0007523965181782423,-0.018818802768178242,-0.018330521518178242,0.0038862753568217577,0.022440962856821758,-0.004658646518178242,-0.015889115268178242,-0.0022172402681782423,0.012919478481821758,0.012919478481821758,0.019267134731821758,0.012187056606821758,0.0031538534818217577,0.0024214316068217577,0.006327681606821758,0.009501509731821758,0.0012007284818217577,0.004374556606821758,0.006327681606821758,0.006327681606821758,0.005106978481821758,0.010722212856821758,0.010478072231821758,0.0014448691068217577,0.0007124472318217577,0.005351119106821758,-0.0014848183931782423,0.0004683066068217577,-0.004902787143178242,-0.004902787143178242,-0.017842240268178242,-0.015156693393178242,0.0024214316068217577,0.011454634731821758,-0.0019730996431782423,-0.022725052768178242,-0.010518021518178242,0.015116744106821758,0.012431197231821758,-0.009053177768178242,-0.009053177768178242,-0.023213334018178242,-0.015889115268178242,0.0038862753568217577,0.021708540981821758,0.017069869106821758,-0.007344193393178242,-0.004170365268178242,0.006083540981821758,0.011942915981821758,0.011942915981821758,0.017069869106821758,0.008769087856821758,-0.009297318393178242,-0.018818802768178242,-0.004414505893178242,0.012919478481821758,0.005106978481821758,-0.009541459018178242,-0.015400834018178242,-0.015400834018178242,0.0007124472318217577,0.020487837856821758,0.007060103481821758,-0.023213334018178242,-0.022236771518178242,0.012675337856821758,0.03953080660682176,-0.0022172402681782423,-0.04274458401817824,-0.04274458401817824,-0.03322309964317824,0.015116744106821758,0.05442338473182176,0.04099565035682176,-0.014180130893178242,-0.05666059964317824,-0.009297318393178242,0.03196244723182176,0.03660111910682176,-0.005146927768178242,-0.005146927768178242,-0.05861372464317824,-0.06398481839317824,-0.008809037143178242,0.06223588473182176,0.07834916598182176,-0.03419966214317824,-0.04298872464317824,0.006571822231821758,0.06077104098182176,0.06077104098182176,0.07004838473182176,0.03245072848182176,-0.005635209018178242,-0.007100052768178242,0.021464400356821758,0.05564408785682176,0.03684525973182176,-0.0009965371431782423,-0.009785599643178242,-0.009785599643178242,0.014872603481821758,0.04050736910682176,0.03782182223182176,0.011942915981821758,-0.012715287143178242,-0.012959427768178242,0.027079634731821758,0.011210494106821758,-0.022236771518178242,-0.04225630276817824,-0.04225630276817824,-0.03249067776817824,0.0024214316068217577,0.028300337856821758,0.013896040981821758,-0.023457474643178242,-0.04079145901817824,0.004130415981821758,0.026591353481821758,0.021220259731821758,-0.006855912143178242,-0.006855912143178242,-0.029316849643178242,-0.029072709018178242,-0.0031938027681782423,0.019267134731821758,0.011942915981821758,-0.028828568393178242,-0.025898880893178242,-0.017109818393178242,-0.007832474643178242,-0.007832474643178242,-0.007344193393178242,-0.019551224643178242,-0.03151411526817824,-0.03590864651817824,-0.029316849643178242,-0.016377396518178242,-0.025898880893178242,-0.04274458401817824,-0.04860395901817824,-0.04860395901817824,-0.03615278714317824,-0.021992630893178242,-0.021016068393178242,-0.024434037143178242,-0.023213334018178242,-0.016377396518178242,-0.015400834018178242,-0.027852005893178242,-0.03566450589317824,-0.027363724643178242,-0.027363724643178242,-0.007832474643178242,0.0029097128568217577,-0.0002641152681782423,-0.011006302768178242,-0.020771927768178242,-0.008320755893178242,0.006327681606821758,0.011698775356821758,0.0038862753568217577,0.0038862753568217577,-0.015644974643178242,-0.029805130893178242,-0.018330521518178242,0.005351119106821758,0.016581587856821758,0.011454634731821758,-0.017598099643178242,-0.006367630893178242,0.016337447231821758,0.031230025356821758,0.025370650356821758,0.025370650356821758,-0.011006302768178242,-0.04567427151817824,-0.05128950589317824,-0.03419966214317824,-0.011250443393178242,-0.026875443393178242,-0.04274458401817824,-0.03566450589317824,-0.004414505893178242,-0.004414505893178242,0.017802290981821758,0.019999556606821758,0.019755415981821758,0.018778853481821758,0.024882369106821758,0.04221635348182176,0.029765181606821758,0.015360884731821758,0.011210494106821758,0.014872603481821758,0.014872603481821758,0.015360884731821758,0.014628462856821758,0.017314009731821758,0.019267134731821758,0.018534712856821758,-1.9974643178242296e-05,-0.0022172402681782423,0.0012007284818217577,0.0031538534818217577,0.0031538534818217577,0.004374556606821758,0.006571822231821758,0.011454634731821758,0.010722212856821758,0.008280806606821758,0.008280806606821758,0.016093306606821758,0.024882369106821758,0.027323775356821758,0.027323775356821758,0.025614790981821758,0.020243697231821758,0.013407759731821758,0.016825728481821758,0.023905806606821758,0.030497603481821758,0.030741744106821758,0.029032759731821758,0.017802290981821758,0.0026655722318217577,0.0026655722318217577,-0.004414505893178242,0.0002241659818217577,0.015360884731821758,0.026835494106821758,0.021952681606821758,-0.018330521518178242,-0.016621537143178242,0.0029097128568217577,0.021952681606821758,0.021952681606821758,0.025614790981821758,0.013163619106821758,-0.009297318393178242,-0.023945755893178242,-0.013447709018178242,0.015116744106821758,0.022929244106821758,-0.003926224643178242,-0.019307084018178242,-0.012959427768178242,-0.012959427768178242,0.007304244106821758,0.022929244106821758,0.019755415981821758,-0.0014848183931782423,-0.015156693393178242,0.0002241659818217577,0.011698775356821758,0.006571822231821758,-0.005146927768178242,-0.005146927768178242,-0.012227005893178242,-0.008809037143178242,-0.0019730996431782423,-0.0014848183931782423,-0.011250443393178242,-0.025654740268178242,-0.007344193393178242,0.0009565878568217577,-0.005146927768178242,-0.021260209018178242,-0.021260209018178242,-0.03639692776817824,-0.03517622464317824,-0.020527787143178242,-0.0022172402681782423,0.007304244106821758,-0.007832474643178242,-0.009541459018178242,-0.0036820840181782423,0.010722212856821758,0.010722212856821758,0.019999556606821758,0.014628462856821758,0.004618697231821758,0.0012007284818217577,0.008769087856821758,0.019022994106821758,0.018046431606821758,0.007792525356821758,0.004374556606821758,0.011942915981821758,0.011942915981821758,0.016581587856821758,0.016337447231821758,0.007548384731821758,-1.9974643178242296e-05,-0.003926224643178242,0.013651900356821758,0.021220259731821758,0.011698775356821758,-0.010029740268178242,-0.010029740268178242,-0.027852005893178242,-0.025898880893178242,-0.0014848183931782423,0.011698775356821758,-0.004170365268178242,-0.030781693393178242,-0.03419966214317824,-0.027119584018178242,-0.028340287143178242,-0.03175825589317824,-0.03175825589317824,-0.03322309964317824,-0.03835005276817824,-0.04274458401817824,-0.03981489651817824,-0.030049271518178242,-0.012227005893178242,-0.016621537143178242,-0.025410599643178242,-0.025898880893178242,-0.025898880893178242,-0.017109818393178242,-0.010273880893178242,-0.005391068393178242,-0.0014848183931782423,0.0019331503568217577,0.004374556606821758,0.0031538534818217577,0.008769087856821758,0.019511275356821758,0.019511275356821758,0.024394087856821758,0.022685103481821758,0.021220259731821758,0.022685103481821758,0.022685103481821758,0.0038862753568217577,-0.0007523965181782423,0.005351119106821758,0.005106978481821758,0.005106978481821758,-0.007588334018178242,-0.021016068393178242,-0.029316849643178242,-0.03151411526817824,-0.03615278714317824,-0.05153364651817824,-0.03688520901817824,-0.005879349643178242,0.025858931606821758,0.03269486910682176,0.03269486910682176,0.007060103481821758,-0.015644974643178242,-0.018574662143178242,0.0031538534818217577,0.03953080660682176,0.05369096285682176,0.03318315035682176,0.026103072231821758,0.03245072848182176,0.03245072848182176,0.04929643160682176,0.07151322848182176,0.07956986910682176,0.07395463473182176,0.06565385348182176,0.023905806606821758,0.013163619106821758,0.018290572231821758,0.028056197231821758,0.028056197231821758,0.021708540981821758,-0.0012406777681782423,-0.020283646518178242,-0.025410599643178242,-0.029072709018178242,-0.03957075589317824,-0.028584427768178242,-0.011250443393178242,-0.008320755893178242,-0.008320755893178242,-0.022725052768178242,-0.03517622464317824,-0.025166459018178242,-0.0012406777681782423,0.011698775356821758,-0.016621537143178242,-0.011250443393178242,0.012675337856821758,0.030009322231821758,0.03806596285682176,0.03806596285682176,0.03586869723182176,0.026591353481821758,0.024882369106821758,0.03757768160682176,0.05564408785682176,0.04539018160682176,0.013896040981821758,-0.005879349643178242,-0.004170365268178242,-0.004170365268178242,-0.003926224643178242,-0.012715287143178242,-0.03566450589317824,-0.05885786526817824,-0.05543989651817824,-0.05275434964317824,-0.07375044339317824,-0.06789106839317824,-0.05421919339317824,-0.04591841214317824,-0.04591841214317824,-0.05324263089317824,-0.05202192776817824,-0.027119584018178242,-0.0005082558931782423,-0.008809037143178242,-0.04079145901817824,-0.011250443393178242,0.028544478481821758,0.04441361910682176,0.03367143160682176,0.03367143160682176,0.020243697231821758,0.027079634731821758,0.04612260348182176,0.06321244723182176,0.06516557223182176,0.025370650356821758,0.011454634731821758,0.005839400356821758,0.008036665981821758,0.008036665981821758,-0.0027055215181782423,-0.030049271518178242,-0.04591841214317824,-0.04250044339317824,-0.027119584018178242,-0.04640669339317824,-0.06056684964317824,-0.04762739651817824,-0.021016068393178242,-0.013935990268178242,-0.013935990268178242,-0.027607865268178242,-0.03322309964317824,-0.017109818393178242,0.011942915981821758,0.027079634731821758,-0.005879349643178242,0.005839400356821758,0.03171830660682176,0.05247025973182176,0.05247025973182176,0.06540971285682176,0.06833940035682176,0.07493119723182176,0.07956986910682176,0.06956010348182176,0.03928666598182176,0.03806596285682176,0.04294877535682176,0.03196244723182176,0.0021772909818217577,0.0021772909818217577,-0.026387162143178242,-0.04030317776817824,-0.03712934964317824,-0.03395552151817824,-0.05202192776817824,-0.07594770901817824,-0.07399458401817824,-0.05177778714317824,-0.03712934964317824,-0.03712934964317824,-0.04005903714317824,-0.05519575589317824,-0.05690474026817824,-0.028828568393178242,-0.0002641152681782423,-0.007588334018178242,-0.015644974643178242,-0.011982865268178242,0.017314009731821758,0.017314009731821758,0.05271440035682176,0.06223588473182176,0.04856400973182176,0.04026322848182176,0.04709916598182176,0.07151322848182176,0.05539994723182176,0.03538041598182176,0.029276900356821758,0.021464400356821758,0.021464400356821758,-0.009297318393178242,-0.04152388089317824,-0.05641645901817824,-0.05104536526817824,-0.030781693393178242,-0.05128950589317824,-0.07375044339317824,-0.06935591214317824,-0.04543013089317824,-0.04543013089317824,-0.023945755893178242,-0.017109818393178242,-0.027363724643178242,-0.03566450589317824,-0.015889115268178242,0.030741744106821758,0.010478072231821758,-0.007588334018178242,0.0029097128568217577,0.0029097128568217577,0.03855424410682176,0.07297807223182176,0.08030229098182176,0.06516557223182176,0.04929643160682176,0.07956986910682176,6.248385291550956e-05,0.06931596285682176,0.03293900973182176,0.014628462856821758,0.014628462856821758,0.021708540981821758,0.028544478481821758,0.016581587856821758,-0.027363724643178242,-0.05104536526817824,-0.03151411526817824,-0.027607865268178242,-0.04909224026817824,-0.08302778714317824,-0.08302778714317824,6.248385291550956e-05,-0.06886763089317824,-0.03639692776817824,-0.020527787143178242,-0.025410599643178242,-0.03468794339317824,-0.019551224643178242,0.0026655722318217577,0.013651900356821758,0.013651900356821758,0.007304244106821758,0.005351119106821758,0.020487837856821758,0.04783158785682176,0.07053666598182176,0.04514604098182176,0.030497603481821758,0.03684525973182176,0.05832963473182176,0.05832963473182176,0.06272416598182176,0.03708940035682176,0.015605025356821758,-0.0029496621431782423,-0.013935990268178242,-0.030781693393178242,-0.030049271518178242,-0.03859419339317824,-0.06129927151817824,-0.08083052151817824,-0.08083052151817824,-0.08644575589317824,-0.07155317776817824,-0.04152388089317824,-0.03810591214317824,-0.05397505276817824,-0.06007856839317824,-0.026387162143178242,0.012675337856821758,0.013896040981821758,0.013896040981821758,-0.005635209018178242,-0.015889115268178242,-0.015644974643178242,0.009013228481821758,0.07004838473182176,0.07395463473182176,0.05857377535682176,0.04636674410682176,0.04905229098182176,0.04905229098182176,0.06907182223182176,0.07541947848182176,0.05369096285682176,0.025614790981821758,0.017069869106821758,0.018778853481821758,0.009257369106821758,-0.023213334018178242,-0.03712934964317824,-0.04982466214317824,-0.03908247464317824,-0.04640669339317824,-0.04640669339317824,-0.06569380276817824,-0.07082075589317824,-0.06422895901817824,-0.05348677151817824,-0.04079145901817824,-0.025654740268178242,-0.016865677768178242,-0.013447709018178242,-0.010029740268178242,-0.010029740268178242,0.005595259731821758,0.030741744106821758,0.03367143160682176,0.023417525356821758,0.019511275356821758,0.07468705660682176,6.248385291550956e-05,0.08469682223182176,0.06370072848182176,0.06370072848182176,0.05247025973182176,0.05271440035682176,0.04929643160682176,0.04123979098182176,0.03708940035682176,0.0009565878568217577,-0.017842240268178242,-0.023213334018178242,-0.019795365268178242,-0.010273880893178242,-0.010273880893178242,-0.020283646518178242,-0.05543989651817824,-0.08009809964317824,-0.06862349026817824,-0.03664106839317824,-0.04298872464317824,-0.06251997464317824,-0.05788130276817824,-0.018818802768178242,-0.018818802768178242,0.015360884731821758,0.007792525356821758,-0.007588334018178242,-0.010273880893178242,-0.0024613808931782423,0.030497603481821758,0.04856400973182176,0.06467729098182176,0.06589799410682176,0.06589799410682176,0.05051713473182176,0.04221635348182176,0.04880815035682176,0.06345658785682176,0.06809525973182176,0.014140181606821758,0.006083540981821758,0.012919478481821758,0.019267134731821758,0.019267134731821758,-0.0014848183931782423,-0.04518599026817824,-0.07008833401817824,-0.06251997464317824,-0.04445356839317824,-0.06203169339317824,-0.08058638089317824,-0.07863325589317824,-0.06032270901817824,-0.06032270901817824,-0.03883833401817824,-0.03200239651817824,-0.03419966214317824,-0.04396528714317824,-0.04176802151817824,0.010478072231821758,0.029276900356821758,0.010966353481821758,-0.014668412143178242,-0.014668412143178242,-0.0029496621431782423,0.03513627535682176,0.07419877535682176,0.06711869723182176,0.03586869723182176,0.05100541598182176,0.08420854098182176,0.07346635348182176,0.028544478481821758,0.012187056606821758,0.012187056606821758,0.022929244106821758,0.029765181606821758,0.014628462856821758,-0.023457474643178242,-0.03542036526817824,-0.028096146518178242,-0.03371138089317824,-0.04835981839317824,-0.06178755276817824,-0.06178755276817824,-0.06398481839317824,-0.05934614651817824,-0.06251997464317824,-0.05519575589317824,-0.021504349643178242,-0.011982865268178242,-0.012227005893178242,-0.011250443393178242,0.004862837856821758,0.004862837856821758,0.019511275356821758,0.019999556606821758,0.015605025356821758,0.018290572231821758,0.05442338473182176,0.07444291598182176,0.08030229098182176,0.07078080660682176,0.05784135348182176,0.05784135348182176,0.05442338473182176,0.05198197848182176,0.05613236910682176,0.06077104098182176,0.011942915981821758,-0.012715287143178242,-0.012959427768178242,-0.005146927768178242,-0.007100052768178242,-0.007100052768178242,-0.024922318393178242,-0.05446333401817824,-0.06349653714317824,-0.07326216214317824,-0.05788130276817824,-0.04762739651817824,-0.04713911526817824,-0.04958052151817824,-0.04665083401817824,-0.04665083401817824,-0.027363724643178242,-0.003926224643178242,0.0004683066068217577,-0.010518021518178242,0.013896040981821758,0.018046431606821758,0.022685103481821758,0.03245072848182176,0.03879838473182176,0.03879838473182176,0.04709916598182176,0.05906205660682176,0.06663041598182176,0.06125932223182176,0.05808549410682176,0.04246049410682176,0.03245072848182176,0.03367143160682176,0.03245072848182176,0.03245072848182176,0.005351119106821758,-0.015400834018178242,-0.03395552151817824,-0.04274458401817824,-0.03664106839317824,-0.05641645901817824,-0.06984419339317824,-0.07765669339317824,-0.08058638089317824,-0.08058638089317824,-0.05910200589317824,-0.04372114651817824,-0.03883833401817824,-0.03664106839317824,-0.018574662143178242,-0.012715287143178242,-0.006611771518178242,-0.0002641152681782423,-0.004170365268178242,-0.004170365268178242,0.004618697231821758,0.020731978481821758,0.04246049410682176,0.05369096285682176,0.04050736910682176,0.04734330660682176,0.06956010348182176,0.07956986910682176,0.07102494723182176,0.04880815035682176,0.04880815035682176,0.04026322848182176,0.04172807223182176,0.029765181606821758,0.007060103481821758,-0.011250443393178242,-0.023213334018178242,-0.023701615268178242,-0.04225630276817824,-0.06178755276817824,0.0007124472318217577,0.0007124472318217577,-0.06178755276817824,-0.05397505276817824,-0.05251020901817824,-0.05299849026817824,-0.05177778714317824,-0.05177778714317824,-0.03419966214317824,-0.010518021518178242,-0.0022172402681782423,-0.004170365268178242,-0.0007523965181782423,0.015360884731821758,0.023661665981821758,0.022685103481821758,0.027812056606821758,0.027812056606821758,0.03977494723182176,0.05393510348182176,0.06614213473182176,0.07151322848182176,0.07126908785682176,0.05832963473182176,0.04343705660682176,0.03147416598182176,0.03147416598182176,0.03147416598182176,0.025614790981821758,0.009013228481821758,-0.011250443393178242,-0.015644974643178242,-0.019551224643178242,-0.03688520901817824,-0.06227583401817824,-0.08620161526817824,-0.07912153714317824,-0.07912153714317824,-0.05348677151817824,-0.04445356839317824,-0.04640669339317824,-0.04396528714317824,-0.05031294339317824,-0.03566450589317824,-0.007344193393178242,-0.0002641152681782423,0.0021772909818217577,0.011454634731821758,0.011454634731821758,0.004130415981821758,0.0014448691068217577,0.016337447231821758,0.04246049410682176,0.05320268160682176,0.04490190035682176,0.04758744723182176,0.05320268160682176,0.06589799410682176,0.06589799410682176,0.07102494723182176,0.05149369723182176,0.028544478481821758,0.017802290981821758,0.023417525356821758,-1.9974643178242296e-05,-0.03249067776817824,-0.05739302151817824,-0.04640669339317824,-0.04640669339317824,-0.024189896518178242,-0.021016068393178242,-0.05348677151817824,-0.07765669339317824,-0.05641645901817824,-0.030537552768178242,-0.030781693393178242,-0.04933638089317824,-0.04835981839317824,-0.03273481839317824,-0.016865677768178242,0.009013228481821758,0.03318315035682176,0.0007124472318217577,0.03147416598182176,0.0004683066068217577,-0.014668412143178242,0.009989790981821758,0.04563432223182176,0.07029252535682176,0.07273393160682176,0.03953080660682176,0.05173783785682176,0.07419877535682176,0.07566361910682176,0.05393510348182176,0.05393510348182176,0.03684525973182176,0.025126509731821758,0.027812056606821758,0.018778853481821758,0.0038862753568217577,-0.03322309964317824,-0.04469770901817824,-0.04469770901817824,-0.04713911526817824,-0.06471724026817824,-0.07326216214317824,-0.06569380276817824,-0.06569380276817824,-0.05080122464317824,-0.04030317776817824,-0.03419966214317824,-0.03981489651817824,-0.04225630276817824,-0.020283646518178242,0.007304244106821758,0.022440962856821758,0.014140181606821758,0.014140181606821758,0.004862837856821758,0.009013228481821758,0.026347212856821758,0.04441361910682176,0.05076127535682176,0.04831986910682176,0.05124955660682176,0.05930619723182176,0.07029252535682176,0.06516557223182176,0.06516557223182176,0.04587846285682176,0.03367143160682176,0.03782182223182176,0.03415971285682176,-0.026631302768178242,-0.04469770901817824,-0.03737349026817824,-0.029805130893178242,-0.03786177151817824,-0.03786177151817824,-0.06081099026817824,-0.08498091214317824,6.248385291550956e-05,-0.07887739651817824,-0.03615278714317824,-0.03981489651817824,-0.05617231839317824,-0.06764692776817824,-0.04494184964317824,0.013896040981821758,0.013896040981821758,0.04123979098182176,0.009501509731821758,-0.018574662143178242,-0.011006302768178242,0.04123979098182176,0.04661088473182176,0.030497603481821758,0.021952681606821758,0.03733354098182176,0.03733354098182176,0.06931596285682176,0.08616166598182176,0.07322221285682176,0.04880815035682176,0.028544478481821758,0.03831010348182176,0.04319291598182176,0.023417525356821758,0.0036421347318217577,0.0036421347318217577,-0.012715287143178242,-0.03273481839317824,-0.04201216214317824,-0.03468794339317824,-0.06178755276817824,-0.07594770901817824,-0.07204145901817824,-0.05251020901817824,-0.03859419339317824,-0.03859419339317824,-0.04469770901817824,-0.06276411526817824,-0.05519575589317824,-0.017109818393178242,0.016337447231821758,-0.011982865268178242,-0.016865677768178242,0.0007124472318217577,0.026103072231821758,0.04465775973182176,0.04465775973182176,0.04123979098182176,0.030009322231821758,0.03977494723182176,0.05881791598182176,0.06614213473182176,0.06956010348182176,0.07248979098182176,0.08518510348182176,6.248385291550956e-05,6.248385291550956e-05,0.08542924410682176,0.05442338473182176,0.025858931606821758,0.024882369106821758,0.022196822231821758,-0.0014848183931782423,-0.03712934964317824,-0.05714888089317824,-0.05226606839317824,-0.05226606839317824,-0.04030317776817824,-0.03859419339317824,-0.05202192776817824,-0.07570356839317824,-0.05763716214317824,-0.024678177768178242,-0.011738724643178242,-0.021260209018178242,-0.04909224026817824,-0.05519575589317824,-0.05519575589317824,-0.022236771518178242,0.008524947231821758,0.014628462856821758,-0.009785599643178242,-0.014668412143178242,0.0033979941068217577,0.010233931606821758,0.009501509731821758,0.017069869106821758,0.017069869106821758,0.029765181606821758,0.04880815035682176,0.04954057223182176,0.024638228481821758,-0.021992630893178242,0.013651900356821758,0.04294877535682176,0.03367143160682176,0.0016890097318217577,0.0016890097318217577,-0.03297895901817824,-0.04543013089317824,-0.04127974026817824,-0.03126997464317824,-0.024434037143178242,-0.028340287143178242,-0.04347700589317824,-0.06081099026817824,-0.06227583401817824,-0.06227583401817824,-0.04347700589317824,-0.024189896518178242,-0.019551224643178242,-0.025166459018178242,-0.011982865268178242,-0.0031938027681782423,-0.0034379433931782423,-0.007588334018178242,-0.0024613808931782423,0.012187056606821758,0.012187056606821758,0.023173384731821758,0.026347212856821758,0.019022994106821758,0.020243697231821758,0.03415971285682176,0.04270463473182176,0.03391557223182176,0.021708540981821758,0.023905806606821758,0.025126509731821758,0.022685103481821758,0.022685103481821758,0.022440962856821758,0.022685103481821758,0.020243697231821758,0.016337447231821758,0.015116744106821758,0.016337447231821758,0.015605025356821758,0.0019331503568217577,-0.008076615268178242,-0.006611771518178242,-0.0012406777681782423,0.005595259731821758,0.016093306606821758,0.021708540981821758,0.008280806606821758,-0.012715287143178242,-0.020039505893178242,-0.020039505893178242,-0.008320755893178242,0.016337447231821758,0.025370650356821758,0.005595259731821758,-0.017353959018178242,-0.022969193393178242,-0.011982865268178242,0.016093306606821758,0.008769087856821758,-0.011006302768178242,-0.03419966214317824,-0.03810591214317824,-0.013447709018178242,0.008769087856821758,0.005839400356821758,-0.015400834018178242,-0.015400834018178242,-0.030293412143178242,-0.025654740268178242,-0.005391068393178242,0.009745650356821758,0.0021772909818217577,-0.016377396518178242,-0.026387162143178242,0.0036421347318217577,0.009745650356821758,-0.004658646518178242,-0.019062943393178242,-0.019795365268178242,-0.006855912143178242,0.009745650356821758,0.009257369106821758,-0.0009965371431782423,-0.0009965371431782423,-0.012959427768178242,-0.018086380893178242,-0.007344193393178242,0.006327681606821758,0.012431197231821758,0.006815962856821758,-0.007588334018178242,-0.014424271518178242,-0.0002641152681782423,0.012431197231821758,0.011210494106821758,-0.0019730996431782423,-0.006123490268178242,-0.0002641152681782423,0.009745650356821758,0.017558150356821758,0.017558150356821758,0.018046431606821758,0.012187056606821758,0.005351119106821758,0.004862837856821758,0.010966353481821758,0.020976119106821758,0.022440962856821758,0.014384322231821758,0.011454634731821758,0.012187056606821758,0.015116744106821758,0.017314009731821758,0.015360884731821758,0.007792525356821758,0.005106978481821758,0.0026655722318217577,0.0024214316068217577,0.0024214316068217577,0.004618697231821758,0.005351119106821758,0.0007124472318217577,-0.0036820840181782423,-0.006123490268178242,-0.008076615268178242,0.0007124472318217577,0.03171830660682176,0.0026655722318217577,-0.04982466214317824,-0.07960981839317824,-0.05324263089317824,0.009745650356821758,0.04123979098182176,0.04123979098182176,0.015360884731821758,-0.04323286526817824,-0.08253950589317824,-0.013935990268178242,0.022440962856821758,0.023661665981821758,-0.0034379433931782423,-0.03517622464317824,-0.03883833401817824,-0.003926224643178242,-0.003926224643178242,0.03879838473182176,0.04441361910682176,0.014628462856821758,-0.007344193393178242,0.028788619106821758,0.03977494723182176,0.025370650356821758,-0.0022172402681782423,-0.007588334018178242,-0.007588334018178242,0.016581587856821758,0.04929643160682176,0.05369096285682176,0.017558150356821758,-0.030049271518178242,0.014628462856821758,0.06248002535682176,0.06321244723182176,0.011942915981821758,0.011942915981821758,-0.04298872464317824,-0.04884809964317824,-0.0036820840181782423,0.05539994723182176,0.027567915981821758,-0.04445356839317824,-0.07521528714317824,-0.03151411526817824,0.04465775973182176,0.07883744723182176,0.07883744723182176,0.030985884731821758,-0.04543013089317824,-0.07472700589317824,0.03708940035682176,0.06882768160682176,0.022929244106821758,-0.04860395901817824,-0.06667036526817824,-0.019307084018178242,-0.019307084018178242,0.03269486910682176,0.03806596285682176,-0.004658646518178242,-0.03810591214317824,-0.0036820840181782423,0.025126509731821758,0.026591353481821758,-0.005391068393178242,-0.04152388089317824,-0.04152388089317824,-0.04469770901817824,-0.007344193393178242,0.03342729098182176,0.030985884731821758,-0.04030317776817824,-0.04250044339317824,-0.010762162143178242,0.014140181606821758,0.008524947231821758,0.008524947231821758,-0.018818802768178242,-0.05128950589317824,-0.05421919339317824,-0.030537552768178242,-0.003926224643178242,-0.026875443393178242,-0.05763716214317824,-0.06471724026817824,-0.03688520901817824,-0.03688520901817824,-1.9974643178242296e-05,0.009501509731821758,-0.019307084018178242,-0.06178755276817824,-0.029072709018178242,0.011454634731821758,0.014872603481821758,-0.013935990268178242,-0.04494184964317824,-0.05031294339317824,-0.05031294339317824,-0.022725052768178242,0.010722212856821758,0.028788619106821758,0.009257369106821758,-0.03615278714317824,-0.03932661526817824,0.0007124472318217577,0.03904252535682176,0.03635697848182176,0.03635697848182176,-0.0012406777681782423,-0.029805130893178242,-0.014424271518178242,0.03928666598182176,0.012675337856821758,-0.016377396518178242,-0.025410599643178242,-0.0014848183931782423,0.030985884731821758,0.030985884731821758,0.05002885348182176,0.05320268160682176,0.027079634731821758,-0.011982865268178242,0.025614790981821758,0.06394486910682176,0.06809525973182176,0.030253462856821758,-0.007344193393178242,-0.010029740268178242,-0.010029740268178242,0.013651900356821758,0.04368119723182176,0.04758744723182176,-0.011006302768178242,-0.021992630893178242,-0.004902787143178242,0.012187056606821758,0.030009322231821758,0.025370650356821758,0.025370650356821758,-0.019551224643178242,-0.05641645901817824,-0.03761763089317824,0.04661088473182176,0.04197221285682176,-0.008320755893178242,-0.04347700589317824,-0.030293412143178242,0.007304244106821758,0.007304244106821758,0.03708940035682176,0.03415971285682176,0.005839400356821758,-0.029316849643178242,-0.0002641152681782423,0.029276900356821758,0.04392533785682176,0.022685103481821758,-0.019062943393178242,-0.03224653714317824,-0.03224653714317824,-0.005879349643178242,0.030985884731821758,0.05662065035682176,-0.013203568393178242,-0.03737349026817824,-0.010762162143178242,0.03245072848182176,0.05686479098182176,0.03782182223182176,0.03782182223182176,-0.012959427768178242,-0.05592817776817824,-0.04884809964317824,0.023905806606821758,0.025370650356821758,0.0031538534818217577,-0.029316849643178242,-0.04860395901817824,-0.030293412143178242,-0.030293412143178242,0.0021772909818217577,0.015849165981821758,0.007304244106821758,-0.006123490268178242,-0.0012406777681782423,0.010233931606821758,0.013407759731821758,0.008280806606821758,0.010722212856821758,0.010722212856821758,0.008036665981821758,-0.0029496621431782423,-0.006611771518178242,0.0021772909818217577,0.006327681606821758,0.007304244106821758,0.005839400356821758,0.005839400356821758,-0.005879349643178242,-0.005879349643178242,-0.017842240268178242,-0.012715287143178242,0.016093306606821758,0.03513627535682176,0.007060103481821758,-0.007344193393178242,-0.004658646518178242,0.014140181606821758,0.030741744106821758,0.03977494723182176,0.03977494723182176,0.026835494106821758,-0.005635209018178242,-0.026631302768178242,0.011942915981821758,0.028544478481821758,0.023173384731821758,0.0014448691068217577,-0.011494584018178242,-0.011982865268178242,-0.011982865268178242,-0.004414505893178242,-0.0029496621431782423,0.0024214316068217577,0.011454634731821758,-0.0007523965181782423,0.005106978481821758,0.011210494106821758,0.0012007284818217577,-0.017353959018178242,-0.023945755893178242,-0.023945755893178242,-0.006855912143178242,0.013407759731821758,0.009257369106821758,-0.03590864651817824,-0.026875443393178242,-0.010029740268178242,0.0029097128568217577,-0.007588334018178242,-0.025898880893178242,-0.025898880893178242,-0.026631302768178242,-0.018330521518178242,-0.016377396518178242,-0.015400834018178242,0.006571822231821758,0.0007124472318217577,-0.030537552768178242,-0.03712934964317824,-0.012715287143178242,-0.012715287143178242,-0.0022172402681782423,-0.011006302768178242,-0.022236771518178242,-0.011006302768178242,-0.020771927768178242,-0.03835005276817824,-0.03908247464317824,-0.018574662143178242,-0.007344193393178242,-0.007344193393178242,-0.012715287143178242,-0.019062943393178242,-0.016133255893178242,-0.007588334018178242,-0.005391068393178242,-0.015400834018178242,-0.027607865268178242,-0.022725052768178242,0.005351119106821758,0.022685103481821758,0.022685103481821758,0.010966353481821758,-0.006611771518178242,-0.0005082558931782423,0.007060103481821758,0.0024214316068217577,0.011210494106821758,0.022685103481821758,0.010233931606821758,-0.009297318393178242,-0.005146927768178242,-0.005146927768178242,0.011942915981821758,0.025858931606821758,0.020243697231821758,0.004618697231821758,0.015360884731821758,0.012675337856821758,0.0038862753568217577,0.008036665981821758,0.029032759731821758,0.029032759731821758,0.04148393160682176,0.020487837856821758,0.005351119106821758,0.04612260348182176,0.04807572848182176,0.024394087856821758,0.017069869106821758,0.029032759731821758,0.04026322848182176,0.022196822231821758,0.0012007284818217577,0.018290572231821758,0.04612260348182176,0.04319291598182176,0.020243697231821758,-0.0017289590181782423,-0.008564896518178242,0.007304244106821758,0.007304244106821758,0.017314009731821758,0.009745650356821758,-0.0031938027681782423,-0.0027055215181782423,-0.008076615268178242,-0.017842240268178242,-0.013935990268178242,0.0016890097318217577,0.004862837856821758,-0.021016068393178242,-0.04005903714317824,-0.04005903714317824,-0.015156693393178242,0.028300337856821758,0.028544478481821758,-0.03419966214317824,-0.018818802768178242,0.023417525356821758,0.04075150973182176,0.010722212856821758,-0.022725052768178242,-0.022725052768178242,-0.018574662143178242,0.007304244106821758,0.020976119106821758,-0.007100052768178242,-0.010518021518178242,-0.017109818393178242,-0.024434037143178242,-0.019551224643178242,-0.015644974643178242,-0.012227005893178242,-0.012227005893178242,-0.015156693393178242,-0.03224653714317824,-0.04420942776817824,0.004862837856821758,0.010478072231821758,-0.019551224643178242,-0.05934614651817824,-0.05910200589317824,-0.024678177768178242,-0.024678177768178242,0.017069869106821758,0.025858931606821758,-0.005391068393178242,-0.05934614651817824,-0.028340287143178242,0.019511275356821758,0.03708940035682176,0.005106978481821758,-0.04835981839317824,-0.04835981839317824,-0.05519575589317824,-0.0031938027681782423,0.04880815035682176,-0.012471146518178242,-0.04396528714317824,-0.020771927768178242,0.028788619106821758,0.05393510348182176,0.03611283785682176,0.03611283785682176,-0.006611771518178242,-0.031025834018178242,-0.009297318393178242,0.03538041598182176,0.023173384731821758,-0.010029740268178242,-0.013935990268178242,0.011698775356821758,0.04685502535682176,0.05124955660682176,0.017314009731821758,0.017314009731821758,-0.024189896518178242,-0.020039505893178242,0.03708940035682176,0.05442338473182176,-0.005146927768178242,-0.04933638089317824,-0.03615278714317824,0.020976119106821758,0.05613236910682176,0.05613236910682176,0.03147416598182176,-0.029072709018178242,-0.06178755276817824,0.019999556606821758,0.04514604098182176,0.010966353481821758,-0.05226606839317824,-0.07130903714317824,-0.025166459018178242,-0.025166459018178242,0.023417525356821758,0.025126509731821758,-0.015889115268178242,-0.04933638089317824,-0.012715287143178242,0.023417525356821758,0.03293900973182176,0.006815962856821758,-0.031025834018178242,-0.03419966214317824,-0.03419966214317824,0.009501509731821758,0.05662065035682176,0.05784135348182176,-0.016865677768178242,-0.021016068393178242,0.007792525356821758,0.04514604098182176,0.05100541598182176,0.015605025356821758,0.015605025356821758,-0.021016068393178242,-0.027607865268178242,0.0004683066068217577,0.007792525356821758,-0.014668412143178242,-0.029072709018178242,-0.03224653714317824,-0.026631302768178242,-0.018818802768178242,-0.018818802768178242,-0.021260209018178242,-0.025898880893178242,-0.021016068393178242,-0.018574662143178242,-0.019795365268178242,-0.024678177768178242,-0.028584427768178242,-0.026631302768178242,-0.022480912143178242,-0.013691849643178242,-0.013691849643178242,0.0031538534818217577,0.016093306606821758,-0.0007523965181782423,0.0002241659818217577,0.017802290981821758,0.030253462856821758,0.03464799410682176,0.03806596285682176,0.04368119723182176,0.04368119723182176,0.04416947848182176,0.04246049410682176,0.03489213473182176,0.04001908785682176,0.03708940035682176,0.024394087856821758,0.016337447231821758,0.026591353481821758,0.03660111910682176,0.03660111910682176,0.022685103481821758,-0.006855912143178242,-0.023457474643178242,-0.0024613808931782423,0.005839400356821758,-0.0031938027681782423,-0.023457474643178242,-0.03932661526817824,-0.05031294339317824,-0.05031294339317824,-0.04640669339317824,-0.03175825589317824,-0.023945755893178242,-0.027607865268178242,-0.04127974026817824,-0.04127974026817824,-0.023701615268178242,-0.007344193393178242,-0.0017289590181782423,-0.0019730996431782423,-0.0019730996431782423,-0.0019730996431782423,0.008769087856821758,0.030253462856821758,0.024638228481821758,0.019267134731821758,0.025126509731821758,0.030985884731821758,0.03538041598182176,0.03611283785682176,0.03611283785682176,0.028056197231821758,0.013651900356821758,-0.007100052768178242,0.006083540981821758,0.025858931606821758,0.012675337856821758,-0.025166459018178242,-0.04152388089317824,-0.022236771518178242,-0.022236771518178242,0.0012007284818217577,0.0036421347318217577,-0.023213334018178242,-0.05983442776817824,-0.04884809964317824,-0.03322309964317824,-0.025410599643178242,-0.023457474643178242,-0.022480912143178242,-0.022480912143178242,-0.021016068393178242,-0.016133255893178242,-0.003926224643178242,0.013407759731821758,0.0002241659818217577,-0.007832474643178242,0.009745650356821758,0.04099565035682176,0.05955033785682176,0.04954057223182176,0.04954057223182176,0.026347212856821758,0.011698775356821758,0.007060103481821758,0.028544478481821758,0.031230025356821758,0.011942915981821758,-0.0012406777681782423,0.008036665981821758,0.016337447231821758,0.016337447231821758,0.011942915981821758,-0.010762162143178242,-0.028828568393178242,-0.018330521518178242,-0.017598099643178242,-0.03297895901817824,-0.04616255276817824,-0.03835005276817824,-0.024189896518178242,-0.024189896518178242,-0.020527787143178242,-0.022236771518178242,-0.019062943393178242,-0.005391068393178242,0.009501509731821758,0.014872603481821758,0.006327681606821758,-0.0024613808931782423,0.017314009731821758,0.04856400973182176,0.04856400973182176,0.06223588473182176,0.04661088473182176,0.014628462856821758,0.030253462856821758,0.05124955660682176,0.06028275973182176,0.04270463473182176,0.008524947231821758,-0.004658646518178242,-0.004658646518178242,0.010722212856821758,0.022929244106821758,0.008524947231821758,-0.015889115268178242,-0.024434037143178242,-0.017353959018178242,-0.008809037143178242,-0.013691849643178242,-0.03273481839317824,-0.03273481839317824,-0.04640669339317824,-0.03932661526817824,-0.024434037143178242,0.0031538534818217577,0.005106978481821758,-0.004414505893178242,-0.013935990268178242,-0.013203568393178242,0.005351119106821758,0.024638228481821758,0.024638228481821758,0.025858931606821758,0.013651900356821758,0.005595259731821758,0.008036665981821758,0.011942915981821758,0.011454634731821758,-0.006123490268178242,-0.021748490268178242,-0.020039505893178242,-0.020039505893178242,-0.006367630893178242,0.005106978481821758,-0.005879349643178242,-0.028340287143178242,-0.03542036526817824,-0.03810591214317824,-0.03810591214317824,-0.021504349643178242,-0.018086380893178242,-0.026631302768178242,-0.029316849643178242,-0.014912552768178242,0.016825728481821758,0.03269486910682176,0.017069869106821758,-0.010273880893178242,-0.014424271518178242,-0.014424271518178242,0.013163619106821758,0.04539018160682176,0.04026322848182176,0.019022994106821758,-0.004170365268178242,-0.004902787143178242,0.016825728481821758,0.03928666598182176,0.03953080660682176,0.03953080660682176,0.005106978481821758,-0.03517622464317824,-0.026875443393178242,0.028544478481821758,0.006327681606821758,-0.028340287143178242,-0.05299849026817824,-0.03590864651817824,-0.007588334018178242,0.004618697231821758,0.004618697231821758,-0.005146927768178242,-0.025410599643178242,-0.0029496621431782423,0.028300337856821758,0.030741744106821758,0.015849165981821758,0.005595259731821758,0.004130415981821758,0.021708540981821758,0.021708540981821758,0.04197221285682176,0.03733354098182176,0.006327681606821758,-1.9974643178242296e-05,0.007548384731821758,0.022685103481821758,0.017802290981821758,0.0002241659818217577,-0.012715287143178242,-0.012715287143178242,-0.017109818393178242,-0.011250443393178242,-0.008564896518178242,-0.03419966214317824,-0.04420942776817824,-0.03835005276817824,-0.030293412143178242,-0.019795365268178242,-0.016133255893178242,-0.016133255893178242,-0.025654740268178242,-0.03224653714317824,-0.016621537143178242,0.009989790981821758,0.014872603481821758,0.020243697231821758,0.022929244106821758,0.019511275356821758,0.019267134731821758,0.015605025356821758,0.015605025356821758,0.015116744106821758,0.017314009731821758,0.027323775356821758,0.015116744106821758,-0.0027055215181782423,-0.008564896518178242,-0.005146927768178242,-0.0002641152681782423,-0.0002641152681782423,-0.0002641152681782423,-0.007344193393178242,-0.020527787143178242,-0.025654740268178242,-0.012227005893178242,-0.0007523965181782423,-0.010273880893178242,-0.021504349643178242,-0.007832474643178242,0.011698775356821758,0.011698775356821758,0.024638228481821758,0.025858931606821758,0.019999556606821758,0.03318315035682176,0.031230025356821758,0.018534712856821758,0.010966353481821758,0.016825728481821758,0.019267134731821758,0.019267134731821758,0.015849165981821758,0.005351119106821758,-0.006855912143178242,-0.021992630893178242,-0.013691849643178242,-0.010029740268178242,-0.017842240268178242,-0.03664106839317824,-0.04884809964317824,-0.026387162143178242,-0.026387162143178242,0.0002241659818217577,-0.006611771518178242,-0.030293412143178242,-0.0005082558931782423,0.025126509731821758,0.021220259731821758,0.007792525356821758,0.009989790981821758,0.023173384731821758,0.023173384731821758,0.03293900973182176,0.029521040981821758,0.020976119106821758,0.0029097128568217577,0.008280806606821758,0.021464400356821758,0.018046431606821758,-0.0022172402681782423,-0.025898880893178242,-0.025898880893178242,-0.03859419339317824,-0.03175825589317824,-0.013691849643178242,-0.014180130893178242,-0.03493208401817824,-0.04518599026817824,-0.031025834018178242,-0.004902787143178242,0.011454634731821758,0.011454634731821758,0.011454634731821758,-0.004658646518178242,-0.013935990268178242,0.03513627535682176,0.03342729098182176,0.019511275356821758,0.010722212856821758,0.009013228481821758,0.017558150356821758,0.022440962856821758,0.022440962856821758,0.020976119106821758,0.017802290981821758,0.005106978481821758,-0.007100052768178242,-0.006611771518178242,-0.004414505893178242,-0.022725052768178242,-0.04762739651817824,-0.04640669339317824,-0.04640669339317824,-0.026387162143178242,-0.008564896518178242,-0.0031938027681782423,-0.0024613808931782423,0.015605025356821758,0.024882369106821758,0.019022994106821758,0.006083540981821758,0.018778853481821758,0.03953080660682176,0.03953080660682176,0.03660111910682176,0.019267134731821758,0.005839400356821758,0.018534712856821758,0.021708540981821758,0.006815962856821758,-0.008809037143178242,-0.011494584018178242,-0.005635209018178242,-0.005635209018178242,-0.008076615268178242,-0.022969193393178242,-0.03639692776817824,-0.028340287143178242,-0.016621537143178242,-0.023701615268178242,-0.028584427768178242,-0.018574662143178242,-0.004414505893178242,-0.004414505893178242,0.008280806606821758,0.018778853481821758,0.017802290981821758,0.014628462856821758,0.008769087856821758,0.0031538534818217577,0.006815962856821758,0.015116744106821758,0.015360884731821758,0.015360884731821758,0.0007124472318217577,-0.011006302768178242,-0.010029740268178242,-0.0002641152681782423,-0.011494584018178242,-0.026143021518178242,-0.03126997464317824,-0.030049271518178242,-0.026387162143178242,-0.015644974643178242,-0.015644974643178242,-0.003926224643178242,0.007060103481821758,-0.0022172402681782423,0.0004683066068217577,0.016093306606821758,0.04465775973182176,0.05564408785682176,0.03440385348182176,0.008524947231821758,0.008524947231821758,-0.0002641152681782423,0.016825728481821758,0.025614790981821758,-0.0027055215181782423,-0.027119584018178242,-0.023213334018178242,-0.0019730996431782423,0.0036421347318217577,-0.010518021518178242,-0.03786177151817824,-0.03786177151817824,-0.05348677151817824,-0.04543013089317824,0.017802290981821758,0.017314009731821758,-0.0031938027681782423,-0.018330521518178242,-0.004170365268178242,0.024638228481821758,0.04026322848182176,0.04026322848182176,0.04075150973182176,0.025126509731821758,-0.009053177768178242,0.006083540981821758,0.029276900356821758,0.03464799410682176,0.021220259731821758,-0.004170365268178242,-0.019795365268178242,-0.019795365268178242,-0.019062943393178242,-0.016377396518178242,-0.011250443393178242,-0.015889115268178242,-0.025410599643178242,-0.023945755893178242,-0.010273880893178242,0.012187056606821758,0.024394087856821758,0.024394087856821758,0.017802290981821758,0.007792525356821758,0.022440962856821758,0.04197221285682176,0.03660111910682176,0.009745650356821758,-0.007832474643178242,0.0024214316068217577,0.017558150356821758,0.017558150356821758,0.012919478481821758,-0.015400834018178242,-0.06642622464317824,-0.06374067776817824,-0.04469770901817824,-0.016865677768178242,0.009745650356821758,0.009989790981821758,-0.012959427768178242,-0.012959427768178242,-0.03151411526817824,-0.022969193393178242,0.010478072231821758,0.026347212856821758,0.010478072231821758,0.018778853481821758,0.03415971285682176,0.024394087856821758,-0.0019730996431782423,-0.018818802768178242,-0.016865677768178242,-0.016865677768178242,-0.0029496621431782423,-0.008320755893178242,-0.03517622464317824,-0.03688520901817824,-0.03444380276817824,-0.03908247464317824,-0.04420942776817824,-0.03395552151817824,-0.027119584018178242,-0.027119584018178242,-0.03883833401817824,-0.04176802151817824,-0.011250443393178242,-0.015889115268178242,-0.025654740268178242,-0.025898880893178242,-0.0019730996431782423,0.023661665981821758,0.018534712856821758,0.018534712856821758,-0.0002641152681782423,-0.003926224643178242,0.03220658785682176,0.025126509731821758,-0.0009965371431782423,-0.008809037143178242,0.010722212856821758,0.03684525973182176,0.04221635348182176,0.025370650356821758,0.025370650356821758,0.006815962856821758,0.0002241659818217577,0.005839400356821758,0.017314009731821758,0.028300337856821758,0.027079634731821758,0.020243697231821758,0.017802290981821758,0.012431197231821758,0.012431197231821758,0.020243697231821758,0.027567915981821758,0.025370650356821758,0.023417525356821758,0.022929244106821758,0.023661665981821758,0.018534712856821758,0.017069869106821758,0.016337447231821758,0.016337447231821758,0.015360884731821758,0.015360884731821758,0.006083540981821758,0.0036421347318217577,0.007304244106821758,0.009257369106821758,0.011698775356821758,0.009745650356821758,0.006571822231821758,0.008769087856821758,0.008769087856821758,0.010966353481821758,0.013651900356821758,0.011210494106821758,0.012919478481821758,0.018290572231821758,0.020731978481821758,0.019755415981821758,0.014872603481821758,0.009989790981821758,0.009989790981821758,0.014872603481821758,0.015849165981821758,0.005595259731821758,0.0026655722318217577,0.0031538534818217577,0.0029097128568217577,-0.0007523965181782423,-0.004414505893178242,-0.006855912143178242,-0.006855912143178242,-0.007344193393178242,-0.009541459018178242,-0.018818802768178242,-0.022236771518178242,-0.018086380893178242,-0.0031938027681782423
UR5e_W,0.018462581910948822,0.03408758191094882,0.04238836316094882,0.03579656628594882,0.020659847535948822,0.013335628785948822,0.017486019410948822,0.027739925660948822,0.023833675660948822,0.008941097535948822,-9.210558905117794e-05,0.004546566285948822,0.008452816285948822,0.008452816285948822,0.004302425660948822,-0.001556949339051178,-0.010346011839051178,-0.012787418089051178,-0.009613589964051178,-0.010834293089051178,-0.016205386839051178,-0.020844058714051178,-0.018890933714051178,-0.020599918089051178,-0.023041324339051178,-0.023041324339051178,-0.024750308714051178,-0.023773746214051178,-0.020599918089051178,-0.018158511839051178,-0.016693668089051178,-0.017181949339051178,-0.019867496214051178,-0.015717105589051178,-0.011566714964051178,-0.012787418089051178,-0.014496402464051178,0.00039617566094882206,-0.014740543089051178,-0.015717105589051178,-0.013519839964051178,-0.004974918089051178,-0.001312808714051178,-0.001312808714051178,0.001372738160948822,0.001616878785948822,-0.001312808714051178,-0.004486636839051178,-0.005219058714051178,-9.210558905117794e-05,0.004058285035948822,0.006743831910948822,0.009917660035948822,0.009917660035948822,0.006255550660948822,0.006011410035948822,0.00039617566094882206,0.007476253785948822,0.007964535035948822,0.009917660035948822,0.013335628785948822,0.014312191285948822,0.013579769410948822,0.011870785035948822,0.011138363160948822,0.010650081910948822,0.002837581910948822,0.014068050660948822,0.016021175660948822,0.009673519410948822,0.001861019410948822,0.001861019410948822,-0.002289371214051178,0.001128597535948822,0.013579769410948822,0.020903988160948822,0.011870785035948822,-0.001556949339051178,0.00039617566094882206,-0.001312808714051178,0.021392269410948822,0.012359066285948822,0.00015203503594882206,-0.005951480589051178,-0.005951480589051178,-0.003998355589051178,0.005034847535948822,0.010894222535948822,0.005767269410948822,-0.002533511839051178,-0.004486636839051178,0.001128597535948822,0.002593441285948822,-0.003265933714051178,-0.003265933714051178,-0.007416324339051178,-0.003510074339051178,-0.0008245274640511779,-0.010834293089051178,-0.017670230589051178,-0.004730777464051178,0.006011410035948822,0.005767269410948822,-0.010101871214051178,-0.011078433714051178,-0.003998355589051178,0.001372738160948822,0.00039617566094882206,-9.210558905117794e-05,-0.003510074339051178,-0.009125308714051178,-0.011810855589051178,0.004302425660948822,-9.210558905117794e-05,-0.010346011839051178,-0.011566714964051178,-0.011566714964051178,-0.003021793089051178,-0.0008245274640511779,0.0008844569109488221,-0.002289371214051178,-0.011566714964051178,-0.015961246214051178,-0.012299136839051178,-0.006439761839051178,-0.004974918089051178,-0.00033624621405117794,-0.0005803868390511779,-0.0005803868390511779,-0.003510074339051178,-0.003510074339051178,-0.004242496214051178,-0.001556949339051178,-0.003021793089051178,0.005034847535948822,0.002837581910948822,0.002593441285948822,0.008208675660948822,0.008208675660948822,0.011870785035948822,0.014556331910948822,0.014312191285948822,0.007720394410948822,0.004302425660948822,0.011870785035948822,0.017486019410948822,0.016753597535948822,0.013091488160948822,0.013091488160948822,0.008208675660948822,0.004790706910948822,0.013091488160948822,0.024077816285948822,0.021880550660948822,0.010161800660948822,0.009917660035948822,0.016997738160948822,0.016997738160948822,0.016997738160948822,0.012603206910948822,0.004546566285948822,-0.007172183714051178,-0.008637027464051178,0.00015203503594882206,0.006011410035948822,-0.001556949339051178,-0.018158511839051178,-0.028168277464051178,-0.015228824339051178,-0.015228824339051178,0.003570003785948822,0.001128597535948822,-0.027679996214051178,-0.05673273058905118,-0.05941827746405118,-0.023773746214051178,-0.022553043089051178,-0.04794366808905118,-0.06747491808905118,-0.06747491808905118,-0.05819757433905118,-0.03305108996405118,-0.013519839964051178,-0.015961246214051178,-0.03305108996405118,-0.04403741808905118,-0.004974918089051178,0.012114925660948822,0.012603206910948822,0.012603206910948822,-0.003998355589051178,-0.008148746214051178,0.007476253785948822,0.025786800660948822,0.03799383191094882,0.03579656628594882,0.018706722535948822,0.030669613160948822,0.04873601941094882,0.04873601941094882,0.04946844128594882,0.03482000378594882,0.026519222535948822,0.021636410035948822,0.024810238160948822,0.04092351941094882,0.04409734753594882,0.029937191285948822,0.022612972535948822,0.022612972535948822,0.027251644410948822,0.03726141003594882,0.03848211316094882,0.029937191285948822,0.016997738160948822,0.010405941285948822,0.015288753785948822,0.016753597535948822,0.011870785035948822,0.001861019410948822,0.001861019410948822,-0.013275699339051178,-0.014740543089051178,-0.002289371214051178,0.003325863160948822,-0.004974918089051178,-0.021332339964051178,-0.022064761839051178,-0.012787418089051178,-0.014740543089051178,-0.026703433714051178,-0.026703433714051178,-0.04281671496405118,-0.03744562121405118,-0.020111636839051178,-0.018890933714051178,-0.028656558714051178,-0.03329523058905118,-0.025726871214051178,-0.010101871214051178,0.0008844569109488221,0.0008844569109488221,0.004790706910948822,-0.005463199339051178,-0.018890933714051178,-0.020111636839051178,-0.011566714964051178,0.007964535035948822,0.011382503785948822,0.005278988160948822,-0.002777652464051178,-0.002777652464051178,-0.002289371214051178,0.001128597535948822,-0.001556949339051178,-0.002533511839051178,0.004790706910948822,0.017974300660948822,0.023589535035948822,0.022857113160948822,0.012114925660948822,0.012114925660948822,0.002349300660948822,0.002349300660948822,0.006987972535948822,0.010650081910948822,0.006011410035948822,-0.00033624621405117794,-0.005219058714051178,0.012359066285948822,0.013091488160948822,-0.006683902464051178,-0.006683902464051178,-0.015717105589051178,-0.016205386839051178,-0.018402652464051178,-0.008392886839051178,0.003325863160948822,-0.005219058714051178,-0.021576480589051178,-0.025238589964051178,-0.008392886839051178,-0.008392886839051178,0.008208675660948822,0.003570003785948822,-0.010101871214051178,-0.024017886839051178,-0.026459293089051178,-0.002777652464051178,0.006987972535948822,-0.0005803868390511779,-0.0005803868390511779,0.005034847535948822,0.005034847535948822,0.004546566285948822,0.001372738160948822,0.005278988160948822,0.014312191285948822,0.019927425660948822,0.018218441285948822,0.013823910035948822,0.008941097535948822,0.007476253785948822,0.017241878785948822,0.017241878785948822,0.021880550660948822,0.017241878785948822,0.011870785035948822,0.008941097535948822,0.006987972535948822,0.013823910035948822,0.03140203503594882,0.03262273816094882,0.011138363160948822,-0.007660464964051178,-0.003265933714051178,0.007720394410948822,0.008696956910948822,0.00039617566094882206,-0.010834293089051178,-0.023529605589051178,0.00039617566094882206,-0.026215152464051178,-0.018646793089051178,-0.010590152464051178,-0.015228824339051178,-0.020111636839051178,-0.018402652464051178,-0.009613589964051178,-0.005707339964051178,-0.008881168089051178,-0.008881168089051178,-0.011322574339051178,-0.014740543089051178,-0.017426089964051178,-0.019867496214051178,-0.018402652464051178,-0.003265933714051178,0.016265316285948822,0.016997738160948822,-0.002289371214051178,0.00039617566094882206,-0.03231866808905118,-0.021820621214051178,0.007476253785948822,0.028960628785948822,0.022368831910948822,-0.001068668089051178,-0.018890933714051178,-0.013275699339051178,0.010161800660948822,0.03164617566094882,0.012114925660948822,-0.010834293089051178,-0.012054996214051178,0.014068050660948822,0.03945867566094882,0.03945867566094882,0.03823797253594882,0.010161800660948822,-0.017426089964051178,-0.018158511839051178,0.002593441285948822,0.023345394410948822,0.023345394410948822,0.008208675660948822,-0.017181949339051178,-0.026947574339051178,-0.007416324339051178,0.018218441285948822,0.017730160035948822,0.00015203503594882206,-0.010834293089051178,-0.0005803868390511779,0.013091488160948822,0.010405941285948822,-0.00033624621405117794,-0.013519839964051178,-0.021088199339051178,-0.008637027464051178,-0.008637027464051178,0.008208675660948822,0.015288753785948822,0.013823910035948822,0.006987972535948822,0.002105160035948822,0.009185238160948822,0.020415706910948822,0.017486019410948822,0.003081722535948822,-0.003998355589051178,0.019195003785948822,0.019683285035948822,0.006987972535948822,-0.003510074339051178,-0.004242496214051178,-0.00033624621405117794,-0.00033624621405117794,-0.003265933714051178,-0.002289371214051178,0.003081722535948822,0.00039617566094882206,-0.006195621214051178,-0.015472964964051178,-0.024506168089051178,-0.03134210558905118,-0.026703433714051178,-0.019623355589051178,-0.017426089964051178,-0.018402652464051178,-0.018402652464051178,-0.013763980589051178,-0.015472964964051178,-0.024262027464051178,-0.025726871214051178,-0.019379214964051178,-0.008392886839051178,-0.005463199339051178,-0.010834293089051178,-0.007416324339051178,-0.003021793089051178,-0.003021793089051178,-0.005951480589051178,-0.003510074339051178,0.009185238160948822,0.016509456910948822,0.015288753785948822,0.027984066285948822,0.020903988160948822,0.012359066285948822,0.013579769410948822,0.013579769410948822,0.023345394410948822,0.03262273816094882,0.03677312878594882,0.03408758191094882,0.025054378785948822,0.023345394410948822,0.026275081910948822,0.020659847535948822,0.008941097535948822,0.008941097535948822,0.006255550660948822,0.015777035035948822,0.024566097535948822,0.015288753785948822,-0.002045230589051178,-0.013031558714051178,-0.019867496214051178,-0.015228824339051178,-0.011566714964051178,-0.015228824339051178,-0.023529605589051178,-0.023529605589051178,-0.028412418089051178,-0.024750308714051178,-0.013275699339051178,-0.009125308714051178,-0.022553043089051178,-0.04257257433905118,-0.031097964964051178,-0.019135074339051178,-0.007416324339051178,-0.004730777464051178,-0.013031558714051178,-0.013031558714051178,-0.024017886839051178,-0.020111636839051178,-0.003754214964051178,0.012603206910948822,0.019439144410948822,0.001372738160948822,0.001128597535948822,0.006743831910948822,0.014556331910948822,0.014556331910948822,0.024321956910948822,0.028472347535948822,0.024810238160948822,0.015288753785948822,0.007232113160948822,0.020171566285948822,0.03164617566094882,0.03164617566094882,0.021148128785948822,0.006255550660948822,-0.001556949339051178,0.003325863160948822,0.003325863160948822,0.012359066285948822,0.008696956910948822,-0.005219058714051178,-0.011566714964051178,0.00039617566094882206,0.002593441285948822,-0.0005803868390511779,-0.010834293089051178,-0.024994449339051178,-0.024994449339051178,-0.025726871214051178,-0.014740543089051178,0.00039617566094882206,0.007964535035948822,0.00039617566094882206,-0.019867496214051178,-0.006683902464051178,0.008696956910948822,0.014556331910948822,0.008941097535948822,0.004790706910948822,0.004790706910948822,0.012603206910948822,0.012603206910948822,0.015044613160948822,0.014312191285948822,0.014800472535948822,0.015044613160948822,0.013823910035948822,0.015288753785948822,0.007476253785948822,-0.007172183714051178,-0.013275699339051178,-0.013275699339051178,-0.016693668089051178,-0.014984683714051178,-0.009857730589051178,-0.003754214964051178,-0.004974918089051178,-0.027191714964051178,-0.03207452746405118,-0.028656558714051178,-0.018402652464051178,-0.006928043089051178,-0.006928043089051178,-0.007660464964051178,-0.018402652464051178,-0.025726871214051178,-0.027679996214051178,-0.028656558714051178,-0.019379214964051178,-0.009369449339051178,0.001616878785948822,0.00039617566094882206,0.00039617566094882206,-0.00033624621405117794,0.006011410035948822,0.015532894410948822,0.020415706910948822,0.024077816285948822,0.031157894410948822,0.023345394410948822,0.023833675660948822,0.027984066285948822,0.024810238160948822,0.016753597535948822,0.016753597535948822,0.022857113160948822,0.04092351941094882,0.05825750378594882,0.06069891003594882,-0.012054996214051178,-0.03793390246405118,-0.018402652464051178,0.021148128785948822,0.03506414441094882,0.011870785035948822,-0.021576480589051178,-0.021576480589051178,-0.03329523058905118,-0.023773746214051178,0.003325863160948822,0.020415706910948822,-0.024262027464051178,-0.04843194933905118,-0.05429132433905118,-0.04159601183905118,-0.014984683714051178,-0.014984683714051178,0.003325863160948822,0.00015203503594882206,-0.017426089964051178,-0.029388980589051178,-0.008148746214051178,0.005278988160948822,0.010650081910948822,0.008452816285948822,0.015044613160948822,0.019439144410948822,0.010161800660948822,0.010161800660948822,0.001128597535948822,-0.003510074339051178,0.004302425660948822,0.019195003785948822,0.018950863160948822,-0.010101871214051178,-0.027679996214051178,-0.019623355589051178,0.007232113160948822,0.007232113160948822,0.023101253785948822,0.014556331910948822,-0.012054996214051178,-0.03866632433905118,-0.007660464964051178,0.014800472535948822,0.008452816285948822,-0.020844058714051178,-0.04330499621405118,-0.04867608996405118,-0.03622491808905118,-0.03622491808905118,-0.008392886839051178,0.008208675660948822,-9.210558905117794e-05,-0.008881168089051178,-0.006439761839051178,-0.003998355589051178,0.011138363160948822,0.028716488160948822,0.03311101941094882,0.025298519410948822,0.024566097535948822,0.027495785035948822,0.027495785035948822,0.027984066285948822,0.03213445691094882,0.030425472535948822,0.025054378785948822,0.019927425660948822,0.016021175660948822,0.014312191285948822,0.019927425660948822,0.019195003785948822,0.008452816285948822,0.008452816285948822,-0.007904605589051178,-0.011566714964051178,-0.003510074339051178,0.0006403162859488221,-0.002533511839051178,-0.03427179308905118,-0.03915460558905118,-0.03720148058905118,-0.03207452746405118,-0.03207452746405118,-0.024017886839051178,-0.018890933714051178,-0.019135074339051178,-0.018646793089051178,-0.017426089964051178,-0.007660464964051178,0.009673519410948822,0.008208675660948822,-0.005707339964051178,-0.006683902464051178,-0.006683902464051178,0.007720394410948822,0.019439144410948822,0.010405941285948822,-0.005707339964051178,-0.004730777464051178,0.019683285035948822,0.002105160035948822,-0.017914371214051178,-0.013031558714051178,-0.013031558714051178,0.005278988160948822,0.018462581910948822,0.007232113160948822,-0.012054996214051178,-0.016205386839051178,-0.004974918089051178,-0.005463199339051178,-0.008148746214051178,-0.016449527464051178,-0.019867496214051178,-0.019867496214051178,-0.022064761839051178,-0.018158511839051178,-0.010834293089051178,-0.005951480589051178,0.003814144410948822,0.0008844569109488221,0.003081722535948822,0.010650081910948822,0.015044613160948822,0.015044613160948822,0.015044613160948822,0.026030941285948822,0.03970281628594882,0.03628484753594882,0.024077816285948822,0.020903988160948822,0.027739925660948822,0.027495785035948822,0.022612972535948822,0.022612972535948822,0.016509456910948822,0.012114925660948822,0.008208675660948822,0.003325863160948822,0.002349300660948822,0.021148128785948822,0.010650081910948822,-0.013519839964051178,-0.03866632433905118,-0.04013116808905118,-0.04013116808905118,-0.011078433714051178,0.016509456910948822,0.013823910035948822,-0.015961246214051178,-0.04061944933905118,-0.017181949339051178,0.024077816285948822,0.04092351941094882,0.013823910035948822,0.013823910035948822,-0.027679996214051178,-0.03598077746405118,-0.005707339964051178,0.027739925660948822,0.03921453503594882,0.024077816285948822,-0.009857730589051178,-0.04061944933905118,-0.009613589964051178,0.021148128785948822,0.019683285035948822,-0.013763980589051178,-0.013763980589051178,-0.04257257433905118,-0.03305108996405118,0.004058285035948822,0.024566097535948822,-0.04501398058905118,-0.06185968371405118,-0.03744562121405118,-0.001801089964051178,0.008941097535948822,0.008941097535948822,-0.011566714964051178,-0.030121402464051178,-0.024750308714051178,-0.00033624621405117794,0.028472347535948822,0.03164617566094882,-0.015472964964051178,-0.015961246214051178,0.012603206910948822,0.04385320691094882,0.04385320691094882,0.04898016003594882,0.018706722535948822,-0.017670230589051178,-0.024262027464051178,-0.00033624621405117794,0.04336492566094882,0.015288753785948822,-0.018890933714051178,-0.014496402464051178,0.024810238160948822,0.024810238160948822,0.05166570691094882,0.03457586316094882,-0.009613589964051178,-0.04159601183905118,-0.026703433714051178,0.03677312878594882,0.027984066285948822,-0.005707339964051178,-0.026703433714051178,-0.013031558714051178,-0.013031558714051178,0.023833675660948822,0.04678289441094882,0.03579656628594882,0.007476253785948822,0.011870785035948822,0.03311101941094882,0.03604070691094882,0.009673519410948822,-0.023041324339051178,-0.023041324339051178,-0.027679996214051178,-0.004242496214051178,0.026030941285948822,0.025542660035948822,-0.05502374621405118,-0.04989679308905118,-0.007416324339051178,0.023833675660948822,0.006987972535948822,0.006987972535948822,-0.04476983996405118,-0.08261163683905118,-0.07089288683905118,-0.016205386839051178,0.028960628785948822,-0.024262027464051178,-0.06063898058905118,-0.03646905871405118,0.022368831910948822,0.022368831910948822,0.05947820691094882,0.04360906628594882,-0.004486636839051178,-0.03280694933905118,-0.021820621214051178,0.024566097535948822,0.006499691285948822,-0.022308902464051178,-0.031097964964051178,-0.031097964964051178,-0.009613589964051178,0.013335628785948822,0.012603206910948822,-0.006439761839051178,-0.014740543089051178,0.00039617566094882206,-0.001801089964051178,-0.014252261839051178,-0.023285464964051178,-0.023285464964051178,-0.018402652464051178,-0.007172183714051178,-0.0005803868390511779,-0.013763980589051178,-0.03524835558905118,-0.022064761839051178,0.009673519410948822,0.04067937878594882,0.04751531628594882,0.030913753785948822,0.030913753785948822,0.007476253785948822,-0.003998355589051178,0.003325863160948822,0.012603206910948822,0.015044613160948822,0.010405941285948822,0.007964535035948822,0.003570003785948822,-0.005463199339051178,-0.005463199339051178,0.001372738160948822,0.016753597535948822,0.021880550660948822,0.009673519410948822,-0.019135074339051178,-0.004974918089051178,0.015532894410948822,0.017241878785948822,0.008452816285948822,0.008452816285948822,-0.002045230589051178,-9.210558905117794e-05,0.016021175660948822,0.029937191285948822,0.03189031628594882,0.018706722535948822,0.006987972535948822,0.008941097535948822,0.008941097535948822,0.018462581910948822,0.027251644410948822,0.024566097535948822,0.006987972535948822,-0.013519839964051178,-0.014496402464051178,0.001128597535948822,0.011138363160948822,0.010405941285948822,-0.002045230589051178,-0.002045230589051178,-0.020355777464051178,-0.025482730589051178,-0.017426089964051178,-0.0008245274640511779,0.007964535035948822,-0.005951480589051178,-0.026703433714051178,-0.03646905871405118,-0.027191714964051178,-0.027191714964051178,-0.010834293089051178,-0.007660464964051178,-0.017670230589051178,-0.03280694933905118,-0.017670230589051178,0.009673519410948822,0.017241878785948822,-0.002533511839051178,-0.03280694933905118,-0.03280694933905118,-0.04232843371405118,-0.016205386839051178,0.016265316285948822,0.023589535035948822,-0.001801089964051178,-0.012054996214051178,0.00039617566094882206,0.019683285035948822,0.029693050660948822,0.029693050660948822,0.028960628785948822,0.012359066285948822,-0.001556949339051178,-0.001068668089051178,0.026275081910948822,0.011382503785948822,-0.011566714964051178,-0.020111636839051178,-0.004974918089051178,0.018218441285948822,0.018218441285948822,0.026030941285948822,0.006011410035948822,-0.017181949339051178,-0.018402652464051178,-0.001801089964051178,0.016021175660948822,0.003814144410948822,-0.016693668089051178,-0.021332339964051178,-0.011566714964051178,0.003325863160948822,0.003325863160948822,0.012603206910948822,0.004058285035948822,-0.016205386839051178,-0.024017886839051178,0.012847347535948822,0.021636410035948822,0.006011410035948822,-0.013519839964051178,-0.017670230589051178,-0.017670230589051178,-0.003998355589051178,0.016753597535948822,0.021880550660948822,0.012359066285948822,-0.001312808714051178,0.004058285035948822,0.009917660035948822,0.015044613160948822,0.013091488160948822,0.013091488160948822,0.006743831910948822,-9.210558905117794e-05,-0.002533511839051178,0.002837581910948822,0.00015203503594882206,-0.002777652464051178,-0.004242496214051178,-0.003510074339051178,-0.002289371214051178,-0.002289371214051178,-0.007172183714051178,-0.012054996214051178,-0.012543277464051178,-0.014008121214051178,-0.002289371214051178,-0.008148746214051178,-0.013031558714051178,-0.014984683714051178,-0.014496402464051178,-0.014496402464051178,-0.010101871214051178,-0.008881168089051178,-0.010346011839051178,-0.006683902464051178,-0.003021793089051178,-0.003265933714051178,-0.002777652464051178,-0.005707339964051178,-0.003754214964051178,-0.003754214964051178,0.002593441285948822,0.004058285035948822,-0.00033624621405117794,-0.001801089964051178,-0.002289371214051178,-0.0005803868390511779,0.005278988160948822,0.007476253785948822,0.003814144410948822,0.003814144410948822,0.00039617566094882206,0.00039617566094882206,0.005278988160948822,0.009429378785948822,0.003325863160948822,0.001861019410948822,0.006743831910948822,0.012847347535948822,0.002349300660948822,0.002349300660948822,-0.019135074339051178,-0.030609683714051178,-0.017181949339051178,0.009673519410948822,0.025054378785948822,0.018218441285948822,0.026763363160948822,0.05483953503594882,0.07388250378594882,0.07388250378594882,0.06338445691094882,0.03213445691094882,0.010161800660948822,0.016753597535948822,0.04898016003594882,0.03213445691094882,-0.002533511839051178,-0.022797183714051178,-0.017181949339051178,-0.017181949339051178,-0.005463199339051178,-0.001556949339051178,-0.015228824339051178,-0.03988702746405118,-0.03891046496405118,-0.014496402464051178,-0.003265933714051178,-0.019867496214051178,-0.05282648058905118,-0.05282648058905118,-0.06625421496405118,-0.04257257433905118,-0.003021793089051178,0.021880550660948822,-0.025238589964051178,-0.05600030871405118,-0.05551202746405118,-0.030121402464051178,-0.010346011839051178,-0.010346011839051178,-0.014496402464051178,-0.03305108996405118,-0.04110773058905118,-0.027679996214051178,-0.015472964964051178,-0.03134210558905118,-0.03256280871405118,-0.015961246214051178,-0.002045230589051178,-0.002045230589051178,-0.003754214964051178,-0.020844058714051178,-0.03598077746405118,-0.024262027464051178,0.030913753785948822,0.027984066285948822,0.008452816285948822,-0.005219058714051178,-0.001068668089051178,-0.001068668089051178,0.013823910035948822,0.028716488160948822,0.029937191285948822,0.025786800660948822,0.03823797253594882,0.03579656628594882,0.029693050660948822,0.025298519410948822,0.028228206910948822,0.028228206910948822,0.026519222535948822,0.019927425660948822,0.014312191285948822,0.011626644410948822,-0.002533511839051178,-0.005707339964051178,0.005278988160948822,0.020659847535948822,0.026763363160948822,0.026763363160948822,0.022857113160948822,0.018218441285948822,0.024077816285948822,0.03774969128594882,0.03799383191094882,0.03530828503594882,0.03921453503594882,0.04507391003594882,0.04458562878594882,0.04458562878594882,0.03921453503594882,0.03359930066094882,0.029937191285948822,0.025298519410948822,0.007476253785948822,-0.017181949339051178,-0.028656558714051178,-0.023285464964051178,-0.024017886839051178,-0.024017886839051178,-0.03305108996405118,-0.03793390246405118,-0.03646905871405118,-0.025971011839051178,0.003570003785948822,0.002593441285948822,-0.011566714964051178,-0.016205386839051178,-0.008637027464051178,-0.008637027464051178,0.009673519410948822,0.03677312878594882,0.05532781628594882,0.05508367566094882,0.04312078503594882,0.020903988160948822,-0.021088199339051178,6.823376641757206e-05,6.823376641757206e-05,6.823376641757206e-05,6.823376641757206e-05,-0.08017023058905118,-0.05307062121405118,-0.05111749621405118,-0.07577569933905118,-0.07846124621405118,-0.03524835558905118,0.004302425660948822,0.020659847535948822,0.023101253785948822,0.023101253785948822,0.025542660035948822,0.04629461316094882,0.07485906628594882,0.07315008191094882,-0.003510074339051178,-0.016449527464051178,0.016021175660948822,0.05508367566094882,0.06167547253594882,0.014312191285948822,0.014312191285948822,-0.05258233996405118,-0.08358819933905118,-0.05941827746405118,0.028472347535948822,0.03823797253594882,0.022612972535948822,0.008941097535948822,0.003081722535948822,0.003081722535948822,0.009917660035948822,0.03237859753594882,0.06094305066094882,0.07022039441094882,0.06436101941094882,0.04263250378594882,0.016997738160948822,-0.017914371214051178,-0.04379327746405118,-0.04159601183905118,-0.04159601183905118,-0.011566714964051178,0.001861019410948822,-0.004730777464051178,-0.025482730589051178,-0.05575616808905118,-0.029388980589051178,0.014556331910948822,0.04116766003594882,0.022124691285948822,0.022124691285948822,-0.021576480589051178,-0.04159601183905118,-0.015472964964051178,0.03506414441094882,0.008941097535948822,-0.05014093371405118,-0.06210382433905118,-0.021088199339051178,0.015777035035948822,0.015777035035948822,0.003325863160948822,-0.03500421496405118,-0.06430108996405118,-0.07455499621405118,-0.05087335558905118,-0.030121402464051178,-0.002533511839051178,0.013579769410948822,-0.00033624621405117794,-0.021576480589051178,-0.021576480589051178,-0.019379214964051178,-0.003021793089051178,0.007232113160948822,0.014312191285948822,0.05581609753594882,0.06338445691094882,0.03750555066094882,0.008208675660948822,0.00015203503594882206,0.00015203503594882206,0.012847347535948822,0.03921453503594882,0.03237859753594882,-0.020355777464051178,-0.025482730589051178,-0.025482730589051178,-0.03329523058905118,-0.04135187121405118,-0.029144839964051178,-0.029144839964051178,0.019683285035948822,0.019683285035948822,0.013579769410948822,-0.009125308714051178,-0.005219058714051178,0.020415706910948822,0.015044613160948822,0.019683285035948822,0.03457586316094882,0.04434148816094882,0.03945867566094882,0.03945867566094882,0.026030941285948822,0.022612972535948822,0.027495785035948822,0.029204769410948822,0.008208675660948822,-0.009857730589051178,-0.015961246214051178,-0.029144839964051178,-0.04428155871405118,-0.04550226183905118,-0.04550226183905118,-0.03280694933905118,0.00015203503594882206,-0.003754214964051178,-0.003754214964051178,0.001128597535948822,0.013579769410948822,0.015288753785948822,0.003081722535948822,0.007720394410948822,0.024810238160948822,0.04727117566094882,0.04971258191094882,0.03164617566094882,0.03164617566094882,0.018462581910948822,0.028716488160948822,0.04385320691094882,0.04751531628594882,0.002837581910948822,-0.020599918089051178,-0.023529605589051178,-0.005951480589051178,0.004302425660948822,-0.008881168089051178,-0.008881168089051178,-0.027924136839051178,-0.05111749621405118,-0.05966241808905118,-0.0005803868390511779,0.019195003785948822,0.006011410035948822,-0.019379214964051178,-0.03451593371405118,-0.020111636839051178,-0.020111636839051178,0.010650081910948822,0.017241878785948822,0.002349300660948822,-0.003998355589051178,0.010405941285948822,0.04605047253594882,0.022612972535948822,-0.008392886839051178,-0.013763980589051178,-0.003510074339051178,-0.006195621214051178,-0.006195621214051178,-0.022064761839051178,-0.03671319933905118,-0.04281671496405118,-0.03231866808905118,-0.04306085558905118,-0.05941827746405118,-0.06454523058905118,-0.04989679308905118,-0.03134210558905118,-0.03134210558905118,-0.010590152464051178,-0.002777652464051178,-0.008881168089051178,-0.003754214964051178,0.006987972535948822,-0.003265933714051178,-0.005219058714051178,0.008696956910948822,0.04458562878594882,0.06558172253594882,0.04922430066094882,0.04922430066094882,0.014800472535948822,-0.0008245274640511779,0.021880550660948822,0.05898992566094882,0.022612972535948822,-0.014252261839051178,-0.017426089964051178,0.003570003785948822,0.020171566285948822,0.011870785035948822,-0.016449527464051178,-0.027191714964051178,-0.027191714964051178,-0.027924136839051178,-0.022308902464051178,-0.015961246214051178,0.002105160035948822,0.002837581910948822,-0.013275699339051178,-0.019623355589051178,0.003570003785948822,0.03262273816094882,0.03262273816094882,0.03506414441094882,0.008208675660948822,-0.017670230589051178,-0.018402652464051178,0.05142156628594882,0.05313055066094882,0.030425472535948822,0.019927425660948822,0.018462581910948822,0.017974300660948822,0.009673519410948822,-0.00033624621405117794,-0.00033624621405117794,0.004302425660948822,0.008696956910948822,0.004302425660948822,-0.03427179308905118,-0.04013116808905118,-0.030609683714051178,-0.023529605589051178,-0.023285464964051178,-0.029877261839051178,-0.029877261839051178,-0.03598077746405118,-0.030853824339051178,-0.019867496214051178,-0.005463199339051178,0.00039617566094882206,-0.001312808714051178,0.006743831910948822,0.014556331910948822,0.03189031628594882,0.029937191285948822,0.015532894410948822,0.015532894410948822,0.013335628785948822,0.017486019410948822,0.03189031628594882,0.05264226941094882,0.029204769410948822,0.008696956910948822,-0.004242496214051178,0.001372738160948822,0.013335628785948822,0.010405941285948822,0.010405941285948822,-0.009125308714051178,-0.030121402464051178,-0.03158624621405118,-0.019135074339051178,-0.003754214964051178,-0.014740543089051178,-0.03183038683905118,-0.028412418089051178,-0.017670230589051178,-0.017670230589051178,-0.008148746214051178,-0.013763980589051178,-0.029388980589051178,-0.028900699339051178,0.004058285035948822,0.015288753785948822,0.012603206910948822,0.004546566285948822,-0.002533511839051178,-0.009613589964051178,-0.009613589964051178,-0.006439761839051178,0.010405941285948822,0.03408758191094882,0.04849187878594882,0.001128597535948822,-0.017670230589051178,-0.006683902464051178,0.027251644410948822,0.05337469128594882,0.03897039441094882,0.03897039441094882,0.008941097535948822,-0.014008121214051178,-0.024750308714051178,0.005278988160948822,0.011870785035948822,0.003325863160948822,-0.020844058714051178,-0.03842218371405118,-0.030121402464051178,-0.030121402464051178,-0.003998355589051178,0.006743831910948822,-0.008148746214051178,-0.03915460558905118,-0.020355777464051178,0.006011410035948822,0.019927425660948822,0.015777035035948822,0.004546566285948822,-0.007172183714051178,-0.007172183714051178,-0.015961246214051178,-0.017426089964051178,-0.001556949339051178,0.03530828503594882,0.015777035035948822,-0.013275699339051178,-0.022797183714051178,-0.003510074339051178,0.022368831910948822,0.022368831910948822,0.04116766003594882,0.03628484753594882,0.014556331910948822,-0.008148746214051178,0.001372738160948822,0.013579769410948822,0.011870785035948822,0.002349300660948822,-0.009369449339051178,-0.006439761839051178,-0.006439761839051178,0.001128597535948822,-0.003021793089051178,-0.015228824339051178,-0.025726871214051178,-0.023041324339051178,-0.018646793089051178,-0.018402652464051178,-0.024262027464051178,-0.025971011839051178,-0.025971011839051178,-0.018158511839051178,-0.006439761839051178,0.001128597535948822,-0.003021793089051178,-0.007904605589051178,-0.011322574339051178,-0.006439761839051178,0.019195003785948822,0.03774969128594882,0.03774969128594882,0.025054378785948822,-0.004242496214051178,-0.017181949339051178,-0.00033624621405117794,0.05044500378594882,0.03628484753594882,0.012847347535948822,0.002349300660948822,0.009429378785948822,0.030913753785948822,0.030913753785948822,0.031157894410948822,0.014556331910948822,0.007964535035948822,0.004790706910948822,0.003081722535948822,0.010894222535948822,0.011382503785948822,0.002593441285948822,-0.006928043089051178,-0.006928043089051178,-0.013519839964051178,-0.010590152464051178,-0.010346011839051178,-0.03915460558905118,-0.03744562121405118,-0.021820621214051178,-0.009613589964051178,-0.014496402464051178,-0.026947574339051178,-0.026947574339051178,-0.03866632433905118,-0.03476007433905118,-0.019135074339051178,0.005034847535948822,0.012359066285948822,0.014068050660948822,0.011138363160948822,0.00015203503594882206,0.00039617566094882206,0.00039617566094882206,0.015288753785948822,0.03970281628594882,0.05288641003594882,0.00039617566094882206,0.013579769410948822,0.005278988160948822,0.012359066285948822,0.023589535035948822,0.03311101941094882,0.027739925660948822,0.022612972535948822,0.020659847535948822,0.012114925660948822,-0.001556949339051178,-0.011566714964051178,-0.005951480589051178,0.022612972535948822,0.00015203503594882206,-0.03524835558905118,-0.06137140246405118,-0.05990655871405118,-0.027435855589051178,-0.027435855589051178,0.004302425660948822,0.0008844569109488221,-0.03524835558905118,-0.06039483996405118,-0.015717105589051178,0.013335628785948822,0.011626644410948822,-0.018402652464051178,-0.04428155871405118,-0.04818780871405118,-0.04818780871405118,-0.021088199339051178,0.013091488160948822,0.023833675660948822,-0.012299136839051178,-0.012787418089051178,-0.004974918089051178,0.004058285035948822,0.016509456910948822,0.028960628785948822,0.028960628785948822,0.028960628785948822,0.018706722535948822,0.006987972535948822,0.004546566285948822,0.013579769410948822,0.023345394410948822,0.026030941285948822,0.019683285035948822,0.002837581910948822,-0.017670230589051178,-0.017670230589051178,-0.020111636839051178,0.009917660035948822,0.04360906628594882,0.024321956910948822,-0.009857730589051178,-0.024506168089051178,-0.010346011839051178,0.024077816285948822,0.04531805066094882,0.04531805066094882,0.030669613160948822,-0.006683902464051178,-0.03280694933905118,0.0008844569109488221,0.022612972535948822,0.019439144410948822,-0.004974918089051178,-0.028412418089051178,-0.03329523058905118,-0.03329523058905118,-0.014008121214051178,0.013579769410948822,0.022857113160948822,-0.021088199339051178,-0.04086358996405118,-0.03891046496405118,-0.016937808714051178,0.011138363160948822,0.03311101941094882,0.03311101941094882,0.021636410035948822,-0.016449527464051178,-0.04403741808905118,-0.006928043089051178,0.023833675660948822,0.03164617566094882,0.015044613160948822,-0.009125308714051178,-0.025238589964051178,-0.020599918089051178,-0.020599918089051178,0.001128597535948822,0.030669613160948822,0.03921453503594882,-0.012299136839051178,-0.021088199339051178,-0.006683902464051178,0.019439144410948822,0.04165594128594882,0.03457586316094882,0.03457586316094882,-0.001312808714051178,-0.026703433714051178,-0.023285464964051178,0.03164617566094882,0.026519222535948822,0.002593441285948822,-0.019867496214051178,-0.018158511839051178,0.008941097535948822,0.03677312878594882,0.03677312878594882,0.03311101941094882,0.004302425660948822,-0.019135074339051178,-0.003265933714051178,0.015532894410948822,0.028960628785948822,0.013335628785948822,-0.021332339964051178,-0.03476007433905118,-0.03476007433905118,-0.015472964964051178,0.010894222535948822,0.008208675660948822,-0.028412418089051178,-0.025238589964051178,-0.012543277464051178,-0.002533511839051178,-0.010834293089051178,-0.025726871214051178,-0.029144839964051178,-0.029144839964051178,-0.011322574339051178,0.008452816285948822,0.004302425660948822,-0.018158511839051178,-0.013031558714051178,-0.004730777464051178,0.005034847535948822,0.011138363160948822,0.007232113160948822,0.007232113160948822,0.00015203503594882206,0.001128597535948822,0.006743831910948822,0.001861019410948822,0.002105160035948822,0.014312191285948822,0.020171566285948822,0.021148128785948822,0.012847347535948822,-0.004486636839051178,-0.004486636839051178,-0.014252261839051178,0.00039617566094882206,0.03799383191094882,0.021392269410948822,-0.016937808714051178,-0.023773746214051178,-0.001312808714051178,0.019683285035948822,0.022124691285948822,0.022124691285948822,0.010405941285948822,-0.006928043089051178,-0.018646793089051178,0.001861019410948822,0.008696956910948822,-0.001801089964051178,-0.012299136839051178,-0.013275699339051178,-0.008148746214051178,-0.008148746214051178,0.003570003785948822,0.009429378785948822,0.009917660035948822,-0.007416324339051178,0.002593441285948822,0.011382503785948822,0.010161800660948822,-9.210558905117794e-05,-0.007904605589051178,-0.007904605589051178,-0.005219058714051178,0.007720394410948822,0.012847347535948822,-0.016693668089051178,-0.015717105589051178,0.002105160035948822,0.008452816285948822,0.002349300660948822,-0.003998355589051178,-0.019867496214051178,-0.019867496214051178,-0.030853824339051178,-0.017670230589051178,0.016753597535948822,-0.008392886839051178,-0.026703433714051178,-0.021332339964051178,0.001372738160948822,0.011382503785948822,0.00039617566094882206,0.00039617566094882206,-0.016449527464051178,-0.025238589964051178,-0.010834293089051178,0.030425472535948822,0.006255550660948822,-0.024017886839051178,-0.028656558714051178,-0.010590152464051178,0.014800472535948822,0.014800472535948822,0.03408758191094882,0.025054378785948822,-0.008392886839051178,-0.016937808714051178,0.016021175660948822,0.03530828503594882,0.027984066285948822,0.003081722535948822,-0.016937808714051178,-0.014740543089051178,-0.014740543089051178,0.009429378785948822,0.027251644410948822,0.017974300660948822,-0.0005803868390511779,-0.00033624621405117794,0.003570003785948822,0.019439144410948822,0.019927425660948822,-0.005219058714051178,-0.005219058714051178,-0.020599918089051178,-0.003998355589051178,0.021148128785948822,0.006255550660948822,-0.014252261839051178,-0.021332339964051178,-0.003754214964051178,0.019683285035948822,0.018950863160948822,0.018950863160948822,-0.004486636839051178,-0.021332339964051178,-0.015961246214051178,0.014800472535948822,0.020659847535948822,0.003570003785948822,-0.020844058714051178,-0.023041324339051178,-0.003021793089051178,0.017486019410948822,0.017486019410948822,0.020903988160948822,0.001616878785948822,-0.022308902464051178,0.004546566285948822,0.026763363160948822,0.017241878785948822,-0.004242496214051178,-0.017670230589051178,-0.018158511839051178,-0.018158511839051178,-0.004486636839051178,0.015044613160948822,-0.016205386839051178,-0.03622491808905118,-0.020599918089051178,0.010405941285948822,0.023345394410948822,0.003570003785948822,-0.03280694933905118,-0.03280694933905118,-0.04476983996405118,-0.010346011839051178,0.029693050660948822,-0.010346011839051178,-0.04769952746405118,-0.04013116808905118,-0.002289371214051178,0.03750555066094882,0.03897039441094882,0.03897039441094882,-0.001068668089051178,-0.03646905871405118,-0.03427179308905118,0.04263250378594882,0.04214422253594882,0.004546566285948822,-0.030365543089051178,-0.030609683714051178,0.008941097535948822,0.008941097535948822,0.03335516003594882,0.03335516003594882,-0.029633121214051178,-0.029633121214051178,-0.026947574339051178,0.009917660035948822,0.04067937878594882,0.020415706910948822,0.00039617566094882206,-0.04306085558905118,0.03604070691094882,0.03604070691094882,0.03799383191094882,0.00015203503594882206,-0.03549249621405118,-0.03329523058905118,0.04019109753594882,0.03140203503594882,-0.005707339964051178,-0.029144839964051178,-0.021088199339051178,0.015288753785948822,0.015288753785948822,0.04141180066094882,0.028716488160948822,-0.007172183714051178,-0.008392886839051178,0.021636410035948822,0.03628484753594882,0.017486019410948822,-0.017426089964051178,-0.030609683714051178,-0.030609683714051178,-0.002045230589051178,0.030425472535948822,0.030913753785948822,-0.027435855589051178,-0.027924136839051178,0.003325863160948822,0.03433172253594882,0.018462581910948822,-0.027435855589051178,-0.03964288683905118,-0.03964288683905118,-0.012054996214051178,0.020415706910948822,-0.018402652464051178,-0.04550226183905118,-0.027924136839051178,0.012359066285948822,0.026763363160948822,0.005278988160948822,-0.025482730589051178,-0.025482730589051178,-0.029144839964051178,-0.012543277464051178,0.029937191285948822,0.014068050660948822,-0.014984683714051178,-0.027191714964051178,-0.008392886839051178,0.023345394410948822,0.03164617566094882,0.03164617566094882,0.005767269410948822,-0.024017886839051178,0.003081722535948822,0.020903988160948822,0.016509456910948822,0.001372738160948822,-0.015717105589051178,-0.014740543089051178,0.009673519410948822,0.009673519410948822,0.019683285035948822,-0.006683902464051178,-0.008881168089051178,0.025786800660948822,0.04019109753594882,0.017730160035948822,-0.024750308714051178,-0.04647882433905118,-0.014740543089051178,-0.014740543089051178,0.03921453503594882,0.05557195691094882,0.016509456910948822,-0.06039483996405118,-0.022064761839051178,0.027007503785948822,0.04092351941094882,0.006255550660948822,-0.04647882433905118,-0.04647882433905118,-0.06552179308905118,-0.027679996214051178,0.03799383191094882,0.03945867566094882,-0.016205386839051178,-0.03500421496405118,-0.004242496214051178,0.04531805066094882,0.06387273816094882,0.03726141003594882,0.03726141003594882,-0.002777652464051178,-0.011810855589051178,0.05728094128594882,0.06875555066094882,0.04458562878594882,0.007720394410948822,-0.009369449339051178,0.013823910035948822,0.04165594128594882,0.04165594128594882,0.04385320691094882,0.019927425660948822,-0.011078433714051178,0.00015203503594882206,0.017730160035948822,0.011626644410948822,-0.015472964964051178,-0.029633121214051178,-0.019867496214051178,0.001861019410948822,0.012603206910948822,0.012603206910948822,0.004058285035948822,-0.013275699339051178,-0.017181949339051178,-0.005463199339051178,0.005523128785948822,0.003570003785948822,-0.006928043089051178,-0.017426089964051178,-0.016937808714051178,-0.016937808714051178,-0.005951480589051178,0.008452816285948822,0.006255550660948822,-0.024262027464051178,-0.017670230589051178,-0.003265933714051178,-0.006195621214051178,-0.019623355589051178,-0.025726871214051178,-0.025726871214051178,-0.025971011839051178,-0.023285464964051178,-0.021820621214051178,-0.03329523058905118,-0.03451593371405118,-0.029144839964051178,-0.027191714964051178,-0.026947574339051178,-0.023041324339051178,-0.023041324339051178,-0.029144839964051178,-0.03842218371405118,-0.03598077746405118,-0.001556949339051178,-0.0005803868390511779,-0.013519839964051178,-0.03451593371405118,-0.04354913683905118,-0.028900699339051178,-0.028900699339051178,-0.005707339964051178,0.009185238160948822,0.006743831910948822,-0.026215152464051178,-0.027679996214051178,-0.012787418089051178,0.007232113160948822,0.020171566285948822,0.013823910035948822,0.013823910035948822,-0.006195621214051178,-0.024750308714051178,-0.026947574339051178,0.011626644410948822,0.017486019410948822,0.006011410035948822,-0.007904605589051178,-0.009613589964051178,0.005767269410948822,0.026763363160948822,0.026763363160948822,0.020171566285948822,-0.015228824339051178,-0.04379327746405118,-0.03768976183905118,-0.014008121214051178,-0.002289371214051178,-0.015472964964051178,-0.03695733996405118,-0.03866632433905118,-0.03866632433905118,-0.018158511839051178,0.004546566285948822,0.022612972535948822,0.028472347535948822,0.019927425660948822,0.019439144410948822,0.026519222535948822,0.027984066285948822,0.022857113160948822,0.019195003785948822,0.019195003785948822,0.014068050660948822,0.010650081910948822,0.010161800660948822,0.016021175660948822,0.024321956910948822,0.029693050660948822,0.023589535035948822,0.003325863160948822,-0.016449527464051178,-0.016449527464051178,-0.018646793089051178,0.00039617566094882206,0.029693050660948822,0.015044613160948822,-0.006928043089051178,-0.014252261839051178,-0.002289371214051178,0.023833675660948822,0.04165594128594882,0.04165594128594882,0.04190008191094882,0.025786800660948822,0.009185238160948822,0.026519222535948822,0.03530828503594882,0.03457586316094882,0.024566097535948822,0.024566097535948822,0.028716488160948822,0.028716488160948822,0.027984066285948822,0.023101253785948822,-0.004974918089051178,-0.0008245274640511779,0.016021175660948822,0.028960628785948822,0.018462581910948822,-0.011810855589051178,-0.028900699339051178,-0.028900699339051178,-0.013031558714051178,0.018950863160948822,0.03262273816094882,-0.002045230589051178,-0.030853824339051178,-0.03231866808905118,0.001128597535948822,0.03945867566094882,0.04531805066094882,0.04531805066094882,0.013335628785948822,-0.020111636839051178,-0.007416324339051178,0.022612972535948822,0.03140203503594882,0.012359066285948822,-0.019135074339051178,-0.03183038683905118,-0.017181949339051178,-0.017181949339051178,0.005034847535948822,0.019439144410948822,-0.011566714964051178,-0.021576480589051178,-0.017181949339051178,-0.007904605589051178,-0.002777652464051178,-0.009125308714051178,-0.014984683714051178,-0.014984683714051178,-0.014740543089051178,-0.012299136839051178,-0.014496402464051178,-0.021576480589051178,-0.026215152464051178,-0.026947574339051178,-0.018158511839051178,-0.0005803868390511779,0.011626644410948822,0.011626644410948822,0.008941097535948822,-0.001068668089051178,-0.005219058714051178,0.012847347535948822,0.017974300660948822,0.009917660035948822,0.001128597535948822,0.001372738160948822,0.008941097535948822,0.008941097535948822,0.016997738160948822,0.018218441285948822,0.010650081910948822,0.010161800660948822,0.011626644410948822,0.010405941285948822,0.013579769410948822,0.014800472535948822,0.010650081910948822,0.007720394410948822,0.007720394410948822,0.008696956910948822,0.012359066285948822,-0.010346011839051178,-0.027435855589051178,-0.021820621214051178,-9.210558905117794e-05,0.007964535035948822,-0.005463199339051178,-0.029388980589051178,-0.029388980589051178,-0.03939874621405118,-0.030853824339051178,-0.024506168089051178,-0.03134210558905118,-0.03573663683905118,-0.03866632433905118,-0.04110773058905118,-0.03671319933905118,-0.026703433714051178,-0.026703433714051178,-0.018158511839051178,-0.014008121214051178,-0.030121402464051178,-0.026215152464051178,-0.014740543089051178,-0.005219058714051178,-0.003265933714051178,-0.003510074339051178,-0.001312808714051178,-0.001312808714051178,0.003081722535948822,0.004790706910948822,0.017486019410948822,0.023589535035948822,0.024077816285948822,0.021148128785948822,0.019439144410948822,0.021880550660948822,0.024077816285948822,0.024077816285948822,0.010161800660948822,-0.010101871214051178,-0.0008245274640511779,0.008696956910948822,-0.001556949339051178,-0.026459293089051178,-0.03744562121405118,-0.03353937121405118,-0.03817804308905118,-0.03817804308905118,-0.04892023058905118,-0.05209405871405118,-0.002777652464051178,0.03140203503594882,0.03652898816094882,0.006743831910948822,-0.017181949339051178,-0.011810855589051178,0.016021175660948822,0.016021175660948822,0.04727117566094882,0.05947820691094882,0.024566097535948822,0.025054378785948822,0.04043523816094882,0.06509344128594882,0.08535711316094882,0.08315984753594882,0.06582586316094882,0.06582586316094882,0.04727117566094882,0.030425472535948822,0.018950863160948822,0.016021175660948822,0.014800472535948822,0.005767269410948822,-0.004730777464051178,-0.010590152464051178,-0.017914371214051178,-0.017914371214051178,-0.03353937121405118,-0.04306085558905118,-0.025971011839051178,-0.008148746214051178,-0.008392886839051178,-0.026459293089051178,-0.03964288683905118,-0.024750308714051178,0.001372738160948822,0.001372738160948822,0.012359066285948822,0.001128597535948822,-0.011566714964051178,0.012114925660948822,0.03799383191094882,0.04824773816094882,0.04067937878594882,0.028472347535948822,0.023589535035948822,0.023589535035948822,0.03945867566094882,0.05972234753594882,0.03701726941094882,0.003570003785948822,-0.015961246214051178,-0.010834293089051178,-0.003510074339051178,-0.011078433714051178,-0.03646905871405118,-0.03646905871405118,-0.06137140246405118,-0.06601007433905118,-0.06674249621405118,-0.06430108996405118,-0.04916437121405118,-0.03915460558905118,-0.04721124621405118,-0.06356866808905118,-0.05819757433905118,-0.05819757433905118,-0.026459293089051178,0.002349300660948822,-0.04843194933905118,-0.04159601183905118,0.003814144410948822,0.03799383191094882,0.04312078503594882,0.028472347535948822,0.017486019410948822,0.017486019410948822,0.021880550660948822,0.04727117566094882,0.07144109753594882,0.04653875378594882,0.011626644410948822,-0.014008121214051178,-0.015472964964051178,0.007964535035948822,0.008208675660948822,0.008208675660948822,-0.021820621214051178,-0.04257257433905118,-0.025971011839051178,-0.024994449339051178,-0.03671319933905118,-0.04647882433905118,-0.04061944933905118,-0.026703433714051178,-0.021820621214051178,-0.021820621214051178,-0.024750308714051178,-0.020844058714051178,0.015532894410948822,0.009429378785948822,-0.003510074339051178,0.002593441285948822,0.024321956910948822,0.04507391003594882,0.05508367566094882,0.05508367566094882,0.05996648816094882,0.07168523816094882,0.07461492566094882,0.06118719128594882,0.04116766003594882,0.03140203503594882,0.03555242566094882,0.03652898816094882,0.020171566285948822,0.020171566285948822,-0.008881168089051178,-0.03842218371405118,-0.03695733996405118,-0.024017886839051178,-0.03280694933905118,-0.05844171496405118,-0.07724054308905118,-0.07113702746405118,-0.04476983996405118,-0.04476983996405118,-0.03158624621405118,-0.04135187121405118,-0.04818780871405118,-0.011566714964051178,0.005278988160948822,0.002105160035948822,-0.010834293089051178,-0.020355777464051178,0.001128597535948822,0.001128597535948822,0.04141180066094882,0.05972234753594882,0.05435125378594882,0.03921453503594882,0.04214422253594882,0.05972234753594882,0.06826726941094882,0.05703680066094882,0.03311101941094882,0.03311101941094882,0.003570003785948822,-0.021576480589051178,-0.015961246214051178,-0.017181949339051178,-0.03305108996405118,-0.05136163683905118,-0.06869562121405118,-0.06991632433905118,-0.05282648058905118,-0.031097964964051178,-0.031097964964051178,-0.026947574339051178,-0.03671319933905118,-0.03353937121405118,-0.017670230589051178,0.013823910035948822,0.03213445691094882,0.016021175660948822,-0.003265933714051178,-0.001556949339051178,-0.001556949339051178,0.028716488160948822,0.07119695691094882,0.05606023816094882,0.04092351941094882,0.05264226941094882,0.08438055066094882,6.823376641757206e-05,6.823376641757206e-05,0.04702703503594882,0.04702703503594882,0.006011410035948822,0.028716488160948822,0.04312078503594882,0.019927425660948822,-0.03524835558905118,-0.07431085558905118,-0.05868585558905118,-0.03158624621405118,-0.025971011839051178,-0.025971011839051178,-0.04159601183905118,6.823376641757206e-05,-0.05819757433905118,-0.024262027464051178,-0.012787418089051178,-0.019379214964051178,-0.03598077746405118,-0.03988702746405118,-0.019135074339051178,-0.019135074339051178,0.016021175660948822,0.018218441285948822,0.010161800660948822,0.014556331910948822,0.03701726941094882,0.06094305066094882,0.07119695691094882,0.06240789441094882,0.05190984753594882,0.05190984753594882,0.03848211316094882,0.027739925660948822,0.04531805066094882,0.05410711316094882,0.011870785035948822,-0.05502374621405118,-0.08212335558905118,-0.05575616808905118,-0.018402652464051178,-0.018402652464051178,-0.007904605589051178,6.823376641757206e-05,6.823376641757206e-05,-0.07919366808905118,-0.03402765246405118,-0.010346011839051178,-0.029877261839051178,-0.06185968371405118,-0.06942804308905118,-0.06942804308905118,-0.03549249621405118,0.029693050660948822,0.011382503785948822,-0.021576480589051178,-0.026703433714051178,0.013823910035948822,0.06216375378594882,0.07681219128594882,0.06094305066094882,0.06094305066094882,0.03945867566094882,0.03945867566094882,0.08340398816094882,0.07290594128594882,0.04336492566094882,0.013823910035948822,0.008208675660948822,0.007476253785948822,0.00039617566094882206,0.005034847535948822,-0.005707339964051178,-0.025971011839051178,-0.04525812121405118,-0.04281671496405118,-0.03353937121405118,-0.06259210558905118,-0.07211358996405118,-0.07309015246405118,-0.06259210558905118,-0.04037530871405118,-0.025238589964051178,-0.009857730589051178,-0.001556949339051178,-0.001556949339051178,-0.009613589964051178,-0.011566714964051178,0.027007503785948822,0.04019109753594882,0.03652898816094882,0.03750555066094882,0.05313055066094882,0.07290594128594882,6.823376641757206e-05,0.08315984753594882,0.08315984753594882,0.06533758191094882,0.06362859753594882,0.04629461316094882,0.03774969128594882,0.03262273816094882,0.017974300660948822,0.004546566285948822,-0.014496402464051178,-0.03378351183905118,-0.03451593371405118,-0.03451593371405118,-0.04037530871405118,-0.06649835558905118,-0.06893976183905118,-0.05282648058905118,-0.03964288683905118,-0.04110773058905118,-0.05111749621405118,-0.05722101183905118,-0.03793390246405118,-0.005463199339051178,-0.005463199339051178,0.005034847535948822,-0.008392886839051178,-0.003998355589051178,0.016021175660948822,0.031157894410948822,0.04360906628594882,0.04946844128594882,0.05239812878594882,0.05850164441094882,0.06680242566094882,0.06680242566094882,0.06509344128594882,0.05630437878594882,0.04775945691094882,0.03311101941094882,0.019927425660948822,0.014312191285948822,0.014068050660948822,0.002349300660948822,-0.024017886839051178,-0.05062921496405118,-0.05062921496405118,-0.06234796496405118,-0.06356866808905118,-0.04281671496405118,-0.05624444933905118,-0.07186944933905118,-0.06454523058905118,-0.05160577746405118,-0.04501398058905118,-0.03622491808905118,-0.03622491808905118,-0.04013116808905118,-0.04281671496405118,0.007476253785948822,0.025054378785948822,0.018950863160948822,0.0008844569109488221,-0.017181949339051178,0.002349300660948822,0.04653875378594882,0.07022039441094882,0.06704656628594882,0.06704656628594882,0.05093328503594882,0.05483953503594882,0.05850164441094882,0.04653875378594882,0.03701726941094882,0.028716488160948822,0.021392269410948822,-0.006439761839051178,-0.03134210558905118,-0.03207452746405118,-0.03207452746405118,-0.023773746214051178,-0.025238589964051178,-0.03695733996405118,-0.07479913683905118,-0.05331476183905118,-0.03671319933905118,-0.03817804308905118,-0.05038507433905118,-0.05673273058905118,-0.04721124621405118,-0.011566714964051178,-0.011566714964051178,0.019927425660948822,-0.010834293089051178,-0.011078433714051178,0.011870785035948822,0.030913753785948822,0.04141180066094882,0.04214422253594882,0.04067937878594882,0.05166570691094882,0.05166570691094882,0.06533758191094882,0.07730047253594882,0.08169500378594882,0.06143133191094882,0.04898016003594882,0.04531805066094882,0.04409734753594882,0.030913753785948822,-0.001556949339051178,-0.021576480589051178,-0.020111636839051178,-0.020111636839051178,-0.015717105589051178,-0.05062921496405118,-0.06210382433905118,-0.07821710558905118,-0.07504327746405118,-0.05941827746405118,-0.05404718371405118,-0.06161554308905118,-0.05844171496405118,-0.05844171496405118,-0.04330499621405118,0.0008844569109488221,-0.014740543089051178,-0.03427179308905118,-0.015228824339051178,0.018950863160948822,0.03652898816094882,0.03701726941094882,0.024566097535948822,0.024566097535948822,0.018706722535948822,0.03848211316094882,0.07974187878594882,0.07339422253594882,0.05435125378594882,0.04385320691094882,0.03872625378594882,0.04751531628594882,0.05606023816094882,0.03384344128594882,0.03384344128594882,-0.004974918089051178,-0.03646905871405118,-0.010834293089051178,-0.012543277464051178,-0.04672296496405118,-0.07675226183905118,6.823376641757206e-05,-0.08139093371405118,-0.04818780871405118,-0.04818780871405118,-0.03207452746405118,-0.05355890246405118,-0.05697687121405118,-0.03817804308905118,-0.007172183714051178,0.004790706910948822,-0.009125308714051178,-0.015717105589051178,0.00039617566094882206,0.00039617566094882206,0.015532894410948822,0.04360906628594882,0.03872625378594882,0.022124691285948822,0.019195003785948822,0.04434148816094882,6.823376641757206e-05,6.823376641757206e-05,0.08511297253594882,0.03774969128594882,0.03774969128594882,0.012114925660948822,0.05264226941094882,0.03921453503594882,0.004546566285948822,-0.024017886839051178,-0.03695733996405118,-0.021820621214051178,-0.020599918089051178,-0.04184015246405118,-0.04184015246405118,-0.06942804308905118,6.823376641757206e-05,-0.03891046496405118,-0.016937808714051178,-0.03280694933905118,-0.06454523058905118,-0.08114679308905118,-0.05038507433905118,0.001372738160948822,0.020659847535948822,0.020659847535948822,0.011382503785948822,-0.007660464964051178,0.002105160035948822,0.022124691285948822,0.03823797253594882,0.04336492566094882,0.04995672253594882,0.05654851941094882,0.06094305066094882,0.06826726941094882,0.06826726941094882,0.08047430066094882,0.05068914441094882,0.03677312878594882,0.028472347535948822,0.018706722535948822,0.016753597535948822,0.005034847535948822,-0.017426089964051178,-0.020111636839051178,-0.020111636839051178,-0.03695733996405118,-0.05038507433905118,-0.05380304308905118,-0.05624444933905118,-0.05648858996405118,-0.05282648058905118,-0.05600030871405118,-0.05380304308905118,-0.04208429308905118,-0.04208429308905118,-0.04257257433905118,-0.004974918089051178,0.007720394410948822,-0.002777652464051178,-0.001801089964051178,0.007964535035948822,0.004790706910948822,0.004790706910948822,0.012847347535948822,0.012847347535948822,0.04458562878594882,0.07315008191094882,0.06436101941094882,0.04922430066094882,0.04141180066094882,0.05776922253594882,0.06240789441094882,0.04800359753594882,0.029448910035948822,0.011626644410948822,0.011626644410948822,0.012359066285948822,-0.012543277464051178,-0.024017886839051178,-0.04086358996405118,-0.04867608996405118,-0.05087335558905118,-0.05062921496405118,-0.05990655871405118,-0.06527765246405118,-0.06527765246405118,-0.05917413683905118,-0.05307062121405118,-0.05184991808905118,-0.03768976183905118,-0.017670230589051178,-0.003265933714051178,-0.015961246214051178,-0.026215152464051178,-0.001068668089051178,0.027739925660948822,0.00039617566094882206,0.023833675660948822,0.011626644410948822,0.026763363160948822,0.04336492566094882,0.05923406628594882,0.06777898816094882,0.06265203503594882,0.00039617566094882206,0.05947820691094882,0.05142156628594882,0.04629461316094882,0.04507391003594882,0.026275081910948822,0.007964535035948822,0.004302425660948822,-0.002533511839051178,-0.014984683714051178,-0.014984683714051178,-0.025726871214051178,-0.03671319933905118,-0.04110773058905118,-0.05477960558905118,-0.06625421496405118,-0.06259210558905118,-0.04843194933905118,-0.04647882433905118,-0.04452569933905118,-0.03768976183905118,-0.03768976183905118,-0.03598077746405118,-0.014740543089051178,0.006987972535948822,0.016265316285948822,0.008452816285948822,0.001616878785948822,0.004058285035948822,0.028960628785948822,0.05361883191094882,0.05361883191094882,0.05630437878594882,0.04360906628594882,0.04287664441094882,0.05337469128594882,0.06240789441094882,0.05386297253594882,0.04263250378594882,0.03628484753594882,0.026519222535948822,0.026519222535948822,0.007964535035948822,-0.012543277464051178,-0.010590152464051178,-0.012543277464051178,-0.007416324339051178,-0.029633121214051178,-0.06649835558905118,6.823376641757206e-05,-0.08432062121405118,-0.08432062121405118,-0.06185968371405118,-0.03451593371405118,-0.04769952746405118,-0.06112726183905118,-0.05575616808905118,-0.03378351183905118,0.001128597535948822,0.024077816285948822,0.013335628785948822,0.007720394410948822,0.007720394410948822,0.006011410035948822,0.023101253785948822,0.04263250378594882,0.04360906628594882,0.03604070691094882,0.04190008191094882,0.05874578503594882,0.06094305066094882,0.05386297253594882,0.05386297253594882,0.05435125378594882,0.03677312878594882,0.028472347535948822,0.024810238160948822,0.023101253785948822,0.012847347535948822,-0.015961246214051178,-0.04672296496405118,-0.03720148058905118,-0.03720148058905118,-0.024506168089051178,-0.05575616808905118,-0.08334405871405118,-0.08285577746405118,-0.04843194933905118,-0.024506168089051178,-0.03158624621405118,-0.05819757433905118,-0.06723077746405118,-0.06723077746405118,-0.03183038683905118,0.021880550660948822,0.005278988160948822,-0.002045230589051178,-0.002777652464051178,0.005767269410948822,0.030669613160948822,0.05068914441094882,0.04971258191094882,0.05117742566094882,0.05435125378594882,0.05703680066094882,0.06607000378594882,0.07461492566094882,0.07217351941094882,0.07241766003594882,0.07974187878594882,0.08096258191094882,0.08096258191094882,0.07607976941094882,0.00039617566094882206,0.00039617566094882206,0.00039617566094882206,0.04775945691094882,-0.020844058714051178,-0.020844058714051178,-0.03793390246405118,-0.07064874621405118,-0.06259210558905118,-0.05209405871405118,-0.05282648058905118,-0.05966241808905118,-0.06771905871405118,-0.05990655871405118,-0.030609683714051178,-0.009369449339051178,-0.009369449339051178,-0.011322574339051178,-0.04672296496405118,-0.028412418089051178,0.002837581910948822,0.020171566285948822,0.017730160035948822,0.008696956910948822,-0.003998355589051178,-0.014008121214051178,-0.014008121214051178,-0.0005803868390511779,0.05337469128594882,0.05215398816094882,0.03555242566094882,0.014800472535948822,0.0008844569109488221,0.015288753785948822,0.03750555066094882,0.03384344128594882,0.005034847535948822,0.005034847535948822,-0.019623355589051178,-0.024017886839051178,-0.017670230589051178,-0.024017886839051178,-0.03671319933905118,-0.04306085558905118,-0.03451593371405118,-0.03793390246405118,-0.04599054308905118,-0.04916437121405118,-0.04916437121405118,-0.04965265246405118,-0.024262027464051178,-0.013519839964051178,-0.004486636839051178,-0.002533511839051178,-0.009613589964051178,-0.013519839964051178,-0.006928043089051178,0.007964535035948822,0.022368831910948822,0.022368831910948822,0.030181331910948822,0.010650081910948822,0.008208675660948822,0.020415706910948822,0.03945867566094882,0.04019109753594882,0.016997738160948822,0.003325863160948822,0.008696956910948822,0.025542660035948822,0.025542660035948822,0.023589535035948822,0.006987972535948822,-0.0005803868390511779,0.008696956910948822,0.022612972535948822,0.027495785035948822,0.015777035035948822,-0.003265933714051178,-0.011078433714051178,0.004546566285948822,0.004546566285948822,0.014800472535948822,-0.007172183714051178,-0.013763980589051178,-0.002289371214051178,0.009673519410948822,0.012847347535948822,0.004790706910948822,-0.007904605589051178,-0.009125308714051178,-0.004242496214051178,-0.004242496214051178,0.001128597535948822,0.004546566285948822,0.003325863160948822,-0.0005803868390511779,0.00015203503594882206,0.002837581910948822,-0.001312808714051178,-0.013031558714051178,-0.018890933714051178,-0.012787418089051178,-0.002777652464051178,-0.002777652464051178,-0.008881168089051178,-0.018646793089051178,-0.018890933714051178,-0.007660464964051178,0.002105160035948822,-0.00033624621405117794,-0.008148746214051178,-0.011566714964051178,-0.010346011839051178,-0.010346011839051178,-0.003510074339051178,0.003325863160948822,-0.006928043089051178,-0.003510074339051178,-0.001068668089051178,-0.004486636839051178,-0.004730777464051178,-0.003265933714051178,-0.002045230589051178,-0.002533511839051178,-0.003510074339051178,-0.003510074339051178,0.002593441285948822,0.00039617566094882206,-0.002533511839051178,-0.008148746214051178,-0.010101871214051178,-0.003998355589051178,-0.001312808714051178,-9.210558905117794e-05,0.004058285035948822,0.007476253785948822,0.007476253785948822,0.005278988160948822,0.008208675660948822,0.010894222535948822,0.013823910035948822,0.010894222535948822,0.005767269410948822,0.004790706910948822,0.009917660035948822,0.018218441285948822,0.024077816285948822,0.024077816285948822,0.011138363160948822,0.005523128785948822,0.007720394410948822,0.017241878785948822,0.022368831910948822,0.017974300660948822,0.011382503785948822,0.001128597535948822,-0.003265933714051178,-0.003265933714051178,0.003081722535948822,0.009185238160948822,-0.003021793089051178,-0.015961246214051178,-0.008637027464051178,0.016509456910948822,0.04458562878594882,0.04385320691094882,-0.0005803868390511779,-0.06210382433905118,-0.06210382433905118,-0.04623468371405118,0.018706722535948822,0.04556219128594882,0.010161800660948822,-0.05624444933905118,6.823376641757206e-05,-0.05722101183905118,-0.001312808714051178,0.028472347535948822,0.028472347535948822,0.017241878785948822,-0.03915460558905118,-0.029144839964051178,0.012847347535948822,0.04849187878594882,0.04092351941094882,0.006743831910948822,-0.013031558714051178,0.003570003785948822,0.03286687878594882,0.03286687878594882,0.028960628785948822,-0.001801089964051178,-0.004974918089051178,0.021392269410948822,0.05801336316094882,0.06484930066094882,0.018950863160948822,-0.029633121214051178,-0.03353937121405118,-0.03353937121405118,0.011138363160948822,0.06582586316094882,0.012603206910948822,-0.04501398058905118,-0.05258233996405118,-0.003754214964051178,0.06021062878594882,0.08193914441094882,0.03506414441094882,-0.05258233996405118,-0.05258233996405118,-0.04428155871405118,0.05313055066094882,6.823376641757206e-05,0.04312078503594882,-0.06137140246405118,6.823376641757206e-05,-0.05697687121405118,0.04043523816094882,6.823376641757206e-05,6.823376641757206e-05,0.04287664441094882,-0.08261163683905118,-0.03402765246405118,0.03799383191094882,0.05972234753594882,0.006255550660948822,-0.05429132433905118,-0.05844171496405118,-0.011810855589051178,0.03555242566094882,0.03555242566094882,0.009185238160948822,-0.04696710558905118,-0.06332452746405118,-0.025971011839051178,0.03579656628594882,0.05801336316094882,0.012847347535948822,-0.04843194933905118,-0.05868585558905118,-0.05868585558905118,0.024810238160948822,0.027495785035948822,-0.009369449339051178,-0.06674249621405118,-0.08285577746405118,-0.03744562121405118,0.015288753785948822,0.020415706910948822,-0.028168277464051178,-0.07650812121405118,-0.07650812121405118,-0.04159601183905118,0.015044613160948822,0.03359930066094882,-0.013519839964051178,-0.07675226183905118,-0.08505304308905118,-0.03964288683905118,0.016753597535948822,0.03823797253594882,0.03823797253594882,-0.04696710558905118,-0.06601007433905118,-0.03891046496405118,0.011626644410948822,0.05020086316094882,0.04458562878594882,-0.010346011839051178,-0.05526788683905118,-0.04037530871405118,-0.04037530871405118,0.014556331910948822,0.03872625378594882,-0.012054996214051178,-0.04257257433905118,-0.020355777464051178,0.03579656628594882,0.04971258191094882,0.019439144410948822,-0.013275699339051178,-0.027191714964051178,-0.027191714964051178,0.030669613160948822,0.05288641003594882,0.04775945691094882,0.014800472535948822,-0.015228824339051178,-0.002045230589051178,0.04556219128594882,0.07266180066094882,0.06118719128594882,0.018950863160948822,0.018950863160948822,-0.008881168089051178,0.025786800660948822,0.05410711316094882,0.05117742566094882,0.014800472535948822,-0.023773746214051178,-0.026947574339051178,-9.210558905117794e-05,0.028716488160948822,0.028716488160948822,0.023101253785948822,-0.03793390246405118,-0.06747491808905118,-0.024750308714051178,0.031157894410948822,0.05435125378594882,0.028228206910948822,-0.025971011839051178,-0.04550226183905118,-0.04550226183905118,-0.014008121214051178,0.04214422253594882,0.022857113160948822,-0.009613589964051178,-0.026947574339051178,-0.009613589964051178,0.015777035035948822,0.026275081910948822,0.029693050660948822,0.018706722535948822,0.018706722535948822,-0.008148746214051178,0.008941097535948822,0.03433172253594882,0.03970281628594882,0.016265316285948822,-0.012543277464051178,-0.015717105589051178,0.008208675660948822,0.03311101941094882,0.030181331910948822,0.030181331910948822,-0.009613589964051178,-0.025726871214051178,-0.019379214964051178,-0.004486636839051178,-0.002533511839051178,-0.003510074339051178,0.003570003785948822,-0.003998355589051178,-0.03378351183905118,-0.03378351183905118,-0.020355777464051178,-0.003998355589051178,0.008941097535948822,0.015777035035948822,0.003081722535948822,-0.011810855589051178,-0.004730777464051178,0.006011410035948822,0.009673519410948822,0.009673519410948822,0.020659847535948822,-0.002533511839051178,-0.020355777464051178,-0.003265933714051178,0.014800472535948822,0.017241878785948822,0.014312191285948822,0.009185238160948822,0.00015203503594882206,-0.009857730589051178,-0.009857730589051178,-0.0008245274640511779,0.010405941285948822,0.018706722535948822,0.015777035035948822,0.002349300660948822,-0.001801089964051178,0.009917660035948822,0.020171566285948822,0.019683285035948822,0.019683285035948822,0.018706722535948822,-9.210558905117794e-05,-0.015472964964051178,-0.004242496214051178,0.016509456910948822,0.022612972535948822,0.014068050660948822,0.005767269410948822,-0.001312808714051178,-0.015228824339051178,-0.015228824339051178,-0.004242496214051178,0.009185238160948822,0.011138363160948822,0.004790706910948822,0.00015203503594882206,-0.005951480589051178,-0.004730777464051178,-0.006439761839051178,-0.010590152464051178,-0.010590152464051178,-0.014008121214051178,0.005767269410948822,0.002593441285948822,-0.023529605589051178,-0.03671319933905118,-0.017670230589051178,-0.006928043089051178,-0.009857730589051178,-0.018890933714051178,-0.022064761839051178,-0.022064761839051178,-0.015472964964051178,-0.027924136839051178,-0.026215152464051178,-0.005219058714051178,0.009429378785948822,0.002105160035948822,-0.022553043089051178,-0.03793390246405118,-0.028900699339051178,-0.028900699339051178,-0.003510074339051178,-0.008637027464051178,-0.021332339964051178,-0.025238589964051178,-0.030365543089051178,-0.03964288683905118,-0.028900699339051178,-0.006928043089051178,-0.001556949339051178,-0.001556949339051178,-0.03353937121405118,-0.017670230589051178,-0.0005803868390511779,0.002593441285948822,-0.011810855589051178,-0.026215152464051178,-0.026215152464051178,-0.010346011839051178,0.010405941285948822,0.023101253785948822,0.015044613160948822,0.015044613160948822,-0.008637027464051178,0.006987972535948822,0.014800472535948822,0.015044613160948822,0.016509456910948822,0.013335628785948822,0.004546566285948822,0.003814144410948822,0.012114925660948822,0.012114925660948822,0.010650081910948822,0.015288753785948822,0.013091488160948822,0.012603206910948822,0.015288753785948822,0.011626644410948822,0.006987972535948822,0.014800472535948822,0.027739925660948822,0.027739925660948822,0.021148128785948822,0.001616878785948822,0.007232113160948822,0.03457586316094882,0.04678289441094882,0.03359930066094882,0.025786800660948822,0.025542660035948822,0.027251644410948822,0.018706722535948822,0.018706722535948822,0.025542660035948822,0.03506414441094882,0.028228206910948822,0.016753597535948822,0.011382503785948822,0.004302425660948822,0.013091488160948822,0.018462581910948822,0.002837581910948822,-0.007660464964051178,-0.0008245274640511779,0.006011410035948822,-0.001556949339051178,-0.015717105589051178,-0.019379214964051178,-0.008392886839051178,0.002105160035948822,-0.003265933714051178,-0.014252261839051178,-0.008637027464051178,0.007232113160948822,0.007232113160948822,-0.003754214964051178,-0.020844058714051178,-0.016693668089051178,0.016753597535948822,0.03408758191094882,0.011382503785948822,-0.019867496214051178,-0.029144839964051178,-0.006683902464051178,-0.006683902464051178,0.021880550660948822,-0.00033624621405117794,-0.025482730589051178,-0.03158624621405118,-0.016449527464051178,-9.210558905117794e-05,-0.011078433714051178,-0.027435855589051178,-0.03280694933905118,-0.03280694933905118,-0.028412418089051178,-0.013763980589051178,-0.001068668089051178,-0.002289371214051178,-0.020599918089051178,-0.04501398058905118,-0.04721124621405118,-0.025726871214051178,0.002105160035948822,0.010405941285948822,-0.009613589964051178,-0.03500421496405118,-0.04403741808905118,-0.024750308714051178,0.012114925660948822,0.026030941285948822,0.001128597535948822,-0.03866632433905118,-0.04476983996405118,-0.007416324339051178,0.03652898816094882,0.03652898816094882,0.003081722535948822,-0.024994449339051178,-0.020599918089051178,0.001372738160948822,0.022612972535948822,0.03506414441094882,0.020415706910948822,-0.006683902464051178,-0.013519839964051178,0.006499691285948822,0.006499691285948822,0.03652898816094882,0.027739925660948822,0.010405941285948822,-0.0005803868390511779,0.009429378785948822,0.025542660035948822,0.027251644410948822,0.014556331910948822,0.016265316285948822,0.030425472535948822,0.030425472535948822,0.019439144410948822,0.0006403162859488221,-0.007416324339051178,0.011138363160948822,0.03799383191094882,0.03848211316094882,0.012603206910948822,-0.025971011839051178,-0.03842218371405118,-0.03842218371405118,0.018950863160948822,0.023833675660948822,-0.010590152464051178,-0.04989679308905118,-0.05477960558905118,-0.023529605589051178,0.007964535035948822,0.002837581910948822,-0.026459293089051178,-0.026459293089051178,-0.03134210558905118,-0.001068668089051178,0.025786800660948822,0.025542660035948822,-0.007172183714051178,-0.03573663683905118,-0.027191714964051178,0.014312191285948822,0.05068914441094882,0.05093328503594882,0.05093328503594882,-0.013275699339051178,-0.014496402464051178,0.009429378785948822,0.04312078503594882,0.04678289441094882,0.004546566285948822,-0.028900699339051178,-0.016205386839051178,0.022857113160948822,0.022857113160948822,-0.002533511839051178,-0.03988702746405118,-0.05038507433905118,-0.028900699339051178,-0.0008245274640511779,0.001861019410948822,-0.020111636839051178,-0.04061944933905118,-0.04574640246405118,-0.030853824339051178,-0.030853824339051178,-0.014984683714051178,-0.028168277464051178,-0.04013116808905118,-0.03598077746405118,-0.022553043089051178,-0.004242496214051178,0.012603206910948822,0.011626644410948822,-0.003754214964051178,-0.013031558714051178,0.0006403162859488221,0.028472347535948822,0.03921453503594882,0.03189031628594882,0.03213445691094882,0.03433172253594882,0.029448910035948822,0.03482000378594882,0.04190008191094882,0.04971258191094882,0.04971258191094882,0.03897039441094882,0.008941097535948822,-0.002045230589051178,0.013823910035948822,0.03164617566094882,0.030913753785948822,0.008696956910948822,-0.010834293089051178,-0.014984683714051178,-0.014984683714051178,-0.002045230589051178,-0.001801089964051178,-0.011810855589051178,-0.022797183714051178,-0.03378351183905118,-0.04110773058905118,-0.03768976183905118,-0.024750308714051178,-0.016449527464051178,-0.023285464964051178,-0.03939874621405118,-0.03500421496405118,-0.008392886839051178,0.007720394410948822,0.003570003785948822,-0.008148746214051178,-0.005707339964051178,0.012847347535948822,0.030425472535948822,0.03701726941094882,0.03701726941094882,0.023589535035948822,0.025054378785948822,0.021392269410948822,0.019195003785948822,0.019439144410948822,0.022124691285948822,0.018462581910948822,0.001861019410948822,-0.006195621214051178,-0.006195621214051178,0.019683285035948822,0.004302425660948822,-0.028656558714051178,-0.04013116808905118,-0.024750308714051178,-0.010101871214051178,-0.016449527464051178,-0.03549249621405118,-0.04818780871405118,-0.05062921496405118,-0.05062921496405118,-0.05087335558905118,-0.04476983996405118,-0.028168277464051178,-0.015228824339051178,-0.016205386839051178,-0.024017886839051178,-0.020111636839051178,-0.002045230589051178,0.009917660035948822,0.005523128785948822,-9.210558905117794e-05,0.017486019410948822,0.04482976941094882,0.04751531628594882,0.029204769410948822,0.011870785035948822,0.017241878785948822,0.03506414441094882,0.04141180066094882,0.03311101941094882,0.03311101941094882,-0.014252261839051178,0.003325863160948822,0.03311101941094882,0.03482000378594882,0.010650081910948822,-0.022064761839051178,-0.04013116808905118,-0.03207452746405118,-0.008881168089051178,-0.008881168089051178,-0.015228824339051178,-0.03500421496405118,-0.04208429308905118,-0.03646905871405118,-0.020355777464051178,-0.002045230589051178,0.004790706910948822,-0.00033624621405117794,-0.009613589964051178,-0.001312808714051178,-0.001312808714051178,0.03262273816094882,0.023833675660948822,0.024077816285948822,0.03872625378594882,0.05557195691094882,0.05410711316094882,0.03555242566094882,0.020415706910948822,0.018462581910948822,0.03213445691094882,0.04092351941094882,0.03384344128594882,0.016753597535948822,0.008452816285948822,0.009185238160948822,0.006743831910948822,-0.003998355589051178,-0.003021793089051178,-0.010834293089051178,-0.020844058714051178,-0.022308902464051178,-0.022308902464051178,-0.03427179308905118,-0.03768976183905118,-0.03695733996405118,-0.027679996214051178,-0.016937808714051178,-0.017426089964051178,-0.017426089964051178,-0.014252261839051178,-0.006195621214051178,0.008696956910948822,0.017730160035948822,0.006987972535948822,-0.003021793089051178,-0.002533511839051178,0.009429378785948822,0.021880550660948822,0.019195003785948822,0.005034847535948822,-0.005707339964051178,-0.007172183714051178,-0.005219058714051178,-0.005219058714051178,0.004058285035948822,0.012359066285948822,-0.002045230589051178,-0.027679996214051178,-0.03549249621405118,-0.025971011839051178,-0.016449527464051178,-0.017670230589051178,-0.028412418089051178,-0.03207452746405118,-0.020844058714051178,-0.010346011839051178,-0.003754214964051178,0.001128597535948822,0.015288753785948822,0.020659847535948822,0.014312191285948822,0.005767269410948822,0.014556331910948822,0.03189031628594882,0.04043523816094882,0.03482000378594882,0.021636410035948822,0.014556331910948822,0.011870785035948822,0.011870785035948822,0.012114925660948822,0.021880550660948822,0.021148128785948822,-0.001312808714051178,-0.017670230589051178,-0.015472964964051178,0.005278988160948822,0.006743831910948822,-0.008881168089051178,-0.026215152464051178,-0.03402765246405118,-0.03402765246405118,-0.022308902464051178,-0.010346011839051178,-0.003510074339051178,-0.011322574339051178,-0.017181949339051178,-0.007660464964051178,0.006255550660948822,0.019927425660948822,0.019927425660948822,0.027739925660948822,0.023833675660948822,0.024321956910948822,0.026519222535948822,0.030181331910948822,0.023589535035948822,0.016265316285948822,0.007720394410948822,0.005523128785948822,0.012114925660948822,0.013335628785948822,0.003814144410948822,-0.009125308714051178,-0.021820621214051178,-0.027679996214051178,-0.021576480589051178,-0.021088199339051178,-0.025482730589051178,-0.030853824339051178,-0.03988702746405118,-0.03988702746405118,-0.03939874621405118,-0.024017886839051178,-0.014252261839051178,-0.016449527464051178,-0.011078433714051178,0.00015203503594882206,0.001861019410948822,0.010650081910948822,0.025542660035948822,0.029693050660948822,0.026519222535948822,0.017730160035948822,0.012847347535948822,0.013823910035948822,0.022124691285948822,0.029693050660948822,0.022124691285948822,0.005278988160948822,-0.010346011839051178,-0.011322574339051178,-0.002289371214051178,0.002105160035948822,-0.006683902464051178,-0.017670230589051178,-0.022553043089051178,-0.024017886839051178,-0.023529605589051178,-0.012299136839051178,-0.002777652464051178,-0.013275699339051178,-0.020844058714051178,-0.008148746214051178,0.017730160035948822,0.028472347535948822,0.022857113160948822,0.019439144410948822,0.028228206910948822,0.03652898816094882,0.03652898816094882,0.020171566285948822,0.020171566285948822,0.013335628785948822,0.013335628785948822,0.013091488160948822,0.012114925660948822,0.009185238160948822,-0.008392886839051178,-0.023529605589051178,-0.025238589964051178,-0.020599918089051178,-0.023285464964051178,-0.023285464964051178,-0.03476007433905118,-0.026459293089051178,-0.013519839964051178,-0.021576480589051178,-0.027924136839051178,-0.009369449339051178,0.011626644410948822,0.019195003785948822,0.006743831910948822,-0.005463199339051178,0.006743831910948822,0.029937191285948822,0.03970281628594882,0.029693050660948822,0.015044613160948822,0.003570003785948822,-0.002289371214051178,0.003570003785948822,0.018950863160948822,0.023589535035948822,0.023589535035948822,-0.022553043089051178,-0.04428155871405118,-0.04306085558905118,-0.018646793089051178,0.001861019410948822,-0.010590152464051178,-0.03329523058905118,-0.04037530871405118,-0.028412418089051178,-0.003265933714051178,0.009185238160948822,0.004790706910948822,-0.003510074339051178,-0.005463199339051178,0.005767269410948822,0.027739925660948822,0.03237859753594882,0.019195003785948822,0.009185238160948822,0.012359066285948822,0.018706722535948822,0.022612972535948822,0.019927425660948822,0.013335628785948822,0.010161800660948822,-0.0008245274640511779,-0.008148746214051178,-0.001068668089051178,-0.004486636839051178,-0.030609683714051178,-0.030609683714051178,-0.04501398058905118,-0.018646793089051178,0.003081722535948822,0.001372738160948822,-0.019623355589051178,-0.014496402464051178,0.021636410035948822,0.04165594128594882,0.029448910035948822,0.007720394410948822,0.014312191285948822,0.03482000378594882,0.03506414441094882,0.017730160035948822,0.002593441285948822,0.006987972535948822,0.019195003785948822,0.022368831910948822,0.006499691285948822,-0.014740543089051178,-0.011566714964051178,0.002105160035948822,0.003325863160948822,-0.015961246214051178,-0.03915460558905118,-0.03451593371405118,-0.018158511839051178,-0.006195621214051178,-0.012543277464051178,-0.026459293089051178,-0.015228824339051178,0.006255550660948822,0.015288753785948822,0.013579769410948822,0.013823910035948822,0.019927425660948822,0.023345394410948822,0.014800472535948822,-0.0005803868390511779,-0.007660464964051178,0.008941097535948822,0.028716488160948822,0.019927425660948822,-0.007416324339051178,-0.03866632433905118,-0.04086358996405118,-0.013275699339051178,0.006987972535948822,0.003325863160948822,-0.026947574339051178,-0.05062921496405118,-0.05136163683905118,-0.019867496214051178,0.017730160035948822,0.023833675660948822,0.005034847535948822,-0.010101871214051178,0.003325863160948822,0.026763363160948822,0.04800359753594882,0.04482976941094882,0.028960628785948822,0.016509456910948822,0.015288753785948822,0.019439144410948822,0.020659847535948822,0.006499691285948822,-0.014252261839051178,-0.019623355589051178,-0.011810855589051178,0.004058285035948822,0.005034847535948822,-0.016693668089051178,-0.04794366808905118,-0.06039483996405118,-0.03744562121405118,0.006743831910948822,0.03311101941094882,0.016021175660948822,-0.015961246214051178,-0.016693668089051178,0.013579769410948822,0.04434148816094882,0.04751531628594882,0.03579656628594882,0.019927425660948822,0.006499691285948822,0.003325863160948822,0.010894222535948822,0.026763363160948822,0.03530828503594882,0.019195003785948822,-0.011322574339051178,-0.024262027464051178,-0.014496402464051178,-0.005951480589051178,-0.008637027464051178,-0.019623355589051178,-0.031097964964051178,-0.027435855589051178,-0.009613589964051178,0.0006403162859488221,0.0008844569109488221,-0.0008245274640511779,0.002105160035948822,0.010161800660948822,0.018462581910948822,0.030669613160948822,0.03457586316094882,0.016997738160948822,-9.210558905117794e-05,-0.003754214964051178,0.001128597535948822,0.007720394410948822,-0.002289371214051178,-0.022064761839051178,-0.04354913683905118,-0.05600030871405118,-0.05795343371405118,-0.04892023058905118,-0.025238589964051178,-0.001801089964051178,0.004302425660948822,-0.009369449339051178,-0.021332339964051178,-0.010346011839051178,0.016509456910948822,0.028472347535948822,0.022124691285948822,0.018706722535948822,0.026030941285948822,0.03359930066094882,0.026763363160948822,0.013091488160948822,0.0008844569109488221,-0.014008121214051178,-0.026215152464051178,-0.027191714964051178,-0.009613589964051178,0.004302425660948822,-0.012543277464051178,-0.04647882433905118,-0.06210382433905118,-0.05062921496405118,-0.022064761839051178,-0.009125308714051178,-0.03231866808905118,-0.05111749621405118,-0.03427179308905118,-0.002045230589051178,0.00015203503594882206,-0.03353937121405118,-0.05038507433905118,-0.019379214964051178,0.028960628785948822,0.04067937878594882,0.006743831910948822,-0.020844058714051178,-0.009125308714051178,0.020903988160948822,0.030913753785948822,0.016265316285948822,0.001616878785948822,0.003570003785948822,0.014556331910948822,0.025542660035948822,0.03164617566094882,0.028716488160948822,0.004058285035948822,-0.020355777464051178,-0.016205386839051178,0.016021175660948822,0.04824773816094882,0.04605047253594882,0.015044613160948822,-0.007416324339051178,-0.006439761839051178,0.019439144410948822,0.05288641003594882,0.05728094128594882,0.03237859753594882,0.007720394410948822,0.004302425660948822,0.027495785035948822,0.04727117566094882,0.03726141003594882,0.013823910035948822,0.001616878785948822,0.008941097535948822,0.017730160035948822,0.012359066285948822,-0.003754214964051178,-0.010346011839051178,-9.210558905117794e-05,0.014312191285948822,0.013335628785948822,0.001128597535948822,-0.004242496214051178,0.009917660035948822,0.029204769410948822,0.03237859753594882,0.018462581910948822,0.006011410035948822,0.007964535035948822,0.023833675660948822,0.03237859753594882,0.027007503785948822,0.020171566285948822,0.013091488160948822,0.010650081910948822,0.004546566285948822,-0.0008245274640511779,0.006499691285948822,0.014068050660948822,0.010405941285948822,-0.001556949339051178,-0.015961246214051178,-0.022064761839051178,-0.018646793089051178,-0.009125308714051178,-0.005463199339051178,-0.010590152464051178,-0.018646793089051178,-0.029877261839051178
UR5e_W,0.012952296853923111,0.040051906228923115,0.038342921853923115,0.02564760935392311,0.011731593728923111,0.011731593728923111,0.010022609353923111,0.02930971872892311,0.03053042185392311,0.01783510935392311,0.0034308124789231113,0.0036749531039231113,0.009778468728923111,0.010022609353923111,0.0019659687289231113,-0.007067234396076889,-0.007067234396076889,-0.012438328146076889,-0.012438328146076889,-0.008776218771076889,-0.009020359396076889,-0.010241062521076889,-0.02537778127107689,-0.02586606252107689,-0.02415707814607689,-0.01927426564607689,-0.01805356252107689,-0.02269223439607689,-0.02659848439607689,-0.02391293752107689,-0.01903012502107689,-0.01634457814607689,-0.01903012502107689,-0.02073910939607689,-0.014635593771076889,-0.009996921896076889,-0.010485203146076889,-0.011461765646076889,-0.009752781271076889,-0.009264500021076889,-0.009020359396076889,-0.006823093771076889,-0.005114109396076889,-0.0038934062710768887,-0.0026727031460768887,-0.0038934062710768887,-0.0036492656460768887,-0.0024285625210768887,-0.0029168437710768887,-0.0029168437710768887,-0.0007195781460768887,0.0022101093539231113,0.009290187478923111,0.010510890603923111,0.006116359353923111,0.0026983906039231113,0.005383937478923111,0.012219874978923111,0.013684718728923111,0.009778468728923111,0.006116359353923111,0.008557765603923111,0.012708156228923111,0.013684718728923111,0.013684718728923111,0.010266749978923111,0.0019659687289231113,-0.0016961406460768887,0.015149562478923111,0.015393703103923111,0.007337062478923111,-0.0024285625210768887,-0.005602390646076889,0.005383937478923111,0.01881167185392311,0.02100893747892311,0.012952296853923111,-0.00023129689607688866,-0.00023129689607688866,-0.005114109396076889,0.0029425312289231113,0.015393703103923111,0.004407374978923111,-0.004625828146076889,0.00025698435392311134,-0.005358250021076889,0.0034308124789231113,0.008557765603923111,0.010022609353923111,0.007825343728923111,-0.00023129689607688866,-0.005846531271076889,-0.0034051250210768887,0.00025698435392311134,-0.0014520000210768887,-0.0031609843960768887,-0.0019402812710768887,-0.00047543752107688866,-0.005114109396076889,-0.011950046896076889,0.0007452656039231113,0.006360499978923111,0.006360499978923111,0.00025698435392311134,-0.0031609843960768887,-0.010485203146076889,-0.009752781271076889,0.0014776874789231113,0.0007452656039231113,-0.005602390646076889,-0.011950046896076889,-0.010241062521076889,-0.0029168437710768887,0.0017218281039231113,-0.0029168437710768887,-0.008532078146076889,-0.008287937521076889,-0.008287937521076889,-0.006334812521076889,-0.004869968771076889,-0.008776218771076889,-0.011705906271076889,-0.011461765646076889,-0.007555515646076889,-0.008043796896076889,-0.009752781271076889,-0.006090671896076889,1.2843728923111336e-05,0.00025698435392311134,0.00025698435392311134,0.0034308124789231113,0.00025698435392311134,-0.004137546896076889,0.00025698435392311134,0.00025698435392311134,0.00025698435392311134,-0.0038934062710768887,0.005872218728923111,0.004407374978923111,0.005628078103923111,0.014417140603923111,0.01954409372892311,0.015149562478923111,0.009534328103923111,0.012952296853923111,0.010999171853923111,0.007092921853923111,0.01563784372892311,0.01563784372892311,0.01637026560392311,0.0005011249789231113,0.014172999978923111,0.02540346872892311,0.02198549997892311,0.011243312478923111,0.003919093728923111,0.005383937478923111,0.011243312478923111,0.012708156228923111,0.012708156228923111,0.010755031228923111,-0.009752781271076889,-0.008043796896076889,-0.00047543752107688866,0.004163234353923111,0.0034308124789231113,-0.006823093771076889,-0.02025082814607689,-0.01732114064607689,-0.01732114064607689,-0.0038934062710768887,0.0017218281039231113,-0.050035984396076885,-0.062487156271076885,-0.048571140646076885,-0.031725437521076885,-0.02733090627107689,-0.040270359396076885,-0.061510593771076885,-0.059557468771076885,-0.059557468771076885,-0.036119968771076885,-0.015123875021076889,-0.031725437521076885,-0.047594578146076885,-0.043444187521076885,-0.01878598439607689,0.008557765603923111,0.01978823435392311,0.008801906228923111,0.008801906228923111,-0.008287937521076889,0.011243312478923111,0.031262843728923115,0.042005031228923115,0.034436671853923115,0.01856753122892311,0.014417140603923111,0.02930971872892311,0.046643703103923115,0.054944484353923115,0.054944484353923115,0.051526515603923115,0.010755031228923111,0.014172999978923111,0.038587062478923115,0.059583156228923115,0.057874171853923115,0.033948390603923115,0.014172999978923111,0.010755031228923111,0.010755031228923111,0.02345034372892311,0.043225734353923115,0.02589174997892311,0.009778468728923111,0.0034308124789231113,0.006848781228923111,0.013684718728923111,0.014417140603923111,0.0005011249789231113,-0.013659031271076889,-0.013659031271076889,-0.010729343771076889,-0.0029168437710768887,-0.010973484396076889,-0.02171567189607689,-0.02659848439607689,-0.02098325002107689,-0.01610043752107689,-0.015368015646076889,-0.02147153127107689,-0.03123715627107689,-0.03123715627107689,-0.02684262502107689,-0.02440121877107689,-0.02977231252107689,-0.032457859396076885,-0.02781918752107689,-0.015123875021076889,-0.0007195781460768887,0.006116359353923111,-0.0029168437710768887,-0.0029168437710768887,-0.01634457814607689,-0.011461765646076889,-0.0009637187710768887,0.008069484353923111,0.010266749978923111,0.0034308124789231113,-0.0007195781460768887,0.0014776874789231113,0.009046046853923111,0.009046046853923111,0.008557765603923111,-0.005358250021076889,-0.0014520000210768887,0.007337062478923111,0.01881167185392311,0.02491518747892311,0.01978823435392311,0.005872218728923111,-0.0034051250210768887,-0.0016961406460768887,-0.0016961406460768887,0.0036749531039231113,0.008801906228923111,0.003919093728923111,-0.0009637187710768887,0.0024542499789231113,0.006360499978923111,-0.0009637187710768887,-0.007067234396076889,-0.010485203146076889,-0.010485203146076889,-0.014147312521076889,-0.010729343771076889,-0.0026727031460768887,-0.00047543752107688866,-0.009020359396076889,-0.01805356252107689,-0.012682468771076889,-0.0019402812710768887,0.0007452656039231113,0.0007452656039231113,-0.007555515646076889,-0.033190281271076885,-0.01878598439607689,0.004895656228923111,0.010266749978923111,0.0017218281039231113,-0.004137546896076889,0.0012335468539231113,0.008313624978923111,0.009290187478923111,0.009290187478923111,0.0014776874789231113,0.006604640603923111,0.01929995310392311,0.02833315622892311,0.02271792185392311,0.009046046853923111,-0.0036492656460768887,0.0012335468539231113,0.02076479685392311,0.02076479685392311,0.031506984353923115,0.009046046853923111,-0.004381687521076889,0.00025698435392311134,-0.0014520000210768887,0.039075343728923115,0.02760073435392311,0.00025698435392311134,-0.01732114064607689,-0.013170750021076889,0.0022101093539231113,0.01978823435392311,0.01588198435392311,-0.007067234396076889,-0.007067234396076889,-0.02586606252107689,-0.02366879689607689,-0.008287937521076889,-0.0031609843960768887,-0.009508640646076889,-0.02464535939607689,-0.032702000021076885,-0.01610043752107689,0.004163234353923111,0.004163234353923111,0.0026983906039231113,-0.034166843771076885,-0.02464535939607689,-0.004869968771076889,0.0017218281039231113,0.0024542499789231113,0.0034308124789231113,-0.0029168437710768887,-0.012438328146076889,-0.011461765646076889,-0.011461765646076889,-0.0021844218960768887,-0.0016961406460768887,0.0005011249789231113,0.005383937478923111,0.007825343728923111,0.006360499978923111,0.00025698435392311134,-0.005602390646076889,-0.0021844218960768887,-0.0021844218960768887,0.010755031228923111,0.01856753122892311,0.0036749531039231113,0.00025698435392311134,0.009290187478923111,0.02198549997892311,0.02149721872892311,0.006360499978923111,-0.0036492656460768887,-0.0036492656460768887,1.2843728923111336e-05,0.010755031228923111,0.009778468728923111,0.0007452656039231113,-0.011950046896076889,-0.012438328146076889,0.0012335468539231113,0.005872218728923111,0.0026983906039231113,-0.004137546896076889,-0.004137546896076889,0.0007452656039231113,0.005872218728923111,0.005628078103923111,-0.0029168437710768887,-0.011705906271076889,-0.013659031271076889,-0.004137546896076889,0.007581203103923111,0.010510890603923111,0.010510890603923111,0.010266749978923111,0.005872218728923111,0.0026983906039231113,0.006360499978923111,0.008557765603923111,0.004895656228923111,-0.00023129689607688866,0.005383937478923111,0.015393703103923111,0.015393703103923111,0.014905421853923111,-0.00047543752107688866,-0.0026727031460768887,0.0009894062289231113,0.0017218281039231113,-0.0012078593960768887,-0.0034051250210768887,-0.0024285625210768887,-0.0016961406460768887,-0.0034051250210768887,-0.0034051250210768887,-0.015368015646076889,-0.039537937521076885,-0.031481296896076885,-0.01951840627107689,-0.01658871877107689,-0.02073910939607689,-0.02293637502107689,-0.02293637502107689,-0.02757504689607689,-0.02757504689607689,-0.03001645314607689,-0.02098325002107689,-0.004625828146076889,-0.007067234396076889,-0.015123875021076889,-0.015123875021076889,-0.007067234396076889,-0.0019402812710768887,-0.0012078593960768887,0.005383937478923111,0.013928859353923111,0.013928859353923111,0.01881167185392311,0.02369448435392311,0.02515932810392311,0.015149562478923111,0.009290187478923111,0.014417140603923111,0.02833315622892311,0.042737453103923115,0.042493312478923115,0.042493312478923115,0.02735659372892311,0.02125307810392311,0.02979799997892311,0.032483546853923115,0.02662417185392311,0.015393703103923111,0.012708156228923111,0.02003237497892311,0.01856753122892311,0.004895656228923111,0.004895656228923111,-0.010241062521076889,-0.01732114064607689,-0.012194187521076889,-0.0009637187710768887,-0.0014520000210768887,-0.009996921896076889,-0.02513364064607689,-0.037828953146076885,-0.033190281271076885,-0.014391453146076889,-0.014391453146076889,-0.012194187521076889,-0.044420750021076885,-0.042467625021076885,-0.02611020314607689,-0.011461765646076889,-0.010973484396076889,-0.01903012502107689,-0.02122739064607689,-0.013903171896076889,-0.005114109396076889,-0.005114109396076889,0.009046046853923111,0.005628078103923111,0.0029425312289231113,0.004895656228923111,0.004651515603923111,0.008069484353923111,0.02027651560392311,0.032239406228923115,0.032239406228923115,0.032239406228923115,0.01954409372892311,0.0034308124789231113,0.01832339060392311,0.036145656228923115,0.037366359353923115,0.02320620310392311,0.007825343728923111,-0.0007195781460768887,0.0022101093539231113,0.0022101093539231113,0.010755031228923111,-0.00047543752107688866,-0.01805356252107689,-0.014879734396076889,-0.005846531271076889,0.0036749531039231113,0.006116359353923111,-0.007311375021076889,-0.02806332814607689,-0.035143406271076885,-0.02073910939607689,-0.02073910939607689,0.005872218728923111,-0.004137546896076889,-0.02098325002107689,-0.02879575002107689,-0.01634457814607689,0.004163234353923111,0.012464015603923111,0.011731593728923111,0.006604640603923111,0.006604640603923111,0.00025698435392311134,0.013928859353923111,0.02296206247892311,0.02320620310392311,0.014172999978923111,-0.0012078593960768887,-0.005602390646076889,0.007825343728923111,0.02320620310392311,0.01954409372892311,0.01954409372892311,-0.012926609396076889,-0.02098325002107689,-0.02269223439607689,-0.012682468771076889,-0.0007195781460768887,-0.0019402812710768887,-0.012926609396076889,-0.03050473439607689,-0.039049656271076885,-0.039049656271076885,-0.031969578146076885,-0.006823093771076889,-0.008043796896076889,-0.02269223439607689,-0.034899265646076885,-0.037584812521076885,-0.03099301564607689,-0.01927426564607689,-0.008043796896076889,0.0007452656039231113,0.0007452656039231113,0.0007452656039231113,-0.0026727031460768887,0.009290187478923111,0.02027651560392311,0.02345034372892311,0.02564760935392311,0.02393862497892311,0.013440578103923111,0.013928859353923111,0.02979799997892311,0.039807765603923115,0.039807765603923115,0.02198549997892311,0.02760073435392311,0.040784328103923115,0.052991359353923115,0.039075343728923115,0.0029425312289231113,-0.02415707814607689,-0.02244809377107689,0.006604640603923111,0.006604640603923111,0.02930971872892311,-0.010729343771076889,-0.037584812521076885,-0.038317234396076885,-0.012194187521076889,0.01685854685392311,0.02027651560392311,-0.010241062521076889,-0.043444187521076885,-0.055407078146076885,-0.055407078146076885,-0.02586606252107689,-0.0038934062710768887,0.004651515603923111,-0.010241062521076889,-0.02293637502107689,-0.01878598439607689,-0.010729343771076889,0.0031866718539231113,0.014417140603923111,0.014417140603923111,0.010266749978923111,0.012219874978923111,0.015393703103923111,0.008801906228923111,0.0026983906039231113,0.004895656228923111,0.014661281228923111,0.02442690622892311,0.02247378122892311,0.0026983906039231113,0.0026983906039231113,-0.011950046896076889,0.0009894062289231113,0.008801906228923111,0.007092921853923111,-0.005114109396076889,-0.01903012502107689,-0.02220395314607689,-0.014879734396076889,-0.005114109396076889,-0.0012078593960768887,-0.0012078593960768887,-0.02586606252107689,-0.041735203146076885,-0.041002781271076885,-0.015612156271076889,0.005872218728923111,0.006604640603923111,-0.008287937521076889,-0.013170750021076889,-0.0031609843960768887,0.005628078103923111,0.009290187478923111,0.01563784372892311,0.02222964060392311,0.01954409372892311,0.02589174997892311,0.037366359353923115,0.037854640603923115,0.037854640603923115,0.031506984353923115,0.02515932810392311,0.02686831247892311,0.02564760935392311,0.02052065622892311,0.013684718728923111,0.010999171853923111,0.010999171853923111,0.008801906228923111,0.008801906228923111,-0.009020359396076889,-0.007311375021076889,0.0014776874789231113,0.00025698435392311134,-0.014635593771076889,-0.031969578146076885,-0.036119968771076885,-0.035387546896076885,-0.032702000021076885,-0.02708676564607689,-0.02147153127107689,-0.015368015646076889,-0.015368015646076889,-0.010241062521076889,-0.02342465627107689,-0.02098325002107689,0.003919093728923111,0.014905421853923111,0.008313624978923111,-0.0024285625210768887,-0.004137546896076889,0.011243312478923111,0.01759096872892311,0.01759096872892311,0.0022101093539231113,0.011975734353923111,0.014417140603923111,-0.004381687521076889,-0.02488950002107689,-0.009752781271076889,0.02174135935392311,0.02979799997892311,-0.0021844218960768887,-0.0021844218960768887,-0.038317234396076885,-0.008287937521076889,0.01637026560392311,0.011731593728923111,-0.013903171896076889,-0.035875828146076885,-0.038073093771076885,-0.01976254689607689,-0.0009637187710768887,-0.0009637187710768887,-0.005602390646076889,-0.01634457814607689,-0.01951840627107689,-0.012194187521076889,0.008557765603923111,0.031995265603923115,0.02711245310392311,0.005872218728923111,0.0017218281039231113,0.01661440622892311,0.01661440622892311,0.047864406228923115,0.036389796853923115,0.02100893747892311,0.009290187478923111,0.008801906228923111,0.01759096872892311,0.034436671853923115,0.037610499978923115,0.01978823435392311,0.01978823435392311,-0.013659031271076889,0.004407374978923111,0.02686831247892311,0.02979799997892311,-0.0012078593960768887,-0.047106296896076885,-0.059557468771076885,-0.02611020314607689,0.01588198435392311,0.01588198435392311,-0.0016961406460768887,-0.035143406271076885,-0.041246921896076885,-0.01878598439607689,0.01588198435392311,0.036145656228923115,0.01978823435392311,-0.01683285939607689,-0.035387546896076885,-0.01878598439607689,-0.01878598439607689,0.032971828103923115,0.02662417185392311,1.2843728923111336e-05,-0.02464535939607689,-0.02977231252107689,-0.010729343771076889,0.009778468728923111,0.007092921853923111,-0.01634457814607689,-0.01634457814607689,-0.02318051564607689,0.010999171853923111,0.02418276560392311,-0.007799656271076889,-0.053453953146076885,-0.06273129689607689,-0.03074887502107689,0.0026983906039231113,0.007581203103923111,-0.01634457814607689,-0.01634457814607689,-0.03026059377107689,0.005139796853923111,0.036878078103923115,0.042005031228923115,0.014172999978923111,-0.02098325002107689,-0.02708676564607689,0.005628078103923111,0.048840968728923115,0.048840968728923115,0.02247378122892311,-0.014635593771076889,-0.02635434377107689,-0.004625828146076889,0.02857729685392311,0.041760890603923115,0.02296206247892311,-0.011705906271076889,-0.01903012502107689,-0.01903012502107689,0.013928859353923111,0.041760890603923115,-0.0021844218960768887,-0.043932468771076885,-0.040514500021076885,0.0036749531039231113,0.034436671853923115,0.02760073435392311,-0.005602390646076889,-0.02952817189607689,-0.02952817189607689,0.03028628122892311,0.054944484353923115,0.038587062478923115,0.00025698435392311134,-0.01756528127107689,0.0022101093539231113,0.034924953103923115,0.045422999978923115,0.02564760935392311,0.02564760935392311,-0.042467625021076885,-0.02781918752107689,0.009778468728923111,0.036633937478923115,0.01832339060392311,-0.032457859396076885,-0.061266453146076885,-0.041979343771076885,0.0005011249789231113,0.012952296853923111,0.012952296853923111,-0.06834653127107689,-0.07835629689607689,-0.040026218771076885,0.011731593728923111,0.031995265603923115,0.0005011249789231113,-0.038073093771076885,-0.035631687521076885,0.0034308124789231113,0.0034308124789231113,0.034680812478923115,0.009778468728923111,-0.011705906271076889,-0.007799656271076889,0.01856753122892311,0.02808901560392311,0.008069484353923111,-0.02195981252107689,-0.034166843771076885,-0.034166843771076885,-0.011461765646076889,0.02174135935392311,-0.00023129689607688866,-0.03123715627107689,-0.034410984396076885,-0.011217625021076889,0.008069484353923111,0.014905421853923111,-0.0021844218960768887,-0.02806332814607689,-0.02806332814607689,-0.014391453146076889,-0.015123875021076889,-0.02195981252107689,-0.02171567189607689,-0.01756528127107689,-0.0024285625210768887,0.02149721872892311,0.038342921853923115,0.037610499978923115,0.02003237497892311,0.02003237497892311,-0.01854184377107689,0.0036749531039231113,0.033215968728923115,0.044690578103923115,0.02467104685392311,-0.006334812521076889,-0.02122739064607689,-0.009996921896076889,0.014172999978923111,0.02711245310392311,0.02711245310392311,0.006360499978923111,-0.014635593771076889,-0.01780942189607689,-0.007799656271076889,0.010999171853923111,0.02198549997892311,0.010999171853923111,-0.008043796896076889,-0.005846531271076889,-0.005846531271076889,0.040296046853923115,0.040296046853923115,0.02345034372892311,0.003919093728923111,0.0036749531039231113,0.02052065622892311,0.02882143747892311,0.02662417185392311,0.012952296853923111,0.012952296853923111,-0.00047543752107688866,-0.0029168437710768887,-0.005846531271076889,-0.009508640646076889,-0.007555515646076889,0.004651515603923111,0.0036749531039231113,-0.010973484396076889,-0.02415707814607689,-0.02611020314607689,-0.01610043752107689,-0.01610043752107689,0.01783510935392311,0.005139796853923111,-0.01805356252107689,-0.036119968771076885,-0.038073093771076885,-0.02293637502107689,-0.011950046896076889,-0.014147312521076889,-0.02855160939607689,-0.034410984396076885,-0.02220395314607689,-0.0012078593960768887,0.01685854685392311,0.010022609353923111,-0.01805356252107689,-0.034655125021076885,-0.02708676564607689,-0.005114109396076889,0.01661440622892311,0.01905581247892311,0.01905581247892311,-0.012682468771076889,-0.007067234396076889,0.008557765603923111,0.02222964060392311,0.02564760935392311,0.01612612497892311,0.004895656228923111,0.0024542499789231113,0.014172999978923111,0.014172999978923111,0.02564760935392311,0.004163234353923111,-0.008287937521076889,-0.0009637187710768887,0.014172999978923111,0.01929995310392311,0.007092921853923111,-0.014147312521076889,-0.014879734396076889,0.0036749531039231113,0.01978823435392311,0.02003237497892311,0.0005011249789231113,-0.01976254689607689,-0.02073910939607689,-0.005358250021076889,-0.005358250021076889,0.02003237497892311,0.0005011249789231113,-0.02195981252107689,-0.02806332814607689,-0.008043796896076889,0.01905581247892311,0.02564760935392311,0.007825343728923111,-0.012682468771076889,-0.01658871877107689,-0.0021844218960768887,0.01881167185392311,0.02735659372892311,0.01637026560392311,0.01637026560392311,-0.007067234396076889,0.004407374978923111,0.01783510935392311,0.02222964060392311,0.01612612497892311,0.005872218728923111,-0.006334812521076889,-0.006090671896076889,0.003919093728923111,0.010022609353923111,0.010022609353923111,0.0012335468539231113,-0.004381687521076889,-0.008776218771076889,-0.0036492656460768887,-0.0019402812710768887,-0.007555515646076889,-0.011217625021076889,-0.010729343771076889,-0.007067234396076889,-0.005114109396076889,-0.005602390646076889,-0.004381687521076889,-0.008776218771076889,-0.013170750021076889,-0.012438328146076889,-0.013414890646076889,-0.010485203146076889,1.2843728923111336e-05,0.0034308124789231113,-0.0034051250210768887,-0.007555515646076889,-0.007555515646076889,-0.006578953146076889,-0.0012078593960768887,0.00025698435392311134,-0.0024285625210768887,0.0019659687289231113,0.005628078103923111,0.0036749531039231113,0.0017218281039231113,0.0014776874789231113,0.003919093728923111,-0.00047543752107688866,-0.00023129689607688866,-0.00047543752107688866,0.0007452656039231113,0.005139796853923111,0.004163234353923111,0.0036749531039231113,0.0022101093539231113,0.0017218281039231113,0.003919093728923111,0.010999171853923111,0.011243312478923111,-0.010241062521076889,-0.010241062521076889,-0.02659848439607689,0.0005011249789231113,0.02833315622892311,0.032483546853923115,0.01978823435392311,0.01588198435392311,0.037366359353923115,0.06812807810392311,0.07276674997892311,0.043469874978923115,0.013196437478923111,0.012708156228923111,0.033948390603923115,0.052258937478923115,0.043714015603923115,0.010755031228923111,-0.01610043752107689,-0.02293637502107689,-0.011217625021076889,-0.0016961406460768887,-0.009996921896076889,-0.009996921896076889,-0.040758640646076885,-0.038317234396076885,-0.02342465627107689,-0.013903171896076889,-0.02513364064607689,-0.045885593771076885,-0.054674656271076885,-0.042711765646076885,-0.013659031271076889,0.006604640603923111,-0.0014520000210768887,-0.02122739064607689,-0.037096531271076885,-0.038561375021076885,-0.031481296896076885,-0.02562192189607689,-0.02464535939607689,-0.02781918752107689,-0.02488950002107689,-0.02025082814607689,-0.02513364064607689,-0.031969578146076885,-0.033190281271076885,-0.02391293752107689,-0.006578953146076889,0.0009894062289231113,-0.008043796896076889,-0.02781918752107689,-0.040026218771076885,-0.02684262502107689,0.0024542499789231113,0.02564760935392311,0.02564760935392311,0.0012335468539231113,-0.01610043752107689,-0.008043796896076889,0.014417140603923111,0.03101870310392311,0.03028628122892311,0.02198549997892311,0.02491518747892311,0.044446437478923115,0.053235499978923115,0.039563624978923115,0.02052065622892311,0.014172999978923111,0.02198549997892311,0.031506984353923115,0.03101870310392311,0.02198549997892311,0.007825343728923111,-0.005846531271076889,-0.01634457814607689,-0.010241062521076889,0.00025698435392311134,0.010999171853923111,0.02955385935392311,0.02222964060392311,0.02222964060392311,0.02833315622892311,0.033704249978923115,0.032971828103923115,0.033460109353923115,0.039807765603923115,0.045422999978923115,0.046643703103923115,0.039319484353923115,0.03077456247892311,0.032239406228923115,0.033460109353923115,0.02784487497892311,0.013928859353923111,-0.006823093771076889,-0.02269223439607689,-0.02513364064607689,-0.02537778127107689,-0.034655125021076885,-0.042467625021076885,-0.042467625021076885,-0.032213718771076885,-0.014391453146076889,-0.0016961406460768887,0.004163234353923111,-0.0034051250210768887,-0.01610043752107689,-0.02098325002107689,-0.004869968771076889,0.02833315622892311,0.056409328103923115,0.06300112497892311,0.045422999978923115,0.03028628122892311,0.02174135935392311,-0.007555515646076889,-0.06541684377107689,9.621775236061304e-05,9.621775236061304e-05,9.621775236061304e-05,-0.06273129689607689,-0.051500828146076885,-0.06468442189607689,9.621775236061304e-05,9.621775236061304e-05,-0.06468442189607689,-0.01683285939607689,0.02125307810392311,0.032727687478923115,0.031751124978923115,0.036389796853923115,0.056897609353923115,0.07008120310392311,0.055188624978923115,0.01905581247892311,-0.009996921896076889,-0.0009637187710768887,0.034680812478923115,0.055432765603923115,0.037366359353923115,-0.014879734396076889,-0.07005551564607689,-0.08470395314607689,-0.044176609396076885,-0.004869968771076889,0.02857729685392311,0.050549953103923115,0.038098781228923115,0.0029425312289231113,-0.010241062521076889,0.011487453103923111,0.042249171853923115,0.07008120310392311,0.07960268747892311,0.07301089060392311,0.049573390603923115,0.02076479685392311,-0.011217625021076889,-0.037096531271076885,-0.040026218771076885,-0.01951840627107689,-0.004381687521076889,-0.004137546896076889,-0.014391453146076889,-0.034899265646076885,-0.048571140646076885,-0.041002781271076885,-0.010241062521076889,0.02857729685392311,0.036389796853923115,0.006848781228923111,-0.02586606252107689,-0.02781918752107689,0.005628078103923111,0.041272609353923115,0.041272609353923115,-0.011461765646076889,-0.039782078146076885,-0.02928403127107689,-0.006090671896076889,-0.010729343771076889,-0.031481296896076885,-0.044909031271076885,-0.048571140646076885,-0.054430515646076885,-0.061998875021076885,-0.058092625021076885,-0.02708676564607689,0.013440578103923111,0.01954409372892311,-0.009020359396076889,-0.02659848439607689,-0.012682468771076889,0.0026983906039231113,0.012708156228923111,0.02662417185392311,0.048596828103923115,0.06959292185392311,0.057630031228923115,0.014417140603923111,-0.013659031271076889,-0.006334812521076889,0.033704249978923115,0.06251284372892311,0.03101870310392311,-0.02879575002107689,-0.047106296896076885,-0.02903989064607689,-0.01585629689607689,-0.01805356252107689,-0.032946140646076885,-0.02708676564607689,-0.0009637187710768887,0.012708156228923111,0.0014776874789231113,-0.0019402812710768887,0.014172999978923111,0.02467104685392311,0.01661440622892311,0.005383937478923111,0.02003237497892311,0.051038234353923115,0.060803859353923115,0.040051906228923115,0.01759096872892311,0.012219874978923111,0.02149721872892311,0.02735659372892311,0.014661281228923111,-0.0034051250210768887,-0.014147312521076889,-0.02415707814607689,-0.035875828146076885,-0.039293796896076885,-0.02952817189607689,-0.01585629689607689,-0.007067234396076889,-0.005358250021076889,-0.006334812521076889,0.0029425312289231113,0.006360499978923111,0.0022101093539231113,0.010510890603923111,0.02906557810392311,0.036389796853923115,0.02979799997892311,0.02662417185392311,0.02491518747892311,0.02491518747892311,0.044934718728923115,0.052014796853923115,0.042981593728923115,0.02418276560392311,0.006848781228923111,-0.007067234396076889,-0.014147312521076889,-0.009264500021076889,-0.007799656271076889,-0.02244809377107689,-0.037096531271076885,-0.041735203146076885,-0.043932468771076885,-0.035387546896076885,-0.014879734396076889,0.004651515603923111,0.005139796853923111,-0.009020359396076889,-0.02073910939607689,-0.015368015646076889,-0.0026727031460768887,0.0036749531039231113,0.0017218281039231113,0.0034308124789231113,0.02076479685392311,0.032971828103923115,0.033215968728923115,0.01954409372892311,0.0014776874789231113,0.0029425312289231113,0.0029425312289231113,0.003919093728923111,-0.02195981252107689,-0.044420750021076885,-0.047838718771076885,-0.039049656271076885,-0.02952817189607689,-0.02977231252107689,-0.052233250021076885,-0.07347348439607689,-0.07152035939607689,-0.042223484396076885,-0.005114109396076889,0.004651515603923111,-0.005114109396076889,-0.011950046896076889,-0.007311375021076889,0.006116359353923111,0.007337062478923111,-0.007067234396076889,-0.012926609396076889,0.01685854685392311,0.061292140603923115,0.06910464060392311,0.038098781228923115,0.007337062478923111,0.004407374978923111,0.034436671853923115,0.06251284372892311,0.045422999978923115,0.0024542499789231113,-0.02586606252107689,-0.02342465627107689,-0.02342465627107689,0.01661440622892311,0.011487453103923111,-0.013903171896076889,-0.037828953146076885,-0.042223484396076885,-0.02366879689607689,1.2843728923111336e-05,0.01710268747892311,0.01661440622892311,-0.006823093771076889,-0.02903989064607689,-0.014635593771076889,0.013928859353923111,0.036145656228923115,0.033948390603923115,0.007092921853923111,-0.01732114064607689,-0.006090671896076889,0.036145656228923115,0.060071437478923115,0.046887843728923115,0.02638003122892311,0.01563784372892311,0.014172999978923111,0.01856753122892311,0.009534328103923111,-0.00023129689607688866,-0.0012078593960768887,-0.0014520000210768887,-0.004869968771076889,-0.02293637502107689,-0.041002781271076885,-0.038561375021076885,-0.02903989064607689,-0.02488950002107689,-0.02464535939607689,-0.03001645314607689,-0.031725437521076885,-0.02318051564607689,-0.008287937521076889,-0.0021844218960768887,-0.0016961406460768887,0.0007452656039231113,0.0014776874789231113,0.005139796853923111,0.01661440622892311,0.033704249978923115,0.033948390603923115,0.02467104685392311,0.010999171853923111,0.0024542499789231113,0.01588198435392311,0.039807765603923115,0.049329249978923115,0.038587062478923115,0.01759096872892311,-0.00047543752107688866,-0.0024285625210768887,0.007092921853923111,0.010022609353923111,-0.004381687521076889,-0.02171567189607689,-0.02025082814607689,-0.004625828146076889,-0.005358250021076889,-0.01683285939607689,-0.038561375021076885,-0.046129734396076885,-0.034655125021076885,-0.02000668752107689,-0.011461765646076889,-0.015368015646076889,-0.02220395314607689,-0.02513364064607689,-0.013170750021076889,0.0012335468539231113,0.004895656228923111,-0.00023129689607688866,-0.0014520000210768887,-0.0007195781460768887,0.004163234353923111,0.010510890603923111,0.02076479685392311,0.02857729685392311,0.02418276560392311,0.006848781228923111,-0.0024285625210768887,0.005139796853923111,0.02442690622892311,0.042005031228923115,0.038098781228923115,0.014905421853923111,-0.005846531271076889,-0.014391453146076889,-0.010485203146076889,0.0017218281039231113,0.004895656228923111,-0.0029168437710768887,-0.010485203146076889,-0.02171567189607689,-0.02611020314607689,-0.01903012502107689,-0.012438328146076889,-0.015123875021076889,-0.02342465627107689,-0.02903989064607689,-0.02440121877107689,-0.013903171896076889,-0.0024285625210768887,0.006360499978923111,0.01710268747892311,0.01588198435392311,-0.0016961406460768887,-0.01634457814607689,-0.02195981252107689,-0.00023129689607688866,0.02662417185392311,0.02979799997892311,0.0009894062289231113,-0.02659848439607689,-0.01829770314607689,0.01734682810392311,0.041760890603923115,0.040296046853923115,0.01783510935392311,-0.0034051250210768887,-0.007067234396076889,0.006360499978923111,0.02418276560392311,0.02198549997892311,0.012464015603923111,-0.0021844218960768887,-0.01780942189607689,-0.013659031271076889,0.0029425312289231113,0.004163234353923111,-0.011705906271076889,-0.034899265646076885,-0.041735203146076885,-0.02244809377107689,-0.007555515646076889,-0.005114109396076889,-0.012194187521076889,-0.02415707814607689,-0.03074887502107689,-0.02366879689607689,-0.007311375021076889,0.007092921853923111,0.013196437478923111,0.006604640603923111,-0.008532078146076889,-0.006334812521076889,0.02271792185392311,0.035169093728923115,0.01929995310392311,-0.005602390646076889,-0.010485203146076889,0.009290187478923111,0.034680812478923115,0.039807765603923115,0.02735659372892311,0.008557765603923111,0.0017218281039231113,0.01734682810392311,0.02930971872892311,0.02393862497892311,0.01588198435392311,0.012464015603923111,0.004651515603923111,0.0012335468539231113,0.0036749531039231113,0.011731593728923111,0.009534328103923111,-0.004381687521076889,-0.015612156271076889,-0.015612156271076889,-0.005846531271076889,1.2843728923111336e-05,-0.015368015646076889,-0.03099301564607689,-0.032457859396076885,-0.02928403127107689,-0.02318051564607689,-0.02586606252107689,-0.02977231252107689,-0.02440121877107689,-0.01707700002107689,-0.011950046896076889,-0.012194187521076889,-0.007799656271076889,0.006604640603923111,0.01832339060392311,0.01783510935392311,0.012952296853923111,0.011487453103923111,0.02100893747892311,0.032971828103923115,0.034436671853923115,0.033215968728923115,0.02515932810392311,0.01856753122892311,0.014172999978923111,0.011243312478923111,0.01954409372892311,0.02955385935392311,0.033948390603923115,0.03053042185392311,0.014417140603923111,-0.005114109396076889,-0.011461765646076889,-0.008287937521076889,0.0026983906039231113,0.013684718728923111,0.006604640603923111,-0.02025082814607689,-0.051012546896076885,-0.057604343771076885,-0.036852390646076885,-0.01780942189607689,-0.01805356252107689,-0.02830746877107689,-0.036119968771076885,-0.03074887502107689,-0.01780942189607689,-0.012926609396076889,-0.01585629689607689,-0.02025082814607689,-0.01903012502107689,-0.012438328146076889,-0.006578953146076889,-0.009264500021076889,-0.008776218771076889,-0.005846531271076889,0.004407374978923111,0.01612612497892311,0.014172999978923111,0.005383937478923111,0.0031866718539231113,0.012708156228923111,0.01661440622892311,0.01978823435392311,0.02125307810392311,0.01856753122892311,0.008557765603923111,0.0024542499789231113,0.007337062478923111,0.01734682810392311,0.02174135935392311,0.008801906228923111,-0.006823093771076889,-0.008532078146076889,0.011243312478923111,0.033460109353923115,0.034436671853923115,0.01661440622892311,0.0007452656039231113,-0.009264500021076889,-0.007555515646076889,0.005628078103923111,0.01612612497892311,0.013196437478923111,0.006116359353923111,-0.0029168437710768887,-0.008287937521076889,-0.0016961406460768887,-0.0026727031460768887,-0.010241062521076889,-0.011705906271076889,-0.008776218771076889,-0.006823093771076889,-0.0014520000210768887,-0.004137546896076889,-0.008043796896076889,-0.010241062521076889,-0.010241062521076889,-0.008532078146076889,-0.01707700002107689,-0.02147153127107689,-0.009020359396076889,0.0012335468539231113,-0.005358250021076889,-0.011217625021076889,-0.009020359396076889,-0.006578953146076889,-0.011461765646076889,-0.013659031271076889,0.0009894062289231113,0.02027651560392311,0.02393862497892311,0.009778468728923111,-0.009996921896076889,-0.01585629689607689,-0.004869968771076889,0.01807924997892311,0.033948390603923115,0.02882143747892311,0.0009894062289231113,-0.02537778127107689,-0.01927426564607689,0.013196437478923111,0.036145656228923115,0.033215968728923115,0.0034308124789231113,-0.02635434377107689,-0.02513364064607689,0.0026983906039231113,0.032727687478923115,0.034680812478923115,0.013440578103923111,-0.008287937521076889,-0.011950046896076889,-0.0009637187710768887,0.01661440622892311,0.02369448435392311,0.010755031228923111,-0.015612156271076889,-0.02635434377107689,-0.010485203146076889,0.01856753122892311,0.02638003122892311,0.003919093728923111,-0.01634457814607689,-0.02488950002107689,-0.02073910939607689,-0.008043796896076889,0.0036749531039231113,0.006848781228923111,-0.005358250021076889,-0.02659848439607689,-0.037828953146076885,-0.03074887502107689,-0.010729343771076889,0.011731593728923111,0.01612612497892311,-0.008532078146076889,-0.036852390646076885,-0.039049656271076885,-0.008532078146076889,0.02784487497892311,0.02638003122892311,-0.0024285625210768887,-0.02928403127107689,-0.02903989064607689,0.0029425312289231113,0.033215968728923115,0.033704249978923115,0.003919093728923111,-0.02220395314607689,-0.01854184377107689,0.010755031228923111,0.047131984353923115,0.054212062478923115,0.02222964060392311,-0.02586606252107689,-0.042467625021076885,0.003919093728923111,0.06739565622892311,0.07227846872892311,0.01759096872892311,-0.03074887502107689,-0.038073093771076885,-0.009508640646076889,0.02711245310392311,0.044446437478923115,0.02393862497892311,-0.01585629689607689,-0.039049656271076885,-0.03050473439607689,0.004407374978923111,0.02882143747892311,0.01563784372892311,-0.012194187521076889,-0.033434421896076885,-0.034410984396076885,-0.0016961406460768887,0.037366359353923115,0.039563624978923115,0.006116359353923111,-0.02757504689607689,-0.02757504689607689,0.0012335468539231113,0.02808901560392311,0.03101870310392311,0.004407374978923111,-0.02684262502107689,-0.033434421896076885,-0.014635593771076889,0.013684718728923111,0.03101870310392311,0.02174135935392311,-0.014391453146076889,-0.044909031271076885,-0.03074887502107689,0.011243312478923111,0.02808901560392311,0.008313624978923111,-0.01878598439607689,-0.032457859396076885,-0.02806332814607689,-0.005114109396076889,0.02393862497892311,0.02467104685392311,-0.008043796896076889,-0.041735203146076885,-0.044420750021076885,-0.013170750021076889,0.03053042185392311,0.047620265603923115,0.014661281228923111,-0.037096531271076885,-0.056627781271076885,-0.02049496877107689,0.033460109353923115,0.045422999978923115,0.01881167185392311,-0.01854184377107689,-0.035143406271076885,-0.014391453146076889,0.02076479685392311,0.036878078103923115,0.02052065622892311,-0.011217625021076889,-0.02781918752107689,-0.007067234396076889,0.02784487497892311,0.040296046853923115,0.011975734353923111,-0.02415707814607689,-0.02440121877107689,0.014661281228923111,0.045178859353923115,0.032239406228923115,-0.005114109396076889,-0.03050473439607689,-0.02220395314607689,0.014905421853923111,0.047620265603923115,0.034192531228923115,-0.010485203146076889,-0.041979343771076885,-0.031725437521076885,0.013196437478923111,0.046887843728923115,0.035901515603923115,-0.013414890646076889,-0.053209812521076885,-0.036119968771076885,0.02613589060392311,0.06324526560392311,0.034680812478923115,-0.02586606252107689,-0.061754734396076885,-0.03099301564607689,0.031262843728923115,0.057630031228923115,0.02760073435392311,-0.02903989064607689,-0.057848484396076885,-0.02611020314607689,0.037610499978923115,0.060315578103923115,0.02174135935392311,-0.039537937521076885,-0.060778171896076885,-0.01683285939607689,0.041760890603923115,0.054944484353923115,0.010999171853923111,-0.040758640646076885,-0.055407078146076885,-0.01878598439607689,0.031995265603923115,0.040784328103923115,0.0031866718539231113,-0.045397312521076885,-0.056871921896076885,-0.02269223439607689,0.02638003122892311,0.039075343728923115,-0.0007195781460768887,-0.049547703146076885,-0.054918796896076885,-0.010241062521076889,0.034192531228923115,0.033704249978923115,-0.008287937521076889,-0.041735203146076885,-0.033922703146076885,0.011487453103923111,0.045911281228923115,0.02857729685392311,-0.010729343771076889,-0.03074887502107689,-0.013659031271076889,0.02100893747892311,0.040784328103923115,0.02613589060392311,-0.006823093771076889,-0.02025082814607689,-0.00047543752107688866,0.02296206247892311,0.02052065622892311,0.005139796853923111,-0.014635593771076889,-0.02342465627107689,-0.011950046896076889,0.012219874978923111,0.02320620310392311,0.0034308124789231113,-0.02195981252107689,-0.02879575002107689,-0.0038934062710768887,0.02515932810392311,0.02320620310392311,-0.004381687521076889,-0.02488950002107689,-0.011950046896076889,0.014417140603923111,0.02271792185392311,0.014661281228923111,-0.0014520000210768887,-0.007799656271076889,0.005383937478923111,0.02418276560392311,0.02271792185392311,0.0036749531039231113,-0.005114109396076889,-0.004381687521076889,0.0031866718539231113,0.014417140603923111,0.01612612497892311,0.0031866718539231113,-0.005602390646076889,0.0005011249789231113,0.004163234353923111,0.0009894062289231113,0.006116359353923111,0.0034308124789231113,-0.01585629689607689,-0.02440121877107689,-0.008287937521076889,0.008801906228923111,0.0034308124789231113,-0.014635593771076889,-0.02928403127107689,-0.01854184377107689,0.008069484353923111,0.010266749978923111,-0.007067234396076889,-0.02025082814607689,-0.015368015646076889,-0.00023129689607688866,0.007337062478923111,0.006360499978923111,-0.0007195781460768887,-0.007555515646076889,-0.0036492656460768887,0.0026983906039231113,0.005383937478923111,0.008801906228923111,0.004163234353923111,-0.007311375021076889,-0.01610043752107689,-0.005602390646076889,0.004407374978923111,0.006604640603923111,0.007825343728923111,-0.0019402812710768887,-0.013170750021076889,-0.008043796896076889,0.01588198435392311,0.010999171853923111,-0.01780942189607689,-0.02464535939607689,0.0022101093539231113,0.035657374978923115,0.038831203103923115,0.004895656228923111,-0.035875828146076885,-0.034655125021076885,0.007337062478923111,0.045911281228923115,0.042981593728923115,0.0014776874789231113,-0.044176609396076885,-0.052721531271076885,-0.014879734396076889,0.02930971872892311,0.040296046853923115,0.006848781228923111,-0.043200046896076885,-0.06321957814607689,-0.02684262502107689,0.041028468728923115,0.06959292185392311,0.036878078103923115,-0.010729343771076889,-0.02171567189607689,0.011731593728923111,0.051526515603923115,0.054456203103923115,0.01612612497892311,-0.012926609396076889,0.0007452656039231113,0.037122218728923115,0.06617495310392311,0.058606593728923115,0.01905581247892311,-0.012194187521076889,-0.007067234396076889,0.02784487497892311,0.055432765603923115,0.046155421853923115,0.004163234353923111,-0.033922703146076885,-0.032702000021076885,0.004407374978923111,0.039319484353923115,0.035657374978923115,-0.007799656271076889,-0.048815281271076885,-0.050280125021076885,-0.015612156271076889,0.01905581247892311,0.02345034372892311,-0.0031609843960768887,-0.03123715627107689,-0.02928403127107689,-0.0026727031460768887,0.01759096872892311,0.011731593728923111,-0.015123875021076889,-0.031725437521076885,-0.02342465627107689,0.0007452656039231113,0.01881167185392311,0.005383937478923111,-0.02366879689607689,-0.038561375021076885,-0.02293637502107689,0.0009894062289231113,0.013440578103923111,0.005872218728923111,-0.02171567189607689,-0.047106296896076885,-0.049059421896076885,-0.02830746877107689,-0.008043796896076889,-0.0036492656460768887,-0.01976254689607689,-0.041246921896076885,-0.049791843771076885,-0.036364109396076885,-0.01829770314607689,-0.012438328146076889,-0.01951840627107689,-0.03050473439607689,-0.032213718771076885,-0.02049496877107689,-0.006823093771076889,-0.005114109396076889,-0.011461765646076889,-0.01780942189607689,-0.01756528127107689,-0.014879734396076889,-0.009264500021076889,-0.0038934062710768887,-0.011217625021076889,-0.01903012502107689,-0.01829770314607689,-0.006578953146076889,0.006360499978923111,0.0019659687289231113,-0.007555515646076889,-0.014635593771076889,-0.010241062521076889,0.008557765603923111,0.02003237497892311,0.01588198435392311,0.005872218728923111,-0.009264500021076889,-0.01829770314607689,-0.004381687521076889,0.02442690622892311,0.039807765603923115,0.011487453103923111,-0.041002781271076885,-0.06590512502107689,-0.051012546896076885,-0.015368015646076889,0.004407374978923111,-0.008776218771076889,-0.034899265646076885,-0.040514500021076885,-0.01805356252107689,0.010022609353923111,0.02149721872892311,0.01759096872892311,0.013928859353923111,0.01905581247892311,0.032727687478923115,0.039319484353923115,0.02760073435392311,0.008313624978923111,0.006116359353923111,0.01929995310392311,0.02882143747892311,0.031506984353923115,0.02076479685392311,0.004407374978923111,0.0017218281039231113,0.006116359353923111,0.01929995310392311,0.035413234353923115,0.031751124978923115,0.008313624978923111,-0.014635593771076889,-0.02073910939607689,1.2843728923111336e-05,0.02662417185392311,0.03004214060392311,0.009046046853923111,-0.013659031271076889,-0.015612156271076889,0.0017218281039231113,0.02906557810392311,0.042249171853923115,0.032971828103923115,0.01929995310392311,0.01759096872892311,0.03028628122892311,0.037122218728923115,0.032971828103923115,0.02369448435392311,0.01759096872892311,0.02418276560392311,0.034924953103923115,0.032483546853923115,0.013196437478923111,-0.009508640646076889,-0.013903171896076889,0.003919093728923111,0.02784487497892311,0.02906557810392311,-0.00047543752107688866,-0.03050473439607689,-0.031481296896076885,-0.005114109396076889,0.02711245310392311,0.032971828103923115,0.011487453103923111,-0.02049496877107689,-0.037340671896076885,-0.015123875021076889,0.02198549997892311,0.045178859353923115,0.035413234353923115,-0.00047543752107688866,-0.02488950002107689,-0.02293637502107689,0.00025698435392311134,0.02760073435392311,0.02613589060392311,0.00025698435392311134,-0.01854184377107689,-0.01927426564607689,-0.008043796896076889,0.009534328103923111,0.01807924997892311,0.011243312478923111,-0.0034051250210768887,-0.012438328146076889,-0.015368015646076889,-0.015123875021076889,-0.009752781271076889,-0.007799656271076889,-0.013170750021076889,-0.015612156271076889,-0.02122739064607689,-0.02122739064607689,-0.02318051564607689,-0.02440121877107689,-0.02122739064607689,-0.007799656271076889,0.007581203103923111,0.012708156228923111,0.007337062478923111,-0.00023129689607688866,-0.0021844218960768887,0.0036749531039231113,0.014661281228923111,0.01710268747892311,0.013440578103923111,0.009778468728923111,0.007825343728923111,0.006604640603923111,0.010022609353923111,0.01612612497892311,0.02149721872892311,0.01563784372892311,0.0022101093539231113,1.2843728923111336e-05,0.009046046853923111,0.014172999978923111,0.012708156228923111,0.007581203103923111,0.003919093728923111,0.008557765603923111,0.009778468728923111,0.0012335468539231113,-0.02513364064607689,-0.02513364064607689,-0.010973484396076889,0.005628078103923111,-0.00023129689607688866,-0.01805356252107689,-0.032213718771076885,-0.035631687521076885,-0.031725437521076885,-0.02806332814607689,-0.02415707814607689,-0.02440121877107689,-0.033922703146076885,-0.044664890646076885,-0.045641453146076885,-0.035387546896076885,-0.014879734396076889,-0.0009637187710768887,-0.009752781271076889,-0.02928403127107689,-0.036608250021076885,-0.010485203146076889,-0.010485203146076889,0.0014776874789231113,0.006604640603923111,0.0009894062289231113,-0.0038934062710768887,-0.005846531271076889,-0.0016961406460768887,0.011731593728923111,0.02613589060392311,0.03077456247892311,0.01905581247892311,0.010266749978923111,0.01759096872892311,0.02930971872892311,0.02711245310392311,0.009778468728923111,-0.006578953146076889,-0.009020359396076889,-0.0012078593960768887,-0.0038934062710768887,-0.01585629689607689,-0.02611020314607689,-0.02928403127107689,-0.033190281271076885,-0.047350437521076885,-0.057360203146076885,-0.042955906271076885,-0.007555515646076889,0.02174135935392311,0.033704249978923115,0.01637026560392311,-0.011950046896076889,-0.01829770314607689,0.0009894062289231113,0.032483546853923115,0.054700343728923115,0.056409328103923115,0.037610499978923115,0.02198549997892311,0.02833315622892311,0.052258937478923115,0.07276674997892311,0.07105776560392311,0.058118312478923115,0.056653468728923115,0.06934878122892311,0.06471010935392311,0.02686831247892311,-0.014391453146076889,-0.02195981252107689,0.007825343728923111,0.02393862497892311,0.02393862497892311,-0.01805356252107689,-0.058336765646076885,-0.06932309377107689,-0.050280125021076885,-0.01951840627107689,0.00025698435392311134,-0.0036492656460768887,-0.02733090627107689,-0.050768406271076885,-0.042711765646076885,-0.007067234396076889,0.01954409372892311,0.012219874978923111,-0.012438328146076889,-0.02098325002107689,0.0005011249789231113,0.035413234353923115,0.054212062478923115,0.041272609353923115,0.01856753122892311,0.01856753122892311,0.038587062478923115,0.06617495310392311,0.07227846872892311,0.050794093728923115,0.008801906228923111,-0.01903012502107689,-0.01756528127107689,-0.0009637187710768887,0.005383937478923111,-0.02000668752107689,-0.054674656271076885,-0.06614926564607689,-0.06346371877107689,-0.060534031271076885,-0.061510593771076885,-0.06273129689607689,-0.057360203146076885,-0.050280125021076885,-0.055895359396076885,-0.056871921896076885,0.00025698435392311134,-0.034899265646076885,-0.004137546896076889,-0.034166843771076885,-0.041002781271076885,-0.013659031271076889,0.02491518747892311,0.047131984353923115,0.02955385935392311,0.0022101093539231113,0.013196437478923111,0.049329249978923115,0.08546206247892311,0.038587062478923115,0.038587062478923115,-0.0021844218960768887,-0.011950046896076889,0.004651515603923111,0.039319484353923115,0.040540187478923115,-0.01854184377107689,-0.06639340627107689,-0.061022312521076885,-0.02464535939607689,-0.02293637502107689,-0.02293637502107689,-0.059801609396076885,-0.06834653127107689,-0.038073093771076885,-0.010973484396076889,-0.009264500021076889,-0.02000668752107689,-0.02611020314607689,-0.010973484396076889,0.01905581247892311,0.01905581247892311,0.01807924997892311,0.01734682810392311,0.01612612497892311,0.02125307810392311,0.044934718728923115,0.07520815622892311,9.621775236061304e-05,9.621775236061304e-05,0.032727687478923115,0.032727687478923115,0.02784487497892311,0.039807765603923115,0.052503078103923115,0.043714015603923115,0.006604640603923111,-0.02952817189607689,-0.045153171896076885,-0.031969578146076885,-0.01903012502107689,-0.02635434377107689,-0.054430515646076885,-0.08397153127107689,-0.08372739064607689,-0.048082859396076885,-0.02415707814607689,-0.035387546896076885,-0.059313328146076885,-0.06907895314607689,-0.040270359396076885,0.0017218281039231113,0.01881167185392311,0.0024542499789231113,-0.01976254689607689,-0.01732114064607689,0.015149562478923111,0.052747218728923115,0.07276674997892311,0.055921046853923115,0.032239406228923115,0.036878078103923115,0.06348940622892311,0.08546206247892311,0.07374331247892311,0.031262843728923115,0.004895656228923111,0.006360499978923111,0.005628078103923111,-0.004625828146076889,-0.02537778127107689,-0.047106296896076885,-0.055407078146076885,-0.050035984396076885,-0.042467625021076885,-0.046373875021076885,-0.052233250021076885,-0.053453953146076885,-0.048082859396076885,-0.048082859396076885,-0.038805515646076885,-0.02098325002107689,0.0007452656039231113,0.008801906228923111,0.007581203103923111,0.0024542499789231113,-0.014635593771076889,-0.011217625021076889,0.02247378122892311,0.06568667185392311,9.621775236061304e-05,0.07032534372892311,0.034192531228923115,0.02662417185392311,0.06300112497892311,9.621775236061304e-05,0.08692690622892311,0.037366359353923115,0.0024542499789231113,0.035901515603923115,0.035901515603923115,0.040051906228923115,0.007092921853923111,-0.031725437521076885,-0.051744968771076885,-0.041491062521076885,-0.01854184377107689,-0.02977231252107689,-0.054674656271076885,-0.06761410939607689,-0.06346371877107689,-0.045153171896076885,-0.03099301564607689,-0.02928403127107689,-0.02928403127107689,-0.014147312521076889,-0.0036492656460768887,-0.005358250021076889,0.005872218728923111,0.013196437478923111,0.02442690622892311,0.02442690622892311,0.047620265603923115,0.058850734353923115,0.052991359353923115,0.044202296853923115,0.038342921853923115,0.044690578103923115,0.052014796853923115,0.044446437478923115,0.02393862497892311,0.013196437478923111,0.013440578103923111,0.011487453103923111,-0.02757504689607689,-0.053209812521076885,-0.054430515646076885,-0.038317234396076885,-0.03026059377107689,-0.052477390646076885,-0.08690121877107689,-0.07640317189607689,-0.07640317189607689,-0.048815281271076885,-0.035631687521076885,-0.051012546896076885,-0.06761410939607689,-0.054186375021076885,-0.01976254689607689,0.0029425312289231113,0.006360499978923111,-0.014879734396076889,-0.014879734396076889,-0.005846531271076889,0.02296206247892311,0.048108546853923115,0.060803859353923115,0.058606593728923115,0.00025698435392311134,0.057630031228923115,0.07032534372892311,0.060559718728923115,0.033704249978923115,0.01832339060392311,0.03004214060392311,0.02247378122892311,0.02247378122892311,-0.014391453146076889,-0.047350437521076885,-0.054430515646076885,0.00025698435392311134,-0.010485203146076889,-0.036608250021076885,-0.06932309377107689,-0.06688168752107689,-0.02684262502107689,-0.02684262502107689,-0.01854184377107689,-0.032457859396076885,-0.045153171896076885,-0.034166843771076885,-0.007311375021076889,0.012219874978923111,0.02662417185392311,0.033704249978923115,0.02198549997892311,0.038342921853923115,0.038342921853923115,0.06251284372892311,0.08155581247892311,0.08131167185392311,0.06666323435392311,0.057385890603923115,0.06471010935392311,0.07960268747892311,0.07154604685392311,0.03077456247892311,0.03077456247892311,0.014172999978923111,0.004651515603923111,-0.006823093771076889,-0.01707700002107689,-0.02440121877107689,-0.03099301564607689,-0.040514500021076885,-0.055651218771076885,-0.07176450002107689,-0.08153012502107689,-0.07029965627107689,-0.051989109396076885,-0.048571140646076885,-0.052965671896076885,-0.047594578146076885,-0.02733090627107689,-0.008043796896076889,-0.009264500021076889,-0.013414890646076889,-0.013414890646076889,-0.0019402812710768887,0.011487453103923111,0.02052065622892311,0.02784487497892311,0.044202296853923115,0.06837221872892311,0.06983706247892311,0.052503078103923115,0.047376124978923115,0.047376124978923115,0.056409328103923115,0.046887843728923115,0.02320620310392311,0.008557765603923111,0.0009894062289231113,-0.0034051250210768887,-0.005846531271076889,-0.010729343771076889,-0.035875828146076885,-0.045153171896076885,-0.045153171896076885,-0.049059421896076885,-0.06688168752107689,-0.07029965627107689,-0.053942234396076885,-0.044909031271076885,-0.039537937521076885,-0.032946140646076885,-0.042467625021076885,-0.048327000021076885,-0.010485203146076889,-0.010485203146076889,0.008069484353923111,0.02369448435392311,0.015149562478923111,-0.010241062521076889,-0.004137546896076889,0.038587062478923115,0.07105776560392311,0.06788393747892311,0.03101870310392311,0.03101870310392311,0.048108546853923115,0.07594057810392311,0.07911440622892311,0.048596828103923115,0.02760073435392311,0.02369448435392311,0.02222964060392311,0.00025698435392311134,-0.043688328146076885,-0.043688328146076885,-0.03099301564607689,-0.01707700002107689,-0.032213718771076885,-0.060534031271076885,-0.08006528127107689,-0.07347348439607689,-0.049791843771076885,-0.036119968771076885,-0.050768406271076885,-0.050768406271076885,-0.041491062521076885,-0.014147312521076889,0.0022101093539231113,-0.0026727031460768887,1.2843728923111336e-05,0.007581203103923111,0.009778468728923111,0.014905421853923111,0.053235499978923115,0.053235499978923115,0.06544253122892311,0.059827296853923115,0.050305812478923115,0.051770656228923115,0.06934878122892311,0.08619448435392311,0.07349917185392311,0.045422999978923115,0.038587062478923115,0.038587062478923115,0.02003237497892311,0.004163234353923111,-0.009996921896076889,-0.02195981252107689,-0.02513364064607689,-0.034410984396076885,-0.049303562521076885,-0.06321957814607689,-0.07615903127107689,-0.07615903127107689,-0.07127621877107689,-0.059801609396076885,-0.056139500021076885,-0.046373875021076885,-0.040026218771076885,-0.036852390646076885,-0.02220395314607689,-0.012438328146076889,-0.006334812521076889,0.02052065622892311,0.02052065622892311,0.02296206247892311,0.01759096872892311,0.01978823435392311,0.02857729685392311,0.041516749978923115,0.06690737497892311,0.07887026560392311,0.06934878122892311,0.050794093728923115,0.050794093728923115,0.046155421853923115,0.041272609353923115,0.037854640603923115,0.02564760935392311,0.005139796853923111,-0.004137546896076889,-0.009752781271076889,-0.02195981252107689,-0.02195981252107689,-0.045397312521076885,-0.06810239064607689,-0.07737973439607689,-0.07176450002107689,-0.054186375021076885,-0.031969578146076885,-0.02977231252107689,-0.051744968771076885,-0.050035984396076885,-0.050035984396076885,-0.007799656271076889,0.02222964060392311,0.008801906228923111,-0.02122739064607689,-0.02879575002107689,-0.007555515646076889,0.02955385935392311,0.057874171853923115,0.02686831247892311,0.02686831247892311,0.011243312478923111,0.035169093728923115,0.07887026560392311,9.621775236061304e-05,0.07447573435392311,0.034924953103923115,0.011975734353923111,0.02686831247892311,0.049329249978923115,0.049329249978923115,0.005628078103923111,-0.03001645314607689,-0.054186375021076885,-0.046373875021076885,-0.014147312521076889,-0.01951840627107689,-0.058825046896076885,-0.08226254689607689,-0.08226254689607689,-0.037340671896076885,-0.037340671896076885,-0.047106296896076885,-0.07493832814607689,-0.07664731252107689,-0.040514500021076885,0.0019659687289231113,0.02515932810392311,0.01929995310392311,-0.012438328146076889,-0.013903171896076889,-0.013903171896076889,0.02711245310392311,0.057141749978923115,0.059583156228923115,0.040051906228923115,0.035169093728923115,0.057630031228923115,9.621775236061304e-05,9.621775236061304e-05,0.032483546853923115,0.032483546853923115,0.01807924997892311,0.034924953103923115,0.048108546853923115,0.032727687478923115,-0.004625828146076889,-0.02415707814607689,-0.01976254689607689,-0.005358250021076889,-0.045397312521076885,-0.045397312521076885,-0.08714535939607689,9.621775236061304e-05,-0.07029965627107689,-0.042467625021076885,-0.033434421896076885,-0.039537937521076885,-0.051989109396076885,-0.06566098439607689,-0.006090671896076889,-0.006090671896076889,0.013440578103923111,0.010022609353923111,-0.00047543752107688866,-0.012682468771076889,-0.006090671896076889,0.02955385935392311,0.06348940622892311,0.06641909372892311,0.02808901560392311,0.02808901560392311,0.038342921853923115,0.053967921853923115,0.07349917185392311,0.08497378122892311,0.06617495310392311,0.032483546853923115,0.01783510935392311,0.01612612497892311,0.008069484353923111,0.008069484353923111,-0.02220395314607689,-0.044664890646076885,-0.051500828146076885,-0.035387546896076885,-0.032946140646076885,-0.053453953146076885,-0.07322934377107689,-0.062243015646076885,-0.049791843771076885,-0.049791843771076885,-0.046618015646076885,-0.051256687521076885,-0.044176609396076885,-0.02391293752107689,-0.011705906271076889,-0.015368015646076889,-0.0024285625210768887,0.02345034372892311,0.011243312478923111,0.011243312478923111,0.0029425312289231113,0.01588198435392311,0.037122218728923115,0.051526515603923115,0.055432765603923115,0.056409328103923115,0.06666323435392311,0.08057924997892311,0.07105776560392311,0.033460109353923115,0.007825343728923111,0.02930971872892311,0.035169093728923115,0.035169093728923115,0.010022609353923111,-0.03099301564607689,-0.048815281271076885,-0.038561375021076885,-0.01854184377107689,-0.013903171896076889,-0.037584812521076885,-0.07298520314607689,-0.052477390646076885,-0.052477390646076885,-0.02977231252107689,-0.01854184377107689,-0.02562192189607689,-0.039782078146076885,-0.045885593771076885,-0.01903012502107689,0.02613589060392311,-0.007311375021076889,-0.02122739064607689,-0.02122739064607689,0.0019659687289231113,0.044202296853923115,0.07496401560392311,0.06861635935392311,0.039563624978923115,0.02003237497892311,0.02808901560392311,0.08375307810392311,0.07789370310392311,0.07789370310392311,0.052503078103923115,0.02076479685392311,0.010510890603923111,0.02515932810392311,0.02222964060392311,0.0014776874789231113,-0.02391293752107689,-0.041735203146076885,-0.02073910939607689,-0.02073910939607689,-0.033434421896076885,-0.06273129689607689,9.621775236061304e-05,9.621775236061304e-05,-0.06395200002107689,-0.03099301564607689,-0.02952817189607689,-0.055895359396076885,-0.06273129689607689,-0.06273129689607689,-0.01683285939607689,0.031995265603923115,0.038098781228923115,0.01783510935392311,-0.0026727031460768887,-0.014635593771076889,-0.0019402812710768887,0.035169093728923115,0.048108546853923115,0.048108546853923115,0.02979799997892311,0.02735659372892311,0.050305812478923115,0.08057924997892311,0.08057924997892311,0.046887843728923115,0.006604640603923111,-0.006578953146076889,0.047620265603923115,0.047620265603923115,0.052258937478923115,0.012219874978923111,-0.048327000021076885,-0.07713559377107689,-0.047838718771076885,-0.011705906271076889,-0.01585629689607689,9.621775236061304e-05,9.621775236061304e-05,9.621775236061304e-05,-0.046862156271076885,-0.005114109396076889,-0.009508640646076889,-0.046862156271076885,-0.061998875021076885,-0.02928403127107689,0.012219874978923111,0.01612612497892311,0.004163234353923111,0.004163234353923111,0.007337062478923111,0.02198549997892311,0.040540187478923115,0.045667140603923115,0.052503078103923115,0.055188624978923115,0.049085109353923115,0.06690737497892311,0.08302065622892311,0.08302065622892311,9.621775236061304e-05,9.621775236061304e-05,0.06666323435392311,0.046155421853923115,0.042737453103923115,0.043469874978923115,0.039319484353923115,-0.01756528127107689,-0.01756528127107689,-0.033190281271076885,-0.038317234396076885,-0.033678562521076885,-0.031481296896076885,-0.046862156271076885,-0.06663754689607689,-0.07737973439607689,-0.07029965627107689,-0.02806332814607689,-0.02733090627107689,-0.02733090627107689,-0.036608250021076885,-0.043200046896076885,-0.02952817189607689,-0.004137546896076889,-0.0036492656460768887,-0.02244809377107689,-0.02244809377107689,0.01661440622892311,0.01661440622892311,0.02345034372892311,0.005139796853923111,-0.012926609396076889,-0.0009637187710768887,0.02418276560392311,0.052747218728923115,0.061047999978923115,0.040540187478923115,-0.02318051564607689,-0.02318051564607689,-0.005358250021076889,0.02760073435392311,0.033704249978923115,0.02467104685392311,-0.007067234396076889,-0.039782078146076885,-0.046862156271076885,-0.02928403127107689,-0.012438328146076889,-0.012438328146076889,-0.03050473439607689,-0.053453953146076885,-0.061998875021076885,-0.045885593771076885,-0.02635434377107689,-0.02147153127107689,-0.02977231252107689,-0.042955906271076885,-0.010729343771076889,-0.010729343771076889,0.011243312478923111,0.009046046853923111,-0.005602390646076889,-0.012438328146076889,-0.0021844218960768887,0.01563784372892311,0.02979799997892311,0.02906557810392311,0.01685854685392311,0.01685854685392311,0.02247378122892311,0.040784328103923115,0.040784328103923115,0.01978823435392311,0.006116359353923111,0.014417140603923111,0.032239406228923115,0.034680812478923115,0.01954409372892311,0.014417140603923111,0.014417140603923111,0.010755031228923111,0.01710268747892311,0.02833315622892311,0.02784487497892311,0.013440578103923111,-0.004869968771076889,-0.015123875021076889,0.009534328103923111,0.02003237497892311,0.02003237497892311,0.01905581247892311,0.0014776874789231113,-0.01854184377107689,-0.02391293752107689,-0.013414890646076889,0.005872218728923111,0.01661440622892311,-0.013659031271076889,-0.02049496877107689,-0.02049496877107689,-0.013659031271076889,-0.0026727031460768887,0.007581203103923111,0.007581203103923111,-0.008776218771076889,-0.02684262502107689,-0.03074887502107689,0.004895656228923111,0.006604640603923111,0.006604640603923111,-0.004381687521076889,-0.01976254689607689,-0.02318051564607689,-0.010241062521076889,0.006604640603923111,0.0034308124789231113,-0.009996921896076889,-0.010241062521076889,-0.0009637187710768887,-0.0009637187710768887,0.006116359353923111,-0.0016961406460768887,-0.01707700002107689,-0.01634457814607689,-0.006578953146076889,0.003919093728923111,0.006116359353923111,-0.013903171896076889,-0.015123875021076889,-0.015123875021076889,-0.008043796896076889,0.004163234353923111,0.008557765603923111,-0.00023129689607688866,-0.013659031271076889,-0.02049496877107689,-0.011950046896076889,0.0026983906039231113,0.008557765603923111,0.008557765603923111,-0.0016961406460768887,-0.006090671896076889,0.0036749531039231113,0.015393703103923111,0.01832339060392311,0.01929995310392311,0.01637026560392311,0.010999171853923111,0.01612612497892311,0.01612612497892311,0.02247378122892311,0.02320620310392311,0.01929995310392311,0.01661440622892311,0.01612612497892311,0.012708156228923111,0.011487453103923111,0.01734682810392311,0.012464015603923111,0.012464015603923111,0.011975734353923111,0.006116359353923111,-0.00047543752107688866,0.0007452656039231113,0.0034308124789231113,0.0031866718539231113,0.0009894062289231113,-0.005358250021076889,0.004895656228923111,0.03028628122892311,0.03028628122892311,0.044446437478923115,0.01881167185392311,-0.039049656271076885,-0.07884457814607689,-0.061754734396076885,-0.006090671896076889,0.032971828103923115,-0.03050473439607689,-0.07811215627107689,-0.07811215627107689,-0.07249692189607689,-0.02513364064607689,0.01905581247892311,0.02418276560392311,-0.0029168437710768887,-0.031969578146076885,-0.034166843771076885,0.038098781228923115,0.044934718728923115,0.044934718728923115,0.01807924997892311,-0.008043796896076889,-0.0016961406460768887,0.02540346872892311,0.038342921853923115,0.02711245310392311,0.0036749531039231113,0.011975734353923111,0.046155421853923115,0.046155421853923115,0.059339015603923115,0.033704249978923115,-0.009020359396076889,-0.03001645314607689,-0.0019402812710768887,0.042493312478923115,0.059827296853923115,-0.02220395314607689,-0.044420750021076885,-0.044420750021076885,-0.015612156271076889,0.035657374978923115,0.059339015603923115,0.036145656228923115,-0.01658871877107689,-0.059313328146076885,-0.049059421896076885,0.056165187478923115,0.046399562478923115,0.046399562478923115,-0.008776218771076889,-0.050035984396076885,-0.045153171896076885,-0.004869968771076889,0.035169093728923115,0.031751124978923115,-0.008776218771076889,-0.039049656271076885,-0.005602390646076889,-0.005602390646076889,0.02857729685392311,0.01734682810392311,-0.02025082814607689,-0.043688328146076885,-0.02269223439607689,0.01856753122892311,0.032727687478923115,0.011731593728923111,-0.035387546896076885,-0.035387546896076885,-0.02073910939607689,0.008557765603923111,0.02882143747892311,0.02345034372892311,-0.014391453146076889,-0.040026218771076885,-0.02903989064607689,-0.0029168437710768887,-0.01683285939607689,-0.01683285939607689,-0.038805515646076885,-0.040758640646076885,-0.02708676564607689,-0.015368015646076889,-0.01585629689607689,-0.037340671896076885,-0.060534031271076885,-0.059557468771076885,-0.007799656271076889,0.004651515603923111,0.004651515603923111,-0.008043796896076889,-0.054918796896076885,-0.07445004689607689,-0.040514500021076885,0.004651515603923111,0.02271792185392311,0.0024542499789231113,-0.060289890646076885,-0.039293796896076885,-0.039293796896076885,0.005139796853923111,0.036878078103923115,0.044690578103923115,0.011243312478923111,-0.041491062521076885,-0.047350437521076885,-0.0009637187710768887,0.042493312478923115,0.051282374978923115,0.012219874978923111,-0.031969578146076885,-0.031725437521076885,0.043225734353923115,0.036145656228923115,0.036145656228923115,-0.00047543752107688866,-0.033678562521076885,-0.02269223439607689,0.013440578103923111,0.049329249978923115,0.06641909372892311,0.039563624978923115,-0.0031609843960768887,0.010999171853923111,0.053479640603923115,0.053479640603923115,0.07203432810392311,0.039319484353923115,-0.0019402812710768887,-0.006334812521076889,0.010266749978923111,0.035657374978923115,0.044934718728923115,-0.005602390646076889,-0.01927426564607689,-0.01927426564607689,-0.005114109396076889,0.01637026560392311,0.036145656228923115,0.02808901560392311,-0.01732114064607689,-0.053453953146076885,-0.038073093771076885,0.010510890603923111,0.036878078103923115,-0.006823093771076889,-0.006823093771076889,-0.039293796896076885,-0.037584812521076885,0.0007452656039231113,0.041272609353923115,0.045422999978923115,0.02442690622892311,-0.011705906271076889,-0.03074887502107689,0.012464015603923111,0.012464015603923111,0.048352687478923115,0.045911281228923115,0.006116359353923111,-0.031725437521076885,-0.031725437521076885,0.0024542499789231113,0.042249171853923115,0.046155421853923115,-0.014635593771076889,-0.02000668752107689,-0.02000668752107689,-0.004137546896076889,0.02271792185392311,0.036878078103923115,0.02125307810392311,-0.009752781271076889,-0.035631687521076885,-0.02855160939607689,0.02174135935392311,0.015393703103923111,0.015393703103923111,-0.010241062521076889,-0.03099301564607689,-0.02757504689607689,-0.005358250021076889,0.013196437478923111,0.009778468728923111,-0.006578953146076889,-0.012682468771076889,-0.007311375021076889,0.01905581247892311,0.02515932810392311,0.02515932810392311,0.006116359353923111,-0.014635593771076889,-0.010485203146076889,0.005872218728923111,0.011487453103923111,0.012708156228923111,0.005872218728923111,-0.009264500021076889,0.006360499978923111,0.013928859353923111,-0.0038934062710768887,-0.010241062521076889,-0.010241062521076889,0.005628078103923111,0.014905421853923111,0.01637026560392311,0.01734682810392311,0.010266749978923111,0.005383937478923111,0.009778468728923111,0.01832339060392311,0.02711245310392311,0.02442690622892311,0.0022101093539231113,0.0022101093539231113,-0.02464535939607689,-0.013659031271076889,0.014905421853923111,0.03077456247892311,0.01807924997892311,0.0009894062289231113,-0.004381687521076889,-0.015612156271076889,-0.0007195781460768887,0.02833315622892311,0.01637026560392311,0.01637026560392311,-0.006334812521076889,-0.006090671896076889,0.0019659687289231113,-0.00047543752107688866,-0.005602390646076889,-0.005358250021076889,-0.008532078146076889,0.00025698435392311134,-0.004381687521076889,-0.004381687521076889,-0.02659848439607689,-0.037340671896076885,-0.01585629689607689,0.004895656228923111,-0.010729343771076889,-0.032213718771076885,-0.02415707814607689,-0.011217625021076889,-0.02073910939607689,-0.008776218771076889,0.014661281228923111,0.014661281228923111,-0.0012078593960768887,-0.037096531271076885,-0.040514500021076885,-0.009752781271076889,0.003919093728923111,-0.011705906271076889,-0.02586606252107689,-0.02659848439607689,-0.011705906271076889,-0.0019402812710768887,-0.0019402812710768887,-0.01903012502107689,-0.041735203146076885,-0.035387546896076885,-0.013414890646076889,0.0022101093539231113,1.2843728923111336e-05,-0.012438328146076889,-0.015123875021076889,-0.02562192189607689,-0.03050473439607689,0.0014776874789231113,0.0014776874789231113,0.033948390603923115,0.02052065622892311,-0.01805356252107689,-0.02952817189607689,0.005628078103923111,0.03077456247892311,-0.014635593771076889,-0.009752781271076889,0.007581203103923111,0.007581203103923111,0.010755031228923111,0.014417140603923111,0.02222964060392311,0.009534328103923111,-0.014391453146076889,-0.014879734396076889,0.011487453103923111,0.042737453103923115,0.007581203103923111,-0.02488950002107689,-0.013659031271076889,-0.013659031271076889,0.02711245310392311,0.051770656228923115,0.040296046853923115,0.010022609353923111,-0.0029168437710768887,0.011975734353923111,0.044690578103923115,0.047131984353923115,0.039075343728923115,0.02369448435392311,0.005139796853923111,0.005139796853923111,0.005872218728923111,0.038587062478923115,0.059339015603923115,0.032727687478923115,-0.0019402812710768887,-0.004869968771076889,0.011243312478923111,0.02100893747892311,-0.005358250021076889,-0.0029168437710768887,0.007337062478923111,0.009290187478923111,0.009290187478923111,-0.009752781271076889,-0.02464535939607689,-0.02220395314607689,-0.006090671896076889,-0.011461765646076889,-0.011461765646076889,-0.015368015646076889,-0.0029168437710768887,0.005139796853923111,-0.008043796896076889,-0.015123875021076889,0.0017218281039231113,0.02296206247892311,0.00025698435392311134,-0.012438328146076889,-0.012438328146076889,-0.010485203146076889,0.007825343728923111,0.02393862497892311,0.01588198435392311,-0.004869968771076889,-0.014635593771076889,-0.009752781271076889,-0.01658871877107689,-0.015123875021076889,-0.015123875021076889,-0.010729343771076889,-0.015123875021076889,-0.02635434377107689,-0.034166843771076885,-0.032946140646076885,-0.01707700002107689,0.005139796853923111,-0.02513364064607689,-0.049547703146076885,-0.049547703146076885,-0.048327000021076885,-0.02757504689607689,0.0019659687289231113,0.0034308124789231113,-0.01683285939607689,-0.02903989064607689,-0.032457859396076885,-0.005114109396076889,0.011243312478923111,0.011243312478923111,0.005872218728923111,-0.02025082814607689,-0.03074887502107689,-0.01585629689607689,0.010999171853923111,0.02076479685392311,0.006604640603923111,0.004163234353923111,-0.0014520000210768887,-0.008287937521076889,-0.008287937521076889,0.0036749531039231113,0.02735659372892311,0.034192531228923115,0.01954409372892311,-0.0016961406460768887,-0.009508640646076889,0.03077456247892311,0.051770656228923115,0.040051906228923115,0.040051906228923115,0.007581203103923111,-0.010729343771076889,0.0024542499789231113,0.02198549997892311,0.032727687478923115,0.036633937478923115,0.012708156228923111,0.0017218281039231113,0.0026983906039231113,0.0026983906039231113,0.011243312478923111,0.01978823435392311,0.01588198435392311,0.006604640603923111,-0.0026727031460768887,-0.009264500021076889,-0.0016961406460768887,-0.0029168437710768887,-0.012926609396076889,-0.012926609396076889,-0.02049496877107689,-0.01805356252107689,-0.008776218771076889,-0.008776218771076889,-0.02513364064607689,-0.038317234396076885,-0.02440121877107689,0.008801906228923111,-0.0016961406460768887,-0.0016961406460768887,-0.015368015646076889,-0.01951840627107689,-0.009996921896076889,0.011731593728923111,0.032727687478923115,0.033460109353923115,0.011731593728923111,-0.010241062521076889,0.01783510935392311,0.045178859353923115,0.045178859353923115,0.050794093728923115,0.02222964060392311,-0.01805356252107689,-0.033922703146076885,-0.012926609396076889,0.02833315622892311,0.037610499978923115,-0.040026218771076885,-0.049547703146076885,-0.049547703146076885,-0.02122739064607689,0.0029425312289231113,0.004163234353923111,-0.01805356252107689,-0.033678562521076885,-0.03123715627107689,-0.01854184377107689,-0.008043796896076889,-0.02611020314607689,-0.043200046896076885,-0.043200046896076885,-0.038561375021076885,-0.02025082814607689,-0.007067234396076889,0.0024542499789231113,0.007092921853923111,-0.0021844218960768887,-0.0026727031460768887,0.01905581247892311,0.035657374978923115,0.035657374978923115,0.032727687478923115,0.02613589060392311,0.034680812478923115,0.045911281228923115,0.050549953103923115,0.039075343728923115,0.031751124978923115,0.041516749978923115,0.043225734353923115,0.043225734353923115,0.034924953103923115,0.02638003122892311,0.014905421853923111,0.004407374978923111,0.003919093728923111,0.007092921853923111,-0.0036492656460768887,-0.02147153127107689,-0.02342465627107689,-0.02342465627107689,-0.01878598439607689,-0.013659031271076889,-0.01756528127107689,-0.032702000021076885,-0.051256687521076885,-0.056139500021076885,-0.01780942189607689,-0.014391453146076889,-0.02830746877107689,-0.02830746877107689,-0.02952817189607689,-0.02025082814607689,-0.009020359396076889,0.006360499978923111,0.014905421853923111,0.014905421853923111,0.01710268747892311,0.02369448435392311,0.033460109353923115,0.033460109353923115,0.040540187478923115,0.031506984353923115,0.012952296853923111,0.008557765603923111,0.01929995310392311,0.02784487497892311,-0.005602390646076889,-0.008532078146076889,0.004407374978923111,0.004407374978923111,0.010266749978923111,-0.005114109396076889,-0.01805356252107689,-0.012926609396076889,-0.008776218771076889,-0.011461765646076889,-0.02195981252107689,-0.040270359396076885,-0.050768406271076885,-0.050768406271076885,-0.056139500021076885,-0.043932468771076885,-0.02293637502107689,-0.007067234396076889,-0.005602390646076889,-0.02049496877107689,-0.02440121877107689,0.009290187478923111,0.02174135935392311,0.015149562478923111,0.015149562478923111,0.010755031228923111,0.01929995310392311,0.037122218728923115,0.047131984353923115,0.041760890603923115,0.02320620310392311,0.0036749531039231113,0.01929995310392311,0.034924953103923115,0.034924953103923115,0.02369448435392311,0.0012335468539231113,0.0014776874789231113,0.010022609353923111,0.009290187478923111,-0.0014520000210768887,-0.03026059377107689,-0.02537778127107689,-0.013903171896076889,-0.013903171896076889,-0.01878598439607689,-0.034899265646076885,-0.042467625021076885,-0.041246921896076885,-0.03026059377107689,-0.01927426564607689,-0.009020359396076889,-0.007555515646076889,-0.0036492656460768887,-0.0036492656460768887,0.010266749978923111,0.012952296853923111,0.012708156228923111,0.02711245310392311,0.046399562478923115,0.057874171853923115,0.02979799997892311,0.02100893747892311,0.03101870310392311,0.03101870310392311,0.044446437478923115,0.051770656228923115,0.038587062478923115,0.013440578103923111,0.010022609353923111,0.02393862497892311,0.003919093728923111,-0.01683285939607689,-0.01829770314607689,-0.01829770314607689,-0.011950046896076889,-0.007555515646076889,-0.008532078146076889,-0.02000668752107689,-0.038805515646076885,-0.045153171896076885,-0.012926609396076889,-0.0036492656460768887,-0.004381687521076889,-0.004381687521076889,-0.004625828146076889,-0.005358250021076889,-0.0007195781460768887,0.00025698435392311134,0.0024542499789231113,0.008801906228923111,0.010999171853923111,0.009534328103923111,0.006848781228923111,0.006848781228923111,0.0014776874789231113,-0.00047543752107688866,0.0007452656039231113,-0.0019402812710768887,-0.005602390646076889,-0.0031609843960768887,0.0029425312289231113,-0.012438328146076889,-0.034899265646076885,-0.034899265646076885,-0.036608250021076885,-0.02537778127107689,-0.015612156271076889,-0.01951840627107689,-0.042467625021076885,-0.050280125021076885,-0.035387546896076885,-0.015123875021076889,0.009778468728923111,0.01637026560392311,-0.0038934062710768887,-0.012194187521076889,-0.012194187521076889,0.033460109353923115,0.033460109353923115,0.048840968728923115,0.041028468728923115,0.02515932810392311,0.01881167185392311,0.010266749978923111,0.008557765603923111,0.012952296853923111,0.02662417185392311,0.02125307810392311,-0.008776218771076889,-0.02440121877107689,-0.02440121877107689,-0.010729343771076889,0.007337062478923111,0.005628078103923111,-0.007311375021076889,-0.02586606252107689,-0.034410984396076885,-0.02635434377107689,-0.009752781271076889,0.0009894062289231113,0.0009894062289231113,-0.004381687521076889,-0.007311375021076889,0.0024542499789231113,0.009778468728923111,0.014905421853923111,0.02418276560392311,0.02930971872892311,0.03053042185392311,0.02857729685392311,0.02442690622892311,0.02442690622892311,0.01759096872892311,0.010266749978923111,0.003919093728923111,0.005139796853923111,0.009534328103923111,0.010755031228923111,-0.0019402812710768887,-0.01976254689607689,-0.032702000021076885,-0.034655125021076885,-0.034655125021076885,-0.02318051564607689,-0.02049496877107689,-0.02659848439607689,-0.040270359396076885,-0.043200046896076885,-0.03074887502107689,-0.011950046896076889,1.2843728923111336e-05,0.007092921853923111,0.007092921853923111,-0.00047543752107688866,0.0022101093539231113,0.01759096872892311,0.041028468728923115,0.045422999978923115,0.032483546853923115,0.010510890603923111,0.012708156228923111,0.02345034372892311,0.02613589060392311,0.02125307810392311,0.02125307810392311,0.005872218728923111,-0.0034051250210768887,-0.006090671896076889,-0.007311375021076889,-0.0038934062710768887,-0.0031609843960768887,-0.02635434377107689,-0.031969578146076885,-0.02659848439607689,-0.02659848439607689,-0.014635593771076889,-0.011217625021076889,-0.01976254689607689,-0.01854184377107689,0.0009894062289231113,0.01881167185392311,0.01978823435392311,0.01734682810392311,0.00025698435392311134,0.02271792185392311,0.032483546853923115,0.02540346872892311,0.012952296853923111,0.012952296853923111,0.007581203103923111,0.006848781228923111,0.009046046853923111,0.011731593728923111,0.00025698435392311134,-0.01927426564607689,-0.01780942189607689,-0.012682468771076889,-0.02733090627107689,-0.02733090627107689,-0.040758640646076885,-0.02562192189607689,-0.007799656271076889,-0.005602390646076889,-0.02025082814607689,-0.02781918752107689,-0.008532078146076889,0.02418276560392311,0.013440578103923111,0.011243312478923111,0.011243312478923111,0.02320620310392311,0.031751124978923115,0.02955385935392311,0.02540346872892311,0.011975734353923111,1.2843728923111336e-05,0.012464015603923111,0.02320620310392311,0.013196437478923111,0.013196437478923111,-0.01732114064607689,-0.040270359396076885,-0.037584812521076885,-0.01634457814607689,-0.0009637187710768887,-0.014879734396076889,-0.041002781271076885,-0.035631687521076885,-0.009264500021076889,0.004163234353923111,0.009778468728923111,0.009778468728923111,-0.005114109396076889,-0.01878598439607689,-0.0029168437710768887,0.01954409372892311,0.033704249978923115,0.02857729685392311,0.011487453103923111,0.02027651560392311,0.031262843728923115,0.031262843728923115,0.02613589060392311,0.014661281228923111,0.009778468728923111,0.0036749531039231113,0.0029425312289231113,0.0014776874789231113,1.2843728923111336e-05,-0.01878598439607689,-0.052233250021076885,-0.02903989064607689,0.006360499978923111,0.006360499978923111,0.004895656228923111,-0.007067234396076889,-0.009508640646076889,0.003919093728923111,0.02345034372892311,0.02613589060392311,0.014661281228923111,0.036389796853923115,0.044934718728923115,0.02222964060392311,-0.0029168437710768887,-0.0029168437710768887,-0.0024285625210768887,0.013440578103923111,0.03101870310392311,0.02100893747892311,-0.004381687521076889,-0.013659031271076889,-0.004869968771076889,-0.01805356252107689,-0.032702000021076885,-0.032702000021076885,-0.039782078146076885,-0.02806332814607689,-0.010973484396076889,-0.01707700002107689,-0.02318051564607689,-0.02366879689607689,-0.015123875021076889,0.006848781228923111,0.02271792185392311,0.014661281228923111,0.010510890603923111,0.010510890603923111,0.010266749978923111,0.010755031228923111,0.01588198435392311,0.02027651560392311,0.013440578103923111,-0.004381687521076889,-0.01780942189607689,-0.0038934062710768887,0.005383937478923111,0.005383937478923111,-0.005602390646076889,-0.03050473439607689,-0.040270359396076885,-0.038073093771076885,-0.02781918752107689,-0.013903171896076889,-0.010729343771076889,-0.0026727031460768887,0.0009894062289231113,0.0009894062289231113,0.010510890603923111,0.010510890603923111,0.02735659372892311,0.044934718728923115,0.044446437478923115,0.02979799997892311,0.012464015603923111,0.012708156228923111,0.01881167185392311,0.015149562478923111,-0.010241062521076889,-0.009020359396076889,0.0014776874789231113,0.0014776874789231113,-0.0029168437710768887,-0.02000668752107689,-0.036608250021076885,-0.043200046896076885,-0.037828953146076885,-0.01610043752107689,0.004895656228923111,-0.0014520000210768887,-0.008043796896076889,0.007092921853923111,0.007092921853923111,0.02418276560392311,0.02393862497892311,0.02808901560392311,0.038831203103923115,0.033215968728923115,0.011731593728923111,-0.0009637187710768887,0.006116359353923111,0.03053042185392311,0.015149562478923111,-0.011217625021076889,-0.011217625021076889,-0.02903989064607689,-0.03050473439607689,-0.01903012502107689,-0.014635593771076889,-0.02171567189607689,-0.02977231252107689,-0.005358250021076889,0.008313624978923111,0.011731593728923111,0.011731593728923111,0.009046046853923111,0.008557765603923111,0.009778468728923111,0.01881167185392311,0.036878078103923115,0.042981593728923115,-0.0009637187710768887,-0.007555515646076889,0.005139796853923111,0.01563784372892311,0.0009894062289231113,0.0009894062289231113,-0.031481296896076885,-0.057360203146076885,-0.06395200002107689,-0.051744968771076885,-0.02269223439607689,0.005383937478923111,-0.004137546896076889,-0.02244809377107689,-0.02464535939607689,-0.02464535939607689,0.004895656228923111,0.02930971872892311,0.03028628122892311,0.02271792185392311,0.02540346872892311,0.02662417185392311,0.010999171853923111,-0.008776218771076889,-0.012194187521076889,-0.011461765646076889,-0.011217625021076889,-0.011217625021076889,-0.005358250021076889,-0.004381687521076889,-0.02684262502107689,-0.052721531271076885,-0.062243015646076885,-0.042467625021076885,0.0005011249789231113,-0.049791843771076885,9.621775236061304e-05,9.621775236061304e-05,-0.06517270314607689,0.0005011249789231113,0.036389796853923115,-0.0024285625210768887,-0.056871921896076885,-0.045397312521076885,0.014905421853923111,0.054456203103923115,0.0012335468539231113,-0.012194187521076889,0.005628078103923111,0.005628078103923111,0.01929995310392311,0.01710268747892311,0.013684718728923111,0.02198549997892311,0.032727687478923115,0.02003237497892311,-0.0021844218960768887,0.010755031228923111,0.031751124978923115,0.035901515603923115,0.035901515603923115,0.013196437478923111,-0.015123875021076889,-0.01780942189607689,0.005628078103923111,0.03053042185392311,0.041272609353923115,0.02369448435392311,0.010266749978923111,0.012952296853923111,0.012952296853923111,0.02662417185392311,0.047620265603923115,0.049329249978923115,0.031506984353923115,0.012219874978923111,0.004163234353923111,0.02784487497892311,0.032483546853923115,0.01856753122892311,-0.004381687521076889,-0.004381687521076889,-0.010485203146076889,0.005628078103923111,0.02393862497892311,0.02125307810392311,-0.00047543752107688866,-0.013170750021076889,0.02125307810392311,0.035169093728923115,0.02369448435392311,0.02369448435392311,0.004407374978923111,-0.0007195781460768887,0.007581203103923111,0.02100893747892311,0.02979799997892311,0.02345034372892311,-0.0019402812710768887,-0.0007195781460768887,0.013196437478923111,0.013196437478923111,0.02467104685392311,0.02052065622892311,0.005139796853923111,-0.011705906271076889,-0.01780942189607689,-0.010241062521076889,0.005872218728923111,-0.0038934062710768887,-0.02269223439607689,-0.036852390646076885,-0.036852390646076885,-0.02952817189607689
