,0.0,0.001,0.002,0.003,0.004,0.005,0.006,0.007,0.008,0.009,0.01,0.011,0.012,0.013,0.014,0.015,0.016,0.017,0.018,0.019,0.02,0.021,0.022,0.023,0.024,0.025,0.026,0.027,0.028,0.029,0.03,0.031,0.032,0.033,0.034,0.035,0.036,0.037,0.038,0.039,0.04,0.041,0.042,0.043,0.044,0.045,0.046,0.047,0.048,0.049,0.05,0.051,0.052,0.053,0.054,0.055,0.056,0.057,0.058,0.059,0.06,0.061,0.062,0.063,0.064,0.065,0.066,0.067,0.068,0.069,0.07,0.071,0.072,0.073,0.074,0.075,0.076,0.077,0.078,0.079,0.08,0.081,0.082,0.083,0.084,0.085,0.086,0.087,0.088,0.089,0.09,0.091,0.092,0.093,0.094,0.095,0.096,0.097,0.098,0.099,0.1,0.101,0.102,0.103,0.104,0.105,0.106,0.107,0.108,0.109,0.11,0.111,0.112,0.113,0.114,0.115,0.116,0.117,0.118,0.119,0.12,0.121,0.122,0.123,0.124,0.125,0.126,0.127,0.128,0.129,0.13,0.131,0.132,0.133,0.134,0.135,0.136,0.137,0.138,0.139,0.14,0.141,0.142,0.143,0.144,0.145,0.146,0.147,0.148,0.149,0.15,0.151,0.152,0.153,0.154,0.155,0.156,0.157,0.158,0.159,0.16,0.161,0.162,0.163,0.164,0.165,0.166,0.167,0.168,0.169,0.17,0.171,0.172,0.173,0.174,0.175,0.176,0.177,0.178,0.179,0.18,0.181,0.182,0.183,0.184,0.185,0.186,0.187,0.188,0.189,0.19,0.191,0.192,0.193,0.194,0.195,0.196,0.197,0.198,0.199,0.2,0.201,0.202,0.203,0.204,0.205,0.206,0.207,0.208,0.209,0.21,0.211,0.212,0.213,0.214,0.215,0.216,0.217,0.218,0.219,0.22,0.221,0.222,0.223,0.224,0.225,0.226,0.227,0.228,0.229,0.23,0.231,0.232,0.233,0.234,0.235,0.236,0.237,0.238,0.239,0.24,0.241,0.242,0.243,0.244,0.245,0.246,0.247,0.248,0.249,0.25,0.251,0.252,0.253,0.254,0.255,0.256,0.257,0.258,0.259,0.26,0.261,0.262,0.263,0.264,0.265,0.266,0.267,0.268,0.269,0.27,0.271,0.272,0.273,0.274,0.275,0.276,0.277,0.278,0.279,0.28,0.281,0.282,0.283,0.284,0.285,0.286,0.287,0.288,0.289,0.29,0.291,0.292,0.293,0.294,0.295,0.296,0.297,0.298,0.299,0.3,0.301,0.302,0.303,0.304,0.305,0.306,0.307,0.308,0.309,0.31,0.311,0.312,0.313,0.314,0.315,0.316,0.317,0.318,0.319,0.32,0.321,0.322,0.323,0.324,0.325,0.326,0.327,0.328,0.329,0.33,0.331,0.332,0.333,0.334,0.335,0.336,0.337,0.338,0.339,0.34,0.341,0.342,0.343,0.344,0.345,0.346,0.347,0.348,0.349,0.35,0.351,0.352,0.353,0.354,0.355,0.356,0.357,0.358,0.359,0.36,0.361,0.362,0.363,0.364,0.365,0.366,0.367,0.368,0.369,0.37,0.371,0.372,0.373,0.374,0.375,0.376,0.377,0.378,0.379,0.38,0.381,0.382,0.383,0.384,0.385,0.386,0.387,0.388,0.389,0.39,0.391,0.392,0.393,0.394,0.395,0.396,0.397,0.398,0.399,0.4,0.401,0.402,0.403,0.404,0.405,0.406,0.407,0.408,0.409,0.41,0.411,0.412,0.413,0.414,0.415,0.416,0.417,0.418,0.419,0.42,0.421,0.422,0.423,0.424,0.425,0.426,0.427,0.428,0.429,0.43,0.431,0.432,0.433,0.434,0.435,0.436,0.437,0.438,0.439,0.44,0.441,0.442,0.443,0.444,0.445,0.446,0.447,0.448,0.449,0.45,0.451,0.452,0.453,0.454,0.455,0.456,0.457,0.458,0.459,0.46,0.461,0.462,0.463,0.464,0.465,0.466,0.467,0.468,0.469,0.47,0.471,0.472,0.473,0.474,0.475,0.476,0.477,0.478,0.479,0.48,0.481,0.482,0.483,0.484,0.485,0.486,0.487,0.488,0.489,0.49,0.491,0.492,0.493,0.494,0.495,0.496,0.497,0.498,0.499,0.5,0.501,0.502,0.503,0.504,0.505,0.506,0.507,0.508,0.509,0.51,0.511,0.512,0.513,0.514,0.515,0.516,0.517,0.518,0.519,0.52,0.521,0.522,0.523,0.524,0.525,0.526,0.527,0.528,0.529,0.53,0.531,0.532,0.533,0.534,0.535,0.536,0.537,0.538,0.539,0.54,0.541,0.542,0.543,0.544,0.545,0.546,0.547,0.548,0.549,0.55,0.551,0.552,0.553,0.554,0.555,0.556,0.557,0.558,0.559,0.56,0.561,0.562,0.563,0.564,0.565,0.566,0.567,0.568,0.569,0.57,0.571,0.572,0.573,0.574,0.575,0.576,0.577,0.578,0.579,0.58,0.581,0.582,0.583,0.584,0.585,0.586,0.587,0.588,0.589,0.59,0.591,0.592,0.593,0.594,0.595,0.596,0.597,0.598,0.599,0.6,0.601,0.602,0.603,0.604,0.605,0.606,0.607,0.608,0.609,0.61,0.611,0.612,0.613,0.614,0.615,0.616,0.617,0.618,0.619,0.62,0.621,0.622,0.623,0.624,0.625,0.626,0.627,0.628,0.629,0.63,0.631,0.632,0.633,0.634,0.635,0.636,0.637,0.638,0.639,0.64,0.641,0.642,0.643,0.644,0.645,0.646,0.647,0.648,0.649,0.65,0.651,0.652,0.653,0.654,0.655,0.656,0.657,0.658,0.659,0.66,0.661,0.662,0.663,0.664,0.665,0.666,0.667,0.668,0.669,0.67,0.671,0.672,0.673,0.674,0.675,0.676,0.677,0.678,0.679,0.68,0.681,0.682,0.683,0.684,0.685,0.686,0.687,0.688,0.689,0.69,0.691,0.692,0.693,0.694,0.695,0.696,0.697,0.698,0.699,0.7,0.701,0.702,0.703,0.704,0.705,0.706,0.707,0.708,0.709,0.71,0.711,0.712,0.713,0.714,0.715,0.716,0.717,0.718,0.719,0.72,0.721,0.722,0.723,0.724,0.725,0.726,0.727,0.728,0.729,0.73,0.731,0.732,0.733,0.734,0.735,0.736,0.737,0.738,0.739,0.74,0.741,0.742,0.743,0.744,0.745,0.746,0.747,0.748,0.749,0.75,0.751,0.752,0.753,0.754,0.755,0.756,0.757,0.758,0.759,0.76,0.761,0.762,0.763,0.764,0.765,0.766,0.767,0.768,0.769,0.77,0.771,0.772,0.773,0.774,0.775,0.776,0.777,0.778,0.779,0.78,0.781,0.782,0.783,0.784,0.785,0.786,0.787,0.788,0.789,0.79,0.791,0.792,0.793,0.794,0.795,0.796,0.797,0.798,0.799,0.8,0.801,0.802,0.803,0.804,0.805,0.806,0.807,0.808,0.809,0.81,0.811,0.812,0.813,0.814,0.815,0.816,0.817,0.818,0.819,0.82,0.821,0.822,0.823,0.824,0.825,0.826,0.827,0.828,0.829,0.83,0.831,0.832,0.833,0.834,0.835,0.836,0.837,0.838,0.839,0.84,0.841,0.842,0.843,0.844,0.845,0.846,0.847,0.848,0.849,0.85,0.851,0.852,0.853,0.854,0.855,0.856,0.857,0.858,0.859,0.86,0.861,0.862,0.863,0.864,0.865,0.866,0.867,0.868,0.869,0.87,0.871,0.872,0.873,0.874,0.875,0.876,0.877,0.878,0.879,0.88,0.881,0.882,0.883,0.884,0.885,0.886,0.887,0.888,0.889,0.89,0.891,0.892,0.893,0.894,0.895,0.896,0.897,0.898,0.899,0.9,0.901,0.902,0.903,0.904,0.905,0.906,0.907,0.908,0.909,0.91,0.911,0.912,0.913,0.914,0.915,0.916,0.917,0.918,0.919,0.92,0.921,0.922,0.923,0.924,0.925,0.926,0.927,0.928,0.929,0.93,0.931,0.932,0.933,0.934,0.935,0.936,0.937,0.938,0.939,0.94,0.941,0.942,0.943,0.944,0.945,0.946,0.947,0.948,0.949,0.95,0.951,0.952,0.953,0.954,0.955,0.956,0.957,0.958,0.959,0.96,0.961,0.962,0.963,0.964,0.965,0.966,0.967,0.968,0.969,0.97,0.971,0.972,0.973,0.974,0.975,0.976,0.977,0.978,0.979,0.98,0.981,0.982,0.983,0.984,0.985,0.986,0.987,0.988,0.989,0.99,0.991,0.992,0.993,0.994,0.995,0.996,0.997,0.998,0.999,1.0,1.001,1.002,1.003,1.004,1.005,1.006,1.007,1.008,1.009,1.01,1.011,1.012,1.013,1.014,1.015,1.016,1.017,1.018,1.019,1.02,1.021,1.022,1.023,1.024,1.025,1.026,1.027,1.028,1.029,1.03,1.031,1.032,1.033,1.034,1.035,1.036,1.037,1.038,1.039,1.04,1.041,1.042,1.043,1.044,1.045,1.046,1.047,1.048,1.049,1.05,1.051,1.052,1.053,1.054,1.055,1.056,1.057,1.058,1.059,1.06,1.061,1.062,1.063,1.064,1.065,1.066,1.067,1.068,1.069,1.07,1.071,1.072,1.073,1.074,1.075,1.076,1.077,1.078,1.079,1.08,1.081,1.082,1.083,1.084,1.085,1.086,1.087,1.088,1.089,1.09,1.091,1.092,1.093,1.094,1.095,1.096,1.097,1.098,1.099,1.1,1.101,1.102,1.103,1.104,1.105,1.106,1.107,1.108,1.109,1.11,1.111,1.112,1.113,1.114,1.115,1.116,1.117,1.118,1.119,1.12,1.121,1.122,1.123,1.124,1.125,1.126,1.127,1.128,1.129,1.13,1.131,1.132,1.133,1.134,1.135,1.136,1.137,1.138,1.139,1.14,1.141,1.142,1.143,1.144,1.145,1.146,1.147,1.148,1.149,1.15,1.151,1.152,1.153,1.154,1.155,1.156,1.157,1.158,1.159,1.16,1.161,1.162,1.163,1.164,1.165,1.166,1.167,1.168,1.169,1.17,1.171,1.172,1.173,1.174,1.175,1.176,1.177,1.178,1.179,1.18,1.181,1.182,1.183,1.184,1.185,1.186,1.187,1.188,1.189,1.19,1.191,1.192,1.193,1.194,1.195,1.196,1.197,1.198,1.199,1.2,1.201,1.202,1.203,1.204,1.205,1.206,1.207,1.208,1.209,1.21,1.211,1.212,1.213,1.214,1.215,1.216,1.217,1.218,1.219,1.22,1.221,1.222,1.223,1.224,1.225,1.226,1.227,1.228,1.229,1.23,1.231,1.232,1.233,1.234,1.235,1.236,1.237,1.238,1.239,1.24,1.241,1.242,1.243,1.244,1.245,1.246,1.247,1.248,1.249,1.25,1.251,1.252,1.253,1.254,1.255,1.256,1.257,1.258,1.259,1.26,1.261,1.262,1.263,1.264,1.265,1.266,1.267,1.268,1.269,1.27,1.271,1.272,1.273,1.274,1.275,1.276,1.277,1.278,1.279,1.28,1.281,1.282,1.283,1.284,1.285,1.286,1.287,1.288,1.289,1.29,1.291,1.292,1.293,1.294,1.295,1.296,1.297,1.298,1.299,1.3,1.301,1.302,1.303,1.304,1.305,1.306,1.307,1.308,1.309,1.31,1.311,1.312,1.313,1.314,1.315,1.316,1.317,1.318,1.319,1.32,1.321,1.322,1.323,1.324,1.325,1.326,1.327,1.328,1.329,1.33,1.331,1.332,1.333,1.334,1.335,1.336,1.337,1.338,1.339,1.34,1.341,1.342,1.343,1.344,1.345,1.346,1.347,1.348,1.349,1.35,1.351,1.352,1.353,1.354,1.355,1.356,1.357,1.358,1.359,1.36,1.361,1.362,1.363,1.364,1.365,1.366,1.367,1.368,1.369,1.37,1.371,1.372,1.373,1.374,1.375,1.376,1.377,1.378,1.379,1.38,1.381,1.382,1.383,1.384,1.385,1.386,1.387,1.388,1.389,1.39,1.391,1.392,1.393,1.394,1.395,1.396,1.397,1.398,1.399,1.4,1.401,1.402,1.403,1.404,1.405,1.406,1.407,1.408,1.409,1.41,1.411,1.412,1.413,1.414,1.415,1.416,1.417,1.418,1.419,1.42,1.421,1.422,1.423,1.424,1.425,1.426,1.427,1.428,1.429,1.43,1.431,1.432,1.433,1.434,1.435,1.436,1.437,1.438,1.439,1.44,1.441,1.442,1.443,1.444,1.445,1.446,1.447,1.448,1.449,1.45,1.451,1.452,1.453,1.454,1.455,1.456,1.457,1.458,1.459,1.46,1.461,1.462,1.463,1.464,1.465,1.466,1.467,1.468,1.469,1.47,1.471,1.472,1.473,1.474,1.475,1.476,1.477,1.478,1.479,1.48,1.481,1.482,1.483,1.484,1.485,1.486,1.487,1.488,1.489,1.49,1.491,1.492,1.493,1.494,1.495,1.496,1.497,1.498,1.499,1.5,1.501,1.502,1.503,1.504,1.505,1.506,1.507,1.508,1.509,1.51,1.511,1.512,1.513,1.514,1.515,1.516,1.517,1.518,1.519,1.52,1.521,1.522,1.523,1.524,1.525,1.526,1.527,1.528,1.529,1.53,1.531,1.532,1.533,1.534,1.535,1.536,1.537,1.538,1.539,1.54,1.541,1.542,1.543,1.544,1.545,1.546,1.547,1.548,1.549,1.55,1.551,1.552,1.553,1.554,1.555,1.556,1.557,1.558,1.559,1.56,1.561,1.562,1.563,1.564,1.565,1.566,1.567,1.568,1.569,1.57,1.571,1.572,1.573,1.574,1.575,1.576,1.577,1.578,1.579,1.58,1.581,1.582,1.583,1.584,1.585,1.586,1.587,1.588,1.589,1.59,1.591,1.592,1.593,1.594,1.595,1.596,1.597,1.598,1.599,1.6,1.601,1.602,1.603,1.604,1.605,1.606,1.607,1.608,1.609,1.61,1.611,1.612,1.613,1.614,1.615,1.616,1.617,1.618,1.619,1.62,1.621,1.622,1.623,1.624,1.625,1.626,1.627,1.628,1.629,1.63,1.631,1.632,1.633,1.634,1.635,1.636,1.637,1.638,1.639,1.64,1.641,1.642,1.643,1.644,1.645,1.646,1.647,1.648,1.649,1.65,1.651,1.652,1.653,1.654,1.655,1.656,1.657,1.658,1.659,1.66,1.661,1.662,1.663,1.664,1.665,1.666,1.667,1.668,1.669,1.67,1.671,1.672,1.673,1.674,1.675,1.676,1.677,1.678,1.679,1.68,1.681,1.682,1.683,1.684,1.685,1.686,1.687,1.688,1.689,1.69,1.691,1.692,1.693,1.694,1.695,1.696,1.697,1.698,1.699,1.7,1.701,1.702,1.703,1.704,1.705,1.706,1.707,1.708,1.709,1.71,1.711,1.712,1.713,1.714,1.715,1.716,1.717,1.718,1.719,1.72,1.721,1.722,1.723,1.724,1.725,1.726,1.727,1.728,1.729,1.73,1.731,1.732,1.733,1.734,1.735,1.736,1.737,1.738,1.739,1.74,1.741,1.742,1.743,1.744,1.745,1.746,1.747,1.748,1.749,1.75,1.751,1.752,1.753,1.754,1.755,1.756,1.757,1.758,1.759,1.76,1.761,1.762,1.763,1.764,1.765,1.766,1.767,1.768,1.769,1.77,1.771,1.772,1.773,1.774,1.775,1.776,1.777,1.778,1.779,1.78,1.781,1.782,1.783,1.784,1.785,1.786,1.787,1.788,1.789,1.79,1.791,1.792,1.793,1.794,1.795,1.796,1.797,1.798,1.799,1.8,1.801,1.802,1.803,1.804,1.805,1.806,1.807,1.808,1.809,1.81,1.811,1.812,1.813,1.814,1.815,1.816,1.817,1.818,1.819,1.82,1.821,1.822,1.823,1.824,1.825,1.826,1.827,1.828,1.829,1.83,1.831,1.832,1.833,1.834,1.835,1.836,1.837,1.838,1.839,1.84,1.841,1.842,1.843,1.844,1.845,1.846,1.847,1.848,1.849,1.85,1.851,1.852,1.853,1.854,1.855,1.856,1.857,1.858,1.859,1.86,1.861,1.862,1.863,1.864,1.865,1.866,1.867,1.868,1.869,1.87,1.871,1.872,1.873,1.874,1.875,1.876,1.877,1.878,1.879,1.88,1.881,1.882,1.883,1.884,1.885,1.886,1.887,1.888,1.889,1.89,1.891,1.892,1.893,1.894,1.895,1.896,1.897,1.898,1.899,1.9,1.901,1.902,1.903,1.904,1.905,1.906,1.907,1.908,1.909,1.91,1.911,1.912,1.913,1.914,1.915,1.916,1.917,1.918,1.919,1.92,1.921,1.922,1.923,1.924,1.925,1.926,1.927,1.928,1.929,1.93,1.931,1.932,1.933,1.934,1.935,1.936,1.937,1.938,1.939,1.94,1.941,1.942,1.943,1.944,1.945,1.946,1.947,1.948,1.949,1.95,1.951,1.952,1.953,1.954,1.955,1.956,1.957,1.958,1.959,1.96,1.961,1.962,1.963,1.964,1.965,1.966,1.967,1.968,1.969,1.97,1.971,1.972,1.973,1.974,1.975,1.976,1.977,1.978,1.979,1.98,1.981,1.982,1.983,1.984,1.985,1.986,1.987,1.988,1.989,1.99,1.991,1.992,1.993,1.994,1.995,1.996,1.997,1.998,1.999,2.0,2.001,2.002,2.003,2.004,2.005,2.006,2.007,2.008,2.009,2.01,2.011,2.012,2.013,2.014,2.015,2.016,2.017,2.018,2.019,2.02,2.021,2.022,2.023,2.024,2.025,2.026,2.027,2.028,2.029,2.03,2.031,2.032,2.033,2.034,2.035,2.036,2.037,2.038,2.039,2.04,2.041,2.042,2.043,2.044,2.045,2.046,2.047,2.048,2.049,2.05,2.051,2.052,2.053,2.054,2.055,2.056,2.057,2.058,2.059,2.06,2.061,2.062,2.063,2.064,2.065,2.066,2.067,2.068,2.069,2.07,2.071,2.072,2.073,2.074,2.075,2.076,2.077,2.078,2.079,2.08,2.081,2.082,2.083,2.084,2.085,2.086,2.087,2.088,2.089,2.09,2.091,2.092,2.093,2.094,2.095,2.096,2.097,2.098,2.099,2.1,2.101,2.102,2.103,2.104,2.105,2.106,2.107,2.108,2.109,2.11,2.111,2.112,2.113,2.114,2.115,2.116,2.117,2.118,2.119,2.12,2.121,2.122,2.123,2.124,2.125,2.126,2.127,2.128,2.129,2.13,2.131,2.132,2.133,2.134,2.135,2.136,2.137,2.138,2.139,2.14,2.141,2.142,2.143,2.144,2.145,2.146,2.147,2.148,2.149,2.15,2.151,2.152,2.153,2.154,2.155,2.156,2.157,2.158,2.159,2.16,2.161,2.162,2.163,2.164,2.165,2.166,2.167,2.168,2.169,2.17,2.171,2.172,2.173,2.174,2.175,2.176,2.177,2.178,2.179,2.18,2.181,2.182,2.183,2.184,2.185,2.186,2.187,2.188,2.189,2.19,2.191,2.192,2.193,2.194,2.195,2.196,2.197,2.198,2.199,2.2,2.201,2.202,2.203,2.204,2.205,2.206,2.207,2.208,2.209,2.21,2.211,2.212,2.213,2.214,2.215,2.216,2.217,2.218,2.219,2.22,2.221,2.222,2.223,2.224,2.225,2.226,2.227,2.228,2.229,2.23,2.231,2.232,2.233,2.234,2.235,2.236,2.237,2.238,2.239,2.24,2.241,2.242,2.243,2.244,2.245,2.246,2.247,2.248,2.249,2.25,2.251,2.252,2.253,2.254,2.255,2.256,2.257,2.258,2.259,2.26,2.261,2.262,2.263,2.264,2.265,2.266,2.267,2.268,2.269,2.27,2.271,2.272,2.273,2.274,2.275,2.276,2.277,2.278,2.279,2.28,2.281,2.282,2.283,2.284,2.285,2.286,2.287,2.288,2.289,2.29,2.291,2.292,2.293,2.294,2.295,2.296,2.297,2.298,2.299,2.3,2.301,2.302,2.303,2.304,2.305,2.306,2.307,2.308,2.309,2.31,2.311,2.312,2.313,2.314,2.315,2.316,2.317,2.318,2.319,2.32,2.321,2.322,2.323,2.324,2.325,2.326,2.327,2.328,2.329,2.33,2.331,2.332,2.333,2.334,2.335,2.336,2.337,2.338,2.339,2.34,2.341,2.342,2.343,2.344,2.345,2.346,2.347,2.348,2.349,2.35,2.351,2.352,2.353,2.354,2.355,2.356,2.357,2.358,2.359,2.36,2.361,2.362,2.363,2.364,2.365,2.366,2.367,2.368,2.369,2.37,2.371,2.372,2.373,2.374,2.375,2.376,2.377,2.378,2.379,2.38,2.381,2.382,2.383,2.384,2.385,2.386,2.387,2.388,2.389,2.39,2.391,2.392,2.393,2.394,2.395,2.396,2.397,2.398,2.399,2.4,2.401,2.402,2.403,2.404,2.405,2.406,2.407,2.408,2.409,2.41,2.411,2.412,2.413,2.414,2.415,2.416,2.417,2.418,2.419,2.42,2.421,2.422,2.423,2.424,2.425,2.426,2.427,2.428,2.429,2.43,2.431,2.432,2.433,2.434,2.435,2.436,2.437,2.438,2.439,2.44,2.441,2.442,2.443,2.444,2.445,2.446,2.447,2.448,2.449,2.45,2.451,2.452,2.453,2.454,2.455,2.456,2.457,2.458,2.459,2.46,2.461,2.462,2.463,2.464,2.465,2.466,2.467,2.468,2.469,2.47,2.471,2.472,2.473,2.474,2.475,2.476,2.477,2.478,2.479,2.48,2.481,2.482,2.483,2.484,2.485,2.486,2.487,2.488,2.489,2.49,2.491,2.492,2.493,2.494,2.495,2.496,2.497,2.498,2.499,2.5,2.501,2.502,2.503,2.504,2.505,2.506,2.507,2.508,2.509,2.51,2.511,2.512,2.513,2.514,2.515,2.516,2.517,2.518,2.519,2.52,2.521,2.522,2.523,2.524,2.525,2.526,2.527,2.528,2.529,2.53,2.531,2.532,2.533,2.534,2.535,2.536,2.537,2.538,2.539,2.54,2.541,2.542,2.543,2.544,2.545,2.546,2.547,2.548,2.549,2.55,2.551,2.552,2.553,2.554,2.555,2.556,2.557,2.558,2.559,2.56,2.561,2.562,2.563,2.564,2.565,2.566,2.567,2.568,2.569,2.57,2.571,2.572,2.573,2.574,2.575,2.576,2.577,2.578,2.579,2.58,2.581,2.582,2.583,2.584,2.585,2.586,2.587,2.588,2.589,2.59,2.591,2.592,2.593,2.594,2.595,2.596,2.597,2.598,2.599,2.6,2.601,2.602,2.603,2.604,2.605,2.606,2.607,2.608,2.609,2.61,2.611,2.612,2.613,2.614,2.615,2.616,2.617,2.618,2.619,2.62,2.621,2.622,2.623,2.624,2.625,2.626,2.627,2.628,2.629,2.63,2.631,2.632,2.633,2.634,2.635,2.636,2.637,2.638,2.639,2.64,2.641,2.642,2.643,2.644,2.645,2.646,2.647,2.648,2.649,2.65,2.651,2.652,2.653,2.654,2.655,2.656,2.657,2.658,2.659,2.66,2.661,2.662,2.663,2.664,2.665,2.666,2.667,2.668,2.669,2.67,2.671,2.672,2.673,2.674,2.675,2.676,2.677,2.678,2.679,2.68,2.681,2.682,2.683,2.684,2.685,2.686,2.687,2.688,2.689,2.69,2.691,2.692,2.693,2.694,2.695,2.696,2.697,2.698,2.699,2.7,2.701,2.702,2.703,2.704,2.705,2.706,2.707,2.708,2.709,2.71,2.711,2.712,2.713,2.714,2.715,2.716,2.717,2.718,2.719,2.72,2.721,2.722,2.723,2.724,2.725,2.726,2.727,2.728,2.729,2.73,2.731,2.732,2.733,2.734,2.735,2.736,2.737,2.738,2.739,2.74,2.741,2.742,2.743,2.744,2.745,2.746,2.747,2.748,2.749,2.75,2.751,2.752,2.753,2.754,2.755,2.756,2.757,2.758,2.759,2.76,2.761,2.762,2.763,2.764,2.765,2.766,2.767,2.768,2.769,2.77,2.771,2.772,2.773,2.774,2.775,2.776,2.777,2.778,2.779,2.78,2.781,2.782,2.783,2.784,2.785,2.786,2.787,2.788,2.789,2.79,2.791,2.792,2.793,2.794,2.795,2.796,2.797,2.798,2.799,2.8,2.801,2.802,2.803,2.804,2.805,2.806,2.807,2.808,2.809,2.81,2.811,2.812,2.813,2.814,2.815,2.816,2.817,2.818,2.819,2.82,2.821,2.822,2.823,2.824,2.825,2.826,2.827,2.828,2.829,2.83,2.831,2.832,2.833,2.834,2.835,2.836,2.837,2.838,2.839,2.84,2.841,2.842,2.843,2.844,2.845,2.846,2.847,2.848,2.849,2.85,2.851,2.852,2.853,2.854,2.855,2.856,2.857,2.858,2.859,2.86,2.861,2.862,2.863,2.864,2.865,2.866,2.867,2.868,2.869,2.87,2.871,2.872,2.873,2.874,2.875,2.876,2.877,2.878,2.879,2.88,2.881,2.882,2.883,2.884,2.885,2.886,2.887,2.888,2.889,2.89,2.891,2.892,2.893,2.894,2.895,2.896,2.897,2.898,2.899,2.9,2.901,2.902,2.903,2.904,2.905,2.906,2.907,2.908,2.909,2.91,2.911,2.912,2.913,2.914,2.915,2.916,2.917,2.918,2.919,2.92,2.921,2.922,2.923,2.924,2.925,2.926,2.927,2.928,2.929,2.93,2.931,2.932,2.933,2.934,2.935,2.936,2.937,2.938,2.939,2.94,2.941,2.942,2.943,2.944,2.945,2.946,2.947,2.948,2.949,2.95,2.951,2.952,2.953,2.954,2.955,2.956,2.957,2.958,2.959,2.96,2.961,2.962,2.963,2.964,2.965,2.966,2.967,2.968,2.969,2.97,2.971,2.972,2.973,2.974,2.975,2.976,2.977,2.978,2.979,2.98,2.981,2.982,2.983,2.984,2.985,2.986,2.987,2.988,2.989,2.99,2.991,2.992,2.993,2.994,2.995,2.996,2.997,2.998,2.999,3.0,3.001,3.002,3.003,3.004,3.005,3.006,3.007,3.008,3.009,3.01,3.011,3.012,3.013,3.014,3.015,3.016,3.017,3.018,3.019,3.02,3.021,3.022,3.023,3.024,3.025,3.026,3.027,3.028,3.029,3.03,3.031,3.032,3.033,3.034,3.035,3.036,3.037,3.038,3.039,3.04,3.041,3.042,3.043,3.044,3.045,3.046,3.047,3.048,3.049,3.05,3.051,3.052,3.053,3.054,3.055,3.056,3.057,3.058,3.059,3.06,3.061,3.062,3.063,3.064,3.065,3.066,3.067,3.068,3.069,3.07,3.071,3.072,3.073,3.074,3.075,3.076,3.077,3.078,3.079,3.08,3.081,3.082,3.083,3.084,3.085,3.086,3.087,3.088,3.089,3.09,3.091,3.092,3.093,3.094,3.095,3.096,3.097,3.098,3.099,3.1,3.101,3.102,3.103,3.104,3.105,3.106,3.107,3.108,3.109,3.11,3.111,3.112,3.113,3.114,3.115,3.116,3.117,3.118,3.119,3.12,3.121,3.122,3.123,3.124,3.125,3.126,3.127,3.128,3.129,3.13,3.131,3.132,3.133,3.134,3.135,3.136,3.137,3.138,3.139,3.14,3.141,3.142,3.143,3.144,3.145,3.146,3.147,3.148,3.149,3.15,3.151,3.152,3.153,3.154,3.155,3.156,3.157,3.158,3.159,3.16,3.161,3.162,3.163,3.164,3.165,3.166,3.167,3.168,3.169,3.17,3.171,3.172,3.173,3.174,3.175,3.176,3.177,3.178,3.179,3.18,3.181,3.182,3.183,3.184,3.185,3.186,3.187,3.188,3.189,3.19,3.191,3.192,3.193,3.194,3.195,3.196,3.197,3.198,3.199,3.2,3.201,3.202,3.203,3.204,3.205,3.206,3.207,3.208,3.209,3.21,3.211,3.212,3.213,3.214,3.215,3.216,3.217,3.218,3.219,3.22,3.221,3.222,3.223,3.224,3.225,3.226,3.227,3.228,3.229,3.23,3.231,3.232,3.233,3.234,3.235,3.236,3.237,3.238,3.239,3.24,3.241,3.242,3.243,3.244,3.245,3.246,3.247,3.248,3.249,3.25,3.251,3.252,3.253,3.254,3.255,3.256,3.257,3.258,3.259,3.26,3.261,3.262,3.263,3.264,3.265,3.266,3.267,3.268,3.269,3.27,3.271,3.272,3.273,3.274,3.275,3.276,3.277,3.278,3.279,3.28,3.281,3.282,3.283,3.284,3.285,3.286,3.287,3.288,3.289,3.29,3.291,3.292,3.293,3.294,3.295,3.296,3.297,3.298,3.299,3.3,3.301,3.302,3.303,3.304,3.305,3.306,3.307,3.308,3.309,3.31,3.311,3.312,3.313,3.314,3.315,3.316,3.317,3.318,3.319,3.32,3.321,3.322,3.323,3.324,3.325,3.326,3.327,3.328,3.329,3.33,3.331,3.332,3.333,3.334,3.335,3.336,3.337,3.338,3.339,3.34,3.341,3.342,3.343,3.344,3.345,3.346,3.347,3.348,3.349,3.35,3.351,3.352,3.353,3.354,3.355,3.356,3.357,3.358,3.359,3.36,3.361,3.362,3.363,3.364,3.365,3.366,3.367,3.368,3.369,3.37,3.371,3.372,3.373,3.374,3.375,3.376,3.377,3.378,3.379,3.38,3.381,3.382,3.383,3.384,3.385,3.386,3.387,3.388,3.389,3.39,3.391,3.392,3.393,3.394,3.395,3.396,3.397,3.398,3.399,3.4,3.401,3.402,3.403,3.404,3.405,3.406,3.407,3.408,3.409,3.41,3.411,3.412,3.413,3.414,3.415,3.416,3.417,3.418,3.419,3.42,3.421,3.422,3.423,3.424,3.425,3.426,3.427,3.428,3.429,3.43,3.431,3.432,3.433,3.434,3.435,3.436,3.437,3.438,3.439,3.44,3.441,3.442,3.443,3.444,3.445,3.446,3.447,3.448,3.449,3.45,3.451,3.452,3.453,3.454,3.455,3.456,3.457,3.458,3.459,3.46,3.461,3.462,3.463,3.464,3.465,3.466,3.467,3.468,3.469,3.47,3.471,3.472,3.473,3.474,3.475,3.476,3.477,3.478,3.479,3.48,3.481,3.482,3.483,3.484,3.485,3.486,3.487,3.488,3.489,3.49,3.491,3.492,3.493,3.494,3.495,3.496,3.497,3.498,3.499,3.5,3.501,3.502,3.503,3.504,3.505,3.506,3.507,3.508,3.509,3.51,3.511,3.512,3.513,3.514,3.515,3.516,3.517,3.518,3.519,3.52,3.521,3.522,3.523,3.524,3.525,3.526,3.527,3.528,3.529,3.53,3.531,3.532,3.533,3.534,3.535,3.536,3.537,3.538,3.539,3.54,3.541,3.542,3.543,3.544,3.545,3.546,3.547,3.548,3.549,3.55,3.551,3.552,3.553,3.554,3.555,3.556,3.557,3.558,3.559,3.56,3.561,3.562,3.563,3.564,3.565,3.566,3.567,3.568,3.569,3.57,3.571,3.572,3.573,3.574,3.575,3.576,3.577,3.578,3.579,3.58,3.581,3.582,3.583,3.584,3.585,3.586,3.587,3.588,3.589,3.59,3.591,3.592,3.593,3.594,3.595,3.596,3.597,3.598,3.599,3.6,3.601,3.602,3.603,3.604,3.605,3.606,3.607,3.608,3.609,3.61,3.611,3.612,3.613,3.614,3.615,3.616,3.617,3.618,3.619,3.62,3.621,3.622,3.623,3.624,3.625,3.626,3.627,3.628,3.629,3.63,3.631,3.632,3.633,3.634,3.635,3.636,3.637,3.638,3.639,3.64,3.641,3.642,3.643,3.644,3.645,3.646,3.647,3.648,3.649,3.65,3.651,3.652,3.653,3.654,3.655,3.656,3.657,3.658,3.659,3.66,3.661,3.662,3.663,3.664,3.665,3.666,3.667,3.668,3.669,3.67,3.671,3.672,3.673,3.674,3.675,3.676,3.677,3.678,3.679,3.68,3.681,3.682,3.683,3.684,3.685,3.686,3.687,3.688,3.689,3.69,3.691,3.692,3.693,3.694,3.695,3.696,3.697,3.698,3.699,3.7,3.701,3.702,3.703,3.704,3.705,3.706,3.707,3.708,3.709,3.71,3.711,3.712,3.713,3.714,3.715,3.716,3.717,3.718,3.719,3.72,3.721,3.722,3.723,3.724,3.725,3.726,3.727,3.728,3.729,3.73,3.731,3.732,3.733,3.734,3.735,3.736,3.737,3.738,3.739,3.74,3.741,3.742,3.743,3.744,3.745,3.746,3.747,3.748,3.749,3.75,3.751,3.752,3.753,3.754,3.755,3.756,3.757,3.758,3.759,3.76,3.761,3.762,3.763,3.764,3.765,3.766,3.767,3.768,3.769,3.77,3.771,3.772,3.773,3.774,3.775,3.776,3.777,3.778,3.779,3.78,3.781,3.782,3.783,3.784,3.785,3.786,3.787,3.788,3.789,3.79,3.791,3.792,3.793,3.794,3.795,3.796,3.797,3.798,3.799,3.8,3.801,3.802,3.803,3.804,3.805,3.806,3.807,3.808,3.809,3.81,3.811,3.812,3.813,3.814,3.815,3.816,3.817,3.818,3.819,3.82,3.821,3.822,3.823,3.824,3.825,3.826,3.827,3.828,3.829,3.83,3.831,3.832,3.833,3.834,3.835,3.836,3.837,3.838,3.839,3.84,3.841,3.842,3.843,3.844,3.845,3.846,3.847,3.848,3.849,3.85,3.851,3.852,3.853,3.854,3.855,3.856,3.857,3.858,3.859,3.86,3.861,3.862,3.863,3.864,3.865,3.866,3.867,3.868,3.869,3.87,3.871,3.872,3.873,3.874,3.875,3.876,3.877,3.878,3.879,3.88,3.881,3.882,3.883,3.884,3.885,3.886,3.887,3.888,3.889,3.89,3.891,3.892,3.893,3.894,3.895,3.896,3.897,3.898,3.899,3.9,3.901,3.902,3.903,3.904,3.905,3.906,3.907,3.908,3.909,3.91,3.911,3.912,3.913,3.914,3.915,3.916,3.917,3.918,3.919,3.92,3.921,3.922,3.923,3.924,3.925,3.926,3.927,3.928,3.929,3.93,3.931,3.932,3.933,3.934,3.935,3.936,3.937,3.938,3.939,3.94,3.941,3.942,3.943,3.944,3.945,3.946,3.947,3.948,3.949,3.95,3.951,3.952,3.953,3.954,3.955,3.956,3.957,3.958,3.959,3.96,3.961,3.962,3.963,3.964,3.965,3.966,3.967,3.968,3.969,3.97,3.971,3.972,3.973,3.974,3.975,3.976,3.977,3.978,3.979,3.98,3.981,3.982,3.983,3.984,3.985,3.986,3.987,3.988,3.989,3.99,3.991,3.992,3.993,3.994,3.995,3.996,3.997,3.998,3.999,4.0,4.001,4.002,4.003,4.004,4.005,4.006,4.007,4.008,4.009,4.01,4.011,4.012,4.013,4.014,4.015,4.016,4.017,4.018,4.019,4.02,4.021,4.022,4.023,4.024,4.025,4.026,4.027,4.028,4.029,4.03,4.031,4.032,4.033,4.034,4.035,4.036,4.037,4.038,4.039,4.04,4.041,4.042,4.043,4.044,4.045,4.046,4.047,4.048,4.049,4.05,4.051,4.052,4.053,4.054,4.055,4.056,4.057,4.058,4.059,4.06,4.061,4.062,4.063,4.064,4.065,4.066,4.067,4.068,4.069,4.07,4.071,4.072,4.073,4.074,4.075,4.076,4.077,4.078,4.079,4.08,4.081,4.082,4.083,4.084,4.085,4.086,4.087,4.088,4.089,4.09,4.091,4.092,4.093,4.094,4.095,4.096,4.097,4.098,4.099,4.1,4.101,4.102,4.103,4.104,4.105,4.106,4.107,4.108,4.109,4.11,4.111,4.112,4.113,4.114,4.115,4.116,4.117,4.118,4.119,4.12,4.121,4.122,4.123,4.124,4.125,4.126,4.127,4.128,4.129,4.13,4.131,4.132,4.133,4.134,4.135,4.136,4.137,4.138,4.139,4.14,4.141,4.142,4.143,4.144,4.145,4.146,4.147,4.148,4.149,4.15,4.151,4.152,4.153,4.154,4.155,4.156,4.157,4.158,4.159,4.16,4.161,4.162,4.163,4.164,4.165,4.166,4.167,4.168,4.169,4.17,4.171,4.172,4.173,4.174,4.175,4.176,4.177,4.178,4.179,4.18,4.181,4.182,4.183,4.184,4.185,4.186,4.187,4.188,4.189,4.19,4.191,4.192,4.193,4.194,4.195,4.196,4.197,4.198,4.199,4.2,4.201,4.202,4.203,4.204,4.205,4.206,4.207,4.208,4.209,4.21,4.211,4.212,4.213,4.214,4.215,4.216,4.217,4.218,4.219,4.22,4.221,4.222,4.223,4.224,4.225,4.226,4.227,4.228,4.229,4.23,4.231,4.232,4.233,4.234,4.235,4.236,4.237,4.238,4.239,4.24,4.241,4.242,4.243,4.244,4.245,4.246,4.247,4.248,4.249,4.25,4.251,4.252,4.253,4.254,4.255,4.256,4.257,4.258,4.259,4.26,4.261,4.262,4.263,4.264,4.265,4.266,4.267,4.268,4.269,4.27,4.271,4.272,4.273,4.274,4.275,4.276,4.277,4.278,4.279,4.28,4.281,4.282,4.283,4.284,4.285,4.286,4.287,4.288,4.289,4.29,4.291,4.292,4.293,4.294,4.295,4.296,4.297,4.298,4.299,4.3,4.301,4.302,4.303,4.304,4.305,4.306,4.307,4.308,4.309,4.31,4.311,4.312,4.313,4.314,4.315,4.316,4.317,4.318,4.319,4.32,4.321,4.322,4.323,4.324,4.325,4.326,4.327,4.328,4.329,4.33,4.331,4.332,4.333,4.334,4.335,4.336,4.337,4.338,4.339,4.34,4.341,4.342,4.343,4.344,4.345,4.346,4.347,4.348,4.349,4.35,4.351,4.352,4.353,4.354,4.355,4.356,4.357,4.358,4.359,4.36,4.361,4.362,4.363,4.364,4.365,4.366,4.367,4.368,4.369,4.37,4.371,4.372,4.373,4.374,4.375,4.376,4.377,4.378,4.379,4.38,4.381,4.382,4.383,4.384,4.385,4.386,4.387,4.388,4.389,4.39,4.391,4.392,4.393,4.394,4.395,4.396,4.397,4.398,4.399,4.4,4.401,4.402,4.403,4.404,4.405,4.406,4.407,4.408,4.409,4.41,4.411,4.412,4.413,4.414,4.415,4.416,4.417,4.418,4.419,4.42,4.421,4.422,4.423,4.424,4.425,4.426,4.427,4.428,4.429,4.43,4.431,4.432,4.433,4.434,4.435,4.436,4.437,4.438,4.439,4.44,4.441,4.442,4.443,4.444,4.445,4.446,4.447,4.448,4.449,4.45,4.451,4.452,4.453,4.454,4.455,4.456,4.457,4.458,4.459,4.46,4.461,4.462,4.463,4.464,4.465,4.466,4.467,4.468,4.469,4.47,4.471,4.472,4.473,4.474,4.475,4.476,4.477,4.478,4.479,4.48,4.481,4.482,4.483,4.484,4.485,4.486,4.487,4.488,4.489,4.49,4.491,4.492,4.493,4.494,4.495,4.496,4.497,4.498,4.499,4.5,4.501,4.502,4.503,4.504,4.505,4.506,4.507,4.508,4.509,4.51,4.511,4.512,4.513,4.514,4.515,4.516,4.517,4.518,4.519,4.52,4.521,4.522,4.523,4.524,4.525,4.526,4.527,4.528,4.529,4.53,4.531,4.532,4.533,4.534,4.535,4.536,4.537,4.538,4.539,4.54,4.541,4.542,4.543,4.544,4.545,4.546,4.547,4.548,4.549,4.55,4.551,4.552,4.553,4.554,4.555,4.556,4.557,4.558,4.559,4.56,4.561,4.562,4.563,4.564,4.565,4.566,4.567,4.568,4.569,4.57,4.571,4.572,4.573,4.574,4.575,4.576,4.577,4.578,4.579,4.58,4.581,4.582,4.583,4.584,4.585,4.586,4.587,4.588,4.589,4.59,4.591,4.592,4.593,4.594,4.595,4.596,4.597,4.598,4.599,4.6,4.601,4.602,4.603,4.604,4.605,4.606,4.607,4.608,4.609,4.61,4.611,4.612,4.613,4.614,4.615,4.616,4.617,4.618,4.619,4.62,4.621,4.622,4.623,4.624,4.625,4.626,4.627,4.628,4.629,4.63,4.631,4.632,4.633,4.634,4.635,4.636,4.637,4.638,4.639,4.64,4.641,4.642,4.643,4.644,4.645,4.646,4.647,4.648,4.649,4.65,4.651,4.652,4.653,4.654,4.655,4.656,4.657,4.658,4.659,4.66,4.661,4.662,4.663,4.664,4.665,4.666,4.667,4.668,4.669,4.67,4.671,4.672,4.673,4.674,4.675,4.676,4.677,4.678,4.679,4.68,4.681,4.682,4.683,4.684,4.685,4.686,4.687,4.688,4.689,4.69,4.691,4.692,4.693,4.694,4.695,4.696,4.697,4.698,4.699,4.7,4.701,4.702,4.703,4.704,4.705,4.706,4.707,4.708,4.709,4.71,4.711,4.712,4.713,4.714,4.715,4.716,4.717,4.718,4.719,4.72,4.721,4.722,4.723,4.724,4.725,4.726,4.727,4.728,4.729,4.73,4.731,4.732,4.733,4.734,4.735,4.736,4.737,4.738,4.739,4.74,4.741,4.742,4.743,4.744,4.745,4.746,4.747,4.748,4.749,4.75,4.751,4.752,4.753,4.754,4.755,4.756,4.757,4.758,4.759,4.76,4.761,4.762,4.763,4.764,4.765,4.766,4.767,4.768,4.769,4.77,4.771,4.772,4.773,4.774,4.775,4.776,4.777,4.778,4.779,4.78,4.781,4.782,4.783,4.784,4.785,4.786,4.787,4.788,4.789,4.79,4.791,4.792,4.793,4.794,4.795,4.796,4.797,4.798,4.799,4.8,4.801,4.802,4.803,4.804,4.805,4.806,4.807,4.808,4.809,4.81,4.811,4.812,4.813,4.814,4.815,4.816,4.817,4.818,4.819,4.82,4.821,4.822,4.823,4.824,4.825,4.826,4.827,4.828,4.829,4.83,4.831,4.832,4.833,4.834,4.835,4.836,4.837,4.838,4.839,4.84,4.841,4.842,4.843,4.844,4.845,4.846,4.847,4.848,4.849,4.85,4.851,4.852,4.853,4.854,4.855,4.856,4.857,4.858,4.859,4.86,4.861,4.862,4.863,4.864,4.865,4.866,4.867,4.868,4.869,4.87,4.871,4.872,4.873,4.874,4.875,4.876,4.877,4.878,4.879,4.88,4.881,4.882,4.883,4.884,4.885,4.886,4.887,4.888,4.889,4.89,4.891,4.892,4.893,4.894,4.895,4.896,4.897,4.898,4.899,4.9,4.901,4.902,4.903,4.904,4.905,4.906,4.907,4.908,4.909,4.91,4.911,4.912,4.913,4.914,4.915,4.916,4.917,4.918,4.919,4.92,4.921,4.922,4.923,4.924,4.925,4.926,4.927,4.928,4.929,4.93,4.931,4.932,4.933,4.934,4.935,4.936,4.937,4.938,4.939,4.94,4.941,4.942,4.943,4.944,4.945,4.946,4.947,4.948,4.949,4.95,4.951,4.952,4.953,4.954,4.955,4.956,4.957,4.958,4.959,4.96,4.961,4.962,4.963,4.964,4.965,4.966,4.967,4.968,4.969,4.97,4.971,4.972,4.973,4.974,4.975,4.976,4.977,4.978,4.979,4.98,4.981,4.982,4.983,4.984,4.985,4.986,4.987,4.988,4.989,4.99,4.991,4.992,4.993,4.994,4.995,4.996,4.997,4.998,4.999,5.0,5.001,5.002,5.003,5.004,5.005,5.006,5.007,5.008,5.009,5.01,5.011,5.012,5.013,5.014,5.015,5.016,5.017,5.018,5.019,5.02,5.021,5.022,5.023,5.024,5.025,5.026,5.027,5.028,5.029,5.03,5.031,5.032,5.033,5.034,5.035,5.036,5.037,5.038,5.039,5.04,5.041,5.042,5.043,5.044,5.045,5.046,5.047,5.048,5.049,5.05,5.051,5.052,5.053,5.054,5.055,5.056,5.057,5.058,5.059,5.06,5.061,5.062,5.063,5.064,5.065,5.066,5.067,5.068,5.069,5.07,5.071,5.072,5.073,5.074,5.075,5.076,5.077,5.078,5.079,5.08,5.081,5.082,5.083,5.084,5.085,5.086,5.087,5.088,5.089,5.09,5.091,5.092,5.093,5.094,5.095,5.096,5.097,5.098,5.099,5.1,5.101,5.102,5.103,5.104,5.105,5.106,5.107,5.108,5.109,5.11,5.111,5.112,5.113,5.114,5.115,5.116,5.117,5.118,5.119,5.12,5.121,5.122,5.123,5.124,5.125,5.126,5.127,5.128,5.129,5.13,5.131,5.132,5.133,5.134,5.135,5.136,5.137,5.138,5.139,5.14,5.141,5.142,5.143,5.144,5.145,5.146,5.147,5.148,5.149,5.15,5.151,5.152,5.153,5.154,5.155,5.156,5.157,5.158,5.159,5.16,5.161,5.162,5.163,5.164,5.165,5.166,5.167,5.168,5.169,5.17,5.171,5.172,5.173,5.174,5.175,5.176,5.177,5.178,5.179,5.18,5.181,5.182,5.183,5.184,5.185,5.186,5.187,5.188,5.189,5.19,5.191,5.192,5.193,5.194,5.195,5.196,5.197,5.198,5.199,5.2,5.201,5.202,5.203,5.204,5.205,5.206,5.207,5.208,5.209,5.21,5.211,5.212,5.213,5.214,5.215,5.216,5.217,5.218,5.219,5.22,5.221,5.222,5.223,5.224,5.225,5.226,5.227,5.228,5.229,5.23,5.231,5.232,5.233,5.234,5.235,5.236,5.237,5.238,5.239,5.24,5.241,5.242,5.243,5.244,5.245,5.246,5.247,5.248,5.249,5.25,5.251,5.252,5.253,5.254,5.255,5.256,5.257,5.258,5.259,5.26,5.261,5.262,5.263,5.264,5.265,5.266,5.267,5.268,5.269,5.27,5.271,5.272,5.273,5.274,5.275,5.276,5.277,5.278,5.279,5.28,5.281,5.282,5.283,5.284,5.285,5.286,5.287,5.288,5.289,5.29,5.291,5.292,5.293,5.294,5.295,5.296,5.297,5.298,5.299,5.3,5.301,5.302,5.303,5.304,5.305,5.306,5.307,5.308,5.309,5.31,5.311,5.312,5.313,5.314,5.315,5.316,5.317,5.318,5.319,5.32,5.321,5.322,5.323,5.324,5.325,5.326,5.327,5.328,5.329,5.33,5.331,5.332,5.333,5.334,5.335,5.336,5.337,5.338,5.339,5.34,5.341,5.342,5.343,5.344,5.345,5.346,5.347,5.348,5.349,5.35,5.351,5.352,5.353,5.354,5.355,5.356,5.357,5.358,5.359,5.36,5.361,5.362,5.363,5.364,5.365,5.366,5.367,5.368,5.369,5.37,5.371,5.372,5.373,5.374,5.375,5.376,5.377,5.378,5.379,5.38,5.381,5.382,5.383,5.384,5.385,5.386,5.387,5.388,5.389,5.39,5.391,5.392,5.393,5.394,5.395,5.396,5.397,5.398,5.399,5.4,5.401,5.402,5.403,5.404,5.405,5.406,5.407,5.408,5.409,5.41,5.411,5.412,5.413,5.414,5.415,5.416,5.417,5.418,5.419,5.42,5.421,5.422,5.423,5.424,5.425,5.426,5.427,5.428,5.429,5.43,5.431,5.432,5.433,5.434,5.435,5.436,5.437,5.438,5.439,5.44,5.441,5.442,5.443,5.444,5.445,5.446,5.447,5.448,5.449,5.45,5.451,5.452,5.453,5.454,5.455,5.456,5.457,5.458,5.459,5.46,5.461,5.462,5.463,5.464,5.465,5.466,5.467,5.468,5.469,5.47,5.471,5.472,5.473,5.474,5.475,5.476,5.477,5.478,5.479,5.48,5.481,5.482,5.483,5.484,5.485,5.486,5.487,5.488,5.489,5.49,5.491,5.492,5.493,5.494,5.495,5.496,5.497,5.498,5.499,5.5,5.501,5.502,5.503,5.504,5.505,5.506,5.507,5.508,5.509,5.51,5.511,5.512,5.513,5.514,5.515,5.516,5.517,5.518,5.519,5.52,5.521,5.522,5.523,5.524,5.525,5.526,5.527,5.528,5.529,5.53,5.531,5.532,5.533,5.534,5.535,5.536,5.537,5.538,5.539,5.54,5.541,5.542,5.543,5.544,5.545,5.546,5.547,5.548,5.549,5.55,5.551,5.552,5.553,5.554,5.555,5.556,5.557,5.558,5.559,5.56,5.561,5.562,5.563,5.564,5.565,5.566,5.567,5.568,5.569,5.57,5.571,5.572,5.573,5.574,5.575,5.576,5.577,5.578,5.579,5.58,5.581,5.582,5.583,5.584,5.585,5.586,5.587,5.588,5.589,5.59,5.591,5.592,5.593,5.594,5.595,5.596,5.597,5.598,5.599,5.6,5.601,5.602,5.603,5.604,5.605,5.606,5.607,5.608,5.609,5.61,5.611,5.612,5.613,5.614,5.615,5.616,5.617,5.618,5.619,5.62,5.621,5.622,5.623,5.624,5.625,5.626,5.627,5.628,5.629,5.63,5.631,5.632,5.633,5.634,5.635,5.636,5.637,5.638,5.639,5.64,5.641,5.642,5.643,5.644,5.645,5.646,5.647,5.648,5.649,5.65,5.651,5.652,5.653,5.654,5.655,5.656,5.657,5.658,5.659,5.66,5.661,5.662,5.663,5.664,5.665,5.666,5.667,5.668,5.669,5.67,5.671,5.672,5.673,5.674,5.675,5.676,5.677,5.678,5.679,5.68,5.681,5.682,5.683,5.684,5.685,5.686,5.687,5.688,5.689,5.69,5.691,5.692,5.693,5.694,5.695,5.696,5.697,5.698,5.699,5.7,5.701,5.702,5.703,5.704,5.705,5.706,5.707,5.708,5.709,5.71,5.711,5.712,5.713,5.714,5.715,5.716,5.717,5.718,5.719,5.72,5.721,5.722,5.723,5.724,5.725,5.726,5.727,5.728,5.729,5.73,5.731,5.732,5.733,5.734,5.735,5.736,5.737,5.738,5.739,5.74,5.741,5.742,5.743,5.744,5.745,5.746,5.747,5.748,5.749,5.75,5.751,5.752,5.753,5.754,5.755,5.756,5.757,5.758,5.759,5.76,5.761,5.762,5.763,5.764,5.765,5.766,5.767,5.768,5.769,5.77,5.771,5.772,5.773,5.774,5.775,5.776,5.777,5.778,5.779,5.78,5.781,5.782,5.783,5.784,5.785,5.786,5.787,5.788,5.789,5.79,5.791,5.792,5.793,5.794,5.795,5.796,5.797,5.798,5.799,5.8,5.801,5.802,5.803,5.804,5.805,5.806,5.807,5.808,5.809,5.81,5.811,5.812,5.813,5.814,5.815,5.816,5.817,5.818,5.819,5.82,5.821,5.822,5.823,5.824,5.825,5.826,5.827,5.828,5.829,5.83,5.831,5.832,5.833,5.834,5.835,5.836,5.837,5.838,5.839,5.84,5.841,5.842,5.843,5.844,5.845,5.846,5.847,5.848,5.849,5.85,5.851,5.852,5.853,5.854,5.855,5.856,5.857,5.858,5.859,5.86,5.861,5.862,5.863,5.864,5.865,5.866,5.867,5.868,5.869,5.87,5.871,5.872,5.873,5.874,5.875,5.876,5.877,5.878,5.879,5.88,5.881,5.882,5.883,5.884,5.885,5.886,5.887,5.888,5.889,5.89,5.891,5.892,5.893,5.894,5.895,5.896,5.897,5.898,5.899,5.9,5.901,5.902,5.903,5.904,5.905,5.906,5.907,5.908,5.909,5.91,5.911,5.912,5.913,5.914,5.915,5.916,5.917,5.918,5.919,5.92,5.921,5.922,5.923,5.924,5.925,5.926,5.927,5.928,5.929,5.93,5.931,5.932,5.933,5.934,5.935,5.936,5.937,5.938,5.939,5.94,5.941,5.942,5.943,5.944,5.945,5.946,5.947,5.948,5.949,5.95,5.951,5.952,5.953,5.954,5.955,5.956,5.957,5.958,5.959,5.96,5.961,5.962,5.963,5.964,5.965,5.966,5.967,5.968,5.969,5.97,5.971,5.972,5.973,5.974,5.975,5.976,5.977,5.978,5.979,5.98,5.981,5.982,5.983,5.984,5.985,5.986,5.987,5.988,5.989,5.99,5.991,5.992,5.993,5.994,5.995,5.996,5.997,5.998,5.999,6.0,6.001,6.002,6.003,6.004,6.005,6.006,6.007,6.008,6.009,6.01,6.011,6.012,6.013,6.014,6.015,6.016,6.017,6.018,6.019,6.02,6.021,6.022,6.023,6.024,6.025,6.026,6.027,6.028,6.029,6.03,6.031,6.032,6.033,6.034,6.035,6.036,6.037,6.038,6.039,6.04,6.041,6.042,6.043,6.044,6.045,6.046,6.047,6.048,6.049,6.05,6.051,6.052,6.053,6.054,6.055,6.056,6.057,6.058,6.059,6.06,6.061,6.062,6.063,6.064,6.065,6.066,6.067,6.068,6.069,6.07,6.071,6.072,6.073,6.074,6.075,6.076,6.077,6.078,6.079,6.08,6.081,6.082,6.083,6.084,6.085,6.086,6.087,6.088,6.089,6.09,6.091,6.092,6.093,6.094,6.095,6.096,6.097,6.098,6.099,6.1,6.101,6.102,6.103,6.104,6.105,6.106,6.107,6.108,6.109,6.11,6.111,6.112,6.113,6.114,6.115,6.116,6.117,6.118,6.119,6.12,6.121,6.122,6.123,6.124,6.125,6.126,6.127,6.128,6.129,6.13,6.131,6.132,6.133,6.134,6.135,6.136,6.137,6.138,6.139,6.14,6.141,6.142,6.143,6.144,6.145,6.146,6.147,6.148,6.149,6.15,6.151,6.152,6.153,6.154,6.155,6.156,6.157,6.158,6.159,6.16,6.161,6.162,6.163,6.164,6.165,6.166,6.167,6.168,6.169,6.17,6.171,6.172,6.173,6.174,6.175,6.176,6.177,6.178,6.179,6.18,6.181,6.182,6.183,6.184,6.185,6.186,6.187,6.188,6.189,6.19,6.191,6.192,6.193,6.194,6.195,6.196,6.197,6.198,6.199,6.2,6.201,6.202,6.203,6.204,6.205,6.206,6.207,6.208,6.209,6.21,6.211,6.212,6.213,6.214,6.215,6.216,6.217,6.218,6.219,6.22,6.221,6.222,6.223,6.224,6.225,6.226,6.227,6.228,6.229,6.23,6.231,6.232,6.233,6.234,6.235,6.236,6.237,6.238,6.239,6.24,6.241,6.242,6.243,6.244,6.245,6.246,6.247,6.248,6.249,6.25,6.251,6.252,6.253,6.254,6.255,6.256,6.257,6.258,6.259,6.26,6.261,6.262,6.263,6.264,6.265,6.266,6.267,6.268,6.269,6.27,6.271,6.272,6.273,6.274,6.275,6.276,6.277,6.278,6.279,6.28,6.281,6.282,6.283,6.284,6.285,6.286,6.287,6.288,6.289,6.29,6.291,6.292,6.293,6.294,6.295,6.296,6.297,6.298,6.299,6.3,6.301,6.302,6.303,6.304,6.305,6.306,6.307,6.308,6.309,6.31,6.311,6.312,6.313,6.314,6.315,6.316,6.317,6.318,6.319,6.32,6.321,6.322,6.323,6.324,6.325,6.326,6.327,6.328,6.329,6.33,6.331,6.332,6.333,6.334,6.335,6.336,6.337,6.338,6.339,6.34,6.341,6.342,6.343,6.344,6.345,6.346,6.347,6.348,6.349,6.35,6.351,6.352,6.353,6.354,6.355,6.356,6.357,6.358,6.359,6.36,6.361,6.362,6.363,6.364,6.365,6.366,6.367,6.368,6.369,6.37,6.371,6.372,6.373,6.374,6.375,6.376,6.377,6.378,6.379,6.38,6.381,6.382,6.383,6.384,6.385,6.386,6.387,6.388,6.389,6.39,6.391,6.392,6.393,6.394,6.395,6.396,6.397,6.398,6.399,6.4,6.401,6.402,6.403,6.404,6.405,6.406,6.407,6.408,6.409,6.41,6.411,6.412,6.413,6.414,6.415,6.416,6.417,6.418,6.419,6.42,6.421,6.422,6.423,6.424,6.425,6.426,6.427,6.428,6.429,6.43,6.431,6.432,6.433,6.434,6.435,6.436,6.437,6.438,6.439,6.44,6.441,6.442,6.443,6.444,6.445,6.446,6.447,6.448,6.449,6.45,6.451,6.452,6.453,6.454,6.455,6.456,6.457,6.458,6.459,6.46,6.461,6.462,6.463,6.464,6.465,6.466,6.467,6.468,6.469,6.47,6.471,6.472,6.473,6.474,6.475,6.476,6.477,6.478,6.479,6.48,6.481,6.482,6.483,6.484,6.485,6.486,6.487,6.488,6.489,6.49,6.491,6.492,6.493,6.494,6.495,6.496,6.497,6.498,6.499,6.5,6.501,6.502,6.503,6.504,6.505,6.506,6.507,6.508,6.509,6.51,6.511,6.512,6.513,6.514,6.515,6.516,6.517,6.518,6.519,6.52,6.521,6.522,6.523,6.524,6.525,6.526,6.527,6.528,6.529,6.53,6.531,6.532,6.533,6.534,6.535,6.536,6.537,6.538,6.539,6.54,6.541,6.542,6.543,6.544,6.545,6.546,6.547,6.548,6.549,6.55,6.551,6.552,6.553,6.554,6.555,6.556,6.557,6.558,6.559,6.56,6.561,6.562,6.563,6.564,6.565,6.566,6.567,6.568,6.569,6.57,6.571,6.572,6.573,6.574,6.575,6.576,6.577,6.578,6.579,6.58,6.581,6.582,6.583,6.584,6.585,6.586,6.587,6.588,6.589,6.59,6.591,6.592,6.593,6.594,6.595,6.596,6.597,6.598,6.599,6.6,6.601,6.602,6.603,6.604,6.605,6.606,6.607,6.608,6.609,6.61,6.611,6.612,6.613,6.614,6.615,6.616,6.617,6.618,6.619,6.62,6.621,6.622,6.623,6.624,6.625,6.626,6.627,6.628,6.629,6.63,6.631,6.632,6.633,6.634,6.635,6.636,6.637,6.638,6.639,6.64,6.641,6.642,6.643,6.644,6.645,6.646,6.647,6.648,6.649,6.65,6.651,6.652,6.653,6.654,6.655,6.656,6.657,6.658,6.659,6.66,6.661,6.662,6.663,6.664,6.665,6.666,6.667,6.668,6.669,6.67,6.671,6.672,6.673,6.674,6.675,6.676,6.677,6.678,6.679,6.68,6.681,6.682,6.683,6.684,6.685,6.686,6.687,6.688,6.689,6.69,6.691,6.692,6.693,6.694,6.695,6.696,6.697,6.698,6.699,6.7,6.701,6.702,6.703,6.704,6.705,6.706,6.707,6.708,6.709,6.71,6.711,6.712,6.713,6.714,6.715,6.716,6.717,6.718,6.719,6.72,6.721,6.722,6.723,6.724,6.725,6.726,6.727,6.728,6.729,6.73,6.731,6.732,6.733,6.734,6.735,6.736,6.737,6.738,6.739,6.74,6.741,6.742,6.743,6.744,6.745,6.746,6.747,6.748,6.749,6.75,6.751,6.752,6.753,6.754,6.755,6.756,6.757,6.758,6.759,6.76,6.761,6.762,6.763,6.764,6.765,6.766,6.767,6.768,6.769,6.77,6.771,6.772,6.773,6.774,6.775,6.776,6.777,6.778,6.779,6.78,6.781,6.782,6.783,6.784,6.785,6.786,6.787,6.788,6.789,6.79,6.791,6.792,6.793,6.794,6.795,6.796,6.797,6.798,6.799,6.8,6.801,6.802,6.803,6.804,6.805,6.806,6.807,6.808,6.809,6.81,6.811,6.812,6.813,6.814,6.815,6.816,6.817,6.818,6.819,6.82,6.821,6.822,6.823,6.824,6.825,6.826,6.827,6.828,6.829,6.83,6.831,6.832,6.833,6.834,6.835,6.836,6.837,6.838,6.839,6.84,6.841,6.842,6.843,6.844,6.845,6.846,6.847,6.848,6.849,6.85,6.851,6.852,6.853,6.854,6.855,6.856,6.857,6.858,6.859,6.86,6.861,6.862,6.863,6.864,6.865,6.866,6.867,6.868,6.869,6.87,6.871,6.872,6.873,6.874,6.875,6.876,6.877,6.878,6.879,6.88,6.881,6.882,6.883,6.884,6.885,6.886,6.887,6.888,6.889,6.89,6.891,6.892,6.893,6.894,6.895,6.896,6.897,6.898,6.899,6.9,6.901,6.902,6.903,6.904,6.905,6.906,6.907,6.908,6.909,6.91,6.911,6.912,6.913,6.914,6.915,6.916,6.917,6.918,6.919,6.92,6.921,6.922,6.923,6.924,6.925,6.926,6.927,6.928,6.929,6.93,6.931,6.932,6.933,6.934,6.935,6.936,6.937,6.938,6.939,6.94,6.941,6.942,6.943,6.944,6.945,6.946,6.947,6.948,6.949,6.95,6.951,6.952,6.953,6.954,6.955,6.956,6.957,6.958,6.959,6.96,6.961,6.962,6.963,6.964,6.965,6.966,6.967,6.968,6.969,6.97,6.971,6.972,6.973,6.974,6.975,6.976,6.977,6.978,6.979,6.98,6.981,6.982,6.983,6.984,6.985,6.986,6.987,6.988,6.989,6.99,6.991,6.992,6.993,6.994,6.995,6.996,6.997,6.998,6.999,7.0,7.001,7.002,7.003,7.004,7.005,7.006,7.007,7.008,7.009,7.01,7.011,7.012,7.013,7.014,7.015,7.016,7.017,7.018,7.019,7.02,7.021,7.022,7.023,7.024,7.025,7.026,7.027,7.028,7.029,7.03,7.031,7.032,7.033,7.034,7.035,7.036,7.037,7.038,7.039,7.04,7.041,7.042,7.043,7.044,7.045,7.046,7.047,7.048,7.049,7.05,7.051,7.052,7.053,7.054,7.055,7.056,7.057,7.058,7.059,7.06,7.061,7.062,7.063,7.064,7.065,7.066,7.067,7.068,7.069,7.07,7.071,7.072,7.073,7.074,7.075,7.076,7.077,7.078,7.079,7.08,7.081,7.082,7.083,7.084,7.085,7.086,7.087,7.088,7.089,7.09,7.091,7.092,7.093,7.094,7.095,7.096,7.097,7.098,7.099,7.1,7.101,7.102,7.103,7.104,7.105,7.106,7.107,7.108,7.109,7.11,7.111,7.112,7.113,7.114,7.115,7.116,7.117,7.118,7.119,7.12,7.121,7.122,7.123,7.124,7.125,7.126,7.127,7.128,7.129,7.13,7.131,7.132,7.133,7.134,7.135,7.136,7.137,7.138,7.139,7.14,7.141,7.142,7.143,7.144,7.145,7.146,7.147,7.148,7.149,7.15,7.151,7.152,7.153,7.154,7.155,7.156,7.157,7.158,7.159,7.16,7.161,7.162,7.163,7.164,7.165,7.166,7.167,7.168,7.169,7.17,7.171,7.172,7.173,7.174,7.175,7.176,7.177,7.178,7.179,7.18,7.181,7.182,7.183,7.184,7.185,7.186,7.187,7.188,7.189,7.19,7.191,7.192,7.193,7.194,7.195,7.196,7.197,7.198,7.199,7.2,7.201,7.202,7.203,7.204,7.205,7.206,7.207,7.208,7.209,7.21,7.211,7.212,7.213,7.214,7.215,7.216,7.217,7.218,7.219,7.22,7.221,7.222,7.223,7.224,7.225,7.226,7.227,7.228,7.229,7.23,7.231,7.232,7.233,7.234,7.235,7.236,7.237,7.238,7.239,7.24,7.241,7.242,7.243,7.244,7.245,7.246,7.247,7.248,7.249,7.25,7.251,7.252,7.253,7.254,7.255,7.256,7.257,7.258,7.259,7.26,7.261,7.262,7.263,7.264,7.265,7.266,7.267,7.268,7.269,7.27,7.271,7.272,7.273,7.274,7.275,7.276,7.277,7.278,7.279,7.28,7.281,7.282,7.283,7.284,7.285,7.286,7.287,7.288,7.289,7.29,7.291,7.292,7.293,7.294,7.295,7.296,7.297,7.298,7.299,7.3,7.301,7.302,7.303,7.304,7.305,7.306,7.307,7.308,7.309,7.31,7.311,7.312,7.313,7.314,7.315,7.316,7.317,7.318,7.319,7.32,7.321,7.322,7.323,7.324,7.325,7.326,7.327,7.328,7.329,7.33,7.331,7.332,7.333,7.334,7.335,7.336,7.337,7.338,7.339,7.34,7.341,7.342,7.343,7.344,7.345,7.346,7.347,7.348,7.349,7.35,7.351,7.352,7.353,7.354,7.355,7.356,7.357,7.358,7.359,7.36,7.361,7.362,7.363,7.364,7.365,7.366,7.367,7.368,7.369,7.37,7.371,7.372,7.373,7.374,7.375,7.376,7.377,7.378,7.379,7.38,7.381,7.382,7.383,7.384,7.385,7.386,7.387,7.388,7.389,7.39,7.391,7.392,7.393,7.394,7.395,7.396,7.397,7.398,7.399,7.4,7.401,7.402,7.403,7.404,7.405,7.406,7.407,7.408,7.409,7.41,7.411,7.412,7.413,7.414,7.415,7.416,7.417,7.418,7.419,7.42,7.421,7.422,7.423,7.424,7.425,7.426,7.427,7.428,7.429,7.43,7.431,7.432,7.433,7.434,7.435,7.436,7.437,7.438,7.439,7.44,7.441,7.442,7.443,7.444,7.445,7.446,7.447,7.448,7.449,7.45,7.451,7.452,7.453,7.454,7.455,7.456,7.457,7.458,7.459,7.46,7.461,7.462,7.463,7.464,7.465,7.466,7.467,7.468,7.469,7.47,7.471,7.472,7.473,7.474,7.475,7.476,7.477,7.478,7.479,7.48,7.481,7.482,7.483,7.484,7.485,7.486,7.487,7.488,7.489,7.49,7.491,7.492,7.493,7.494,7.495,7.496,7.497,7.498,7.499,7.5,7.501,7.502,7.503,7.504,7.505,7.506,7.507,7.508,7.509,7.51,7.511,7.512,7.513,7.514,7.515,7.516,7.517,7.518,7.519,7.52,7.521,7.522,7.523,7.524,7.525,7.526,7.527,7.528,7.529,7.53,7.531,7.532,7.533,7.534,7.535,7.536,7.537,7.538,7.539,7.54,7.541,7.542,7.543,7.544,7.545,7.546,7.547,7.548,7.549,7.55,7.551,7.552,7.553,7.554,7.555,7.556,7.557,7.558,7.559,7.56,7.561,7.562,7.563,7.564,7.565,7.566,7.567,7.568,7.569,7.57,7.571,7.572,7.573,7.574,7.575,7.576,7.577,7.578,7.579,7.58,7.581,7.582,7.583,7.584,7.585,7.586,7.587,7.588,7.589,7.59,7.591,7.592,7.593,7.594,7.595,7.596,7.597,7.598,7.599,7.6,7.601,7.602,7.603,7.604,7.605,7.606,7.607,7.608,7.609,7.61,7.611,7.612,7.613,7.614,7.615,7.616,7.617,7.618,7.619,7.62,7.621,7.622,7.623,7.624,7.625,7.626,7.627,7.628,7.629,7.63,7.631,7.632,7.633,7.634,7.635,7.636,7.637,7.638,7.639,7.64,7.641,7.642,7.643,7.644,7.645,7.646,7.647,7.648,7.649,7.65,7.651,7.652,7.653,7.654,7.655,7.656,7.657,7.658,7.659,7.66,7.661,7.662,7.663,7.664,7.665,7.666,7.667,7.668,7.669,7.67,7.671,7.672,7.673,7.674,7.675,7.676,7.677,7.678,7.679,7.68,7.681,7.682,7.683,7.684,7.685,7.686,7.687,7.688,7.689,7.69,7.691,7.692,7.693,7.694,7.695,7.696,7.697,7.698,7.699,7.7,7.701,7.702,7.703,7.704,7.705,7.706,7.707,7.708,7.709,7.71,7.711,7.712,7.713,7.714,7.715,7.716,7.717,7.718,7.719,7.72,7.721,7.722,7.723,7.724,7.725,7.726,7.727,7.728,7.729,7.73,7.731,7.732,7.733,7.734,7.735,7.736,7.737,7.738,7.739,7.74,7.741,7.742,7.743,7.744,7.745,7.746,7.747,7.748,7.749,7.75,7.751,7.752,7.753,7.754,7.755,7.756,7.757,7.758,7.759,7.76,7.761,7.762,7.763,7.764,7.765,7.766,7.767,7.768,7.769,7.77,7.771,7.772,7.773,7.774,7.775,7.776,7.777,7.778,7.779,7.78,7.781,7.782,7.783,7.784,7.785,7.786,7.787,7.788,7.789,7.79,7.791,7.792,7.793,7.794,7.795,7.796,7.797,7.798,7.799,7.8,7.801,7.802,7.803,7.804,7.805,7.806,7.807,7.808,7.809,7.81,7.811,7.812,7.813,7.814,7.815,7.816,7.817,7.818,7.819,7.82,7.821,7.822,7.823,7.824,7.825,7.826,7.827,7.828,7.829,7.83,7.831,7.832,7.833,7.834,7.835,7.836,7.837,7.838,7.839,7.84,7.841,7.842,7.843,7.844,7.845,7.846,7.847,7.848,7.849,7.85,7.851,7.852,7.853,7.854,7.855,7.856,7.857,7.858,7.859,7.86,7.861,7.862,7.863,7.864,7.865,7.866,7.867,7.868,7.869,7.87,7.871,7.872,7.873,7.874,7.875,7.876,7.877,7.878,7.879,7.88,7.881,7.882,7.883,7.884,7.885,7.886,7.887,7.888,7.889,7.89,7.891,7.892,7.893,7.894,7.895,7.896,7.897,7.898,7.899,7.9,7.901,7.902,7.903,7.904,7.905,7.906,7.907,7.908,7.909,7.91,7.911,7.912,7.913,7.914,7.915,7.916,7.917,7.918,7.919,7.92,7.921,7.922,7.923,7.924,7.925,7.926,7.927,7.928,7.929,7.93,7.931,7.932,7.933,7.934,7.935,7.936,7.937,7.938,7.939,7.94,7.941,7.942,7.943,7.944,7.945,7.946,7.947,7.948,7.949,7.95,7.951,7.952,7.953,7.954,7.955,7.956,7.957,7.958,7.959,7.96,7.961,7.962,7.963,7.964,7.965,7.966,7.967,7.968,7.969,7.97,7.971,7.972,7.973,7.974,7.975,7.976,7.977,7.978,7.979,7.98,7.981,7.982,7.983,7.984,7.985,7.986,7.987,7.988,7.989,7.99,7.991,7.992,7.993,7.994,7.995,7.996,7.997,7.998,7.999
Prusa_B,-0.03125,-0.059814453125,-0.06787109375,-0.06396484375,-0.06396484375,-0.02783203125,0.078857421875,0.067138671875,0.041015625,-0.005126953125,-0.05322265625,-0.0673828125,-0.065673828125,-0.044921875,-0.00439453125,0.008056640625,0.008056640625,-0.021728515625,-0.014404296875,0.0087890625,0.046142578125,0.05517578125,0.02685546875,0.031982421875,0.058837890625,0.006103515625,-0.05029296875,-0.020751953125,-0.020751953125,-0.068603515625,-0.02685546875,0.013427734375,-0.044677734375,-0.005615234375,0.049072265625,-0.01171875,0.009521484375,0.04248046875,0.001220703125,0.013916015625,-0.00146484375,-0.00146484375,-0.054931640625,-0.023193359375,-0.05224609375,-0.039794921875,-0.01611328125,-0.021240234375,0.022216796875,-0.000244140625,-0.052001953125,-0.052001953125,-0.017822265625,-0.030517578125,-0.023681640625,-0.005126953125,0.000732421875,-0.0048828125,-0.051513671875,-0.072509765625,-0.072509765625,-0.01220703125,-0.00341796875,0.0234375,0.03076171875,-0.01123046875,-0.024658203125,-0.04296875,-0.062744140625,-0.00048828125,0.031005859375,0.014404296875,-0.0009765625,0.000244140625,-0.029296875,-0.04296875,-0.001953125,-0.00341796875,-0.004150390625,0.045166015625,0.0458984375,0.02197265625,0.014404296875,-0.0390625,-0.060791015625,-0.012451171875,0.018310546875,0.019775390625,0.01220703125,-0.031494140625,-0.05615234375,-0.040771484375,-0.007568359375,0.0205078125,0.016357421875,0.00927734375,-0.000732421875,-0.02978515625,-0.062255859375,-0.031982421875,0.02392578125,0.04150390625,0.008056640625,-0.0478515625,-0.0751953125,-0.055908203125,-0.01904296875,-0.015380859375,-0.004638671875,0.025146484375,0.030029296875,0.003662109375,-0.041015625,-0.0888671875,-0.066162109375,0.014892578125,0.036376953125,-0.005859375,-0.032958984375,-0.033447265625,-0.02099609375,-0.0244140625,-0.038330078125,0.003662109375,0.0810546875,0.061279296875,-0.01025390625,-0.017578125,-0.01416015625,-0.026123046875,-0.05859375,-0.058837890625,0.00146484375,0.03662109375,-0.03173828125,-0.0205078125,0.008056640625,0.02197265625,0.0155029296875,-0.02392578125,0.033935546875,0.019287109375,-0.005615234375,-0.029541015625,-0.0205078125,-0.021484375,-0.0283203125,-0.012451171875,-0.013916015625,-0.01025390625,-0.00244140625,-0.003662109375,0.0009765625,-0.0146484375,-0.03369140625,0.009765625,0.0341796875,-0.021484375,-0.048583984375,-0.024658203125,-0.0126953125,-0.0185546875,-0.0302734375,-0.003662109375,0.017822265625,-0.01416015625,-0.035400390625,-0.00634765625,0.0048828125,-0.022216796875,-0.033203125,-0.035400390625,-0.023681640625,-0.014892578125,-0.027587890625,-0.0234375,-0.0126953125,-0.0048828125,0.00341796875,0.002685546875,-0.0068359375,-0.013427734375,0.00146484375,-0.004638671875,-0.025634765625,0.03173828125,0.03173828125,0.014404296875,-0.02685546875,-0.0400390625,-0.01611328125,-0.003662109375,-0.021240234375,-0.014892578125,0.010986328125,-0.013916015625,-0.0390625,-0.020751953125,-0.00537109375,-0.0029296875,-0.0048828125,0.014892578125,0.040283203125,-0.040771484375,-0.0419921875,-0.0419921875,-0.005615234375,-0.001708984375,-0.01708984375,-0.007568359375,-0.002197265625,-0.01171875,-0.0224609375,-0.0166015625,-0.01416015625,-0.009521484375,-0.000244140625,-0.005615234375,-0.008544921875,-0.0244140625,-0.037109375,-0.024169921875,0.002197265625,-0.0087890625,-0.018310546875,-0.005126953125,-0.014892578125,-0.014404296875,-0.01220703125,-0.030517578125,-0.0341796875,-0.010986328125,-0.0068359375,-0.01416015625,-0.036865234375,-0.02685546875,0.02587890625,-0.017578125,-0.025390625,-0.002197265625,0.00830078125,0.00830078125,-0.007568359375,-0.016845703125,0.008056640625,0.00439453125,-0.025146484375,-0.02685546875,0.0029296875,0.003173828125,-0.015625,-0.021484375,-0.020263671875,-0.00048828125,-0.000244140625,-0.0107421875,-0.001953125,-0.01513671875,-0.02880859375,-0.00830078125,-0.0029296875,-0.0166015625,-0.027099609375,-0.017578125,-0.00244140625,-0.0185546875,-0.031005859375,-0.001220703125,0.01318359375,-0.005859375,0.034912109375,0.01025390625,-0.040771484375,-0.040771484375,-0.045654296875,-0.024658203125,-0.002685546875,-0.002685546875,-0.010498046875,-0.010009765625,-0.0224609375,-0.021728515625,-0.002685546875,0.0068359375,0.00537109375,-0.0126953125,-0.03173828125,-0.02294921875,-0.004150390625,-0.025634765625,-0.018798828125,0.000732421875,-0.021484375,-0.01416015625,0.008544921875,0.00390625,-0.02392578125,-0.0283203125,-0.009033203125,0.0009765625,-0.01953125,-0.025634765625,-0.003662109375,-0.0048828125,-0.013916015625,0.008544921875,0.021484375,-0.007080078125,-0.027099609375,0.000732421875,-0.010986328125,-0.03271484375,-0.03076171875,0.00537109375,-0.003173828125,-0.026611328125,-0.026611328125,-0.0048828125,0.0029296875,-0.01416015625,-0.015625,-0.000244140625,0.00732421875,-0.01953125,-0.037841796875,-0.02001953125,-0.01416015625,-0.020751953125,0.007568359375,0.03515625,0.011474609375,-0.028076171875,-0.01904296875,0.015380859375,0.005859375,-0.028076171875,-0.021484375,-0.00634765625,-0.027099609375,-0.04345703125,-0.005126953125,-0.00634765625,-0.01904296875,-0.000732421875,0.013427734375,0.001708984375,-0.032958984375,-0.0419921875,-0.024658203125,-0.024658203125,-0.033447265625,-0.033447265625,-0.020751953125,0.000244140625,-0.018310546875,-0.01220703125,0.02392578125,0.021240234375,-0.008056640625,-0.02587890625,-0.019287109375,-0.0029296875,-0.018310546875,-0.040771484375,-0.016357421875,0.006103515625,-0.013916015625,-0.00927734375,0.024169921875,0.025390625,-0.005859375,-0.02099609375,-0.021728515625,-0.015380859375,-0.016357421875,-0.023681640625,-0.035888671875,-0.0322265625,-0.0126953125,0.0234375,0.0263671875,-0.01123046875,-0.0107421875,0.007568359375,0.007568359375,-0.025390625,-0.04541015625,-0.016357421875,0.001220703125,-0.01513671875,-0.01806640625,0.0009765625,0.009521484375,-0.000244140625,-0.007080078125,0.001953125,0.00048828125,-0.022705078125,-0.034912109375,-0.013671875,-0.01513671875,-0.032958984375,-0.015869140625,0.005615234375,-0.015625,-0.0361328125,-0.00390625,0.005859375,-0.0234375,-0.037109375,-0.021728515625,-0.02587890625,-0.03857421875,-0.01806640625,0.000244140625,-0.02197265625,-0.00537109375,0.032958984375,0.032958984375,0.038818359375,-0.004150390625,-0.0322265625,-0.0234375,-0.026611328125,-0.036865234375,-0.027587890625,0.01220703125,0.000732421875,-0.030517578125,-0.009033203125,0.016357421875,0.004638671875,-0.021240234375,-0.0146484375,0.010986328125,0.00146484375,-0.020751953125,-0.022705078125,-0.04833984375,-0.043212890625,-0.006103515625,0.01123046875,-0.0048828125,-0.004638671875,0.008544921875,0.001708984375,-0.0244140625,-0.021484375,0.009521484375,-0.013671875,-0.013671875,-0.052001953125,-0.035400390625,0.013916015625,0.02197265625,0.001220703125,0.00341796875,0.0146484375,-0.01318359375,-0.039306640625,-0.039306640625,-0.0302734375,-0.010009765625,-0.003173828125,0.00048828125,-0.003662109375,-0.00390625,-0.01513671875,-0.014892578125,-0.00927734375,-0.0146484375,-0.024169921875,-0.012939453125,-0.019287109375,-0.041748046875,-0.0068359375,0.0224609375,-0.015869140625,-0.038818359375,-0.000732421875,0.025146484375,-0.015625,-0.015869140625,0.021240234375,0.021240234375,-0.001708984375,-0.040283203125,-0.01953125,0.024169921875,0.024658203125,-0.003173828125,-0.0126953125,-0.01123046875,-0.018798828125,-0.03662109375,-0.037109375,-0.014892578125,-0.01220703125,-0.014892578125,0.01611328125,0.03759765625,-0.016357421875,-0.069580078125,0.015869140625,-0.002685546875,-0.021484375,-0.0205078125,-0.031494140625,-0.050537109375,-0.023193359375,0.04248046875,0.04736328125,0.00634765625,-0.013916015625,-0.012939453125,-0.032470703125,-0.065673828125,-0.02978515625,0.018310546875,0.018310546875,0.009033203125,-0.014404296875,-0.001953125,0.021240234375,-0.005859375,-0.037353515625,-0.017822265625,0.01904296875,0.00927734375,-0.02978515625,-0.02783203125,-0.01708984375,-0.0400390625,-0.055419921875,-0.0390625,-0.00439453125,-0.017578125,0.037841796875,0.05224609375,0.005859375,-0.042236328125,-0.032958984375,-0.039306640625,-0.061279296875,-0.03173828125,0.031005859375,0.038330078125,-0.00244140625,-0.01416015625,0.00146484375,-0.007568359375,-0.007568359375,-0.034912109375,-0.01904296875,0.009765625,0.01416015625,-0.0283203125,-0.0625,-0.02294921875,-0.01416015625,-0.049560546875,-0.019287109375,0.033935546875,0.021240234375,-0.009521484375,0.006103515625,-0.045654296875,-0.06689453125,-0.022216796875,0.02001953125,0.0,-0.019775390625,0.015380859375,0.0322265625,-0.0166015625,-0.033447265625,0.02001953125,0.03515625,-0.01123046875,-0.048583984375,-0.037109375,-0.021728515625,-0.03173828125,-0.03173828125,-0.0126953125,0.015625,0.014404296875,-0.0029296875,-0.005126953125,-0.008544921875,-0.044189453125,-0.05859375,-0.027099609375,0.005859375,-0.040283203125,-0.01171875,0.05615234375,0.013427734375,-0.021728515625,0.024658203125,0.054931640625,-0.015625,-0.067626953125,-0.036376953125,-0.025390625,-0.0537109375,-0.0537109375,-0.01513671875,0.063232421875,0.0234375,-0.06201171875,-0.046630859375,0.04052734375,-0.006103515625,-0.004638671875,0.0146484375,-0.03955078125,-0.099609375,-0.056640625,0.05859375,0.031005859375,-0.0517578125,-0.0517578125,-0.004150390625,0.04296875,-0.021728515625,-0.084716796875,-0.00732421875,-0.01025390625,-0.057373046875,0.009033203125,0.03076171875,-0.05419921875,-0.07177734375,0.02197265625,0.053955078125,-0.011962890625,-0.011962890625,0.03173828125,0.03173828125,-0.02001953125,-0.091796875,-0.03515625,0.0537109375,0.013427734375,-0.046875,0.00927734375,-0.01953125,-0.050048828125,0.01416015625,0.070556640625,-0.000732421875,-0.08447265625,-0.048583984375,0.01611328125,-0.03466796875,-0.03466796875,-0.071533203125,0.03515625,0.091796875,-0.03759765625,-0.0107421875,0.029296875,-0.042236328125,-0.00390625,0.1044921875,0.03369140625,-0.10791015625,-0.0693359375,0.045654296875,0.00732421875,-0.07763671875,-0.07763671875,-0.000244140625,0.09228515625,-0.0107421875,-0.109375,0.081787109375,-0.038330078125,-0.101318359375,0.001220703125,0.021728515625,-0.062744140625,-0.052734375,0.028076171875,0.031982421875,-0.025390625,-0.009765625,0.033935546875,0.033935546875,-0.033447265625,-0.101806640625,-0.030029296875,0.0263671875,-0.05126953125,-0.01025390625,0.034423828125,-0.018798828125,-0.063232421875,-0.00244140625,0.0439453125,0.006103515625,-0.04296875,-0.029541015625,-0.029541015625,-0.00146484375,-0.01123046875,0.01220703125,0.010498046875,-0.0234375,-0.047607421875,-0.041748046875,-0.029541015625,-0.02978515625,-0.02880859375,0.006591796875,0.036865234375,0.036865234375,-0.00732421875,-0.052734375,0.037109375,-0.009033203125,-0.0712890625,-0.012939453125,0.028076171875,-0.056396484375,-0.063232421875,0.05322265625,0.082763671875,-0.009521484375,-0.009521484375,-0.051025390625,0.00830078125,-0.06005859375,-0.0595703125,0.025146484375,0.01416015625,-0.0830078125,-0.065673828125,0.050048828125,0.038818359375,-0.05712890625,-0.006591796875,-0.006591796875,0.07568359375,-0.085205078125,-0.0302734375,0.0146484375,-0.053466796875,-0.0810546875,0.011474609375,0.050048828125,-0.03369140625,-0.0458984375,0.04736328125,0.0556640625,0.0556640625,-0.0380859375,0.0078125,-0.019287109375,-0.0751953125,-0.051025390625,0.01025390625,0.017578125,-0.0224609375,-0.00927734375,0.048583984375,0.041015625,0.041015625,-0.03662109375,-0.02099609375,-0.025146484375,-0.067626953125,-0.05078125,0.033935546875,0.02392578125,-0.055908203125,-0.040283203125,0.050537109375,0.02294921875,-0.060546875,-0.060546875,-0.0009765625,-0.021240234375,-0.0869140625,-0.03173828125,0.00341796875,-0.050048828125,-0.030029296875,0.063720703125,0.06787109375,-0.0322265625,-0.045166015625,0.03466796875,-0.001220703125,-0.001220703125,-0.094482421875,0.06884765625,-0.019287109375,-0.115966796875,-0.02392578125,0.06884765625,-0.000732421875,-0.052490234375,0.013427734375,0.0546875,-0.00341796875,-0.083251953125,-0.076416015625,-0.01611328125,-0.01611328125,-0.042724609375,0.0517578125,0.0830078125,-0.0126953125,-0.057373046875,0.01611328125,0.035888671875,-0.0419921875,-0.0625,0.01416015625,0.00341796875,-0.099365234375,-0.049072265625,0.08935546875,0.043701171875,-0.07666015625,-0.01318359375,0.08349609375,-0.00927734375,-0.10888671875,-0.037841796875,0.04052734375,-0.02880859375,-0.0947265625,-0.00244140625,0.06396484375,-0.04345703125,-0.08203125,0.048095703125,0.102294921875,-0.035400390625,-0.09765625,0.01171875,0.010498046875,-0.099365234375,-0.0546875,0.094970703125,0.068115234375,-0.078369140625,-0.038818359375,0.085205078125,0.01220703125,-0.105712890625,-0.047607421875,0.06298828125,0.002685546875,-0.10107421875,-0.005615234375,0.08154296875,-0.022705078125,-0.0947265625,0.02685546875,0.09375,-0.04052734375,-0.09716796875,0.00244140625,0.01416015625,-0.078857421875,-0.05810546875,0.0537109375,0.06103515625,-0.05126953125,-0.055908203125,0.06884765625,0.04736328125,-0.086181640625,-0.043701171875,0.06396484375,-0.014404296875,-0.13037109375,-0.03125,0.098388671875,0.013671875,-0.064208984375,0.035400390625,0.0751953125,-0.0341796875,-0.064697265625,0.002197265625,0.000244140625,-0.078125,-0.07763671875,0.02587890625,0.0419921875,-0.03857421875,-0.041259765625,0.051025390625,0.046875,-0.06787109375,-0.039794921875,0.049072265625,-0.017578125,-0.10595703125,-0.056640625,0.052001953125,0.020263671875,-0.064697265625,-0.000732421875,0.073974609375,0.032958984375,-0.052001953125,-0.01806640625,0.043701171875,-0.040283203125,-0.12890625,-0.04248046875,0.066162109375,-0.0205078125,-0.10009765625,0.04150390625,0.123291015625,-0.0244140625,-0.095458984375,0.0244140625,0.054443359375,-0.086181640625,-0.094970703125,0.027099609375,0.032958984375,-0.082275390625,-0.073486328125,0.0595703125,0.08349609375,-0.0341796875,-0.0419921875,0.0830078125,0.03466796875,-0.119873046875,-0.072509765625,0.044189453125,-0.02783203125,-0.118408203125,-0.00439453125,0.11181640625,0.007080078125,0.01220703125,0.01220703125,0.065185546875,-0.02734375,-0.10009765625,-0.020751953125,0.048583984375,-0.06201171875,-0.13037109375,0.000244140625,0.08935546875,-0.01611328125,-0.0556640625,0.060302734375,0.060302734375,-0.026123046875,-0.049072265625,-0.016845703125,-0.01318359375,-0.067138671875,-0.04052734375,0.023681640625,-0.010986328125,-0.049072265625,0.017822265625,0.088134765625,-0.04638671875,-0.04638671875,-0.016357421875,0.0224609375,-0.037841796875,-0.081298828125,-0.01171875,0.0302734375,-0.04638671875,-0.06982421875,0.04638671875,0.095703125,-0.08154296875,0.0537109375,0.0537109375,0.048828125,-0.088623046875,-0.099365234375,-0.00634765625,-0.00634765625,-0.04443359375,0.0048828125,0.038818359375,-0.011474609375,-0.010009765625,0.03076171875,-0.071533203125,-0.052734375,-0.052734375,0.02001953125,0.015625,-0.06103515625,-0.072021484375,0.01953125,0.047607421875,-0.007080078125,-0.007080078125,0.00927734375,0.016357421875,-0.059814453125,-0.091796875,-0.091796875,-0.038330078125,0.028076171875,-0.01904296875,-0.044677734375,0.02880859375,0.04638671875,0.017333984375,-0.013671875,-0.021484375,-0.0205078125,-0.012939453125,-0.012939453125,-0.044677734375,-0.07177734375,-0.037109375,0.0654296875,0.069580078125,-0.03857421875,-0.008544921875,0.058837890625,0.023193359375,-0.028076171875,-0.054443359375,-0.02392578125,-0.02392578125,-0.0458984375,-0.065185546875,0.03662109375,0.066650390625,-0.02880859375,-0.025634765625,0.036376953125,-0.0126953125,-0.052978515625,-0.027587890625,-0.0830078125,-0.0546875,0.0400390625,0.0400390625,0.070556640625,-0.013427734375,-0.052978515625,0.03076171875,0.063232421875,-0.027587890625,-0.083740234375,-0.024169921875,0.006103515625,-0.050537109375,0.03369140625,0.03369140625,0.06640625,0.0107421875,-0.027587890625,-0.00244140625,0.00830078125,-0.01708984375,-0.029052734375,-0.025146484375,-0.069580078125,0.046875,0.08251953125,-0.03759765625,-0.03759765625,-0.052734375,0.064697265625,0.10107421875,-0.016845703125,-0.079345703125,-0.01904296875,0.012451171875,-0.06298828125,-0.0830078125,0.025146484375,-0.068603515625,-0.040283203125,-0.040283203125,0.064208984375,0.045654296875,-0.0126953125,0.001708984375,-0.00732421875,-0.062744140625,-0.077880859375,-0.041259765625,0.0087890625,-0.031982421875,-0.041748046875,0.0,0.002197265625,0.002197265625,-0.006103515625,0.001708984375,-0.004638671875,-0.037109375,-0.021240234375,-0.001953125,-0.02685546875,-0.0380859375,0.013671875,0.00634765625,-0.04736328125,-0.04736328125,-0.050048828125,0.002685546875,0.0283203125,0.022216796875,-0.01171875,-0.053955078125,-0.04833984375,-0.01220703125,0.041015625,0.009765625,-0.0234375,-0.030517578125,-0.030517578125,-0.035400390625,-0.055419921875,-0.02783203125,0.010986328125,-0.009033203125,0.014892578125,0.011962890625,0.01806640625,0.0634765625,-0.003173828125,-0.047119140625,-0.047119140625,-0.00537109375,-0.03955078125,-0.044677734375,0.0322265625,0.031005859375,-0.00146484375,0.00732421875,-0.014892578125,-0.01611328125,0.011962890625,-0.00830078125,0.0166015625,0.0166015625,0.02978515625,-0.037353515625,-0.063232421875,-0.011962890625,-0.0283203125,-0.02978515625,0.00390625,0.000732421875,0.02783203125,-0.004150390625,-0.037353515625,-0.059326171875,-0.059326171875,-0.034423828125,0.020263671875,-0.01025390625,-0.039794921875,-0.020751953125,-0.066650390625,-0.049072265625,0.01123046875,0.0048828125,0.02392578125,-0.032958984375,-0.032958984375,-0.072998046875,-0.035888671875,-0.0068359375,0.0009765625,-0.00146484375,-0.017333984375,0.00439453125,-0.003662109375,-0.070068359375,-0.088134765625,-0.02880859375,0.054443359375,0.054443359375,0.084228515625,0.022216796875,-0.061279296875,-0.081787109375,-0.023681640625,0.06103515625,0.08349609375,-0.04931640625,-0.067138671875,-0.03759765625,-0.006591796875,-0.019287109375,-0.019287109375,-0.073486328125,-0.07958984375,0.002197265625,0.060546875,0.0517578125,0.026123046875,0.027099609375,0.001953125,-0.063720703125,-0.08740234375,-0.079345703125,-0.062255859375,-0.062255859375,-0.03857421875,-0.01171875,0.01416015625,0.01611328125,0.008544921875,0.00439453125,0.0146484375,0.010498046875,0.029296875,0.05322265625,-0.00048828125,-0.00048828125,-0.097412109375,-0.1005859375,-0.0361328125,-0.04248046875,-0.0380859375,0.024169921875,0.052734375,0.048583984375,-0.056884765625,0.013916015625,0.003662109375,-0.06982421875,0.0712890625,0.0712890625,-0.059326171875,-0.06396484375,0.04541015625,-0.10791015625,0.024658203125,-0.04443359375,0.0576171875,-0.060791015625,-0.048583984375,-0.0048828125,-0.0458984375,-0.0458984375,0.030517578125,0.02734375,0.04638671875,0.068359375,-0.02587890625,-0.091064453125,-0.069580078125,-0.038330078125,0.0068359375,0.01220703125,0.02001953125,0.015625,0.015625,-0.0146484375,0.001708984375,-0.01708984375,-0.0087890625,0.040283203125,-0.015625,-0.030517578125,-0.067138671875,-0.007568359375,-0.00341796875,-0.072509765625,-0.072509765625,-0.057373046875,0.006103515625,0.029541015625,0.036376953125,0.01708984375,-0.06005859375,0.004638671875,0.047607421875,0.025634765625,-0.040771484375,-0.07275390625,-0.044921875,-0.044921875,0.00830078125,-0.010986328125,-0.051513671875,-0.017578125,0.020263671875,-0.001953125,-0.069091796875,-0.04443359375,0.0361328125,0.092529296875,0.01416015625,-0.099609375,-0.099609375,-0.094970703125,0.017578125,0.067626953125,0.01220703125,-0.056884765625,0.057861328125,0.06494140625,-0.040771484375,-0.121826171875,-0.01123046875,0.126953125,0.043212890625,0.043212890625,-0.100341796875,-0.083984375,0.063720703125,0.06298828125,-0.139892578125,0.05712890625,0.137451171875,-0.025634765625,-0.130126953125,-0.026611328125,0.059814453125,-0.001953125,-0.001953125,-0.084228515625,-0.018310546875,0.0712890625,0.032958984375,-0.072021484375,-0.023681640625,-0.02294921875,-0.021728515625,0.003662109375,0.0,-0.0224609375,-0.00439453125,-0.00439453125,0.02978515625,-0.01513671875,-0.0849609375,0.0537109375,0.008056640625,-0.056884765625,-0.02197265625,0.03076171875,-0.018798828125,-0.094970703125,-0.028564453125,0.045654296875,0.045654296875,-0.00439453125,-0.052001953125,-0.008056640625,-0.00146484375,-0.031494140625,0.018310546875,0.02392578125,-0.0234375,-0.026123046875,-0.00634765625,0.000244140625,0.000244140625,-0.037109375,-0.009033203125,0.05322265625,-0.078369140625,-0.02197265625,0.053466796875,0.003662109375,-0.03076171875,0.01904296875,0.035400390625,-0.038330078125,-0.09130859375,-0.09130859375,-0.02490234375,0.03125,-0.028564453125,-0.005126953125,0.04150390625,-0.024658203125,-0.068115234375,-0.01513671875,0.01708984375,-0.04638671875,-0.04541015625,0.016357421875,0.016357421875,0.0205078125,-0.023193359375,-0.0341796875,0.017578125,-0.07421875,-0.04296875,0.038818359375,0.0078125,-0.056884765625,-0.02490234375,0.040771484375,0.00244140625,0.00244140625,-0.052978515625,0.0048828125,0.056640625,-0.0576171875,0.013427734375,0.0458984375,-0.05126953125,-0.09423828125,0.009521484375,0.05908203125,-0.01318359375,-0.048583984375,-0.048583984375,0.015380859375,0.044189453125,-0.059814453125,0.001953125,0.017822265625,-0.048095703125,-0.056640625,0.015380859375,0.044921875,0.000732421875,-0.029541015625,0.011474609375,-0.00634765625,-0.00634765625,-0.072021484375,-0.0341796875,0.009033203125,-0.05908203125,-0.031982421875,0.02490234375,-0.010986328125,-0.065185546875,-0.013427734375,0.02685546875,-0.005859375,-0.005859375,-0.03369140625,-0.021240234375,-0.017333984375,-0.044189453125,-0.00537109375,-0.00146484375,-0.05908203125,-0.027587890625,0.047607421875,0.021728515625,-0.03564453125,-0.002685546875,-0.002685546875,0.0390625,-0.014404296875,-0.045654296875,0.058837890625,0.028564453125,-0.053466796875,-0.007568359375,0.05224609375,-0.011962890625,-0.070068359375,-0.008544921875,0.034912109375,0.034912109375,-0.033935546875,-0.08251953125,0.04833984375,-0.005126953125,-0.034912109375,0.00634765625,0.018798828125,-0.05712890625,-0.06396484375,0.017578125,0.018798828125,-0.03662109375,-0.03662109375,-0.0341796875,-0.002197265625,-0.061279296875,-0.017822265625,0.02587890625,-0.00439453125,-0.052490234375,-0.008544921875,0.06689453125,0.0107421875,-0.06689453125,-0.013427734375,-0.013427734375,0.02490234375,-0.089599609375,-0.016357421875,0.05908203125,0.012451171875,-0.03759765625,0.001220703125,0.02587890625,-0.042724609375,-0.07421875,-0.007568359375,0.020263671875,0.020263671875,-0.03076171875,0.055419921875,0.029052734375,-0.065185546875,-0.0576171875,0.01318359375,0.00048828125,-0.063720703125,-0.0263671875,0.05908203125,0.03662109375,-0.044677734375,-0.044677734375,-0.032470703125,-0.001220703125,-0.085205078125,-0.04150390625,0.041748046875,0.014892578125,-0.027587890625,0.03125,0.03125,-0.059814453125,-0.0849609375,-0.013671875,-0.013671875,-0.0390625,-0.05224609375,0.0419921875,0.05029296875,-0.036376953125,-0.050048828125,0.0205078125,0.022705078125,-0.067626953125,-0.063720703125,0.024658203125,0.024658203125,-0.027099609375,0.00244140625,0.041015625,-0.01123046875,-0.08544921875,-0.01708984375,0.057373046875,-0.007080078125,-0.045654296875,0.01953125,0.0341796875,0.0341796875,-0.062255859375,0.01220703125,0.0234375,-0.05810546875,-0.069580078125,0.021484375,0.0546875,-0.033447265625,-0.0693359375,0.010498046875,0.014892578125,-0.080078125,-0.080078125,0.044921875,0.01904296875,-0.0732421875,-0.027099609375,0.06982421875,0.01513671875,-0.0771484375,-0.032470703125,0.029541015625,-0.015380859375,-0.0673828125,-0.00927734375,0.045654296875,-0.009765625,-0.050048828125,0.027587890625,0.0634765625,-0.038818359375,-0.07666015625,0.01611328125,0.019775390625,-0.080078125,-0.07177734375,0.042236328125,0.0439453125,-0.046875,-0.045166015625,0.0517578125,0.03369140625,-0.076171875,-0.06103515625,0.0439453125,0.0185546875,-0.082275390625,-0.0361328125,0.063720703125,0.025634765625,-0.070556640625,-0.016357421875,0.067626953125,-0.00634765625,-0.088134765625,-0.0078125,0.0869140625,-0.00390625,-0.0927734375,-0.017822265625,0.025146484375,-0.045166015625,-0.0693359375,0.021728515625,0.045654296875,-0.04150390625,-0.062744140625,0.027099609375,0.043212890625,-0.0908203125,-0.125732421875,0.02001953125,0.0439453125,-0.05078125,-0.025634765625,0.05224609375,0.0322265625,-0.060546875,-0.03662109375,0.0498046875,0.000732421875,-0.078125,-0.026123046875,0.04736328125,-0.01123046875,-0.04541015625,0.031005859375,0.0654296875,-0.031005859375,-0.081787109375,0.01953125,0.068603515625,-0.03076171875,-0.089599609375,0.006591796875,0.02880859375,-0.070068359375,-0.058349609375,0.064697265625,0.05810546875,-0.05419921875,-0.065185546875,0.033447265625,0.013671875,-0.1005859375,-0.063232421875,0.045654296875,0.01025390625,-0.0576171875,0.021728515625,0.09423828125,-0.012451171875,-0.107666015625,-0.02490234375,0.046630859375,-0.026611328125,-0.07275390625,0.01025390625,0.056884765625,-0.034423828125,-0.083251953125,0.021728515625,0.0439453125,-0.072998046875,-0.08837890625,0.040283203125,-0.03466796875,-0.03466796875,-0.050048828125,0.052001953125,0.02880859375,-0.093017578125,-0.087158203125,0.03564453125,0.040283203125,-0.045166015625,-0.01416015625,0.0732421875,0.01708984375,-0.033203125,-0.033203125,0.046142578125,-0.030517578125,-0.091552734375,0.027587890625,0.10009765625,-0.01904296875,-0.085205078125,0.009521484375,0.06494140625,-0.057373046875,-0.109619140625,0.074951171875,0.074951171875,-0.044677734375,-0.094482421875,0.009765625,0.048583984375,-0.046142578125,-0.057861328125,0.046630859375,0.03125,-0.07763671875,-0.070556640625,0.039794921875,-0.083740234375,-0.083740234375,-0.02392578125,0.07861328125,0.003662109375,-0.095947265625,-0.023681640625,0.063720703125,-0.00732421875,-0.0947265625,0.005615234375,0.09521484375,-0.07470703125,-0.000732421875,-0.000732421875,0.0361328125,-0.057861328125,-0.08740234375,0.0302734375,0.05712890625,-0.052490234375,-0.06298828125,0.06103515625,0.06103515625,-0.07568359375,0.0390625,0.0126953125,0.0126953125,-0.086669921875,-0.036865234375,0.06787109375,0.031005859375,-0.057861328125,-0.021240234375,0.0576171875,-0.024658203125,-0.101318359375,0.004638671875,-0.02734375,-0.088623046875,-0.088623046875,0.01123046875,0.054443359375,-0.05615234375,-0.0908203125,0.029052734375,0.068115234375,-0.0419921875,-0.08447265625,0.01953125,-0.093994140625,-0.076416015625,0.066650390625,0.066650390625,0.039306640625,-0.081787109375,-0.045654296875,0.07958984375,0.038330078125,-0.077880859375,-0.045166015625,0.0673828125,-0.00390625,-0.0361328125,0.090087890625,0.090087890625,0.0185546875,-0.062744140625,0.013427734375,0.066650390625,-0.025390625,-0.087158203125,0.0,0.05322265625,-0.058349609375,-0.08837890625,0.062744140625,-0.066162109375,-0.076171875,-0.076171875,0.05029296875,0.045654296875,-0.09912109375,-0.08984375,0.068603515625,0.04052734375,-0.103271484375,-0.0751953125,0.05810546875,-0.072509765625,-0.040771484375,0.08154296875,0.08154296875,0.0224609375,-0.1025390625,-0.037109375,0.080810546875,-0.000244140625,-0.104248046875,-0.01806640625,0.060791015625,-0.049560546875,0.02490234375,0.060546875,0.060546875,-0.052490234375,-0.100830078125,0.025390625,0.054931640625,-0.068115234375,-0.072265625,0.0673828125,0.04638671875,-0.08740234375,0.054931640625,0.021728515625,-0.095947265625,-0.095947265625,-0.03466796875,0.091552734375,0.02392578125,-0.10498046875,-0.051025390625,0.059814453125,-0.00439453125,-0.069580078125,0.090087890625,-0.00390625,-0.094482421875,-0.0166015625,-0.0166015625,0.037109375,-0.048828125,-0.08544921875,0.019775390625,0.05712890625,-0.0302734375,-0.056640625,0.025146484375,-0.08984375,-0.070556640625,0.0419921875,0.0419921875,0.025634765625,-0.082763671875,-0.038818359375,0.0732421875,0.019775390625,-0.0927734375,-0.050537109375,0.05712890625,-0.092529296875,-0.0068359375,0.08984375,0.00048828125,0.00048828125,-0.066162109375,0.024658203125,0.060302734375,-0.05517578125,-0.102783203125,0.0166015625,0.06591796875,-0.03955078125,0.07373046875,0.091064453125,-0.06298828125,-0.096435546875,-0.096435546875,0.02490234375,0.009521484375,-0.119140625,-0.06640625,0.08447265625,0.048583984375,-0.078125,-0.03369140625,0.010986328125,-0.106201171875,-0.055419921875,0.05517578125,0.05517578125,-0.01708984375,-0.0986328125,0.01318359375,0.099609375,-0.020263671875,-0.101318359375,0.00634765625,0.068359375,-0.104248046875,0.03759765625,0.099853515625,-0.042236328125,-0.091552734375,-0.091552734375,0.0380859375,0.046875,-0.090576171875,-0.070556640625,0.064697265625,0.04052734375,-0.093505859375,0.09326171875,0.032958984375,-0.118896484375,-0.057861328125,0.080322265625,0.080322265625,-0.00537109375,-0.1259765625,-0.015380859375,0.1220703125,0.026611328125,-0.090087890625,0.063720703125,-0.06298828125,-0.13623046875,-0.0126953125,0.064453125,-0.001220703125,-0.001220703125,-0.021240234375,0.060302734375,0.0458984375,-0.079833984375,-0.08154296875,0.023681640625,-0.0810546875,-0.016845703125,0.099365234375,-0.00634765625,-0.134033203125,-0.03564453125,-0.03564453125,0.08837890625,-0.003662109375,-0.105712890625,0.0048828125,0.084228515625,-0.05029296875,0.004638671875,0.06982421875,-0.045166015625,-0.0888671875,0.021484375,0.021484375,0.059814453125,-0.0390625,-0.049072265625,0.060302734375,0.040771484375,-0.092529296875,0.05859375,0.0341796875,-0.0888671875,-0.054931640625,0.0771484375,0.023681640625,0.023681640625,-0.10009765625,-0.01611328125,0.09423828125,-0.016357421875,-0.1357421875,-0.0283203125,-0.0302734375,-0.134765625,0.019287109375,0.101806640625,-0.05712890625,-0.12109375,0.033447265625,0.033447265625,0.1005859375,-0.051513671875,-0.101318359375,0.044677734375,0.071044921875,-0.0751953125,0.047607421875,0.04296875,-0.099853515625,-0.068603515625,0.091796875,0.091796875,0.024169921875,-0.113037109375,0.00146484375,0.136474609375,-0.0009765625,-0.06005859375,0.078857421875,-0.023193359375,-0.1181640625,0.019775390625,0.130859375,0.007080078125,0.007080078125,-0.10205078125,-0.018310546875,0.048095703125,-0.050537109375,-0.105712890625,0.063232421875,-0.04150390625,-0.040771484375,0.064697265625,0.04443359375,-0.08203125,-0.044189453125,-0.044189453125,0.0927734375,0.003662109375,-0.1337890625,-0.04443359375,0.089599609375,-0.120361328125,-0.025390625,0.09033203125,-0.016357421875,-0.10791015625,-0.017333984375,0.069580078125,0.069580078125,-0.014404296875,-0.072998046875,0.0166015625,0.03662109375,-0.08251953125,0.015869140625,0.010009765625,-0.073486328125,-0.016357421875,0.108642578125,0.0546875,-0.077880859375,-0.077880859375,-0.056640625,0.03076171875,-0.00537109375,-0.1142578125,0.083740234375,0.07080078125,-0.029052734375,-0.02001953125,0.086181640625,0.02001953125,-0.12939453125,-0.08251953125,0.0205078125,0.0205078125,-0.03662109375,-0.07275390625,0.04638671875,0.095703125,-0.055908203125,0.03759765625,0.01123046875,-0.089111328125,-0.071044921875,0.040283203125,0.02734375,-0.06640625,-0.06640625,-0.0224609375,0.0693359375,0.03515625,-0.05322265625,0.00048828125,-0.032470703125,-0.074951171875,-0.0029296875,0.063232421875,0.015625,-0.02734375,0.000732421875,0.009033203125,0.009033203125,-0.04443359375,-0.068603515625,0.003173828125,0.033203125,-0.05078125,0.021484375,0.046875,-0.050048828125,-0.0732421875,0.007080078125,0.002685546875,-0.0546875,-0.020751953125,-0.020751953125,0.054931640625,0.05859375,-0.032958984375,-0.05322265625,-0.026123046875,-0.03955078125,0.007080078125,0.02734375,-0.013916015625,-0.03759765625,0.005859375,0.02734375,-0.003662109375,-0.0224609375,-0.0224609375,0.001220703125,-0.001220703125,-0.0576171875,-0.060302734375,0.04931640625,-0.00927734375,-0.05859375,-0.013916015625,0.033447265625,-0.0107421875,-0.05615234375,-0.03173828125,-0.0029296875,-0.0029296875,-0.035888671875,-0.041748046875,0.01953125,0.049560546875,-0.033203125,0.00048828125,-0.044677734375,-0.068603515625,-0.00830078125,0.022216796875,0.001953125,-0.0087890625,0.032470703125,0.045166015625,0.045166015625,-0.02978515625,-0.060546875,-0.031982421875,-0.038818359375,-0.005126953125,0.035888671875,0.0390625,0.0107421875,-0.021484375,-0.032470703125,-0.0283203125,-0.05712890625,-0.041015625,-0.041015625,0.017822265625,0.0205078125,-0.000732421875,0.029052734375,-0.019775390625,-0.05615234375,-0.048828125,-0.017333984375,-0.022705078125,-0.02490234375,0.004638671875,0.031982421875,0.021484375,-0.021240234375,-0.021240234375,-0.014404296875,0.001220703125,-0.022216796875,-0.042724609375,-0.012451171875,-0.015380859375,-0.0400390625,-0.02734375,0.006591796875,0.00390625,-0.00830078125,0.002197265625,-0.002197265625,-0.002197265625,-0.029296875,-0.03125,-0.029541015625,-0.007080078125,-0.0185546875,-0.008544921875,0.019775390625,0.001953125,-0.025634765625,-0.020263671875,0.001220703125,0.014892578125,0.014892578125,-0.001953125,-0.003173828125,-0.014404296875,-0.032470703125,-0.0224609375,0.008544921875,0.014404296875,0.007080078125,0.032470703125,0.010009765625,-0.03076171875,-0.053955078125,-0.053955078125,-0.048583984375,-0.025146484375,-0.017333984375,0.0205078125,0.020263671875,-0.00732421875,-0.018798828125,-0.021240234375,-0.0146484375,-0.04150390625,-0.05517578125,-0.008544921875,-0.008544921875,0.011962890625,-0.0009765625,-0.001708984375,-0.003173828125,-0.021240234375,-0.045166015625,-0.02783203125,0.003173828125,-0.013916015625,-0.032958984375,-0.007080078125,-0.007080078125,-0.012451171875,0.0185546875,-0.00146484375,-0.027099609375,-0.049072265625,-0.0458984375,-0.0146484375,-0.00048828125,-0.010009765625,0.046875,0.046630859375,-0.02978515625,-0.02978515625,-0.067626953125,-0.01904296875,-0.038330078125,-0.040771484375,0.0107421875,0.057861328125,0.02197265625,-0.0048828125,0.00537109375,-0.0283203125,-0.05859375,-0.015869140625,-0.015869140625,-0.00537109375,0.022705078125,0.00439453125,-0.00244140625,-0.034423828125,-0.03515625,0.001953125,-0.0068359375,-0.026123046875,-0.034912109375,-0.027099609375,-0.046142578125,-0.038818359375,-0.038818359375,-0.007080078125,0.03173828125,0.000244140625,-0.02587890625,-0.0078125,-0.0068359375,-0.03759765625,-0.0498046875,-0.014892578125,-0.001220703125,0.0078125,-0.009033203125,-0.0458984375,-0.0458984375,-0.016845703125,-0.021240234375,-0.010009765625,0.029296875,0.051513671875,0.019775390625,-0.0302734375,-0.02880859375,-0.01171875,-0.017578125,-0.0107421875,-0.017822265625,-0.0224609375,-0.014404296875,-0.014404296875,-0.025146484375,0.022216796875,0.01318359375,-0.019775390625,0.01904296875,-0.025146484375,-0.044921875,-0.00390625,-0.0244140625,0.001220703125,-0.010009765625,-0.00927734375,0.000244140625,0.000244140625,-0.031005859375,-0.03466796875,-0.027099609375,-0.01806640625,-0.02099609375,0.0048828125,-0.012939453125,-0.0126953125,-0.0244140625,-0.029541015625,-0.0146484375,0.011474609375,0.0283203125,-0.017333984375,0.011962890625,-0.054931640625,-0.001708984375,-0.033447265625,-0.0537109375,0.012451171875,-0.063232421875,0.052978515625,0.0029296875,-0.02587890625,0.1025390625,-0.063720703125,0.00146484375,0.0224609375,-0.122314453125,0.033203125,0.008056640625,-0.052734375,0.04296875,0.014404296875,0.01123046875,0.01123046875,-0.03076171875,-0.0537109375,-0.057861328125,-0.02880859375,-0.037109375,0.0068359375,0.03271484375,0.007568359375,0.021240234375,-0.0244140625,-0.04296875,-0.015869140625,-0.024658203125,-0.012451171875,-0.0166015625,-0.021728515625,-0.0205078125,-0.02587890625,0.00048828125,0.0,-0.005615234375,-0.01708984375,-0.051513671875,-0.0419921875,-0.018310546875,0.00048828125,0.04736328125,0.066650390625,0.047607421875,0.02734375,-0.014404296875,-0.048095703125,-0.0498046875,-0.04248046875,-0.029052734375,-0.0185546875,-0.018310546875,-0.018310546875,-0.010498046875,0.0009765625,0.020263671875,0.036865234375,0.02099609375,-0.025634765625,-0.070556640625,-0.059326171875,0.0068359375,0.051513671875,0.01708984375,-0.066650390625,-0.101318359375,-0.0400390625,0.0361328125,0.008544921875,-0.072265625,-0.053955078125,0.03076171875,-0.03857421875,-0.03857421875,-0.013427734375,0.01611328125,-0.051025390625,-0.040283203125,0.013671875,-0.039794921875,-0.020263671875,0.0361328125,-0.0625,-0.0712890625,0.057373046875,-0.01318359375,-0.01318359375,-0.01123046875,-0.042236328125,-0.05029296875,0.007568359375,-0.003662109375,-0.03759765625,0.033203125,0.06787109375,0.00732421875,-0.033447265625,-0.029052734375,-0.029052734375,-0.009521484375,0.0078125,-0.003173828125,0.02587890625,0.02001953125,-0.035888671875,-0.04833984375,-0.00341796875,0.021484375,0.005859375,0.009033203125,-0.054931640625,-0.054931640625,-0.035888671875,-0.02490234375,-0.008056640625,0.02587890625,0.04052734375,-0.01806640625,-0.0537109375,-0.04541015625,-0.032470703125,-0.00146484375,-0.022216796875,-0.069091796875,-0.069091796875,-0.04248046875,-0.017822265625,-0.022216796875,0.00390625,-0.01611328125,-0.058837890625,-0.00732421875,0.052001953125,0.042724609375,-0.031005859375,-0.10107421875,0.016357421875,0.100830078125,0.100830078125,0.0341796875,-0.0771484375,-0.1015625,-0.03662109375,0.048095703125,0.047607421875,-0.004150390625,-0.0224609375,0.015380859375,0.005126953125,-0.048828125,0.01416015625,0.064453125,0.064453125,0.007080078125,-0.0693359375,-0.049560546875,0.029541015625,0.042236328125,-0.0517578125,-0.07861328125,0.042236328125,0.113037109375,-0.0048828125,-0.131103515625,0.09033203125,0.04296875,-0.110595703125,-0.110595703125,-0.08056640625,0.07373046875,0.050537109375,-0.118896484375,-0.135009765625,0.05859375,0.110595703125,-0.079345703125,-0.1220703125,0.0712890625,-0.090087890625,-0.11767578125,0.05615234375,0.05615234375,0.0869140625,-0.09326171875,-0.1435546875,0.025146484375,0.095947265625,-0.044921875,-0.084228515625,0.062255859375,0.0849609375,-0.07080078125,0.033203125,0.050048828125,-0.074951171875,-0.074951171875,-0.091064453125,0.04248046875,0.0888671875,-0.020263671875,-0.060302734375,0.020751953125,0.04345703125,-0.0244140625,-0.044189453125,0.0068359375,-0.05322265625,-0.0419921875,0.029541015625,0.029541015625,0.057861328125,0.033203125,0.001953125,-0.015625,-0.0146484375,-0.017333984375,-0.03857421875,-0.053955078125,-0.041748046875,-0.008056640625,-0.059326171875,-0.026611328125,0.058349609375,0.058349609375,0.056884765625,-0.04736328125,-0.074462890625,0.045166015625,0.061279296875,-0.09912109375,-0.152587890625,-0.02197265625,0.06396484375,-0.017333984375,0.010498046875,0.080078125,0.007080078125,-0.05322265625,-0.05322265625,0.001220703125,0.009521484375,-0.0615234375,-0.05322265625,0.028564453125,0.00048828125,-0.079345703125,-0.02587890625,0.066650390625,-0.046630859375,-0.0205078125,0.066650390625,0.066650390625,0.018310546875,-0.079833984375,-0.0703125,0.025634765625,0.010498046875,-0.097412109375,-0.03515625,0.0888671875,-0.04931640625,-0.03466796875,0.056396484375,0.011474609375,0.011474609375,-0.045654296875,-0.01904296875,-0.028564453125,-0.06640625,-0.02880859375,0.06884765625,0.048095703125,-0.07080078125,0.09423828125,0.055419921875,-0.1181640625,-0.125,-0.125,0.0625,0.07568359375,-0.111572265625,-0.131591796875,0.0625,0.121826171875,-0.040771484375,0.02734375,0.065185546875,-0.062744140625,-0.090576171875,0.003662109375,0.003662109375,0.01123046875,-0.065673828125,-0.056396484375,0.02490234375,0.015380859375,-0.027099609375,0.0341796875,-0.06201171875,-0.112548828125,0.031005859375,0.05908203125,-0.07666015625,-0.07666015625,-0.096435546875,0.032470703125,0.058349609375,-0.036376953125,-0.019775390625,0.065673828125,-0.06689453125,-0.043212890625,0.034912109375,-0.01953125,-0.091064453125,-0.091064453125,-0.036865234375,0.03662109375,-0.0029296875,-0.05419921875,0.024169921875,0.080810546875,-0.013427734375,-0.0068359375,0.056640625,-0.057373046875,-0.11279296875,0.006103515625,0.069580078125,0.069580078125,-0.026611328125,-0.0595703125,0.041259765625,0.05419921875,-0.039794921875,-0.04052734375,0.037841796875,-0.106689453125,-0.046630859375,0.051513671875,-0.010986328125,-0.09375,-0.013671875,-0.013671875,0.08544921875,0.002197265625,-0.0888671875,-0.003662109375,0.06982421875,-0.02587890625,-0.115478515625,0.05859375,-0.016357421875,-0.071533203125,0.0048828125,0.055908203125,-0.031982421875,-0.031982421875,-0.064453125,0.04345703125,0.044677734375,-0.095458984375,0.01220703125,-0.081787109375,0.037353515625,-0.101806640625,-0.0595703125,0.077880859375,0.029296875,-0.028076171875,0.0830078125,0.00048828125,-0.11572265625,-0.02978515625,0.080810546875,-0.000732421875,-0.000732421875,-0.106689453125,-0.02783203125,0.0615234375,-0.0126953125,-0.06689453125,0.033447265625,-0.046875,-0.088134765625,0.0400390625,0.06884765625,-0.068603515625,-0.084228515625,0.031982421875,0.048828125,0.048828125,-0.04150390625,-0.03515625,0.06005859375,0.029296875,-0.082763671875,-0.054443359375,0.015380859375,-0.099853515625,-0.049072265625,0.036376953125,-0.016845703125,-0.077880859375,-0.00341796875,-0.00341796875,0.055908203125,-0.02099609375,-0.070068359375,0.011474609375,0.06396484375,-0.108642578125,-0.012451171875,0.052734375,-0.028076171875,-0.061767578125,0.044921875,0.071533203125,-0.039794921875,-0.039794921875,-0.068359375,0.03173828125,0.052001953125,-0.053466796875,-0.072509765625,0.021728515625,0.035888671875,-0.036376953125,0.06201171875,0.020263671875,-0.07470703125,-0.0322265625,0.0615234375,0.004150390625,0.004150390625,-0.0986328125,-0.05419921875,0.04296875,0.005859375,-0.072021484375,-0.0146484375,0.065673828125,-0.09423828125,-0.021484375,0.08447265625,0.028076171875,-0.06640625,-0.0302734375,0.029541015625,0.029541015625,-0.037841796875,-0.079833984375,0.015380859375,0.079833984375,-0.058349609375,-0.00341796875,0.016845703125,-0.05126953125,-0.057373046875,0.026123046875,0.0244140625,-0.0654296875,-0.0654296875,-0.05224609375,0.027099609375,0.02490234375,-0.048828125,0.03125,0.004150390625,-0.071533203125,-0.04052734375,0.021240234375,-0.00439453125,-0.055908203125,-0.055908203125,-0.029052734375,0.0341796875,0.007080078125,-0.038330078125,0.048095703125,0.001953125,-0.027587890625,0.01123046875,0.0078125,-0.086669921875,-0.08349609375,0.02734375,0.02734375,0.0419921875,-0.02197265625,-0.005126953125,0.047119140625,-0.089599609375,-0.04833984375,0.048095703125,0.0107421875,-0.073486328125,-0.03662109375,0.02783203125,-0.013427734375,-0.013427734375,-0.083984375,-0.016845703125,0.079833984375,-0.06298828125,0.0009765625,0.05908203125,-0.033203125,-0.1044921875,-0.014892578125,0.063232421875,-0.01708984375,-0.057861328125,-0.057861328125,0.03857421875,0.065185546875,-0.049560546875,0.061767578125,0.05517578125,-0.090576171875,-0.101318359375,0.01953125,0.01318359375,-0.08154296875,-0.025146484375,-0.025146484375,0.075927734375,0.014892578125,-0.075439453125,0.058837890625,-0.0244140625,-0.093994140625,-0.0087890625,0.055908203125,-0.028564453125,-0.07958984375,0.00634765625,0.06787109375,-0.00927734375,-0.00927734375,-0.0634765625,0.046142578125,0.08349609375,-0.107177734375,0.000244140625,0.038330078125,-0.049072265625,-0.056640625,0.03857421875,0.03369140625,-0.058349609375,-0.024169921875,0.06787109375,0.017578125,0.017578125,-0.076904296875,-0.03173828125,-0.050537109375,-0.115234375,-0.01416015625,0.06494140625,-0.00927734375,-0.055419921875,0.045166015625,0.072021484375,-0.05029296875,-0.10107421875,0.00634765625,0.00634765625,0.065185546875,-0.026611328125,0.0087890625,0.03466796875,-0.037109375,-0.046142578125,0.056396484375,0.060546875,-0.0595703125,-0.05126953125,0.03369140625,-0.010009765625,-0.095703125,-0.095703125,-0.0478515625,0.04345703125,-0.064697265625,-0.001708984375,0.0654296875,-0.009033203125,-0.0830078125,0.005859375,0.061767578125,-0.037841796875,-0.104736328125,-0.033935546875,0.03759765625,0.03759765625,-0.014404296875,-0.0517578125,0.051513671875,-0.021484375,-0.04736328125,0.021484375,0.036376953125,-0.0498046875,-0.064208984375,0.0224609375,0.045166015625,-0.040283203125,-0.0595703125,-0.0595703125,0.02587890625,-0.0595703125,-0.02197265625,0.063232421875,0.02294921875,-0.079345703125,-0.064453125,0.023193359375,-0.007080078125,-0.066162109375,-0.013427734375,0.057861328125,0.01416015625,0.01416015625,-0.0439453125,0.04638671875,-0.010009765625,-0.076416015625,-0.0390625,0.010498046875,-0.015625,-0.041259765625,0.019287109375,0.058837890625,-0.008056640625,-0.041748046875,0.002685546875,0.016357421875,0.016357421875,-0.03564453125,-0.01318359375,0.000732421875,-0.039794921875,-0.048095703125,0.006103515625,0.0078125,-0.02685546875,-0.012451171875,0.02978515625,0.010498046875,-0.053466796875,-0.053466796875,-0.035888671875,-0.0224609375,-0.05517578125,-0.01708984375,0.032470703125,0.0205078125,-0.013671875,0.016845703125,0.0234375,-0.02099609375,-0.041748046875,-0.014892578125,-0.014892578125,-0.0263671875,-0.03857421875,-0.0009765625,0.013916015625,-0.0126953125,-0.018310546875,0.0244140625,0.02294921875,-0.045654296875,-0.04150390625,0.003173828125,-0.033203125,-0.033203125,-0.02392578125,0.022705078125,0.005859375,-0.0283203125,-0.011962890625,0.037353515625,0.00048828125,-0.032470703125,-0.000732421875,-0.009521484375,-0.04443359375,-0.045654296875,-0.045654296875,0.028076171875,-0.002685546875,-0.0234375,0.009521484375,0.00439453125,-0.030029296875,-0.02392578125,0.012451171875,-0.00390625,-0.063232421875,-0.04541015625,-0.04541015625,-0.008544921875,-0.042236328125,-0.01953125,0.052001953125,0.010498046875,-0.05517578125,-0.01953125,0.017333984375,-0.0205078125,-0.065673828125,-0.02392578125,0.0390625,0.00341796875,-0.031494140625,-0.00537109375,0.017822265625,0.000244140625,-0.01953125,0.014404296875,0.0263671875,-0.028076171875,-0.044921875,-0.015625,-0.007080078125,-0.0205078125,-0.006591796875,0.02294921875,-0.009033203125,-0.04931640625,-0.007568359375,0.037109375,-0.006103515625,-0.057373046875,-0.03466796875,0.0009765625,-0.03662109375,-0.0537109375,-0.00830078125,0.0166015625,-0.009033203125,-0.020263671875,0.0078125,0.026611328125,-0.012451171875,-0.048828125,-0.015869140625,0.0126953125,-0.005126953125,-0.008056640625,0.019287109375,0.000244140625,-0.042236328125,-0.021240234375,0.0244140625,0.018798828125,-0.02197265625,-0.02880859375,0.0048828125,-0.022216796875,-0.05908203125,-0.012939453125,0.021484375,-0.016845703125,-0.0439453125,-0.004638671875,0.0126953125,-0.03759765625,-0.049560546875,0.0068359375,0.0078125,-0.04052734375,-0.036376953125,0.019775390625,0.0322265625,-0.02490234375,-0.034912109375,0.017822265625,0.0205078125,-0.0322265625,-0.033935546875,0.011962890625,0.000244140625,-0.048095703125,-0.02392578125,0.03466796875,0.02294921875,-0.025146484375,-0.005126953125,0.035400390625,-0.012939453125,-0.08154296875,-0.039306640625,0.020263671875,-0.0390625,-0.0966796875,-0.01513671875,0.06591796875,0.005126953125,-0.057373046875,0.00927734375,0.044677734375,-0.0302734375,-0.0615234375,0.00537109375,0.048828125,-0.021240234375,-0.084716796875,-0.040771484375,0.017822265625,-0.00244140625,-0.0146484375,0.034912109375,0.050048828125,-0.023193359375,-0.056884765625,0.010986328125,0.0263671875,-0.053955078125,-0.081298828125,-0.00830078125,0.031005859375,-0.010498046875,-0.019287109375,0.02099609375,0.016845703125,-0.0498046875,-0.056640625,0.02490234375,0.024658203125,-0.0419921875,-0.047119140625,-0.03759765625,-0.047119140625,-0.01953125,0.026123046875,0.03955078125,0.002197265625,-0.033447265625,-0.007568359375,-0.015869140625,-0.053955078125,-0.030517578125,-0.030517578125,-0.002197265625,-0.018310546875,-0.00439453125,0.03857421875,0.01025390625,-0.05615234375,-0.041015625,0.021240234375,0.019287109375,-0.01171875,-0.0087890625,-0.0126953125,-0.05517578125,-0.083740234375,-0.030517578125,0.046142578125,0.0244140625,-0.02685546875,0.01171875,0.03759765625,-0.041259765625,-0.09375,-0.031005859375,0.03564453125,0.0078125,-0.03076171875,-0.001708984375,0.01708984375,-0.02392578125,-0.005126953125,0.03466796875,0.005126953125,-0.02783203125,-0.02783203125,-0.0146484375,-0.00927734375,-0.05029296875,-0.056640625,-0.00048828125,0.01123046875,-0.016845703125,-0.0048828125,0.024169921875,-0.014892578125,-0.04443359375,0.0078125,0.0380859375,-0.006103515625,-0.052734375,-0.0341796875,0.0009765625,-0.0205078125,-0.02685546875,0.0048828125,0.023681640625,0.005615234375,-0.005859375,0.014404296875,-0.0048828125,-0.0703125,-0.00927734375,0.014404296875,-0.00732421875,0.019775390625,0.048583984375,-0.008544921875,-0.075927734375,-0.075927734375,-0.03271484375,0.03857421875,0.005859375,-0.05419921875,-0.034912109375,-0.010986328125,-0.055908203125,-0.080810546875,-0.007080078125,0.06591796875,0.020263671875,-0.032958984375,0.014892578125,0.03564453125,-0.024658203125,-0.0654296875,-0.038818359375,0.0087890625,0.005126953125,-0.0205078125,0.011474609375,0.03955078125,-0.01806640625,-0.029541015625,0.0380859375,-0.062744140625,-0.0654296875,-0.019775390625,-0.013671875,-0.015380859375,-0.00048828125,0.0166015625,0.00390625,0.00390625,-0.023681640625,-0.0048828125,0.033935546875,-0.00732421875,-0.0615234375,-0.038818359375,-0.02587890625,-0.056396484375,-0.038818359375,0.01513671875,0.01904296875,-0.014892578125,-0.02734375,0.0234375,0.049072265625,0.000244140625,-0.039794921875,-0.01123046875,-0.021484375,-0.08642578125,-0.044921875,0.065673828125,-0.004150390625,-0.0185546875,-0.001953125,-0.031982421875,-0.08056640625,-0.037353515625,0.032958984375,0.032958984375,-0.001953125,-0.06884765625,-0.042236328125,0.01513671875,-0.0126953125,-0.048828125,0.0146484375,0.074951171875,0.032958984375,-0.03076171875,-0.0146484375,0.00732421875,-0.065185546875,-0.106689453125,-0.031005859375,0.044677734375,0.02978515625,0.006591796875,-0.001708984375,-0.025634765625,-0.0283203125,0.044189453125,0.0439453125,-0.054443359375,-0.0927734375,-0.022216796875,0.030517578125,0.014892578125,-0.006103515625,-0.006103515625,0.00830078125,-0.0087890625,-0.04296875,-0.020751953125,0.014404296875,0.013671875,-0.040771484375,-0.0810546875,-0.037841796875,0.011474609375,0.008056640625,0.009033203125,0.005615234375,-0.036865234375,-0.043212890625,0.00732421875,0.00244140625,-0.031005859375,-0.025634765625,-0.014892578125,-0.020263671875,-0.00732421875,-0.00732421875,0.030029296875,0.004150390625,-0.055908203125,-0.021240234375,0.070068359375,0.043212890625,-0.0517578125,-0.052001953125,-0.022705078125,-0.060302734375,-0.091064453125,-0.029052734375,0.07421875,0.073486328125,-0.029052734375,0.004150390625,0.008056640625,-0.015869140625,0.00830078125,0.028076171875,-0.012939453125,-0.046875,-0.046875,-0.031005859375,-0.009521484375,0.004638671875,-0.0126953125,-0.01708984375,0.0,-0.021728515625,-0.0283203125,0.023681640625,0.001708984375,-0.072021484375,-0.00439453125,0.0009765625,-0.008544921875,0.00732421875,0.021728515625,-0.0048828125,-0.041015625,-0.021240234375,-0.021240234375,0.017333984375,-0.01416015625,-0.060791015625,-0.031982421875,0.009033203125,0.001220703125,-0.001708984375,0.005615234375,-0.003662109375,-0.045166015625,0.04150390625,0.068115234375,-0.0439453125,-0.07763671875,0.00439453125,0.00439453125,-0.0576171875,-0.02978515625,0.06396484375,0.06396484375,0.080078125,-0.016357421875,-0.064453125,0.005859375,0.004638671875,-0.087890625,-0.08056640625,0.024169921875,0.032958984375,-0.041748046875,0.025146484375,0.023193359375,-0.029541015625,-0.02294921875,0.027587890625,0.029541015625,-0.034912109375,-0.05908203125,-0.023681640625,-0.023681640625,-0.0244140625,-0.031005859375,0.020751953125,0.07421875,0.063232421875,-0.0322265625,-0.10302734375,-0.0654296875,-0.00634765625,0.017822265625,-0.002197265625,-0.068115234375,-0.071533203125,-0.02587890625,0.00537109375,0.025146484375,0.063232421875,0.018798828125,-0.08837890625,-0.093505859375,0.019775390625,0.070068359375,-0.023681640625,-0.154296875,-0.11181640625,-0.11181640625,0.047119140625,0.109619140625,0.05224609375,-0.01513671875,-0.012451171875,-0.026611328125,-0.062744140625,-0.044189453125,0.02490234375,0.062255859375,-0.014404296875,-0.108642578125,0.065673828125,0.111328125,0.009765625,-0.08349609375,-0.031494140625,0.07861328125,0.112548828125,0.023681640625,-0.095703125,-0.12158203125,-0.066650390625,-0.021728515625,0.00146484375,0.027099609375,0.011962890625,-0.0078125,-0.0078125,-0.00732421875,-0.0380859375,-0.009033203125,0.042724609375,-0.0048828125,-0.029541015625,-0.02392578125,-0.0322265625,-0.011474609375,-0.025146484375,-0.08544921875,-0.075439453125,0.008544921875,0.001953125,0.006103515625,-0.0380859375,-0.022216796875,-0.00537109375,-0.027099609375,-0.029296875,-0.008544921875,-0.00439453125,-0.005126953125,-0.0205078125,-0.048095703125,-0.00634765625,0.034423828125,0.025390625,-0.0380859375,-0.05859375,-0.05859375,-0.001953125,0.061767578125,0.03955078125,-0.048095703125,-0.052001953125,-0.02734375,-0.014404296875,0.008544921875,-0.011962890625,0.009765625,0.0771484375,-0.013671875,-0.010498046875,-0.023193359375,0.000732421875,0.060791015625,-0.047607421875,-0.06201171875,0.05908203125,-0.022216796875,-0.083740234375,0.035888671875,0.026123046875,-0.029296875,0.02734375,0.005126953125,-0.051513671875,-0.029296875,-0.041259765625,-0.056640625,-0.00634765625,-0.00439453125,-0.00439453125,-0.029541015625,-0.00634765625,0.010498046875,0.008544921875,0.005126953125,-0.013671875,-0.031982421875,-0.0205078125,-0.016845703125,-0.03271484375,-0.03515625,-0.027587890625,-0.02294921875,-0.0244140625,0.00048828125,0.025634765625,0.014892578125,0.013916015625,0.02392578125,0.007080078125,-0.00341796875,-0.011474609375,-0.029541015625,-0.021728515625,0.00341796875,0.014892578125,0.01171875,0.0078125,-0.019287109375,-0.0400390625,-0.036865234375,-0.036865234375,-0.034912109375,-0.002685546875,0.018310546875,0.005126953125,-0.011474609375,-0.03125,-0.024169921875,0.038818359375,-0.003662109375,-0.01904296875,-0.01171875,-0.063232421875,-0.077392578125,-0.016845703125,-0.019775390625,-0.03271484375,0.012939453125,-0.007080078125,-0.056396484375,0.02001953125,0.027587890625,-0.0302734375,0.07373046875,0.012451171875,-0.02685546875,0.019287109375,-0.119384765625,-0.119384765625,-0.0234375,-0.03955078125,-0.0859375,0.01025390625,-0.021240234375,0.0517578125,0.022216796875,-0.01611328125,-0.04052734375,0.0048828125,-0.011962890625,-0.001953125,0.02099609375,0.00732421875,-0.00390625,-0.044189453125,-0.06201171875,-0.036865234375,-0.03076171875,-0.001953125,0.00927734375,-0.01318359375,0.0224609375,0.013916015625,-0.0126953125,0.008056640625,-0.01025390625,0.025390625,-0.022216796875,-0.06591796875,-0.06591796875,-0.00244140625,-0.003662109375,0.0341796875,0.04443359375,-0.0361328125,-0.040283203125,-0.038818359375,-0.034423828125,0.004638671875,0.03466796875,0.04833984375,0.010986328125,-0.04833984375,-0.020751953125,0.010009765625,0.003662109375,-0.027587890625,-0.0498046875,-0.01806640625,-0.0205078125,-0.00244140625,0.039794921875,0.016357421875,-0.005615234375,-0.047119140625,-0.048583984375,-0.037841796875,-0.0556640625,-0.01806640625,-0.003173828125,0.001953125,-0.00634765625,0.003662109375,0.01318359375,0.01318359375,0.019287109375,0.015625,-0.02294921875,-0.03662109375,-0.042724609375,-0.030029296875,-0.0419921875,-0.034423828125,0.0009765625,0.013916015625,-0.00048828125,0.007568359375,0.014404296875,-0.003662109375,-0.024169921875,-0.01318359375,0.00634765625,-0.023193359375,-0.02880859375,0.001953125,-0.015869140625,-0.046875,-0.03564453125,-0.0166015625,-0.005615234375,0.019287109375,0.03564453125,0.034912109375,0.0126953125,-0.018310546875,-0.018310546875,-0.00732421875,-0.01220703125,-0.046630859375,-0.00830078125,0.000732421875,-0.04736328125,-0.02685546875,0.004150390625,-0.0126953125,-0.022705078125,-0.013427734375,0.021240234375,0.0107421875,-0.034423828125,-0.037109375,-0.009033203125,-0.029541015625,-0.021484375,0.0146484375,0.008544921875,0.01708984375,0.01025390625,-0.04296875,-0.066162109375,-0.08349609375,-0.072265625,-0.01953125,0.010986328125,0.0234375,0.033447265625,0.035888671875,0.035888671875,0.010009765625,-0.04931640625,-0.03369140625,-0.02587890625,-0.034912109375,-0.020263671875,0.00048828125,-0.001708984375,-0.001708984375,0.01171875,0.003662109375,-0.0048828125,0.022216796875,0.00390625,-0.025634765625,-0.029541015625,-0.02587890625,-0.01025390625,0.015869140625,0.015869140625,0.031494140625,0.033447265625,-0.0068359375,-0.017333984375,-0.01953125,-0.05712890625,-0.026123046875,0.00537109375,-0.007080078125,0.018798828125,0.036376953125,-0.000732421875,-0.030029296875,-0.04296875,-0.0703125,-0.02880859375,0.001220703125,-0.01513671875,0.007080078125,0.031982421875,-0.011962890625,-0.05859375,-0.05859375,-0.025390625,-0.0107421875,-0.018798828125,-0.019287109375,0.0205078125,0.02001953125,-0.010009765625,-0.022705078125,-0.028076171875,-0.053466796875,-0.0703125,-0.017578125,0.017822265625,-0.00439453125,0.00048828125,0.03515625,0.030517578125,-0.021484375,-0.052978515625,-0.005859375,0.015625,-0.064697265625,-0.098388671875,-0.000732421875,0.07568359375,0.0244140625,-0.02294921875,0.019775390625,0.03564453125,-0.026123046875,-0.071044921875,-0.035888671875,-0.015380859375,-0.0185546875,0.00439453125,0.042724609375,0.0234375,0.025146484375,0.0244140625,-0.015869140625,-0.0693359375,-0.095458984375,-0.042236328125,0.029296875,0.0185546875,-0.03369140625,0.0205078125,0.0732421875,-0.015869140625,-0.091064453125,-0.03857421875,0.012451171875,-0.02294921875,-0.046142578125,-0.003662109375,0.018798828125,-0.015380859375,-0.041259765625,-0.0146484375,-0.013671875,-0.03955078125,0.0654296875,0.0654296875,0.00341796875,-0.0771484375,0.009521484375,0.06494140625,-0.0439453125,-0.087646484375,-0.003662109375,0.074951171875,0.007568359375,-0.0869140625,-0.01953125,0.064208984375,-0.0146484375,-0.0947265625,-0.009033203125,0.065673828125,-0.02587890625,-0.068359375,0.02197265625,0.028076171875,-0.04296875,-0.066162109375,0.007568359375,0.02880859375,-0.0517578125,-0.047607421875,0.060302734375,0.035888671875,-0.088623046875,-0.076416015625,0.033447265625,0.033447265625,-0.09716796875,-0.05419921875,0.07373046875,0.023193359375,-0.091552734375,-0.013427734375,0.0908203125,0.002685546875,-0.094482421875,-0.031494140625,0.06005859375,-0.017822265625,-0.0849609375,0.015380859375,0.0546875,-0.049560546875,-0.099609375,0.025634765625,0.091796875,-0.0390625,-0.083251953125,0.029052734375,0.057861328125,-0.06884765625,-0.117431640625,0.054931640625,0.099365234375,-0.115966796875,0.064453125,0.121826171875,0.121826171875,-0.048095703125,-0.1015625,0.056884765625,0.031005859375,-0.152099609375,-0.1103515625,0.089111328125,0.07763671875,-0.0849609375,-0.05419921875,0.080322265625,0.017578125,-0.12109375,-0.043701171875,0.09619140625,-0.002197265625,-0.162841796875,-0.058837890625,0.09765625,0.009521484375,-0.107177734375,0.018798828125,0.082763671875,-0.064453125,-0.129638671875,0.021484375,-0.0341796875,-0.111572265625,0.023193359375,0.07666015625,-0.052734375,-0.052734375,-0.08837890625,0.10205078125,-0.071533203125,-0.08154296875,0.05322265625,0.05322265625,0.05126953125,-0.104248046875,-0.103759765625,0.072509765625,0.059814453125,-0.085693359375,-0.049560546875,0.101806640625,0.0615234375,-0.114990234375,-0.04541015625,0.101318359375,-0.00244140625,-0.15087890625,-0.058837890625,0.081787109375,-0.009765625,-0.12060546875,0.033447265625,0.143310546875,-0.01611328125,-0.146240234375,-0.012939453125,0.09326171875,-0.04150390625,-0.127197265625,0.05322265625,-0.07568359375,-0.126953125,0.0595703125,0.09521484375,-0.102783203125,-0.122314453125,-0.122314453125,0.089111328125,0.070556640625,-0.1484375,-0.11328125,0.0966796875,0.08447265625,-0.12060546875,-0.095703125,0.104248046875,0.08056640625,-0.115234375,-0.0712890625,0.11865234375,0.04541015625,-0.13720703125,-0.070556640625,0.075927734375,0.016357421875,-0.104248046875,0.004638671875,0.141357421875,0.023681640625,-0.013916015625,0.112548828125,-0.028564453125,-0.115966796875,0.042236328125,0.107421875,-0.055908203125,-0.1337890625,0.0146484375,0.080322265625,-0.06103515625,-0.108642578125,-0.108642578125,0.029052734375,0.092041015625,-0.03515625,-0.084228515625,0.04248046875,0.052001953125,-0.1201171875,-0.11669921875,0.05712890625,0.068359375,-0.05859375,-0.03564453125,0.073974609375,0.014404296875,-0.108154296875,-0.038330078125,0.079833984375,-0.025390625,-0.17431640625,-0.026611328125,0.139892578125,-0.086669921875,0.001953125,0.099365234375,-0.058837890625,-0.159912109375,0.007080078125,0.101806640625,-0.022216796875,-0.094482421875,0.011962890625,0.011962890625,0.0615234375,-0.06640625,-0.09228515625,0.039306640625,0.040771484375,-0.08154296875,-0.032958984375,0.114501953125,0.07861328125,-0.09375,-0.08642578125,0.044921875,0.01123046875,-0.103759765625,-0.025146484375,0.108642578125,0.040283203125,-0.079833984375,0.00390625,0.082275390625,-0.038330078125,-0.1318359375,0.050537109375,-0.043212890625,-0.0703125,0.0654296875,0.099853515625,-0.071533203125,-0.1435546875,0.005615234375,0.061279296875,-0.072998046875,-0.072998046875,-0.080810546875,0.067138671875,0.070556640625,-0.089599609375,-0.08935546875,0.067138671875,0.05322265625,-0.099365234375,-0.0498046875,0.104248046875,0.0830078125,-0.07275390625,-0.06298828125,0.05224609375,0.001220703125,-0.12744140625,-0.0625,0.0908203125,-0.0390625,0.0107421875,0.06298828125,-0.040771484375,-0.12255859375,-0.0361328125,0.03369140625,-0.065673828125,-0.091552734375,0.046630859375,0.046630859375,0.1015625,-0.021728515625,-0.073486328125,0.02001953125,0.048583984375,-0.0830078125,-0.099365234375,0.042724609375,0.06298828125,-0.045654296875,-0.04248046875,0.05078125,0.0244140625,-0.07470703125,-0.03564453125,0.057373046875,0.01123046875,-0.085205078125,0.067626953125,-0.0263671875,-0.101806640625,-0.0166015625,0.05419921875,-0.021240234375,-0.065185546875,0.021728515625,0.071533203125,-0.03271484375,-0.0869140625,0.0126953125,0.0126953125,0.050048828125,-0.072021484375,0.04150390625,0.04150390625,0.045166015625,-0.065673828125,-0.054931640625,0.072021484375,0.060302734375,-0.072509765625,-0.041015625,0.050048828125,-0.012939453125,-0.103759765625,-0.021728515625,0.086669921875,0.014404296875,-0.08935546875,-0.018798828125,0.0537109375,-0.08935546875,-0.0439453125,0.010009765625,0.082275390625,-0.11279296875,-0.010498046875,0.054931640625,-0.0498046875,-0.075927734375,0.04736328125,0.0712890625,0.0712890625,-0.059814453125,-0.078369140625,0.03662109375,0.03564453125,-0.095458984375,-0.0771484375,0.053955078125,-0.06640625,-0.025146484375,0.091064453125,0.050048828125,-0.095458984375,-0.095458984375,-0.0478515625,0.078369140625,0.00341796875,-0.099853515625,-0.0283203125,0.06396484375,-0.08349609375,0.007568359375,0.0869140625,-0.010498046875,-0.1015625,-0.017333984375,0.071533203125,-0.017333984375,-0.017333984375,-0.0830078125,0.02294921875,0.06982421875,-0.074951171875,-0.120361328125,0.0751953125,-0.03564453125,-0.069580078125,0.0390625,0.054443359375,-0.053955078125,-0.0595703125,0.025146484375,0.025146484375,0.011474609375,-0.089111328125,-0.04052734375,0.0703125,0.023681640625,-0.005859375,0.041748046875,-0.04052734375,-0.090576171875,-0.015625,0.042236328125,-0.030517578125,-0.067138671875,-0.067138671875,0.027587890625,0.06103515625,-0.046142578125,-0.076904296875,0.027099609375,-0.068359375,-0.06396484375,0.057861328125,0.05908203125,-0.062255859375,-0.07080078125,0.04296875,0.0439453125,0.0439453125,-0.0654296875,-0.0234375,0.068115234375,0.00830078125,-0.099853515625,0.0693359375,0.019775390625,-0.093017578125,-0.049072265625,0.0556640625,-0.00146484375,-0.07861328125,-0.011962890625,-0.011962890625,0.0556640625,-0.01416015625,-0.077392578125,-0.021240234375,0.036376953125,-0.055419921875,0.02197265625,0.05126953125,-0.059326171875,-0.084716796875,0.017822265625,0.036376953125,-0.054443359375,-0.041015625,-0.041015625,0.07080078125,0.0615234375,-0.06494140625,-0.067626953125,0.031982421875,-0.07958984375,-0.05126953125,0.063232421875,0.0400390625,-0.062744140625,-0.055419921875,0.06494140625,0.039306640625,-0.07763671875,-0.070068359375,-0.070068359375,0.018798828125,0.00390625,-0.06201171875,0.065185546875,0.007080078125,-0.05712890625,-0.021728515625,0.00390625,-0.04296875,-0.055908203125,0.022216796875,0.05078125,0.05078125,-0.042236328125,-0.070556640625,0.032958984375,0.059814453125,-0.08203125,0.05126953125,0.0576171875,-0.069091796875,-0.05859375,0.051025390625,0.016845703125,-0.09814453125,-0.06640625,0.055908203125,0.055908203125,0.025390625,-0.072265625,-0.013916015625,-0.018310546875,-0.087158203125,-0.015625,0.040283203125,-0.032958984375,-0.079833984375,0.00439453125,0.060302734375,-0.005859375,-0.005859375,-0.038818359375,0.011474609375,0.0234375,-0.058349609375,0.037841796875,0.036865234375,-0.04833984375,-0.035888671875,0.04931640625,0.029296875,-0.074462890625,-0.032958984375,0.07861328125,0.07861328125,0.0078125,-0.105224609375,-0.02392578125,-0.03857421875,-0.113037109375,-0.02587890625,0.061767578125,-0.006103515625,-0.072509765625,-0.0087890625,0.061767578125,-0.023681640625,-0.09033203125,-0.0126953125,0.041748046875,0.041748046875,-0.046875,-0.07666015625,0.0556640625,-0.024658203125,-0.037353515625,0.052001953125,0.0361328125,-0.0615234375,-0.039794921875,0.03662109375,0.00048828125,-0.080078125,-0.029541015625,-0.029541015625,0.065673828125,0.007080078125,-0.027099609375,0.077880859375,0.004150390625,-0.095947265625,-0.015869140625,0.078369140625,-0.008056640625,-0.09765625,-0.031982421875,0.04248046875,0.04248046875,-0.03955078125,-0.09521484375,0.088134765625,-0.0009765625,-0.065673828125,-0.00244140625,0.04833984375,-0.031494140625,-0.08837890625,-0.004150390625,0.045654296875,-0.031494140625,-0.031494140625,-0.051025390625,0.03369140625,-0.058349609375,-0.07177734375,0.01806640625,0.044189453125,-0.03515625,-0.06689453125,-0.0009765625,0.00146484375,-0.04541015625,-0.0126953125,-0.0126953125,0.040771484375,-0.061279296875,-0.01123046875,0.027587890625,-0.031982421875,-0.04736328125,0.00341796875,0.01806640625,-0.035888671875,-0.04296875,0.044189453125,0.057861328125,0.057861328125,-0.0517578125,0.033935546875,0.030517578125,-0.054931640625,-0.040283203125,0.052734375,0.0322265625,-0.079345703125,-0.078369140625,0.04638671875,0.05517578125,-0.044677734375,-0.044677734375,0.04833984375,0.003662109375,-0.073974609375,-0.041015625,0.0166015625,-0.02001953125,-0.057373046875,-0.01708984375,0.0341796875,-0.006591796875,-0.04736328125,-0.0087890625,-0.0087890625,-0.029296875,-0.03857421875,0.01611328125,0.00927734375,-0.06103515625,-0.037841796875,0.04638671875,0.03857421875,-0.05419921875,-0.046875,0.05712890625,0.05712890625,0.032958984375,-0.04150390625,0.04052734375,0.005859375,-0.0703125,-0.0478515625,0.04248046875,0.01806640625,-0.063720703125,-0.0244140625,0.052490234375,0.000244140625,-0.048583984375,-0.00634765625,-0.00634765625,-0.018798828125,-0.068359375,-0.017578125,0.037353515625,-0.020751953125,-0.041259765625,0.039794921875,0.076171875,-0.030029296875,-0.0830078125,0.007568359375,0.0400390625,-0.037353515625,-0.0712890625,0.001953125,0.034423828125,-0.028076171875,-0.029296875,0.03857421875,0.007080078125,-0.079345703125,-0.053955078125,0.02099609375,-0.016845703125,-0.059814453125,-0.018798828125,0.0458984375,0.0458984375,-0.06787109375,-0.031494140625,0.021240234375,-0.001708984375,-0.036865234375,-0.004150390625,0.045654296875,-0.000244140625,-0.0546875,-0.019775390625,0.0009765625,-0.044921875,-0.042236328125,-0.042236328125,0.048583984375,-0.0361328125,-0.0380859375,0.03173828125,0.009765625,-0.064453125,-0.05126953125,0.02880859375,0.005859375,-0.040771484375,-0.005859375,0.047119140625,0.011474609375,-0.07421875,-0.064453125,0.001220703125,-0.0029296875,-0.0224609375,0.011962890625,0.0498046875,-0.01318359375,-0.054443359375,-0.0166015625,0.0126953125,-0.023193359375,-0.038818359375,0.02197265625,0.0361328125,-0.036376953125,-0.025390625,0.03466796875,0.006103515625,-0.072021484375,-0.081787109375,0.008544921875,0.0234375,-0.042236328125,-0.010498046875,0.0615234375,0.02197265625,-0.0615234375,-0.052978515625,0.017333984375,-0.023193359375,-0.08935546875,-0.025146484375,0.0673828125,0.019775390625,-0.0703125,-0.021240234375,0.076416015625,-0.008056640625,-0.082763671875,-0.01904296875,0.047119140625,0.020263671875,-0.04736328125,-0.009765625,0.047119140625,-0.017578125,-0.04931640625,-0.0009765625,0.009765625,-0.044921875,-0.044921875,0.027099609375,0.025634765625,-0.040283203125,-0.03515625,0.0234375,-0.008544921875,-0.05859375,-0.0380859375,0.04248046875,0.0068359375,-0.072998046875,-0.0234375,0.056640625,0.00244140625,-0.09375,-0.055908203125,0.034423828125,0.008056640625,0.0068359375,0.0068359375,0.0673828125,0.021240234375,-0.05712890625,-0.04248046875,-0.00146484375,-0.025146484375,-0.031494140625,0.019287109375,0.016357421875,-0.034912109375,-0.0185546875,0.03759765625,-0.0185546875,-0.060546875,-0.023193359375,0.020263671875,0.015869140625,-0.049072265625,-0.041015625,0.049560546875,0.008544921875,-0.0908203125,-0.045166015625,0.015380859375,0.015380859375,-0.03515625,-0.017333984375,0.028564453125,-0.00732421875,-0.04833984375,-0.008544921875,0.01318359375,-0.03466796875,-0.04443359375,0.02734375,0.05126953125,-0.035888671875,-0.035888671875,0.01220703125,-0.008544921875,-0.05517578125,-0.017578125,0.011474609375,-0.040283203125,-0.0703125,-0.01171875,0.04052734375,-0.02490234375,-0.060302734375,0.063720703125,0.063720703125,-0.0166015625,-0.081787109375,-0.01318359375,0.071044921875,0.0107421875,-0.079833984375,-0.05859375,0.041748046875,0.03173828125,-0.0546875,-0.068603515625,0.04931640625,-0.039306640625,-0.096923828125,-0.096923828125,-0.05029296875,0.091064453125,0.07763671875,-0.085205078125,-0.09521484375,0.032958984375,0.129638671875,-0.00146484375,-0.161865234375,-0.078369140625,0.05224609375,-0.0400390625,-0.13134765625,0.019775390625,0.019775390625,0.072021484375,-0.001953125,-0.04150390625,-0.077880859375,-0.001708984375,0.05908203125,-0.034912109375,-0.068603515625,0.0029296875,0.004638671875,-0.059814453125,-0.078857421875,-0.078857421875,0.0478515625,0.10107421875,-0.009033203125,-0.0595703125,-0.084716796875,-0.014892578125,0.0546875,0.002197265625,-0.020751953125,-0.01953125,0.012451171875,-0.052978515625,-0.05517578125,-0.05517578125,0.01806640625,0.0595703125,-0.017333984375,-0.0576171875,-0.033203125,0.046630859375,0.041748046875,-0.02490234375,-0.0546875,-0.021728515625,0.044921875,-0.012451171875,-0.0419921875,-0.0419921875,0.00732421875,0.00048828125,-0.07373046875,0.026611328125,-0.03369140625,0.0205078125,0.036865234375,-0.111572265625,0.037353515625,-0.026123046875,-0.052978515625,-0.077880859375,-0.00244140625,0.044189453125,0.044189453125,-0.06103515625,0.0205078125,-0.011962890625,-0.02685546875,0.016845703125,-0.069091796875,-0.03271484375,0.03369140625,-0.002197265625,-0.014404296875,0.00341796875,-0.008056640625,-0.046630859375,-0.02490234375,-0.02490234375,0.0205078125,0.013427734375,-0.02294921875,-0.033935546875,-0.002197265625,0.0224609375,0.007568359375,-0.051025390625,-0.0693359375,-0.0224609375,-0.033447265625,-0.04296875,0.065673828125,0.065673828125,0.14501953125,-0.01123046875,-0.197021484375,-0.087158203125,0.139892578125,0.099853515625,-0.157470703125,-0.19189453125,0.1064453125,-0.128173828125,-0.203125,0.094970703125,0.094970703125,0.17626953125,-0.103759765625,-0.2119140625,0.043212890625,0.16552734375,-0.021728515625,-0.135009765625,0.012451171875,0.011474609375,-0.133056640625,-0.008544921875,0.075439453125,0.075439453125,-0.030029296875,-0.0517578125,0.0048828125,-0.029541015625,-0.029052734375,0.07568359375,0.030517578125,-0.115966796875,0.05712890625,-0.02587890625,-0.037109375,-0.037109375,0.06689453125,0.035400390625,-0.074951171875,-0.0146484375,0.039794921875,-0.05517578125,-0.034912109375,0.053955078125,-0.068115234375,0.010986328125,0.018798828125,-0.079345703125,-0.079345703125,-0.03271484375,0.031494140625,-0.06640625,-0.060546875,0.029296875,-0.003173828125,-0.04736328125,-0.00732421875,-0.052490234375,0.00390625,-0.02490234375,-0.09619140625,-0.09619140625,0.029296875,0.091064453125,-0.053955078125,-0.08154296875,0.013671875,-0.013427734375,-0.055908203125,0.050537109375,-0.13818359375,-0.072998046875,0.102783203125,0.02783203125,0.02783203125,-0.105712890625,-0.0185546875,0.060302734375,-0.019287109375,-0.00732421875,0.037109375,-0.022705078125,0.0693359375,0.0029296875,-0.068359375,0.006591796875,0.006591796875,0.036865234375,-0.022705078125,0.0185546875,0.01806640625,-0.054931640625,-0.00146484375,0.0244140625,-0.055908203125,0.076416015625,-0.028076171875,-0.130126953125,0.04345703125,0.102294921875,-0.083984375,-0.083984375,-0.107177734375,0.031005859375,0.02685546875,-0.047607421875,-0.01708984375,-0.010986328125,-0.02880859375,0.004638671875,-0.11279296875,-0.042236328125,0.052001953125,-0.04296875,-0.087158203125,-0.087158203125,0.03466796875,0.02392578125,-0.08349609375,-0.025390625,-0.009521484375,-0.0810546875,0.008056640625,-0.045654296875,-0.117919921875,0.03857421875,0.07275390625,-0.050537109375,-0.021240234375,-0.021240234375,0.028564453125,-0.0380859375,-0.02490234375,0.064697265625,0.003662109375,-0.08837890625,0.01611328125,-0.064208984375,-0.056884765625,0.034423828125,0.021728515625,0.007568359375,0.015380859375,0.015380859375,-0.03955078125,-0.047119140625,0.05615234375,0.011962890625,-0.09033203125,0.025634765625,0.0888671875,-0.083984375,0.063232421875,0.04638671875,-0.086669921875,-0.017333984375,0.0634765625,0.0634765625,-0.034912109375,-0.05322265625,0.00830078125,-0.01806640625,-0.0341796875,0.025146484375,-0.072021484375,-0.000244140625,-0.004638671875,-0.060546875,0.037353515625,0.0537109375,-0.091796875,-0.083740234375,-0.083740234375,0.0703125,0.028564453125,-0.09423828125,-0.012451171875,0.02734375,-0.059814453125,0.006103515625,-0.06591796875,-0.0263671875,0.083251953125,-0.014892578125,-0.15380859375,-0.012939453125,-0.012939453125,0.081787109375,-0.022705078125,-0.041259765625,-0.003173828125,-0.025146484375,0.0029296875,-0.0654296875,-0.105712890625,0.09326171875,0.126220703125,-0.0986328125,-0.1162109375,0.06982421875,0.092041015625,0.092041015625,-0.034423828125,-0.04931640625,-0.0166015625,-0.0322265625,0.064453125,-0.0634765625,-0.086669921875,0.06005859375,0.078857421875,-0.053955078125,-0.0595703125,-0.0595703125,-0.002197265625,0.017333984375,0.05859375,0.00439453125,-0.102294921875,0.083984375,-0.02392578125,-0.11865234375,0.01416015625,0.061767578125,-0.03955078125,-0.019287109375,-0.019287109375,-0.02294921875,-0.08984375,-0.00830078125,0.09423828125,-0.151611328125,0.01171875,0.083740234375,-0.045166015625,-0.049072265625,0.01708984375,-0.043212890625,-0.068359375,-0.068359375,0.038330078125,0.033447265625,-0.086669921875,-0.026611328125,-0.017822265625,-0.07373046875,-0.024658203125,0.00634765625,0.01171875,0.0234375,-0.045166015625,-0.07421875,-0.07421875,0.044189453125,0.02783203125,-0.087158203125,-0.003662109375,-0.033203125,-0.104248046875,0.03125,0.064453125,-0.0478515625,-0.029296875,0.01025390625,-0.022705078125,-0.022705078125,0.017578125,0.018798828125,-0.06982421875,0.0888671875,0.010498046875,-0.124267578125,0.004150390625,0.0927734375,-0.024169921875,-0.062255859375,0.004638671875,0.004638671875,0.002685546875,-0.012939453125,0.013916015625,-0.05615234375,0.076171875,0.1005859375,-0.111572265625,-0.14208984375,0.05712890625,0.083251953125,-0.066650390625,-0.056396484375,-0.056396484375,0.017822265625,-0.01904296875,-0.0078125,0.010498046875,-0.04931640625,0.042236328125,0.017822265625,-0.07958984375,-0.0185546875,0.029052734375,-0.018798828125,0.00634765625,0.00634765625,-0.08203125,-0.08203125,-0.0634765625,0.052490234375,0.01806640625,-0.01123046875,0.032958984375,-0.04248046875,-0.01416015625,0.000244140625,-0.055908203125,-0.007568359375,0.072998046875,-0.024658203125,-0.128662109375,-0.128662109375,0.025390625,0.08642578125,-0.080322265625,0.049072265625,0.0166015625,-0.06689453125,0.010498046875,0.029296875,-0.057373046875,-0.00341796875,0.045166015625,-0.0478515625,-0.046875,-0.046875,0.0224609375,-0.001708984375,0.0400390625,0.010009765625,-0.0849609375,0.01123046875,0.059326171875,-0.03857421875,-0.027587890625,0.033935546875,-0.008056640625,-0.030029296875,0.0185546875,0.0185546875,-0.049072265625,-0.0791015625,0.087646484375,-0.145263671875,-0.126953125,0.074951171875,0.070068359375,-0.052978515625,-0.039794921875,-0.021484375,-0.050537109375,0.035400390625,0.03369140625,0.03369140625,-0.09619140625,-0.06396484375,0.028076171875,-0.110107421875,-0.039306640625,0.0302734375,-0.013671875,0.002197265625,-0.01123046875,-0.076416015625,-0.0009765625,0.0830078125,-0.019775390625,-0.091552734375,-0.091552734375,0.02685546875,-0.061767578125,-0.01611328125,-0.00830078125,-0.064208984375,0.01904296875,0.107177734375,-0.03759765625,-0.143798828125,0.04052734375,0.103759765625,-0.061767578125,-0.06591796875,-0.06591796875,0.0556640625,-0.064208984375,-0.007080078125,0.01171875,-0.046630859375,0.0185546875,0.047119140625,-0.0634765625,-0.052001953125,0.029296875,-0.0029296875,-0.03662109375,0.031494140625,0.031494140625,-0.001953125,0.0078125,0.0556640625,-0.044677734375,-0.037109375,0.0322265625,-0.010009765625,-0.035888671875,0.007568359375,-0.035888671875,-0.052978515625,0.0771484375,0.0771484375,-0.134033203125,-0.0693359375,0.091064453125,0.01708984375,-0.10498046875,-0.0087890625,0.046875,-0.0478515625,-0.034423828125,0.000732421875,-0.031982421875,-0.031982421875,-0.001708984375,-0.05126953125,-0.039306640625,0.057861328125,-0.01513671875,-0.10107421875,0.044921875,0.08349609375,-0.090087890625,-0.085693359375,0.073974609375,0.044677734375,0.044677734375,-0.031982421875,0.03662109375,-0.009521484375,-0.008056640625,-0.024658203125,-0.051025390625,0.028564453125,0.057373046875,-0.064697265625,-0.08642578125,0.06005859375,0.03271484375,0.03271484375,0.007568359375,0.054443359375,-0.0439453125,-0.037841796875,0.011962890625,-0.05322265625,-0.04296875,0.089599609375,0.01708984375,-0.136474609375,-0.0185546875,0.09130859375,-0.01806640625,-0.0693359375,0.013427734375,0.002197265625,-0.063720703125,0.01171875,0.022705078125,-0.05322265625,0.00390625,0.038330078125,-0.05224609375,-0.058349609375,0.04833984375,0.015380859375,-0.064453125,0.029052734375,0.03955078125,-0.062744140625,-0.01611328125,0.02099609375,-0.05908203125,-0.036865234375,0.08349609375,0.004150390625,-0.1396484375,0.0029296875,0.093994140625,0.093994140625,-0.0654296875,-0.0009765625,-0.001708984375,-0.010009765625,0.023681640625,-0.053466796875,-0.072021484375,0.087158203125,0.062255859375,-0.131103515625,-0.077392578125,0.082763671875,0.029541015625,-0.058349609375,-0.01611328125,-0.017333984375,-0.022705078125,0.067138671875,-0.01953125,-0.136962890625,0.02880859375,0.15869140625,-0.042236328125,-0.200439453125,-0.00244140625,0.123291015625,-0.011962890625,-0.063720703125,-0.00830078125,-0.009521484375,-0.009033203125,0.0205078125,-0.0205078125,-0.06396484375,0.0205078125,0.037109375,-0.058349609375,-0.03076171875,0.009033203125,-0.014892578125,-0.00048828125,0.010986328125,0.010986328125,-0.04443359375,0.0654296875,-0.012451171875,-0.108642578125,0.043212890625,0.0986328125,-0.094482421875,-0.132568359375,0.065673828125,0.0849609375,-0.087890625,-0.065673828125,0.041259765625,0.010009765625,-0.0185546875,-0.034912109375,-0.044921875,0.0107421875,0.05419921875,-0.043701171875,-0.093505859375,0.046142578125,0.029052734375,-0.08935546875,-0.00927734375,0.0615234375,-0.03271484375,-0.0517578125,0.021240234375,-0.041748046875,-0.078369140625,0.080078125,0.071533203125,-0.1357421875,-0.091064453125,0.105712890625,0.061279296875,-0.096923828125,-0.03369140625,0.044189453125,-0.03076171875,-0.013427734375,0.015869140625,-0.0283203125,0.00439453125,0.03125,-0.048583984375,-0.052001953125,0.043701171875,-0.0166015625,-0.083251953125,0.0634765625,0.06982421875,-0.121826171875,-0.08935546875,0.095947265625,0.042236328125,-0.039794921875,-0.039794921875,0.047119140625,-0.0029296875,-0.004638671875,-0.0244140625,-0.060791015625,0.00048828125,0.046875,-0.046875,-0.08837890625,0.034912109375,0.03125,0.001220703125,0.001220703125,0.023193359375,-0.0478515625,-0.011474609375,0.018798828125,-0.07080078125,-0.047119140625,0.107421875,0.031494140625,-0.146484375,-0.03759765625,0.090087890625,-0.072265625,-0.072265625,0.013671875,0.03271484375,-0.055419921875,-0.0078125,0.029052734375,-0.044677734375,-0.0234375,0.03662109375,-0.013916015625,-0.06103515625,0.01806640625,-0.0439453125,-0.0439453125,0.01025390625,0.00048828125,-0.06787109375,0.006591796875,0.03076171875,-0.0576171875,-0.0322265625,0.083251953125,-0.0078125,-0.154296875,0.102783203125,-0.016845703125,-0.016845703125,-0.073486328125,-0.011962890625,0.000244140625,-0.013671875,0.015869140625,-0.0546875,-0.074462890625,0.076171875,0.04638671875,-0.113037109375,0.0615234375,-0.0302734375,-0.0302734375,-0.06494140625,0.062255859375,0.024658203125,-0.11962890625,-0.005126953125,0.08349609375,-0.03076171875,-0.05810546875,0.01416015625,-0.00146484375,0.044189453125,-0.02685546875,-0.02685546875,-0.06494140625,0.07470703125,0.05224609375,-0.127197265625,-0.079345703125,0.083251953125,0.033935546875,-0.0625,-0.0068359375,-0.044677734375,0.036865234375,-0.0205078125,-0.0205078125,-0.11328125,0.03515625,0.14111328125,-0.0537109375,-0.163818359375,0.033935546875,0.078125,-0.0576171875,-0.033935546875,0.014892578125,-0.010498046875,0.034912109375,-0.04296875,-0.04296875,-0.064697265625,0.044677734375,-0.005859375,-0.0966796875,0.02783203125,0.046875,-0.08154296875,-0.0419921875,0.1044921875,0.008056640625,-0.003173828125,0.1044921875,-0.0234375,-0.0234375,-0.059326171875,0.033203125,0.0068359375,-0.058837890625,-0.00390625,0.00244140625,-0.041259765625,0.031005859375,0.02685546875,-0.072021484375,0.031982421875,-0.0517578125,-0.04931640625,-0.04931640625,0.06640625,0.008056640625,-0.099609375,0.013427734375,0.03369140625,-0.077880859375,-0.009521484375,0.08935546875,-0.047119140625,-0.1455078125,0.100830078125,-0.06201171875,-0.06396484375,-0.06396484375,0.02783203125,-0.013916015625,-0.042724609375,0.0,-0.011962890625,-0.02734375,0.036865234375,-0.009765625,-0.078125,0.015869140625,-0.07421875,0.0068359375,0.090576171875,0.090576171875,-0.044921875,-0.13330078125,0.05126953125,0.09814453125,-0.07666015625,-0.07177734375,0.038330078125,0.017578125,-0.024169921875,-0.000244140625,-0.06005859375,-0.032470703125,0.0458984375,-0.0927734375,0.0068359375,0.053955078125,-0.0478515625,-0.0478515625,-0.042236328125,0.03955078125,-0.00634765625,-0.060546875,0.01171875,-0.02685546875,-0.0830078125,0.05615234375,0.071044921875,-0.10009765625,0.072998046875,0.046875,-0.093994140625,-0.093994140625,-0.021240234375,0.046142578125,-0.046875,-0.042236328125,0.01806640625,-0.012451171875,-0.021728515625,0.02001953125,-0.027587890625,-0.06689453125,0.00732421875,-0.079345703125,0.0341796875,0.093017578125,0.093017578125,-0.073486328125,-0.12744140625,0.06494140625,0.093505859375,-0.06103515625,-0.05078125,0.0068359375,-0.01171875,0.00927734375,-0.06982421875,-0.023681640625,0.089599609375,0.089599609375,-0.01025390625,-0.123046875,0.017578125,0.049560546875,-0.068115234375,-0.016357421875,0.077392578125,-0.119384765625,0.050048828125,0.072265625,-0.098388671875,-0.060302734375,-0.060302734375,0.0625,0.008056640625,-0.056396484375,-0.020751953125,-0.016357421875,-0.017822265625,0.039306640625,-0.093017578125,0.005859375,0.0087890625,-0.0673828125,0.014404296875,0.014404296875,0.080322265625,-0.062255859375,-0.13671875,0.051025390625,0.071044921875,-0.075439453125,0.049560546875,-0.017333984375,-0.026611328125,0.008056640625,-0.043212890625,-0.023193359375,-0.023193359375,0.0888671875,-0.007080078125,-0.13037109375,0.013671875,0.057373046875,-0.065673828125,0.080322265625,-0.021484375,-0.1240234375,0.033935546875,0.0830078125,0.0830078125,-0.04931640625,-0.051513671875,0.0107421875,-0.01025390625,-0.0107421875,0.032958984375,-0.03271484375,0.06396484375,0.04150390625,-0.103759765625,-0.039794921875,0.049072265625,0.049072265625,-0.011474609375,-0.044189453125,0.015380859375,-0.0205078125,-0.052978515625,0.049072265625,-0.129150390625,0.0302734375,0.147705078125,-0.042236328125,-0.164794921875,0.03515625,0.03515625,0.109619140625,-0.055908203125,-0.059326171875,0.030517578125,-0.003173828125,-0.025146484375,-0.00146484375,-0.027099609375,0.047607421875,-0.01318359375,-0.108642578125,0.017822265625,0.06494140625,-0.041259765625,-0.041259765625,-0.036376953125,0.0146484375,-0.024658203125,-0.020751953125,0.042236328125,-0.05078125,0.091796875,0.098388671875,-0.1240234375,-0.122314453125,0.078857421875,0.076904296875,-0.06982421875,-0.06982421875,-0.053955078125,-0.014892578125,-0.039794921875,0.02294921875,0.01123046875,-0.087158203125,0.075927734375,0.0224609375,-0.095947265625,-0.014892578125,0.03369140625,-0.017822265625,0.00634765625,0.00634765625,-0.017822265625,-0.07470703125,0.002197265625,0.072265625,-0.04443359375,-0.101318359375,0.047607421875,-0.072509765625,-0.017822265625,0.003173828125,-0.051025390625,0.02001953125,0.0888671875,-0.046142578125,-0.046142578125,-0.127685546875,0.052978515625,0.0791015625,-0.064697265625,-0.0263671875,-0.002197265625,-0.045654296875,0.02294921875,-0.0068359375,-0.063232421875,0.0263671875,0.007080078125,0.007080078125,-0.087158203125,-0.0107421875,0.035400390625,-0.041015625,-0.03076171875,0.050537109375,-0.095703125,0.044677734375,0.022705078125,-0.09521484375,0.00439453125,0.082763671875,-0.061279296875,-0.135009765625,-0.135009765625,0.04541015625,0.088623046875,-0.0673828125,-0.0576171875,0.01171875,0.0068359375,0.0,-0.0712890625,-0.034423828125,0.099365234375,0.010498046875,-0.150634765625,0.0009765625,0.0009765625,0.101806640625,-0.025390625,-0.065185546875,-0.000732421875,0.00390625,0.0419921875,-0.070068359375,-0.11865234375,0.0986328125,0.123779296875,-0.123046875,-0.139892578125,0.0966796875,0.0966796875,0.10400390625,-0.093017578125,-0.0712890625,0.01806640625,-0.01416015625,0.00439453125,-0.046875,-0.018310546875,0.073486328125,0.00927734375,-0.111083984375,-0.012451171875,-0.012451171875,0.043212890625,-0.0244140625,0.001708984375,-0.059814453125,-0.007568359375,0.035400390625,-0.0654296875,-0.07861328125,0.09326171875,0.044189453125,-0.147216796875,-0.045654296875,-0.045654296875,0.105712890625,0.0234375,-0.081787109375,0.0078125,-0.016845703125,0.041748046875,-0.010986328125,-0.087646484375,0.0302734375,0.08740234375,-0.06005859375,-0.102783203125,-0.102783203125,0.0498046875,0.045166015625,-0.0654296875,0.030029296875,-0.056640625,-0.013916015625,0.011962890625,-0.065673828125,-0.037353515625,0.092041015625,0.008544921875,-0.140869140625,-0.140869140625,-0.001220703125,0.081787109375,-0.06640625,0.0537109375,0.028564453125,-0.078125,-0.012451171875,0.024658203125,-0.02734375,0.02001953125,0.00390625,-0.0771484375,-0.0771484375,-0.00244140625,0.052001953125,-0.05615234375,0.08837890625,0.031982421875,-0.16259765625,-0.03857421875,0.107666015625,0.008544921875,-0.069580078125,-0.010009765625,0.0078125,-0.018798828125,-0.018798828125,0.031494140625,-0.023193359375,0.0478515625,0.081298828125,-0.07373046875,-0.07861328125,0.044189453125,0.01513671875,-0.06103515625,0.0146484375,0.000244140625,-0.06494140625,-0.06494140625,0.035888671875,0.016357421875,-0.017822265625,0.10009765625,-0.0234375,-0.128662109375,0.04248046875,0.0830078125,-0.063232421875,-0.039794921875,0.0263671875,-0.024658203125,-0.024658203125,-0.03369140625,-0.03857421875,-0.06396484375,0.0673828125,0.018798828125,-0.1142578125,-0.015869140625,0.040771484375,-0.0595703125,-0.036376953125,0.079833984375,0.079833984375,-0.0048828125,0.02978515625,0.057861328125,-0.06396484375,-0.013427734375,0.053955078125,-0.021728515625,-0.060302734375,0.0419921875,0.0146484375,-0.078857421875,0.013916015625,0.013916015625,0.031982421875,-0.030517578125,0.030029296875,-0.0224609375,-0.03466796875,0.047119140625,-0.015869140625,-0.120361328125,0.02099609375,0.083740234375,-0.03759765625,-0.04248046875,-0.04248046875,0.020751953125,-0.013671875,0.029052734375,-0.0615234375,-0.103271484375,0.097900390625,0.12158203125,-0.112060546875,-0.135498046875,0.06494140625,0.07568359375,0.07568359375,-0.076416015625,0.01123046875,-0.00927734375,0.03125,-0.00732421875,-0.095947265625,-0.012939453125,0.088134765625,-0.014404296875,-0.107421875,0.022216796875,0.02978515625,-0.05078125,-0.05078125,0.03173828125,-0.10302734375,-0.063720703125,0.077880859375,0.005126953125,-0.09521484375,0.01416015625,0.032958984375,-0.048095703125,0.0029296875,-0.016845703125,-0.079345703125,0.028564453125,0.028564453125,-0.04638671875,-0.140380859375,0.0517578125,0.083740234375,-0.075927734375,-0.039306640625,0.053466796875,-0.002685546875,-0.05859375,0.009765625,0.015380859375,-0.03173828125,-0.03173828125,0.01953125,-0.070556640625,0.01953125,0.040771484375,-0.06005859375,-0.04296875,0.070068359375,-0.003173828125,-0.119873046875,0.017578125,0.066650390625,-0.050537109375,-0.035400390625,-0.035400390625,-0.011962890625,-0.033935546875,0.014892578125,-0.047607421875,-0.07275390625,0.081787109375,0.05419921875,-0.12939453125,-0.063232421875,0.0849609375,0.00537109375,-0.106201171875,0.01123046875,0.01123046875,-0.061279296875,-0.03955078125,0.036376953125,-0.02490234375,-0.042236328125,0.0380859375,0.015869140625,-0.078369140625,-0.007080078125,0.02880859375,-0.04150390625,-0.00048828125,0.00048828125,-0.061767578125,-0.003662109375,0.04248046875,-0.0556640625,-0.06982421875,0.10009765625,0.041748046875,-0.16943359375,-0.052978515625,0.119140625,0.01416015625,-0.111328125,-0.01953125,0.055908203125,-0.0146484375,-0.01416015625,-0.036376953125,-0.062255859375,0.050537109375,0.0546875,-0.0908203125,-0.0810546875,0.06884765625,0.03271484375,-0.09326171875,-0.029541015625,0.010498046875,-0.015380859375,0.05078125,-0.009521484375,-0.12646484375,-0.009033203125,0.1533203125,0.0,-0.19580078125,-0.012939453125,0.1376953125,-0.008056640625,-0.094482421875,-0.009033203125,0.031494140625,-0.025634765625,-0.010498046875,-0.02001953125,-0.0595703125,0.037353515625,0.05517578125,-0.0673828125,-0.068603515625,0.01806640625,0.011962890625,-0.023681640625,0.007080078125,-0.026611328125,-0.059326171875,0.042724609375,-0.0029296875,-0.1044921875,0.02001953125,0.109130859375,-0.052001953125,-0.1494140625,0.0439453125,0.1064453125,-0.052490234375,-0.068115234375,-0.01513671875,-0.0166015625,0.0166015625,0.013916015625,-0.038330078125,-0.038330078125,0.094482421875,0.002685546875,-0.13720703125,0.00732421875,0.064697265625,-0.063720703125,-0.03515625,0.073486328125,-0.011962890625,-0.1142578125,0.03955078125,0.07177734375,-0.072509765625,-0.0341796875,0.043212890625,-0.00390625,-0.016357421875,0.01220703125,-0.052734375,-0.048583984375,0.0888671875,0.01953125,-0.147216796875,-0.02197265625,0.0888671875,-0.01953125,-0.064697265625,0.00244140625,-0.007080078125,-0.02783203125,0.046875,-0.04541015625,-0.122314453125,0.082275390625,0.136962890625,-0.109619140625,0.06005859375,0.06005859375,0.10791015625,-0.05322265625,-0.0498046875,-0.009033203125,-0.03662109375,0.026611328125,0.019287109375,-0.08251953125,-0.0458984375,0.081298828125,-0.10986328125,-0.10986328125,0.0009765625,0.04638671875,-0.0390625,-0.005615234375,0.03076171875,-0.049072265625,-0.060546875,0.056640625,0.020751953125,-0.08349609375,0.00537109375,0.04150390625,-0.010498046875,-0.010498046875,0.00146484375,-0.066162109375,-0.034423828125,0.1025390625,0.02001953125,-0.16796875,-0.025146484375,0.11572265625,-0.017822265625,-0.097900390625,0.04296875,-0.042724609375,-0.042724609375,-0.01953125,-0.015380859375,-0.048095703125,0.036865234375,0.022216796875,-0.087158203125,-0.029052734375,0.044921875,-0.04443359375,-0.07568359375,0.07568359375,-0.14892578125,-0.03173828125,-0.03173828125,0.1171875,-0.00634765625,-0.10009765625,0.006103515625,0.044189453125,-0.048828125,-0.01513671875,0.01123046875,-0.03662109375,0.033935546875,0.041259765625,-0.0546875,0.060546875,0.00439453125,0.00439453125,-0.075439453125,0.037841796875,0.033935546875,-0.074462890625,0.004638671875,0.01904296875,-0.07177734375,-0.003662109375,0.09619140625,-0.03857421875,0.057861328125,0.09716796875,-0.097412109375,-0.097412109375,-0.07763671875,0.054931640625,0.013427734375,-0.06884765625,-0.00927734375,0.005615234375,-0.03857421875,0.025634765625,-0.013427734375,-0.0888671875,0.03759765625,-0.08984375,-0.08984375,-0.048095703125,0.109619140625,0.0146484375,-0.160400390625,-0.015380859375,0.108642578125,-0.025146484375,-0.0869140625,0.0078125,0.04248046875,-0.030517578125,-0.008544921875,-0.03564453125,0.05322265625,0.05322265625,0.041015625,-0.081298828125,-0.0419921875,0.04296875,0.002685546875,-0.02587890625,0.040771484375,-0.012451171875,-0.100341796875,0.03857421875,-0.0751953125,-0.0498046875,0.0556640625,-0.00439453125,-0.00439453125,-0.08251953125,0.0185546875,0.026611328125,-0.05810546875,0.032958984375,0.041259765625,-0.112548828125,-0.07421875,0.087890625,-0.105712890625,-0.0185546875,0.04833984375,-0.029296875,-0.029296875,-0.014892578125,-0.033203125,-0.087646484375,0.010986328125,0.10400390625,-0.03564453125,-0.159912109375,0.02294921875,0.10009765625,-0.052490234375,-0.0029296875,-0.0107421875,-0.00830078125,-0.00830078125,0.01708984375,-0.052734375,-0.063232421875,0.07958984375,0.03466796875,-0.12060546875,-0.02685546875,0.05322265625,-0.014404296875,0.048828125,-0.03271484375,-0.08544921875,-0.08544921875,0.0400390625,-0.004638671875,-0.078369140625,0.066162109375,0.06982421875,-0.095458984375,-0.06982421875,0.085205078125,-0.094482421875,0.022705078125,0.039794921875,-0.059326171875,-0.059326171875,0.0029296875,0.019287109375,-0.0693359375,-0.026611328125,0.069091796875,-0.037841796875,-0.118408203125,0.045166015625,-0.104248046875,-0.015625,0.09423828125,-0.0361328125,-0.0361328125,-0.132568359375,0.03076171875,0.083984375,-0.061767578125,-0.04736328125,0.033447265625,0.000244140625,0.004150390625,-0.047607421875,-0.051513671875,0.06689453125,0.06689453125,0.0263671875,-0.110107421875,-0.0087890625,0.048828125,-0.04833984375,-0.03466796875,0.02685546875,-0.065673828125,-0.0478515625,0.053466796875,-0.11572265625,0.07568359375,0.130615234375,-0.104736328125,-0.1455078125,-0.1455078125,0.0791015625,0.103759765625,-0.091552734375,-0.065673828125,0.0390625,-0.029541015625,0.00537109375,-0.0361328125,-0.041748046875,0.036376953125,0.004150390625,0.004150390625,-0.09912109375,-0.014404296875,0.029052734375,-0.0439453125,0.005126953125,0.02001953125,-0.060546875,0.056884765625,-0.02392578125,-0.08837890625,0.0478515625,0.04052734375,0.04052734375,-0.076171875,0.00439453125,0.03662109375,-0.06298828125,-0.039794921875,0.08203125,-0.000244140625,0.00439453125,0.10888671875,-0.038818359375,-0.079833984375,0.03466796875,0.038818359375,-0.052978515625,-0.052978515625,-0.01220703125,0.017822265625,-0.046630859375,0.012939453125,0.04736328125,-0.04931640625,-0.052734375,-0.0068359375,-0.03076171875,0.02783203125,-0.0029296875,-0.064697265625,0.02783203125,0.02783203125,0.001220703125,-0.096435546875,0.009033203125,0.09228515625,-0.048095703125,-0.13671875,0.09521484375,-0.06005859375,-0.05615234375,0.003662109375,-0.014892578125,0.000244140625,0.007080078125,0.007080078125,-0.056396484375,-0.03271484375,0.08544921875,-0.005859375,-0.137451171875,0.004150390625,-0.064453125,-0.03759765625,0.069580078125,-0.01904296875,-0.129638671875,0.038818359375,0.090576171875,0.090576171875,-0.075439453125,-0.044921875,0.05615234375,0.015625,-0.013671875,0.0068359375,-0.063720703125,0.10107421875,0.00927734375,-0.14208984375,-0.015625,0.1708984375,0.038330078125,-0.164794921875,-0.164794921875,-0.09375,0.128173828125,0.081787109375,-0.164306640625,-0.08984375,0.138671875,-0.12109375,-0.042724609375,0.02783203125,-0.05908203125,-0.03662109375,0.08154296875,-0.005859375,-0.005859375,-0.1181640625,0.01220703125,0.081298828125,-0.072265625,-0.111083984375,0.05859375,-0.04931640625,-0.092529296875,0.029052734375,0.088623046875,-0.025146484375,-0.145263671875,-0.01806640625,0.104736328125,0.104736328125,-0.04638671875,-0.122314453125,-0.006591796875,0.01220703125,-0.03369140625,0.03271484375,-0.14306640625,0.03076171875,0.16455078125,-0.073486328125,-0.165771484375,0.1025390625,0.138671875,0.138671875,-0.118408203125,-0.08837890625,0.1044921875,-0.020751953125,0.059326171875,0.015380859375,-0.152587890625,-0.033203125,0.131591796875,-0.0703125,-0.138671875,-0.138671875,0.0751953125,0.029541015625,-0.11181640625,-0.010986328125,-0.033203125,0.01171875,0.089599609375,-0.0576171875,-0.0556640625,0.1044921875,-0.020751953125,-0.118896484375,-0.118896484375,0.0654296875,0.09228515625,-0.106201171875,-0.058349609375,-0.0498046875,-0.077880859375,0.069580078125,-0.018798828125,-0.0751953125,0.071533203125,0.044189453125,-0.121826171875,-0.121826171875,0.02294921875,0.163818359375,-0.094482421875,-0.171875,0.09716796875,-0.08935546875,-0.0234375,0.069580078125,-0.061279296875,-0.07421875,0.032958984375,-0.072265625,-0.072265625,-0.074951171875,0.085205078125,-0.007080078125,-0.01220703125,0.09228515625,-0.08349609375,-0.090087890625,0.059814453125,-0.02880859375,-0.045166015625,0.0908203125,-0.02392578125,-0.02392578125,-0.163330078125,0.031005859375,0.148193359375,-0.16015625,0.0888671875,0.050537109375,-0.079833984375,-0.0048828125,-0.01953125,-0.103515625,0.0283203125,0.11572265625,0.11572265625,-0.102294921875,-0.093994140625,0.05908203125,-0.120849609375,-0.011474609375,0.055419921875,-0.018798828125,0.047119140625,0.071533203125,-0.097412109375,-0.019775390625,0.14599609375,0.14599609375,-0.068115234375,-0.1484375,0.099609375,-0.135009765625,-0.004150390625,0.100341796875,-0.120849609375,-0.06787109375,0.14501953125,-0.054931640625,-0.174560546875,0.06787109375,0.107177734375,0.107177734375,-0.097900390625,-0.028076171875,0.090576171875,-0.107666015625,0.10693359375,0.00146484375,-0.147705078125,0.010009765625,0.07373046875,-0.09765625,-0.087158203125,0.03955078125,-0.063720703125,-0.059326171875,0.083984375,0.083984375,-0.033203125,-0.115966796875,0.04638671875,-0.114013671875,-0.0341796875,0.09814453125,-0.06640625,-0.067626953125,0.12353515625,0.004150390625,-0.1474609375,0.0458984375,0.1396484375,0.1396484375,-0.103515625,-0.12744140625,0.100341796875,-0.064208984375,0.047607421875,-0.001220703125,-0.11767578125,0.01904296875,0.1240234375,-0.084716796875,-0.091064453125,0.14501953125,0.043212890625,-0.139404296875,-0.139404296875,-0.016357421875,0.06396484375,-0.00537109375,0.064208984375,-0.068359375,-0.069091796875,0.076416015625,-0.035888671875,-0.09033203125,0.065185546875,0.00927734375,-0.119384765625,0.019775390625,0.019775390625,0.1044921875,-0.114501953125,0.14306640625,-0.035400390625,-0.183349609375,0.054443359375,0.130615234375,-0.09228515625,-0.06396484375,0.09423828125,-0.0478515625,-0.10107421875,0.059814453125,-0.000244140625,-0.000244140625,-0.074462890625,0.036865234375,-0.122802734375,-0.023681640625,0.081298828125,-0.1015625,-0.063720703125,0.125244140625,-0.027099609375,-0.11083984375,0.076171875,0.033935546875,-0.158203125,-0.158203125,0.004638671875,-0.084228515625,-0.157958984375,0.1064453125,0.0712890625,-0.12158203125,-0.0224609375,0.080078125,-0.060302734375,-0.0615234375,0.066162109375,-0.034423828125,-0.0439453125,-0.0439453125,-0.017333984375,-0.125732421875,0.024169921875,0.072265625,-0.08740234375,-0.013671875,0.101318359375,-0.084716796875,-0.080322265625,0.117431640625,-0.009521484375,-0.154296875,0.06005859375,0.06005859375,-0.12890625,-0.122802734375,0.135498046875,0.022216796875,-0.12890625,0.01904296875,0.05908203125,-0.064697265625,-0.021728515625,0.05322265625,-0.068359375,-0.03759765625,0.088134765625,0.088134765625,-0.10107421875,0.07958984375,0.024169921875,-0.118896484375,0.02099609375,0.09716796875,-0.12109375,-0.091552734375,0.123291015625,-0.021728515625,-0.1376953125,0.0419921875,0.0458984375,0.0458984375,-0.00927734375,0.06201171875,-0.128662109375,-0.0625,0.159423828125,-0.034912109375,-0.1904296875,0.0400390625,0.109619140625,-0.10205078125,-0.06005859375,0.096923828125,-0.05419921875,-0.05419921875,0.09716796875,0.010009765625,-0.123291015625,0.03125,0.08740234375,-0.097412109375,-0.069091796875,0.09765625,-0.01513671875,-0.0498046875,0.076416015625,-0.031982421875,-0.09521484375,0.074951171875,0.067138671875,-0.11181640625,-0.000732421875,0.125244140625,-0.08056640625,-0.082275390625,0.123779296875,0.00048828125,-0.147705078125,0.048828125,0.12939453125,-0.10595703125,-0.11279296875,0.08544921875,-0.00537109375,-0.078857421875,0.03466796875,-0.018798828125,-0.097412109375,0.040283203125,0.092041015625,-0.123291015625,-0.098876953125,0.1259765625,0.015869140625,-0.135009765625,-0.0146484375,0.036376953125,-0.0478515625,-0.009521484375,0.026611328125,-0.08349609375,-0.031982421875,0.09521484375,-0.076904296875,-0.12548828125,0.104736328125,0.07666015625,-0.147216796875,-0.081787109375,0.09912109375,-0.00390625,-0.0361328125,0.053955078125,-0.061767578125,-0.07568359375,0.08935546875,0.017333984375,-0.137939453125,0.02734375,0.1259765625,-0.093505859375,-0.07763671875,0.113037109375,-0.039794921875,-0.129150390625,0.0888671875,0.071044921875,-0.151611328125,-0.042236328125,0.144287109375,-0.0361328125,-0.077392578125,0.07958984375,-0.042236328125,-0.1162109375,0.081298828125,0.074951171875,-0.139404296875,-0.02587890625,0.13720703125,-0.0625,-0.101806640625,0.071044921875,-0.026611328125,-0.0849609375,0.088134765625,-0.146728515625,-0.146728515625,0.005859375,0.119873046875,-0.135498046875,-0.107666015625,0.15771484375,0.02001953125,-0.16748046875,0.008056640625,0.091796875,-0.090576171875,-0.036865234375,0.09521484375,-0.09423828125,-0.12939453125,0.1064453125,0.040771484375,-0.1435546875,0.001220703125,0.119384765625,-0.078125,-0.110595703125,0.071533203125,-0.00927734375,-0.078369140625,0.054931640625,0.021484375,-0.112060546875,-0.018310546875,-0.0615234375,-0.06298828125,-0.06298828125,0.0830078125,-0.021728515625,-0.072021484375,0.0625,0.00146484375,-0.11962890625,0.036376953125,0.121337890625,-0.12060546875,-0.1162109375,0.146240234375,0.0458984375,-0.135009765625,-0.001708984375,0.083740234375,-0.0458984375,-0.0439453125,0.049560546875,-0.0439453125,-0.017578125,0.1025390625,-0.055908203125,-0.135498046875,0.066162109375,0.07763671875,-0.111572265625,-0.042236328125,0.09033203125,-0.052734375,0.06787109375,-0.075927734375,-0.11279296875,-0.11279296875,0.11865234375,0.081787109375,-0.183349609375,-0.083984375,0.159912109375,-0.013916015625,-0.137451171875,0.041015625,0.033447265625,-0.0791015625,-0.00439453125,0.029541015625,-0.080078125,-0.002197265625,0.080078125,-0.1103515625,-0.107177734375,0.093994140625,0.003173828125,-0.095703125,0.052978515625,0.036865234375,-0.128173828125,0.000244140625,-0.10400390625,-0.122314453125,0.149169921875,0.056884765625,-0.1708984375,-0.1708984375,-0.04150390625,0.1123046875,-0.026611328125,-0.046142578125,0.05615234375,-0.060546875,-0.07080078125,0.109375,0.034912109375,-0.143798828125,-0.009033203125,0.12841796875,-0.038330078125,-0.09130859375,0.046630859375,-0.011962890625,-0.039306640625,0.072265625,-0.0029296875,-0.11474609375,0.018310546875,0.095947265625,-0.089599609375,-0.063232421875,0.095458984375,-0.0380859375,-0.096435546875,0.06201171875,-0.117431640625,0.040771484375,0.125,-0.121337890625,-0.141357421875,0.097412109375,0.03271484375,0.03271484375,-0.0859375,0.024658203125,0.02587890625,-0.107177734375,-0.025146484375,0.09814453125,-0.07958984375,-0.102783203125,0.104248046875,0.02880859375,-0.13427734375,-0.017822265625,0.07568359375,-0.056884765625,-0.044677734375,0.056884765625,-0.056396484375,-0.052490234375,0.093994140625,-0.030029296875,-0.109375,0.083740234375,0.078857421875,-0.073974609375,0.162353515625,-0.012939453125,-0.131591796875,0.0517578125,0.03271484375,-0.10009765625,-0.10009765625,-0.001708984375,0.05224609375,-0.08642578125,-0.010009765625,0.118896484375,-0.064208984375,-0.107177734375,0.072265625,-0.011474609375,-0.103759765625,0.068115234375,0.0693359375,-0.120849609375,0.005126953125,0.1513671875,-0.107666015625,-0.1455078125,0.143798828125,0.087646484375,-0.16259765625,-0.05810546875,0.118896484375,-0.0595703125,0.047607421875,-0.053466796875,-0.085205078125,0.066650390625,0.015625,-0.112060546875,0.02490234375,0.105712890625,0.105712890625,-0.10205078125,-0.107666015625,0.09326171875,0.008056640625,-0.08447265625,0.02392578125,0.003173828125,-0.07958984375,0.02587890625,0.06787109375,-0.1318359375,-0.07763671875,0.15283203125,0.00146484375,-0.17431640625,0.001220703125,0.10498046875,-0.04833984375,-0.06201171875,-0.063720703125,-0.04052734375,0.0947265625,-0.043212890625,-0.119384765625,0.06201171875,0.064453125,-0.107177734375,-0.03125,0.084228515625,-0.073486328125,-0.073486328125,-0.04736328125,0.114013671875,-0.05126953125,-0.12890625,0.087158203125,0.055419921875,-0.166748046875,-0.004150390625,0.18896484375,-0.076416015625,-0.169677734375,0.095947265625,0.06396484375,-0.119140625,-0.001220703125,0.09033203125,-0.068359375,-0.0517578125,0.08642578125,-0.06201171875,0.09765625,-0.01904296875,-0.133544921875,0.047119140625,0.09033203125,-0.10791015625,-0.0283203125,0.103515625,-0.09912109375,-0.099609375,-0.099609375,0.114501953125,-0.01416015625,-0.15771484375,0.061767578125,0.118896484375,-0.14990234375,-0.10693359375,0.140869140625,-0.000244140625,-0.1220703125,0.049560546875,0.052490234375,-0.093017578125,-0.02197265625,0.071044921875,-0.073486328125,-0.057861328125,0.075439453125,-0.078369140625,0.055419921875,-0.00634765625,-0.10986328125,0.031005859375,0.07763671875,-0.103515625,-0.039306640625,0.126220703125,-0.06103515625,-0.130859375,0.10107421875,0.0947265625,0.0947265625,-0.13525390625,-0.084228515625,0.102294921875,-0.001708984375,-0.04248046875,0.060546875,-0.048583984375,-0.118896484375,0.05712890625,0.075439453125,-0.11865234375,-0.04443359375,0.132568359375,-0.0234375,-0.1220703125,0.03271484375,-0.046142578125,0.04248046875,0.023681640625,-0.09521484375,0.004638671875,0.095458984375,-0.0966796875,-0.07080078125,0.114501953125,-0.02197265625,-0.119873046875,0.06787109375,0.06396484375,-0.13232421875,0.000244140625,0.000244140625,0.14208984375,-0.11572265625,-0.154541015625,0.1259765625,0.0576171875,-0.137451171875,-0.002197265625,0.0927734375,-0.079833984375,-0.0625,0.065185546875,-0.06396484375,-0.04296875,0.109375,-0.131591796875,0.035400390625,0.05322265625,-0.128173828125,-0.005859375,0.12255859375,-0.0927734375,-0.094482421875,0.110107421875,-0.0263671875,-0.154296875,0.07421875,0.117431640625,-0.143310546875,-0.088623046875,0.118408203125,0.118408203125,-0.02490234375,-0.076904296875,0.07470703125,-0.005859375,-0.1171875,0.036376953125,0.08740234375,-0.1005859375,-0.028564453125,0.1240234375,-0.054931640625,-0.121337890625,0.06640625,-0.1005859375,0.011962890625,0.08349609375,-0.0830078125,-0.0439453125,0.082763671875,-0.059326171875,-0.071044921875,0.101318359375,0.01025390625,-0.1376953125,0.03564453125,0.11865234375,-0.1357421875,-0.11181640625,0.147216796875,0.024658203125,-0.16552734375,-0.00390625,0.10009765625,-0.059326171875,-0.0654296875,-0.0654296875,0.052001953125,-0.04638671875,-0.06787109375,0.05859375,-0.0205078125,-0.08740234375,0.053466796875,0.052490234375,-0.1064453125,-0.029296875,0.0771484375,-0.082763671875,0.11669921875,-0.03173828125,-0.12451171875,0.070556640625,0.056640625,-0.158447265625,-0.015625,0.1591796875,-0.07763671875,-0.1435546875,0.083251953125,0.037841796875,-0.0947265625,0.022705078125,0.044921875,-0.1220703125,-0.027099609375,0.144287109375,-0.046875,-0.12255859375,-0.12255859375,0.077392578125,0.037353515625,-0.10498046875,-0.003662109375,0.05419921875,-0.060791015625,0.013427734375,0.0830078125,-0.1083984375,-0.091796875,0.110595703125,0.0,-0.142822265625,0.032958984375,-0.107177734375,-0.037353515625,0.107666015625,-0.079345703125,-0.125732421875,0.104248046875,0.07275390625,-0.139404296875,-0.05419921875,0.1083984375,-0.011962890625,-0.056640625,0.044189453125,-0.0361328125,-0.09033203125,0.055419921875,0.0537109375,-0.110107421875,-0.040283203125,0.113525390625,-0.01953125,-0.01953125,-0.116455078125,0.017822265625,0.017333984375,-0.033447265625,0.040283203125,0.01123046875,-0.09375,-0.006103515625,0.079833984375,-0.052001953125,0.095458984375,-0.02294921875,-0.099853515625,0.049560546875,0.030029296875,-0.12451171875,0.00927734375,0.136474609375,-0.1083984375,-0.1708984375,0.09619140625,0.064208984375,-0.133544921875,-0.035400390625,0.07421875,-0.064208984375,-0.065673828125,0.0673828125,-0.03076171875,-0.04833984375,-0.04833984375,0.07958984375,-0.01611328125,-0.116455078125,0.02978515625,0.06298828125,-0.094482421875,-0.0166015625,0.0966796875,-0.077392578125,0.102783203125,-0.021240234375,-0.142333984375,0.071044921875,0.12890625,-0.124755859375,-0.10791015625,0.109375,-0.00439453125,-0.105712890625,0.04443359375,0.044677734375,-0.083740234375,-0.01611328125,0.0556640625,-0.06591796875,-0.026123046875,0.08984375,-0.047607421875,-0.098388671875,0.049560546875,0.0087890625,0.0087890625,-0.0869140625,0.031982421875,0.054443359375,-0.11865234375,-0.043701171875,0.1064453125,-0.114501953125,0.11328125,0.058349609375,-0.176513671875,-0.052734375,0.138916015625,-0.034912109375,-0.106201171875,0.064208984375,0.01123046875,-0.10595703125,0.011962890625,0.05859375,-0.071044921875,-0.02880859375,0.063232421875,-0.05224609375,-0.052490234375,0.073486328125,-0.037841796875,-0.102783203125,0.061279296875,0.0390625,-0.112548828125,-0.112548828125,0.00390625,0.095458984375,-0.0986328125,-0.06787109375,0.140380859375,-0.169677734375,0.035400390625,0.1259765625,-0.082763671875,-0.062255859375,0.1044921875,-0.0244140625,-0.095703125,0.04443359375,-0.008056640625,-0.086181640625,0.05517578125,0.0537109375,-0.12353515625,-0.042724609375,0.08251953125,-0.0859375,-0.080810546875,0.104248046875,-0.02099609375,-0.13232421875,0.06787109375,0.083251953125,-0.148681640625,-0.03564453125,0.16015625,0.16015625,-0.060302734375,-0.1640625,0.081298828125,0.091064453125,-0.021240234375,0.071044921875,-0.075439453125,-0.060546875,0.0849609375,-0.0361328125,-0.09033203125,0.078857421875,0.0380859375,-0.118896484375,-0.017822265625,0.09423828125,-0.060302734375,-0.06103515625,0.095703125,-0.0087890625,-0.107421875,0.0419921875,0.0595703125,-0.092529296875,-0.029296875,0.0869140625,-0.03857421875,-0.07373046875,0.062255859375,-0.022705078125,-0.107421875,-0.107421875,0.045654296875,0.06884765625,-0.0810546875,0.09765625,-0.009521484375,-0.09716796875,0.029052734375,0.01416015625,-0.0810546875,-0.009033203125,0.02978515625,-0.06201171875,-0.002685546875,0.0771484375,-0.056396484375,-0.062255859375,0.072265625,-0.0322265625,-0.09423828125,0.080322265625,0.07080078125,-0.1279296875,-0.060302734375,0.103759765625,-0.028076171875,-0.055908203125,0.08251953125,-0.024658203125,-0.12646484375,0.0595703125,0.0595703125,0.10546875,-0.05908203125,0.121337890625,-0.025634765625,-0.11181640625,0.04736328125,0.013671875,-0.078857421875,0.037353515625,0.04345703125,-0.112548828125,-0.020263671875,0.107177734375,-0.080810546875,-0.08642578125,0.103271484375,-0.0087890625,-0.125,0.048828125,0.05419921875,-0.14501953125,-0.010009765625,0.169921875,-0.06591796875,-0.170166015625,0.0771484375,0.073486328125,-0.10888671875,-0.01611328125,0.084228515625,-0.071533203125,-0.071533203125,0.085693359375,-0.020751953125,-0.10205078125,0.04541015625,0.047119140625,-0.09375,-0.033935546875,0.0576171875,-0.05078125,-0.020263671875,0.09619140625,-0.041015625,-0.117431640625,0.05224609375,0.056640625,-0.072509765625,0.00390625,0.053466796875,-0.083251953125,-0.028076171875,0.098388671875,-0.07373046875,-0.119384765625,0.1123046875,0.078125,-0.166259765625,-0.072265625,0.135009765625,-0.015869140625,-0.11328125,0.032958984375,0.009033203125,-0.074462890625,0.027587890625,0.035888671875,-0.085693359375,-0.000732421875,0.09423828125,-0.064453125,-0.080322265625,0.07421875,-0.0146484375,-0.0869140625,0.058837890625,0.025146484375,-0.133056640625,0.0009765625,0.11279296875,-0.11376953125,-0.117919921875,0.142578125,0.054931640625,-0.17333984375,-0.042236328125,0.110595703125,-0.030029296875,-0.057861328125,0.053955078125,-0.031005859375,-0.065673828125,0.060791015625,0.000732421875,0.040771484375,0.040771484375,0.083984375,-0.0908203125,-0.0595703125,0.07861328125,-0.049560546875,-0.071044921875,0.08154296875,-0.024658203125,-0.12890625,0.06396484375,0.099365234375,-0.12841796875,-0.051025390625,0.142578125,-0.050537109375,-0.16650390625,0.071533203125,0.102783203125,-0.096435546875,-0.04443359375,0.07958984375,-0.0478515625,-0.08837890625,0.05712890625,-0.003662109375,-0.08935546875,0.028076171875,0.03076171875,-0.023193359375,0.071533203125,-0.057861328125,-0.057861328125,-0.07421875,0.07568359375,0.0029296875,-0.104248046875,0.026123046875,0.0751953125,-0.060791015625,-0.044677734375,0.041748046875,-0.030517578125,-0.020751953125,0.078125,-0.052978515625,-0.1240234375,0.0859375,0.119384765625,-0.130615234375,-0.14306640625,0.07861328125,0.050537109375,-0.035400390625,0.020263671875,-0.03125,-0.092041015625,0.0380859375,0.073974609375,-0.10302734375,0.11376953125,0.014892578125,-0.114501953125,-0.114501953125,-0.012939453125,0.007568359375,-0.037109375,0.0380859375,0.021484375,-0.13134765625,-0.0615234375,0.12451171875,-0.009033203125,-0.122314453125,0.0107421875,0.024169921875,-0.0556640625,0.00634765625,0.017822265625,-0.092041015625,0.01123046875,0.13037109375,-0.074951171875,-0.165283203125,0.073974609375,0.1123046875,-0.0771484375,-0.048828125,0.0615234375,-0.018310546875,0.03515625,-0.058349609375,-0.04931640625,0.092529296875,0.01953125,0.01953125,-0.10791015625,0.000244140625,0.05419921875,-0.077880859375,-0.011962890625,0.091552734375,-0.067138671875,-0.0908203125,0.0927734375,0.013916015625,-0.1435546875,0.01953125,0.133056640625,-0.091064453125,-0.140869140625,0.077392578125,0.03515625,-0.09375,0.0107421875,0.047119140625,-0.076904296875,-0.0458984375,0.04296875,-0.04541015625,-0.032958984375,-0.0400390625,-0.104736328125,0.044677734375,0.03564453125,-0.08935546875,0.015380859375,0.015380859375,0.09423828125,-0.0810546875,-0.082275390625,0.09228515625,0.005859375,-0.09228515625,0.03857421875,0.030029296875,-0.10888671875,-0.0048828125,0.107421875,-0.079833984375,-0.1171875,0.107177734375,0.05615234375,-0.14306640625,-0.040283203125,0.095947265625,-0.018798828125,-0.05029296875,0.0517578125,-0.03125,-0.075927734375,0.03076171875,-0.09912109375,-0.0009765625,0.066162109375,-0.053955078125,-0.05126953125,0.0341796875,-0.07275390625,-0.07275390625,-0.0654296875,0.125,0.0126953125,-0.192626953125,-0.012451171875,0.1513671875,-0.05810546875,-0.124755859375,0.0419921875,0.0,-0.041259765625,0.07177734375,-0.032470703125,-0.16015625,0.06982421875,0.17626953125,-0.122802734375,-0.1806640625,0.09521484375,0.07958984375,-0.0615234375,-0.02734375,-0.101318359375,0.0537109375,0.102783203125,-0.1337890625,-0.09814453125,0.15185546875,0.0302734375,-0.145751953125,-0.145751953125,0.00439453125,0.065673828125,-0.051513671875,0.002685546875,0.0458984375,-0.086181640625,-0.026611328125,0.132080078125,-0.047607421875,-0.169677734375,0.068115234375,0.121337890625,-0.10693359375,0.06396484375,-0.011474609375,-0.046142578125,0.043701171875,-0.061767578125,-0.061767578125,-0.113037109375,0.066162109375,0.063232421875,-0.11669921875,-0.0302734375,0.10498046875,-0.041748046875,-0.08349609375,-0.035888671875,-0.07373046875,0.096435546875,0.0419921875,-0.150390625,-0.150390625,-0.0244140625,0.126708984375,-0.072021484375,-0.11328125,0.098388671875,0.0244140625,-0.148681640625,-0.00341796875,-0.063232421875,-0.0634765625,0.089111328125,-0.017578125,-0.107666015625,-0.107666015625,0.04296875,0.04638671875,-0.0537109375,0.0244140625,0.0458984375,-0.090087890625,-0.035400390625,0.09375,-0.078369140625,0.085205078125,-0.00146484375,-0.1201171875,0.047607421875,0.047607421875,0.074951171875,-0.1376953125,-0.037841796875,0.15576171875,-0.048095703125,-0.16943359375,0.069091796875,0.08447265625,-0.032470703125,0.090087890625,-0.055419921875,-0.077392578125,0.0576171875,0.0576171875,-0.044189453125,-0.088134765625,0.070556640625,0.0146484375,-0.135986328125,-0.01513671875,0.06396484375,-0.094482421875,0.10205078125,-0.052001953125,-0.11328125,0.081298828125,0.033935546875,-0.13330078125,-0.13330078125,0.01904296875,0.13525390625,-0.0849609375,-0.12890625,0.080322265625,0.028564453125,-0.069580078125,0.034423828125,-0.109375,-0.008056640625,0.1083984375,-0.065185546875,-0.090087890625,-0.090087890625,0.1005859375,0.024169921875,-0.120361328125,0.014892578125,0.08349609375,-0.0654296875,-0.037353515625,-0.038330078125,-0.099609375,0.07666015625,0.049560546875,-0.1181640625,-0.030029296875,-0.030029296875,0.079833984375,-0.048095703125,-0.087890625,0.025146484375,-0.022705078125,-0.052978515625,-0.031005859375,-0.11572265625,0.043212890625,0.079345703125,-0.130126953125,-0.07666015625,-0.07666015625,0.147216796875,0.007568359375,-0.162841796875,0.006591796875,0.071533203125,-0.003662109375,0.053466796875,-0.082763671875,-0.05322265625,0.122802734375,-0.017578125,-0.14208984375,-0.14208984375,0.06396484375,0.087158203125,-0.107666015625,-0.05322265625,0.06787109375,-0.02685546875,0.08447265625,-0.048828125,-0.103759765625,0.08154296875,0.053955078125,0.053955078125,-0.084228515625,0.022705078125,0.05615234375,-0.11279296875,-0.0322265625,-0.0712890625,-0.15673828125,0.103515625,0.07177734375,-0.17529296875,-0.068115234375,0.12646484375,-0.0263671875,-0.10791015625,-0.10791015625,0.04638671875,-0.004150390625,-0.095703125,0.02587890625,0.026611328125,-0.01025390625
Prusa_B,-0.038330078125,-0.062255859375,-0.0703125,-0.065185546875,-0.023681640625,-0.023681640625,0.048583984375,0.08349609375,0.0693359375,-0.006103515625,-0.06005859375,-0.0704345703125,-0.06298828125,-0.0625,-0.045654296875,0.01123046875,0.027587890625,-0.0029296875,-0.025634765625,0.00244140625,0.044677734375,0.051025390625,0.01904296875,0.0234375,0.0556640625,0.016357421875,-0.04052734375,-0.024169921875,-0.024169921875,-0.03125,-0.07373046875,-0.023193359375,-0.041748046875,0.00634765625,0.037109375,-0.027099609375,0.014892578125,0.05029296875,0.00830078125,0.021728515625,-0.001220703125,-0.055419921875,-0.04736328125,-0.056640625,-0.071533203125,-0.071533203125,-0.033935546875,-0.017578125,-0.003662109375,-0.00537109375,-0.044921875,-0.01806640625,-0.01416015625,-0.021728515625,-0.022705078125,-0.03271484375,-0.015869140625,0.00537109375,-0.034912109375,-0.034912109375,-0.05078125,-0.025390625,-0.02734375,-0.00439453125,0.010498046875,-0.0380859375,-0.01025390625,-0.009521484375,-0.04638671875,0.009521484375,0.015869140625,-0.025634765625,-0.01708984375,0.003173828125,0.003173828125,-0.024658203125,-0.02587890625,-0.0048828125,-0.0078125,0.033935546875,0.03271484375,0.019287109375,0.010009765625,-0.03564453125,-0.03466796875,0.012451171875,0.0107421875,-0.002685546875,0.00439453125,0.00439453125,-0.0029296875,-0.0302734375,-0.0439453125,-0.015869140625,0.02880859375,0.02880859375,0.034423828125,0.0146484375,-0.009765625,-0.047607421875,-0.01220703125,0.0185546875,0.01708984375,-0.001220703125,-0.035888671875,-0.060302734375,-0.0458984375,-0.037353515625,-0.02294921875,0.00048828125,0.031494140625,0.031494140625,0.043212890625,-0.005859375,-0.062255859375,-0.005126953125,0.005126953125,-0.02978515625,-0.0390625,-0.02099609375,-0.0068359375,-0.009033203125,-0.02587890625,0.00439453125,0.059326171875,0.018310546875,0.018310546875,-0.018310546875,0.00341796875,-0.025634765625,-0.04931640625,-0.07421875,-0.01904296875,0.015869140625,-0.030029296875,-0.027587890625,-0.011962890625,-0.0029296875,0.015625,0.034423828125,0.034423828125,0.035400390625,-0.009033203125,-0.035400390625,-0.028076171875,-0.03759765625,-0.03173828125,0.0078125,0.01123046875,-0.0146484375,-0.026123046875,-0.009521484375,0.0029296875,0.0029296875,-0.01611328125,0.031494140625,0.03759765625,0.011962890625,-0.049560546875,-0.080810546875,-0.036865234375,-0.007568359375,-0.020263671875,0.0146484375,0.0146484375,0.030517578125,-0.03125,-0.01025390625,-0.027099609375,-0.031005859375,-0.0166015625,-0.01904296875,0.001220703125,0.00390625,-0.018310546875,-0.013427734375,-0.013427734375,-0.040771484375,-0.00146484375,0.021240234375,0.000244140625,-0.002197265625,-0.002197265625,-0.0244140625,-0.018798828125,0.002197265625,0.0048828125,-0.0078125,-0.0078125,-0.003173828125,0.013427734375,-0.00732421875,-0.044677734375,-0.033447265625,-0.01123046875,-0.01513671875,-0.015380859375,-0.001708984375,0.01318359375,0.004638671875,-0.022705078125,-0.009521484375,0.0322265625,0.012939453125,-0.026123046875,-0.0224609375,-0.007080078125,-0.007080078125,-0.027587890625,-0.03076171875,-0.00390625,-0.00390625,-0.004150390625,0.005126953125,-0.01025390625,-0.030517578125,-0.0068359375,0.011962890625,0.00048828125,-0.030517578125,-0.05322265625,-0.0302734375,-0.0068359375,-0.0068359375,-0.011962890625,-0.00048828125,-0.0107421875,-0.019287109375,-0.020263671875,-0.025146484375,-0.025390625,0.00048828125,0.00634765625,-0.017822265625,-0.03564453125,-0.018798828125,0.010986328125,-0.01513671875,-0.029052734375,0.0068359375,0.0341796875,0.001953125,-0.037841796875,-0.029541015625,0.000732421875,-0.00341796875,-0.016357421875,-0.013916015625,0.005859375,0.00634765625,-0.031005859375,-0.039794921875,-0.025390625,-0.001220703125,0.0126953125,0.009765625,-0.01123046875,-0.01416015625,-0.001220703125,-0.003662109375,-0.007568359375,-0.02099609375,-0.04248046875,-0.030517578125,0.019775390625,0.00830078125,-0.013671875,0.0087890625,-0.012451171875,-0.034912109375,-0.003173828125,0.0302734375,0.01953125,-0.008544921875,-0.040771484375,-0.040771484375,-0.01806640625,-0.0283203125,-0.03662109375,0.003662109375,0.01123046875,-0.0078125,0.00537109375,-0.00146484375,-0.033447265625,-0.042724609375,-0.031005859375,-0.01171875,0.00341796875,-0.01904296875,-0.015869140625,-0.005126953125,-0.031494140625,-0.02490234375,0.015380859375,0.0126953125,-0.0107421875,-0.01171875,-0.00830078125,-0.01708984375,-0.0400390625,-0.02392578125,0.010009765625,-0.002197265625,-0.017333984375,0.017333984375,0.02783203125,-0.012451171875,-0.03076171875,-0.017333984375,0.005859375,0.0,-0.033935546875,-0.036376953125,-0.012939453125,-0.0205078125,-0.020263671875,0.01220703125,0.016845703125,-0.014404296875,-0.020263671875,-0.009765625,-0.010986328125,-0.01806640625,-0.0224609375,-0.007568359375,-0.0087890625,-0.029541015625,-0.006103515625,0.030517578125,0.004638671875,-0.021240234375,-0.009521484375,0.00244140625,0.010498046875,-0.01708984375,-0.0537109375,-0.02880859375,-0.012451171875,-0.041015625,-0.000732421875,0.029052734375,-0.011474609375,-0.015380859375,-0.002685546875,-0.00146484375,-0.007080078125,-0.0234375,-0.03759765625,-0.025634765625,-0.03564453125,-0.042236328125,-0.0078125,0.00439453125,-0.018310546875,-0.0009765625,0.036376953125,0.016357421875,-0.021484375,-0.029296875,-0.006103515625,-0.0244140625,-0.0244140625,-0.039794921875,-0.0126953125,0.00048828125,-0.02490234375,-0.029541015625,0.006103515625,0.023681640625,0.00732421875,-0.022705078125,-0.030517578125,-0.018798828125,-0.018310546875,-0.018310546875,-0.014892578125,-0.042236328125,-0.04345703125,0.0048828125,0.036865234375,0.004638671875,-0.02294921875,-0.005615234375,0.011962890625,-0.010009765625,-0.014892578125,-0.012451171875,-0.012451171875,-0.02392578125,-0.0068359375,0.01220703125,0.013916015625,0.00146484375,0.00341796875,0.007568359375,-0.010009765625,-0.02734375,-0.03076171875,-0.015625,-0.015625,-0.028076171875,-0.014892578125,0.0087890625,-0.01220703125,-0.03466796875,-0.017578125,0.015869140625,0.00390625,-0.0322265625,-0.0380859375,-0.025634765625,-0.025390625,-0.025390625,-0.006103515625,0.00439453125,-0.008056640625,-0.0087890625,0.01318359375,0.020263671875,-0.01513671875,-0.03076171875,-0.007568359375,-0.010009765625,-0.02197265625,0.009521484375,0.009521484375,-0.0126953125,-0.026611328125,-0.00439453125,0.0068359375,-0.01025390625,-0.02099609375,-0.013671875,0.001953125,-0.002685546875,-0.010498046875,-0.01025390625,-0.038818359375,-0.038818359375,-0.0380859375,-0.00390625,0.01123046875,-0.010009765625,-0.0166015625,-0.0009765625,-0.003662109375,-0.014404296875,-0.010986328125,0.007568359375,-0.0439453125,-0.021484375,0.03271484375,0.03271484375,0.029541015625,-0.0048828125,-0.017333984375,-0.02294921875,-0.0244140625,-0.022705078125,-0.022216796875,-0.01220703125,-0.007080078125,-0.0263671875,-0.013427734375,0.000244140625,-0.01611328125,-0.01611328125,-0.0224609375,-0.00146484375,-0.0068359375,-0.02880859375,-0.0078125,0.015869140625,-0.024658203125,-0.046875,-0.006103515625,0.021728515625,-0.03125,0.0009765625,0.0205078125,0.0205078125,-0.0224609375,-0.02587890625,-0.010009765625,-0.027099609375,-0.03955078125,0.00634765625,0.064208984375,0.04248046875,-0.00634765625,-0.035888671875,-0.05908203125,-0.0537109375,-0.028076171875,-0.028076171875,0.00634765625,0.01171875,0.00244140625,-0.009521484375,-0.01123046875,-0.024169921875,-0.027099609375,0.007080078125,0.0302734375,-0.034912109375,-0.0322265625,-0.03759765625,-0.06298828125,-0.06298828125,-0.0341796875,0.052490234375,0.06884765625,0.009033203125,-0.022705078125,-0.039794921875,-0.044677734375,-0.025390625,-0.00634765625,-0.010986328125,-0.02392578125,0.003173828125,0.0078125,0.0078125,-0.033203125,-0.0654296875,-0.01806640625,0.05419921875,0.0263671875,-0.05126953125,-0.05908203125,-0.03662109375,-0.015625,0.0126953125,0.029296875,-0.0185546875,-0.037353515625,-0.037353515625,0.01171875,0.033935546875,-0.01953125,-0.03466796875,0.0205078125,0.013671875,-0.060302734375,-0.081298828125,0.034912109375,0.006103515625,0.01123046875,0.028076171875,0.009033203125,0.009033203125,-0.046875,-0.049560546875,-0.002197265625,-0.0205078125,-0.05615234375,-0.029296875,0.002197265625,-0.0595703125,-0.00927734375,0.064697265625,0.0390625,0.0390625,-0.021240234375,-0.021728515625,-0.009765625,-0.030517578125,-0.041748046875,-0.011962890625,0.003662109375,-0.02587890625,0.041259765625,0.04150390625,-0.0048828125,-0.025146484375,-0.025146484375,-0.01171875,0.01220703125,0.00634765625,-0.013916015625,-0.01513671875,-0.04052734375,-0.02783203125,0.042236328125,0.036376953125,-0.035888671875,-0.035400390625,-0.035400390625,0.008544921875,-0.007568359375,-0.071533203125,-0.0478515625,0.014404296875,0.001220703125,-0.025634765625,-0.008056640625,-0.015869140625,-0.005126953125,0.018310546875,0.0087890625,0.0087890625,-0.020751953125,-0.001220703125,0.001220703125,-0.052490234375,-0.08984375,-0.03271484375,0.0419921875,-0.013916015625,-0.004638671875,0.019775390625,-0.0078125,-0.049560546875,-0.049560546875,-0.032958984375,0.0234375,0.003173828125,-0.060791015625,-0.075927734375,-0.020263671875,-0.037841796875,0.0380859375,0.08056640625,0.0185546875,-0.046142578125,-0.046142578125,-0.024658203125,-0.019287109375,-0.073486328125,-0.05322265625,0.0498046875,0.06494140625,-0.054931640625,0.043212890625,0.025390625,-0.0634765625,-0.042724609375,0.079833984375,0.079833984375,0.0693359375,-0.072998046875,-0.077880859375,0.010986328125,-0.009033203125,-0.089111328125,0.079345703125,0.008056640625,-0.097900390625,-0.0244140625,0.046630859375,-0.0224609375,-0.059326171875,0.019775390625,0.019775390625,0.03173828125,-0.0986328125,-0.09716796875,0.051025390625,0.058349609375,-0.039306640625,0.0732421875,0.031005859375,-0.08203125,-0.03369140625,0.0732421875,0.01904296875,0.01904296875,-0.073974609375,-0.030517578125,0.05029296875,0.016845703125,-0.055419921875,-0.028076171875,-0.0361328125,-0.034912109375,0.037109375,0.058837890625,-0.034912109375,-0.07763671875,-0.010986328125,-0.002197265625,-0.057861328125,-0.0439453125,-0.0439453125,0.03759765625,0.040771484375,-0.0234375,-0.04052734375,0.003173828125,0.018310546875,-0.04931640625,0.044189453125,0.0283203125,-0.045166015625,-0.026611328125,0.0283203125,-0.014892578125,-0.034423828125,-0.034423828125,0.0224609375,0.02490234375,-0.044677734375,-0.07275390625,0.042236328125,-0.005615234375,-0.0361328125,-0.01220703125,0.01025390625,-0.039306640625,-0.0732421875,-0.016845703125,0.02490234375,0.02490234375,-0.043701171875,-0.0712890625,0.023681640625,0.045166015625,-0.039306640625,0.02734375,0.033203125,-0.019287109375,-0.03515625,-0.010986328125,-0.025634765625,-0.056640625,-0.01513671875,-0.01513671875,0.05322265625,0.0263671875,-0.018798828125,0.00048828125,-0.013427734375,-0.0615234375,-0.046630859375,-0.01708984375,-0.00634765625,-0.02294921875,-0.01904296875,0.02197265625,0.01318359375,0.01318359375,-0.04931640625,-0.033935546875,0.055419921875,0.04345703125,-0.041015625,0.003662109375,-0.07177734375,-0.110595703125,-0.0078125,0.06689453125,0.009521484375,-0.03173828125,0.03271484375,0.03271484375,0.052978515625,-0.044921875,-0.075439453125,0.018798828125,-0.056396484375,-0.047607421875,0.03564453125,0.002197265625,-0.081298828125,-0.03564453125,0.057861328125,0.057861328125,0.04248046875,-0.019775390625,-0.022705078125,-0.02490234375,-0.09423828125,-0.061279296875,0.025146484375,-0.0048828125,-0.032470703125,0.037353515625,0.066650390625,-0.010498046875,-0.010498046875,-0.05126953125,0.000244140625,0.020263671875,-0.05322265625,0.017822265625,0.000732421875,-0.070068359375,-0.0263671875,0.05810546875,0.0390625,-0.0234375,-0.005126953125,-0.005126953125,0.0283203125,-0.002685546875,-0.05322265625,-0.0185546875,-0.016845703125,-0.0390625,-0.014404296875,0.029052734375,0.00439453125,-0.05029296875,-0.01123046875,-0.01123046875,0.056396484375,-0.00244140625,-0.0849609375,0.002197265625,-0.062744140625,-0.056640625,0.076171875,0.096923828125,-0.022216796875,-0.0595703125,0.0400390625,0.044921875,0.044921875,-0.08740234375,-0.079833984375,0.020751953125,-0.096923828125,-0.036376953125,0.09033203125,0.016845703125,-0.09716796875,-0.005126953125,0.09228515625,0.00439453125,0.00439453125,-0.09423828125,-0.038818359375,-0.056884765625,-0.10400390625,0.029296875,0.081298828125,-0.068603515625,-0.0849609375,0.06689453125,0.0693359375,-0.06787109375,-0.061767578125,-0.061767578125,0.04541015625,-0.0087890625,-0.0205078125,0.1015625,0.028076171875,-0.079345703125,-0.014404296875,0.0810546875,-0.003662109375,-0.09521484375,-0.02978515625,0.02978515625,-0.03564453125,-0.08544921875,-0.08544921875,-0.00048828125,-0.0087890625,-0.0654296875,0.024169921875,0.050537109375,-0.044677734375,-0.095703125,0.009033203125,0.027099609375,-0.09619140625,-0.059326171875,0.09716796875,0.066650390625,0.066650390625,-0.08740234375,0.083984375,0.027587890625,-0.06640625,-0.018310546875,0.031494140625,-0.03515625,-0.1005859375,-0.0107421875,0.07177734375,-0.001708984375,-0.07861328125,0.01611328125,0.09375,0.09375,-0.02001953125,-0.001708984375,0.01904296875,-0.083984375,-0.0791015625,0.023681640625,0.0234375,-0.068115234375,-0.048583984375,0.076904296875,0.06884765625,-0.064208984375,-0.064208984375,-0.067138671875,0.017578125,-0.098876953125,-0.070068359375,0.0498046875,0.01611328125,-0.071044921875,0.01416015625,0.1123046875,0.0107421875,-0.076416015625,0.01123046875,0.052490234375,0.052490234375,-0.054443359375,-0.0029296875,0.03759765625,-0.056396484375,-0.051513671875,0.06298828125,0.056884765625,-0.058349609375,-0.043212890625,0.055419921875,0.0380859375,-0.08837890625,-0.09814453125,0.0439453125,0.0439453125,-0.11865234375,-0.05810546875,0.0888671875,0.054931640625,-0.05615234375,-0.014404296875,0.057373046875,-0.00244140625,-0.0732421875,-0.04931640625,0.005615234375,-0.031005859375,-0.09423828125,-0.09423828125,0.09423828125,0.002197265625,-0.0703125,0.010498046875,0.0771484375,-0.020263671875,-0.108642578125,-0.018310546875,0.0517578125,-0.081298828125,-0.141357421875,0.0341796875,0.0341796875,-0.05419921875,-0.04638671875,0.085693359375,0.059326171875,-0.076904296875,-0.035888671875,0.039306640625,-0.04443359375,-0.08837890625,-0.010009765625,0.062744140625,-0.010009765625,-0.085693359375,0.011962890625,0.11279296875,0.028076171875,-0.078857421875,-0.00146484375,0.043212890625,-0.0478515625,-0.06201171875,0.010986328125,-0.00537109375,-0.070556640625,-0.02294921875,0.050048828125,0.021240234375,-0.031005859375,-0.0224609375,0.020263671875,0.005615234375,-0.06494140625,-0.060302734375,-0.010009765625,-0.022705078125,-0.0556640625,0.007080078125,0.04443359375,-0.006591796875,-0.01220703125,0.028076171875,0.009033203125,-0.0439453125,-0.038330078125,-0.013427734375,-0.02392578125,-0.055908203125,-0.045654296875,-0.002197265625,0.0341796875,0.0302734375,0.01171875,-0.0078125,-0.009033203125,-0.001220703125,-0.059326171875,-0.082275390625,-0.01806640625,-0.001708984375,-0.029052734375,0.008056640625,0.036865234375,-0.011962890625,-0.019287109375,0.0283203125,0.010009765625,-0.053955078125,-0.01708984375,0.0302734375,-0.05810546875,-0.105224609375,0.004638671875,0.100830078125,0.02978515625,-0.05078125,-0.00439453125,0.0537109375,0.0400390625,-0.03466796875,-0.079345703125,-0.047119140625,-0.005615234375,-0.051513671875,-0.06982421875,0.021728515625,0.03076171875,-0.020263671875,0.008056640625,0.021728515625,-0.019775390625,-0.031982421875,-0.026123046875,-0.0341796875,-0.0703125,-0.067626953125,0.023193359375,0.071533203125,-0.0185546875,-0.04443359375,0.040771484375,0.065673828125,-0.068115234375,-0.068115234375,-0.048828125,-0.00244140625,-0.06103515625,-0.06396484375,0.056884765625,0.0673828125,-0.021240234375,0.00537109375,0.053955078125,-0.022216796875,-0.07080078125,-0.029296875,-0.043212890625,-0.043212890625,-0.049072265625,0.00244140625,0.03173828125,0.009765625,-0.0078125,0.03515625,0.063232421875,-0.017822265625,-0.048583984375,0.02001953125,0.004638671875,-0.103759765625,0.051513671875,0.051513671875,0.000732421875,-0.071533203125,0.02001953125,0.0771484375,0.017333984375,-0.027099609375,-0.00146484375,0.000244140625,-0.03125,-0.07958984375,-0.109375,-0.0087890625,-0.019775390625,-0.019775390625,-0.05126953125,-0.005126953125,0.00146484375,0.000244140625,0.0107421875,-0.020751953125,-0.057861328125,-0.00830078125,0.026611328125,-0.013671875,-0.055908203125,-0.04443359375,0.04833984375,0.04833984375,-0.038818359375,-0.078125,-0.032470703125,0.021240234375,0.028564453125,-0.022216796875,-0.059326171875,-0.027587890625,0.0,0.02392578125,0.037841796875,-0.0390625,-0.0517578125,-0.0517578125,-0.05615234375,-0.028076171875,0.03955078125,0.0283203125,-0.05322265625,-0.021728515625,0.008544921875,-0.00537109375,0.0380859375,0.031982421875,-0.029052734375,0.025390625,-0.021240234375,-0.021240234375,-0.066162109375,-0.009033203125,0.025390625,0.03369140625,0.00927734375,-0.03857421875,-0.048095703125,-0.0068359375,0.009765625,-0.008544921875,0.00830078125,-0.01953125,-0.05908203125,-0.05908203125,-0.043701171875,-0.02734375,0.006591796875,0.013916015625,-0.03076171875,-0.025634765625,-0.00390625,0.01806640625,0.020263671875,-0.056396484375,-0.0009765625,-0.0009765625,-0.031005859375,-0.019775390625,0.024658203125,-0.057373046875,-0.03076171875,0.0517578125,-0.028076171875,-0.01904296875,0.04248046875,-0.064208984375,-0.018798828125,0.0,0.0,0.023681640625,0.0576171875,-0.010986328125,-0.03466796875,0.017578125,-0.031494140625,-0.1044921875,-0.062744140625,0.004150390625,0.0791015625,0.02392578125,-0.071533203125,-0.071533203125,-0.067626953125,-0.008056640625,0.04736328125,0.079833984375,0.031494140625,-0.0458984375,-0.055419921875,-0.0283203125,-0.028076171875,-0.07470703125,-0.071044921875,0.01123046875,0.01123046875,0.058349609375,0.04443359375,0.033935546875,0.034912109375,0.025390625,-0.016357421875,-0.06591796875,-0.089111328125,-0.053466796875,-0.0380859375,-0.0068359375,-0.0068359375,0.0283203125,0.010009765625,-0.020751953125,-0.00634765625,0.021484375,0.0234375,0.01513671875,0.03125,0.04248046875,-0.1044921875,-0.080322265625,-0.02490234375,-0.02490234375,-0.04443359375,-0.033935546875,0.015625,0.0,0.047607421875,0.040771484375,-0.054931640625,0.028564453125,-0.037841796875,0.082275390625,-0.08984375,-0.02685546875,-0.02685546875,0.046630859375,-0.120849609375,0.03173828125,-0.03125,-0.0283203125,0.052978515625,-0.0888671875,-0.029541015625,-0.002197265625,0.060791015625,0.03564453125,0.046875,0.0419921875,0.0419921875,-0.04443359375,-0.046875,-0.0849609375,-0.06396484375,-0.02294921875,-0.01611328125,-0.001220703125,0.00634765625,-0.00830078125,0.02001953125,0.047119140625,0.024658203125,0.01904296875,-0.029052734375,-0.029052734375,-0.044189453125,-0.0341796875,-0.06298828125,-0.03466796875,-0.001220703125,-0.0283203125,-0.02685546875,-0.005615234375,0.020751953125,0.00537109375,-0.017822265625,-0.040283203125,-0.014892578125,-0.014892578125,0.02978515625,0.01220703125,-0.04931640625,-0.083251953125,-0.02978515625,0.025146484375,-0.009033203125,-0.029296875,0.037353515625,0.045654296875,-0.02099609375,-0.093505859375,-0.03662109375,-0.03662109375,0.064453125,0.0751953125,-0.007080078125,-0.10546875,-0.07080078125,0.046630859375,0.06689453125,-0.1171875,-0.0419921875,0.091064453125,0.0615234375,-0.076171875,-0.105712890625,-0.105712890625,0.037841796875,0.126953125,0.012451171875,-0.130126953125,-0.059326171875,0.0859375,0.034912109375,-0.101318359375,0.06103515625,0.087646484375,-0.0556640625,-0.119873046875,0.029296875,0.121826171875,0.121826171875,-0.0048828125,-0.112060546875,-0.017578125,0.079833984375,-0.020751953125,-0.109375,-0.048095703125,0.017822265625,0.003173828125,-0.0078125,-0.018310546875,-0.02978515625,-0.015625,-0.0029296875,-0.0029296875,-0.03076171875,-0.0615234375,-0.0029296875,0.041259765625,-0.02197265625,-0.066162109375,0.03955078125,-0.030029296875,-0.077880859375,-0.0126953125,0.01318359375,-0.038818359375,-0.038818359375,-0.04541015625,0.012939453125,0.060546875,0.0234375,-0.0341796875,0.013427734375,-0.063232421875,-0.0439453125,0.039306640625,0.050048828125,-0.022705078125,-0.0224609375,-0.0224609375,0.009521484375,-0.027587890625,-0.0615234375,-0.01904296875,0.0439453125,0.041748046875,-0.03955078125,0.008544921875,-0.0244140625,-0.049072265625,-0.014892578125,0.014892578125,0.014892578125,-0.025390625,-0.048583984375,0.03564453125,0.019775390625,-0.083251953125,-0.094482421875,0.00146484375,-0.03662109375,-0.007080078125,0.07763671875,0.069091796875,-0.049072265625,-0.049072265625,-0.063232421875,0.022216796875,0.0107421875,-0.08447265625,-0.064453125,0.03173828125,-0.061279296875,-0.043212890625,0.0439453125,0.032470703125,-0.0517578125,-0.035400390625,-0.035400390625,0.026611328125,0.01416015625,-0.012939453125,0.02392578125,0.038330078125,-0.076171875,0.00341796875,0.015869140625,-0.045166015625,-0.0517578125,0.0458984375,0.0458984375,0.052734375,-0.026611328125,-0.0380859375,0.029541015625,0.014404296875,-0.0595703125,0.037841796875,0.041015625,-0.03662109375,-0.034912109375,0.025390625,0.006103515625,0.006103515625,-0.076416015625,-0.047607421875,0.026611328125,-0.0166015625,-0.080322265625,0.060302734375,0.0029296875,-0.068115234375,-0.006103515625,0.03759765625,-0.013916015625,-0.0537109375,-0.010498046875,-0.010498046875,0.009033203125,-0.041259765625,-0.046630859375,0.015625,0.01220703125,-0.02880859375,0.041015625,0.043701171875,-0.019287109375,-0.016845703125,0.02490234375,-0.00537109375,-0.066162109375,-0.066162109375,-0.03125,0.023681640625,-0.00390625,-0.0458984375,-0.0107421875,-0.005859375,-0.0546875,-0.005859375,0.01953125,-0.040283203125,-0.0595703125,0.014404296875,0.02294921875,-0.061279296875,-0.061279296875,-0.06787109375,0.018310546875,0.03173828125,-0.02978515625,0.033203125,0.03125,-0.057373046875,-0.060546875,0.00048828125,-0.000732421875,-0.03564453125,-0.005615234375,0.0390625,0.0390625,0.005126953125,-0.05029296875,-0.016357421875,0.02783203125,-0.0556640625,-0.010498046875,0.0390625,-0.03369140625,-0.069580078125,0.027587890625,0.04443359375,-0.0478515625,-0.076171875,-0.076171875,0.00830078125,0.0390625,-0.01416015625,-0.023681640625,0.00537109375,-0.09228515625,-0.075927734375,0.0283203125,0.036376953125,-0.05126953125,-0.0390625,0.050048828125,0.049072265625,0.049072265625,-0.028076171875,-0.037353515625,0.016357421875,-0.017578125,-0.027587890625,0.0478515625,0.000732421875,-0.039306640625,0.019775390625,0.0400390625,-0.031982421875,-0.06640625,-0.009521484375,0.006103515625,0.006103515625,-0.06689453125,-0.069580078125,0.0458984375,-0.049560546875,-0.068115234375,0.0166015625,0.008056640625,-0.06103515625,-0.047119140625,0.0390625,0.043212890625,-0.0341796875,-0.034423828125,-0.034423828125,0.0283203125,0.009521484375,-0.058349609375,0.03759765625,0.01220703125,-0.02783203125,0.03515625,0.0419921875,-0.052001953125,-0.08154296875,-0.009521484375,0.02587890625,0.02587890625,-0.039794921875,-0.057373046875,0.05322265625,-0.0517578125,-0.05810546875,0.02587890625,0.010498046875,-0.081787109375,-0.0654296875,0.019287109375,0.015625,0.015625,-0.04736328125,-0.03515625,0.01220703125,-0.073486328125,-0.036376953125,0.05029296875,0.01025390625,-0.06640625,-0.00927734375,0.046875,-0.03662109375,-0.080810546875,-0.080810546875,0.01416015625,0.056396484375,-0.072509765625,0.037841796875,0.05908203125,-0.052734375,-0.077880859375,0.040283203125,0.0419921875,-0.08740234375,-0.09130859375,0.03369140625,0.03369140625,0.0556640625,-0.044921875,0.064208984375,0.05029296875,-0.07275390625,-0.06591796875,0.037353515625,0.004638671875,-0.076171875,-0.0068359375,0.081298828125,0.081298828125,0.012451171875,-0.010986328125,0.078369140625,-0.010009765625,-0.096435546875,-0.01513671875,0.0595703125,-0.0166015625,-0.0888671875,-0.0029296875,0.04736328125,-0.02783203125,-0.02783203125,-0.0625,0.025634765625,-0.04638671875,-0.049560546875,0.02490234375,0.012939453125,-0.0595703125,-0.062255859375,0.00927734375,-0.0009765625,-0.071044921875,-0.071044921875,-0.02490234375,0.01513671875,-0.068115234375,-0.00537109375,0.06787109375,-0.01123046875,-0.09521484375,-0.016357421875,0.060791015625,-0.01708984375,-0.06787109375,0.021728515625,0.021728515625,0.0673828125,-0.06640625,-0.002197265625,0.0302734375,-0.036865234375,-0.0634765625,-0.00048828125,0.014404296875,-0.047119140625,-0.018798828125,0.055908203125,0.0068359375,0.0068359375,-0.03125,0.060302734375,0.00927734375,-0.089599609375,-0.03857421875,0.05224609375,-0.001708984375,-0.078125,0.0029296875,0.083984375,-0.007568359375,-0.1025390625,-0.1025390625,0.0517578125,-0.03173828125,-0.076171875,0.020263671875,0.050048828125,-0.06005859375,-0.071533203125,0.038818359375,0.02783203125,-0.0859375,-0.083984375,-0.083984375,0.056884765625,-0.052978515625,-0.044677734375,0.049072265625,0.00732421875,-0.09326171875,-0.04443359375,0.0634765625,0.016357421875,-0.082275390625,-0.018310546875,0.092529296875,0.092529296875,-0.086669921875,-0.012451171875,0.065673828125,-0.0205078125,-0.08349609375,0.018798828125,0.06884765625,-0.052490234375,-0.1025390625,0.026611328125,0.066162109375,0.066162109375,-0.080810546875,0.03955078125,0.04833984375,-0.0732421875,-0.082763671875,0.0390625,0.051513671875,-0.057861328125,-0.063720703125,0.03857421875,0.011474609375,-0.072265625,-0.03564453125,0.048828125,0.003662109375,-0.098388671875,-0.02978515625,0.075927734375,-0.005859375,-0.0810546875,-0.005615234375,0.065673828125,-0.01708984375,-0.090576171875,0.0107421875,0.076171875,-0.030029296875,-0.085205078125,0.01708984375,0.037109375,-0.064453125,-0.08056640625,0.031494140625,0.05029296875,-0.045654296875,-0.042236328125,0.05224609375,0.03173828125,-0.081298828125,-0.057861328125,0.052490234375,0.01318359375,-0.075439453125,-0.0234375,0.056884765625,-0.013916015625,-0.07958984375,-0.001708984375,0.066162109375,-0.000732421875,-0.07275390625,0.008544921875,0.0634765625,-0.0693359375,-0.12060546875,0.021240234375,0.0732421875,-0.040283203125,-0.070068359375,0.05615234375,0.060791015625,-0.082275390625,-0.09765625,0.018798828125,0.005615234375,-0.109375,-0.06787109375,0.07861328125,0.0556640625,-0.04443359375,-0.005126953125,0.06591796875,-0.011962890625,-0.10302734375,-0.03564453125,0.0673828125,-0.09765625,-0.09765625,0.0283203125,0.097900390625,-0.021728515625,-0.0830078125,0.026123046875,0.07763671875,-0.04052734375,-0.09765625,0.0244140625,0.0791015625,-0.046142578125,-0.098388671875,0.030517578125,0.055908203125,-0.069091796875,-0.0732421875,0.050537109375,0.0439453125,-0.08984375,-0.071533203125,0.078369140625,0.04150390625,-0.113037109375,-0.082763671875,0.06298828125,0.037109375,-0.061767578125,-0.000244140625,-0.001953125,-0.12744140625,-0.12744140625,-0.035400390625,0.05859375,-0.019775390625,-0.08984375,0.015380859375,0.077392578125,-0.0390625,-0.08203125,0.035888671875,0.076171875,-0.0546875,-0.102294921875,0.03125,0.047607421875,-0.068603515625,-0.062255859375,0.051513671875,0.037109375,-0.08154296875,-0.060791015625,0.051025390625,0.021484375,-0.061767578125,-0.017822265625,0.06787109375,0.004150390625,-0.09619140625,0.0380859375,-0.0087890625,-0.070556640625,-0.070556640625,0.006103515625,0.070556640625,-0.0166015625,-0.05419921875,0.035400390625,0.036376953125,-0.072265625,-0.0771484375,0.03564453125,0.03662109375,-0.0615234375,-0.04541015625,0.064697265625,0.01220703125,-0.136962890625,-0.083251953125,0.08251953125,0.05322265625,-0.077392578125,-0.03173828125,0.07568359375,-0.02197265625,-0.12158203125,-0.014892578125,0.0888671875,-0.012451171875,0.02294921875,0.0859375,-0.020263671875,-0.0654296875,-0.0654296875,0.03076171875,0.039794921875,-0.091552734375,-0.0927734375,0.073974609375,0.08203125,-0.07568359375,-0.078857421875,0.064453125,0.066162109375,-0.080322265625,-0.090576171875,0.0498046875,0.037109375,-0.10595703125,-0.092529296875,0.060546875,0.046630859375,-0.0732421875,-0.04052734375,0.071533203125,0.013916015625,-0.093017578125,-0.015869140625,-0.027587890625,-0.092529296875,0.014404296875,0.066162109375,-0.052978515625,-0.087890625,-0.087890625,0.0498046875,0.07861328125,-0.0712890625,-0.104248046875,0.066162109375,0.097412109375,-0.0966796875,-0.129150390625,0.045654296875,0.072509765625,-0.0654296875,-0.06201171875,0.082763671875,0.03564453125,-0.114990234375,-0.05615234375,0.083251953125,-0.01025390625,-0.130126953125,-0.005126953125,0.099609375,-0.03125,0.031982421875,0.132080078125,-0.0380859375,-0.147705078125,0.003173828125,0.10546875,-0.021484375,-0.021484375,-0.092041015625,0.02685546875,0.075439453125,-0.050048828125,-0.08349609375,0.0380859375,0.03955078125,-0.078125,-0.056640625,0.060302734375,0.017578125,-0.083740234375,-0.023193359375,0.0771484375,-0.026123046875,-0.154052734375,-0.026611328125,0.114501953125,0.005859375,-0.101806640625,0.002685546875,0.084228515625,-0.131591796875,0.01318359375,0.09326171875,-0.02734375,-0.07861328125,0.025146484375,0.039306640625,-0.0625,-0.0625,-0.037109375,0.081298828125,0.03662109375,-0.106201171875,-0.06005859375,0.0947265625,0.033935546875,-0.1298828125,-0.0478515625,0.1181640625,0.00927734375,-0.143798828125,-0.0390625,0.111328125,0.009521484375,-0.12158203125,-0.017822265625,0.097412109375,-0.015625,-0.115234375,-0.019287109375,0.061279296875,-0.03759765625,-0.069091796875,0.072265625,-0.109130859375,-0.0888671875,0.0869140625,0.068115234375,-0.10791015625,-0.108642578125,0.057373046875,0.047607421875,-0.10107421875,-0.10107421875,-0.06005859375,0.095703125,0.055419921875,-0.0966796875,-0.056884765625,0.05615234375,-0.008544921875,-0.098876953125,-0.025146484375,0.06689453125,-0.021484375,-0.100341796875,0.00439453125,0.08349609375,-0.035400390625,-0.09814453125,0.044921875,0.08740234375,-0.07470703125,0.04345703125,0.047607421875,-0.072021484375,-0.076416015625,0.0537109375,0.0634765625,-0.055908203125,-0.029052734375,0.08349609375,0.0048828125,-0.125244140625,-0.125244140625,-0.039794921875,0.072509765625,-0.013427734375,-0.1005859375,-0.002685546875,0.06640625,-0.036865234375,-0.090576171875,0.012451171875,0.08251953125,-0.025390625,-0.0869140625,0.00341796875,0.021484375,-0.08447265625,-0.064208984375,0.05859375,0.050048828125,-0.05126953125,0.0673828125,0.015869140625,-0.11279296875,-0.053466796875,0.0810546875,-0.001708984375,-0.10595703125,-0.00634765625,0.104736328125,0.012451171875,-0.1044921875,-0.1044921875,0.000244140625,0.08740234375,-0.034423828125,-0.123046875,0.0048828125,0.07568359375,-0.04833984375,-0.070068359375,0.02880859375,0.034912109375,-0.039794921875,-0.049072265625,0.021728515625,0.0380859375,-0.0634765625,-0.05224609375,0.05126953125,0.01318359375,-0.030029296875,0.07373046875,0.026123046875,-0.07763671875,-0.05908203125,0.05859375,0.036376953125,-0.081298828125,-0.021728515625,0.06201171875,-0.021240234375,-0.084228515625,-0.0146484375,-0.0146484375,0.038818359375,-0.02392578125,-0.046142578125,0.0185546875,0.010009765625,-0.038330078125,-0.01416015625,0.026611328125,-0.012939453125,-0.09521484375,-0.049072265625,0.036865234375,0.020751953125,-0.034423828125,0.000244140625,0.05322265625,-0.072998046875,-0.046875,0.03466796875,0.035888671875,-0.031494140625,-0.02978515625,0.039306640625,0.00830078125,-0.05078125,-0.008056640625,0.01123046875,-0.04296875,-0.05908203125,-0.00390625,0.038818359375,0.038818359375,0.007568359375,-0.024169921875,0.01171875,0.01318359375,-0.0703125,-0.0771484375,0.01318359375,0.02734375,-0.0361328125,-0.01123046875,0.0185546875,0.004150390625,-0.00390625,-0.029296875,-0.04150390625,-0.05224609375,-0.02099609375,0.021728515625,0.02978515625,0.01220703125,0.006103515625,0.006103515625,-0.0224609375,-0.06982421875,-0.025634765625,0.02880859375,-0.018310546875,-0.037109375,-0.01025390625,0.008544921875,-0.0107421875,-0.0107421875,-0.015625,0.002197265625,-0.009033203125,-0.020263671875,-0.023193359375,-0.00732421875,0.007568359375,-0.0224609375,-0.017578125,0.009521484375,-0.01416015625,-0.041748046875,-0.004150390625,-0.029052734375,-0.040283203125,-0.00634765625,-0.003662109375,-0.00244140625,-0.006591796875,-0.011474609375,-0.005859375,0.000732421875,-0.007568359375,-0.02099609375,0.0,0.0068359375,-0.0185546875,-0.01318359375,-0.006103515625,-0.010009765625,-0.023681640625,-0.023681640625,-0.0517578125,-0.042724609375,-0.02490234375,-0.0126953125,-0.001953125,0.027099609375,0.034423828125,-0.005615234375,-0.013916015625,-0.018798828125,-0.0625,-0.0185546875,0.004150390625,0.0126953125,0.01171875,0.01220703125,0.024169921875,0.01123046875,-0.040771484375,-0.06591796875,-0.031494140625,-0.004150390625,-0.005126953125,0.00927734375,0.033447265625,0.019287109375,-0.01611328125,-0.02099609375,-0.02197265625,-0.02197265625,-0.025390625,-0.037841796875,-0.0234375,-0.01806640625,-0.020263671875,-0.001953125,0.017333984375,-0.002197265625,-0.02783203125,-0.028564453125,-0.007568359375,-0.025634765625,-0.03125,-0.007568359375,0.01708984375,0.008056640625,-0.008056640625,0.01171875,-0.001220703125,-0.0537109375,-0.045654296875,-0.03857421875,-0.03125,0.00634765625,0.024658203125,0.04150390625,0.008544921875,-0.03369140625,-0.027099609375,-0.020751953125,-0.026123046875,-0.026123046875,-0.036865234375,0.014404296875,0.034423828125,-0.0390625,-0.05908203125,-0.000732421875,0.031005859375,-0.008544921875,-0.03857421875,-0.00439453125,-0.031982421875,-0.05029296875,-0.00146484375,0.056640625,0.01220703125,-0.00390625,0.00146484375,-0.03076171875,-0.043701171875,-0.020751953125,0.020751953125,0.0068359375,-0.00439453125,0.0107421875,-0.008544921875,-0.0390625,-0.03955078125,-0.012451171875,-0.0078125,-0.027587890625,-0.027587890625,-0.032470703125,0.000244140625,-0.00244140625,-0.03076171875,-0.024658203125,-0.00048828125,-0.0126953125,-0.025634765625,0.00830078125,0.027587890625,-0.001708984375,-0.047607421875,-0.048828125,-0.034912109375,-0.03173828125,-0.02490234375,-0.0029296875,0.02783203125,0.0302734375,-0.015380859375,-0.046875,-0.026611328125,0.024658203125,0.033935546875,-0.0146484375,-0.009521484375,0.003662109375,-0.02392578125,-0.03076171875,-0.048583984375,-0.048583984375,-0.030517578125,0.023193359375,0.021728515625,-0.01953125,-0.0107421875,-0.01318359375,0.00390625,0.00244140625,0.00048828125,0.030517578125,-0.017333984375,-0.033447265625,-0.044677734375,-0.034912109375,-0.012451171875,-0.01123046875,-0.001220703125,-0.018310546875,-0.031494140625,-0.014404296875,-0.031982421875,0.00341796875,0.015380859375,0.003662109375,-0.009521484375,-0.0205078125,-0.045654296875,-0.02587890625,-0.00244140625,-0.03173828125,0.02685546875,0.02685546875,-0.0283203125,0.011474609375,-0.031982421875,-0.052001953125,0.003662109375,0.0703125,0.0087890625,-0.009521484375,0.095703125,-0.10009765625,-0.029296875,-0.0048828125,-0.10595703125,0.066650390625,0.0234375,-0.0537109375,0.021240234375,-0.02001953125,-0.023193359375,0.006103515625,-0.003662109375,0.002197265625,0.001220703125,-0.014892578125,-0.047119140625,-0.020751953125,-0.01904296875,-0.02587890625,0.00439453125,-0.026123046875,-0.026123046875,-0.030517578125,-0.011962890625,-0.021728515625,-0.011962890625,0.007568359375,0.008056640625,-0.01513671875,-0.007568359375,-0.01171875,-0.01806640625,-0.026123046875,-0.052001953125,-0.038818359375,-0.008056640625,-0.00390625,0.016845703125,0.038818359375,0.037353515625,0.03759765625,0.013916015625,-0.015869140625,-0.0234375,-0.025390625,-0.036376953125,-0.046630859375,-0.048583984375,-0.043212890625,-0.016357421875,0.012939453125,0.03125,0.03125,0.031982421875,0.00146484375,-0.062255859375,-0.035888671875,0.02490234375,0.04443359375,-0.006103515625,-0.07763671875,-0.094970703125,-0.03076171875,0.029541015625,-0.016357421875,-0.083984375,-0.026123046875,0.06494140625,0.0390625,-0.0380859375,-0.013916015625,0.017578125,-0.041259765625,-0.025634765625,0.00341796875,-0.069580078125,-0.03173828125,0.037353515625,-0.06005859375,-0.0546875,0.068603515625,0.053466796875,0.016357421875,0.012451171875,0.012451171875,-0.068115234375,-0.009765625,-0.02197265625,-0.0234375,0.059326171875,0.055419921875,-0.03515625,-0.05419921875,-0.020263671875,-0.010009765625,0.004638671875,-0.002197265625,-0.020751953125,0.010009765625,0.012451171875,-0.02734375,-0.0283203125,0.001708984375,0.009521484375,0.0048828125,0.02685546875,-0.02099609375,-0.0712890625,-0.04345703125,-0.021484375,-0.004638671875,0.026611328125,0.03955078125,-0.021240234375,-0.021240234375,-0.053955078125,-0.02587890625,0.0244140625,0.03564453125,-0.03466796875,-0.081298828125,-0.028564453125,0.01318359375,-0.030517578125,-0.0283203125,-0.01611328125,-0.03515625,-0.00048828125,0.03515625,0.02685546875,-0.03662109375,-0.087158203125,-0.06494140625,0.017578125,0.07275390625,0.02001953125,-0.065673828125,-0.09814453125,-0.049560546875,0.039306640625,0.054931640625,0.010986328125,-0.011474609375,0.0166015625,0.003662109375,-0.064697265625,-0.053955078125,0.017822265625,0.052734375,-0.009033203125,-0.07421875,-0.02978515625,0.04052734375,0.011962890625,-0.05712890625,-0.05078125,0.039794921875,0.09130859375,-0.01123046875,-0.11572265625,-0.0419921875,0.07177734375,0.0078125,-0.117919921875,-0.055419921875,0.091552734375,0.041015625,-0.1201171875,-0.099853515625,0.0947265625,0.08837890625,-0.1083984375,-0.109130859375,0.085693359375,0.085693359375,-0.08935546875,-0.098876953125,0.0703125,0.068359375,-0.118408203125,-0.126953125,0.064697265625,0.080078125,-0.095947265625,-0.081298828125,0.103515625,0.08984375,-0.109375,-0.1279296875,0.049072265625,0.059326171875,-0.076171875,-0.078857421875,0.0419921875,0.074951171875,-0.0078125,-0.033447265625,0.023681640625,0.032470703125,-0.03125,-0.048828125,-0.0068359375,0.01513671875,-0.029541015625,0.001220703125,0.001220703125,0.027099609375,0.017333984375,-0.00146484375,-0.006103515625,-0.00146484375,-0.009765625,-0.03271484375,-0.063720703125,-0.059814453125,-0.0087890625,-0.003662109375,-0.0400390625,-0.01220703125,0.04833984375,0.046875,-0.02099609375,-0.045654296875,0.020263671875,0.015625,-0.0927734375,-0.112548828125,0.007568359375,0.042236328125,-0.0634765625,-0.0771484375,0.06787109375,0.1015625,-0.05712890625,0.01513671875,0.0302734375,0.0302734375,-0.050048828125,-0.074951171875,-0.0048828125,-0.004638671875,-0.068115234375,-0.0166015625,0.0693359375,0.025390625,-0.057373046875,-0.012451171875,0.052734375,-0.021728515625,-0.085693359375,-0.0302734375,0.0234375,-0.015380859375,-0.07861328125,-0.004150390625,0.096435546875,0.018310546875,-0.062255859375,0.001708984375,0.065673828125,-0.0087890625,-0.065185546875,-0.024169921875,-0.061279296875,-0.03857421875,0.063720703125,0.056640625,0.056640625,-0.060546875,-0.0390625,0.077392578125,0.05712890625,-0.110107421875,-0.118896484375,0.045654296875,0.0478515625,-0.10693359375,-0.099853515625,0.07470703125,0.089111328125,-0.06591796875,-0.08544921875,0.044921875,0.0634765625,-0.071533203125,-0.10302734375,0.016357421875,0.03076171875,-0.079833984375,-0.039306640625,0.0517578125,0.016845703125,-0.03662109375,0.023681640625,0.069580078125,-0.061767578125,-0.099609375,0.018798828125,0.05859375,-0.05810546875,0.010986328125,0.072021484375,-0.0263671875,-0.020751953125,0.057373046875,0.03515625,0.03515625,-0.065673828125,-0.038330078125,0.02294921875,-0.035888671875,-0.10107421875,-0.0283203125,0.072509765625,0.00537109375,-0.04345703125,0.03564453125,0.064208984375,-0.033447265625,-0.080810546875,0.04833984375,0.073974609375,-0.07568359375,-0.1005859375,0.00439453125,0.040771484375,-0.049072265625,-0.0380859375,0.075439453125,0.04833984375,-0.050537109375,0.042236328125,-0.019775390625,-0.125732421875,-0.03955078125,0.073974609375,0.0068359375,0.0068359375,-0.1103515625,-0.030029296875,0.08544921875,0.002197265625,-0.095947265625,-0.013671875,0.086181640625,-0.028076171875,-0.120849609375,-0.0078125,0.059326171875,-0.04248046875,-0.079833984375,0.046142578125,0.08154296875,-0.044677734375,-0.058837890625,0.056640625,0.0361328125,-0.110595703125,-0.0703125,0.0703125,0.023193359375,-0.048828125,0.07568359375,0.029541015625,-0.0703125,-0.024169921875,0.060302734375,-0.010009765625,-0.09765625,-0.09765625,-0.0263671875,0.0498046875,-0.025390625,-0.08837890625,0.004638671875,0.076416015625,-0.01025390625,-0.058349609375,0.03759765625,0.0673828125,-0.051025390625,-0.087646484375,0.036376953125,0.074951171875,-0.064453125,-0.09619140625,0.031005859375,0.067138671875,-0.03759765625,-0.040771484375,0.059814453125,-0.09375,-0.0595703125,0.0478515625,0.00390625,-0.103515625,-0.045654296875,0.04248046875,0.04248046875,-0.01220703125,-0.066650390625,0.01318359375,0.06787109375,-0.0283203125,-0.089599609375,0.00927734375,0.061279296875,-0.048095703125,-0.099365234375,0.00048828125,-0.024658203125,-0.04931640625,0.0478515625,0.067138671875,-0.046630859375,-0.060791015625,0.029541015625,0.029541015625,0.0322265625,-0.053466796875,-0.06005859375,0.025390625,0.014404296875,-0.070556640625,-0.025146484375,0.065185546875,0.01025390625,-0.083984375,-0.023193359375,-0.0048828125,-0.10400390625,-0.04296875,0.046142578125,-0.010009765625,-0.095458984375,-0.009033203125,0.097412109375,0.097412109375,0.020751953125,-0.071533203125,-0.013916015625,0.06005859375,0.0029296875,-0.07275390625,-0.013671875,0.04296875,-0.027587890625,-0.0615234375,0.03515625,-0.033935546875,-0.056396484375,0.027099609375,0.03759765625,-0.044189453125,-0.05859375,0.00390625,0.00390625,0.001220703125,-0.06494140625,-0.04150390625,0.03515625,0.0283203125,-0.03759765625,-0.027587890625,0.027587890625,-0.014892578125,-0.07177734375,0.0361328125,-0.018798828125,-0.060302734375,0.005126953125,0.05078125,-0.017333984375,-0.049560546875,0.03125,0.05810546875,0.05810546875,-0.035400390625,-0.060791015625,0.03125,0.0322265625,-0.08984375,-0.1025390625,0.028564453125,0.036376953125,-0.043212890625,-0.008056640625,0.025634765625,-0.10009765625,-0.045166015625,0.03955078125,-0.021728515625,-0.09130859375,-0.09130859375,-0.029296875,0.058837890625,0.0087890625,-0.07177734375,-0.005615234375,0.062744140625,-0.066650390625,0.017822265625,0.080810546875,-0.043212890625,-0.122802734375,-0.019775390625,-0.019775390625,0.05712890625,-0.027099609375,-0.044677734375,0.064453125,0.05224609375,-0.10107421875,0.044189453125,0.0625,-0.06005859375,-0.058349609375,0.027099609375,-0.015869140625,-0.015869140625,-0.106689453125,-0.04150390625,0.07080078125,0.0146484375,-0.071044921875,0.073486328125,-0.018798828125,-0.110107421875,-0.0263671875,0.04150390625,-0.0390625,-0.0390625,-0.08154296875,0.00732421875,0.0771484375,0.016357421875,-0.04443359375,0.04150390625,-0.06982421875,-0.08984375,0.01513671875,0.024169921875,-0.072265625,-0.03125,-0.03125,0.066162109375,0.009765625,-0.095458984375,-0.04443359375,0.004638671875,-0.0634765625,0.017822265625,0.0751953125,-0.044921875,-0.138427734375,-0.03369140625,-0.03369140625,0.0517578125,-0.011962890625,-0.02978515625,0.05810546875,0.082275390625,-0.0947265625,-0.02001953125,0.0244140625,-0.03515625,-0.05029296875,0.03759765625,0.03564453125,0.03564453125,-0.0615234375,-0.04052734375,0.058837890625,0.033447265625,-0.080078125,0.056884765625,0.009765625,-0.106201171875,-0.06005859375,0.030029296875,-0.010498046875,-0.07080078125,-0.07080078125,0.01171875,0.08984375,-0.014892578125,-0.0908203125,-0.011474609375,-0.0283203125,-0.085693359375,-0.008056640625,0.04638671875,-0.0244140625,-0.047607421875,0.037841796875,0.058349609375,0.058349609375,-0.044189453125,-0.064453125,0.01953125,0.033935546875,-0.049560546875,0.029052734375,0.03369140625,-0.06005859375,-0.046875,0.037109375,0.0234375,-0.0712890625,-0.03369140625,0.05322265625,0.05322265625,-0.0048828125,-0.092529296875,-0.05126953125,0.00244140625,-0.058837890625,0.000732421875,0.048583984375,0.00634765625,-0.042724609375,-0.008544921875,0.041748046875,-0.01025390625,-0.01025390625,-0.069580078125,-0.027099609375,0.034423828125,-0.018798828125,0.00927734375,0.031494140625,-0.02294921875,-0.03955078125,0.031005859375,0.0400390625,-0.04150390625,-0.058837890625,-0.010009765625,-0.010009765625,-0.0146484375,-0.053466796875,-0.040771484375,0.026123046875,-0.0341796875,-0.009033203125,0.04248046875,0.005126953125,-0.056884765625,-0.04296875,-0.012939453125,-0.02783203125,-0.029541015625,0.00830078125,0.00830078125,0.041259765625,0.0224609375,-0.022705078125,0.0009765625,-0.019775390625,-0.02197265625,0.00390625,-0.008056640625,-0.060302734375,-0.050048828125,0.0234375,0.02490234375,0.02490234375,-0.041748046875,-0.0263671875,0.0400390625,-0.052734375,-0.044921875,0.0009765625,-0.030029296875,-0.053466796875,-0.0205078125,0.036376953125,0.025146484375,-0.031494140625,-0.01220703125,-0.01220703125,0.02392578125,-0.004150390625,-0.02685546875,-0.002685546875,-0.032470703125,-0.055419921875,-0.006103515625,0.03271484375,0.00244140625,-0.028564453125,0.0048828125,0.010009765625,-0.029296875,-0.02294921875,0.0107421875,0.0107421875,-0.009521484375,-0.076416015625,0.0078125,0.013671875,-0.02490234375,-0.011474609375,0.00341796875,-0.030029296875,-0.047607421875,-0.005859375,0.0390625,-0.011962890625,-0.011962890625,-0.05078125,0.00634765625,-0.009765625,-0.014404296875,0.007080078125,0.0244140625,0.002197265625,-0.008056640625,0.02978515625,0.01123046875,-0.065185546875,-0.056640625,-0.056640625,0.014404296875,0.0185546875,-0.004638671875,0.001708984375,-0.030517578125,-0.056640625,-0.016357421875,0.04150390625,0.018798828125,-0.044921875,-0.037353515625,-0.010009765625,-0.010009765625,-0.044921875,0.0078125,0.047607421875,-0.015380859375,-0.04931640625,0.0009765625,0.013916015625,-0.0244140625,-0.033447265625,0.00390625,0.016845703125,-0.02001953125,-0.02001953125,-0.018798828125,0.000732421875,-0.036376953125,-0.025390625,0.021484375,0.001220703125,-0.04150390625,-0.02734375,0.015625,-0.016357421875,-0.056640625,-0.015625,-0.015625,-0.001953125,-0.026123046875,-0.006591796875,-0.005615234375,-0.035400390625,-0.016845703125,0.01513671875,-0.00341796875,-0.050048828125,-0.04052734375,0.022216796875,0.022216796875,0.03857421875,-0.03564453125,0.010009765625,0.002685546875,-0.05908203125,-0.02734375,0.05126953125,0.01708984375,-0.052490234375,-0.0244140625,0.02978515625,0.007080078125,0.007080078125,-0.048095703125,0.04638671875,0.00146484375,-0.06494140625,-0.03466796875,0.022216796875,-0.039306640625,-0.08740234375,-0.011474609375,0.05078125,-0.00048828125,-0.037109375,0.020263671875,0.033203125,0.033203125,-0.085205078125,0.00537109375,0.059326171875,-0.013427734375,-0.06396484375,-0.01318359375,0.00927734375,-0.035888671875,-0.029052734375,0.0517578125,0.0537109375,-0.044189453125,-0.07373046875,-0.07373046875,0.0498046875,-0.04833984375,-0.08349609375,-0.00830078125,0.0126953125,-0.029296875,-0.004638671875,0.046142578125,0.0146484375,-0.057373046875,-0.03955078125,0.036865234375,0.010986328125,-0.072509765625,-0.070068359375,-0.009033203125,0.007080078125,-0.01416015625,0.01220703125,0.046142578125,0.010498046875,-0.042724609375,-0.0302734375,0.019775390625,0.015625,-0.01416015625,-0.024658203125,-0.024658203125,-0.04150390625,-0.01220703125,0.01708984375,0.00439453125,-0.027587890625,-0.01708984375,0.021728515625,0.01416015625,-0.027099609375,-0.026611328125,-0.017578125,-0.0478515625,-0.063720703125,-0.063720703125,0.0537109375,0.017333984375,-0.036865234375,-0.0126953125,0.017822265625,-0.010986328125,-0.025146484375,-0.002685546875,-0.0087890625,-0.050048828125,-0.043212890625,0.0166015625,0.031494140625,-0.01220703125,-0.0234375,0.012451171875,-0.002197265625,-0.04638671875,-0.018310546875,0.036865234375,0.005615234375,-0.072265625,-0.07373046875,-0.006103515625,-0.00146484375,-0.036865234375,0.002685546875,0.049072265625,0.0068359375,-0.053466796875,-0.034912109375,0.001220703125,-0.009765625,-0.018310546875,0.0087890625,0.031494140625,-0.011474609375,-0.052490234375,-0.01806640625,0.019775390625,-0.002685546875,0.00244140625,0.0419921875,0.00390625,-0.06396484375,-0.065185546875,-0.03173828125,-0.024169921875,-0.023681640625,0.00146484375,0.036865234375,0.0087890625,-0.0439453125,-0.008544921875,0.01513671875,-0.053466796875,-0.07568359375,-0.0087890625,0.0224609375,-0.031005859375,-0.054931640625,0.002197265625,0.03857421875,-0.006591796875,-0.032470703125,0.018310546875,0.04345703125,-0.03173828125,-0.076904296875,-0.029541015625,0.001708984375,-0.015625,-0.022216796875,0.02783203125,0.048828125,-0.020751953125,-0.031005859375,0.0283203125,0.000732421875,-0.068603515625,-0.052734375,-0.001708984375,-0.010498046875,-0.03564453125,-0.029541015625,0.001220703125,-0.00146484375,-0.011962890625,0.031005859375,0.042724609375,-0.0400390625,-0.078857421875,-0.00048828125,-0.00048828125,-0.0419921875,-0.043212890625,0.000244140625,0.024658203125,-0.002685546875,-0.015625,0.028564453125,0.0361328125,-0.030517578125,-0.052490234375,-0.00244140625,-0.033447265625,-0.033447265625,0.011474609375,0.048583984375,-0.003173828125,-0.0615234375,-0.034912109375,0.019775390625,0.002685546875,-0.037109375,-0.037109375,-0.011962890625,-0.028564453125,-0.0263671875,-0.0263671875,0.0302734375,0.0107421875,-0.018798828125,0.02392578125,0.052734375,-0.00830078125,-0.06005859375,-0.042236328125,-0.01318359375,-0.035400390625,-0.04150390625,0.053466796875,-0.0048828125,-0.0048828125,-0.06591796875,-0.012451171875,0.032958984375,-0.01904296875,-0.01318359375,0.051513671875,0.00439453125,-0.07275390625,-0.056884765625,-0.005126953125,0.01513671875,-0.01904296875,0.041259765625,0.041259765625,0.039306640625,-0.025146484375,-0.02001953125,0.0048828125,-0.052978515625,-0.10009765625,-0.046875,0.036865234375,0.032470703125,-0.022705078125,-0.022216796875,-0.003173828125,-0.03662109375,-0.03662109375,-0.013427734375,0.037841796875,0.038330078125,-0.0283203125,-0.06005859375,-0.056884765625,-0.057373046875,-0.02099609375,0.0146484375,0.015380859375,0.016357421875,0.00390625,-0.050048828125,-0.050048828125,-0.0703125,-0.016357421875,0.0234375,-0.001220703125,-0.0361328125,-0.012939453125,0.019287109375,-0.017333984375,-0.064208984375,-0.021484375,0.03955078125,0.007568359375,0.023681640625,0.023681640625,0.008056640625,-0.068603515625,-0.102294921875,-0.038818359375,0.033203125,0.033935546875,0.004150390625,0.01220703125,0.00390625,-0.061767578125,0.02294921875,0.05322265625,-0.017822265625,-0.017822265625,-0.04736328125,-0.01904296875,-0.01416015625,-0.019287109375,-0.0107421875,0.01708984375,-0.00732421875,-0.07421875,-0.03271484375,0.043701171875,-0.03125,-0.052978515625,-0.058837890625,-0.058837890625,-0.0400390625,0.015625,0.05322265625,0.048828125,-0.016845703125,-0.048095703125,-0.01220703125,-0.010009765625,-0.01318359375,-0.001953125,-0.04248046875,-0.076171875,-0.025146484375,0.0751953125,0.0751953125,0.05322265625,-0.05126953125,-0.05224609375,0.01904296875,0.01171875,-0.05224609375,-0.04443359375,0.035888671875,-0.072509765625,-0.064697265625,0.043212890625,0.0634765625,0.0634765625,-0.01220703125,-0.0458984375,0.00537109375,0.037109375,-0.009033203125,-0.035400390625,-0.006591796875,-0.041015625,0.008544921875,0.074951171875,0.019287109375,0.019287109375,-0.040283203125,-0.05224609375,-0.03466796875,-0.0224609375,-0.026611328125,-0.027099609375,-0.02197265625,-0.002685546875,-0.00146484375,-0.041748046875,-0.0126953125,0.042236328125,0.042236328125,0.047607421875,-0.01806640625,-0.08349609375,-0.059326171875,-0.0224609375,-0.050537109375,-0.067626953125,-0.00927734375,0.02197265625,0.00537109375,0.030029296875,0.06689453125,0.06689453125,0.016845703125,-0.08984375,-0.0966796875,0.007080078125,0.072021484375,0.00341796875,-0.091064453125,0.0595703125,0.117431640625,0.029052734375,-0.06884765625,-0.039306640625,-0.039306640625,0.03076171875,0.0380859375,-0.018798828125,-0.079345703125,-0.084716796875,-0.048095703125,-0.006591796875,0.002685546875,0.00830078125,0.0419921875,0.037353515625,-0.002197265625,-0.002197265625,0.011962890625,-0.009765625,-0.05712890625,-0.037841796875,-0.0390625,-0.034912109375,-0.010009765625,-0.103759765625,-0.048828125,0.049072265625,0.069580078125,0.069580078125,0.018798828125,-0.0390625,-0.071533203125,-0.04541015625,-0.01171875,0.008544921875,-0.0087890625,0.01220703125,-0.0185546875,-0.045654296875,-0.03662109375,0.011474609375,0.011474609375,0.029541015625,0.01611328125,-0.01806640625,-0.01416015625,-0.001220703125,-0.010498046875,-0.02978515625,0.00439453125,0.036865234375,0.01123046875,-0.01171875,-0.03857421875,-0.0068359375,-0.0068359375,0.057373046875,-0.008056640625,-0.041015625,0.002197265625,-0.032958984375,-0.001708984375,0.04345703125,-0.0673828125,0.049072265625,-0.0400390625,-0.067626953125,0.038330078125,0.00537109375,-0.028564453125,-0.028564453125,0.029296875,-0.001953125,-0.032470703125,-0.006103515625,-0.03759765625,-0.043212890625,0.00927734375,-0.006103515625,-0.001953125,-0.01123046875,-0.0166015625,-0.015625,-0.030517578125,-0.030517578125,-0.0283203125,-0.006591796875,-0.009521484375,-0.024658203125,-0.034423828125,-0.041259765625,-0.0224609375,-0.012939453125,0.023681640625,0.03955078125,0.005126953125,-0.00732421875,-0.0009765625,-0.0009765625,0.00390625,0.012939453125,-0.00390625,-0.026123046875,-0.018310546875,-0.003662109375,-0.005615234375,-0.013671875,-0.04150390625,-0.05322265625,-0.038818359375,-0.027587890625,0.005126953125,0.005126953125,0.0146484375,0.00439453125,0.0029296875,-0.00927734375,0.005126953125,0.039306640625,-0.01904296875,-0.041015625,-0.041015625,-0.086181640625,-0.077392578125,-0.000244140625,-0.001708984375,-0.0185546875,-0.0185546875,0.01904296875,-0.011474609375,-0.056884765625,0.036376953125,0.0185546875,-0.043701171875,-0.04052734375,-0.0283203125,0.0244140625,-0.104248046875,0.0166015625,-0.0244140625,-0.069580078125,-0.069580078125,-0.0087890625,-0.05810546875,0.04833984375,0.0361328125,0.026123046875,-0.0283203125,0.001708984375,-0.040771484375,-0.03857421875,-0.014404296875,0.010498046875,0.017333984375,0.017333984375,-0.025146484375,-0.021484375,-0.04052734375,-0.042236328125,-0.0126953125,0.004638671875,0.03125,0.029052734375,0.0068359375,0.007568359375,-0.010009765625,0.00048828125,0.00048828125,-0.0244140625,-0.063720703125,-0.010986328125,-0.0263671875,0.034423828125,-0.006591796875,-0.0185546875,-0.00390625,-0.007080078125,-0.0009765625,0.012451171875,0.012451171875,-0.009521484375,-0.04052734375,-0.045166015625,-0.04541015625,0.0234375,0.04541015625,0.03759765625,-0.01025390625,-0.017822265625,-0.06103515625,-0.0556640625,-0.02783203125,-0.02783203125,-0.057373046875,-0.002685546875,-0.00390625,0.013671875,-0.02294921875,-0.01611328125,-0.032958984375,-0.024169921875,-0.02783203125,-0.0029296875,0.02978515625,0.020751953125,0.020751953125,0.031005859375,-0.021484375,-0.068359375,-0.0361328125,-0.044921875,-0.06005859375,-0.03955078125,0.0029296875,-0.00146484375,-0.013671875,0.02783203125,0.060791015625,0.060791015625,0.03955078125,-0.010498046875,-0.016845703125,-0.0751953125,-0.054931640625,-0.02880859375,-0.02734375,-0.021484375,0.013427734375,0.0419921875,0.01611328125,0.01611328125,-0.001220703125,0.014892578125,0.006103515625,-0.029541015625,-0.011962890625,0.020751953125,0.01220703125,0.001220703125,0.00634765625,-0.00244140625,-0.0283203125,-0.031494140625,-0.031494140625,-0.037841796875,-0.05908203125,-0.024169921875,0.021240234375,0.028564453125,0.029296875,0.009765625,-0.0283203125,-0.039794921875,-0.039794921875,-0.02587890625,0.002685546875,-0.009521484375,-0.009521484375,0.00146484375,-0.012451171875,-0.03955078125,-0.05810546875,-0.04833984375,-0.03271484375,-0.0146484375,0.019775390625,0.040283203125,0.040771484375,0.0126953125,-0.04052734375,-0.06884765625,-0.06884765625,-0.06787109375,-0.05419921875,-0.005859375,0.0009765625,0.0146484375,0.01025390625,-0.033935546875,-0.02880859375,0.0029296875,-0.01171875,-0.016357421875,-0.00634765625,0.00830078125,0.0205078125,0.0205078125,0.045166015625,0.0302734375,-0.001953125,-0.015380859375,-0.035888671875,-0.04052734375,-0.033935546875,-0.014892578125,0.0126953125,-0.0078125,-0.01318359375,0.015380859375,0.025634765625,0.025634765625,-0.00048828125,-0.032958984375,-0.00390625,-0.00390625,-0.03515625,-0.02978515625,0.016357421875,-0.005859375,-0.048828125,-0.04345703125,-0.017578125,-0.020263671875,-0.02001953125,-0.02001953125,0.000732421875,0.024169921875,-0.038818359375,-0.007080078125,0.013916015625,-0.037353515625,-0.044677734375,0.011962890625,0.01904296875,-0.0126953125,-0.032470703125,-0.010009765625,0.012451171875,0.012451171875,-0.017822265625,-0.054931640625,-0.01123046875,-0.008544921875,0.001708984375,0.024658203125,0.011962890625,-0.023681640625,-0.0283203125,-0.004150390625,-0.00244140625,-0.034423828125,-0.00244140625,0.06982421875,0.06982421875,0.006103515625,-0.0546875,0.046630859375,0.00341796875,-0.051513671875,-0.015625,0.034912109375,0.039306640625,-0.0390625,-0.03173828125,0.048828125,0.048828125,-0.0166015625,-0.02880859375,0.019287109375,-0.023681640625,-0.031494140625,0.035400390625,0.01806640625,-0.067138671875,-0.04736328125,0.024169921875,0.002685546875,0.002685546875,-0.066650390625,0.065673828125,0.062744140625,-0.06591796875,-0.033203125,0.07763671875,0.001708984375,-0.0966796875,-0.030029296875,0.0419921875,-0.003173828125,-0.003173828125,-0.020751953125,0.015869140625,-0.007080078125,-0.047119140625,0.011474609375,0.02783203125,-0.067138671875,-0.05419921875,0.044189453125,0.05517578125,0.05517578125,-0.07080078125,0.021728515625,0.01171875,-0.096435546875,-0.08642578125,0.052490234375,0.0869140625,-0.043701171875,-0.08935546875,0.03564453125,0.056396484375,0.056396484375,-0.08251953125,0.0390625,0.025146484375,-0.0810546875,-0.0263671875,0.071044921875,0.013916015625,-0.0478515625,0.008056640625,0.048583984375,-0.032958984375,-0.09765625,0.000732421875,0.07373046875,-0.056640625,-0.137451171875,0.021240234375,0.109375,-0.011474609375,-0.091064453125,0.0322265625,0.10595703125,0.10595703125,-0.11767578125,0.025146484375,0.066162109375,-0.074951171875,-0.10400390625,0.04931640625,0.059814453125,-0.05712890625,-0.042236328125,0.085693359375,0.053955078125,0.053955078125,-0.07421875,0.100341796875,0.01806640625,-0.138671875,-0.058349609375,0.103271484375,0.03564453125,-0.137451171875,-0.0390625,0.124755859375,0.0146484375,-0.1337890625,-0.037841796875,0.07373046875,-0.038818359375,-0.162109375,-0.027587890625,0.1083984375,0.00244140625,-0.083984375,0.0419921875,0.072998046875,-0.07177734375,-0.108154296875,0.02587890625,0.066650390625,-0.068359375,-0.0927734375,0.062255859375,0.07080078125,-0.080322265625,-0.0888671875,0.081298828125,0.083984375,-0.10302734375,-0.0908203125,0.08935546875,0.062255859375,-0.135009765625,-0.095458984375,0.103759765625,0.053955078125,-0.113037109375,-0.0302734375,0.12646484375,0.03173828125,-0.1259765625,-0.0107421875,0.115478515625,-0.026611328125,-0.165283203125,-0.028076171875,0.1025390625,-0.02001953125,-0.11474609375,0.05126953125,0.12841796875,-0.07177734375,-0.145751953125,0.04833984375,0.100830078125,-0.0712890625,-0.099853515625,0.0654296875,0.07275390625,-0.118896484375,-0.136474609375,0.080078125,0.09814453125,-0.12158203125,-0.125,0.080078125,0.08349609375,-0.10009765625,-0.089599609375,0.071044921875,0.03125,-0.127685546875,-0.059814453125,0.085693359375,0.04150390625,-0.098388671875,-0.030029296875,0.115966796875,0.0244140625,-0.137451171875,-0.029296875,0.127197265625,-0.014892578125,-0.163330078125,0.009033203125,0.165771484375,0.005126953125,-0.137451171875,0.017578125,0.113525390625,-0.05810546875,-0.145263671875,0.0283203125,0.114501953125,-0.058837890625,-0.125,0.049072265625,0.08203125,-0.107421875,-0.115966796875,0.070068359375,0.07958984375,-0.109130859375,-0.080078125,0.1044921875,0.064453125,-0.13037109375,-0.1005859375,0.08984375,0.048583984375,-0.12451171875,-0.055908203125,0.113525390625,0.038330078125,-0.119873046875,-0.037109375,0.09423828125,-0.02001953125,-0.019287109375,-0.019287109375,0.14453125,0.002685546875,-0.120361328125,0.013427734375,0.1083984375,-0.044677734375,-0.15087890625,0.010498046875,0.111083984375,-0.0322265625,-0.122314453125,0.06884765625,0.06884765625,-0.058349609375,-0.07373046875,0.060546875,0.0693359375,-0.078857421875,-0.0732421875,0.095703125,0.064208984375,-0.1015625,-0.055419921875,0.019775390625,-0.118408203125,-0.118408203125,-0.02392578125,0.12255859375,0.01123046875,-0.11181640625,-0.009521484375,0.072265625,-0.04833984375,-0.150634765625,-0.0166015625,0.077392578125,-0.09033203125,-0.09033203125,0.06298828125,0.114990234375,-0.052734375,-0.1181640625,0.015869140625,0.056396484375,-0.09521484375,-0.107177734375,0.060791015625,0.072021484375,-0.0732421875,0.093505859375,0.093505859375,0.076416015625,-0.097412109375,-0.078369140625,0.06884765625,0.0517578125,-0.080810546875,-0.033203125,0.0869140625,0.00244140625,-0.119384765625,0.056640625,0.000732421875,0.000732421875,-0.06640625,0.021240234375,0.074951171875,-0.0390625,-0.100341796875,-0.010986328125,0.045654296875,-0.059814453125,-0.092529296875,0.07470703125,-0.039794921875,-0.065185546875,-0.065185546875,0.031494140625,0.036376953125,-0.065673828125,-0.066162109375,0.022216796875,0.021240234375,-0.06884765625,-0.026123046875,0.08154296875,0.024658203125,-0.010986328125,0.078369140625,-0.005859375,-0.111328125,-0.111328125,-0.029296875,0.080078125,-0.00439453125,-0.091796875,0.0068359375,0.0703125,-0.05322265625,-0.10986328125,0.0048828125,-0.0107421875,-0.049072265625,0.03955078125,0.03955078125,0.03662109375,-0.095458984375,-0.101806640625,0.040283203125,0.06689453125,-0.0556640625,-0.040283203125,0.08154296875,0.046630859375,-0.089111328125,0.0419921875,-0.0078125,-0.093994140625,-0.02587890625,-0.02587890625,0.071533203125,0.0107421875,-0.0732421875,0.004638671875,0.0751953125,-0.039794921875,-0.120849609375,-0.012939453125,0.065673828125,-0.096923828125,0.0078125,0.062744140625,-0.031494140625,-0.031494140625,-0.06201171875,0.02197265625,0.048095703125,-0.060302734375,-0.078125,0.04736328125,0.0810546875,-0.066162109375,-0.0966796875,0.04736328125,-0.10498046875,-0.065673828125,0.082763671875,0.082763671875,0.052734375,-0.07275390625,-0.04296875,0.07421875,0.018798828125,-0.08447265625,-0.03515625,0.0263671875,-0.03662109375,0.011474609375,0.05419921875,-0.04443359375,-0.08154296875,-0.08154296875,0.030029296875,0.0595703125,-0.05810546875,-0.073974609375,0.02392578125,0.049560546875,-0.052734375,-0.06640625,0.05126953125,-0.0751953125,-0.070556640625,0.063232421875,0.043212890625,0.043212890625,-0.076416015625,-0.04541015625,0.0341796875,-0.011962890625,-0.0859375,-0.03271484375,0.0576171875,0.011474609375,-0.07568359375,0.04833984375,-0.010986328125,-0.08447265625,-0.016845703125,-0.016845703125,0.033447265625,-0.0537109375,-0.0810546875,0.0234375,0.08056640625,-0.029541015625,-0.082275390625,0.03759765625,-0.06298828125,-0.04931640625,0.063720703125,0.051513671875,0.051513671875,-0.06689453125,-0.057373046875,0.04833984375,0.014404296875,-0.0859375,-0.022216796875,0.069091796875,-0.074951171875,-0.002685546875,0.077392578125,-0.02099609375,-0.11865234375,-0.036865234375,0.061279296875,0.061279296875,-0.0029296875,-0.073486328125,0.005126953125,0.0830078125,-0.011962890625,-0.07373046875,0.03662109375,-0.06298828125,-0.111572265625,-0.00634765625,0.0615234375,0.0615234375,-0.02099609375,-0.0341796875,0.04931640625,0.040771484375,-0.073974609375,-0.07275390625,0.046630859375,-0.065185546875,-0.062744140625,0.01953125,0.0009765625,-0.066650390625,-0.066650390625,-0.031005859375,0.06494140625,0.022705078125,-0.07666015625,-0.046142578125,0.044677734375,-0.083740234375,-0.020751953125,0.05224609375,-0.0107421875,-0.0673828125,-0.0673828125,0.01513671875,0.085205078125,-0.015380859375,-0.09521484375,-0.0087890625,0.05224609375,-0.091064453125,0.02734375,0.072998046875,-0.03955078125,-0.06689453125,0.048828125,0.048828125,0.07373046875,-0.062744140625,-0.084228515625,0.033447265625,0.047119140625,-0.062255859375,0.0380859375,0.004638671875,-0.10400390625,-0.04443359375,0.06201171875,0.015380859375,-0.054931640625,-0.054931640625,0.0,0.04931640625,-0.035888671875,-0.07275390625,0.015625,0.03662109375,-0.07861328125,0.010009765625,0.04736328125,-0.016357421875,-0.044677734375,0.029296875,0.03955078125,0.03955078125,-0.055908203125,-0.04052734375,0.05517578125,0.030517578125,-0.0810546875,-0.0478515625,0.035888671875,-0.068115234375,-0.046630859375,0.063232421875,0.0078125,-0.08837890625,-0.029541015625,-0.029541015625,0.060546875,-0.013916015625,-0.10205078125,-0.041015625,0.05029296875,-0.0458984375,0.004638671875,0.036376953125,-0.05712890625,-0.0859375,0.014892578125,0.05322265625,-0.0283203125,-0.0283203125,-0.04736328125,0.024658203125,0.02490234375,-0.05126953125,-0.0283203125,0.006591796875,-0.072509765625,-0.013916015625,0.0771484375,0.00537109375,-0.10791015625,-0.048583984375,0.05908203125,0.05908203125,-0.005126953125,-0.088623046875,-0.017333984375,0.09326171875,0.019775390625,-0.02197265625,0.073974609375,-0.015625,-0.105224609375,-0.037841796875,0.05078125,-0.00341796875,-0.052490234375,-0.052490234375,0.01123046875,0.048095703125,-0.027587890625,-0.056884765625,0.011962890625,-0.045654296875,-0.046875,0.017578125,0.0205078125,-0.03173828125,-0.02001953125,0.039306640625,0.004150390625,0.004150390625,-0.084228515625,-0.056640625,0.044921875,0.03369140625,-0.061279296875,0.03369140625,-0.018310546875,-0.074951171875,-0.024169921875,0.06005859375,0.0087890625,-0.058837890625,-0.024658203125,-0.024658203125,0.034912109375,-0.01318359375,-0.0615234375,-0.0263671875,0.001708984375,-0.02294921875,0.0595703125,0.044677734375,-0.0341796875,-0.030029296875,0.004638671875,-0.013671875,-0.0498046875,-0.0498046875,-0.0126953125,0.06591796875,-0.00048828125,-0.0888671875,0.06982421875,0.00341796875,-0.092041015625,-0.0263671875,0.06640625,0.00439453125,-0.06640625,-0.02197265625,-0.02197265625,0.046630859375,-0.017578125,-0.0849609375,-0.015869140625,-0.00439453125,-0.04833984375,0.006103515625,0.0419921875,-0.01708984375,-0.047119140625,-0.0009765625,-0.00732421875,-0.00732421875,-0.073486328125,-0.05615234375,0.03515625,-0.02685546875,-0.017822265625,0.057861328125,0.012451171875,-0.085693359375,-0.0517578125,0.016845703125,-0.031982421875,-0.0849609375,-0.0849609375,-0.021728515625,0.072021484375,-0.0712890625,-0.014404296875,0.053955078125,-0.021484375,-0.08154296875,-0.023193359375,0.056884765625,0.0234375,-0.03955078125,-0.01220703125,-0.01220703125,0.00634765625,-0.02978515625,-0.02880859375,0.015625,-0.019287109375,-0.023681640625,0.056884765625,0.030517578125,-0.06005859375,-0.037109375,0.0126953125,-0.01953125,-0.01953125,-0.068115234375,-0.033203125,0.033935546875,-0.052490234375,-0.03857421875,0.01611328125,-0.0283203125,-0.064697265625,-0.0263671875,0.030029296875,-0.0068359375,-0.0068359375,-0.030029296875,0.025390625,-0.003173828125,-0.06982421875,-0.044921875,-0.006103515625,-0.02978515625,-0.023193359375,0.026123046875,0.031005859375,-0.020263671875,-0.0400390625,-0.0400390625,0.008056640625,0.0029296875,-0.050048828125,0.042236328125,0.038818359375,-0.024658203125,-0.0224609375,0.0166015625,-0.0283203125,-0.079345703125,-0.035400390625,0.02587890625,0.00634765625,-0.01708984375,-0.01708984375,0.01171875,0.039794921875,-0.05517578125,-0.00830078125,0.008544921875,-0.035888671875,-0.037353515625,0.021484375,0.026611328125,-0.024658203125,-0.033935546875,0.022216796875,0.02294921875,0.02294921875,-0.06640625,0.04296875,0.052978515625,-0.04833984375,-0.072509765625,0.015869140625,0.01953125,-0.06103515625,-0.04345703125,0.018310546875,0.010009765625,-0.03759765625,-0.035400390625,0.02978515625,-0.021484375,-0.021484375,-0.0712890625,0.04736328125,-0.029541015625,-0.063720703125,0.01904296875,0.05712890625,-0.008544921875,-0.0654296875,0.00048828125,0.055419921875,-0.037841796875,-0.0859375,0.006591796875,0.006591796875,0.05517578125,-0.05615234375,0.022216796875,0.064453125,-0.028076171875,-0.0712890625,0.001708984375,0.01318359375,-0.033447265625,-0.050537109375,0.007568359375,0.024169921875,-0.03564453125,-0.03564453125,0.0263671875,-0.017822265625,-0.056884765625,-0.017578125,0.05712890625,0.000244140625,-0.073974609375,-0.01416015625,0.03662109375,-0.020263671875,-0.04931640625,0.021728515625,0.06298828125,0.06298828125,-0.07958984375,-0.001220703125,0.0126953125,-0.03955078125,-0.05419921875,0.017822265625,0.04736328125,-0.037841796875,-0.041748046875,0.037353515625,0.006591796875,-0.062255859375,-0.055419921875,-0.055419921875,0.016845703125,-0.030517578125,-0.03515625,0.01171875,-0.02099609375,-0.037841796875,0.015625,0.041015625,-0.010009765625,-0.050048828125,0.000732421875,0.024169921875,0.024169921875,-0.051513671875,0.033935546875,0.048828125,-0.033935546875,-0.048095703125,0.026123046875,0.01611328125,-0.053466796875,-0.0419921875,0.030029296875,0.02197265625,-0.05859375,-0.050537109375,0.021728515625,-0.037841796875,-0.08203125,-0.012451171875,0.033447265625,0.015625,-0.0205078125,0.01416015625,0.03369140625,-0.055419921875,-0.10400390625,-0.10400390625,0.072509765625,0.00537109375,-0.04345703125,0.0048828125,0.06640625,-0.001708984375,-0.103271484375,-0.10205078125,0.024658203125,0.107666015625,-0.002197265625,-0.071533203125,-0.0234375,0.09130859375,0.049072265625,-0.127197265625,-0.113037109375,0.03369140625,0.133544921875,0.005126953125,-0.1669921875,-0.055908203125,0.096435546875,0.0849609375,-0.08544921875,-0.162841796875,0.037353515625,0.120849609375,0.00439453125,-0.0908203125,-0.095947265625,0.029296875,0.054443359375,-0.06689453125,-0.069091796875,0.01806640625,0.044921875,0.000244140625,-0.0703125,-0.092529296875,0.021240234375,0.087890625,-0.007080078125,-0.05419921875,-0.041015625,0.016357421875,0.0234375,-0.04931640625,-0.051025390625,-0.0107421875,0.018310546875,-0.017578125,-0.03466796875,-0.00439453125,0.04443359375,0.0419921875,-0.05859375,-0.092041015625,-0.052001953125,0.03076171875,0.03173828125,-0.018798828125,-0.0107421875,0.029296875,0.02099609375,-0.0361328125,-0.0283203125,-0.072509765625,-0.00146484375,-0.01611328125,-0.04296875,0.080810546875,-0.0146484375,0.025146484375,-0.01123046875,-0.12451171875,-0.04345703125,-0.04345703125,-0.06591796875,0.06005859375,-0.07958984375,0.01953125,0.03857421875,-0.0615234375,0.0400390625,-0.006103515625,-0.02783203125,0.005126953125,-0.078125,-0.0244140625,-0.03759765625,-0.03759765625,-0.031005859375,0.007080078125,0.0263671875,-0.009521484375,-0.05419921875,-0.01123046875,0.04150390625,0.0166015625,-0.039794921875,-0.052978515625,0.006103515625,0.050537109375,-0.063232421875,-0.063232421875,-0.0712890625,-0.012939453125,0.010009765625,-0.04443359375,-0.067138671875,0.0615234375,0.1533203125,-0.014404296875,-0.17919921875,-0.050048828125,0.137451171875,0.051513671875,-0.175048828125,-0.175048828125,0.12548828125,0.164306640625,-0.148193359375,-0.1708984375,0.114990234375,0.136962890625,-0.138427734375,-0.175537109375,0.080078125,0.138427734375,-0.041259765625,0.044677734375,0.1181640625,0.1181640625,-0.041259765625,-0.130859375,0.038818359375,0.09814453125,-0.06640625,-0.10205078125,0.00146484375,0.02685546875,0.007568359375,0.01953125,-0.035888671875,-0.088134765625,0.092041015625,0.092041015625,-0.073486328125,-0.078369140625,0.082275390625,0.066650390625,-0.06982421875,-0.035400390625,0.02783203125,-0.03955078125,-0.022216796875,0.028076171875,-0.04833984375,-0.053466796875,0.01220703125,-0.07958984375,-0.07958984375,-0.01953125,0.0244140625,-0.066162109375,-0.04345703125,0.01025390625,-0.04736328125,-0.0361328125,0.0458984375,0.00732421875,-0.060791015625,-0.052490234375,-0.07958984375,-0.07958984375,0.072021484375,0.076416015625,-0.12451171875,-0.103271484375,0.09130859375,0.05224609375,-0.109619140625,-0.03125,0.05322265625,-0.045654296875,0.033935546875,0.033935546875,-0.00439453125,-0.029541015625,0.041259765625,0.0107421875,-0.0732421875,0.0146484375,0.070068359375,-0.017822265625,-0.003662109375,-0.009765625,-0.012939453125,0.024658203125,0.024658203125,-0.041015625,-0.04736328125,0.09326171875,0.04833984375,-0.124267578125,-0.0263671875,0.11474609375,0.0087890625,-0.086669921875,0.010986328125,-0.022216796875,-0.022216796875,0.0234375,-0.029296875,-0.089111328125,0.0390625,0.052978515625,-0.09814453125,-0.06005859375,0.067626953125,-0.029296875,0.04248046875,0.07568359375,-0.118408203125,-0.118408203125,-0.110107421875,0.050537109375,0.020263671875,-0.09375,-0.037841796875,0.0283203125,-0.03857421875,-0.032470703125,-0.010498046875,0.007080078125,0.031494140625,-0.044189453125,-0.044189453125,-0.054443359375,0.04052734375,0.001220703125,-0.072509765625,0.032470703125,0.039306640625,-0.068359375,-0.01513671875,-0.04638671875,-0.041015625,0.092529296875,0.03173828125,0.03173828125,-0.133056640625,-0.013427734375,0.1181640625,-0.00634765625,-0.086669921875,0.006591796875,0.034912109375,-0.04052734375,0.02685546875,-0.01416015625,0.018798828125,0.02294921875,0.02294921875,-0.053466796875,-0.02880859375,0.0419921875,-0.016845703125,-0.066162109375,0.030517578125,0.0302734375,-0.00732421875,0.012939453125,-0.078369140625,-0.020751953125,-0.020751953125,0.079345703125,-0.027587890625,-0.126953125,0.02734375,0.072021484375,-0.07080078125,-0.047119140625,0.029541015625,-0.048828125,0.019287109375,-0.019775390625,-0.06396484375,-0.06396484375,0.041259765625,0.027099609375,-0.1064453125,-0.0419921875,0.0439453125,-0.018798828125,-0.036865234375,-0.01953125,-0.051513671875,0.031982421875,-0.021240234375,-0.1064453125,-0.1064453125,0.037109375,0.11474609375,-0.06396484375,-0.140869140625,0.034912109375,0.094482421875,-0.034912109375,-0.015869140625,-0.0244140625,0.028076171875,0.03369140625,0.03369140625,-0.060546875,-0.06396484375,0.056884765625,0.037353515625,-0.084716796875,-0.024658203125,0.03564453125,-0.00390625,0.048583984375,-0.0205078125,-0.071533203125,0.03076171875,0.03076171875,0.043701171875,-0.059326171875,-0.01220703125,0.049072265625,-0.01416015625,-0.02294921875,-0.0498046875,-0.0244140625,0.08544921875,0.011474609375,-0.136962890625,-0.02001953125,-0.02001953125,0.083984375,-0.0390625,-0.092041015625,0.02294921875,0.03466796875,-0.0693359375,0.01220703125,-0.03515625,-0.001220703125,0.00927734375,-0.070556640625,-0.0400390625,-0.0400390625,0.04296875,-0.0224609375,-0.0732421875,0.043212890625,0.020263671875,-0.1005859375,0.045654296875,-0.0703125,-0.041259765625,0.09716796875,0.003662109375,-0.15478515625,-0.15478515625,-0.0166015625,0.113037109375,-0.01708984375,-0.08544921875,0.009521484375,0.03271484375,-0.01953125,-0.008056640625,-0.044189453125,0.024169921875,0.04052734375,-0.03955078125,-0.00927734375,-0.00927734375,0.014892578125,-0.03125,0.0048828125,0.059326171875,-0.040771484375,-0.090087890625,0.0654296875,0.05712890625,-0.02734375,0.057373046875,-0.02490234375,-0.062255859375,0.0068359375,-0.017822265625,-0.017822265625,-0.03955078125,0.05078125,-0.004150390625,-0.116455078125,-0.01318359375,0.047607421875,-0.073486328125,0.081298828125,0.02685546875,-0.13427734375,-0.033203125,0.072998046875,-0.02685546875,-0.02685546875,-0.0673828125,0.0185546875,0.009765625,-0.06005859375,0.00390625,0.029052734375,-0.033447265625,0.00537109375,-0.058349609375,-0.01513671875,0.030517578125,-0.052978515625,-0.056884765625,0.07958984375,0.07958984375,0.031494140625,-0.132568359375,-0.025634765625,0.10400390625,-0.010009765625,0.012939453125,0.03466796875,-0.050048828125,-0.00244140625,0.025634765625,-0.044189453125,0.0009765625,0.039794921875,0.039794921875,-0.0341796875,-0.0400390625,0.007568359375,-0.036376953125,-0.039794921875,0.00830078125,-0.1357421875,-0.01318359375,0.101318359375,-0.031982421875,-0.102783203125,0.03173828125,0.06005859375,0.06005859375,-0.061767578125,-0.030517578125,0.011474609375,-0.026611328125,0.018798828125,-0.060302734375,-0.066162109375,0.051513671875,0.022216796875,-0.061767578125,0.01416015625,0.00830078125,-0.0703125,0.015625,0.015625,0.0244140625,-0.094970703125,-0.03857421875,0.1279296875,-0.177734375,-0.0390625,0.103271484375,-0.0009765625,-0.063720703125,-0.01513671875,-0.021240234375,-0.021240234375,-0.02197265625,0.04296875,-0.00732421875,-0.082763671875,0.020751953125,-0.070068359375,-0.041015625,0.043212890625,-0.02099609375,-0.056884765625,0.0380859375,0.0078125,0.0078125,-0.08544921875,0.006103515625,0.031005859375,-0.070556640625,0.095458984375,-0.004638671875,-0.1357421875,0.005126953125,0.099365234375,-0.038818359375,-0.072509765625,0.033203125,0.033203125,0.020263671875,-0.041015625,-0.001953125,-0.04833984375,0.028564453125,0.04638671875,-0.075439453125,-0.043701171875,0.04248046875,-0.010986328125,-0.041015625,-0.041015625,0.03369140625,0.0078125,-0.055419921875,0.010498046875,-0.069091796875,0.04150390625,0.07958984375,-0.09521484375,-0.11181640625,0.08544921875,0.076171875,-0.103271484375,-0.103271484375,-0.045654296875,0.055908203125,-0.02490234375,0.01123046875,-0.007080078125,-0.03662109375,0.020751953125,0.002197265625,-0.074951171875,-0.00732421875,0.025390625,-0.049560546875,-0.049560546875,0.02783203125,-0.0224609375,-0.028564453125,0.01708984375,-0.046875,-0.068359375,0.076904296875,0.0498046875,-0.12060546875,-0.046875,-0.046875,0.0947265625,0.01416015625,-0.014892578125,0.02783203125,-0.015380859375,0.013671875,-0.02734375,-0.065673828125,0.056396484375,0.0703125,-0.078125,-0.07373046875,0.0693359375,0.0693359375,0.002685546875,-0.1044921875,0.095458984375,-0.09423828125,-0.107421875,0.056640625,0.0478515625,-0.064453125,-0.022705078125,0.006591796875,-0.044189453125,0.01953125,0.033935546875,0.033935546875,-0.069580078125,-0.05126953125,0.024658203125,-0.103271484375,-0.030029296875,0.048095703125,-0.005859375,-0.0048828125,-0.007568359375,-0.05615234375,-0.015625,0.031982421875,-0.04150390625,-0.04150390625,-0.056640625,0.06396484375,-0.119873046875,-0.010009765625,0.07958984375,-0.0458984375,-0.0859375,0.0380859375,0.03662109375,-0.075927734375,-0.013916015625,0.03076171875,-0.0361328125,-0.0361328125,-0.0087890625,0.0244140625,-0.03662109375,0.03759765625,-0.02197265625,-0.0625,0.054443359375,0.02490234375,-0.09228515625,-0.00048828125,0.040283203125,-0.080322265625,-0.0458984375,-0.0458984375,0.11572265625,0.027587890625,-0.035888671875,0.121826171875,0.006103515625,-0.08056640625,0.0009765625,0.02880859375,-0.0302734375,-0.004150390625,-0.001220703125,-0.042236328125,0.02490234375,0.02490234375,0.03369140625,-0.05517578125,-0.00146484375,-0.030029296875,0.00146484375,0.056396484375,-0.063232421875,-0.130126953125,0.06103515625,0.072265625,-0.10009765625,-0.06396484375,0.058837890625,0.058837890625,-0.00341796875,0.018310546875,0.005126953125,-0.06103515625,0.033935546875,0.039306640625,-0.07666015625,-0.0361328125,0.040283203125,-0.029296875,-0.05322265625,0.06396484375,0.013671875,-0.1318359375,-0.014404296875,0.091796875,0.091796875,-0.032470703125,-0.094482421875,0.0341796875,0.056396484375,-0.033203125,0.004638671875,-0.03076171875,0.028564453125,0.034423828125,-0.0751953125,-0.052001953125,0.064453125,0.0029296875,-0.099365234375,0.006103515625,0.043701171875,-0.05810546875,-0.01708984375,0.015625,-0.052490234375,-0.021484375,0.087158203125,-0.004150390625,-0.160400390625,-0.0185546875,0.11474609375,-0.011962890625,-0.08642578125,-0.003173828125,0.02197265625,0.02197265625,-0.0263671875,0.00048828125,-0.058349609375,0.014404296875,0.03955078125,-0.064697265625,-0.049072265625,0.03076171875,-0.006103515625,-0.052490234375,0.00830078125,0.003173828125,-0.042724609375,0.025146484375,-0.016845703125,-0.091552734375,0.032470703125,0.0908203125,-0.068603515625,-0.112060546875,0.071533203125,0.07666015625,-0.090087890625,-0.045654296875,0.0615234375,-0.000244140625,-0.052978515625,-0.008544921875,-0.009765625,-0.037841796875,0.023681640625,0.023681640625,0.008056640625,-0.018310546875,0.04248046875,-0.026611328125,-0.033447265625,0.020263671875,-0.003173828125,-0.033203125,0.01171875,-0.042236328125,-0.078857421875,0.063720703125,0.07666015625,-0.106201171875,-0.109619140625,0.08544921875,0.075927734375,-0.09912109375,-0.057373046875,0.03759765625,-0.0166015625,-0.027099609375,-0.003662109375,-0.017578125,-0.001953125,0.025390625,-0.046630859375,-0.07861328125,0.0537109375,0.0537109375,-0.078369140625,0.00048828125,0.057373046875,-0.037109375,-0.044189453125,0.0341796875,-0.02685546875,-0.070556640625,0.07275390625,0.069580078125,-0.109375,-0.06201171875,0.083984375,0.024169921875,-0.08203125,-0.022216796875,0.019287109375,-0.030029296875,0.013671875,-0.00634765625,-0.064208984375,0.015869140625,0.052734375,-0.0546875,-0.074462890625,0.040771484375,0.005615234375,-0.065185546875,0.034423828125,0.0205078125,-0.087890625,-0.01611328125,0.0234375,-0.068115234375,-0.03173828125,0.088134765625,-0.01416015625,-0.14208984375,0.008544921875,0.064453125,-0.055908203125,-0.03759765625,0.035888671875,-0.01904296875,-0.05126953125,0.03369140625,-0.00439453125,-0.053466796875,0.057373046875,0.03564453125,-0.095947265625,-0.01904296875,0.07568359375,-0.0234375,-0.06689453125,0.0537109375,0.017333984375,-0.117431640625,-0.00341796875,0.0888671875,-0.033935546875,0.0400390625,0.0400390625,0.035400390625,-0.085205078125,-0.025146484375,0.031494140625,-0.029541015625,-0.01171875,0.019287109375,-0.03076171875,-0.02294921875,0.018798828125,-0.045654296875,-0.06201171875,0.064697265625,0.033447265625,-0.09814453125,-0.019287109375,0.030029296875,-0.069580078125,-0.049072265625,0.088134765625,0.00537109375,-0.160888671875,-0.012451171875,0.1142578125,-0.033447265625,-0.0986328125,0.01416015625,-0.046142578125,-0.014404296875,0.009033203125,0.009033203125,-0.0234375,0.030029296875,0.001220703125,-0.088134765625,-0.00146484375,0.057373046875,-0.03955078125,-0.050537109375,0.058349609375,0.00732421875,-0.08447265625,0.016357421875,0.017333984375,-0.077392578125,0.01611328125,0.07763671875,-0.0703125,-0.1064453125,0.07861328125,0.074951171875,-0.098388671875,-0.03759765625,0.06787109375,-0.00732421875,-0.04443359375,0.004150390625,-0.010009765625,0.0244140625,-0.028076171875,-0.080322265625,0.04296875,0.04296875,0.0361328125,-0.0869140625,-0.025634765625,0.0634765625,-0.02685546875,-0.077392578125,0.015380859375,-0.02392578125,-0.0703125,0.06689453125,0.04638671875,-0.127197265625,-0.073486328125,0.09130859375,0.022705078125,-0.111572265625,-0.01025390625,0.06640625,-0.03857421875,-0.04052734375,0.00537109375,-0.018310546875,0.004150390625,0.02734375,-0.06494140625,0.055908203125,0.00341796875,-0.10009765625,0.033935546875,0.08544921875,0.08544921875,-0.0830078125,-0.10693359375,0.0703125,0.065185546875,-0.08056640625,-0.01904296875,0.042236328125,-0.05078125,-0.033935546875,0.030517578125,-0.0234375,-0.04736328125,0.034423828125,0.011474609375,-0.076416015625,-0.007080078125,0.009765625,-0.044921875,0.025634765625,0.042724609375,-0.083251953125,-0.082275390625,0.027587890625,-0.125732421875,-0.014404296875,0.078125,-0.03857421875,-0.06494140625,-0.06494140625,0.013916015625,0.000244140625,-0.025634765625,0.03466796875,-0.013916015625,-0.093505859375,0.02099609375,0.031982421875,-0.065673828125,-0.000244140625,0.048583984375,-0.0498046875,-0.05126953125,0.0498046875,-0.045654296875,-0.1025390625,0.1005859375,0.10107421875,-0.141357421875,-0.1171875,0.0927734375,0.0712890625,-0.071044921875,-0.046142578125,-0.02587890625,0.038818359375,0.0126953125,-0.08935546875,-0.021240234375,0.095458984375,-0.007080078125,-0.13134765625,-0.13134765625,-0.0068359375,0.056396484375,-0.025146484375,-0.012939453125,-0.010009765625,-0.05712890625,0.001953125,0.05859375,-0.052978515625,-0.092529296875,0.068359375,0.05126953125,-0.092529296875,-0.02783203125,0.019287109375,-0.049560546875,-0.015625,0.0849609375,-0.0078125,-0.140625,0.0126953125,-0.039306640625,-0.088134765625,0.017333984375,0.033203125,-0.031982421875,-0.022705078125,-0.025634765625,-0.03076171875,0.056884765625,0.056884765625,0.011474609375,-0.1015625,-0.004150390625,0.062744140625,-0.04150390625,-0.053466796875,0.053466796875,-0.004638671875,-0.076904296875,0.0419921875,0.005615234375,-0.1083984375,0.028076171875,0.125,-0.06298828125,-0.15625,0.04541015625,0.09423828125,-0.063232421875,-0.04833984375,-0.02099609375,0.00537109375,0.002197265625,-0.07177734375,-0.02978515625,0.078125,-0.02978515625,-0.11767578125,0.046875,0.042724609375,0.042724609375,-0.1015625,-0.0126953125,0.10205078125,-0.036376953125,-0.131103515625,0.04541015625,0.0869140625,-0.061767578125,-0.052734375,0.004150390625,-0.0185546875,-0.00927734375,0.010986328125,-0.04150390625,-0.050048828125,0.05322265625,0.0048828125,-0.091796875,0.02099609375,-0.064453125,0.001708984375,0.074462890625,-0.03076171875,-0.0791015625,0.051513671875,0.0078125,-0.09375,0.044189453125,0.09619140625,-0.070068359375,-0.070068359375,-0.105224609375,0.0517578125,0.056640625,-0.06982421875,-0.029052734375,0.00927734375,-0.041015625,0.011474609375,0.033203125,-0.053466796875,-0.054443359375,0.05908203125,0.01708984375,-0.1181640625,-0.0302734375,0.051025390625,-0.008544921875,-0.015380859375,-0.05078125,-0.025146484375,0.05908203125,-0.02587890625,-0.1025390625,0.0439453125,0.051025390625,-0.08984375,-0.041259765625,0.02490234375,-0.04443359375,-0.03662109375,-0.03662109375,0.074462890625,-0.003662109375,-0.127197265625,0.040771484375,0.10205078125,-0.080322265625,-0.091796875,0.062744140625,0.046875,-0.076904296875,-0.011474609375,0.028076171875,-0.043701171875,0.0068359375,0.027587890625,-0.06494140625,0.057373046875,0.010009765625,-0.05224609375,0.02685546875,0.00537109375,-0.0791015625,0.01611328125,0.015869140625,-0.065673828125,0.01953125,0.07666015625,-0.052490234375,-0.090576171875,0.051513671875,0.051513671875,-0.009765625,-0.103515625,0.0595703125,0.08154296875,-0.120849609375,-0.114990234375,0.083740234375,0.068115234375,-0.099853515625,-0.04931640625,0.04150390625,-0.017578125,-0.00927734375,0.00439453125,-0.03173828125,0.0498046875,-0.003173828125,-0.098388671875,0.010986328125,0.056884765625,-0.0302734375,-0.010986328125,0.010009765625,-0.0498046875,-0.015869140625,0.05517578125,-0.0400390625,-0.087646484375,0.06689453125,0.0458984375,-0.1044921875,-0.1044921875,-0.026123046875,0.03125,-0.0625,-0.03955078125,0.1005859375,0.021240234375,-0.15869140625,-0.01953125,0.106689453125,-0.027099609375,-0.08349609375,0.024658203125,0.04150390625,-0.0107421875,0.000244140625,-0.05859375,0.0146484375,0.027587890625,-0.07080078125,-0.0361328125,0.0205078125,-0.02490234375,-0.0263671875,0.04541015625,-0.031982421875,-0.096435546875,0.0498046875,0.0234375,-0.12060546875,-0.12060546875,-0.001953125,0.12890625,-0.03955078125,-0.164794921875,0.038818359375,0.1162109375,-0.068115234375,-0.074462890625,0.025390625,0.00048828125,-0.0283203125,0.005126953125,-0.06005859375,0.03564453125,0.029296875,-0.06103515625,-0.0810546875,0.055908203125,-0.033935546875,-0.041015625,0.025634765625,0.002197265625,-0.035888671875,0.018798828125,-0.03564453125,-0.078857421875,0.070068359375,0.06005859375,-0.115234375,-0.07958984375,0.078857421875,0.021240234375,-0.108154296875,-0.007080078125,0.056884765625,0.056884765625,-0.04541015625,-0.041015625,-0.003173828125,-0.025634765625,0.00439453125,0.043212890625,-0.036376953125,-0.07373046875,0.048095703125,0.000732421875,0.033203125,0.0791015625,-0.078857421875,-0.09765625,0.064453125,0.046142578125,-0.091064453125,-0.0146484375,0.047119140625,-0.046630859375,-0.0400390625,0.0283203125,-0.00048828125,-0.029052734375,0.020751953125,-0.013671875,-0.078857421875,0.02294921875,0.0263671875,-0.068359375,-0.068359375,0.002685546875,0.0458984375,-0.046630859375,-0.051025390625,0.041015625,-0.037353515625,-0.088623046875,0.088623046875,0.070068359375,-0.125,0.08056640625,-0.00732421875,-0.092529296875,0.004638671875,0.02685546875,-0.05322265625,0.021728515625,0.029541015625,-0.07666015625,-0.025390625,0.0732421875,-0.010498046875,-0.11669921875,0.0029296875,0.05029296875,-0.032958984375,0.001953125,-0.00146484375,-0.067626953125,-0.010986328125,-0.010986328125,0.0380859375,-0.058349609375,-0.058349609375,0.084228515625,0.021728515625,-0.1083984375,-0.000732421875,-0.075927734375,0.018798828125,0.089599609375,-0.055419921875,-0.120849609375,0.064453125,0.059326171875,-0.10400390625,-0.037841796875,0.05859375,-0.013916015625,-0.063232421875,0.01806640625,0.022705078125,-0.050537109375,0.00341796875,0.017333984375,-0.06494140625,-0.015380859375,0.037109375,-0.021484375,-0.0400390625,0.03662109375,0.03662109375,0.0048828125,-0.089111328125,0.013671875,0.045654296875,-0.056884765625,-0.01904296875,0.042236328125,-0.04541015625,0.000244140625,-0.041259765625,-0.057373046875,0.0791015625,0.032958984375,-0.13134765625,-0.02587890625,0.0986328125,-0.0244140625,-0.1123046875,0.0302734375,0.071533203125,-0.0693359375,-0.04248046875,0.01318359375,-0.02685546875,-0.000244140625,0.014892578125,-0.05810546875,-0.05419921875,0.061767578125,0.061767578125,0.011474609375,-0.087890625,0.0263671875,0.038330078125,-0.076904296875,-0.01416015625,-0.053955078125,-0.061279296875,0.1005859375,0.03076171875,-0.172119140625,-0.038330078125,0.11865234375,0.000244140625,-0.102783203125,-0.01123046875,0.047119140625,-0.0263671875,-0.022705078125,-0.03173828125,-0.048095703125,0.049560546875,0.022705078125,-0.085205078125,-0.02197265625,0.0673828125,-0.0283203125,-0.10009765625,0.028564453125,0.029541015625,0.029541015625,-0.064697265625,0.018798828125,0.008544921875,-0.0791015625,0.00830078125,-0.055908203125,-0.136962890625,0.058349609375,0.096923828125,-0.0771484375,-0.05322265625,0.057861328125,0.009765625,-0.0732421875,-0.019775390625,0.00537109375,-0.019287109375,0.044677734375,-0.001708984375,-0.082763671875,0.0146484375,0.02392578125,-0.083984375,-0.031982421875,0.096923828125,0.001708984375,-0.14208984375,0.013916015625,0.099609375,-0.051025390625,-0.051025390625,-0.08251953125,0.014404296875,0.025390625,-0.00537109375,0.00537109375,-0.03857421875,0.03125,0.011474609375,-0.087158203125,-0.023681640625,0.0390625,-0.027587890625,-0.029052734375,0.0595703125,-0.0185546875,-0.119384765625,0.037353515625,0.06201171875,-0.100341796875,-0.048828125,0.07080078125,-0.000732421875,-0.07080078125,0.021240234375,-0.003173828125,-0.071044921875,0.044921875,0.05126953125,-0.08837890625,-0.04541015625,-0.04541015625,0.07177734375,-0.001953125,0.00732421875,0.009521484375,-0.05126953125,0.0361328125,-0.00537109375,-0.1044921875,0.026123046875,0.11083984375,-0.059814453125,-0.14453125,0.057861328125,0.08154296875,-0.083251953125,-0.02734375,0.059814453125,-0.030029296875,-0.07763671875,0.009521484375,0.005615234375,-0.051513671875,0.036376953125,0.03125,-0.097412109375,-0.034912109375,0.0458984375,-0.023193359375,-0.045654296875,0.030517578125,0.030517578125,0.008056640625,0.01513671875,-0.009765625,-0.06396484375,0.0517578125,0.051025390625,-0.1015625,-0.062744140625,0.105224609375,0.036865234375,-0.10009765625,0.00537109375,0.04736328125,-0.060546875,-0.02099609375,0.032470703125,-0.0400390625,-0.0556640625,0.060791015625,0.024169921875,-0.127197265625,-0.017822265625,0.07958984375,-0.03857421875,-0.0673828125,0.033935546875,0.027099609375,-0.05615234375,-0.01611328125,-0.016845703125,-0.05712890625,0.039306640625,0.023681640625,-0.083740234375,-0.001708984375,0.04541015625,-0.08544921875,-0.085693359375,0.10595703125,0.049072265625,-0.173095703125,-0.050537109375,0.126708984375,0.0166015625,-0.0859375,-0.0029296875,0.032470703125,-0.03759765625,-0.0029296875,0.007080078125,-0.039306640625,0.039306640625,0.025390625,-0.087890625,-0.036865234375,0.050048828125,-0.025390625,-0.072021484375,0.052490234375,0.027099609375,-0.087646484375,0.01220703125,0.032958984375,-0.0791015625,-0.02587890625,0.084716796875,-0.01416015625,-0.1220703125,0.031982421875,0.09228515625,-0.052734375,-0.058837890625,0.0068359375,-0.00537109375,-0.006103515625,0.007080078125,-0.05224609375,-0.062255859375,0.062744140625,0.016357421875,-0.120849609375,-0.02685546875,0.0419921875,-0.048828125,-0.037841796875,0.053466796875,-0.0107421875,-0.0791015625,0.02587890625,0.002197265625,-0.095947265625,0.032958984375,-0.05615234375,-0.05615234375,-0.111328125,0.061767578125,0.0849609375,-0.067626953125,-0.0390625,0.014892578125,-0.03125,0.001953125,0.02783203125,-0.0478515625,-0.055419921875,0.058349609375,0.0302734375,-0.10400390625,-0.0224609375,0.06396484375,-0.0048828125,-0.0146484375,0.015625,-0.025146484375,-0.039306640625,0.033447265625,-0.016357421875,-0.06591796875,0.067138671875,0.041748046875,-0.11279296875,-0.04345703125,-0.010986328125,-0.11181640625,-0.003662109375,-0.003662109375,0.04150390625,-0.048095703125,-0.01171875,-0.01220703125,-0.074951171875,0.00390625,0.06005859375,-0.049560546875,-0.08740234375,0.048828125,0.000732421875,-0.099853515625,0.048095703125,0.0810546875,-0.08740234375,-0.08056640625,0.05615234375,0.015625,-0.063232421875,0.02197265625,0.018310546875,-0.066162109375,0.016845703125,0.01708984375,-0.079345703125,0.083740234375,-0.027587890625,-0.086669921875,0.0546875,0.0546875,0.0166015625,-0.086669921875,0.057861328125,0.092529296875,-0.097900390625,-0.111328125,0.0849609375,0.07763671875,-0.09716796875,-0.052734375,0.042724609375,-0.021240234375,-0.0283203125,0.001708984375,-0.0322265625,-0.03173828125,0.045166015625,0.00390625,-0.102783203125,-0.003173828125,0.0478515625,-0.044921875,-0.029052734375,0.02294921875,-0.016357421875,0.005615234375,-0.04443359375,-0.0556640625,0.080322265625,0.080322265625,0.032958984375,-0.125732421875,-0.023681640625,0.09228515625,-0.017822265625,-0.095458984375,0.0224609375,0.045166015625,-0.062255859375,-0.00439453125,0.021728515625,-0.0439453125,-0.001220703125,0.04052734375,-0.056396484375,0.0380859375,-0.0087890625,-0.0087890625,-0.08935546875,0.05224609375,0.073974609375,-0.11376953125,-0.0859375,0.088623046875,0.05126953125,-0.08544921875,-0.02490234375,0.015625,-0.066650390625,0.0234375,-0.078125,-0.0439453125,-0.0439453125,0.072265625,0.005615234375,-0.12353515625,-0.020263671875,0.04833984375,-0.039794921875,-0.017822265625,0.0078125,-0.037109375,-0.011474609375,-0.056884765625,-0.05078125,0.0908203125,0.0908203125,0.017578125,-0.1357421875,0.015625,0.10791015625,-0.05029296875,-0.103271484375,0.032470703125,0.05078125,-0.0576171875,-0.0048828125,-0.036376953125,0.01953125,0.029296875,0.029296875,-0.058349609375,-0.04296875,0.048828125,-0.005859375,-0.0595703125,0.05419921875,0.01416015625,-0.095947265625,0.00830078125,0.02685546875,-0.032958984375,0.123779296875,0.015869140625,0.015869140625,-0.17333984375,-0.02294921875,0.10498046875,-0.027587890625,-0.08056640625,0.001953125,0.013427734375,-0.046875,0.006591796875,0.013916015625,-0.005615234375,0.043212890625,-0.054443359375,-0.06591796875,-0.06591796875,0.027099609375,0.02490234375,-0.0380859375,0.003662109375,-0.00830078125,-0.07177734375,0.026611328125,0.029296875,-0.007080078125,0.07421875,-0.0224609375,-0.08349609375,0.03369140625,0.03369140625,0.015625,-0.078369140625,0.04150390625,0.0791015625,-0.069091796875,-0.075927734375,0.0478515625,0.01416015625,-0.062744140625,0.026611328125,-0.057373046875,-0.014404296875,0.110107421875,0.110107421875,0.028076171875,-0.12451171875,-0.060546875,0.114501953125,0.03662109375,-0.1552734375,-0.040771484375,0.129638671875,-0.12548828125,-0.019775390625,0.03466796875,-0.04931640625,-0.029541015625,-0.029541015625,0.057861328125,-0.024169921875,-0.099609375,0.027587890625,0.06689453125,-0.09033203125,-0.104248046875,0.08349609375,-0.067138671875,-0.10986328125,0.03955078125,0.108642578125,-0.03369140625,-0.1513671875,-0.1513671875,0.00244140625,0.11279296875,-0.0478515625,-0.1142578125,-0.011962890625,-0.000244140625,-0.0068359375,-0.068603515625,-0.1640625,0.09765625,0.195068359375,-0.151123046875,-0.206298828125,-0.206298828125,0.163330078125,0.183349609375,-0.158935546875,-0.14990234375,0.1142578125,0.030517578125,-0.08984375,-0.046875,-0.10693359375,0.041259765625,0.08837890625,-0.14111328125,-0.093505859375,-0.093505859375,0.142578125,-0.013916015625,-0.1689453125,0.025634765625,0.097412109375,-0.05859375,-0.0146484375,-0.01904296875,-0.071533203125,0.0712890625,-0.00341796875,-0.0693359375,0.058837890625,0.058837890625,0.043212890625,-0.077392578125,0.00732421875,0.072998046875,-0.104248046875,-0.045654296875,0.116455078125,-0.09521484375,0.116455078125,0.053955078125,-0.1337890625,0.037353515625,0.162353515625,0.162353515625,-0.1123046875,-0.147705078125,0.131103515625,0.069580078125,-0.115478515625,0.005615234375,0.08251953125,-0.110595703125,0.049072265625,-0.040771484375,-0.079345703125,0.05029296875,-0.03369140625,-0.13671875,-0.13671875,0.00048828125,0.052001953125,-0.114501953125,-0.073486328125,0.077880859375,-0.03173828125,0.0791015625,-0.03759765625,-0.15234375,0.035400390625,0.12060546875,-0.108154296875,-0.108154296875,-0.122802734375,0.10009765625,0.027587890625,-0.07958984375,0.010986328125,-0.022216796875,0.040771484375,0.072265625,-0.094482421875,-0.0107421875,0.150390625,-0.035888671875,-0.035888671875,-0.104736328125,0.083251953125,0.0439453125,-0.07275390625,0.065185546875,-0.091796875,-0.014892578125,0.13232421875,-0.085205078125,-0.12548828125,0.13525390625,0.068603515625,0.068603515625,-0.156982421875,-0.036376953125,0.111572265625,-0.060302734375,0.0703125,-0.059814453125,-0.110595703125,0.079833984375,0.05517578125,-0.1279296875,-0.0263671875,0.10595703125,0.10595703125,-0.074951171875,-0.115966796875,0.05419921875,-0.0126953125,0.046875,-0.002685546875,-0.1640625,-0.037841796875,0.1162109375,-0.06982421875,-0.117919921875,0.07666015625,0.07666015625,0.0068359375,-0.11279296875,0.022216796875,0.079833984375,-0.04248046875,0.110107421875,-0.01123046875,-0.077880859375,0.058349609375,0.023193359375,-0.0595703125,-0.0595703125,0.03173828125,0.0361328125,-0.08203125,-0.00244140625,-0.0859375,-0.07763671875,0.1240234375,0.008544921875,-0.1240234375,0.024658203125,0.07080078125,-0.093505859375,-0.010498046875,-0.010498046875,0.134765625,-0.071044921875,-0.14404296875,0.080322265625,-0.098388671875,0.00048828125,0.075439453125,-0.0869140625,-0.07861328125,0.073974609375,-0.04150390625,-0.08056640625,0.0712890625,0.0712890625,-0.00927734375,-0.134521484375,0.0146484375,0.094970703125,-0.05078125,0.10009765625,-0.0654296875,-0.097900390625,0.100830078125,0.018798828125,-0.141357421875,0.03662109375,0.124267578125,0.124267578125,-0.127685546875,-0.11376953125,0.119384765625,-0.00439453125,0.048583984375,0.037109375,-0.110595703125,-0.014892578125,0.072021484375,-0.096435546875,-0.04443359375,0.116943359375,-0.052734375,-0.052734375,-0.1162109375,0.07763671875,0.03173828125,-0.12109375,0.095947265625,-0.109619140625,-0.0595703125,0.1201171875,-0.067138671875,-0.1494140625,0.09375,0.077880859375,-0.175048828125,-0.0703125,-0.0703125,0.153564453125,-0.026123046875,-0.11767578125,0.026123046875,-0.1044921875,-0.009033203125,0.052490234375,-0.044189453125,0.016357421875,0.081787109375,-0.094970703125,-0.076171875,0.107666015625,0.107666015625,-0.00634765625,-0.104248046875,0.060791015625,-0.104736328125,0.00048828125,0.12060546875,-0.10009765625,-0.10791015625,0.138671875,0.029296875,-0.16796875,0.010986328125,0.15478515625,0.15478515625,-0.068359375,-0.11474609375,0.0869140625,-0.0009765625,0.010986328125,0.03076171875,-0.067626953125,-0.006103515625,0.03759765625,-0.098388671875,-0.050537109375,0.086181640625,-0.072265625,-0.106689453125,0.08056640625,0.0068359375,-0.132568359375,0.015380859375,0.083740234375,0.083740234375,-0.13134765625,-0.063232421875,0.166259765625,-0.185791015625,0.048583984375,0.11083984375,-0.107177734375,-0.061767578125,0.110595703125,-0.041259765625,-0.11376953125,0.06396484375,0.01220703125,0.01220703125,-0.078369140625,0.047119140625,-0.088623046875,-0.013427734375,0.098876953125,-0.04833984375,-0.0380859375,0.096923828125,-0.06298828125,-0.10009765625,0.12109375,0.12109375,0.073486328125,-0.01953125,0.1787109375,-0.0576171875,-0.161376953125,0.0556640625,0.04150390625,-0.0732421875,0.011474609375,0.027099609375,-0.088134765625,-0.088134765625,-0.007568359375,-0.093994140625,-0.08447265625,0.106201171875,-0.0078125,-0.113037109375,0.037109375,0.0517578125,-0.1044921875,-0.004150390625,-0.004150390625,0.091552734375,-0.0810546875,0.121337890625,-0.0234375,-0.16259765625,0.049072265625,0.124755859375,-0.12451171875,-0.133544921875,0.08935546875,0.0166015625,0.0166015625,-0.0615234375,-0.0126953125,-0.10107421875,0.018798828125,0.074951171875,-0.090087890625,-0.03759765625,0.115234375,-0.0419921875,-0.110107421875,0.0478515625,0.0478515625,0.0107421875,0.0400390625,0.052978515625,-0.135986328125,-0.023193359375,0.167236328125,-0.068115234375,-0.169677734375,0.100830078125,0.100341796875,-0.146728515625,-0.146728515625,0.14111328125,-0.008056640625,-0.0791015625,0.07568359375,-0.0146484375,-0.117431640625,0.042236328125,0.089599609375,-0.086669921875,-0.044677734375,0.10986328125,-0.033935546875,-0.033935546875,0.04541015625,0.003173828125,-0.05712890625,0.05078125,0.0283203125,-0.105224609375,-0.008056640625,0.1044921875,-0.088623046875,-0.093994140625,0.101318359375,0.011962890625,-0.092041015625,-0.092041015625,0.018310546875,-0.1083984375,0.011962890625,0.109375,-0.123291015625,-0.147216796875,0.108154296875,0.044189453125,-0.138427734375,-0.022705078125,0.084716796875,-0.0546875,-0.085205078125,-0.085205078125,-0.023193359375,-0.00537109375,0.07861328125,-0.063232421875,-0.124267578125,0.06005859375,0.076171875,-0.110595703125,-0.029541015625,0.10205078125,-0.066650390625,-0.069091796875,0.1044921875,-0.022216796875,-0.14794921875,0.068359375,0.142578125,-0.1357421875,-0.117919921875,0.169921875,0.05322265625,-0.14013671875,-0.0029296875,0.07373046875,-0.045166015625,-0.026611328125,0.06591796875,-0.040771484375,-0.038818359375,0.091064453125,-0.03125,-0.119873046875,0.042236328125,0.05224609375,-0.095458984375,-0.028076171875,0.069580078125,-0.065673828125,-0.064453125,0.062255859375,-0.069580078125,-0.0908203125,0.118896484375,0.048583984375,-0.17333984375,-0.035888671875,0.1572265625,-0.052734375,-0.132080078125,0.08203125,0.029052734375,-0.120361328125,-0.009521484375,0.0576171875,-0.064208984375,-0.021484375,0.0654296875,-0.087646484375,-0.082275390625,0.09033203125,-0.0087890625,-0.07861328125,0.0537109375,-0.003662109375,-0.12451171875,0.04443359375,0.13818359375,-0.1259765625,-0.111572265625,0.165283203125,0.039794921875,-0.173583984375,-0.02880859375,0.101318359375,-0.034912109375,-0.0439453125,0.038818359375,-0.08251953125,-0.068603515625,0.086181640625,-0.015625,-0.11962890625,0.040771484375,0.085693359375,-0.0966796875,-0.062255859375,0.09912109375,-0.02880859375,-0.082763671875,0.056640625,-0.0009765625,-0.08056640625,0.042724609375,0.060302734375,-0.13232421875,-0.05322265625,0.153076171875,-0.03515625,-0.185546875,0.031494140625,0.1064453125,-0.06591796875,-0.0400390625,0.090576171875,-0.05126953125,-0.11376953125,0.080810546875,0.03857421875,-0.085205078125,0.02587890625,0.069580078125,-0.06982421875,-0.060791015625,0.0615234375,-0.027587890625,-0.036865234375,0.0654296875,-0.055419921875,-0.096923828125,0.07421875,0.032470703125,-0.144287109375,-0.010986328125,0.123046875,-0.09765625,-0.135498046875,0.08740234375,0.02099609375,0.034912109375,0.034912109375,-0.00830078125,-0.127685546875,0.024658203125,0.106201171875,-0.12255859375,-0.071533203125,0.13232421875,-0.041748046875,-0.136474609375,0.067138671875,0.03466796875,-0.144775390625,0.026123046875,0.147705078125,-0.113037109375,-0.110107421875,0.132568359375,0.000732421875,-0.117919921875,0.077392578125,0.08447265625,-0.035400390625,-0.035400390625,0.138671875,-0.0458984375,-0.095947265625,0.103271484375,0.043701171875,-0.107421875,-0.00634765625,0.061279296875,-0.045166015625,0.007080078125,-0.119140625,-0.119140625,-0.067138671875,0.140380859375,-0.017333984375,-0.17724609375,0.05126953125,0.156494140625,-0.1044921875,-0.1474609375,0.055419921875,0.0224609375,-0.02099609375,0.03173828125,-0.116455078125,0.080322265625,0.080322265625,0.07861328125,-0.16162109375,-0.068115234375,0.135009765625,-0.045166015625,-0.1171875,0.06884765625,0.006591796875,-0.1259765625,0.042236328125,0.11474609375,-0.112060546875,0.149658203125,0.149658203125,0.016845703125,-0.156005859375,0.0224609375,0.091064453125,-0.08447265625,-0.05859375,0.0830078125,-0.024658203125,-0.0419921875,0.076416015625,-0.0439453125,0.067138671875,0.03515625,0.03515625,-0.112060546875,0.020751953125,0.11572265625,-0.08642578125,-0.0673828125,0.123779296875,-0.029052734375,-0.138427734375,0.089111328125,0.11474609375,-0.130859375,0.10498046875,-0.017822265625,-0.017822265625,-0.073974609375,0.052978515625,-0.046630859375,-0.115966796875,0.058837890625,0.06494140625,-0.113525390625,-0.023193359375,0.0947265625,-0.093994140625,0.08984375,-0.027099609375,-0.101318359375,-0.101318359375,0.07763671875,0.031005859375,-0.15478515625,0.004150390625,0.139892578125,-0.118896484375,-0.111328125,0.15576171875,0.02294921875,-0.174072265625,0.1318359375,-0.09375,-0.095703125,-0.095703125,0.105712890625,-0.005859375,-0.112060546875,0.033935546875,0.03515625,-0.070068359375,-0.00048828125,0.04345703125,-0.072509765625,-0.0234375,0.093017578125,-0.105712890625,0.11572265625,0.0712890625,0.0712890625,-0.16259765625,-0.08251953125,0.1298828125,0.01171875,-0.073486328125,0.041259765625,-0.015625,-0.076171875,0.031005859375,-0.084716796875,0.031982421875,0.099365234375,-0.11083984375,-0.11083984375,-0.100830078125,0.1181640625,0.001220703125,-0.118896484375,0.033203125,0.041259765625,-0.094970703125,-0.00732421875,-0.102783203125,-0.0478515625,0.143798828125,0.143798828125,-0.047119140625,-0.1728515625,0.062744140625,0.10888671875,-0.09765625,-0.0390625,0.0908203125,-0.078857421875,-0.09130859375,-0.0048828125,-0.1103515625,0.058349609375,0.058349609375,0.0791015625,-0.1123046875,-0.055419921875,0.087646484375,-0.062255859375,-0.071533203125,0.06982421875,-0.0361328125,0.063232421875,0.014404296875,-0.1533203125,0.01953125,0.01953125,0.160400390625,-0.104736328125,-0.1640625,0.09130859375,0.059326171875,-0.095458984375,-0.003662109375,0.05126953125,-0.078125,0.0703125,-0.074951171875,-0.0517578125,0.11669921875,0.11669921875,-0.015625,-0.1591796875,0.017333984375,0.115234375,-0.064208984375,-0.052490234375,0.077392578125,-0.056884765625,0.065673828125,-0.03173828125,-0.112548828125,-0.112548828125,0.073486328125,0.107666015625,-0.147216796875,-0.105712890625,0.15380859375,0.03759765625,-0.128662109375,0.00439453125,0.065673828125,-0.06201171875,0.052490234375,-0.056396484375,-0.04931640625,0.0791015625,-0.028564453125,-0.028564453125,-0.093017578125,0.048828125,0.027099609375,-0.089599609375,0.01123046875,0.056884765625,-0.10400390625,0.119140625,-0.086181640625,-0.14013671875,0.11865234375,0.07470703125,-0.17724609375,-0.17724609375,-0.05126953125,0.143310546875,-0.0517578125,-0.114013671875,0.08447265625,0.014892578125,-0.117919921875,0.0419921875,-0.074951171875,0.01416015625,0.08251953125,-0.10546875,-0.075927734375,-0.075927734375,0.10888671875,-0.029052734375,-0.11376953125,0.065185546875,0.0458984375,-0.119384765625,0.00634765625,-0.11083984375,-0.101318359375,0.13720703125,0.01318359375,-0.166748046875,0.001220703125,0.001220703125,0.11376953125,-0.03759765625,-0.03662109375,0.0478515625,-0.071533203125,-0.056640625,0.089599609375,-0.015380859375,0.0537109375,0.056884765625,-0.116455078125,-0.033935546875,0.091796875,-0.07861328125,-0.07861328125,-0.071533203125,0.09765625,-0.02099609375,-0.11572265625,0.06640625,0.07177734375,-0.047119140625,0.163330078125,-0.0380859375,-0.156005859375,0.058349609375,0.07421875,-0.08154296875,-0.08154296875,-0.00537109375,0.0751953125,-0.08447265625,-0.07958984375,0.080078125,-0.024169921875,0.066650390625,0.0107421875,-0.12353515625,-0.007568359375,0.08056640625,-0.07421875,-0.035888671875,-0.035888671875,0.095458984375,-0.05322265625,-0.105712890625,0.0712890625,0.0234375,-0.133056640625,0.017333984375,-0.10107421875,-0.125,0.0966796875,0.0185546875,-0.10498046875,0.024169921875,0.043701171875,0.043701171875,-0.111328125,-0.04052734375,0.109130859375,-0.043701171875,-0.095947265625,0.06298828125,-0.1005859375,0.002685546875,0.04931640625,-0.05615234375,0.015380859375,0.079833984375,-0.100341796875,-0.092529296875,-0.092529296875,0.108154296875,0.01416015625,-0.124755859375,0.003662109375,-0.042724609375,-0.0126953125,0.0517578125,-0.10498046875,-0.078857421875,0.14501953125,0.03857421875,0.03857421875,-0.18994140625,-0.045166015625,0.140869140625,-0.0234375,-0.10693359375,0.01025390625,-0.0634765625,0.008544921875,-0.013916015625,-0.0556640625,0.048828125,0.04345703125,0.04345703125,-0.12548828125,-0.05712890625,0.09375,-0.045654296875,0.063720703125,-0.017333984375,-0.115478515625,0.045654296875,0.074462890625,-0.130859375,-0.038818359375,0.15771484375,0.15771484375,-0.04296875,-0.166015625,0.069580078125,0.103515625,-0.051025390625,0.089599609375,-0.03515625,-0.080322265625,0.05712890625,-0.0126953125,-0.09326171875,-0.09326171875,0.029052734375,0.03759765625,-0.088134765625,-0.0244140625,-0.064453125,-0.03759765625,0.073486328125,-0.068115234375,-0.0859375,0.10400390625,0.02587890625,-0.1591796875,0.01611328125,0.01611328125,0.15869140625,-0.091796875,-0.145751953125,0.093017578125,-0.118408203125,0.015625,0.0830078125,-0.086669921875,-0.072509765625,0.06201171875,-0.039794921875,-0.05517578125,-0.05517578125,0.073974609375,-0.025390625,-0.099609375,0.05810546875,-0.118408203125,-0.002197265625,0.109130859375,-0.08740234375,-0.086181640625,0.126708984375,0.010009765625,-0.15478515625,-0.15478515625,0.043212890625,0.12353515625,-0.116455078125,0.10498046875,0.00537109375,-0.083984375,0.042724609375,-0.005859375,-0.10693359375,0.019287109375,0.059814453125,-0.1103515625,-0.03564453125,-0.03564453125,0.119384765625,-0.044677734375,-0.1171875,0.02978515625,-0.111572265625,0.00830078125,0.089599609375,-0.08251953125,-0.076904296875,0.091064453125,-0.0244140625,-0.11279296875,0.04833984375,0.04833984375,0.04345703125,-0.116943359375,-0.038818359375,-0.042724609375,-0.083251953125,0.062744140625,0.00244140625,-0.0869140625,0.02001953125,0.0283203125,-0.064697265625,0.016357421875,0.064697265625,0.064697265625,-0.07666015625,-0.046875,0.086669921875,-0.093505859375,0.105712890625,0.0673828125,-0.1396484375,-0.04931640625,0.1044921875,-0.04296875,-0.0615234375,0.088623046875,-0.021484375,-0.12353515625,-0.12353515625,0.05224609375,0.089111328125,-0.049560546875,0.095458984375,-0.036865234375,-0.1005859375,0.0439453125,0.001953125,-0.064453125,0.0517578125,0.027099609375,-0.143310546875,-0.029052734375,-0.029052734375,0.134521484375,-0.06201171875,0.059326171875,0.018310546875,-0.081787109375,0.0205078125,0.014892578125,-0.117431640625,0.01708984375,0.14208984375,-0.09375,-0.155517578125,0.098388671875,0.065185546875,0.065185546875,-0.115234375,0.08203125,-0.0537109375,-0.060791015625,0.0419921875,-0.051513671875,-0.038330078125,0.091552734375,-0.022216796875,-0.130126953125,0.037841796875,0.081298828125,-0.09765625,-0.09765625,-0.026123046875,-0.072509765625,-0.076904296875,0.100830078125,-0.0078125,-0.1279296875,0.0703125,0.122314453125,-0.138427734375,-0.1181640625,0.12890625,0.02587890625,-0.117919921875,0.025634765625,0.025634765625,-0.09619140625,-0.04931640625,0.065673828125,-0.053955078125,-0.06689453125,0.06689453125,-0.02392578125,-0.101806640625,0.046875,0.05419921875,-0.096435546875,-0.096435546875,-0.04248046875,-0.041259765625,-0.041259765625,0.06298828125,-0.049560546875,-0.078125,0.099853515625,0.039306640625,-0.1669921875,-0.0419921875,0.146728515625,-0.033447265625,-0.033447265625,0.07861328125,0.049072265625,-0.10498046875,-0.0185546875,0.046875,-0.060302734375,-0.007080078125,0.07275390625,-0.078125,-0.0703125,0.097412109375,0.097412109375,-0.01611328125,0.05712890625,0.05517578125,-0.113525390625,-0.006591796875,0.11669921875,-0.093017578125,-0.113037109375,0.118896484375,0.0224609375,-0.171142578125,-0.026123046875,-0.026123046875,-0.035400390625,-0.03759765625,0.0458984375,-0.07958984375,-0.077880859375,0.096923828125,0.008056640625,-0.122314453125,0.0361328125,0.089111328125,-0.1015625,-0.0771484375,-0.0771484375,-0.013916015625,-0.083251953125,0.037841796875,-0.010498046875,-0.078125,0.05322265625,0.0673828125,-0.127197265625,-0.06201171875,0.147216796875,0.00439453125,-0.1513671875,0.010498046875,0.08251953125,-0.03662109375,-0.024169921875,0.03125,-0.058837890625,-0.0361328125,0.082275390625,-0.029052734375,-0.084716796875,0.066162109375,0.04296875,-0.103271484375,-0.03125,0.061767578125,-0.057861328125,-0.02490234375,0.093505859375,-0.057373046875,-0.12646484375,0.06494140625,0.052001953125,-0.13720703125,-0.026611328125,0.13916015625,-0.044921875,-0.146240234375,0.044921875,0.040283203125,-0.064208984375,0.017578125,0.023681640625,-0.100830078125,-0.029296875,0.098876953125,-0.04638671875,-0.074462890625,0.078857421875,-0.005615234375,-0.107177734375,0.028564453125,0.0595703125,-0.0703125,0.003173828125,0.07568359375,-0.08837890625,-0.067626953125,0.104248046875,-0.0234375,-0.124755859375,0.0732421875,0.1015625,-0.1259765625,-0.085205078125,0.117431640625,-0.003662109375,-0.107177734375,0.048095703125,0.052490234375,-0.091796875,-0.0361328125,0.05419921875,-0.0478515625,-0.04248046875,0.050048828125,-0.039794921875,-0.059326171875,0.051025390625,-0.025390625,-0.101806640625,0.054443359375,0.09033203125,-0.114013671875,-0.09814453125,0.076416015625,-0.001953125,-0.053466796875,0.044677734375,-0.023681640625,-0.10546875,0.029541015625,0.0576171875,-0.103515625,-0.02685546875,0.11181640625,-0.0478515625,-0.1015625,0.07275390625,0.0205078125,-0.109619140625,0.041015625,0.10986328125,-0.115966796875,-0.1181640625,0.121826171875,0.04541015625,-0.14208984375,-0.014892578125,0.089599609375,-0.0517578125,-0.066162109375,0.053466796875,-0.017578125,-0.061767578125,0.0537109375,0.001953125,-0.10302734375,0.01025390625,0.066650390625,-0.06298828125,-0.052490234375,-0.02978515625,-0.02978515625,-0.045654296875,0.057373046875,-0.034423828125,-0.099853515625,0.078125,0.083984375,-0.144775390625,-0.094970703125,0.126953125,0.005859375,-0.130859375,0.044189453125,-0.1103515625,-0.1103515625,-0.044677734375,0.064697265625,-0.05615234375,-0.04833984375,0.08935546875,-0.029052734375,-0.121826171875,0.051513671875,0.052490234375,-0.09228515625,0.062744140625,0.062744140625,-0.062744140625,-0.04150390625,0.079833984375,-0.04443359375,-0.07958984375,0.101318359375,0.01513671875,-0.16796875,-0.00341796875,0.145751953125,-0.05615234375,0.08447265625,0.08447265625,0.0166015625,-0.11083984375,0.0185546875,0.050048828125,-0.0654296875,0.007568359375,0.070556640625,-0.0673828125,-0.052978515625,0.080810546875,-0.039794921875,0.0634765625,0.0634765625,0.006103515625,-0.10205078125,0.042724609375,0.07763671875,-0.14404296875,-0.078125,0.138916015625,-0.0263671875,-0.1640625,0.03759765625,-0.07470703125,-0.011962890625,-0.011962890625,0.08056640625,-0.0751953125,-0.09375,0.071044921875,-0.009765625,-0.076904296875,0.069580078125,0.0341796875,-0.119140625,-0.01416015625,-0.087646484375,-0.06591796875,-0.06591796875,0.098876953125,-0.043212890625,-0.133056640625,0.072998046875,0.068115234375,-0.14404296875,-0.031982421875,0.147705078125,-0.048828125,-0.151611328125,0.06982421875,-0.061767578125,-0.061767578125,0.01904296875,0.04638671875,-0.102294921875,-0.036376953125,0.13427734375,-0.026611328125,-0.122314453125,0.06103515625,0.051025390625,-0.099609375,-0.03076171875,-0.048095703125,0.0087890625,0.051513671875,0.051513671875,-0.117919921875,-0.07275390625,0.14111328125,-0.01171875,-0.191162109375,0.041259765625,0.1640625,-0.075439453125,-0.117919921875,0.045654296875,-0.02294921875,0.074951171875,-0.0615234375,-0.0615234375,-0.14990234375,0.06787109375,0.100830078125,-0.1328125,-0.0625,0.109130859375,-0.049072265625,-0.107666015625,0.07763671875,0.008056640625,0.044677734375,0.1416015625,-0.111083984375,-0.111083984375,-0.156982421875,0.09130859375,0.066162109375,-0.083740234375,0.00537109375,0.046142578125,-0.078125,-0.037109375,0.073486328125,-0.0341796875,-0.068603515625,0.009521484375,-0.08154296875,0.018798828125,0.018798828125,0.029296875,-0.055908203125,0.020263671875,0.053466796875,-0.090576171875,-0.0380859375,0.137939453125,-0.0224609375,-0.170166015625,0.044677734375,-0.110595703125,-0.117431640625,0.090087890625,0.01953125,0.01953125,-0.087158203125,0.027587890625,0.003662109375,-0.108642578125,-0.003173828125,0.05908203125,-0.069091796875,-0.0439453125,-0.03466796875,-0.07861328125,0.054931640625,-0.02294921875,-0.103759765625,-0.103759765625,0.066162109375,0.05712890625,-0.13134765625,-0.0283203125,0.127685546875,-0.078369140625,-0.135986328125,0.1162109375,0.05322265625,-0.0419921875,0.092041015625,-0.036865234375,-0.02783203125,-0.02783203125,0.06982421875,-0.06787109375,-0.091552734375,0.09912109375,0.03759765625,-0.09326171875,0.038330078125,0.065185546875,-0.097412109375,-0.0234375,-0.06103515625,-0.0849609375,0.103759765625,-0.008056640625,-0.143310546875,-0.143310546875,0.040771484375,0.091796875,-0.125,-0.06982421875,0.1298828125,-0.035400390625,-0.166748046875,0.048583984375,-0.095947265625,-0.046142578125
Prusa_B,-0.03662109375,-0.060791015625,-0.060791015625,-0.06982421875,-0.05859375,0.001953125,0.075927734375,0.09033203125,0.001220703125,-0.047119140625,-0.07568359375,-0.07177734375,-0.050537109375,-0.01806640625,0.01318359375,0.0068359375,-0.0283203125,-0.049560546875,-0.036376953125,-0.036376953125,0.016357421875,0.072265625,0.0673828125,0.025146484375,0.027587890625,0.0419921875,-0.0546875,-0.025390625,-0.027587890625,-0.051025390625,-0.00634765625,-0.0048828125,-0.05029296875,0.02294921875,0.045654296875,-0.022705078125,0.014892578125,0.014892578125,0.029541015625,0.007080078125,0.0341796875,-0.000732421875,-0.041259765625,-0.057861328125,-0.086669921875,-0.040283203125,-0.0166015625,0.008056640625,0.05517578125,-0.00537109375,-0.00537109375,-0.055419921875,-0.0234375,-0.02734375,-0.05615234375,-0.029052734375,0.009765625,0.038818359375,-0.029052734375,-0.07470703125,-0.04736328125,-0.046142578125,-0.023193359375,-0.023193359375,0.02685546875,0.03564453125,-0.010009765625,0.001953125,-0.0869140625,-0.003662109375,0.034423828125,0.0029296875,-0.001220703125,-0.0068359375,-0.039794921875,-0.0224609375,-0.0224609375,0.01513671875,-0.008056640625,-0.012939453125,0.041259765625,0.024658203125,0.0078125,-0.0400390625,-0.037353515625,0.015869140625,0.01025390625,-0.02001953125,-0.0146484375,-0.0146484375,-0.000732421875,-0.005126953125,-0.0166015625,-0.031005859375,0.009521484375,0.0224609375,0.02880859375,0.012451171875,-0.053466796875,-0.074951171875,-0.029296875,0.015869140625,0.021728515625,0.021728515625,-0.003662109375,-0.0439453125,-0.060546875,-0.025390625,-0.01806640625,-0.021484375,0.009765625,0.03759765625,-0.00390625,-0.05908203125,-0.042724609375,-0.005615234375,-0.01025390625,-0.027587890625,-0.027587890625,-0.0390625,-0.02197265625,0.003173828125,-0.0185546875,0.02294921875,0.039306640625,0.010498046875,-0.02392578125,-0.015869140625,0.00830078125,-0.020751953125,-0.066650390625,-0.041259765625,-0.041259765625,-0.00048828125,-0.029052734375,-0.018310546875,0.0087890625,0.01708984375,0.015380859375,0.016845703125,0.03369140625,0.00830078125,-0.03662109375,-0.02490234375,-0.0068359375,-0.01123046875,-0.018310546875,-0.018310546875,-0.014892578125,-0.016845703125,-0.02099609375,-0.020751953125,-0.007568359375,0.001953125,-0.019775390625,-0.010009765625,0.017578125,-0.01806640625,-0.050537109375,-0.046630859375,-0.006591796875,-0.009765625,-0.024658203125,0.009521484375,0.01611328125,-0.020751953125,-0.018798828125,-0.012939453125,-0.01806640625,-0.01806640625,-0.020263671875,-0.020751953125,-0.000244140625,-0.017822265625,-0.021484375,-0.024169921875,-0.027587890625,-0.0009765625,0.02392578125,0.003662109375,-0.02978515625,-0.019287109375,-0.00537109375,-0.00537109375,-0.00439453125,-0.0146484375,-0.000244140625,-0.00732421875,-0.033203125,-0.014892578125,0.0234375,-0.0078125,-0.04638671875,-0.03515625,-0.00830078125,-0.009521484375,-0.024658203125,-0.012939453125,-0.012939453125,0.008544921875,0.01513671875,0.005615234375,0.001220703125,-0.013916015625,-0.026611328125,-0.0068359375,0.000732421875,-0.02099609375,-0.0185546875,-0.0146484375,-0.025146484375,-0.022216796875,-0.022216796875,-0.021240234375,0.01953125,-0.0009765625,-0.014404296875,0.003662109375,-0.015625,-0.04931640625,-0.040771484375,-0.01171875,0.00439453125,0.00048828125,-0.013916015625,-0.02294921875,-0.02294921875,-0.019287109375,-0.016357421875,-0.005126953125,-0.020263671875,-0.0126953125,0.014404296875,-0.01318359375,-0.041748046875,-0.0205078125,0.01171875,0.018798828125,0.0078125,-0.01025390625,-0.01025390625,0.004638671875,-0.02587890625,-0.009033203125,0.009765625,-0.022705078125,-0.03662109375,-0.00537109375,0.001953125,-0.0126953125,-0.033935546875,-0.036376953125,-0.012451171875,-0.00732421875,-0.00732421875,-0.026123046875,0.017333984375,-0.010498046875,-0.014404296875,0.004150390625,0.00390625,-0.011474609375,-0.0263671875,-0.01708984375,-0.00048828125,-0.013427734375,-0.01611328125,0.025146484375,0.025146484375,-0.029541015625,-0.011962890625,0.000244140625,-0.009033203125,0.005126953125,-0.0029296875,-0.02392578125,-0.024169921875,-0.051513671875,-0.045654296875,0.0166015625,0.018798828125,-0.004150390625,-0.004150390625,-0.021728515625,-0.029541015625,-0.0234375,-0.021240234375,-0.025146484375,-0.0087890625,-0.001220703125,0.001708984375,-0.009765625,-0.04052734375,-0.0263671875,0.0185546875,0.00830078125,-0.009033203125,0.00390625,-0.000732421875,-0.02587890625,-0.052490234375,-0.032470703125,0.017822265625,0.018310546875,-0.009521484375,0.007568359375,0.013427734375,-0.025146484375,-0.036865234375,-0.026123046875,-0.009521484375,0.009765625,-0.00830078125,-0.01953125,-0.016845703125,-0.039794921875,-0.028564453125,0.017578125,0.0126953125,-0.0087890625,0.010986328125,0.0107421875,-0.010009765625,-0.03369140625,-0.04443359375,-0.010498046875,0.0,-0.02490234375,0.0009765625,0.02880859375,0.00341796875,-0.015869140625,-0.013671875,-0.014892578125,-0.002685546875,-0.007568359375,-0.025634765625,-0.016845703125,-0.029052734375,-0.037109375,-0.00244140625,0.00830078125,-0.02783203125,-0.021240234375,0.01806640625,0.024169921875,0.0029296875,-0.02880859375,-0.040283203125,-0.02001953125,-0.03125,-0.048828125,-0.01708984375,0.011962890625,-0.00439453125,0.00048828125,0.028564453125,0.01513671875,-0.007568359375,-0.027587890625,-0.023681640625,-0.0107421875,-0.016845703125,-0.01708984375,-0.005859375,-0.00927734375,-0.037841796875,-0.035888671875,0.01171875,0.02734375,0.000732421875,-0.0078125,-0.008056640625,-0.0322265625,-0.044677734375,-0.02587890625,-0.017578125,-0.026611328125,-0.01904296875,0.01025390625,0.026611328125,0.008544921875,-0.01318359375,-0.011474609375,0.006103515625,-0.0078125,-0.031494140625,-0.019287109375,-0.009521484375,-0.02880859375,-0.01904296875,0.01123046875,0.007080078125,-0.016845703125,-0.0126953125,0.007568359375,0.00439453125,-0.024169921875,-0.03955078125,-0.0107421875,-0.005859375,-0.037353515625,-0.03173828125,-0.00244140625,-0.01513671875,-0.018798828125,0.015380859375,0.015869140625,-0.011474609375,-0.0283203125,-0.038330078125,-0.0380859375,-0.046630859375,-0.02880859375,0.018798828125,0.025634765625,-0.012939453125,0.01806640625,0.020263671875,0.020263671875,-0.01025390625,-0.0146484375,0.0087890625,-0.01123046875,-0.03759765625,-0.022705078125,-0.008544921875,-0.01318359375,-0.01953125,-0.003662109375,0.012451171875,-0.00390625,-0.034423828125,-0.02490234375,0.004150390625,-0.01513671875,-0.020751953125,0.008056640625,-0.005615234375,-0.043701171875,-0.0322265625,-0.00732421875,0.0009765625,-0.011474609375,-0.01611328125,0.011962890625,-0.016845703125,-0.02294921875,0.012939453125,0.012939453125,0.00146484375,-0.041015625,-0.0234375,0.017822265625,0.022705078125,0.001220703125,-0.015625,-0.032958984375,-0.03173828125,-0.017333984375,-0.016357421875,-0.006591796875,0.00439453125,-0.013427734375,-0.02978515625,-0.02734375,-0.019287109375,-0.02294921875,-0.010498046875,0.017333984375,-0.004638671875,-0.027099609375,-0.008544921875,-0.0029296875,-0.043212890625,0.004150390625,0.037353515625,-0.00048828125,-0.03759765625,-0.03759765625,-0.023681640625,-0.00439453125,-0.015625,0.003662109375,0.022705078125,-0.000732421875,-0.040283203125,-0.02880859375,0.03173828125,0.017578125,-0.029541015625,-0.033203125,-0.013671875,-0.01513671875,-0.022705078125,-0.01611328125,-0.034423828125,-0.04052734375,-0.01220703125,0.036865234375,0.046630859375,-0.005859375,-0.024658203125,-0.018310546875,-0.025146484375,-0.03564453125,-0.006103515625,0.0009765625,-0.01513671875,0.013671875,0.0576171875,0.0576171875,0.017822265625,-0.069091796875,-0.06396484375,0.015625,0.0244140625,-0.008056640625,-0.023193359375,-0.0205078125,-0.039794921875,-0.06494140625,-0.02685546875,0.039794921875,0.044189453125,0.000732421875,-0.013427734375,-0.010986328125,-0.043212890625,-0.04931640625,-0.015869140625,-0.012939453125,-0.052978515625,-0.04052734375,0.03125,-0.021484375,-0.03515625,0.037353515625,0.05029296875,-0.02587890625,-0.068603515625,-0.021728515625,-0.021728515625,0.009765625,-0.027587890625,-0.02880859375,0.005615234375,0.02001953125,-0.00537109375,-0.01708984375,0.005126953125,-0.00634765625,-0.030517578125,0.003173828125,0.023193359375,-0.033935546875,-0.082275390625,-0.04150390625,0.02685546875,0.01220703125,-0.03466796875,-0.02099609375,0.0341796875,0.03515625,-0.015869140625,-0.012451171875,-0.040283203125,-0.056640625,-0.0185546875,0.00830078125,-0.028076171875,-0.007568359375,0.060791015625,0.060791015625,0.048828125,-0.01904296875,-0.0380859375,-0.012451171875,-0.01220703125,-0.04296875,-0.047119140625,-0.004150390625,0.011962890625,-0.0234375,-0.040771484375,-0.008056640625,-0.00146484375,-0.01611328125,0.010009765625,0.035400390625,-0.0029296875,-0.05908203125,-0.05517578125,-0.035888671875,-0.0205078125,0.052490234375,0.058837890625,-0.0166015625,-0.0380859375,0.0205078125,0.033203125,-0.02099609375,-0.04443359375,-0.0087890625,-0.0087890625,-0.00927734375,-0.045166015625,-0.0390625,0.013427734375,0.01904296875,-0.017822265625,-0.010986328125,0.02978515625,0.01123046875,-0.03955078125,-0.02587890625,-0.007568359375,-0.036376953125,-0.063232421875,-0.0166015625,0.025634765625,-0.0263671875,-0.044921875,0.00146484375,0.006591796875,-0.038818359375,0.00537109375,0.0068359375,-0.06494140625,-0.0595703125,0.028076171875,0.05029296875,-0.02392578125,-0.05126953125,0.021484375,0.021484375,0.029541015625,-0.04150390625,-0.035400390625,0.02001953125,-0.00244140625,-0.059814453125,-0.02685546875,0.038818359375,-0.0068359375,-0.075439453125,-0.01318359375,0.0517578125,-0.020263671875,-0.0810546875,-0.000732421875,0.044921875,-0.039306640625,0.05126953125,0.048583984375,-0.07666015625,-0.080322265625,0.045166015625,0.052001953125,-0.061279296875,-0.060302734375,0.04052734375,0.025634765625,-0.061279296875,-0.0078125,0.07275390625,0.00146484375,0.00146484375,-0.09912109375,-0.0439453125,0.03271484375,-0.0244140625,-0.044921875,0.0439453125,0.061767578125,-0.03955078125,-0.06884765625,-0.010009765625,-0.00830078125,-0.064208984375,-0.031982421875,0.05224609375,0.060791015625,-0.03076171875,-0.00927734375,-0.0009765625,-0.031982421875,-0.011474609375,0.036865234375,0.012939453125,-0.065185546875,-0.05712890625,0.04248046875,0.03271484375,-0.041015625,0.005615234375,0.0390625,-0.0478515625,-0.087646484375,-0.087646484375,-0.005859375,0.048095703125,-0.008544921875,-0.0419921875,0.012939453125,0.00439453125,-0.050048828125,-0.042236328125,0.0126953125,0.0400390625,0.004638671875,-0.0341796875,-0.035888671875,-0.0439453125,-0.058837890625,0.042724609375,0.087158203125,0.02392578125,-0.0244140625,-0.009765625,-0.002197265625,-0.033447265625,-0.031005859375,0.015380859375,0.017578125,-0.0390625,-0.0556640625,0.008544921875,0.024169921875,0.024169921875,-0.034912109375,-0.012939453125,0.06201171875,0.0283203125,-0.064697265625,-0.07080078125,-0.0166015625,-0.040283203125,-0.069580078125,-0.013916015625,0.062744140625,0.02587890625,-0.0634765625,-0.01904296875,0.06201171875,0.0087890625,-0.0576171875,-0.007080078125,0.025146484375,-0.056396484375,-0.09130859375,0.03173828125,-0.017333984375,-0.013671875,0.054443359375,0.057861328125,-0.022216796875,-0.048828125,-0.00146484375,-0.0048828125,-0.07666015625,-0.057861328125,0.01904296875,0.000244140625,-0.064208984375,-0.01953125,0.05615234375,0.05615234375,0.0185546875,-0.029052734375,0.00927734375,0.022216796875,-0.056396484375,-0.090087890625,-0.033203125,0.00390625,-0.019287109375,-0.0166015625,0.041015625,0.05859375,-0.02685546875,-0.001220703125,0.00390625,-0.023681640625,-0.042724609375,-0.0146484375,-0.009033203125,-0.055419921875,-0.0390625,0.05029296875,0.061279296875,-0.0126953125,-0.00244140625,0.043701171875,-0.0166015625,-0.106201171875,-0.09619140625,-0.09619140625,0.0029296875,-0.010498046875,-0.062255859375,0.015380859375,0.07275390625,-0.000244140625,-0.068603515625,0.000732421875,0.067138671875,-0.013427734375,-0.066650390625,-0.000732421875,-0.072509765625,-0.082763671875,0.0537109375,0.087646484375,-0.02197265625,-0.016357421875,0.08935546875,0.047119140625,-0.0986328125,-0.0771484375,0.016357421875,-0.023681640625,-0.092041015625,-0.011962890625,0.087646484375,0.000244140625,-0.08740234375,-0.007568359375,-0.007568359375,0.07080078125,-0.0009765625,-0.084716796875,-0.02490234375,0.03662109375,-0.063720703125,-0.115234375,0.022216796875,0.072021484375,-0.047607421875,0.105224609375,0.071533203125,-0.097412109375,-0.08642578125,0.039794921875,0.007568359375,-0.080322265625,-0.009033203125,0.079833984375,0.016357421875,-0.072509765625,-0.023681640625,0.04931640625,0.0078125,-0.055908203125,-0.010986328125,0.0400390625,-0.04833984375,-0.1171875,-0.00634765625,-0.00634765625,0.070068359375,-0.01904296875,-0.070068359375,0.036865234375,0.08203125,-0.058349609375,-0.10693359375,0.020263671875,-0.098388671875,-0.056640625,0.092041015625,0.038330078125,-0.083740234375,-0.010498046875,0.094970703125,0.01220703125,-0.082275390625,-0.01220703125,0.029296875,-0.062744140625,-0.09619140625,0.01513671875,0.07275390625,-0.025390625,-0.07421875,0.04345703125,0.086181640625,-0.048583984375,-0.048583984375,-0.092041015625,0.016845703125,0.032958984375,-0.08203125,-0.081298828125,0.02587890625,0.006591796875,-0.021484375,0.105712890625,0.033203125,-0.0849609375,-0.019287109375,0.057373046875,-0.02099609375,-0.102294921875,-0.0302734375,0.0537109375,0.003173828125,-0.07470703125,0.01025390625,0.1103515625,-0.002197265625,-0.082275390625,0.02978515625,0.07421875,-0.0576171875,-0.11767578125,-0.00048828125,0.02490234375,-0.08544921875,-0.08544921875,-0.04736328125,0.085693359375,0.05859375,-0.074951171875,-0.054931640625,0.041259765625,-0.080810546875,-0.08203125,0.017822265625,-0.005859375,-0.0888671875,-0.031494140625,0.057373046875,0.042236328125,-0.01953125,0.010986328125,0.057861328125,0.001953125,-0.076171875,-0.05419921875,0.0087890625,-0.035888671875,-0.08251953125,-0.00927734375,0.07080078125,0.004638671875,-0.0693359375,0.024658203125,0.0908203125,0.0908203125,-0.0322265625,-0.116455078125,-0.016845703125,0.0419921875,-0.122802734375,0.0322265625,0.0751953125,-0.0712890625,-0.051513671875,0.125244140625,0.071533203125,-0.1005859375,-0.05908203125,0.0751953125,0.002685546875,-0.12646484375,-0.021240234375,0.047607421875,-0.064453125,-0.046142578125,0.100341796875,0.070556640625,-0.067626953125,-0.03173828125,0.043701171875,0.031005859375,-0.043701171875,-0.11376953125,-0.039306640625,-0.039306640625,0.038818359375,-0.045166015625,-0.08056640625,0.069580078125,-0.01953125,-0.01611328125,0.041748046875,-0.002685546875,-0.073974609375,-0.03955078125,0.011474609375,-0.051025390625,-0.077392578125,0.029296875,0.08740234375,0.0146484375,-0.042724609375,0.0126953125,0.0615234375,-0.029296875,-0.091064453125,-0.026123046875,-0.005126953125,-0.040771484375,-0.038330078125,-0.016845703125,0.011474609375,0.036376953125,0.005859375,-0.038818359375,-0.010009765625,-0.010009765625,0.016845703125,-0.0625,-0.04248046875,-0.03076171875,-0.02099609375,0.03076171875,0.03466796875,-0.01513671875,0.018310546875,0.05712890625,0.00634765625,-0.046630859375,-0.04248046875,-0.009765625,-0.004150390625,-0.077392578125,-0.071044921875,0.069091796875,0.10302734375,-0.011474609375,-0.048095703125,0.02099609375,0.029052734375,-0.020263671875,-0.066650390625,-0.06103515625,-0.02685546875,-0.049072265625,-0.061767578125,-0.061767578125,0.008544921875,0.00537109375,-0.0009765625,0.029541015625,-0.00244140625,-0.058349609375,-0.023681640625,0.0107421875,-0.070068359375,-0.096923828125,0.0390625,0.09228515625,-0.0234375,-0.04443359375,0.0625,0.06005859375,-0.00390625,-0.03076171875,-0.059326171875,-0.082763671875,-0.071533203125,-0.001953125,0.0537109375,0.02001953125,-0.027587890625,0.005615234375,0.042724609375,-0.016845703125,-0.076416015625,-0.0390625,0.005126953125,-0.022705078125,-0.06982421875,-0.0244140625,0.025390625,-0.012939453125,-0.00048828125,0.073974609375,0.086181640625,-0.017333984375,-0.0576171875,0.0078125,-0.0029296875,-0.08349609375,-0.054931640625,0.03759765625,0.001708984375,-0.056640625,-0.004150390625,0.068359375,0.027587890625,-0.03662109375,-0.000732421875,0.03271484375,-0.0087890625,-0.09619140625,-0.126708984375,-0.05615234375,0.023193359375,0.02392578125,0.005126953125,0.01708984375,-0.003662109375,-0.02099609375,-0.01025390625,-0.036376953125,-0.05517578125,0.00244140625,0.03857421875,-0.007568359375,-0.032470703125,-0.015869140625,-0.00244140625,-0.010498046875,-0.031982421875,-0.026611328125,-0.013427734375,0.015380859375,0.029052734375,-0.025146484375,-0.072998046875,-0.041748046875,-0.006103515625,0.038330078125,0.06298828125,-0.01220703125,-0.048095703125,-0.03857421875,-0.04736328125,-0.029052734375,-0.000244140625,-0.0322265625,-0.0322265625,0.0107421875,0.010986328125,-0.02587890625,0.0322265625,0.04833984375,-0.00732421875,-0.038330078125,-0.01025390625,-0.029541015625,-0.048095703125,0.008544921875,0.0205078125,0.015380859375,0.011474609375,-0.0205078125,-0.033935546875,0.0009765625,0.002685546875,-0.02734375,-0.007568359375,0.023193359375,0.003662109375,-0.016845703125,-0.0361328125,-0.054443359375,0.00048828125,0.017822265625,-0.027099609375,0.001708984375,0.001708984375,0.03955078125,0.014404296875,-0.080322265625,-0.082275390625,-0.007568359375,-0.00048828125,0.00927734375,0.001953125,-0.076416015625,-0.01025390625,0.051513671875,-0.04150390625,-0.038818359375,0.010986328125,-0.036865234375,-0.05126953125,-0.025634765625,-0.03662109375,0.0048828125,0.0458984375,-0.00537109375,-0.015625,0.02587890625,-0.013916015625,-0.08056640625,-0.07568359375,-0.030517578125,0.103515625,0.048828125,-0.05615234375,-0.05615234375,-0.06982421875,-0.015380859375,0.048583984375,0.074462890625,0.0185546875,-0.04931640625,-0.04296875,-0.021484375,-0.02978515625,-0.0439453125,-0.07763671875,-0.064453125,0.0244140625,0.06494140625,0.052001953125,0.042724609375,0.0244140625,-0.00146484375,-0.0458984375,-0.07958984375,-0.0751953125,-0.061767578125,-0.05126953125,-0.035888671875,0.002197265625,0.03173828125,0.013427734375,0.01025390625,0.0341796875,0.01220703125,-0.01806640625,0.009765625,0.009765625,0.044677734375,-0.009521484375,-0.091796875,-0.072509765625,-0.018798828125,-0.0380859375,-0.030517578125,0.003662109375,-0.00244140625,0.053466796875,0.034423828125,-0.035888671875,0.0380859375,-0.037353515625,-0.02734375,0.075439453125,-0.10986328125,-0.007080078125,0.029541015625,-0.095458984375,0.053955078125,-0.06982421875,-0.042236328125,-0.072509765625,-0.005615234375,-0.006103515625,-0.006591796875,0.072998046875,0.021728515625,0.00927734375,0.00927734375,-0.05908203125,-0.021484375,-0.061767578125,-0.058837890625,-0.008544921875,-0.008544921875,0.023193359375,0.013916015625,-0.024658203125,-0.027587890625,-0.035400390625,0.0029296875,0.040283203125,-0.002685546875,0.01416015625,0.0048828125,-0.03759765625,-0.045166015625,-0.07568359375,-0.027099609375,0.036865234375,-0.0166015625,-0.056396484375,-0.01220703125,0.0400390625,0.03271484375,-0.018310546875,-0.05419921875,0.014404296875,0.034423828125,0.003173828125,-0.048095703125,-0.049072265625,-0.029052734375,0.012451171875,0.005859375,-0.03955078125,-0.03955078125,-0.0087890625,0.039794921875,0.025146484375,-0.020751953125,-0.07275390625,-0.0498046875,0.05029296875,0.07861328125,-0.021240234375,-0.095947265625,-0.057373046875,0.048095703125,0.078125,-0.028076171875,-0.103759765625,-0.046630859375,0.06494140625,0.046142578125,-0.0849609375,-0.086181640625,0.052490234375,-0.0146484375,-0.1435546875,-0.044677734375,0.0830078125,0.0166015625,-0.112060546875,-0.10595703125,0.07958984375,0.1259765625,0.1259765625,-0.06201171875,-0.12353515625,0.012451171875,0.078369140625,-0.0185546875,-0.0849609375,-0.016357421875,0.069091796875,0.005859375,-0.08740234375,-0.057861328125,-0.000244140625,-0.005615234375,0.000244140625,0.000732421875,-0.04150390625,-0.04052734375,0.03125,0.0361328125,-0.0673828125,-0.00244140625,0.0166015625,-0.01904296875,-0.06201171875,-0.004638671875,0.052978515625,-0.013671875,-0.08251953125,-0.011474609375,0.029052734375,0.029052734375,-0.029541015625,-0.02880859375,0.02880859375,0.029541015625,-0.0283203125,0.000244140625,0.045166015625,0.011474609375,-0.06640625,-0.069580078125,0.038818359375,0.035888671875,-0.041748046875,-0.0166015625,0.028076171875,0.0029296875,-0.05908203125,-0.039306640625,0.038818359375,-0.037841796875,-0.008056640625,0.00048828125,-0.016845703125,-0.038818359375,-0.031005859375,-0.011474609375,-0.060302734375,-0.051513671875,0.048828125,0.02783203125,-0.05224609375,-0.05224609375,0.026611328125,0.026611328125,0.0068359375,-0.08447265625,-0.062744140625,0.037841796875,0.03076171875,-0.042236328125,-0.03466796875,0.046142578125,0.001708984375,-0.075927734375,-0.026123046875,0.02783203125,-0.012939453125,-0.058837890625,-0.01171875,-0.007080078125,-0.049560546875,0.010009765625,0.0458984375,-0.01904296875,-0.069580078125,0.001708984375,0.037841796875,0.037841796875,-0.046630859375,-0.06298828125,0.027099609375,0.04296875,-0.030517578125,-0.042236328125,0.0517578125,-0.052978515625,-0.048095703125,0.016845703125,0.01953125,-0.04833984375,-0.041748046875,0.05712890625,0.05712890625,0.0341796875,-0.070068359375,-0.04833984375,0.0166015625,0.003662109375,-0.046630859375,0.031982421875,0.011962890625,-0.06396484375,-0.05810546875,-0.011474609375,-0.024169921875,-0.033203125,-0.033203125,0.005615234375,0.017578125,-0.0244140625,-0.02978515625,0.024658203125,0.001953125,-0.0517578125,0.01416015625,0.0107421875,-0.02783203125,-0.009765625,0.047607421875,0.047607421875,0.0322265625,-0.041259765625,-0.02880859375,0.013427734375,-0.0146484375,-0.055908203125,0.048095703125,-0.002197265625,-0.039794921875,-0.001708984375,0.02001953125,-0.038330078125,-0.038330078125,-0.055419921875,0.022705078125,0.036376953125,-0.041259765625,-0.04541015625,0.03564453125,-0.055908203125,-0.070556640625,0.02294921875,0.01806640625,-0.04541015625,-0.04541015625,-0.0302734375,0.056884765625,0.035888671875,-0.07958984375,-0.05517578125,-0.006103515625,-0.056396484375,-0.011962890625,0.03369140625,-0.00390625,-0.058837890625,-0.012451171875,-0.012451171875,0.0380859375,-0.00439453125,-0.0419921875,-0.013671875,-0.0078125,-0.0615234375,0.023193359375,0.041259765625,-0.03466796875,-0.041015625,0.019287109375,0.017578125,-0.04345703125,-0.032958984375,-0.032958984375,0.031005859375,-0.0078125,-0.0751953125,-0.035400390625,0.054443359375,0.0302734375,-0.0234375,0.049560546875,-0.005126953125,-0.074462890625,-0.026123046875,0.050537109375,0.005615234375,-0.06982421875,-0.004638671875,0.050048828125,0.050048828125,-0.027587890625,-0.08447265625,-0.007568359375,0.057861328125,-0.007568359375,-0.05859375,0.02490234375,-0.041015625,-0.05859375,-0.001220703125,0.003662109375,-0.0498046875,-0.025390625,0.04833984375,0.009521484375,-0.0478515625,0.003662109375,0.0537109375,0.0537109375,-0.022216796875,-0.103759765625,-0.0380859375,0.045654296875,0.012939453125,-0.04931640625,0.069580078125,-0.015380859375,-0.07763671875,-0.015625,0.013671875,0.0439453125,-0.047607421875,-0.001953125,0.0478515625,-0.020263671875,-0.040283203125,0.035888671875,0.0185546875,-0.06591796875,-0.065185546875,0.0205078125,0.0234375,0.0234375,-0.06005859375,-0.045654296875,0.032470703125,0.01123046875,-0.05419921875,0.041259765625,0.005615234375,-0.06201171875,-0.001220703125,0.055419921875,-0.015869140625,-0.06689453125,0.001220703125,0.03857421875,-0.05126953125,-0.05126953125,-0.08935546875,0.018798828125,0.056396484375,-0.04296875,0.05224609375,0.055419921875,-0.067138671875,-0.077880859375,0.04150390625,0.029296875,-0.082275390625,-0.06298828125,0.060546875,0.05322265625,-0.058837890625,-0.054443359375,-0.054443359375,0.0361328125,0.019287109375,-0.06494140625,0.0517578125,0.01123046875,-0.07470703125,-0.012939453125,0.07275390625,0.00927734375,-0.06396484375,-0.003173828125,0.041259765625,-0.0419921875,-0.0419921875,-0.07958984375,0.02001953125,-0.03955078125,-0.088134765625,0.02001953125,0.048828125,-0.064208984375,-0.0849609375,0.00244140625,0.030517578125,-0.037353515625,-0.0244140625,0.07373046875,0.07373046875,0.026611328125,-0.107421875,0.00830078125,0.01220703125,-0.04443359375,-0.003662109375,0.074462890625,0.01806640625,-0.069091796875,-0.02197265625,0.0478515625,-0.01318359375,-0.07861328125,-0.07861328125,0.003662109375,0.055908203125,-0.070556640625,0.018798828125,0.03369140625,-0.054931640625,-0.0556640625,0.041015625,0.03759765625,-0.07177734375,-0.073486328125,0.027587890625,0.027587890625,0.012939453125,-0.06591796875,0.07373046875,0.029296875,-0.0810546875,-0.047607421875,0.063232421875,0.012451171875,-0.09521484375,-0.046142578125,0.044189453125,0.004638671875,-0.058837890625,0.00341796875,0.00341796875,0.05126953125,-0.0810546875,0.014892578125,0.05712890625,-0.030029296875,-0.072265625,0.007568359375,0.01611328125,-0.075439453125,-0.062255859375,0.041015625,0.015380859375,0.015380859375,-0.0908203125,-0.042236328125,0.045166015625,-0.0888671875,-0.0625,0.052734375,0.010498046875,-0.107421875,-0.036376953125,0.095703125,0.0390625,-0.0771484375,-0.02099609375,-0.02099609375,0.076171875,-0.01171875,-0.0009765625,0.07080078125,-0.02880859375,-0.0810546875,0.0224609375,0.074951171875,-0.037353515625,-0.07958984375,0.0546875,0.070068359375,-0.076904296875,-0.076904296875,-0.1005859375,0.037109375,-0.072021484375,-0.066650390625,0.055419921875,0.056884765625,-0.059326171875,-0.06201171875,0.046875,0.0244140625,-0.08740234375,-0.04052734375,-0.04052734375,0.0224609375,-0.092041015625,-0.041259765625,0.05224609375,-0.0068359375,-0.08544921875,0.004638671875,0.084228515625,-0.014404296875,-0.078857421875,0.016357421875,0.016357421875,-0.06494140625,-0.0791015625,0.038330078125,0.044189453125,-0.07763671875,-0.076416015625,0.05908203125,0.046875,-0.072265625,-0.0634765625,0.049560546875,0.028564453125,0.028564453125,-0.037109375,0.050048828125,0.001708984375,-0.0849609375,-0.017333984375,0.097412109375,0.0068359375,-0.09912109375,-0.000244140625,0.06640625,-0.039794921875,-0.102294921875,0.011962890625,0.068359375,-0.046875,-0.08837890625,0.033935546875,0.0546875,-0.067138671875,-0.083251953125,0.034912109375,0.051025390625,-0.05419921875,-0.03955078125,0.039794921875,0.00244140625,-0.084228515625,-0.05029296875,0.063232421875,0.01904296875,-0.0908203125,-0.02099609375,0.09765625,0.005615234375,-0.10595703125,-0.00146484375,0.100830078125,-0.013916015625,-0.092529296875,-0.128662109375,0.090087890625,-0.01708984375,-0.1005859375,-0.1005859375,0.104248046875,-0.02294921875,-0.09521484375,0.020263671875,0.04833984375,-0.070556640625,-0.101806640625,0.01611328125,0.05029296875,-0.0458984375,-0.03955078125,0.059814453125,0.00537109375,-0.107177734375,-0.107177734375,0.084716796875,0.003662109375,-0.117919921875,-0.04052734375,0.0771484375,-0.000244140625,-0.102783203125,0.032958984375,-0.001708984375,-0.000244140625,-0.102783203125,0.00830078125,0.078369140625,-0.051025390625,-0.109375,0.016845703125,0.072265625,-0.048095703125,-0.07275390625,0.0615234375,0.063232421875,-0.085205078125,-0.095947265625,0.045166015625,0.052978515625,-0.0830078125,-0.07763671875,0.065673828125,0.0419921875,-0.086669921875,-0.044921875,0.067138671875,0.011474609375,-0.08203125,-0.029052734375,0.0498046875,0.000732421875,-0.06298828125,0.0,0.04248046875,-0.050537109375,-0.078369140625,0.039794921875,0.059814453125,-0.063232421875,-0.057373046875,0.078369140625,0.072998046875,-0.073974609375,-0.096435546875,0.01025390625,0.009521484375,-0.095947265625,-0.057373046875,0.092041015625,0.047607421875,-0.087890625,-0.0380859375,0.076904296875,-0.021728515625,-0.135498046875,-0.037353515625,0.084716796875,-0.004638671875,-0.10546875,0.027099609375,0.12060546875,-0.00927734375,-0.094482421875,-0.0029296875,0.033203125,-0.078369140625,-0.074951171875,0.082763671875,0.094482421875,-0.0556640625,-0.076904296875,0.049072265625,0.021484375,-0.1123046875,-0.065185546875,0.082763671875,0.053955078125,-0.092041015625,-0.068115234375,0.072998046875,0.027099609375,-0.11083984375,-0.0634765625,0.078369140625,0.0283203125,-0.1005859375,-0.02294921875,0.07958984375,-0.03173828125,-0.120849609375,-0.00146484375,0.111083984375,0.007568359375,0.00390625,0.00390625,0.047607421875,-0.072509765625,-0.086669921875,0.07275390625,0.0498046875,-0.054931640625,-0.07275390625,0.062744140625,0.041748046875,-0.098876953125,-0.087158203125,0.041015625,0.021240234375,-0.026123046875,-0.026123046875,0.02392578125,0.02392578125,-0.121826171875,-0.046875,0.072509765625,-0.018310546875,-0.112060546875,-0.007568359375,0.089111328125,-0.033935546875,-0.117919921875,0.037353515625,0.127197265625,-0.102294921875,-0.102294921875,0.023193359375,0.078125,-0.078857421875,-0.1181640625,0.05224609375,0.076171875,-0.074951171875,-0.054931640625,0.082275390625,0.0185546875,-0.120361328125,0.109619140625,-0.013916015625,-0.013916015625,-0.150634765625,-0.03857421875,0.08447265625,-0.029541015625,-0.115478515625,0.0283203125,0.119384765625,-0.027099609375,-0.1171875,0.01318359375,0.07373046875,-0.05126953125,0.0283203125,0.02978515625,0.02978515625,-0.073974609375,-0.05908203125,0.070556640625,0.04443359375,-0.030517578125,0.0859375,0.0859375,0.030517578125,-0.10888671875,-0.05615234375,0.082275390625,-0.00244140625,-0.141845703125,-0.03759765625,0.0927734375,-0.007568359375,-0.097900390625,0.02099609375,-0.014892578125,-0.1328125,-0.0244140625,-0.0244140625,0.058837890625,-0.067626953125,-0.121337890625,0.0478515625,0.11474609375,-0.04638671875,-0.073974609375,0.06103515625,0.05810546875,-0.086669921875,-0.0888671875,0.054931640625,0.031494140625,-0.099365234375,-0.039794921875,0.10546875,0.039794921875,-0.10888671875,-0.0400390625,0.09423828125,-0.1376953125,-0.092529296875,-0.028076171875,0.086181640625,-0.018310546875,-0.12109375,-0.018310546875,0.07861328125,-0.0146484375,-0.06884765625,0.025634765625,-0.08154296875,-0.095458984375,0.047607421875,0.067138671875,0.067138671875,-0.05517578125,-0.046142578125,0.0703125,0.01904296875,-0.124267578125,-0.06201171875,0.0947265625,0.062744140625,-0.082763671875,-0.046875,0.010009765625,-0.087158203125,-0.026123046875,-0.026123046875,0.046142578125,-0.029541015625,-0.106689453125,-0.012451171875,0.0830078125,-0.02001953125,-0.073974609375,0.026123046875,0.058349609375,-0.069091796875,-0.090576171875,0.03515625,-0.066162109375,-0.07861328125,0.02783203125,0.032958984375,0.032958984375,-0.0390625,-0.012451171875,0.05029296875,-0.005126953125,-0.089111328125,-0.01513671875,0.05810546875,-0.0224609375,-0.07421875,0.01318359375,0.06591796875,-0.037841796875,0.01123046875,0.07177734375,-0.013916015625,-0.069580078125,-0.069580078125,0.002685546875,0.037109375,-0.0712890625,-0.081298828125,0.0283203125,0.044677734375,-0.048095703125,-0.0419921875,0.033935546875,-0.0615234375,0.0,0.080078125,0.00048828125,-0.0966796875,-0.048828125,-0.048828125,0.033935546875,-0.002685546875,-0.07421875,0.0087890625,0.113037109375,0.010498046875,-0.113525390625,-0.046875,0.045654296875,-0.003662109375,-0.075927734375,-0.030029296875,0.0322265625,-0.0078125,-0.031982421875,0.020263671875,-0.0439453125,-0.044189453125,0.0205078125,-0.00927734375,-0.00927734375,-0.0732421875,-0.02880859375,0.04052734375,-0.008056640625,-0.077392578125,0.003662109375,0.0166015625,-0.063232421875,-0.046142578125,0.017822265625,-0.006591796875,-0.006591796875,-0.05908203125,-0.002197265625,0.046630859375,0.007568359375,-0.031982421875,-0.041259765625,0.00244140625,-0.021728515625,0.041015625,0.026611328125,-0.042724609375,-0.053955078125,-0.020751953125,-0.020751953125,-0.009033203125,-0.0341796875,-0.01123046875,0.048583984375,0.025390625,-0.04736328125,-0.047119140625,-0.00146484375,-0.05859375,-0.036376953125,0.01416015625,0.026611328125,0.026611328125,-0.00927734375,-0.03369140625,0.0107421875,0.0068359375,-0.054443359375,-0.03662109375,-0.009521484375,0.0126953125,0.0185546875,-0.002197265625,-0.02294921875,-0.03466796875,-0.03466796875,-0.01171875,-0.02734375,-0.057861328125,-0.009521484375,0.01318359375,-0.010009765625,-0.02880859375,0.046142578125,0.024658203125,-0.052001953125,-0.066650390625,-0.012451171875,-0.0048828125,-0.0048828125,-0.045654296875,-0.019287109375,0.045654296875,0.042236328125,-0.006103515625,-0.028564453125,-0.022216796875,-0.033203125,-0.031005859375,-0.02099609375,-0.002685546875,0.025390625,0.026123046875,0.026123046875,0.008056640625,-0.01708984375,-0.03515625,-0.029052734375,-0.03857421875,-0.057373046875,0.0078125,0.0107421875,-0.01025390625,-0.015625,0.02880859375,0.0185546875,-0.023681640625,-0.023681640625,-0.0546875,-0.05029296875,-0.00732421875,-0.020263671875,-0.01708984375,0.02001953125,0.02978515625,0.004638671875,-0.0322265625,-0.00927734375,-0.03125,-0.04443359375,-0.0048828125,0.0341796875,-0.014404296875,0.018798828125,-0.016357421875,-0.020263671875,-0.03173828125,-0.028564453125,-0.010009765625,0.00927734375,0.007080078125,-0.01708984375,-0.017822265625,-0.01513671875,-0.041259765625,-0.0263671875,-0.011474609375,-0.008544921875,0.01025390625,0.01025390625,0.01123046875,0.008544921875,-0.019775390625,-0.029052734375,-0.031005859375,-0.012451171875,-0.015869140625,-0.0244140625,0.000244140625,-0.010498046875,-0.025634765625,-0.03369140625,0.028564453125,0.014404296875,-0.029541015625,-0.040283203125,-0.027099609375,-0.005859375,-0.033447265625,-0.01318359375,0.034912109375,0.00439453125,-0.0341796875,-0.021240234375,-0.021240234375,-0.015380859375,-0.0341796875,-0.010498046875,0.0078125,0.0078125,-0.010986328125,0.01806640625,0.0078125,-0.03955078125,-0.042236328125,0.016357421875,0.015380859375,-0.012939453125,-0.01416015625,-0.01416015625,-0.002685546875,-0.013671875,-0.035400390625,-0.005859375,0.037353515625,0.009765625,-0.010009765625,-0.0556640625,-0.060791015625,-0.0322265625,0.00634765625,0.007568359375,-0.00146484375,-0.010986328125,-0.022216796875,-0.032958984375,-0.040771484375,-0.040771484375,0.02490234375,0.000732421875,0.000732421875,-0.04736328125,-0.041748046875,-0.00244140625,-0.02490234375,-0.028076171875,0.005859375,0.005859375,0.002197265625,-0.015869140625,-0.0283203125,-0.03173828125,-0.025390625,0.020751953125,-0.01220703125,0.00830078125,0.03125,-0.005615234375,-0.0419921875,-0.053955078125,-0.014892578125,0.0224609375,0.00634765625,-0.007568359375,-0.03125,0.0009765625,-0.0126953125,-0.05126953125,-0.00830078125,0.010009765625,0.00146484375,0.036376953125,-0.00830078125,-0.041748046875,-0.005859375,-0.031005859375,-0.010009765625,-0.009765625,-0.020751953125,0.000244140625,-0.016357421875,-0.0244140625,-0.025146484375,-0.010009765625,0.0048828125,0.0048828125,0.00927734375,0.00927734375,-0.034423828125,-0.034423828125,-0.049072265625,-0.04248046875,-0.013671875,0.03564453125,-0.017333984375,0.0009765625,-0.068115234375,-0.008544921875,-0.05322265625,-0.05322265625,0.044677734375,-0.031982421875,-0.031982421875,0.0625,-0.043212890625,0.07275390625,-0.09375,0.0185546875,0.009033203125,-0.103271484375,0.057861328125,0.0009765625,-0.05712890625,0.039306640625,-0.006103515625,-0.01318359375,0.007080078125,-0.029541015625,-0.029296875,-0.009521484375,-0.011474609375,-0.02880859375,0.018310546875,0.020751953125,-0.005859375,-0.001708984375,-0.053955078125,-0.055419921875,-0.015625,-0.019775390625,-0.002197265625,0.01806640625,0.0234375,0.00732421875,-0.026123046875,-0.02392578125,-0.026611328125,-0.031494140625,-0.039794921875,-0.069580078125,-0.045654296875,-0.045654296875,-0.002197265625,0.016845703125,0.056640625,0.070556640625,0.052734375,0.030029296875,-0.023193359375,-0.062255859375,-0.059814453125,-0.04541015625,-0.02392578125,-0.015380859375,-0.015380859375,-0.002685546875,0.010498046875,0.0224609375,0.0234375,-0.009765625,-0.052978515625,-0.072265625,-0.033447265625,0.045654296875,0.068603515625,-0.00048828125,-0.0771484375,-0.086181640625,-0.006591796875,-0.02587890625,-0.007080078125,0.017578125,-0.010986328125,0.06005859375,0.01025390625,-0.03759765625,0.0234375,0.039306640625,-0.049560546875,-0.0478515625,-0.021728515625,-0.069091796875,-0.02001953125,0.01904296875,-0.064208984375,-0.02880859375,0.0751953125,0.0380859375,0.0009765625,0.0009765625,-0.034423828125,-0.034423828125,-0.052001953125,-0.01708984375,-0.0283203125,-0.011474609375,0.061279296875,-0.04736328125,-0.050048828125,-0.027099609375,-0.008056640625,-0.003173828125,-0.0009765625,0.0068359375,0.004638671875,0.009033203125,-0.034912109375,-0.037841796875,0.0029296875,0.023193359375,-0.01611328125,-0.01025390625,-0.0224609375,-0.043701171875,-0.02294921875,-0.02783203125,-0.029296875,0.018310546875,0.059326171875,0.003662109375,-0.046875,-0.0478515625,-0.041259765625,-0.00634765625,0.0146484375,-0.028076171875,-0.05712890625,-0.03466796875,-0.0458984375,-0.0458984375,0.03125,0.029052734375,-0.02685546875,-0.03125,-0.024169921875,0.01318359375,0.01318359375,-0.047119140625,-0.078369140625,-0.024658203125,0.0341796875,0.02099609375,0.02099609375,-0.054443359375,-0.04443359375,0.00537109375,0.013671875,0.0166015625,0.0546875,0.03173828125,-0.052978515625,-0.085693359375,-0.03857421875,0.025390625,0.057373046875,0.014404296875,-0.044189453125,-0.021240234375,0.024658203125,-0.007080078125,-0.0634765625,-0.037353515625,0.052001953125,0.072509765625,-0.03759765625,-0.10693359375,-0.001708984375,0.10693359375,0.02294921875,-0.113037109375,-0.058349609375,0.0576171875,-0.001708984375,-0.1337890625,-0.080078125,0.099853515625,0.0966796875,-0.084228515625,-0.09619140625,0.07080078125,0.0478515625,-0.121337890625,-0.090087890625,0.0693359375,0.044677734375,-0.12646484375,-0.114990234375,0.056884765625,0.059326171875,-0.082763671875,-0.0478515625,0.10107421875,0.045166015625,-0.103271484375,-0.081298828125,0.04638671875,0.030517578125,-0.07275390625,-0.04345703125,0.0673828125,0.074462890625,-0.03662109375,-0.049560546875,0.046142578125,0.04345703125,-0.0439453125,-0.044921875,0.01416015625,0.009765625,-0.02685546875,-0.033935546875,-0.009033203125,0.029541015625,0.03564453125,-0.008544921875,-0.01904296875,0.00732421875,0.000732421875,-0.044677734375,-0.074951171875,-0.052001953125,-0.006103515625,0.00341796875,-0.041748046875,-0.031494140625,0.052978515625,0.064453125,-0.026123046875,-0.0556640625,0.019775390625,0.000732421875,-0.099365234375,-0.09375,0.001220703125,0.031494140625,-0.055419921875,-0.059326171875,0.066162109375,0.0625,-0.05322265625,-0.043212890625,0.041015625,0.011962890625,-0.08349609375,-0.064208984375,0.026611328125,-0.00732421875,-0.088623046875,-0.025390625,0.07958984375,0.035400390625,-0.0654296875,-0.021240234375,0.067626953125,0.017822265625,-0.086181640625,-0.05322265625,0.033203125,-0.001220703125,-0.067626953125,-0.005859375,0.086181640625,0.029052734375,-0.037353515625,0.009033203125,0.021484375,-0.0234375,-0.0234375,0.0,-0.029296875,-0.092041015625,-0.030029296875,0.085693359375,0.031494140625,-0.079345703125,-0.041748046875,0.075439453125,0.04736328125,-0.105224609375,-0.100341796875,0.0498046875,0.05419921875,-0.116455078125,-0.10791015625,0.0908203125,0.0908203125,-0.0810546875,-0.083984375,0.06787109375,0.068115234375,-0.08740234375,-0.094970703125,0.040771484375,0.012939453125,-0.089599609375,-0.03662109375,0.052490234375,-0.054443359375,-0.054443359375,0.0341796875,0.069091796875,-0.05078125,-0.080322265625,0.01904296875,0.023193359375,-0.089599609375,-0.0849609375,0.031005859375,0.043701171875,-0.027587890625,0.046875,0.046875,0.001708984375,-0.06494140625,-0.017333984375,0.035888671875,-0.03955078125,-0.105712890625,-0.021728515625,0.063720703125,0.00830078125,-0.039306640625,0.063232421875,0.063232421875,-0.026123046875,-0.066162109375,0.02197265625,0.05224609375,-0.057861328125,-0.089111328125,0.017578125,0.024169921875,-0.066162109375,-0.032958984375,0.07861328125,-0.06640625,-0.06640625,-0.0439453125,0.041259765625,-0.03125,-0.118408203125,-0.024658203125,0.059814453125,-0.021240234375,-0.085205078125,0.001220703125,0.068115234375,-0.016357421875,0.00537109375,0.05126953125,0.05126953125,-0.04833984375,-0.0849609375,0.017578125,0.04541015625,-0.064208984375,-0.06298828125,0.04296875,0.050048828125,-0.0478515625,0.0517578125,0.0166015625,0.0166015625,-0.099365234375,-0.04736328125,0.085205078125,0.01416015625,-0.121826171875,-0.04150390625,0.087158203125,0.0146484375,-0.086181640625,0.0009765625,-0.02392578125,-0.1103515625,-0.1103515625,-0.00341796875,0.07666015625,-0.028076171875,-0.1015625,0.01123046875,0.072509765625,-0.02099609375,-0.0517578125,0.046142578125,0.05517578125,-0.06884765625,-0.079833984375,0.05126953125,0.06494140625,-0.081298828125,-0.087890625,0.04736328125,0.05908203125,-0.049072265625,0.0537109375,0.011962890625,0.011962890625,-0.087646484375,-0.03955078125,0.0546875,-0.00537109375,-0.10302734375,-0.04931640625,0.0322265625,-0.013671875,-0.064453125,0.06103515625,-0.026611328125,-0.082275390625,-0.082275390625,0.013671875,0.064453125,-0.040283203125,-0.08984375,-0.009033203125,0.037109375,-0.03076171875,-0.052001953125,0.0498046875,-0.058837890625,-0.068115234375,0.035888671875,0.035888671875,0.03173828125,-0.062255859375,-0.052001953125,0.02001953125,0.00439453125,-0.047607421875,-0.014892578125,0.061279296875,0.005126953125,-0.00927734375,0.072021484375,-0.0048828125,-0.0048828125,-0.09375,-0.036376953125,0.038818359375,-0.0244140625,-0.082763671875,-0.003173828125,0.090576171875,0.031005859375,-0.002685546875,0.05126953125,-0.0234375,-0.078125,-0.008056640625,-0.008056640625,0.04296875,-0.02392578125,-0.05810546875,0.008056640625,0.03173828125,-0.04931640625,-0.06396484375,0.024169921875,0.037109375,-0.04052734375,-0.04638671875,-0.01318359375,-0.09228515625,-0.04296875,0.046875,0.020263671875,0.020263671875,-0.031494140625,-0.012939453125,0.037841796875,-0.019775390625,-0.084716796875,-0.02490234375,0.025146484375,-0.005615234375,-0.04736328125,0.00244140625,-0.025146484375,-0.04541015625,0.02783203125,0.05078125,-0.030517578125,-0.030517578125,-0.057373046875,0.016845703125,-0.001953125,-0.07763671875,-0.062255859375,0.0341796875,0.038330078125,-0.042724609375,-0.015869140625,0.05712890625,-0.09033203125,-0.027099609375,0.06591796875,0.0,-0.085205078125,-0.02197265625,0.062744140625,0.062744140625,-0.003662109375,-0.086669921875,-0.005126953125,0.09033203125,0.020751953125,-0.06689453125,-0.00244140625,0.043212890625,-0.095703125,-0.01025390625,0.042236328125,-0.03271484375,-0.036865234375,0.06298828125,0.044677734375,0.044677734375,-0.076904296875,-0.066650390625,0.052734375,0.025390625,-0.100830078125,-0.070068359375,0.031982421875,-0.014404296875,-0.008056640625,0.086669921875,0.00830078125,-0.078369140625,-0.007080078125,0.056396484375,-0.018798828125,-0.018798828125,-0.08154296875,-0.015380859375,0.025634765625,-0.040283203125,-0.0537109375,0.039794921875,0.062255859375,-0.033447265625,0.05224609375,0.03466796875,-0.06884765625,-0.06494140625,0.021728515625,-0.003173828125,-0.10400390625,-0.10400390625,-0.043701171875,0.075439453125,0.032470703125,-0.05224609375,-0.00732421875,0.05419921875,-0.0205078125,-0.09033203125,0.048095703125,-0.04931640625,-0.105224609375,-0.001220703125,0.05322265625,-0.017822265625,-0.0263671875,-0.0263671875,0.063720703125,0.065673828125,-0.057373046875,-0.079345703125,0.018798828125,0.02880859375,-0.057861328125,0.0400390625,0.041015625,-0.057861328125,-0.048095703125,0.043212890625,0.03173828125,-0.07568359375,-0.0576171875,-0.0576171875,0.047119140625,-0.010009765625,-0.10986328125,-0.03466796875,0.064453125,0.0029296875,-0.064453125,0.05224609375,-0.03125,-0.089111328125,0.00439453125,0.06103515625,-0.02197265625,-0.06298828125,0.010986328125,0.010986328125,0.037353515625,-0.034912109375,0.009033203125,0.0322265625,-0.017333984375,-0.0302734375,-0.03369140625,0.0224609375,-0.08251953125,-0.08251953125,-0.066162109375,0.03515625,-0.01904296875,-0.02978515625,0.045654296875,0.0263671875,-0.0244140625,-0.0830078125,-0.013427734375,0.067626953125,0.00732421875,-0.04296875,0.031494140625,0.015625,-0.041015625,-0.006591796875,0.05712890625,0.0087890625,-0.0537109375,-0.011474609375,0.035888671875,-0.03076171875,-0.06982421875,-0.009033203125,-0.009033203125,0.024169921875,-0.007568359375,-0.04443359375,-0.011962890625,0.009033203125,-0.0302734375,-0.018798828125,0.0419921875,-0.05224609375,-0.083251953125,-0.02880859375,-0.019775390625,-0.040771484375,0.00830078125,0.042724609375,0.005859375,-0.033447265625,-0.01953125,-0.01953125,0.020263671875,-0.00048828125,-0.03369140625,-0.012451171875,0.000732421875,-0.02978515625,0.01513671875,0.023193359375,-0.00634765625,-0.033203125,0.010009765625,0.02392578125,-0.035888671875,-0.0390625,-0.0390625,0.00390625,-0.01025390625,-0.066162109375,-0.037109375,0.04150390625,0.01953125,-0.0234375,0.023193359375,0.00390625,-0.046142578125,-0.025146484375,0.003662109375,-0.034423828125,-0.068115234375,-0.014892578125,0.05224609375,0.027099609375,-0.03173828125,-0.010986328125,0.0244140625,0.0244140625,-0.011474609375,-0.0302734375,-0.004150390625,0.018798828125,-0.048583984375,-0.019287109375,0.01171875,-0.01416015625,-0.01904296875,0.02734375,0.030517578125,-0.02392578125,-0.03515625,-0.001953125,-0.035888671875,-0.073974609375,-0.02587890625,-0.02587890625,-0.008056640625,-0.05859375,-0.01123046875,0.01513671875,-0.02001953125,-0.052001953125,-0.052001953125,0.0380859375,-0.002197265625,-0.030029296875,-0.0107421875,-0.00732421875,-0.044677734375,-0.033203125,0.033935546875,0.033935546875,0.051513671875,0.006591796875,-0.022216796875,-0.025634765625,-0.068359375,-0.024658203125,0.043701171875,0.02587890625,-0.041748046875,-0.04296875,0.008544921875,-0.009521484375,-0.0576171875,-0.015625,-0.015625,0.04833984375,0.029296875,-0.033447265625,-0.032958984375,-0.00439453125,-0.0556640625,-0.00732421875,0.03857421875,0.016845703125,-0.015380859375,-0.008544921875,-0.002197265625,-0.031982421875,-0.03271484375,0.023193359375,0.025390625,-0.020751953125,-0.020751953125,-0.029541015625,-0.000244140625,-0.0439453125,-0.025634765625,0.00732421875,-0.009521484375,-0.040771484375,-0.010986328125,0.011474609375,-0.0234375,-0.041259765625,-0.01220703125,0.009033203125,0.009033203125,-0.020263671875,-0.02880859375,0.012451171875,-0.0341796875,-0.044677734375,0.00634765625,0.014404296875,-0.03857421875,-0.027099609375,0.04638671875,0.032470703125,-0.042236328125,-0.033447265625,-0.033447265625,0.018310546875,-0.04345703125,-0.01171875,0.0234375,-0.021240234375,-0.068115234375,-0.023193359375,0.032470703125,0.032470703125,0.00244140625,-0.003173828125,0.052490234375,-0.025634765625,-0.088623046875,-0.01611328125,0.018798828125,-0.044677734375,-0.0830078125,-0.000244140625,-0.000244140625,0.068359375,-0.033935546875,0.01025390625,0.03076171875,-0.0380859375,-0.05419921875,0.025390625,0.03955078125,-0.05517578125,-0.05517578125,0.002197265625,0.022216796875,-0.03271484375,-0.030029296875,0.03955078125,0.050048828125,-0.03271484375,-0.071533203125,-0.00439453125,-0.00439453125,-0.072998046875,-0.078369140625,0.0224609375,0.03759765625,-0.021484375,-0.032958984375,0.010009765625,0.013916015625,-0.029296875,-0.01904296875,-0.01904296875,0.00244140625,-0.064453125,-0.056884765625,-0.00927734375,0.004638671875,0.0068359375,0.0263671875,0.02197265625,0.02197265625,-0.015625,0.000732421875,0.010986328125,-0.023193359375,-0.03125,-0.01025390625,-0.01708984375,-0.046630859375,-0.0302734375,-0.0302734375,-0.00439453125,-0.031494140625,0.009521484375,0.05126953125,0.0009765625,-0.063232421875,-0.010498046875,-0.046142578125,-0.039306640625,-0.046875,-0.046875,0.0625,-0.0118408203125,0.009521484375,-0.05419921875,0.031494140625,-0.03076171875,-0.014404296875,-0.000732421875,0.007568359375,-0.03466796875,-0.059326171875,-0.009765625,0.01806640625,-0.021484375,-0.02685546875,0.0322265625,0.032470703125,-0.03466796875,-0.03662109375,0.00390625,-0.014404296875,-0.056396484375,-0.056396484375,0.003662109375,0.008544921875,-0.02392578125,-0.0185546875,0.002197265625,-0.014892578125,-0.030029296875,0.004150390625,0.01708984375,-0.02197265625,-0.035888671875,-0.004638671875,0.01171875,-0.01513671875,-0.01513671875,-0.023193359375,0.0205078125,0.005126953125,-0.00048828125,0.017578125,-0.027099609375,-0.083740234375,-0.061767578125,-0.008544921875,-0.01220703125,-0.029296875,0.01416015625,0.052490234375,0.00537109375,-0.04638671875,-0.009765625,0.024169921875,-0.02392578125,-0.02392578125,-0.015380859375,-0.00048828125,-0.056884765625,-0.0693359375,-0.009521484375,0.044677734375,0.016357421875,-0.022216796875,0.012939453125,0.016357421875,-0.045166015625,-0.0712890625,-0.01513671875,0.024658203125,0.024658203125,-0.0107421875,0.02001953125,0.01220703125,-0.029296875,-0.0029296875,0.04296875,0.0087890625,-0.0517578125,-0.04638671875,-0.025146484375,-0.05859375,-0.06494140625,0.01123046875,0.075927734375,0.0390625,-0.02197265625,0.0087890625,-0.019287109375,-0.027099609375,-0.029296875,0.00830078125,0.00927734375,-0.04443359375,-0.057373046875,0.010009765625,0.04248046875,0.000244140625,-0.004150390625,0.03173828125,0.003173828125,0.003173828125,-0.04248046875,0.015625,-0.013427734375,-0.072509765625,-0.0123291015625,0.038818359375,0.025634765625,-0.01318359375,-0.0166015625,0.017333984375,-0.037353515625,-0.072509765625,-0.020751953125,0.018798828125,-0.019775390625,-0.058837890625,-0.031982421875,0.011962890625,-0.01220703125,-0.029296875,0.031494140625,0.00732421875,0.06298828125,-0.0498046875,-0.0078125,0.017333984375,-0.042236328125,-0.040283203125,-0.018310546875,0.025634765625,-0.005615234375,-0.015380859375,0.0263671875,0.0185546875,-0.0419921875,-0.042236328125,0.01025390625,0.014892578125,-0.026123046875,-0.02392578125,0.01123046875,-0.005859375,-0.061279296875,-0.037841796875,0.030029296875,0.01806640625,-0.016845703125,-0.010986328125,0.007568359375,-0.03125,-0.040771484375,-0.0810546875,0.02294921875,0.00244140625,-0.037109375,-0.007568359375,0.03173828125,0.03662109375,0.01708984375,-0.00537109375,0.00244140625,-0.02783203125,-0.046630859375,0.005859375,0.010986328125,-0.046142578125,-0.03271484375,0.00341796875,-0.034423828125,-0.02001953125,-0.03955078125,0.056640625,0.012939453125,-0.053955078125,-0.027587890625,0.03955078125,-0.07763671875,-0.037109375,-0.070068359375,-0.00830078125,0.006591796875,0.007080078125,0.041748046875,0.053955078125,-0.015380859375,-0.093505859375,-0.065185546875,0.003662109375,0.017822265625,-0.00341796875,0.01025390625,-0.005615234375,-0.0517578125,-0.044189453125,0.020263671875,0.052490234375,0.00732421875,-0.02294921875,-0.00634765625,-0.021240234375,-0.053955078125,-0.057861328125,-0.028564453125,-0.022216796875,-0.01123046875,0.01416015625,0.03076171875,0.015869140625,-0.014892578125,-0.015869140625,-0.0166015625,-0.027099609375,0.002197265625,0.0224609375,-0.02197265625,-0.055419921875,-0.017333984375,0.044921875,0.03857421875,-0.0546875,-0.101318359375,0.01123046875,0.0712890625,-0.0400390625,-0.07421875,0.005859375,0.0087890625,-0.057861328125,-0.04296875,0.05419921875,0.063232421875,-0.0478515625,-0.078857421875,0.01904296875,0.02783203125,-0.05419921875,-0.0556640625,-0.007568359375,-0.0244140625,-0.046142578125,0.00732421875,0.065185546875,0.043212890625,-0.04345703125,-0.060302734375,0.01953125,0.041015625,-0.0166015625,-0.03759765625,-0.02783203125,-0.02734375,-0.023681640625,-0.00146484375,0.02001953125,0.021484375,0.013427734375,-0.016357421875,-0.064697265625,-0.0693359375,-0.014404296875,0.009765625,-0.040283203125,-0.0625,-0.0087890625,0.023681640625,-0.017822265625,-0.035400390625,0.0302734375,0.053955078125,-0.024169921875,-0.088134765625,-0.036376953125,0.034423828125,-0.0029296875,-0.0771484375,-0.0498046875,0.023681640625,0.042724609375,0.02978515625,0.027587890625,0.03662109375,0.01025390625,-0.056396484375,-0.107666015625,0.05908203125,0.04736328125,0.04736328125,-0.057373046875,-0.084716796875,0.003662109375,0.0947265625,0.06201171875,-0.031494140625,-0.032958984375,-0.001708984375,-0.002197265625,-0.000244140625,-0.03369140625,-0.025146484375,-0.032958984375,-0.0546875,-0.05615234375,0.052490234375,0.09619140625,0.046875,-0.029541015625,-0.112548828125,-0.04443359375,0.0791015625,0.023681640625,-0.0390625,-0.04052734375,-0.077880859375,-0.04150390625,0.01123046875,-0.031494140625,-0.0390625,0.024169921875,-0.0009765625,-0.019287109375,0.011474609375,-0.03466796875,-0.043701171875,-0.02978515625,-0.0400390625,-0.017822265625,0.014892578125,0.028076171875,0.028564453125,-0.013671875,-0.075927734375,-0.045654296875,0.0185546875,0.002685546875,-0.0087890625,-0.006103515625,-0.02392578125,0.00732421875,0.018798828125,-0.021728515625,0.00927734375,0.010009765625,-0.01220703125,-0.005126953125,-0.03564453125,0.005859375,0.0732421875,-0.0107421875,-0.0634765625,-0.03662109375,-0.046875,0.0400390625,0.085205078125,-0.062744140625,-0.06591796875,0.021240234375,-0.056884765625,-0.052001953125,0.04541015625,-0.007568359375,-0.02197265625,0.047607421875,0.004638671875,-0.03759765625,-0.015869140625,-0.03662109375,-0.034423828125,0.0,-0.033935546875,-0.046142578125,-0.00927734375,-0.00341796875,-0.01123046875,-0.025146484375,-0.032958984375,-0.001953125,0.0244140625,0.0068359375,-0.013916015625,-0.023681640625,-0.03076171875,-0.0390625,-0.055419921875,-0.052978515625,0.0048828125,0.0146484375,0.008544921875,0.002685546875,0.014404296875,0.013427734375,0.015380859375,-0.0146484375,-0.00830078125,0.013916015625,0.00048828125,-0.017822265625,-0.021484375,-0.026611328125,-0.031005859375,-0.0380859375,-0.0380859375,-0.039794921875,-0.0009765625,0.0205078125,0.005126953125,-0.02197265625,-0.037109375,0.001220703125,0.0478515625,0.036376953125,-0.01611328125,-0.030029296875,-0.02685546875,-0.0751953125,-0.077392578125,-0.015625,-0.015869140625,0.02001953125,-0.03662109375,-0.056884765625,0.06494140625,0.02392578125,-0.036865234375,0.04736328125,-0.048828125,-0.000732421875,0.019287109375,0.0224609375,-0.113525390625,0.01904296875,-0.03515625,-0.044189453125,-0.00634765625,-0.0673828125,0.0234375,0.008544921875,0.003173828125,-0.02880859375,-0.025634765625,0.032958984375,0.00732421875,0.018798828125,-0.0029296875,0.001220703125,-0.0673828125,-0.05908203125,-0.0595703125,-0.041748046875,0.0048828125,0.01708984375,-0.001708984375,0.0224609375,0.041015625,0.038818359375,0.00244140625,-0.023193359375,-0.02587890625,-0.022705078125,-0.045654296875,-0.00048828125,0.011962890625,0.03271484375,0.054443359375,-0.01708984375,-0.0556640625,-0.041015625,-0.047119140625,-0.02099609375,0.01806640625,0.005615234375,-0.002685546875,0.01171875,-0.027587890625,-0.013916015625,0.025390625,0.02587890625,-0.003662109375,-0.054931640625,-0.043701171875,-0.05810546875,-0.00732421875,0.038818359375,0.013427734375,0.01611328125,-0.048095703125,-0.0498046875,-0.04736328125,-0.082763671875,-0.0283203125,0.025146484375,0.04931640625,0.03271484375,-0.012939453125,-0.0283203125,-0.00537109375,0.001220703125,0.001220703125,-0.047119140625,-0.073974609375,-0.015380859375,-0.00634765625,-0.0556640625,-0.06005859375,-0.06005859375,-0.004638671875,0.01416015625,-0.01513671875,-0.023681640625,0.009033203125,0.032470703125,-0.028564453125,-0.03662109375,-0.003662109375,0.02783203125,-0.013916015625,0.014404296875,-0.01171875,-0.0634765625,-0.04443359375,-0.014404296875,-0.040283203125,0.041748046875,0.073486328125,0.052001953125,-0.017578125,-0.037841796875,-0.01416015625,-0.002197265625,-0.02099609375,-0.005126953125,0.010986328125,-0.010009765625,-0.014892578125,-0.012451171875,-0.03759765625,-0.02783203125,-0.009033203125,0.007568359375,-0.013427734375,-0.026611328125,-0.030029296875,-0.015380859375,-0.001953125,-0.022216796875,-0.01171875,0.02734375,0.02880859375,-0.023193359375,-0.05029296875,-0.0517578125,-0.047119140625,-0.043701171875,-0.044189453125,-0.0263671875,-0.016357421875,0.024658203125,-0.009765625,-0.01953125,-0.044921875,-0.015625,-0.034912109375,-0.03125,-0.032470703125,0.011962890625,0.0361328125,0.02880859375,-0.0224609375,-0.046875,-0.029052734375,-0.01318359375,0.00634765625,-0.001220703125,0.015625,-0.01025390625,-0.012451171875,-0.00048828125,-0.016357421875,0.01611328125,0.0654296875,-0.017822265625,-0.055419921875,-0.04541015625,0.014404296875,-0.009765625,-0.0302734375,0.02978515625,0.0205078125,-0.03271484375,-0.014404296875,-0.0029296875,-0.055908203125,-0.05908203125,-0.02197265625,0.009033203125,-0.007568359375,-0.007568359375,-0.006591796875,0.025146484375,0.01416015625,-0.05029296875,-0.060546875,-0.03466796875,-0.00146484375,-0.010498046875,-0.041748046875,-0.001953125,-0.015869140625,-0.02001953125,-0.005859375,0.01171875,-0.01416015625,-0.0341796875,-0.0341796875,-0.00732421875,-0.007568359375,-0.05712890625,-0.00244140625,0.0390625,-0.00732421875,-0.0068359375,0.0322265625,0.01904296875,-0.04736328125,-0.08642578125,-0.08642578125,-0.020751953125,0.009765625,0.00146484375,0.036865234375,0.022705078125,-0.014404296875,-0.0126953125,0.0126953125,-0.01806640625,-0.032470703125,-0.006591796875,0.005859375,0.005859375,-0.04443359375,-0.031494140625,0.031982421875,0.000732421875,-0.06298828125,0.00927734375,0.07080078125,0.07080078125,-0.01025390625,-0.086181640625,-0.025634765625,-0.03173828125,-0.077392578125,-0.00244140625,0.039794921875,-0.013671875,-0.013916015625,0.017578125,0.017578125,-0.0087890625,-0.042236328125,0.006103515625,-0.013671875,-0.04052734375,0.015380859375,0.0712890625,-0.01611328125,-0.105224609375,-0.105224609375,-0.010986328125,-0.030517578125,-0.07421875,-0.009033203125,0.05029296875,-0.012939453125,-0.07861328125,0.00146484375,0.049560546875,0.049560546875,-0.057861328125,0.00341796875,0.0048828125,-0.0478515625,-0.03564453125,0.018798828125,-0.011474609375,-0.06689453125,-0.06689453125,0.073486328125,0.009765625,-0.07568359375,-0.0380859375,0.057861328125,-0.010498046875,-0.1220703125,-0.01904296875,-0.01904296875,0.0166015625,-0.10009765625,-0.03271484375,0.068603515625,0.00537109375,-0.055908203125,-0.008056640625,0.049560546875,0.049560546875,-0.103515625,-0.0107421875,0.052001953125,-0.037841796875,-0.076171875,0.03857421875,0.07763671875,-0.069091796875,-0.069091796875,0.08056640625,0.082275390625,-0.08056640625,-0.119140625,0.04638671875,0.079833984375,-0.086669921875,-0.09619140625,-0.09619140625,0.10302734375,-0.0869140625,-0.098388671875,0.0771484375,0.052734375,-0.097900390625,-0.05419921875,0.06640625,0.06640625,-0.139404296875,-0.048828125,0.115234375,0.027099609375,-0.145263671875,-0.03271484375,0.111328125,-0.01708984375,-0.01708984375,-0.0126953125,0.09521484375,-0.030517578125,-0.153076171875,-0.005126953125,0.10888671875,-0.010986328125,-0.0966796875,-0.0966796875,0.090087890625,-0.07763671875,-0.11962890625,0.060302734375,0.09521484375,-0.09033203125,-0.118896484375,0.0810546875,0.0810546875,-0.10205078125,-0.08935546875,0.108154296875,0.08349609375,-0.12158203125,-0.09228515625,0.10302734375,0.05712890625,0.05712890625,-0.080322265625,0.110107421875,0.020263671875,-0.137451171875,-0.010498046875,0.135009765625,-0.0009765625,-0.154296875,-0.154296875,0.12890625,-0.025390625,-0.140380859375,0.029541015625,0.135009765625,-0.062255859375,-0.16015625,0.052001953125,0.130859375,-0.0712890625,-0.142822265625,0.063232421875,0.125732421875,-0.103759765625,-0.170654296875,0.042236328125,0.09423828125,-0.094970703125,-0.10302734375,0.100341796875,0.090576171875,-0.130615234375,-0.116943359375,0.08056640625,0.051025390625,-0.126953125,-0.068359375,0.1044921875,0.043212890625,-0.151123046875,-0.076416015625,0.126220703125,0.059814453125,-0.14697265625,-0.06298828125,0.15966796875,0.05712890625,-0.1630859375,-0.04150390625,0.133056640625,-0.0009765625,-0.15625,0.004150390625,0.153076171875,-0.010498046875,-0.129638671875,0.01611328125,0.12548828125,-0.02783203125,-0.13134765625,0.01171875,0.081787109375,-0.109619140625,-0.169677734375,0.072509765625,0.138671875,-0.08203125,-0.098876953125,0.103271484375,0.09033203125,-0.122802734375,-0.11767578125,0.074462890625,0.058837890625,-0.128173828125,-0.078369140625,0.103515625,0.05712890625,-0.1025390625,-0.043701171875,0.09375,0.01416015625,-0.103515625,-0.005126953125,0.0849609375,-0.037353515625,-0.12841796875,-0.001220703125,0.090087890625,-0.04736328125,-0.1005859375,0.040771484375,0.07470703125,-0.088134765625,-0.1328125,0.046142578125,0.106201171875,-0.071533203125,-0.125732421875,0.02783203125,0.064453125,-0.0712890625,-0.053955078125,0.101318359375,0.071044921875,-0.10595703125,-0.075439453125,0.06884765625,0.008544921875,-0.109619140625,-0.015380859375,0.099853515625,-0.005859375,-0.118408203125,0.011962890625,0.125244140625,-0.007568359375,-0.112548828125,0.00048828125,0.072021484375,-0.067138671875,-0.123291015625,0.023193359375,0.076416015625,-0.06396484375,-0.097900390625,0.08935546875,0.08935546875,-0.0810546875,-0.094970703125,0.056396484375,0.045166015625,-0.08740234375,-0.0615234375,0.080322265625,-0.10595703125,-0.10595703125,-0.060546875,0.09814453125,0.04443359375,-0.098876953125,-0.034912109375,0.088623046875,0.010009765625,-0.0478515625,-0.0478515625,0.092529296875,-0.0146484375,-0.111572265625,0.007568359375,0.083740234375,-0.02490234375,-0.107177734375,0.0673828125,0.0673828125,-0.052978515625,-0.10400390625,0.0322265625,0.096923828125,-0.054931640625,-0.103759765625,0.047607421875,-0.07275390625,-0.07275390625,-0.080322265625,0.062255859375,0.057373046875,-0.08837890625,-0.06982421875,0.062255859375,0.0390625,-0.068603515625,-0.068603515625,0.07470703125,0.05078125,-0.06298828125,-0.02490234375,0.058349609375,-0.003662109375,-0.08154296875,0.03564453125,0.03564453125,-0.0546875,-0.1064453125,0.009765625,0.073974609375,-0.02978515625,-0.05322265625,0.052978515625,-0.06884765625,-0.092041015625,-0.092041015625,0.031494140625,0.05419921875,-0.072998046875,-0.061279296875,0.0576171875,0.051025390625,-0.065673828125,0.05712890625,0.02197265625,0.02197265625,-0.0849609375,-0.029541015625,0.06591796875,-0.01025390625,-0.096923828125,-0.013671875,0.061279296875,-0.0966796875,-0.002685546875,-0.002685546875,0.055908203125,-0.052734375,-0.081787109375,0.0390625,0.082275390625,-0.04833984375,-0.115966796875,0.049560546875,0.049560546875,-0.038818359375,-0.02978515625,0.068359375,0.04296875,-0.080810546875,-0.06640625,0.052734375,0.03857421875,-0.050048828125,0.0712890625,0.0712890625,0.024658203125,-0.10302734375,-0.040771484375,0.093994140625,0.0302734375,-0.0869140625,-0.008056640625,-0.012451171875,-0.10986328125,-0.037109375,0.04931640625,-0.034912109375,-0.034912109375,-0.094482421875,0.0234375,0.076416015625,-0.0576171875,-0.08154296875,0.059326171875,0.092529296875,-0.10546875,0.0009765625,0.0009765625,0.03564453125,-0.060546875,-0.05517578125,0.065185546875,0.067626953125,-0.053955078125,-0.07177734375,0.028564453125,-0.0673828125,-0.04443359375,0.0478515625,0.0478515625,0.001953125,-0.085205078125,-0.027099609375,0.060791015625,-0.00634765625,-0.076171875,-0.006591796875,0.044189453125,-0.06201171875,0.0322265625,0.058349609375,0.058349609375,-0.054931640625,-0.080810546875,0.022705078125,0.042236328125,-0.063232421875,-0.067626953125,0.042724609375,-0.0390625,-0.03125,-0.03125,0.05810546875,0.0185546875,-0.0966796875,-0.0673828125,0.037353515625,0.033447265625,-0.030029296875,0.004638671875,-0.007568359375,-0.1064453125,-0.038818359375,0.044921875,0.044921875,-0.028076171875,-0.087158203125,-0.003662109375,0.065673828125,-0.020751953125,-0.071533203125,0.06103515625,-0.05712890625,-0.07763671875,-0.07763671875,0.023681640625,0.04345703125,-0.058349609375,-0.067626953125,0.03759765625,0.055419921875,-0.07080078125,0.01611328125,0.033203125,0.033203125,-0.03515625,-0.025390625,0.0654296875,0.050048828125,-0.0751953125,0.01953125,-0.001953125,-0.070556640625,-0.070556640625,-0.025146484375,0.071533203125,0.002685546875,-0.07958984375,-0.021728515625,-0.0087890625,-0.083984375,-0.038330078125,-0.038330078125,0.01953125,-0.030517578125,-0.0556640625,0.0283203125,0.094482421875,-0.092041015625,-0.02099609375,0.03271484375,0.03271484375,-0.052490234375,-0.066162109375,0.051025390625,0.0625,-0.049072265625,0.02587890625,0.043212890625,-0.069091796875,-0.069091796875,-0.05078125,0.063232421875,0.030517578125,-0.076904296875,-0.041259765625,-0.015380859375,-0.11083984375,-0.031005859375,-0.031005859375,0.0625,-0.011474609375,-0.070556640625,0.012939453125,0.06884765625,-0.082275390625,0.014892578125,0.03173828125,-0.06982421875,-0.06982421875,-0.06396484375,0.046630859375,0.06787109375,-0.024658203125,-0.051025390625,0.037353515625,-0.052978515625,-0.046630859375,0.042724609375,0.017822265625,-0.0830078125,-0.0830078125,-0.046630859375,0.063232421875,0.02490234375,-0.061767578125,-0.0185546875,0.052734375,-0.0244140625,-0.001220703125,0.05908203125,-0.0390625,-0.0390625,-0.100341796875,-0.006591796875,0.060546875,-0.0224609375,-0.0615234375,0.0361328125,-0.04833984375,-0.070556640625,0.02392578125,0.02392578125,0.056640625,-0.031494140625,-0.04150390625,0.033935546875,0.011474609375,-0.073974609375,-0.036376953125,0.01416015625,-0.08056640625,-0.013916015625,0.0732421875,-0.001220703125,-0.0986328125,-0.0986328125,-0.038818359375,0.0615234375,-0.01513671875,-0.088623046875,0.083251953125,-0.008056640625,-0.094482421875,-0.01904296875,0.07470703125,0.07470703125,-0.02197265625,-0.1025390625,-0.02978515625,0.052978515625,-0.05517578125,0.014892578125,0.053466796875,-0.021240234375,-0.05859375,0.01513671875,0.02685546875,0.02685546875,-0.05224609375,-0.050537109375,0.0244140625,0.01171875,-0.04296875,-0.015869140625,0.001708984375,-0.06396484375,-0.029541015625,0.030029296875,-0.00537109375,-0.00537109375,-0.061767578125,-0.016357421875,0.043212890625,-0.090576171875,0.007568359375,0.067626953125,-0.014404296875,-0.063232421875,-0.063232421875,0.0,0.04345703125,-0.03076171875,0.015380859375,0.040283203125,-0.05322265625,-0.054443359375,0.055419921875,0.055419921875,0.068115234375,-0.04248046875,-0.067138671875,0.01708984375,-0.04248046875,-0.045166015625,0.00341796875,0.00341796875,-0.006103515625,-0.0517578125,-0.01416015625,-0.010009765625,-0.0576171875,-0.01025390625,0.018310546875,-0.026611328125,-0.026611328125,-0.049072265625,0.004150390625,0.04052734375,-0.082763671875,0.010009765625,0.048095703125,-0.03515625,-0.058837890625,0.032958984375,0.032958984375,0.05615234375,-0.032958984375,0.030029296875,0.021240234375,-0.059814453125,-0.063232421875,0.019775390625,0.02587890625,0.02587890625,-0.038818359375,0.00537109375,-0.011474609375,-0.100830078125,-0.056396484375,0.02978515625,0.001708984375,-0.064208984375,-0.064208984375,-0.0234375,0.05859375,-0.060302734375,-0.013916015625,0.0224609375,-0.042236328125,-0.05712890625,0.022705078125,0.0478515625,-0.03515625,-0.054931640625,0.016357421875,0.01416015625,-0.06298828125,-0.04345703125,-0.04345703125,0.048095703125,0.054931640625,-0.0244140625,-0.04931640625,0.024658203125,0.015380859375,-0.07861328125,-0.067626953125,0.013916015625,0.015625,-0.027099609375,0.0361328125,0.001708984375,-0.065185546875,-0.043701171875,0.01806640625,-0.001708984375,-0.046142578125,0.0009765625,0.032470703125,-0.04150390625,-0.041015625,0.035400390625,0.042236328125,-0.036376953125,-0.076171875,-0.005126953125,0.0458984375,-0.00341796875,-0.02734375,0.020751953125,0.0185546875,-0.052001953125,-0.052001953125,0.017822265625,0.009765625,-0.01708984375,-0.03955078125,-0.0234375,0.035400390625,0.009521484375,-0.047119140625,-0.02392578125,0.017333984375,-0.03564453125,-0.02978515625,0.03515625,0.03515625,0.008056640625,-0.01318359375,0.0283203125,0.03759765625,-0.048828125,-0.08056640625,-0.020751953125,0.021240234375,-0.020263671875,0.043212890625,0.056884765625,-0.021240234375,-0.052734375,-0.004638671875,-0.0126953125,-0.06298828125,-0.039306640625,0.04248046875,0.04052734375,-0.04833984375,-0.050048828125,-0.065185546875,0.0205078125,0.02978515625,-0.058837890625,-0.05224609375,0.03515625,0.017822265625,-0.020751953125,-0.005615234375,0.0087890625,-0.039794921875,-0.064697265625,-0.003662109375,0.04443359375,-0.0283203125,-0.055419921875,0.02978515625,0.060546875,-0.077880859375,0.013916015625,0.045166015625,-0.026611328125,-0.05908203125,-0.009521484375,-0.009521484375,0.016357421875,-0.031982421875,-0.04443359375,0.020263671875,0.02783203125,-0.042724609375,0.031982421875,0.017822265625,-0.06982421875,-0.061279296875,0.040283203125,0.026611328125,-0.055419921875,-0.037353515625,0.033935546875,-0.01025390625,-0.057861328125,-0.014404296875,0.034423828125,-0.009765625,-0.05517578125,0.007080078125,0.0576171875,-0.024169921875,-0.06982421875,0.01025390625,0.04736328125,-0.01953125,-0.054443359375,0.02685546875,0.051513671875,-0.032470703125,-0.032470703125,-0.07958984375,-0.01904296875,0.021240234375,-0.02294921875,-0.02001953125,0.045166015625,-0.047607421875,-0.038818359375,0.00927734375,-0.025390625,-0.065185546875,-0.010498046875,0.03759765625,-0.0234375,-0.052490234375,0.01416015625,0.0654296875,-0.005615234375,-0.08203125,-0.031982421875,0.0205078125,-0.012451171875,-0.033203125,0.00732421875,0.00732421875,0.017578125,-0.025146484375,-0.052490234375,0.011474609375,-0.023681640625,0.009521484375,0.01806640625,-0.053955078125,-0.08154296875,-0.007080078125,0.05712890625,-0.037841796875,-0.080810546875,0.01513671875,0.051025390625,-0.0380859375,-0.093994140625,-0.007568359375,0.07666015625,0.006591796875,0.006591796875,-0.08154296875,-0.00634765625,-0.00244140625,-0.087646484375,-0.039306640625,0.050048828125,0.01025390625,-0.0859375,-0.0751953125,0.06005859375,0.0947265625,-0.039306640625,-0.097900390625,-0.0068359375,0.095458984375,0.038330078125,-0.113037109375,-0.102294921875,0.060791015625,0.116455078125,-0.044677734375,-0.16552734375,-0.052734375,-0.052734375,0.107666015625,0.107666015625,-0.090576171875,-0.14501953125,0.0400390625,-0.02978515625,-0.0576171875,-0.03662109375,0.0615234375,0.05517578125,-0.082275390625,-0.077880859375,0.010498046875,0.01025390625,-0.05078125,-0.06884765625,-0.0185546875,0.075439453125,0.0947265625,-0.04638671875,-0.0859375,-0.027099609375,-0.000244140625,0.015380859375,-0.0205078125,-0.00634765625,0.02099609375,0.02099609375,0.007080078125,-0.066162109375,-0.0224609375,0.04833984375,0.02978515625,-0.03271484375,-0.048095703125,-0.01806640625,0.03662109375,-0.013427734375,-0.0302734375,-0.010986328125,0.023193359375,0.02197265625,-0.045166015625,-0.021484375,-0.04638671875,0.001708984375,-0.04248046875,-0.066650390625,0.06494140625,0.00830078125,0.072265625,-0.00634765625,-0.138671875,0.0302734375,-0.064697265625,-0.056396484375,0.04638671875,-0.07275390625,0.0546875,0.049072265625,-0.052978515625,0.0224609375,-0.02490234375,-0.0087890625,0.001953125,-0.094482421875,-0.02197265625,0.035400390625,-0.011474609375,-0.0224609375,0.001220703125,0.0224609375,-0.019775390625,-0.063232421875,-0.01025390625,0.054931640625,0.037353515625,-0.03125,-0.069091796875,-0.02490234375,0.026123046875,0.02490234375,-0.0322265625,-0.05615234375,-0.01318359375,-0.004638671875,-0.06884765625,-0.083740234375,0.049560546875,0.138671875,-0.02099609375,-0.166259765625,-0.010009765625,0.161865234375,0.02490234375,-0.217529296875,-0.1552734375,0.135498046875,0.109375,-0.1865234375,-0.11767578125,0.17626953125,0.113037109375,-0.191162109375,-0.16259765625,0.1142578125,0.123046875,-0.073974609375,-0.08984375,0.096923828125,0.121826171875,-0.068359375,-0.114501953125,0.033447265625,0.032470703125,-0.05859375,0.004150390625,0.001708984375,-0.093017578125,0.0107421875,0.135498046875,-0.02685546875,-0.167724609375,0.12353515625,0.12353515625,-0.048583984375,-0.06591796875,0.06982421875,0.034423828125,-0.06396484375,-0.00927734375,0.015625,-0.0673828125,-0.014892578125,0.05615234375,-0.035888671875,-0.056396484375,0.013427734375,-0.01123046875,-0.06005859375,0.003173828125,0.00830078125,-0.080078125,-0.0234375,0.02587890625,-0.056884765625,-0.044189453125,0.0283203125,-0.00390625,-0.0380859375,-0.018798828125,-0.0693359375,-0.07080078125,0.092529296875,0.069580078125,-0.1435546875,-0.093994140625,0.096923828125,0.0322265625,-0.111328125,-0.015380859375,0.055908203125,-0.041259765625,-0.041259765625,0.01806640625,-0.009765625,0.009033203125,0.03955078125,-0.037109375,-0.05224609375,0.064453125,0.035400390625,-0.069091796875,0.03515625,0.08203125,-0.049072265625,-0.041259765625,0.04541015625,-0.018798828125,-0.046630859375,0.0302734375,-0.10546875,-0.10546875,0.000732421875,0.0830078125,-0.036376953125,-0.0654296875,0.025390625,-0.00244140625,-0.05078125,0.035400390625,0.019287109375,-0.083251953125,-0.011474609375,0.042724609375,-0.065185546875,-0.076171875,0.0322265625,0.006103515625,-0.068603515625,0.01513671875,-0.067138671875,-0.017822265625,-0.017822265625,-0.02099609375,-0.101318359375,-0.01220703125,0.093994140625,-0.03759765625,-0.160888671875,0.0126953125,0.098876953125,-0.0693359375,-0.08203125,0.04931640625,0.03759765625,-0.05078125,-0.013671875,0.013916015625,0.005126953125,0.031982421875,-0.067626953125,-0.067626953125,-0.045166015625,0.056640625,0.02587890625,-0.038330078125,0.010986328125,0.023681640625,-0.0361328125,0.005615234375,-0.00048828125,-0.052490234375,0.033935546875,0.068359375,-0.072021484375,-0.103759765625,0.0751953125,-0.08740234375,-0.04931640625,0.06298828125,0.06298828125,-0.005126953125,-0.049560546875,0.003662109375,-0.005615234375,-0.031005859375,0.0283203125,0.005126953125,-0.08349609375,-0.004150390625,0.02490234375,-0.061767578125,-0.020263671875,0.04296875,-0.029296875,0.038818359375,-0.015869140625,-0.10302734375,0.040283203125,0.040283203125,0.089599609375,-0.09521484375,-0.121826171875,0.041015625,0.061279296875,-0.03955078125,-0.029052734375,-0.020263671875,-0.05078125,0.029296875,0.017822265625,-0.090576171875,-0.023681640625,0.099609375,-0.124267578125,-0.005126953125,0.046142578125,-0.037353515625,-0.037353515625,-0.00048828125,0.00146484375,-0.06591796875,0.007080078125,0.067138671875,-0.064697265625,-0.10498046875,0.08056640625,0.074951171875,-0.127685546875,-0.07177734375,0.011474609375,0.03515625,-0.0703125,-0.018798828125,0.0166015625,0.001953125,0.026123046875,-0.02880859375,-0.02880859375,0.00439453125,0.041748046875,-0.032958984375,0.03955078125,-0.005126953125,-0.032958984375,-0.0107421875,0.03564453125,0.002197265625,-0.06591796875,0.035400390625,-0.04052734375,-0.037841796875,0.06689453125,0.010009765625,-0.11572265625,-0.003662109375,-0.003662109375,0.073486328125,-0.056884765625,-0.07861328125,0.039306640625,0.019287109375,-0.081298828125,-0.0302734375,0.013916015625,-0.03857421875,-0.00439453125,0.001708984375,-0.085693359375,-0.040771484375,0.04345703125,-0.029296875,-0.072509765625,0.037109375,0.016845703125,0.007568359375,0.026123046875,-0.07861328125,-0.01123046875,-0.01123046875,0.10498046875,-0.025146484375,-0.16015625,0.009521484375,0.120849609375,-0.0361328125,-0.087158203125,0.021484375,-0.02001953125,0.003662109375,-0.01220703125,-0.05029296875,-0.05029296875,0.03076171875,0.046142578125,-0.03759765625,-0.013671875,-0.002197265625,-0.031494140625,0.029541015625,0.058349609375,-0.063720703125,0.0888671875,0.068359375,-0.098388671875,-0.04248046875,0.057861328125,0.057861328125,-0.01025390625,-0.051025390625,-0.00537109375,-0.032470703125,-0.0390625,0.0634765625,0.017578125,-0.10888671875,0.02490234375,-0.04833984375,-0.028076171875,0.06298828125,-0.013427734375,-0.013427734375,-0.115478515625,0.018310546875,0.07470703125,-0.06787109375,-0.071044921875,0.04248046875,0.01416015625,-0.008544921875,0.02685546875,-0.022216796875,0.0009765625,-0.02490234375,-0.02490234375,-0.077880859375,0.007080078125,0.037353515625,-0.068603515625,-0.055419921875,0.09033203125,0.028564453125,-0.018310546875,0.09521484375,-0.0009765625,-0.0400390625,0.005126953125,-0.010009765625,-0.010009765625,-0.008056640625,0.0576171875,-0.025634765625,-0.113525390625,0.049560546875,0.11376953125,-0.09130859375,0.05810546875,0.06640625,-0.087158203125,-0.052734375,0.02490234375,-0.031982421875,-0.031982421875,0.00048828125,0.01708984375,-0.06298828125,-0.031982421875,0.067626953125,0.00830078125,0.013671875,0.021728515625,-0.041748046875,0.032958984375,0.019775390625,-0.0908203125,-0.0205078125,0.021728515625,0.0673828125,-0.107421875,0.096435546875,0.089599609375,-0.060546875,-0.14794921875,-0.104736328125,0.076416015625,-0.03173828125,-0.046142578125,-0.043212890625,-0.017578125,-0.022705078125,0.04541015625,-0.0947265625,-0.00146484375,0.09228515625,-0.0205078125,-0.05712890625,-0.09814453125,0.0068359375,0.042236328125,-0.030517578125,-0.0146484375,-0.027099609375,-0.077880859375,0.01904296875,-0.069091796875,-0.07177734375,0.057373046875,0.013671875,-0.083251953125,0.01123046875,0.015380859375,0.015380859375,-0.075927734375,0.01953125,0.122314453125,-0.036865234375,-0.166748046875,0.022705078125,0.1220703125,-0.050537109375,-0.09130859375,0.022705078125,0.02978515625,-0.0146484375,-0.030517578125,-0.046875,-0.020751953125,0.05908203125,-0.10791015625,0.00439453125,0.051513671875,-0.052490234375,-0.019287109375,0.067626953125,0.0125732421875,-0.01953125,-0.0712890625,0.042236328125,0.01513671875,-0.07421875,0.04345703125,0.07568359375,-0.097412109375,-0.095947265625,0.0732421875,0.04541015625,-0.086181640625,-0.024169921875,0.02294921875,-0.034912109375,0.001220703125,0.003662109375,-0.0634765625,0.0625,-0.03125,-0.0478515625,-0.091064453125,0.0263671875,0.00244140625,-0.093994140625,0.0234375,0.0830078125,-0.08154296875,-0.117919921875,0.0693359375,0.078369140625,-0.102783203125,-0.068603515625,0.0478515625,-0.001220703125,-0.034423828125,-0.0107421875,-0.027587890625,-0.027099609375,0.02685546875,-0.005126953125,-0.059326171875,0.018310546875,0.01123046875,-0.055908203125,0.031982421875,0.065185546875,-0.047119140625,-0.054931640625,0.039306640625,-0.014892578125,-0.065673828125,0.064697265625,0.04736328125,-0.1083984375,-0.042236328125,0.078125,-0.001953125,-0.071533203125,0.016845703125,0.016845703125,-0.070068359375,0.010009765625,0.045654296875,-0.059814453125,-0.041748046875,0.05517578125,-0.0927734375,-0.004638671875,0.037841796875,-0.033935546875,-0.0029296875,0.0146484375,-0.068603515625,-0.048828125,0.038818359375,-0.010498046875,-0.071044921875,0.012939453125,0.0166015625,-0.05810546875,0.010986328125,0.006591796875,-0.08251953125,-0.000244140625,-0.000244140625,-0.02197265625,-0.114501953125,-0.114501953125,0.069580078125,-0.06005859375,-0.025390625,0.019775390625,-0.034423828125,-0.00830078125,0.035888671875,-0.0546875,-0.0693359375,0.07861328125,0.03125,-0.11767578125,-0.010498046875,0.051513671875,0.051513671875,-0.053466796875,-0.021484375,-0.014404296875,-0.13671875,0.019287109375,0.087646484375,-0.057861328125,-0.015625,-0.0537109375,0.0087890625,-0.05029296875,-0.00634765625,-0.00927734375,-0.032470703125,0.041259765625,0.00634765625,-0.102294921875,-0.019775390625,0.034912109375,-0.051513671875,-0.037841796875,-0.037841796875,-0.030029296875,-0.072265625,-0.072265625,0.057861328125,0.010009765625,-0.107666015625,0.013916015625,0.09423828125,-0.06103515625,-0.1103515625,0.0654296875,-0.08251953125,-0.08251953125,0.056396484375,-0.036865234375,-0.036865234375,-0.0654296875,0.02490234375,0.0224609375,-0.054931640625,0.00390625,-0.056640625,-0.019775390625,0.01806640625,-0.037841796875,-0.019775390625,0.042236328125,-0.003662109375,-0.003662109375,-0.046142578125,-0.015380859375,-0.02685546875,-0.07958984375,0.06494140625,0.095458984375,-0.112548828125,0.080810546875,0.075927734375,0.075927734375,-0.095703125,-0.05517578125,-0.0302734375,-0.0341796875,-0.006591796875,-0.02783203125,-0.006103515625,0.032470703125,-0.043701171875,-0.084716796875,-0.084716796875,0.040283203125,0.027587890625,0.010498046875,0.059326171875,0.059326171875,-0.048828125,0.03173828125,-0.02294921875,-0.05712890625,0.05859375,0.01806640625,-0.122314453125,-0.021240234375,0.083984375,0.083984375,-0.023681640625,0.02392578125,0.04345703125,-0.059326171875,-0.01025390625,0.03173828125,-0.03857421875,-0.026611328125,0.029296875,-0.015869140625,-0.05224609375,0.022216796875,0.02001953125,-0.04833984375,0.00439453125,0.00439453125,0.017333984375,0.00244140625,-0.007080078125,-0.0830078125,-0.007568359375,0.112548828125,-0.021240234375,-0.164306640625,0.008056640625,0.107177734375,-0.0498046875,-0.086669921875,0.038330078125,0.038330078125,-0.060546875,-0.009521484375,0.01220703125,-0.04541015625,0.00927734375,0.03564453125,-0.055908203125,-0.059814453125,0.037109375,0.01904296875,-0.0517578125,0.006103515625,0.011474609375,-0.05224609375,-0.05224609375,-0.00537109375,-0.055419921875,0.025146484375,0.0712890625,-0.064453125,-0.107177734375,0.06787109375,0.056396484375,-0.0927734375,-0.0244140625,0.04541015625,0.04541015625,-0.03173828125,0.0283203125,-0.036865234375,-0.05908203125,0.06298828125,0.018310546875,-0.099609375,0.01025390625,0.05029296875,0.05029296875,-0.0419921875,0.086181640625,-0.000244140625,-0.136962890625,0.008056640625,0.08642578125,-0.051025390625,-0.060546875,0.035400390625,0.0048828125,-0.056640625,-0.005126953125,-0.016357421875,-0.054443359375,0.037841796875,0.0185546875,-0.1083984375,-0.033935546875,0.062744140625,-0.011474609375,-0.048583984375,0.01611328125,-0.0185546875,-0.058837890625,0.034423828125,0.034423828125,-0.101806640625,0.0537109375,0.128662109375,-0.0654296875,-0.1513671875,0.04248046875,0.103515625,-0.0361328125,-0.050537109375,-0.01171875,-0.018798828125,-0.018798828125,0.025390625,-0.07080078125,-0.054931640625,0.06494140625,0.000732421875,-0.11083984375,0.0048828125,0.044921875,-0.05126953125,-0.015869140625,0.044921875,-0.0361328125,-0.0546875,0.0400390625,-0.028564453125,-0.092529296875,0.068603515625,0.0810546875,-0.109130859375,-0.078125,0.0888671875,0.027099609375,-0.119384765625,-0.020263671875,0.075439453125,-0.036376953125,-0.06298828125,-0.002197265625,-0.010009765625,-0.01611328125,0.0244140625,-0.025634765625,-0.072998046875,0.025634765625,0.019775390625,-0.0595703125,0.015869140625,0.038818359375,-0.054931640625,-0.0224609375,0.043701171875,-0.051513671875,-0.08203125,0.095947265625,0.0625,-0.158447265625,-0.076416015625,0.118896484375,0.038818359375,-0.10693359375,-0.023681640625,0.041259765625,-0.04296875,-0.012939453125,0.0234375,-0.03857421875,-0.007568359375,0.0458984375,-0.02685546875,-0.071044921875,0.022705078125,0.023193359375,-0.055419921875,0.007568359375,0.01806640625,-0.048583984375,0.01220703125,0.012939453125,-0.090576171875,-0.041259765625,0.093994140625,-0.005859375,-0.143310546875,0.013671875,0.10302734375,-0.051025390625,-0.082763671875,0.0390625,0.02734375,-0.067626953125,-0.014892578125,0.023193359375,-0.03662109375,0.006103515625,0.0234375,-0.055419921875,-0.03955078125,0.022216796875,-0.017822265625,-0.049072265625,0.026123046875,0.012939453125,-0.0546875,-0.000244140625,-0.065673828125,-0.065673828125,0.04638671875,0.088623046875,-0.07275390625,-0.118408203125,0.076416015625,0.0810546875,-0.074951171875,-0.029541015625,0.033203125,-0.02294921875,-0.0166015625,-0.04638671875,-0.04638671875,-0.04736328125,0.073974609375,0.001220703125,-0.125732421875,0.003662109375,0.056396484375,-0.064208984375,-0.037109375,0.07666015625,-0.016357421875,-0.13525390625,0.03125,-0.065673828125,-0.065673828125,-0.07568359375,0.0478515625,0.03125,-0.054443359375,-0.02490234375,-0.010009765625,-0.03271484375,0.033447265625,0.0078125,-0.08251953125,-0.0107421875,0.023681640625,-0.03271484375,-0.03271484375,0.053466796875,-0.021240234375,-0.080810546875,0.04931640625,-0.00048828125,-0.11181640625,0.045654296875,-0.07470703125,-0.07470703125,-0.158203125,0.06689453125,0.10546875,-0.048828125,-0.048828125,0.049560546875,-0.01318359375,-0.039794921875,-0.00439453125,-0.021484375,-0.0185546875,0.04345703125,-0.025390625,0.044189453125,0.044189453125,0.0400390625,-0.06689453125,0.006591796875,0.064208984375,-0.04052734375,-0.056884765625,0.052001953125,-0.013671875,-0.077392578125,0.057373046875,-0.115966796875,-0.040283203125,-0.040283203125,0.081298828125,-0.003662109375,-0.088134765625,0.010498046875,0.014404296875,-0.07470703125,-0.003173828125,0.01513671875,-0.055908203125,-0.0146484375,0.05712890625,-0.021484375,0.036865234375,0.036865234375,0.01416015625,-0.084228515625,0.01220703125,0.052734375,-0.047607421875,-0.038330078125,-0.04541015625,-0.063232421875,0.072021484375,0.0146484375,-0.14404296875,-0.01708984375,0.106201171875,-0.0185546875,-0.0185546875,-0.10205078125,0.02734375,0.0556640625,-0.06982421875,-0.02001953125,0.036376953125,-0.02294921875,0.03515625,-0.03466796875,-0.03466796875,-0.0439453125,0.030517578125,-0.008056640625,-0.044189453125,0.0576171875,0.003662109375,-0.1201171875,-0.003173828125,-0.06396484375,-0.06787109375,0.0537109375,0.0537109375,-0.00341796875,-0.0849609375,0.04150390625,0.02978515625,-0.083740234375,-0.001220703125,0.052978515625,-0.05322265625,-0.055908203125,0.0556640625,-0.083740234375,0.060302734375,0.060302734375,0.029541015625,-0.138427734375,-0.04541015625,0.0927734375,-0.00830078125,-0.09814453125,0.0234375,-0.051513671875,-0.051513671875,0.00341796875,-0.013916015625,-0.0576171875,0.0439453125,0.08154296875,-0.034423828125,-0.0654296875,0.050048828125,0.005615234375,-0.072509765625,0.07373046875,-0.09375,-0.09375,-0.083984375,0.08984375,0.0576171875,-0.112548828125,-0.04736328125,0.05419921875,-0.031982421875,-0.0419921875,0.01416015625,-0.025634765625,0.024658203125,-0.004150390625,-0.004150390625,-0.0888671875,0.00146484375,0.04833984375,-0.033935546875,-0.01513671875,-0.0205078125,-0.04443359375,0.028076171875,-0.048095703125,-0.07080078125,-0.07080078125,0.054443359375,-0.00439453125,-0.120361328125,0.012451171875,0.043212890625,-0.10107421875,-0.050537109375,0.10595703125,-0.129150390625,0.0224609375,0.073974609375,0.073974609375,-0.057861328125,-0.0302734375,0.038818359375,-0.02294921875,-0.04541015625,0.05859375,0.01513671875,0.021240234375,0.07275390625,-0.059326171875,-0.064453125,-0.064453125,0.019287109375,0.00830078125,-0.017822265625,0.02099609375,-0.028076171875,-0.075439453125,0.0185546875,-0.086669921875,0.0224609375,0.08251953125,-0.05029296875,-0.05029296875,-0.08154296875,0.03857421875,-0.019775390625,-0.08447265625,0.072998046875,-0.1357421875,-0.079833984375,0.080322265625,0.0244140625,0.0244140625,-0.094970703125,-0.03955078125,0.0009765625,-0.03076171875,0.026611328125,-0.010986328125,-0.07958984375,0.021728515625,0.080810546875,-0.09814453125,0.078857421875,0.0517578125,0.0517578125,-0.088134765625,0.002197265625,0.048828125,-0.0517578125,-0.025146484375,0.039306640625,-0.044189453125,-0.05810546875,0.098876953125,-0.156982421875,-0.026123046875,0.100830078125,-0.03076171875,-0.03076171875,-0.100341796875,0.0419921875,0.0673828125,-0.065673828125,-0.019775390625,0.024658203125,-0.0009765625,0.047607421875,-0.033203125,-0.06396484375,0.0361328125,0.013427734375,0.013427734375,-0.0830078125,0.003662109375,0.030517578125,-0.06396484375,0.0,-0.063720703125,-0.00830078125,0.09130859375,0.09130859375,-0.04052734375,-0.166259765625,0.03955078125,0.12158203125,-0.06201171875,-0.0703125,0.060791015625,0.02734375,-0.07421875,0.0263671875,-0.03857421875,0.016845703125,0.02099609375,-0.044921875,-0.044921875,0.00830078125,0.023193359375,-0.062255859375,-0.03759765625,0.074951171875,-0.06103515625,-0.09619140625,0.04345703125,0.032958984375,-0.092529296875,0.002685546875,-0.049072265625,-0.101318359375,0.06591796875,0.057861328125,-0.103271484375,-0.103271484375,-0.027099609375,0.064453125,-0.028076171875,-0.016357421875,-0.001953125,-0.010498046875,0.02587890625,-0.037109375,-0.092529296875,-0.092529296875,0.035400390625,0.0244140625,-0.10107421875,-0.01953125,0.084228515625,-0.015625,-0.09033203125,0.03515625,0.002197265625,0.0517578125,0.0439453125,-0.100830078125,-0.0517578125,0.08642578125,0.007080078125,-0.103271484375,0.015380859375,0.04345703125,0.04345703125,-0.074462890625,-0.015380859375,0.055908203125,-0.020751953125,-0.049072265625,0.015625,0.012451171875,0.008056640625,0.052001953125,-0.04248046875,-0.008544921875,0.039306640625,-0.016357421875,-0.0400390625,-0.0400390625,0.008544921875,-0.026611328125,-0.042724609375,0.010009765625,-0.131103515625,-0.0078125,0.087646484375,-0.055908203125,-0.12255859375,0.033447265625,0.07080078125,-0.060302734375,-0.02880859375,0.001708984375,-0.03369140625,-0.03369140625,0.026611328125,0.03173828125,-0.066162109375,0.06591796875,-0.00244140625,-0.085205078125,0.0400390625,0.02490234375,-0.083984375,-0.083984375,0.003662109375,0.02880859375,-0.091796875,-0.0341796875,-0.0048828125,-0.1767578125,0.001953125,0.09130859375,-0.03955078125,-0.03369140625,0.032958984375,-0.017822265625,-0.017822265625,-0.0595703125,0.043701171875,0.017578125,-0.0908203125,0.015625,-0.04443359375,-0.07763671875,0.016845703125,0.0244140625,-0.037353515625,-0.005859375,-0.005859375,-0.015625,-0.05029296875,0.0419921875,-0.0869140625,-0.005126953125,0.07177734375,-0.035888671875,-0.078125,0.060791015625,0.005859375,-0.111328125,0.0390625,0.10302734375,-0.08984375,-0.13720703125,0.06396484375,0.09033203125,0.09033203125,-0.09375,-0.061767578125,0.05517578125,0.001220703125,-0.021240234375,-0.03271484375,0.006591796875,0.056884765625,-0.019287109375,-0.08642578125,0.032958984375,0.02099609375,-0.077880859375,0.009521484375,0.043212890625,-0.052734375,-0.024658203125,0.06298828125,-0.044189453125,-0.11083984375,0.082275390625,0.081787109375,-0.1337890625,-0.083984375,0.08935546875,0.08935546875,0.05029296875,-0.068603515625,-0.03369140625,-0.006103515625,-0.03759765625,0.0048828125,-0.08837890625,-0.007080078125,0.0869140625,-0.0078125,-0.10498046875,0.0009765625,0.034912109375,-0.05419921875,-0.01123046875,0.003662109375,-0.0498046875,0.006103515625,0.017822265625,-0.0732421875,-0.0732421875,-0.04638671875,0.08642578125,0.0048828125,-0.1318359375,0.0244140625,-0.0625,-0.08154296875,0.04443359375,0.03564453125,-0.07177734375,-0.02099609375,0.01025390625,-0.0263671875,0.039794921875,0.021240234375,-0.0703125,-0.025146484375,0.04296875,-0.03662109375,-0.069580078125,-0.069580078125,0.05615234375,0.024169921875,-0.09521484375,-0.006103515625,-0.06884765625,-0.016845703125,0.0771484375,-0.0224609375,-0.13330078125,0.03564453125,0.105712890625,-0.063232421875,-0.077392578125,0.02685546875,0.0068359375,-0.063232421875,0.006103515625,0.0361328125,0.0361328125,-0.051513671875,-0.00732421875,0.025390625,-0.0615234375,0.033447265625,-0.003173828125,-0.031982421875,0.010498046875,-0.009765625,-0.047607421875,0.036376953125,-0.01806640625,-0.106689453125,0.04541015625,0.107666015625,-0.074462890625,-0.123046875,0.064697265625,0.064697265625,-0.080078125,-0.025390625,0.015869140625,-0.0341796875,0.01953125,0.01123046875,-0.094970703125,-0.034423828125,0.1240234375,0.005126953125,-0.177734375,-0.002197265625,-0.002197265625,0.112548828125,-0.0341796875,0.018798828125,0.010986328125,-0.04541015625,0.012939453125,-0.00830078125,-0.053466796875,0.0576171875,0.04150390625,-0.039794921875,-0.09814453125,0.045654296875,-0.020751953125,-0.047119140625,0.043701171875,-0.01025390625,-0.07861328125,0.051025390625,0.0166015625,-0.115966796875,0.00048828125,0.126220703125,-0.03466796875,-0.172119140625,0.02734375,0.12255859375,-0.053466796875,-0.091552734375,0.013427734375,0.02587890625,-0.009521484375,-0.001708984375,-0.001708984375,-0.026123046875,-0.03173828125,0.061279296875,0.005126953125,-0.111572265625,0.051513671875,-0.0615234375,-0.04248046875,0.062744140625,-0.003173828125,-0.080810546875,0.027099609375,-0.00439453125,-0.00439453125,-0.094482421875,0.0791015625,-0.09033203125,-0.10107421875,0.077880859375,0.0380859375,-0.126708984375,-0.0166015625,0.083984375,-0.037109375,-0.058837890625,0.006591796875,-0.000244140625,-0.010498046875,0.02978515625,-0.03076171875,-0.08935546875,0.044677734375,0.033203125,-0.090087890625,-0.090087890625,0.0703125,-0.04541015625,-0.05517578125,0.05908203125,-0.020263671875,-0.10302734375,0.082763671875,0.09521484375,-0.12548828125,-0.090576171875,0.0966796875,0.05908203125,-0.083251953125,-0.032470703125,0.02392578125,-0.021728515625,0.021484375,0.000244140625,-0.0390625,-0.076416015625,-0.0068359375,0.052978515625,-0.077392578125,0.049560546875,0.01513671875,-0.09228515625,0.017333984375,0.04052734375,-0.067138671875,-0.01611328125,0.0380859375,-0.054443359375,-0.060546875,0.08837890625,0.026611328125,-0.141845703125,-0.01708984375,0.09716796875,-0.031494140625,-0.09228515625,0.02099609375,0.04296875,-0.058837890625,-0.0322265625,-0.002197265625,-0.0302734375,0.038330078125,0.01953125,-0.079833984375,-0.0244140625,0.075439453125,-0.008544921875,-0.08251953125,0.045654296875,0.04443359375,-0.07763671875,-0.01416015625,0.016845703125,-0.04931640625,0.0,0.0673828125,-0.045654296875,-0.12890625,0.051513671875,0.086669921875,-0.07568359375,-0.044189453125,0.03857421875,-0.014892578125,-0.052734375,0.019287109375,0.00341796875,-0.061279296875,0.02880859375,0.025634765625,-0.079833984375,-0.014404296875,0.0478515625,-0.035888671875,-0.05419921875,0.046630859375,0.011474609375,-0.07763671875,0.017822265625,-0.005859375,-0.105712890625,0.00439453125,0.0712890625,-0.06494140625,-0.111572265625,0.05322265625,0.046142578125,-0.08984375,-0.013427734375,0.041015625,-0.043212890625,-0.019775390625,0.028076171875,-0.03369140625,-0.04052734375,0.070068359375,0.0146484375,-0.117431640625,0.006103515625,0.062255859375,-0.04541015625,-0.02294921875,0.030517578125,-0.03173828125,-0.04443359375,0.04443359375,-0.041015625,-0.0947265625,0.101318359375,0.0869140625,-0.125,-0.071044921875,0.09375,0.02490234375,-0.08154296875,0.007568359375,0.018310546875,-0.065185546875,0.01806640625,0.030029296875,-0.06640625,-0.0302734375,0.04345703125,-0.04150390625,-0.10107421875,0.01806640625,0.01806640625,-0.07861328125,0.017333984375,0.034912109375,-0.062744140625,-0.01416015625,0.057861328125,-0.054931640625,-0.095458984375,0.10400390625,0.091796875,-0.14208984375,-0.086181640625,0.1015625,0.041259765625,-0.038330078125,0.05908203125,0.05908203125,-0.0263671875,-0.02880859375,-0.013916015625,-0.048095703125,0.015380859375,0.04345703125,-0.0458984375,-0.054931640625,0.0517578125,0.00830078125,-0.070068359375,0.040283203125,0.02783203125,-0.083740234375,0.0517578125,0.0517578125,-0.067138671875,-0.052490234375,0.10546875,0.020751953125,-0.184326171875,-0.042236328125,0.119140625,-0.009765625,-0.10986328125,-0.015625,0.0341796875,-0.03759765625,-0.021240234375,-0.014404296875,0.044189453125,0.023681640625,0.023681640625,-0.085205078125,-0.016357421875,0.060302734375,-0.06884765625,0.041748046875,0.005859375,0.005859375,-0.071044921875,0.044189453125,0.01171875,-0.1181640625,-0.008056640625,0.12060546875,-0.031005859375,-0.1650390625,0.039306640625,0.132080078125,-0.060546875,-0.087646484375,0.036376953125,0.037353515625,-0.028076171875,-0.007568359375,-0.007080078125,-0.007080078125,0.05810546875,-0.0029296875,-0.106201171875,0.005126953125,0.045654296875,-0.06005859375,-0.035400390625,0.05712890625,-0.0068359375,-0.08203125,0.0205078125,-0.0947265625,0.034423828125,0.034423828125,0.080078125,-0.080810546875,-0.115478515625,0.06396484375,0.08056640625,-0.092041015625,-0.054931640625,0.046142578125,-0.0234375,-0.0400390625,0.024169921875,-0.059326171875,0.017822265625,0.017822265625,0.029541015625,-0.091552734375,-0.02880859375,0.0458984375,-0.02490234375,-0.022705078125,0.016357421875,-0.018798828125,-0.024658203125,0.04931640625,-0.013427734375,0.055419921875,0.067138671875,0.067138671875,-0.068603515625,-0.025146484375,0.02587890625,-0.06640625,-0.035888671875,0.089111328125,0.009521484375,-0.13720703125,-0.01220703125,0.156494140625,0.0361328125,-0.097412109375,0.108642578125,0.0654296875,0.0654296875,-0.12939453125,-0.059814453125,0.097412109375,0.020751953125,-0.078369140625,-0.019287109375,-0.010498046875,-0.071533203125,0.00390625,0.093017578125,-0.04638671875,-0.126708984375,0.05322265625,0.080322265625,-0.095703125,-0.103759765625,0.07958984375,0.096435546875,-0.08251953125,0.046142578125,0.07958984375,-0.051513671875,-0.126220703125,-0.126220703125,0.02685546875,0.090576171875,-0.07763671875,-0.094970703125,0.026123046875,-0.00634765625,-0.044189453125,-0.037353515625,-0.137939453125,0.064453125,0.143798828125,-0.129638671875,-0.13916015625,-0.13916015625,0.149658203125,0.093505859375,-0.1337890625,-0.156005859375,-0.050048828125,-0.050048828125,-0.082275390625,0.073974609375,-0.048095703125,-0.15966796875,0.032470703125,0.122802734375,-0.108154296875,-0.109619140625,0.101806640625,-0.005859375,-0.11865234375,0.03271484375,0.040283203125,-0.074951171875,0.03125,0.126953125,-0.0546875,-0.096923828125,0.0791015625,0.0078125,-0.06787109375,0.010498046875,-0.06591796875,0.039794921875,0.05126953125,-0.1337890625,-0.1337890625,-0.03125,0.15576171875,-0.0595703125,-0.16748046875,0.091064453125,0.125244140625,-0.085205078125,0.104736328125,-0.03759765625,-0.086181640625,0.07568359375,0.07568359375,0.012451171875,-0.07666015625,0.03759765625,0.04150390625,-0.114501953125,-0.074951171875,0.053466796875,-0.07373046875,0.0517578125,-0.05810546875,-0.10107421875,0.051513671875,0.051513671875,0.005126953125,-0.162109375,-0.018310546875,0.154052734375,-0.056396484375,-0.137939453125,0.07275390625,-0.0830078125,-0.005859375,0.031005859375,-0.068359375,-0.068359375,-0.00927734375,0.081787109375,-0.078369140625,-0.07568359375,0.097900390625,-0.021240234375,-0.143310546875,0.026611328125,-0.064697265625,-0.03564453125,0.0966796875,-0.0205078125,-0.02880859375,0.095458984375,-0.0361328125,-0.1201171875,0.106201171875,0.106201171875,0.161376953125,-0.116455078125,-0.1181640625,0.124267578125,0.025390625,-0.0927734375,0.025390625,-0.085693359375,0.032958984375,0.058349609375,-0.132568359375,-0.0458984375,0.13671875,-0.066162109375,-0.066162109375,-0.154541015625,0.07373046875,0.07177734375,-0.093505859375,-0.02392578125,0.02978515625,-0.014404296875,0.114990234375,-0.106201171875,-0.15234375,0.121337890625,0.07470703125,0.07470703125,-0.18359375,-0.096923828125,0.11572265625,-0.00048828125,-0.076171875,0.024169921875,-0.04736328125,0.0712890625,0.0048828125,-0.12109375,0.02734375,0.115966796875,-0.081298828125,-0.071044921875,-0.071044921875,0.097412109375,-0.0263671875,-0.082275390625,0.076904296875,0.021728515625,-0.109619140625,0.114990234375,-0.11962890625,-0.080078125,0.15185546875,-0.006591796875,-0.169189453125,0.02880859375,0.02880859375,0.130859375,-0.060546875,-0.06591796875,0.098388671875,-0.015869140625,-0.11279296875,0.016845703125,-0.048095703125,0.050537109375,0.044189453125,-0.123779296875,-0.060546875,0.115966796875,0.115966796875,-0.034912109375,-0.115966796875,0.04443359375,0.017578125,-0.06787109375,0.02197265625,-0.11865234375,-0.001708984375,0.14453125,-0.091796875,-0.158203125,0.103759765625,0.079345703125,0.079345703125,-0.10205078125,-0.0087890625,0.072265625,-0.088134765625,-0.06103515625,0.11083984375,-0.11328125,0.0771484375,0.046142578125,-0.1220703125,-0.031494140625,0.068603515625,-0.068359375,-0.02734375,0.10009765625,0.10009765625,-0.07568359375,-0.121337890625,0.093994140625,0.040771484375,-0.146240234375,-0.02392578125,0.09716796875,-0.06103515625,-0.0654296875,0.056884765625,-0.071044921875,0.120361328125,0.023681640625,-0.189208984375,-0.030517578125,0.166015625,-0.041748046875,-0.128662109375,0.072509765625,0.038330078125,0.038330078125,-0.08984375,-0.015625,0.016357421875,-0.0400390625,0.075439453125,-0.116455078125,-0.06396484375,0.133056640625,-0.015380859375,-0.114013671875,0.06201171875,0.0556640625,-0.08544921875,0.028564453125,0.113525390625,0.113525390625,-0.113525390625,-0.0849609375,0.16259765625,-0.180908203125,0.021484375,0.146728515625,0.146728515625,-0.079345703125,-0.119140625,0.074462890625,-0.01025390625,-0.1044921875,0.011962890625,-0.078857421875,0.018310546875,0.05517578125,-0.10498046875,-0.0673828125,0.09912109375,-0.042236328125,-0.116455078125,-0.116455078125,0.055419921875,0.02392578125,-0.09326171875,-0.002197265625,-0.115234375,-0.02001953125,0.148193359375,-0.078125,-0.177490234375,0.090576171875,0.09521484375,-0.13720703125,-0.13720703125,-0.056884765625,0.120849609375,-0.032958984375,-0.108642578125,0.01611328125,-0.05078125,0.06787109375,0.013916015625,-0.122314453125,0.008056640625,0.13525390625,-0.053466796875,-0.0830078125,0.099365234375,-0.004638671875,-0.11376953125,0.04345703125,0.04345703125,0.0703125,-0.087646484375,-0.018310546875,-0.06640625,-0.111083984375,0.088623046875,0.02685546875,-0.10205078125,0.01318359375,0.065185546875,-0.054443359375,-0.033447265625,-0.033447265625,0.0537109375,-0.074951171875,0.096923828125,-0.024169921875,-0.139404296875,0.022705078125,0.08447265625,-0.103515625,-0.080810546875,0.09423828125,-0.02734375,-0.11572265625,-0.11572265625,0.048095703125,0.029541015625,-0.09033203125,0.06201171875,-0.070068359375,-0.075927734375,0.067138671875,-0.015869140625,-0.05029296875,0.060302734375,-0.014404296875,-0.082275390625,0.0302734375,0.0302734375,0.030517578125,-0.119873046875,0.1552734375,-0.078125,-0.165771484375,0.06884765625,0.059814453125,-0.09521484375,-0.001708984375,0.064697265625,-0.0908203125,-0.046630859375,-0.046630859375,0.129638671875,-0.037109375,-0.12353515625,0.053955078125,-0.117919921875,-0.03271484375,0.081787109375,-0.050048828125,-0.027099609375,0.080078125,-0.087158203125,-0.102783203125,0.106201171875,0.106201171875,0.032958984375,-0.126953125,0.08154296875,-0.09814453125,-0.030029296875,0.10595703125,-0.09814453125,-0.100341796875,0.15380859375,0.054931640625,-0.17578125,-0.025390625,-0.025390625,0.136474609375,-0.07373046875,0.10107421875,0.00341796875,-0.109130859375,0.01416015625,0.02001953125,-0.076171875,0.025146484375,0.055908203125,-0.124755859375,-0.0556640625,0.1162109375,-0.046875,-0.046875,-0.111083984375,0.022216796875,-0.127197265625,0.009521484375,0.096923828125,-0.1083984375,-0.05419921875,0.1513671875,-0.03271484375,-0.19287109375,0.0205078125,0.12158203125,0.12158203125,-0.083740234375,0.088623046875,-0.01708984375,-0.092529296875,0.02587890625,-0.002197265625,-0.051513671875,0.054443359375,0.033447265625,-0.10986328125,-0.00634765625,0.119873046875,-0.076904296875,-0.104248046875,0.09130859375,0.01220703125,0.01220703125,-0.082763671875,0.0654296875,-0.127197265625,-0.127197265625,0.15625,-0.082763671875,-0.1689453125,0.097412109375,0.087890625,-0.12548828125,-0.03662109375,0.100830078125,-0.059814453125,-0.1015625,0.054443359375,-0.016357421875,-0.061279296875,0.066650390625,0.0078125,-0.10546875,0.01220703125,0.064208984375,-0.114013671875,-0.04443359375,0.11181640625,-0.06982421875,-0.10693359375,0.10107421875,0.021240234375,0.021240234375,0.01611328125,0.1298828125,-0.113037109375,-0.127197265625,0.104736328125,0.02001953125,-0.076416015625,0.044677734375,0.005126953125,-0.10498046875,0.0166015625,0.09521484375,-0.083740234375,-0.0439453125,0.122802734375,-0.068115234375,-0.04345703125,0.05615234375,0.0634765625,-0.101806640625,-0.02099609375,0.07763671875,-0.06591796875,-0.041748046875,0.1005859375,-0.0546875,-0.143798828125,0.07470703125,0.10595703125,-0.12158203125,-0.09130859375,0.11279296875,0.01123046875,-0.07421875,0.03515625,-0.013916015625,-0.07177734375,-0.084228515625,0.044189453125,-0.0908203125,-0.01708984375,0.101318359375,-0.0654296875,-0.100830078125,0.067138671875,0.00244140625,-0.07958984375,0.056640625,0.05810546875,-0.112060546875,-0.025146484375,0.120361328125,-0.073486328125,-0.10888671875,0.115966796875,0.0419921875,-0.153564453125,-0.020751953125,0.126953125,-0.05224609375,-0.081787109375,0.08349609375,-0.020751953125,-0.073486328125,0.028076171875,0.02294921875,-0.0771484375,0.0244140625,0.0576171875,-0.1240234375,-0.040283203125,0.063232421875,-0.02734375,-0.063232421875,0.064697265625,-0.017578125,-0.125,0.06298828125,0.103271484375,-0.16455078125,-0.080810546875,0.193359375,-0.00927734375,-0.211181640625,0.01416015625,0.11865234375,-0.059814453125,-0.048095703125,0.072509765625,-0.04248046875,-0.0615234375,0.062255859375,-0.04541015625,-0.078369140625,0.1005859375,0.059814453125,-0.1328125,-0.025390625,0.136474609375,-0.0390625,-0.0830078125,0.067138671875,-0.007568359375,-0.0576171875,0.075927734375,0.02587890625,-0.140869140625,0.00927734375,0.16943359375,-0.0888671875,-0.199951171875,0.073486328125,0.1005859375,-0.081787109375,-0.039794921875,0.04736328125,-0.056640625,-0.0546875,0.061767578125,-0.051513671875,-0.08154296875,0.081298828125,0.012939453125,-0.130126953125,0.050048828125,0.081787109375,-0.06298828125,-0.077880859375,0.0498046875,-0.03466796875,-0.0625,-0.0498046875,-0.029052734375,-0.130126953125,0.040771484375,0.10791015625,-0.124755859375,0.133544921875,0.133544921875,0.0341796875,-0.11572265625,0.02294921875,0.0517578125,-0.08056640625,-0.02734375,0.07080078125,-0.0341796875,-0.02294921875,0.087646484375,-0.043212890625,-0.08349609375,0.06640625,0.0,0.0546875,0.0546875,0.093505859375,-0.119873046875,-0.04150390625,0.135009765625,-0.077392578125,-0.13671875,0.123779296875,0.066162109375,-0.160888671875,-0.023193359375,0.13037109375,-0.06689453125,-0.072265625,0.103271484375,-0.0419921875,0.065673828125,0.065673828125,0.052734375,-0.112060546875,0.00439453125,0.091796875,-0.126220703125,-0.103271484375,0.121337890625,-0.007568359375,-0.12109375,0.0419921875,0.033203125,-0.1005859375,0.100341796875,-0.11279296875,-0.11279296875,-0.0810546875,0.15673828125,0.016845703125,-0.1611328125,-0.0009765625,0.09912109375,-0.051025390625,-0.044189453125,0.0576171875,-0.0595703125,0.08251953125,0.08251953125,-0.0263671875,-0.111083984375,0.05029296875,0.065185546875,-0.105224609375,-0.034912109375,0.08935546875,-0.07861328125,-0.064697265625,0.10791015625,-0.0234375,0.060791015625,0.060791015625,0.0888671875,-0.136474609375,-0.046630859375,0.1650390625,-0.040283203125,-0.18408203125,0.026611328125,0.0791015625,-0.050048828125,-0.00537109375,-0.09130859375,-0.03955078125,-0.03955078125,0.09423828125,-0.063720703125,-0.08544921875,0.10302734375,0.029541015625,-0.1142578125,0.0205078125,0.08984375,-0.0888671875,-0.02490234375,-0.093994140625,-0.09130859375,-0.09130859375,0.13671875,0.0146484375,-0.169677734375,0.042724609375,0.140625,-0.13134765625,-0.110595703125,0.125244140625,-0.004638671875,0.055908203125,0.01025390625,0.01025390625,-0.121337890625,0.020263671875,0.089111328125,-0.117431640625,-0.04736328125,0.14404296875,-0.037109375,-0.151123046875,0.043701171875,0.052734375,-0.018310546875,0.06103515625,-0.08984375,-0.08984375,-0.042236328125,0.096923828125,-0.078857421875,-0.1376953125,0.091552734375,0.098388671875,-0.142578125,-0.097900390625,0.101806640625,0.0,-0.050048828125,-0.036376953125,-0.084716796875,0.066162109375,0.066162109375,0.06396484375,-0.09375,0.00244140625,0.12255859375,-0.0703125,-0.114501953125,0.069091796875,0.02734375,-0.067138671875,0.025146484375,-0.08740234375,0.0205078125,0.103271484375,0.103271484375,-0.120849609375,-0.115966796875,0.14013671875,0.063232421875,-0.16845703125,-0.05615234375,0.130126953125,-0.0166015625,-0.10498046875,0.000244140625,-0.073974609375,-0.0084228515625,0.024658203125,0.017333984375,-0.08447265625,0.06494140625,-0.03564453125,-0.080078125,-0.0712890625,0.058837890625,-0.044677734375,-0.058349609375,-0.01416015625,-0.117919921875,0.054443359375,0.083251953125,0.083251953125,-0.155029296875,-0.05322265625,0.178466796875,-0.02978515625,-0.175537109375,0.052490234375,0.093505859375,-0.099853515625,-0.02978515625,0.10009765625,-0.067138671875,-0.096435546875,0.0751953125,0.0,-0.07421875,0.035888671875,0.006103515625,-0.090087890625,0.09033203125,0.0263671875,-0.0322265625,0.115234375,-0.0732421875,-0.116455078125,0.11328125,0.0693359375,-0.14306640625,-0.14306640625,0.13427734375,-0.078857421875,-0.135498046875,0.06640625,0.03271484375,-0.06884765625,0.02392578125,0.02392578125,-0.106689453125,-0.02294921875,0.087158203125,-0.072998046875,-0.071533203125,0.08740234375,-0.008056640625,-0.09814453125,-0.09814453125,0.039794921875,0.039794921875,-0.09765625,-0.00048828125,0.09228515625,-0.081787109375,-0.07275390625,0.0400390625,0.116943359375,-0.14599609375,0.031982421875,0.1240234375,-0.09228515625,-0.124267578125,0.074462890625,0.027099609375,-0.045654296875,0.03271484375,-0.10986328125,0.01904296875,0.081787109375,-0.08203125,-0.08203125,0.100341796875,-0.031005859375,-0.089111328125,-0.10400390625,0.052978515625,0.00244140625,0.042724609375,0.044189453125,-0.124755859375,-0.03515625,0.1220703125,-0.068359375,-0.060546875,-0.125,0.055419921875,-0.15966796875,-0.042236328125,0.13818359375,-0.04345703125,-0.11376953125,0.066650390625,0.01416015625,-0.10888671875,0.01708984375,0.07275390625,-0.055419921875,-0.055419921875,-0.0224609375,0.068115234375,-0.046142578125,-0.052490234375,0.065673828125,-0.027587890625,-0.063720703125,0.06494140625,0.013916015625,-0.104736328125,0.0234375,0.083984375,-0.124267578125,-0.067138671875,0.15185546875,-0.005615234375,-0.177978515625,0.021240234375,0.114501953125,-0.0869140625,-0.069091796875,0.08984375,-0.030029296875,-0.101806640625,0.03076171875,-0.001220703125,-0.060791015625,0.046630859375,0.026123046875,-0.1259765625,0.10009765625,-0.082763671875,-0.084228515625,0.087890625,-0.029296875,-0.12744140625,0.055419921875,0.055419921875,0.0732421875,-0.1298828125,-0.03271484375,0.153564453125,-0.039306640625,-0.1494140625,0.054931640625,0.076171875,-0.0654296875,-0.01025390625,0.0458984375,-0.064697265625,-0.018798828125,-0.05859375,-0.09375,0.0849609375,0.032958984375,-0.123779296875,-0.007568359375,0.101806640625,-0.0556640625,-0.067138671875,0.0517578125,-0.0439453125,-0.0546875,0.09228515625,-0.004638671875,-0.15576171875,0.04296875,0.04296875,0.171142578125,-0.1064453125,-0.174560546875,0.09228515625,0.0673828125,0.015625,-0.0107421875,0.047119140625,-0.077880859375,-0.039306640625,0.06640625,-0.07958984375,0.09423828125,0.010009765625,-0.1103515625,0.006103515625,0.03759765625,-0.0595703125,0.017822265625,0.052490234375,-0.107421875,-0.086181640625,-0.107421875,0.1435546875,-0.03271484375,-0.1416015625,0.079833984375,0.082275390625,-0.13720703125,-0.04736328125,-0.04296875,-0.07958984375,0.0859375,-0.020263671875,-0.12890625,0.040283203125,0.065185546875,-0.107177734375,-0.01318359375,0.10791015625,-0.076904296875,-0.05224609375,-0.09912109375,0.09375,0.005615234375,-0.12158203125,0.0224609375,-0.078857421875,-0.0107421875,0.077880859375,-0.1083984375,-0.100830078125,0.12646484375,0.031494140625,-0.166259765625,-0.166259765625,0.103271484375,-0.02490234375,-0.047119140625,0.04443359375,-0.052001953125,-0.076904296875,-0.076904296875,0.0791015625,0.0244140625,-0.12158203125,0.008544921875,0.120849609375,-0.058349609375,0.041748046875,0.01220703125,-0.017333984375,0.059814453125,-0.031005859375,-0.076171875,-0.10205078125,0.072998046875,0.11181640625,-0.08984375,0.16796875,0.027099609375,-0.17919921875,-0.015380859375,0.103515625,-0.025390625,-0.038330078125,0.025390625,-0.076416015625,-0.076416015625,0.097412109375,-0.030029296875,-0.128173828125,-0.128173828125,0.052734375,-0.088623046875,-0.026611328125,0.05078125,-0.092529296875,-0.033447265625,0.1259765625,-0.057861328125,-0.173828125,0.05810546875,0.10400390625,-0.108642578125,-0.010009765625,-0.108642578125,-0.023681640625,-0.065673828125,0.045654296875,-0.03466796875,-0.065185546875,0.09521484375,0.044189453125,-0.160400390625,-0.04638671875,0.13330078125,-0.04052734375,-0.104248046875,-0.104248046875,0.054931640625,-0.06982421875,-0.01708984375,0.010009765625,0.01708984375,-0.107421875,0.0302734375,-0.086181640625,-0.086181640625,-0.153564453125,0.086181640625,0.085205078125,-0.08154296875,0.06640625,-0.060302734375,-0.068359375,0.049072265625,-0.037353515625,-0.07177734375,0.0576171875,0.00341796875,-0.125244140625,-0.01806640625,0.07568359375,-0.063720703125,-0.06884765625,0.05126953125,-0.03271484375,-0.0595703125,0.0615234375,-0.016357421875,-0.118408203125,0.037353515625,0.1015625,-0.11181640625,-0.1083984375,0.11474609375,0.03466796875,-0.1103515625,0.010009765625,0.0576171875,-0.07373046875,-0.04638671875,0.049072265625,-0.036376953125,-0.0234375,-0.0234375,0.072509765625,-0.046875,-0.081298828125,0.021484375,-0.1103515625,0.023193359375,0.0341796875,0.09521484375,-0.100341796875,-0.0517578125,0.119873046875,-0.127685546875,0.1015625,0.1015625,0.074462890625,-0.150146484375,-0.042236328125,-0.04638671875,-0.092041015625,0.069580078125,-0.023681640625,-0.123046875,0.030517578125,0.04736328125,-0.086181640625,-0.000732421875,0.06494140625,-0.10205078125,-0.061279296875,0.115966796875,-0.02392578125,-0.112548828125,0.072265625,0.043212890625,-0.13134765625,-0.009033203125,0.115478515625,-0.091552734375,-0.121337890625,0.044189453125,0.109130859375,0.035400390625,-0.148193359375,-0.01953125,0.086669921875,-0.050048828125,0.0625,-0.045654296875,-0.073486328125,0.08203125,0.02587890625,-0.09130859375,0.025634765625,0.080322265625,-0.067626953125,-0.076904296875,0.07958984375,-0.012451171875,-0.0693359375,0.04931640625,0.02490234375,-0.002197265625,0.015380859375,0.067626953125,-0.111083984375,-0.06787109375,0.142578125,0.002685546875,0.002685546875,-0.18505859375,-0.0205078125,0.087890625,-0.033203125,0.033203125,-0.0537109375,-0.04443359375,0.07958984375,-0.024169921875,-0.091552734375,0.0546875,0.03662109375,-0.109130859375,-0.0283203125,0.07177734375,-0.0595703125,-0.04052734375,0.07275390625,-0.068359375,-0.110107421875,0.087158203125,0.04296875,-0.129638671875,0.012451171875,0.1318359375,-0.087646484375,-0.124755859375,0.112548828125,0.048828125,-0.118408203125,0.0078125,0.0888671875,-0.066162109375,-0.0654296875,0.06103515625,-0.017578125,-0.038330078125,0.052490234375,-0.035888671875,-0.0859375,0.04931640625,0.017333984375,-0.123291015625,-0.0029296875,0.09326171875,-0.079345703125,-0.076416015625,0.0869140625,-0.027587890625,-0.11669921875,0.066162109375,0.084228515625,-0.119384765625,-0.067626953125,0.10498046875,-0.010986328125,-0.0712890625,0.0595703125,0.000732421875,-0.113037109375,-0.0009765625,0.046630859375,-0.07421875,-0.012451171875,-0.012451171875,-0.068359375,-0.092041015625,0.07470703125,0.011962890625,-0.0908203125,0.036865234375,0.05078125,-0.095703125,0.0205078125,-0.009521484375,-0.060302734375,-0.116943359375,0.09765625,0.058837890625,-0.13818359375,-0.025634765625,0.132568359375,-0.031982421875,-0.115966796875,0.060791015625,0.036376953125,-0.106689453125,-0.019287109375,0.0400390625,-0.045166015625,-0.017822265625,0.025390625,-0.06884765625,-0.034423828125,0.079345703125,-0.043212890625,-0.0908203125,0.078369140625,0.037109375,-0.1171875,-0.003173828125,0.09619140625,-0.09716796875,-0.095703125,0.14697265625,0.028564453125,-0.197265625,-0.021728515625,0.126220703125,-0.05810546875,-0.083984375,0.072509765625,-0.022216796875,-0.1103515625,0.04541015625,0.03076171875,-0.08544921875,0.022216796875,0.062744140625,-0.074951171875,-0.041259765625,0.07763671875,-0.027099609375,-0.03369140625,0.0869140625,-0.045654296875,-0.115234375,0.0947265625,0.0849609375,-0.161865234375,-0.056640625,0.163818359375,-0.027587890625,-0.16845703125,0.030029296875,0.058349609375,-0.060546875,0.012939453125,0.0302734375,-0.1015625,-0.026611328125,0.109375,-0.05322265625,-0.098876953125,0.081298828125,0.025390625,-0.093017578125,0.017578125,0.039306640625,-0.107666015625,-0.021240234375,0.090576171875,-0.080810546875,-0.09521484375,0.09521484375,-0.004150390625,-0.149658203125,0.03076171875,0.11083984375,-0.1083984375,-0.1103515625,0.083740234375,-0.001220703125,-0.0712890625,0.06591796875,0.02294921875,-0.11572265625,-0.006103515625,0.090087890625,-0.06298828125,-0.044189453125,0.10009765625,-0.032958984375,-0.10888671875,0.05810546875,0.0322265625,-0.101806640625,0.016357421875,0.078125,-0.10791015625,-0.063720703125,0.13720703125,-0.025390625,-0.14599609375,0.0810546875,-0.1328125,-0.1328125,-0.079345703125,0.115234375,-0.00146484375,-0.063232421875,-0.026611328125,-0.026611328125,-0.119384765625,0.05615234375,0.084228515625,-0.114013671875,-0.054443359375,0.11376953125,-0.01953125,-0.108154296875,0.02392578125,-0.0126953125,-0.06787109375,0.064453125,0.03515625,-0.137939453125,-0.02978515625,0.13037109375,-0.058837890625,-0.130859375,0.065185546875,0.03515625,-0.084228515625,0.006591796875,-0.10888671875,0.017578125,0.017578125,0.137939453125,-0.096435546875,-0.17724609375,0.094482421875,0.104248046875,-0.106689453125,-0.044921875,0.084716796875,-0.032470703125,-0.076904296875,0.048095703125,-0.007080078125,-0.05615234375,0.058349609375,0.021240234375,-0.09375,0.060791015625,-0.0048828125,-0.050048828125,-0.011962890625,0.075439453125,-0.06884765625,-0.081787109375,0.1171875,0.034912109375,-0.15625,0.00732421875,0.154296875,-0.057861328125,-0.130615234375,0.07177734375,0.049072265625,-0.064208984375,0.02099609375,-0.002197265625,0.01318359375,-0.00634765625,0.081787109375,-0.0712890625,-0.07373046875,0.0771484375,-0.026611328125,-0.105712890625,0.04345703125,0.01513671875,-0.113037109375,0.01513671875,0.088623046875,-0.068115234375,0.117919921875,0.0357666015625,-0.0751953125,0.117919921875,0.09033203125,0.08447265625,-0.15234375,-0.06640625,0.11669921875,-0.087646484375,0.081787109375,0.081787109375,-0.00732421875,-0.126953125,0.03076171875,0.059814453125,-0.0830078125,0.0,0.0068359375,0.09326171875,-0.0810546875,0.0986328125,-0.00634765625,-0.089599609375,0.073486328125,0.03662109375,-0.12109375,0.018310546875,0.147216796875,-0.1416015625,0.1142578125,0.045166015625,0.045166015625,-0.165771484375,-0.0400390625,0.0849609375,-0.03662109375,-0.048095703125,0.046630859375,-0.063232421875,-0.09228515625,0.079833984375,0.020751953125,-0.109619140625
Prusa_B,-0.03125,-0.059814453125,-0.06787109375,-0.06396484375,-0.06396484375,-0.02783203125,0.078857421875,0.067138671875,0.041015625,-0.005126953125,-0.05322265625,-0.0673828125,-0.065673828125,-0.044921875,-0.00439453125,0.008056640625,0.008056640625,-0.021728515625,-0.014404296875,0.0087890625,0.046142578125,0.05517578125,0.02685546875,0.031982421875,-0.045166015625,-0.068603515625,-0.072021484375,-0.057861328125,-0.0048828125,0.0625,0.062255859375,0.062255859375,0.022705078125,-0.03173828125,-0.072509765625,-0.0771484375,-0.059814453125,-0.022705078125,0.013916015625,0.00634765625,-0.027587890625,-0.046875,-0.046875,-0.00244140625,0.0556640625,0.062744140625,0.037109375,0.052001953125,0.0576171875,-0.0107421875,-0.028564453125,-0.028564453125,-0.04443359375,-0.057861328125,0.0009765625,0.001708984375,-0.046875,0.01416015625,0.0166015625,-0.03076171875,0.03564453125,0.05078125,0.042236328125,0.042236328125,-0.021484375,-0.08447265625,-0.045654296875,-0.044921875,-0.068115234375,-0.029541015625,-0.0224609375,0.03662109375,0.03662109375,-0.00634765625,-0.04150390625,-0.03369140625,-0.0341796875,-0.02587890625,-0.02685546875,-0.03369140625,0.008544921875,-0.040771484375,-0.040771484375,-0.057373046875,-0.046630859375,-0.042724609375,0.009765625,0.041015625,0.012939453125,-0.004150390625,-0.0166015625,-0.0166015625,-0.056884765625,-0.008544921875,0.00390625,-0.00927734375,0.003662109375,0.010986328125,-0.0087890625,0.0078125,0.0078125,-0.02734375,-0.008056640625,0.04345703125,0.044921875,0.03173828125,0.000732421875,-0.04931640625,0.0146484375,0.01806640625,0.01806640625,-0.00341796875,-0.0185546875,-0.0166015625,0.009765625,-0.0048828125,-0.060302734375,0.018310546875,0.043701171875,0.043701171875,0.0283203125,-0.01513671875,-0.0703125,-0.064453125,-0.015869140625,0.0166015625,0.010498046875,-0.041015625,-0.041015625,-0.064453125,-0.0458984375,-0.037109375,-0.016845703125,0.0107421875,0.0234375,-0.02587890625,-0.04296875,-0.04296875,-0.02734375,0.005859375,-0.000244140625,-0.03857421875,-0.0458984375,-0.024169921875,-0.021484375,-0.03564453125,-0.03564453125,0.011962890625,0.049560546875,0.027099609375,-0.00439453125,-0.001708984375,-0.005615234375,-0.06640625,-0.0322265625,-0.0322265625,0.014404296875,-0.010009765625,-0.057861328125,-0.034912109375,0.011962890625,0.012939453125,0.041748046875,0.026611328125,-0.000732421875,-0.000732421875,-0.024169921875,-0.025634765625,-0.001220703125,-0.010498046875,-0.034912109375,-0.001220703125,-0.02685546875,-0.0390625,-0.0390625,-0.013671875,0.00537109375,0.013916015625,-0.001708984375,-0.009521484375,-0.02099609375,-0.06640625,-0.05322265625,-0.05322265625,-0.017578125,-0.002197265625,0.015869140625,0.014404296875,-0.021728515625,-0.015380859375,0.003173828125,-0.00537109375,-0.00537109375,-0.021484375,-0.0126953125,-0.001953125,-0.009521484375,-0.015380859375,-0.035400390625,-0.031982421875,-0.000244140625,-0.000244140625,0.01123046875,-0.00634765625,-0.008056640625,0.00244140625,-0.002197265625,-0.04443359375,-0.03759765625,0.006103515625,0.0185546875,0.0185546875,0.009521484375,0.001708984375,-0.009765625,-0.037353515625,-0.052490234375,-0.005859375,0.01806640625,0.009765625,0.009765625,0.0166015625,0.012939453125,-0.0224609375,-0.02783203125,-0.003662109375,0.011962890625,0.0283203125,0.033447265625,-0.0087890625,-0.03564453125,-0.06689453125,-0.033447265625,0.00927734375,0.00927734375,0.011962890625,0.00634765625,0.00537109375,-0.00439453125,-0.024658203125,-0.03662109375,-0.02490234375,-0.02685546875,-0.036376953125,-0.006591796875,-0.000244140625,-0.042724609375,-0.041015625,-0.03955078125,-0.03955078125,-0.033447265625,0.00048828125,0.013671875,0.009765625,-0.01953125,-0.01708984375,-0.025390625,-0.040771484375,-0.00537109375,0.02880859375,0.02197265625,0.02197265625,0.00244140625,-0.003173828125,-0.01025390625,-0.035400390625,-0.042724609375,0.01025390625,0.02392578125,0.002197265625,-0.008056640625,-0.020751953125,-0.042236328125,-0.04296875,-0.009521484375,0.01025390625,0.01025390625,0.016845703125,0.012939453125,0.00244140625,-0.011474609375,-0.02783203125,-0.018798828125,0.015869140625,-0.009765625,-0.02197265625,-0.012451171875,-0.015380859375,-0.02978515625,-0.03369140625,-0.001220703125,-0.001220703125,0.025390625,0.0224609375,0.01953125,0.00634765625,-0.053466796875,-0.02685546875,-0.01025390625,-0.001708984375,-0.021728515625,-0.021728515625,-0.039794921875,-0.02490234375,-0.014892578125,-0.009765625,-0.002197265625,-0.009521484375,-0.023681640625,-0.0185546875,-0.012939453125,-0.012939453125,-0.03125,-0.020751953125,0.005859375,-0.00732421875,-0.00439453125,0.0390625,0.001708984375,-0.031982421875,-0.019287109375,-0.019287109375,-0.01220703125,-0.00244140625,-0.015625,-0.029296875,-0.013916015625,-0.023681640625,0.013427734375,0.0107421875,-0.018798828125,-0.018798828125,-0.0224609375,-0.025634765625,-0.01123046875,-0.001708984375,-0.0087890625,-0.0048828125,-0.034912109375,-0.0322265625,0.014892578125,0.014892578125,0.01708984375,-0.013671875,-0.004638671875,0.001220703125,-0.014404296875,-0.035400390625,-0.04296875,-0.019287109375,0.008056640625,0.008056640625,0.020751953125,0.0244140625,-0.004150390625,-0.015380859375,0.00244140625,-0.02392578125,-0.05078125,-0.020751953125,-0.001220703125,-0.001220703125,-0.03564453125,-0.0576171875,-0.03076171875,0.00732421875,-0.005859375,0.0,0.01513671875,0.008544921875,0.008544921875,-0.026611328125,-0.047119140625,-0.032958984375,-0.033447265625,0.009521484375,0.019287109375,-0.016357421875,0.00146484375,0.00146484375,0.0283203125,0.009521484375,-0.005859375,-0.01123046875,-0.019287109375,-0.022705078125,-0.033935546875,-0.021240234375,-0.021240234375,-0.00830078125,-0.02734375,-0.026123046875,0.020751953125,0.00048828125,-0.01025390625,-0.005859375,-0.023681640625,-0.046142578125,-0.046142578125,-0.02685546875,-0.0166015625,0.001953125,0.033935546875,0.032958984375,0.0009765625,-0.02197265625,-0.021240234375,-0.021240234375,-0.00390625,-0.01318359375,0.00439453125,-0.000732421875,-0.031982421875,-0.030517578125,0.005615234375,0.004150390625,0.004150390625,-0.0087890625,-0.008544921875,0.0048828125,-0.021484375,-0.03759765625,-0.029052734375,-0.02490234375,-0.041015625,-0.041015625,-0.020263671875,0.010009765625,-0.014404296875,0.010986328125,0.02587890625,-0.009521484375,-0.03955078125,-0.031982421875,-0.031982421875,-0.0224609375,-0.038818359375,0.022216796875,0.01953125,-0.0068359375,-0.0078125,0.0185546875,0.015625,0.015625,-0.01318359375,-0.022705078125,-0.0341796875,-0.052734375,-0.018798828125,0.012939453125,-0.00341796875,-0.02490234375,-0.02490234375,-0.016845703125,0.00244140625,-0.038330078125,-0.01123046875,0.02099609375,0.01025390625,-0.004150390625,-0.01171875,-0.030029296875,-0.030029296875,-0.04931640625,0.010009765625,0.012939453125,-0.0029296875,-0.003173828125,0.004150390625,-0.015380859375,-0.027587890625,-0.0166015625,-0.0009765625,0.00537109375,0.010498046875,0.00146484375,-0.001953125,-0.001708984375,-0.001708984375,-0.018310546875,-0.03125,-0.037109375,-0.03564453125,-0.015380859375,-0.001220703125,-0.002197265625,-0.033935546875,-0.03662109375,-0.006103515625,0.002197265625,-0.017333984375,-0.01904296875,0.01025390625,-0.012451171875,-0.03564453125,0.00341796875,0.005615234375,-0.043701171875,-0.048095703125,0.01171875,0.039306640625,-0.001953125,-0.012939453125,0.0166015625,-0.001220703125,-0.048583984375,-0.037109375,-0.004638671875,-0.004638671875,-0.0068359375,-0.016357421875,-0.007080078125,0.017578125,0.020751953125,-0.031982421875,-0.02490234375,-0.0302734375,-0.041748046875,-0.01806640625,0.002685546875,-0.02099609375,-0.027099609375,0.017578125,0.041748046875,-0.00341796875,-0.03857421875,-0.01904296875,-0.015869140625,-0.038818359375,-0.014892578125,0.0244140625,0.007080078125,-0.031494140625,-0.01611328125,0.02294921875,0.00244140625,-0.030029296875,-0.000244140625,-0.000244140625,0.027587890625,-0.014404296875,-0.057373046875,-0.005859375,0.003173828125,-0.000244140625,0.0166015625,0.018798828125,-0.0302734375,-0.0615234375,-0.033447265625,0.015869140625,0.016845703125,-0.004638671875,0.0029296875,-0.01611328125,-0.080078125,-0.084228515625,-0.0078125,0.0439453125,0.01904296875,0.010986328125,0.010986328125,0.05224609375,0.034423828125,-0.033447265625,-0.075439453125,-0.012939453125,-0.010986328125,0.0087890625,0.0146484375,-0.001220703125,-0.044189453125,-0.0361328125,0.033935546875,0.041259765625,-0.012939453125,-0.034912109375,-0.006591796875,-0.02978515625,-0.060546875,-0.0400390625,0.00830078125,-0.008056640625,-0.008056640625,-0.0400390625,0.05029296875,0.010986328125,-0.029296875,0.006103515625,0.031494140625,-0.020263671875,-0.057861328125,-0.035400390625,-0.01708984375,-0.03125,-0.020751953125,0.0390625,0.05224609375,0.0,-0.0439453125,-0.0439453125,-0.033447265625,-0.0341796875,0.0068359375,0.024658203125,-0.031494140625,-0.071044921875,-0.024169921875,0.01904296875,-0.006591796875,-0.028076171875,0.00634765625,0.04296875,0.00390625,-0.05224609375,-0.05322265625,-0.0205078125,-0.017822265625,-0.01513671875,0.032470703125,0.03759765625,0.03759765625,-0.020751953125,0.00244140625,0.011474609375,-0.02685546875,-0.020751953125,0.015625,-0.0107421875,-0.05126953125,-0.036376953125,0.0,-0.01025390625,-0.037109375,0.003662109375,0.0673828125,0.012451171875,-0.06884765625,-0.061279296875,-0.0185546875,-0.018310546875,-0.0185546875,0.023681640625,0.03271484375,-0.028564453125,-0.05859375,-0.003662109375,0.02001953125,-0.012451171875,-0.01123046875,0.026611328125,0.002685546875,-0.064208984375,-0.042724609375,0.025634765625,0.00732421875,-0.047607421875,-0.00830078125,0.069091796875,0.03515625,-0.071044921875,-0.071533203125,0.0048828125,-0.012939453125,-0.0615234375,0.0,0.065673828125,-0.0087890625,-0.103271484375,-0.04931640625,0.043701171875,0.00830078125,-0.044189453125,0.01416015625,0.0361328125,-0.064697265625,-0.057373046875,0.0654296875,0.06005859375,-0.06591796875,-0.061767578125,0.052734375,0.02685546875,-0.086669921875,-0.0498046875,0.0615234375,0.03076171875,-0.056640625,0.00048828125,0.064208984375,-0.03173828125,-0.0986328125,-0.022216796875,0.052978515625,-0.002197265625,-0.05029296875,0.005615234375,0.01806640625,-0.065673828125,-0.06591796875,0.02978515625,0.030029296875,-0.0673828125,-0.041015625,0.07177734375,0.040283203125,-0.068359375,-0.05029296875,0.040771484375,0.007080078125,-0.077392578125,0.071044921875,0.071044921875,0.034912109375,-0.0517578125,-0.02392578125,0.037841796875,-0.015380859375,-0.03564453125,0.021240234375,0.009521484375,-0.058349609375,-0.067626953125,0.00634765625,0.00830078125,-0.05859375,-0.02978515625,0.050537109375,0.044677734375,-0.042724609375,-0.061767578125,-0.00830078125,0.011962890625,-0.012939453125,-0.0400390625,-0.021484375,-0.0078125,-0.05859375,-0.0634765625,0.02490234375,0.081298828125,0.03759765625,-0.01416015625,0.0146484375,0.013427734375,-0.08056640625,-0.111328125,0.0263671875,0.070068359375,-0.060302734375,-0.07568359375,0.09716796875,0.09716796875,-0.06982421875,-0.096923828125,0.05322265625,0.048583984375,-0.06884765625,-0.05029296875,0.009033203125,-0.06298828125,-0.10205078125,0.021728515625,0.09619140625,-0.003173828125,0.027099609375,0.058349609375,-0.01513671875,-0.01513671875,-0.045166015625,0.0146484375,0.009033203125,-0.084228515625,-0.08837890625,0.00341796875,0.048828125,0.013916015625,-0.00830078125,0.041259765625,0.047119140625,-0.069091796875,-0.05078125,-0.05078125,-0.043212890625,-0.060546875,0.000244140625,0.041259765625,-0.03173828125,-0.065673828125,-0.007080078125,0.036376953125,0.0009765625,-0.02783203125,0.00390625,-0.046875,-0.12060546875,-0.12060546875,-0.0546875,0.04345703125,0.00634765625,-0.009765625,0.0546875,0.055419921875,-0.01416015625,-0.0322265625,0.004150390625,-0.00634765625,-0.035400390625,-0.02197265625,-0.018310546875,-0.018310546875,-0.0595703125,-0.0361328125,0.049560546875,0.0546875,-0.0166015625,-0.0146484375,0.04296875,-0.017578125,-0.124755859375,-0.0849609375,0.0,-0.055419921875,0.01953125,0.01953125,0.084228515625,-0.01025390625,-0.082275390625,0.00634765625,0.072265625,-0.021240234375,-0.078857421875,-0.003662109375,0.002197265625,-0.087890625,-0.04833984375,0.08447265625,-0.06298828125,-0.06298828125,-0.02197265625,0.07568359375,0.007568359375,-0.111328125,-0.072021484375,0.014892578125,-0.040283203125,-0.091796875,0.001220703125,0.087158203125,-0.09521484375,-0.0029296875,0.087158203125,0.087158203125,-0.010009765625,-0.092529296875,-0.025634765625,0.000244140625,-0.08837890625,-0.0537109375,0.087890625,0.05859375,-0.07666015625,-0.046630859375,0.084228515625,0.056884765625,-0.072265625,-0.052490234375,0.035400390625,-0.01513671875,-0.088623046875,0.08056640625,0.01220703125,-0.087646484375,-0.087646484375,-0.0087890625,0.086181640625,0.005615234375,-0.09375,-0.0400390625,0.036376953125,-0.0439453125,-0.080810546875,0.072509765625,-0.05810546875,-0.080078125,-0.080078125,0.068603515625,0.072509765625,-0.069091796875,-0.082763671875,0.0400390625,0.037353515625,-0.096923828125,-0.0625,0.074462890625,-0.047119140625,0.00390625,0.076416015625,0.076416015625,-0.006591796875,-0.093017578125,-0.010009765625,0.04150390625,-0.084228515625,-0.121826171875,0.026611328125,0.095458984375,-0.08984375,0.036376953125,0.075927734375,-0.04052734375,-0.0830078125,0.01513671875,0.01513671875,0.0107421875,-0.099365234375,-0.073974609375,0.04443359375,0.01953125,-0.08349609375,-0.019287109375,0.107666015625,-0.06884765625,-0.028564453125,0.060302734375,-0.02978515625,-0.114013671875,-0.114013671875,-0.0078125,0.049560546875,-0.044189453125,-0.064697265625,0.050537109375,0.104248046875,-0.01123046875,0.005126953125,0.056396484375,-0.07421875,-0.137939453125,-0.137939453125,0.007568359375,0.05322265625,-0.080078125,-0.064453125,0.111572265625,0.081787109375,-0.101806640625,0.086669921875,0.039794921875,-0.09716796875,-0.060791015625,0.021728515625,0.021728515625,-0.007080078125,-0.068115234375,-0.018798828125,0.06103515625,0.041748046875,-0.031005859375,-0.00732421875,-0.001220703125,-0.126220703125,-0.042236328125,0.053955078125,-0.08154296875,-0.08154296875,-0.154052734375,0.058837890625,0.129150390625,-0.063232421875,-0.080322265625,0.062255859375,0.058837890625,-0.066650390625,0.00146484375,-0.000244140625,-0.086181640625,-0.065185546875,0.051513671875,0.05029296875,0.05029296875,-0.07177734375,-0.027587890625,0.133544921875,0.054931640625,-0.116455078125,-0.041015625,0.077880859375,-0.107177734375,-0.03125,0.012939453125,-0.02880859375,-0.0029296875,0.068359375,0.068359375,0.0439453125,-0.034423828125,-0.044677734375,0.0087890625,0.032470703125,-0.071044921875,-0.1083984375,0.043701171875,-0.085693359375,-0.076171875,0.087890625,0.060302734375,0.060302734375,-0.059326171875,0.009033203125,0.0595703125,-0.032958984375,-0.091796875,-0.025390625,0.0068359375,-0.05078125,0.0791015625,0.046875,-0.04052734375,-0.00390625,0.03125,0.03125,0.007080078125,-0.025390625,-0.049072265625,-0.051025390625,-0.027587890625,-0.00634765625,-0.02587890625,-0.004150390625,0.034423828125,0.037353515625,0.013671875,-0.03466796875,-0.066162109375,-0.01171875,-0.01171875,-0.00439453125,-0.05517578125,-0.075927734375,-0.026611328125,0.082763671875,0.092041015625,-0.0830078125,0.019775390625,0.064453125,-0.01318359375,-0.071533203125,-0.03759765625,-0.03759765625,-0.0087890625,-0.041748046875,-0.039306640625,0.031982421875,0.048583984375,0.00146484375,0.018798828125,-0.00439453125,-0.044677734375,-0.0556640625,-0.045166015625,-0.05517578125,-0.077392578125,-0.077392578125,-0.00537109375,0.0546875,-0.000732421875,-0.04345703125,0.024658203125,0.076416015625,-0.003662109375,-0.038818359375,-0.0078125,-0.056640625,-0.087158203125,-0.002197265625,0.07421875,0.07421875,0.046142578125,-0.005859375,-0.000732421875,0.01171875,-0.021484375,-0.03173828125,-0.06103515625,-0.0693359375,0.0283203125,0.06689453125,-0.0126953125,-0.06689453125,-0.06689453125,0.001220703125,0.082275390625,0.002685546875,-0.084716796875,0.033447265625,-0.052490234375,-0.099853515625,0.0029296875,0.056884765625,-0.00634765625,0.0,0.0,0.07861328125,0.044189453125,-0.047607421875,-0.031494140625,0.01123046875,-0.083740234375,-0.02587890625,0.0478515625,-0.01611328125,-0.081298828125,0.00048828125,0.09423828125,0.09423828125,0.0205078125,-0.06640625,-0.0244140625,0.03662109375,-0.08349609375,-0.0849609375,-0.048583984375,-0.0107421875,0.006103515625,0.00341796875,0.021240234375,0.012939453125,0.012939453125,-0.03466796875,-0.033203125,-0.004638671875,-0.011962890625,0.00830078125,-0.034912109375,-0.06787109375,-0.029296875,0.02197265625,0.02001953125,-0.025146484375,-0.025146484375,-0.041259765625,-0.0107421875,0.020751953125,0.014404296875,-0.068603515625,-0.031005859375,0.010498046875,0.02880859375,0.016357421875,-0.0322265625,-0.03759765625,-0.016845703125,-0.016845703125,-0.039794921875,-0.0166015625,0.0361328125,-0.04345703125,-0.05126953125,-0.042724609375,-0.036865234375,0.059326171875,0.0859375,0.0009765625,-0.030029296875,-0.013427734375,-0.013427734375,-0.05908203125,-0.068359375,0.00439453125,0.020263671875,0.023681640625,-0.01708984375,-0.051513671875,-0.019775390625,-0.00830078125,-0.01171875,0.029052734375,0.048828125,-0.022216796875,-0.022216796875,-0.059814453125,-0.039794921875,-0.040283203125,0.010498046875,-0.008056640625,-0.004150390625,-0.002685546875,-0.00830078125,-0.02197265625,-0.053955078125,-0.028564453125,0.02294921875,-0.01220703125,-0.01220703125,-0.021728515625,-0.025390625,-0.090576171875,0.0439453125,-0.0146484375,0.0146484375,0.0185546875,0.03271484375,-0.064208984375,-0.09716796875,-0.05126953125,-0.002685546875,0.014404296875,0.000732421875,-0.018310546875,0.007568359375,0.017333984375,-0.013916015625,-0.050537109375,0.00830078125,0.073486328125,0.08837890625,0.00244140625,-0.0859375,-0.076416015625,-0.0078125,0.06396484375,0.083251953125,0.023193359375,-0.038818359375,-0.038818359375,-0.050048828125,-0.042724609375,-0.03857421875,-0.052734375,-0.079345703125,0.0283203125,0.06201171875,0.053955078125,0.038330078125,0.022216796875,0.00390625,-0.043701171875,-0.083740234375,-0.081298828125,-0.0673828125,-0.044189453125,-0.015380859375,0.01513671875,0.030029296875,0.030029296875,0.00390625,-0.014404296875,0.02099609375,0.009521484375,-0.002197265625,0.031982421875,0.053466796875,-0.02978515625,-0.106689453125,-0.059326171875,-0.005859375,-0.029296875,-0.001220703125,-0.001220703125,0.0283203125,0.005859375,-0.000244140625,-0.080322265625,0.015625,-0.033203125,-0.00439453125,0.060791015625,-0.118896484375,0.020751953125,0.027099609375,-0.096435546875,0.031494140625,0.031494140625,-0.07958984375,0.0517578125,-0.09228515625,-0.029052734375,-0.037109375,-0.00048828125,0.08203125,0.0107421875,0.00634765625,0.025390625,-0.0205078125,-0.0205078125,-0.0302734375,-0.0830078125,0.0087890625,0.052734375,0.04931640625,-0.00634765625,-0.010009765625,-0.01220703125,-0.007080078125,-0.00390625,-0.043212890625,-0.043212890625,0.029052734375,-0.042236328125,-0.04248046875,-0.03759765625,-0.009033203125,0.01806640625,-0.044921875,-0.08251953125,-0.0087890625,0.0654296875,0.018310546875,-0.03515625,-0.036376953125,-0.036376953125,0.025634765625,0.031005859375,-0.038818359375,-0.054443359375,-0.021484375,-0.010009765625,-0.013671875,-0.0361328125,-0.028564453125,0.010009765625,0.034423828125,0.034423828125,0.014892578125,-0.03369140625,-0.033935546875,0.042724609375,0.066162109375,-0.0283203125,-0.083251953125,-0.0517578125,0.03955078125,0.057373046875,-0.02880859375,-0.065185546875,-0.003662109375,-0.003662109375,0.038818359375,-0.082763671875,-0.105224609375,0.041259765625,0.08447265625,-0.023681640625,-0.09814453125,-0.01953125,0.072265625,0.004638671875,-0.11376953125,-0.078369140625,-0.078369140625,0.098876953125,-0.0517578125,-0.089111328125,0.017578125,0.0361328125,-0.040771484375,-0.057373046875,0.025634765625,0.05810546875,-0.01318359375,-0.0732421875,-0.035888671875,0.010498046875,-0.022216796875,-0.009033203125,0.01025390625,-0.0517578125,-0.052001953125,0.03271484375,0.036376953125,-0.02685546875,-0.0625,-0.010986328125,0.0234375,-0.037109375,-0.068359375,-0.00732421875,0.044921875,0.00146484375,-0.046630859375,-0.017822265625,0.011474609375,-0.017578125,-0.01953125,0.0263671875,0.005615234375,-0.03369140625,0.004150390625,0.06591796875,0.022216796875,-0.055419921875,-0.034423828125,0.0087890625,-0.000244140625,-0.021484375,0.010986328125,0.0693359375,0.015625,-0.06005859375,-0.02880859375,0.02685546875,-0.028564453125,-0.077392578125,-0.010009765625,0.031982421875,-0.014892578125,-0.0595703125,-0.01708984375,0.00732421875,-0.04248046875,-0.0556640625,0.0009765625,0.01708984375,-0.041748046875,-0.02197265625,0.035888671875,0.009521484375,-0.063232421875,-0.055419921875,0.029296875,0.015625,-0.0546875,-0.005126953125,0.0693359375,0.01123046875,-0.072265625,-0.03076171875,0.03076171875,-0.03759765625,-0.09228515625,0.010009765625,0.08544921875,0.01611328125,-0.061767578125,-0.00634765625,0.04150390625,-0.050537109375,-0.08251953125,0.030517578125,0.054931640625,-0.0341796875,-0.056884765625,0.0234375,0.0400390625,-0.040771484375,-0.052490234375,0.028564453125,0.03662109375,-0.033447265625,-0.021240234375,0.041259765625,0.006591796875,-0.082275390625,-0.071044921875,0.015869140625,0.02685546875,-0.03662109375,-0.021484375,0.031005859375,-0.053955078125,-0.053955078125,-0.051025390625,-0.00390625,-0.021240234375,-0.05126953125,0.002197265625,0.027587890625,-0.03515625,-0.054931640625,0.0087890625,0.016357421875,-0.03759765625,-0.05078125,0.017578125,0.037841796875,-0.045654296875,-0.04296875,0.042724609375,0.022216796875,-0.0556640625,-0.0244140625,0.05029296875,0.01708984375,-0.051025390625,-0.01171875,0.04443359375,-0.001953125,-0.06787109375,-0.0205078125,0.033935546875,-0.0126953125,-0.04248046875,0.03466796875,0.03466796875,-0.013671875,-0.06298828125,0.001220703125,0.028076171875,-0.038818359375,-0.043701171875,0.007568359375,0.0009765625,-0.054443359375,-0.038330078125,0.034423828125,0.005615234375,-0.064453125,-0.026611328125,0.01806640625,0.01806640625,-0.062744140625,-0.036376953125,0.0263671875,-0.003662109375,-0.0576171875,-0.01123046875,0.03466796875,-0.0166015625,-0.075927734375,-0.008056640625,0.0625,0.002197265625,-0.04931640625,0.003173828125,-0.057373046875,-0.057373046875,-0.05419921875,0.022705078125,0.014404296875,-0.046630859375,-0.01123046875,0.07666015625,0.044921875,-0.071044921875,-0.078369140625,0.021728515625,-0.001953125,-0.088134765625,-0.018798828125,0.037841796875,-0.0546875,-0.0546875,-0.026123046875,0.038330078125,-0.0166015625,-0.079345703125,-0.010009765625,0.04931640625,-0.017822265625,-0.061279296875,0.004150390625,0.0302734375,-0.04248046875,-0.085205078125,-0.009521484375,-0.017333984375,-0.024658203125,-0.024658203125,0.045654296875,0.042236328125,-0.071044921875,-0.09033203125,0.02197265625,0.017578125,-0.0791015625,-0.03955078125,0.072998046875,0.050048828125,-0.043212890625,-0.0263671875,0.0458984375,-0.088623046875,-0.04638671875,0.0341796875,0.0341796875,0.0146484375,-0.037353515625,0.014892578125,0.05224609375,-0.0146484375,-0.054443359375,-0.015625,-0.009033203125,-0.057373046875,0.0263671875,0.018798828125,0.018798828125,-0.051513671875,-0.024169921875,0.064697265625,0.01806640625,-0.087890625,-0.053955078125,0.0556640625,0.03076171875,-0.07470703125,0.052490234375,0.0087890625,0.0087890625,-0.093994140625,-0.051513671875,0.04345703125,0.02294921875,-0.057861328125,0.00390625,0.06982421875,-0.0107421875,-0.05419921875,-0.003662109375,-0.07177734375,-0.078857421875,-0.078857421875,0.019775390625,0.066162109375,-0.015625,-0.035888671875,0.04248046875,0.009521484375,-0.0947265625,-0.0693359375,0.04248046875,-0.07275390625,-0.03271484375,0.0712890625,0.0712890625,0.038818359375,-0.067138671875,-0.036376953125,0.076416015625,0.00634765625,-0.093994140625,-0.013671875,0.06689453125,-0.076171875,-0.013916015625,0.072998046875,0.0029296875,0.0029296875,-0.083984375,0.01123046875,0.068115234375,-0.041748046875,-0.0859375,0.0224609375,0.0439453125,-0.072021484375,0.01708984375,0.047119140625,-0.05859375,-0.05859375,-0.08056640625,0.038818359375,0.03857421875,-0.058349609375,-0.025390625,0.04541015625,-0.011962890625,-0.09130859375,0.047607421875,0.002685546875,-0.073974609375,-0.0009765625,-0.0009765625,0.06982421875,-0.001220703125,-0.072265625,-0.0068359375,0.064208984375,-0.01513671875,-0.086669921875,-0.008544921875,-0.031494140625,-0.05224609375,0.027099609375,0.041748046875,-0.038818359375,-0.038818359375,-0.06689453125,0.01953125,0.018798828125,-0.073974609375,-0.06201171875,0.03369140625,0.0146484375,-0.043212890625,0.052978515625,-0.01220703125,-0.079833984375,0.00048828125,0.063232421875,0.063232421875,-0.006591796875,-0.073974609375,-0.005615234375,0.050537109375,-0.03466796875,-0.086669921875,0.014892578125,-0.049072265625,-0.075439453125,0.041015625,0.079345703125,-0.048583984375,-0.08154296875,-0.08154296875,0.02392578125,0.01953125,-0.087890625,-0.082275390625,0.033203125,0.032470703125,-0.063720703125,-0.049072265625,0.03369140625,-0.087158203125,-0.041015625,0.055908203125,0.001953125,-0.100341796875,-0.022216796875,-0.022216796875,0.07763671875,0.001953125,-0.07080078125,0.0224609375,0.091064453125,-0.02197265625,-0.103515625,0.061279296875,-0.046875,-0.109130859375,0.026123046875,0.085205078125,-0.04833984375,-0.04833984375,-0.08447265625,0.04736328125,0.064208984375,-0.075439453125,-0.09423828125,0.037109375,0.043701171875,-0.061279296875,0.06494140625,0.019775390625,-0.087158203125,-0.039306640625,0.06787109375,0.06787109375,0.02392578125,-0.078369140625,-0.016357421875,0.0673828125,-0.02099609375,-0.104248046875,0.072021484375,-0.0224609375,-0.084228515625,0.019775390625,0.08154296875,-0.0322265625,-0.09912109375,-0.09912109375,0.017333984375,0.055419921875,-0.055419921875,-0.076171875,0.033447265625,0.0361328125,-0.04736328125,0.08154296875,0.0380859375,-0.093994140625,-0.0537109375,0.064453125,0.019287109375,0.019287109375,-0.0849609375,-0.033447265625,0.06689453125,0.01025390625,-0.0712890625,0.075439453125,-0.006103515625,-0.08544921875,-0.002685546875,0.03759765625,-0.046630859375,-0.046630859375,-0.078857421875,0.017333984375,0.058837890625,-0.049072265625,-0.0751953125,0.03662109375,-0.091064453125,-0.078369140625,0.0615234375,0.051025390625,0.051025390625,-0.076416015625,-0.05224609375,0.047607421875,-0.0107421875,-0.10009765625,0.0869140625,0.018798828125,-0.0830078125,-0.00439453125,0.071533203125,-0.0244140625,-0.0244140625,-0.0908203125,0.009765625,0.083251953125,-0.035400390625,0.039794921875,0.092041015625,-0.078857421875,-0.125244140625,0.04052734375,0.090576171875,-0.054931640625,-0.054931640625,-0.083984375,0.070068359375,0.067138671875,-0.10400390625,0.052978515625,0.0458984375,-0.09130859375,-0.07177734375,0.08349609375,0.05810546875,0.05810546875,-0.087646484375,-0.0537109375,0.07958984375,0.02880859375,-0.103271484375,0.060546875,-0.0126953125,-0.0869140625,0.026611328125,0.1005859375,-0.010009765625,-0.08349609375,-0.08349609375,0.00341796875,0.0458984375,-0.0625,0.0166015625,0.0693359375,-0.051513671875,-0.06640625,0.062255859375,0.052490234375,-0.08203125,-0.08203125,-0.06982421875,0.054931640625,0.015869140625,-0.073974609375,0.043212890625,-0.011474609375,-0.076416015625,0.00927734375,0.091552734375,-0.006591796875,-0.0869140625,-0.0869140625,0.0087890625,0.067626953125,-0.05126953125,-0.112060546875,0.027587890625,-0.0478515625,-0.091796875,0.040771484375,0.084228515625,-0.05712890625,-0.111083984375,0.0263671875,0.045654296875,0.045654296875,-0.0751953125,-0.072021484375,0.05029296875,0.03369140625,-0.07958984375,0.02685546875,0.019775390625,-0.06591796875,-0.009033203125,0.098388671875,0.00146484375,-0.100341796875,-0.025634765625,-0.025634765625,0.034912109375,-0.02978515625,-0.0703125,0.032470703125,-0.019775390625,-0.07421875,0.02490234375,0.05419921875,-0.06591796875,-0.08251953125,0.045654296875,0.05126953125,-0.08935546875,-0.08935546875,-0.08544921875,0.08984375,0.069091796875,-0.097412109375,0.045654296875,0.027587890625,-0.095703125,-0.048583984375,0.07177734375,-0.00390625,-0.09423828125,-0.000244140625,0.09716796875,0.09716796875,-0.00927734375,-0.125732421875,-0.012451171875,-0.04638671875,-0.087646484375,0.075439453125,0.125732421875,-0.05126953125,-0.138427734375,0.006103515625,0.076171875,-0.055908203125,-0.09423828125,-0.09423828125,0.052978515625,0.08203125,-0.073486328125,0.057861328125,0.022216796875,-0.12646484375,-0.05322265625,0.100341796875,0.02880859375,-0.121337890625,-0.061767578125,0.080078125,0.00146484375,0.00146484375,-0.123779296875,-0.018798828125,0.121337890625,-0.117919921875,-0.029541015625,0.080810546875,-0.0234375,-0.09423828125,0.031982421875,0.09033203125,-0.04931640625,-0.093505859375,0.053955078125,0.053955078125,-0.08203125,-0.0693359375,0.06103515625,0.033447265625,-0.0986328125,-0.06103515625,0.09423828125,0.046875,-0.1171875,-0.059814453125,0.09521484375,0.005859375,-0.133056640625,-0.045654296875,-0.045654296875,0.07763671875,-0.06494140625,-0.0078125,0.007568359375,0.080810546875,-0.037841796875,-0.068603515625,0.05859375,-0.07421875,-0.08447265625,0.060546875,0.060791015625,-0.089111328125,-0.059814453125,0.09130859375,0.034423828125,0.034423828125,-0.12109375,0.107421875,0.03662109375,-0.121337890625,-0.03564453125,0.111572265625,0.005615234375,-0.1474609375,-0.046142578125,0.092041015625,-0.015869140625,-0.015869140625,-0.10595703125,0.115966796875,-0.038818359375,-0.121826171875,0.015380859375,0.06396484375,-0.08984375,-0.099365234375,0.07080078125,0.087158203125,-0.07177734375,-0.062744140625,0.098876953125,0.054931640625,-0.11767578125,-0.072509765625,0.0810546875,0.013916015625,-0.13427734375,-0.052490234375,0.1103515625,0.025390625,-0.112060546875,-0.0166015625,0.053955078125,0.090087890625,-0.1416015625,-0.026123046875,0.109130859375,-0.03173828125,-0.126953125,0.01953125,0.09716796875,-0.04931640625,-0.107421875,0.04931640625,0.084716796875,-0.09326171875,-0.095458984375,0.088623046875,0.0615234375,-0.115478515625,-0.079345703125,0.091064453125,0.0546875,-0.10107421875,-0.039794921875,0.1162109375,0.03857421875,-0.12451171875,-0.041748046875,0.107421875,-0.012939453125,-0.14697265625,-0.018798828125,-0.018798828125,0.09326171875,-0.032958984375,0.03955078125,0.089599609375,-0.0546875,-0.119140625,0.0048828125,0.0048828125,-0.050537109375,-0.080322265625,0.047607421875,0.0595703125,-0.078125,-0.0703125,0.058837890625,0.057861328125,0.029052734375,-0.03955078125,0.07421875,-0.010009765625,-0.089599609375,0.03515625,0.096923828125,-0.0439453125,-0.111083984375,0.00341796875,0.058837890625,-0.055419921875,-0.09375,0.029541015625,0.070068359375,-0.04150390625,-0.076171875,0.039794921875,0.065673828125,-0.06640625,-0.09228515625,0.016357421875,0.04833984375,-0.062255859375,-0.05712890625,0.057861328125,0.040771484375,-0.045654296875,-0.0234375,0.052978515625,-0.007080078125,-0.096923828125,-0.03857421875,0.040771484375,-0.007080078125,-0.076416015625,0.020751953125,0.02783203125,0.107666015625,-0.082275390625,-0.032958984375,0.01611328125,-0.042724609375,-0.072998046875,0.009521484375,0.054443359375,-0.028076171875,-0.0732421875,0.0,0.0205078125,-0.0419921875,-0.007568359375,0.0234375,-0.016845703125,-0.0322265625,-0.0126953125,0.0078125,-0.021484375,-0.056884765625,0.003173828125,0.045654296875,-0.000244140625,-0.042724609375,-0.00537109375,0.0439453125,-0.017578125,-0.08447265625,-0.032470703125,0.028564453125,-0.000732421875,-0.051025390625,-0.00732421875,0.05224609375,0.006591796875,-0.020751953125,-0.010498046875,-0.023193359375,-0.053466796875,-0.029052734375,-0.00341796875,-0.0166015625,-0.02294921875,0.002197265625,0.03173828125,0.001220703125,-0.059814453125,-0.010986328125,0.030029296875,-0.013916015625,-0.047119140625,-0.026123046875,0.039306640625,0.0283203125,-0.033935546875,-0.02001953125,-0.001953125,-0.0224609375,-0.03125,-0.01611328125,0.0087890625,0.00439453125,-0.02099609375,-0.018798828125,-0.00830078125,-0.029052734375,-0.022216796875,-0.01171875,-0.000732421875,-0.0107421875,-0.01123046875,0.017822265625,-0.003662109375,-0.056640625,-0.03173828125,0.0087890625,-0.01708984375,-0.027099609375,-0.0078125,0.019775390625,0.0078125,-0.02099609375,-0.02197265625,-0.013916015625,-0.00634765625,-0.004150390625,-0.018798828125,-0.008544921875,0.00244140625,-0.035400390625,-0.033203125,0.009765625,0.013671875,-0.01708984375,-0.0078125,-0.0166015625,-0.04443359375,-0.037841796875,-0.009033203125,0.039794921875,0.00927734375,-0.027587890625,-0.00439453125,-0.01171875,-0.04443359375,-0.028076171875,-0.021484375,0.00341796875,0.027099609375,0.0009765625,-0.01318359375,-0.002197265625,-0.003173828125,-0.025146484375,-0.0224609375,-0.00732421875,-0.00439453125,0.00146484375,-0.007080078125,-0.014892578125,-0.002197265625,-0.01806640625,-0.007568359375,0.0146484375,-0.010498046875,-0.039306640625,-0.018310546875,-0.02587890625,-0.048095703125,-0.0341796875,0.0048828125,0.029541015625,0.0126953125,-0.023681640625,-0.021240234375,-0.013427734375,-0.04296875,0.00390625,0.019287109375,-0.01611328125,-0.0087890625,0.00439453125,-0.021728515625,-0.021728515625,-0.014892578125,-0.010009765625,-0.015625,-0.009765625,-0.020751953125,-0.02001953125,-0.007568359375,-0.02392578125,0.00244140625,0.046630859375,0.046630859375,0.0078125,0.028564453125,-0.030029296875,-0.0205078125,-0.054443359375,-0.072265625,-0.014892578125,0.036376953125,0.023681640625,-0.0126953125,0.0029296875,-0.002685546875,-0.038330078125,-0.05224609375,-0.0126953125,0.016357421875,-0.006103515625,0.0029296875,-0.008056640625,-0.0556640625,-0.0556640625,-0.02294921875,0.0244140625,0.022705078125,0.01220703125,-0.0078125,-0.00244140625,-0.0390625,-0.007568359375,0.062744140625,0.042236328125,0.042236328125,0.0166015625,0.00244140625,-0.032958984375,-0.0576171875,-0.046142578125,-0.0263671875,0.00244140625,0.012939453125,-0.021728515625,-0.04736328125,-0.04638671875,-0.04638671875,-0.01513671875,0.01708984375,0.0400390625,0.013671875,-0.012939453125,-0.012939453125,-0.043212890625,-0.0810546875,-0.0634765625,-0.00341796875,0.03173828125,0.03466796875,-0.005126953125,-0.01416015625,-0.016845703125,-0.0263671875,-0.001708984375,-0.002685546875,0.011962890625,0.011962890625,0.00830078125,-0.044677734375,-0.036376953125,0.0244140625,0.04296875,0.016845703125,-0.03076171875,-0.0380859375,-0.00439453125,-0.025390625,0.01220703125,0.044677734375,-0.004150390625,-0.004150390625,0.01171875,-0.021484375,-0.069091796875,0.00390625,-0.01708984375,-0.02880859375,-0.011474609375,-0.010498046875,0.003662109375,0.00048828125,0.00048828125,-0.02490234375,-0.011474609375,-0.0244140625,-0.0302734375,-0.05029296875,-0.049072265625,-0.01904296875,0.009521484375,0.00537109375,0.00537109375,0.0458984375,0.023193359375,-0.0224609375,-0.029052734375,-0.082763671875,0.0078125,0.020751953125,0.0234375,-0.05517578125,0.0478515625,0.0478515625,-0.05712890625,-0.01171875,0.0615234375,-0.092529296875,0.039794921875,-0.011962890625,-0.1083984375,0.05078125,-0.00537109375,-0.0185546875,0.060302734375,-0.0087890625,0.000732421875,-0.0380859375,-0.05029296875,-0.031494140625,-0.031494140625,-0.014404296875,-0.016845703125,0.013916015625,-0.00830078125,-0.019287109375,0.005126953125,-0.02001953125,0.00390625,-0.000732421875,0.004150390625,0.004150390625,-0.00830078125,-0.013427734375,-0.034912109375,-0.0400390625,-0.006591796875,0.000244140625,0.00634765625,-0.00927734375,-0.030029296875,-0.015869140625,-0.0126953125,-0.0126953125,0.030517578125,0.047607421875,0.040283203125,0.0302734375,-0.011474609375,-0.023681640625,-0.02294921875,-0.028076171875,-0.0361328125,-0.039306640625,-0.039306640625,-0.03564453125,-0.0185546875,0.007080078125,0.031982421875,0.036865234375,0.008544921875,-0.061279296875,-0.0400390625,0.03076171875,0.03076171875,0.052734375,-0.02197265625,-0.099609375,-0.088134765625,-0.006591796875,0.0341796875,-0.086181640625,-0.015869140625,0.07470703125,0.033447265625,0.033447265625,-0.04296875,-0.0126953125,-0.008056640625,-0.068603515625,0.0263671875,-0.042724609375,-0.00927734375,0.0048828125,-0.09326171875,-0.017333984375,0.09423828125,0.027587890625,-0.016357421875,-0.016357421875,-0.011962890625,-0.0537109375,-0.04638671875,0.005615234375,-0.021728515625,0.07177734375,0.04638671875,-0.031494140625,-0.0341796875,-0.0341796875,-0.020751953125,-0.029541015625,0.004638671875,-0.00146484375,-0.00146484375,0.022216796875,0.013916015625,-0.025634765625,-0.024169921875,0.00830078125,-0.003173828125,0.020751953125,-0.01806640625,-0.06103515625,-0.06103515625,-0.041748046875,-0.030517578125,-0.00341796875,0.048095703125,0.055419921875,-0.011474609375,-0.0390625,-0.037841796875,-0.058837890625,0.01904296875,-0.01904296875,-0.0595703125,-0.021728515625,-0.021728515625,-0.013427734375,-0.00927734375,0.01513671875,-0.026123046875,-0.05224609375,0.009765625,0.04052734375,0.00732421875,-0.031982421875,-0.086669921875,-0.08349609375,0.006103515625,0.050537109375,0.0224609375,-0.032958984375,-0.049560546875,-0.029296875,-0.0068359375,-0.0068359375,-0.0068359375,0.0302734375,0.055908203125,0.0068359375,-0.064697265625,-0.052490234375,0.01513671875,0.0400390625,-0.041259765625,-0.01025390625,0.038330078125,-0.01123046875,-0.0908203125,-0.0908203125,-0.05908203125,0.065673828125,0.0869140625,-0.0263671875,-0.0908203125,0.020751953125,0.09716796875,-0.033447265625,-0.041748046875,0.087158203125,0.02978515625,-0.137451171875,-0.09375,-0.09375,0.096923828125,0.0615234375,-0.123291015625,0.115478515625,0.02490234375,-0.149169921875,-0.080078125,0.095703125,0.02392578125,-0.1572265625,-0.093505859375,0.1083984375,0.1083984375,0.069580078125,-0.110595703125,-0.05615234375,0.098388671875,0.03564453125,-0.034912109375,0.078857421875,0.00048828125,-0.096435546875,-0.0537109375,-0.0537109375,0.060791015625,-0.027587890625,-0.02587890625,0.044677734375,0.044677734375,0.0244140625,-0.056884765625,-0.046875,0.02197265625,-0.04833984375,-0.029541015625,0.01953125,0.03271484375,0.01220703125,-0.015380859375,-0.015380859375,-0.02392578125,-0.004638671875,0.0107421875,-0.0185546875,-0.065185546875,-0.059326171875,-0.013427734375,-0.05078125,0.005615234375,0.066650390625,0.04541015625,-0.038330078125,-0.052490234375,-0.052490234375,0.03955078125,0.034912109375,-0.109130859375,-0.022216796875,-0.0185546875,-0.0546875,0.007080078125,0.0673828125,0.033935546875,-0.050048828125,-0.03271484375,-0.03271484375,0.0380859375,-0.004638671875,-0.07958984375,-0.044677734375,-0.038818359375,-0.089599609375,0.01220703125,0.116455078125,0.0078125,-0.099365234375,-0.009033203125,0.100341796875,0.018310546875,0.018310546875,-0.098388671875,-0.0498046875,-0.03759765625,-0.060791015625,0.025634765625,0.082275390625,0.0107421875,-0.044677734375,-0.044677734375,0.0166015625,0.0537109375,-0.033203125,-0.072021484375,0.00341796875,-0.00537109375,-0.090576171875,-0.0458984375,0.040283203125,-0.072998046875,-0.024169921875,0.0888671875,0.0244140625,-0.112548828125,-0.07470703125,-0.07470703125,0.06298828125,-0.1298828125,-0.0859375,0.09130859375,0.08837890625,-0.0693359375,-0.0830078125,0.058837890625,0.065185546875,-0.095703125,-0.0927734375,-0.0927734375,0.032470703125,-0.001708984375,-0.0283203125,0.065185546875,0.010498046875,-0.056884765625,0.03369140625,0.078857421875,-0.069580078125,-0.1064453125,0.032958984375,0.02734375,-0.090576171875,-0.090576171875,-0.0537109375,-0.00244140625,-0.06201171875,0.0244140625,0.077392578125,-0.002685546875,-0.050537109375,-0.006103515625,-0.006103515625,0.03173828125,-0.047119140625,-0.101806640625,-0.012939453125,0.056396484375,-0.044189453125,0.05029296875,0.085693359375,-0.056640625,-0.07421875,0.0478515625,0.048095703125,0.034423828125,-0.086181640625,0.03857421875,0.01513671875,-0.071044921875,-0.012451171875,0.0771484375,0.015869140625,-0.07861328125,-0.0048828125,0.05517578125,-0.055908203125,-0.131591796875,-0.01513671875,-0.01513671875,0.071533203125,-0.095458984375,0.015869140625,0.07958984375,-0.030517578125,-0.080078125,-0.06201171875,0.03466796875,-0.074462890625,-0.1162109375,0.024658203125,0.064208984375,0.064208984375,-0.070068359375,0.064208984375,0.06640625,-0.059814453125,-0.0390625,0.0693359375,-0.000244140625,-0.131103515625,-0.131103515625,-0.052001953125,0.08642578125,-0.10498046875,-0.033935546875,0.07763671875,-0.003173828125,-0.09765625,0.007080078125,0.0830078125,-0.0341796875,-0.0341796875,-0.114990234375,0.086669921875,-0.037841796875,-0.09716796875,0.024169921875,0.067626953125,-0.04052734375,-0.05615234375,0.05322265625,0.05419921875,-0.078857421875,-0.078857421875,-0.0634765625,0.063232421875,-0.081787109375,-0.07373046875,0.044189453125,0.01904296875,-0.068359375,-0.010986328125,0.07421875,-0.010498046875,-0.010498046875,-0.108642578125,-0.0283203125,-0.01708984375,-0.099853515625,-0.020751953125,0.049560546875,-0.031005859375,-0.072021484375,0.022705078125,0.06591796875,-0.034423828125,-0.07421875,0.029541015625,0.05615234375,0.05615234375,-0.08544921875,0.0146484375,0.037109375,-0.048583984375,-0.03564453125,0.068359375,0.036376953125,-0.08544921875,-0.063232421875,0.049072265625,0.026123046875,0.026123046875,-0.054931640625,0.044921875,-0.00439453125,-0.087890625,-0.01416015625,0.079345703125,0.008056640625,-0.069580078125,-0.001708984375,0.0654296875,-0.01220703125,-0.092529296875,-0.024169921875,-0.024169921875,-0.0234375,-0.04931640625,0.03076171875,0.0732421875,-0.02099609375,-0.079345703125,0.00732421875,0.06494140625,0.06494140625,-0.070556640625,0.0087890625,0.0283203125,-0.067138671875,-0.076171875,0.041748046875,0.05126953125,-0.068603515625,-0.052001953125,0.049560546875,0.022216796875,-0.0693359375,-0.05419921875,0.0283203125,0.005126953125,-0.06640625,-0.024169921875,0.054931640625,0.019287109375,-0.0537109375,-0.015869140625,0.046630859375,-0.006103515625,-0.057861328125,-0.013427734375,0.0185546875,-0.035400390625,-0.063232421875,0.01123046875,0.0390625,-0.01513671875,-0.02197265625,0.031005859375,0.021484375,-0.0595703125,-0.052734375,0.027099609375,-0.00390625,-0.086181640625,-0.04345703125,0.0390625,-0.000732421875,-0.0595703125,0.0048828125,0.067138671875,-0.005615234375,-0.077392578125,-0.00341796875,0.044677734375,-0.035888671875,-0.081298828125,-0.0087890625,0.055419921875,-0.003173828125,-0.052001953125,0.027099609375,0.05859375,-0.02734375,-0.07763671875,-0.069091796875,0.049072265625,-0.04931640625,-0.092529296875,0.00390625,0.03759765625,-0.051513671875,-0.042236328125,0.07177734375,0.04150390625,-0.088623046875,-0.0546875,0.053955078125,0.01513671875,-0.10302734375,-0.057373046875,0.0517578125,-0.00927734375,-0.0927734375,-0.001708984375,-0.0107421875,-0.0107421875,-0.071533203125,0.0146484375,0.072021484375,-0.02783203125,-0.08642578125,0.000732421875,0.031982421875,-0.052001953125,-0.050537109375,0.05517578125,0.053466796875,-0.05126953125,-0.049072265625,0.050537109375,0.032470703125,-0.0830078125,-0.0654296875,0.02978515625,-0.003662109375,-0.05615234375,-0.1044921875,0.06884765625,0.055419921875,-0.02880859375,-0.044189453125,0.038818359375,0.017578125,-0.1044921875,-0.0146484375,0.039306640625,-0.034912109375,-0.066162109375,0.03662109375,0.05908203125,-0.04443359375,-0.060546875,0.039306640625,0.0546875,-0.04345703125,-0.044677734375,0.038330078125,0.031982421875,-0.057861328125,-0.063720703125,0.019287109375,0.003662109375,-0.07421875,-0.01025390625,0.0849609375,0.009765625,-0.088623046875,-0.019775390625,0.057373046875,-0.04345703125,-0.120849609375,-0.024169921875,0.056396484375,-0.008544921875,-0.052734375,0.031494140625,0.073974609375,-0.017578125,-0.072265625,0.0029296875,0.03857421875,-0.048828125,-0.07861328125,0.006591796875,0.04443359375,-0.01806640625,-0.033935546875,0.026611328125,0.023681640625,-0.0576171875,-0.04833984375,0.039794921875,-0.09326171875,-0.05419921875,-0.05419921875,0.04052734375,0.010498046875,-0.05224609375,-0.0107421875,0.049072265625,-0.01611328125,-0.078857421875,-0.001220703125,0.064208984375,-0.0126953125,-0.08740234375,-0.0341796875,0.0400390625,-0.0068359375,-0.05078125,0.017822265625,0.057373046875,-0.00537109375,-0.05224609375,0.001220703125,0.04150390625,-0.074462890625,-0.074462890625,-0.002685546875,0.014892578125,-0.02392578125,-0.034912109375,0.032470703125,0.028564453125,-0.06396484375,-0.0400390625,0.03271484375,0.029541015625,-0.046875,-0.05908203125,0.01708984375,0.00048828125,-0.060546875,-0.039306640625,0.019775390625,0.014892578125,-0.031982421875,-0.012451171875,0.04833984375,0.02587890625,-0.0498046875,-0.046875,-0.01171875,-0.019287109375,-0.021240234375,0.005615234375,0.02099609375,-0.006591796875,-0.013671875,0.008544921875,0.004638671875,-0.047607421875,-0.019775390625,-0.015625,-0.014892578125,-0.033203125,-0.012451171875,0.015380859375,0.005615234375,-0.03271484375,-0.021240234375,-0.00244140625,-0.04443359375,-0.026611328125,-0.026611328125,0.003662109375,-0.02978515625,-0.05859375,0.00537109375,0.049072265625,-0.005615234375,-0.04248046875,0.004150390625,0.03955078125,0.004150390625,-0.011474609375,0.009521484375,-0.013427734375,-0.06591796875,-0.075439453125,-0.000732421875,0.054443359375,0.003662109375,-0.03466796875,-0.019287109375,-0.050537109375,-0.014892578125,0.039306640625,0.0009765625,-0.069091796875,-0.050048828125,0.0126953125,0.000244140625,-0.021240234375,-0.00634765625,-0.00634765625,-0.012451171875,-0.029296875,-0.01953125,0.021728515625,0.0185546875,-0.031494140625,-0.0546875,-0.02392578125,0.01171875,0.001708984375,0.00048828125,0.027099609375,0.000244140625,-0.04345703125,-0.029541015625,0.029541015625,0.025634765625,-0.0439453125,-0.047119140625,-0.00732421875,-0.03076171875,0.011962890625,0.0263671875,-0.025634765625,-0.04443359375,0.00830078125,0.041015625,-0.008056640625,-0.051025390625,-0.051025390625,-0.024169921875,0.005126953125,-0.0322265625,-0.037841796875,0.028076171875,0.02880859375,-0.030029296875,-0.04052734375,0.016357421875,0.015869140625,-0.0478515625,-0.027587890625,0.035400390625,0.0107421875,-0.054931640625,-0.041259765625,0.022705078125,0.0087890625,-0.04736328125,-0.031494140625,-0.001953125,-0.04345703125,-0.026611328125,0.0107421875,-0.01708984375,-0.01708984375,-0.0400390625,0.018798828125,-0.006103515625,-0.023681640625,-0.00244140625,0.00341796875,-0.024169921875,-0.024169921875,-0.008056640625,0.0234375,-0.0087890625,-0.046142578125,-0.026123046875,0.029296875,0.024169921875,-0.025634765625,-0.019775390625,0.00244140625,-0.02685546875,-0.055908203125,-0.006103515625,0.02685546875,-0.030517578125,-0.05810546875,0.039794921875,-0.02294921875,-0.0546875,0.0078125,0.03271484375,0.03271484375,-0.0380859375,-0.070556640625,0.003662109375,0.02587890625,-0.064453125,-0.090087890625,0.0703125,-0.022705078125,-0.042724609375,0.050537109375,0.013671875,0.06103515625,-0.046875,-0.081787109375,-0.00244140625,-0.048583984375,-0.082763671875,0.016845703125,0.03662109375,-0.0537109375,-0.050537109375,0.054443359375,0.054443359375,0.05712890625,-0.04345703125,-0.06689453125,0.00048828125,0.00927734375,-0.06005859375,-0.05859375,0.020751953125,0.017333984375,-0.03466796875,0.013916015625,0.012451171875,0.012451171875,-0.037353515625,-0.016845703125,0.032470703125,-0.002685546875,-0.052001953125,-0.0390625,-0.010986328125,-0.014892578125,0.00634765625,0.03662109375,0.01953125,-0.01220703125,-0.01953125,-0.01318359375,-0.01318359375,-0.0302734375,-0.019775390625,0.002685546875,-0.025146484375,-0.06201171875,-0.041259765625,0.0205078125,0.01953125,-0.0048828125,0.011962890625,0.005126953125,-0.0380859375,-0.058837890625,-0.010009765625,0.03857421875,-0.005126953125,-0.01806640625,0.030029296875,-0.003662109375,-0.0118408203125,-0.034423828125,0.01220703125,0.023681640625,-0.03076171875,-0.039306640625,0.00390625,0.008544921875,-0.04150390625,-0.0576171875,-0.00146484375,0.017578125,-0.018310546875,-0.01416015625,0.0341796875,-0.05126953125,-0.035888671875,0.011474609375,-0.009033203125,-0.0576171875,-0.05224609375,-0.0107421875,0.0,-0.01025390625,0.005126953125,0.025634765625,-0.02001953125,-0.04248046875,-0.04248046875,0.003662109375,0.0205078125,-0.0126953125,-0.029052734375,-0.011962890625,-0.011474609375,-0.02197265625,-0.00390625,0.03466796875,0.025146484375,-0.022216796875,-0.015380859375,-0.020263671875,-0.07666015625,-0.040283203125,0.00341796875,-0.022705078125,-0.045166015625,0.010498046875,0.06201171875,0.06201171875,0.01123046875,-0.059326171875,-0.017578125,0.0478515625,0.01513671875,-0.06005859375,-0.034423828125,-0.049560546875,-0.0244140625,0.056640625,0.063232421875,-0.021484375,-0.0771484375,-0.0771484375,-0.020751953125,0.036865234375,-0.002197265625,-0.024658203125,0.02490234375,-0.05859375,-0.037353515625,0.024169921875,0.020751953125,-0.014892578125,-0.001708984375,0.024169921875,-0.009521484375,-0.009521484375,-0.065185546875,-0.05224609375,-0.023681640625,-0.066162109375,0.0322265625,0.077880859375,0.031982421875,-0.022705078125,-0.03076171875,-0.017578125,-0.03564453125,-0.029052734375,-0.029052734375,0.0263671875,0.024658203125,-0.05126953125,-0.03173828125,-0.072265625,0.036865234375,0.005126953125,-0.000732421875,0.01953125,-0.007080078125,-0.046630859375,-0.01416015625,-0.017822265625,-0.0380859375,-0.005615234375,-0.0123291015625,0.037353515625,0.014892578125,-0.037841796875,-0.00439453125,0.02685546875,-0.01416015625,-0.042724609375,-0.0009765625,0.0048828125,-0.053466796875,-0.08154296875,-0.041015625,0.02197265625,0.024169921875,0.002197265625,0.038330078125,0.0478515625,-0.021728515625,-0.035400390625,-0.0166015625,0.00634765625,-0.03173828125,0.0185546875,0.021240234375,-0.0283203125,-0.029296875,0.0068359375,0.009033203125,-0.0390625,-0.025390625,0.033935546875,-0.0009765625,-0.07568359375,-0.07568359375,-0.04345703125,0.031494140625,0.0,-0.03955078125,0.058349609375,0.042724609375,-0.0400390625,-0.03662109375,-0.057861328125,0.00537109375,-0.010009765625,-0.044921875,-0.02783203125,0.00146484375,-0.018310546875,-0.038818359375,-0.0302734375,0.0185546875,0.013671875,0.014404296875,-0.00830078125,-0.041015625,-0.041259765625,-0.0185546875,-0.028076171875,-0.047607421875,-0.007568359375,0.0322265625,0.0,-0.037841796875,0.00244140625,0.043212890625,-0.010986328125,-0.056884765625,-0.01611328125,0.017822265625,-0.02294921875,-0.06005859375,-0.027587890625,0.024169921875,0.00537109375,-0.02294921875,0.016357421875,0.04296875,0.0009765625,-0.015380859375,-0.036865234375,-0.011962890625,0.003662109375,-0.029296875,-0.0380859375,0.035888671875,-0.024169921875,-0.055419921875,-0.0146484375,-0.004150390625,-0.030517578125,-0.007080078125,0.01904296875,-0.02685546875,-0.069580078125,-0.050048828125,-0.005859375,0.00341796875,-0.010009765625,0.00537109375,0.033203125,-0.006591796875,-0.037109375,0.007568359375,0.021728515625,0.001708984375,-0.023193359375,-0.05908203125,0.005859375,0.00830078125,-0.008544921875,0.01806640625,0.025146484375,-0.058837890625,-0.08154296875,0.007568359375,0.027587890625,0.051513671875,-0.022216796875,-0.03857421875,-0.01953125,-0.017578125,0.0009765625,0.0546875,0.006591796875,-0.08837890625,-0.034423828125,0.057861328125,0.010986328125,-0.052001953125,-0.05908203125,-0.057861328125,-0.03515625,-0.020263671875,0.028076171875,0.10693359375,0.043212890625,-0.08642578125,-0.077392578125,-0.00634765625,0.005615234375,0.02880859375,-0.014892578125,-0.038330078125,-0.046875,-0.02197265625,0.025634765625,0.046142578125,-0.012939453125,-0.06982421875,-0.02978515625,-0.012451171875,0.00927734375,-0.01025390625,-0.02783203125,-0.07958984375,-0.062744140625,0.006591796875,0.085693359375,0.060791015625,-0.033203125,-0.049560546875,-0.02392578125,-0.01953125,0.01953125,0.075927734375,0.032958984375,-0.086669921875,-0.1689453125,-0.1689453125,-0.081787109375,0.08056640625,0.0986328125,0.017333984375,-0.011474609375,-0.021484375,-0.020751953125,-0.04150390625,-0.021728515625,0.044921875,0.001708984375,-0.069580078125,-0.033203125,0.03271484375,0.074951171875,0.041748046875,-0.025390625,0.031494140625,0.071044921875,-0.026611328125,-0.101806640625,-0.106201171875,-0.04541015625,0.01953125,0.01953125,-0.00244140625,-0.041748046875,-0.00732421875,0.021240234375,0.00927734375,-0.00341796875,-0.022216796875,0.066162109375,-0.028076171875,-0.076904296875,-0.071044921875,-0.047119140625,0.026123046875,0.009765625,-0.06640625,-0.054443359375,-0.0087890625,-0.02197265625,-0.00439453125,0.056640625,0.025634765625,-0.0263671875,-0.052978515625,-0.0498046875,-0.002685546875,0.019287109375,-0.00341796875,-0.0498046875,-0.0400390625,0.009765625,0.01171875,-0.033447265625,-0.047119140625,-0.009765625,0.036376953125,0.039794921875,0.021728515625,-0.020751953125,-0.04736328125,-0.01318359375,-0.021728515625,-0.0087890625,0.032958984375,-0.018310546875,-0.011962890625,0.018310546875,-0.05908203125,-0.021240234375,0.04931640625,-0.015625,0.025634765625,0.047607421875,-0.091552734375,-0.04345703125,0.0537109375,-0.032958984375,-0.01416015625,0.057861328125,-0.02587890625,-0.044921875,0.000732421875,-0.053466796875,-0.0615234375,-0.01806640625,-0.022216796875,-0.007568359375,0.010986328125,-0.00341796875,0.01708984375,0.04833984375,0.036376953125,0.009765625,-0.0380859375,-0.07568359375,-0.0634765625,-0.0478515625,-0.04296875,-0.03369140625,-0.028564453125,-0.015869140625,0.00537109375,0.004638671875,0.00244140625,-0.00830078125,0.028564453125,-0.001220703125,-0.01318359375,-0.01806640625,-0.01904296875,-0.013916015625,-0.021728515625,-0.015869140625,0.011474609375,0.027099609375,0.01904296875,-0.005859375,-0.029296875,-0.05029296875,-0.05078125,-0.03271484375,-0.0166015625,0.006103515625,0.008544921875,-0.00634765625,-0.030029296875,-0.049072265625,-0.0244140625,0.02783203125,0.03271484375,-0.012451171875,-0.015625,-0.0078125,-0.05517578125,-0.048583984375,0.002197265625,-0.039794921875,-0.046875,-0.000732421875,-0.0537109375,-0.04052734375,0.07421875,0.022216796875,0.007568359375,0.066650390625,-0.055908203125,-0.01025390625,0.000732421875,-0.09326171875,0.029541015625,-0.044921875,-0.039306640625,-0.0078125,-0.044677734375,0.0283203125,0.002685546875,0.013916015625,-0.017333984375,-0.01904296875,0.007568359375,-0.037109375,-0.008056640625,0.004638671875,0.01123046875,-0.00732421875,-0.0361328125,-0.0205078125,-0.037109375,-0.037109375,-0.025634765625,-0.016845703125,-0.0068359375,-0.00244140625,0.024658203125,0.009033203125,0.018798828125,-0.015380859375,-0.015380859375,-0.03466796875,-0.067138671875,-0.007568359375,0.015380859375,0.011962890625,0.054443359375,0.00146484375,-0.04443359375,-0.05810546875,-0.0830078125,-0.00830078125,0.00830078125,-0.006591796875,0.03466796875,-0.00048828125,-0.003662109375,0.0087890625,0.007568359375,0.007568359375,0.016357421875,-0.02685546875,-0.043701171875,-0.05322265625,-0.046630859375,-0.007568359375,0.012451171875,-0.002685546875,-0.002685546875,-0.001220703125,-0.0302734375,-0.054931640625,-0.06298828125,-0.041259765625,0.032470703125,0.02099609375,0.03125,0.03125,0.017578125,-0.010009765625,-0.0546875,-0.091796875,-0.044677734375,-0.021240234375,-0.029541015625,-0.011474609375,-0.011474609375,-0.01318359375,0.007568359375,0.017822265625,0.00634765625,0.0107421875,-0.00390625,-0.025390625,-0.012451171875,-0.012451171875,-0.000732421875,0.009765625,0.01953125,-0.005615234375,-0.04736328125,-0.061767578125,-0.037353515625,0.000244140625,0.000244140625,0.029052734375,0.03125,0.02734375,0.020263671875,0.015625,0.005859375,0.005859375,-0.018798828125,-0.018798828125,-0.0380859375,-0.056640625,-0.018310546875,0.021484375,0.005859375,-0.0029296875,0.005126953125,-0.0234375,-0.0205078125,-0.0205078125,-0.0390625,-0.01171875,0.003662109375,0.013916015625,0.041748046875,0.01708984375,-0.032958984375,-0.088623046875,-0.088623046875,-0.103515625,-0.075439453125,-0.032958984375,0.00341796875,0.02392578125,0.001953125,-0.004638671875,0.002197265625,0.002197265625,-0.021728515625,-0.049560546875,-0.032958984375,-0.015380859375,-0.01416015625,-0.01806640625,0.022216796875,0.014892578125,0.014892578125,-0.020751953125,-0.021484375,-0.001708984375,0.008544921875,-0.008056640625,-0.031982421875,-0.0380859375,0.029296875,0.029296875,0.0166015625,0.03564453125,0.07666015625,0.02734375,-0.0498046875,-0.061279296875,-0.047119140625,-0.010986328125,0.0009765625,0.0009765625,0.00927734375,0.031494140625,-0.01318359375,-0.0361328125,-0.011474609375,-0.03173828125,-0.003662109375,-0.024658203125,-0.024658203125,-0.01220703125,0.03857421875,0.01806640625,-0.042236328125,-0.039306640625,-0.016845703125,-0.039306640625,-0.021240234375,-0.021240234375,-0.018310546875,0.017822265625,-0.00830078125,-0.049560546875,-0.013671875,-0.00048828125,-0.0244140625,-0.020751953125,-0.020751953125,-0.009765625,-0.003173828125,0.001708984375,0.012939453125,0.013427734375,-0.01318359375,0.003173828125,-0.02587890625,-0.02587890625,-0.055419921875,-0.0146484375,0.040771484375,0.017822265625,-0.01416015625,0.00048828125,0.01220703125,-0.0517578125,-0.03125,-0.03125,0.02490234375,-0.00146484375,-0.066650390625,-0.01318359375,0.052490234375,-0.0634765625,-0.052734375,0.0009765625,0.0009765625,-0.025146484375,-0.054443359375,0.024658203125,0.056396484375,-0.032470703125,0.00732421875,0.0068359375,-0.04052734375,-0.04052734375,-0.032470703125,0.010498046875,-0.01220703125,-0.05029296875,-0.0087890625,0.014404296875,-0.046142578125,-0.046142578125,-0.046142578125,0.015869140625,0.00146484375,-0.046630859375,0.013916015625,0.076171875,-0.0908203125,-0.019287109375,0.0576171875,0.0576171875,-0.0068359375,-0.06884765625,0.013427734375,0.0341796875,-0.056884765625,-0.06640625,0.031494140625,-0.052001953125,-0.05517578125,-0.05517578125,0.02783203125,0.0244140625,-0.06689453125,-0.0498046875,0.04541015625,-0.0771484375,-0.057861328125,0.055419921875,0.055419921875,0.0537109375,-0.065185546875,-0.067138671875,0.04345703125,0.038818359375,-0.053466796875,0.065673828125,0.02197265625,-0.08447265625,-0.08447265625,-0.04736328125,0.063720703125,0.034423828125,-0.08203125,0.06591796875,-0.0537109375,-0.115966796875,0.035400390625,0.035400390625,0.09375,-0.0595703125,-0.109130859375,0.06396484375,-0.112060546875,-0.098876953125,0.09765625,0.1025390625,0.1025390625,-0.06787109375,-0.087158203125,0.072998046875,0.066162109375,-0.103271484375,0.078857421875,0.042724609375,-0.106689453125,-0.106689453125,-0.038330078125,0.123291015625,0.052734375,-0.123046875,0.098876953125,-0.01171875,-0.177978515625,-0.0693359375,-0.0693359375,0.100830078125,0.029541015625,-0.11572265625,-0.0107421875,-0.012451171875,-0.163330078125,-0.042724609375,0.071533203125,0.071533203125,-0.028076171875,-0.125732421875,0.020263671875,0.127197265625,-0.101318359375,0.026123046875,0.064453125,-0.08642578125,-0.11865234375,-0.11865234375,0.08544921875,0.10693359375,-0.084716796875,0.064697265625,0.056640625,-0.119873046875,-0.066650390625,0.152099609375,0.152099609375,0.100830078125,-0.14501953125,-0.111572265625,0.02587890625,-0.171142578125,-0.055419921875,0.122802734375,0.013427734375,0.013427734375,-0.14208984375,0.001220703125,0.166015625,-0.139892578125,-0.020751953125,0.090087890625,-0.057373046875,-0.15478515625,-0.15478515625,0.0458984375,0.142822265625,-0.0576171875,0.05712890625,0.109619140625,-0.0849609375,-0.13330078125,0.06640625,0.06640625,0.108154296875,-0.097412109375,-0.10693359375,0.0830078125,-0.135986328125,-0.114013671875,0.081298828125,0.0556640625,-0.119873046875,-0.119873046875,-0.06201171875,0.11181640625,0.02978515625,-0.0576171875,0.111572265625,0.0126953125,-0.1533203125,-0.01025390625,-0.01025390625,0.154052734375,0.025634765625,-0.14013671875,0.139404296875,-0.010498046875,-0.170166015625,-0.023193359375,0.1064453125,-0.0322265625,-0.0322265625,-0.12353515625,0.06298828125,-0.048828125,-0.115966796875,0.040283203125,0.072998046875,-0.094970703125,-0.109375,-0.109375,0.081787109375,0.05859375,-0.085693359375,0.10986328125,0.080322265625,-0.1318359375,-0.094482421875,0.10791015625,0.10791015625,0.060791015625,-0.121337890625,0.1103515625,0.046142578125,-0.140869140625,-0.065673828125,0.107177734375,0.017822265625,0.017822265625,-0.126953125,-0.02294921875,0.0166015625,-0.108642578125,0.00634765625,0.099853515625,-0.0546875,-0.155029296875,-0.155029296875,-0.01171875,0.09228515625,-0.031005859375,0.03466796875,0.0751953125,-0.05224609375,-0.08740234375,0.01416015625,0.01416015625,0.038818359375,-0.0732421875,-0.069091796875,0.0439453125,-0.04638671875,-0.034423828125,0.053955078125,0.0,-0.100341796875,-0.100341796875,0.002685546875,0.11572265625,-0.134765625,-0.03466796875,0.084716796875,-0.0244140625,-0.103759765625,0.0205078125,0.0205078125,0.095703125,-0.016357421875,0.004150390625,0.056396484375,-0.078125,-0.1123046875,0.025634765625,0.0703125,0.0703125,-0.083984375,-0.07861328125,0.067138671875,-0.11767578125,-0.08740234375,0.085693359375,0.06103515625,-0.11083984375,-0.072509765625,-0.072509765625,0.113525390625,-0.13037109375,-0.074462890625,0.111328125,0.0556640625,-0.112060546875,-0.047119140625,0.115966796875,0.115966796875,0.0322265625,-0.046630859375,0.06982421875,-0.0302734375,-0.118896484375,-0.010498046875,0.074951171875,-0.01953125,-0.01953125,-0.067138671875,0.037109375,-0.071044921875,-0.113037109375,0.02880859375,0.061279296875,-0.081298828125,-0.102783203125,-0.102783203125,0.04638671875,0.0751953125,-0.042724609375,0.073486328125,0.035888671875,-0.097412109375,-0.0751953125,0.045166015625,0.045166015625,0.025390625,-0.076171875,0.06640625,-0.0087890625,-0.104248046875,-0.033935546875,0.065185546875,-0.013671875,-0.09033203125,0.01953125,0.093994140625,-0.03271484375,-0.12744140625,-0.12744140625,-0.019775390625,0.06689453125,-0.050537109375,0.064697265625,0.071044921875,-0.05126953125,-0.072265625,0.028564453125,0.0126953125,-0.11279296875,-0.063232421875,0.081298828125,0.060302734375,0.060302734375,-0.0341796875,0.009033203125,-0.00439453125,-0.1064453125,-0.039306640625,0.036376953125,-0.043212890625,-0.095703125,0.0048828125,0.06787109375,-0.03515625,-0.080810546875,0.023193359375,0.023193359375,0.052978515625,-0.079345703125,0.0439453125,0.09765625,-0.041259765625,-0.0693359375,0.037841796875,0.017578125,-0.107666015625,-0.088134765625,0.050537109375,0.058837890625,-0.061279296875,-0.0205078125,-0.0205078125,0.09130859375,-0.119873046875,-0.0615234375,0.06787109375,0.011474609375,-0.096435546875,-0.00146484375,0.13134765625,0.028076171875,-0.114501953125,-0.05712890625,0.0478515625,0.0478515625,-0.032958984375,-0.131591796875,0.105224609375,0.016357421875,-0.052978515625,0.021484375,0.05224609375,-0.06640625,-0.11865234375,0.017333984375,0.083251953125,-0.03125,-0.05810546875,-0.05810546875,0.046875,-0.091796875,-0.086181640625,0.0390625,0.037353515625,-0.0517578125,-0.025146484375,0.077392578125,0.0390625,-0.0791015625,-0.062744140625,0.023193359375,-0.019287109375,-0.019287109375,-0.08935546875,0.076171875,0.0078125,-0.075927734375,-0.025146484375,0.02392578125,-0.03466796875,-0.0732421875,0.00927734375,0.064208984375,-0.02880859375,-0.062744140625,0.040771484375,0.040771484375,0.055908203125,-0.075439453125,0.018310546875,0.0224609375,-0.048095703125,-0.01416015625,0.08251953125,0.033935546875,-0.100830078125,-0.072265625,0.0498046875,0.01171875,-0.060302734375,-0.060302734375,0.008056640625,-0.016357421875,-0.08349609375,-0.0078125,0.06103515625,-0.02685546875,-0.098876953125,-0.0087890625,0.039794921875,-0.0439453125,-0.05126953125,0.05126953125,0.05615234375,-0.095458984375,-0.103271484375,0.0439453125,0.06640625,0.06640625,-0.070556640625,0.054931640625,0.05126953125,-0.078857421875,-0.07666015625,0.0498046875,0.045654296875,-0.05615234375,-0.04296875,0.039794921875,0.02392578125,-0.063720703125,-0.062744140625,0.0146484375,0.0146484375,-0.0546875,-0.01708984375,0.051025390625,0.006591796875,-0.0400390625,0.014892578125,0.052734375,-0.049560546875,-0.097412109375,-0.008544921875,0.033935546875,-0.03173828125,-0.043701171875,0.06396484375,0.08984375,-0.03564453125,-0.093994140625,-0.003662109375,0.03662109375,-0.0458984375,-0.06103515625,0.05078125,0.07470703125,-0.0546875,-0.08349609375,0.033935546875,0.033447265625,-0.093017578125,-0.0693359375,0.06982421875,0.044677734375,-0.08203125,-0.063720703125,0.05712890625,-0.00439453125,-0.1220703125,-0.0400390625,0.078857421875,0.018310546875,-0.057861328125,0.01806640625,0.01806640625,-0.0400390625,-0.081787109375,-0.0048828125,0.028076171875,-0.03955078125,-0.0458984375,0.031982421875,0.05126953125,-0.027099609375,-0.024169921875,0.02783203125,-0.016357421875,-0.0556640625,-0.013671875,0.049560546875,0.00244140625,-0.09228515625,-0.03173828125,0.074462890625,0.005615234375,-0.089111328125,-0.02294921875,0.070068359375,-0.025146484375,-0.0966796875,0.000732421875,0.066162109375,-0.038330078125,-0.1015625,0.01513671875,0.079345703125,-0.0224609375,-0.046142578125,0.03271484375,0.028076171875,-0.055908203125,-0.06298828125,0.012451171875,0.013671875,-0.0693359375,-0.051025390625,0.051025390625,0.045654296875,-0.04052734375,-0.02490234375,0.0537109375,-0.001220703125,-0.080322265625,-0.01318359375,0.05712890625,-0.03173828125,-0.111572265625,-0.011474609375,0.080322265625,-0.024658203125,-0.09619140625,0.00927734375,0.08642578125,-0.025634765625,-0.08935546875,0.024658203125,0.081298828125,-0.03857421875,-0.09619140625,0.00439453125,0.067626953125,-0.02197265625,-0.07373046875,0.025146484375,0.054443359375,-0.047119140625,-0.067626953125,0.02783203125,0.044189453125,-0.0478515625,0.010009765625,0.010009765625,0.01953125,-0.036376953125,-0.023193359375,0.035400390625,-0.0078125,-0.07861328125,-0.02587890625,0.038818359375,-0.026123046875,-0.071044921875,-0.00537109375,-0.050048828125,-0.050048828125,-0.0634765625,0.034423828125,0.060302734375,-0.038818359375,-0.060791015625,0.01806640625,0.043701171875,-0.027587890625,-0.05126953125,0.010986328125,0.02294921875,-0.03955078125,-0.03955078125,0.037109375,0.033447265625,-0.048095703125,-0.0283203125,0.04248046875,-0.006591796875,-0.06396484375,-0.02490234375,0.0302734375,-0.03173828125,-0.06640625,0.009765625,-0.022216796875,-0.022216796875,-0.067138671875,-0.02099609375,0.033447265625,-0.0048828125,-0.049560546875,0.009765625,0.039794921875,-0.0439453125,-0.06982421875,0.00537109375,0.03076171875,-0.03125,0.0400390625,0.035888671875,0.035888671875,-0.033935546875,-0.044921875,0.015625,-0.010009765625,-0.08349609375,-0.037353515625,0.0546875,0.030029296875,-0.04443359375,-0.00927734375,0.052001953125,-0.10009765625,-0.050048828125,-0.050048828125,0.036865234375,-0.00048828125,-0.06689453125,0.00146484375,0.07470703125,-0.00830078125,-0.0732421875,-0.016845703125,0.025390625,-0.03466796875,-0.041748046875,0.034912109375,-0.0078125,-0.0078125,-0.03564453125,-0.001220703125,0.011962890625,-0.052978515625,-0.0517578125,0.02685546875,0.020751953125,-0.030029296875,0.01318359375,0.05078125,-0.0234375,-0.070556640625,0.034912109375,0.034912109375,0.006591796875,-0.071533203125,-0.025146484375,0.09033203125,0.061279296875,-0.0625,-0.06787109375,-0.00537109375,-0.036865234375,-0.0625,0.0361328125,0.02490234375,-0.0107421875,-0.0107421875,0.00439453125,0.0224609375,-0.02783203125,-0.060791015625,-0.01806640625,0.005615234375,-0.0283203125,0.01123046875,0.070556640625,-0.0048828125,-0.046142578125,0.026123046875,-0.007568359375,-0.051513671875,-0.051513671875,-0.008544921875,0.07568359375,0.04541015625,-0.056396484375,-0.0576171875,-0.01220703125,-0.05859375,-0.084716796875,0.0,0.0302734375,-0.025146484375,-0.0009765625,0.025146484375,0.025146484375,-0.03759765625,-0.09326171875,-0.041015625,0.02490234375,-0.013427734375,-0.015625,0.057373046875,0.03369140625,-0.0419921875,-0.029296875,-0.033935546875,-0.04296875,-0.00537109375,-0.00537109375,0.060302734375,0.012451171875,-0.048828125,-0.000244140625,0.0400390625,-0.040283203125,-0.1181640625,-0.02978515625,0.077880859375,0.0185546875,-0.034423828125,0.059326171875,-0.0146484375,-0.114013671875,-0.04931640625,-0.04931640625,0.038330078125,-0.02294921875,-0.04736328125,0.04833984375,0.08642578125,-0.006591796875,-0.0693359375,-0.0263671875,-0.022705078125,-0.052734375,0.044677734375,0.06640625,-0.01318359375,-0.038330078125,0.01318359375,0.01318359375,-0.01806640625,-0.092529296875,-0.063232421875,0.022216796875,0.0126953125,-0.03271484375,0.00146484375,0.0712890625,-0.0087890625,-0.044921875,0.049072265625,0.0068359375,-0.06396484375,0.006591796875,0.006591796875,0.098876953125,-0.000732421875,-0.102294921875,-0.04345703125,0.02392578125,-0.015869140625,-0.045654296875,0.018310546875,0.004638671875,-0.0361328125,-0.01171875,-0.0166015625,-0.0478515625,-0.0478515625,-0.04150390625,0.0087890625,-0.002197265625,-0.05029296875,-0.01806640625,0.05712890625,-0.001953125,-0.070556640625,-0.00537109375,0.051513671875,-0.048828125,-0.006591796875,0.0341796875,-0.0126953125,-0.076904296875,-0.038330078125,-0.026123046875,0.001708984375,-0.038330078125,0.006591796875,0.025146484375,-0.02099609375,-0.02099609375,-0.022216796875,-0.00537109375,-0.027587890625,-0.041015625,-0.02197265625,0.0302734375,0.007568359375,-0.040771484375,0.04638671875,0.003662109375,-0.06103515625,-0.010009765625,-0.010009765625,0.01708984375,-0.046875,-0.06298828125,-0.015380859375,0.0166015625,-0.014892578125,-0.031494140625,0.050048828125,-0.018798828125,-0.065673828125,0.02294921875,0.0537109375,-0.03271484375,-0.03271484375,-0.083251953125,-0.013916015625,0.078125,0.01611328125,-0.06982421875,-0.067626953125,0.033935546875,-0.01904296875,-0.0947265625,-0.03515625,0.067626953125,0.010498046875,-0.093017578125,-0.093017578125,-0.064697265625,0.053466796875,0.127685546875,-0.03076171875,-0.152099609375,-0.05615234375,0.093994140625,-0.105712890625,-0.161376953125,0.066162109375,0.1123046875,0.008544921875,0.008544921875,-0.078369140625,-0.09619140625,0.037841796875,0.0390625,-0.080810546875,0.033447265625,0.068359375,-0.02783203125,-0.1123046875,-0.07421875,0.023681640625,0.097900390625,-0.011962890625,-0.011962890625,-0.074951171875,-0.005859375,0.0302734375,0.037841796875,-0.029052734375,-0.050537109375,-0.0029296875,-0.02099609375,-0.051513671875,-0.011962890625,0.06787109375,0.02490234375,0.02490234375,-0.05078125,-0.0732421875,-0.016845703125,0.064453125,0.000244140625,-0.031982421875,0.021240234375,0.018310546875,-0.04345703125,-0.03369140625,-0.03955078125,0.041259765625,0.041259765625,-0.021728515625,-0.040771484375,0.039794921875,-0.031982421875,0.057861328125,-0.046142578125,0.053955078125,-0.056640625,0.00341796875,0.07275390625,-0.078369140625,0.0458984375,0.0029296875,0.0029296875,-0.089599609375,-0.00146484375,-0.03369140625,0.014892578125,0.038330078125,-0.053466796875,0.01953125,-0.046142578125,-0.039794921875,-0.00048828125,0.022216796875,-0.00732421875,-0.04443359375,-0.004638671875,0.03564453125,0.03564453125,0.00146484375,-0.047119140625,-0.04248046875,0.017578125,0.0361328125,-0.0458984375,-0.07080078125,-0.038818359375,-0.036865234375,-0.073974609375,-0.073974609375,-0.05322265625,0.087890625,0.1552734375,-0.0302734375,-0.164306640625,0.00341796875,0.142822265625,-0.0205078125,-0.234130859375,-0.11376953125,0.096435546875,-0.20166015625,-0.10107421875,0.1708984375,0.08154296875,-0.20703125,-0.140625,0.14111328125,0.1259765625,0.130859375,-0.071044921875,-0.0888671875,0.094482421875,-0.0888671875,-0.123779296875,-0.123779296875,0.038330078125,0.060302734375,-0.04833984375,-0.044921875,-0.0234375,0.045166015625,0.0771484375,-0.08447265625,-0.119873046875,0.079833984375,0.093017578125,-0.0771484375,-0.02880859375,0.08154296875,0.006103515625,-0.050537109375,-0.0107421875,-0.0263671875,-0.03564453125,0.04736328125,0.014892578125,-0.086181640625,-0.00341796875,0.037109375,-0.067138671875,-0.05078125,0.025634765625,-0.0546875,-0.093505859375,-0.0458984375,0.036865234375,-0.12939453125,-0.045654296875,0.003173828125,-0.046630859375,-0.1669921875,0.014892578125,0.091796875,-0.06591796875,-0.0625,0.041748046875,-0.012939453125,-0.060791015625,-0.01025390625,-0.015380859375,-0.04443359375,0.0283203125,0.01318359375,0.01318359375,-0.089111328125,-0.0244140625,0.0390625,-0.03564453125,0.029541015625,-0.011962890625,-0.019775390625,0.046630859375,-0.000244140625,-0.04541015625,0.097412109375,0.102783203125,-0.10009765625,-0.10009765625,-0.076904296875,0.112548828125,-0.091552734375,-0.026611328125,0.068603515625,-0.0205078125,-0.041015625,0.00732421875,-0.026123046875,-0.026123046875,-0.022216796875,-0.026123046875,-0.06787109375,0.027099609375,0.0400390625,-0.06640625,-0.03515625,0.016357421875,0.016357421875,-0.0263671875,-0.008056640625,-0.072509765625,-0.04296875,0.0947265625,0.00830078125,-0.1669921875,-0.048828125,0.083984375,0.083984375,-0.029296875,-0.018310546875,-0.00830078125,-0.03759765625,0.0,-0.046142578125,-0.08349609375,0.05908203125,0.07763671875,0.07763671875,-0.06884765625,0.04443359375,-0.014892578125,-0.05712890625,0.06103515625,0.040283203125,-0.123046875,-0.044189453125,0.107177734375,0.107177734375,0.032470703125,-0.0146484375,0.0185546875,-0.03515625,0.00341796875,0.01123046875,-0.044189453125,0.01708984375,0.01708984375,0.03173828125,-0.03759765625,0.06494140625,-0.00537109375,-0.083251953125,0.05908203125,0.084228515625,-0.093017578125,-0.06103515625,0.089599609375,0.089599609375,-0.072998046875,-0.0166015625,0.0234375,-0.022216796875,-0.000732421875,-0.043212890625,-0.09228515625,0.035888671875,0.08642578125,0.08642578125,-0.12890625,0.049560546875,0.059326171875,-0.06689453125,-0.029052734375,0.005126953125,-0.04150390625,0.01025390625,0.028076171875,0.028076171875,-0.052734375,0.08447265625,0.011474609375,-0.119140625,-0.005859375,0.024169921875,-0.08154296875,-0.00048828125,0.0927734375,0.0927734375,-0.16650390625,0.014892578125,0.107421875,-0.05322265625,-0.081787109375,0.032958984375,0.031982421875,-0.02685546875,-0.02001953125,-0.02001953125,0.005615234375,0.036376953125,-0.019287109375,-0.06103515625,0.045654296875,0.0302734375,-0.0869140625,-0.017578125,0.1025390625,0.1025390625,-0.144287109375,0.016845703125,0.1005859375,-0.033935546875,-0.05810546875,0.008544921875,0.006103515625,0.018798828125,0.0166015625,-0.066650390625,-0.052734375,0.114990234375,0.064697265625,-0.145751953125,-0.065185546875,0.094970703125,0.03173828125,-0.056396484375,-0.017578125,-0.016357421875,-0.03173828125,-0.03173828125,-0.0205078125,-0.139404296875,-0.014892578125,0.094482421875,-0.035888671875,-0.1103515625,-0.01318359375,0.0,-0.048583984375,0.0361328125,0.02734375,-0.1259765625,-0.0703125,0.090576171875,0.03466796875,-0.093017578125,-0.0234375,-0.0234375,-0.041259765625,-0.007568359375,0.005615234375,-0.049560546875,-0.002685546875,0.041015625,-0.052978515625,-0.073486328125,0.03955078125,0.01025390625,-0.072021484375,0.0185546875,0.0380859375,-0.06103515625,-0.01220703125,-0.01220703125,-0.044677734375,-0.046875,0.08935546875,0.030029296875,-0.119140625,0.00341796875,0.111572265625,-0.021484375,-0.091552734375,0.02490234375,0.0478515625,-0.0546875,-0.025146484375,0.024658203125,-0.023193359375,-0.007080078125,0.017333984375,-0.0439453125,-0.04638671875,0.026611328125,-0.00390625,-0.06298828125,0.0107421875,0.0263671875,-0.048583984375,-0.02001953125,-0.0205078125,-0.0693359375,0.01416015625,0.087158203125,-0.05029296875,-0.139892578125,0.04248046875,0.0966796875,-0.076904296875,-0.077880859375,0.0498046875,0.0174560546875,0.008544921875,-0.008056640625,0.028564453125,-0.039794921875,-0.015625,-0.00146484375,-0.0556640625,-0.015869140625,0.010498046875,-0.03857421875,-0.010986328125,0.071533203125,-0.010498046875,-0.126953125,0.01220703125,0.1064453125,-0.026611328125,-0.07080078125,0.01220703125,0.021240234375,-0.001953125,0.010986328125,-0.052734375,-0.064453125,0.082763671875,0.05517578125,-0.052490234375,0.0810546875,0.0810546875,0.000732421875,-0.07275390625,-0.001953125,-0.013916015625,-0.04736328125,0.064208984375,0.014404296875,-0.123291015625,0.00830078125,0.15673828125,-0.017333984375,-0.181396484375,0.0029296875,0.12255859375,-0.021484375,-0.072265625,0.027587890625,-0.0107421875,-0.0078125,0.013671875,-0.036376953125,-0.046630859375,0.0498046875,0.007080078125,-0.1015625,-0.014892578125,0.011474609375,-0.062255859375,0.007568359375,0.077392578125,-0.055419921875,-0.11669921875,0.06201171875,0.073974609375,-0.068359375,-0.030517578125,0.025390625,-0.03857421875,-0.015869140625,0.043212890625,-0.04931640625,-0.09130859375,0.044189453125,0.0244140625,-0.10546875,-0.01708984375,0.046142578125,-0.042236328125,-0.020263671875,0.072509765625,-0.02685546875,-0.119384765625,0.040771484375,0.086181640625,-0.06005859375,-0.047119140625,0.050537109375,0.007080078125,-0.03271484375,0.013916015625,-0.0322265625,-0.05712890625,0.070556640625,0.039794921875,-0.105224609375,-0.025634765625,0.057373046875,-0.048583984375,-0.0654296875,0.085693359375,0.031982421875,-0.1484375,-0.03173828125,-0.0029296875,-0.0029296875,-0.08984375,0.036376953125,-0.05908203125,-0.02099609375,0.0224609375,-0.024658203125,0.011962890625,0.011962890625,0.02392578125,-0.068359375,-0.044677734375,0.0546875,0.00537109375,-0.0771484375,0.00244140625,0.02783203125,-0.0498046875,-0.013916015625,-0.0146484375,-0.076416015625,0.011474609375,0.094970703125,-0.0537109375,-0.158203125,0.0341796875,0.11572265625,-0.064453125,-0.092529296875,0.031982421875,0.02734375,-0.038818359375,-0.015625,-0.012939453125,-0.040283203125,0.026123046875,0.01220703125,-0.0126953125,-0.024658203125,0.049072265625,-0.030517578125,-0.0517578125,0.027587890625,-0.033935546875,0.005615234375,-0.0322265625,-0.069091796875,-0.069091796875,0.0791015625,0.0791015625,-0.0888671875,0.08837890625,0.048828125,-0.099853515625,-0.099853515625,-0.005859375,0.070068359375,-0.05126953125,-0.060302734375,0.01220703125,0.01220703125,-0.041015625,0.00390625,0.003173828125,-0.0458984375,0.001220703125,-0.016357421875,-0.058349609375,0.04248046875,-0.09228515625,-0.103759765625,-0.103759765625,0.054443359375,-0.080322265625,-0.026611328125,0.00732421875,0.0146484375,-0.04541015625,0.024658203125,-0.091552734375,-0.062744140625,-0.062744140625,0.106201171875,0.033447265625,-0.169921875,-0.044677734375,0.116943359375,0.007080078125,-0.023193359375,0.017333984375,-0.017578125,0.016357421875,-0.013916015625,-0.06494140625,0.032958984375,0.032958984375,0.048095703125,-0.057373046875,-0.02685546875,0.03076171875,-0.0390625,-0.03564453125,0.080078125,0.003173828125,0.019287109375,0.09033203125,0.09033203125,-0.0576171875,-0.06201171875,0.0458984375,0.003173828125,-0.0537109375,0.034912109375,-0.004150390625,-0.07958984375,0.04638671875,0.058349609375,-0.091552734375,0.051025390625,-0.029541015625,-0.057861328125,-0.057861328125,0.0771484375,0.02783203125,-0.135498046875,-0.02685546875,0.082763671875,-0.021240234375,-0.072265625,-0.0009765625,-0.052001953125,0.019775390625,0.019775390625,-0.00390625,-0.06884765625,0.013671875,0.031494140625,-0.072509765625,0.06396484375,-0.007568359375,-0.08642578125,0.02880859375,0.02880859375,0.024169921875,-0.07568359375,0.01416015625,0.0400390625,-0.0869140625,-0.052978515625,0.118408203125,-0.170654296875,-0.03125,0.117919921875,0.117919921875,-0.009033203125,-0.091064453125,0.01416015625,0.0458984375,-0.042236328125,-0.0244140625,-0.036376953125,0.013427734375,0.029296875,-0.0439453125,-0.019287109375,-0.019287109375,0.0068359375,-0.04833984375,-0.01513671875,0.08447265625,-0.023681640625,0.022216796875,0.0927734375,-0.054443359375,-0.054443359375,-0.064208984375,0.030517578125,-0.007080078125,-0.0400390625,0.0263671875,-0.029296875,-0.0732421875,0.056396484375,-0.127197265625,-0.080810546875,-0.080810546875,0.089111328125,0.0263671875,-0.096435546875,-0.005615234375,0.02978515625,0.002685546875,-0.009033203125,-0.078125,0.007080078125,0.092529296875,-0.038818359375,-0.123779296875,-0.123779296875,0.046142578125,0.07275390625,-0.0625,-0.035888671875,-0.034912109375,0.0107421875,0.05322265625,-0.0556640625,-0.0556640625,-0.083984375,0.07177734375,0.044677734375,-0.094482421875,0.02392578125,-0.034912109375,0.000732421875,0.06787109375,-0.0341796875,-0.0341796875,-0.117431640625,0.029541015625,0.0673828125,-0.075927734375,-0.060302734375,0.021728515625,-0.07421875,-0.024169921875,0.01953125,0.01953125,-0.0185546875,0.00634765625,-0.009765625,-0.057861328125,0.013916015625,-0.06005859375,-0.030029296875,0.06591796875,0.06591796875,-0.02197265625,-0.12451171875,0.021240234375,0.08154296875,-0.0361328125,0.01123046875,-0.028076171875,-0.011962890625,-0.011962890625,0.0634765625,-0.0361328125,-0.108642578125,0.072509765625,-0.118896484375,-0.126953125,0.0859375,0.086669921875,0.086669921875,-0.080322265625,-0.0537109375,0.0263671875,0.0087890625,0.0029296875,-0.07275390625,-0.0234375,0.078369140625,0.078369140625,0.013916015625,-0.074951171875,0.006591796875,-0.051025390625,0.03759765625,0.042724609375,-0.098388671875,-0.072021484375,-0.072021484375,0.08251953125,0.030029296875,-0.099853515625,0.017822265625,-0.0380859375,0.0029296875,-0.0283203125,-0.0849609375,-0.0849609375,0.042236328125,0.11474609375,-0.0849609375,0.055908203125,0.09521484375,-0.06201171875,-0.03173828125,0.024169921875,0.024169921875,-0.031982421875,-0.001220703125,0.04052734375,-0.0703125,0.106689453125,0.03515625,-0.15185546875,-0.028564453125,-0.028564453125,0.10546875,-0.001953125,-0.083740234375,-0.00439453125,-0.0390625,0.045654296875,-0.000244140625,-0.092041015625,-0.092041015625,0.01708984375,0.08056640625,-0.054931640625,0.046142578125,-0.003173828125,-0.080322265625,0.069580078125,0.0859375,0.0859375,-0.113525390625,-0.09619140625,0.078125,-0.1025390625,-0.015869140625,0.072998046875,-0.037109375,-0.061767578125,-0.061767578125,-0.011474609375,-0.021484375,-0.010009765625,-0.02197265625,-0.078125,0.027099609375,0.03857421875,-0.06982421875,-0.06982421875,-0.018310546875,0.03466796875,-0.031005859375,0.008544921875,-0.052490234375,-0.03369140625,0.099365234375,0.006591796875,-0.164306640625,-0.164306640625,-0.014892578125,0.121337890625,-0.099609375,0.031982421875,0.036865234375,-0.07421875,-0.01611328125,0.037109375,0.037109375,-0.027099609375,0.0,0.03662109375,-0.043212890625,0.046630859375,0.0,-0.079833984375,0.018798828125,0.018798828125,0.040771484375,-0.04150390625,0.002685546875,-0.076904296875,-0.004150390625,0.08447265625,-0.044677734375,-0.133056640625,0.05517578125,0.05517578125,0.1015625,-0.07861328125,0.0595703125,0.0166015625,-0.07861328125,-0.01318359375,0.028076171875,-0.029541015625,-0.029541015625,0.0087890625,0.00732421875,-0.013427734375,-0.0048828125,-0.066162109375,-0.013671875,0.080078125,-0.02197265625,-0.02197265625,-0.125732421875,0.023193359375,-0.0595703125,-0.02978515625,0.01611328125,-0.040283203125,-0.015869140625,0.068359375,0.068359375,-0.035400390625,-0.10498046875,0.094970703125,-0.12255859375,-0.1123046875,0.083740234375,0.079833984375,-0.06689453125,-0.05224609375,-0.05224609375,0.0009765625,0.0205078125,-0.025146484375,-0.084228515625,0.028076171875,0.09619140625,-0.062744140625,-0.145751953125,-0.145751953125,0.047119140625,-0.060546875,-0.04052734375,0.00732421875,-0.016845703125,0.02734375,0.02978515625,-0.10302734375,-0.10302734375,-0.08447265625,0.127197265625,-0.173828125,-0.065185546875,0.11181640625,0.02587890625,-0.0791015625,-0.03369140625,-0.03369140625,-0.01171875,-0.0185546875,-0.029052734375,-0.106689453125,0.050048828125,0.086181640625,-0.075439453125,-0.076416015625,-0.076416015625,0.036376953125,-0.05419921875,0.08740234375,0.035400390625,-0.14697265625,-0.043212890625,0.090576171875,0.002197265625,0.002197265625,-0.06884765625,0.012939453125,-0.0517578125,0.017822265625,0.006103515625,-0.061279296875,0.015380859375,0.044677734375,-0.057373046875,-0.057373046875,-0.049560546875,-0.011962890625,-0.06201171875,0.045166015625,-0.007080078125,-0.103515625,0.031982421875,0.072509765625,0.072509765625,-0.088134765625,0.10205078125,0.031005859375,-0.14892578125,-0.02685546875,0.083984375,-0.0126953125,-0.05126953125,-0.05126953125,0.014404296875,-0.03466796875,0.0166015625,-0.030029296875,-0.07861328125,0.056640625,0.057861328125,-0.087646484375,-0.087646484375,-0.046142578125,-0.047607421875,-0.083251953125,0.078857421875,0.05078125,-0.13671875,-0.035888671875,0.118896484375,0.01025390625,0.01025390625,0.004638671875,0.0400390625,-0.061279296875,-0.0146484375,0.036865234375,-0.020263671875,0.009521484375,0.025146484375,0.025146484375,-0.03564453125,0.015625,-0.0341796875,-0.043701171875,0.0654296875,-0.0087890625,-0.127197265625,0.010986328125,0.010986328125,-0.050048828125,-0.048583984375,0.0380859375,-0.01611328125,-0.049560546875,0.05419921875,-0.021484375,-0.120361328125,-0.120361328125,0.08203125,-0.08984375,-0.089599609375,0.07861328125,0.033447265625,-0.0927734375,-0.0107421875,0.0126953125,-0.054931640625,-0.054931640625,0.0087890625,-0.076171875,-0.015869140625,0.09619140625,-0.024658203125,-0.13916015625,0.02734375,0.077392578125,0.077392578125,-0.018798828125,0.017578125,-0.0380859375,-0.0234375,0.05078125,-0.0439453125,-0.095947265625,0.068115234375,0.068115234375,-0.087646484375,-0.04345703125,0.03857421875,-0.0244140625,-0.0498046875,0.051025390625,0.013671875,-0.107666015625,-0.107666015625,0.0751953125,-0.02734375,-0.060791015625,0.003662109375,-0.002685546875,-0.04638671875,0.02685546875,0.014892578125,0.014892578125,0.015625,0.009033203125,-0.09130859375,-0.03125,0.062744140625,-0.030517578125,-0.087158203125,0.043212890625,0.02490234375,-0.093505859375,-0.00634765625,0.017333984375,-0.0830078125,-0.01953125,0.101806640625,-0.010986328125,-0.1435546875,0.0341796875,0.10791015625,-0.074462890625,-0.092529296875,0.046630859375,0.035400390625,-0.0654296875,-0.022705078125,0.01806640625,-0.021728515625,0.015625,-0.002685546875,-0.0625,0.022705078125,0.02197265625,-0.067626953125,-0.002197265625,0.08544921875,-0.046142578125,-0.134033203125,0.057861328125,0.072509765625,-0.085693359375,-0.016845703125,0.068359375,-0.01708984375,-0.049560546875,0.010986328125,-0.03955078125,-0.04052734375,0.102294921875,0.005615234375,-0.17626953125,-0.0302734375,0.11328125,-0.006591796875,-0.0908203125,-0.003662109375,0.002685546875,-0.02587890625,0.050537109375,-0.033447265625,-0.122314453125,0.046875,0.13330078125,-0.072998046875,-0.166748046875,0.059814453125,0.125732421875,-0.06298828125,-0.082275390625,0.006103515625,0.007568359375,0.00244140625,-0.0107421875,-0.0546875,-0.03076171875,0.06884765625,-0.009765625,-0.136474609375,0.009765625,0.092041015625,-0.044677734375,-0.0732421875,0.041015625,0.03857421875,-0.0361328125,-0.00146484375,-0.04345703125,-0.063720703125,0.0966796875,0.0771484375,-0.131591796875,-0.096923828125,0.09912109375,0.040283203125,-0.11767578125,-0.02734375,0.041015625,-0.036376953125,-0.007080078125,-0.00927734375,-0.072998046875,-0.004150390625,0.071533203125,-0.040283203125,-0.10302734375,0.04248046875,0.028076171875,-0.07080078125,0.031982421875,0.05224609375,-0.0849609375,-0.0693359375,0.07470703125,0.017822265625,-0.098876953125,0.01171875,0.04052734375,-0.0546875,-0.00537109375,-0.065673828125,-0.065673828125,-0.00146484375,0.073486328125,-0.048095703125,-0.093017578125,0.08935546875,0.03955078125,-0.130126953125,0.0048828125,0.123291015625,-0.041259765625,-0.13330078125,0.050048828125,0.095947265625,-0.08642578125,-0.0634765625,0.04296875,-0.009765625,-0.046142578125,-0.010498046875,-0.009765625,-0.031005859375,0.015869140625,0.001708984375,-0.0595703125,-0.001953125,-0.0205078125,-0.065673828125,0.04541015625,0.068603515625,-0.088623046875,-0.109619140625,0.076416015625,0.05224609375,-0.09375,-0.0205078125,-0.0390625,-0.0390625,0.009765625,0.0234375,-0.08544921875,-0.05810546875,0.123046875,0.0390625,-0.184326171875,-0.05078125,0.143310546875,0.03759765625,-0.096435546875,-0.030029296875,0.041259765625,0.015869140625,0.015869140625,-0.01513671875,-0.054443359375,0.054931640625,0.041259765625,-0.082763671875,-0.04052734375,0.05517578125,-0.0263671875,-0.08154296875,0.050048828125,0.0283203125,-0.007568359375,-0.007568359375,0.04541015625,-0.05859375,-0.045654296875,0.049560546875,-0.002197265625,-0.07177734375,0.02001953125,-0.070556640625,0.05517578125,0.05517578125,0.061767578125,-0.098876953125,-0.08837890625,0.075439453125,0.029052734375,-0.08740234375,-0.00146484375,0.005859375,0.025634765625,0.025634765625,0.004150390625,-0.115966796875,-0.02001953125,0.14306640625,-0.00634765625,-0.19482421875,-0.001953125,0.12744140625,-0.01123046875,-0.02099609375,-0.02099609375,-0.004638671875,0.01025390625,0.019775390625,-0.0732421875,-0.071533203125,0.1123046875,0.063720703125,-0.08056640625,-0.08056640625,0.100830078125,0.047119140625,-0.08251953125,-0.03271484375,0.020263671875,-0.006591796875,0.029541015625,-0.042236328125,-0.1005859375,0.10595703125,0.10595703125,-0.07470703125,-0.1357421875,0.065185546875,0.0830078125,-0.07275390625,-0.044921875,-0.033203125,0.0126953125,0.02734375,-0.078857421875,-0.078857421875,-0.0771484375,0.08740234375,0.04345703125,-0.115966796875,-0.021484375,0.038818359375,-0.005615234375,0.07666015625,0.07666015625,-0.026611328125,-0.12744140625,0.039794921875,0.095458984375,-0.07958984375,-0.070068359375,0.067138671875,0.0234375,-0.01708984375,0.02978515625,0.02978515625,-0.02001953125,0.011962890625,-0.004638671875,-0.0625,0.019775390625,0.019775390625,-0.071533203125,0.085205078125,-0.027099609375,-0.027099609375,-0.12451171875,0.04541015625,0.072021484375,-0.0654296875,-0.02490234375,0.018310546875,-0.045654296875,-0.02001953125,-0.0498046875,-0.095458984375,-0.095458984375,0.06005859375,0.0234375,-0.104248046875,0.01171875,0.056396484375,-0.078125,-0.072265625,0.04052734375,-0.131591796875,-0.014892578125,-0.014892578125,0.097412109375,-0.0185546875,-0.072021484375,0.010986328125,0.021728515625,-0.049560546875,0.023193359375,-0.042236328125,-0.042236328125,0.010009765625,0.026611328125,-0.046142578125,-0.027099609375,-0.003662109375,-0.047119140625,-0.012451171875,0.083251953125,-0.129150390625,0.019775390625,0.076904296875,0.076904296875,-0.047607421875,-0.04638671875,0.0146484375,-0.010986328125,-0.018310546875,-0.04931640625,-0.1025390625,0.0859375,0.085205078125,-0.13134765625,-0.13134765625,-0.118408203125,0.08154296875,0.072021484375,-0.07275390625,-0.049072265625,-0.020751953125,0.064208984375,0.000732421875,0.0263671875,-0.12548828125,-0.002685546875,0.149169921875,-0.013427734375,-0.19970703125,0.009033203125,0.15234375,-0.0263671875,-0.10302734375,-0.00537109375,-0.008544921875,-0.00537109375,-0.0419921875,-0.0419921875,-0.062255859375,0.05517578125,0.041748046875,-0.087890625,-0.029052734375,-0.033935546875,-0.0087890625,0.051025390625,-0.0517578125,-0.11328125,0.066650390625,0.066650390625,0.039306640625,0.061279296875,-0.03271484375,-0.00634765625,-0.061767578125,-0.0048828125,-0.0048828125,-0.02587890625,-0.02001953125,0.093017578125,-0.01123046875,-0.16650390625,-0.011474609375,0.10888671875,-0.104736328125,0.037841796875,0.046142578125,-0.05810546875,-0.05810546875,-0.003662109375,-0.019287109375,-0.05517578125,0.0654296875,0.061767578125,-0.102294921875,0.10888671875,0.023193359375,0.06103515625,-0.101806640625,-0.019775390625,0.030517578125,-0.0380859375,0.011474609375,0.04345703125,-0.05712890625,0.08642578125,0.021728515625,-0.125,-0.125,-0.005859375,0.039794921875,-0.05419921875,-0.004150390625,-0.04150390625,-0.11572265625,-0.044677734375,0.05419921875,0.057373046875,-0.04248046875,0.098388671875,-0.004150390625,-0.10693359375,-0.10693359375,-0.004150390625,0.040283203125,-0.05419921875,-0.01953125,0.013427734375,0.00341796875,-0.013427734375,-0.070556640625,0.018798828125,0.10205078125,-0.0478515625,-0.149169921875,0.05126953125,0.09521484375,0.09521484375,-0.063720703125,-0.0361328125,0.03076171875,-0.029541015625,0.052001953125,-0.032958984375,-0.068115234375,0.08837890625,0.03125,-0.124267578125,0.0009765625,0.075439453125,0.075439453125,-0.054931640625,0.086181640625,0.086181640625,0.015869140625,-0.12353515625,0.0146484375,0.06494140625,-0.0390625,0.03369140625,-0.03662109375,-0.060302734375,0.0439453125,0.0439453125,0.001953125,-0.086669921875,0.02197265625,0.0205078125,-0.081787109375,0.00439453125,-0.068603515625,-0.0556640625,0.067626953125,-0.0166015625,-0.11279296875,-0.11279296875,0.03466796875,0.02392578125,-0.10498046875,0.0048828125,0.105224609375,-0.1181640625,0.0576171875,0.07470703125,-0.087158203125,-0.021484375,0.079833984375,-0.017822265625,-0.074951171875,0.021484375,0.0380859375,0.0380859375,-0.0390625,-0.00244140625,0.013916015625,-0.037353515625,0.01220703125,-0.005859375,-0.064453125,0.0185546875,0.06591796875,-0.06298828125,-0.1201171875,0.0576171875,0.0732421875,-0.064453125,-0.02197265625,0.009521484375,-0.040283203125,-0.000732421875,0.03759765625,-0.087890625,0.089111328125,0.049560546875,-0.169921875,-0.074462890625,-0.001953125,0.1142578125,0.0263671875,-0.11083984375,-0.035888671875,0.03857421875,-0.034912109375,-0.01953125,-0.018798828125,0.01416015625,0.047607421875,-0.046142578125,-0.05859375,-0.015380859375,0.025634765625,0.028076171875,0.059814453125,0.019287109375,-0.112548828125,-0.002685546875,0.09033203125,-0.0302734375,-0.071533203125,0.049072265625,0.02734375,-0.078369140625,-0.078369140625,0.00390625,0.007080078125,-0.05322265625,0.057373046875,0.0311279296875,0.082275390625,-0.111083984375,0.06396484375,-0.06494140625,-0.000732421875,0.010498046875,-0.045166015625,-0.045166015625,0.0283203125,0.00830078125,-0.11279296875,-0.04150390625,0.125,0.0029296875,-0.1826171875,0.0234375,-0.00634765625,-0.025390625,-0.02783203125,0.010986328125,-0.01025390625,0.00439453125,0.00439453125,-0.0576171875,-0.0615234375,0.099853515625,-0.1416015625,-0.078369140625,0.10107421875,0.039794921875,-0.0869140625,-0.0068359375,0.032470703125,-0.01025390625,0.024658203125,0.011962890625,-0.009521484375,-0.099365234375,-0.0048828125,0.00048828125,0.00048828125,-0.10009765625,0.021728515625,-0.0673828125,0.0244140625,0.0244140625,0.0478515625,-0.07763671875,-0.015869140625,-0.053466796875,-0.12060546875,0.010986328125,0.09228515625,-0.081787109375,-0.095947265625,0.048095703125,0.04345703125,-0.05322265625,-0.0234375,-0.006103515625,-0.006103515625,-0.068359375,0.00537109375,0.019775390625,-0.07861328125,0.035400390625,-0.02001953125,-0.0654296875,0.001708984375,-0.015380859375,-0.046875,0.05908203125,0.013427734375,-0.119140625,-0.007568359375,0.08984375,0.08984375,-0.024169921875,-0.093017578125,0.020751953125,-0.0615234375,0.002197265625,0.033203125,-0.00341796875,0.00537109375,0.021728515625,-0.059814453125,-0.041015625,0.07958984375,-0.004150390625,-0.1044921875,0.04443359375,0.06005859375,-0.074462890625,-0.074462890625,-0.022216796875,0.034912109375,-0.05712890625,-0.041259765625,0.097900390625,-0.150390625,-0.040771484375,-0.001708984375,0.08984375,-0.05859375,0.052001953125,0.037841796875,-0.095458984375,-0.037109375,0.033203125,-0.007080078125,0.01318359375,-0.022705078125,-0.070068359375,0.019287109375,0.059814453125,-0.07861328125,-0.10595703125,0.092041015625,0.066650390625,-0.157470703125,-0.078125,0.1083984375,0.043701171875,-0.0859375,-0.031982421875,0.02880859375,-0.0322265625,-0.0322265625,0.002685546875,0.009765625,0.00439453125,0.05615234375,-0.027099609375,-0.05029296875,0.02197265625,-0.01513671875,-0.053955078125,0.060546875,0.025390625,-0.112548828125,-0.01025390625,0.078125,-0.050048828125,-0.08203125,0.04248046875,0.0224609375,-0.093994140625,0.005859375,0.126220703125,-0.007080078125,-0.007080078125,-0.02099609375,0.139404296875,-0.013427734375,-0.17626953125,0.001220703125,0.001220703125,0.14111328125,-0.02783203125,-0.003662109375,0.017333984375,-0.071533203125,-0.017822265625,0.066162109375,-0.049072265625,-0.093505859375,0.05224609375,0.048828125,-0.109375,-0.080078125,0.10400390625,0.089111328125,-0.0771484375,-0.080810546875,0.0625,0.08935546875,-0.0673828125,-0.1396484375,0.04248046875,0.09716796875,-0.080810546875,-0.080810546875,-0.097412109375,0.0087890625,-0.0107421875,0.03955078125,-0.100830078125,-0.129150390625,-0.129150390625,0.13720703125,-0.20263671875,-0.15576171875,0.202392578125,0.132080078125,-0.182373046875,-0.125732421875,0.11865234375,0.0224609375,-0.082275390625,-0.003173828125,-0.0673828125,-0.098876953125,0.0625,0.06689453125,-0.15869140625,-0.0927734375,0.15673828125,0.0,-0.177490234375,0.014892578125,0.014892578125,-0.02392578125,0.00390625,0.0615234375,-0.046875,-0.023681640625,0.10009765625,-0.036376953125,-0.0751953125,0.08447265625,0.02587890625,-0.088623046875,0.01220703125,0.03857421875,-0.106201171875,-0.012451171875,0.102783203125,-0.08837890625,-0.08544921875,0.128662109375,0.01318359375,-0.13720703125,0.064208984375,0.145263671875,-0.1123046875,-0.11865234375,0.1123046875,0.0322265625,-0.06787109375,0.02978515625,0.02978515625,-0.117919921875,-0.017578125,0.043701171875,-0.117431640625,-0.065673828125,0.0966796875,-0.065673828125,-0.1513671875,0.034912109375,0.04052734375,-0.12060546875,-0.036865234375,0.100830078125,-0.047607421875,-0.083740234375,0.085693359375,0.0126953125,-0.093505859375,0.00390625,0.01806640625,-0.067138671875,0.004638671875,0.062255859375,-0.0849609375,-0.041259765625,0.093994140625,-0.06591796875,-0.107177734375,0.093017578125,0.046875,-0.1220703125,0.0341796875,0.16650390625,-0.07421875,-0.115234375,0.11328125,0.046875,-0.07861328125,0.0576171875,0.0830078125,-0.088623046875,-0.025634765625,0.126708984375,-0.0673828125,-0.14111328125,0.093505859375,0.059814453125,-0.14453125,-0.06103515625,0.085205078125,0.085205078125,-0.067626953125,0.02099609375,-0.0625,-0.0361328125,0.10205078125,-0.0361328125,-0.132080078125,0.076904296875,0.099365234375,-0.1611328125,-0.105712890625,0.148681640625,0.004150390625,-0.13671875,0.014892578125,0.01171875,-0.094482421875,-0.014404296875,0.031005859375,-0.09619140625,-0.009033203125,0.117919921875,-0.083251953125,-0.12353515625,0.08837890625,0.039306640625,-0.11181640625,0.089111328125,0.089111328125,-0.075927734375,-0.041259765625,0.10107421875,-0.043701171875,-0.077392578125,0.079345703125,-0.003662109375,-0.111328125,0.046630859375,0.0947265625,-0.1298828125,-0.05810546875,0.14794921875,-0.04052734375,-0.156005859375,0.04248046875,0.06787109375,-0.067626953125,0.02197265625,0.094482421875,-0.099853515625,-0.0947265625,0.108154296875,0.002197265625,0.047607421875,0.047607421875,0.073974609375,-0.094970703125,-0.0673828125,0.065673828125,-0.0400390625,-0.07470703125,-0.050048828125,-0.04833984375,-0.100830078125,0.0673828125,0.0537109375,-0.120361328125,-0.01513671875,0.106689453125,-0.08203125,0.109130859375,0.109130859375,-0.011474609375,-0.10498046875,0.082275390625,0.072998046875,-0.15380859375,-0.064453125,0.1357421875,-0.035400390625,-0.10595703125,0.064453125,-0.003173828125,-0.10400390625,0.02783203125,0.040283203125,-0.116455078125,-0.0479736328125,-0.0009765625,-0.086669921875,-0.10986328125,0.099365234375,-0.00244140625,-0.128662109375,0.042236328125,0.0732421875,-0.1162109375,0.1044921875,-0.1005859375,-0.1005859375,-0.104248046875,0.134521484375,0.0146484375,-0.199462890625,-0.0087890625,0.164306640625,-0.06005859375,-0.1123046875,0.092041015625,0.01220703125,-0.11767578125,0.011474609375,0.0576171875,-0.05029296875,0.00439453125,0.07373046875,-0.077880859375,0.09228515625,-0.0009765625,-0.092529296875,-0.092529296875,0.0322265625,0.06005859375,0.037353515625,0.0029296875,0.076904296875,-0.09814453125,-0.0693359375,0.151611328125,0.007080078125,-0.170654296875,0.01171875,0.126708984375,-0.040283203125,-0.0751953125,0.02490234375,-0.036865234375,-0.013916015625,0.07763671875,-0.077880859375,-0.118408203125,0.1064453125,0.07568359375,-0.185546875,-0.095458984375,0.142578125,-0.0166015625,0.030517578125,0.01708984375,-0.08251953125,0.0146484375,0.0146484375,0.037109375,-0.108642578125,-0.025146484375,0.113037109375,-0.068603515625,-0.109130859375,0.07861328125,0.000244140625,-0.115234375,0.049560546875,0.080322265625,-0.14111328125,-0.0703125,0.151123046875,-0.018798828125,-0.121826171875,0.0703125,0.0390625,-0.111572265625,-0.001953125,0.103271484375,-0.05322265625,-0.04150390625,0.105224609375,-0.03857421875,-0.10400390625,0.078857421875,0.055908203125,-0.098388671875,-0.001953125,0.08935546875,-0.07470703125,0.08544921875,-0.022705078125,-0.0927734375,-0.0927734375,0.045654296875,0.009765625,-0.089111328125,0.05126953125,0.05126953125,-0.024169921875,0.11962890625,-0.07958984375,-0.12548828125,0.08349609375,0.0361328125,-0.119873046875,0.007568359375,0.07470703125,0.07470703125,-0.10546875,-0.04248046875,0.108154296875,-0.0908203125,-0.12939453125,0.1142578125,0.060546875,-0.052001953125,0.1142578125,-0.04150390625,-0.04150390625,-0.063720703125,0.0859375,-0.036376953125,-0.12353515625,0.066162109375,0.09521484375,-0.119140625,-0.0595703125,0.139404296875,-0.010009765625,-0.134033203125,0.01416015625,0.0244140625,-0.034912109375,0.040771484375,0.0029296875,-0.126953125,0.000732421875,0.12841796875,-0.09375,0.1103515625,0.004638671875,-0.119384765625,0.0380859375,0.059814453125,-0.116455078125,0.005126953125,0.144775390625,-0.110107421875,-0.15283203125,0.1240234375,0.06787109375,0.06787109375,-0.123779296875,-0.000244140625,0.07861328125,-0.088134765625,-0.044189453125,0.088623046875,-0.077392578125,-0.074462890625,0.120849609375,0.0078125,-0.1494140625,0.013671875,0.110107421875,-0.084716796875,-0.06396484375,0.090576171875,-0.03759765625,0.068603515625,-0.01123046875,-0.12841796875,0.0458984375,0.12548828125,0.12548828125,-0.123046875,-0.1494140625,0.0849609375,0.033203125,-0.072021484375,0.00537109375,-0.0146484375,0.010986328125,0.057373046875,-0.097900390625,-0.031005859375,-0.031005859375,0.125,-0.04736328125,-0.13330078125,0.04541015625,0.04296875,-0.09130859375,0.017578125,0.09130859375,-0.1123046875,-0.08447265625,0.1337890625,-0.000244140625,-0.14306640625,0.02099609375,0.071044921875,-0.066650390625,-0.012939453125,0.077880859375,-0.08642578125,-0.06298828125,-0.009033203125,-0.16455078125,0.03515625,0.144287109375,-0.064697265625,-0.08203125,0.098388671875,-0.0107421875,-0.100341796875,0.044921875,0.02197265625,-0.0712890625,0.027587890625,0.044189453125,0.044189453125,-0.104736328125,-0.03857421875,0.08203125,-0.08837890625,-0.086669921875,0.12890625,0.010986328125,-0.170166015625,0.00244140625,-0.08740234375,-0.0869140625,0.092041015625,-0.027099609375,-0.100830078125,0.066162109375,0.028076171875,-0.117919921875,0.006103515625,0.089599609375,0.089599609375,-0.107421875,-0.104736328125,0.09765625,0.014892578125,-0.069091796875,0.02392578125,-0.03125,0.05859375,0.066162109375,-0.130615234375,-0.018310546875,0.167236328125,-0.066162109375,-0.17724609375,0.06591796875,0.093505859375,0.093505859375,-0.090576171875,-0.026611328125,0.085693359375,-0.05419921875,0.094970703125,-0.013427734375,-0.1201171875,0.029541015625,0.065185546875,0.065185546875,-0.072265625,-0.0439453125,0.066162109375,-0.051025390625,0.0615234375,-0.044189453125,-0.08935546875,0.056640625,0.03662109375,0.03662109375,-0.116455078125,-0.00732421875,0.13720703125,-0.16259765625,0.057373046875,0.06201171875,-0.060546875,0.009521484375,0.009521484375,0.039794921875,-0.081787109375,-0.037109375,-0.048095703125,-0.0615234375,0.10009765625,0.0,-0.11572265625,-0.11572265625,0.02734375,0.058837890625,-0.099365234375,0.1015625,-0.084228515625,-0.09228515625,0.106689453125,-0.004150390625,-0.13037109375,0.049560546875,0.070556640625,-0.154052734375,-0.0693359375,0.141845703125,-0.031982421875,-0.02734375,-0.112548828125,0.072998046875,0.0087890625,-0.137451171875,0.000732421875,0.07568359375,-0.0927734375,-0.029296875,0.115234375,-0.07568359375,0.09033203125,0.04150390625,-0.1240234375,-0.001708984375,0.086181640625,-0.065185546875,-0.025634765625,0.084716796875,-0.099853515625,-0.1005859375,0.1455078125,0.1455078125,0.06201171875,-0.036865234375,0.17529296875,-0.013916015625,-0.107666015625,0.065185546875,0.01953125,-0.08935546875,0.028076171875,0.064453125,-0.068603515625,-0.022705078125,0.083251953125,-0.0615234375,-0.101318359375,0.059326171875,0.014892578125,-0.05712890625,0.035888671875,0.012939453125,0.012939453125,-0.1044921875,-0.017333984375,-0.095458984375,-0.06396484375,0.104248046875,-0.0322265625,-0.13134765625,0.034912109375,0.046142578125,-0.108642578125,-0.020263671875,0.083251953125,-0.1123046875,-0.1123046875,-0.107177734375,0.13818359375,-0.1708984375,-0.024169921875,0.107421875,-0.050048828125,-0.0791015625,0.05712890625,-0.024169921875,-0.024169921875,-0.045654296875,0.090087890625,-0.151123046875,0.0244140625,0.126953125,-0.062255859375,-0.06298828125,0.089111328125,-0.02197265625,-0.053955078125,-0.053955078125,0.0693359375,-0.03564453125,0.111572265625,0.11083984375,-0.148193359375,-0.06591796875,0.1455078125,-0.0390625,-0.0390625,-0.112548828125,0.07470703125,-0.107177734375,0.0654296875,0.0732421875,-0.164794921875,-0.041259765625,0.17041015625,0.17041015625,-0.0791015625,-0.194580078125,0.098876953125,-0.10888671875,-0.044189453125,0.06640625,-0.09228515625,-0.08544921875,-0.08544921875,0.1064453125,-0.01513671875,0.053955078125,0.08056640625,-0.11767578125,-0.0947265625,0.074462890625,-0.005126953125,-0.04443359375,-0.04443359375,0.0498046875,-0.0703125,0.080810546875,0.0498046875,-0.13037109375,-0.031982421875,0.14111328125,-0.025634765625,-0.025634765625,-0.126708984375,0.042724609375,-0.0595703125,-0.002685546875,0.013916015625,-0.084716796875,-0.013427734375,0.10498046875,0.10498046875,-0.06396484375,0.083740234375,0.03125,-0.13037109375,-0.03564453125,0.07373046875,-0.035888671875,-0.026611328125,-0.026611328125,0.077392578125,-0.111572265625,0.075439453125,0.03564453125,-0.109619140625,0.004638671875,0.09423828125,-0.079833984375,-0.079833984375,-0.09130859375,-0.01806640625,-0.0859375,0.06298828125,0.02294921875,-0.111083984375,0.001708984375,0.10546875,0.10546875,-0.064453125,0.0771484375,-0.029052734375,-0.065185546875,0.081787109375,0.005126953125,-0.085693359375,0.060791015625,0.060791015625,0.0517578125,-0.01806640625,0.1376953125,-0.097412109375,-0.116455078125,0.12548828125,0.022216796875,-0.1640625,-0.004638671875,-0.004638671875,-0.10400390625,-0.024658203125,0.1328125,-0.075927734375,-0.150634765625,0.084716796875,0.055419921875,-0.147216796875,-0.147216796875,0.126953125,-0.049560546875,-0.109375,0.04150390625,-0.011474609375,-0.05078125,0.032958984375,-0.024169921875,-0.024169921875,0.0400390625,0.069091796875,-0.127197265625,-0.04296875,0.1279296875,-0.04150390625,-0.11279296875,0.054931640625,0.054931640625,-0.086181640625,0.060791015625,0.112060546875,-0.138427734375,-0.1025390625,0.15576171875,0.04296875,-0.13232421875,-0.13232421875,0.1005859375,-0.063720703125,-0.07666015625,0.064453125,-0.018798828125,-0.05078125,0.05712890625,-0.012939453125,-0.012939453125,0.037109375,0.04248046875,-0.1064453125,-0.026611328125,0.09814453125,-0.065185546875,-0.087890625,0.077880859375,0.077880859375,-0.09228515625,0.0400390625,0.014892578125,-0.129150390625,0.016845703125,0.110107421875,-0.138427734375,-0.1064453125,0.156005859375,0.01513671875,-0.193115234375,-0.009521484375,0.11865234375,-0.073974609375,-0.066162109375,0.106201171875,-0.02587890625,-0.1162109375,-0.1162109375,0.0439453125,-0.111328125,-0.009765625,0.112060546875,-0.0458984375,-0.092529296875,0.051025390625,0.000732421875,-0.0380859375,0.05419921875,-0.0185546875,-0.1240234375,0.023193359375,0.119384765625,-0.07373046875,-0.079833984375,0.08203125,-0.01708984375,-0.08837890625,0.03857421875,0.01708984375,-0.06396484375,0.04736328125,0.04833984375,-0.12890625,-0.02880859375,0.148193359375,-0.048095703125,-0.152587890625,0.0693359375,0.0947265625,-0.1083984375,-0.080322265625,0.068359375,-0.02099609375,-0.038818359375,0.064697265625,-0.0400390625,-0.107666015625,0.062744140625,0.090087890625,-0.112060546875,-0.077392578125,0.107421875,0.01416015625,-0.08984375,0.00244140625,-0.000244140625,-0.020751953125,0.05517578125,0.00830078125,-0.131591796875,-0.02685546875,0.134765625,-0.03564453125,-0.11474609375,0.046630859375,0.0244140625,-0.079345703125,-0.0068359375,0.013427734375,-0.098876953125,0.00390625,0.13720703125,-0.072998046875,-0.18212890625,0.049560546875,0.095458984375,-0.06005859375,-0.03369140625,0.03369140625,-0.055908203125,-0.030517578125,0.0673828125,-0.06689453125,-0.07763671875,0.09033203125,0.01220703125,-0.12646484375,0.00634765625,0.084716796875,-0.070556640625,-0.02880859375,0.080078125,-0.075439453125,-0.0830078125,0.10107421875,0.001220703125,-0.128173828125,0.061767578125,0.121337890625,-0.130126953125,-0.09375,0.1455078125,0.003662109375,-0.132568359375,0.05322265625,0.091064453125,-0.08837890625,-0.051025390625,0.072265625,-0.04345703125,-0.04736328125,0.0888671875,-0.022705078125,-0.115234375,0.039306640625,0.04931640625,-0.033203125,-0.033203125,0.07470703125,-0.052734375,-0.0654296875,0.056640625,-0.0546875,-0.10498046875,0.086669921875,-0.15771484375,-0.15771484375,-0.08544921875,0.135498046875,0.007568359375,-0.10693359375,0.02783203125,0.013671875,-0.092529296875,0.05126953125,0.05126953125,-0.043701171875,-0.010498046875,0.061767578125,-0.064697265625,-0.060546875,0.0810546875,-0.01513671875,0.06103515625,0.06103515625,0.073974609375,-0.111572265625,-0.0458984375,0.11572265625,-0.032470703125,-0.099853515625,0.05712890625,-0.06591796875,-0.06591796875,0.040283203125,0.03466796875,-0.119384765625,-0.00390625,0.13720703125,-0.08349609375,-0.152099609375,0.078857421875,0.078857421875,-0.11181640625,-0.028564453125,0.08056640625,-0.06591796875,-0.083740234375,0.059326171875,-0.021240234375,0.06787109375,0.06787109375,0.010986328125,-0.117431640625,0.0,0.0810546875,-0.099853515625,-0.0732421875,0.126220703125,-0.14501953125,-0.14501953125,0.01953125,0.06982421875,-0.074951171875,-0.02685546875,0.06103515625,-0.071533203125,-0.066162109375,0.103271484375,-0.1044921875,-0.1044921875,0.037109375,0.049560546875,-0.1015625,-0.031494140625,0.096923828125,-0.051025390625,-0.0712890625,-0.006591796875,-0.006591796875,-0.122802734375,0.028564453125,0.074462890625,-0.090087890625,-0.037841796875,0.093017578125,-0.038818359375,0.058837890625,0.058837890625,0.0,-0.107421875,0.025634765625,0.07177734375,-0.080078125,-0.060546875,0.06640625,-0.07470703125,-0.07470703125,0.065185546875,-0.01318359375,-0.130615234375,0.01171875,0.0859375,-0.08056640625,-0.070068359375,-0.012939453125,-0.083740234375,-0.083740234375,0.0400390625,0.00732421875,-0.071044921875,0.036376953125,0.056884765625,-0.090087890625,0.08935546875,-0.0517578125,-0.0517578125,-0.08154296875,0.108642578125,0.043212890625,-0.139892578125,-0.03125,0.10595703125,-0.042724609375,0.059814453125,0.059814453125,-0.041748046875,-0.078857421875,0.072265625,0.0185546875,-0.092529296875,0.03271484375,-0.114013671875,-0.0517578125,-0.0517578125,0.109375,-0.0546875,-0.100341796875,0.071044921875,-0.009765625,-0.127197265625,0.065185546875,-0.150146484375,-0.150146484375,-0.04248046875,0.148681640625,-0.069091796875,-0.174560546875,0.06201171875,0.06298828125,-0.0078125,0.073974609375,0.073974609375,-0.087158203125,-0.044189453125,0.0966796875,-0.057373046875,-0.09033203125,0.099853515625,-0.12939453125,-0.00048828125,0.090576171875,0.090576171875,-0.086181640625,-0.03857421875,0.10888671875,-0.045654296875,-0.094970703125,0.02734375,-0.117431640625,0.042236328125,0.042236328125,0.126708984375,-0.109619140625,-0.11376953125,0.125732421875,0.051025390625,-0.10107421875,0.07373046875,-0.080810546875,-0.080810546875,-0.058837890625,0.063232421875,-0.027587890625,-0.041259765625,0.052978515625,-0.048583984375,0.05126953125,0.03369140625,-0.13720703125,-0.13720703125,-0.030517578125,0.110107421875,-0.0751953125,-0.126220703125,0.077880859375,-0.109375,-0.014892578125,0.0439453125,0.0439453125,-0.062255859375,-0.00830078125,0.072265625,-0.088134765625,-0.076416015625,0.00927734375,-0.1796875,-0.012939453125,-0.012939453125,0.12841796875,-0.049072265625,-0.076904296875,0.075927734375,-0.016845703125,0.046142578125,0.03125,-0.115966796875,-0.115966796875,0.0068359375,0.142578125,-0.04345703125,-0.115966796875,0.068359375,-0.058837890625,0.02001953125,0.01513671875,0.01513671875,-0.060791015625,0.030029296875,0.068603515625,-0.0927734375,-0.041259765625,-0.0546875,-0.142822265625,0.055419921875,0.055419921875,0.055908203125,-0.087890625,0.003173828125,0.0322265625,-0.138427734375,0.150390625,-0.0576171875,-0.1826171875,0.0869140625,0.0869140625,0.128173828125,-0.134521484375,-0.112548828125,0.100341796875,-0.0751953125,0.03173828125,-0.00927734375,-0.093017578125,-0.093017578125,0.028076171875,0.066162109375,-0.08154296875,-0.0537109375,-0.025146484375,-0.054931640625,0.046142578125,-0.039794921875,-0.039794921875,-0.0869140625,0.070068359375,0.05859375,-0.106201171875,0.110107421875,-0.044677734375,-0.077392578125,0.10400390625,0.10400390625,0.0302734375,-0.139892578125,-0.01953125,0.105712890625,-0.040283203125,0.064453125,-0.04345703125,-0.10693359375,-0.10693359375,0.033935546875,0.011962890625,-0.078857421875,0.024658203125,0.049560546875,-0.054443359375,0.083251953125,-0.060791015625,-0.093017578125,0.08056640625,0.014892578125,0.014892578125,-0.11279296875,0.02001953125,0.0830078125,-0.088134765625,-0.037109375,0.1123046875,-0.146240234375,0.083984375,0.08349609375,-0.10302734375,-0.025634765625,0.070068359375,0.070068359375,-0.085693359375,-0.083251953125,0.07373046875,-0.029541015625,-0.074951171875,0.029296875,-0.10986328125,0.00927734375,0.0859375,-0.080322265625,-0.0400390625,-0.0400390625,0.11962890625,-0.025634765625,-0.125244140625,0.056396484375,0.068603515625,-0.096435546875,0.07421875,-0.052734375,-0.060546875,0.05615234375,-0.0517578125,-0.096435546875,-0.096435546875,0.08251953125,0.05908203125,-0.1416015625,-0.0634765625,0.100341796875,-0.06689453125,0.055419921875,-0.022705078125,-0.123779296875,0.0244140625,0.081298828125,-0.09326171875,-0.09326171875,-0.06201171875,0.112548828125,-0.005859375,-0.132080078125,0.00537109375,-0.037841796875,-0.009765625,0.015380859375,-0.06640625,-0.020263671875,0.0693359375,-0.0517578125,-0.0517578125,-0.070556640625,0.0791015625,0.016845703125,-0.09619140625,0.0263671875,-0.05712890625,-0.036376953125,0.06640625,-0.05078125,-0.0625,0.104248046875,0.009765625,0.009765625,-0.150634765625,0.023193359375,0.14306640625,-0.080810546875,0.055419921875,0.038818359375,-0.059814453125,0.0234375,-0.001708984375,-0.1162109375,0.00244140625,0.00244140625,0.10546875,-0.08740234375,-0.1220703125,0.105712890625,0.060791015625,-0.120361328125,0.021240234375,-0.037353515625,0.0322265625,0.048828125,-0.1337890625,-0.087646484375,0.14501953125,0.012939453125,0.012939453125,-0.1669921875,0.018310546875,0.093994140625,-0.0947265625,0.0849609375,-0.01513671875,-0.05029296875,0.089599609375,-0.009765625,-0.13037109375,0.046875,0.112060546875,-0.080810546875,-0.080810546875,-0.059326171875,0.087890625,-0.025634765625,-0.08349609375,0.064453125,-0.0869140625,0.046630859375,0.044921875,-0.105712890625,-0.017578125,0.093994140625,-0.085693359375,-0.094970703125,0.098876953125,0.098876953125,0.00341796875,-0.113525390625,0.0380859375,-0.116455078125,-0.028564453125,0.12744140625,-0.061279296875,-0.154296875,0.057373046875,0.060302734375,-0.0849609375,-0.015380859375,0.04833984375,0.04833984375,-0.075439453125,-0.0615234375,0.057861328125,-0.0458984375,0.080322265625,0.001220703125,-0.12158203125,0.009033203125,0.07275390625,-0.0830078125,-0.029296875,0.111572265625,-0.052734375,-0.052734375,-0.130859375,0.077880859375,0.07275390625,-0.00830078125,0.072509765625,-0.06201171875,-0.041015625,0.09228515625,-0.04248046875,-0.088134765625,0.10009765625,0.04345703125,-0.149169921875,-0.149169921875,-0.0302734375,0.113525390625,-0.036376953125,0.06884765625,-0.052978515625,-0.12255859375,0.079345703125,0.07275390625,-0.13427734375,-0.04443359375,0.1298828125,-0.02734375,-0.12744140625,-0.12744140625,0.027587890625,0.005126953125,-0.0703125,0.030517578125,-0.096923828125,-0.0126953125,0.068115234375,-0.083740234375,-0.06494140625,0.095458984375,-0.0244140625,-0.127685546875,0.037353515625,0.037353515625,0.04638671875,-0.090576171875,0.0009765625,-0.09423828125,-0.05029296875,0.11376953125,-0.03955078125,-0.124755859375,0.099609375,0.096923828125,-0.15478515625,-0.084716796875,-0.084716796875,0.129150390625,0.0,0.05859375,0.02099609375,-0.116943359375,-0.006591796875,0.07666015625,-0.05029296875,-0.0341796875,0.068603515625,-0.037109375,-0.06591796875,0.067138671875,0.067138671875,-0.011962890625,-0.115234375,0.09130859375,-0.11767578125,-0.0869140625,0.12353515625,0.01171875,-0.12939453125,0.01513671875,0.04345703125,-0.0869140625,-0.02587890625,-0.02587890625,0.044189453125,-0.07470703125,0.06689453125,-0.0478515625,-0.09912109375,0.06494140625,0.02197265625,-0.11669921875,0.022705078125,0.11181640625,-0.08251953125,-0.099365234375,-0.099365234375,0.078125,-0.0693359375,0.068115234375,-0.003173828125,-0.11865234375,0.052490234375,0.1103515625,-0.140380859375,-0.107666015625,0.166259765625,0.036376953125,-0.18115234375,-0.18115234375,-0.0224609375,-0.031005859375,-0.0009765625,0.03857421875,-0.10400390625,-0.052734375
Prusa_B,-0.03125,-0.0498046875,-0.070556640625,-0.068359375,-0.04541015625,0.00927734375,0.0703125,0.050537109375,0.050537109375,0.010986328125,-0.04150390625,-0.083251953125,-0.0869140625,-0.066162109375,-0.02392578125,0.01513671875,0.009521484375,-0.02001953125,-0.01708984375,-0.01708984375,0.027587890625,0.06298828125,0.054931640625,0.033935546875,0.040771484375,0.030029296875,-0.038330078125,-0.02197265625,-0.04541015625,-0.04541015625,-0.046875,0.014892578125,-0.00439453125,-0.015625,0.052734375,0.010498046875,-0.037841796875,0.024169921875,0.01806640625,0.045166015625,-0.020263671875,-0.020263671875,-0.06689453125,-0.0419921875,-0.07275390625,-0.072998046875,-0.01318359375,-0.01220703125,0.06298828125,-0.001220703125,-0.001220703125,-0.050537109375,-0.05029296875,-0.0751953125,-0.064208984375,-0.023193359375,-0.00537109375,0.02392578125,-0.044189453125,-0.044189453125,-0.067138671875,-0.0390625,-0.044921875,-0.00341796875,0.030517578125,0.01171875,-0.015625,-0.039306640625,-0.07373046875,-0.07373046875,-0.013427734375,0.030029296875,0.00341796875,0.016845703125,0.01611328125,-0.01611328125,-0.007568359375,0.001220703125,-0.028564453125,-0.019287109375,0.01708984375,0.04931640625,0.02978515625,-0.041259765625,-0.04443359375,-0.04443359375,0.000732421875,0.028076171875,0.024169921875,-0.020751953125,-0.03955078125,-0.005126953125,0.00146484375,-0.02294921875,-0.049560546875,-0.04833984375,0.05419921875,0.06640625,0.011474609375,-0.054931640625,-0.07861328125,-0.07861328125,-0.048095703125,0.00732421875,0.021728515625,-0.021240234375,-0.04052734375,-0.0283203125,-0.030029296875,-0.022216796875,-0.010986328125,0.006103515625,-0.01708984375,-0.029052734375,-0.01904296875,-0.002197265625,-0.0126953125,-0.0126953125,-0.05859375,-0.0634765625,-0.009521484375,0.0048828125,-0.0439453125,-0.034912109375,0.016357421875,0.059814453125,0.037109375,-0.023193359375,0.005859375,-0.035400390625,-0.066650390625,-0.024658203125,0.00341796875,0.00341796875,-0.013916015625,-0.020751953125,-0.00732421875,0.005859375,-0.002197265625,-0.004638671875,0.022216796875,0.05322265625,0.021728515625,-0.0498046875,0.001220703125,-0.01123046875,-0.03662109375,-0.02978515625,-0.0078125,-0.0029296875,-0.0029296875,-0.023193359375,-0.0234375,0.0029296875,0.010986328125,-0.00927734375,-0.006591796875,-0.015625,-0.034912109375,-0.02490234375,-0.028076171875,-0.011962890625,0.00732421875,0.013916015625,0.007568359375,-0.02978515625,-0.02978515625,-0.02783203125,0.011474609375,-0.02978515625,-0.02978515625,-0.02001953125,-0.014892578125,-0.024169921875,-0.01220703125,-0.014892578125,-0.02001953125,-0.013916015625,-0.00830078125,-0.00830078125,-0.013427734375,-0.0341796875,-0.0185546875,0.003173828125,-0.007568359375,0.004638671875,0.004638671875,-0.03173828125,-0.03173828125,-0.035400390625,0.0205078125,0.02734375,-0.027099609375,-0.0380859375,-0.00341796875,-0.008544921875,-0.02783203125,-0.012939453125,-0.012939453125,0.0205078125,0.013671875,0.013916015625,0.017333984375,-0.013671875,-0.015869140625,-0.018310546875,-0.016357421875,-0.016357421875,-0.013427734375,-0.032470703125,-0.033203125,-0.013671875,-0.01513671875,-0.0029296875,-0.01953125,-0.033447265625,-0.00146484375,0.012451171875,-0.01025390625,-0.01904296875,-0.037109375,-0.03515625,-0.03515625,-0.00830078125,-0.007080078125,-0.00146484375,0.010498046875,-0.00146484375,-0.014404296875,-0.017333984375,-0.0177001953125,-0.01708984375,-0.014892578125,-0.0068359375,-0.014892578125,-0.0234375,-0.018798828125,-0.00146484375,-0.00830078125,-0.025390625,0.01513671875,0.01513671875,-0.005615234375,-0.013671875,-0.007568359375,0.0,-0.011962890625,-0.021484375,-0.020751953125,-0.006103515625,-0.010009765625,0.0087890625,-0.022216796875,-0.01171875,0.003173828125,0.013671875,0.010498046875,-0.0048828125,0.002685546875,0.015869140625,0.004150390625,0.0,-0.024658203125,-0.02490234375,-0.019287109375,-0.017333984375,-0.018310546875,0.007568359375,0.005615234375,-0.0107421875,-0.00732421875,-0.008544921875,-0.010986328125,-0.010986328125,-0.00146484375,-0.021240234375,-0.0224609375,-0.011962890625,-0.018310546875,-0.010498046875,-0.025146484375,-0.004150390625,0.021484375,-0.002685546875,-0.02734375,-0.025390625,-0.025390625,-0.0166015625,-0.0107421875,-0.01708984375,-0.0009765625,0.005615234375,-0.017333984375,-0.007080078125,0.012939453125,0.00048828125,0.00048828125,-0.021484375,-0.02685546875,-0.02197265625,-0.025634765625,-0.01708984375,0.005859375,-0.002197265625,-0.01953125,-0.00927734375,-0.00048828125,-0.0205078125,-0.0205078125,-0.0107421875,0.012451171875,0.003173828125,-0.0234375,-0.011474609375,-0.011474609375,-0.021484375,0.001708984375,0.001708984375,0.035400390625,0.0185546875,-0.004150390625,0.0068359375,-0.015380859375,-0.02880859375,-0.01904296875,-0.01123046875,-0.01123046875,-0.01318359375,-0.016357421875,0.009521484375,-0.01416015625,-0.031982421875,-0.005615234375,0.015380859375,-0.004638671875,-0.004638671875,-0.03564453125,-0.048095703125,-0.035888671875,-0.035400390625,0.00146484375,0.025146484375,-0.0126953125,-0.009521484375,-0.009521484375,0.016845703125,0.010498046875,-0.023193359375,-0.024658203125,-0.024658203125,-0.04345703125,-0.032470703125,0.00244140625,0.00244140625,-0.009521484375,-0.012939453125,0.0302734375,0.013916015625,-0.021240234375,-0.034423828125,-0.01904296875,-0.00244140625,-0.00244140625,-0.016357421875,-0.030029296875,-0.024658203125,-0.03466796875,-0.011962890625,0.018310546875,0.014404296875,-0.005126953125,-0.005126953125,-0.00830078125,-0.00830078125,-0.042236328125,0.001220703125,0.007080078125,-0.022705078125,-0.0146484375,0.015625,0.015625,0.017822265625,-0.018310546875,0.004638671875,0.0283203125,-0.003662109375,-0.043701171875,-0.0439453125,-0.034912109375,-0.034912109375,-0.03466796875,-0.01123046875,0.008056640625,-0.00439453125,-0.018310546875,-0.02880859375,-0.022216796875,-0.019287109375,-0.019287109375,-0.008544921875,-0.024169921875,-0.044189453125,-0.019287109375,0.001708984375,0.002197265625,0.006103515625,0.014404296875,0.014404296875,0.01513671875,-0.0400390625,-0.037841796875,-0.03515625,-0.0419921875,-0.002197265625,0.032958984375,0.016357421875,0.016357421875,-0.015625,0.009521484375,-0.00146484375,-0.026123046875,-0.01904296875,-0.00537109375,-0.031982421875,-0.050537109375,-0.050537109375,-0.02294921875,-0.037841796875,-0.033203125,0.001708984375,0.024169921875,0.000244140625,-0.02685546875,-0.005859375,-0.005859375,0.010986328125,-0.021240234375,-0.001953125,-0.017333984375,-0.046630859375,-0.014892578125,0.0283203125,-0.002197265625,-0.002197265625,-0.02001953125,-0.00390625,-0.025146484375,-0.020263671875,0.003173828125,0.007080078125,-0.012451171875,-0.023681640625,-0.023681640625,-0.017578125,-0.008544921875,-0.022216796875,-0.027587890625,-0.02197265625,-0.0078125,0.007568359375,0.00634765625,0.00634765625,-0.018798828125,-0.047119140625,-0.021484375,0.02587890625,0.023193359375,0.003173828125,0.001220703125,0.009765625,0.009765625,-0.039794921875,-0.015380859375,-0.014404296875,-0.05517578125,-0.035400390625,0.03173828125,0.038330078125,-0.00634765625,-0.00634765625,-0.053466796875,-0.04052734375,-0.018310546875,-0.005859375,0.001708984375,-0.001708984375,-0.01611328125,-0.013916015625,-0.013916015625,-0.01904296875,-0.046875,-0.013916015625,0.015380859375,-0.019287109375,-0.041259765625,-0.01953125,-0.0029296875,-0.0029296875,0.009033203125,0.04833984375,0.020751953125,-0.02685546875,-0.02978515625,-0.009765625,-0.010986328125,-0.023193359375,-0.023193359375,0.001708984375,-0.009765625,-0.032470703125,-0.013671875,0.02587890625,0.009033203125,-0.02783203125,-0.009765625,-0.009765625,-0.0361328125,-0.07373046875,-0.045654296875,-0.002685546875,-0.006103515625,-0.0244140625,0.014404296875,0.00439453125,0.00439453125,-0.03857421875,0.041748046875,0.060791015625,-0.007080078125,-0.04296875,-0.036865234375,-0.04150390625,-0.05615234375,-0.05615234375,0.03515625,0.025390625,-0.009521484375,0.005615234375,0.0234375,-0.005859375,-0.04931640625,-0.039794921875,-0.039794921875,-0.01318359375,-0.0537109375,-0.029541015625,0.005859375,-0.013671875,-0.0537109375,-0.01318359375,0.063720703125,0.063720703125,-0.048828125,-0.0595703125,-0.0224609375,-0.023193359375,-0.034423828125,0.002197265625,0.031982421875,-0.006591796875,-0.029296875,0.014404296875,0.0283203125,-0.01220703125,-0.0185546875,0.020751953125,0.01171875,-0.04833984375,-0.058349609375,-0.0244140625,-0.00830078125,-0.018798828125,0.001220703125,0.03759765625,0.013916015625,-0.036865234375,-0.049560546875,-0.001953125,0.000732421875,-0.037109375,-0.033447265625,0.004638671875,-0.0185546875,-0.06103515625,-0.03076171875,0.011474609375,0.01025390625,0.01123046875,0.0458984375,0.013916015625,-0.044189453125,-0.056884765625,-0.033203125,-0.019287109375,-0.0322265625,-0.007080078125,0.052490234375,0.04296875,-0.026123046875,-0.0263671875,0.011962890625,0.00634765625,-0.04638671875,-0.044189453125,-0.010498046875,-0.019287109375,-0.035400390625,-0.01513671875,0.024169921875,-0.00390625,-0.036865234375,-0.011474609375,0.031494140625,-0.00634765625,-0.044189453125,0.003173828125,0.021484375,-0.04638671875,-0.073974609375,0.011962890625,0.031982421875,-0.052978515625,-0.0400390625,0.0595703125,0.066650390625,-0.019287109375,-0.047119140625,-0.005859375,-0.018798828125,-0.056396484375,-0.020263671875,0.040283203125,-0.005615234375,-0.077880859375,-0.045166015625,0.027587890625,0.02587890625,-0.019775390625,0.001708984375,0.020263671875,-0.058837890625,-0.090087890625,0.002197265625,0.0478515625,-0.027099609375,-0.064453125,0.011962890625,0.055419921875,-0.038330078125,-0.08837890625,0.009033203125,0.05615234375,-0.02587890625,-0.02685546875,0.071044921875,0.04345703125,-0.094482421875,-0.10009765625,0.04052734375,0.043701171875,-0.05615234375,-0.0087890625,0.048828125,-0.0302734375,-0.09326171875,0.01318359375,0.08935546875,-0.033203125,-0.1025390625,-0.004150390625,0.034423828125,-0.0654296875,-0.06298828125,0.056396484375,0.055908203125,-0.073974609375,-0.066650390625,0.0419921875,0.02001953125,-0.068359375,-0.03173828125,0.054443359375,0.00146484375,-0.068603515625,-0.014404296875,0.040283203125,-0.005615234375,-0.048583984375,0.01513671875,0.04833984375,-0.042236328125,-0.083251953125,-0.013427734375,0.021728515625,-0.01171875,-0.023193359375,0.010986328125,0.005859375,-0.056396484375,-0.060791015625,-0.004638671875,0.02587890625,-0.01611328125,-0.044189453125,-0.0205078125,-0.001708984375,-0.020263671875,-0.022216796875,0.0390625,0.0546875,-0.011474609375,-0.060546875,-0.05126953125,-0.04150390625,-0.05126953125,-0.013671875,0.06884765625,0.08251953125,-0.00146484375,-0.06396484375,-0.004638671875,-0.004638671875,-0.0498046875,-0.040771484375,0.0322265625,0.037109375,-0.0546875,-0.062744140625,0.018798828125,-0.006103515625,-0.075439453125,0.076416015625,0.076416015625,0.052490234375,-0.04736328125,-0.0478515625,0.0009765625,-0.044921875,-0.082763671875,0.004150390625,-0.025146484375,-0.025146484375,-0.052001953125,0.084716796875,0.092529296875,-0.049072265625,-0.07275390625,0.00634765625,0.0078125,-0.06396484375,-0.06396484375,0.048095703125,0.041259765625,-0.05419921875,-0.056396484375,0.028076171875,0.0390625,-0.029541015625,0.008056640625,0.008056640625,-0.020751953125,-0.080078125,-0.037353515625,0.007568359375,-0.017822265625,-0.037353515625,0.03662109375,0.025146484375,0.025146484375,0.001708984375,-0.001708984375,-0.01220703125,-0.04833984375,-0.0654296875,-0.01416015625,-0.021484375,-0.021728515625,-0.021728515625,0.044921875,0.058837890625,-0.010498046875,-0.0634765625,0.00244140625,0.050537109375,-0.081787109375,-0.002197265625,-0.002197265625,-0.013427734375,-0.08935546875,-0.029052734375,0.0732421875,0.015380859375,-0.064697265625,0.049072265625,-0.036865234375,-0.036865234375,-0.07373046875,0.005859375,0.013916015625,-0.07177734375,-0.067138671875,0.03076171875,-0.0166015625,-0.041748046875,-0.041748046875,0.048095703125,0.07177734375,-0.037109375,-0.09326171875,0.0078125,0.001708984375,-0.029052734375,0.0966796875,0.0966796875,0.01611328125,-0.0888671875,0.014892578125,0.08154296875,-0.037109375,-0.081787109375,0.0078125,-0.087890625,-0.087890625,-0.094970703125,0.03076171875,0.074462890625,-0.0244140625,-0.057861328125,0.055908203125,-0.042236328125,-0.077392578125,-0.077392578125,0.00341796875,0.03662109375,-0.046142578125,-0.0458984375,0.05615234375,-0.08349609375,-0.06396484375,0.08642578125,0.08642578125,0.04833984375,-0.093017578125,-0.03759765625,0.064453125,-0.035400390625,-0.010009765625,0.10546875,-0.0126953125,-0.0126953125,-0.119873046875,-0.000732421875,0.099365234375,-0.012939453125,-0.119140625,0.06103515625,-0.076416015625,-0.103515625,-0.103515625,0.06201171875,0.084228515625,-0.0693359375,-0.04638671875,0.093505859375,-0.103515625,-0.05322265625,0.061767578125,0.061767578125,-0.000244140625,-0.079833984375,0.001220703125,0.08447265625,0.00244140625,-0.0068359375,0.07568359375,-0.011474609375,-0.093994140625,-0.0029296875,0.049072265625,0.049072265625,-0.08984375,-0.1171875,0.064208984375,0.076416015625,-0.0966796875,-0.059814453125,0.105712890625,0.02783203125,-0.113525390625,-0.034423828125,0.0625,-0.001953125,-0.090576171875,-0.0380859375,0.03125,-0.018798828125,-0.07080078125,0.09765625,0.01611328125,-0.072998046875,-0.009765625,0.0595703125,-0.0478515625,-0.1396484375,-0.025634765625,0.067138671875,-0.029296875,-0.029296875,-0.079833984375,0.05224609375,0.087646484375,-0.06298828125,-0.091064453125,0.0380859375,0.052978515625,-0.092041015625,-0.101806640625,0.03125,0.036376953125,-0.077880859375,-0.04248046875,0.09912109375,0.0625,-0.06787109375,-0.016845703125,-0.01416015625,-0.076416015625,-0.010009765625,0.040283203125,-0.048095703125,-0.109619140625,0.01416015625,0.125244140625,0.005859375,-0.082275390625,0.024169921875,0.024169921875,0.082763671875,-0.04443359375,-0.131103515625,-0.032958984375,0.024169921875,-0.057861328125,-0.076416015625,0.032470703125,0.06640625,-0.060302734375,-0.08154296875,0.059814453125,0.08642578125,-0.065673828125,0.037841796875,0.00634765625,-0.103271484375,-0.07177734375,0.06787109375,0.031494140625,-0.070556640625,0.008056640625,0.124755859375,0.029052734375,-0.12060546875,-0.036865234375,-0.036865234375,0.068115234375,-0.106201171875,-0.106201171875,-0.01318359375,0.034912109375,-0.063232421875,-0.051025390625,0.0615234375,0.063720703125,-0.041015625,-0.03125,0.02783203125,0.001953125,-0.074951171875,-0.0751953125,0.0078125,-0.05908203125,-0.00439453125,0.06201171875,0.007080078125,-0.032958984375,0.033935546875,0.05615234375,-0.043701171875,-0.090087890625,-0.020263671875,-0.020263671875,0.00927734375,-0.06005859375,-0.074462890625,0.016845703125,0.064697265625,0.011962890625,-0.00732421875,0.002197265625,-0.049560546875,-0.010986328125,-0.004150390625,-0.073486328125,-0.070068359375,0.014404296875,0.026123046875,-0.013671875,-0.012451171875,-0.012451171875,0.006591796875,0.026123046875,0.013427734375,-0.030517578125,-0.066650390625,-0.041748046875,0.027099609375,-0.015869140625,-0.058837890625,0.0791015625,0.004150390625,-0.01123046875,0.00048828125,-0.024658203125,-0.0263671875,-0.010986328125,-0.02783203125,-0.054931640625,-0.061279296875,-0.061279296875,-0.009033203125,0.057861328125,0.03125,-0.039794921875,-0.0068359375,0.056640625,0.005859375,-0.06689453125,-0.010986328125,-0.063720703125,-0.098876953125,-0.052001953125,-0.009765625,0.08251953125,0.004638671875,-0.04833984375,0.04296875,0.05712890625,-0.04931640625,-0.0341796875,-0.053955078125,-0.077880859375,-0.038330078125,0.04443359375,0.06982421875,-0.029052734375,-0.046630859375,0.042236328125,0.042236328125,0.021728515625,-0.0625,-0.06005859375,-0.014404296875,-0.059814453125,-0.0654296875,0.03759765625,-0.029052734375,-0.009765625,0.0517578125,0.031982421875,-0.0244140625,-0.050048828125,-0.0205078125,0.0,-0.067138671875,-0.064697265625,0.03466796875,0.042724609375,0.042724609375,-0.020263671875,0.008056640625,0.021240234375,0.00439453125,-0.029296875,-0.054931640625,-0.050048828125,-0.049560546875,-0.049560546875,-0.01513671875,0.0224609375,-0.053466796875,0.037353515625,0.0693359375,-0.0302734375,-0.056884765625,-0.001953125,-0.001953125,0.0400390625,0.0048828125,-0.088623046875,-0.0390625,-0.035888671875,-0.043212890625,0.026123046875,0.05712890625,0.05712890625,0.031005859375,-0.002197265625,-0.051513671875,-0.07275390625,-0.0263671875,-0.00830078125,-0.0146484375,-0.017333984375,-0.036376953125,-0.01416015625,-0.001953125,-0.029296875,-0.0205078125,0.01416015625,-0.00927734375,-0.005126953125,-0.013671875,-0.0146484375,-0.01708984375,-0.022216796875,-0.026611328125,0.020751953125,0.023193359375,-0.005126953125,-0.028564453125,-0.0595703125,-0.024658203125,0.0302734375,0.007568359375,-0.051513671875,-0.03173828125,0.003662109375,-0.0048828125,-0.0048828125,0.047119140625,0.04150390625,-0.021484375,-0.023681640625,-0.008544921875,-0.03662109375,-0.043212890625,0.025146484375,0.020263671875,0.013671875,0.002197265625,-0.061279296875,0.0048828125,-0.021728515625,-0.050048828125,-0.002197265625,0.030029296875,-0.00732421875,-0.01318359375,-0.013427734375,-0.05322265625,-0.05322265625,-0.0263671875,-0.020263671875,0.034423828125,0.0341796875,-0.006103515625,-0.048095703125,-0.085205078125,-0.0458984375,-0.0458984375,0.003662109375,0.002685546875,0.007080078125,-0.046142578125,-0.009033203125,-0.005615234375,-0.068115234375,-0.00146484375,-0.00146484375,0.0322265625,-0.056884765625,-0.015625,-0.015869140625,0.013916015625,0.035400390625,0.000732421875,0.012451171875,0.012451171875,0.01513671875,-0.1103515625,-0.043701171875,0.031005859375,0.085205078125,0.08251953125,-0.021728515625,-0.021728515625,-0.107666015625,-0.00048828125,0.08203125,0.0966796875,0.019287109375,-0.056884765625,-0.061767578125,-0.042724609375,-0.042724609375,-0.035400390625,-0.086181640625,-0.035400390625,0.0556640625,0.069580078125,0.041259765625,0.013916015625,0.005615234375,0.005615234375,-0.00634765625,-0.0537109375,-0.058349609375,-0.0517578125,-0.040283203125,-0.039794921875,-0.0166015625,0.0048828125,0.0048828125,-0.010986328125,0.015869140625,0.0302734375,0.00439453125,0.002197265625,0.051513671875,0.04345703125,-0.0546875,-0.0546875,-0.103759765625,-0.013916015625,-0.06201171875,-0.035400390625,0.00244140625,0.022705078125,0.073486328125,-0.019287109375,-0.03662109375,0.0458984375,-0.052978515625,0.0234375,0.0234375,-0.126708984375,0.04736328125,-0.03759765625,-0.095703125,0.0224609375,-0.074951171875,0.050537109375,0.028076171875,-0.078125,0.011474609375,-0.028564453125,-0.012451171875,0.04052734375,0.04052734375,0.025146484375,-0.002197265625,-0.0458984375,-0.04052734375,-0.0712890625,-0.017333984375,0.008544921875,-0.015625,0.014892578125,-0.0185546875,-0.0185546875,-0.01025390625,-0.02197265625,0.04296875,0.0078125,-0.01318359375,0.00146484375,-0.05615234375,-0.006103515625,-0.006103515625,-0.06396484375,-0.032958984375,-0.03759765625,-0.027587890625,0.00537109375,0.0390625,0.03662109375,-0.025146484375,-0.03955078125,-0.03955078125,-0.01025390625,0.052734375,0.0087890625,-0.0546875,-0.05517578125,-0.038330078125,0.013916015625,-0.024169921875,-0.067626953125,-0.020751953125,0.03759765625,0.070556640625,-0.00048828125,-0.080078125,-0.05322265625,0.03173828125,0.059814453125,-0.0302734375,-0.099365234375,-0.037109375,0.067138671875,0.066650390625,-0.052001953125,-0.09521484375,0.008544921875,0.071044921875,0.0166015625,-0.096435546875,-0.070556640625,0.0810546875,0.09375,-0.06201171875,-0.140625,-0.005615234375,0.105224609375,-0.002197265625,-0.145263671875,-0.0439453125,0.15087890625,0.09521484375,-0.1123046875,-0.1396484375,0.026123046875,0.08056640625,-0.034912109375,-0.05224609375,0.0439453125,0.050048828125,-0.042236328125,-0.1044921875,-0.080322265625,-0.011474609375,0.022216796875,0.037353515625,0.018798828125,-0.02880859375,-0.04931640625,-0.013671875,-0.011962890625,-0.064697265625,-0.04345703125,0.0537109375,0.059326171875,-0.030517578125,-0.040283203125,0.0205078125,0.005615234375,-0.09765625,-0.107177734375,0.02294921875,0.072998046875,0.007080078125,-0.0048828125,0.061279296875,0.031982421875,-0.069580078125,-0.066162109375,0.000732421875,0.01025390625,-0.0244140625,0.00341796875,0.041748046875,-0.002685546875,-0.05908203125,-0.027099609375,-0.01318359375,-0.060546875,-0.048095703125,0.029296875,0.05126953125,0.01123046875,-0.009521484375,0.015869140625,-0.011962890625,-0.1015625,-0.1025390625,0.00341796875,0.048583984375,-0.004638671875,-0.007568359375,0.052001953125,0.016845703125,-0.09375,-0.0791015625,-0.00439453125,0.000244140625,-0.01611328125,0.02734375,0.07958984375,0.00244140625,-0.093994140625,-0.053466796875,0.002685546875,-0.050537109375,-0.10009765625,0.004638671875,0.07763671875,0.0048828125,-0.04150390625,0.010986328125,0.0107421875,-0.043212890625,-0.05126953125,0.0205078125,0.05859375,-0.01806640625,-0.02783203125,0.03125,-0.005615234375,-0.095458984375,-0.058349609375,0.0556640625,0.053466796875,-0.0419921875,-0.019775390625,0.077880859375,0.029541015625,-0.05859375,-0.047119140625,0.015380859375,-0.000244140625,-0.066162109375,-0.02783203125,-0.000244140625,-0.000244140625,-0.03857421875,-0.015380859375,0.0087890625,-0.023193359375,-0.051513671875,0.005859375,0.03125,-0.07373046875,-0.07373046875,0.012451171875,0.044677734375,-0.024658203125,-0.06103515625,0.00390625,0.033935546875,-0.033447265625,0.015380859375,0.015380859375,0.005859375,-0.047119140625,-0.02587890625,0.033203125,0.020751953125,-0.043212890625,-0.0185546875,-0.025146484375,-0.025146484375,-0.070068359375,0.017333984375,0.04931640625,-0.01513671875,-0.068603515625,-0.02685546875,0.01171875,-0.047607421875,-0.047607421875,0.00537109375,0.003662109375,-0.010009765625,0.006591796875,0.049560546875,0.011962890625,-0.09033203125,0.036376953125,0.036376953125,0.013427734375,-0.046630859375,-0.005859375,0.059814453125,0.01025390625,-0.062744140625,-0.0224609375,-0.010986328125,-0.010986328125,-0.06396484375,-0.019287109375,0.04052734375,-0.00048828125,-0.054443359375,0.0009765625,0.0146484375,-0.050048828125,-0.050048828125,0.03125,0.03173828125,-0.04833984375,-0.068603515625,0.024169921875,0.027587890625,-0.0654296875,0.039306640625,0.039306640625,0.04248046875,-0.057373046875,-0.0615234375,0.044677734375,0.0400390625,-0.0576171875,-0.031494140625,-0.012939453125,-0.012939453125,-0.0693359375,-0.014404296875,0.046875,0.002685546875,-0.04296875,-0.009521484375,-0.005859375,-0.060302734375,-0.060302734375,-0.010498046875,0.036865234375,-0.037353515625,-0.075927734375,-0.001708984375,0.0380859375,-0.066650390625,0.00048828125,0.00048828125,0.021484375,-0.04052734375,-0.0322265625,0.035400390625,0.019287109375,-0.062255859375,0.033447265625,0.003662109375,-0.0693359375,-0.0693359375,-0.008544921875,0.064697265625,-0.003662109375,-0.058837890625,0.01025390625,0.048828125,-0.03369140625,-0.100341796875,-0.024658203125,0.043701171875,-0.019775390625,0.021484375,0.026123046875,0.026123046875,-0.03271484375,-0.0400390625,0.025390625,0.023193359375,-0.06591796875,-0.07421875,0.0107421875,-0.063232421875,-0.063232421875,-0.022216796875,0.073974609375,0.02099609375,-0.071044921875,-0.024169921875,0.049560546875,-0.07421875,-0.0478515625,-0.0478515625,0.036865234375,-0.007568359375,-0.060546875,0.01806640625,0.06103515625,-0.029052734375,0.0087890625,0.0322265625,0.0322265625,-0.055419921875,-0.06103515625,0.022705078125,0.02978515625,-0.056396484375,-0.05810546875,0.027587890625,-0.07470703125,-0.07470703125,-0.049072265625,0.06201171875,0.0146484375,-0.085693359375,-0.038818359375,0.058837890625,-0.1064453125,-0.046875,-0.046875,0.08984375,0.0380859375,-0.0830078125,-0.002197265625,0.1015625,0.013671875,-0.035888671875,0.0419921875,0.0419921875,-0.03759765625,-0.09228515625,0.02587890625,0.084228515625,-0.010986328125,-0.069091796875,0.02099609375,-0.075927734375,-0.075927734375,-0.071044921875,0.049072265625,0.036376953125,-0.0771484375,-0.065673828125,0.021728515625,-0.067138671875,-0.026123046875,-0.026123046875,0.053466796875,0.00439453125,-0.079833984375,-0.028564453125,0.0771484375,-0.11328125,-0.012939453125,0.066162109375,0.066162109375,-0.00830078125,-0.0771484375,0.005859375,0.075927734375,-0.016357421875,-0.015380859375,0.043701171875,-0.02880859375,-0.02880859375,-0.068115234375,0.002197265625,0.027099609375,-0.0400390625,-0.034912109375,0.001220703125,-0.059326171875,-0.024169921875,-0.024169921875,0.0693359375,0.02099609375,-0.06787109375,-0.027099609375,0.047119140625,-0.084228515625,-0.00927734375,0.074462890625,-0.0068359375,-0.0068359375,-0.07177734375,0.014404296875,0.059814453125,-0.025146484375,0.00439453125,0.035400390625,-0.05712890625,-0.0712890625,-0.0712890625,0.03369140625,0.0419921875,-0.0693359375,-0.075927734375,0.036865234375,-0.069091796875,-0.060791015625,0.040771484375,0.040771484375,0.005859375,-0.08837890625,-0.030029296875,0.07958984375,-0.093994140625,-0.04248046875,0.075927734375,0.0224609375,0.0224609375,-0.073974609375,-0.00830078125,0.06640625,-0.0224609375,-0.001708984375,0.07177734375,-0.0224609375,-0.080810546875,-0.080810546875,0.0068359375,0.07470703125,-0.012939453125,-0.091796875,0.052734375,-0.080078125,-0.09423828125,0.032470703125,0.032470703125,0.048828125,-0.05419921875,-0.048095703125,0.06201171875,-0.07861328125,-0.04150390625,0.0595703125,0.010009765625,0.010009765625,-0.08642578125,-0.0361328125,0.06005859375,-0.001708984375,0.005126953125,0.0654296875,-0.00830078125,-0.08349609375,-0.08349609375,-0.008056640625,0.061279296875,-0.0322265625,-0.01025390625,0.04736328125,-0.044921875,-0.0625,0.0478515625,0.0478515625,0.063720703125,-0.068603515625,-0.073974609375,0.033935546875,-0.079833984375,-0.0869140625,0.0322265625,0.033203125,0.033203125,-0.0703125,-0.027099609375,0.0791015625,-0.072021484375,-0.03076171875,0.06689453125,0.004150390625,-0.094970703125,-0.094970703125,-0.032470703125,0.04052734375,-0.015869140625,0.03662109375,0.05615234375,-0.0390625,-0.077880859375,-0.00146484375,-0.00146484375,0.02099609375,-0.06103515625,-0.06103515625,0.048583984375,-0.09375,-0.065185546875,0.0556640625,0.015625,0.015625,-0.10693359375,-0.055908203125,0.088134765625,-0.07421875,-0.035888671875,0.06103515625,-0.02783203125,-0.1083984375,0.0087890625,0.0087890625,0.09765625,-0.008056640625,-0.090087890625,0.001708984375,0.07421875,-0.103271484375,0.02490234375,0.074462890625,-0.060546875,-0.109375,0.03515625,0.07421875,0.07421875,-0.047119140625,-0.071533203125,0.03955078125,0.032470703125,-0.097412109375,0.060302734375,0.03857421875,-0.076416015625,-0.0615234375,0.058837890625,0.0078125,-0.095703125,-0.028564453125,-0.02734375,0.05810546875,0.012451171875,-0.087646484375,-0.028564453125,-0.000244140625,-0.1181640625,-0.1181640625,-0.036376953125,0.057373046875,-0.03515625,-0.092041015625,0.043212890625,-0.03369140625,-0.090576171875,0.021484375,0.0390625,-0.104248046875,-0.10107421875,0.05859375,0.0537109375,-0.074462890625,-0.074462890625,-0.053466796875,0.062744140625,0.018310546875,-0.119873046875,-0.060546875,0.0322265625,-0.090087890625,-0.020263671875,0.082275390625,-0.00439453125,-0.1064453125,-0.024169921875,0.06884765625,-0.01220703125,-0.01220703125,-0.088623046875,0.023193359375,0.08447265625,-0.0341796875,0.00830078125,0.033935546875,-0.0625,-0.063720703125,0.06005859375,0.05126953125,-0.066162109375,-0.052978515625,0.05712890625,0.0283203125,0.0283203125,-0.093017578125,-0.068603515625,0.040283203125,-0.0234375,0.01416015625,0.089599609375,-0.00341796875,-0.06884765625,0.012939453125,0.063232421875,-0.056396484375,-0.12255859375,0.010986328125,0.072509765625,0.072509765625,-0.05712890625,-0.0859375,0.059326171875,0.078857421875,-0.08447265625,0.04345703125,0.049560546875,-0.094482421875,-0.079833984375,0.06982421875,0.0361328125,0.0361328125,-0.111083984375,-0.061767578125,0.029052734375,-0.113525390625,-0.045166015625,0.080322265625,0.00634765625,-0.095458984375,0.012939453125,0.012939453125,0.11083984375,-0.0263671875,-0.02294921875,0.069091796875,-0.031982421875,-0.091796875,0.05126953125,0.120849609375,0.120849609375,-0.0322265625,-0.1015625,0.04833984375,-0.095458984375,-0.11474609375,0.0537109375,0.06494140625,-0.071044921875,-0.03271484375,-0.03271484375,0.0927734375,-0.125244140625,-0.0888671875,0.0634765625,0.007568359375,-0.12744140625,-0.017822265625,0.135498046875,0.058349609375,0.02978515625,-0.13330078125,0.023193359375,0.07275390625,-0.018798828125,-0.09716796875,0.029052734375,0.072509765625,-0.048583984375,-0.08935546875,0.051025390625,-0.047119140625,-0.1083984375,0.03955078125,0.06005859375,-0.074462890625,-0.056640625,0.119873046875,0.06494140625,-0.134765625,-0.1025390625,0.05908203125,0.05908203125,0.01416015625,-0.119873046875,0.10986328125,0.05419921875,-0.087890625,-0.036865234375,0.054931640625,-0.044677734375,-0.103759765625,0.01025390625,0.064208984375,-0.04052734375,-0.06103515625,0.059814453125,0.076171875,-0.075927734375,-0.095703125,0.064453125,0.06103515625,-0.0966796875,-0.077880859375,0.077392578125,0.048583984375,-0.101806640625,-0.070068359375,0.0654296875,0.0654296875,0.00732421875,-0.02294921875,0.10302734375,0.025146484375,-0.1015625,-0.0283203125,0.070556640625,-0.065673828125,-0.138916015625,0.02685546875,0.02685546875,-0.024658203125,-0.0693359375,0.055908203125,0.08642578125,-0.089599609375,-0.119140625,0.05419921875,0.070068359375,-0.06640625,-0.0791015625,0.033447265625,0.037109375,0.037109375,-0.07080078125,0.090087890625,0.012939453125,-0.114990234375,-0.020751953125,0.08984375,-0.032470703125,-0.123046875,-0.0078125,-0.0078125,-0.055419921875,-0.1337890625,0.04541015625,0.137451171875,-0.045654296875,-0.13134765625,0.029296875,0.098876953125,0.098876953125,-0.1220703125,0.015625,0.063232421875,-0.063232421875,-0.069091796875,0.0830078125,0.081787109375,-0.06396484375,-0.0556640625,-0.0556640625,-0.0126953125,-0.109130859375,-0.018310546875,0.09375,-0.001708984375,-0.08447265625,0.02197265625,0.083984375,0.083984375,-0.12646484375,0.01904296875,0.071533203125,-0.07421875,-0.1162109375,0.03466796875,0.098388671875,-0.043212890625,-0.043212890625,0.0205078125,0.053466796875,-0.061279296875,-0.07080078125,0.043212890625,0.05615234375,-0.046630859375,-0.04443359375,-0.04443359375,-0.01416015625,-0.095947265625,-0.0146484375,0.06396484375,-0.008056640625,-0.046875,0.041259765625,0.061767578125,-0.066650390625,-0.09619140625,0.016357421875,0.0439453125,-0.06982421875,-0.103515625,0.052001953125,0.094970703125,-0.054443359375,-0.067626953125,0.02587890625,0.0263671875,-0.09326171875,-0.112060546875,0.045654296875,0.08203125,-0.04345703125,-0.038330078125,0.058837890625,0.021728515625,-0.0810546875,-0.052001953125,0.0263671875,-0.0087890625,-0.033203125,0.03369140625,0.072998046875,-0.01904296875,-0.077880859375,-0.012451171875,0.00634765625,-0.060302734375,-0.06884765625,0.030029296875,0.060791015625,-0.029052734375,-0.03955078125,0.052001953125,0.057373046875,-0.060302734375,-0.117431640625,-0.0439453125,-0.000732421875,-0.0478515625,-0.021484375,0.0517578125,0.041015625,-0.01416015625,-0.03173828125,-0.007080078125,-0.014404296875,-0.072265625,-0.048828125,0.014892578125,-0.00634765625,-0.015869140625,0.056884765625,0.072998046875,-0.02783203125,-0.091552734375,-0.043212890625,0.00537109375,-0.0390625,-0.0400390625,0.04248046875,0.046142578125,-0.026123046875,-0.05908203125,-0.01318359375,0.02294921875,-0.031982421875,-0.053466796875,0.00341796875,0.02197265625,-0.02490234375,-0.01171875,0.029296875,-0.01708984375,-0.066162109375,-0.0341796875,0.003662109375,0.00634765625,-0.0234375,0.017578125,0.05615234375,-0.008544921875,-0.052490234375,-0.049072265625,-0.03369140625,-0.024169921875,-0.03369140625,0.04150390625,0.04150390625,0.038330078125,-0.01025390625,-0.00634765625,-0.019775390625,-0.0732421875,-0.0556640625,-0.0107421875,-0.022705078125,-0.009765625,0.033447265625,0.032958984375,0.0,-0.033203125,-0.03564453125,-0.0126953125,0.001220703125,-0.041259765625,-0.031005859375,0.022705078125,0.001220703125,-0.02685546875,-0.0126953125,0.0078125,0.01123046875,-0.013916015625,-0.0146484375,-0.002197265625,-0.015625,-0.013916015625,-0.0185546875,-0.0400390625,-0.033447265625,0.01171875,0.03955078125,-0.0029296875,-0.04150390625,-0.033447265625,-0.017333984375,-0.029296875,-0.0458984375,-0.0234375,0.0322265625,0.04736328125,-0.028076171875,-0.045166015625,-0.016845703125,-0.009765625,-0.035400390625,-0.04833984375,-0.015625,0.052490234375,0.048583984375,-0.02734375,0.01025390625,0.01025390625,-0.030029296875,-0.056884765625,-0.026611328125,-0.015380859375,0.0078125,0.00244140625,-0.02734375,0.0078125,0.0078125,0.005126953125,-0.01904296875,-0.02392578125,-0.031494140625,-0.0419921875,-0.004638671875,-0.015625,-0.001220703125,-0.001220703125,0.015380859375,0.00048828125,-0.00146484375,-0.026123046875,0.00048828125,0.003662109375,-0.05126953125,0.00537109375,0.00537109375,0.024658203125,0.00146484375,0.00048828125,0.00537109375,0.000732421875,-0.0048828125,-0.033447265625,-0.012451171875,-0.012451171875,-0.041748046875,-0.026611328125,-0.004638671875,-0.01953125,-0.00439453125,0.02294921875,0.017333984375,-0.03564453125,-0.01953125,-0.01953125,-0.016845703125,-0.038818359375,-0.036865234375,-0.001953125,0.012939453125,-0.021240234375,0.012939453125,0.01708984375,0.01708984375,-0.021728515625,-0.01806640625,-0.011474609375,-0.010986328125,-0.028564453125,-0.019287109375,-0.004150390625,-0.042236328125,-0.042236328125,-0.001953125,0.019287109375,0.007568359375,-0.02783203125,-0.027099609375,-0.009521484375,-0.03515625,0.01171875,0.01171875,0.04736328125,0.024658203125,-0.005615234375,-0.02587890625,-0.04833984375,-0.041015625,0.000732421875,0.00634765625,0.00634765625,-0.0048828125,-0.01611328125,-0.01025390625,-0.033447265625,-0.045654296875,-0.001953125,-0.00439453125,-0.007080078125,-0.007080078125,0.002197265625,0.00732421875,-0.015625,-0.056640625,-0.036865234375,-0.0068359375,-0.02392578125,-0.037353515625,-0.009521484375,-0.009521484375,0.009765625,0.0107421875,0.011962890625,-0.021484375,-0.04150390625,-0.016845703125,-0.01171875,-0.0126953125,-0.0126953125,0.0029296875,0.02685546875,0.011962890625,-0.03271484375,-0.046142578125,0.002685546875,-0.017578125,-0.023681640625,-0.023681640625,0.0078125,-0.009033203125,0.002685546875,0.02783203125,-0.019775390625,-0.008056640625,-0.025390625,-0.007568359375,-0.007568359375,-0.02734375,-0.023681640625,-0.023193359375,-0.00927734375,-0.019775390625,0.00634765625,-0.0009765625,0.005859375,0.005859375,-0.026611328125,-0.047607421875,-0.020263671875,0.01953125,-0.001953125,0.01318359375,-0.028564453125,-0.0107421875,-0.0107421875,-0.0595703125,0.006591796875,-0.051025390625,0.03369140625,-0.004638671875,-0.0537109375,-0.063232421875,0.04833984375,0.04833984375,0.0478515625,-0.101806640625,0.0556640625,-0.033935546875,-0.06494140625,0.066162109375,-0.036376953125,0.03369140625,-0.031982421875,-0.031982421875,-0.00732421875,0.013916015625,-0.00732421875,-0.013671875,-0.009033203125,-0.01025390625,0.0185546875,-0.01318359375,-0.01318359375,-0.03515625,-0.0224609375,-0.052734375,-0.028076171875,0.009033203125,0.008056640625,-0.0087890625,-0.01318359375,-0.01318359375,-0.03662109375,-0.0361328125,-0.012939453125,-0.0107421875,0.00244140625,-0.051025390625,-0.0244140625,-0.007568359375,-0.007568359375,0.0107421875,0.044189453125,0.0263671875,0.016357421875,0.006591796875,-0.037353515625,-0.024169921875,-0.015380859375,-0.015380859375,-0.016357421875,-0.031982421875,-0.04931640625,-0.048095703125,-0.01953125,0.02685546875,0.032470703125,0.007080078125,-0.023193359375,-0.023193359375,-0.041015625,-0.014404296875,0.037353515625,0.037109375,-0.0869140625,-0.08984375,-0.029052734375,0.01025390625,0.01025390625,-0.04296875,-0.0693359375,0.027587890625,0.093994140625,-0.025634765625,0.009521484375,-0.0087890625,-0.056884765625,-0.056884765625,-0.004638671875,-0.021240234375,-0.0908203125,-0.00927734375,-0.086669921875,0.029052734375,0.111083984375,0.02685546875,0.02685546875,0.003662109375,-0.0048828125,-0.0712890625,-0.043212890625,-0.068359375,-0.054931640625,0.054931640625,0.066162109375,0.066162109375,0.007080078125,-0.0234375,-0.04443359375,-0.035400390625,0.022705078125,0.017333984375,0.0224609375,-0.030517578125,-0.0830078125,-0.0830078125,-0.024169921875,0.041015625,0.0361328125,-0.0009765625,-0.037841796875,-0.058349609375,-0.010498046875,-0.015625,-0.015625,-0.016845703125,0.03271484375,0.033203125,-0.04345703125,-0.015625,-0.03076171875,-0.0087890625,0.0009765625,0.0009765625,-0.06103515625,-0.060302734375,-0.000244140625,-0.02197265625,-0.023193359375,-0.031982421875,0.012939453125,0.0439453125,0.0439453125,-0.015380859375,-0.041015625,-0.02978515625,-0.045654296875,-0.020751953125,0.02099609375,0.017578125,0.001708984375,0.001708984375,-0.025390625,-0.0166015625,-0.0087890625,-0.0458984375,0.029052734375,0.067626953125,0.00732421875,-0.068603515625,-0.068603515625,-0.05126953125,0.015625,0.041748046875,-0.035888671875,0.010009765625,0.05029296875,-0.01611328125,-0.109619140625,-0.109619140625,-0.072998046875,0.0615234375,0.1005859375,-0.022216796875,0.034423828125,0.08349609375,-0.053955078125,-0.13134765625,-0.006591796875,-0.006591796875,0.083740234375,-0.015869140625,-0.142333984375,0.111083984375,0.01123046875,-0.12890625,-0.021728515625,0.120361328125,0.120361328125,-0.00341796875,-0.1728515625,-0.056396484375,-0.002197265625,-0.16552734375,-0.0771484375,0.1240234375,0.0498046875,0.0498046875,-0.115478515625,-0.029296875,0.109619140625,-0.091796875,-0.048828125,0.0341796875,-0.0029296875,-0.061279296875,-0.061279296875,-0.00634765625,0.066162109375,0.036376953125,-0.01123046875,0.032470703125,-0.01123046875,-0.053955078125,-0.02978515625,-0.02978515625,-0.010009765625,-0.011474609375,-0.002685546875,-0.004150390625,0.00732421875,0.010009765625,0.006591796875,0.0009765625,0.0009765625,-0.008056640625,-0.011962890625,-0.03076171875,-0.07421875,0.011474609375,0.015380859375,-0.02392578125,-0.002685546875,0.03759765625,0.018798828125,-0.024658203125,-0.024658203125,0.000732421875,0.03515625,-0.035400390625,-0.13427734375,0.058349609375,-0.007568359375,-0.1123046875,-0.022216796875,0.095703125,0.029296875,-0.081298828125,-0.045166015625,0.0537109375,0.004150390625,0.004150390625,-0.10595703125,-0.06689453125,0.03271484375,-0.06884765625,-0.026123046875,0.070068359375,0.03076171875,-0.0390625,-0.0048828125,0.0341796875,-0.007568359375,-0.05810546875,-0.01513671875,-0.01513671875,-0.00341796875,-0.053466796875,-0.031005859375,0.05712890625,-0.02197265625,-0.0166015625,0.045654296875,-0.0068359375,-0.085205078125,-0.0244140625,0.0283203125,-0.041259765625,-0.10888671875,-0.10888671875,-0.010986328125,0.10693359375,0.01806640625,-0.00634765625,0.084228515625,0.00927734375,-0.108154296875,-0.054443359375,0.07666015625,0.020751953125,-0.137939453125,-0.082763671875,0.111572265625,0.111572265625,0.074951171875,-0.10791015625,-0.078857421875,0.072509765625,-0.10205078125,-0.051025390625,0.044677734375,-0.037109375,-0.10009765625,0.01806640625,0.07666015625,-0.051025390625,-0.06689453125,0.0703125,0.064208984375,-0.095703125,-0.090576171875,0.050537109375,0.050537109375,0.01220703125,-0.083984375,-0.0458984375,0.003173828125,-0.03271484375,0.0244140625,0.0625,-0.001953125,-0.046875,0.000244140625,0.0107421875,-0.052001953125,-0.062744140625,0.0087890625,0.0087890625,0.038818359375,-0.023193359375,0.059814453125,0.0625,-0.057861328125,-0.06982421875,0.03955078125,0.01318359375,-0.103271484375,-0.074462890625,-0.074462890625,0.029541015625,-0.063232421875,0.0048828125,0.0869140625,-0.00439453125,-0.0966796875,-0.004638671875,0.067626953125,0.067626953125,-0.049560546875,-0.0029296875,0.0625,0.048583984375,-0.03369140625,0.041015625,0.0810546875,-0.044921875,-0.059326171875,0.05224609375,0.051025390625,0.049072265625,-0.09033203125,-0.08935546875,0.02294921875,-0.072021484375,-0.041748046875,0.072021484375,0.028076171875,-0.0869140625,-0.031494140625,0.063720703125,-0.02001953125,-0.02001953125,-0.11572265625,-0.01025390625,0.085693359375,-0.10986328125,0.002197265625,0.095458984375,-0.01904296875,-0.0986328125,0.015869140625,0.0849609375,0.03369140625,-0.0712890625,-0.045166015625,0.078369140625,-0.050537109375,-0.084228515625,0.040771484375,0.06298828125,0.06298828125,-0.05615234375,0.076416015625,0.0546875,0.032470703125,-0.092041015625,0.0546875,0.00439453125,-0.1044921875,-0.031005859375,0.05615234375,-0.00537109375,-0.06591796875,0.003173828125,0.064453125,-0.033935546875,-0.09375,0.010986328125,0.010986328125,0.06640625,-0.03271484375,-0.099365234375,-0.00830078125,0.04541015625,-0.02880859375,0.05078125,0.04345703125,-0.072509765625,-0.068603515625,0.049072265625,0.0498046875,-0.07373046875,-0.086181640625,0.03515625,0.03515625,-0.081298828125,-0.045166015625,0.0693359375,0.01953125,-0.102783203125,-0.031005859375,0.0810546875,0.00048828125,0.00048828125,-0.04248046875,0.03125,-0.025146484375,-0.06396484375,0.031982421875,0.080322265625,-0.02587890625,-0.084716796875,0.0068359375,0.0068359375,-0.0185546875,-0.0810546875,0.00244140625,0.04443359375,-0.045166015625,-0.0810546875,0.03759765625,0.0751953125,-0.036376953125,-0.06494140625,0.02734375,0.057861328125,-0.034912109375,-0.07568359375,-0.015380859375,0.027587890625,-0.00341796875,-0.070068359375,-0.001953125,0.044921875,-0.050048828125,-0.05126953125,0.023193359375,-0.005126953125,-0.0703125,-0.019775390625,0.048828125,-0.009521484375,-0.070556640625,-0.013427734375,0.03759765625,-0.01318359375,-0.046142578125,0.021240234375,0.04443359375,-0.040283203125,-0.06396484375,0.004150390625,0.01220703125,-0.061279296875,-0.055908203125,0.033935546875,0.036865234375,-0.036376953125,-0.027099609375,0.04345703125,0.008056640625,-0.078125,-0.037109375,0.03271484375,-0.02490234375,-0.091552734375,-0.031982421875,0.0517578125,0.015625,-0.050537109375,0.00634765625,0.0634765625,-0.019775390625,-0.07373046875,0.000732421875,0.047607421875,-0.02880859375,-0.080078125,-0.000732421875,0.051025390625,-0.017333984375,-0.052490234375,0.037841796875,0.075927734375,-0.038818359375,-0.080322265625,0.0244140625,0.037353515625,-0.0751953125,-0.077880859375,0.023681640625,0.008544921875,-0.083984375,-0.0361328125,0.073486328125,0.0341796875,-0.064453125,-0.02099609375,0.062744140625,-0.02001953125,-0.124755859375,-0.041015625,0.052978515625,-0.013916015625,-0.07177734375,0.01904296875,0.066162109375,-0.036376953125,-0.07275390625,0.02880859375,0.05712890625,-0.051025390625,-0.076416015625,0.01171875,0.0126953125,-0.070556640625,-0.029541015625,0.0634765625,0.029052734375,-0.072509765625,-0.03515625,0.078857421875,0.016357421875,-0.1005859375,-0.03125,0.04931640625,-0.0419921875,-0.109619140625,-0.007568359375,0.080810546875,0.00146484375,-0.05029296875,0.03515625,0.067626953125,-0.04150390625,-0.098876953125,0.0361328125,0.0361328125,-0.059326171875,-0.041259765625,0.055419921875,0.039794921875,-0.062744140625,-0.0498046875,0.04833984375,-0.064697265625,-0.064697265625,-0.04248046875,0.047119140625,-0.00634765625,-0.103515625,-0.0517578125,0.059814453125,0.02978515625,-0.00732421875,-0.00732421875,0.052978515625,-0.020751953125,-0.07958984375,-0.005615234375,0.052490234375,-0.0400390625,-0.090576171875,0.078369140625,0.078369140625,-0.02294921875,-0.06298828125,0.017822265625,0.033203125,-0.0478515625,-0.042724609375,0.0419921875,0.030517578125,-0.07373046875,-0.06591796875,-0.07373046875,-0.06494140625,-0.06494140625,-0.0322265625,0.038818359375,-0.00390625,-0.060302734375,-0.00146484375,0.051513671875,-0.026123046875,-0.048095703125,-0.048095703125,0.043212890625,0.00634765625,-0.0419921875,0.01806640625,0.06396484375,-0.017333984375,-0.081298828125,0.063232421875,0.063232421875,-0.02001953125,-0.08984375,-0.009033203125,0.066650390625,-0.012451171875,-0.0546875,0.01513671875,-0.03076171875,-0.03076171875,-0.044189453125,0.03076171875,0.027099609375,-0.07177734375,-0.0732421875,0.008544921875,0.02001953125,-0.0537109375,-0.0537109375,0.013916015625,-0.055419921875,-0.055419921875,-0.0185546875,0.039794921875,0.03515625,-0.03076171875,-0.053955078125,-0.028076171875,-0.04541015625,-0.020263671875,-0.020263671875,0.03564453125,0.0390625,0.005615234375,0.007080078125,0.010986328125,-0.03125,-0.023681640625,0.00146484375,0.00146484375,-0.016845703125,-0.010009765625,0.012451171875,0.014892578125,-0.034912109375,-0.039306640625,0.010009765625,-0.030029296875,-0.030029296875,-0.017822265625,0.005615234375,-0.020751953125,-0.068603515625,-0.037109375,0.01318359375,-0.000244140625,0.027587890625,0.03662109375,0.03662109375,-0.03466796875,-0.013427734375,-0.013427734375,0.015380859375,-0.03564453125,-0.054443359375,0.015869140625,0.040771484375,-0.02099609375,0.01611328125,0.026123046875,0.026123046875,-0.024658203125,-0.052734375,0.00732421875,0.0234375,-0.06005859375,-0.068603515625,0.01708984375,-0.013427734375,-0.013427734375,-0.023193359375,0.000732421875,-0.007568359375,-0.037109375,-0.009033203125,0.0107421875,-0.011962890625,-0.024169921875,0.00244140625,0.00244140625,-0.00732421875,-0.02294921875,0.005615234375,0.013671875,-0.021728515625,-0.012451171875,0.0146484375,-0.0322265625,-0.0322265625,-0.041259765625,-0.0048828125,-0.02490234375,-0.02490234375,-0.018310546875,0.011962890625,-0.00634765625,-0.04150390625,-0.009033203125,-0.00244140625,-0.06005859375,-0.041015625,-0.041015625,0.010498046875,-0.010009765625,-0.05029296875,-0.01513671875,0.034912109375,-0.0400390625,-0.007568359375,0.02392578125,0.02392578125,-0.015380859375,-0.0341796875,0.00244140625,0.003662109375,-0.03857421875,-0.044921875,0.009765625,-0.029296875,-0.029296875,-0.018798828125,0.0322265625,0.006591796875,-0.0439453125,-0.0224609375,0.013916015625,-0.0537109375,-0.0283203125,0.013427734375,0.013427734375,-0.033935546875,-0.010009765625,-0.010009765625,0.00244140625,-0.025634765625,-0.033203125,0.01025390625,0.018310546875,-0.025146484375,-0.001953125,0.001220703125,0.001220703125,-0.038818359375,-0.02734375,0.038818359375,0.02880859375,-0.04541015625,0.0234375,0.010986328125,-0.0322265625,-0.0322265625,-0.018310546875,0.01513671875,-0.007080078125,-0.03515625,-0.010498046875,0.011962890625,-0.052490234375,0.001708984375,0.015625,0.015625,-0.0595703125,-0.07080078125,0.021484375,0.057861328125,-0.0185546875,0.01220703125,0.031494140625,-0.05029296875,-0.0673828125,0.015869140625,0.03564453125,-0.04248046875,-0.061279296875,-0.061279296875,0.010009765625,0.0302734375,-0.027099609375,-0.028076171875,0.041015625,-0.046875,-0.044677734375,0.014404296875,0.014404296875,-0.025390625,-0.09716796875,-0.032470703125,0.07958984375,-0.083740234375,-0.065185546875,0.039794921875,0.03515625,0.03515625,-0.04443359375,-0.029541015625,0.035888671875,-0.002197265625,-0.0673828125,0.0263671875,0.03564453125,-0.02587890625,-0.02587890625,-0.024658203125,0.023193359375,0.029541015625,-0.003662109375,-0.00048828125,-0.02587890625,-0.05126953125,-0.027587890625,0.0068359375,-0.0107421875,-0.015380859375,-0.015380859375,-0.00390625,-0.00732421875,-0.006591796875,0.00244140625,-0.023193359375,-0.04833984375,-0.034423828125,-0.01611328125,-0.01611328125,-0.02587890625,-0.035400390625,-0.0068359375,0.01123046875,-0.022216796875,0.032958984375,0.03662109375,-0.03271484375,-0.03271484375,-0.054931640625,-0.01025390625,0.0126953125,-0.017822265625,0.017578125,0.032958984375,-0.031982421875,-0.046142578125,-0.046142578125,0.027099609375,0.030517578125,-0.033447265625,-0.032958984375,-0.01220703125,-0.0673828125,-0.054443359375,-0.008056640625,0.0,-0.017333984375,0.0029296875,0.05029296875,-0.000244140625,-0.000244140625,-0.06884765625,-0.039306640625,0.0107421875,-0.03955078125,-0.024658203125,-0.00048828125,-0.015869140625,-0.020751953125,-0.020751953125,-0.0048828125,0.00341796875,-0.0048828125,0.02392578125,0.026123046875,-0.03125,-0.0615234375,-0.015869140625,-0.015869140625,-0.002197265625,-0.021240234375,-0.00244140625,0.034912109375,-0.030517578125,-0.010986328125,-0.002685546875,-0.052490234375,-0.07666015625,-0.07666015625,-0.03271484375,0.01123046875,-0.01123046875,0.02001953125,0.048583984375,0.001220703125,-0.036865234375,0.001708984375,0.020263671875,-0.0390625,-0.0654296875,-0.0654296875,-0.01416015625,0.002685546875,-0.040771484375,0.019775390625,0.03759765625,-0.01513671875,-0.013427734375,0.03466796875,0.03466796875,0.025390625,-0.041259765625,-0.054931640625,-0.0380859375,-0.044189453125,0.009521484375,0.05908203125,0.022216796875,-0.045654296875,-0.045654296875,-0.03515625,0.002685546875,-0.03759765625,-0.012451171875,-0.000244140625,-0.033203125,-0.0224609375,0.016357421875,0.016357421875,0.024658203125,-0.011962890625,-0.039794921875,0.044189453125,0.00244140625,-0.023681640625,-0.0068359375,-0.056640625,-0.103271484375,-0.041259765625,0.051513671875,0.07421875,0.07421875,0.02197265625,-0.01611328125,-0.037109375,-0.071533203125,-0.0205078125,0.0263671875,-0.0263671875,-0.06787109375,-0.06787109375,0.0048828125,0.06640625,-0.046630859375,-0.03173828125,0.012939453125,-0.029052734375,-0.030517578125,0.030029296875,0.030029296875,0.00732421875,-0.061279296875,-0.03466796875,0.01318359375,0.01904296875,0.00341796875,0.039794921875,0.037353515625,0.037353515625,-0.0458984375,-0.0322265625,-0.020751953125,-0.091552734375,-0.05517578125,0.027587890625,0.0546875,0.021240234375,-0.02197265625,-0.02197265625,-0.0302734375,-0.09033203125,0.00244140625,0.101318359375,0.0576171875,-0.0546875,-0.092529296875,-0.044189453125,-0.044189453125,-0.016845703125,0.051513671875,0.082275390625,0.002685546875,-0.057861328125,-0.017578125,0.013916015625,-0.025390625,-0.025390625,-0.063232421875,0.007080078125,0.001708984375,-0.0087890625,0.000244140625,0.0078125,-0.03076171875,-0.04638671875,-0.04638671875,-0.0009765625,0.0205078125,-0.04052734375,-0.04541015625,-0.031982421875,-0.015625,0.00634765625,0.021484375,-0.016845703125,-0.049560546875,-0.0087890625,0.03759765625,0.03759765625,0.018310546875,0.001953125,-0.029541015625,-0.080322265625,-0.063720703125,0.024169921875,0.0546875,-0.00634765625,-0.043701171875,-0.008544921875,0.0048828125,-0.03125,-0.03125,-0.025146484375,0.027099609375,-0.046142578125,-0.045654296875,0.024169921875,0.021484375,-0.06494140625,-0.0693359375,0.0166015625,0.0263671875,-0.022705078125,-0.011962890625,-0.011962890625,0.01806640625,-0.01611328125,-0.072265625,-0.0029296875,0.048828125,0.03515625,0.012939453125,0.0048828125,-0.0224609375,-0.0244140625,0.0087890625,-0.00048828125,-0.041015625,-0.03564453125,0.0009765625,-0.000244140625,-0.000244140625,-0.026123046875,-0.033935546875,-0.001220703125,-0.025390625,-0.00634765625,0.004638671875,-0.016357421875,-0.032470703125,-0.00732421875,0.027587890625,-0.0234375,-0.0634765625,-0.0634765625,0.002685546875,-0.026123046875,-0.049072265625,0.01611328125,0.05224609375,-0.036865234375,-0.119873046875,-0.051025390625,0.048095703125,0.01904296875,-0.02978515625,0.010986328125,0.0419921875,-0.022216796875,-0.0908203125,-0.0908203125,-0.007568359375,0.030029296875,-0.054443359375,-0.03759765625,0.0126953125,0.004150390625,-0.06494140625,-0.07763671875,0.00634765625,0.02685546875,-0.011474609375,-0.011474609375,0.00439453125,-0.051513671875,-0.0673828125,-0.06591796875,-0.037109375,0.0419921875,0.061767578125,-0.01953125,-0.056640625,0.023681640625,0.107421875,0.048828125,0.048828125,-0.137939453125,-0.0263671875,0.041259765625,0.013671875,-0.03125,-0.035888671875,-0.031005859375,-0.048095703125,-0.0263671875,0.0556640625,0.106689453125,0.04052734375,0.04052734375,-0.065673828125,-0.0439453125,-0.01953125,-0.06298828125,-0.076904296875,0.028564453125,0.134033203125,0.114990234375,-0.00439453125,-0.082763671875,-0.046630859375,0.0263671875,0.0263671875,-0.0302734375,-0.060302734375,-0.02392578125,-0.020263671875,-0.0556640625,-0.04736328125,-0.02197265625,0.010009765625,0.052490234375,0.048828125,0.009765625,0.009765625,-0.021240234375,-0.068603515625,-0.02978515625,0.002197265625,-0.021728515625,0.010009765625,-0.034423828125,-0.108642578125,-0.049560546875,0.0244140625,0.02001953125,0.02001953125,-0.01220703125,-0.0556640625,-0.037353515625,0.002197265625,-0.001220703125,-0.008544921875,-0.016845703125,-0.009033203125,-0.016845703125,-0.046142578125,-0.040283203125,0.005859375,0.041015625,0.028076171875,-0.01708984375,-0.03125,-0.011962890625,0.016357421875,-0.003662109375,-0.023681640625,0.0,-0.021728515625,-0.016845703125,-0.0048828125,-0.044189453125,0.007568359375,0.03173828125,-0.0263671875,0.025634765625,0.041015625,-0.04150390625,0.000732421875,0.0048828125,-0.0859375,0.013916015625,0.06689453125,-0.0576171875,-0.030029296875,0.02197265625,-0.066162109375,-0.035888671875,0.03662109375,-0.00830078125,-0.00927734375,-0.00634765625,-0.053955078125,-0.031982421875,-0.007080078125,-0.034423828125,-0.009033203125,0.030517578125,0.027099609375,0.005859375,-0.039306640625,-0.065673828125,-0.033203125,-0.015625,0.0009765625,-0.015869140625,-0.02734375,-0.03759765625,-0.033935546875,-0.041748046875,-0.023193359375,0.0302734375,0.030029296875,-0.001953125,-0.001220703125,0.005859375,0.018798828125,0.017822265625,-0.024169921875,-0.04150390625,-0.0087890625,0.013916015625,0.012451171875,-0.002685546875,-0.01318359375,-0.018310546875,-0.02783203125,-0.04150390625,-0.031982421875,-0.0087890625,-0.00146484375,-0.01318359375,-0.030517578125,-0.021728515625,0.021728515625,0.05029296875,0.028564453125,-0.017578125,-0.021728515625,-0.033203125,-0.07666015625,-0.046630859375,-0.00537109375,-0.041015625,-0.00634765625,0.041015625,-0.039306640625,-0.033447265625,0.0576171875,-0.03125,-0.019775390625,0.02197265625,-0.080322265625,0.052734375,0.015625,-0.061279296875,0.048095703125,-0.06689453125,-0.021240234375,-0.0390625,-0.0634765625,0.013427734375,-0.006103515625,0.0283203125,-0.009521484375,0.012939453125,0.05615234375,0.00537109375,0.009033203125,-0.03466796875,-0.0439453125,-0.043701171875,-0.0712890625,-0.026123046875,-0.038818359375,0.01806640625,0.0517578125,0.028076171875,-0.002685546875,-0.0361328125,-0.043212890625,-0.043212890625,-0.054931640625,-0.004638671875,-0.01513671875,0.0234375,-0.00341796875,-0.014892578125,0.04150390625,0.0380859375,0.0224609375,-0.043701171875,-0.089111328125,-0.067138671875,-0.052490234375,0.001708984375,0.007568359375,0.0263671875,0.0732421875,0.01220703125,-0.024169921875,-0.01904296875,-0.01611328125,0.02392578125,-0.0244140625,-0.063232421875,-0.02294921875,-0.0029296875,0.002685546875,0.002685546875,0.0009765625,0.015625,-0.02294921875,-0.059326171875,-0.1015625,-0.0576171875,0.003662109375,0.003662109375,0.02587890625,0.00927734375,0.0380859375,0.0390625,0.01123046875,-0.0419921875,-0.075439453125,-0.06591796875,-0.013427734375,-0.013427734375,-0.013916015625,-0.022705078125,0.02490234375,-0.007080078125,-0.02587890625,-0.010009765625,-0.013671875,-0.01123046875,-0.01123046875,-0.011474609375,0.013671875,0.001953125,-0.011962890625,0.013916015625,0.00830078125,-0.045166015625,-0.06005859375,-0.036865234375,-0.036865234375,-0.006591796875,0.0185546875,0.065185546875,0.070556640625,0.021240234375,-0.02099609375,-0.04248046875,-0.0283203125,-0.0283203125,-0.01025390625,0.024658203125,0.0078125,0.02685546875,0.030029296875,-0.006103515625,-0.03759765625,-0.04052734375,-0.04052734375,-0.03662109375,-0.029296875,0.0009765625,0.041015625,0.046142578125,0.001953125,-0.021484375,-0.04736328125,-0.04736328125,-0.072998046875,-0.0517578125,-0.051513671875,-0.0341796875,0.018798828125,0.0048828125,0.009521484375,-0.011474609375,-0.011474609375,-0.04052734375,-0.046875,-0.05908203125,-0.034423828125,0.0,0.001708984375,0.010986328125,0.014404296875,0.004150390625,0.004150390625,-0.0341796875,-0.08251953125,-0.046142578125,0.012451171875,0.0263671875,0.020263671875,0.041748046875,-0.017822265625,-0.017822265625,-0.025390625,-0.033203125,-0.02978515625,0.004638671875,-0.00537109375,-0.007080078125,0.01904296875,0.017578125,0.017578125,-0.00634765625,-0.035888671875,-0.02978515625,-0.023193359375,-0.0283203125,-0.0244140625,0.017578125,-0.02392578125,-0.02392578125,-0.013916015625,0.01220703125,-0.037841796875,-0.0361328125,0.013916015625,0.006591796875,-0.067626953125,-0.0234375,-0.0234375,0.0068359375,-0.0048828125,-0.012939453125,0.00439453125,0.010986328125,-0.015869140625,-0.030517578125,-0.027099609375,-0.03125,-0.03125,-0.033447265625,-0.01025390625,0.005615234375,-0.010986328125,0.00341796875,0.021728515625,-0.020751953125,-0.0322265625,-0.0322265625,0.002197265625,-0.00830078125,-0.05419921875,-0.039306640625,0.016845703125,-0.0146484375,0.0205078125,0.03662109375,0.03662109375,-0.012939453125,-0.029052734375,0.009521484375,0.012939453125,-0.07373046875,0.011962890625,0.00244140625,-0.025146484375,-0.025146484375,-0.012939453125,0.019287109375,0.0224609375,-0.031005859375,-0.06494140625,0.010986328125,-0.046875,-0.06640625,-0.06640625,0.02001953125,0.02783203125,-0.019775390625,-0.009765625,0.015380859375,-0.05712890625,-0.023193359375,0.030517578125,-0.02001953125,-0.02001953125,-0.058349609375,0.011962890625,0.0576171875,-0.027099609375,0.011962890625,0.06494140625,-0.030517578125,-0.0654296875,-0.0654296875,0.029052734375,0.053466796875,-0.039306640625,-0.096435546875,0.022216796875,-0.02978515625,-0.0419921875,0.04736328125,0.04736328125,0.043212890625,-0.05615234375,-0.040771484375,0.060546875,-0.1162109375,-0.05078125,0.061767578125,-0.010986328125,-0.010986328125,-0.080322265625,0.017578125,0.08544921875,-0.009521484375,-0.043212890625,0.052001953125,-0.0185546875,-0.09912109375,-0.09912109375,-0.021240234375,0.04931640625,-0.03173828125,-0.07861328125,0.06640625,-0.015869140625,-0.09033203125,-0.003662109375,-0.003662109375,0.063720703125,-0.030029296875,-0.0771484375,0.03955078125,-0.0654296875,-0.115234375,0.041259765625,0.076171875,-0.063720703125,-0.063720703125,-0.060302734375,0.07861328125,0.079345703125,-0.073974609375,0.077880859375,0.059326171875,-0.110595703125,-0.087890625,-0.087890625,0.065673828125,0.031982421875,-0.085205078125,-0.01025390625,-0.017333984375,-0.122802734375,-0.0302734375,0.086669921875,0.086669921875,-0.018310546875,-0.11669921875,0.017822265625,0.07421875,-0.12109375,0.038330078125,0.103515625,-0.060791015625,-0.060791015625,-0.1201171875,0.03857421875,0.0693359375,-0.086669921875,0.089111328125,0.10546875,-0.106201171875,-0.109130859375,0.057861328125,0.057861328125,0.069580078125,-0.0732421875,-0.056396484375,0.02490234375,-0.120849609375,-0.066162109375,0.08056640625,0.018310546875,0.018310546875,-0.12744140625,-0.00830078125,0.118896484375,-0.130859375,0.009033203125,0.128662109375,-0.011474609375,-0.136474609375,-0.136474609375,-0.014892578125,0.07373046875,-0.04443359375,0.0517578125,0.141845703125,-0.0302734375,-0.117431640625,0.049072265625,0.049072265625,0.08740234375,-0.103271484375,-0.147216796875,0.107177734375,-0.068115234375,-0.104248046875,0.104736328125,0.115234375,0.115234375,-0.119873046875,-0.125732421875,0.070556640625,-0.125244140625,-0.0947265625,0.09228515625,0.0224609375,-0.156982421875,-0.156982421875,-0.0537109375,0.126220703125,0.041015625,-0.009521484375,0.147216796875,-0.007568359375,-0.190673828125,-0.044677734375,-0.044677734375,0.129638671875,-0.003662109375,-0.14453125,0.15283203125,-0.01806640625,-0.143798828125,0.02392578125,0.129638671875,-0.04296875,-0.04296875,-0.140380859375,0.018798828125,-0.10400390625,-0.1015625,0.097900390625,0.120361328125,-0.06005859375,-0.115234375,-0.115234375,0.046875,0.0517578125,-0.08837890625,0.09521484375,0.060546875,-0.134765625,-0.0869140625,0.115478515625,0.115478515625,0.076171875,-0.111083984375,0.11083984375,0.0361328125,-0.150146484375,-0.052001953125,0.1171875,0.015625,0.015625,-0.1435546875,-0.0263671875,-0.017333984375,-0.152099609375,0.00390625,0.123291015625,-0.03125,-0.12744140625,-0.12744140625,0.013916015625,0.09716796875,-0.141357421875,0.009765625,0.079345703125,-0.0537109375,-0.06591796875,0.077392578125,0.077392578125,0.052978515625,-0.09912109375,0.08203125,0.0576171875,-0.09130859375,-0.072509765625,0.0576171875,0.01611328125,0.01611328125,-0.087646484375,0.003662109375,-0.0146484375,-0.109375,-0.01953125,0.066650390625,-0.037109375,-0.1181640625,0.029541015625,0.029541015625,0.11279296875,-0.119384765625,0.014404296875,0.0634765625,-0.087646484375,-0.115234375,0.04541015625,0.097900390625,0.097900390625,-0.0615234375,-0.081787109375,0.03173828125,-0.096923828125,-0.070556640625,0.0615234375,0.04833984375,-0.073974609375,-0.029296875,-0.029296875,0.11181640625,-0.111083984375,-0.070556640625,0.064697265625,-0.006591796875,-0.1435546875,-0.00927734375,0.152587890625,0.152587890625,0.03857421875,-0.010986328125,0.076416015625,-0.06103515625,-0.14453125,-0.009033203125,0.06982421875,-0.04443359375,-0.04443359375,-0.08154296875,0.08740234375,-0.0673828125,-0.103759765625,0.02294921875,0.042236328125,-0.0751953125,-0.058837890625,-0.058837890625,0.085693359375,-0.0966796875,-0.089599609375,0.058349609375,0.0361328125,-0.096435546875,-0.05322265625,0.08154296875,0.08154296875,0.044189453125,-0.018798828125,0.0810546875,-0.01171875,-0.1298828125,-0.064453125,0.05419921875,-0.00439453125,-0.00439453125,-0.068359375,0.099853515625,-0.030517578125,-0.09619140625,-0.003662109375,0.04052734375,-0.0615234375,-0.08349609375,0.036376953125,0.036376953125,-0.015869140625,-0.0400390625,0.04931640625,0.04345703125,-0.06591796875,-0.0673828125,0.0244140625,0.001220703125,0.001220703125,-0.030029296875,0.0771484375,0.02685546875,-0.065185546875,-0.01708984375,0.043701171875,-0.04248046875,-0.097412109375,-0.097412109375,0.075439453125,-0.041748046875,-0.10791015625,0.002685546875,0.047119140625,-0.074951171875,-0.081787109375,0.0595703125,0.0595703125,-0.054931640625,-0.065673828125,0.070068359375,0.04931640625,-0.10986328125,-0.08837890625,0.04443359375,0.036865234375,0.036865234375,-0.025634765625,0.0849609375,0.023681640625,-0.0966796875,-0.04248046875,0.069091796875,-0.011962890625,-0.109130859375,-0.109130859375,0.07861328125,-0.036376953125,-0.103515625,0.037841796875,0.110595703125,-0.029052734375,-0.112060546875,-0.00146484375,-0.00146484375,-0.060546875,-0.098876953125,0.0224609375,0.060791015625,-0.03369140625,-0.041748046875,0.04443359375,0.04541015625,0.04541015625,-0.066650390625,0.052978515625,0.04833984375,-0.072509765625,-0.05322265625,0.0625,-0.001953125,-0.127685546875,-0.127685546875,0.089599609375,0.0361328125,-0.076416015625,-0.035400390625,0.066650390625,-0.006103515625,-0.10546875,-0.0341796875,-0.0341796875,-0.0283203125,-0.074462890625,0.011962890625,0.064453125,-0.02685546875,-0.0712890625,0.008056640625,0.0556640625,0.0556640625,-0.06787109375,0.04296875,0.038818359375,-0.066162109375,-0.056396484375,0.05126953125,0.0341796875,-0.07763671875,-0.052001953125,0.055908203125,0.018798828125,-0.076416015625,-0.0048828125,0.083740234375,-0.01171875,-0.099853515625,-0.0322265625,0.049072265625,-0.001708984375,-0.05712890625,-0.00830078125,0.048583984375,-0.033935546875,-0.089599609375,0.021728515625,0.064697265625,-0.052490234375,-0.0888671875,0.025634765625,0.05322265625,-0.060546875,-0.060546875,-0.05810546875,0.060791015625,-0.07763671875,-0.0703125,0.046875,0.04345703125,-0.06689453125,-0.058837890625,0.041015625,0.0322265625,-0.050048828125,-0.02587890625,0.0498046875,0.00390625,-0.083984375,-0.042724609375,0.0517578125,0.006103515625,-0.070068359375,-0.02734375,0.03564453125,-0.017578125,-0.07275390625,-0.0048828125,0.05712890625,-0.017578125,-0.06689453125,0.010009765625,0.060546875,-0.02001953125,-0.0654296875,0.003173828125,0.0244140625,-0.054443359375,-0.056396484375,0.067138671875,0.062744140625,-0.06494140625,-0.0693359375,0.03271484375,0.04736328125,-0.05078125,-0.066162109375,0.0361328125,0.02685546875,-0.09326171875,-0.05224609375,0.072265625,0.038818359375,-0.08349609375,-0.071044921875,0.0634765625,0.029541015625,-0.08984375,-0.033203125,0.0576171875,-0.019287109375,-0.08642578125,0.002685546875,0.06201171875,-0.02197265625,-0.0654296875,0.00634765625,0.033447265625,-0.037109375,-0.0322265625,0.03369140625,0.00244140625,-0.07958984375,-0.03515625,0.065185546875,0.03125,-0.048095703125,-0.01806640625,0.04345703125,-0.01171875,-0.081298828125,-0.016357421875,0.042236328125,-0.01513671875,-0.069580078125,-0.011962890625,0.06494140625,-0.01611328125,-0.07763671875,0.001708984375,0.059326171875,-0.041259765625,-0.079833984375,0.043212890625,0.052734375,-0.080810546875,-0.086181640625,0.025634765625,0.0458984375,-0.048583984375,-0.048583984375,0.03759765625,0.044677734375,-0.05322265625,-0.033447265625,0.058349609375,-0.00634765625,-0.123291015625,-0.0546875,0.057373046875,0.008544921875,-0.055419921875,0.00634765625,0.077392578125,-0.010498046875,-0.099853515625,-0.022216796875,0.04638671875,-0.033447265625,-0.096435546875,-0.030517578125,0.051513671875,0.01123046875,-0.025634765625,0.026611328125,0.048828125,-0.0458984375,-0.0791015625,0.009521484375,-0.03271484375,-0.03564453125,0.037353515625,0.037353515625,0.009033203125,-0.071044921875,-0.040283203125,0.064208984375,0.038330078125,-0.06494140625,-0.026611328125,0.063720703125,0.0048828125,-0.07861328125,-0.038818359375,0.03564453125,-0.0234375,-0.101806640625,-0.029052734375,0.086181640625,0.01806640625,-0.09619140625,-0.036865234375,0.0576171875,-0.021728515625,-0.09619140625,-0.0068359375,0.05908203125,-0.009033203125,-0.050537109375,0.0078125,-0.015625,-0.048095703125,0.007080078125,0.031005859375,0.031005859375,-0.0244140625,-0.038330078125,-0.00927734375,-0.02978515625,-0.047607421875,0.01025390625,0.07470703125,0.0146484375,-0.065673828125,-0.034423828125,0.03857421875,-0.00830078125,-0.084228515625,-0.024169921875,0.0517578125,-0.018310546875,-0.069091796875,0.0166015625,0.063232421875,-0.032470703125,-0.086669921875,-0.015625,0.048583984375,0.015380859375,-0.0283203125,0.025146484375,-0.05712890625,-0.06884765625,0.009765625,0.015869140625,-0.030029296875,-0.030029296875,-0.007568359375,0.046875,0.015625,-0.05517578125,-0.053955078125,0.008544921875,-0.0185546875,-0.085205078125,-0.020263671875,0.071533203125,0.019287109375,-0.062255859375,-0.01806640625,0.042724609375,-0.033203125,-0.077880859375,-0.00830078125,0.042236328125,-0.02001953125,-0.061767578125,0.016357421875,0.05322265625,-0.036376953125,-0.069580078125,0.04150390625,-0.015869140625,-0.0341796875,0.021728515625,0.020751953125,-0.041259765625,-0.02978515625,-0.02978515625,0.025390625,0.01513671875,-0.01611328125,-0.03369140625,0.01904296875,0.00146484375,-0.044677734375,-0.0380859375,0.052734375,0.024658203125,-0.081298828125,-0.056396484375,0.010009765625,-0.02197265625,-0.0380859375,-0.00341796875,0.041015625,0.02734375,-0.0166015625,-0.02294921875,-0.024169921875,-0.0673828125,-0.05712890625,0.01416015625,0.032470703125,-0.00244140625,-0.00244140625,0.052734375,0.03515625,-0.06787109375,-0.008544921875,0.0166015625,-0.033447265625,-0.017578125,0.06396484375,0.011474609375,-0.075439453125,-0.05224609375,0.011474609375,0.011474609375,-0.00341796875,-0.04052734375,0.00244140625,0.064697265625,0.0146484375,-0.039306640625,-0.021240234375,-0.025634765625,-0.07470703125,-0.06298828125,0.013427734375,0.025634765625,-0.008056640625,0.015625,0.061767578125,0.039306640625,-0.077392578125,-0.091064453125,0.010498046875,0.0068359375,-0.05322265625,-0.029296875,0.060546875,0.032958984375,-0.066162109375,-0.041748046875,0.032470703125,-0.01318359375,-0.03759765625,-0.040771484375,0.033203125,-0.0322265625,-0.005126953125,0.031005859375,-0.02294921875,-0.02294921875,-0.0625,-0.005126953125,0.023193359375,-0.02783203125,-0.033203125,0.06494140625,-0.060302734375,-0.078125,-0.078125,0.0078125,0.02685546875,-0.03955078125,-0.0615234375,0.041015625,-0.00830078125,-0.063720703125,0.01513671875,0.01513671875,0.017578125,-0.0908203125,-0.09326171875,0.015625,0.018310546875,-0.0146484375,0.06201171875,0.022216796875,-0.0693359375,-0.0693359375,-0.036865234375,0.039306640625,-0.009521484375,-0.07470703125,-0.0205078125,0.00537109375,-0.05419921875,-0.011474609375,0.033203125,0.033203125,-0.03125,-0.086669921875,-0.02001953125,0.054931640625,0.014404296875,0.021240234375,0.01318359375,-0.052001953125,-0.052001953125,-0.050048828125,0.01904296875,-0.06640625,-0.033203125,-0.049560546875,0.0478515625,0.037109375,-0.0537109375,-0.05810546875,0.02197265625,-0.00244140625,-0.060302734375,-0.01953125,0.05029296875,-0.03564453125,-0.00341796875,-0.030029296875,0.038330078125,-0.00439453125,-0.044677734375,-0.004638671875,0.013671875,-0.050537109375,0.026123046875,0.043701171875,-0.041259765625,-0.041259765625,-0.04736328125,0.02392578125,0.005615234375,-0.063232421875,-0.011962890625,0.0439453125,-0.00830078125,-0.032958984375,-0.0361328125,0.021728515625,0.005126953125,-0.039306640625,-0.005126953125,0.021728515625,0.0029296875,-0.054931640625,0.02490234375,0.03759765625,-0.05029296875,-0.066650390625,-0.024658203125,0.003662109375,-0.027099609375,-0.034423828125,0.02392578125,0.041748046875,-0.0078125,0.020751953125,0.045654296875,-0.031005859375,-0.07373046875,-0.07373046875,-0.001708984375,0.024658203125,-0.0390625,-0.0712890625,-0.018798828125,0.055419921875,-0.0927734375,-0.0693359375,0.02685546875,0.02685546875,0.084716796875,-0.03515625,-0.133056640625,-0.0244140625,0.092529296875,0.08447265625,-0.10791015625,-0.152587890625,0.112548828125,0.046142578125,-0.135986328125,-0.13232421875,0.080078125,0.080078125,0.096435546875,-0.02734375,-0.115478515625,-0.049560546875,0.031494140625,-0.06884765625,-0.06787109375,-0.01123046875,0.06103515625,-0.05029296875,-0.110595703125,0.013916015625,0.013916015625,0.063720703125,0.078125,-0.019287109375,-0.01171875,0.009765625,0.009765625,-0.016357421875,0.016845703125,0.016845703125,0.0234375,-0.01953125,-0.054931640625,-0.003173828125,0.06298828125,0.002685546875,-0.037109375,-0.047607421875,-0.047607421875,0.01611328125,0.05517578125,-0.041015625,-0.0322265625,0.02197265625,0.002685546875,-0.027099609375,-0.022216796875,-0.022216796875,-0.0361328125,0.024658203125,-0.06787109375,0.05615234375,-0.013671875,0.087158203125,-0.060791015625,-0.096435546875,-0.096435546875,0.0478515625,-0.11083984375,-0.009521484375,-0.062744140625,0.08544921875,0.016845703125,-0.038330078125,0.02880859375,0.02880859375,-0.053466796875,-0.030517578125,-0.0322265625,0.02880859375,0.04052734375,-0.025634765625,-0.021240234375,0.01513671875,0.01513671875,0.02734375,-0.034912109375,-0.0576171875,0.0537109375,0.01806640625,-0.047607421875,-0.05322265625,0.006103515625,0.006103515625,0.029052734375,-0.005615234375,-0.0517578125,0.01513671875,-0.0087890625,-0.07861328125,-0.05224609375,0.08837890625,0.08837890625,0.104248046875,-0.086669921875,0.045654296875,0.1484375,-0.03955078125,-0.22265625,-0.07470703125,0.174560546875,0.174560546875,0.04345703125,-0.212890625,0.184326171875,0.047607421875,-0.2109375,-0.080322265625,0.16943359375,0.07763671875,0.07763671875,-0.111083984375,-0.06591796875,0.092041015625,-0.105712890625,-0.111328125,0.041748046875,0.067138671875,-0.04443359375,-0.04443359375,-0.068115234375,-0.041259765625,0.106201171875,0.079345703125,-0.126708984375,-0.12353515625,0.10400390625,0.102294921875,0.102294921875,-0.11767578125,-0.087646484375,0.0380859375,-0.051025390625,-0.016845703125,-0.009521484375,-0.0380859375,0.033935546875,0.0361328125,0.0361328125,-0.090087890625,0.06103515625,-0.017578125,-0.085205078125,-0.013671875,-0.001708984375,-0.059326171875,-0.014892578125,-0.014892578125,-0.00634765625,0.025146484375,0.061767578125,-0.07177734375,-0.080322265625,0.022216796875,-0.01904296875,-0.091064453125,-0.091064453125,0.0244140625,-0.08203125,-0.052734375,0.048583984375,-0.020263671875,-0.05859375,0.024169921875,0.0078125,0.0078125,-0.0576171875,0.00732421875,-0.049560546875,0.037353515625,0.060546875,-0.076416015625,-0.057373046875,0.082763671875,0.082763671875,0.0458984375,0.033935546875,0.03466796875,-0.05224609375,0.01708984375,0.0283203125,-0.0703125,-0.0087890625,-0.0087890625,0.081298828125,-0.08837890625,0.0419921875,0.02294921875,-0.088134765625,0.025634765625,0.07373046875,-0.085693359375,-0.085693359375,-0.0810546875,0.049072265625,-0.1171875,-0.050048828125,0.04931640625,-0.03857421875,-0.054931640625,0.013427734375,0.013427734375,-0.016357421875,0.01611328125,0.01611328125,-0.078369140625,-0.04736328125,-0.005126953125,-0.051025390625,-0.0166015625,-0.0166015625,0.021728515625,-0.063232421875,0.02490234375,0.00390625,-0.076904296875,0.015380859375,0.0693359375,-0.049560546875,-0.049560546875,0.03662109375,0.02197265625,-0.04296875,-0.010498046875,-0.00244140625,-0.04443359375,0.019287109375,0.012939453125,0.012939453125,0.0185546875,0.07080078125,-0.038818359375,-0.064697265625,0.048095703125,0.009033203125,-0.074951171875,0.04833984375,0.04833984375,-0.091064453125,-0.07080078125,0.0966796875,0.05712890625,-0.083740234375,-0.017822265625,0.06201171875,-0.037841796875,-0.037841796875,0.023681640625,-0.018310546875,-0.046875,0.03125,0.015869140625,-0.09716796875,-0.0322265625,0.04541015625,0.04541015625,-0.02734375,0.002197265625,-0.021240234375,0.001220703125,0.010986328125,-0.0712890625,-0.0517578125,0.093994140625,0.093994140625,-0.1435546875,-0.037841796875,0.083251953125,-0.009521484375,-0.0546875,-0.001708984375,-0.034912109375,-0.06005859375,-0.06005859375,0.001708984375,-0.122802734375,0.001220703125,0.0986328125,-0.0390625,-0.09765625,-0.016845703125,-0.01318359375,-0.01318359375,0.074462890625,-0.015380859375,-0.14453125,0.00830078125,0.11767578125,-0.03564453125,-0.107666015625,0.029541015625,0.0546875,-0.050537109375,-0.0087890625,0.01513671875,-0.038818359375,0.01513671875,0.035400390625,-0.06787109375,-0.05908203125,0.070556640625,0.028564453125,-0.0859375,0.012451171875,0.073974609375,-0.0400390625,-0.040771484375,0.035888671875,-0.000732421875,-0.049072265625,0.041259765625,0.04443359375,-0.089111328125,-0.034912109375,0.056640625,-0.024169921875,-0.067138671875,0.01171875,0.018310546875,-0.037353515625,-0.00830078125,-0.02294921875,-0.062744140625,0.037109375,0.050537109375,-0.094482421875,-0.0791015625,0.041259765625,0.000244140625,-0.076171875,0.011474609375,0.021484375,-0.09326171875,-0.031494140625,0.04931640625,-0.03564453125,-0.065673828125,0.040283203125,0.025146484375,-0.0830078125,-0.02392578125,0.02734375,-0.03173828125,-0.003662109375,0.019775390625,-0.060546875,-0.05224609375,0.053466796875,0.018310546875,-0.076416015625,0.010986328125,0.055908203125,-0.0556640625,-0.041015625,0.04345703125,-0.002197265625,-0.0498046875,0.02392578125,0.03466796875,-0.029052734375,-0.0009765625,-0.021484375,-0.0478515625,0.054443359375,0.0400390625,-0.09814453125,-0.0458984375,0.09423828125,0.003662109375,-0.1044921875,0.017333984375,0.052978515625,-0.0634765625,-0.0322265625,0.022705078125,-0.042724609375,-0.021484375,0.071533203125,-0.015380859375,-0.112060546875,0.007568359375,0.02685546875,-0.0712890625,0.0,0.0634765625,-0.051025390625,-0.09326171875,0.04443359375,0.032470703125,-0.101806640625,-0.022216796875,0.066650390625,-0.0546875,-0.09912109375,0.024658203125,0.04345703125,-0.048095703125,-0.033935546875,0.0,-0.016357421875,0.02392578125,-0.013671875,-0.0673828125,0.039794921875,0.091552734375,-0.06591796875,-0.130126953125,0.065185546875,0.095458984375,-0.0771484375,-0.051025390625,0.040771484375,-0.0048828125,-0.01416015625,0.009521484375,-0.05908203125,-0.0537109375,0.0869140625,0.02734375,-0.15234375,-0.03857421875,0.09375,-0.0009765625,-0.059326171875,-0.007568359375,-0.0078125,-0.005615234375,0.060546875,-0.044189453125,-0.1318359375,0.063720703125,0.14306640625,-0.080322265625,-0.1513671875,0.05322265625,0.10302734375,-0.045166015625,-0.05615234375,-0.01220703125,-0.0205078125,0.03466796875,0.000732421875,-0.1083984375,-0.0283203125,0.12744140625,0.007568359375,-0.1806640625,-0.033447265625,0.11376953125,0.0146484375,-0.050537109375,-0.018310546875,-0.018310546875,0.01171875,0.027587890625,-0.06689453125,-0.080322265625,0.080322265625,0.052001953125,-0.12744140625,0.078369140625,0.078369140625,0.010986328125,-0.0595703125,-0.01025390625,-0.035400390625,-0.06494140625,0.060791015625,0.033935546875,-0.034423828125,-0.034423828125,0.093505859375,-0.013427734375,-0.09716796875,0.015625,0.02099609375,-0.05029296875,0.036865234375,-0.084228515625,-0.084228515625,-0.046630859375,0.065673828125,-0.006591796875,-0.092041015625,0.019775390625,0.052978515625,-0.0625,0.024169921875,0.024169921875,-0.039306640625,-0.042236328125,0.053955078125,0.019775390625,-0.079345703125,-0.013916015625,0.025146484375,0.005859375,0.005859375,0.04248046875,-0.049560546875,-0.05419921875,0.054443359375,0.018310546875,-0.0810546875,0.0166015625,-0.08056640625,-0.0625,-0.0625,0.04736328125,0.0068359375,-0.052001953125,0.0087890625,0.00341796875,-0.05029296875,0.010009765625,-0.01416015625,0.021240234375,0.05712890625,0.05712890625,-0.072998046875,-0.0771484375,0.05712890625,0.015869140625,-0.093994140625,-0.005615234375,-0.05224609375,-0.002197265625,-0.002197265625,0.026123046875,-0.06103515625,-0.044189453125,0.078369140625,0.00439453125,-0.133544921875,0.092529296875,-0.029296875,-0.029296875,-0.063232421875,0.028564453125,0.030517578125,-0.02880859375,0.00537109375,-0.001708984375,0.04345703125,0.07080078125,0.07080078125,-0.065185546875,-0.074462890625,0.045166015625,0.031005859375,-0.058837890625,-0.014892578125,-0.0244140625,0.010009765625,0.010009765625,-0.0185546875,-0.07666015625,0.02294921875,0.08251953125,-0.0537109375,-0.119140625,0.057861328125,-0.0712890625,-0.035400390625,-0.035400390625,0.0078125,-0.032958984375,0.00732421875,0.018310546875,-0.079345703125,0.110107421875,0.030029296875,-0.177978515625,-0.177978515625,-0.05615234375,0.1259765625,0.022705078125,-0.107666015625,-0.02490234375,0.04296875,-0.029541015625,-0.004150390625,-0.037841796875,-0.037841796875,0.00634765625,0.030029296875,-0.03857421875,-0.034912109375,0.01953125,-0.030517578125,-0.03955078125,0.072998046875,-0.111328125,0.00634765625,0.095947265625,0.095947265625,-0.03759765625,-0.0810546875,0.038818359375,0.02880859375,-0.061767578125,0.001220703125,-0.006103515625,-0.05712890625,0.068359375,-0.1103515625,-0.11328125,0.0791015625,0.0791015625,0.048583984375,-0.09130859375,-0.009033203125,0.038330078125,-0.0439453125,-0.017578125,-0.010009765625,0.0107421875,0.106689453125,-0.031494140625,-0.156982421875,-0.156982421875,0.021240234375,0.093994140625,-0.0458984375,-0.066162109375,-0.013427734375,-0.028076171875,0.00439453125,-0.06884765625,-0.1201171875,0.082275390625,0.100830078125,0.100830078125,-0.12158203125,-0.1171875,0.07470703125,0.07958984375,-0.05615234375,-0.04736328125,-0.001708984375,0.037353515625,0.020263671875,-0.079345703125,-0.0341796875,0.087158203125,0.087158203125,0.019775390625,-0.1025390625,-0.01806640625,0.037841796875,-0.030029296875,-0.005126953125,0.036376953125,-0.05419921875,0.0234375,-0.002197265625,-0.07666015625,-0.07666015625,0.00537109375,0.0380859375,-0.041015625,-0.00390625,0.003662109375,-0.062255859375,-0.01123046875,-0.030029296875,-0.124755859375,0.02880859375,0.076416015625,0.076416015625,-0.06591796875,-0.05078125,0.04541015625,-0.024169921875,-0.089111328125,0.01025390625,0.0322265625,0.003662109375,0.03662109375,-0.057861328125,-0.040283203125,0.02587890625,-0.010498046875,-0.010498046875,-0.039794921875,0.0263671875,-0.001708984375,-0.072509765625,0.02294921875,0.034912109375,-0.069091796875,0.06103515625,-0.0166015625,-0.07861328125,0.03125,0.039306640625,-0.0693359375,-0.0693359375,-0.02294921875,0.0283203125,-0.020751953125,-0.0087890625,-0.001708984375,-0.051513671875,0.08349609375,-0.00439453125,-0.119873046875,0.008544921875,0.064208984375,-0.050048828125,-0.050048828125,-0.044677734375,0.032470703125,-0.0029296875,-0.044921875,0.00830078125,-0.032470703125,-0.07275390625,0.063232421875,-0.09521484375,-0.076171875,0.03466796875,-0.001220703125,-0.038330078125,-0.038330078125,0.028076171875,-0.02294921875,-0.096923828125,0.036376953125,0.07275390625,-0.06591796875,0.0615234375,0.020263671875,-0.087646484375,-0.004638671875,0.043701171875,-0.0146484375,-0.0146484375,0.00830078125,-0.007568359375,-0.072509765625,0.001708984375,0.068115234375,-0.056884765625,0.0791015625,0.081298828125,-0.12109375,-0.0751953125,0.081787109375,0.016357421875,-0.091064453125,-0.091064453125,-0.0087890625,0.04150390625,-0.03173828125,0.003662109375,0.002685546875,-0.06982421875,0.04736328125,-0.033203125,-0.050048828125,0.028564453125,-0.023193359375,-0.060546875,0.065673828125,0.065673828125,0.0322265625,-0.12548828125,-0.041748046875,0.07421875,-0.0078125,0.017822265625,-0.022216796875,-0.072509765625,0.0537109375,0.027099609375,-0.10400390625,-0.0009765625,0.10205078125,0.10205078125,-0.031005859375,-0.104736328125,0.00537109375,0.00341796875,0.06103515625,0.0048828125,-0.11474609375,0.01123046875,0.103759765625,-0.046875,-0.104248046875,-0.104248046875,0.04345703125,0.033203125,-0.077392578125,0.00341796875,-0.048828125,0.008056640625,0.0556640625,-0.05810546875,-0.07861328125,0.058837890625,0.018310546875,0.018310546875,-0.075439453125,0.03369140625,0.05615234375,-0.09033203125,0.066650390625,0.004150390625,-0.079345703125,0.024658203125,0.039306640625,-0.063720703125,-0.01513671875,-0.01513671875,0.006591796875,-0.063232421875,-0.011474609375,0.071044921875,-0.095703125,0.02880859375,0.01904296875,-0.077880859375,0.015625,0.06103515625,-0.072265625,-0.072265625,-0.07373046875,0.05810546875,0.0087890625,-0.09033203125,0.043701171875,-0.0712890625,-0.02197265625,0.03564453125,-0.0361328125,-0.028076171875,0.06494140625,-0.020751953125,-0.020751953125,-0.123046875,0.021484375,0.06640625,-0.03369140625,0.044189453125,-0.0107421875,-0.037841796875,0.02734375,-0.02734375,-0.069580078125,0.069091796875,0.069091796875,0.046875,-0.12646484375,-0.058349609375,0.022216796875,-0.10302734375,-0.0166015625,0.047119140625,-0.029541015625,-0.013916015625,-0.002197265625,-0.05126953125,-0.00048828125,-0.00048828125,0.055908203125,-0.032958984375,-0.09521484375,0.0595703125,-0.064697265625,-0.02734375,0.04248046875,-0.020751953125,-0.04443359375,0.002197265625,-0.0224609375,-0.0224609375,-0.05322265625,0.032958984375,0.021728515625,-0.037109375,0.037841796875,-0.02783203125,-0.040771484375,0.02099609375,0.00439453125,-0.0419921875,-0.00390625,-0.037841796875,-0.052001953125,-0.052001953125,0.078369140625,0.040771484375,-0.11865234375,0.10498046875,0.021240234375,-0.09619140625,0.004638671875,0.039306640625,-0.050048828125,-0.016357421875,0.0078125,-0.039794921875,-0.039794921875,0.00244140625,0.06103515625,-0.0419921875,0.04150390625,0.045166015625,-0.0693359375,0.006591796875,0.06103515625,-0.05810546875,-0.0712890625,0.07666015625,0.024658203125,-0.11962890625,-0.11962890625,0.001708984375,0.097900390625,-0.090087890625,0.02099609375,0.02587890625,-0.041015625,-0.01416015625,-0.00634765625,-0.035400390625,0.02197265625,-0.0322265625,-0.08984375,-0.08984375,0.044677734375,0.078369140625,-0.10791015625,0.073974609375,0.034423828125,-0.0869140625,0.00830078125,0.023193359375,-0.0634765625,0.008056640625,0.021728515625,-0.09619140625,-0.09619140625,-0.0341796875,0.146728515625,-0.20166015625,-0.031982421875,0.121337890625,-0.003662109375,-0.071044921875,-0.012939453125,-0.008544921875,-0.005615234375,0.041015625,-0.051513671875,-0.084228515625,-0.084228515625,0.090087890625,-0.137939453125,-0.089111328125,0.092041015625,0.05224609375,-0.059326171875,-0.01953125,-0.02294921875,-0.046630859375,0.067626953125,0.02783203125,-0.124755859375,-0.124755859375,-0.048095703125,0.11328125,-0.14501953125,-0.010498046875,0.06640625,-0.03857421875,-0.02392578125,0.03173828125,-0.025634765625,-0.05078125,0.022705078125,-0.001708984375,-0.078369140625,0.0078125,0.0078125,-0.039794921875,-0.018798828125,-0.00927734375,-0.0556640625,-0.00830078125,-0.00830078125,0.066162109375,-0.125244140625,0.03564453125,0.0654296875,0.01025390625,-0.03662109375,0.016357421875,0.020751953125,-0.0546875,-0.0244140625,0.023681640625,-0.013427734375,-0.041259765625,0.028076171875,-0.0732421875,-0.04736328125,0.0830078125,0.00732421875,-0.0615234375,0.0244140625,0.01025390625,0.01025390625,0.0185546875,-0.0048828125,-0.09619140625,0.007568359375,0.0810546875,-0.0458984375,-0.093017578125,0.0302734375,0.0078125,-0.06298828125,0.02587890625,0.02587890625,0.000244140625,0.005615234375,0.087890625,-0.044921875,-0.116455078125,0.025146484375,0.038330078125,-0.0751953125,-0.022216796875,0.0146484375,-0.0263671875,0.010498046875,0.025146484375,0.025146484375,-0.068115234375,0.06884765625,0.008544921875,-0.106201171875,0.02587890625,0.08935546875,-0.024658203125,-0.046875,-0.00244140625,-0.033935546875,-0.0048828125,0.0908203125,-0.018310546875,-0.127197265625,0.031494140625,0.082275390625,-0.061767578125,-0.069091796875,0.05126953125,0.01904296875,-0.083740234375,0.00634765625,0.033447265625,-0.0390625,0.002685546875,-0.0029296875,-0.06982421875,-0.022216796875,0.048828125,-0.046142578125,-0.09033203125,0.07958984375,0.060302734375,-0.15283203125,-0.089599609375,0.098388671875,0.03369140625,-0.11328125,-0.04248046875,0.0361328125,-0.03076171875,-0.002685546875,-0.0087890625,-0.072998046875,0.008544921875,0.06005859375,-0.038330078125,-0.064697265625,0.032958984375,-0.022216796875,-0.07763671875,0.06884765625,0.04833984375,-0.103759765625,-0.014404296875,0.0810546875,-0.0244140625,-0.0615234375,0.041015625,-0.003662109375,-0.07958984375,0.045166015625,0.0185546875,-0.0986328125,0.023681640625,0.1240234375,-0.04833984375,-0.15625,0.053466796875,0.122314453125,-0.053466796875,-0.059814453125,0.02001953125,-0.010498046875,-0.026611328125,0.001220703125,-0.031982421875,-0.04052734375,-0.03564453125,0.000244140625,-0.0947265625,0.003662109375,0.00537109375,-0.081298828125,-0.0048828125,0.060791015625,-0.059326171875,-0.10400390625,0.065673828125,0.0439453125,-0.098876953125,-0.018310546875,0.04345703125,-0.03955078125,-0.03271484375,0.02490234375,0.025390625,-0.03515625,-0.045166015625,0.01708984375,0.008056640625,-0.0537109375,-0.00341796875,-0.034912109375,-0.056640625,0.014892578125,0.00341796875,-0.041259765625,0.039306640625,-0.00830078125,-0.093505859375,0.0380859375,0.097412109375,-0.039306640625,-0.066162109375,0.035400390625,-0.013427734375,-0.066650390625,0.0634765625,0.037841796875,-0.11083984375,-0.015869140625,0.08642578125,-0.0380859375,-0.107177734375,0.0283203125,0.039794921875,-0.072509765625,-0.008544921875,0.012451171875,-0.054443359375,0.021728515625,0.055419921875,-0.084716796875,-0.106201171875,0.022705078125,0.022705078125,-0.096435546875,0.025390625,0.06689453125,-0.084228515625,-0.06591796875,0.06005859375,0.009521484375,-0.0888671875,0.040771484375,0.040771484375,-0.033203125,-0.0068359375,-0.031005859375,-0.059814453125,0.054443359375,0.0732421875,-0.08544921875,0.110107421875,0.110107421875,0.078125,-0.118896484375,-0.038818359375,0.07958984375,-0.004150390625,-0.055419921875,0.0087890625,-0.035888671875,-0.035888671875,0.01025390625,0.001953125,-0.072021484375,0.005615234375,0.0380859375,-0.052001953125,-0.044677734375,0.0205078125,0.0205078125,-0.08154296875,-0.015380859375,0.01123046875,-0.053955078125,0.01611328125,0.05029296875,-0.063232421875,0.04345703125,0.04345703125,0.034912109375,-0.0830078125,-0.020751953125,0.031982421875,-0.03369140625,-0.0146484375,-0.0146484375,-0.004150390625,-0.004150390625,0.08447265625,-0.01513671875,-0.116455078125,0.02783203125,0.066162109375,-0.0419921875,-0.003662109375,-0.0595703125,-0.0595703125,-0.028564453125,0.08837890625,0.00537109375,-0.11865234375,0.0341796875,0.1025390625,-0.07373046875,0.04541015625,0.04541015625,0.048583984375,-0.04541015625,-0.023681640625,0.001953125,-0.024169921875,0.0263671875,-0.03857421875,0.045654296875,0.045654296875,0.090087890625,-0.06884765625,-0.104736328125,0.050048828125,0.024169921875,-0.0791015625,0.00634765625,-0.072021484375,-0.072021484375,0.010498046875,0.05419921875,-0.07275390625,-0.07958984375,0.07958984375,0.030517578125,-0.11865234375,0.01513671875,0.01513671875,-0.042236328125,0.0322265625,0.05322265625,-0.07568359375,-0.08056640625,0.0849609375,0.021240234375,0.0283203125,0.0283203125,0.065673828125,-0.061767578125,-0.051513671875,0.023193359375,-0.0224609375,-0.041259765625,0.05322265625,-0.09423828125,0.028076171875,0.028076171875,0.04296875,-0.0634765625,-0.010986328125,0.06787109375,-0.04443359375,-0.106201171875,0.065673828125,-0.095458984375,-0.095458984375,-0.0283203125,0.059814453125,-0.01708984375,-0.048828125,0.01171875,-0.01953125,0.05908203125,0.005126953125,0.005126953125,-0.1171875,0.001708984375,0.0595703125,-0.062255859375,-0.066162109375,0.068115234375,-0.111083984375,-0.017578125,-0.017578125,0.0498046875,-0.046142578125,-0.03173828125,0.048583984375,0.003173828125,-0.068603515625,0.0107421875,-0.06884765625,-0.06884765625,0.0068359375,0.04541015625,-0.05517578125,-0.039794921875,0.0380859375,-0.000244140625,0.015625,-0.027099609375,-0.07275390625,-0.07275390625,0.05224609375,0.0205078125,-0.0927734375,0.01611328125,0.087646484375,-0.1181640625,0.047119140625,0.0439453125,0.0439453125,-0.085693359375,0.001953125,0.054931640625,-0.053466796875,-0.052490234375,-0.01806640625,-0.086181640625,0.021728515625,0.021728515625,0.051025390625,-0.060302734375,-0.023193359375,0.012939453125,-0.036865234375,0.014404296875,-0.032470703125,-0.032470703125,-0.032470703125,0.06591796875,-0.01123046875,-0.10791015625,0.04052734375,0.08740234375,-0.10546875,0.056640625,0.059326171875,0.059326171875,-0.0673828125,-0.025390625,0.02587890625,-0.014404296875,-0.000732421875,-0.072509765625,0.044921875,0.10205078125,-0.059814453125,-0.059814453125,-0.14990234375,0.0546875,0.091552734375,-0.089111328125,-0.062744140625,0.0087890625,-0.084228515625,-0.004638671875,-0.004638671875,0.0322265625,-0.04248046875,-0.005859375,0.005615234375,-0.052490234375,0.005615234375,-0.04638671875,-0.010498046875,-0.010498046875,0.065185546875,-0.0361328125,-0.12890625,0.041748046875,0.086181640625,-0.05322265625,0.011474609375,-0.017578125,-0.017578125,-0.013671875,0.03955078125,-0.064208984375,-0.107421875,0.1005859375,-0.14501953125,-0.103271484375,0.1201171875,0.1201171875,0.072021484375,-0.109375,-0.052978515625,0.046630859375,-0.00439453125,-0.037109375,-0.072509765625,0.034912109375,0.072265625,0.072265625,-0.0615234375,-0.091796875,0.06201171875,0.01318359375,0.030517578125,0.0634765625,-0.093017578125,-0.070068359375,-0.070068359375,0.075927734375,0.02392578125,-0.068359375,0.0048828125,-0.053466796875,0.026123046875,-0.00927734375,-0.098388671875,-0.098388671875,0.0224609375,0.119873046875,-0.047607421875,-0.16064453125,0.0927734375,-0.0390625,-0.034423828125,-0.015625,-0.015625,-0.035400390625,0.036376953125,0.045166015625,-0.10546875,0.130859375,0.073974609375,-0.170166015625,-0.066162109375,-0.066162109375,0.1201171875,0.041748046875,-0.087890625,-0.0439453125,-0.010009765625,0.02685546875,-0.049560546875,-0.0947265625,-0.0947265625,0.076416015625,0.099365234375,-0.10791015625,-0.12353515625,0.062744140625,-0.083740234375,-0.010986328125,0.0234375,0.0234375,-0.042724609375,0.014404296875,-0.00048828125,-0.10400390625,0.130859375,0.013916015625,-0.170654296875,-0.00439453125,-0.00439453125,0.093505859375,-0.0400390625,-0.0458984375,0.009521484375,-0.029296875,0.06396484375,-0.01904296875,-0.11181640625,-0.11181640625,0.061279296875,0.093017578125,-0.079833984375,-0.063232421875,0.001953125,-0.0126953125,0.0546875,-0.034423828125,-0.034423828125,-0.1240234375,0.0556640625,0.09716796875,-0.09619140625,0.0830078125,0.048583984375,-0.11083984375,-0.0341796875,0.056640625,0.056640625,-0.017333984375,-0.017333984375,-0.004150390625,0.0087890625,0.032470703125,-0.060302734375,-0.0712890625,0.080078125,0.080078125,0.030029296875,-0.12939453125,-0.0185546875,-0.031982421875,-0.052001953125,0.00439453125,-0.0244140625,-0.039306640625,-0.039306640625,0.05517578125,-0.015625,-0.121826171875,0.097900390625,-0.05615234375,-0.09228515625,0.015625,0.013427734375,0.013427734375,-0.0244140625,0.048828125,-0.0048828125,0.022216796875,0.07177734375,-0.0673828125,-0.07666015625,0.0576171875,0.0576171875,0.035888671875,-0.0859375,-0.009521484375,-0.049072265625,0.0107421875,0.043701171875,-0.0478515625,-0.0615234375,-0.0615234375,0.0302734375,0.00732421875,-0.04638671875,0.0068359375,-0.1298828125,-0.018798828125,0.10986328125,-0.021484375,-0.126708984375,-0.126708984375,0.02734375,0.08154296875,-0.081298828125,0.041015625,0.005126953125,-0.041259765625,-0.0205078125,-0.01611328125,-0.01611328125,-0.010009765625,0.020263671875,-0.079345703125,0.079833984375,0.056396484375,-0.1171875,-0.04150390625,0.101806640625,0.101806640625,-0.003173828125,-0.1044921875,0.036376953125,-0.052978515625,0.00341796875,-0.00390625,-0.0673828125,0.0283203125,0.0283203125,0.08154296875,-0.06884765625,0.065185546875,0.0732421875,-0.06640625,-0.006103515625,0.0234375,-0.04736328125,-0.04736328125,0.00244140625,0.035888671875,-0.056396484375,0.138427734375,0.058349609375,-0.175537109375,-0.056396484375,0.114990234375,0.114990234375,0.01416015625,-0.09521484375,0.02587890625,0.001708984375,0.012451171875,-0.072509765625,-0.09130859375,0.08447265625,0.08447265625,0.0654296875,-0.137939453125,0.111572265625,0.0673828125,-0.0986328125,-0.039306640625,0.01318359375,-0.03271484375,-0.03271484375,0.02490234375,0.009521484375,-0.03515625,0.10302734375,0.009033203125,-0.127685546875,-0.003662109375,0.03271484375,0.03271484375,-0.056884765625,0.016357421875,-0.054931640625,-0.070068359375,0.068359375,0.028564453125,-0.101318359375,0.0029296875,0.069580078125,0.069580078125,-0.037841796875,0.023193359375,-0.02587890625,-0.031982421875,0.052001953125,-0.01123046875,-0.110107421875,0.01904296875,0.01904296875,0.055419921875,-0.023681640625,0.05224609375,-0.027587890625,-0.08740234375,0.01611328125,0.010498046875,-0.054931640625,-0.054931640625,0.03955078125,-0.1005859375,-0.020263671875,0.0947265625,-0.01611328125,-0.129638671875,0.027099609375,0.0888671875,0.0888671875,-0.085693359375,0.031005859375,0.01318359375,-0.036376953125,-0.025634765625,-0.027099609375,-0.02490234375,0.0478515625,0.0478515625,-0.026123046875,0.056640625,0.085693359375,-0.085205078125,-0.075927734375,0.076904296875,0.040283203125,-0.071044921875,-0.071044921875,-0.004638671875,-0.048095703125,0.035888671875,0.026123046875,-0.095947265625,-0.03857421875,0.092041015625,0.00537109375,0.00537109375,-0.116455078125,0.0205078125,-0.0595703125,0.025146484375,0.05712890625,-0.073486328125,-0.09375,0.06787109375,0.06787109375,0.058837890625,-0.0302734375,0.064697265625,-0.033203125,-0.066162109375,0.01708984375,0.014892578125,-0.041748046875,-0.041748046875,-0.004150390625,-0.05078125,0.009521484375,-0.009521484375,-0.06884765625,0.03564453125,0.067138671875,-0.079833984375,-0.079833984375,-0.1103515625,0.06884765625,-0.07568359375,-0.028076171875,0.0205078125,-0.019775390625,0.024658203125,0.016845703125,-0.09716796875,-0.09716796875,0.119384765625,0.04248046875,-0.1748046875,-0.04443359375,0.1123046875,-0.000244140625,-0.083984375,-0.00732421875,-0.00732421875,-0.05029296875,-0.000244140625,0.086181640625,-0.0029296875,-0.1083984375,-0.01220703125,0.11328125,-0.0322265625,-0.0322265625,0.02392578125,0.100341796875,-0.05712890625,-0.085205078125,0.033203125,-0.0107421875,-0.10302734375,0.00634765625,0.00634765625,-0.0673828125,-0.10498046875,0.0615234375,0.05322265625,-0.103515625,-0.060302734375,0.097900390625,0.05859375,0.05859375,-0.05078125,0.068603515625,0.066162109375,-0.07958984375,-0.107666015625,0.052734375,0.041015625,-0.1123046875,-0.061767578125,0.043701171875,-0.0458984375,-0.055908203125,0.068359375,-0.02685546875,-0.11669921875,0.047119140625,0.099365234375,-0.105712890625,-0.046142578125,0.148681640625,-0.0166015625,-0.150146484375,0.0341796875,0.09423828125,-0.120361328125,-0.068115234375,0.1083984375,-0.07421875,-0.1484375,0.06298828125,0.028564453125,-0.1416015625,-0.01416015625,0.101318359375,-0.087158203125,-0.08935546875,0.112548828125,0.007568359375,-0.085205078125,0.0712890625,0.076171875,-0.06591796875,-0.006591796875,-0.006591796875,-0.05224609375,-0.019287109375,0.09765625,-0.059326171875,-0.087158203125,0.102294921875,0.0234375,-0.1689453125,-0.0068359375,0.160888671875,-0.061767578125,-0.1455078125,0.063720703125,0.053466796875,-0.02294921875,0.043212890625,-0.000732421875,-0.1044921875,0.016845703125,0.11083984375,-0.091796875,-0.08642578125,0.1142578125,0.000244140625,-0.143310546875,-0.022705078125,0.02001953125,-0.084716796875,-0.005859375,0.044677734375,-0.14111328125,-0.07373046875,0.130126953125,-0.06103515625,-0.2001953125,0.053955078125,0.14208984375,-0.10546875,-0.106201171875,0.107421875,0.009033203125,-0.0869140625,0.02783203125,-0.020751953125,-0.09814453125,0.036376953125,0.072509765625,-0.105224609375,-0.05029296875,0.10791015625,-0.05517578125,-0.120849609375,0.064453125,0.038330078125,-0.073974609375,0.047607421875,0.0947265625,-0.078125,-0.03173828125,0.109619140625,-0.046875,-0.06396484375,0.126953125,0.035400390625,-0.096923828125,0.046630859375,0.07958984375,-0.131591796875,-0.049560546875,0.1396484375,-0.05712890625,-0.147705078125,0.068359375,0.05712890625,-0.107421875,-0.003662109375,0.07275390625,-0.110107421875,-0.07275390625,0.126953125,-0.12939453125,-0.12939453125,0.045654296875,0.05029296875,-0.11474609375,-0.052001953125,0.06494140625,-0.0595703125,-0.04638671875,0.0732421875,-0.084716796875,-0.13037109375,0.067626953125,-0.139404296875,-0.139404296875,-0.00048828125,0.107421875,-0.1083984375,-0.10009765625,0.11767578125,0.00341796875,-0.127197265625,0.031494140625,0.071533203125,-0.05859375,0.001220703125,-0.0927734375,-0.0927734375,-0.0634765625,0.136962890625,-0.01171875,-0.16015625,0.02587890625,0.10546875,-0.076171875,-0.050537109375,0.089599609375,-0.052734375,0.08447265625,0.02783203125,0.02783203125,-0.10595703125,0.033447265625,0.120849609375,-0.086669921875,-0.12646484375,0.09814453125,0.040283203125,-0.08740234375,0.016357421875,0.0302734375,-0.020751953125,-0.020751953125,0.046142578125,-0.072998046875,-0.049072265625,0.09619140625,-0.044921875,-0.144775390625,0.04150390625,0.075439453125,-0.068359375,-0.031982421875,-0.052001953125,-0.008056640625,-0.008056640625,0.08447265625,-0.08740234375,-0.09033203125,0.137939453125,0.0380859375,-0.194580078125,-0.043212890625,0.154052734375,-0.041015625,-0.11474609375,0.06396484375,-0.095703125,0.020751953125,0.020751953125,0.01220703125,-0.09423828125,0.020751953125,0.10693359375,-0.0859375,-0.095458984375,0.093994140625,-0.003173828125,-0.093505859375,0.039306640625,0.03369140625,-0.081298828125,0.07763671875,-0.120849609375,-0.120849609375,-0.09130859375,0.147216796875,0.016357421875,-0.188720703125,-0.029296875,0.11865234375,-0.029052734375,-0.07080078125,0.050537109375,-0.025146484375,-0.072021484375,0.00341796875,-0.06005859375,0.057861328125,0.057861328125,0.0595703125,-0.102783203125,-0.04541015625,0.10400390625,-0.032958984375,-0.0693359375,0.089111328125,-0.000244140625,-0.114501953125,0.03515625,0.086669921875,-0.100830078125,0.098388671875,-0.038330078125,-0.07666015625,-0.07666015625,0.079833984375,-0.005615234375,-0.11083984375,0.05224609375,0.095703125,-0.130126953125,-0.084716796875,0.148681640625,-0.00244140625,-0.14892578125,0.02978515625,-0.109619140625,-0.06640625,0.06640625,0.06640625,-0.050537109375,-0.07861328125,0.07080078125,-0.019775390625,-0.102783203125,0.019287109375,0.009765625,-0.08544921875,0.021484375,-0.108154296875,-0.07568359375,0.123291015625,-0.018798828125,-0.018798828125,-0.1337890625,0.047607421875,0.062255859375,-0.083984375,-0.015869140625,0.069091796875,-0.084228515625,-0.035400390625,0.1396484375,-0.18017578125,0.074462890625,0.151123046875,-0.087158203125,-0.087158203125,-0.072265625,0.119140625,-0.002197265625,-0.093994140625,0.053955078125,0.028076171875,-0.052978515625,0.041748046875,0.036865234375,-0.097412109375,-0.0263671875,-0.07568359375,-0.09765625,-0.09765625,0.074951171875,-0.00537109375,-0.089599609375,0.027587890625,0.015869140625,-0.11572265625,0.09423828125,-0.102783203125,-0.102783203125,-0.061279296875,0.132080078125,-0.03466796875,-0.15234375,0.065185546875,0.101318359375,-0.085693359375,0.10595703125,-0.02978515625,-0.02978515625,-0.09033203125,0.064697265625,-0.01318359375,-0.137451171875,0.00048828125,0.08203125,-0.04150390625,-0.0380859375,0.107666015625,-0.100830078125,0.064453125,0.00830078125,-0.090576171875,0.055419921875,0.084228515625,-0.09912109375,-0.033935546875,-0.046630859375,0.102294921875,-0.062744140625,-0.099853515625,0.10107421875,0.02392578125,-0.1484375,-0.003662109375,0.133056640625,-0.068359375,-0.0986328125,-0.000732421875,-0.000732421875,-0.1044921875,0.0341796875,0.054443359375,-0.055908203125,0.020263671875,0.06298828125,-0.108642578125,-0.05810546875,0.12744140625,-0.031982421875,-0.13427734375,-0.02587890625,0.0693359375,-0.0625,-0.055419921875,0.06494140625,0.067138671875,0.062744140625,-0.044677734375,-0.0810546875,0.077880859375,0.016845703125,-0.16357421875,-0.000244140625,0.178955078125,-0.055908203125,-0.16845703125,0.049072265625,0.049072265625,0.06103515625,-0.04541015625,0.0009765625,-0.011474609375,-0.090576171875,0.078857421875,-0.11767578125,-0.077880859375,-0.077880859375,0.121337890625,-0.01611328125,-0.132080078125,0.027099609375,0.05029296875,-0.087158203125,0.117919921875,-0.107666015625,-0.119384765625,0.108154296875,0.033935546875,-0.10595703125,-0.10595703125,0.021240234375,0.06494140625,-0.096435546875,-0.043212890625,0.090087890625,-0.096923828125,0.09716796875,0.020263671875,-0.12841796875,0.009765625,0.009765625,0.110107421875,-0.0693359375,-0.072021484375,0.083740234375,-0.052978515625,0.0751953125,-0.005126953125,-0.10009765625,-0.10009765625,0.067626953125,0.10888671875,-0.139892578125,-0.106201171875,0.01513671875,-0.135986328125,0.030029296875,0.0703125,-0.10009765625,-0.10009765625,-0.068603515625,0.071533203125,-0.044921875,-0.071533203125,0.00341796875,-0.11474609375,0.00927734375,0.04541015625,0.04541015625,-0.072998046875,-0.00732421875,0.072021484375,-0.078125,0.111328125,-0.012451171875,-0.132080078125,0.0263671875,0.0263671875,0.041015625,-0.095947265625,-0.021484375,-0.084716796875,-0.042236328125,0.120361328125,-0.066162109375,-0.166259765625,-0.166259765625,0.06494140625,0.100830078125,-0.10546875,0.10888671875,-0.06298828125,-0.096435546875,0.084228515625,0.004150390625,-0.088134765625,-0.088134765625,0.052734375,0.046630859375,-0.10498046875,0.083984375,-0.086669921875,-0.063232421875,0.1103515625,-0.020263671875,-0.020263671875,-0.11767578125,0.053955078125,-0.098876953125,-0.01904296875,0.090087890625,-0.083984375,-0.064697265625,0.1162109375,0.1162109375,-0.0205078125,-0.133056640625,0.11181640625,-0.13671875,-0.105712890625,0.119140625,-0.000732421875,-0.085205078125,-0.085205078125,0.066162109375,0.013916015625,-0.016357421875,0.099365234375,-0.072509765625,-0.081787109375,0.1083984375,0.009521484375,0.009521484375,-0.12255859375,-0.00390625,0.038330078125,0.011962890625,0.0390625,-0.112548828125,-0.05078125,0.124267578125,0.124267578125,-0.048095703125,-0.1376953125,0.04443359375,-0.12841796875,-0.02197265625,0.092529296875,-0.083740234375,-0.053466796875,0.1181640625,0.1181640625,-0.06689453125,-0.166015625,0.094482421875,-0.105224609375,-0.018310546875,0.104248046875,-0.065673828125,-0.06640625,-0.06640625,0.08251953125,-0.05615234375,0.117431640625,0.07080078125,-0.15966796875,-0.038818359375,0.133544921875,-0.067626953125,-0.067626953125,-0.10205078125,0.09228515625,0.01806640625,0.050048828125,0.029541015625,-0.116943359375,0.01904296875,0.138671875,0.138671875,-0.0986328125,-0.1318359375,0.052001953125,-0.080322265625,0.0224609375,0.044677734375,-0.10693359375,-0.044189453125,0.0859375,-0.06201171875,-0.06982421875,0.098876953125,0.098876953125,-0.00634765625,-0.1416015625,0.078857421875,-0.08544921875,-0.03857421875,0.0888671875,-0.061767578125,-0.08251953125,-0.08251953125,0.076171875,-0.01806640625,0.03662109375,0.05712890625,-0.119140625,-0.015625,0.129150390625,-0.09423828125,-0.09423828125,-0.13671875,0.1181640625,-0.16845703125,-0.03369140625,0.144775390625,-0.040771484375,-0.0966796875,0.084228515625,0.084228515625,-0.00439453125,-0.12841796875,0.080322265625,-0.068603515625,-0.029052734375,0.102783203125,-0.03466796875,-0.09228515625,0.039306640625,-0.017578125,-0.052734375,0.08154296875,0.026611328125,0.026611328125,-0.134521484375,0.13427734375,-0.08642578125,-0.113525390625,0.10107421875,0.017333984375,-0.091064453125,0.039306640625,0.039306640625,0.03076171875,0.022705078125,0.118408203125,-0.1318359375,-0.1337890625,0.13427734375,0.0439453125,-0.11962890625,-0.11962890625,0.015380859375,0.044189453125,-0.036376953125,0.09619140625,-0.0732421875,-0.07373046875,0.114013671875,-0.008056640625,-0.008056640625,-0.142822265625,0.083251953125,-0.085205078125,-0.031005859375,0.096435546875,-0.055419921875,-0.07568359375,0.07470703125,0.07470703125,-0.0283203125,0.0498046875,0.05322265625,-0.113037109375,-0.01123046875,0.12939453125,-0.0908203125,-0.13720703125,0.107666015625,0.107666015625,0.063720703125,-0.0556640625,0.091796875,-0.02197265625,-0.03466796875,0.067626953125,-0.0576171875,-0.103759765625,-0.103759765625,0.064697265625,-0.097412109375,0.00927734375,0.095458984375,-0.07177734375,-0.080322265625,0.0625,-0.047607421875,-0.069580078125,-0.069580078125,0.020751953125,-0.149169921875,-0.00830078125,0.137451171875,-0.06396484375,-0.102783203125,0.071044921875,-0.008056640625,-0.008056640625,0.048583984375,0.00634765625,-0.10498046875,0.049072265625,0.1240234375,-0.12744140625,-0.124755859375,0.128173828125,0.128173828125,-0.10546875,0.026123046875,0.0400390625,-0.110107421875,-0.016357421875,0.114990234375,-0.08349609375,-0.10009765625,-0.10009765625,0.02392578125,-0.1318359375,-0.01708984375,0.043212890625,-0.063720703125,-0.0029296875,0.0556640625,-0.1064453125,-0.1064453125,0.111328125,-0.049560546875,-0.12890625,0.0810546875,0.07861328125,-0.11865234375,-0.03759765625,0.07861328125,0.07861328125,-0.0478515625,0.130859375,-0.04150390625,-0.166015625,0.04736328125,0.10009765625,-0.09716796875,-0.04052734375,0.08349609375,-0.06640625,-0.070556640625,0.072265625,-0.0302734375,-0.079833984375,0.103759765625,0.072021484375,-0.156494140625,-0.048583984375,0.141357421875,-0.03564453125,-0.1044921875,0.0546875,0.013671875,-0.06982421875,0.04150390625,0.044921875,-0.122314453125,-0.01806640625,0.143310546875,-0.066650390625,-0.162841796875,0.06884765625,0.0927734375,-0.10693359375,-0.0693359375,0.083984375,-0.0283203125,-0.08740234375,0.0546875,0.0009765625,-0.08447265625,0.028076171875,0.052978515625,-0.077392578125,-0.04833984375,0.055908203125,-0.0498046875,-0.05908203125,0.0654296875,-0.030029296875,-0.1005859375,0.04541015625,0.046875,-0.1064453125,-0.021728515625,0.0947265625,-0.059814453125,-0.06689453125,0.0751953125,-0.04833984375,-0.095458984375,0.095703125,0.05224609375,-0.148681640625,-0.03076171875,0.13427734375,-0.043701171875,-0.080322265625,0.080810546875,-0.02392578125,-0.12451171875,0.034423828125,0.060302734375,-0.08935546875,-0.001953125,0.095947265625,-0.091796875,-0.087158203125,0.108642578125,0.00634765625,-0.110595703125,0.035400390625,0.058837890625,-0.09228515625,-0.02197265625,0.0859375,-0.06640625,-0.05126953125,0.093017578125,-0.042236328125,-0.114501953125,0.0712890625,0.06982421875,-0.142578125,-0.04833984375,0.1474609375,-0.024169921875,-0.1484375,0.023193359375,0.05078125,-0.05419921875,0.004150390625,0.03271484375,-0.094970703125,-0.03955078125,0.110595703125,-0.0341796875,-0.11767578125,0.066650390625,0.086669921875,-0.09912109375,-0.089111328125,0.0595703125,0.000732421875,-0.033203125,0.043212890625,-0.05029296875,-0.105712890625,0.040283203125,0.060546875,-0.07275390625,-0.03515625,0.053466796875,-0.03857421875,-0.04052734375,0.05908203125,-0.056396484375,-0.097412109375,0.092529296875,0.08203125,-0.14111328125,-0.0947265625,0.10888671875,0.02294921875,-0.04736328125,0.0244140625,-0.05029296875,-0.071533203125,0.072021484375,0.024658203125,-0.123779296875,0.01904296875,0.127197265625,-0.084716796875,-0.110107421875,0.07470703125,-0.004638671875,-0.070068359375,0.06298828125,0.0068359375,-0.12646484375,0.043701171875,0.138916015625,-0.12939453125,-0.124755859375,0.151123046875,0.054931640625,-0.1572265625,-0.034912109375,0.076171875,-0.030029296875,-0.010498046875,0.05078125,-0.091552734375,-0.082275390625,0.1083984375,0.0068359375,-0.152099609375,0.0146484375,0.1298828125,-0.068603515625,-0.12109375,0.047119140625,0.012939453125,-0.048583984375,0.033935546875,-0.009033203125,-0.102294921875,0.0087890625,0.081787109375,-0.057373046875,0.057861328125,0.057861328125,-0.031494140625,-0.0546875,0.05908203125,-0.01806640625,-0.12255859375,0.045166015625,0.13232421875,-0.146240234375,-0.146240234375,0.093505859375,0.063232421875,-0.084228515625,-0.0185546875,0.024658203125,-0.04248046875,0.003662109375,-0.083740234375,-0.083740234375,-0.054931640625,0.09033203125,-0.021240234375,-0.099609375,0.048095703125,0.030517578125,-0.117919921875,0.128173828125,0.128173828125,-0.08349609375,-0.1396484375,0.087890625,0.056640625,-0.095458984375,-0.002197265625,0.056884765625,-0.034912109375,-0.034912109375,0.06640625,-0.05517578125,-0.056884765625,0.1005859375,-0.0048828125,-0.129150390625,0.015869140625,-0.08154296875,-0.039306640625,-0.039306640625,0.076904296875,-0.052001953125,-0.0654296875,0.08056640625,-0.02783203125,-0.116455078125,0.082275390625,-0.15576171875,-0.15576171875,-0.083984375,0.1435546875,0.0009765625,-0.1142578125,0.04541015625,0.031982421875,-0.0048828125,0.0751953125,0.0751953125,-0.066650390625,-0.05126953125,0.092041015625,-0.023681640625,-0.103271484375,0.033203125,-0.06982421875,0.015625,0.015625,0.03466796875,-0.083251953125,-0.0107421875,0.091552734375,-0.093017578125,-0.121826171875,0.06787109375,-0.14990234375,-0.14990234375,-0.06396484375,0.106201171875,-0.00732421875,-0.06396484375,0.034912109375,-0.03515625,0.056884765625,0.021484375,0.021484375,-0.100830078125,0.0068359375,0.093017578125,-0.06982421875,-0.090087890625,0.06298828125,-0.063720703125,0.043701171875,0.043701171875,0.00244140625,-0.081298828125,0.03369140625,0.065185546875,-0.125244140625,-0.05224609375,0.15478515625,-0.00927734375,-0.156982421875,0.08154296875,-0.060791015625,-0.0068359375,0.06591796875,0.06591796875,-0.093994140625,-0.08056640625,0.11962890625,0.005126953125,-0.1337890625,0.040771484375,0.0947265625,-0.09912109375,-0.0791015625,0.06201171875,-0.033203125,0.064697265625,-0.0654296875,-0.1044921875,0.0888671875,0.0888671875,0.0576171875,-0.127685546875,-0.00927734375,0.114990234375,-0.07666015625,-0.1015625,0.0908203125,0.0068359375,-0.101806640625,0.0361328125,0.04541015625,-0.010498046875,0.078857421875,-0.110107421875,-0.0986328125,0.13232421875,0.13232421875,0.0439453125,-0.1640625,-0.046875,0.099365234375,-0.02099609375,-0.056396484375,0.04443359375,-0.0283203125,-0.0693359375,0.0400390625,-0.073486328125,0.03564453125,0.05810546875,-0.100341796875,-0.064208984375,-0.064208984375,0.083251953125,-0.0205078125,-0.069580078125,0.061279296875,0.01513671875,-0.106201171875,0.002197265625,0.08935546875,-0.05419921875,-0.049560546875,-0.0380859375,-0.075927734375,0.06396484375,0.00341796875,-0.1220703125,-0.1220703125,0.025634765625,0.10888671875,-0.115234375,-0.123046875,0.118408203125,0.04296875,-0.122314453125,-0.00341796875,0.067626953125,-0.072265625,0.069580078125,-0.03271484375,-0.077880859375,0.061767578125,0.009033203125,0.009033203125,-0.10107421875,0.00341796875,0.044677734375,-0.063720703125,-0.001708984375,0.078125,-0.07763671875,-0.082275390625,0.093994140625,-0.004638671875,0.033935546875,0.0732421875,-0.07373046875,-0.022216796875,0.05908203125,-0.086669921875,-0.047119140625,0.125732421875,-0.030029296875,-0.1630859375,0.040771484375,0.10693359375,0.10693359375,-0.0830078125,-0.044189453125,0.080322265625,-0.05859375,-0.0810546875,0.0810546875,-0.002197265625,-0.102294921875,0.051513671875,0.05615234375,-0.122802734375,-0.04052734375,0.094970703125,-0.059814453125,-0.078369140625,0.08349609375,-0.014892578125,-0.126708984375,0.03369140625,0.06591796875,-0.10546875,-0.03125,-0.073974609375,-0.07177734375,0.111328125,-0.00634765625,-0.145751953125,0.0478515625,0.11767578125,-0.1103515625,-0.112548828125,0.11083984375,0.028564453125,-0.114990234375,0.015380859375,0.015380859375,0.063720703125,-0.076904296875,-0.052978515625,0.074951171875,-0.022705078125,-0.07275390625,0.066650390625,0.0205078125,-0.103759765625,-0.011474609375,0.05224609375,-0.034423828125,-0.016845703125,0.0478515625,-0.045654296875,-0.08203125,0.063232421875,0.03125,-0.0478515625,0.020263671875,-0.0224609375,-0.100341796875,0.0712890625,0.01416015625,-0.036865234375,0.021728515625,-0.058837890625,-0.087646484375,0.060546875,0.0302734375,-0.130615234375,-0.013671875,0.115478515625,-0.067138671875,-0.113525390625,0.06494140625,0.01416015625,-0.057373046875,0.04541015625,-0.004638671875,-0.120361328125,0.030029296875,0.113525390625,0.113525390625,-0.11669921875,-0.095703125,0.14892578125,0.030517578125,-0.1669921875,-0.010498046875,0.10546875,-0.05419921875,-0.056884765625,0.0908203125,-0.010986328125,-0.103515625,0.044189453125,-0.074951171875,-0.001953125,0.07861328125,-0.04443359375,-0.068359375,0.043212890625,0.043212890625,-0.020263671875,-0.0478515625,0.05615234375,-0.001220703125,0.00146484375,0.066162109375,-0.06103515625,-0.04443359375,0.044921875,-0.052978515625,-0.056884765625,0.058837890625,0.058837890625,-0.034423828125,-0.114501953125,0.0673828125,0.11474609375,-0.127197265625,0.118408203125,0.04736328125,-0.1201171875,0.00244140625,0.070556640625,-0.0732421875,-0.0732421875,-0.057373046875,0.072265625,-0.032958984375,-0.090087890625,0.0244140625,-0.106689453125,-0.01318359375,0.05712890625,-0.04833984375,-0.030517578125,0.0556640625,-0.04248046875,-0.04248046875,-0.05517578125,0.090087890625,0.014404296875,-0.094970703125,0.056640625,-0.059814453125,-0.01318359375,0.055908203125,-0.080322265625,-0.05908203125,0.125732421875,-0.00390625,-0.00390625,-0.181884765625,0.00341796875,0.124755859375,-0.0888671875,0.0947265625,-0.006591796875,-0.125,0.037353515625,0.0400390625,-0.105712890625,0.001708984375,0.001708984375,-0.06884765625,-0.0986328125,-0.0986328125,0.061279296875,-0.004150390625,-0.08251953125,0.0390625,-0.109375,-0.00439453125,0.0791015625,-0.06005859375,-0.06005859375,0.05224609375,-0.0439453125,-0.058837890625,-0.058837890625,0.0947265625,0.015869140625,-0.0009765625,0.119384765625,-0.133056640625,-0.10888671875,-0.10888671875,0.14208984375,0.03857421875,-0.115234375,0.033935546875,-0.0830078125,-0.025390625,0.07421875,-0.0654296875,-0.073974609375,0.094970703125,0.007080078125,-0.11572265625,0.009765625,0.031494140625,-0.08203125,-0.023193359375,0.044677734375,-0.0625,-0.0390625,-0.0625,0.091796875,-0.131591796875,0.078857421875,0.0927734375,0.0927734375,-0.140869140625,-0.11328125,0.100341796875,0.02294921875,-0.0751953125,0.02734375,-0.097900390625,0.01025390625,0.04248046875,-0.080078125,-0.017578125,0.090576171875,-0.0556640625,-0.101806640625,0.075927734375,0.027587890625,-0.082763671875,0.031005859375,0.05517578125,0.020751953125,-0.095703125,-0.028076171875,0.0526123046875,-0.070068359375,0.121826171875,-0.011474609375,-0.15283203125,0.03759765625,0.106689453125,-0.074951171875,-0.041015625,0.07763671875,-0.064453125,-0.091552734375,0.084716796875,0.0068359375,0.0068359375,-0.103515625,0.066162109375,-0.113525390625,-0.038818359375,0.10546875,-0.06005859375,-0.09619140625,0.092529296875,0.021484375,0.021484375,-0.125244140625,0.00244140625,-0.088623046875,-0.039306640625,0.064208984375,-0.072509765625,-0.08447265625,0.075439453125,-0.03271484375,-0.1513671875,0.047119140625,0.111328125,-0.119873046875,-0.11376953125,-0.11376953125,0.090087890625,-0.06884765625,0.050537109375,0.009521484375,-0.11279296875,0.00439453125,0.0888671875,-0.060546875,-0.060546875,-0.0458984375,-0.021728515625,-0.09619140625,0.04150390625,0.0185546875,-0.0810546875,0.045654296875,0.0869140625,0.0869140625,-0.105712890625,0.11376953125,-0.009765625,-0.09912109375,0.05029296875,0.018310546875,-0.089111328125,0.05126953125,0.05126953125,0.101806640625,-0.09912109375,0.145263671875,0.028076171875,-0.17529296875,-0.032958984375,0.082763671875,-0.0322265625,-0.0322265625,-0.036376953125,-0.087890625,-0.072021484375,0.089599609375,-0.0146484375,-0.13427734375,0.043212890625,0.094970703125,-0.089599609375,-0.089599609375,0.067138671875,-0.030517578125,-0.05322265625,0.08740234375,-0.0126953125,-0.125244140625,0.046630859375,0.093994140625,0.093994140625,-0.053955078125,0.099609375,-0.02880859375,-0.083740234375,0.0634765625,-0.019775390625,-0.1064453125,0.08203125,0.08203125,-0.155517578125,-0.091796875,0.153076171875,0.02880859375,-0.12255859375,0.03173828125,0.04296875,-0.08447265625,-0.00439453125,0.063232421875,-0.060302734375,-0.036376953125,0.0849609375,-0.055419921875,-0.135986328125,0.049560546875,0.0498046875,-0.091796875,-0.01513671875,0.056396484375,-0.06787109375,-0.056396484375,0.08203125,-0.034423828125,-0.115966796875
Prusa_B,-0.03125,-0.059814453125,-0.06787109375,-0.06396484375,-0.06396484375,-0.02783203125,0.078857421875,0.067138671875,0.041015625,-0.005126953125,-0.05322265625,-0.0673828125,-0.065673828125,-0.044921875,-0.00439453125,0.008056640625,0.008056640625,-0.021728515625,-0.014404296875,0.0087890625,0.046142578125,0.05517578125,0.02685546875,0.031982421875,0.058837890625,0.006103515625,-0.05029296875,-0.020751953125,-0.020751953125,-0.068603515625,-0.02685546875,0.013427734375,-0.044677734375,-0.005615234375,0.049072265625,-0.01171875,0.009521484375,0.04248046875,0.001220703125,0.013916015625,-0.00146484375,-0.00146484375,-0.054931640625,-0.023193359375,-0.05224609375,-0.039794921875,-0.01611328125,-0.021240234375,0.022216796875,-0.000244140625,-0.052001953125,-0.052001953125,-0.017822265625,-0.030517578125,-0.023681640625,-0.005126953125,0.000732421875,-0.0048828125,-0.051513671875,-0.072509765625,-0.072509765625,-0.01220703125,-0.00341796875,0.0234375,0.03076171875,-0.01123046875,-0.024658203125,-0.04296875,-0.062744140625,-0.00048828125,0.031005859375,0.014404296875,-0.0009765625,-0.030029296875,-0.049072265625,-0.069091796875,-0.072021484375,-0.0478515625,-0.0478515625,0.078125,0.079345703125,0.047607421875,0.006591796875,-0.038330078125,-0.069091796875,-0.07421875,-0.059814453125,-0.022705078125,0.00439453125,-0.003173828125,-0.026123046875,-0.026123046875,-0.016357421875,0.02783203125,0.0703125,0.06640625,0.0380859375,0.048095703125,0.043212890625,-0.022705078125,-0.05029296875,-0.05029296875,-0.0501708984375,-0.053466796875,-0.0517578125,-0.001220703125,-0.016845703125,0.035888671875,0.016845703125,-0.0068359375,0.0419921875,0.026611328125,0.0107421875,0.01220703125,-0.038818359375,-0.06640625,-0.046142578125,-0.057373046875,-0.060546875,-0.0263671875,-0.020263671875,0.00927734375,0.022216796875,-0.0126953125,-0.008544921875,0.0,-0.033447265625,-0.05859375,-0.05712890625,-0.033447265625,0.001953125,-0.000244140625,-0.050048828125,-0.05078125,-0.013671875,-0.008056640625,0.03173828125,0.02734375,-0.022216796875,-0.02783203125,-0.014892578125,-0.0205078125,-0.03369140625,0.005859375,0.0048828125,-0.03125,0.000244140625,0.0068359375,-0.028076171875,0.00048828125,0.02978515625,0.001708984375,0.024658203125,0.033935546875,-0.01318359375,0.000732421875,0.0029296875,-0.033935546875,-0.005615234375,0.027587890625,0.015869140625,0.0009765625,-0.035400390625,-0.054931640625,-0.003173828125,0.02685546875,0.0029296875,-0.027587890625,-0.04052734375,-0.022216796875,0.017578125,0.028076171875,-0.00537109375,-0.023681640625,-0.023681640625,-0.027587890625,-0.01513671875,-0.024658203125,-0.033203125,-0.025146484375,-0.029541015625,-0.026611328125,0.00146484375,0.007568359375,-0.002197265625,-0.01708984375,-0.046630859375,-0.041748046875,0.006103515625,0.0341796875,0.005126953125,-0.057373046875,-0.06689453125,-0.03173828125,-0.018798828125,-0.0380859375,-0.0224609375,0.03662109375,0.060302734375,0.015869140625,-0.016845703125,0.005859375,0.00341796875,-0.048828125,-0.07080078125,-0.0205078125,0.012939453125,-0.0078125,-0.0283203125,-0.002197265625,0.021240234375,-0.001953125,0.0078125,0.043212890625,0.02734375,-0.005615234375,-0.0302734375,-0.03271484375,-0.000732421875,-0.02294921875,-0.0693359375,-0.037841796875,0.000244140625,-0.015869140625,-0.012451171875,0.00244140625,0.00341796875,0.0146484375,-0.00732421875,-0.02880859375,-0.025634765625,-0.02392578125,-0.0166015625,-0.009033203125,-0.021484375,-0.02978515625,0.010009765625,0.026611328125,-0.00439453125,-0.028564453125,-0.024658203125,0.00439453125,-0.004638671875,-0.03466796875,-0.02587890625,-0.001708984375,-0.01416015625,-0.0439453125,-0.01513671875,-0.055419921875,0.021240234375,0.0078125,-0.02197265625,-0.029541015625,-0.03564453125,-0.016357421875,0.000244140625,-0.022705078125,-0.02685546875,0.015380859375,0.02490234375,-0.012451171875,-0.022705078125,-0.01025390625,0.0068359375,-0.00390625,-0.02587890625,-0.00341796875,0.01220703125,-0.027587890625,-0.035888671875,0.005859375,0.01220703125,0.002685546875,0.014892578125,0.013671875,0.002685546875,-0.01904296875,-0.04248046875,-0.014892578125,0.000732421875,-0.025146484375,-0.0322265625,-0.009765625,-0.016845703125,-0.0263671875,-0.013671875,-0.00732421875,-0.014404296875,-0.02685546875,-0.01220703125,-0.005859375,-0.015625,-0.022705078125,-0.015380859375,-0.01416015625,-0.01123046875,0.0048828125,-0.006591796875,-0.0322265625,-0.001953125,0.0078125,-0.02099609375,-0.02099609375,-0.018798828125,-0.013916015625,-0.015380859375,-0.017822265625,-0.024658203125,-0.022216796875,0.023193359375,0.028076171875,-0.011474609375,-0.028564453125,-0.028564453125,-0.03369140625,-0.014892578125,0.0126953125,-0.0146484375,-0.026611328125,-0.00732421875,-0.00537109375,-0.010009765625,-0.027099609375,-0.0283203125,0.00390625,-0.01220703125,-0.01220703125,0.00341796875,0.0234375,0.005126953125,-0.036376953125,-0.029541015625,0.012939453125,0.029296875,-0.00927734375,-0.05078125,-0.040771484375,-0.0068359375,-0.003662109375,-0.01611328125,-0.015625,-0.006103515625,0.011962890625,0.011962890625,-0.0009765625,-0.026123046875,-0.0263671875,-0.012451171875,-0.010009765625,-0.02392578125,-0.017333984375,-0.00537109375,-0.040283203125,-0.040283203125,-0.017333984375,0.03857421875,0.02734375,-0.020263671875,-0.030029296875,-0.0146484375,-0.015869140625,-0.02978515625,-0.0126953125,-0.0126953125,0.009033203125,0.0029296875,0.009765625,0.0078125,-0.0322265625,-0.042236328125,-0.022705078125,-0.00390625,-0.00390625,-0.0166015625,-0.022216796875,-0.011962890625,-0.015625,-0.020263671875,-0.00146484375,0.012451171875,-0.033447265625,-0.001953125,-0.001953125,0.00146484375,-0.011962890625,-0.013427734375,-0.0078125,-0.012451171875,-0.0146484375,0.020751953125,0.012939453125,0.012939453125,-0.007568359375,-0.004150390625,0.00244140625,-0.029052734375,-0.0341796875,-0.003662109375,-0.004150390625,-0.026123046875,-0.001953125,0.015869140625,0.0,0.01611328125,-0.023193359375,-0.0322265625,-0.00830078125,-0.00830078125,-0.01611328125,-0.00830078125,-0.02490234375,-0.047607421875,-0.021484375,-0.003173828125,-0.011474609375,-0.0107421875,0.047607421875,0.0341796875,-0.02294921875,-0.065185546875,-0.037109375,-0.01513671875,-0.01513671875,-0.02685546875,-0.01318359375,0.01513671875,0.00927734375,-0.014404296875,-0.03564453125,-0.0205078125,0.019287109375,0.021728515625,-0.00439453125,-0.020751953125,-0.03076171875,-0.04638671875,-0.034912109375,-0.011962890625,-0.03759765625,-0.0390625,0.022216796875,0.048095703125,-0.00048828125,-0.035400390625,-0.0166015625,0.0078125,0.0048828125,-0.018798828125,-0.019287109375,-0.00732421875,-0.03076171875,-0.027099609375,0.028564453125,0.050048828125,0.005615234375,-0.017822265625,-0.017578125,-0.021728515625,-0.0234375,-0.012451171875,-0.0224609375,-0.023193359375,-0.0029296875,0.004150390625,-0.01123046875,-0.03662109375,-0.01953125,-0.01953125,0.01806640625,0.001708984375,-0.0302734375,-0.023681640625,-0.005126953125,-0.017333984375,-0.029052734375,-0.003662109375,0.009521484375,-0.017822265625,-0.0146484375,0.017822265625,-0.008056640625,-0.0205078125,-0.029296875,-0.029296875,-0.04541015625,-0.048095703125,-0.01953125,0.021728515625,0.025146484375,-0.002685546875,0.006103515625,-0.020263671875,-0.061279296875,-0.0390625,-0.0390625,0.00634765625,-0.002685546875,-0.017333984375,-0.008056640625,-0.009033203125,-0.035400390625,-0.010986328125,0.0048828125,0.0048828125,0.006591796875,0.005615234375,0.00537109375,0.00244140625,-0.008544921875,0.01513671875,-0.025146484375,-0.049560546875,-0.027587890625,-0.027587890625,-0.0029296875,-0.0029296875,0.00341796875,0.009033203125,-0.0205078125,-0.042724609375,-0.029541015625,-0.007080078125,-0.007080078125,-0.012451171875,-0.017333984375,0.01708984375,0.00927734375,-0.03662109375,-0.02294921875,-0.00439453125,0.000244140625,-0.00732421875,-0.00732421875,-0.022705078125,-0.013916015625,-0.010498046875,-0.016357421875,0.00048828125,-0.015625,-0.017822265625,-0.0126953125,0.00048828125,-0.0146484375,-0.027099609375,0.006591796875,0.007080078125,-0.02392578125,-0.03955078125,-0.010986328125,0.0146484375,0.001220703125,-0.01025390625,-0.013916015625,-0.037109375,-0.047119140625,-0.037841796875,-0.020263671875,-0.018310546875,-0.00732421875,0.02490234375,0.02490234375,0.0478515625,-0.002197265625,-0.042236328125,-0.01416015625,-0.0185546875,-0.048095703125,-0.032958984375,0.019775390625,-0.005859375,-0.010009765625,0.01953125,0.01611328125,-0.024169921875,0.02978515625,0.031005859375,0.00244140625,-0.03466796875,-0.0205078125,-0.02734375,-0.022705078125,-0.033447265625,-0.03466796875,0.005126953125,0.049072265625,-0.052490234375,-0.0419921875,-0.010498046875,-0.033203125,-0.033203125,-0.043701171875,-0.001953125,0.020263671875,-0.010009765625,-0.02978515625,-0.007568359375,-0.030517578125,-0.02099609375,0.03466796875,0.022705078125,-0.02197265625,-0.04150390625,-0.04150390625,-0.01904296875,-0.033203125,-0.058837890625,-0.00927734375,0.037109375,0.015380859375,0.010009765625,0.027587890625,-0.01416015625,-0.050048828125,-0.036376953125,-0.012939453125,-0.032470703125,-0.0546875,-0.0546875,-0.038818359375,0.013916015625,0.038818359375,0.00634765625,0.0078125,-0.030029296875,-0.05126953125,-0.01123046875,0.0224609375,-0.0205078125,-0.0205078125,-0.05029296875,-0.00732421875,0.0107421875,-0.044921875,0.0302734375,0.07568359375,0.036865234375,-0.01220703125,-0.01220703125,-0.02099609375,-0.018310546875,-0.047607421875,-0.03271484375,-0.021484375,-0.010498046875,0.0166015625,0.038330078125,-0.00390625,-0.00390625,-0.055908203125,-0.0361328125,-0.01123046875,-0.03515625,-0.007080078125,0.003173828125,-0.0458984375,-0.066650390625,-0.066650390625,-0.00341796875,0.044677734375,-0.015625,0.0185546875,0.03515625,-0.009521484375,-0.05126953125,-0.041748046875,-0.041748046875,-0.0341796875,-0.05078125,0.044677734375,0.057373046875,0.006103515625,-0.023193359375,-0.010009765625,-0.033203125,-0.047119140625,-0.008056640625,-0.008056640625,0.016357421875,-0.033203125,-0.025146484375,0.02099609375,-0.021240234375,-0.06298828125,0.00390625,0.081298828125,0.081298828125,0.0234375,-0.053466796875,-0.00244140625,-0.048583984375,-0.052734375,0.00927734375,0.02734375,-0.0029296875,-0.0029296875,0.01513671875,0.02880859375,-0.03271484375,-0.07763671875,0.0576171875,0.03515625,-0.049072265625,-0.025634765625,0.0361328125,-0.034423828125,-0.115966796875,-0.03515625,0.061767578125,0.033447265625,-0.03466796875,-0.005859375,0.0205078125,-0.052978515625,-0.08642578125,0.041748046875,0.003173828125,0.052490234375,-0.02978515625,-0.062255859375,0.0205078125,0.03955078125,-0.048583984375,-0.04638671875,0.0341796875,-0.05908203125,-0.0341796875,0.058349609375,0.026123046875,-0.06591796875,0.003173828125,0.03759765625,-0.042724609375,-0.060302734375,-0.109375,-0.048583984375,0.068115234375,-0.0625,0.010009765625,0.079345703125,-0.041015625,-0.116943359375,-0.00537109375,0.038330078125,-0.0546875,-0.05859375,-0.05859375,0.048583984375,0.0244140625,-0.034912109375,0.1025390625,0.032958984375,-0.1064453125,-0.05517578125,0.0478515625,-0.002685546875,-0.080322265625,-0.080322265625,-0.031982421875,0.055419921875,-0.019287109375,0.005859375,-0.006103515625,-0.073486328125,-0.072021484375,-0.001708984375,0.040283203125,0.0234375,0.007568359375,-0.000732421875,-0.04052734375,-0.080078125,-0.05322265625,0.0244140625,0.02197265625,0.02197265625,-0.04296875,-0.0166015625,0.038818359375,-0.0458984375,-0.03271484375,0.03466796875,0.0302734375,-0.0302734375,-0.0458984375,-0.015869140625,-0.00390625,-0.042724609375,-0.044921875,0.021728515625,0.052978515625,0.010986328125,0.010986328125,-0.0244140625,-0.007080078125,-0.06787109375,-0.060791015625,-0.010009765625,-0.018310546875,-0.03759765625,0.00927734375,0.052490234375,0.052490234375,-0.08203125,-0.037353515625,0.060546875,0.0126953125,-0.08740234375,-0.02734375,0.044677734375,-0.048095703125,-0.048095703125,0.01611328125,0.0869140625,0.0,-0.0419921875,0.0263671875,0.061767578125,0.004638671875,-0.047119140625,-0.047119140625,-0.00439453125,-0.0771484375,-0.078857421875,0.01220703125,0.034423828125,-0.04931640625,-0.012939453125,0.086181640625,0.086181640625,-0.07275390625,-0.0439453125,0.014892578125,-0.03466796875,-0.083984375,-0.010009765625,0.035888671875,-0.020751953125,-0.0576171875,0.00390625,0.054443359375,0.00537109375,-0.0439453125,-0.014892578125,0.002685546875,-0.06787109375,-0.0771484375,0.016845703125,0.03857421875,-0.029296875,-0.019287109375,0.060791015625,0.037109375,-0.04248046875,-0.0322265625,0.02099609375,-0.00244140625,-0.070556640625,-0.057861328125,-0.0009765625,-0.031005859375,-0.071044921875,-0.01171875,0.0634765625,0.03125,-0.034423828125,0.010498046875,0.052490234375,-0.0419921875,-0.094970703125,-0.020263671875,0.005126953125,-0.059814453125,-0.04150390625,0.057373046875,0.0625,-0.01953125,-0.0224609375,0.040771484375,0.046630859375,-0.07080078125,-0.076416015625,-0.001708984375,-0.001708984375,-0.060546875,-0.010009765625,0.083251953125,0.01953125,-0.072998046875,-0.01318359375,0.040283203125,-0.019775390625,-0.084228515625,-0.035888671875,0.021240234375,-0.06689453125,-0.08154296875,0.0546875,0.088623046875,-0.049072265625,-0.077392578125,0.0478515625,0.05908203125,-0.05224609375,-0.066650390625,0.0166015625,-0.0087890625,-0.090087890625,-0.090087890625,0.0869140625,0.032958984375,-0.082763671875,-0.01171875,0.08203125,0.020751953125,-0.080810546875,-0.048095703125,0.017822265625,-0.044189453125,-0.086181640625,0.019775390625,0.07275390625,-0.041015625,-0.07958984375,0.040283203125,0.078125,-0.048583984375,-0.119384765625,0.000244140625,0.0517578125,-0.080078125,-0.067138671875,0.078857421875,0.0634765625,-0.0947265625,-0.053466796875,0.105712890625,0.021240234375,-0.114990234375,-0.03271484375,0.087158203125,-0.0224609375,-0.129638671875,0.016357421875,0.10400390625,-0.02685546875,-0.101806640625,0.029052734375,0.0986328125,-0.025390625,-0.08447265625,0.0009765625,0.0302734375,-0.08935546875,-0.11181640625,0.039794921875,0.06982421875,-0.0400390625,-0.04296875,0.06005859375,0.05029296875,-0.076904296875,-0.038818359375,0.056884765625,-0.037109375,-0.12451171875,-0.005126953125,0.077392578125,-0.036376953125,-0.081298828125,0.0380859375,0.092529296875,-0.01123046875,-0.078369140625,-0.00439453125,0.032470703125,-0.054443359375,-0.09765625,0.001953125,0.060302734375,-0.054931640625,-0.07177734375,0.058349609375,0.056640625,-0.05859375,-0.042236328125,0.055419921875,0.019775390625,-0.09814453125,-0.079345703125,0.020263671875,0.000732421875,-0.0654296875,0.00244140625,0.107421875,0.0390625,-0.07861328125,-0.01953125,0.07763671875,-0.003662109375,-0.100341796875,-0.045166015625,0.0283203125,0.000244140625,-0.072021484375,-0.031005859375,0.07421875,0.010498046875,-0.06787109375,0.02734375,0.07763671875,-0.04345703125,-0.1181640625,-0.001708984375,0.0615234375,-0.105712890625,-0.126708984375,0.06201171875,0.091552734375,-0.05712890625,-0.056640625,0.08251953125,0.052490234375,-0.082763671875,-0.07470703125,0.018798828125,-0.011474609375,-0.1103515625,-0.0517578125,0.1015625,0.045654296875,-0.085205078125,0.002685546875,0.107666015625,0.023681640625,-0.08251953125,-0.050537109375,0.02880859375,-0.038818359375,-0.10107421875,0.01318359375,0.049072265625,-0.068115234375,-0.05712890625,0.075927734375,0.0615234375,-0.0458984375,-0.02001953125,-0.012939453125,-0.012939453125,-0.05712890625,-0.03076171875,-0.012939453125,-0.044677734375,-0.045654296875,0.009033203125,0.0576171875,-0.0390625,-0.0390625,0.015869140625,0.062744140625,-0.023681640625,-0.084228515625,-0.016357421875,-0.005859375,-0.05712890625,0.006103515625,0.006103515625,-0.006103515625,0.004638671875,0.01708984375,-0.005126953125,-0.031494140625,-0.041015625,-0.031982421875,-0.053466796875,-0.053466796875,-0.06396484375,0.020751953125,0.04052734375,-0.015625,-0.0146484375,0.017822265625,0.024169921875,-0.052490234375,-0.052490234375,-0.043701171875,-0.00146484375,0.005859375,-0.035400390625,-0.0390625,0.054443359375,0.084228515625,-0.03564453125,-0.03564453125,0.034423828125,0.021728515625,-0.039306640625,-0.0634765625,-0.061279296875,-0.045654296875,-0.01220703125,0.010498046875,0.010498046875,0.004150390625,0.008544921875,0.021484375,0.013916015625,-0.03125,-0.054931640625,-0.008056640625,-0.07958984375,-0.07958984375,-0.109375,-0.000244140625,0.091552734375,0.0341796875,-0.049560546875,0.001953125,0.081787109375,-0.09033203125,-0.0625,-0.0625,-0.0263671875,-0.065673828125,-0.02001953125,0.087646484375,0.018310546875,-0.06787109375,0.0537109375,-0.03173828125,-0.03173828125,-0.06689453125,-0.02001953125,-0.0078125,-0.04443359375,-0.08642578125,0.095458984375,0.02587890625,0.02587890625,-0.050537109375,0.00537109375,0.0361328125,0.0009765625,-0.022705078125,-0.024658203125,-0.052734375,0.003662109375,0.003662109375,0.041259765625,0.000244140625,-0.043701171875,0.030517578125,0.08203125,0.00048828125,-0.001953125,0.029052734375,0.029052734375,-0.05419921875,-0.119384765625,-0.037841796875,0.055419921875,0.021240234375,-0.042236328125,0.053466796875,0.01904296875,0.01904296875,-0.0244140625,-0.0615234375,-0.037353515625,-0.000732421875,-0.011474609375,-0.047607421875,-0.052490234375,-0.04296875,-0.04296875,0.031982421875,0.069091796875,0.038818359375,-0.02392578125,-0.068603515625,-0.056396484375,0.01904296875,-0.00732421875,-0.00732421875,-0.017578125,-0.02099609375,-0.024658203125,0.0068359375,0.0078125,-0.0283203125,-0.02685546875,0.008544921875,0.008544921875,0.0263671875,-0.02880859375,-0.081787109375,-0.02783203125,0.021484375,0.0234375,-0.012451171875,-0.026611328125,-0.00537109375,-0.00537109375,-0.040283203125,-0.03955078125,0.001220703125,-0.013427734375,-0.03271484375,-0.00830078125,-0.01416015625,0.065185546875,0.065185546875,0.044921875,-0.0498046875,-0.023193359375,-0.005615234375,-0.04931640625,0.02880859375,0.01123046875,0.01513671875,0.01513671875,0.02490234375,-0.0361328125,-0.041259765625,0.000244140625,-0.01123046875,0.039306640625,0.04052734375,-0.024658203125,-0.024658203125,-0.05078125,-0.041259765625,-0.0390625,0.010498046875,0.00341796875,0.007080078125,0.01416015625,0.00732421875,0.00732421875,-0.04296875,-0.096923828125,-0.05078125,0.014404296875,0.009521484375,-0.017822265625,-0.092041015625,-0.022216796875,-0.022216796875,-0.001220703125,-0.058837890625,0.01953125,0.044189453125,-0.055908203125,-0.020263671875,-0.028076171875,0.008056640625,0.008056640625,0.011474609375,-0.03759765625,0.00439453125,0.041748046875,-0.03955078125,-0.087646484375,-0.0478515625,0.058349609375,0.06494140625,-0.021728515625,-0.074462890625,-0.03369140625,0.027099609375,0.072998046875,0.072998046875,0.062255859375,-0.0078125,-0.0537109375,-0.046875,-0.031982421875,-0.01416015625,-0.03076171875,-0.07470703125,-0.04541015625,0.031005859375,0.05712890625,0.029541015625,0.014404296875,0.00732421875,-0.030517578125,-0.0703125,-0.08203125,-0.08203125,-0.074951171875,-0.059326171875,-0.02978515625,0.01025390625,0.00146484375,0.010009765625,0.025390625,0.0263671875,0.00146484375,0.00146484375,-0.00244140625,0.03759765625,0.0263671875,-0.065673828125,-0.0283203125,-0.032470703125,-0.052001953125,-0.01513671875,0.004638671875,0.02587890625,0.083251953125,0.083251953125,-0.014892578125,-0.024658203125,-0.06201171875,-0.06201171875,0.01318359375,-0.02001953125,-0.133056640625,0.06787109375,-0.050048828125,0.03662109375,-0.09521484375,0.035400390625,0.009033203125,0.009033203125,-0.090087890625,-0.00390625,0.05517578125,0.08837890625,0.08837890625,0.0048828125,0.02001953125,-0.01220703125,-0.0693359375,-0.04443359375,-0.086669921875,0.01611328125,0.012451171875,0.014404296875,-0.044677734375,-0.044677734375,0.037353515625,0.012451171875,0.029541015625,-0.009765625,-0.009765625,-0.028564453125,-0.000732421875,-0.068603515625,-0.031494140625,-0.053955078125,-0.0322265625,-0.0146484375,-0.029296875,-0.01416015625,0.040283203125,0.040283203125,0.041259765625,-0.015625,-0.04150390625,0.0126953125,0.05029296875,-0.0048828125,-0.06201171875,-0.0458984375,-0.06396484375,-0.052978515625,0.00732421875,0.0068359375,-0.0361328125,-0.013671875,0.02783203125,0.003662109375,-0.077880859375,-0.0576171875,0.04296875,0.0556640625,-0.021728515625,-0.021728515625,-0.090576171875,-0.03857421875,0.083740234375,0.055908203125,-0.069091796875,-0.11328125,0.095458984375,0.01123046875,-0.08349609375,-0.052734375,0.083251953125,0.0888671875,0.0888671875,-0.08251953125,-0.11767578125,0.08642578125,-0.034423828125,-0.13671875,-0.031005859375,0.123046875,0.05322265625,-0.13134765625,-0.080810546875,0.090576171875,0.06494140625,-0.0859375,-0.078857421875,-0.078857421875,0.03564453125,0.0244140625,-0.078125,-0.015869140625,0.01318359375,-0.01611328125,-0.015380859375,-0.002685546875,-0.002685546875,-0.02734375,-0.03369140625,0.027587890625,-0.0009765625,-0.07421875,0.0439453125,0.018798828125,-0.0615234375,-0.029052734375,0.0322265625,0.016845703125,-0.05078125,-0.0341796875,0.05322265625,0.027587890625,-0.047119140625,-0.047119140625,0.013671875,0.02734375,-0.030517578125,-0.01806640625,0.010986328125,-0.010009765625,-0.00390625,0.015625,0.015625,0.005126953125,-0.044189453125,-0.062744140625,0.00537109375,0.023681640625,-0.0361328125,0.068359375,0.056396484375,-0.050048828125,-0.0908203125,-0.017822265625,0.0205078125,-0.038330078125,-0.058837890625,0.014892578125,0.017578125,0.043701171875,-0.057373046875,-0.002685546875,-0.003662109375,-0.057861328125,-0.057861328125,0.017822265625,-0.007568359375,-0.044189453125,0.003662109375,0.016357421875,-0.033447265625,-0.047119140625,-0.014892578125,0.055908203125,-0.016357421875,-0.064208984375,0.015625,0.058349609375,-0.044189453125,-0.089111328125,-0.0146484375,0.03564453125,0.010498046875,-0.022216796875,0.01953125,0.02490234375,-0.038330078125,-0.03955078125,0.026611328125,0.009033203125,-0.08056640625,-0.03564453125,0.060302734375,0.029541015625,-0.033935546875,-0.01416015625,0.04443359375,0.00244140625,-0.073486328125,-0.035888671875,0.033447265625,0.005859375,-0.06787109375,-0.0224609375,-0.0224609375,0.03125,-0.078125,-0.019287109375,0.0390625,0.0390625,-0.015380859375,-0.05224609375,0.017578125,0.02734375,-0.049072265625,-0.06982421875,-0.000732421875,0.026611328125,-0.043212890625,0.01220703125,0.005615234375,-0.029052734375,-0.00732421875,0.025634765625,-0.017333984375,-0.012451171875,-0.026611328125,0.038818359375,0.003662109375,-0.046142578125,-0.008544921875,0.034912109375,-0.01708984375,-0.050048828125,0.003173828125,0.02978515625,-0.02880859375,-0.06787109375,-0.010986328125,0.012451171875,-0.0302734375,-0.023193359375,0.030029296875,0.01171875,-0.0244140625,-0.008544921875,0.021240234375,-0.014404296875,-0.060546875,-0.060546875,-0.017578125,0.00048828125,-0.067626953125,-0.021484375,0.04931640625,0.003173828125,-0.065673828125,-0.0185546875,0.04296875,-0.026123046875,-0.08203125,-0.007568359375,0.049560546875,-0.015625,-0.0478515625,0.005126953125,0.01513671875,-0.042724609375,-0.05810546875,0.017578125,0.022705078125,-0.04638671875,-0.04931640625,0.019287109375,0.019287109375,0.024169921875,-0.045166015625,-0.02685546875,0.007080078125,-0.056884765625,-0.01416015625,0.062255859375,0.01611328125,-0.05615234375,-0.01953125,0.029052734375,-0.0439453125,-0.110595703125,-0.000244140625,0.073486328125,-0.006103515625,-0.060546875,0.004638671875,0.0498046875,-0.0302734375,-0.0693359375,-0.006591796875,0.0185546875,-0.048583984375,-0.072998046875,0.025634765625,0.050537109375,-0.046875,-0.046875,-0.070068359375,0.006103515625,-0.048095703125,-0.0263671875,0.0361328125,0.022705078125,-0.050537109375,-0.0234375,0.050537109375,0.008544921875,-0.064453125,-0.033935546875,0.03076171875,-0.01513671875,-0.06298828125,0.01904296875,0.059814453125,-0.025146484375,-0.059814453125,0.009521484375,0.02978515625,-0.041748046875,-0.069091796875,0.009033203125,0.031005859375,-0.024169921875,-0.018310546875,0.044921875,0.02734375,-0.07080078125,-0.079345703125,-0.002685546875,-0.009765625,-0.050537109375,0.0009765625,0.07421875,-0.03564453125,0.031494140625,-0.05908203125,-0.032470703125,0.03955078125,-0.01318359375,-0.087890625,0.021728515625,-0.009521484375,-0.032958984375,0.03466796875,0.055419921875,-0.05029296875,-0.098876953125,-0.008056640625,0.0263671875,-0.05126953125,-0.05126953125,0.048583984375,0.025634765625,-0.06005859375,-0.037109375,0.03173828125,0.001708984375,-0.084716796875,-0.044189453125,0.0712890625,0.029541015625,-0.070068359375,-0.017822265625,0.078857421875,0.00244140625,-0.105224609375,-0.040771484375,0.05908203125,0.0166015625,-0.06005859375,0.0126953125,0.087158203125,-0.052490234375,-0.000244140625,0.013671875,0.017822265625,-0.072998046875,-0.093505859375,0.019287109375,0.06689453125,-0.041748046875,-0.052001953125,0.060791015625,0.035400390625,-0.08203125,-0.075927734375,0.032958984375,0.032958984375,-0.092529296875,-0.075439453125,0.0576171875,0.03955078125,-0.05126953125,-0.009765625,0.060791015625,0.003173828125,-0.091552734375,-0.04443359375,0.044677734375,-0.01171875,-0.070068359375,0.005126953125,0.06005859375,-0.015869140625,-0.0703125,0.006591796875,0.036376953125,-0.042236328125,-0.0693359375,0.015625,0.0361328125,-0.062744140625,-0.062255859375,0.043701171875,0.0205078125,-0.073974609375,-0.04638671875,0.03857421875,0.05224609375,-0.0556640625,-0.021728515625,0.091796875,0.03955078125,-0.0869140625,-0.0576171875,0.041259765625,0.005126953125,-0.066162109375,-0.00390625,0.054931640625,-0.008056640625,-0.045166015625,0.03515625,0.05517578125,-0.05615234375,-0.095947265625,0.0048828125,0.025146484375,-0.073974609375,-0.064208984375,0.067626953125,0.070556640625,-0.07177734375,-0.079833984375,0.037353515625,0.022216796875,-0.0927734375,0.01904296875,-0.08154296875,-0.069580078125,-0.069580078125,-0.021484375,0.080810546875,0.00927734375,-0.094482421875,-0.028564453125,0.061279296875,-0.00830078125,-0.081787109375,0.00390625,0.073974609375,-0.018310546875,-0.086669921875,0.015625,0.06298828125,-0.058837890625,-0.0537109375,0.0205078125,0.060302734375,-0.0400390625,-0.043212890625,0.066650390625,0.03759765625,-0.105224609375,-0.088134765625,0.059814453125,0.037353515625,-0.083740234375,-0.05126953125,0.08056640625,0.055908203125,-0.0712890625,-0.037841796875,0.067138671875,-0.122314453125,-0.059814453125,-0.059814453125,0.0703125,0.01025390625,-0.075927734375,-0.004638671875,0.07177734375,-0.007080078125,-0.016357421875,-0.09619140625,0.049072265625,-0.049560546875,-0.092041015625,0.02099609375,0.05126953125,-0.0654296875,-0.06640625,0.058837890625,0.043701171875,-0.088623046875,-0.083984375,0.05908203125,-0.0869140625,-0.04931640625,-0.04931640625,0.0791015625,0.025634765625,-0.092529296875,-0.026123046875,0.0791015625,-0.004638671875,-0.0947265625,-0.009033203125,0.084716796875,-0.001220703125,-0.08935546875,0.0615234375,-0.024658203125,-0.024658203125,-0.091064453125,-0.00439453125,0.060791015625,-0.03173828125,-0.07958984375,0.033447265625,0.037109375,-0.073974609375,-0.050537109375,0.049072265625,-0.111328125,-0.057861328125,0.08251953125,0.08251953125,0.031494140625,-0.081787109375,-0.03125,0.08056640625,0.01171875,-0.113037109375,-0.02783203125,0.0693359375,-0.024169921875,-0.085205078125,0.07568359375,-0.032470703125,-0.032470703125,-0.0888671875,0.02685546875,0.079345703125,-0.062744140625,-0.1015625,0.0478515625,0.06396484375,-0.07470703125,-0.08984375,0.057373046875,-0.07568359375,-0.074951171875,0.056396484375,0.056396484375,0.048095703125,-0.087890625,-0.05517578125,0.091796875,0.0185546875,-0.12744140625,-0.068603515625,0.05908203125,0.013427734375,-0.070556640625,0.107177734375,0.00732421875,-0.10009765625,-0.10009765625,0.008544921875,0.073486328125,-0.07080078125,-0.129150390625,0.019775390625,0.078857421875,-0.03369140625,-0.09033203125,0.025390625,0.059326171875,-0.080322265625,-0.099609375,0.048095703125,-0.056884765625,-0.076416015625,0.045654296875,0.02294921875,0.02294921875,-0.092529296875,-0.03515625,0.1015625,0.033447265625,-0.10009765625,-0.043701171875,0.056884765625,-0.0107421875,-0.08447265625,0.01953125,0.080078125,-0.10009765625,0.03076171875,0.09716796875,-0.031982421875,-0.031982421875,-0.085205078125,0.033203125,0.06103515625,-0.065185546875,-0.09619140625,0.029541015625,0.036376953125,-0.096923828125,-0.07373046875,0.075439453125,0.056396484375,-0.074951171875,0.062255859375,0.022216796875,-0.107421875,-0.058837890625,-0.058837890625,0.080322265625,0.01513671875,-0.099853515625,-0.00439453125,0.096923828125,-0.002685546875,-0.099365234375,-0.022705078125,0.046142578125,-0.086181640625,0.0439453125,0.06982421875,-0.05224609375,-0.06982421875,-0.06982421875,0.05615234375,0.06591796875,-0.0810546875,-0.08544921875,0.056640625,0.0498046875,-0.08349609375,-0.053466796875,0.03173828125,0.00830078125,-0.125244140625,0.0771484375,0.007080078125,-0.1005859375,-0.007568359375,0.1201171875,0.1201171875,0.015625,-0.114990234375,-0.00732421875,0.090576171875,-0.043212890625,-0.121337890625,0.0048828125,0.0751953125,-0.024169921875,0.033203125,0.06787109375,-0.076171875,-0.097900390625,0.05810546875,0.076416015625,0.076416015625,-0.09423828125,-0.112548828125,0.059326171875,0.068115234375,-0.08837890625,-0.070068359375,0.0859375,0.032958984375,-0.11865234375,0.062744140625,0.002685546875,-0.108154296875,-0.0205078125,0.10546875,0.0029296875,-0.100341796875,0.021484375,0.021484375,0.102783203125,-0.0302734375,-0.0966796875,0.037353515625,0.084716796875,-0.068359375,-0.1083984375,0.0341796875,0.0615234375,-0.067138671875,0.08251953125,0.084228515625,-0.1015625,-0.077392578125,0.097900390625,0.032470703125,-0.131591796875,-0.071533203125,0.078857421875,0.024169921875,-0.1123046875,-0.027099609375,-0.027099609375,0.098388671875,-0.006103515625,-0.109619140625,-0.00439453125,0.09716796875,-0.027099609375,-0.103515625,0.0244140625,0.05810546875,-0.0693359375,-0.0791015625,0.064697265625,0.08056640625,-0.0751953125,-0.07373046875,0.089111328125,-0.1318359375,-0.08984375,0.100341796875,0.0361328125,-0.136474609375,-0.066162109375,0.09326171875,0.0458984375,-0.091552734375,-0.004150390625,-0.02685546875,0.08251953125,-0.028076171875,-0.126953125,-0.00830078125,0.09130859375,-0.021240234375,-0.099609375,0.01416015625,0.062744140625,-0.07275390625,-0.078369140625,0.0908203125,0.091552734375,-0.09228515625,-0.1123046875,0.053466796875,0.0556640625,-0.087890625,-0.040283203125,0.11669921875,0.052734375,-0.12744140625,-0.078125,0.077392578125,0.0087890625,-0.130615234375,-0.034423828125,-0.020751953125,-0.13623046875,0.002197265625,0.12890625,-0.0146484375,-0.12939453125,-0.008056640625,0.075927734375,-0.052978515625,-0.092529296875,0.05859375,0.093994140625,-0.055419921875,-0.103271484375,0.022216796875,0.02490234375,-0.0927734375,-0.0927734375,-0.027587890625,0.11474609375,0.047607421875,-0.090576171875,-0.046875,0.082275390625,0.029052734375,-0.037109375,0.0810546875,-0.02587890625,-0.1279296875,0.00537109375,0.119873046875,0.0029296875,-0.105712890625,-0.105712890625,-0.016845703125,0.0439453125,-0.0751953125,-0.09423828125,0.044189453125,-0.05126953125,-0.048583984375,0.059814453125,0.044921875,-0.08154296875,-0.06103515625,0.05419921875,0.006103515625,-0.098876953125,-0.0322265625,0.07373046875,0.01513671875,-0.0791015625,-0.02587890625,0.046875,-0.0234375,-0.09619140625,0.010498046875,0.09521484375,-0.010986328125,-0.07568359375,0.0078125,0.0224609375,-0.082275390625,-0.088134765625,0.01904296875,0.04443359375,-0.062744140625,-0.062744140625,-0.042236328125,0.092041015625,0.065673828125,-0.069091796875,-0.048828125,0.056884765625,-0.018310546875,-0.13427734375,-0.033935546875,0.09814453125,0.03955078125,-0.052734375,0.0087890625,-0.0498046875,-0.125244140625,-0.01416015625,0.058349609375,-0.033447265625,-0.092529296875,0.032958984375,0.089599609375,0.089599609375,-0.0390625,-0.073486328125,0.0224609375,0.028564453125,-0.080322265625,0.015869140625,0.031494140625,-0.037109375,-0.02099609375,0.032958984375,0.003173828125,-0.07177734375,-0.037841796875,0.0244140625,0.0244140625,-0.0029296875,-0.040283203125,0.000244140625,0.021728515625,-0.070556640625,-0.020263671875,0.050048828125,-0.03125,-0.097900390625,-0.038818359375,0.051025390625,0.024169921875,0.024169921875,-0.039306640625,0.0078125,0.02490234375,-0.029541015625,-0.011474609375,-0.011474609375,-0.03369140625,-0.015380859375,0.029296875,0.002685546875,-0.027099609375,0.003173828125,0.004150390625,0.004150390625,-0.03173828125,-0.0625,0.026123046875,0.013427734375,-0.028076171875,0.00927734375,0.056640625,0.001220703125,-0.058837890625,-0.028564453125,0.000244140625,-0.021240234375,-0.021484375,-0.021484375,0.008056640625,0.0048828125,-0.033447265625,-0.005126953125,-0.015625,-0.0546875,-0.021728515625,0.005615234375,-0.003173828125,-0.000244140625,0.01123046875,0.029541015625,0.016845703125,-0.052734375,-0.052734375,-0.083984375,-0.021484375,-0.011474609375,-0.001220703125,0.009521484375,0.01416015625,-0.01416015625,-0.0283203125,-0.010498046875,-0.01416015625,-0.021240234375,0.009521484375,0.0029296875,0.0029296875,-0.012451171875,0.00244140625,-0.00830078125,-0.053466796875,-0.014892578125,0.011474609375,-0.01123046875,-0.02783203125,-0.048583984375,-0.03466796875,-0.000732421875,-0.02490234375,-0.005859375,0.031494140625,0.031494140625,0.02587890625,-0.00537109375,-0.047607421875,-0.034912109375,-0.014892578125,-0.025146484375,-0.022216796875,0.02734375,0.042236328125,0.00244140625,-0.021728515625,-0.01416015625,-0.033935546875,-0.033935546875,-0.03271484375,-0.01318359375,0.008544921875,0.004638671875,0.002197265625,-0.00732421875,-0.0166015625,-0.013427734375,-0.005859375,-0.005615234375,-0.029541015625,-0.04150390625,-0.000244140625,0.00048828125,-0.026123046875,-0.03271484375,-0.003173828125,-0.003662109375,-0.005126953125,-0.00732421875,0.012451171875,0.038818359375,-0.015869140625,-0.0166015625,-0.036865234375,-0.02685546875,-0.018798828125,-0.00244140625,-0.013427734375,-0.01171875,0.0009765625,0.01171875,0.008056640625,-0.01513671875,-0.03271484375,-0.022216796875,0.00048828125,-0.009765625,-0.011962890625,-0.011962890625,0.022216796875,0.0087890625,-0.02587890625,-0.052490234375,-0.046142578125,0.013916015625,-0.00244140625,-0.04345703125,-0.009033203125,-0.019775390625,-0.026611328125,-0.02197265625,-0.014892578125,-0.000244140625,-0.017578125,0.0029296875,0.000244140625,-0.0361328125,-0.014404296875,0.000732421875,-0.02490234375,-0.02490234375,0.022216796875,0.04296875,-0.01220703125,-0.052978515625,-0.056396484375,-0.00634765625,-0.0126953125,-0.0341796875,0.012939453125,0.0517578125,0.0234375,-0.0263671875,-0.025390625,-0.025390625,-0.02197265625,-0.005859375,0.004150390625,-0.008544921875,-0.007080078125,-0.004150390625,-0.02099609375,-0.05615234375,-0.051513671875,-0.01171875,0.002685546875,-0.01513671875,-0.01513671875,-0.02099609375,0.01513671875,-0.02392578125,-0.0419921875,-0.0185546875,0.01025390625,0.010009765625,-0.024658203125,-0.018310546875,-0.011962890625,-0.0234375,-0.041015625,-0.0517578125,-0.02978515625,0.003662109375,0.0146484375,0.0146484375,0.003173828125,-0.00634765625,0.002197265625,0.006103515625,-0.00634765625,-0.023193359375,-0.02294921875,0.00244140625,-0.021484375,-0.062255859375,-0.065185546875,-0.009033203125,0.051513671875,0.051513671875,0.005859375,0.01171875,-0.0166015625,-0.0517578125,-0.031494140625,-0.05224609375,0.015625,0.044677734375,0.00537109375,-0.0009765625,-0.035400390625,-0.01806640625,-0.029052734375,-0.024658203125,-0.01025390625,-0.015380859375,-0.005126953125,-0.029541015625,-0.039306640625,-0.0185546875,-0.014892578125,-0.003662109375,0.017578125,-0.013427734375,0.02197265625,-0.039306640625,-0.025146484375,-0.031982421875,-0.0478515625,0.03369140625,-0.0380859375,0.034912109375,-0.046142578125,-0.06689453125,0.035400390625,-0.0703125,0.071533203125,0.055908203125,-0.06982421875,0.06884765625,-0.061279296875,-0.072509765625,0.052001953125,-0.045166015625,0.00146484375,0.0458984375,-0.019287109375,-0.015625,-0.00927734375,-0.01220703125,-0.005126953125,0.006103515625,-0.00537109375,-0.026611328125,-0.01123046875,-0.03466796875,-0.036865234375,-0.011474609375,-0.024658203125,-0.001220703125,0.020751953125,0.009521484375,-0.01123046875,-0.024169921875,-0.027587890625,-0.04931640625,-0.03369140625,-0.005859375,-0.004150390625,-0.003662109375,-0.042724609375,-0.06591796875,-0.025634765625,-0.006591796875,0.019775390625,0.058837890625,0.047119140625,0.034912109375,0.01708984375,-0.0234375,-0.03466796875,-0.019287109375,-0.016357421875,-0.02783203125,-0.040283203125,-0.047607421875,-0.030517578125,0.0,0.017578125,0.029052734375,0.027099609375,0.0029296875,-0.037841796875,-0.066162109375,-0.032958984375,0.037841796875,0.05517578125,-0.01220703125,-0.09765625,-0.09814453125,-0.009033203125,0.0302734375,-0.0400390625,0.00927734375,0.00927734375,0.061279296875,-0.011474609375,-0.049072265625,0.0126953125,-0.00048828125,-0.04150390625,0.01318359375,-0.01171875,-0.072265625,0.005615234375,-0.020751953125,0.02099609375,0.02099609375,0.10595703125,0.017333984375,-0.02197265625,-0.034423828125,-0.061767578125,-0.00927734375,0.029052734375,-0.036865234375,-0.013427734375,0.053466796875,-0.045654296875,-0.030517578125,-0.030517578125,-0.015625,-0.013427734375,0.000244140625,-0.014892578125,0.0009765625,0.0517578125,0.013427734375,-0.058349609375,-0.030517578125,0.01611328125,0.024658203125,0.006103515625,-0.045166015625,-0.045166015625,-0.059326171875,-0.00146484375,0.009033203125,-0.015380859375,0.029541015625,0.052978515625,-0.01953125,-0.057861328125,-0.0390625,-0.040283203125,-0.013427734375,-0.0556640625,-0.060546875,-0.060546875,-0.0107421875,-0.0126953125,-0.00390625,-0.0009765625,-0.031494140625,-0.003173828125,0.04931640625,0.01025390625,-0.053466796875,-0.0576171875,-0.044189453125,-0.007568359375,-0.000244140625,-0.000244140625,-0.013916015625,0.003173828125,0.021728515625,0.0205078125,-0.01123046875,-0.058837890625,-0.047607421875,0.02490234375,0.051025390625,-0.009521484375,-0.03466796875,-0.001220703125,0.008544921875,-0.003173828125,-0.003173828125,-0.00927734375,0.026123046875,0.0478515625,-0.033447265625,-0.1142578125,-0.064453125,0.06201171875,0.080078125,-0.020751953125,-0.036865234375,0.064697265625,-0.070068359375,-0.14501953125,-0.14501953125,-0.01806640625,0.086181640625,-0.046142578125,-0.155029296875,-0.014404296875,0.099609375,-0.020751953125,-0.128662109375,0.01025390625,0.13916015625,-0.177001953125,-0.037353515625,0.10498046875,0.10498046875,-0.021484375,-0.171875,-0.047119140625,0.15380859375,0.068359375,-0.1181640625,-0.03955078125,0.117431640625,0.02734375,-0.132080078125,0.095458984375,0.0322265625,-0.08544921875,-0.08544921875,-0.0224609375,0.059814453125,0.002685546875,-0.032470703125,0.0234375,0.025146484375,-0.036376953125,-0.049560546875,-0.020751953125,-0.016845703125,-0.023193359375,-0.028564453125,-0.015869140625,0.009765625,0.013671875,0.0224609375,0.021484375,0.0029296875,-0.01220703125,-0.023193359375,-0.0478515625,-0.0419921875,-0.010498046875,-0.0283203125,-0.032470703125,0.040771484375,0.077392578125,0.077392578125,-0.0166015625,-0.07177734375,0.005615234375,0.049560546875,-0.0439453125,-0.12890625,-0.063720703125,0.03662109375,0.009521484375,-0.092041015625,-0.054443359375,0.096923828125,0.05126953125,-0.07275390625,-0.020263671875,0.046630859375,-0.035400390625,-0.10595703125,-0.03369140625,0.016845703125,-0.0224609375,-0.044921875,0.017333984375,0.084716796875,0.0205078125,-0.047119140625,0.0478515625,-0.02490234375,-0.072998046875,-0.007568359375,0.01806640625,-0.046875,-0.051025390625,0.052490234375,0.06201171875,-0.034423828125,-0.034423828125,-0.029052734375,0.03466796875,0.007568359375,-0.061767578125,-0.033203125,0.0107421875,-0.04541015625,-0.063720703125,0.016357421875,0.053466796875,-0.022216796875,-0.070068359375,0.016357421875,0.092041015625,-0.013427734375,-0.13330078125,-0.028076171875,0.1044921875,-0.005615234375,-0.05029296875,0.121826171875,0.06787109375,-0.09716796875,-0.056396484375,0.080810546875,0.009765625,-0.1171875,-0.035400390625,0.060546875,-0.035400390625,-0.035400390625,-0.103271484375,0.00732421875,0.05224609375,-0.051513671875,-0.02978515625,0.084228515625,0.0078125,-0.128173828125,-0.046630859375,0.080322265625,-0.013427734375,-0.112548828125,-0.04638671875,0.029052734375,-0.023193359375,0.0087890625,0.0458984375,0.013427734375,-0.043212890625,-0.033447265625,-0.012451171875,0.0146484375,-0.0498046875,-0.072021484375,0.0107421875,0.04345703125,-0.032958984375,-0.03173828125,0.076171875,0.065185546875,-0.07861328125,-0.069580078125,0.054443359375,0.001708984375,-0.114013671875,0.04248046875,-0.01416015625,-0.07421875,0.012451171875,0.07177734375,-0.008056640625,-0.01123046875,-0.0693359375,0.005859375,0.0419921875,-0.09033203125,0.021728515625,0.048095703125,0.048095703125,-0.0693359375,-0.077880859375,0.068359375,0.083984375,-0.0498046875,-0.072509765625,0.041259765625,0.050048828125,-0.093505859375,-0.0908203125,0.035888671875,0.019287109375,-0.08251953125,-0.03857421875,0.0126953125,-0.068603515625,-0.000244140625,0.05859375,-0.0439453125,-0.1123046875,0.002197265625,0.07275390625,-0.03125,-0.091796875,0.011962890625,0.073486328125,-0.027099609375,-0.027099609375,-0.06298828125,0.0556640625,0.082275390625,-0.05322265625,-0.100341796875,0.014892578125,0.061767578125,-0.046142578125,-0.06689453125,0.0322265625,0.044677734375,-0.04833984375,-0.04345703125,0.0498046875,0.011474609375,-0.040283203125,0.06591796875,0.0048828125,-0.098876953125,-0.037841796875,0.06591796875,-0.003173828125,-0.08251953125,0.008544921875,0.076904296875,-0.02978515625,-0.096435546875,0.01123046875,0.0634765625,-0.04638671875,-0.09423828125,-0.09423828125,0.0,0.043701171875,-0.028564453125,-0.041259765625,0.04443359375,-0.0634765625,-0.049072265625,0.050048828125,0.016357421875,-0.09765625,-0.071044921875,0.02978515625,0.02978515625,-0.001953125,-0.083984375,-0.012451171875,0.077880859375,0.004638671875,-0.028076171875,0.068115234375,-0.005859375,-0.097900390625,-0.01953125,0.05029296875,-0.024658203125,-0.06640625,-0.06640625,0.022216796875,0.08251953125,-0.014404296875,-0.06494140625,0.039306640625,-0.042236328125,-0.08642578125,0.009521484375,0.039306640625,-0.05712890625,-0.061767578125,0.048095703125,0.067626953125,0.067626953125,-0.04296875,-0.0703125,0.035400390625,0.04931640625,-0.044189453125,-0.005126953125,-0.0087890625,-0.086669921875,-0.04638671875,0.070068359375,0.050048828125,-0.055419921875,-0.03857421875,0.036865234375,0.036865234375,-0.023681640625,-0.08544921875,0.00048828125,0.064453125,-0.01171875,-0.06689453125,0.0009765625,-0.02490234375,-0.06298828125,0.006103515625,0.05078125,-0.0185546875,-0.063232421875,0.00390625,0.011962890625,-0.0712890625,-0.0712890625,-0.088623046875,0.00048828125,0.036865234375,-0.025634765625,0.041748046875,0.010986328125,-0.062744140625,-0.040283203125,0.013671875,-0.01220703125,-0.0810546875,-0.035400390625,0.0498046875,0.0498046875,-0.0029296875,-0.041015625,0.05810546875,0.080810546875,-0.08447265625,0.0205078125,0.05615234375,-0.041748046875,-0.080078125,0.0205078125,0.039794921875,-0.056640625,-0.051025390625,0.06787109375,0.077880859375,-0.06201171875,-0.06201171875,-0.099609375,0.025634765625,0.040283203125,-0.07666015625,-0.07373046875,0.02099609375,0.01318359375,-0.07763671875,-0.033935546875,0.026611328125,-0.073974609375,-0.016357421875,0.05029296875,-0.03271484375,-0.084228515625,0.00439453125,0.00439453125,-0.00146484375,-0.06884765625,0.0478515625,0.08154296875,-0.04150390625,-0.040283203125,-0.074462890625,0.03369140625,0.037109375,-0.074951171875,-0.07177734375,0.034423828125,0.040771484375,-0.057861328125,-0.069091796875,0.0185546875,0.00244140625,-0.049560546875,0.0595703125,0.062255859375,0.0009765625,-0.088134765625,-0.04833984375,0.023681640625,-0.04345703125,-0.08935546875,0.0263671875,0.091552734375,-0.066162109375,0.024658203125,0.0654296875,-0.04052734375,-0.068603515625,0.0224609375,0.042724609375,-0.058837890625,-0.075439453125,-0.075439453125,0.023681640625,0.0205078125,-0.0439453125,0.00830078125,0.08056640625,0.006103515625,-0.116455078125,0.048095703125,-0.005126953125,-0.0810546875,-0.009521484375,0.055908203125,-0.017578125,-0.03173828125,-0.019775390625,0.080322265625,0.017578125,-0.064697265625,0.003173828125,0.035888671875,-0.056884765625,-0.075927734375,-0.118408203125,-0.0068359375,0.07421875,-0.01611328125,0.02880859375,-0.003662109375,-0.1044921875,-0.0556640625,0.080078125,0.056884765625,-0.05859375,-0.011474609375,-0.058837890625,-0.018798828125,-0.103271484375,-0.052978515625,0.063720703125,0.030029296875,-0.052978515625,0.00048828125,0.00048828125,0.058349609375,-0.1103515625,-0.05419921875,0.041748046875,0.02490234375,-0.04052734375,-0.01513671875,0.0234375,0.031494140625,-0.026123046875,-0.04736328125,0.07568359375,-0.023193359375,-0.0908203125,-0.038818359375,0.015869140625,-0.031005859375,-0.031494140625,0.056640625,0.0546875,-0.0380859375,-0.05712890625,0.012451171875,0.00634765625,-0.085205078125,-0.066650390625,0.0205078125,-0.007568359375,0.01416015625,-0.02587890625,0.012451171875,-0.009033203125,-0.054931640625,-0.0048828125,0.047607421875,0.00927734375,-0.05029296875,-0.04833984375,-0.00341796875,-0.013671875,-0.041259765625,-0.004150390625,0.034912109375,0.00390625,-0.027587890625,0.009765625,0.035400390625,-0.01025390625,-0.0400390625,-0.014404296875,-0.02099609375,-0.044189453125,-0.025146484375,0.01806640625,0.01953125,-0.03173828125,-0.016357421875,0.028076171875,-0.004150390625,-0.004150390625,-0.05615234375,0.0166015625,-0.017333984375,-0.05126953125,-0.00537109375,0.033935546875,0.001708984375,-0.03759765625,-0.012939453125,0.02783203125,0.02783203125,-0.02392578125,-0.02392578125,-0.002197265625,-0.040771484375,-0.05615234375,-0.014404296875,0.04296875,0.016357421875,-0.0185546875,0.012451171875,0.014404296875,-0.04443359375,-0.042236328125,0.005615234375,-0.00830078125,-0.05615234375,-0.050048828125,0.010498046875,0.01513671875,-0.023193359375,-0.01171875,0.0048828125,-0.009521484375,-0.01220703125,0.008056640625,0.015625,-0.019775390625,-0.046142578125,-0.01904296875,0.008056640625,-0.0068359375,-0.0283203125,0.004150390625,0.00341796875,-0.04541015625,-0.013671875,0.04296875,0.02001953125,-0.069091796875,-0.073486328125,0.01513671875,0.003662109375,-0.035400390625,-0.006103515625,0.013427734375,-0.0205078125,-0.0595703125,-0.01513671875,0.0341796875,-0.004638671875,-0.053466796875,-0.03076171875,0.007568359375,-0.011962890625,-0.0361328125,0.00390625,0.016357421875,-0.02685546875,-0.019775390625,0.030029296875,0.04150390625,-0.01220703125,-0.041015625,-0.002685546875,0.00634765625,-0.026123046875,-0.02734375,0.01611328125,0.013427734375,-0.035400390625,-0.029296875,0.023193359375,0.00341796875,-0.056884765625,-0.033447265625,0.003662109375,-0.017578125,-0.0302734375,0.00537109375,0.017822265625,-0.03173828125,-0.059326171875,-0.017822265625,0.024658203125,-0.00732421875,-0.039306640625,-0.009033203125,0.000244140625,-0.038330078125,-0.03515625,0.01171875,0.0185546875,-0.011474609375,-0.015380859375,0.008056640625,-0.000732421875,-0.038330078125,-0.012939453125,0.023681640625,-0.022216796875,-0.066162109375,-0.009521484375,0.04296875,-0.00048828125,-0.045166015625,-0.007080078125,0.016357421875,-0.0419921875,-0.048828125,0.01123046875,0.027099609375,-0.04931640625,-0.075439453125,0.00927734375,0.05517578125,0.003173828125,-0.032958984375,0.00830078125,0.0224609375,-0.038330078125,-0.047119140625,0.01904296875,0.017822265625,-0.062744140625,-0.0703125,0.01611328125,0.048583984375,-0.01220703125,-0.02685546875,0.025390625,-0.001220703125,-0.078857421875,-0.040283203125,0.05615234375,0.009521484375,-0.09765625,-0.069091796875,0.01806640625,0.015625,-0.04150390625,-0.018798828125,0.060302734375,0.02685546875,-0.0556640625,-0.036865234375,0.01416015625,-0.011962890625,-0.07421875,-0.052978515625,0.0244140625,0.027099609375,-0.0185546875,-0.013916015625,-0.001953125,-0.001953125,-0.015869140625,0.031494140625,0.0400390625,-0.040283203125,-0.077392578125,-0.03955078125,-0.01220703125,-0.0078125,0.003173828125,0.02197265625,0.012939453125,-0.029296875,-0.03466796875,-0.00927734375,-0.001708984375,-0.01220703125,-0.01220703125,-0.0205078125,-0.0595703125,-0.059814453125,0.00634765625,0.02978515625,-0.01318359375,-0.0185546875,0.01220703125,0.0087890625,-0.0185546875,0.00048828125,0.00048828125,-0.0048828125,-0.054443359375,-0.048583984375,0.024658203125,0.040771484375,-0.018310546875,-0.02490234375,0.034912109375,0.0234375,-0.0576171875,0.001708984375,0.001708984375,-0.01611328125,-0.055908203125,-0.030517578125,0.02392578125,0.00341796875,-0.04736328125,-0.032958984375,0.027587890625,0.021240234375,-0.017578125,0.024169921875,-0.016357421875,-0.016357421875,-0.063720703125,-0.03564453125,-0.000244140625,-0.00390625,-0.0009765625,0.024169921875,0.021240234375,-0.021728515625,-0.044189453125,-0.010498046875,-0.001708984375,-0.033447265625,-0.03125,0.0029296875,-0.001708984375,-0.033203125,-0.00927734375,0.027099609375,-0.01171875,0.002197265625,0.019287109375,0.019287109375,-0.03466796875,-0.071533203125,-0.041259765625,-0.003173828125,-0.02001953125,-0.022216796875,0.034912109375,0.001953125,0.036865234375,-0.0341796875,0.018310546875,0.0234375,-0.041748046875,-0.053466796875,-0.010498046875,-0.00634765625,-0.03173828125,0.02783203125,0.02783203125,0.04150390625,-0.018798828125,0.035888671875,-0.001220703125,-0.066650390625,-0.05908203125,-0.05908203125,-0.013427734375,-0.011962890625,-0.02783203125,0.0,0.048828125,0.009033203125,-0.049560546875,-0.012939453125,-0.02587890625,-0.04931640625,-0.028564453125,-0.028564453125,-0.027099609375,-0.041015625,-0.03125,0.018798828125,0.03662109375,-0.0029296875,0.01904296875,0.040771484375,0.040771484375,-0.006103515625,-0.044189453125,-0.022216796875,-0.033447265625,-0.0595703125,-0.002685546875,0.01611328125,-0.033447265625,-0.033447265625,-0.02880859375,0.0009765625,-0.0009765625,-0.01025390625,0.016845703125,0.009521484375,-0.114501953125,0.000244140625,0.000244140625,0.090087890625,0.048828125,-0.002197265625,0.00048828125,-0.00341796875,-0.05859375,0.021240234375,0.03564453125,0.03564453125,-0.033935546875,-0.072265625,-0.039306640625,-0.00048828125,-0.00244140625,0.01318359375,-0.009765625,-0.06298828125,-0.06298828125,-0.021484375,0.04833984375,0.00244140625,-0.089599609375,-0.070556640625,0.019287109375,-0.020751953125,-0.01318359375,-0.01318359375,0.016845703125,-0.01123046875,-0.046875,-0.0078125,0.033447265625,-0.01513671875,-0.06494140625,0.018310546875,0.018310546875,0.05322265625,0.026611328125,0.021240234375,0.013427734375,-0.041259765625,0.00927734375,0.033447265625,0.005126953125,0.005126953125,-0.035400390625,-0.03564453125,-0.020263671875,-0.03564453125,-0.0361328125,0.01513671875,0.008544921875,0.017333984375,0.01025390625,0.01025390625,-0.04345703125,-0.080810546875,-0.049560546875,0.003662109375,-0.005859375,0.012939453125,0.018798828125,-0.04296875,-0.04296875,-0.0673828125,0.0126953125,0.070068359375,0.0244140625,-0.032958984375,-0.03564453125,-0.073974609375,-0.054931640625,0.032470703125,0.032470703125,0.06591796875,0.008544921875,-0.043701171875,-0.01806640625,0.025390625,-0.040771484375,0.001220703125,0.005615234375,0.005615234375,-0.046630859375,-0.032958984375,0.034912109375,0.018798828125,-0.06103515625,-0.01416015625,0.033935546875,0.023681640625,0.00244140625,0.00244140625,-0.01708984375,-0.055908203125,-0.0654296875,-0.022216796875,0.02880859375,0.014404296875,-0.00048828125,0.004150390625,0.004150390625,-0.015380859375,-0.014404296875,0.02099609375,-0.021240234375,-0.031494140625,0.02392578125,0.011962890625,-0.024169921875,-0.024169921875,-0.041748046875,-0.01123046875,-0.012939453125,-0.0478515625,0.067138671875,0.0068359375,-0.08642578125,-0.078125,-0.078125,0.004638671875,0.032470703125,0.020263671875,0.025390625,-0.051025390625,-0.08154296875,-0.007080078125,0.0830078125,0.0830078125,0.033935546875,-0.097412109375,-0.090087890625,-0.00341796875,-0.015625,0.027587890625,0.043701171875,-0.012939453125,-0.012939453125,-0.05224609375,-0.00634765625,0.042236328125,-0.0537109375,-0.064697265625,-0.024658203125,0.0078125,0.00537109375,0.00537109375,-0.009033203125,-0.02392578125,-0.02001953125,-0.03857421875,-0.050048828125,-0.01953125,0.001708984375,-0.034912109375,-0.034912109375,-0.06201171875,-0.033203125,0.038330078125,0.021484375,0.002197265625,0.0205078125,0.00341796875,-0.051025390625,-0.051025390625,-0.067138671875,-0.02294921875,0.006103515625,-0.065185546875,-0.00927734375,0.017822265625,-0.0078125,-0.0107421875,-0.0107421875,0.019287109375,0.0537109375,0.04443359375,-0.093017578125,-0.0576171875,0.005615234375,0.014404296875,0.005126953125,0.005126953125,-0.019287109375,-0.00830078125,0.041015625,-0.006591796875,0.0263671875,0.032470703125,0.0107421875,-0.04638671875,-0.04638671875,-0.095458984375,-0.05419921875,-0.01171875,-0.025634765625,0.003173828125,0.015869140625,0.042724609375,-0.003173828125,-0.05029296875,-0.05029296875,-0.0068359375,0.017333984375,-0.00927734375,-0.0283203125,-0.0546875,-0.01123046875,-0.038818359375,-0.094970703125,-0.094970703125,-0.030029296875,0.032470703125,-0.0068359375,-0.039794921875,-0.0576171875,-0.029052734375,-0.003173828125,-0.012939453125,-0.012939453125,-0.000732421875,0.012939453125,0.01171875,-0.031494140625,-0.0234375,-0.009521484375,-0.006103515625,-0.015380859375,-0.015380859375,-0.01806640625,0.005126953125,0.01123046875,-0.00439453125,0.009765625,0.01708984375,-0.02099609375,-0.035400390625,-0.035400390625,-0.027099609375,-0.010009765625,0.01416015625,-0.0732421875,-0.026123046875,0.005126953125,-0.015625,0.061279296875,0.061279296875,0.040283203125,-0.05810546875,0.010009765625,-0.077880859375,-0.014892578125,0.033935546875,-0.051513671875,-0.041015625,-0.041015625,0.018310546875,-0.010986328125,-0.029052734375,-0.0302734375,0.0009765625,-0.003662109375,-0.030517578125,-0.01513671875,-0.01513671875,0.015869140625,0.01171875,-0.06201171875,-0.0322265625,0.02001953125,0.01806640625,-0.02197265625,-0.0419921875,-0.0419921875,-0.028564453125,-0.005859375,-0.051025390625,-0.032470703125,0.024169921875,0.022705078125,-0.010986328125,-0.005126953125,-0.005126953125,0.01611328125,0.02978515625,-0.0361328125,-0.03076171875,0.012451171875,0.026611328125,0.004638671875,-0.016845703125,-0.016845703125,-0.022705078125,-0.032470703125,-0.0478515625,-0.02685546875,0.010009765625,0.013427734375,-0.001220703125,-0.02734375,-0.02734375,-0.026611328125,0.01611328125,0.006103515625,-0.035888671875,-0.027099609375,-0.045166015625,-0.078369140625,-0.038330078125,-0.038330078125,0.000244140625,-0.02197265625,0.018798828125,-0.0478515625,-0.01806640625,0.052734375,-0.041259765625,-0.017333984375,-0.017333984375,0.021240234375,-0.072509765625,-0.021240234375,-0.051025390625,0.047607421875,-0.07177734375,-0.018798828125,-0.031494140625,-0.031494140625,-0.026611328125,-0.019287109375,0.003662109375,-0.033203125,-0.023193359375,0.010009765625,-0.017333984375,0.02587890625,0.02587890625,0.03564453125,0.016357421875,-0.006103515625,-0.052001953125,-0.062744140625,-0.0234375,-0.008056640625,-0.004638671875,0.023193359375,-0.007568359375,0.0224609375,0.004150390625,-0.010986328125,0.0517578125,-0.0166015625,-0.032470703125,-0.018798828125,-0.04052734375,-0.04052734375,-0.013427734375,0.006103515625,-0.000244140625,-0.00830078125,-0.040283203125,-0.03369140625,0.025634765625,0.020263671875,-0.011962890625,-0.016845703125,-0.05615234375,-0.034912109375,-0.02783203125,-0.024658203125,0.06201171875,0.05712890625,0.009521484375,0.009521484375,-0.026123046875,-0.052490234375,-0.031005859375,-0.022705078125,-0.01318359375,-0.01611328125,0.00146484375,-0.041748046875,-0.033447265625,-0.023193359375,-0.01904296875,-0.003173828125,-0.00927734375,0.016357421875,0.014404296875,0.023193359375,-0.005615234375,-0.0693359375,-0.0693359375,-0.05078125,-0.019287109375,-0.006103515625,-0.04638671875,-0.010986328125,-0.00048828125,-0.0224609375,-0.0009765625,0.03173828125,0.048583984375,0.000732421875,-0.039794921875,-0.021728515625,-0.0400390625,-0.050537109375,-0.00537109375,0.02978515625,0.02978515625,0.0029296875,0.011474609375,-0.0126953125,-0.030517578125,-0.03369140625,-0.0087890625,0.0048828125,0.014404296875,0.039306640625,0.03759765625,0.0302734375,0.02099609375,-0.03173828125,-0.07373046875,-0.059814453125,0.005859375,0.023681640625,0.023681640625,0.009521484375,0.005615234375,0.015625,-0.04150390625,-0.060791015625,-0.024658203125,0.014404296875,0.01611328125,-0.030029296875,-0.03564453125,0.010986328125,0.010009765625,-0.04736328125,-0.074462890625,-0.05419921875,-0.041748046875,-0.041748046875,-0.034423828125,-0.012939453125,0.013427734375,-0.0029296875,-0.00390625,0.003173828125,-0.0048828125,0.005615234375,-0.02099609375,-0.050537109375,-0.0478515625,-0.029052734375,-0.029052734375,0.02392578125,0.0205078125,0.0234375,0.03173828125,0.01904296875,-0.02978515625,-0.057373046875,-0.032958984375,-0.01806640625,-0.02197265625,-0.000244140625,0.046142578125,0.053466796875,0.025634765625,-0.01025390625,-0.03955078125,-0.04736328125,-0.033447265625,-0.0107421875,0.000244140625,-0.0068359375,0.02587890625,0.014404296875,-0.016845703125,-0.02880859375,-0.0263671875,-0.0185546875,-0.021728515625,-0.009765625,0.02490234375,0.00048828125,-0.015380859375,-0.015380859375,-0.0498046875,-0.065673828125,-0.039794921875,0.009033203125,-0.003662109375,-0.034423828125,-0.002685546875,0.015869140625,-0.010498046875,-0.026611328125,-0.040283203125,-0.013916015625,-0.004150390625,-0.074951171875,-0.0556640625,0.015380859375,-0.010498046875,-0.0078125,0.0400390625,0.047607421875,-0.003173828125,-0.02197265625,-0.01806640625,-0.017333984375,-0.006591796875,-0.02734375,-0.03173828125,0.02685546875,0.019775390625,-0.025390625,-0.0009765625,0.030029296875,-0.009521484375,-0.037109375,-0.00341796875,0.01025390625,-0.016845703125,-0.048828125,-0.03369140625,0.011474609375,-0.002197265625,-0.022216796875,0.01806640625,0.025634765625,-0.048583984375,-0.058349609375,0.027587890625,-0.000244140625,-0.0654296875,-0.04443359375,0.0302734375,0.02783203125,-0.0400390625,-0.017822265625,0.053955078125,0.015625,-0.063720703125,-0.051513671875,0.02001953125,0.01025390625,-0.040771484375,-0.011962890625,0.010986328125,-0.03662109375,-0.0576171875,-0.0009765625,0.017333984375,-0.016357421875,-0.00244140625,0.046875,0.03271484375,-0.04931640625,-0.070068359375,-0.010986328125,-0.02392578125,-0.0927734375,-0.060791015625,0.068603515625,0.076171875,-0.030517578125,-0.027099609375,0.0595703125,-0.0048828125,-0.102294921875,-0.072998046875,0.0283203125,0.0283203125,-0.065185546875,-0.0283203125,0.049072265625,0.01025390625,-0.03857421875,0.01123046875,0.02978515625,-0.04736328125,-0.090087890625,-0.0146484375,0.037353515625,-0.025390625,0.04736328125,0.04736328125,0.0439453125,-0.073974609375,-0.091064453125,0.02490234375,0.0634765625,-0.017822265625,-0.066650390625,0.009521484375,0.05224609375,-0.052490234375,0.05029296875,0.05029296875,0.06689453125,-0.07080078125,-0.08056640625,0.060302734375,0.05517578125,-0.050048828125,-0.02392578125,0.061767578125,-0.011962890625,-0.1328125,0.08154296875,0.08154296875,0.00048828125,-0.103759765625,0.0224609375,0.124755859375,-0.01708984375,-0.156494140625,-0.03271484375,0.06884765625,-0.044921875,-0.142578125,0.11669921875,0.11669921875,-0.0048828125,-0.090087890625,0.02587890625,0.0849609375,-0.050537109375,-0.12890625,0.012939453125,0.06005859375,-0.082763671875,-0.083740234375,0.076171875,-0.06103515625,-0.086669921875,-0.086669921875,0.067138671875,0.057373046875,-0.126953125,-0.0830078125,0.08642578125,0.029296875,-0.10693359375,-0.03173828125,0.112548828125,0.01513671875,-0.06640625,0.074951171875,0.074951171875,0.0009765625,-0.1064453125,0.03466796875,0.16357421875,-0.020751953125,-0.179443359375,-0.014404296875,0.114501953125,-0.025634765625,-0.125,0.056396484375,-0.06591796875,-0.10302734375,-0.10302734375,0.07275390625,0.094970703125,-0.091796875,-0.13427734375,0.068603515625,0.083740234375,-0.10302734375,-0.0673828125,0.119384765625,0.064697265625,-0.12158203125,0.096923828125,0.096923828125,0.02734375,-0.169189453125,-0.05810546875,0.127197265625,0.045166015625,-0.126708984375,-0.04296875,0.12939453125,0.008056640625,-0.18017578125,0.14404296875,-0.002197265625,-0.16015625,-0.16015625,-0.00341796875,0.13427734375,-0.02587890625,-0.16259765625,0.0126953125,0.15234375,-0.041259765625,-0.17724609375,0.03466796875,-0.025146484375,-0.13134765625,0.04150390625,0.04150390625,0.07275390625,-0.130859375,-0.1376953125,0.064208984375,0.114990234375,-0.048095703125,-0.064697265625,0.08984375,0.062255859375,-0.111572265625,-0.087158203125,0.07568359375,-0.135986328125,-0.071044921875,0.126708984375,0.06689453125,0.06689453125,-0.101318359375,-0.0234375,0.097412109375,-0.011474609375,-0.134521484375,-0.01708984375,0.100341796875,-0.035888671875,-0.137451171875,0.01611328125,0.105224609375,-0.122314453125,0.0146484375,0.07763671875,-0.08203125,-0.08203125,-0.12451171875,0.049072265625,0.09521484375,-0.065673828125,-0.09033203125,0.04638671875,0.044677734375,-0.1005859375,0.091552734375,0.0654296875,-0.074462890625,-0.03369140625,-0.03369140625,0.092529296875,0.033203125,-0.128173828125,-0.07568359375,0.06494140625,0.010986328125,-0.081787109375,0.021240234375,0.023681640625,-0.0869140625,-0.021484375,0.0478515625,0.0478515625,-0.0830078125,-0.15283203125,0.00439453125,0.09423828125,-0.02001953125,-0.047119140625,0.098388671875,0.067138671875,-0.137451171875,0.033203125,0.061767578125,-0.093017578125,-0.093017578125,-0.083251953125,0.103271484375,0.081787109375,-0.09326171875,-0.063720703125,0.078369140625,0.027099609375,-0.064208984375,0.08935546875,0.035888671875,-0.07177734375,-0.003173828125,-0.003173828125,0.0869140625,-0.027099609375,-0.1640625,-0.046142578125,0.090087890625,0.0,-0.081787109375,0.119873046875,-0.03271484375,-0.14453125,-0.01904296875,0.04345703125,0.04345703125,-0.101318359375,-0.115966796875,0.064453125,0.120849609375,-0.01123046875,-0.045166015625,0.052490234375,-0.100341796875,-0.10400390625,0.02734375,0.02880859375,-0.07666015625,-0.07666015625,-0.005859375,0.11572265625,0.038818359375,-0.091552734375,-0.04248046875,0.03662109375,-0.0546875,0.00390625,0.1142578125,0.0087890625,-0.09375,-0.018310546875,-0.018310546875,0.0478515625,-0.058837890625,-0.111083984375,0.01708984375,0.08544921875,-0.0234375,-0.0576171875,0.032958984375,-0.09716796875,-0.0888671875,0.0400390625,0.046142578125,-0.04052734375,-0.04052734375,0.004150390625,0.106689453125,0.03076171875,-0.113037109375,-0.06884765625,0.048583984375,-0.005126953125,-0.044189453125,0.089111328125,0.03369140625,-0.060546875,0.01611328125,0.070556640625,0.070556640625,-0.058349609375,-0.12158203125,-0.00439453125,0.068115234375,-0.03125,-0.06689453125,0.034423828125,-0.09375,-0.087646484375,0.047119140625,0.052734375,-0.059326171875,-0.036865234375,-0.036865234375,0.073486328125,0.0341796875,-0.10400390625,-0.0791015625,0.0419921875,0.0263671875,-0.022216796875,0.10107421875,0.009521484375,-0.1181640625,-0.0390625,0.072509765625,-0.00830078125,-0.108154296875,-0.108154296875,-0.015869140625,0.071533203125,-0.0390625,-0.0947265625,0.026611328125,0.109130859375,-0.094970703125,0.001220703125,0.037109375,-0.06494140625,-0.069580078125,0.0517578125,0.0625,0.0625,-0.059814453125,-0.061279296875,0.057861328125,0.055419921875,-0.05908203125,0.05859375,0.022705078125,-0.083251953125,-0.059814453125,0.04150390625,0.00341796875,-0.099853515625,-0.099853515625,-0.039794921875,0.078857421875,0.010986328125,-0.08984375,-0.006591796875,0.0771484375,-0.096435546875,0.000244140625,0.045654296875,-0.074462890625,-0.109619140625,0.012451171875,0.068603515625,0.068603515625,-0.02978515625,-0.06103515625,0.032470703125,0.03466796875,-0.076171875,0.0556640625,0.050537109375,-0.05712890625,-0.051025390625,0.0400390625,0.0234375,-0.076904296875,-0.046630859375,0.049072265625,0.049072265625,0.003173828125,-0.0751953125,-0.011474609375,0.06982421875,-0.082763671875,-0.01953125,0.0419921875,-0.01513671875,-0.059814453125,0.015869140625,0.062255859375,0.062255859375,-0.041259765625,-0.071044921875,0.030517578125,0.048583984375,-0.083740234375,0.02685546875,0.04150390625,-0.04345703125,-0.02490234375,0.057861328125,0.017333984375,-0.078369140625,-0.078369140625,-0.035888671875,0.072509765625,0.022216796875,-0.105224609375,0.037841796875,0.007080078125,-0.08251953125,-0.018798828125,0.097412109375,0.0087890625,-0.11279296875,-0.03515625,-0.03515625,0.08740234375,-0.004150390625,-0.097412109375,0.036376953125,-0.01953125,-0.061767578125,0.005126953125,0.05712890625,-0.02587890625,-0.074951171875,-0.00341796875,-0.00341796875,0.041748046875,-0.02978515625,-0.064453125,0.015869140625,-0.027099609375,-0.031982421875,0.041748046875,0.040771484375,-0.0517578125,-0.068603515625,0.0185546875,0.021728515625,0.021728515625,-0.072021484375,-0.04052734375,0.060791015625,0.0029296875,-0.04052734375,0.069580078125,0.01220703125,-0.08447265625,-0.02197265625,0.0771484375,-0.01904296875,-0.10400390625,-0.10400390625,-0.008544921875,0.057373046875,-0.04052734375,0.0146484375,0.071533203125,-0.03076171875,-0.05859375,0.0546875,0.0498046875,-0.072021484375,-0.053955078125,0.02978515625,0.02978515625,-0.00830078125,-0.080078125,-0.02978515625,0.032958984375,-0.0576171875,-0.0341796875,0.034912109375,-0.006591796875,-0.068603515625,-0.015625,0.0390625,-0.020751953125,-0.08056640625,-0.08056640625,-0.031005859375,0.043212890625,0.000244140625,0.009033203125,0.033203125,-0.056396484375,-0.05859375,0.05224609375,0.04541015625,-0.0732421875,-0.052734375,0.0498046875,0.02294921875,0.02294921875,-0.06640625,-0.035400390625,0.05908203125,-0.0849609375,-0.044677734375,0.065673828125,0.003662109375,-0.107177734375,-0.040283203125,0.067626953125,0.0146484375,-0.078369140625,-0.02587890625,-0.02587890625,0.0712890625,0.001220703125,-0.07666015625,0.03857421875,-0.032470703125,-0.094970703125,-0.03125,0.044677734375,-0.0078125,-0.0380859375,0.04443359375,0.060302734375,-0.043701171875,-0.061767578125,-0.061767578125,0.034423828125,0.0390625,-0.062744140625,0.03466796875,0.026611328125,-0.057861328125,-0.040283203125,0.063232421875,0.02001953125,-0.083251953125,-0.0498046875,0.03466796875,0.03466796875,0.010498046875,-0.0615234375,0.03662109375,-0.0078125,-0.06982421875,-0.0146484375,0.04248046875,-0.023681640625,-0.069091796875,-0.008056640625,0.049072265625,-0.00634765625,-0.063232421875,-0.063232421875,-0.00341796875,0.035888671875,-0.056884765625,0.03662109375,0.05029296875,-0.050537109375,-0.05419921875,0.04052734375,0.043212890625,-0.05322265625,-0.0576171875,0.028076171875,0.0029296875,0.0029296875,-0.051513671875,-0.0205078125,0.00048828125,-0.048583984375,-0.02587890625,0.034912109375,-0.00048828125,-0.0478515625,-0.0068359375,0.027099609375,-0.037353515625,-0.0732421875,0.007568359375,0.007568359375,0.05908203125,-0.042236328125,0.036865234375,0.04296875,-0.0361328125,-0.065185546875,0.010009765625,0.0224609375,-0.057861328125,-0.046142578125,0.04150390625,0.044677734375,0.044677734375,-0.036865234375,0.000732421875,-0.0166015625,-0.050537109375,-0.021728515625,0.03515625,-0.0068359375,-0.0673828125,-0.017578125,0.04150390625,-0.029541015625,-0.074462890625,-0.074462890625,0.039306640625,-0.042236328125,-0.06201171875,0.019775390625,0.066650390625,-0.026611328125,-0.087890625,-0.007080078125,0.051513671875,-0.023193359375,-0.064208984375,-0.064208984375,0.043212890625,-0.0361328125,-0.039306640625,0.027587890625,0.024169921875,-0.037109375,-0.055908203125,0.0,0.00634765625,-0.033935546875,-0.014404296875,0.052001953125,0.052001953125,-0.072265625,-0.046630859375,0.024658203125,-0.0087890625,-0.055908203125,-0.00244140625,0.05419921875,-0.0166015625,-0.04443359375,0.018798828125,0.023681640625,-0.05322265625,-0.0888671875,-0.004638671875,0.049560546875,-0.005859375,-0.029541015625,0.01416015625,0.00244140625,-0.0625,-0.05908203125,0.0205078125,0.014892578125,-0.037109375,-0.037109375,0.049560546875,0.011962890625,-0.063720703125,-0.047607421875,-0.0048828125,-0.021484375,-0.0537109375,-0.015625,0.063232421875,0.031982421875,-0.025390625,-0.00439453125,0.015869140625,-0.035400390625,-0.0634765625,-0.00439453125,0.021728515625,-0.025634765625,-0.01806640625,0.03515625,0.026123046875,-0.040283203125,-0.04541015625,0.0263671875,0.0146484375,-0.05712890625,-0.015869140625,0.05029296875,-0.00048828125,-0.0693359375,-0.059814453125,0.006591796875,-0.003662109375,-0.0517578125,-0.00341796875,0.069580078125,0.007568359375,-0.06787109375,-0.03564453125,0.011962890625,-0.048583984375,-0.08837890625,-0.010009765625,0.06640625,0.03515625,-0.014404296875,-0.00048828125,0.029296875,-0.03662109375,-0.083984375,-0.004150390625,0.03076171875,-0.025390625,-0.0234375,0.027587890625,0.0048828125,-0.03955078125,-0.03271484375,0.037353515625,0.02099609375,-0.08642578125,-0.0576171875,0.060302734375,0.032470703125,-0.087890625,-0.071533203125,0.04443359375,0.015380859375,-0.06103515625,-0.03466796875,0.050537109375,0.0205078125,-0.056396484375,-0.0224609375,0.033935546875,-0.00439453125,-0.062744140625,-0.0458984375,0.013427734375,-0.01513671875,-0.04638671875,0.0361328125,-0.028076171875,-0.028076171875,-0.058837890625,0.013916015625,0.027099609375,-0.0478515625,-0.060302734375,0.025146484375,0.02978515625,-0.034912109375,-0.056640625,-0.002197265625,0.010986328125,-0.04296875,-0.034423828125,0.029052734375,0.008056640625,-0.041748046875,-0.0263671875,0.034912109375,-0.014892578125,-0.061279296875,-0.004638671875,0.048828125,0.0048828125,-0.04638671875,0.009033203125,0.040283203125,-0.013427734375,-0.04541015625,-0.01806640625,0.005126953125,-0.03564453125,-0.03857421875,0.043701171875,0.036376953125,-0.038330078125,-0.0322265625,0.0234375,-0.010498046875,-0.0859375,0.02685546875,0.02685546875,0.014892578125,-0.0361328125,-0.01025390625,0.043701171875,0.00244140625,-0.062255859375,-0.025634765625,0.0205078125,-0.044921875,-0.036865234375,0.034423828125,-0.051513671875,-0.051513671875,-0.078369140625,-0.008056640625,0.004638671875,-0.037841796875,-0.009765625,0.05615234375,0.037353515625,-0.05322265625,-0.05859375,0.0458984375,-0.0771484375,-0.0771484375,-0.085205078125,0.03125,0.07861328125,0.003173828125,-0.07958984375,-0.0673828125,0.067138671875,0.05029296875,-0.07080078125,-0.0693359375,0.120361328125,-0.009521484375,-0.009521484375,-0.135986328125,-0.080810546875,0.06494140625,0.107666015625,-0.082763671875,-0.13427734375,0.01953125,0.1171875,0.0625,-0.13818359375,0.0439453125,0.09765625,0.09765625,0.0078125,-0.106689453125,-0.045166015625,0.093017578125,0.01611328125,-0.09423828125,-0.0927734375,-0.020751953125,0.085205078125,-0.117431640625,0.01904296875,0.01904296875,0.04833984375,0.054443359375,-0.035888671875,-0.120849609375,-0.003173828125,0.030517578125,0.043212890625,0.0009765625,-0.025390625,-0.00244140625,-0.05712890625,-0.063720703125,-0.063720703125,-0.002197265625,0.07080078125,0.029296875,-0.024169921875,-0.06201171875,-0.015380859375,0.041748046875,-0.005615234375,-0.01708984375,0.02099609375,0.0068359375,-0.00439453125,-0.00439453125,-0.031982421875,-0.06005859375,0.004150390625,-0.071044921875,0.00244140625,0.056884765625,-0.011474609375,0.086669921875,-0.07666015625,-0.078369140625,-0.109619140625,0.019287109375,0.01708984375,0.01708984375,-0.069091796875,0.073974609375,-0.014892578125,-0.053466796875,0.010498046875,-0.049560546875,-0.00439453125,-0.01171875,-0.054931640625,0.023193359375,-0.040771484375,-0.036376953125,-0.009033203125,-0.009033203125,0.003173828125,-0.028076171875,-0.029052734375,0.04052734375,0.0751953125,0.01416015625,-0.063720703125,-0.063232421875,0.000244140625,-0.00146484375,-0.054931640625,-0.037109375,0.0146484375,0.0146484375,-0.00927734375,-0.076416015625,-0.040283203125,0.10400390625,0.09765625,-0.099365234375,-0.135986328125,0.066650390625,0.137451171875,-0.23046875,-0.040771484375,0.185791015625,0.0068359375,0.0068359375,-0.20458984375,0.001220703125,0.19580078125,-0.0068359375,-0.237060546875,-0.05419921875,0.178466796875,0.05322265625,-0.12109375,0.14501953125,0.05859375,-0.14453125,-0.08203125,-0.08203125,0.07421875,0.037109375,-0.062255859375,-0.03173828125,-0.016845703125,-0.028564453125,0.077880859375,0.05322265625,-0.0947265625,0.12060546875,0.077392578125,-0.116455078125,-0.03662109375,-0.03662109375,0.09619140625,-0.00830078125,-0.06640625,-0.00146484375,-0.0068359375,-0.027099609375,0.046630859375,0.017578125,-0.03515625,0.07275390625,-0.020751953125,-0.078125,-0.017822265625,-0.017822265625,-0.013427734375,-0.0302734375,0.006591796875,-0.03369140625,-0.088134765625,0.024658203125,0.06494140625,-0.05712890625,-0.022705078125,-0.064453125,-0.01904296875,0.080078125,-0.023681640625,-0.023681640625,-0.15673828125,0.004638671875,0.10205078125,-0.064453125,-0.095947265625,0.056884765625,0.03857421875,-0.02001953125,0.05517578125,-0.010498046875,0.003662109375,0.003662109375,0.025146484375,-0.044921875,-0.021240234375,0.03515625,-0.0087890625,-0.00390625,0.0908203125,-0.110107421875,0.00439453125,0.081298828125,-0.031005859375,-0.03955078125,-0.03955078125,0.034423828125,-0.00927734375,-0.029296875,0.050537109375,-0.013671875,-0.09326171875,0.05224609375,-0.09423828125,-0.027099609375,0.08251953125,-0.032958984375,-0.032958984375,-0.10546875,0.040771484375,0.030029296875,-0.127197265625,-0.042236328125,0.068359375,-0.021240234375,0.00146484375,-0.00732421875,-0.052734375,-0.009765625,-0.04345703125,-0.04345703125,-0.08056640625,0.0458984375,0.0439453125,-0.100341796875,-0.0537109375,0.06005859375,-0.08349609375,0.0791015625,0.0673828125,-0.11376953125,-0.05078125,0.077880859375,0.077880859375,-0.000244140625,-0.065673828125,0.0087890625,0.01318359375,-0.05908203125,0.007568359375,-0.03564453125,0.0078125,0.028564453125,-0.045166015625,-0.025390625,0.05712890625,0.05712890625,-0.01611328125,-0.084716796875,0.061767578125,0.08203125,-0.111572265625,0.088134765625,0.053955078125,-0.06787109375,-0.025634765625,0.026123046875,-0.021484375,-0.021484375,0.00927734375,-0.007568359375,-0.0810546875,0.015380859375,0.094970703125,-0.04931640625,-0.133056640625,0.067626953125,-0.05078125,-0.029541015625,0.00390625,-0.028564453125,0.03515625,0.033935546875,0.033935546875,-0.10107421875,-0.0751953125,0.117431640625,0.0615234375,-0.173828125,0.099365234375,0.038818359375,-0.076171875,-0.043701171875,0.000732421875,-0.023681640625,-0.0009765625,-0.0009765625,-0.026123046875,-0.066650390625,0.033935546875,0.041748046875,-0.0830078125,-0.0517578125,0.034423828125,-0.062744140625,0.08056640625,0.044921875,-0.134765625,-0.052978515625,0.084228515625,0.020263671875,-0.05224609375,-0.05224609375,-0.02978515625,-0.02880859375,-0.00830078125,0.07275390625,-0.018310546875,0.025146484375,0.0908203125,-0.053466796875,-0.059814453125,0.046630859375,0.002197265625,-0.050537109375,0.07275390625,0.07275390625,0.059814453125,-0.117919921875,-0.0576171875,0.11474609375,-0.088134765625,-0.016845703125,0.075927734375,-0.021484375,-0.05322265625,-0.01025390625,-0.02099609375,-0.01220703125,-0.01220703125,0.021484375,-0.019287109375,-0.0595703125,0.005126953125,-0.0078125,-0.007080078125,0.0361328125,-0.05517578125,-0.03466796875,0.011474609375,-0.0546875,-0.053955078125,0.06982421875,0.06982421875,0.017333984375,-0.157470703125,-0.04931640625,0.116943359375,-0.0986328125,-0.007568359375,0.038330078125,-0.045654296875,-0.0322265625,0.00830078125,-0.031494140625,0.00341796875,0.021728515625,0.021728515625,-0.04736328125,-0.02880859375,0.01806640625,-0.027587890625,-0.029052734375,0.015380859375,-0.102294921875,0.01806640625,0.09033203125,-0.03173828125,-0.048583984375,0.031982421875,0.031982421875,-0.009033203125,-0.0361328125,0.0048828125,-0.104736328125,0.013671875,0.072021484375,-0.056884765625,-0.05908203125,-0.05908203125,0.03466796875,-0.014404296875,0.059814453125,0.038818359375,-0.131103515625,-0.06005859375,0.1005859375,0.0234375,0.0234375,-0.09716796875,-0.012451171875,-0.0439453125,-0.050537109375,-0.00146484375,-0.02197265625,-0.001953125,0.01025390625,0.01025390625,-0.042724609375,-0.04345703125,-0.036376953125,-0.0478515625,0.055419921875,0.008544921875,-0.126220703125,-0.023681640625,-0.023681640625,0.105712890625,-0.007568359375,0.013916015625,0.053466796875,-0.05908203125,-0.02587890625,0.03955078125,-0.007568359375,-0.007568359375,-0.006103515625,0.016357421875,-0.048583984375,0.024658203125,-0.008544921875,-0.059326171875,0.046875,0.0419921875,0.0419921875,-0.1015625,-0.0517578125,0.0009765625,-0.083740234375,0.001220703125,0.013916015625,-0.044189453125,0.038818359375,0.01171875,0.01171875,-0.111572265625,0.120361328125,-0.021484375,-0.1669921875,0.00634765625,0.1064453125,-0.034912109375,-0.0654296875,-0.0654296875,-0.007080078125,0.01171875,0.005126953125,-0.08203125,-0.0400390625,0.124267578125,0.032958984375,-0.16796875,-0.16796875,-0.03173828125,0.0,-0.05615234375,0.0048828125,-0.0166015625,-0.025146484375,0.056396484375,-0.0302734375,-0.0302734375,-0.11962890625,0.1298828125,-0.09521484375,-0.165771484375,0.046142578125,0.09814453125,-0.063720703125,-0.073974609375,-0.073974609375,-0.002197265625,0.00732421875,0.0146484375,-0.054931640625,-0.05224609375,0.042236328125,0.00634765625,-0.073974609375,-0.073974609375,0.001220703125,-0.052978515625,0.03515625,0.054443359375,-0.09375,-0.087646484375,0.0849609375,0.039306640625,0.039306640625,-0.106201171875,0.06640625,-0.031005859375,-0.02880859375,0.00048828125,-0.052001953125,-0.020263671875,0.08642578125,0.0009765625,0.0009765625,-0.001953125,0.08447265625,-0.0205078125,-0.04541015625,0.00830078125,-0.021240234375,-0.023193359375,0.05322265625,0.05322265625,-0.098388671875,0.046142578125,0.084228515625,-0.0791015625,-0.07373046875,0.03466796875,-0.009033203125,-0.05126953125,-0.05126953125,0.026611328125,-0.13720703125,-0.025390625,0.122802734375,-0.00244140625,-0.115966796875,0.00146484375,0.047607421875,0.047607421875,-0.0419921875,0.013916015625,-0.03173828125,-0.010009765625,0.01171875,-0.042724609375,-0.029541015625,0.0146484375,-0.0390625,-0.04296875,0.07568359375,0.013916015625,-0.124267578125,0.000244140625,0.09375,-0.03515625,-0.079833984375,0.017578125,0.001953125,-0.040283203125,0.046142578125,0.003173828125,-0.096923828125,0.015625,0.0810546875,-0.04345703125,-0.07373046875,0.02490234375,0.00048828125,-0.056396484375,0.052001953125,0.050537109375,-0.099853515625,-0.062255859375,0.065673828125,0.029296875,-0.0546875,-0.007568359375,0.0146484375,-0.03759765625,0.0087890625,-0.003173828125,-0.067138671875,0.0048828125,0.037353515625,0.037353515625,-0.0517578125,0.0458984375,-0.0166015625,-0.0908203125,0.046630859375,0.06396484375,-0.11279296875,-0.089111328125,-0.089111328125,0.062744140625,-0.07958984375,-0.04052734375,0.033203125,-0.02587890625,-0.018310546875,-0.0068359375,-0.041259765625,-0.000244140625,0.029052734375,-0.0400390625,-0.048583984375,0.051513671875,-0.011474609375,-0.101806640625,0.04443359375,0.0986328125,-0.079833984375,-0.09521484375,0.06884765625,0.056640625,-0.052490234375,-0.01708984375,-0.0009765625,-0.030517578125,0.05322265625,0.006103515625,-0.123291015625,-0.0126953125,0.14501953125,-0.002197265625,-0.19091796875,-0.02880859375,0.1103515625,-0.009033203125,-0.0673828125,-0.020751953125,-0.026123046875,-0.01904296875,0.025390625,-0.035888671875,-0.070556640625,0.06103515625,0.0537109375,-0.07958984375,-0.033935546875,0.01171875,-0.02978515625,0.014404296875,0.061767578125,-0.05859375,-0.1171875,0.059814453125,0.062744140625,-0.080810546875,-0.03564453125,0.020751953125,-0.032958984375,-0.002685546875,0.05078125,-0.058349609375,-0.09033203125,0.09423828125,0.08349609375,-0.13720703125,-0.094970703125,0.104248046875,0.0771484375,-0.078857421875,-0.0458984375,0.02587890625,-0.017578125,0.00732421875,0.00439453125,-0.058837890625,-0.01904296875,0.050048828125,-0.0166015625,-0.08154296875,0.0107421875,0.017578125,-0.068603515625,-0.004150390625,0.038330078125,-0.034912109375,-0.018798828125,0.01171875,-0.053955078125,-0.043701171875,0.0947265625,0.033935546875,-0.1484375,-0.0341796875,0.115966796875,0.00537109375,-0.096923828125,-0.0009765625,0.02880859375,-0.0615234375,-0.013916015625,0.025146484375,-0.044677734375,-0.0068359375,0.032470703125,-0.04345703125,-0.038818359375,0.014892578125,-0.03173828125,-0.035888671875,0.079833984375,0.0166015625,-0.0029296875,0.089599609375,-0.017822265625,-0.0498046875,0.0146484375,0.0146484375,-0.013671875,-0.026611328125,0.059814453125,-0.0166015625,-0.12060546875,0.018310546875,0.078369140625,-0.06396484375,-0.07421875,0.031982421875,-0.013916015625,-0.0615234375,0.0458984375,0.01123046875,-0.109619140625,-0.0009765625,0.09033203125,-0.026611328125,0.02197265625,0.021484375,-0.046630859375,-0.011474609375,-0.0908203125,0.01708984375,-0.0078125,-0.0029296875,-0.0029296875,-0.0283203125,-0.0283203125,0.013916015625,-0.057861328125,-0.063720703125,0.080322265625,0.039794921875,-0.124267578125,-0.056884765625,0.009521484375,0.009521484375,-0.062744140625,0.00341796875,0.001953125,-0.031005859375,0.05224609375,0.00439453125,-0.106689453125,0.134521484375,0.134521484375,-0.024658203125,-0.167724609375,0.0166015625,0.127197265625,-0.028564453125,-0.085205078125,-0.016357421875,-0.01806640625,-0.01806640625,0.008056640625,-0.03466796875,-0.050048828125,0.045166015625,0.013671875,-0.084228515625,0.00927734375,0.033935546875,-0.016845703125,-0.016845703125,0.104736328125,-0.00244140625,-0.1328125,0.017822265625,0.087646484375,-0.033935546875,-0.044677734375,-0.030517578125,-0.030517578125,0.0283203125,0.03759765625,-0.105224609375,-0.100341796875,0.114501953125,0.073486328125,-0.089599609375,0.10400390625,0.0537109375,0.0537109375,-0.060546875,-0.035888671875,-0.003173828125,0.000244140625,0.0380859375,-0.0517578125,0.07568359375,0.07568359375,0.0927734375,-0.119384765625,-0.130126953125,0.072998046875,0.053466796875,-0.075927734375,-0.0126953125,0.00927734375,-0.055908203125,0.00341796875,-0.069091796875,-0.01611328125,-0.01611328125,0.09033203125,-0.0234375,-0.134033203125,0.0322265625,0.0888671875,-0.030029296875,0.01123046875,-0.03271484375,-0.03271484375,-0.01318359375,0.068115234375,-0.032470703125,-0.10791015625,0.05322265625,0.062255859375,-0.03759765625,0.044189453125,0.044189453125,-0.0517578125,-0.063720703125,0.090576171875,0.03125,-0.166015625,-0.0439453125,-0.00439453125,-0.105712890625,-0.105712890625,0.021484375,0.07275390625,-0.056884765625,-0.0517578125,0.007080078125,-0.017822265625,0.02001953125,-0.071533203125,-0.071533203125,-0.056640625,0.046630859375,0.001220703125,-0.08740234375,-0.0009765625,0.024658203125,-0.005859375,-0.01025390625,-0.078369140625,-0.078369140625,0.01806640625,0.109375,-0.052490234375,-0.14990234375,0.06103515625,-0.06787109375,-0.06298828125,0.03076171875,0.03076171875,-0.00048828125,-0.0185546875,0.010009765625,-0.04736328125,-0.05078125,0.017822265625,-0.116943359375,-0.007080078125,-0.007080078125,0.0556640625,-0.05810546875,-0.046142578125,0.086181640625,0.005615234375,0.016357421875,0.110595703125,-0.04248046875,-0.04248046875,-0.080322265625,0.044189453125,0.045166015625,-0.053955078125,-0.018310546875,-0.033203125,0.00244140625,0.00634765625,0.00634765625,-0.074462890625,-0.03369140625,0.033203125,-0.036865234375,-0.07568359375,0.019287109375,-0.062744140625,-0.012939453125,-0.012939453125,-0.021728515625,-0.066162109375,0.0439453125,0.07861328125,-0.07421875,-0.112548828125,0.06591796875,0.067138671875,-0.08203125,-0.02392578125,0.043212890625,-0.04052734375,-0.044189453125,0.026611328125,-0.010986328125,0.03662109375,0.001708984375,-0.07666015625,-0.07666015625,0.02294921875,0.028076171875,-0.077392578125,-0.00390625,0.107421875,-0.023193359375,0.039794921875,0.13037109375,-0.044677734375,-0.044677734375,-0.0751953125,0.02783203125,0.012939453125,-0.025390625,0.00732421875,-0.0263671875,-0.048583984375,0.040771484375,0.00048828125,-0.093994140625,0.0078125,0.023681640625,-0.098388671875,-0.0419921875,0.099365234375,-0.006591796875,-0.1513671875,0.001708984375,-0.055908203125,0.0068359375,0.04443359375,-0.06103515625,0.080322265625,0.0517578125,-0.083740234375,-0.10205078125,0.12109375,0.093994140625,-0.163818359375,-0.10986328125,-0.10986328125,0.0966796875,0.058349609375,-0.073486328125,-0.032470703125,0.004638671875,-0.048583984375,0.00634765625,-0.061767578125,0.019287109375,0.054443359375,-0.044921875,-0.053466796875,-0.053466796875,0.03515625,-0.016845703125,-0.04931640625,0.079833984375,0.02587890625,-0.012451171875,0.0380859375,0.1005859375,-0.02392578125,-0.09521484375,0.0107421875,-0.004150390625,-0.072265625,0.0146484375,-0.10400390625,-0.0205078125,0.0791015625,-0.03271484375,-0.1005859375,0.0224609375,0.019287109375,-0.049560546875,0.046142578125,0.041748046875,-0.097412109375,-0.0458984375,0.09521484375,0.010986328125,-0.12548828125,0.005615234375,0.093994140625,-0.049560546875,-0.072265625,0.00927734375,0.006591796875,-0.01611328125,0.008544921875,-0.018310546875,-0.043701171875,0.0322265625,-0.01171875,-0.073974609375,0.052978515625,0.052978515625,0.072998046875,-0.09521484375,-0.0908203125,0.074462890625,-0.064453125,-0.007080078125,-0.004150390625,-0.064208984375,0.0166015625,0.0185546875,-0.084716796875,-0.038818359375,-0.038818359375,0.07373046875,-0.0146484375,-0.110595703125,0.0185546875,-0.06591796875,0.0166015625,0.0419921875,-0.0849609375,-0.0849609375,-0.06640625,0.084228515625,0.02392578125,-0.100341796875,0.0029296875,0.04150390625,-0.026611328125,0.03759765625,-0.020263671875,-0.039794921875,0.025634765625,-0.02587890625,-0.02587890625,-0.074951171875,0.04541015625,0.017822265625,0.00537109375,0.067138671875,-0.03466796875,-0.04345703125,0.05126953125,-0.030029296875,-0.087646484375,0.090087890625,0.09521484375,-0.11083984375,-0.09326171875,0.0810546875,0.0537109375,-0.072509765625,-0.02294921875,-0.02294921875,0.0185546875,-0.03369140625,0.008544921875,0.001708984375,-0.056396484375,0.00146484375,0.03857421875,-0.05517578125,-0.076416015625,-0.005859375,-0.094970703125,0.046630859375,0.07080078125,-0.09814453125,-0.0908203125,0.06689453125,0.04833984375,-0.06494140625,-0.029052734375,-0.019287109375,-0.04931640625,0.03369140625,-0.005126953125,-0.114013671875,-0.018798828125,0.1171875,-0.01025390625,-0.166748046875,-0.166748046875,-0.005126953125,0.0966796875,-0.0146484375,-0.044677734375,-0.02685546875,0.033935546875,0.04833984375,-0.093505859375,-0.113037109375,0.11474609375,0.10595703125,-0.14208984375,-0.093505859375,0.1025390625,0.060546875,-0.07861328125,-0.037109375,0.016357421875,-0.029296875,-0.029296875,0.024169921875,0.009765625,-0.065673828125,0.005859375,-0.03515625,-0.020751953125,-0.056396484375,0.030029296875,-0.057373046875,0.087158203125,0.041015625,-0.140380859375,-0.054443359375,0.07666015625,-0.012451171875,-0.077880859375,0.022705078125,0.022705078125,0.01953125,-0.06396484375,0.005615234375,-0.019775390625,-0.0859375,0.03466796875,0.073974609375,-0.11865234375,0.086181640625,0.086181640625,0.069091796875,-0.0849609375,-0.021728515625,0.010009765625,-0.046630859375,0.024169921875,-0.09375,-0.073486328125,0.130615234375,0.046875,-0.181396484375,-0.03955078125,0.129638671875,0.015380859375,-0.087646484375,-0.02099609375,0.01708984375,-0.007080078125,0.028076171875,0.028076171875,-0.04541015625,-0.08837890625,0.076171875,0.0888671875,-0.069580078125,-0.04833984375,-0.02734375,-0.082275390625,0.072265625,0.052734375,-0.134765625,-0.052001953125,0.081298828125,-0.00048828125,-0.07568359375,0.000732421875,0.009765625,-0.05126953125,0.020263671875,0.005126953125,-0.068603515625,0.02294921875,0.02294921875,0.041259765625,-0.0888671875,-0.07177734375,0.061279296875,-0.000244140625,-0.08740234375,0.04052734375,0.0390625,-0.02001953125,-0.02001953125,0.028076171875,-0.05712890625,0.08203125,-0.01318359375,-0.122314453125,0.032958984375,0.068603515625,-0.068603515625,-0.03662109375,0.04541015625,-0.010498046875,-0.04541015625,0.03759765625,0.0029296875,-0.072021484375,0.025146484375,0.016845703125,-0.072509765625,-0.072509765625,0.013916015625,-0.059326171875,-0.071044921875,0.0576171875,0.0146484375,-0.0869140625,0.00830078125,0.0048828125,-0.068115234375,0.031494140625,0.07568359375,-0.067626953125,-0.067626953125,-0.11083984375,0.0654296875,-0.09375,-0.024169921875,0.077392578125,-0.0224609375,-0.092529296875,0.002197265625,0.03515625,-0.040283203125,-0.013916015625,-0.000244140625,-0.000244140625,0.007080078125,0.007080078125,-0.01220703125,0.01220703125,0.0771484375,-0.0537109375,-0.10986328125,0.062744140625,0.060791015625,-0.068359375,-0.0009765625,0.01953125,-0.060302734375,-0.005615234375,-0.005615234375,0.0654296875,-0.09326171875,0.089111328125,0.062255859375,-0.14794921875,-0.0703125,0.09228515625,0.023193359375,-0.078857421875,-0.0224609375,0.021484375,-0.010009765625,0.0166015625,-0.049560546875,-0.049560546875,-0.08154296875,0.08740234375,-0.091064453125,-0.09912109375,0.07666015625,0.039794921875,-0.094970703125,-0.0107421875,0.03759765625,-0.026611328125,0.003173828125,-0.01416015625,-0.079345703125,0.004638671875,0.09814453125,-0.054443359375,-0.166259765625,0.048583984375,0.099365234375,-0.075439453125,-0.052734375,0.04931640625,0.001953125,0.001953125,0.006103515625,-0.035888671875,-0.041748046875,0.10205078125,0.026611328125,-0.15576171875,-0.043212890625,0.102294921875,0.00390625,-0.078857421875,0.0,-0.005615234375,-0.036865234375,0.057861328125,-0.020751953125,-0.1298828125,0.021240234375,0.021240234375,-0.0439453125,-0.171142578125,0.037109375,0.12744140625,-0.047119140625,-0.083984375,0.011474609375,0.01611328125,-0.010498046875,0.00634765625,-0.0283203125,-0.056640625,0.036865234375,0.025146484375,-0.072265625,-0.00341796875,0.010498046875,-0.06640625,-0.015625,0.08984375,-0.00634765625,-0.14306640625,0.0087890625,0.093994140625,-0.035888671875,-0.051025390625,0.010498046875,0.0068359375,0.001953125,-0.001953125,-0.071533203125,-0.049072265625,0.11767578125,0.03515625,-0.16796875,-0.041015625,0.1015625,-0.005126953125,-0.08349609375,-0.00634765625,-0.0029296875,-0.031005859375,0.050048828125,-0.02294921875,-0.111328125,0.05029296875,0.1171875,-0.0849609375,-0.159912109375,0.05126953125,0.098876953125,-0.072998046875,-0.063232421875,0.007080078125,-0.008056640625,0.00927734375,-0.02978515625,-0.095703125,-0.00537109375,0.12451171875,-0.011474609375,-0.15478515625,0.02490234375,0.0947265625,-0.041015625,-0.045654296875,0.007080078125,-0.014404296875,0.002685546875,0.0615234375,-0.044921875,-0.109619140625,0.0703125,-0.0068359375,0.07470703125,-0.059326171875,0.034912109375,-0.018310546875,-0.030517578125,0.052978515625,-0.020263671875,-0.1201171875,0.030517578125,0.085693359375,-0.067138671875,-0.0751953125,0.067626953125,0.05419921875,-0.088623046875,-0.04931640625,0.016357421875,-0.000732421875,0.023681640625,-0.02978515625,-0.078857421875,0.020751953125,0.064697265625,-0.08154296875,-0.112548828125,0.094482421875,0.07421875,-0.148681640625,-0.07568359375,0.106689453125,0.051513671875,-0.076904296875,-0.0400390625,0.018310546875,-0.017822265625,0.022705078125,0.0068359375,-0.0703125,0.005615234375,0.051513671875,-0.04248046875,-0.064697265625,0.016357421875,-0.01123046875,-0.045166015625,0.056396484375,0.008544921875,-0.12109375,0.007080078125,0.11083984375,-0.038818359375,-0.113037109375,0.046875,0.0771484375,-0.07763671875,-0.035888671875,0.026611328125,-0.021240234375,0.004150390625,0.022705078125,-0.041015625,-0.03955078125,0.042236328125,-0.033203125,-0.0849609375,0.0654296875,0.036865234375,-0.03271484375,-0.03271484375,-0.003662109375,-0.039794921875,0.087890625,0.026123046875,0.012939453125,-0.06103515625,0.02587890625,-0.0078125,-0.091064453125,0.043701171875,0.10888671875,-0.07763671875,-0.152587890625,0.049560546875,0.088134765625,-0.04736328125,-0.037109375,-0.024658203125,-0.032958984375,0.023193359375,0.030517578125,-0.118408203125,-0.071044921875,0.013427734375,0.148681640625,-0.185546875,-0.057861328125,0.137939453125,-0.101318359375,-0.037841796875,-0.037841796875,0.036376953125,-0.00634765625,0.00048828125,-0.0322265625,-0.060302734375,0.049072265625,0.05126953125,-0.09423828125,-0.079345703125,0.072509765625,0.025146484375,-0.110595703125,-0.016357421875,0.054443359375,-0.028076171875,-0.02099609375,-0.02978515625,-0.079345703125,0.00048828125,0.1171875,-0.190185546875,0.009033203125,0.15185546875,-0.0439453125,-0.115966796875,0.03369140625,0.05322265625,-0.061767578125,-0.03857421875,-0.03857421875,0.010986328125,-0.02490234375,0.0234375,0.01123046875,-0.073974609375,-0.007568359375,0.043212890625,-0.03076171875,-0.029296875,0.06982421875,-0.00732421875,-0.114990234375,0.031494140625,0.06640625,-0.067626953125,-0.028564453125,0.0390625,-0.036376953125,-0.040771484375,0.0654296875,-0.0107421875,-0.10791015625,0.06298828125,-0.080810546875,-0.03515625,-0.03515625,0.032958984375,-0.04296875,-0.0517578125,0.0576171875,-0.01025390625,-0.123046875,0.02294921875,0.071044921875,-0.066650390625,-0.052734375,0.05126953125,0.001708984375,-0.079345703125,0.0029296875,0.009765625,-0.055419921875,0.01806640625,0.014404296875,-0.067626953125,-0.013671875,0.04736328125,-0.03515625,-0.061279296875,0.06591796875,-0.083740234375,-0.002685546875,0.01806640625,-0.0615234375,-0.0615234375,0.00341796875,0.087158203125,-0.03662109375,-0.144287109375,0.048095703125,0.12158203125,-0.0732421875,-0.089111328125,0.052490234375,0.0400390625,-0.06787109375,-0.020751953125,0.03759765625,-0.02001953125,0.004150390625,-0.00439453125,-0.0009765625,0.017333984375,-0.05224609375,-0.02490234375,-0.02490234375,0.061279296875,-0.02490234375,-0.12841796875,0.031005859375,0.072509765625,-0.071044921875,-0.044189453125,0.01416015625,-0.03125,-0.017578125,0.03466796875,-0.070556640625,-0.1103515625,0.098388671875,0.089111328125,-0.15771484375,0.1103515625,0.06689453125,-0.095947265625,-0.04638671875,0.039306640625,-0.014404296875,0.0,-0.0234375,-0.0234375,-0.0595703125,0.039794921875,0.0498046875,-0.069580078125,-0.05859375,0.0703125,-0.0078125,-0.087890625,0.06982421875,-0.1103515625,-0.051025390625,0.078369140625,-0.003173828125,-0.003173828125,-0.0654296875,0.0419921875,0.023681640625,-0.074951171875,0.012939453125,0.0146484375,-0.069580078125,0.013427734375,-0.071044921875,-0.119873046875,0.058837890625,0.05517578125,-0.086181640625,-0.086181640625,-0.030517578125,0.0078125,-0.058349609375,-0.0126953125,0.0478515625,-0.05224609375,-0.08544921875,0.05029296875,-0.103515625,-0.02294921875,0.03369140625,-0.045166015625,-0.045166015625,-0.020263671875,0.06201171875,-0.021484375,-0.112060546875,0.0341796875,0.0546875,-0.087646484375,-0.034912109375,-0.011474609375,-0.055908203125,0.025390625,0.010986328125,0.010986328125,-0.05078125,0.03759765625,0.0244140625,-0.08544921875,0.008056640625,0.06640625,-0.050048828125,-0.0537109375,0.069580078125,0.012939453125,-0.095458984375,0.0146484375,-0.075927734375,0.0263671875,0.07470703125,-0.088623046875,-0.126220703125,0.07275390625,0.07080078125,0.07080078125,-0.124755859375,-0.05224609375,0.079345703125,-0.01953125,-0.090087890625,-0.005126953125,0.031982421875,-0.028076171875,-0.0107421875,-0.01123046875,0.024169921875,-0.017333984375,-0.09326171875,0.02099609375,0.074951171875,-0.07470703125,-0.102294921875,0.0810546875,0.0810546875,0.0546875,-0.091796875,-0.012451171875,0.030029296875,-0.04296875,0.00732421875,0.04833984375,-0.049560546875,-0.0634765625,0.03662109375,-0.095703125,-0.003662109375,0.029052734375,-0.047607421875,0.0107421875,0.0712890625,-0.040771484375,-0.040771484375,-0.112548828125,0.047607421875,0.060791015625,-0.10107421875,-0.039306640625,0.08056640625,-0.004150390625,-0.09228515625,-0.01220703125,-0.01953125,0.003662109375,-0.032958984375,-0.070068359375,0.052734375,0.034912109375,-0.114013671875,-0.0517578125,-0.0517578125,0.1083984375,0.00390625,-0.1669921875,-0.01416015625,0.10107421875,-0.009765625,-0.044921875,-0.028076171875,0.01806640625,0.05908203125,-0.062255859375,-0.1142578125,0.095458984375,0.1044921875,-0.146728515625,-0.1064453125,0.11328125,0.063232421875,0.063232421875,-0.1005859375,-0.037353515625,0.05517578125,-0.008056640625,-0.000732421875,-0.022705078125,-0.073486328125,0.019775390625,0.088134765625,-0.032470703125,-0.129150390625,0.158447265625,-0.0361328125,-0.1787109375,-0.014404296875,0.160400390625,-0.021240234375,-0.160400390625,0.028564453125,0.103271484375,-0.062744140625,-0.080810546875,0.019287109375,-0.037841796875,-0.076904296875,0.058837890625,0.066650390625,-0.1103515625,-0.1103515625,-0.0693359375,0.100830078125,0.015869140625,-0.14306640625,-0.037353515625,0.1318359375,0.04638671875,-0.099365234375,-0.037841796875,0.08935546875,0.0390625,-0.1162109375,0.089599609375,0.028564453125,-0.122802734375,-0.0546875,0.026123046875,-0.031494140625,-0.001220703125,0.016357421875,-0.133544921875,-0.05712890625,0.188232421875,0.076416015625,-0.24072265625,-0.07080078125,0.244140625,0.03564453125,-0.210205078125,-0.04638671875,0.12451171875,-0.012939453125,-0.06591796875,0.02490234375,-0.08544921875,-0.08544921875,-0.09423828125,0.08984375,0.0048828125,-0.16650390625,-0.015380859375,0.126953125,-0.05908203125,-0.119873046875,0.06494140625,0.026123046875,0.085205078125,0.01171875,-0.101806640625,0.039306640625,0.125732421875,-0.09521484375,-0.099853515625,0.13671875,0.04541015625,-0.126708984375,-0.013916015625,0.043701171875,-0.047607421875,-0.016357421875,0.025146484375,-0.063720703125,0.00341796875,0.110107421875,-0.0712890625,-0.086669921875,-0.086669921875,0.130615234375,0.055419921875,-0.146728515625,-0.032470703125,0.115966796875,-0.026611328125,-0.0341796875,0.07470703125,-0.0791015625,-0.1328125,0.029541015625,-0.155517578125,-0.04443359375,0.1142578125,-0.076904296875,-0.156982421875,0.039306640625,0.014404296875,-0.095458984375,-0.002685546875,0.03466796875,-0.067626953125,-0.007568359375,0.11083984375,-0.05908203125,-0.117431640625,0.076171875,0.030517578125,-0.1103515625,-0.010498046875,-0.010498046875,0.06689453125,-0.05419921875,-0.04248046875,0.041748046875,-0.077880859375,-0.052001953125,0.102294921875,-0.032470703125,-0.102783203125,0.10009765625,-0.127197265625,-0.037353515625,0.127197265625,-0.047119140625,-0.0556640625,0.126953125,0.002685546875,-0.093505859375,0.083984375,0.064208984375,-0.162109375,-0.01904296875,0.178955078125,-0.0771484375,-0.173095703125,0.085693359375,0.069091796875,-0.11865234375,-0.025634765625,0.07275390625,0.07275390625,-0.083251953125,-0.071044921875,0.10986328125,-0.0087890625,-0.110107421875,0.05517578125,0.052490234375,-0.060791015625,0.075439453125,-0.036865234375,-0.06884765625,0.037353515625,-0.061279296875,-0.08740234375,0.047119140625,-0.0126953125,-0.118896484375,0.028564453125,0.089599609375,-0.1123046875,-0.08740234375,0.11279296875,0.0078125,-0.096435546875,0.029296875,0.03857421875,-0.042724609375,0.0205078125,0.055419921875,-0.09765625,-0.09765625,-0.032470703125,0.142578125,-0.038330078125,-0.17041015625,0.038330078125,-0.07275390625,-0.07177734375,0.0966796875,-0.013427734375,-0.106201171875,0.050537109375,0.037109375,-0.07080078125,0.031494140625,0.0947265625,-0.073486328125,-0.1005859375,0.064208984375,0.014404296875,-0.035888671875,0.0380859375,-0.0380859375,-0.08056640625,0.048095703125,0.031005859375,-0.133544921875,-0.02099609375,0.11865234375,-0.079833984375,-0.113037109375,-0.113037109375,0.087890625,0.006591796875,-0.099853515625,0.062744140625,0.066162109375,-0.056640625,0.177978515625,-0.0126953125,-0.144287109375,0.067138671875,0.06982421875,-0.118408203125,-0.059326171875,0.0693359375,-0.027587890625,-0.036865234375,0.04541015625,-0.067138671875,-0.067138671875,0.078369140625,-0.023681640625,-0.133056640625,0.05615234375,0.1259765625,-0.104248046875,-0.093017578125,0.10888671875,-0.012939453125,-0.0966796875,0.043212890625,0.043212890625,0.008056640625,-0.084716796875,0.025390625,-0.123779296875,-0.03955078125,0.13671875,-0.057861328125,-0.16650390625,0.0400390625,0.070068359375,-0.0712890625,0.00244140625,0.071044921875,-0.10400390625,-0.082275390625,0.1201171875,0.00244140625,-0.129638671875,0.050048828125,0.11962890625,-0.08056640625,-0.099365234375,0.063720703125,0.006591796875,-0.036865234375,0.034912109375,-0.074951171875,-0.0458984375,-0.05517578125,0.088623046875,-0.1435546875,-0.01123046875,-0.01123046875,0.141845703125,-0.062744140625,-0.110107421875,0.087646484375,0.025634765625,0.037353515625,0.007080078125,-0.11328125,0.03125,0.123046875,-0.131103515625,-0.124267578125,0.14404296875,0.01708984375,-0.197998046875,-0.033203125,0.100341796875,-0.071044921875,-0.07421875,0.082275390625,-0.046875,-0.11474609375,0.055908203125,0.020263671875,-0.103759765625,0.013427734375,0.07373046875,-0.084716796875,-0.041748046875,0.0859375,-0.084228515625,-0.0947265625,0.1298828125,0.02685546875,-0.168212890625,0.0048828125,0.143798828125,-0.07568359375,-0.093017578125,0.094970703125,-0.0302734375,-0.11279296875,0.084716796875,0.08154296875,-0.101318359375,-0.017578125,0.1044921875,-0.0517578125,-0.0751953125,0.08984375,0.00146484375,-0.073974609375,0.07958984375,0.058349609375,-0.119384765625,-0.05078125,0.108154296875,-0.0361328125,-0.097900390625,0.060791015625,0.000732421875,-0.08251953125,0.03076171875,0.023681640625,-0.121826171875,-0.03125,0.109130859375,-0.053955078125,-0.10546875,0.06982421875,0.017333984375,-0.08740234375,-0.005126953125,0.00732421875,-0.07666015625,0.0009765625,0.0634765625,-0.11083984375,-0.060302734375,0.127197265625,-0.030029296875,-0.150146484375,0.02734375,0.07177734375,-0.093505859375,-0.013671875,0.125,-0.078125,-0.1484375,0.0849609375,0.064697265625,-0.107177734375,-0.00146484375,0.116943359375,-0.053955078125,-0.1044921875,0.083984375,0.01220703125,-0.093017578125,0.027099609375,0.025390625,-0.073974609375,-0.00341796875,0.05517578125,-0.082275390625,-0.034912109375,0.096923828125,-0.068603515625,-0.109130859375,0.090087890625,0.032958984375,-0.101318359375,0.02978515625,0.06884765625,-0.106689453125,-0.0283203125,0.114501953125,-0.07958984375,-0.085693359375,0.13037109375,0.009765625,-0.168701171875,0.009033203125,0.110595703125,-0.099365234375,0.11279296875,-0.0556640625,-0.0556640625,-0.128173828125,0.069580078125,0.033935546875,-0.128173828125,-0.001953125,0.11669921875,-0.05029296875,-0.08349609375,0.051513671875,-0.0322265625,-0.048095703125,0.072265625,-0.025634765625,-0.12548828125,0.049072265625,0.10400390625,-0.132568359375,-0.076416015625,0.143310546875,-0.0263671875,-0.186279296875,0.016357421875,0.11328125,-0.0537109375,-0.047607421875,0.05810546875,-0.058837890625,0.06396484375,-0.015625,-0.07763671875,-0.07763671875,0.066162109375,0.06396484375,-0.119873046875,-0.057373046875,0.109619140625,-0.04248046875,-0.108154296875,0.07666015625,0.038330078125,-0.101806640625,-0.004150390625,0.07861328125,-0.058349609375,-0.053955078125,0.065673828125,-0.0400390625,-0.0498046875,0.08984375,-0.017578125,-0.112060546875,0.059814453125,0.08837890625,-0.132080078125,-0.080810546875,0.137451171875,-0.004150390625,-0.11865234375,0.0400390625,-0.1201171875,-0.039794921875,0.063720703125,0.063720703125,-0.065185546875,-0.040283203125,0.091796875,-0.048095703125,-0.0869140625,0.074462890625,-0.00537109375,-0.1171875,0.0546875,0.0859375,-0.132568359375,-0.056396484375,0.121337890625,-0.055908203125,-0.095458984375,0.0849609375,-0.0224609375,-0.142822265625,0.06201171875,0.123291015625,-0.1396484375,-0.081298828125,0.162109375,-0.01953125,0.027587890625,0.078369140625,-0.054931640625,0.0048828125,0.059326171875,0.059326171875,-0.109619140625,-0.063720703125,0.145751953125,-0.001220703125,-0.1611328125,0.028564453125,0.12451171875,-0.061767578125,-0.106689453125,0.042724609375,-0.00244140625,-0.045654296875,0.03369140625,-0.037109375,-0.07861328125,0.061279296875,0.068115234375,-0.10888671875,-0.059326171875,0.095703125,-0.012939453125,-0.076904296875,0.025634765625,-0.020263671875,-0.043212890625,0.07568359375,0.0205078125,-0.1552734375,-0.0390625,0.1455078125,-0.03662109375,0.034912109375,0.078857421875,0.0224609375,-0.112548828125,-0.0029296875,0.0595703125,-0.06689453125,0.00537109375,0.102783203125,-0.09521484375,-0.10693359375,0.107421875,0.015380859375,-0.126708984375,0.032958984375,0.080810546875,-0.111328125,-0.0478515625,0.119384765625,-0.070068359375,-0.123046875,0.106689453125,0.037353515625,-0.177734375,-0.038330078125,0.136962890625,-0.045166015625,-0.09521484375,0.05615234375,-0.04150390625,-0.099609375,0.0576171875,0.023193359375,-0.1005859375,0.026611328125,0.075439453125,-0.11376953125,-0.0498046875,0.11279296875,-0.062255859375,-0.099853515625,0.029052734375,-0.130615234375,-0.006591796875,0.0205078125,0.07763671875,-0.131591796875,-0.031494140625,0.164306640625,-0.15771484375,0.092529296875,0.08935546875,-0.063720703125,-0.1240234375,-0.022705078125,0.114501953125,-0.06689453125,-0.081298828125,0.09033203125,-0.010009765625,-0.064453125,0.081298828125,0.021240234375,-0.13720703125,-0.003173828125,0.113525390625,-0.08544921875,-0.07373046875,0.1162109375,-0.017333984375,-0.14013671875,0.02099609375,0.052978515625,-0.095703125,-0.010986328125,0.0859375,-0.115966796875,-0.116943359375,0.127197265625,0.035888671875,-0.169921875,0.109619140625,-0.050537109375,-0.083740234375,-0.083740234375,0.0634765625,-0.06103515625,-0.0263671875,0.070068359375,-0.001220703125,-0.1240234375,0.020263671875,0.10888671875,-0.072509765625,-0.071533203125,0.07470703125,-0.033203125,0.068115234375,-0.02001953125,-0.099365234375,-0.099365234375,0.08203125,0.09619140625,-0.0693359375,-0.144287109375,0.136474609375,-0.03515625,-0.09716796875,0.0927734375,0.013427734375,-0.12109375,0.097900390625,-0.156005859375,-0.07373046875,0.18798828125,0.18798828125,-0.00537109375,-0.1826171875,0.016357421875,0.083740234375,-0.0595703125,0.044921875,-0.1025390625,-0.052978515625,-0.052978515625,0.128662109375,-0.03369140625,-0.133056640625,0.061279296875,0.053955078125,-0.121337890625,0.0908203125,-0.051025390625,-0.041015625,0.091796875,0.091796875,-0.058349609375,-0.1298828125,0.0693359375,0.0751953125,-0.119873046875,-0.02587890625,-0.05029296875,-0.11474609375,0.064697265625,0.01708984375,0.01708984375,-0.09423828125,0.0107421875,0.05029296875,-0.078857421875,-0.030029296875,-0.056640625,-0.10693359375,0.0771484375,0.03369140625,0.03369140625,-0.103515625,-0.0166015625,0.06787109375,-0.042236328125,-0.02734375,0.057373046875,-0.06396484375,-0.063720703125,-0.032470703125,-0.111572265625,0.07373046875,0.094970703125,0.094970703125,-0.078857421875,0.099853515625,-0.03857421875,-0.079833984375,0.1015625,0.030029296875,0.030029296875,-0.1376953125,-0.01513671875,0.11083984375,-0.04443359375,0.061767578125,0.074951171875,-0.034912109375,0.066650390625,0.0146484375,-0.095458984375,0.03515625,0.0771484375,0.0771484375,-0.1044921875,-0.041015625,0.122314453125,-0.047119140625,-0.093017578125,0.093505859375,-0.154296875,-0.001220703125,0.122314453125,-0.07958984375,-0.07958984375,-0.077880859375,0.08447265625,-0.03125,-0.082275390625,0.05615234375,-0.017333984375,0.048583984375,0.048583984375,0.13134765625,-0.130859375,-0.135009765625,0.00634765625,-0.122802734375,0.0224609375,0.06591796875,-0.0888671875,-0.0888671875,-0.045654296875,0.093505859375,-0.05029296875,-0.09130859375,0.029541015625,-0.124267578125,-0.028076171875,0.0791015625,-0.021728515625,-0.021728515625,-0.02587890625,-0.058837890625,-0.058837890625,-0.060791015625,0.078857421875,-0.00537109375,0.047119140625,0.062255859375,-0.094482421875,-0.031005859375,0.08740234375,-0.046142578125,-0.026611328125,0.099609375,-0.051025390625,-0.114501953125,0.09521484375,0.09521484375,0.081787109375,-0.16455078125,-0.054443359375,-0.05078125,-0.0244140625,-0.1572265625,0.038818359375,-0.0615234375,0.01123046875,0.029052734375,-0.113525390625,-0.0302734375,-0.0302734375,-0.009765625,0.13623046875,-0.15380859375,0.061279296875,-0.10693359375,-0.07373046875,0.052490234375,-0.01904296875,-0.016845703125,0.045654296875,-0.087890625,-0.074951171875,-0.074951171875,0.100830078125,-0.001953125,0.036865234375,0.138427734375,-0.098388671875,-0.111572265625,0.0869140625,-0.010498046875,-0.08349609375,-0.08349609375,0.06201171875,0.016357421875,0.040771484375,0.093505859375,-0.12060546875,-0.056396484375,0.146240234375,-0.02880859375,-0.145751953125,-0.145751953125,0.057373046875,0.09326171875,0.0009765625,0.064697265625,-0.116943359375,-0.07763671875,0.14013671875,0.00927734375,0.00927734375,-0.147705078125,0.02685546875,-0.07421875,-0.103515625,0.041015625,-0.00244140625,-0.025146484375,0.03955078125,0.03955078125,-0.049560546875,-0.081787109375,0.059326171875,-0.12451171875,-0.06591796875,0.09326171875,-0.009521484375,-0.072509765625,-0.072509765625,0.026123046875,-0.015380859375,0.054931640625,-0.0107421875,-0.139892578125,0.010986328125,0.125244140625,-0.09765625,-0.09765625,-0.10888671875,0.11376953125,-0.142822265625,-0.017578125,0.073974609375,-0.0537109375,-0.0048828125,0.104248046875,0.104248046875,-0.077392578125,-0.147216796875,0.07421875,-0.11328125,-0.034423828125,0.11669921875,-0.012939453125,-0.103515625,0.0078125,0.0078125,-0.011474609375,0.057861328125,-0.032958984375,-0.11572265625,0.039794921875,0.0947265625,-0.1083984375,-0.06787109375,-0.06787109375,0.112060546875,-0.11865234375,0.0546875,0.048095703125,-0.072998046875,0.02294921875,0.04638671875,-0.123779296875,-0.03515625,-0.03515625,0.135986328125,-0.13525390625,0.1044921875,0.086669921875,-0.14892578125,-0.06201171875,0.114990234375,-0.03369140625,-0.07568359375,-0.07568359375,0.09521484375,-0.109619140625,0.018310546875,0.0498046875,-0.078369140625,-0.018310546875,0.064453125,-0.062744140625,-0.062744140625,-0.047607421875,-0.06103515625,-0.10546875,0.08984375,0.050537109375,-0.150146484375,-0.039794921875,0.093994140625,-0.072021484375,-0.06396484375,-0.06396484375,0.07568359375,-0.05859375,-0.10595703125,0.090576171875,-0.153564453125,0.005615234375,0.158935546875,-0.08447265625,-0.155029296875,0.079833984375,0.0576171875,0.0576171875,-0.090087890625,0.06787109375,-0.08642578125,-0.06494140625,0.079345703125,-0.02734375,-0.076904296875,0.0546875,0.0546875,0.010986328125,0.02490234375,0.07373046875,-0.0908203125,-0.056884765625,0.093994140625,-0.01416015625,-0.077880859375,-0.077880859375,0.0458984375,-0.065185546875,0.038818359375,0.0263671875,-0.120361328125,0.0009765625,0.132568359375,-0.091552734375,-0.091552734375,-0.134033203125,0.06884765625,-0.176025390625,-0.05859375,0.11669921875,-0.046875,-0.077880859375,0.100830078125,0.100830078125,-0.143798828125,0.034423828125,0.08251953125,-0.1044921875,-0.052490234375,0.117919921875,-0.02197265625,-0.1171875,-0.1171875,0.025634765625,-0.069091796875,0.019775390625,0.0205078125,-0.10400390625,-0.02001953125,0.107666015625,-0.061767578125,-0.061767578125,0.079833984375,0.009033203125,-0.126708984375,0.011962890625,0.08203125,-0.05419921875,-0.022216796875,0.064453125,0.064453125,-0.041015625,0.0908203125,-0.03955078125,-0.110595703125,0.088134765625,0.08642578125,-0.13818359375,-0.0703125,-0.0703125,-0.032470703125,-0.110107421875,0.064208984375,0.0302734375,-0.108154296875,-0.012451171875,0.067626953125,-0.074951171875,-0.074951171875,0.090576171875,-0.030517578125,-0.12451171875,0.0361328125,0.0546875,-0.0634765625,-0.02294921875,0.031494140625,0.031494140625,-0.0029296875,0.05712890625,-0.09130859375,-0.06884765625,0.12353515625,0.01904296875,-0.160400390625,-0.024658203125,-0.024658203125,-0.038818359375,-0.027099609375,0.06494140625,-0.06982421875,-0.0751953125,0.093017578125,-0.003662109375,-0.127197265625,-0.127197265625,0.113525390625,-0.100341796875,-0.064208984375,0.10009765625,-0.050537109375,-0.085205078125,0.100341796875,0.0068359375,-0.164306640625,0.019287109375,0.141357421875,-0.09521484375,-0.09716796875,0.096435546875,-0.029541015625,-0.1279296875,0.046875,0.036865234375,-0.10498046875,0.02294921875,0.102783203125,-0.111328125,-0.0947265625,0.11865234375,0.00341796875,-0.107421875,0.04296875,0.05224609375,-0.07080078125,0.008544921875,0.05419921875,-0.130126953125,-0.05908203125,0.158935546875,-0.00537109375,-0.1796875,0.00927734375,0.1005859375,-0.05517578125,-0.038330078125,0.03857421875,-0.073974609375,-0.0498046875,0.085693359375,-0.022216796875,-0.07861328125,0.082763671875,0.062744140625,-0.1083984375,-0.029052734375,0.086181640625,-0.048583984375,-0.032958984375,0.109619140625,-0.026123046875,-0.150634765625,0.02880859375,0.096435546875,-0.09033203125,-0.06884765625,0.064453125,-0.03564453125,-0.052978515625,0.070556640625,-0.03662109375,-0.12841796875,0.060546875,0.09912109375,-0.13134765625,-0.097900390625,0.12841796875,0.023193359375,-0.11279296875,0.014404296875,0.040283203125,-0.077880859375,-0.017333984375,0.06201171875,-0.0576171875,-0.044921875,0.062744140625,-0.042236328125,-0.08203125,0.044189453125,-0.015380859375,-0.10400390625,0.06591796875,0.109619140625,-0.129638671875,-0.09912109375,0.135009765625,0.0126953125,-0.132080078125,0.037109375,0.07763671875,-0.074462890625,-0.0185546875,0.080078125,-0.05810546875,-0.04833984375,0.093994140625,-0.031005859375,-0.10986328125,0.0595703125,0.04150390625,-0.117431640625,-0.009765625,0.07763671875,-0.0947265625,-0.0732421875,0.100830078125,-0.027587890625,-0.113037109375,0.082275390625,0.064208984375,-0.150634765625,-0.06640625,0.11474609375,-0.013427734375,-0.07861328125,0.04833984375,-0.0166015625,-0.094970703125,0.033203125,0.03857421875,-0.095458984375,-0.010009765625,0.081298828125,-0.069580078125,-0.07275390625,0.08447265625,-0.014404296875,-0.112548828125,0.0498046875,0.0732421875,-0.102294921875,-0.041015625,0.119384765625,-0.02392578125,-0.10107421875,0.0419921875,0.020751953125,-0.066650390625,0.01611328125,0.035400390625,-0.08642578125,-0.00732421875,0.11962890625,-0.0634765625,-0.16552734375,0.0478515625,0.084716796875,-0.077392578125,0.080078125,0.080078125,-0.05078125,-0.1083984375,0.05810546875,0.0205078125,-0.0859375,0.029296875,0.07861328125,-0.0771484375,-0.0771484375,0.036376953125,-0.01220703125,-0.021728515625,0.033203125,-0.067138671875,-0.079833984375,0.076904296875,-0.116943359375,-0.116943359375,-0.009033203125,0.075927734375,-0.08203125,-0.069091796875,0.097900390625,-0.012939453125,-0.090087890625,0.0673828125,0.0673828125,-0.140380859375,-0.066650390625,0.11328125,-0.0087890625,-0.0654296875,0.058837890625,-0.0107421875,0.038330078125,0.038330078125,0.0234375,-0.09619140625,0.015625,0.1005859375,-0.071533203125,-0.0732421875,0.080322265625,-0.088134765625,-0.088134765625,0.074951171875,0.038330078125,-0.112060546875,0.0009765625,0.089111328125,-0.091796875,-0.06689453125,-0.006103515625,-0.006103515625,-0.169677734375,0.009033203125,0.12060546875,-0.063720703125,-0.088623046875,0.068115234375,-0.013427734375,0.00390625,0.00390625,0.029541015625,-0.048583984375,0.01025390625,0.0380859375,-0.076416015625,-0.05126953125,0.06005859375,-0.05419921875,0.070068359375,0.070068359375,0.008544921875,-0.107666015625,0.010009765625,0.0966796875,-0.05712890625,-0.075927734375,-0.00830078125,-0.055908203125,-0.055908203125,0.0537109375,0.00146484375,-0.103271484375,0.0322265625,0.101318359375,-0.089111328125,0.10009765625,0.02685546875,0.02685546875,-0.08935546875,0.03076171875,0.033935546875,-0.105224609375,-0.02587890625,0.09375,-0.078369140625,0.066650390625,0.066650390625,0.001708984375,-0.083984375,0.02392578125,-0.001220703125,-0.104248046875,0.038330078125,-0.10888671875,-0.11083984375,-0.11083984375,0.10986328125,0.003662109375,-0.122802734375,0.0478515625,0.040771484375,-0.11572265625,0.014892578125,0.11083984375,-0.119384765625,0.15283203125,0.009033203125,-0.179443359375,0.01513671875,0.01513671875,0.1025390625,-0.066650390625,-0.013916015625,0.078857421875,-0.107421875,-0.10791015625,0.137939453125,0.04052734375,-0.16552734375,0.130126953125,-0.05810546875,-0.095947265625,0.056396484375,0.056396484375,-0.004150390625,-0.054443359375,0.054443359375,-0.006591796875,-0.0859375,0.031005859375,0.05078125,-0.095458984375,0.091796875,-0.060546875,-0.10498046875,0.08447265625,0.040283203125,-0.10693359375,-0.10693359375,-0.00927734375,0.054931640625,-0.057861328125,-0.028564453125,0.056884765625,-0.08056640625,-0.063232421875,0.130126953125,0.015625,-0.02587890625,0.130615234375,-0.039794921875,-0.0927734375,-0.0927734375,0.0693359375,-0.001220703125,-0.12158203125,0.017822265625,0.05712890625,-0.0869140625,-0.026611328125,0.10986328125,-0.03271484375,0.042724609375,0.04150390625,-0.0595703125,0.000732421875,0.010498046875,0.010498046875,-0.056640625,0.025634765625,0.082275390625,-0.0986328125,-0.08251953125,0.130859375,0.010986328125,-0.0048828125,0.12841796875,-0.03515625,-0.064208984375,0.0341796875,-0.048095703125,-0.048095703125,-0.051025390625,0.0712890625,-0.038330078125,-0.099609375,0.0849609375,0.074462890625,-0.11767578125,0.091064453125,-0.0537109375,-0.0634765625,0.091796875,-0.023681640625,-0.137451171875,-0.137451171875,0.04443359375,0.07861328125,-0.113037109375,-0.053466796875,0.090576171875,-0.041015625,-0.08447265625,0.051513671875,-0.106689453125,0.09375,0.091796875,-0.14990234375,-0.08935546875,-0.08935546875,0.1357421875,0.017822265625,-0.1015625,0.03955078125,0.039306640625,-0.08837890625,-0.014892578125,-0.04833984375,-0.028076171875,0.072265625,-0.040283203125,-0.082763671875,0.049072265625,-0.0048828125,-0.0048828125,-0.09326171875
Prusa_B,-0.048095703125,-0.06298828125,-0.06494140625,-0.06494140625,-0.04345703125,0.021240234375,0.073486328125,0.070068359375,-0.002197265625,-0.04736328125,-0.0703125,-0.069091796875,-0.052490234375,-0.012939453125,0.014404296875,-0.0029296875,-0.035888671875,-0.039794921875,-0.00732421875,0.037353515625,0.066162109375,0.05126953125,0.05126953125,0.025390625,0.04150390625,0.02978515625,-0.03466796875,-0.032470703125,-0.0233154296875,-0.0546875,0.000732421875,-0.03369140625,-0.024169921875,0.04541015625,0.01416015625,0.004638671875,0.044189453125,0.00927734375,0.00390625,0.015625,-0.04248046875,-0.04248046875,-0.061767578125,-0.03662109375,-0.066162109375,-0.058349609375,-0.021484375,0.031494140625,0.03662109375,-0.037109375,-0.047119140625,-0.03125,-0.033203125,-0.019287109375,-0.019287109375,-0.019775390625,-0.030029296875,-0.007568359375,-0.053466796875,-0.0390625,-0.019287109375,-0.029296875,0.033447265625,0.04150390625,-0.011962890625,-0.010498046875,-0.01904296875,-0.01904296875,-0.048095703125,-0.041015625,0.029052734375,-0.0029296875,0.00244140625,-0.013916015625,-0.034912109375,-0.0029296875,0.00732421875,-0.021240234375,0.02392578125,0.02392578125,0.0556640625,0.000244140625,-0.006103515625,-0.057373046875,0.0029296875,0.060302734375,0.022705078125,-0.008056640625,-0.04931640625,-0.066162109375,-0.006103515625,-0.006103515625,0.033935546875,0.008056640625,-0.043212890625,-0.01904296875,0.02392578125,0.03271484375,0.01806640625,-0.01123046875,-0.0478515625,-0.037841796875,-0.02490234375,-0.036376953125,-0.036376953125,-0.041015625,-0.027587890625,-0.016357421875,0.0068359375,-0.00927734375,-0.005126953125,-0.013916015625,-0.042236328125,-0.0341796875,-0.002197265625,0.015625,0.000244140625,-0.054443359375,-0.074951171875,-0.074951171875,-0.03271484375,-0.0068359375,-0.00732421875,0.0478515625,0.060791015625,0.012939453125,-0.013427734375,-0.001708984375,-0.0146484375,-0.041015625,-0.03466796875,-0.0048828125,0.00732421875,0.00732421875,-0.01611328125,-0.037109375,-0.003662109375,0.01611328125,0.024169921875,0.04052734375,0.02099609375,-0.017333984375,-0.027099609375,-0.024658203125,-0.037109375,-0.065185546875,-0.065185546875,-0.045654296875,0.013916015625,-0.0068359375,-0.038330078125,-0.046142578125,-0.010986328125,0.024658203125,0.017333984375,0.0029296875,-0.0078125,-0.03271484375,-0.033447265625,-0.033447265625,-0.033447265625,-0.038330078125,-0.00244140625,0.01220703125,-0.012451171875,-0.016845703125,-0.0009765625,0.002197265625,-0.03271484375,-0.04931640625,-0.022705078125,0.0048828125,-0.01123046875,-0.046142578125,-0.046142578125,-0.04736328125,0.0,-0.011474609375,-0.010009765625,-0.02294921875,-0.02978515625,-0.0068359375,0.003173828125,-0.019775390625,-0.013671875,0.012451171875,0.002197265625,-0.017578125,-0.017578125,-0.014404296875,0.0009765625,-0.009765625,-0.021240234375,-0.00537109375,-0.001953125,-0.023681640625,-0.016357421875,0.01708984375,0.009765625,0.000244140625,0.02392578125,0.017333984375,0.017333984375,-0.000732421875,-0.045654296875,-0.021484375,0.007568359375,-0.023193359375,-0.043212890625,-0.0166015625,-0.021728515625,-0.035400390625,0.0009765625,0.010009765625,-0.01708984375,-0.01611328125,-0.01611328125,0.008056640625,-0.015380859375,-0.052001953125,-0.0400390625,0.010498046875,0.011962890625,0.005859375,0.0078125,-0.015625,-0.025146484375,-0.021240234375,-0.02099609375,-0.01806640625,-0.004150390625,0.000732421875,-0.009765625,-0.031494140625,-0.03466796875,-0.024169921875,-0.0107421875,0.01416015625,0.019775390625,0.005859375,-0.00830078125,-0.00830078125,-0.041748046875,0.00439453125,0.006591796875,-0.020751953125,-0.012451171875,0.0078125,-0.00341796875,-0.03466796875,-0.035400390625,-0.01318359375,0.015625,0.01416015625,0.00830078125,0.0126953125,-0.016845703125,-0.04248046875,-0.00830078125,0.02197265625,0.01904296875,-0.00390625,-0.046142578125,-0.048583984375,-0.018310546875,-0.0107421875,-0.015625,-0.00146484375,-0.017333984375,-0.01416015625,0.0244140625,0.0,-0.04638671875,-0.0439453125,-0.029296875,-0.00390625,-0.00146484375,-0.02734375,-0.00146484375,-0.002197265625,-0.044677734375,-0.0068359375,0.03564453125,0.002685546875,-0.005126953125,-0.003173828125,-0.0322265625,-0.0234375,-0.02001953125,-0.021484375,-0.001953125,-0.010009765625,-0.023193359375,-0.00244140625,0.01318359375,-0.02294921875,-0.036376953125,-0.017578125,-0.025634765625,-0.026611328125,-0.01318359375,-0.008544921875,-0.00927734375,-0.015380859375,-0.01513671875,0.008056640625,0.024658203125,-0.01123046875,-0.031005859375,0.0009765625,0.01708984375,0.001708984375,-0.00341796875,-0.0166015625,-0.0390625,-0.0263671875,0.01708984375,0.03173828125,0.00537109375,-0.018310546875,-0.0087890625,0.01025390625,-0.01806640625,-0.061279296875,-0.035400390625,0.011474609375,-0.00439453125,-0.020751953125,-0.010498046875,-0.013427734375,-0.020263671875,-0.021728515625,-0.01318359375,0.0087890625,-0.001708984375,-0.03076171875,-0.03125,-0.02734375,-0.047607421875,-0.017578125,0.034912109375,0.0205078125,-0.01513671875,-0.001953125,0.022216796875,0.00634765625,-0.015380859375,-0.0283203125,-0.0341796875,-0.0361328125,-0.05419921875,-0.02685546875,0.01953125,0.003662109375,-0.016845703125,-0.001953125,0.016357421875,0.006103515625,-0.01806640625,-0.025390625,-0.025390625,-0.0205078125,-0.03076171875,-0.020751953125,-0.010009765625,-0.031005859375,-0.03125,0.0107421875,0.025146484375,-0.003662109375,-0.006591796875,0.008544921875,0.006103515625,-0.03125,-0.03125,-0.009765625,-0.003662109375,-0.011474609375,-0.0078125,0.020263671875,0.026611328125,-0.004150390625,-0.021240234375,-0.0087890625,-0.010498046875,-0.020751953125,-0.021728515625,-0.039306640625,-0.039306640625,-0.032958984375,-0.009765625,0.003173828125,0.002197265625,-0.004150390625,-0.01025390625,-0.002685546875,-0.014892578125,-0.0322265625,-0.021728515625,-0.010009765625,-0.0234375,0.019775390625,0.019775390625,0.033203125,-0.0029296875,-0.0146484375,0.005859375,0.005126953125,-0.01513671875,-0.025634765625,-0.038330078125,-0.051025390625,-0.050537109375,-0.0185546875,0.014892578125,-0.001708984375,-0.001708984375,0.010498046875,0.02490234375,-0.005126953125,-0.03857421875,-0.03662109375,-0.019287109375,-0.031982421875,-0.04248046875,-0.0185546875,-0.005615234375,-0.03125,-0.001708984375,-0.001708984375,0.017822265625,-0.00439453125,-0.006591796875,0.022705078125,0.013916015625,-0.017333984375,-0.001220703125,0.022216796875,-0.025146484375,-0.024658203125,0.00048828125,0.00048828125,-0.00537109375,-0.00048828125,0.02197265625,0.006591796875,-0.02197265625,-0.036865234375,-0.0263671875,-0.011962890625,-0.029052734375,-0.0224609375,0.01171875,0.005126953125,0.005126953125,-0.02197265625,-0.0361328125,-0.034423828125,-0.022705078125,0.00634765625,0.032958984375,0.012939453125,-0.03076171875,-0.0625,0.013671875,0.010498046875,-0.001708984375,-0.001708984375,0.01025390625,0.0146484375,-0.019775390625,-0.04931640625,-0.027587890625,-0.018798828125,-0.040283203125,-0.00634765625,0.024169921875,-0.019775390625,-0.037841796875,-0.037841796875,-0.021728515625,-0.037353515625,-0.04443359375,-0.018310546875,-0.007080078125,-0.010009765625,0.017333984375,0.044921875,0.014892578125,-0.047607421875,-0.017822265625,-0.00390625,-0.00390625,-0.0185546875,0.000244140625,0.021240234375,-0.007080078125,-0.04345703125,-0.018798828125,0.035888671875,0.02685546875,-0.0107421875,0.005615234375,-0.02978515625,-0.060546875,-0.060546875,-0.037109375,-0.00732421875,-0.01513671875,-0.019287109375,0.01220703125,0.027587890625,-0.012939453125,-0.046630859375,-0.022216796875,-0.001708984375,-0.0283203125,-0.00634765625,-0.00927734375,-0.00927734375,-0.050048828125,-0.032470703125,0.048828125,0.0478515625,-0.01953125,-0.032958984375,0.015380859375,0.01904296875,-0.0341796875,-0.004638671875,-0.0244140625,-0.0546875,-0.0244140625,-0.0244140625,0.0126953125,0.008544921875,-0.010986328125,0.0078125,0.027587890625,-0.0087890625,-0.0419921875,-0.015869140625,-0.007568359375,-0.074462890625,-0.03759765625,0.03955078125,0.034423828125,-0.01953125,-0.01953125,-0.013671875,0.015869140625,-0.003662109375,-0.016357421875,0.012939453125,-0.000732421875,-0.04833984375,-0.049072265625,0.0009765625,-0.02685546875,-0.027099609375,0.031982421875,0.031982421875,0.048828125,-0.004638671875,-0.02294921875,0.012939453125,-0.008056640625,-0.0595703125,-0.05078125,-0.008056640625,-0.010986328125,-0.023193359375,0.0224609375,0.02880859375,-0.000244140625,-0.01708984375,-0.01708984375,-0.01171875,-0.03466796875,-0.037841796875,-0.014404296875,-0.01025390625,-0.030029296875,-0.020263671875,0.031494140625,-0.03173828125,-0.0439453125,0.02490234375,0.039794921875,-0.024658203125,-0.024658203125,-0.050048828125,-0.034423828125,-0.0302734375,-0.037109375,-0.031494140625,0.0166015625,0.032958984375,-0.004150390625,-0.00732421875,-0.03125,-0.051025390625,-0.0263671875,0.001220703125,0.001220703125,-0.017333984375,-0.030029296875,-0.01806640625,0.017822265625,-0.043212890625,-0.093505859375,0.041259765625,0.021240234375,-0.077880859375,-0.0244140625,0.007568359375,-0.0615234375,-0.0615234375,-0.035400390625,0.05126953125,0.033203125,-0.032958984375,-0.013427734375,0.027099609375,-0.027099609375,0.006103515625,0.04150390625,-0.03173828125,-0.078369140625,-0.007080078125,-0.007080078125,0.033935546875,-0.031494140625,-0.078125,-0.010498046875,0.056396484375,-0.0009765625,-0.040283203125,0.034423828125,-0.004150390625,-0.042724609375,0.021240234375,0.05029296875,0.05029296875,-0.036865234375,-0.07177734375,0.005615234375,0.012451171875,-0.064208984375,0.073486328125,0.02685546875,-0.080078125,-0.0322265625,0.066650390625,-0.0029296875,-0.0029296875,-0.09716796875,-0.018798828125,0.085693359375,0.0068359375,-0.099853515625,-0.0478515625,-0.007080078125,-0.0517578125,0.00048828125,0.048583984375,-0.0341796875,-0.078369140625,-0.078369140625,0.035400390625,0.051025390625,-0.074951171875,-0.060302734375,0.065185546875,-0.08935546875,-0.042724609375,0.071533203125,0.021728515625,-0.073974609375,-0.029052734375,-0.029052734375,0.06884765625,0.02001953125,-0.075927734375,-0.04736328125,0.01904296875,-0.044921875,0.002197265625,0.04736328125,-0.02392578125,-0.06591796875,-0.00927734375,0.00390625,0.00390625,-0.05712890625,-0.04443359375,0.040771484375,0.021484375,-0.058349609375,0.015869140625,-0.011962890625,-0.06494140625,-0.019775390625,0.061767578125,0.046875,0.046875,-0.0263671875,-0.023193359375,0.010498046875,0.000244140625,-0.028076171875,-0.02294921875,-0.027587890625,-0.050048828125,-0.01416015625,0.025390625,0.02392578125,-0.004638671875,-0.00048828125,0.02880859375,0.02880859375,-0.01318359375,-0.098876953125,-0.0634765625,0.022216796875,-0.017578125,-0.06494140625,0.007568359375,-0.013427734375,-0.0791015625,0.002197265625,0.0478515625,-0.020751953125,-0.047119140625,-0.000732421875,0.000732421875,0.000732421875,-0.05029296875,-0.0556640625,0.00048828125,0.04736328125,0.02197265625,0.04248046875,0.001220703125,-0.071533203125,-0.041748046875,0.010986328125,-0.014404296875,-0.076904296875,-0.041015625,-0.041015625,0.052734375,-0.00341796875,-0.07470703125,-0.017578125,0.074951171875,-0.05615234375,-0.071044921875,-0.00634765625,0.0029296875,-0.060302734375,-0.053466796875,0.0283203125,0.0224609375,0.0224609375,-0.040283203125,0.012939453125,0.0703125,-0.0009765625,0.01416015625,0.01220703125,-0.086669921875,-0.06494140625,0.046142578125,0.0166015625,-0.0634765625,-0.0166015625,0.070068359375,0.070068359375,0.0498046875,-0.0595703125,-0.05517578125,0.043212890625,-0.11474609375,-0.06396484375,0.037109375,-0.01904296875,-0.092529296875,0.00244140625,0.085693359375,-0.003173828125,-0.060791015625,-0.060791015625,0.0126953125,0.02392578125,-0.0498046875,-0.049072265625,-0.000244140625,-0.049072265625,-0.03076171875,0.0615234375,0.0654296875,-0.032958984375,-0.053466796875,0.034912109375,0.031982421875,0.031982421875,-0.05712890625,-0.046142578125,0.02783203125,-0.01123046875,-0.03076171875,0.07275390625,0.0234375,-0.05908203125,0.003173828125,0.06591796875,-0.015869140625,-0.0927734375,-0.0927734375,-0.044189453125,-0.01025390625,-0.068359375,0.070068359375,0.084228515625,-0.03759765625,-0.052978515625,0.032958984375,0.052490234375,-0.046630859375,-0.072021484375,0.01904296875,0.01904296875,0.005615234375,-0.088134765625,-0.03369140625,0.1025390625,0.028564453125,-0.03369140625,0.0966796875,0.0087890625,-0.1279296875,-0.04443359375,0.04833984375,-0.06298828125,-0.0986328125,0.05859375,0.09326171875,0.09326171875,-0.07666015625,-0.10498046875,0.073486328125,-0.07763671875,-0.0810546875,0.0361328125,0.026611328125,-0.079833984375,-0.03515625,0.077880859375,0.031494140625,0.031494140625,-0.079345703125,-0.0263671875,0.025146484375,-0.115234375,-0.04833984375,0.052978515625,-0.02294921875,-0.08837890625,0.026123046875,0.086669921875,-0.027587890625,-0.079345703125,-0.079345703125,0.01171875,-0.028076171875,-0.08056640625,-0.0185546875,0.008544921875,-0.088134765625,-0.099365234375,0.0517578125,0.10546875,-0.0576171875,-0.072021484375,-0.072021484375,0.091064453125,0.03125,-0.0322265625,0.08056640625,-0.014892578125,-0.0947265625,0.009033203125,0.055908203125,-0.034912109375,-0.0712890625,0.03515625,0.092041015625,0.092041015625,-0.017822265625,-0.001953125,0.031494140625,-0.0625,-0.104736328125,-0.002197265625,0.0400390625,-0.050048828125,-0.05859375,0.0634765625,0.06396484375,-0.0546875,-0.03955078125,-0.03955078125,0.04833984375,-0.110107421875,-0.079833984375,0.050048828125,0.028076171875,-0.0693359375,-0.00732421875,0.103759765625,0.01708984375,-0.0830078125,0.013916015625,0.072509765625,-0.047119140625,-0.047119140625,-0.099609375,0.045166015625,-0.050537109375,-0.089599609375,0.02587890625,0.1181640625,-0.008544921875,-0.10888671875,0.0244140625,0.07275390625,-0.0712890625,-0.12060546875,0.010009765625,0.010009765625,0.035888671875,-0.07373046875,0.06884765625,0.0615234375,-0.045166015625,-0.02392578125,0.077392578125,0.03125,-0.081787109375,-0.068603515625,0.042236328125,0.015869140625,-0.097900390625,-0.097900390625,0.083251953125,0.0048828125,-0.088134765625,0.0517578125,0.09228515625,-0.049560546875,-0.0654296875,0.02783203125,0.033935546875,-0.083251953125,-0.101318359375,-0.00244140625,0.024169921875,0.024169921875,-0.051025390625,0.0615234375,0.065185546875,-0.047119140625,-0.029541015625,0.032470703125,-0.017333984375,-0.08349609375,-0.0458984375,0.0205078125,-0.012451171875,-0.049072265625,0.009765625,0.009765625,0.00537109375,-0.048095703125,-0.001220703125,0.055908203125,-0.0205078125,-0.099609375,-0.017822265625,0.01416015625,-0.0625,-0.0458984375,0.047119140625,0.0244140625,-0.0361328125,-0.0361328125,0.0126953125,-0.03662109375,-0.037353515625,-0.004150390625,-0.01123046875,-0.047607421875,-0.04443359375,-0.012451171875,0.00439453125,0.018798828125,0.010498046875,0.013427734375,0.0263671875,0.00390625,-0.063720703125,-0.060791015625,0.026123046875,0.00439453125,-0.059326171875,-0.017578125,0.049072265625,0.050048828125,-0.011962890625,-0.041748046875,0.00830078125,0.02392578125,-0.03759765625,-0.066162109375,-0.0166015625,-0.033203125,-0.084228515625,-0.019287109375,0.063720703125,0.037109375,-0.010498046875,0.001953125,0.000244140625,-0.017333984375,0.000732421875,-0.021484375,-0.07568359375,-0.080810546875,-0.025146484375,0.050048828125,0.051513671875,-0.02587890625,-0.020751953125,0.05712890625,0.045654296875,-0.048828125,-0.089599609375,-0.016357421875,0.010009765625,-0.081787109375,-0.06396484375,0.061767578125,0.047119140625,-0.03369140625,-0.021484375,0.01708984375,-0.00927734375,-0.031005859375,-0.02197265625,-0.03271484375,-0.0654296875,-0.0693359375,0.02734375,0.08251953125,-0.013671875,-0.041015625,0.044921875,0.03564453125,-0.04443359375,-0.053955078125,0.010498046875,0.015625,-0.059814453125,-0.0498046875,0.037109375,0.023681640625,-0.044677734375,0.006103515625,0.0712890625,0.0234375,-0.033935546875,-0.018310546875,-0.00146484375,-0.06494140625,-0.0830078125,0.0068359375,0.036865234375,-0.035888671875,-0.029296875,0.071044921875,0.079345703125,-0.01171875,-0.07080078125,-0.058837890625,-0.01806640625,0.006591796875,-0.017822265625,-0.04443359375,-0.02880859375,-0.037353515625,-0.055419921875,-0.004638671875,0.05908203125,0.046142578125,-0.022705078125,-0.058349609375,-0.054931640625,-0.009765625,0.029052734375,-0.010498046875,-0.02978515625,-0.008056640625,-0.011474609375,-0.0166015625,-0.011474609375,-0.021484375,-0.0234375,-0.016845703125,-0.000244140625,0.02392578125,-0.077392578125,-0.077392578125,-0.039794921875,0.01220703125,0.03857421875,0.05615234375,-0.0087890625,-0.037841796875,-0.0087890625,-0.061767578125,-0.05517578125,0.012939453125,-0.00634765625,-0.0166015625,0.00830078125,-0.012451171875,0.067138671875,0.067138671875,0.04443359375,-0.05712890625,-0.02197265625,0.00927734375,-0.032958984375,-0.03466796875,0.005615234375,0.00341796875,0.018798828125,0.04345703125,-0.025390625,-0.056640625,-0.003173828125,-0.00732421875,0.00439453125,0.00439453125,-0.0078125,-0.041748046875,-0.011474609375,0.001708984375,-0.030517578125,-0.009521484375,-0.01171875,-0.0087890625,0.006591796875,-0.011474609375,-0.003662109375,-0.025146484375,-0.05810546875,-0.019775390625,-0.0078125,-0.0078125,0.04345703125,-0.004638671875,-0.06982421875,0.00732421875,0.002197265625,-0.054443359375,0.01025390625,-0.0087890625,-0.08349609375,-0.030029296875,0.003173828125,-0.009521484375,0.03173828125,-0.038330078125,-0.00927734375,-0.00927734375,-0.00244140625,-0.06640625,-0.068115234375,-0.0205078125,0.021484375,0.072265625,0.072021484375,-0.022216796875,-0.094482421875,-0.073486328125,0.006103515625,0.09716796875,-0.005859375,-0.078369140625,-0.0634765625,-0.0634765625,-0.029541015625,-0.02197265625,-0.064697265625,-0.094970703125,-0.0166015625,0.076171875,0.073486328125,0.031005859375,0.005615234375,0.004638671875,-0.001953125,-0.05029296875,-0.079833984375,-0.057861328125,-0.034912109375,-0.033203125,-0.017822265625,-0.00146484375,-0.00439453125,-0.004638671875,0.01123046875,0.032958984375,0.032958984375,0.029541015625,0.027587890625,0.0498046875,0.017578125,-0.072998046875,-0.095947265625,-0.035888671875,-0.029541015625,-0.04248046875,0.016357421875,0.014404296875,0.008544921875,0.058349609375,-0.027099609375,-0.024169921875,0.025146484375,-0.074462890625,0.05322265625,0.02001953125,-0.09228515625,0.067626953125,-0.088134765625,0.015869140625,-0.09765625,0.0537109375,0.002197265625,-0.07373046875,0.00830078125,-0.046875,0.015625,0.015625,0.064453125,0.03369140625,0.033935546875,-0.00732421875,-0.047119140625,-0.039306640625,-0.066162109375,-0.049072265625,-0.0146484375,-0.035400390625,-0.00048828125,-0.02001953125,-0.000244140625,0.02978515625,0.00537109375,0.056396484375,0.02392578125,-0.031982421875,-0.0048828125,-0.066650390625,-0.04150390625,-0.048828125,-0.039306640625,-0.01708984375,-0.038330078125,-0.0126953125,0.05615234375,0.02734375,-0.030029296875,-0.0302734375,-0.0224609375,-0.0224609375,0.03076171875,0.052734375,-0.0341796875,-0.091552734375,-0.0546875,-0.015380859375,0.007080078125,-0.027099609375,-0.04443359375,-0.00634765625,0.02685546875,0.05126953125,-0.017578125,-0.0869140625,-0.04150390625,0.05078125,0.051513671875,-0.04541015625,-0.08056640625,0.08203125,0.04052734375,-0.108642578125,-0.099365234375,0.0341796875,0.078125,-0.01025390625,-0.092041015625,-0.01611328125,0.099365234375,0.060791015625,-0.08984375,-0.08984375,-0.109130859375,0.060302734375,0.087158203125,-0.07568359375,-0.141357421875,-0.005126953125,0.140869140625,0.043212890625,-0.146484375,-0.07470703125,0.099609375,0.05859375,-0.080322265625,-0.07666015625,0.02978515625,0.048095703125,-0.051025390625,-0.10546875,0.00830078125,0.0234375,0.014892578125,-0.0107421875,-0.063232421875,-0.036376953125,0.03564453125,-0.0068359375,-0.067626953125,-0.030517578125,0.0595703125,0.0595703125,0.04150390625,-0.06591796875,-0.0673828125,0.029541015625,0.036376953125,-0.04443359375,-0.041748046875,0.02685546875,0.031494140625,-0.046875,-0.024169921875,0.039306640625,-0.009033203125,-0.047119140625,-0.004638671875,0.048095703125,-0.004638671875,0.0107421875,0.015380859375,-0.046875,-0.060791015625,0.00390625,0.018310546875,-0.033935546875,-0.031494140625,0.03955078125,0.027587890625,-0.02685546875,-0.03271484375,-0.008056640625,-0.007080078125,-0.080078125,-0.04345703125,0.0439453125,0.015869140625,0.015869140625,-0.03076171875,-0.02490234375,0.01220703125,-0.013427734375,-0.07861328125,-0.036376953125,0.038330078125,-0.004150390625,-0.052734375,0.001220703125,0.031982421875,-0.033447265625,-0.072021484375,-0.00830078125,0.01953125,-0.04931640625,0.0185546875,0.039306640625,-0.06787109375,-0.07373046875,0.028076171875,0.02490234375,-0.037841796875,-0.024658203125,0.053466796875,0.04833984375,-0.0517578125,-0.050537109375,0.04248046875,0.021240234375,0.021240234375,-0.058837890625,-0.040283203125,0.02978515625,0.015380859375,-0.04833984375,-0.009521484375,0.053466796875,0.0263671875,-0.04150390625,-0.030029296875,0.00537109375,-0.04296875,-0.072998046875,-0.002197265625,-0.005126953125,-0.055908203125,0.0048828125,0.024658203125,-0.059814453125,-0.0615234375,0.0048828125,0.014404296875,-0.047119140625,-0.062255859375,0.026611328125,0.0498046875,-0.030517578125,-0.054443359375,0.001708984375,-0.001953125,-0.001953125,-0.05078125,-0.013671875,0.041259765625,0.00439453125,-0.052490234375,-0.029052734375,0.006591796875,-0.026123046875,-0.05810546875,0.01171875,0.056640625,-0.0048828125,-0.0419921875,0.01611328125,-0.03369140625,-0.055908203125,0.000732421875,0.010498046875,-0.03369140625,-0.00732421875,0.047119140625,0.015625,-0.048095703125,-0.028564453125,0.02392578125,-0.005859375,-0.053955078125,-0.026611328125,0.045166015625,0.0048828125,0.0048828125,-0.07275390625,-0.0107421875,0.04443359375,-0.01806640625,-0.06640625,0.002685546875,0.047119140625,-0.027099609375,-0.08203125,-0.02197265625,0.009765625,-0.052001953125,0.03466796875,0.044189453125,-0.047607421875,-0.0712890625,0.013427734375,0.040283203125,-0.045166015625,-0.058837890625,0.010986328125,0.022216796875,-0.016357421875,-0.024658203125,0.01806640625,-0.001708984375,-0.054931640625,-0.013916015625,0.03564453125,0.00830078125,-0.024169921875,-0.024169921875,0.009765625,0.030517578125,-0.05322265625,-0.078369140625,0.025146484375,0.03759765625,-0.0380859375,-0.05322265625,0.02197265625,0.049560546875,-0.03369140625,0.00048828125,0.030517578125,-0.064208984375,-0.052490234375,0.04296875,0.020751953125,-0.05419921875,-0.04638671875,0.02392578125,0.02734375,-0.045654296875,-0.0361328125,0.04052734375,0.0048828125,-0.06640625,-0.02294921875,0.04248046875,-0.006591796875,-0.07373046875,-0.0048828125,-0.0048828125,0.055908203125,-0.01025390625,-0.067138671875,-0.006591796875,0.038330078125,-0.034912109375,-0.079345703125,0.008056640625,0.034912109375,-0.04541015625,0.00830078125,0.019287109375,-0.041748046875,-0.057373046875,0.013427734375,0.028564453125,-0.033935546875,-0.031494140625,0.038818359375,0.011962890625,-0.072998046875,-0.02783203125,0.05126953125,-0.0009765625,-0.057373046875,0.00732421875,0.058349609375,-0.00732421875,-0.06787109375,-0.011474609375,-0.011474609375,0.014404296875,-0.05908203125,-0.0732421875,0.02783203125,0.061767578125,-0.02392578125,-0.056640625,0.007080078125,-0.056640625,-0.04345703125,0.01904296875,-0.0087890625,-0.082763671875,-0.0419921875,0.0576171875,0.015869140625,-0.082275390625,-0.03173828125,0.086181640625,0.02001953125,-0.08837890625,-0.0126953125,0.072265625,-0.020751953125,-0.12451171875,-0.040771484375,0.082275390625,0.03125,-0.056396484375,0.009521484375,0.009521484375,0.05712890625,-0.030029296875,-0.071044921875,0.009521484375,0.023681640625,-0.055908203125,0.019287109375,0.03076171875,-0.038330078125,-0.048828125,0.028564453125,0.01611328125,-0.05908203125,-0.021240234375,0.051025390625,0.0078125,-0.09228515625,-0.06591796875,0.0546875,0.0205078125,-0.076171875,-0.009033203125,0.086181640625,0.022216796875,-0.088623046875,-0.036865234375,0.06103515625,-0.0126953125,-0.091796875,-0.009033203125,0.04541015625,0.04541015625,-0.023681640625,-0.0478515625,0.026123046875,0.036865234375,-0.052978515625,0.025390625,0.036865234375,-0.074462890625,-0.07080078125,0.056640625,0.039794921875,-0.0810546875,-0.048583984375,0.047119140625,0.010498046875,-0.06005859375,-0.006103515625,0.083984375,0.00927734375,-0.09033203125,-0.039794921875,0.04736328125,0.001220703125,-0.072265625,0.005615234375,0.06787109375,-0.010986328125,-0.064697265625,0.0068359375,0.030517578125,0.030517578125,-0.06396484375,-0.083251953125,0.033935546875,-0.054931640625,-0.049560546875,0.041015625,0.010009765625,-0.1083984375,-0.0615234375,0.071533203125,0.0478515625,-0.06396484375,-0.04443359375,0.05322265625,0.000732421875,-0.10595703125,-0.0361328125,0.068359375,0.0009765625,-0.070068359375,0.00439453125,0.0732421875,-0.010009765625,-0.0732421875,0.000732421875,0.028564453125,-0.05712890625,-0.0927734375,0.02734375,0.02734375,0.067626953125,-0.052734375,-0.06982421875,0.056884765625,-0.084228515625,-0.073486328125,0.060791015625,0.032958984375,-0.091064453125,-0.068115234375,0.077880859375,0.053955078125,-0.087890625,-0.053955078125,0.06884765625,0.018310546875,-0.080810546875,-0.018798828125,0.077880859375,-0.002685546875,-0.1015625,-0.0166015625,0.054443359375,-0.0263671875,-0.07666015625,0.0234375,0.074951171875,-0.033203125,-0.10205078125,0.016845703125,0.06884765625,0.06884765625,-0.05615234375,0.002685546875,0.0517578125,-0.04638671875,-0.0576171875,0.051513671875,0.043701171875,-0.051513671875,-0.04736328125,0.041015625,0.008056640625,-0.0927734375,-0.03173828125,0.06787109375,-0.00146484375,-0.06640625,0.019287109375,0.07958984375,-0.027099609375,-0.101318359375,0.008544921875,0.083740234375,-0.03076171875,-0.09130859375,0.021728515625,0.05908203125,-0.06201171875,-0.107177734375,0.037841796875,0.09130859375,0.09130859375,-0.087158203125,0.026611328125,0.0302734375,-0.077880859375,-0.066650390625,0.03955078125,0.016357421875,-0.06591796875,0.010986328125,0.0869140625,-0.008056640625,-0.1005859375,-0.02294921875,0.07666015625,-0.01513671875,-0.109619140625,0.00244140625,0.094482421875,-0.017822265625,-0.095947265625,0.019287109375,0.067138671875,-0.050048828125,-0.0732421875,0.036865234375,0.064453125,-0.053955078125,-0.10009765625,0.030517578125,0.0546875,-0.08447265625,-0.097412109375,0.041259765625,0.03564453125,-0.072998046875,-0.03271484375,0.08056640625,0.027587890625,-0.087646484375,-0.036376953125,0.064697265625,-0.023681640625,-0.129638671875,-0.011474609375,0.098876953125,0.002685546875,-0.073486328125,0.014892578125,0.0791015625,-0.044677734375,-0.134033203125,-0.00390625,0.087890625,-0.026611328125,-0.10400390625,0.019287109375,0.0791015625,-0.0615234375,-0.1025390625,0.03271484375,0.04833984375,-0.07373046875,-0.0732421875,0.060302734375,0.054443359375,-0.080078125,-0.06982421875,0.048828125,0.005859375,-0.1064453125,-0.032470703125,0.0927734375,0.03173828125,-0.066162109375,-0.0166015625,0.06298828125,-0.008544921875,-0.092529296875,-0.011962890625,0.073486328125,-0.021240234375,-0.08349609375,0.033203125,0.06982421875,-0.057861328125,-0.085205078125,0.044677734375,0.0361328125,-0.093017578125,-0.06494140625,0.0517578125,-0.104248046875,-0.104248046875,-0.063720703125,0.08251953125,0.043212890625,-0.09423828125,-0.0458984375,0.0712890625,-0.007568359375,-0.11669921875,-0.03662109375,0.0693359375,-0.004150390625,-0.0859375,0.0048828125,0.08251953125,-0.01611328125,-0.080810546875,0.011474609375,0.06640625,-0.03271484375,-0.078857421875,0.026611328125,0.037109375,-0.08154296875,-0.069091796875,0.06884765625,0.0556640625,-0.071533203125,0.073974609375,0.011474609375,-0.119873046875,-0.119873046875,-0.052978515625,0.09521484375,0.02294921875,-0.108154296875,-0.0361328125,0.07861328125,-0.013916015625,-0.1064453125,0.01611328125,0.119873046875,0.01416015625,-0.09765625,-0.015625,0.0498046875,-0.061279296875,-0.088623046875,0.033935546875,0.06591796875,-0.041259765625,-0.05419921875,0.074951171875,0.062255859375,-0.097900390625,-0.105224609375,0.03857421875,0.030517578125,-0.08349609375,0.0810546875,0.051025390625,-0.090087890625,-0.090087890625,-0.03466796875,0.0830078125,-0.028564453125,-0.139404296875,-0.041259765625,0.056884765625,-0.027099609375,-0.097900390625,0.021728515625,0.110107421875,-0.02197265625,-0.107421875,0.01416015625,0.069091796875,-0.068359375,-0.09716796875,0.086669921875,0.1318359375,-0.0458984375,-0.093505859375,0.051025390625,0.048095703125,-0.098876953125,-0.0810546875,0.071044921875,-0.066162109375,-0.03271484375,0.088623046875,0.0146484375,-0.12890625,-0.059814453125,-0.059814453125,0.0595703125,-0.0263671875,-0.104736328125,0.031494140625,0.13525390625,0.000244140625,-0.115478515625,-0.02392578125,0.0517578125,-0.062255859375,-0.1064453125,0.027099609375,0.059326171875,-0.06689453125,-0.052001953125,0.09716796875,0.061279296875,-0.09716796875,-0.072998046875,0.054931640625,-0.004150390625,-0.133544921875,-0.04248046875,0.03515625,-0.1064453125,-0.036865234375,0.06787109375,-0.03173828125,-0.1220703125,-0.020751953125,-0.020751953125,0.07958984375,0.00732421875,-0.043212890625,0.046630859375,0.073486328125,-0.072021484375,-0.126708984375,0.0185546875,0.044921875,-0.08642578125,-0.052490234375,0.131103515625,0.109130859375,-0.09423828125,-0.09130859375,0.08447265625,0.047119140625,-0.152587890625,-0.109130859375,0.098388671875,0.072021484375,-0.013916015625,0.135009765625,0.015869140625,-0.139892578125,-0.05078125,0.037841796875,-0.076416015625,-0.123046875,0.0458984375,0.0458984375,0.12548828125,-0.039794921875,-0.09228515625,0.053955078125,0.069091796875,-0.106201171875,-0.1376953125,0.05615234375,0.1015625,-0.07470703125,-0.089599609375,0.08154296875,0.074951171875,-0.080322265625,-0.06591796875,0.061279296875,0.0166015625,-0.114990234375,-0.030517578125,0.102294921875,-0.10400390625,-0.0166015625,0.064453125,-0.040771484375,-0.12109375,0.016357421875,0.110595703125,-0.0341796875,-0.108154296875,0.03955078125,0.03955078125,0.097412109375,-0.06591796875,-0.134521484375,-0.001953125,0.0361328125,-0.068359375,-0.056640625,0.062744140625,0.078369140625,-0.0146484375,-0.02880859375,0.032958984375,-0.01806640625,-0.11279296875,-0.021240234375,0.063720703125,-0.040283203125,-0.09521484375,0.010498046875,0.085693359375,-0.010009765625,-0.078369140625,0.018798828125,-0.08447265625,-0.096435546875,0.044189453125,0.104248046875,-0.0166015625,-0.04296875,0.0498046875,0.01806640625,-0.102294921875,-0.076416015625,0.04638671875,0.04638671875,0.03173828125,-0.06982421875,-0.0166015625,0.084228515625,0.017333984375,-0.0654296875,-0.0302734375,0.0673828125,-0.0087890625,-0.111572265625,-0.012939453125,0.058837890625,-0.006591796875,-0.05419921875,0.0,0.014404296875,-0.05810546875,-0.066650390625,0.000732421875,-0.039794921875,-0.03857421875,0.036865234375,0.04248046875,-0.060791015625,-0.036376953125,0.0458984375,0.004638671875,-0.102294921875,-0.06640625,0.047607421875,0.049560546875,-0.039794921875,-0.039794921875,-0.03369140625,0.0322265625,0.004638671875,-0.067626953125,-0.032958984375,0.049560546875,0.01806640625,-0.024658203125,0.00244140625,0.020751953125,-0.040771484375,-0.07080078125,0.023193359375,0.052978515625,-0.0302734375,-0.065673828125,0.009033203125,-0.047607421875,-0.077880859375,-0.013671875,0.003662109375,-0.025634765625,-0.035400390625,0.0263671875,0.046875,-0.0029296875,-0.003662109375,-0.009033203125,-0.038330078125,-0.03466796875,-0.0107421875,-0.010009765625,-0.010009765625,-0.0126953125,-0.014404296875,0.001220703125,0.0322265625,-0.005615234375,-0.04541015625,0.005615234375,0.0283203125,-0.05078125,-0.085693359375,-0.02685546875,0.020751953125,-0.001708984375,-0.01708984375,0.00634765625,0.02392578125,-0.064208984375,-0.034423828125,-0.02294921875,-0.0634765625,-0.02099609375,0.015869140625,0.01123046875,0.00830078125,0.011962890625,0.0234375,-0.007568359375,-0.056396484375,-0.038818359375,-0.0087890625,-0.0087890625,0.016357421875,0.005859375,-0.009521484375,-0.00048828125,-0.003173828125,-0.01953125,-0.03466796875,-0.013671875,0.00146484375,0.013916015625,0.001953125,-0.01416015625,-0.017333984375,-0.02294921875,-0.012939453125,-0.036865234375,-0.0234375,0.001708984375,0.01123046875,0.010986328125,-0.0341796875,-0.030517578125,-0.00146484375,-0.04296875,-0.042724609375,-0.006103515625,0.0068359375,0.0009765625,-0.00830078125,-0.0029296875,0.008544921875,0.008544921875,-0.018798828125,-0.04248046875,-0.018798828125,-0.003662109375,-0.012939453125,0.00390625,0.014404296875,-0.00048828125,-0.02587890625,-0.04833984375,-0.025146484375,-0.018798828125,-0.01171875,-0.01171875,0.01171875,-0.02685546875,-0.01318359375,0.01171875,-0.00732421875,-0.027587890625,-0.033935546875,-0.019287109375,-0.015625,-0.015625,-0.0263671875,-0.0068359375,0.02197265625,0.011474609375,-0.021728515625,-0.001220703125,-0.01513671875,-0.021484375,-0.0244140625,0.00732421875,0.015869140625,0.0048828125,0.01318359375,0.01318359375,-0.00537109375,-0.0302734375,-0.05322265625,-0.05224609375,-0.02197265625,0.007080078125,0.03271484375,0.0244140625,-0.040771484375,-0.058837890625,-0.022216796875,-0.026123046875,-0.023681640625,-0.023681640625,0.0029296875,0.029052734375,0.031982421875,-0.010009765625,-0.021240234375,-0.027587890625,-0.04248046875,-0.022216796875,0.02197265625,0.01953125,-0.002685546875,-0.008056640625,0.0078125,0.0078125,-0.005126953125,-0.02978515625,-0.016845703125,-0.005859375,-0.078125,-0.009521484375,0.03759765625,0.01904296875,-0.001953125,0.015869140625,0.005126953125,-0.043701171875,-0.060546875,-0.060546875,-0.022216796875,0.011474609375,-0.010498046875,0.031005859375,0.01123046875,-0.010986328125,-0.0380859375,-0.033203125,-0.05517578125,-0.05810546875,0.001953125,0.024658203125,-0.001953125,-0.001953125,-0.010498046875,-0.018310546875,-0.0107421875,-0.005126953125,0.00634765625,0.005859375,-0.0126953125,-0.068115234375,-0.043701171875,-0.006103515625,0.010986328125,0.011962890625,-0.0205078125,-0.0205078125,-0.012939453125,-0.004638671875,-0.025390625,0.011474609375,0.007080078125,0.026123046875,0.0185546875,-0.008056640625,-0.027099609375,-0.02294921875,0.010498046875,-0.011962890625,-0.011962890625,-0.037353515625,-0.028564453125,0.011474609375,0.015380859375,-0.02880859375,0.00390625,0.01611328125,-0.013427734375,-0.0068359375,-0.045654296875,-0.0341796875,-0.02734375,-0.02734375,-0.040771484375,-0.013671875,0.0322265625,-0.00244140625,-0.038818359375,-0.0625,-0.047607421875,0.00537109375,0.01953125,0.01416015625,0.01708984375,0.01708984375,-0.01416015625,-0.043701171875,-0.036376953125,0.021728515625,-0.02783203125,-0.002685546875,-0.03369140625,-0.05126953125,0.01123046875,-0.04150390625,0.059326171875,-0.01171875,-0.01171875,-0.002197265625,0.043212890625,0.038330078125,-0.01416015625,-0.091064453125,0.067138671875,-0.0654296875,-0.027099609375,0.07666015625,-0.053955078125,-0.01806640625,-0.01806640625,0.0234375,-0.01953125,0.014404296875,-0.011962890625,-0.015869140625,-0.01025390625,-0.03955078125,-0.03076171875,0.013671875,-0.007080078125,-0.01220703125,-0.021728515625,-0.021728515625,-0.050537109375,0.00048828125,0.0,0.010986328125,0.02099609375,0.003173828125,-0.040283203125,-0.048828125,-0.0419921875,-0.03076171875,-0.01220703125,-0.02490234375,-0.028564453125,-0.028564453125,0.008544921875,0.017333984375,0.043701171875,0.029052734375,0.016357421875,-0.000732421875,-0.03125,-0.03271484375,-0.02734375,-0.022216796875,-0.01953125,-0.01953125,-0.031005859375,-0.024658203125,-0.00390625,0.016845703125,0.0390625,0.035888671875,-0.005859375,-0.053466796875,-0.064453125,-0.009033203125,0.054443359375,0.03662109375,-0.0556640625,-0.0556640625,-0.126708984375,0.02099609375,0.038818359375,-0.04931640625,-0.080078125,0.01953125,0.073974609375,-0.0009765625,-0.028076171875,0.00390625,-0.041259765625,-0.059326171875,0.0107421875,-0.010009765625,-0.010009765625,0.005615234375,-0.052490234375,-0.091552734375,0.06396484375,0.10693359375,0.01904296875,-0.01708984375,-0.068115234375,-0.0927734375,-0.002197265625,0.03759765625,-0.033203125,-0.022216796875,-0.022216796875,0.032470703125,-0.003662109375,-0.012451171875,-0.028564453125,-0.034423828125,-0.01123046875,0.00244140625,0.02880859375,0.040771484375,-0.020751953125,-0.069580078125,-0.02880859375,0.00439453125,0.024169921875,0.030029296875,0.004638671875,-0.042236328125,-0.075927734375,-0.037109375,-0.001220703125,0.02197265625,0.05517578125,0.02001953125,-0.05029296875,-0.059326171875,-0.02294921875,-0.020263671875,-0.01513671875,0.0029296875,-0.033447265625,-0.06640625,-0.049072265625,-0.017578125,0.023193359375,0.011474609375,-0.04248046875,-0.00341796875,0.064453125,0.0224609375,-0.046630859375,-0.068603515625,-0.06787109375,-0.02001953125,0.025146484375,-0.00537109375,-0.0380859375,-0.00244140625,0.026123046875,0.02294921875,0.000244140625,-0.037109375,-0.034423828125,0.011962890625,0.021728515625,-0.0283203125,-0.04736328125,-0.001220703125,0.03759765625,0.029541015625,-0.0322265625,-0.052978515625,0.0302734375,0.0615234375,-0.02392578125,-0.09228515625,-0.03466796875,0.049560546875,0.031982421875,-0.0498046875,-0.039306640625,0.067626953125,0.0712890625,-0.067138671875,-0.116943359375,0.025390625,0.07275390625,-0.101806640625,-0.17626953125,0.007080078125,0.142578125,-0.024169921875,-0.164794921875,-0.001708984375,0.133056640625,-0.017822265625,-0.173583984375,-0.0361328125,0.11181640625,-0.00439453125,-0.136474609375,-0.03076171875,0.100830078125,0.0029296875,-0.105712890625,0.013671875,0.124755859375,0.01318359375,-0.101318359375,-0.026611328125,0.060546875,-0.03173828125,-0.0986328125,0.010498046875,0.087890625,-0.022216796875,-0.074462890625,0.0400390625,0.086181640625,-0.017578125,-0.087646484375,-0.04248046875,0.017822265625,-0.000244140625,-0.052978515625,-0.016357421875,0.032958984375,0.0224609375,-0.007080078125,-0.0068359375,0.008544921875,0.01318359375,-0.009765625,-0.05126953125,-0.064697265625,-0.027587890625,0.026611328125,0.0068359375,-0.051513671875,0.00048828125,0.060546875,-0.05029296875,-0.05029296875,-0.00244140625,0.038330078125,-0.044921875,-0.11865234375,-0.0576171875,0.01953125,-0.030029296875,-0.092041015625,-0.007080078125,0.085693359375,0.017333984375,-0.00146484375,-0.00146484375,0.057861328125,-0.03369140625,-0.120849609375,-0.044189453125,0.0380859375,-0.01806640625,-0.07373046875,0.022216796875,0.10107421875,-0.006103515625,0.0361328125,0.0361328125,0.06982421875,-0.044921875,-0.07373046875,0.000732421875,0.020263671875,-0.04248046875,0.0400390625,0.0400390625,0.049072265625,-0.028076171875,-0.022705078125,0.051513671875,0.00537109375,-0.0791015625,-0.03759765625,0.02099609375,-0.039794921875,-0.088134765625,0.00830078125,0.08447265625,-0.079345703125,0.01220703125,0.01220703125,0.099853515625,-0.013427734375,-0.129638671875,-0.03271484375,0.07421875,-0.039794921875,-0.15576171875,-0.013916015625,0.1376953125,0.02880859375,-0.106201171875,0.09716796875,-0.0068359375,-0.0068359375,-0.131103515625,-0.04638671875,0.041015625,-0.05615234375,-0.092529296875,0.02734375,0.051025390625,-0.047607421875,-0.03271484375,0.067626953125,0.00830078125,-0.018798828125,0.0380859375,0.0380859375,-0.02880859375,-0.090087890625,-0.028076171875,0.056640625,0.021484375,-0.025634765625,0.0146484375,0.048095703125,-0.010009765625,-0.051513671875,0.02490234375,-0.048095703125,-0.048095703125,-0.067626953125,0.021484375,0.04443359375,-0.032958984375,-0.02294921875,0.0673828125,0.041015625,-0.07177734375,-0.043701171875,0.03857421875,-0.017822265625,-0.042724609375,0.037109375,-0.022216796875,-0.022216796875,-0.063720703125,0.0263671875,0.0888671875,-0.00439453125,-0.068603515625,0.005859375,0.04150390625,-0.05859375,-0.0947265625,0.01611328125,0.048583984375,-0.059326171875,0.058837890625,0.065673828125,0.065673828125,-0.0693359375,-0.075927734375,0.05517578125,0.019287109375,-0.1162109375,-0.06591796875,0.058349609375,-0.00048828125,-0.11328125,-0.025390625,0.0107421875,-0.092041015625,0.005859375,0.08251953125,0.08251953125,-0.04443359375,-0.114013671875,0.01220703125,0.082275390625,-0.041015625,-0.098876953125,0.022705078125,0.09033203125,-0.022216796875,0.051025390625,0.073974609375,-0.0712890625,-0.0712890625,-0.098876953125,0.045166015625,0.069580078125,-0.06591796875,-0.0732421875,0.04296875,0.02783203125,-0.075439453125,0.067138671875,0.001708984375,-0.10009765625,-0.10009765625,-0.024658203125,0.05810546875,-0.033447265625,-0.1103515625,-0.010986328125,0.067626953125,-0.019287109375,-0.0673828125,0.018798828125,-0.047607421875,-0.07275390625,0.0322265625,0.0322265625,0.05224609375,-0.052001953125,-0.081298828125,0.009521484375,0.031982421875,-0.053955078125,-0.0341796875,0.060302734375,-0.070556640625,-0.053466796875,0.05126953125,0.02001953125,0.02001953125,-0.09814453125,-0.07177734375,0.0458984375,0.0185546875,-0.0830078125,-0.031982421875,0.07421875,0.00439453125,-0.02587890625,0.079833984375,-0.000732421875,-0.09228515625,-0.09228515625,-0.02783203125,0.042236328125,-0.0244140625,-0.056640625,0.046875,0.084716796875,-0.02783203125,0.02978515625,0.048828125,-0.052734375,-0.06494140625,0.0263671875,0.0263671875,0.014892578125,-0.078857421875,-0.05908203125,0.054443359375,0.059814453125,-0.052734375,-0.06494140625,0.033203125,-0.0712890625,-0.057373046875,0.031494140625,0.031494140625,0.0,-0.086181640625,-0.0380859375,0.0595703125,0.020751953125,-0.074462890625,-0.03271484375,0.009765625,-0.069580078125,-0.012939453125,0.054443359375,-0.01904296875,-0.077880859375,-0.077880859375,0.001708984375,0.06396484375,-0.010498046875,-0.060791015625,0.010986328125,0.040771484375,-0.031494140625,0.000732421875,-0.01123046875,-0.089599609375,-0.05078125,0.04150390625,0.016845703125,0.016845703125,-0.040283203125,-0.005615234375,0.045654296875,-0.012939453125,-0.06591796875,-0.00244140625,0.03271484375,-0.094482421875,-0.018310546875,0.044921875,-0.011474609375,-0.02197265625,0.045654296875,0.045654296875,0.064453125,-0.0390625,-0.06982421875,0.039306640625,0.050537109375,-0.051513671875,-0.07763671875,0.029052734375,-0.070556640625,-0.0546875,0.06640625,0.06103515625,0.06103515625,-0.061767578125,-0.0546875,0.0546875,0.014404296875,-0.125,-0.088623046875,0.046142578125,-0.077392578125,-0.0146484375,0.08154296875,0.02099609375,-0.0615234375,-0.0009765625,-0.0009765625,0.056640625,-0.036865234375,-0.0859375,0.00634765625,0.04443359375,-0.052734375,-0.085205078125,0.063232421875,-0.05322265625,-0.03759765625,0.05322265625,0.03076171875,-0.0712890625,-0.0712890625,-0.06201171875,0.031005859375,-0.017822265625,-0.1025390625,-0.019775390625,0.071533203125,-0.068359375,-0.000244140625,0.078369140625,-0.018798828125,-0.126953125,-0.04931640625,0.0439453125,0.0439453125,-0.01318359375,-0.050537109375,0.016357421875,0.050537109375,-0.03564453125,-0.05419921875,0.072998046875,-0.039306640625,-0.0625,0.031494140625,0.0234375,-0.093017578125,-0.07080078125,0.05322265625,0.036865234375,0.036865234375,-0.05224609375,-0.013427734375,0.068115234375,0.000244140625,-0.036865234375,0.054931640625,-0.00634765625,-0.080078125,-0.03125,0.03955078125,-0.017578125,-0.017578125,-0.078857421875,0.011474609375,0.068359375,-0.008544921875,-0.0556640625,0.03173828125,-0.06298828125,-0.087158203125,0.020751953125,0.069091796875,-0.03271484375,-0.03271484375,-0.0673828125,0.042724609375,0.05419921875,-0.056396484375,-0.04150390625,0.021728515625,-0.099609375,-0.082275390625,0.015625,0.007080078125,-0.0439453125,-0.0439453125,-0.006103515625,0.0458984375,-0.02392578125,-0.091552734375,-0.005615234375,0.001953125,-0.080810546875,-0.021240234375,0.03564453125,-0.0341796875,-0.069580078125,0.011962890625,0.011962890625,0.067138671875,0.003662109375,-0.029296875,0.035400390625,-0.069580078125,-0.134521484375,-0.02783203125,0.05322265625,0.00634765625,-0.00439453125,0.04541015625,0.04541015625,0.0244140625,-0.072998046875,-0.0693359375,0.017822265625,-0.04150390625,-0.05810546875,0.00634765625,-0.015380859375,-0.079345703125,-0.036376953125,0.048095703125,0.0380859375,0.0380859375,-0.03515625,-0.02001953125,0.030029296875,-0.00537109375,-0.038330078125,0.011474609375,0.009521484375,-0.02490234375,-0.015869140625,0.009765625,-0.013427734375,-0.020751953125,-0.020751953125,0.023193359375,0.0224609375,-0.021728515625,-0.0390625,-0.027587890625,-0.038330078125,-0.01171875,0.0361328125,0.008056640625,-0.0419921875,-0.021728515625,-0.021728515625,0.00830078125,-0.017333984375,-0.03369140625,-0.0078125,-0.01806640625,-0.0556640625,-0.0185546875,0.0126953125,0.002197265625,-0.01318359375,0.020263671875,0.052734375,-0.002685546875,-0.002685546875,-0.044921875,-0.01220703125,-0.004638671875,-0.057861328125,0.003662109375,0.0439453125,-0.000244140625,-0.01806640625,0.02001953125,0.01220703125,-0.044189453125,-0.029052734375,0.0224609375,0.0224609375,-0.011962890625,-0.0791015625,-0.06494140625,0.036376953125,-0.016845703125,-0.027099609375,-0.0048828125,-0.003662109375,-0.020263671875,0.01318359375,0.0458984375,-0.010498046875,-0.075439453125,-0.075439453125,-0.04638671875,0.005126953125,0.002197265625,0.0107421875,0.010986328125,-0.02099609375,-0.0166015625,0.001953125,-0.011962890625,-0.041015625,-0.033935546875,0.002685546875,-0.005615234375,-0.005615234375,-0.0322265625,-0.00732421875,0.004150390625,-0.046875,0.021484375,0.0439453125,-0.012451171875,-0.04541015625,-0.008544921875,0.00439453125,-0.041015625,-0.047607421875,0.01171875,0.01171875,0.0361328125,-0.00927734375,-0.0283203125,0.042724609375,-0.031982421875,-0.056884765625,-0.014892578125,0.008056640625,-0.022705078125,-0.035400390625,0.01806640625,0.005859375,-0.06396484375,-0.06396484375,-0.0458984375,0.039306640625,-0.05322265625,-0.0390625,-0.00146484375,-0.02978515625,-0.04736328125,-0.021728515625,0.00537109375,-0.004638671875,-0.020263671875,0.001953125,0.01318359375,0.01318359375,-0.021484375,-0.046875,0.005859375,0.001708984375,-0.0029296875,0.017578125,0.005126953125,-0.038330078125,-0.03857421875,0.005615234375,0.009765625,-0.009521484375,0.007568359375,0.007568359375,0.021240234375,-0.067138671875,-0.01318359375,0.02783203125,-0.0146484375,-0.039794921875,0.01025390625,0.026611328125,-0.037109375,-0.057861328125,0.012451171875,0.012451171875,0.025146484375,-0.056884765625,0.03076171875,0.05810546875,-0.00439453125,-0.041748046875,-0.002197265625,0.0126953125,-0.040283203125,-0.043701171875,0.02880859375,0.0224609375,0.0224609375,-0.071044921875,0.036376953125,0.04541015625,-0.052490234375,-0.047607421875,0.0419921875,0.029052734375,-0.05712890625,-0.033447265625,0.0380859375,-0.03271484375,-0.03271484375,-0.122314453125,0.055908203125,0.0478515625,-0.041015625,-0.031982421875,0.02880859375,0.00634765625,-0.054443359375,-0.0224609375,0.047607421875,0.014404296875,-0.064453125,-0.064453125,0.009765625,0.0126953125,-0.0166015625,0.007080078125,0.032958984375,0.0068359375,-0.026123046875,-0.007568359375,0.007568359375,-0.037841796875,-0.069091796875,-0.069091796875,0.000244140625,-0.018310546875,-0.01220703125,0.010498046875,0.004150390625,-0.01171875,-0.005126953125,0.00634765625,-0.004638671875,-0.03173828125,-0.03076171875,-0.018798828125,-0.018798828125,-0.03466796875,0.018310546875,0.03173828125,-0.020751953125,-0.030517578125,0.009765625,0.035400390625,0.00634765625,-0.017822265625,-0.009765625,-0.023681640625,-0.023681640625,-0.06396484375,0.034912109375,0.05126953125,-0.019775390625,-0.036865234375,0.01806640625,0.011474609375,-0.044677734375,-0.038330078125,0.001220703125,-0.025390625,-0.065185546875,-0.033447265625,0.03076171875,0.023681640625,-0.03857421875,-0.04345703125,0.007568359375,0.009765625,-0.011962890625,0.010009765625,0.025390625,-0.024169921875,-0.06298828125,-0.034423828125,-0.004150390625,0.003173828125,0.005859375,0.02197265625,0.012939453125,-0.033203125,-0.03076171875,0.026611328125,0.016357421875,-0.05078125,-0.047119140625,0.009033203125,0.01318359375,-0.015380859375,0.000732421875,0.023193359375,-0.01416015625,-0.035400390625,0.011474609375,0.0341796875,-0.03564453125,-0.092529296875,-0.0625,-0.0185546875,-0.00927734375,0.000732421875,0.043701171875,0.05078125,-0.017822265625,-0.0517578125,0.011962890625,0.0458984375,-0.014404296875,-0.046630859375,-0.01806640625,-0.020263671875,-0.043212890625,-0.02099609375,0.02587890625,0.01953125,-0.02783203125,-0.016845703125,0.02978515625,0.005859375,-0.052978515625,-0.056884765625,-0.024169921875,-0.02734375,-0.0361328125,0.008544921875,0.061279296875,0.0166015625,-0.041748046875,-0.009521484375,0.0146484375,-0.019287109375,-0.037841796875,-0.03662109375,-0.044189453125,-0.04296875,-0.027099609375,0.03125,0.06201171875,0.00732421875,-0.021240234375,0.00341796875,-0.001220703125,-0.03271484375,-0.018310546875,0.01953125,-0.02099609375,-0.0673828125,-0.030029296875,0.03271484375,0.01611328125,-0.021728515625,0.000244140625,0.013916015625,-0.025634765625,-0.061279296875,-0.031494140625,0.01416015625,-0.020263671875,-0.06640625,-0.019775390625,0.02734375,0.012939453125,0.007080078125,0.03369140625,0.027099609375,-0.03515625,-0.04736328125,0.010009765625,0.009033203125,-0.058837890625,-0.061279296875,0.0,-0.00537109375,-0.00537109375,-0.007080078125,0.01904296875,-0.00390625,-0.060302734375,-0.054443359375,0.018798828125,0.018798828125,-0.04541015625,-0.042724609375,-0.01611328125,-0.01416015625,-0.014892578125,0.04150390625,0.04150390625,0.021484375,-0.0283203125,-0.0166015625,0.004150390625,-0.044677734375,-0.079833984375,-0.03173828125,0.03955078125,0.032958984375,-0.004638671875,0.009521484375,0.009521484375,-0.033203125,-0.040771484375,0.01123046875,0.040283203125,-0.00341796875,-0.054931640625,-0.0400390625,-0.026123046875,-0.057373046875,-0.041259765625,0.03076171875,-0.002197265625,-0.002197265625,-0.022705078125,-0.010986328125,-0.037109375,-0.0595703125,-0.031982421875,0.012939453125,0.004638671875,-0.02490234375,-0.00439453125,0.0244140625,-0.039794921875,0.01513671875,0.01513671875,0.02880859375,0.003173828125,-0.01025390625,-0.01904296875,-0.0439453125,-0.041259765625,-0.0234375,0.00732421875,0.02294921875,-0.049560546875,0.039306640625,0.039306640625,0.03857421875,-0.054931640625,-0.044189453125,0.004150390625,-0.00732421875,-0.0205078125,-0.0361328125,-0.021484375,0.01806640625,-0.01025390625,0.032958984375,0.024169921875,0.024169921875,-0.036376953125,-0.0341796875,-0.012939453125,-0.0302734375,-0.03515625,-0.014404296875,0.013427734375,0.01416015625,-0.030029296875,-0.024658203125,0.008544921875,0.017333984375,0.0634765625,0.0634765625,-0.006103515625,-0.0908203125,-0.0615234375,0.0,0.026611328125,-0.0048828125,-0.029052734375,0.002685546875,-0.0322265625,-0.0966796875,0.074462890625,0.021484375,-0.06787109375,-0.06787109375,-0.05517578125,0.0087890625,0.0234375,-0.017333984375,-0.009521484375,0.033447265625,0.008056640625,-0.03369140625,0.011474609375,0.044189453125,-0.0771484375,-0.101806640625,-0.029541015625,-0.029541015625,0.00732421875,0.024169921875,0.064697265625,0.008056640625,-0.09814453125,-0.064453125,0.01708984375,0.05712890625,0.036376953125,-0.04150390625,-0.026123046875,-0.030029296875,-0.01953125,-0.01953125,0.02880859375,0.013427734375,-0.024658203125,-0.01416015625,0.010009765625,-0.00927734375,-0.06298828125,-0.07861328125,-0.026611328125,-0.01708984375,0.026611328125,0.01904296875,-0.029296875,-0.029296875,-0.00048828125,0.042236328125,-0.00537109375,-0.043212890625,-0.024169921875,-0.00146484375,-0.024169921875,-0.07861328125,-0.027587890625,0.062255859375,-0.056396484375,-0.098876953125,-0.027587890625,-0.027587890625,0.0869140625,0.08984375,-0.0224609375,-0.084716796875,-0.0595703125,-0.044677734375,-0.0400390625,-0.01025390625,0.02880859375,0.056640625,-0.0166015625,-0.031494140625,0.026123046875,0.026123046875,0.0556640625,0.007080078125,-0.0859375,-0.11328125,-0.033447265625,0.016357421875,0.004150390625,-0.02197265625,-0.05712890625,0.023681640625,0.03662109375,0.040283203125,0.021484375,0.021484375,-0.053955078125,-0.099609375,-0.04638671875,0.008056640625,0.0068359375,0.009521484375,-0.0478515625,-0.01171875,0.027099609375,0.014892578125,0.0,0.0,-0.020263671875,-0.0458984375,-0.03369140625,-0.009521484375,-0.01953125,-0.01513671875,-0.0087890625,-0.0205078125,-0.0419921875,-0.009765625,0.02099609375,0.02734375,0.02734375,0.00341796875,-0.0166015625,-0.010009765625,0.00341796875,0.0185546875,-0.0029296875,-0.00146484375,-0.04833984375,-0.019775390625,0.010498046875,-0.004150390625,0.03369140625,0.03369140625,0.002685546875,-0.06103515625,0.009765625,0.0283203125,-0.017578125,0.02490234375,-0.094970703125,0.02978515625,0.063720703125,-0.037109375,0.010498046875,0.010498046875,0.035400390625,-0.054443359375,-0.021484375,0.02294921875,-0.033447265625,-0.032470703125,-0.017822265625,-0.017333984375,-0.011474609375,-0.0380859375,-0.01220703125,0.025390625,0.025390625,0.01953125,-0.0009765625,-0.03076171875,-0.044677734375,-0.02783203125,-0.024169921875,-0.01806640625,-0.010498046875,-0.011962890625,-0.017822265625,-0.035888671875,-0.035888671875,-0.017822265625,0.021728515625,0.00927734375,-0.01220703125,-0.000244140625,0.003662109375,0.00341796875,-0.01416015625,-0.012451171875,0.006103515625,0.009765625,0.0087890625,0.0087890625,0.008544921875,-0.000244140625,-0.018310546875,-0.033203125,-0.042724609375,-0.027099609375,-0.01220703125,-0.017333984375,-0.020751953125,-0.0107421875,0.030517578125,0.05712890625,0.021240234375,0.021240234375,-0.027587890625,-0.02099609375,-0.04150390625,-0.095703125,-0.059326171875,-0.01416015625,0.0029296875,0.032958984375,-0.0478515625,0.0,0.085205078125,-0.02685546875,-0.000244140625,-0.000244140625,0.007080078125,-0.087646484375,0.032958984375,-0.044189453125,-0.039794921875,0.038330078125,0.0009765625,-0.044921875,-0.02001953125,0.0126953125,-0.030029296875,0.007080078125,-0.02978515625,-0.02978515625,-0.001708984375,0.023193359375,-0.01318359375,0.009033203125,0.0126953125,0.003662109375,-0.047119140625,-0.012451171875,-0.05810546875,-0.02294921875,-0.001220703125,-0.001953125,0.026123046875,0.026123046875,0.001220703125,0.015625,0.00439453125,-0.03076171875,-0.000244140625,-0.0029296875,0.032470703125,-0.0126953125,0.023681640625,0.01953125,-0.026611328125,-0.0478515625,-0.0478515625,-0.0478515625,-0.041259765625,0.0009765625,0.05615234375,0.023193359375,-0.011962890625,-0.039794921875,-0.014404296875,-0.026123046875,-0.04150390625,0.033203125,0.02392578125,-0.0302734375,-0.041015625,-0.041015625,-0.0078125,0.019775390625,-0.01220703125,-0.0078125,-0.024658203125,-0.004150390625,-0.08984375,-0.063720703125,-0.0078125,0.021728515625,0.040771484375,-0.00146484375,0.0048828125,0.0048828125,0.004150390625,-0.019287109375,-0.050537109375,-0.0791015625,-0.03173828125,0.0078125,-0.02392578125,-0.03173828125,0.01318359375,-0.005126953125,-0.0302734375,-0.017822265625,-0.001708984375,-0.001708984375,0.01953125,-0.020751953125,-0.02783203125,0.0126953125,-0.010009765625,-0.013916015625,-0.03466796875,-0.04052734375,-0.0439453125,-0.03564453125,-0.0029296875,0.0068359375,0.0068359375,0.002685546875,0.026123046875,0.040283203125,0.00439453125,0.0146484375,-0.007568359375,-0.005859375,-0.022705078125,-0.035888671875,-0.02294921875,0.003662109375,0.003662109375,0.008544921875,0.004638671875,0.00244140625,0.00048828125,-0.029541015625,-0.063720703125,-0.0185546875,-0.01025390625,-0.027099609375,-0.006103515625,0.009765625,0.03466796875,0.03466796875,0.022216796875,-0.030517578125,-0.07958984375,-0.07275390625,-0.04345703125,0.010009765625,0.024169921875,0.00146484375,0.017333984375,0.0,-0.023193359375,-0.023193359375,-0.02099609375,-0.019775390625,-0.012451171875,-0.0546875,-0.03955078125,-0.00341796875,0.019775390625,0.01904296875,-0.003173828125,0.015625,0.03369140625,-0.004638671875,-0.004638671875,-0.02197265625,-0.02099609375,-0.041015625,-0.005615234375,-0.001708984375,0.04052734375,0.060791015625,0.015625,-0.02197265625,-0.03271484375,-0.04052734375,-0.019287109375,-0.019287109375,0.015625,-0.002197265625,0.0205078125,-0.0234375,-0.032958984375,-0.01513671875,-0.036865234375,-0.0087890625,0.017578125,-0.01171875,-0.009033203125,-0.009033203125,0.021240234375,-0.000244140625,-0.057373046875,-0.068115234375,-0.036865234375,0.000244140625,-0.01025390625,-0.00341796875,0.02490234375,-0.001953125,-0.034423828125,-0.039794921875,-0.0224609375,-0.0224609375,-0.0234375,-0.04833984375,0.01171875,0.044677734375,0.011474609375,0.004638671875,0.026123046875,0.00927734375,-0.04931640625,-0.053466796875,0.0,-0.00537109375,-0.03515625,-0.03515625,0.0,0.04052734375,0.00048828125,0.04150390625,0.02099609375,-0.046142578125,-0.082763671875,-0.032470703125,0.039306640625,-0.00732421875,-0.065673828125,0.025390625,0.025390625,0.067138671875,-0.040283203125,0.0146484375,0.010009765625,-0.057373046875,-0.040283203125,0.014892578125,0.00537109375,-0.0166015625,-0.00341796875,0.022705078125,-0.01025390625,-0.062255859375,-0.062255859375,-0.03515625,0.017822265625,-0.038818359375,0.006591796875,0.03515625,-0.032470703125,-0.078125,-0.005859375,0.03662109375,-0.015869140625,-0.04052734375,0.018798828125,0.039794921875,0.039794921875,-0.02490234375,-0.06298828125,0.023193359375,-0.057373046875,-0.07421875,0.031005859375,0.045166015625,-0.002197265625,-0.016357421875,0.044677734375,0.0126953125,-0.07666015625,-0.03125,-0.03125,0.031494140625,-0.0654296875,-0.031494140625,0.04736328125,0.018310546875,-0.069091796875,-0.02685546875,0.0419921875,-0.022705078125,-0.10986328125,-0.03369140625,0.07373046875,-0.008056640625,-0.008056640625,-0.058837890625,0.0361328125,-0.06298828125,-0.10595703125,0.019287109375,0.05078125,-0.07958984375,-0.080810546875,0.08154296875,0.08837890625,-0.079833984375,-0.065185546875,0.103759765625,0.103759765625,0.02001953125,-0.060302734375,0.1015625,0.056640625,-0.056884765625,-0.0224609375,0.083740234375,0.028076171875,-0.0869140625,-0.02099609375,0.05908203125,-0.039794921875,-0.1279296875,-0.1279296875,0.0986328125,-0.0263671875,-0.0927734375,0.04052734375,0.075927734375,-0.070068359375,-0.144287109375,0.02734375,0.12841796875,-0.066650390625,-0.14990234375,0.0478515625,0.110107421875,0.110107421875,-0.147705078125,0.04736328125,0.100830078125,-0.071044921875,-0.10986328125,0.0625,0.09912109375,-0.0810546875,-0.120849609375,0.047119140625,0.058349609375,-0.112548828125,-0.072265625,-0.072265625,0.046142578125,-0.099609375,-0.02734375,0.104736328125,0.00048828125,-0.16845703125,-0.065185546875,0.10009765625,0.00146484375,-0.124755859375,0.016357421875,0.14453125,0.02197265625,-0.10205078125,0.0009765625,0.078369140625,-0.072021484375,-0.17626953125,0.015869140625,0.141845703125,-0.013427734375,-0.073486328125,0.08154296875,0.10791015625,-0.090576171875,-0.153564453125,0.054443359375,0.10546875,-0.093994140625,-0.099609375,0.081298828125,0.05810546875,-0.1123046875,-0.063720703125,0.1005859375,0.03564453125,-0.158935546875,-0.086669921875,0.1083984375,0.0185546875,-0.134033203125,-0.010009765625,0.13671875,-0.01171875,-0.1884765625,-0.023681640625,0.150390625,-0.006591796875,-0.15478515625,0.010498046875,0.12841796875,-0.01953125,-0.155517578125,-0.0146484375,0.118896484375,-0.03271484375,-0.12744140625,0.030517578125,0.13330078125,-0.03369140625,-0.134033203125,0.034912109375,0.09326171875,-0.091552734375,-0.138427734375,0.050048828125,0.087158203125,-0.093017578125,-0.08935546875,0.100341796875,0.0927734375,-0.103759765625,-0.09375,0.0966796875,0.05908203125,-0.13232421875,-0.059814453125,0.10498046875,0.0361328125,-0.10986328125,-0.03466796875,0.1005859375,0.005126953125,-0.140380859375,-0.02685546875,0.126953125,0.008056640625,-0.1064453125,0.0224609375,0.08544921875,-0.07763671875,-0.154052734375,0.11083984375,0.11083984375,-0.05615234375,-0.10546875,0.049072265625,0.057861328125,-0.120361328125,-0.109130859375,0.0908203125,0.08349609375,-0.1005859375,-0.095947265625,0.056396484375,0.044677734375,-0.099853515625,-0.036376953125,0.124755859375,0.066650390625,-0.108642578125,-0.0576171875,0.080810546875,-0.00244140625,-0.13330078125,-0.03076171875,0.103515625,-0.090576171875,-0.090576171875,0.012451171875,0.11767578125,-0.010009765625,-0.119384765625,-0.006103515625,0.070556640625,-0.06005859375,-0.117431640625,0.022216796875,0.07666015625,-0.09033203125,-0.09033203125,0.04052734375,0.061767578125,-0.06396484375,-0.07373046875,0.068359375,0.055419921875,-0.108642578125,-0.075439453125,0.080810546875,0.0498046875,-0.101806640625,0.08935546875,0.08935546875,0.023681640625,-0.101806640625,0.00244140625,0.117919921875,-0.0068359375,-0.14794921875,-0.0263671875,0.0908203125,-0.048095703125,-0.140380859375,0.138916015625,-0.01318359375,-0.01318359375,-0.105224609375,0.031005859375,0.0888671875,-0.09716796875,-0.144287109375,0.043701171875,0.088623046875,-0.0791015625,-0.064697265625,0.114013671875,0.096435546875,-0.1142578125,0.048828125,0.048828125,0.053466796875,-0.10009765625,-0.07275390625,0.09033203125,0.060302734375,-0.095703125,-0.07470703125,0.059326171875,0.0166015625,-0.091064453125,-0.020751953125,-0.017333984375,-0.10107421875,-0.10107421875,-0.0009765625,0.06005859375,-0.05908203125,-0.120849609375,-0.00146484375,0.059326171875,-0.058349609375,-0.0654296875,0.071044921875,0.07666015625,-0.0498046875,0.02880859375,0.02294921875,0.02294921875,-0.09765625,-0.073974609375,0.061767578125,0.068603515625,-0.0205078125,0.012939453125,0.083740234375,-0.014892578125,-0.1279296875,-0.04541015625,-0.02197265625,-0.10107421875,0.01953125,0.01953125,0.10595703125,-0.0322265625,-0.11328125,0.00927734375,0.0732421875,-0.044677734375,-0.10302734375,0.00390625,0.062255859375,-0.04833984375,0.041748046875,0.047607421875,-0.0908203125,-0.0908203125,-0.0810546875,0.05908203125,0.060546875,-0.078125,-0.060302734375,0.090576171875,0.041015625,-0.11767578125,-0.079833984375,0.014404296875,-0.084228515625,-0.007568359375,-0.007568359375,0.099853515625,0.0029296875,-0.0986328125,-0.022216796875,0.0615234375,-0.02880859375,-0.107666015625,-0.00634765625,0.07958984375,-0.013916015625,0.03369140625,0.068115234375,-0.056396484375,-0.056396484375,-0.105224609375,0.012939453125,0.060302734375,-0.037353515625,-0.030517578125,0.06103515625,0.012939453125,-0.102294921875,-0.046630859375,0.040771484375,-0.079833984375,-0.03662109375,0.07421875,0.07421875,0.03271484375,-0.08251953125,-0.0478515625,0.049560546875,-0.028076171875,-0.121337890625,-0.022705078125,0.087646484375,-0.0791015625,-0.007568359375,0.064697265625,0.064697265625,-0.031982421875,-0.1083984375,-0.009521484375,0.0615234375,-0.04931640625,-0.07421875,0.044677734375,0.07177734375,-0.06689453125,0.01904296875,0.016845703125,-0.057861328125,-0.057861328125,-0.02490234375,0.06005859375,0.028564453125,-0.07373046875,-0.041259765625,0.0478515625,-0.00048828125,-0.025390625,0.058349609375,0.01123046875,-0.051513671875,-0.051513671875,-0.002197265625,0.04248046875,-0.062255859375,-0.113525390625,-0.0185546875,0.048583984375,-0.011962890625,-0.039794921875,0.054931640625,-0.0791015625,-0.084716796875,0.033203125,0.033203125,0.0341796875,-0.067138671875,-0.045654296875,0.0673828125,0.05029296875,-0.069580078125,-0.041748046875,0.001708984375,-0.091552734375,-0.037109375,0.06201171875,0.06201171875,0.021240234375,-0.068603515625,-0.017578125,0.05224609375,-0.03173828125,-0.10205078125,-0.016845703125,-0.009765625,-0.08349609375,0.009033203125,0.076416015625,-0.02587890625,-0.02587890625,-0.09521484375,-0.02783203125,0.039794921875,-0.051025390625,-0.083251953125,0.043212890625,-0.01318359375,-0.0703125,0.014404296875,0.0439453125,-0.04443359375,-0.04443359375,-0.059326171875,0.0146484375,0.0263671875,-0.03857421875,-0.0439453125,0.040283203125,0.027099609375,-0.050537109375,0.01953125,0.02001953125,-0.0517578125,-0.02783203125,0.02587890625,0.02587890625,-0.021484375,-0.068603515625,-0.009521484375,0.048828125,-0.015869140625,-0.068603515625,0.00634765625,-0.042236328125,-0.090087890625,0.026123046875,0.06494140625,-0.06494140625,-0.068359375,-0.068359375,0.068115234375,0.067138671875,-0.063232421875,-0.062255859375,0.044677734375,0.00634765625,-0.03955078125,0.081787109375,0.0166015625,-0.090576171875,-0.035888671875,0.071533203125,0.071533203125,0.015625,-0.099609375,-0.05078125,0.053466796875,0.019775390625,-0.044921875,-0.013916015625,-0.030517578125,-0.1005859375,-0.034912109375,0.035888671875,-0.01611328125,-0.023193359375,-0.023193359375,0.056640625,0.048583984375,-0.055419921875,-0.04248046875,0.044677734375,-0.006591796875,-0.0458984375,0.05712890625,0.03564453125,-0.048095703125,-0.0078125,0.056396484375,-0.0224609375,-0.0224609375,-0.107666015625,-0.038818359375,0.06640625,0.008056640625,-0.0791015625,-0.00341796875,-0.035888671875,-0.098388671875,-0.00634765625,0.06591796875,-0.03515625,-0.090087890625,0.020263671875,0.020263671875,0.070068359375,-0.04736328125,-0.09814453125,-0.000244140625,0.050537109375,-0.0517578125,0.0478515625,0.07763671875,-0.01171875,-0.056396484375,0.01025390625,0.02197265625,-0.069580078125,-0.069580078125,-0.068115234375,0.037353515625,0.019775390625,-0.06298828125,-0.01123046875,0.08447265625,-0.0869140625,-0.033203125,0.045166015625,-0.0078125,-0.082763671875,-0.036865234375,0.04541015625,0.04541015625,-0.00537109375,-0.056884765625,0.005126953125,0.0458984375,-0.0830078125,-0.00244140625,0.0615234375,-0.000732421875,-0.03369140625,0.006591796875,-0.006591796875,-0.006591796875,-0.06494140625,-0.04443359375,0.04443359375,0.031005859375,-0.033447265625,0.044677734375,0.0166015625,-0.070556640625,-0.048095703125,0.03271484375,-0.019287109375,-0.08056640625,-0.00830078125,-0.00830078125,0.06396484375,0.012451171875,-0.051513671875,-0.015625,-0.0400390625,-0.064208984375,0.00927734375,0.03369140625,-0.046142578125,-0.067626953125,0.03564453125,0.03564453125,0.068115234375,-0.03271484375,-0.064208984375,-0.0009765625,-0.032958984375,-0.03662109375,0.037353515625,0.025634765625,-0.065673828125,-0.04931640625,0.04443359375,0.015869140625,0.015869140625,-0.0732421875,-0.0458984375,0.035400390625,-0.040771484375,-0.01123046875,0.03271484375,-0.03662109375,-0.091064453125,-0.017578125,0.04345703125,-0.02880859375,-0.02880859375,-0.060791015625,0.030029296875,0.073974609375,-0.017822265625,-0.004638671875,0.015625,-0.066650390625,-0.061279296875,0.037353515625,0.0517578125,-0.029296875,-0.052490234375,-0.052490234375,0.05224609375,0.05712890625,-0.071533203125,0.0244140625,0.021240234375,-0.048828125,-0.039794921875,0.03564453125,0.015869140625,-0.05224609375,-0.0380859375,0.01220703125,0.01220703125,0.00341796875,-0.02294921875,0.002685546875,-0.021240234375,-0.045166015625,-0.005126953125,0.01318359375,-0.040771484375,-0.060791015625,0.00341796875,0.035888671875,-0.019287109375,-0.03466796875,-0.03466796875,0.044677734375,0.0390625,-0.0673828125,0.020751953125,0.028564453125,-0.054931640625,-0.058349609375,0.051025390625,0.06201171875,-0.041259765625,-0.07373046875,-0.00439453125,0.002197265625,0.002197265625,-0.03515625,-0.028076171875,-0.005859375,-0.021484375,-0.00341796875,0.02734375,-0.0146484375,-0.043212890625,0.005126953125,0.0166015625,-0.029541015625,-0.032470703125,0.022216796875,0.022216796875,0.00146484375,-0.072998046875,0.049560546875,0.024658203125,-0.040771484375,-0.021484375,0.051025390625,0.02099609375,-0.080322265625,-0.05712890625,0.037109375,0.016357421875,-0.04931640625,-0.04931640625,-0.049072265625,0.019775390625,-0.039306640625,-0.017822265625,0.027099609375,-0.0009765625,-0.0498046875,-0.01171875,0.031982421875,-0.029052734375,-0.072509765625,-0.00146484375,-0.00146484375,0.051513671875,-0.010009765625,0.02099609375,0.0419921875,-0.04736328125,-0.081298828125,0.022705078125,0.02783203125,-0.053955078125,-0.037841796875,0.05224609375,0.05712890625,-0.061767578125,-0.061767578125,-0.07568359375,0.013916015625,-0.0400390625,-0.03955078125,0.039306640625,0.028564453125,-0.053466796875,-0.05419921875,-0.0029296875,-0.0166015625,-0.040771484375,0.01171875,0.064453125,0.064453125,0.0009765625,-0.065673828125,0.056884765625,-0.029541015625,-0.0849609375,-0.0185546875,0.035400390625,0.006591796875,-0.03466796875,0.007080078125,0.0380859375,-0.060546875,-0.077880859375,-0.077880859375,0.041259765625,0.0458984375,-0.040771484375,0.00439453125,0.004638671875,-0.05712890625,-0.064208984375,0.03662109375,0.017578125,-0.04833984375,-0.02197265625,0.030517578125,-0.009521484375,-0.009521484375,-0.024658203125,0.0732421875,-0.005615234375,-0.072021484375,-0.0068359375,0.064453125,-0.000244140625,-0.0654296875,-0.00048828125,0.036376953125,-0.022216796875,-0.022216796875,-0.04443359375,-0.00146484375,-0.043212890625,-0.031005859375,0.0478515625,0.0068359375,-0.048095703125,-0.011474609375,0.037353515625,-0.007080078125,-0.08251953125,-0.0478515625,-0.0478515625,0.009521484375,-0.056396484375,-0.0205078125,0.04248046875,-0.005615234375,-0.061767578125,-0.025146484375,0.016845703125,-0.013427734375,-0.009765625,0.034423828125,0.034423828125,-0.061767578125,-0.06494140625,0.004150390625,-0.00634765625,-0.05322265625,-0.01513671875,0.03662109375,0.021484375,-0.0439453125,-0.039794921875,0.054931640625,0.043212890625,0.043212890625,-0.083740234375,0.020751953125,0.0478515625,-0.02294921875,-0.086669921875,-0.03369140625,0.092041015625,0.038330078125,-0.09130859375,-0.065673828125,0.072265625,0.072265625,-0.04150390625,-0.170166015625,-0.080322265625,0.10107421875,0.107177734375,-0.07470703125,-0.1181640625,0.02783203125,0.1064453125,0.01171875,-0.146240234375,-0.098876953125,0.055908203125,0.0849609375,-0.00439453125,-0.117431640625,-0.025634765625,0.104736328125,0.0,-0.10107421875,-0.068603515625,-0.006591796875,0.08349609375,-0.0205078125,-0.11669921875,0.033447265625,0.0634765625,0.0244140625,-0.046630859375,-0.10205078125,0.0166015625,0.04638671875,0.012451171875,-0.036865234375,-0.025146484375,0.006103515625,-0.03173828125,-0.060546875,-0.0546875,0.030517578125,0.092529296875,-0.0068359375,-0.06103515625,-0.064453125,0.010498046875,0.048095703125,-0.024169921875,-0.0185546875,-0.01611328125,0.036376953125,-0.030517578125,-0.042724609375,-0.03515625,-0.0341796875,0.036376953125,-0.05517578125,0.017333984375,0.056640625,-0.011474609375,0.073974609375,-0.109130859375,-0.061767578125,0.05029296875,-0.10107421875,0.035400390625,0.0048828125,-0.0556640625,0.07177734375,-0.039306640625,-0.04052734375,0.02490234375,-0.0224609375,0.0224609375,-0.039794921875,-0.074951171875,0.023193359375,0.01220703125,-0.037841796875,-0.0244140625,0.001708984375,0.006103515625,-0.048828125,-0.047119140625,0.03369140625,0.046630859375,-0.005615234375,-0.054931640625,0.035888671875,0.035888671875,0.046142578125,-0.017333984375,-0.0791015625,-0.062255859375,-0.00830078125,-0.033203125,-0.083251953125,-0.0068359375,0.142333984375,0.09521484375,-0.120849609375,-0.142822265625,0.072265625,0.14111328125,-0.075927734375,-0.2333984375,-0.03369140625,0.014892578125,0.014892578125,-0.2255859375,-0.034912109375,0.186279296875,0.0107421875,-0.225341796875,-0.04931640625,0.194580078125,0.0810546875,-0.111328125,-0.054443359375,0.142333984375,0.06201171875,-0.152099609375,-0.078857421875,0.08837890625,0.029052734375,-0.093017578125,-0.0283203125,0.019775390625,-0.0419921875,0.019287109375,0.0556640625,-0.059814453125,0.050537109375,0.014404296875,0.014404296875,-0.052978515625,0.035888671875,0.04833984375,-0.076171875,-0.0283203125,0.0478515625,-0.035888671875,-0.057861328125,0.033447265625,0.009033203125,-0.06982421875,0.002197265625,0.01611328125,-0.08203125,-0.029541015625,0.038330078125,-0.052490234375,-0.0751953125,0.02734375,0.00537109375,-0.07666015625,0.016845703125,0.06396484375,-0.05908203125,-0.06005859375,-0.030029296875,-0.038818359375,0.040283203125,0.005126953125,0.005126953125,-0.08837890625,-0.012939453125,0.014404296875,-0.076416015625,-0.011962890625,0.082275390625,-0.030517578125,-0.109375,0.02685546875,0.0693359375,-0.052001953125,-0.025634765625,0.0322265625,-0.02294921875,0.001953125,0.03173828125,-0.02880859375,-0.00341796875,0.095458984375,0.007568359375,-0.111328125,0.01806640625,0.072998046875,-0.05517578125,0.036376953125,-0.022216796875,-0.048828125,0.033447265625,-0.00732421875,-0.081787109375,-0.081787109375,0.049560546875,0.080810546875,-0.08984375,-0.074462890625,0.08251953125,0.03662109375,-0.103759765625,-0.047607421875,0.021728515625,-0.0341796875,-0.013916015625,0.00244140625,-0.061279296875,-0.026123046875,0.05712890625,-0.010009765625,-0.11572265625,-0.023681640625,0.043701171875,-0.05126953125,-0.041259765625,0.020751953125,-0.025390625,-0.000732421875,-0.010498046875,-0.046875,0.034912109375,0.0458984375,-0.07421875,-0.07421875,-0.04248046875,0.04296875,-0.003662109375,-0.0390625,-0.006591796875,-0.0146484375,-0.032470703125,0.021728515625,-0.020263671875,-0.07568359375,0.05078125,0.08056640625,-0.07080078125,-0.083251953125,0.04541015625,0.041015625,-0.02880859375,0.019775390625,-0.001220703125,-0.084716796875,0.0146484375,0.086181640625,-0.073974609375,0.05224609375,0.04833984375,-0.080810546875,-0.02490234375,0.037109375,-0.02001953125,-0.0009765625,-0.0009765625,0.013427734375,-0.05078125,-0.02587890625,0.04345703125,-0.055908203125,-0.114990234375,0.065185546875,0.096923828125,-0.105712890625,-0.093505859375,0.072021484375,0.044921875,-0.05810546875,-0.01171875,0.008056640625,-0.06103515625,0.0068359375,0.0322265625,-0.075927734375,-0.0517578125,0.00830078125,-0.060546875,-0.02978515625,-0.046875,-0.040771484375,0.094482421875,0.035888671875,-0.162841796875,-0.073486328125,0.111083984375,0.111083984375,0.0263671875,-0.107177734375,-0.006103515625,0.066162109375,-0.044677734375,-0.042724609375,0.015380859375,-0.011474609375,-0.005859375,0.0234375,-0.022216796875,-0.0478515625,0.016845703125,-0.01513671875,-0.05615234375,0.052978515625,0.043701171875,-0.108642578125,-0.0556640625,0.03173828125,-0.06689453125,0.014892578125,0.025146484375,-0.043701171875,0.0390625,0.041748046875,-0.088134765625,-0.047607421875,0.10791015625,0.030029296875,0.030029296875,-0.130859375,-0.01806640625,0.082275390625,-0.032470703125,-0.0556640625,0.02685546875,-0.011474609375,-0.06787109375,0.004150390625,0.01513671875,-0.066162109375,-0.003173828125,0.05517578125,-0.045166015625,-0.06884765625,-0.000732421875,-0.009521484375,-0.03857421875,0.014404296875,-0.06494140625,-0.002685546875,0.006103515625,-0.065185546875,0.00048828125,0.043701171875,-0.067138671875,-0.075927734375,0.0419921875,0.006591796875,-0.071044921875,0.039794921875,0.039794921875,0.041748046875,-0.10986328125,-0.045654296875,0.097900390625,0.0126953125,-0.090576171875,0.0302734375,0.074951171875,-0.060302734375,-0.052490234375,0.027587890625,0.001220703125,-0.012939453125,0.00732421875,-0.02392578125,-0.01416015625,0.044189453125,-0.089599609375,0.05224609375,0.0693359375,-0.091552734375,-0.063720703125,0.07421875,0.021484375,-0.065673828125,0.003173828125,0.00048828125,-0.05810546875,0.0224609375,0.02197265625,-0.07958984375,-0.02197265625,0.0712890625,-0.014892578125,-0.014892578125,-0.08154296875,0.00341796875,-0.01904296875,-0.081298828125,0.032958984375,0.07080078125,-0.082275390625,-0.10693359375,0.048583984375,0.051513671875,-0.07958984375,-0.0322265625,0.04150390625,-0.047119140625,-0.04833984375,0.0390625,-0.0419921875,-0.003173828125,0.0078125,-0.0400390625,-0.00439453125,-0.01806640625,-0.0634765625,0.036376953125,0.07470703125,-0.073974609375,-0.107421875,0.058349609375,0.068603515625,-0.062255859375,-0.062255859375,-0.035888671875,0.000732421875,-0.031982421875,0.0419921875,0.0400390625,-0.095947265625,-0.056884765625,0.1298828125,0.046630859375,-0.174560546875,-0.05322265625,0.109130859375,0.0107421875,-0.06640625,-0.02001953125,-0.00048828125,0.02197265625,-0.0732421875,-0.096435546875,0.086669921875,0.08154296875,-0.127197265625,-0.087158203125,0.07470703125,0.035400390625,-0.04443359375,-0.00341796875,-0.021728515625,-0.042236328125,0.0693359375,0.0693359375,0.005126953125,-0.131591796875,0.009033203125,0.14599609375,-0.040283203125,-0.181640625,0.005859375,0.099365234375,-0.0166015625,-0.033935546875,-0.022216796875,-0.04638671875,0.025634765625,-0.083251953125,-0.10302734375,0.072998046875,0.059326171875,-0.10205078125,-0.0439453125,0.02197265625,-0.01611328125,0.011962890625,0.03564453125,-0.07763671875,-0.106201171875,0.073486328125,0.06298828125,-0.127197265625,-0.07080078125,0.09033203125,0.09033203125,0.003662109375,-0.114013671875,-0.01611328125,0.056640625,-0.019775390625,-0.012451171875,0.013916015625,-0.04443359375,-0.006103515625,0.040771484375,-0.04248046875,0.052734375,0.055419921875,-0.084228515625,-0.035888671875,0.037841796875,-0.03173828125,-0.02294921875,0.05517578125,-0.0146484375,-0.086669921875,0.020263671875,0.043701171875,-0.058349609375,-0.011474609375,0.03857421875,-0.03173828125,-0.0166015625,0.020263671875,0.020263671875,-0.03662109375,-0.02490234375,0.078369140625,-0.007080078125,-0.138427734375,0.00341796875,0.08984375,-0.044921875,-0.06005859375,0.047119140625,-0.001220703125,0.003173828125,0.03515625,-0.072998046875,-0.0283203125,0.048583984375,-0.024658203125,-0.060791015625,0.0,-0.00927734375,-0.042236328125,0.02734375,-0.000732421875,-0.08740234375,0.009033203125,0.053955078125,-0.053466796875,-0.053466796875,0.029052734375,-0.0029296875,-0.0029296875,-0.038818359375,0.0185546875,-0.03369140625,-0.07958984375,0.068115234375,0.080078125,-0.101806640625,-0.095458984375,0.071533203125,0.041748046875,-0.004150390625,0.043212890625,-0.031494140625,0.00048828125,0.031494140625,-0.043212890625,-0.0400390625,0.06884765625,0.034423828125,-0.0927734375,-0.025634765625,0.03662109375,-0.022216796875,-0.000732421875,0.013427734375,-0.0458984375,-0.021728515625,0.040771484375,-0.045654296875,-0.084228515625,-0.084228515625,0.0771484375,0.060302734375,-0.138427734375,-0.079833984375,0.087158203125,0.030029296875,-0.07763671875,-0.005859375,-0.064453125,-0.035400390625,0.022216796875,-0.016845703125,-0.00927734375,-0.00390625,-0.05224609375,-0.024658203125,0.052001953125,-0.048095703125,-0.119873046875,0.06640625,0.10302734375,-0.110107421875,-0.1015625,0.084716796875,0.056884765625,-0.0751953125,-0.028564453125,0.028564453125,-0.010498046875,0.02392578125,-0.01806640625,-0.094482421875,0.02392578125,0.02392578125,0.12109375,-0.042236328125,-0.15673828125,0.03076171875,0.107177734375,-0.033935546875,-0.047119140625,-0.019287109375,0.004150390625,-0.00341796875,-0.0869140625,-0.031494140625,0.12646484375,0.028564453125,-0.161376953125,-0.033447265625,0.093505859375,0.00537109375,-0.041259765625,-0.0126953125,-0.031494140625,-0.010498046875,0.062255859375,-0.0498046875,-0.12939453125,0.05322265625,0.109130859375,-0.09912109375,-0.138671875,0.058349609375,0.088134765625,0.088134765625,-0.052978515625,-0.052490234375,-0.005126953125,-0.016845703125,0.02294921875,-0.083251953125,0.004150390625,0.11279296875,-0.028564453125,-0.155029296875,0.024169921875,0.0947265625,-0.044921875,-0.05517578125,0.01025390625,-0.022705078125,-0.021484375,0.04638671875,-0.03125,-0.10107421875,0.048095703125,0.072021484375,-0.077392578125,-0.04931640625,0.0185546875,-0.03857421875,-0.02783203125,0.085693359375,0.0126953125,0.0126953125,-0.13427734375,-0.010986328125,0.08642578125,-0.021484375,0.004150390625,-0.015625,-0.02734375,0.029296875,-0.034912109375,-0.0849609375,0.060546875,0.06201171875,-0.109375,-0.06982421875,0.05859375,0.005615234375,-0.047607421875,0.04541015625,0.00390625,-0.11279296875,0.00146484375,0.076171875,-0.04296875,-0.075927734375,0.0361328125,0.042724609375,-0.0458984375,-0.015869140625,-0.0078125,-0.0078125,-0.048583984375,0.02587890625,0.043212890625,-0.06689453125,0.061767578125,0.028076171875,-0.08740234375,-0.0263671875,0.027099609375,-0.0166015625,0.011962890625,-0.010009765625,-0.075927734375,0.003173828125,0.1015625,-0.01953125,-0.152099609375,-0.005126953125,0.082763671875,-0.04150390625,-0.062744140625,0.020751953125,0.011962890625,-0.0380859375,-0.009765625,-0.02978515625,-0.07177734375,0.025146484375,0.049072265625,-0.065673828125,-0.05322265625,-0.05322265625,0.025146484375,-0.035400390625,0.008544921875,-0.01513671875,-0.04736328125,0.030517578125,-0.012939453125,-0.0810546875,0.040771484375,0.078125,-0.08642578125,-0.10986328125,0.07666015625,0.065673828125,-0.083251953125,-0.019287109375,0.04345703125,-0.035400390625,-0.015869140625,0.032958984375,-0.03857421875,-0.052978515625,0.064453125,0.032958984375,-0.095703125,-0.02197265625,0.0234375,-0.03759765625,0.01123046875,0.04443359375,-0.062255859375,-0.06689453125,0.07861328125,0.007080078125,-0.1240234375,0.0087890625,0.076416015625,-0.061279296875,-0.0595703125,0.045654296875,-0.0146484375,-0.074951171875,0.04052734375,0.0302734375,-0.097412109375,-0.029052734375,0.015380859375,-0.037841796875,0.012451171875,0.044677734375,-0.0810546875,-0.110107421875,0.0751953125,0.0556640625,-0.115234375,-0.030029296875,0.09423828125,-0.02587890625,-0.12060546875,-0.002197265625,0.0556640625,-0.013427734375,0.001220703125,-0.005615234375,-0.046875,0.025390625,0.009521484375,-0.07568359375,0.001953125,0.1025390625,-0.029541015625,-0.123779296875,0.052978515625,0.0859375,-0.0546875,-0.0390625,0.014892578125,-0.0419921875,-0.0185546875,0.068115234375,-0.024658203125,-0.095703125,0.0537109375,0.0576171875,-0.093017578125,-0.044677734375,0.029541015625,-0.03515625,-0.01904296875,0.070068359375,-0.031005859375,-0.10498046875,0.0458984375,0.01513671875,-0.134765625,-0.015380859375,0.128662109375,-0.023193359375,-0.148193359375,0.010498046875,0.0595703125,-0.073486328125,-0.0283203125,0.052001953125,-0.041015625,-0.064208984375,0.0322265625,0.0166015625,-0.052734375,0.01171875,0.01318359375,-0.060546875,0.007568359375,0.01806640625,-0.056396484375,0.012451171875,0.074462890625,-0.05419921875,-0.093994140625,0.05126953125,0.021484375,-0.076171875,0.0439453125,0.0634765625,-0.099853515625,-0.064697265625,0.085205078125,-0.099609375,-0.099609375,0.014404296875,0.051025390625,-0.04833984375,-0.007568359375,0.016357421875,-0.0576171875,-0.01806640625,0.068359375,-0.0166015625,-0.090087890625,0.015869140625,0.013916015625,-0.0625,0.022216796875,0.022216796875,-0.09375,-0.03369140625,0.083984375,-0.02880859375,-0.121826171875,0.0390625,0.05908203125,-0.092529296875,-0.05078125,0.03173828125,-0.02294921875,-0.029296875,0.05615234375,0.00634765625,-0.0048828125,-0.0048828125,0.046630859375,-0.041748046875,-0.019775390625,0.040283203125,-0.016845703125,-0.072509765625,0.01171875,0.029541015625,-0.054931640625,-0.0029296875,0.039794921875,-0.0419921875,-0.03564453125,-0.0009765625,-0.04736328125,-0.04736328125,0.017578125,0.012451171875,-0.059814453125,0.002685546875,0.0126953125,-0.048095703125,0.016357421875,0.0478515625,-0.05908203125,-0.073974609375,0.047607421875,0.0078125,-0.0751953125,0.036376953125,-0.098876953125,-0.098876953125,-0.044677734375,0.083740234375,-0.008544921875,-0.114501953125,0.023681640625,0.073974609375,-0.08154296875,-0.06103515625,0.044921875,0.01513671875,-0.02783203125,-0.00146484375,-0.008056640625,-0.0244140625,0.024169921875,-0.042236328125,-0.07177734375,0.08154296875,0.0673828125,-0.11279296875,0.091064453125,0.02099609375,-0.08740234375,0.01611328125,0.030029296875,0.030029296875,-0.06689453125,0.005859375,0.032470703125,-0.069091796875,-0.0283203125,0.0859375,-0.000732421875,-0.099853515625,0.010498046875,0.012939453125,-0.052490234375,0.0478515625,0.04736328125,-0.107421875,-0.0810546875,0.088134765625,0.030029296875,-0.1123046875,-0.01025390625,0.059326171875,-0.063232421875,-0.072265625,0.021728515625,0.0185546875,-0.029296875,-0.015869140625,-0.041748046875,0.032958984375,-0.018310546875,-0.091796875,0.03515625,0.088134765625,0.088134765625,-0.079345703125,-0.11181640625,0.072265625,0.0576171875,-0.0859375,-0.02197265625,0.024658203125,-0.040771484375,0.000244140625,0.02734375,-0.0673828125,-0.0625,0.087890625,0.039794921875,-0.120849609375,-0.02392578125,0.065673828125,-0.020263671875,-0.041748046875,0.033203125,0.00634765625,-0.0732421875,0.0068359375,0.029541015625,-0.059326171875,0.000244140625,0.05078125,-0.054443359375,0.032958984375,0.01513671875,-0.0634765625,0.01953125,0.030517578125,-0.06396484375,-0.010009765625,0.010498046875,0.010498046875,-0.059814453125,-0.01416015625,0.058837890625,-0.035888671875,-0.091796875,0.038330078125,0.0126953125,-0.057373046875,0.010009765625,0.03173828125,-0.049560546875,-0.026123046875,0.025390625,-0.019775390625,-0.04931640625,0.013427734375,-0.087158203125,-0.016357421875,0.019775390625,-0.02880859375,-0.025634765625,0.05419921875,0.05419921875,0.0,-0.10595703125,0.005126953125,0.0576171875,-0.047607421875,-0.04443359375,0.017333984375,-0.002197265625,-0.023681640625,0.005126953125,-0.03955078125,-0.040771484375,0.085205078125,-0.11376953125,-0.022216796875,0.076904296875,-0.017578125,-0.064453125,0.031005859375,0.022216796875,0.022216796875,-0.04150390625,0.02392578125,-0.022216796875,-0.092041015625,0.046875,0.097412109375,-0.086181640625,-0.14404296875,0.0634765625,0.08984375,-0.0908203125,0.037353515625,-0.0234375,-0.069580078125,-0.00634765625,0.010009765625,-0.033935546875,0.0078125,0.0078125,0.000244140625,-0.061767578125,0.00341796875,0.003173828125,-0.050048828125,0.021240234375,0.0654296875,-0.05859375,-0.112060546875,0.059326171875,0.052490234375,-0.0263671875,0.0263671875,-0.0341796875,-0.00341796875,0.029296875,-0.078369140625,-0.07373046875,0.124267578125,0.124267578125,0.061767578125,-0.169677734375,-0.056396484375,0.11962890625,0.0302734375,-0.081298828125,-0.0263671875,0.025634765625,0.012451171875,0.0322265625,-0.077880859375,0.10302734375,0.089111328125,-0.13623046875,-0.123291015625,0.08544921875,0.050048828125,-0.0830078125,-0.0830078125,-0.011962890625,-0.0029296875,-0.0546875,0.04052734375,0.0078125,-0.12451171875,-0.0244140625,0.143310546875,-0.005126953125,-0.193359375,0.11328125,-0.020751953125,-0.08154296875,-0.02978515625,0.0009765625,0.015869140625,0.015869140625,0.016357421875,-0.071533203125,-0.060546875,0.106689453125,0.04248046875,-0.1533203125,0.10546875,0.019287109375,-0.082275390625,-0.006591796875,0.007080078125,0.007080078125,-0.033203125,0.053466796875,0.009033203125,-0.10009765625,0.008056640625,0.11767578125,-0.134521484375,0.026123046875,0.064453125,-0.063720703125,-0.0205078125,0.044677734375,0.044677734375,-0.03271484375,-0.052978515625,0.01904296875,-0.03564453125,-0.027099609375,-0.01123046875,-0.0673828125,-0.0185546875,0.006591796875,-0.05419921875,0.00390625,0.07275390625,-0.04736328125,-0.120361328125,-0.120361328125,0.0458984375,0.048828125,-0.09912109375,-0.02001953125,0.057373046875,-0.073486328125,0.03955078125,0.0087890625,-0.08154296875,0.031982421875,0.05712890625,0.02001953125,-0.03955078125,0.041015625,-0.01171875,-0.03466796875,0.02978515625,-0.00927734375,-0.072021484375,0.041748046875,0.044189453125,-0.077392578125,-0.01025390625,0.074951171875,-0.020751953125,-0.020751953125,-0.0830078125,0.026611328125,0.037109375,-0.06689453125,-0.010986328125,-0.029296875,0.004150390625,-0.0029296875,-0.068359375,-0.020751953125,0.08544921875,-0.013427734375,-0.143798828125,0.003662109375,0.003662109375,0.0791015625,-0.047607421875,-0.063232421875,0.010009765625,0.005615234375,0.001953125,-0.057861328125,-0.0693359375,0.0830078125,0.05029296875,-0.120361328125,-0.0634765625,-0.0634765625,0.05615234375,0.003662109375,-0.04150390625,0.02587890625,-0.0185546875,-0.081787109375,0.0546875,-0.093505859375,-0.032958984375,0.0908203125,-0.001953125,-0.110107421875,0.013671875,0.06005859375,-0.02978515625,0.00048828125,-0.005126953125,-0.005126953125,-0.055419921875,0.021484375,0.051025390625,-0.075927734375,-0.0849609375,0.107421875,-0.15283203125,-0.0654296875,0.111083984375,0.0224609375,-0.09814453125,-0.030517578125,0.037353515625,-0.013427734375,-0.0009765625,-0.0009765625,-0.035888671875,-0.072265625,0.037841796875,0.038330078125,-0.04345703125,0.048828125,-0.040771484375,-0.082275390625,-0.04638671875,0.03466796875,0.0859375,-0.05712890625,0.101318359375,0.101318359375,0.02783203125,-0.0693359375,-0.013916015625,0.016845703125,0.033447265625,-0.033447265625,-0.104736328125,0.057373046875,0.10400390625,-0.0703125,-0.10546875,0.02001953125,0.000244140625,0.000244140625,-0.03271484375,0.06103515625,-0.01416015625,-0.116455078125,0.091552734375,-0.0859375,-0.092041015625,0.07275390625,0.02734375,-0.10205078125,0.00537109375,0.033935546875,-0.056396484375,0.001220703125,0.001220703125,0.05078125,-0.04931640625,-0.089599609375,0.046630859375,-0.074462890625,-0.013916015625,0.046142578125,-0.0419921875,-0.052001953125,0.026123046875,0.005615234375,-0.058349609375,0.010986328125,0.010986328125,0.03662109375,-0.0419921875,-0.002197265625,-0.04931640625,0.0078125,0.060302734375,-0.035888671875,-0.097900390625,0.0341796875,0.0302734375,-0.080078125,0.00244140625,0.054443359375,0.054443359375,-0.049072265625,-0.047607421875,0.05224609375,-0.082763671875,0.015380859375,0.0390625,-0.06494140625,-0.018798828125,0.010986328125,-0.04345703125,0.002197265625,0.052734375,0.052734375,-0.052734375,-0.09619140625,0.017578125,-0.087646484375,0.037109375,0.060302734375,-0.09130859375,-0.069091796875,0.068603515625,-0.00244140625,-0.09423828125,-0.09423828125,0.033447265625,0.042724609375,-0.00634765625,0.022705078125,-0.0537109375,-0.018798828125,0.06494140625,-0.0244140625,-0.087646484375,0.050537109375,0.015625,-0.09716796875,-0.09716796875,0.02197265625,-0.073486328125,-0.07958984375,0.075927734375,0.0263671875,-0.1162109375,0.0009765625,0.091064453125,-0.03515625,-0.076416015625,0.010986328125,0.010986328125,0.031005859375,-0.01025390625,-0.01416015625,-0.043701171875,0.02685546875,-0.020751953125,-0.085693359375,0.03076171875,0.072998046875,-0.069091796875,-0.107177734375,0.04638671875,0.04638671875,0.02978515625,-0.00830078125,0.040771484375,-0.031982421875,-0.018310546875,0.01416015625,-0.03662109375,-0.021728515625,0.078125,-0.01416015625,-0.142333984375,-0.142333984375,0.01220703125,-0.01904296875,-0.064208984375,-0.006103515625,-0.001220703125,-0.01025390625,0.037841796875,-0.050048828125,-0.103271484375,0.080322265625,0.102294921875,-0.125,-0.139404296875,-0.139404296875,0.09716796875,-0.1015625,-0.072509765625,0.042724609375,0.0078125,0.00244140625,-0.0107421875,-0.06884765625,-0.01171875,0.072265625,-0.0185546875,-0.101318359375,0.019287109375,0.019287109375,0.005126953125,0.0322265625,0.047119140625,-0.10107421875,-0.076416015625,0.084228515625,0.015869140625,-0.101318359375,0.026611328125,0.057861328125,-0.0634765625,-0.032470703125,-0.00146484375,-0.00146484375,0.0224609375,0.087890625,-0.04833984375,-0.147705078125,0.041259765625,0.083251953125,-0.057373046875,-0.028076171875,0.01611328125,-0.030517578125,-0.000244140625,0.055419921875,-0.066162109375,-0.066162109375,0.10546875,0.082763671875,-0.149658203125,-0.086669921875,0.11572265625,0.064208984375,-0.09619140625,-0.054443359375,0.01806640625,-0.008056640625,0.013671875,-0.046630859375,-0.081298828125,-0.081298828125,0.101318359375,-0.10009765625,-0.15283203125,0.0712890625,0.078125,-0.1005859375,-0.0390625,0.05419921875,-0.00390625,-0.02392578125,-0.01904296875,-0.06201171875,-0.025146484375,0.09765625,0.0009765625,-0.15576171875,-0.0029296875,0.08984375,-0.04296875,-0.078369140625,0.0107421875,-0.00244140625,-0.04296875,0.0439453125,-0.010986328125,-0.10400390625,0.04638671875,0.09521484375,-0.0751953125,-0.086181640625,0.053466796875,0.029541015625,-0.053466796875,0.037841796875,0.0263671875,-0.09619140625,-0.002197265625,0.0625,-0.055419921875,-0.06396484375,0.05810546875,0.014892578125,-0.089599609375,0.00341796875,0.01416015625,-0.072998046875,0.017578125,0.070556640625,-0.0634765625,-0.09765625,0.05810546875,0.0517578125,-0.1005859375,-0.03564453125,0.046142578125,-0.008544921875,-0.007080078125,-0.0224609375,-0.05615234375,0.017578125,0.08349609375,-0.05615234375,-0.142333984375,0.059326171875,0.09521484375,-0.0888671875,-0.0732421875,0.046142578125,0.02197265625,-0.041259765625,-0.007080078125,-0.031005859375,-0.048583984375,0.0849609375,0.0537109375,-0.106689453125,-0.04541015625,0.056640625,-0.010498046875,-0.040771484375,0.052001953125,0.00537109375,-0.093505859375,0.024658203125,0.049560546875,-0.080810546875,-0.040283203125,0.06298828125,-0.01220703125,-0.099853515625,0.015380859375,0.04833984375,-0.0419921875,0.001708984375,-0.000732421875,-0.065673828125,-0.001220703125,0.05078125,-0.052490234375,-0.06982421875,0.099365234375,0.038330078125,-0.16943359375,-0.05615234375,0.106201171875,0.01708984375,-0.08447265625,-0.029296875,0.021484375,-0.002197265625,0.004638671875,-0.072998046875,-0.087158203125,0.092529296875,0.077880859375,-0.127197265625,-0.094482421875,0.033447265625,0.033447265625,-0.098388671875,-0.005126953125,0.0234375,-0.0400390625,0.042236328125,0.018310546875,-0.111572265625,-0.020263671875,0.136962890625,-0.0078125,-0.19775390625,0.001708984375,0.151611328125,-0.01220703125,-0.095947265625,-0.011474609375,0.020263671875,-0.023193359375,-0.001953125,-0.0224609375,-0.035400390625,0.07470703125,0.03466796875,-0.02734375,-0.02734375,0.027587890625,-0.050048828125,-0.020751953125,0.08349609375,-0.01171875,-0.114013671875,0.03076171875,0.0380859375,-0.081298828125,-0.010009765625,0.0341796875,-0.059814453125,0.070068359375,0.070068359375,-0.030029296875,-0.123291015625,0.054443359375,0.089111328125,-0.114501953125,-0.098388671875,0.098876953125,0.07958984375,-0.090087890625,-0.04443359375,0.040771484375,-0.03369140625,0.01025390625,0.01025390625,-0.031982421875,-0.0068359375,0.04541015625,-0.0126953125,-0.06640625,0.014404296875,-0.0205078125,-0.08154296875,0.065673828125,0.093505859375,-0.09423828125,0.07080078125,0.054443359375,0.054443359375,-0.09228515625,-0.03271484375,0.0380859375,-0.013916015625,0.01318359375,-0.02294921875,-0.09130859375,0.015380859375,0.107177734375,-0.05419921875,-0.161865234375,0.10888671875,-0.050537109375,-0.050537109375,-0.04931640625,-0.00390625,-0.029541015625,0.002197265625,0.026611328125,-0.07568359375,-0.080322265625,0.123291015625,0.08056640625,-0.166748046875,-0.091552734375,0.063720703125,-0.10693359375,-0.10693359375,-0.05126953125,0.05029296875,0.00146484375,-0.0078125,-0.034912109375,-0.06884765625,0.02099609375,0.041015625,-0.05810546875,-0.049560546875,0.05859375,-0.094970703125,0.052490234375,0.068359375,0.068359375,-0.111083984375,-0.062744140625,0.09326171875,0.033935546875,-0.0859375,-0.014404296875,0.03564453125,-0.02685546875,-0.00048828125,-0.032958984375,0.047119140625,0.09130859375,-0.0703125,-0.0703125,-0.12744140625,0.04541015625,0.060791015625,-0.066162109375,-0.024169921875,0.001708984375,-0.035400390625,0.02490234375,0.021728515625,-0.10205078125,0.12353515625,0.037353515625,-0.17333984375,-0.17333984375,-0.04345703125,0.105712890625,0.013427734375,-0.065185546875,-0.035888671875,-0.0166015625,0.001953125,0.0595703125,-0.111328125,0.080078125,0.10888671875,0.10888671875,-0.11376953125,-0.135986328125,0.0693359375,0.09033203125,-0.048583984375,-0.04345703125,-0.015869140625,-0.01611328125,-0.00390625,-0.144287109375,-0.012939453125,0.165771484375,0.165771484375,0.0087890625,-0.194580078125,-0.00537109375,0.12255859375,-0.02880859375,-0.083251953125,0.004638671875,0.01708984375,0.03076171875,0.073486328125,-0.050537109375,-0.050537109375,-0.11376953125,0.021240234375,0.105712890625,-0.073486328125,-0.125732421875,0.07373046875,0.092041015625,-0.089111328125,0.0546875,-0.02197265625,-0.094970703125,0.041259765625,0.041259765625,0.083251953125,-0.088623046875,-0.077392578125,0.0810546875,0.016357421875,-0.11962890625,-0.035400390625,0.03076171875,-0.084716796875,-0.03515625,0.079345703125,0.079345703125,0.044677734375,-0.107421875,-0.087646484375,0.079833984375,0.013916015625,-0.126220703125,-0.032958984375,0.048828125,-0.048583984375,0.069091796875,-0.05029296875,-0.096923828125,-0.096923828125,0.0703125,0.0673828125,-0.123779296875,-0.017578125,0.150146484375,-0.05419921875,-0.13720703125,0.07666015625,-0.113037109375,-0.0302734375,0.091064453125,0.091064453125,-0.095947265625,-0.10888671875,0.097900390625,-0.010498046875,-0.135986328125,0.04052734375,0.076416015625,-0.118408203125,0.11669921875,-0.025390625,-0.07568359375,0.101318359375,0.0380859375,0.0380859375,-0.09033203125,0.015869140625,0.0556640625,-0.078125,-0.002685546875,0.10302734375,-0.076416015625,-0.09375,0.01025390625,-0.133544921875,0.01123046875,0.074462890625,-0.0703125,-0.0703125,-0.020263671875,0.0888671875,-0.066650390625,-0.04736328125,0.141357421875,0.008544921875,-0.1630859375,0.135986328125,-0.051513671875,-0.06787109375,0.0771484375,-0.04150390625,-0.114990234375,-0.114990234375,0.021484375,-0.00732421875,-0.10546875,0.016357421875,0.068603515625,-0.123779296875,-0.095703125,-0.042724609375,-0.127685546875,0.0439453125,0.041015625,-0.09423828125,-0.00341796875,-0.00341796875,0.098388671875,-0.0791015625,-0.09521484375,0.07666015625,-0.015869140625,-0.08984375,0.04345703125,-0.10107421875,0.01904296875,0.094970703125,-0.12890625,-0.1201171875,0.13623046875,0.13623046875,0.04150390625,-0.1259765625,0.030029296875,0.10546875,-0.06103515625,-0.057861328125,-0.024658203125,-0.023193359375,0.1201171875,-0.002685546875,-0.10009765625,0.05712890625,0.061767578125,0.061767578125,-0.1123046875,-0.01611328125,0.109130859375,-0.0830078125,-0.081787109375,0.1181640625,-0.152587890625,0.05712890625,0.10595703125,-0.136962890625,-0.109130859375,0.130859375,0.028564453125,0.028564453125,-0.09814453125,0.02734375,0.002685546875,-0.106689453125,-0.007568359375,0.0712890625,-0.06884765625,-0.05859375,-0.050048828125,-0.12353515625,0.02978515625,0.013671875,-0.096435546875,-0.00390625,-0.00390625,0.04931640625,-0.08642578125,-0.048583984375,0.087158203125,-0.05517578125,0.069091796875,0.0224609375,-0.08642578125,0.0205078125,0.071044921875,-0.0888671875,-0.0341796875,-0.0341796875,0.119140625,-0.050537109375,-0.131103515625,0.06689453125,0.075439453125,-0.012451171875,0.08642578125,-0.0693359375,-0.085205078125,0.08349609375,0.001953125,0.001953125,-0.059814453125,0.082763671875,0.042236328125,-0.108642578125,-0.013916015625,-0.07373046875,-0.05126953125,0.109375,-0.037353515625,-0.116455078125,0.064697265625,0.039794921875,0.039794921875,-0.1494140625,-0.015625,0.151123046875,-0.08447265625,0.07177734375,0.06982421875,-0.1015625,-0.031982421875,0.04345703125,-0.059814453125,-0.04150390625,0.062255859375,0.062255859375,-0.05126953125,-0.0478515625,0.08544921875,-0.03759765625,0.04443359375,0.06396484375,-0.102294921875,-0.02490234375,0.08740234375,-0.081298828125,-0.070068359375,-0.070068359375,0.106201171875,-0.03369140625,-0.145263671875,0.077880859375,-0.115478515625,-0.1103515625,0.097900390625,0.006103515625,-0.0576171875,0.05078125,-0.014892578125,-0.07861328125,-0.07861328125,0.052490234375,0.04833984375,-0.128662109375,0.124755859375,-0.069580078125,-0.115234375,0.075927734375,-0.00048828125,-0.114501953125,0.055419921875,0.088623046875,0.088623046875,-0.1435546875,-0.0869140625,0.14501953125,-0.002197265625,0.05029296875,0.072265625,-0.09521484375,-0.060546875,0.056396484375,-0.03271484375,-0.01513671875,0.079833984375,-0.07177734375,-0.07177734375,-0.093505859375,0.09912109375,0.03857421875,0.007080078125,0.116943359375,-0.0888671875,-0.080810546875,0.129638671875,0.002197265625,-0.123779296875,0.039794921875,0.06201171875,-0.0810546875,-0.0810546875,-0.0087890625,0.08154296875,-0.091064453125,0.138671875,-0.035888671875,-0.1884765625,0.037353515625,0.126220703125,-0.104736328125,-0.090576171875,0.114013671875,-0.017333984375,-0.130859375,-0.130859375,0.02685546875,0.0185546875,-0.09130859375,0.070068359375,-0.083984375,-0.072021484375,0.07763671875,-0.033447265625,-0.082763671875,0.061279296875,-0.005859375,-0.11669921875,0.0205078125,0.0205078125,0.085205078125,-0.09228515625,0.09130859375,-0.044189453125,-0.087890625,0.068603515625,0.004638671875,-0.0810546875,0.075927734375,0.085205078125,-0.141845703125,-0.06884765625,-0.06884765625,0.168212890625,0.008544921875,-0.1279296875,0.086181640625,-0.068603515625,-0.0439453125,0.0458984375,-0.038330078125,-0.00927734375,0.082275390625,-0.072021484375,-0.09716796875,0.08251953125,0.08251953125,0.025390625,-0.126708984375,0.095458984375,-0.069580078125,-0.0712890625,0.08349609375,-0.0419921875,-0.108154296875,0.055419921875,0.02978515625,-0.099609375,-0.01025390625,0.064697265625,-0.09619140625,-0.09619140625,-0.05029296875,-0.05810546875,-0.165771484375,0.031494140625,0.0732421875,-0.08837890625,-0.03173828125,0.077392578125,-0.0732421875,-0.09326171875,0.064697265625,-0.028564453125,-0.090087890625,-0.090087890625,0.075927734375,-0.115478515625,-0.027587890625,0.100341796875,-0.059326171875,-0.048583984375,0.10302734375,-0.0400390625,-0.104736328125,0.08740234375,0.0595703125,0.0595703125,-0.1416015625,0.1484375,-0.08935546875,-0.150390625,0.105712890625,0.06884765625,-0.10498046875,0.004638671875,0.0869140625,-0.074462890625,-0.071044921875,0.07373046875,0.07373046875,-0.02978515625,0.080078125,-0.0234375,-0.1162109375,0.0361328125,0.061279296875,-0.107666015625,-0.022216796875,0.091796875,-0.087646484375,-0.07373046875,0.1162109375,0.1162109375,-0.17724609375,0.054931640625,0.155029296875,-0.10986328125,-0.14501953125,0.079833984375,0.02734375,-0.0537109375,0.022705078125,-0.0361328125,-0.09423828125,-0.09423828125,0.044921875,-0.12841796875,-0.03955078125,0.145751953125,-0.04736328125,-0.162109375,0.038330078125,0.0712890625,-0.0693359375,-0.00732421875,0.0615234375,-0.071533203125,-0.071533203125,0.08544921875,-0.0673828125,-0.096923828125,0.104248046875,0.05419921875,-0.14208984375,-0.0380859375,0.124267578125,-0.036865234375,-0.085693359375,0.065185546875,0.065185546875,-0.096923828125,0.03564453125,0.041015625,-0.094482421875,-0.01318359375,0.09033203125,-0.066162109375,-0.0732421875,0.084228515625,-0.016845703125,-0.0849609375,0.068115234375,0.068115234375,-0.12353515625,-0.017333984375,0.108154296875,-0.073486328125,-0.07177734375,0.106201171875,-0.027099609375,-0.126953125,0.062255859375,0.069091796875,-0.148681640625,-0.035400390625,-0.035400390625,-0.03759765625,-0.16845703125,0.046875,0.07177734375,-0.0673828125,-0.009521484375,0.03759765625,-0.084716796875,-0.03271484375,0.09619140625,-0.05908203125,-0.0927734375,0.08154296875,0.08154296875,-0.115234375,0.001220703125,0.05908203125,-0.07763671875,-0.01318359375,0.080078125,-0.114990234375,-0.10546875,0.115478515625,0.0244140625,-0.116455078125,0.038818359375,0.073974609375,-0.115478515625,-0.0341796875,0.131591796875,-0.06982421875,-0.135986328125,0.11474609375,0.078125,-0.154541015625,-0.072021484375,0.110595703125,-0.012939453125,-0.07373046875,0.04150390625,-0.033447265625,-0.0751953125,0.060546875,0.0322265625,-0.10498046875,-0.0048828125,0.093505859375,-0.0673828125,-0.07177734375,0.07861328125,-0.026123046875,-0.06640625,0.081298828125,0.016357421875,-0.128173828125,0.00244140625,0.10888671875,-0.09619140625,-0.07177734375,0.149169921875,-0.009033203125,-0.180908203125,0.0185546875,0.121337890625,-0.077392578125,-0.065673828125,0.104736328125,-0.025390625,-0.11279296875,0.041748046875,0.017333984375,-0.06494140625,0.040283203125,0.041015625,-0.11962890625,-0.047119140625,0.1123046875,-0.04833984375,-0.0966796875,0.064453125,-0.012939453125,-0.107177734375,0.03955078125,0.06005859375,-0.03369140625,-0.045166015625,-0.03369140625,-0.067138671875,-0.1826171875,0.053955078125,0.079833984375,-0.0595703125,-0.00146484375,0.02734375,-0.091796875,-0.006591796875,0.098388671875,-0.09765625,-0.092529296875,0.037353515625,0.037353515625,-0.151123046875,-0.01220703125,0.07958984375,-0.08349609375,-0.0263671875,0.0908203125,-0.087158203125,-0.07763671875,0.134521484375,0.002685546875,-0.17041015625,0.048583984375,0.15869140625,-0.10986328125,-0.117919921875,0.10595703125,0.00732421875,-0.071044921875,0.06298828125,0.003173828125,-0.13134765625,0.00927734375,0.101318359375,-0.082763671875,-0.05126953125,0.10986328125,-0.03955078125,-0.11474609375,0.04248046875,0.009521484375,-0.104736328125,0.04052734375,0.1005859375,-0.1259765625,-0.08984375,-0.002197265625,-0.002197265625,-0.140380859375,0.01123046875,0.05078125,-0.0712890625,-0.006103515625,0.0556640625,-0.114013671875,-0.06103515625,0.13818359375,-0.02978515625,0.023681640625,0.023681640625,0.138916015625,-0.072509765625,-0.096923828125,0.087890625,-0.00537109375,-0.108154296875,0.030517578125,0.0263671875,-0.08154296875,0.01953125,-0.06787109375,-0.0908203125,-0.0908203125,0.064697265625,-0.010009765625,-0.056640625,0.0576171875,-0.00830078125,-0.07421875,0.067138671875,0.067626953125,-0.158447265625,0.193115234375,-0.006103515625,-0.006103515625,-0.178466796875,0.02294921875,0.08203125,-0.03759765625,0.00244140625,0.016357421875,-0.121826171875,-0.022216796875,0.14404296875,-0.125244140625,0.086181640625,0.086181640625,0.035888671875,-0.123291015625,-0.01171875,0.063232421875,-0.0859375,-0.015625,0.09814453125,-0.108642578125,-0.11767578125,0.12451171875,-0.189453125,-0.001953125,-0.001953125,0.16357421875,-0.075927734375,-0.141357421875,0.06103515625,0.001708984375,-0.0791015625,0.042236328125,0.017578125,-0.102783203125,0.012451171875,0.102294921875,-0.081298828125,0.101318359375,0.101318359375,-0.012451171875,-0.0986328125,0.04345703125,0.02978515625,-0.08984375,0.0302734375,0.08837890625,-0.114501953125,-0.0615234375,0.12890625,-0.04248046875,0.096435546875,0.09326171875,-0.155517578125,-0.155517578125,-0.09423828125,0.12548828125,-0.007568359375,-0.087646484375,0.068603515625,0.022705078125,-0.096435546875,-0.005859375,0.04541015625,-0.010498046875,0.092041015625,-0.082763671875,-0.10009765625,-0.10009765625,0.096923828125,0.021240234375,-0.1103515625,0.01513671875,0.05810546875,-0.099609375,-0.03076171875,0.11572265625,-0.072021484375,0.114990234375,0.036865234375,-0.163818359375,-0.03271484375,-0.03271484375,0.11181640625,-0.03125,-0.033447265625,0.0634765625,-0.07763671875,-0.0791015625,0.104736328125,0.006103515625,-0.13525390625,0.12548828125,-0.09521484375,-0.08935546875,0.08447265625,0.08447265625,-0.04443359375,-0.085693359375,0.077880859375,0.011962890625,-0.107666015625,0.0302734375,0.071533203125,-0.130859375,0.13427734375,-0.04296875,-0.138671875,0.051513671875,0.051513671875,0.04931640625,-0.0810546875,0.0146484375,0.062744140625,-0.11474609375,-0.072265625,0.0966796875,-0.02587890625,-0.08154296875,0.0361328125,-0.117431640625,-0.0205078125,0.078857421875,0.078857421875,-0.065185546875,-0.037841796875,0.091064453125,-0.04248046875,-0.091064453125,0.069580078125,0.02880859375,-0.115234375,0.098388671875,-0.083984375,-0.04541015625,0.114501953125,0.114501953125,-0.05029296875,-0.131103515625,0.081787109375,0.093017578125,-0.13330078125,-0.069580078125,0.131103515625,-0.112548828125,0.048095703125,0.025146484375,-0.117431640625,-0.117431640625,-0.0244140625,0.079345703125,-0.060546875,-0.068603515625,0.0810546875,-0.013916015625,-0.095703125,0.06494140625,0.002197265625,0.050048828125,0.060546875,-0.125,-0.04931640625,-0.04931640625,0.129638671875,-0.04736328125,-0.1318359375,0.06298828125,0.044921875,-0.08740234375,0.00341796875,-0.10791015625,-0.008544921875,0.1435546875,-0.086669921875,-0.176025390625,-0.176025390625,0.09619140625,0.117431640625,-0.1103515625,-0.05908203125,0.085693359375,-0.03564453125,-0.062744140625,-0.017333984375,-0.056396484375,0.081298828125,0.021484375,-0.131103515625,-0.131103515625,-0.014892578125,0.1025390625,-0.0595703125,-0.0625,0.0869140625,-0.017578125,0.04345703125,0.027099609375,-0.10986328125,-0.016845703125,0.080078125,0.080078125,-0.055419921875,-0.048828125,0.07861328125,-0.042236328125,-0.10009765625,0.069580078125,-0.1279296875,-0.047119140625,0.108154296875,-0.0361328125,-0.074462890625,0.066650390625,0.066650390625,-0.02099609375,-0.133056640625,0.007080078125,0.06884765625,-0.086181640625,-0.03759765625,-0.038818359375,-0.135009765625,0.0205078125,0.0283203125,-0.043212890625,0.03466796875,0.03466796875,0.04638671875,-0.089111328125,-0.03759765625,0.10546875,-0.028564453125,-0.083740234375,0.061279296875,-0.101806640625,0.013671875,0.07421875,-0.08056640625,-0.047607421875,0.085205078125,0.085205078125,-0.046142578125,-0.09423828125,0.07080078125,0.015625,-0.0966796875,0.03955078125,-0.118896484375,-0.076904296875,0.114990234375,-0.010009765625,-0.08740234375,0.061279296875,0.020751953125,0.020751953125,-0.111328125,-0.00341796875,0.064208984375,-0.093505859375,-0.036865234375,0.1103515625,-0.113525390625,0.0478515625,0.003662109375,-0.115234375,0.03466796875,0.090087890625,-0.107666015625,-0.107666015625,-0.0615234375,0.110595703125,-0.0341796875,-0.094482421875,0.06640625,0.00732421875,0.040771484375,0.078125,-0.13134765625,-0.0400390625,0.1650390625,-0.042724609375,-0.197021484375,-0.197021484375,0.040283203125,0.128173828125,-0.0693359375,-0.058837890625,0.08447265625,-0.104736328125,0.048828125,0.024169921875,-0.0751953125,0.01953125,0.06884765625,-0.0625,-0.05810546875,-0.05810546875,0.061767578125,-0.02197265625,-0.0595703125,0.052734375,-0.01318359375,0.03076171875,0.0595703125,-0.105224609375,-0.074462890625,0.0693359375,-0.021484375,-0.06005859375,0.04638671875,0.04638671875,-0.031982421875,-0.0888671875,0.076904296875,0.072021484375,-0.153076171875,0.142822265625,0.0029296875,-0.108642578125,0.060791015625,0.050537109375,-0.106201171875,-0.018310546875,0.080810546875,-0.07470703125,-0.07470703125,-0.0625,0.113037109375,-0.006591796875,-0.123046875,0.033447265625,-0.07958984375,0.010498046875,0.065673828125,-0.09033203125,-0.047607421875,0.119384765625,-0.02783203125,-0.02783203125,-0.11572265625,0.057861328125,0.0390625,-0.0048828125,0.0615234375,-0.082275390625,-0.021484375,0.116943359375,-0.07958984375,-0.163818359375,0.076904296875,0.076904296875,0.092529296875,-0.1201171875,-0.048095703125,0.1083984375,-0.102783203125,0.04638671875,0.0048828125,-0.07080078125,0.03271484375,0.03662109375,-0.077392578125,-0.01220703125,-0.01220703125,0.068359375,-0.076171875,-0.058837890625,-0.017333984375,-0.111328125,0.03515625,0.057861328125,-0.0888671875,-0.03466796875,0.0673828125,-0.050048828125,-0.052978515625,-0.052978515625,0.07666015625,-0.0283203125,-0.09228515625,0.072509765625,-0.129150390625,-0.076416015625,0.10888671875,0.00146484375,-0.05859375,0.06201171875,-0.00732421875,-0.00732421875,-0.105712890625,0.0185546875,0.054443359375,-0.025390625,0.10693359375,-0.05224609375,-0.10595703125,0.05859375,-0.000732421875,-0.093994140625,0.0419921875,0.04638671875,0.04638671875,-0.122314453125,-0.022216796875,-0.07275390625,-0.13037109375,0.111572265625,0.060791015625,-0.1650390625,-0.052001953125,0.114013671875,-0.03466796875,-0.0732421875,0.05517578125,0.05517578125,-0.03564453125,-0.090087890625,0.015380859375,-0.087646484375,0.031494140625,0.07080078125,-0.1005859375,-0.0478515625,0.093505859375,-0.055419921875,-0.066162109375,0.096435546875,0.096435546875,-0.0107421875,-0.1181640625,0.10205078125,-0.15478515625,-0.075927734375,0.17333984375,0.008544921875,-0.169677734375,-0.00341796875,0.059326171875,-0.046875,0.0078125,0.02880859375,0.02880859375,-0.107177734375,-0.024658203125,-0.061767578125,-0.109619140625,0.097900390625,0.0625,-0.144775390625,-0.055419921875,0.096923828125,-0.02490234375,-0.046630859375,0.063232421875,-0.029296875,-0.029296875,-0.081298828125,0.050048828125,-0.117919921875,0.00537109375,0.123046875,-0.0810546875,-0.133544921875,0.080078125,0.04541015625,-0.111328125,-0.020751953125,0.0615234375,-0.064453125,-0.064453125,-0.0546875,-0.00927734375,-0.093017578125,0.046142578125,0.042724609375,-0.080078125,-0.017578125,0.052490234375,-0.050048828125,-0.0205078125,0.074951171875,-0.063232421875,-0.1005859375,-0.1005859375,0.076904296875,-0.118408203125,0.006103515625,0.07568359375,-0.068359375,-0.035400390625,0.06201171875,-0.087646484375,-0.069091796875,0.144775390625,0.025634765625,-0.177978515625,-0.009521484375,-0.009521484375,0.14306640625,-0.09716796875,0.0771484375,-0.00537109375,-0.113525390625,0.025146484375,0.046142578125,-0.086181640625,-0.012451171875,0.078125,-0.069091796875,-0.087158203125,0.06640625,0.06640625,0.0029296875,0.0419921875,0.003662109375,-0.109375,0.01123046875,0.104736328125,-0.069091796875,-0.078857421875,0.08544921875,-0.0029296875,-0.088623046875,0.0322265625,0.00830078125,-0.108642578125,-0.108642578125,0.111328125,-0.097900390625,-0.13037109375,0.09619140625,0.051025390625,-0.120361328125,-0.033447265625,0.06005859375,-0.03369140625,-0.036865234375,0.048095703125,0.048095703125,-0.04248046875,0.078369140625,-0.009033203125,-0.106201171875,0.018798828125,0.054443359375,-0.0703125,-0.0166015625,0.062255859375,-0.07666015625,-0.069091796875,-0.069091796875,-0.03564453125,-0.122314453125,0.081787109375,0.103271484375,-0.1435546875,-0.112060546875,0.1298828125,0.0263671875,-0.107177734375,0.036376953125,0.0537109375,-0.0810546875,-0.033447265625,0.048583984375,-0.044677734375,-0.012939453125,0.07958984375,-0.056884765625,-0.10400390625,0.05859375,0.02978515625,-0.0869140625,0.005615234375,0.041748046875,0.041748046875,-0.030517578125,0.1064453125,-0.058837890625,-0.110107421875,0.095947265625,0.060546875,-0.13720703125,-0.054443359375,0.089111328125,-0.0126953125,-0.0263671875,0.04638671875,-0.0654296875,-0.071044921875,0.079345703125,-0.002685546875,-0.126953125,0.03515625,0.115234375,-0.09228515625,-0.106689453125,0.072265625,-0.013671875,-0.1005859375,0.034912109375,0.03662109375,-0.080078125,-0.001708984375,0.066650390625,-0.080322265625,-0.0478515625,0.120849609375,-0.006591796875,-0.152099609375,0.0126953125,0.10888671875,-0.050537109375,-0.0673828125,0.06787109375,-0.017578125,-0.103515625,0.022216796875,0.025390625,-0.06591796875,0.00830078125,0.056640625,-0.070068359375,-0.0673828125,0.05224609375,-0.011962890625,-0.040771484375,0.04931640625,-0.02001953125,-0.078125,0.055419921875,0.05859375,-0.11865234375,-0.04345703125,0.140380859375,-0.015625,-0.153076171875,0.032470703125,0.087890625,-0.065673828125,-0.041259765625,0.04345703125,-0.047119140625,-0.052490234375,0.052978515625,-0.0322265625,-0.0771484375,0.0595703125,0.01953125,-0.112548828125,-0.00732421875,0.0869140625,-0.05615234375,0.0703125,0.0703125,-0.018798828125,-0.080322265625,0.0498046875,0.00341796875,-0.111328125,0.042724609375,0.120361328125,-0.112060546875,-0.141845703125,0.100830078125,0.038818359375,-0.131103515625,0.00927734375,0.077880859375,-0.073486328125,-0.05126953125,0.0546875,-0.04443359375,-0.036865234375,0.0830078125,-0.043212890625,-0.11962890625,0.056640625,0.052734375,-0.10009765625,0.100341796875,0.100341796875,-0.095458984375,-0.099365234375,0.116455078125,0.015869140625,-0.123291015625,0.0322265625,0.053955078125,-0.0888671875,-0.013916015625,0.070556640625,-0.093017578125,-0.0595703125,-0.020263671875,-0.020263671875,-0.18408203125,0.03662109375,0.133544921875,-0.087646484375,-0.089599609375,0.092041015625,-0.004638671875,-0.102294921875,0.0380859375,0.013427734375,-0.10009765625,0.07861328125,0.07861328125,-0.07373046875,-0.0732421875,0.067626953125,-0.013427734375,-0.05322265625,0.041748046875,-0.03857421875,-0.084228515625,0.0703125,0.051513671875,-0.146728515625,-0.025634765625,-0.029296875,-0.029296875,-0.189453125,0.009521484375,0.0732421875,-0.03466796875,0.001220703125,0.005615234375,-0.101806640625,-0.008056640625,0.115966796875,-0.07666015625,-0.108642578125,0.107421875,-0.130859375,-0.130859375,-0.003173828125,0.086181640625,-0.082275390625,-0.0439453125,0.1259765625,-0.037109375,-0.16357421875,0.053955078125,0.108154296875,-0.08154296875,-0.051513671875,0.071044921875,-0.07373046875,-0.07373046875,0.04931640625,-0.021240234375,-0.05859375,0.068359375,0.013671875,-0.117431640625,0.004150390625,0.089599609375,-0.073974609375,-0.052001953125,0.091064453125,-0.098876953125,0.0771484375,0.026611328125,0.026611328125,-0.153564453125,-0.001220703125,0.148193359375,-0.06787109375,-0.15185546875,0.04931640625,0.037841796875,-0.05078125,0.029541015625,-0.00244140625,0.020751953125,0.092529296875,-0.095458984375,-0.095458984375,-0.071044921875,0.13037109375,0.009521484375,-0.156982421875,0.004638671875,0.09033203125,-0.04833984375,-0.02587890625,0.05224609375,-0.066650390625,0.095458984375,-0.0302734375,-0.149169921875,0.061767578125,0.061767578125,0.1318359375,-0.108154296875,-0.122314453125,0.088623046875,0.03466796875,-0.067138671875,0.02783203125,0.0,-0.087646484375,0.030517578125,0.072509765625,-0.054931640625,0.086181640625,-0.025146484375,-0.025146484375,-0.091796875,0.045654296875,0.002685546875,-0.089111328125,0.0341796875,0.04296875,-0.1162109375,-0.02099609375,0.126708984375,-0.137451171875,0.115966796875,0.066650390625,-0.17041015625,-0.17041015625,-0.04638671875,0.129150390625,-0.04052734375,-0.0966796875,0.092041015625,0.01904296875,-0.125,0.00390625,0.047607421875,0.00244140625,0.0625,-0.08056640625,-0.08056640625,-0.063232421875,0.0908203125,-0.03515625,-0.105712890625,0.0888671875,0.054443359375,-0.135986328125,-0.01904296875,-0.03173828125,-0.08056640625,0.06201171875,0.06201171875,-0.026123046875,-0.084228515625,0.077880859375,0.033935546875,-0.127197265625,0.014892578125,0.134521484375,-0.09375,0.096435546875,0.064453125,-0.110107421875,-0.0078125,-0.0078125,0.064697265625,-0.066650390625,-0.062255859375,0.071044921875,-0.028564453125,-0.103515625
Prusa_B,-0.026611328125,-0.050537109375,-0.062255859375,-0.06005859375,-0.029541015625,0.03466796875,0.073486328125,0.063232421875,0.040771484375,0.009765625,-0.036376953125,-0.06396484375,-0.0703125,-0.054931640625,-0.012451171875,0.009765625,-0.004150390625,-0.02392578125,-0.033447265625,0.001220703125,0.056396484375,0.0615234375,0.0185546875,0.005859375,0.046142578125,0.03857421875,-0.02783203125,-0.03466796875,-0.01611328125,-0.05029296875,-0.02978515625,0.005859375,-0.044677734375,-0.023681640625,0.0361328125,-0.0224609375,-0.015380859375,0.057861328125,0.02001953125,0.0146484375,0.031982421875,-0.0458984375,-0.064453125,-0.040771484375,-0.087646484375,-0.0634765625,-0.0009765625,-0.00341796875,0.03271484375,0.0244140625,-0.0517578125,-0.048583984375,-0.017578125,-0.029296875,-0.024169921875,-0.013427734375,-0.009521484375,-0.0009765625,-0.029296875,-0.072265625,-0.052490234375,-0.00830078125,-0.00830078125,0.04248046875,0.047119140625,-0.017822265625,-0.021728515625,-0.040771484375,-0.062255859375,-0.00634765625,0.049072265625,0.018310546875,-0.0224609375,-0.018798828125,-0.032470703125,-0.01904296875,0.020263671875,0.005615234375,-0.01611328125,0.01806640625,0.02490234375,-0.0029296875,0.007568359375,-0.01123046875,-0.044677734375,0.002685546875,0.002685546875,0.02734375,0.03564453125,-0.02587890625,-0.06103515625,-0.018310546875,0.012939453125,-0.0107421875,-0.026611328125,-0.026123046875,-0.017822265625,0.02880859375,0.0419921875,-0.000732421875,-0.0224609375,-0.044677734375,-0.0498046875,-0.02001953125,-0.02001953125,-0.0166015625,0.004150390625,-0.011962890625,-0.033935546875,-0.02685546875,-0.02880859375,-0.007568359375,0.011962890625,-0.013427734375,-0.032958984375,-0.014404296875,0.016845703125,-0.004150390625,-0.057861328125,-0.068115234375,-0.0205078125,-0.008056640625,0.0009765625,0.040771484375,0.040771484375,0.041259765625,-0.001708984375,-0.015625,0.013427734375,0.00732421875,-0.035400390625,-0.036376953125,-0.014404296875,-0.014892578125,-0.03271484375,-0.05908203125,-0.02587890625,0.0322265625,0.03369140625,0.02099609375,0.02734375,-0.01513671875,-0.034423828125,-0.042724609375,-0.042724609375,-0.029052734375,-0.018310546875,-0.026123046875,-0.011474609375,-0.002685546875,-0.031982421875,-0.03515625,0.002685546875,0.0126953125,0.007080078125,0.012451171875,0.021484375,-0.004150390625,-0.063232421875,-0.060791015625,-0.00146484375,-0.027099609375,0.004638671875,0.0126953125,0.0126953125,-0.0068359375,0.000244140625,-0.001953125,-0.015869140625,-0.03369140625,-0.052001953125,-0.029541015625,0.0048828125,-0.0048828125,-0.012939453125,-0.014404296875,-0.0419921875,-0.03857421875,-0.0078125,0.005126953125,-0.00634765625,-0.017578125,-0.005859375,-0.012939453125,-0.021728515625,-0.018798828125,0.00830078125,0.006103515625,-0.0068359375,-0.0068359375,0.0234375,0.02294921875,-0.03173828125,-0.04833984375,-0.021240234375,0.00146484375,0.003662109375,0.001953125,0.006591796875,0.00537109375,-0.00146484375,-0.007568359375,0.00390625,0.02001953125,-0.006103515625,-0.037109375,-0.017578125,-0.015380859375,-0.034912109375,-0.00390625,-0.00048828125,-0.042724609375,-0.036376953125,0.012939453125,0.021240234375,-0.01416015625,-0.033447265625,0.01171875,0.010986328125,-0.0419921875,-0.0419921875,-0.0263671875,-0.002197265625,-0.014404296875,-0.01123046875,-0.002685546875,-0.0146484375,-0.022216796875,-0.013916015625,-0.026611328125,-0.026611328125,-0.010009765625,0.00244140625,0.01025390625,-0.023193359375,-0.043212890625,-0.01318359375,0.01171875,-0.010009765625,-0.01611328125,-0.002197265625,0.0029296875,-0.000732421875,-0.02587890625,-0.01220703125,-0.006103515625,-0.00341796875,-0.0029296875,-0.010986328125,-0.01416015625,-0.02001953125,-0.006103515625,-0.006103515625,0.000244140625,-0.005615234375,0.01171875,0.019287109375,0.00146484375,-0.01123046875,-0.005615234375,-0.0029296875,-0.00390625,-0.038330078125,-0.063232421875,-0.023193359375,0.002197265625,-0.018310546875,-0.01611328125,0.000732421875,0.00439453125,0.003662109375,-0.00537109375,-0.019287109375,-0.01220703125,-0.027587890625,-0.02001953125,-0.013427734375,-0.011962890625,-0.006591796875,-0.011962890625,-0.022216796875,0.00341796875,0.044189453125,0.017333984375,0.017333984375,-0.031494140625,-0.04248046875,-0.025634765625,-0.01416015625,-0.037109375,-0.03857421875,0.003662109375,0.013671875,-0.02001953125,-0.022705078125,-0.003662109375,-0.006103515625,-0.0234375,-0.026611328125,-0.01025390625,-0.00439453125,-0.0185546875,-0.029052734375,-0.031494140625,0.0087890625,0.033447265625,0.0048828125,-0.026611328125,-0.021728515625,-0.0078125,-0.000244140625,-0.010986328125,-0.013427734375,0.00537109375,-0.0009765625,-0.0009765625,-0.028564453125,-0.00537109375,0.022216796875,0.007080078125,-0.01416015625,-0.0234375,-0.0048828125,0.0029296875,-0.038818359375,-0.055908203125,-0.0283203125,-0.00732421875,0.0048828125,0.007080078125,0.003173828125,-0.015869140625,-0.02490234375,-0.006591796875,0.003173828125,-0.03271484375,-0.031494140625,-0.018798828125,-0.04052734375,-0.03271484375,0.013916015625,0.03271484375,-0.002685546875,-0.012939453125,0.01513671875,0.02294921875,0.02294921875,-0.010986328125,-0.04833984375,-0.04443359375,-0.018798828125,-0.018798828125,-0.031494140625,-0.01708984375,-0.011474609375,-0.012451171875,0.006103515625,0.0185546875,-0.00537109375,-0.0419921875,-0.03564453125,0.00439453125,-0.012939453125,-0.0478515625,-0.010986328125,-0.025146484375,-0.01904296875,0.01806640625,0.03173828125,0.01611328125,-0.008544921875,-0.016845703125,0.002197265625,-0.0126953125,-0.03173828125,-0.01220703125,0.0,-0.0107421875,-0.0107421875,-0.000732421875,0.01416015625,-0.001953125,-0.009521484375,-0.00439453125,0.00048828125,-0.00390625,-0.029541015625,-0.040771484375,-0.028076171875,-0.026611328125,-0.0341796875,-0.01123046875,0.023681640625,0.009521484375,-0.0146484375,0.008544921875,-0.015380859375,-0.029052734375,-0.02490234375,-0.017822265625,-0.02099609375,-0.025390625,0.006591796875,0.020263671875,-0.0087890625,-0.025146484375,0.003662109375,0.013671875,-0.014404296875,-0.025146484375,-0.025146484375,-0.023193359375,-0.032470703125,-0.056640625,-0.033935546875,0.01904296875,0.013427734375,-0.013427734375,0.0009765625,0.026123046875,0.004638671875,-0.03759765625,-0.043701171875,-0.016845703125,-0.02734375,-0.009521484375,-0.01220703125,-0.037109375,-0.023681640625,0.01953125,0.027099609375,-0.002197265625,-0.012451171875,0.0126953125,0.00341796875,-0.029541015625,-0.010986328125,0.01806640625,-0.008544921875,-0.046142578125,-0.046142578125,-0.033203125,0.00244140625,-0.000244140625,-0.009765625,-0.012939453125,-0.016845703125,-0.02099609375,-0.020751953125,-0.01513671875,-0.001708984375,-0.00927734375,-0.0234375,-0.013671875,-0.019775390625,-0.006591796875,-0.006103515625,-0.001220703125,0.003662109375,-0.002685546875,-0.00048828125,0.006591796875,-0.02783203125,-0.05859375,-0.0234375,-0.00634765625,-0.023681640625,-0.00927734375,0.024658203125,0.0380859375,-0.003662109375,-0.0380859375,-0.0380859375,-0.0322265625,-0.02685546875,-0.02099609375,-0.013427734375,0.003173828125,0.0029296875,-0.023681640625,-0.025390625,-0.01025390625,-0.032470703125,-0.04638671875,-0.009765625,-0.002685546875,-0.018310546875,0.02294921875,0.02197265625,-0.020751953125,-0.0283203125,-0.010498046875,-0.0205078125,-0.0390625,-0.01953125,0.009521484375,0.01416015625,-0.003173828125,-0.01025390625,0.0185546875,0.010498046875,-0.0361328125,-0.03662109375,-0.008544921875,-0.008544921875,-0.017333984375,-0.042236328125,-0.0263671875,-0.004150390625,-0.029296875,-0.028076171875,0.001953125,0.0380859375,0.023681640625,-0.025390625,-0.012939453125,-0.0390625,-0.04638671875,-0.016357421875,-0.002197265625,-0.008544921875,0.018798828125,0.04052734375,0.004638671875,-0.0380859375,-0.032470703125,0.014892578125,0.01806640625,-0.027099609375,-0.023193359375,-0.003662109375,-0.0302734375,-0.067138671875,-0.02978515625,0.031005859375,0.031005859375,0.030517578125,-0.037109375,-0.0419921875,0.029541015625,0.018798828125,-0.03759765625,-0.057861328125,-0.037109375,-0.033447265625,-0.004150390625,0.013671875,-0.016845703125,-0.00732421875,0.041748046875,0.03125,-0.02978515625,-0.04150390625,0.017333984375,0.02197265625,-0.05126953125,-0.05859375,0.027099609375,0.0322265625,-0.052978515625,-0.081298828125,0.01708984375,0.09814453125,0.040771484375,-0.048095703125,-0.048095703125,-0.05810546875,-0.025634765625,-0.036376953125,-0.042236328125,-0.01416015625,-0.014892578125,-0.0087890625,0.024658203125,-0.01953125,-0.047607421875,-0.008056640625,0.018798828125,-0.033203125,-0.05615234375,0.011962890625,0.037353515625,-0.029296875,-0.066650390625,-0.0048828125,0.04345703125,0.007080078125,-0.02587890625,0.0078125,0.02294921875,-0.010498046875,-0.0546875,-0.05517578125,-0.030029296875,-0.027099609375,0.005859375,0.038818359375,0.038818359375,0.000732421875,-0.038818359375,-0.01708984375,0.013427734375,-0.018310546875,-0.04150390625,0.016845703125,-0.0537109375,-0.088623046875,-0.010986328125,0.03759765625,-0.02099609375,-0.0322265625,0.0517578125,0.065185546875,-0.027099609375,-0.06103515625,-0.012939453125,0.01806640625,-0.029296875,-0.048583984375,-0.005126953125,0.000732421875,-0.008056640625,0.015380859375,0.02880859375,-0.006591796875,-0.0458984375,-0.025634765625,0.010498046875,0.010498046875,-0.025634765625,-0.072265625,-0.021240234375,0.061767578125,0.01611328125,-0.047119140625,0.01171875,-0.020263671875,-0.056396484375,0.02392578125,0.06982421875,-0.02587890625,-0.072509765625,0.00732421875,0.026611328125,-0.072509765625,-0.063232421875,0.052001953125,0.0703125,-0.026611328125,-0.059814453125,0.01171875,-0.003662109375,-0.0703125,-0.000732421875,0.09130859375,0.021484375,-0.08544921875,-0.033935546875,0.03759765625,0.03759765625,-0.07080078125,-0.137939453125,0.003662109375,0.006591796875,-0.055419921875,0.0263671875,0.023193359375,-0.1025390625,-0.07763671875,0.073974609375,0.06298828125,-0.060791015625,-0.04150390625,0.0322265625,-0.02490234375,-0.072509765625,0.021728515625,0.084228515625,-0.032470703125,-0.10498046875,-0.0126953125,0.06005859375,-0.00537109375,-0.055908203125,0.011474609375,0.029541015625,-0.0537109375,-0.0693359375,0.0009765625,0.0009765625,0.0146484375,-0.021728515625,0.028076171875,-0.001953125,-0.044189453125,-0.032958984375,-0.0087890625,-0.013671875,-0.02001953125,-0.0078125,0.016845703125,0.01806640625,-0.038818359375,-0.056884765625,0.00927734375,0.032958984375,-0.032958984375,-0.0615234375,0.02001953125,0.0556640625,-0.0234375,-0.0712890625,-0.0166015625,0.015380859375,-0.062744140625,-0.06103515625,0.04443359375,0.042236328125,0.042236328125,-0.04345703125,0.05126953125,0.006103515625,-0.100830078125,-0.047119140625,0.035888671875,-0.046142578125,-0.091064453125,0.0224609375,0.090087890625,-0.004150390625,-0.0498046875,0.0458984375,0.063720703125,-0.0546875,-0.084228515625,-0.01318359375,0.001953125,-0.05517578125,-0.04150390625,0.060302734375,0.064697265625,-0.02685546875,-0.037841796875,0.03759765625,0.0263671875,-0.031494140625,-0.02783203125,-0.00732421875,-0.048583984375,-0.07080078125,-0.0244140625,-0.024658203125,-0.020263671875,-0.02001953125,0.017333984375,0.054443359375,0.01416015625,-0.0546875,-0.055908203125,0.003173828125,-0.006591796875,-0.064453125,-0.017333984375,0.0546875,-0.019287109375,-0.077392578125,0.016357421875,0.080810546875,0.019775390625,-0.024169921875,0.014404296875,-0.010498046875,-0.084716796875,-0.057373046875,0.01806640625,0.013427734375,-0.046142578125,0.001220703125,0.078857421875,0.0263671875,-0.056640625,-0.03076171875,0.029052734375,-0.024169921875,-0.08447265625,-0.037353515625,0.019287109375,-0.053466796875,-0.086669921875,0.0234375,0.093994140625,0.0263671875,-0.0400390625,0.004150390625,0.027587890625,-0.04541015625,-0.06982421875,-0.002685546875,-0.0029296875,-0.073486328125,-0.043701171875,0.06591796875,0.044189453125,-0.06591796875,-0.025634765625,0.058349609375,-0.009033203125,-0.079833984375,-0.02880859375,0.0126953125,-0.05908203125,-0.085693359375,0.010498046875,0.067626953125,0.011962890625,-0.031982421875,0.014404296875,0.044921875,-0.006103515625,-0.072998046875,-0.035400390625,0.017578125,-0.0478515625,-0.064453125,0.033935546875,0.082275390625,-0.016845703125,-0.05322265625,0.06005859375,0.06103515625,-0.08154296875,-0.090576171875,0.03369140625,0.0166015625,-0.093994140625,-0.0361328125,0.09521484375,0.01708984375,-0.125244140625,-0.037353515625,0.09228515625,-0.119873046875,-0.0185546875,-0.0185546875,0.04833984375,-0.066650390625,-0.1015625,0.04248046875,0.073486328125,-0.078857421875,-0.08447265625,0.063232421875,0.057373046875,-0.07568359375,-0.061767578125,0.067626953125,0.030029296875,-0.107177734375,-0.041015625,0.1005859375,0.0263671875,-0.011962890625,0.1064453125,0.1064453125,-0.01318359375,-0.104736328125,-0.0126953125,0.047119140625,-0.038330078125,-0.0888671875,0.01318359375,0.07275390625,-0.040283203125,-0.072509765625,0.0322265625,0.0419921875,-0.04638671875,-0.0556640625,0.004150390625,-0.005126953125,-0.0791015625,0.064453125,0.05322265625,0.05322265625,-0.06982421875,-0.037109375,0.071044921875,0.02978515625,-0.086181640625,-0.031982421875,0.049560546875,-0.039794921875,-0.105224609375,0.008056640625,0.070556640625,-0.099365234375,0.04248046875,0.04248046875,0.11669921875,-0.029541015625,-0.132568359375,-0.006591796875,0.086181640625,-0.0634765625,-0.12744140625,0.0361328125,0.057861328125,-0.103271484375,0.11962890625,0.026123046875,0.026123046875,-0.0859375,-0.00537109375,0.077392578125,-0.0146484375,-0.090087890625,-0.038330078125,0.039306640625,0.002685546875,-0.073974609375,0.022216796875,0.0947265625,-0.072509765625,0.030029296875,0.030029296875,0.07373046875,-0.060791015625,-0.124755859375,0.00732421875,0.0673828125,-0.0673828125,-0.123291015625,0.043212890625,0.10693359375,-0.046142578125,0.03466796875,0.029052734375,-0.072021484375,-0.072021484375,-0.04150390625,0.022216796875,-0.035400390625,-0.0986328125,-0.046630859375,0.073486328125,0.055908203125,-0.064697265625,-0.042236328125,0.09130859375,-0.08447265625,-0.072265625,-0.072265625,0.033935546875,-0.01025390625,-0.12255859375,-0.067626953125,0.10546875,0.058837890625,-0.080078125,0.002685546875,0.10400390625,-0.004638671875,-0.013916015625,0.087890625,-0.04736328125,-0.130126953125,-0.130126953125,0.02978515625,0.07861328125,-0.0986328125,-0.082275390625,0.10791015625,0.07080078125,-0.086181640625,-0.029541015625,0.06787109375,-0.09326171875,-0.056396484375,0.01953125,0.01953125,-0.018310546875,-0.0546875,0.00390625,0.041748046875,-0.00244140625,-0.014404296875,0.025390625,0.009033203125,-0.08056640625,0.032470703125,-0.017822265625,-0.10595703125,-0.015380859375,-0.015380859375,0.0634765625,0.010498046875,-0.029541015625,-0.0078125,0.009765625,0.00830078125,-0.02001953125,-0.05224609375,-0.0146484375,-0.00830078125,-0.010498046875,-0.010498046875,-0.010498046875,0.015380859375,0.048828125,0.033203125,-0.017578125,-0.028076171875,-0.015380859375,-0.0234375,-0.04443359375,-0.04833984375,0.007080078125,0.064697265625,0.064697265625,0.038330078125,-0.030029296875,-0.032958984375,0.017822265625,0.01708984375,-0.067138671875,-0.062255859375,-0.03173828125,-0.079833984375,-0.015625,0.06005859375,0.06005859375,0.024658203125,-0.018798828125,-0.00146484375,0.013916015625,-0.01025390625,-0.04150390625,-0.037841796875,-0.0419921875,-0.044677734375,0.0400390625,0.04052734375,-0.000732421875,-0.000732421875,0.005126953125,0.009765625,0.008544921875,-0.0048828125,-0.035888671875,-0.044677734375,-0.040283203125,-0.021728515625,0.07666015625,0.02734375,-0.058837890625,-0.058837890625,0.004150390625,0.060546875,-0.015625,-0.08642578125,-0.031005859375,0.007568359375,-0.0517578125,0.030517578125,0.054931640625,-0.013916015625,0.0029296875,0.02685546875,0.02685546875,-0.026123046875,-0.0244140625,-0.00048828125,-0.018798828125,-0.044189453125,-0.0615234375,-0.019775390625,0.016845703125,-0.044189453125,0.044189453125,0.085205078125,-0.0341796875,-0.0341796875,-0.0703125,-0.013671875,-0.02197265625,-0.054931640625,-0.055908203125,-0.0205078125,0.03564453125,-0.05126953125,0.011474609375,0.106201171875,0.019287109375,-0.083740234375,-0.04931640625,-0.04931640625,0.010009765625,-0.010498046875,-0.048583984375,-0.039794921875,-0.037841796875,-0.035400390625,-0.0234375,0.049072265625,0.058837890625,-0.01513671875,-0.0869140625,-0.058349609375,-0.001220703125,-0.001220703125,0.0126953125,-0.001708984375,-0.010498046875,-0.019287109375,-0.014892578125,0.0009765625,-0.026611328125,-0.0078125,0.00732421875,0.01708984375,0.00439453125,-0.072265625,-0.083251953125,-0.083251953125,0.000244140625,0.022216796875,0.010498046875,0.029296875,-0.017333984375,-0.037109375,-0.062255859375,-0.047119140625,0.040283203125,0.005615234375,-0.033935546875,-0.01220703125,-0.0087890625,-0.0087890625,-0.013427734375,0.06005859375,0.0419921875,-0.06640625,-0.04345703125,-0.022705078125,0.003173828125,0.058349609375,0.029541015625,-0.005126953125,-0.008056640625,-0.046875,-0.02880859375,-0.02880859375,0.01806640625,-0.001708984375,-0.011962890625,0.02490234375,0.008544921875,-0.0439453125,-0.034423828125,-0.01611328125,0.0458984375,0.029541015625,-0.01611328125,-0.028076171875,-0.028076171875,-0.048828125,-0.02587890625,-0.014892578125,-0.04443359375,-0.02001953125,-0.01171875,0.021728515625,-0.014892578125,-0.08544921875,-0.009033203125,-0.009521484375,-0.065673828125,0.03173828125,0.031494140625,0.031494140625,-0.08154296875,-0.03955078125,0.01171875,-0.02685546875,-0.001708984375,-0.050048828125,0.008544921875,0.068603515625,-0.0390625,-0.106201171875,-0.04296875,0.015625,0.015625,0.06591796875,0.072021484375,-0.026611328125,-0.090087890625,0.03125,0.0712890625,0.06640625,-0.01416015625,-0.071533203125,-0.051025390625,-0.02294921875,-0.02294921875,-0.017578125,-0.042724609375,-0.078857421875,-0.033447265625,0.044921875,0.03466796875,0.0263671875,0.02490234375,-0.000732421875,-0.05029296875,-0.076416015625,-0.082275390625,-0.082275390625,-0.072265625,-0.05126953125,-0.02978515625,0.0048828125,0.010009765625,0.008056640625,0.022216796875,0.011474609375,-0.013916015625,0.001220703125,0.050537109375,0.050537109375,0.02978515625,-0.061279296875,-0.086669921875,-0.02783203125,-0.06005859375,-0.00537109375,0.0068359375,0.037841796875,0.069091796875,-0.031982421875,0.000732421875,0.036376953125,0.036376953125,-0.062255859375,0.048828125,-0.036376953125,0.067138671875,-0.092529296875,-0.028564453125,0.0322265625,-0.072265625,0.054931640625,-0.033203125,-0.073974609375,-0.073974609375,0.01513671875,-0.03271484375,0.03759765625,0.0263671875,0.03076171875,-0.033935546875,-0.06494140625,-0.046142578125,-0.0732421875,-0.0478515625,0.004638671875,0.004638671875,0.009521484375,0.035400390625,-0.03515625,0.00830078125,-0.016845703125,0.034423828125,0.022705078125,-0.01708984375,0.00390625,-0.0498046875,-0.047119140625,-0.0107421875,-0.0107421875,-0.05322265625,-0.0625,-0.02490234375,-0.0107421875,0.052978515625,0.04052734375,-0.029052734375,-0.030029296875,-0.027587890625,0.015380859375,0.03125,-0.033447265625,-0.033447265625,-0.04345703125,-0.01611328125,-0.029296875,-0.027099609375,-0.031005859375,0.005126953125,0.0263671875,0.0302734375,0.0029296875,-0.039794921875,-0.031005859375,-0.031005859375,0.026123046875,0.0205078125,-0.04443359375,-0.02392578125,0.072509765625,0.025634765625,-0.066162109375,-0.076904296875,0.019287109375,0.061279296875,-0.027587890625,-0.09912109375,-0.09912109375,-0.02783203125,0.09814453125,-0.087158203125,-0.130615234375,0.01806640625,0.0615234375,-0.0419921875,-0.11572265625,0.013671875,0.141845703125,0.01611328125,0.01611328125,-0.138427734375,-0.0634765625,0.020751953125,-0.092529296875,-0.0283203125,0.072509765625,0.03076171875,-0.06201171875,-0.08447265625,-0.0224609375,0.00732421875,-0.0224609375,-0.0224609375,-0.02294921875,-0.016357421875,0.027587890625,0.050048828125,-0.01806640625,-0.07958984375,-0.03662109375,0.056884765625,0.021240234375,-0.0654296875,-0.0263671875,0.03564453125,0.03564453125,0.0048828125,-0.066650390625,0.025634765625,0.03515625,-0.03076171875,-0.01416015625,0.033935546875,-0.00537109375,-0.0576171875,-0.01123046875,0.02197265625,-0.0244140625,-0.0244140625,-0.06103515625,0.043212890625,-0.013427734375,-0.025634765625,-0.006591796875,-0.0087890625,-0.05908203125,-0.051513671875,0.064453125,0.0498046875,-0.042724609375,-0.042724609375,-0.021728515625,-0.016845703125,-0.0712890625,-0.022216796875,0.06005859375,0.00634765625,-0.07763671875,-0.022216796875,0.039794921875,-0.014404296875,-0.068603515625,-0.00634765625,0.0341796875,0.0341796875,-0.034912109375,0.003662109375,0.04345703125,-0.020751953125,-0.080322265625,-0.02685546875,0.024658203125,-0.023681640625,-0.03662109375,0.025390625,0.008544921875,-0.03564453125,-0.03515625,0.00927734375,0.010009765625,0.010009765625,-0.064697265625,0.057861328125,0.017578125,-0.044921875,-0.01220703125,0.06787109375,0.008544921875,-0.106689453125,-0.052001953125,0.05615234375,0.00634765625,-0.06640625,0.002685546875,0.002685546875,0.005615234375,-0.06884765625,-0.023681640625,0.0224609375,-0.034423828125,-0.077880859375,0.002685546875,0.034423828125,-0.017333984375,-0.049560546875,0.006591796875,0.036865234375,-0.043701171875,-0.043701171875,0.0068359375,0.0234375,-0.037841796875,-0.052001953125,0.02392578125,0.013671875,-0.048828125,-0.02099609375,0.026123046875,-0.017333984375,-0.050537109375,-0.004638671875,0.048095703125,0.048095703125,-0.091064453125,-0.016357421875,0.033447265625,-0.0322265625,-0.077880859375,0.00048828125,0.061767578125,0.0,-0.042724609375,0.01220703125,0.029541015625,-0.056396484375,-0.08740234375,-0.08740234375,0.033935546875,-0.01513671875,-0.013671875,0.044189453125,0.014404296875,-0.048583984375,-0.00634765625,0.05224609375,-0.01904296875,-0.08544921875,-0.0244140625,0.05029296875,0.015625,-0.05029296875,0.008056640625,0.06005859375,-0.025634765625,-0.080322265625,-0.0048828125,0.025634765625,-0.03125,-0.056884765625,-0.001708984375,0.015869140625,-0.04833984375,-0.05322265625,0.005126953125,0.010986328125,-0.043212890625,-0.02783203125,0.042724609375,0.02099609375,-0.046630859375,-0.025390625,0.03369140625,-0.025146484375,-0.104248046875,-0.03564453125,0.0615234375,0.036376953125,-0.0400390625,-0.01953125,0.051025390625,-0.01416015625,-0.08935546875,-0.013427734375,0.03759765625,-0.02001953125,-0.0576171875,0.01025390625,0.048828125,-0.025634765625,-0.081298828125,-0.01708984375,0.039306640625,-0.004150390625,-0.0322265625,0.0185546875,0.009521484375,-0.069091796875,-0.049072265625,0.034912109375,0.015625,-0.04833984375,-0.00390625,0.056884765625,-0.001220703125,-0.060546875,-0.006591796875,0.0498046875,-0.03466796875,-0.108154296875,-0.01611328125,0.071533203125,0.0087890625,-0.072998046875,-0.008544921875,0.05078125,-0.0244140625,-0.082275390625,0.0009765625,0.05322265625,-0.026611328125,-0.0771484375,-0.025146484375,0.009033203125,-0.01953125,-0.02587890625,0.02587890625,0.022216796875,-0.038818359375,-0.02294921875,0.01806640625,-0.002197265625,-0.04638671875,-0.0244140625,0.038330078125,-0.003173828125,-0.067626953125,0.005615234375,0.07421875,-0.014892578125,-0.08544921875,0.001708984375,0.042724609375,-0.029541015625,-0.04638671875,0.021728515625,0.038330078125,-0.06689453125,-0.08154296875,0.028564453125,0.02685546875,-0.0302734375,-0.0302734375,0.0478515625,0.014404296875,-0.08154296875,-0.074951171875,0.01416015625,0.00634765625,-0.064208984375,-0.0263671875,0.083984375,0.031005859375,-0.096435546875,-0.03662109375,0.0576171875,-0.003173828125,-0.08544921875,-0.023193359375,0.06298828125,-0.003662109375,-0.0703125,0.024658203125,0.05419921875,-0.053955078125,-0.076171875,0.01318359375,0.0439453125,-0.052490234375,-0.052490234375,0.04931640625,0.0361328125,-0.093017578125,-0.080810546875,0.0283203125,0.012939453125,-0.077880859375,-0.024169921875,0.096435546875,0.041259765625,-0.0751953125,-0.041748046875,-0.00732421875,-0.00732421875,-0.109619140625,-0.048828125,0.06396484375,0.042236328125,-0.031005859375,0.01708984375,0.048583984375,-0.03662109375,-0.0927734375,-0.023681640625,0.025146484375,-0.073974609375,0.036376953125,0.036376953125,0.06787109375,-0.040283203125,-0.071533203125,0.02001953125,0.018798828125,-0.07861328125,-0.059326171875,0.0419921875,0.02099609375,-0.059814453125,-0.02880859375,0.001953125,-0.087890625,-0.087890625,-0.017822265625,0.064208984375,-0.01318359375,-0.0771484375,0.0185546875,0.1005859375,0.0029296875,-0.0849609375,-0.01708984375,0.031494140625,-0.04150390625,0.010986328125,0.05712890625,0.05712890625,-0.029052734375,-0.05712890625,0.04931640625,0.056396484375,-0.0712890625,-0.0986328125,0.009033203125,0.031005859375,-0.0703125,-0.0498046875,0.0283203125,-0.067626953125,-0.035400390625,-0.035400390625,0.064453125,0.00537109375,-0.098388671875,-0.042724609375,0.0458984375,-0.00830078125,-0.0751953125,0.011962890625,0.088134765625,-0.02001953125,-0.104736328125,0.066650390625,-0.05712890625,-0.05712890625,-0.09033203125,0.0439453125,0.06884765625,-0.050537109375,-0.08203125,0.029052734375,0.03955078125,-0.066650390625,-0.081298828125,0.0625,-0.05712890625,-0.05712890625,-0.062744140625,0.068603515625,0.031494140625,-0.109619140625,-0.067626953125,0.061767578125,0.021484375,-0.081298828125,-0.0224609375,0.022705078125,-0.106689453125,-0.013916015625,-0.013916015625,0.078125,-0.036376953125,-0.113037109375,-0.008056640625,0.067626953125,-0.0146484375,-0.07763671875,0.022705078125,-0.0576171875,-0.101318359375,0.0322265625,0.0322265625,0.0576171875,-0.082275390625,-0.095703125,0.037353515625,0.05029296875,-0.05322265625,-0.05419921875,0.054443359375,0.0361328125,-0.03564453125,0.058349609375,0.00634765625,0.00634765625,-0.08935546875,-0.025146484375,0.081787109375,-0.002685546875,-0.088623046875,0.00048828125,0.064208984375,-0.030517578125,0.02490234375,0.068603515625,-0.029296875,-0.066162109375,-0.066162109375,0.010986328125,0.007080078125,-0.084228515625,-0.0810546875,0.0634765625,0.075439453125,-0.0712890625,0.056884765625,0.025634765625,-0.099609375,-0.0634765625,-0.0634765625,0.066162109375,0.023681640625,-0.089111328125,-0.017822265625,0.08642578125,0.00244140625,-0.093994140625,-0.0185546875,-0.009033203125,-0.082763671875,0.010986328125,0.07080078125,0.07080078125,-0.04052734375,-0.10302734375,0.01416015625,0.07470703125,-0.0400390625,-0.08251953125,0.03955078125,-0.06494140625,-0.09375,0.040283203125,0.04296875,-0.10546875,-0.10546875,-0.0986328125,0.05224609375,0.03369140625,-0.067138671875,-0.011962890625,0.093994140625,0.003662109375,-0.1123046875,0.069091796875,-0.010498046875,-0.1015625,0.0166015625,0.1005859375,0.1005859375,-0.02587890625,-0.102783203125,0.01953125,0.08544921875,-0.051025390625,-0.115234375,0.02294921875,0.07568359375,-0.092041015625,0.046142578125,0.066162109375,-0.0791015625,-0.095703125,-0.095703125,0.052978515625,0.05224609375,-0.095947265625,-0.059814453125,0.10107421875,0.04345703125,-0.12109375,0.064453125,0.00537109375,-0.1064453125,-0.0244140625,0.11181640625,0.03564453125,0.03564453125,-0.08935546875,-0.011962890625,0.0810546875,-0.032470703125,-0.119384765625,0.001220703125,0.07861328125,-0.0810546875,0.02880859375,0.06103515625,-0.057861328125,-0.07666015625,0.032470703125,0.032470703125,0.0380859375,-0.06884765625,-0.068603515625,0.047607421875,0.027099609375,-0.07958984375,-0.030029296875,-0.002197265625,-0.109130859375,-0.0263671875,0.08154296875,0.012451171875,-0.0703125,-0.0703125,0.00146484375,0.048583984375,-0.0546875,-0.10986328125,0.016845703125,0.08203125,-0.0859375,0.051025390625,0.0791015625,-0.072509765625,-0.099365234375,0.027099609375,0.027099609375,0.031982421875,-0.102294921875,-0.08251953125,0.062255859375,0.04345703125,-0.080810546875,-0.05517578125,0.0302734375,-0.0966796875,-0.03369140625,0.094482421875,-0.005615234375,-0.131591796875,-0.02978515625,-0.02978515625,0.087646484375,-0.01123046875,-0.103271484375,0.03369140625,0.1279296875,-0.1015625,0.029296875,0.07568359375,-0.0615234375,-0.119873046875,0.03271484375,0.09814453125,0.09814453125,-0.054443359375,-0.078125,0.079345703125,0.05615234375,-0.11767578125,0.0634765625,0.015380859375,-0.13037109375,-0.058349609375,0.10205078125,0.041259765625,0.041259765625,-0.11572265625,-0.051025390625,0.1044921875,0.00830078125,-0.1318359375,0.090576171875,-0.0107421875,-0.106689453125,0.004150390625,0.1015625,-0.020751953125,-0.11474609375,-0.11474609375,0.01416015625,0.06396484375,-0.063720703125,-0.08642578125,0.113525390625,-0.062255859375,-0.09912109375,0.0517578125,0.02734375,-0.11767578125,-0.06103515625,-0.06103515625,0.0908203125,0.0517578125,-0.092041015625,-0.03955078125,0.09130859375,-0.1298828125,-0.03955078125,0.068603515625,-0.010009765625,-0.08203125,0.023193359375,0.104248046875,0.104248046875,-0.02294921875,-0.094970703125,0.017822265625,0.0390625,-0.09228515625,0.049072265625,0.0654296875,-0.07177734375,-0.052490234375,0.082763671875,0.02587890625,0.02587890625,-0.1298828125,-0.05859375,0.09716796875,0.0048828125,-0.01025390625,0.138671875,0.01171875,-0.16259765625,-0.05078125,0.083984375,-0.035888671875,-0.111328125,-0.111328125,0.02587890625,0.1103515625,-0.0166015625,-0.095703125,0.058837890625,-0.072509765625,-0.102294921875,0.06103515625,0.085693359375,-0.068115234375,-0.052001953125,0.094482421875,0.094482421875,0.039794921875,-0.12451171875,-0.064208984375,0.092529296875,-0.130859375,-0.06298828125,0.111328125,0.019775390625,-0.136962890625,-0.010009765625,0.12109375,-0.016845703125,-0.136474609375,-0.136474609375,-0.00830078125,0.091552734375,-0.06005859375,0.013671875,0.072998046875,-0.067626953125,-0.087646484375,0.0712890625,0.103759765625,-0.0771484375,-0.099365234375,0.06787109375,0.06787109375,0.044677734375,-0.09423828125,-0.037841796875,0.0908203125,-0.122802734375,-0.026123046875,0.123291015625,-0.017333984375,-0.136962890625,-0.005126953125,0.099609375,-0.02783203125,-0.14208984375,-0.14208984375,0.00244140625,0.108154296875,-0.03515625,-0.101318359375,0.112548828125,-0.031005859375,-0.110595703125,0.02978515625,0.053955078125,-0.08251953125,-0.095947265625,0.017578125,0.057373046875,0.057373046875,-0.03515625,-0.03515625,0.073974609375,0.01171875,-0.08935546875,0.06787109375,-0.003662109375,-0.1005859375,-0.015625,0.060546875,-0.030029296875,-0.082275390625,0.03662109375,0.089111328125,-0.06689453125,-0.06689453125,-0.13671875,0.009521484375,0.069580078125,-0.08935546875,0.058837890625,0.0771484375,-0.05517578125,-0.09326171875,0.025634765625,0.043212890625,-0.0693359375,-0.05517578125,0.056640625,0.056640625,0.031005859375,-0.059814453125,0.0380859375,-0.0126953125,-0.096923828125,-0.009765625,0.08544921875,-0.007568359375,-0.044189453125,0.06103515625,0.073486328125,-0.08154296875,-0.14453125,0.010986328125,0.010986328125,0.055419921875,-0.059326171875,0.029541015625,0.053955078125,-0.044921875,-0.072998046875,0.021484375,0.0322265625,-0.0595703125,-0.04736328125,0.035888671875,0.035888671875,0.0126953125,-0.0556640625,0.0458984375,-0.0029296875,-0.0703125,-0.051025390625,0.016845703125,-0.00341796875,-0.04443359375,0.0048828125,0.0576171875,0.000244140625,0.000244140625,-0.064697265625,0.021484375,-0.044921875,-0.0615234375,0.013427734375,0.034912109375,-0.039306640625,-0.04736328125,0.049560546875,0.037841796875,-0.05908203125,-0.05908203125,-0.059326171875,-0.011474609375,-0.06103515625,-0.00830078125,0.0517578125,0.012939453125,-0.026611328125,-0.0107421875,0.022216796875,-0.001220703125,-0.0478515625,-0.025390625,-0.025390625,-0.0087890625,-0.05712890625,-0.005859375,0.053466796875,0.037353515625,-0.010009765625,-0.021240234375,-0.0205078125,-0.03955078125,-0.0439453125,0.004150390625,0.02001953125,0.02001953125,-0.021240234375,0.0185546875,-0.00634765625,-0.02978515625,-0.009521484375,-0.001220703125,-0.022216796875,-0.059814453125,-0.03173828125,0.02978515625,0.0146484375,0.0146484375,-0.022216796875,0.0185546875,0.009521484375,-0.02001953125,-0.00830078125,-0.001220703125,-0.000732421875,-0.02685546875,-0.047119140625,-0.0146484375,-0.0048828125,-0.015380859375,-0.015380859375,-0.012939453125,-0.031982421875,-0.020263671875,0.013671875,0.00732421875,-0.01611328125,-0.014892578125,-0.02001953125,-0.01318359375,-0.040771484375,-0.045166015625,0.017578125,0.015869140625,0.015869140625,-0.0244140625,-0.01513671875,-0.00439453125,-0.030029296875,-0.030517578125,-0.001220703125,0.009521484375,-0.02001953125,-0.0087890625,-0.00439453125,-0.0107421875,-0.00146484375,-0.018310546875,-0.01220703125,-0.010009765625,-0.039306640625,-0.01708984375,0.015625,0.00146484375,-0.028076171875,-0.040283203125,-0.00732421875,-0.019287109375,-0.016845703125,-0.0009765625,0.004638671875,0.004638671875,-0.009765625,-0.026123046875,-0.013427734375,-0.020751953125,-0.0234375,-0.027099609375,-0.034423828125,-0.00732421875,0.0185546875,0.001708984375,0.002197265625,-0.001708984375,-0.033203125,-0.031494140625,0.0029296875,-0.003173828125,-0.005859375,0.004150390625,0.00732421875,-0.010986328125,-0.05224609375,-0.021240234375,0.0146484375,-0.023193359375,-0.05517578125,-0.021484375,-0.00732421875,-0.008056640625,0.00146484375,0.014404296875,0.00537109375,-0.0283203125,-0.0390625,-0.02001953125,-0.002197265625,-0.015380859375,-0.00537109375,0.021240234375,-0.005615234375,-0.01123046875,0.001708984375,-0.00390625,-0.019775390625,-0.05322265625,-0.042724609375,0.011474609375,0.020751953125,-0.005859375,-0.0029296875,0.02490234375,-0.00732421875,-0.05908203125,-0.033203125,-0.00048828125,0.0,-0.013671875,0.014404296875,0.017822265625,-0.02001953125,-0.026611328125,-0.019287109375,-0.027587890625,-0.03173828125,-0.023193359375,0.02099609375,0.032470703125,-0.015869140625,0.003662109375,0.03271484375,-0.00244140625,-0.022705078125,-0.0244140625,-0.04150390625,-0.04931640625,-0.0537109375,-0.0263671875,0.0166015625,-0.006103515625,-0.01953125,0.0146484375,0.0029296875,-0.033203125,-0.01953125,-0.005859375,-0.005859375,-0.015869140625,-0.056640625,-0.03173828125,0.01953125,0.012451171875,-0.027587890625,-0.04833984375,-0.029541015625,-0.0263671875,-0.0263671875,-0.005126953125,0.028076171875,0.04736328125,0.021484375,-0.013427734375,-0.028564453125,-0.04296875,-0.036376953125,-0.005126953125,0.0078125,0.002197265625,0.002197265625,0.011962890625,0.012939453125,0.0107421875,-0.026123046875,-0.008056640625,-0.00341796875,-0.0478515625,-0.0166015625,-0.0126953125,0.0068359375,0.04150390625,0.001220703125,-0.000244140625,-0.02001953125,-0.029052734375,-0.047607421875,-0.05126953125,-0.029052734375,-0.003662109375,0.00341796875,0.013427734375,0.01513671875,0.00048828125,-0.040771484375,-0.040771484375,-0.04638671875,-0.0556640625,-0.0048828125,-0.0439453125,0.01123046875,-0.000244140625,0.01611328125,0.040283203125,-0.0517578125,0.01318359375,-0.04052734375,0.012451171875,0.012451171875,-0.086181640625,0.085693359375,0.00927734375,-0.04931640625,0.070556640625,-0.091552734375,-0.031005859375,0.06298828125,-0.05712890625,-0.005126953125,-0.024169921875,-0.024169921875,-0.001220703125,0.00927734375,-0.002685546875,0.00634765625,0.011474609375,-0.03564453125,-0.037109375,-0.0107421875,-0.03564453125,-0.0126953125,-0.008056640625,0.034912109375,0.038330078125,0.038330078125,0.009521484375,-0.015869140625,-0.03125,-0.034912109375,-0.05029296875,-0.035888671875,-0.0107421875,0.0048828125,0.015380859375,-0.015380859375,-0.029052734375,-0.026611328125,-0.026611328125,-0.00732421875,0.030029296875,0.028076171875,0.03173828125,0.0234375,-0.0126953125,-0.025634765625,-0.0234375,-0.029052734375,-0.040283203125,-0.058349609375,-0.048095703125,-0.01220703125,0.027587890625,0.027587890625,0.056640625,0.0517578125,0.005126953125,-0.05029296875,-0.070556640625,-0.017578125,0.060546875,0.051025390625,-0.042236328125,-0.11083984375,0.017333984375,0.03759765625,0.03759765625,-0.049560546875,-0.07275390625,0.0234375,0.04931640625,-0.030517578125,-0.02978515625,0.03076171875,-0.003662109375,-0.034423828125,0.0078125,-0.046630859375,0.0126953125,-0.05859375,-0.05859375,-0.11328125,0.0166015625,0.073974609375,0.021728515625,0.00830078125,-0.023193359375,-0.06396484375,-0.0126953125,0.0126953125,-0.03857421875,0.0341796875,0.008056640625,-0.018798828125,-0.018798828125,-0.010986328125,-0.01904296875,-0.016357421875,-0.001220703125,0.00244140625,0.03369140625,0.0390625,-0.028076171875,-0.077392578125,-0.041748046875,0.015380859375,0.059814453125,0.01416015625,0.01416015625,-0.045166015625,-0.03759765625,0.006103515625,-0.00048828125,-0.019775390625,0.017822265625,0.010986328125,-0.038330078125,-0.053955078125,-0.04296875,-0.013671875,0.02197265625,-0.019287109375,-0.019287109375,-0.0419921875,-0.03466796875,-0.0234375,0.004150390625,-0.0126953125,-0.060302734375,-0.032470703125,0.059814453125,-0.042236328125,-0.08740234375,-0.081787109375,-0.024169921875,-0.024169921875,0.03662109375,0.005126953125,-0.053955078125,-0.039306640625,0.016845703125,0.02490234375,-0.003662109375,-0.062744140625,-0.009765625,0.045654296875,0.01611328125,0.01611328125,-0.0263671875,0.00146484375,0.03759765625,0.013671875,-0.046630859375,-0.03857421875,0.045654296875,0.070556640625,-0.119384765625,-0.01220703125,0.103759765625,0.051025390625,0.051025390625,-0.076171875,-0.050537109375,0.07568359375,0.064208984375,-0.095703125,-0.142822265625,0.0244140625,-0.097900390625,-0.164306640625,0.02734375,0.149169921875,-0.03125,-0.03125,-0.169677734375,0.0224609375,0.16455078125,-0.031005859375,-0.18896484375,-0.056396484375,0.10498046875,-0.134765625,-0.022705078125,0.108154296875,0.00048828125,0.00048828125,-0.110107421875,0.02001953125,0.136474609375,-0.004638671875,-0.139404296875,-0.0390625,0.072509765625,-0.111083984375,0.01123046875,0.102783203125,0.009033203125,-0.0498046875,-0.0498046875,0.006591796875,0.041015625,-0.009765625,-0.05078125,-0.037841796875,-0.01708984375,-0.036865234375,0.007568359375,0.04833984375,0.023193359375,0.016845703125,0.016845703125,0.02734375,0.009033203125,-0.013427734375,-0.024658203125,-0.047607421875,-0.075439453125,0.02099609375,-0.002685546875,-0.039794921875,0.009765625,0.05224609375,0.001220703125,0.001220703125,-0.05810546875,-0.015625,0.029296875,-0.048828125,-0.117919921875,-0.049072265625,0.0,-0.055908203125,0.0322265625,0.075927734375,-0.0107421875,-0.06005859375,0.013916015625,0.048828125,0.048828125,-0.049560546875,-0.12451171875,-0.030029296875,0.070068359375,-0.00830078125,-0.08837890625,0.015869140625,0.10009765625,-0.060302734375,0.012451171875,0.050537109375,-0.025634765625,-0.0673828125,-0.021728515625,-0.00244140625,-0.00244140625,-0.0283203125,-0.004638671875,0.04150390625,0.00634765625,-0.037841796875,0.014404296875,0.052001953125,-0.02490234375,-0.021728515625,0.0341796875,-0.040771484375,-0.094970703125,0.0087890625,0.08935546875,-0.02197265625,-0.02197265625,-0.105712890625,0.024658203125,0.134521484375,-0.005615234375,-0.16845703125,-0.059814453125,0.093994140625,-0.13525390625,-0.036376953125,0.106201171875,0.018798828125,-0.097900390625,-0.002685546875,0.08251953125,-0.040283203125,-0.040283203125,-0.1240234375,-0.00830078125,0.040771484375,-0.064208984375,-0.071533203125,0.048095703125,0.04248046875,-0.017333984375,0.098388671875,0.011962890625,-0.0966796875,-0.029541015625,0.050048828125,-0.02197265625,-0.074951171875,-0.074951171875,0.00048828125,0.026611328125,-0.014892578125,-0.0205078125,0.03955078125,0.059326171875,-0.041748046875,0.001708984375,-0.005615234375,-0.077392578125,-0.052490234375,0.03125,0.016845703125,-0.049560546875,-0.0185546875,-0.0185546875,0.06640625,0.020263671875,-0.080078125,-0.037109375,0.046875,-0.024169921875,-0.11474609375,0.072509765625,-0.019287109375,-0.080322265625,0.02197265625,0.073486328125,-0.01904296875,-0.065185546875,0.031494140625,0.05078125,0.05078125,-0.083251953125,-0.101318359375,0.02880859375,0.0556640625,-0.059326171875,0.06787109375,0.05859375,-0.074951171875,-0.06201171875,0.05029296875,0.01318359375,0.01318359375,-0.112548828125,-0.050537109375,0.077880859375,-0.006103515625,-0.02197265625,0.090087890625,0.00048828125,-0.08447265625,0.012451171875,0.075439453125,-0.05419921875,-0.119873046875,-0.119873046875,0.016845703125,0.088623046875,-0.04541015625,0.03076171875,0.0810546875,-0.0419921875,-0.070068359375,0.05126953125,0.068359375,-0.060791015625,-0.07275390625,-0.07275390625,0.038330078125,0.0146484375,-0.0908203125,-0.0556640625,0.012451171875,-0.073486328125,-0.00390625,0.07421875,-0.02490234375,-0.106201171875,0.00439453125,0.076171875,0.076171875,-0.041015625,-0.108154296875,-0.00146484375,-0.031982421875,-0.061767578125,0.047119140625,0.0791015625,-0.041748046875,-0.077880859375,0.035400390625,0.05029296875,0.05029296875,-0.061767578125,-0.076904296875,0.024169921875,-0.052490234375,-0.0361328125,0.05029296875,0.013671875,-0.080322265625,-0.029541015625,0.0615234375,-0.005615234375,-0.107666015625,-0.107666015625,-0.056884765625,0.038330078125,-0.005126953125,-0.013671875,0.066650390625,-0.021240234375,-0.09716796875,-0.0068359375,0.0849609375,-0.005126953125,-0.098388671875,-0.098388671875,-0.02490234375,0.04052734375,-0.023193359375,-0.058349609375,0.07080078125,-0.017822265625,-0.050537109375,0.04833984375,0.055908203125,-0.06982421875,-0.091796875,0.01416015625,0.027099609375,0.027099609375,-0.064453125,-0.046875,0.05615234375,-0.07177734375,-0.050048828125,0.059814453125,0.049072265625,-0.05419921875,-0.07373046875,0.01806640625,0.001953125,-0.078857421875,-0.039306640625,-0.039306640625,0.066162109375,0.042236328125,-0.0634765625,0.04541015625,0.01025390625,-0.059326171875,-0.01416015625,0.040283203125,-0.0283203125,-0.075439453125,0.0,0.044921875,-0.019775390625,-0.019775390625,-0.0615234375,0.01953125,-0.054443359375,-0.067138671875,0.01611328125,-0.00146484375,-0.091552734375,-0.05810546875,0.048828125,0.0224609375,-0.04833984375,-0.014404296875,0.047607421875,0.047607421875,-0.002197265625,-0.063720703125,0.0263671875,-0.04931640625,-0.072265625,0.00341796875,0.0439453125,-0.02001953125,-0.03173828125,0.060791015625,0.062744140625,-0.048583984375,-0.057861328125,-0.057861328125,0.049072265625,-0.091064453125,-0.081787109375,0.03564453125,0.034912109375,-0.06787109375,-0.03125,0.07861328125,0.036865234375,-0.08154296875,-0.06201171875,0.0478515625,0.0126953125,0.0126953125,-0.09912109375,0.042724609375,-0.00048828125,-0.0859375,-0.007568359375,0.08935546875,0.007568359375,-0.0791015625,0.000244140625,0.06689453125,-0.0546875,-0.1171875,0.00439453125,0.00439453125,0.05712890625,-0.0712890625,0.0498046875,0.05419921875,-0.061767578125,-0.057861328125,0.04736328125,0.03271484375,-0.064697265625,-0.05322265625,0.01953125,-0.02197265625,-0.086669921875,-0.086669921875,-0.00634765625,0.006591796875,-0.068115234375,-0.00732421875,0.063720703125,-0.021484375,-0.092041015625,-0.0087890625,0.055419921875,-0.03125,-0.107421875,-0.005126953125,-0.005126953125,-0.00537109375,-0.058349609375,0.03759765625,0.072998046875,-0.046630859375,-0.0791015625,0.01171875,0.002685546875,-0.086181640625,-0.0556640625,0.05859375,0.05859375,0.03125,-0.01171875,0.053955078125,-0.035400390625,-0.090576171875,0.011962890625,0.076416015625,-0.02734375,-0.10791015625,-0.020263671875,0.05224609375,-0.00439453125,-0.00439453125,0.027587890625,0.065185546875,-0.025390625,-0.057861328125,0.011962890625,0.027587890625,-0.06201171875,-0.07568359375,0.0234375,0.05615234375,-0.021484375,-0.044189453125,0.019775390625,0.009765625,-0.077392578125,-0.031494140625,0.075927734375,0.0205078125,-0.107421875,-0.07958984375,0.029541015625,0.004638671875,-0.063232421875,-0.011474609375,0.064697265625,-0.000732421875,-0.080810546875,-0.0107421875,0.052734375,-0.015625,-0.078369140625,-0.009521484375,0.047607421875,-0.008544921875,-0.043212890625,0.004638671875,0.031982421875,-0.025390625,-0.0439453125,0.037841796875,0.052490234375,-0.05859375,-0.097900390625,-0.011474609375,0.032470703125,-0.025146484375,-0.028564453125,0.05859375,0.04638671875,-0.05712890625,-0.049072265625,0.02099609375,-0.0009765625,-0.078857421875,-0.065185546875,0.01318359375,0.005859375,-0.035400390625,0.004150390625,0.04150390625,0.009765625,-0.032470703125,-0.00439453125,0.047607421875,-0.00537109375,-0.0615234375,-0.034423828125,0.005859375,-0.019775390625,-0.044921875,0.005126953125,0.03369140625,-0.004638671875,-0.025390625,0.0068359375,0.007568359375,-0.03564453125,-0.0556640625,-0.021240234375,-0.016357421875,-0.045166015625,-0.02783203125,0.013427734375,0.01904296875,-0.027099609375,-0.024169921875,0.016845703125,0.0009765625,-0.044677734375,-0.025390625,0.0146484375,-0.012939453125,-0.03076171875,0.002685546875,0.02685546875,0.010498046875,-0.01171875,0.008544921875,0.028564453125,-0.007568359375,-0.01904296875,0.006103515625,0.0009765625,-0.0537109375,-0.05859375,0.009521484375,0.01806640625,-0.015625,-0.011474609375,0.013916015625,-0.01318359375,-0.05712890625,-0.024169921875,0.016357421875,-0.01318359375,-0.06396484375,-0.044921875,-0.001953125,-0.001953125,-0.045654296875,-0.007080078125,0.02587890625,-0.005126953125,-0.031982421875,0.000244140625,0.034912109375,-0.016357421875,-0.070556640625,-0.017578125,0.0302734375,-0.013916015625,0.02392578125,0.02392578125,0.01416015625,-0.046630859375,-0.031005859375,0.0185546875,0.01416015625,-0.040283203125,-0.038330078125,-0.003173828125,-0.01953125,-0.03369140625,-0.014892578125,0.013671875,-0.01806640625,-0.01806640625,-0.0107421875,0.0009765625,-0.015380859375,-0.0478515625,-0.018310546875,0.012939453125,-0.010009765625,-0.01953125,0.0068359375,0.00390625,-0.025634765625,-0.0205078125,0.020751953125,0.020751953125,-0.031494140625,-0.027099609375,0.00048828125,-0.023681640625,-0.064453125,-0.0224609375,0.046630859375,0.001953125,-0.06396484375,-0.0205078125,-0.009033203125,-0.0537109375,-0.0537109375,0.000244140625,0.03076171875,-0.0185546875,-0.058837890625,-0.021240234375,0.01953125,-0.009765625,-0.02001953125,0.013427734375,0.016845703125,-0.03271484375,-0.03271484375,0.00927734375,0.013427734375,-0.04150390625,-0.046875,0.017578125,0.048095703125,-0.00146484375,-0.04296875,-0.0283203125,-0.019775390625,0.006591796875,0.0224609375,0.0224609375,-0.027587890625,-0.05859375,-0.015380859375,0.021484375,-0.011474609375,-0.03564453125,-0.00048828125,-0.00048828125,-0.04931640625,-0.028076171875,0.01611328125,0.01611328125,-0.060302734375,-0.061279296875,0.020263671875,0.063232421875,0.011474609375,-0.019775390625,0.004638671875,-0.0107421875,-0.064697265625,-0.03466796875,0.023681640625,-0.088623046875,-0.088623046875,-0.071044921875,0.034912109375,0.029541015625,-0.0380859375,-0.013671875,0.049072265625,0.00048828125,-0.082763671875,-0.01611328125,-0.012451171875,-0.118408203125,-0.055908203125,-0.055908203125,0.051513671875,0.02392578125,-0.05029296875,-0.011962890625,0.065673828125,0.017822265625,-0.072021484375,-0.04736328125,0.029541015625,-0.0478515625,-0.03466796875,-0.03466796875,0.013916015625,-0.01611328125,-0.0478515625,0.0029296875,0.048583984375,0.016845703125,-0.029052734375,-0.02587890625,-0.020263671875,-0.042724609375,-0.0087890625,0.001953125,0.001953125,-0.03173828125,-0.0322265625,0.016357421875,0.01123046875,-0.017822265625,-0.001953125,0.0087890625,-0.004638671875,-0.020751953125,-0.01416015625,-0.04736328125,-0.03369140625,0.02490234375,0.02490234375,0.047607421875,-0.000244140625,-0.02880859375,0.0048828125,0.026123046875,-0.013427734375,-0.038330078125,0.0078125,0.015869140625,-0.0537109375,0.009765625,0.02294921875,-0.031982421875,-0.031982421875,-0.021484375,0.02587890625,0.01123046875,-0.048095703125,-0.04541015625,-0.010009765625,-0.033447265625,-0.0625,-0.026123046875,0.012451171875,-0.041015625,-0.017822265625,-0.017822265625,0.037109375,0.011474609375,-0.037353515625,-0.020263671875,0.0029296875,-0.02685546875,-0.032470703125,0.01806640625,0.012939453125,-0.034912109375,0.007080078125,0.028076171875,-0.0048828125,-0.028564453125,-0.028564453125,0.008544921875,0.004150390625,-0.0498046875,-0.044921875,-0.007568359375,-0.022216796875,-0.03857421875,0.001220703125,0.033935546875,-0.0087890625,-0.007080078125,-0.021484375,-0.072509765625,-0.072509765625,-0.0908203125,-0.025146484375,0.03857421875,0.0166015625,-0.017333984375,0.002685546875,0.02490234375,-0.01025390625,0.026123046875,0.01611328125,-0.047119140625,-0.0556640625,-0.0556640625,-0.015380859375,-0.01416015625,-0.035400390625,-0.021728515625,0.017578125,0.00537109375,-0.03125,0.00439453125,0.00048828125,-0.064453125,-0.0537109375,-0.025390625,-0.03173828125,-0.025634765625,-0.025634765625,0.0263671875,0.052001953125,-0.004638671875,-0.031494140625,0.00927734375,0.018310546875,-0.018310546875,-0.015625,-0.008544921875,-0.043212890625,-0.034423828125,0.035888671875,0.035888671875,0.0361328125,-0.024658203125,-0.0244140625,0.017578125,0.01416015625,-0.02490234375,-0.018310546875,-0.04052734375,-0.076416015625,-0.03076171875,0.0390625,0.0390625,0.019287109375,-0.031982421875,-0.015380859375,0.01123046875,-0.012939453125,-0.031005859375,-0.0087890625,-0.04296875,-0.05419921875,0.01806640625,0.06689453125,0.06689453125,0.01220703125,-0.031982421875,-0.0126953125,-0.004638671875,-0.021484375,-0.013427734375,0.00390625,-0.06591796875,-0.06396484375,0.01171875,0.04443359375,0.00634765625,0.0068359375,0.0068359375,0.0263671875,-0.01220703125,-0.057861328125,-0.029541015625,0.01220703125,-0.01513671875,-0.03271484375,0.020751953125,-0.000732421875,-0.056396484375,-0.011474609375,-0.011474609375,0.052978515625,0.001708984375,-0.031982421875,0.011474609375,0.022216796875,-0.037353515625,-0.04296875,0.030517578125,0.029052734375,0.005615234375,0.02197265625,0.02001953125,0.02001953125,-0.0517578125,-0.07763671875,-0.0068359375,0.029296875,-0.012939453125,-0.025390625,-0.030517578125,-0.057373046875,-0.052978515625,0.021728515625,0.081787109375,0.081787109375,0.042236328125,-0.029296875,-0.041748046875,-0.045654296875,-0.04150390625,0.00390625,-0.01806640625,-0.01953125,-0.006591796875,-0.0068359375,-0.022216796875,-0.014404296875,0.035400390625,0.04541015625,0.04541015625,-0.007080078125,-0.036865234375,-0.02197265625,-0.032958984375,-0.044189453125,0.0146484375,0.071533203125,0.01806640625,-0.07861328125,0.00537109375,0.0234375,-0.015380859375,0.00146484375,0.034912109375,-0.0361328125,-0.1103515625,-0.05810546875,0.0546875,0.035888671875,0.035888671875,-0.04345703125,-0.016845703125,0.058349609375,0.056884765625,-0.02978515625,-0.05712890625,-0.02978515625,-0.01806640625,-0.00927734375,0.022705078125,0.0185546875,-0.052734375,-0.070068359375,-0.01513671875,0.02001953125,0.039306640625,0.045654296875,-0.0185546875,-0.0185546875,-0.087646484375,-0.091064453125,-0.0361328125,0.051025390625,0.077392578125,0.03759765625,-0.028564453125,-0.09375,0.037353515625,0.089599609375,-0.01318359375,-0.060302734375,-0.00634765625,0.0068359375,-0.05322265625,-0.064697265625,0.035400390625,0.090576171875,0.090576171875,-0.019775390625,-0.08447265625,0.02392578125,0.0712890625,-0.042724609375,-0.110107421875,-0.043701171875,0.033935546875,-0.01953125,-0.013671875,0.01416015625,-0.031005859375,-0.05419921875,0.023193359375,0.059814453125,-0.012451171875,-0.07861328125,-0.075439453125,-0.075439453125,-0.005859375,0.002685546875,-0.049072265625,-0.020263671875,0.031494140625,0.01904296875,-0.0107421875,-0.0146484375,-0.01953125,-0.05859375,-0.06884765625,-0.029296875,0.01708984375,0.043701171875,-0.002197265625,-0.049560546875,-0.0078125,0.03515625,0.007080078125,-0.040283203125,-0.040283203125,-0.04833984375,-0.023681640625,-0.031982421875,-0.06787109375,-0.024658203125,0.0810546875,0.083251953125,-0.00732421875,-0.041259765625,-0.012451171875,0.010498046875,-0.027099609375,-0.019287109375,0.0068359375,-0.0322265625,-0.080810546875,-0.04736328125,0.035400390625,0.095458984375,0.056396484375,-0.061279296875,-0.05712890625,0.05322265625,0.071044921875,-0.010986328125,-0.11328125,-0.129638671875,-0.01953125,0.055419921875,0.02587890625,0.02587890625,-0.001708984375,-0.02587890625,-0.02685546875,0.01416015625,0.021728515625,0.03759765625,0.05078125,-0.03173828125,-0.09326171875,-0.0322265625,0.0126953125,0.041748046875,-0.03564453125,-0.090087890625,-0.008056640625,0.01904296875,-0.0029296875,0.0009765625,-0.002685546875,-0.0263671875,-0.02197265625,0.0078125,-0.000732421875,-0.01708984375,-0.039794921875,-0.02783203125,0.0029296875,-0.003173828125,0.001953125,-0.0205078125,-0.030029296875,-0.030029296875,-0.031494140625,-0.024169921875,-0.004638671875,0.014892578125,0.03857421875,-0.0009765625,-0.022705078125,-0.00927734375,0.017822265625,0.011474609375,-0.03369140625,0.001708984375,0.0029296875,-0.034423828125,0.0166015625,0.010009765625,-0.026123046875,0.045166015625,-0.00634765625,-0.099853515625,0.009033203125,0.0341796875,-0.049072265625,0.017333984375,0.02783203125,-0.066650390625,-0.0126953125,0.033203125,-0.029541015625,-0.021240234375,-0.021240234375,-0.0068359375,-0.01708984375,0.0048828125,-0.015380859375,-0.0498046875,-0.024169921875,0.005859375,-0.00634765625,-0.031494140625,-0.030517578125,-0.01318359375,-0.027099609375,-0.031982421875,-0.013427734375,-0.00146484375,-0.004638671875,-0.02294921875,-0.044189453125,-0.01806640625,0.031005859375,0.0205078125,0.00244140625,0.014404296875,0.01123046875,0.0146484375,0.009033203125,-0.015625,-0.010498046875,-0.001953125,-0.010986328125,-0.010986328125,-0.017333984375,-0.017822265625,-0.021484375,-0.0283203125,-0.031982421875,-0.015625,0.005126953125,0.000732421875,-0.0185546875,-0.040283203125,-0.023193359375,0.028564453125,0.05615234375,0.0224609375,-0.013671875,-0.00830078125,-0.05517578125,-0.109130859375,-0.0634765625,-0.030029296875,-0.042724609375,0.00244140625,0.01708984375,-0.035400390625,0.027587890625,0.078369140625,-0.0234375,0.0146484375,-0.00048828125,-0.06982421875,-0.06982421875,0.04296875,-0.05126953125,-0.02685546875,-0.065673828125,0.015625,-0.041748046875,-0.025634765625,-0.019775390625,-0.02734375,0.007080078125,-0.03271484375,0.005615234375,0.02392578125,0.005859375,0.026611328125,-0.0048828125,-0.033203125,-0.03857421875,-0.060546875,-0.03515625,-0.042724609375,0.017578125,0.019287109375,-0.004150390625,0.014404296875,-0.030517578125,-0.00439453125,-0.012939453125,-0.038818359375,0.043212890625,-0.020751953125,-0.020751953125,-0.01953125,0.0302734375,0.02783203125,0.030029296875,-0.030029296875,-0.04296875,-0.05078125,-0.073974609375,-0.02099609375,0.062744140625,0.045654296875,0.042724609375,0.02880859375,-0.052978515625,-0.02880859375,-0.032958984375,-0.05078125,0.04541015625,0.04443359375,-0.0146484375,-0.021728515625,-0.029052734375,-0.019287109375,-0.019775390625,-0.023681640625,-0.037109375,-0.032958984375,-0.009033203125,-0.053955078125,-0.044189453125,-0.009521484375,-0.009521484375,0.04052734375,-0.008056640625,-0.02734375,-0.01513671875,0.010009765625,-0.024658203125,-0.060791015625,-0.0126953125,0.0146484375,-0.015380859375,-0.045654296875,-0.06005859375,-0.03076171875,-0.007080078125,-0.024169921875,-0.002685546875,0.0283203125,0.026611328125,0.0087890625,0.007568359375,0.02001953125,-0.027587890625,-0.045654296875,-0.032958984375,-0.052978515625,-0.03076171875,-0.02197265625,0.007080078125,0.045654296875,0.013671875,0.001953125,0.008544921875,-0.0029296875,-0.015625,-0.008544921875,0.031982421875,0.03173828125,0.013916015625,-0.00341796875,0.0009765625,-0.000244140625,-0.0400390625,-0.0517578125,-0.030517578125,-0.03857421875,-0.02490234375,0.00732421875,0.01318359375,0.021484375,0.03662109375,0.000244140625,-0.06640625,-0.06201171875,-0.044921875,-0.016357421875,0.0,-0.01220703125,0.01171875,0.005126953125,-0.052978515625,-0.0634765625,-0.02978515625,-0.024169921875,-0.048095703125,-0.0244140625,0.013916015625,0.029052734375,0.027099609375,0.01953125,-0.01220703125,-0.033935546875,-0.062744140625,-0.048583984375,-0.002197265625,-0.001708984375,0.00927734375,0.023193359375,-0.005615234375,-0.00732421875,0.005859375,-0.014892578125,-0.010986328125,-0.003662109375,-0.0390625,-0.031982421875,0.002197265625,0.013916015625,0.018798828125,0.018798828125,0.005615234375,-0.0126953125,0.021484375,-0.005859375,-0.0400390625,-0.031982421875,-0.03173828125,-0.025146484375,0.0029296875,0.01318359375,0.0068359375,0.011962890625,-0.0009765625,-0.040771484375,-0.02490234375,-0.008544921875,-0.004638671875,-0.022705078125,-0.022705078125,-0.027099609375,-0.03125,-0.018798828125,-0.01025390625,-0.03564453125,-0.033935546875,-0.004150390625,-0.008056640625,-0.017578125,-0.02001953125,0.01513671875,0.002685546875,-0.052490234375,-0.06787109375,0.00830078125,0.036376953125,-0.0029296875,0.010498046875,0.010498046875,0.00634765625,-0.02880859375,-0.03173828125,-0.001220703125,-0.013671875,-0.05126953125,-0.01611328125,0.044189453125,-0.00439453125,-0.0517578125,0.021728515625,0.071044921875,-0.01708984375,-0.083984375,-0.00830078125,0.02734375,-0.0595703125,0.00537109375,0.04248046875,0.04248046875,-0.01318359375,-0.06005859375,0.006591796875,0.03466796875,-0.036865234375,-0.03076171875,0.0078125,-0.03857421875,-0.0517578125,0.006591796875,0.050048828125,-0.00146484375,-0.03515625,0.017578125,0.024658203125,-0.09130859375,-0.001953125,0.048095703125,0.048095703125,-0.018798828125,-0.083984375,-0.03466796875,0.060302734375,0.0185546875,-0.06005859375,0.004638671875,0.049560546875,-0.031982421875,-0.072021484375,0.006591796875,0.036865234375,-0.023681640625,-0.03369140625,0.0048828125,-0.01904296875,-0.0498046875,0.065185546875,0.01171875,-0.066650390625,-0.01953125,0.0537109375,0.008544921875,0.008544921875,-0.084228515625,-0.013916015625,0.077880859375,-0.020263671875,-0.113525390625,-0.03564453125,0.05419921875,-0.00830078125,-0.10546875,-0.0224609375,0.0703125,-0.01708984375,-0.081298828125,0.02001953125,0.043212890625,-0.072021484375,-0.083251953125,0.05224609375,0.02294921875,-0.09326171875,-0.021728515625,0.108642578125,-0.085693359375,-0.0478515625,0.072998046875,-0.01171875,-0.1376953125,-0.0595703125,0.093017578125,0.093017578125,0.05810546875,-0.051513671875,-0.0087890625,0.06982421875,0.009521484375,-0.0908203125,-0.03662109375,0.06494140625,-0.02099609375,-0.117431640625,0.000244140625,0.076171875,-0.007080078125,-0.086181640625,0.0009765625,0.075927734375,-0.041015625,-0.120361328125,0.0341796875,0.120849609375,-0.05712890625,0.034423828125,0.114013671875,-0.0693359375,-0.116455078125,0.06591796875,0.099365234375,-0.1083984375,-0.123779296875,-0.123779296875,0.097412109375,0.10205078125,-0.099609375,-0.114501953125,0.061767578125,0.038330078125,-0.135986328125,-0.040283203125,0.129150390625,0.02685546875,-0.134765625,-0.037353515625,0.1015625,-0.016845703125,-0.151611328125,-0.01904296875,0.099365234375,-0.01708984375,-0.108154296875,0.054443359375,-0.041259765625,-0.128662109375,0.035400390625,0.071533203125,-0.104248046875,-0.12060546875,0.080322265625,0.113525390625,-0.06640625,-0.06640625,-0.1005859375,0.08642578125,0.101806640625,-0.106689453125,-0.11669921875,0.088623046875,0.093994140625,-0.1171875,-0.1044921875,0.090087890625,0.048828125,-0.12548828125,-0.078369140625,0.100341796875,0.039306640625,-0.15771484375,-0.043701171875,0.127685546875,0.013916015625,-0.145751953125,-0.02490234375,0.12744140625,-0.03271484375,0.023681640625,0.158203125,-0.01708984375,-0.146240234375,0.024658203125,0.13916015625,-0.072021484375,-0.167236328125,0.034912109375,0.10546875,-0.058349609375,-0.058349609375,-0.130126953125,0.0517578125,0.125244140625,-0.078857421875,-0.101806640625,0.080810546875,0.0654296875,-0.15087890625,-0.119140625,0.128173828125,0.092041015625,-0.12548828125,-0.068359375,0.12255859375,0.029296875,-0.19140625,-0.088623046875,0.072021484375,-0.127685546875,-0.031494140625,0.14208984375,0.013916015625,-0.1748046875,-0.044677734375,0.142822265625,0.01416015625,-0.1474609375,-0.019287109375,0.119873046875,0.119873046875,-0.028564453125,-0.13818359375,0.02783203125,0.120361328125,-0.073486328125,-0.156005859375,0.024169921875,0.083984375,-0.08154296875,-0.093017578125,0.09619140625,0.091796875,-0.10546875,-0.115966796875,0.072021484375,0.083740234375,-0.09619140625,0.08349609375,0.044921875,-0.133544921875,-0.0478515625,0.140380859375,0.03857421875,-0.117919921875,-0.021484375,0.121826171875,0.017578125,-0.12841796875,-0.019775390625,-0.019775390625,0.101318359375,-0.0361328125,-0.1572265625,-0.005615234375,0.105224609375,-0.03564453125,-0.098876953125,0.041748046875,0.0771484375,-0.07275390625,-0.118408203125,0.030517578125,0.065673828125,-0.0634765625,-0.060546875,0.05859375,-0.1162109375,-0.069091796875,0.1064453125,0.06591796875,-0.1103515625,-0.081787109375,0.056884765625,0.0029296875,-0.12255859375,-0.01611328125,0.13623046875,0.0341796875,-0.100341796875,-0.00341796875,-0.00341796875,0.100830078125,-0.037109375,-0.147705078125,-0.02099609375,0.06787109375,-0.043212890625,-0.10009765625,0.033935546875,0.119140625,-0.019775390625,-0.108154296875,0.011962890625,0.069091796875,-0.053466796875,0.04345703125,0.06982421875,-0.079833984375,-0.077392578125,0.078125,0.066650390625,-0.102294921875,-0.0810546875,0.08740234375,0.055908203125,-0.09814453125,-0.052978515625,0.06689453125,0.01171875,-0.0947265625,-0.0947265625,-0.03076171875,0.077880859375,-0.014404296875,-0.106201171875,-0.002685546875,0.072265625,-0.031005859375,-0.07568359375,0.0419921875,0.069580078125,-0.094482421875,-0.1376953125,0.017578125,-0.056640625,-0.05615234375,0.086181640625,0.08349609375,-0.0703125,-0.07666015625,0.056884765625,0.01904296875,-0.1171875,-0.0615234375,0.079833984375,0.056884765625,-0.053466796875,-0.0068359375,0.081298828125,-0.02783203125,-0.140380859375,-0.04248046875,-0.04248046875,0.068115234375,-0.02001953125,-0.09619140625,0.012939453125,0.09375,-0.01953125,-0.100830078125,-0.025390625,0.017822265625,-0.062255859375,-0.05126953125,0.070068359375,-0.06103515625,-0.0751953125,0.026123046875,0.00634765625,-0.090087890625,-0.03564453125,0.107421875,0.0595703125,-0.101806640625,-0.0576171875,0.078369140625,0.011962890625,-0.12353515625,-0.036865234375,0.07373046875,-0.020263671875,-0.097412109375,-0.097412109375,-0.003173828125,0.1025390625,0.003662109375,-0.10546875,-0.011474609375,0.065673828125,-0.05712890625,-0.140380859375,-0.00146484375,0.09423828125,-0.02490234375,0.039794921875,0.066162109375,-0.07080078125,-0.098876953125,0.040771484375,0.055908203125,-0.063720703125,-0.053955078125,0.0517578125,0.03662109375,-0.066650390625,-0.0341796875,0.049560546875,-0.012451171875,-0.09375,-0.028076171875,0.06884765625,0.019287109375,-0.056640625,-0.056640625,-0.0107421875,0.043212890625,-0.053466796875,-0.128662109375,-0.00244140625,0.096435546875,-0.013671875,-0.088623046875,0.07421875,-0.04150390625,-0.091796875,0.014892578125,0.059326171875,-0.05224609375,-0.062255859375,0.05517578125,0.0595703125,-0.06005859375,-0.068115234375,0.0263671875,0.014892578125,-0.06201171875,-0.015625,0.081787109375,0.01416015625,-0.111083984375,-0.0595703125,0.061279296875,0.015625,0.015625,-0.07861328125,-0.03173828125,0.05908203125,0.0009765625,-0.072265625,-0.015625,0.041259765625,-0.042236328125,0.00146484375,0.06689453125,-0.021240234375,-0.057373046875,0.03759765625,0.03857421875,-0.072265625,-0.058837890625,0.03857421875,0.04248046875,-0.058349609375,-0.041259765625,0.054931640625,0.027099609375,-0.063232421875,-0.029541015625,0.043212890625,-0.009765625,-0.0771484375,-0.00732421875,0.08349609375,0.006103515625,-0.098388671875,-0.098388671875,-0.03076171875,0.06494140625,-0.017333984375,-0.090087890625,-0.00439453125,0.0703125,-0.020751953125,0.00634765625,0.0634765625,-0.03955078125,-0.08935546875,-0.010009765625,0.024169921875,-0.047119140625,-0.04736328125,0.0595703125,0.069091796875,-0.050048828125,-0.06201171875,0.035888671875,0.028564453125,-0.064697265625,-0.0576171875,0.037353515625,0.029541015625,-0.060791015625,-0.046142578125,0.047607421875,0.0166015625,-0.068115234375,-0.03271484375,-0.03271484375,0.05126953125,0.00390625,-0.078369140625,-0.038818359375,0.044189453125,-0.090087890625,-0.0068359375,0.07373046875,-0.00927734375,-0.07958984375,-0.01025390625,0.065673828125,-0.012451171875,-0.076416015625,0.006591796875,0.056640625,-0.04931640625,-0.057373046875,0.052978515625,0.04248046875,-0.061279296875,-0.052001953125,0.05322265625,0.0048828125,-0.0849609375,-0.017822265625,0.048095703125,-0.02001953125,-0.09033203125,-0.017333984375,-0.017333984375,0.061767578125,-0.004638671875,-0.069580078125,-0.01416015625,-0.00634765625,-0.0703125,-0.02197265625,0.0390625,-0.04638671875,-0.095703125,0.001708984375,0.056884765625,-0.017578125,-0.039794921875,0.029052734375,0.01806640625,-0.05712890625,-0.03662109375,0.045654296875,0.010986328125,-0.07568359375,-0.0341796875,0.051025390625,0.015380859375,-0.068359375,-0.01953125,0.06884765625,0.005859375,-0.08544921875,-0.02392578125,0.0625,0.0625,-0.0185546875,-0.09814453125,-0.03369140625,-0.01953125,-0.05859375,0.0361328125,0.06396484375,-0.042724609375,-0.07861328125,0.017333984375,0.03564453125,-0.0654296875,-0.077392578125,0.03125,0.05029296875,-0.05029296875,-0.032958984375,0.072998046875,0.039794921875,-0.070556640625,-0.061279296875,0.044921875,0.0263671875,-0.0927734375,-0.05615234375,0.06005859375,0.010498046875,-0.08154296875,-0.032470703125,0.06201171875,0.06201171875,0.001953125,-0.084228515625,0.0556640625,0.00537109375,-0.061279296875,-0.02685546875,0.01953125,-0.03173828125,-0.05419921875,0.025146484375,0.051025390625,-0.027099609375,-0.057373046875,0.025146484375,0.05322265625,-0.05029296875,-0.0791015625,0.019775390625,0.035888671875,-0.06201171875,-0.055908203125,0.055908203125,0.053466796875,-0.045166015625,-0.0517578125,0.01123046875,-0.00244140625,-0.052978515625,-0.041015625,0.019775390625,0.019775390625,-0.068603515625,-0.010009765625,0.0498046875,-0.00439453125,-0.044677734375,0.01171875,0.031494140625,-0.040283203125,-0.066650390625,-0.00390625,0.031005859375,-0.042236328125,-0.06640625,0.031982421875,0.0625,-0.02001953125,-0.044189453125,0.01708984375,0.018798828125,-0.0576171875,-0.047607421875,0.041748046875,0.0068359375,-0.070556640625,-0.02587890625,0.0537109375,-0.000732421875,-0.074951171875,-0.022216796875,0.026611328125,-0.018798828125,-0.0439453125,0.000244140625,0.046875,-0.02001953125,-0.0888671875,-0.012451171875,0.04931640625,-0.032470703125,-0.0439453125,0.048828125,0.05517578125,-0.037109375,-0.078857421875,0.008056640625,0.044921875,-0.056396484375,-0.080322265625,0.019775390625,0.04345703125,-0.0380859375,-0.03173828125,0.063720703125,0.029052734375,-0.08544921875,-0.074462890625,0.019287109375,0.010009765625,-0.04833984375,-0.037109375,0.024169921875,0.015380859375,-0.03369140625,-0.01025390625,0.03076171875,-0.027099609375,-0.0751953125,-0.01123046875,0.04931640625,-0.0068359375,-0.050537109375,0.014404296875,0.04833984375,-0.036376953125,-0.078369140625,0.041259765625,0.041259765625,-0.026611328125,-0.0341796875,0.037353515625,0.041259765625,-0.039794921875,-0.0703125,-0.02197265625,-0.0234375,-0.0419921875,-0.022705078125,0.03125,0.024658203125,-0.017822265625,-0.005615234375,0.008544921875,-0.04833984375,-0.078857421875,-0.012939453125,0.02099609375,-0.021484375,-0.0224609375,0.0244140625,0.040771484375,-0.024658203125,-0.052978515625,0.02099609375,0.02099609375,-0.046630859375,-0.023193359375,0.072509765625,0.02294921875,-0.09326171875,-0.08251953125,0.034912109375,0.048583984375,-0.050537109375,-0.051025390625,0.041015625,0.033203125,-0.048828125,-0.048828125,0.011962890625,-0.001220703125,-0.052001953125,-0.034912109375,0.006103515625,-0.0009765625,-0.02783203125,-0.010986328125,0.021484375,-0.010498046875,-0.0380859375,-0.00341796875,-0.0400390625,-0.0400390625,-0.063720703125,0.023681640625,0.033935546875,-0.04150390625,-0.028076171875,0.059814453125,0.04931640625,-0.052978515625,-0.076171875,0.010009765625,0.0078125,-0.040771484375,0.052490234375,0.052490234375,0.050048828125,-0.06103515625,-0.060546875,0.04541015625,0.005615234375,-0.09521484375,-0.057373046875,0.06396484375,0.038818359375,-0.07275390625,0.038818359375,0.038818359375,0.021728515625,-0.056884765625,-0.047607421875,0.032470703125,0.018310546875,-0.044921875,-0.010009765625,0.02734375,-0.031494140625,-0.043212890625,0.002197265625,-0.04931640625,-0.04931640625,-0.005126953125,0.07275390625,0.025634765625,-0.095947265625,-0.07568359375,0.04296875,0.04443359375,-0.054931640625,-0.073486328125,0.03564453125,-0.06787109375,-0.06787109375,-0.0654296875,0.026123046875,0.044189453125,-0.041015625,-0.03662109375,0.025634765625,0.01611328125,-0.04150390625,-0.02734375,-0.0322265625,-0.039794921875,0.028076171875,0.028076171875,0.037841796875,-0.0283203125,-0.040771484375,0.019287109375,0.01416015625,-0.063232421875,-0.053955078125,0.043701171875,0.041748046875,-0.05810546875,0.03759765625,0.00830078125,0.00830078125,-0.0615234375,-0.039306640625,0.011962890625,0.001708984375,-0.03466796875,-0.01708984375,0.021728515625,-0.019775390625,-0.062255859375,0.028076171875,-0.02734375,-0.037109375,-0.037109375,0.037109375,0.057373046875,-0.024658203125,-0.042724609375,0.001220703125,-0.009765625,-0.080078125,-0.0732421875,0.02099609375,-0.03955078125,-0.00439453125,0.067138671875,0.067138671875,0.001953125,-0.0771484375,-0.041259765625,0.071533203125,0.048583984375,-0.055419921875,-0.078857421875,0.005859375,0.0498046875,-0.107666015625,-0.00439453125,0.098388671875,0.03173828125,0.03173828125,-0.089111328125,-0.09765625,0.06787109375,0.1416015625,-0.04736328125,-0.16015625,-0.047607421875,0.125732421875,0.083740234375,-0.137451171875,0.040771484375,0.107421875,-0.004638671875,-0.004638671875,-0.162353515625,-0.052490234375,0.110107421875,0.085693359375,-0.036865234375,-0.133056640625,-0.01171875,0.105712890625,-0.025634765625,-0.04248046875,0.044189453125,0.0888671875,-0.060546875,-0.060546875,-0.160400390625,0.02294921875,0.0966796875,0.022705078125,-0.063232421875,-0.093505859375,0.042236328125,0.069091796875,-0.08544921875,-0.044921875,0.029052734375,-0.014892578125,-0.014892578125,-0.07177734375,-0.04443359375,0.049560546875,0.094970703125,-0.01123046875,-0.070068359375,-0.056640625,0.028076171875,-0.041259765625,-0.0302734375,0.002197265625,0.068115234375,-0.012939453125,-0.012939453125,-0.045166015625,-0.054931640625,-0.01708984375,0.032958984375,-0.0771484375,0.009033203125,0.04150390625,0.011962890625,-0.1162109375,-0.044677734375,0.042236328125,-0.101318359375,0.0302734375,0.0302734375,-0.021240234375,-0.048095703125,0.0830078125,-0.030029296875,-0.020263671875,0.02978515625,-0.02197265625,-0.054443359375,-0.075439453125,0.024169921875,0.009765625,-0.04052734375,-0.032958984375,-0.032958984375,0.003173828125,0.015380859375,-0.037841796875,-0.03125,0.041015625,0.053955078125,-0.000732421875,-0.03076171875,0.031005859375,0.03173828125,-0.0302734375,-0.078857421875,-0.078857421875,-0.042724609375,0.01025390625,-0.023193359375,-0.06640625,0.01220703125,0.13818359375,-0.141845703125,-0.112060546875,0.104248046875,0.13232421875,-0.10205078125,-0.10205078125,-0.236572265625,-0.008056640625,0.198486328125,-0.024658203125,-0.2158203125,0.01806640625,-0.021484375,-0.209228515625,-0.013427734375,0.159423828125,0.0244140625,-0.106689453125,-0.106689453125,-0.022705078125,0.132080078125,0.043212890625,-0.14111328125,-0.065673828125,0.075927734375,-0.06640625,-0.043701171875,-0.0244140625,0.003173828125,0.111328125,0.111328125,0.049560546875,-0.153076171875,-0.07177734375,0.126953125,0.041259765625,-0.12646484375,0.09716796875,-0.002685546875,-0.0458984375,-0.00537109375,-0.03173828125,-0.019287109375,-0.019287109375,0.051513671875,-0.01513671875,-0.108642578125,-0.002197265625,0.0634765625,-0.065673828125,-0.009521484375,-0.031005859375,-0.013671875,0.002197265625,-0.071044921875,-0.045654296875,-0.045654296875,0.097412109375,0.03125,-0.115966796875,-0.013427734375,0.02587890625,-0.041015625,0.119140625,-0.0078125,-0.16796875,-0.015380859375,0.089111328125,0.089111328125,-0.0439453125,-0.0634765625,0.019287109375,-0.01025390625,-0.02392578125,-0.009033203125,-0.05078125,0.055908203125,0.044189453125,-0.08056640625,-0.01611328125,0.06103515625,0.06103515625,-0.006591796875,-0.00244140625,0.072998046875,-0.00439453125,-0.0712890625,0.030517578125,-0.07373046875,0.025390625,0.084716796875,-0.052734375,-0.08203125,0.048583984375,0.029052734375,0.029052734375,-0.06982421875,0.01025390625,0.029541015625,-0.06787109375,-0.0048828125,-0.052490234375,-0.08447265625,0.023193359375,-0.0029296875,-0.088134765625,0.005126953125,0.01611328125,0.01611328125,-0.081298828125,-0.009033203125,0.052490234375,-0.05517578125,-0.08740234375,-0.02587890625,-0.080810546875,0.0517578125,0.04833984375,-0.114990234375,-0.06005859375,0.0869140625,0.01318359375,0.01318359375,-0.092529296875,0.0087890625,0.05908203125,-0.048095703125,-0.0380859375,-0.022216796875,0.003173828125,0.02099609375,-0.0546875,-0.063232421875,0.048095703125,0.014404296875,-0.080078125,-0.080078125,0.02197265625,0.061767578125,-0.04736328125,-0.031005859375,-0.017578125,-0.030517578125,0.0673828125,0.0107421875,-0.134521484375,-0.010498046875,0.121826171875,-0.011962890625,-0.1064453125,-0.1064453125,0.0107421875,0.062744140625,-0.040771484375,-0.03662109375,-0.01708984375,0.022705078125,0.0205078125,-0.069091796875,-0.046142578125,0.045654296875,-0.01416015625,-0.075927734375,0.0390625,0.0390625,0.048583984375,-0.068115234375,-0.01318359375,0.025634765625,-0.03759765625,0.087890625,0.00732421875,-0.156005859375,-0.028564453125,0.089111328125,-0.025390625,-0.06787109375,-0.008056640625,-0.008056640625,-0.02294921875,-0.03466796875,0.0205078125,-0.076171875,0.04931640625,0.05224609375,-0.087646484375,-0.03955078125,0.018310546875,-0.055908203125,-0.012939453125,0.10009765625,-0.013427734375,-0.013427734375,-0.142333984375,0.022216796875,0.1064453125,-0.078857421875,0.023193359375,0.021484375,-0.034423828125,0.000732421875,-0.004638671875,-0.0390625,0.034423828125,0.035888671875,0.035888671875,-0.0634765625,-0.02734375,-0.0029296875,-0.031982421875,0.04345703125,0.002197265625,-0.060546875,0.040771484375,0.021240234375,-0.09912109375,-0.0107421875,-0.0107421875,0.131103515625,-0.000732421875,-0.164306640625,0.100341796875,-0.039306640625,-0.085693359375,0.010498046875,0.002685546875,-0.040771484375,0.000244140625,-0.004638671875,-0.058349609375,-0.058349609375,0.00390625,0.026611328125,-0.028564453125,0.010009765625,-0.037841796875,-0.009033203125,0.050048828125,-0.041015625,-0.091064453125,0.036865234375,0.014892578125,-0.09716796875,-0.09716796875,0.021728515625,-0.0810546875,-0.10986328125,0.063232421875,0.047119140625,-0.093017578125,-0.0185546875,0.057861328125,-0.045166015625,-0.05712890625,0.024169921875,0.024169921875,0.014892578125,-0.01416015625,-0.018310546875,-0.0537109375,0.04052734375,0.020751953125,-0.084716796875,-0.00146484375,0.073974609375,-0.03466796875,-0.064453125,0.031005859375,0.031005859375,-0.01318359375,0.055419921875,0.046142578125,-0.110595703125,-0.0390625,0.104248046875,0.008056640625,-0.113525390625,-0.004150390625,0.056396484375,-0.04931640625,-0.04931640625,-0.046142578125,-0.010498046875,0.018310546875,0.0263671875,-0.05322265625,-0.06005859375,0.038330078125,-0.005126953125,-0.077392578125,0.020263671875,0.0341796875,-0.06298828125,-0.0224609375,-0.0224609375,0.028076171875,-0.05224609375,0.0830078125,0.02392578125,-0.125244140625,-0.013427734375,0.082763671875,-0.023193359375,-0.05078125,0.02001953125,-0.020263671875,-0.07763671875,0.026123046875,0.026123046875,0.038330078125,-0.03125,0.055908203125,-0.025146484375,-0.07861328125,0.010009765625,0.025146484375,-0.037841796875,0.0029296875,0.00341796875,-0.05126953125,0.020263671875,0.0224609375,0.0224609375,-0.026123046875,0.1162109375,0.01416015625,-0.149169921875,0.0,0.115478515625,-0.035400390625,-0.088134765625,0.0234375,0.03662109375,-0.0244140625,-0.004150390625,-0.017822265625,-0.017822265625,0.038330078125,0.0341796875,-0.08935546875,-0.025146484375,0.05908203125,-0.00927734375,-0.02099609375,0.048583984375,-0.015869140625,-0.072998046875,0.04443359375,-0.00048828125,-0.122314453125,-0.122314453125,0.12451171875,-0.0673828125,-0.173583984375,0.01806640625,0.097900390625,-0.030517578125,-0.0498046875,-0.01953125,-0.031494140625,0.0224609375,0.01513671875,-0.088623046875,-0.088623046875,0.088134765625,0.010986328125,-0.130126953125,-0.01123046875,0.060546875,-0.029541015625,-0.023681640625,0.02490234375,-0.03662109375,-0.04541015625,0.051025390625,-0.013916015625,-0.101318359375,-0.101318359375,0.077392578125,-0.0966796875,-0.091064453125,0.079833984375,0.051025390625,-0.084716796875,-0.00634765625,0.0634765625,-0.0419921875,-0.03857421875,0.0302734375,-0.00537109375,-0.0341796875,0.023193359375,0.006103515625,-0.048583984375,0.007568359375,-0.01171875,-0.064453125,0.034423828125,0.05712890625,-0.0673828125,-0.045166015625,0.053466796875,-0.046630859375,-0.106201171875,0.084228515625,0.085205078125,-0.149658203125,-0.102294921875,0.11279296875,0.066650390625,-0.098876953125,-0.0419921875,0.04248046875,-0.026611328125,-0.0185546875,0.0078125,-0.03955078125,-0.00537109375,0.03759765625,-0.040771484375,-0.0712890625,0.013916015625,-0.01318359375,-0.066650390625,0.037353515625,0.031005859375,-0.0791015625,-0.009521484375,0.0400390625,-0.062255859375,-0.0419921875,0.092041015625,0.004638671875,-0.131103515625,0.019287109375,0.1044921875,-0.05029296875,-0.083740234375,0.03955078125,0.03271484375,-0.054931640625,-0.01123046875,0.010009765625,-0.032958984375,0.0185546875,0.011474609375,-0.0625,-0.0107421875,0.03662109375,-0.045166015625,-0.049072265625,0.0712890625,0.020263671875,-0.089599609375,0.01025390625,0.025146484375,-0.0732421875,0.006591796875,0.091552734375,-0.03955078125,-0.121337890625,0.04150390625,0.062255859375,-0.079833984375,-0.037109375,0.033935546875,-0.03515625,-0.049072265625,0.034423828125,-0.0068359375,-0.08642578125,0.015380859375,0.0478515625,-0.080078125,-0.056884765625,0.043212890625,0.010986328125,-0.031005859375,-0.001953125,-0.001953125,-0.06298828125,0.010986328125,0.007568359375,-0.058837890625,0.02734375,0.058349609375,-0.074462890625,-0.077880859375,0.081787109375,0.0322265625,-0.12646484375,0.080810546875,0.080810546875,-0.0322265625,-0.050537109375,0.019775390625,-0.0087890625,-0.03125,0.020751953125,-0.017578125,-0.078369140625,0.02978515625,0.0283203125,-0.065673828125,0.013671875,0.058349609375,-0.052001953125,-0.052001953125,0.050048828125,-0.0341796875,-0.0888671875,0.078857421875,0.06689453125,-0.128662109375,-0.072021484375,0.084716796875,0.00244140625,-0.096923828125,0.0263671875,0.05859375,-0.046875,-0.046875,0.047119140625,-0.001220703125,-0.0283203125,0.021728515625,-0.0009765625,-0.060302734375,0.005615234375,0.0185546875,-0.03955078125,0.009765625,0.01318359375,-0.064208984375,0.043701171875,0.043701171875,-0.03955078125,-0.059814453125,0.048583984375,0.001953125,-0.091552734375,0.024169921875,0.034912109375,-0.0888671875,-0.022216796875,0.097412109375,-0.02490234375,0.028076171875,0.083251953125,0.083251953125,-0.06982421875,-0.04638671875,0.06689453125,0.00048828125,-0.07421875,-0.005126953125,0.013916015625,-0.03369140625,0.01416015625,0.001708984375,-0.0703125,0.027587890625,-0.06982421875,-0.06982421875,-0.030517578125,0.076904296875,-0.0048828125,-0.075439453125,0.048095703125,0.014892578125,-0.10302734375,0.021240234375,0.10693359375,-0.072509765625,-0.1455078125,0.09814453125,-0.06494140625,-0.06494140625,-0.05712890625,0.0224609375,-0.021240234375,-0.025634765625,0.007568359375,-0.024658203125,-0.021484375,0.04541015625,-0.0234375,-0.09716796875,0.0341796875,-0.066162109375,0.001708984375,0.001708984375,0.061279296875,-0.0390625,-0.060791015625,0.033447265625,-0.02099609375,-0.0751953125,0.05322265625,0.04052734375,-0.108154296875,0.09326171875,-0.00146484375,-0.1044921875,-0.1044921875,-0.000732421875,0.036376953125,-0.028564453125,0.009033203125,-0.01171875,-0.063720703125,0.027099609375,0.0576171875,-0.076904296875,0.0732421875,0.000732421875,-0.1171875,-0.1171875,0.02978515625,0.09912109375,-0.083984375,-0.127685546875,0.035400390625,0.04931640625,-0.051513671875,-0.01806640625,-0.037841796875,0.008056640625,0.00732421875,0.00732421875,-0.067626953125,-0.02978515625,0.05419921875,-0.010498046875,-0.069091796875,0.02734375,0.001708984375,-0.071044921875,0.0693359375,-0.082763671875,-0.086669921875,0.07958984375,0.07958984375,0.06396484375,-0.05712890625,-0.009765625,0.007568359375,-0.051513671875,0.01708984375,0.03759765625,-0.064208984375,0.083251953125,0.010986328125,-0.103515625,-0.103515625,-0.001953125,0.019775390625,-0.0576171875,0.0146484375,0.052978515625,-0.0703125,-0.078125,0.07568359375,-0.10986328125,-0.006591796875,0.052978515625,-0.05224609375,-0.05224609375,-0.031982421875,0.042724609375,-0.02685546875,-0.069580078125,0.0478515625,0.0400390625,-0.096435546875,-0.039306640625,-0.011962890625,-0.015869140625,0.004150390625,-0.049072265625,-0.049072265625,-0.0498046875,0.041748046875,-0.018310546875,-0.075927734375,0.053955078125,0.03955078125,-0.10107421875,0.04638671875,-0.048583984375,-0.046142578125,0.110595703125,0.036865234375,0.036865234375,-0.157470703125,-0.037109375,0.11376953125,0.013427734375,-0.076904296875,-0.001708984375,0.02490234375,-0.02685546875,0.004638671875,-0.071533203125,-0.00244140625,0.044189453125,-0.05126953125,-0.05126953125,-0.051025390625,0.0390625,-0.00244140625,-0.0498046875,0.03662109375,0.00830078125,-0.088134765625,-0.001220703125,-0.072509765625,-0.02099609375,0.095947265625,-0.018310546875,-0.134765625,-0.134765625,0.020263671875,0.06103515625,-0.075927734375,-0.041259765625,0.05517578125,-0.007080078125,-0.055419921875,0.00341796875,-0.064453125,0.053955078125,0.037841796875,-0.09912109375,-0.0283203125,0.04833984375,0.04833984375,-0.045166015625,-0.0439453125,0.076904296875,-0.001953125,-0.12646484375,0.018310546875,0.087646484375,-0.05810546875,0.063232421875,0.004638671875,-0.093017578125,-0.0029296875,0.041259765625,0.041259765625,-0.026123046875,0.011474609375,0.000732421875,-0.078125,-0.006591796875,0.056640625,-0.04150390625,0.060791015625,0.0234375,-0.089111328125,0.001953125,0.02197265625,-0.07373046875,-0.07373046875,-0.00390625,0.0908203125,-0.037109375,-0.1328125,0.045166015625,0.10791015625,-0.092041015625,0.034912109375,0.025146484375,-0.037353515625,-0.006103515625,-0.001220703125,-0.0390625,-0.0390625,0.028564453125,0.0224609375,-0.083984375,-0.03369140625,0.040283203125,-0.01953125,0.02734375,0.009521484375,-0.0322265625,0.011474609375,-0.031005859375,-0.064208984375,0.0703125,0.0703125,0.066650390625,-0.113037109375,-0.0986328125,0.078125,0.03515625,-0.012451171875,0.02783203125,-0.048828125,-0.01171875,0.023193359375,-0.04736328125,-0.04736328125,-0.04443359375,0.052978515625,0.00537109375,-0.10791015625,-0.014404296875,-0.0234375,-0.014892578125,-0.001220703125,-0.0517578125,-0.02685546875,0.048095703125,-0.0263671875,-0.0263671875,-0.083740234375,0.05810546875,0.060302734375,-0.087890625,-0.041015625,-0.021728515625,-0.0224609375,0.0693359375,-0.0009765625,-0.099365234375,0.04150390625,0.07958984375,0.07958984375,-0.063232421875,-0.04541015625,0.056884765625,0.006103515625,0.02294921875,0.005859375,-0.060546875,0.030029296875,0.03515625,-0.095458984375,-0.0595703125,-0.0595703125,0.050537109375,-0.01123046875,-0.072509765625,0.010986328125,-0.00732421875,0.018798828125,-0.016357421875,-0.108154296875,0.022705078125,0.11572265625,-0.056396484375,-0.15283203125,-0.15283203125,0.038818359375,0.070068359375,-0.078369140625,-0.02587890625,-0.038330078125,-0.061767578125,0.02734375,0.01171875,-0.052978515625,0.02099609375,0.032958984375,0.032958984375,-0.065185546875,-0.019287109375,0.0361328125,-0.008544921875,-0.010009765625,-0.02685546875,-0.048095703125,0.063232421875,0.01123046875,-0.083984375,0.029052734375,0.058349609375,-0.075439453125,-0.075439453125,-0.05322265625,0.05126953125,-0.0390625,-0.098388671875,0.081787109375,-0.13818359375,-0.096923828125,0.093994140625,0.046630859375,-0.107421875,-0.03515625,0.058349609375,0.058349609375,-0.0244140625,-0.03173828125,-0.026611328125,-0.056640625,0.044921875,-0.05078125,-0.07080078125,0.049072265625,0.012939453125,-0.078125,0.019775390625,0.01953125,-0.081298828125,-0.081298828125,0.005126953125,0.05615234375,-0.070556640625,-0.053466796875,0.026611328125,-0.16259765625,-0.010986328125,0.109130859375,-0.010009765625,-0.04833984375,0.01806640625,-0.01171875,-0.038818359375,-0.038818359375,0.033447265625,-0.0302734375,-0.088134765625,0.0634765625,-0.09716796875,-0.05712890625,0.041259765625,-0.041015625,-0.081298828125,0.053955078125,0.0166015625,-0.12646484375,-0.0078125,-0.0078125,0.1015625,-0.02685546875,-0.1123046875,0.0439453125,-0.056884765625,-0.024169921875,0.009765625,-0.038818359375,0.00146484375,0.024658203125,-0.048828125,-0.056884765625,0.031005859375,0.031005859375,0.005859375,-0.0576171875,0.02490234375,-0.052001953125,-0.0009765625,0.00146484375,-0.0673828125,0.00146484375,0.108154296875,-0.005859375,-0.14599609375,0.01025390625,0.01025390625,0.1064453125,-0.017822265625,-0.052978515625,0.00634765625,-0.00390625,0.0234375,-0.039794921875,-0.06787109375,0.061279296875,0.0322265625,-0.100830078125,-0.025390625,0.06103515625,0.06103515625,-0.013427734375,-0.045654296875,0.022705078125,-0.0771484375,0.04931640625,0.004150390625,-0.1220703125,0.0068359375,0.11376953125,-0.05419921875,-0.16259765625,0.040771484375,0.103271484375,0.103271484375,-0.081298828125,-0.07763671875,0.03466796875,-0.031982421875,-0.008544921875,-0.03173828125,-0.042724609375,0.047607421875,0.01708984375,-0.089599609375,0.00634765625,0.045166015625,-0.04248046875,-0.04248046875,-0.01318359375,-0.03759765625,-0.0458984375,0.059326171875,-0.035400390625,-0.107421875,0.079345703125,0.093994140625,-0.112060546875,-0.097412109375,0.080078125,0.080078125,0.039794921875,-0.073486328125,0.0146484375,-0.07373046875,0.0029296875,0.032958984375,-0.052490234375,-0.0146484375,0.07177734375,-0.027099609375,-0.117431640625,0.029296875,0.029296875,0.044921875,-0.015625,0.03076171875,-0.031005859375,-0.019775390625,0.02880859375,-0.047119140625,-0.068115234375,0.07666015625,0.041015625,-0.13525390625,-0.13525390625,-0.052001953125,0.031494140625,-0.089599609375,-0.019775390625,0.0341796875,-0.028564453125,-0.00390625,-0.0087890625,-0.049560546875,0.02197265625,0.04931640625,-0.06396484375,-0.06396484375,-0.077392578125,0.008544921875,-0.089599609375,0.02294921875,0.04541015625,-0.059326171875,-0.015869140625,0.005859375,-0.0791015625,-0.043212890625,0.095703125,0.002197265625,0.002197265625,0.00341796875,0.10498046875,-0.0517578125,-0.093994140625,0.03369140625,0.0263671875,-0.078125,-0.016845703125,0.017578125,-0.031982421875,0.024658203125,0.024658203125,-0.08935546875,-0.0224609375,0.061279296875,-0.025390625,-0.069091796875,0.0537109375,0.02392578125,-0.08154296875,0.006103515625,0.016357421875,-0.059326171875,0.02685546875,0.02685546875,-0.042724609375,-0.1103515625,0.076416015625,0.078125,-0.11083984375,-0.052734375,0.0693359375,0.000244140625,-0.06005859375,-0.003173828125,-0.001220703125,-0.04052734375,0.021484375,0.021484375,-0.08984375,0.01318359375,0.05078125,-0.051025390625,-0.051025390625,0.019287109375,-0.01806640625,-0.052001953125,0.020751953125,-0.05517578125,-0.114013671875,0.075927734375,0.12109375,0.12109375,-0.15673828125,0.0634765625,0.1015625,-0.088134765625,-0.078857421875,0.035400390625,0.01416015625,-0.023681640625,-0.029541015625,-0.031494140625,0.011474609375,0.05322265625,-0.0302734375,-0.0791015625,0.04541015625,0.01953125,-0.083984375,0.018310546875,0.07275390625,-0.059814453125,-0.091796875,0.06689453125,0.056396484375,-0.07958984375,-0.010986328125,0.045166015625,-0.0380859375,-0.0380859375,0.02001953125,0.000732421875,-0.035888671875,0.024169921875,-0.00390625,-0.07861328125,0.012451171875,0.0166015625,-0.072265625,-0.003662109375,0.050537109375,-0.047119140625,-0.065185546875,0.052978515625,-0.0244140625,-0.1181640625,0.05908203125,0.108154296875,-0.093505859375,-0.109619140625,0.068115234375,0.054443359375,-0.073974609375,-0.026123046875,0.013916015625,-0.03564453125,0.028076171875,0.0146484375,-0.0732421875,-0.002197265625,0.08935546875,-0.022705078125,-0.124267578125,0.01611328125,0.045166015625,-0.040283203125,0.01611328125,0.005615234375,-0.06591796875,0.010009765625,0.050048828125,-0.087890625,-0.081298828125,0.11572265625,0.04052734375,-0.15771484375,-0.03466796875,0.07958984375,-0.023193359375,-0.059814453125,0.01513671875,-0.01318359375,-0.071044921875,0.033447265625,0.018798828125,-0.100830078125,-0.02978515625,0.066650390625,-0.014892578125,-0.086181640625,0.01513671875,0.042236328125,-0.028564453125,0.010986328125,-0.001708984375,-0.062255859375,0.01513671875,0.032470703125,-0.0693359375,-0.050048828125,0.0712890625,0.0087890625,-0.08935546875,0.025146484375,0.015380859375,-0.082763671875,0.0244140625,0.10107421875,-0.0400390625,0.04833984375,0.04833984375,0.054443359375,-0.07470703125,-0.008056640625,0.04248046875,-0.040283203125,-0.02099609375,0.02685546875,-0.03515625,-0.05078125,0.052490234375,-0.1083984375,-0.1083984375,-0.001220703125,0.02734375,-0.0615234375,-0.01318359375,0.03271484375,-0.05908203125,-0.070068359375,0.060791015625,-0.01025390625,-0.120361328125,0.0517578125,-0.095703125,-0.095703125,-0.134521484375,0.060302734375,0.078369140625,-0.087646484375,-0.056640625,0.030029296875,-0.01611328125,-0.0166015625,-0.017333984375,-0.039794921875,0.04541015625,0.04541015625,-0.0390625,-0.0673828125,0.05810546875,0.0107421875,-0.0908203125,0.01904296875,0.04345703125,-0.052978515625,-0.003173828125,0.064697265625,-0.0947265625,0.099609375,0.099609375,0.072265625,-0.1455078125,-0.072265625,0.1005859375,0.030517578125,-0.098388671875,-0.022705078125,0.0478515625,-0.03759765625,-0.0263671875,-0.042724609375,-0.042724609375,0.0126953125,0.042724609375,-0.038330078125,-0.07373046875,-0.001953125,-0.016357421875,-0.037353515625,0.05908203125,0.002685546875,-0.115234375,0.00048828125,0.093017578125,-0.033935546875,0.029052734375,0.02880859375,0.02880859375,-0.0751953125,-0.001708984375,0.021240234375,-0.046875,0.013671875,0.039306640625,-0.0625,-0.0615234375,0.06787109375,0.005859375,-0.09130859375,0.04638671875,-0.08935546875,-0.07177734375,0.0712890625,0.0712890625,0.017822265625,-0.095458984375,0.00439453125,0.052734375,-0.059326171875,-0.02392578125,0.0234375,-0.037353515625,-0.021728515625,0.03173828125,-0.0244140625,-0.061767578125,-0.001953125,-0.07958984375,0.035400390625,0.035400390625,0.038330078125,-0.087158203125,-0.026611328125,0.0595703125,-0.057861328125,-0.077880859375,0.097412109375,0.034423828125,-0.156494140625,-0.035400390625,0.086181640625,-0.062744140625,0.021484375,0.0068359375,-0.065673828125,-0.065673828125,0.01171875,0.006591796875,-0.058837890625,0.03857421875,0.05419921875,-0.070556640625,-0.054443359375,0.068359375,0.003662109375,-0.079345703125,0.0400390625,-0.09228515625,-0.0107421875,0.0634765625,-0.025146484375,-0.025146484375,-0.048095703125,0.02392578125,-0.009765625,-0.048583984375,0.043212890625,-0.02001953125,-0.104736328125,0.046630859375,0.09716796875,-0.090576171875,-0.125,0.052734375,-0.09619140625,-0.0107421875,0.048583984375,0.048583984375,-0.051025390625,-0.03564453125,0.007080078125,-0.04443359375,-0.027099609375,0.069580078125,-0.0087890625,-0.095947265625,0.0439453125,0.02392578125,-0.017333984375,0.122314453125,-0.01806640625,-0.1552734375,-0.1552734375,0.025390625,0.111083984375,-0.056396484375,-0.06005859375,0.035888671875,-0.00634765625,-0.035888671875,0.012451171875,-0.037353515625,0.026611328125,-0.004638671875,-0.09130859375,-0.09130859375,0.010498046875,0.040771484375,-0.054443359375,-0.015380859375,0.054443359375,-0.039306640625,-0.07958984375,0.0029296875,-0.128173828125,0.0283203125,0.114501953125,0.114501953125,-0.073974609375,-0.12939453125,0.064697265625,0.091796875,-0.0927734375,-0.06689453125,0.043701171875,-0.0029296875,0.000244140625,-0.041015625,-0.0400390625,0.02099609375,0.02099609375,-0.01220703125,-0.06884765625,0.021728515625,0.010986328125,-0.06201171875,0.033203125,0.0400390625,-0.0302734375,0.06005859375,-0.03955078125,-0.095703125,-0.095703125,0.0927734375,0.08984375,-0.13525390625,-0.089599609375,0.099365234375,0.046630859375,-0.0986328125,0.05615234375,-0.036865234375,-0.02880859375,0.004150390625,-0.046875,-0.046875,-0.00634765625,0.0546875,-0.02197265625,-0.096923828125,0.011962890625,0.038818359375,-0.00439453125,0.010009765625,-0.046875,0.010498046875,0.029296875,-0.06640625,-0.06640625,-0.047607421875,0.093994140625,0.0048828125,-0.164306640625,-0.019287109375,0.0947265625,-0.065185546875,-0.011962890625,-0.001708984375,-0.001953125,0.0361328125,0.0361328125,-0.05859375,-0.095947265625,0.094482421875,0.09375,-0.128173828125,-0.1083984375,0.0498046875,-0.087646484375,-0.027099609375,0.015380859375,-0.017333984375,0.0390625,0.0390625,-0.025146484375,-0.114013671875,0.024658203125,0.126953125,-0.0546875,-0.1767578125,0.03466796875,-0.046875,-0.039794921875,0.000732421875,-0.0361328125,0.0,0.043701171875,0.043701171875,-0.057373046875,-0.0654296875,0.110107421875,0.05224609375,-0.129150390625,-0.03173828125,-0.041015625,-0.027587890625,0.07958984375,0.0029296875,-0.13037109375,0.006591796875,0.076904296875,0.076904296875,-0.044921875,-0.050537109375,0.000244140625,-0.015625,-0.007080078125,0.029296875,-0.07373046875,0.06689453125,0.020263671875,-0.126220703125,-0.015869140625,0.081787109375,-0.02978515625,-0.06884765625,-0.06884765625,0.042724609375,0.010498046875,-0.0771484375,0.01611328125,-0.001953125,-0.07958984375,0.0888671875,-0.079345703125,-0.123779296875,0.077880859375,0.072021484375,-0.10986328125,-0.03564453125,-0.03564453125,0.090576171875,0.003173828125,-0.0673828125,-0.005126953125,0.010009765625,-0.038818359375,0.007568359375,-0.06982421875,0.00927734375,0.02734375,-0.0517578125,-0.005126953125,0.043212890625,0.043212890625,-0.041259765625,-0.060546875,0.05859375,-0.0078125,-0.108642578125,0.100341796875,-0.108154296875,-0.12451171875,0.076171875,0.072509765625,-0.0869140625,-0.03955078125,0.015380859375,0.015380859375,-0.047607421875,0.000244140625,0.014892578125,-0.061279296875,-0.02197265625,-0.023681640625,-0.10107421875,0.032470703125,0.02880859375,-0.08447265625,-0.00341796875,0.04052734375,0.04052734375,-0.04931640625,-0.0322265625,0.048095703125,-0.03271484375,0.064697265625,0.061279296875,-0.12255859375,-0.053955078125,0.10302734375,0.033447265625,-0.09423828125,-0.019775390625,-0.019775390625,0.05126953125,-0.034423828125,-0.02880859375,-0.01025390625,0.030029296875,0.036865234375,-0.056884765625,-0.060546875,0.046142578125,-0.004150390625,-0.074462890625,-0.074462890625,0.041015625,0.0263671875,-0.07421875,0.007568359375,-0.088623046875,-0.054931640625,0.109619140625,0.021484375,-0.166748046875,-0.023193359375,0.107421875,-0.013671875,-0.013671875,-0.083251953125,-0.02880859375,-0.003173828125,-0.027099609375,-0.001953125,-0.085693359375,0.028564453125,0.07421875,-0.074951171875,-0.099609375,0.040283203125,0.049560546875,0.049560546875,-0.05517578125,-0.010009765625,0.022216796875,0.006591796875,-0.002685546875,-0.079833984375,0.005615234375,0.0947265625,-0.023193359375,-0.115478515625,0.04541015625,0.04541015625,0.052734375,-0.08837890625,-0.0263671875,-0.015380859375,-0.08203125,0.057861328125,0.10205078125,-0.055419921875,-0.1259765625,0.016845703125,0.103515625,-0.063232421875,-0.063232421875,-0.11376953125,0.057373046875,0.0751953125,-0.062255859375,0.017578125,-0.051513671875,-0.07666015625,0.05859375,0.05908203125,-0.1083984375,-0.05078125,-0.05078125,0.102294921875,-0.0078125,-0.138427734375,0.121337890625,0.01416015625,-0.101318359375,-0.011962890625,0.09912109375,0.01953125,-0.13427734375,-0.06640625,0.10009765625,-0.001708984375,-0.001708984375,-0.128662109375,-0.035400390625,0.028564453125,0.00244140625,0.025390625,-0.12646484375,-0.041015625,0.15966796875,0.018310546875,-0.19091796875,0.031494140625,0.193359375,-0.096435546875,-0.096435546875,-0.15087890625,0.094482421875,-0.11669921875,0.0068359375,0.056396484375,-0.139404296875,-0.059326171875,0.12890625,-0.082275390625,-0.1640625,0.087158203125,0.0791015625,-0.142333984375,-0.142333984375,-0.0546875,0.1220703125,-0.04150390625,0.085693359375,-0.018798828125,-0.054443359375,0.091796875,0.012451171875,-0.145751953125,0.029541015625,0.140380859375,-0.10107421875,-0.103759765625,-0.103759765625,0.1142578125,-0.022705078125,0.0595703125,0.09375,-0.114501953125,-0.06494140625,0.11865234375,-0.003173828125,-0.0556640625,0.07861328125,-0.001220703125,-0.099609375,0.028076171875,0.028076171875,0.06787109375,-0.00048828125,0.073974609375,-0.09814453125,-0.092529296875,0.0634765625,-0.057373046875,-0.135498046875,0.048828125,0.038330078125,-0.149658203125,-0.02978515625,0.1064453125,0.1064453125,-0.121826171875,-0.127197265625,0.027587890625,-0.140869140625,0.014404296875,0.110107421875,-0.08154296875,-0.075927734375,0.079345703125,-0.048828125,-0.102294921875,0.06201171875,0.016845703125,0.016845703125,-0.106689453125,0.075927734375,-0.125732421875,-0.083984375,0.11865234375,-0.006103515625,-0.087890625,0.069580078125,0.05078125,-0.06201171875,0.035400390625,0.082763671875,-0.10546875,-0.03076171875,0.194580078125,0.194580078125,-0.157470703125,0.021484375,0.10546875,-0.05712890625,-0.05126953125,0.046142578125,-0.0625,-0.05126953125,0.0751953125,-0.053466796875,-0.112060546875,-0.112060546875,0.0703125,-0.142578125,-0.046875,0.128662109375,-0.025146484375,-0.08740234375,0.054931640625,-0.02685546875,-0.1142578125,0.03271484375,0.068359375,-0.1103515625,-0.1103515625,0.103271484375,-0.05224609375,-0.1494140625,0.04345703125,0.054931640625,-0.08935546875,-0.035400390625,0.05078125,-0.0390625,-0.044189453125,0.0537109375,-0.043212890625,-0.043212890625,0.083984375,-0.000732421875,-0.086181640625,0.052001953125,0.077880859375,-0.115478515625,-0.04931640625,0.146240234375,-0.022216796875,-0.15283203125,0.029052734375,0.029052734375,-0.054443359375,-0.00341796875,0.04443359375,-0.08056640625,-0.0458984375,0.09130859375,-0.03564453125,-0.06494140625,0.096435546875,0.01513671875,-0.11669921875,0.007568359375,0.007568359375,-0.085205078125,-0.025390625,0.104248046875,-0.078125,-0.102783203125,0.095703125,0.003662109375,-0.157958984375,0.027099609375,0.123779296875,-0.125244140625,-0.1181640625,0.122802734375,0.007568359375,-0.103515625,0.055419921875,0.03857421875,-0.118896484375,-0.009521484375,0.122314453125,-0.06494140625,-0.08447265625,0.101806640625,-0.00146484375,-0.121826171875,0.0146484375,0.04931640625,-0.072021484375,-0.000244140625,0.07177734375,-0.1103515625,-0.08544921875,0.119384765625,-0.01025390625,-0.13330078125,0.033935546875,0.07080078125,-0.06884765625,-0.009521484375,0.072998046875,-0.10302734375,-0.064208984375,0.1591796875,0.015625,-0.185791015625,-0.01318359375,0.133544921875,-0.051025390625,-0.097900390625,0.057373046875,-0.009033203125,-0.07958984375,0.015869140625,-0.01611328125,-0.049072265625,0.063232421875,0.033203125,-0.126708984375,-0.027099609375,0.11572265625,-0.058837890625,-0.071044921875,0.10546875,-0.001708984375,-0.10400390625,0.058837890625,0.06982421875,-0.129150390625,-0.02001953125,0.155029296875,-0.074951171875,-0.16455078125,0.094482421875,0.0927734375,-0.12158203125,-0.050048828125,0.09326171875,-0.04052734375,-0.078857421875,0.06103515625,-0.008056640625,-0.053955078125,0.052490234375,-0.00439453125,-0.095703125,0.025390625,0.070068359375,-0.1083984375,-0.052001953125,0.1015625,-0.064208984375,-0.106689453125,0.08251953125,0.003173828125,-0.1591796875,0.024658203125,0.13818359375,-0.125,-0.14013671875,0.122802734375,0.02490234375,-0.138916015625,0.024658203125,0.0869140625,-0.087646484375,-0.065185546875,0.0830078125,-0.032958984375,-0.064453125,0.083251953125,-0.00830078125,-0.10205078125,0.03173828125,0.0439453125,-0.091064453125,0.003662109375,0.082275390625,-0.11376953125,-0.07666015625,-0.006103515625,-0.006103515625,-0.153076171875,0.064208984375,0.125,-0.11767578125,-0.091796875,0.123779296875,0.01025390625,-0.06884765625,0.066162109375,-0.010986328125,-0.104248046875,0.0361328125,-0.103515625,-0.103515625,-0.029541015625,0.1005859375,-0.0751953125,-0.0927734375,0.077880859375,-0.028076171875,-0.120849609375,0.05224609375,0.054443359375,-0.122802734375,-0.0048828125,-0.111572265625,-0.111572265625,-0.133544921875,0.132568359375,0.053955078125,-0.16796875,-0.053466796875,0.107666015625,-0.025390625,-0.05126953125,0.05029296875,-0.0654296875,0.066162109375,0.066162109375,0.000732421875,-0.119384765625,0.02880859375,0.09814453125,-0.097412109375,-0.08154296875,0.0849609375,-0.03125,-0.06396484375,0.0927734375,-0.111328125,0.04150390625,0.04150390625,0.103271484375,-0.1279296875,-0.064453125,0.156982421875,-0.033935546875,-0.173095703125,0.046630859375,0.09765625,-0.089599609375,0.08203125,-0.084228515625,-0.084228515625,-0.08056640625,0.10595703125,-0.0166015625,-0.109375,0.078857421875,0.07568359375,-0.13134765625,-0.0458984375,0.129638671875,-0.03759765625,0.070556640625,-0.011474609375,-0.011474609375,-0.076416015625,0.0673828125,0.0283203125,-0.16162109375,-0.01171875,0.17431640625,-0.0625,-0.16796875,0.052978515625,-0.066162109375,0.010498046875,0.021728515625,0.021728515625,-0.102294921875,-0.01220703125,0.12109375,-0.072998046875,-0.12353515625,0.09033203125,0.0517578125,-0.11865234375,-0.056640625,-0.02978515625,0.006103515625,0.006103515625,0.053955078125,-0.120361328125,-0.10595703125,0.114501953125,0.030517578125,-0.141357421875,-0.00830078125,0.09521484375,-0.05126953125,0.0693359375,-0.065673828125,-0.075927734375,-0.075927734375,0.1259765625,0.048583984375,-0.16552734375,-0.04150390625,0.162109375,-0.014404296875,-0.13037109375,0.04541015625,0.02734375,-0.08251953125,0.043701171875,-0.064208984375,-0.0166015625,-0.0166015625,0.079833984375,-0.05322265625,-0.07861328125,0.080322265625,0.013427734375,-0.078857421875,0.023681640625,0.022216796875,-0.077392578125,0.007568359375,-0.106201171875,-0.056396484375,0.144775390625,0.144775390625,-0.034912109375,-0.195068359375,0.026611328125,0.11669921875,-0.097900390625,-0.07763671875,0.107666015625,-0.018798828125,-0.104248046875,0.007568359375,-0.072021484375,0.044677734375,0.052490234375,0.052490234375,-0.1015625,-0.037353515625,0.09814453125,-0.051025390625,-0.061767578125,0.0791015625,-0.056396484375,-0.114013671875,0.08056640625,-0.146240234375,-0.009765625,0.140380859375,-0.100341796875,-0.100341796875,-0.13671875,0.107421875,0.0458984375,-0.093994140625,0.03515625,0.06005859375,-0.102783203125,-0.0283203125,0.10546875,-0.07080078125,0.1123046875,0.00244140625,-0.136962890625,-0.136962890625,0.021728515625,0.1015625,-0.08837890625,-0.072021484375,0.069580078125,-0.04150390625,-0.05908203125,0.076904296875,-0.1533203125,0.04638671875,0.139404296875,-0.11962890625,-0.147216796875,-0.147216796875,0.103515625,0.048583984375,-0.07861328125,0.010009765625,0.009765625,-0.0849609375,-0.004150390625,0.064453125,-0.04345703125,0.13623046875,-0.01953125,-0.1552734375,0.02490234375,0.02490234375,0.094482421875,-0.049072265625,-0.03076171875,0.0400390625,-0.064697265625,-0.02685546875,0.099365234375,-0.07177734375,-0.14111328125,0.10791015625,0.122802734375,-0.144287109375,-0.119384765625,0.1201171875,0.033935546875,-0.083984375,0.00439453125,-0.0791015625,0.04443359375,0.038818359375,-0.109375,-0.01318359375,0.0986328125,-0.0908203125,-0.099853515625,0.085693359375,-0.021240234375,-0.1015625,0.067138671875,0.033935546875,0.033935546875,-0.13427734375,0.015625,0.129150390625,-0.124755859375,-0.1044921875,0.16162109375,0.01708984375,-0.18701171875,0.01171875,0.130615234375,-0.08447265625,-0.069580078125,0.118896484375,-0.018798828125,-0.118896484375,0.04296875,-0.068359375,0.016357421875,0.046630859375,-0.087646484375,-0.021728515625,0.091552734375,-0.063720703125,-0.0556640625,0.107421875,-0.009033203125,-0.1220703125,0.04443359375,0.068359375,-0.1279296875,-0.1279296875,-0.01904296875,0.145751953125,-0.077880859375,-0.15478515625,0.07568359375,0.051513671875,-0.107666015625,0.002685546875,0.07177734375,-0.11376953125,-0.07568359375,0.10400390625,-0.0380859375,-0.110595703125,0.062744140625,0.02978515625,-0.004150390625,0.08203125,-0.09130859375,-0.05810546875,0.09765625,-0.05126953125,-0.099609375,0.087890625,0.028076171875,-0.14697265625,0.0107421875,0.146728515625,-0.099609375,-0.14111328125,0.11572265625,0.11572265625,0.05078125,-0.129150390625,0.0048828125,0.0986328125,-0.077392578125,-0.084228515625,0.075927734375,-0.013916015625,-0.04736328125,0.079833984375,-0.0087890625,-0.08642578125,0.04296875,0.037841796875,-0.10888671875,0.10693359375,-0.09765625,-0.087646484375,0.12109375,-0.015625,-0.160400390625,0.056396484375,0.118408203125,-0.131103515625,-0.099853515625,0.11962890625,0.001708984375,-0.073974609375,0.0517578125,-0.040283203125,-0.040283203125,-0.118408203125,0.05517578125,0.0703125,-0.1328125,-0.03515625,0.140380859375,-0.06494140625,-0.14990234375,0.060302734375,0.04296875,-0.09814453125,0.00341796875,0.07275390625,-0.059326171875,0.106201171875,-0.037109375,-0.135498046875,0.042724609375,0.06884765625,-0.086181640625,-0.03955078125,0.091796875,-0.036376953125,-0.07763671875,0.062255859375,0.00146484375,-0.080078125,0.0205078125,0.033203125,-0.05810546875,0.0029296875,0.0029296875,0.051025390625,-0.08447265625,-0.04443359375,0.091064453125,-0.059326171875,-0.0908203125,0.120849609375,0.06787109375,-0.161376953125,-0.06103515625,0.120361328125,-0.083740234375,0.08837890625,-0.017333984375,-0.124267578125,0.0498046875,0.076416015625,-0.114990234375,-0.039794921875,0.12109375,-0.045166015625,-0.1064453125,0.072021484375,0.013427734375,-0.0693359375,0.044189453125,0.008056640625,-0.129150390625,0.01708984375,0.126708984375,0.126708984375,-0.114990234375,-0.0947265625,0.136962890625,-0.005859375,-0.1689453125,0.0087890625,0.080810546875,-0.076171875,-0.008544921875,0.08203125,-0.090087890625,0.115234375,-0.01171875,-0.139892578125,0.029052734375,0.075439453125,-0.0849609375,-0.01953125,0.075927734375,-0.114013671875,-0.078857421875,0.154541015625,0.030517578125,-0.175537109375,-0.023681640625,0.11181640625,-0.04443359375,-0.062255859375,0.044677734375,-0.052490234375,-0.052490234375,-0.052490234375,0.083740234375,-0.005126953125,-0.088623046875,0.065185546875,0.077880859375,-0.122314453125,-0.056884765625,0.092041015625,-0.044189453125,0.099609375,-0.026123046875,-0.1357421875,0.064208984375,0.103271484375,-0.15185546875,-0.071533203125,0.169921875,-0.00048828125,-0.159423828125,0.006591796875,0.064697265625,-0.052490234375,-0.009765625,0.038818359375,-0.0908203125,-0.025634765625,0.114501953125,-0.052001953125,-0.112548828125,0.0712890625,0.0712890625,0.044677734375,-0.00634765625,0.0791015625,0.0791015625,-0.0927734375,-0.039794921875,0.10302734375,-0.076171875,-0.120849609375,0.100341796875,0.039794921875,0.012939453125,0.160888671875,-0.102783203125,-0.14794921875,0.10888671875,0.04150390625,-0.130859375,0.014892578125,0.10693359375,-0.077880859375,-0.081787109375,0.067626953125,-0.03125,-0.05419921875,0.062255859375,-0.03564453125,-0.096435546875,0.0576171875,0.048828125,-0.11962890625,-0.013427734375,0.099365234375,0.099365234375,-0.095458984375,-0.082763671875,0.123779296875,0.000732421875,-0.13623046875,0.110595703125,-0.130859375,-0.097900390625,0.120361328125,0.009521484375,-0.072509765625,0.0517578125,-0.00390625,-0.108642578125,0.01123046875,0.063720703125,-0.090087890625,-0.029541015625,0.11181640625,-0.04150390625,-0.112548828125,0.055908203125,0.04150390625,-0.081298828125,0.000244140625,0.0517578125,-0.06103515625,-0.004150390625,0.08984375,-0.08984375,-0.08984375,-0.109130859375,0.108642578125,0.05712890625,-0.147216796875,-0.04296875,-0.026611328125,-0.09619140625,0.049560546875,0.00537109375,-0.093505859375,-0.009765625,0.01953125,-0.046630859375,0.022705078125,0.0556640625,-0.105224609375,-0.083251953125,0.077392578125,-0.023193359375,-0.076904296875,0.06201171875,0.02685546875,-0.0986328125,0.001953125,0.07861328125,-0.1064453125,-0.072509765625,0.129150390625,-0.019775390625,-0.019775390625,-0.18115234375,0.02685546875,0.126708984375,-0.082275390625,0.086669921875,-0.015380859375,-0.091552734375,0.0361328125,0.009521484375,-0.037353515625,0.05908203125,0.018310546875,-0.11865234375,0.001953125,0.12353515625,-0.067626953125,-0.075927734375,0.1015625,-0.001708984375,-0.101806640625,0.048828125,0.0380859375,-0.133056640625,0.01025390625,0.16455078125,-0.077880859375,-0.161865234375,0.093994140625,0.075927734375,-0.125732421875,-0.125732421875,-0.02783203125,0.102294921875,-0.079833984375,0.03515625,-0.038330078125,-0.04345703125,0.06787109375,-0.0283203125,-0.12744140625,0.02490234375,0.074462890625,-0.105712890625,-0.056640625,0.079833984375,-0.064697265625,-0.09228515625,0.076416015625,-0.008056640625,-0.130126953125,0.052734375,0.1171875,-0.127685546875,-0.113525390625,0.10400390625,0.01123046875,-0.083984375,0.052978515625,0.03369140625,-0.09814453125,0.007568359375,0.007568359375,0.0888671875,-0.046875,0.1025390625,-0.03369140625,-0.093505859375,0.080322265625,0.031494140625,-0.12353515625,0.012451171875,0.089111328125,-0.103271484375,-0.046630859375,0.138671875,-0.04296875,-0.150390625,0.09375,0.115966796875,-0.1494140625,-0.0966796875,0.133544921875,0.00634765625,-0.10791015625,0.0439453125,0.026611328125,-0.1103515625,-0.021728515625,0.056396484375,-0.075927734375,-0.04931640625,0.07763671875,-0.037109375,-0.089599609375,0.033447265625,-0.019287109375,-0.0771484375,0.05615234375,0.02685546875,-0.12841796875,0.004638671875,0.133544921875,-0.093017578125,-0.111083984375,0.130859375,0.036865234375,-0.14990234375,-0.009521484375,0.094482421875,-0.055908203125,-0.028564453125,0.0751953125,-0.083251953125,-0.0966796875,0.09228515625,0.013671875,-0.110595703125,0.043701171875,0.085693359375,-0.107666015625,-0.057373046875,0.107177734375,-0.03662109375,-0.09814453125,0.05908203125,0.02197265625,-0.08642578125,0.0283203125,0.06494140625,-0.12451171875,-0.055419921875,0.140380859375,-0.010009765625,-0.159423828125,-0.004638671875,0.069580078125,-0.037353515625,-0.018798828125,0.012451171875,-0.088623046875,-0.030517578125,0.08740234375,-0.054931640625,-0.097900390625,0.078369140625,0.0556640625,-0.0947265625,-0.020263671875,0.06640625,-0.059326171875,0.098876953125,0.098876953125,-0.076416015625,-0.11572265625,0.101806640625,0.05908203125,-0.1591796875,-0.025146484375,0.15283203125,-0.054931640625,-0.1572265625,0.042236328125,0.041259765625,-0.052734375,0.03466796875,0.029052734375,-0.120361328125,-0.035888671875,0.1298828125,-0.04296875,-0.12646484375,0.06640625,0.05126953125,-0.097412109375,-0.025634765625,0.037841796875,-0.06298828125,-0.005615234375,0.07421875,-0.1064453125,-0.1181640625,0.039794921875,-0.135009765625,-0.135009765625,-0.017578125,0.0712890625,-0.050048828125,-0.0244140625,0.053955078125,-0.092041015625,-0.052734375,0.150390625,0.00927734375,-0.185791015625,0.00927734375,0.15576171875,-0.062744140625,-0.099365234375,0.09521484375,0.013427734375,-0.112548828125,0.010009765625,0.0322265625,-0.066162109375,-0.001708984375,0.049560546875,-0.067138671875,-0.032958984375,0.080322265625,-0.0556640625,-0.082763671875,0.066162109375,-0.150146484375,-0.06201171875,-0.06201171875,0.119873046875,0.002197265625,-0.068115234375,0.031982421875,-0.021484375,-0.06982421875,0.032470703125,0.00439453125,-0.09521484375,0.025146484375,0.087646484375,-0.10302734375,-0.0927734375,0.0849609375,-0.0107421875,-0.086669921875,0.037109375,-0.008544921875,-0.112548828125,0.048828125,0.120849609375,-0.128662109375,-0.115966796875,0.151123046875,0.052490234375,-0.039306640625,0.099853515625,-0.026611328125,-0.050048828125,0.05029296875,0.05029296875,-0.0419921875,-0.07861328125,0.06005859375,0.01123046875,-0.095703125,0.017822265625,0.074462890625,-0.067626953125,-0.052978515625,0.06787109375,-0.0380859375,-0.062744140625,0.077880859375,0.003173828125,-0.091796875,0.033935546875,0.042724609375,-0.108154296875,-0.007080078125,0.120849609375,-0.083740234375,-0.14453125,0.092041015625,0.06640625,-0.124755859375,0.088134765625,-0.064697265625,-0.08984375,0.063720703125,0.0029296875,0.0029296875,-0.04931640625,0.048828125,-0.023193359375,-0.101318359375,0.04833984375,0.073486328125,-0.103271484375,-0.032958984375,0.101806640625,-0.061279296875,-0.1005859375,0.0908203125,0.01806640625,-0.1533203125,0.00732421875,0.124267578125,-0.083984375,-0.125,0.072509765625,0.0234375,-0.080078125,0.0234375,0.020751953125,-0.00390625,0.077880859375,-0.055908203125,-0.046630859375,0.089111328125,-0.018310546875,-0.110595703125,0.02978515625,0.02978515625,0.049072265625,-0.072509765625,-0.0146484375,0.055419921875,-0.06787109375,-0.056884765625,0.080322265625,-0.044677734375,-0.12841796875,0.075439453125,0.10791015625,-0.124267578125,-0.11767578125,0.094970703125,0.03515625,-0.0576171875,0.02685546875,-0.010009765625,-0.07177734375,0.03515625,0.042724609375,-0.09326171875,0.0888671875,-0.062255859375,-0.101806640625,0.0576171875,0.0029296875,-0.079833984375,0.037841796875,0.026611328125,-0.123046875,-0.123046875,-0.01806640625,0.125732421875,-0.0673828125,-0.12158203125,0.100830078125,0.0625,-0.1435546875,-0.049560546875,0.11328125,-0.013671875,-0.0673828125,0.062744140625,-0.00634765625,-0.092529296875,0.029541015625,0.033935546875,-0.080322265625,-0.00927734375,0.07177734375,-0.053466796875,-0.06494140625,-0.031494140625,-0.063232421875,0.056884765625,0.010498046875,-0.0849609375,0.0224609375,0.06396484375,-0.098876953125,-0.048095703125,0.133544921875,0.133544921875,-0.005126953125,-0.16162109375,0.004150390625,0.098388671875,-0.04150390625,-0.051025390625,0.049072265625,-0.041748046875,-0.088134765625,0.034912109375,0.002685546875,-0.05859375,0.032470703125,0.02392578125,-0.0869140625,-0.03125,0.046875,-0.05126953125,0.07275390625,-0.057861328125,-0.100830078125,0.0810546875,0.047119140625,-0.15625,-0.044677734375,0.148193359375,-0.036865234375,-0.164306640625,0.05078125,0.084716796875,0.084716796875,-0.08203125,-0.028564453125,0.06640625,-0.05126953125,-0.064453125,0.06884765625,-0.000732421875,-0.067626953125,0.048828125,0.03173828125,-0.061279296875,0.004638671875,0.025146484375,-0.066162109375,0.00634765625,0.076904296875,-0.086669921875,0.100830078125,0.0029296875,-0.149658203125,0.03564453125,0.122314453125,-0.11083984375,-0.112060546875,0.114013671875,0.00537109375,-0.126220703125,0.0625,0.068603515625,0.068603515625,-0.131103515625,-0.0517578125,0.097900390625,-0.030517578125,-0.062255859375,0.06982421875,-0.03173828125,-0.114013671875,0.0556640625,0.048828125,-0.108154296875,-0.01904296875,0.064453125,-0.066650390625,-0.044677734375,0.07666015625,-0.090576171875,0.11669921875,0.034912109375,-0.180419921875,-0.025390625,0.15869140625,-0.03759765625,-0.114990234375,0.078857421875,0.03466796875,-0.096923828125,0.00341796875,0.038818359375,0.038818359375,-0.06689453125,0.0009765625,0.074462890625,-0.076416015625,-0.080810546875,0.090087890625,-0.001220703125,-0.108642578125,0.013671875,0.033935546875,-0.0625,0.00634765625,0.060302734375,-0.1064453125,-0.06591796875,0.027099609375,-0.174072265625,-0.030029296875,0.103271484375,-0.0126953125,-0.03076171875,0.037841796875,-0.068115234375,-0.075927734375,0.073486328125,-0.010986328125,-0.107421875,0.039306640625,0.059326171875,0.059326171875,-0.09814453125,-0.042236328125,0.074951171875,-0.06494140625,-0.052978515625,0.10400390625,-0.03759765625,-0.142333984375,0.074462890625,0.106689453125,-0.138916015625,-0.06201171875,0.159423828125,-0.165283203125,0.037841796875,0.072265625,-0.062744140625,-0.000244140625,0.0380859375,-0.10205078125,-0.03955078125,0.10888671875,-0.04345703125,-0.094970703125,0.079345703125,0.021240234375,-0.10986328125,0.01904296875,0.01904296875,0.058349609375,-0.10009765625,-0.0087890625,0.1201171875,-0.0712890625,-0.108154296875,0.100341796875,0.001708984375,-0.153564453125,0.0419921875,0.110595703125,-0.12451171875,-0.095947265625,-0.024658203125,-0.102294921875,0.065673828125,0.0224609375,-0.13134765625,-0.00830078125,0.085205078125,-0.068359375,-0.032470703125,0.1044921875,-0.046875,-0.1162109375,0.072265625,0.043212890625,-0.087890625,0.041015625,0.0810546875,-0.113525390625,-0.113525390625,-0.052734375,0.12890625,-0.052734375,-0.15771484375,0.090087890625,0.111572265625,-0.137451171875,-0.084228515625,0.11572265625,-0.0146484375,-0.111328125,0.053466796875,-0.102294921875,-0.003662109375,0.080078125,-0.048095703125,-0.057373046875,0.0537109375,-0.0185546875,-0.069580078125,0.035400390625,-0.013671875,-0.072509765625,0.0458984375,0.021728515625,-0.12109375,-0.017333984375,0.11279296875,-0.076171875,-0.133056640625,0.109375,0.07421875,-0.146728515625,-0.0625,0.07275390625,0.07275390625,-0.02587890625,-0.028564453125,0.060546875,-0.062744140625,-0.091064453125,0.089599609375,0.02685546875,-0.1181640625,0.022216796875,0.090087890625,-0.05712890625,0.083984375,-0.04931640625,-0.07470703125,0.09912109375,-0.014404296875,-0.14404296875,0.064697265625,0.127197265625,-0.117919921875,-0.07666015625,0.14599609375,-0.007568359375,-0.153564453125,0.03466796875,0.07666015625,-0.056640625,-0.001953125,0.043701171875,-0.092529296875,-0.056884765625,-0.056884765625,0.0986328125,-0.030029296875,-0.108642578125,0.056640625,0.02978515625,-0.1083984375,-0.014892578125,0.063232421875,-0.05908203125
Prusa_B,-0.0322265625,-0.055419921875,-0.06787109375,-0.06494140625,-0.06494140625,-0.03271484375,0.034912109375,0.081298828125,0.04833984375,0.003662109375,-0.05224609375,-0.0732421875,-0.0654296875,-0.04638671875,-0.0029296875,0.02001953125,-0.010498046875,-0.0419921875,-0.042724609375,-0.0107421875,0.04345703125,0.06884765625,0.06884765625,0.039306640625,0.025146484375,0.025390625,-0.033203125,-0.03125,-0.030029296875,-0.060791015625,-0.022216796875,0.01318359375,-0.036865234375,-0.020263671875,0.02734375,-0.01171875,0.01025390625,0.05859375,0.013671875,0.015625,0.019287109375,-0.05029296875,-0.05029296875,-0.0537109375,-0.036865234375,-0.051513671875,-0.0078125,-0.012939453125,0.0341796875,0.0244140625,-0.041259765625,-0.035400390625,-0.0205078125,-0.028564453125,-0.023681640625,-0.032470703125,-0.032470703125,-0.037841796875,0.00146484375,-0.043212890625,-0.0419921875,-0.0185546875,-0.0146484375,0.028076171875,0.028564453125,-0.03564453125,-0.025146484375,-0.023193359375,-0.03857421875,-0.03857421875,-0.015380859375,0.0185546875,-0.0283203125,-0.00439453125,-0.02392578125,-0.0283203125,0.019775390625,0.0126953125,-0.017822265625,0.026611328125,0.031982421875,-0.011962890625,-0.002685546875,-0.002685546875,-0.012939453125,0.008544921875,0.027587890625,0.022705078125,0.022705078125,-0.021728515625,-0.061279296875,-0.031982421875,0.001220703125,0.030029296875,0.027587890625,-0.01611328125,-0.01611328125,-0.0302734375,-0.011962890625,0.00634765625,0.008544921875,-0.008056640625,-0.013671875,-0.027587890625,-0.05712890625,-0.053466796875,-0.0390625,-0.03076171875,-0.0126953125,-0.005859375,-0.005859375,-0.00732421875,-0.015869140625,-0.07373046875,-0.059814453125,0.005126953125,0.02197265625,-0.00732421875,-0.043212890625,-0.0517578125,-0.01611328125,-0.006103515625,-0.045166015625,-0.017333984375,-0.017333984375,0.053466796875,0.0439453125,0.0078125,-0.009765625,0.002685546875,-0.039794921875,-0.0732421875,-0.006103515625,0.034423828125,-0.025146484375,-0.059326171875,-0.008056640625,0.02490234375,0.012939453125,0.012939453125,0.005126953125,0.018798828125,-0.004638671875,-0.040771484375,-0.03515625,-0.0166015625,-0.0302734375,-0.030517578125,-0.02001953125,-0.006591796875,-0.005126953125,-0.02099609375,-0.02099609375,0.01513671875,0.008056640625,-0.029296875,-0.008544921875,0.00634765625,-0.019775390625,-0.0400390625,-0.0546875,-0.0322265625,0.027099609375,0.046142578125,0.00634765625,-0.032958984375,-0.037109375,-0.010009765625,0.001220703125,-0.02685546875,-0.0224609375,0.015380859375,-0.001953125,-0.046630859375,-0.0498046875,-0.02001953125,-0.016845703125,-0.016845703125,0.0,0.015869140625,0.005615234375,-0.029296875,-0.0390625,-0.018798828125,-0.0009765625,0.006103515625,0.02099609375,0.017822265625,-0.015625,-0.0263671875,-0.00732421875,-0.00830078125,-0.027099609375,-0.029052734375,-0.00830078125,0.00439453125,-0.0166015625,-0.03369140625,-0.01513671875,-0.002197265625,-0.0126953125,-0.013916015625,0.023681640625,0.03369140625,-0.0205078125,-0.045654296875,-0.025634765625,-0.014404296875,-0.018310546875,-0.0107421875,-0.006103515625,-0.000732421875,-0.0029296875,-0.0009765625,-0.002197265625,-0.01318359375,0.0009765625,-0.00048828125,-0.00341796875,0.002685546875,-0.00390625,-0.0048828125,-0.005859375,-0.024169921875,-0.031005859375,0.007568359375,0.019287109375,-0.019287109375,-0.026123046875,-0.0177001953125,-0.011474609375,-0.02783203125,-0.03564453125,-0.044921875,-0.03515625,-0.006591796875,-0.00244140625,-0.00390625,-0.008056640625,-0.03125,-0.033935546875,-0.010009765625,-0.021240234375,-0.017578125,0.01611328125,0.00048828125,-0.02294921875,-0.018310546875,-0.005859375,-0.010009765625,-0.023193359375,-0.02490234375,0.0009765625,0.017333984375,-0.010498046875,-0.02294921875,0.005615234375,0.01513671875,0.002197265625,-0.001708984375,-0.01171875,-0.015625,-0.021728515625,-0.036865234375,-0.0185546875,-0.00390625,-0.015625,-0.00732421875,0.0078125,-0.00830078125,-0.005126953125,0.01611328125,0.0126953125,-0.0068359375,-0.021484375,-0.01416015625,-0.007080078125,-0.021240234375,-0.030517578125,0.00732421875,0.012451171875,-0.015380859375,-0.015380859375,0.0009765625,0.001220703125,-0.016357421875,-0.04443359375,-0.05029296875,-0.005126953125,-0.007568359375,-0.029541015625,-0.00830078125,-0.026123046875,-0.01123046875,-0.01123046875,0.009033203125,-0.01708984375,-0.0205078125,-0.0107421875,-0.02685546875,-0.036865234375,-0.036865234375,-0.0107421875,0.03076171875,0.022216796875,0.009033203125,-0.007080078125,-0.024169921875,-0.0087890625,0.00537109375,0.014404296875,0.014404296875,-0.010009765625,-0.020263671875,-0.010986328125,-0.018798828125,-0.02978515625,0.007080078125,0.037841796875,0.01513671875,-0.016357421875,-0.0263671875,-0.005126953125,-0.005126953125,-0.047607421875,-0.0478515625,-0.010986328125,0.004150390625,-0.00634765625,-0.02587890625,-0.022216796875,-0.0009765625,-0.00048828125,-0.011962890625,-0.041015625,-0.041015625,-0.044189453125,0.00634765625,-0.013671875,-0.058349609375,-0.02294921875,0.023193359375,0.013671875,-0.004638671875,-0.017333984375,0.010009765625,0.036865234375,-0.00830078125,-0.0615234375,-0.041259765625,-0.00537109375,-0.029052734375,-0.001220703125,-0.009033203125,-0.009033203125,-0.00634765625,0.012451171875,0.012451171875,-0.00341796875,-0.014892578125,-0.019287109375,-0.023193359375,-0.021728515625,-0.006591796875,-0.006591796875,0.00048828125,-0.020263671875,-0.02587890625,0.014404296875,0.0302734375,-0.001708984375,-0.028564453125,-0.007568359375,0.00732421875,-0.0205078125,-0.0390625,-0.0380859375,-0.020751953125,-0.01171875,-0.01171875,0.01611328125,0.034423828125,0.00390625,-0.03515625,-0.034912109375,-0.03369140625,-0.027099609375,-0.010009765625,-0.015380859375,-0.03564453125,-0.033935546875,-0.0048828125,0.0146484375,-0.00146484375,-0.021728515625,0.02685546875,-0.005126953125,-0.03076171875,-0.014404296875,-0.007568359375,-0.02099609375,-0.007568359375,0.024169921875,0.0185546875,-0.00830078125,-0.01123046875,-0.01123046875,0.009765625,0.011962890625,-0.01953125,-0.036865234375,-0.02734375,-0.030517578125,-0.02734375,0.0068359375,0.027099609375,-0.0087890625,-0.02197265625,0.0166015625,0.015380859375,-0.014404296875,-0.014404296875,-0.032470703125,-0.021728515625,-0.030029296875,-0.04150390625,-0.02001953125,-0.005126953125,-0.013427734375,-0.010498046875,-0.00390625,-0.004638671875,-0.0185546875,0.005859375,0.04443359375,0.02099609375,-0.0234375,-0.036865234375,-0.060546875,-0.05224609375,-0.02880859375,-0.010498046875,0.021484375,-0.00927734375,-0.005615234375,-0.005615234375,0.000732421875,-0.024658203125,-0.03173828125,-0.01025390625,0.009765625,-0.01123046875,0.003173828125,0.003662109375,0.003662109375,-0.0126953125,-0.012451171875,0.014892578125,0.017578125,-0.005615234375,-0.023193359375,-0.0078125,-0.021484375,-0.021484375,-0.003173828125,0.03271484375,0.01904296875,-0.029052734375,-0.063232421875,-0.02880859375,-0.027099609375,-0.021240234375,-0.021240234375,0.005615234375,0.006103515625,-0.031494140625,-0.066650390625,-0.047607421875,-0.013671875,-0.01806640625,0.03125,-0.0068359375,-0.041015625,-0.04833984375,-0.04833984375,-0.050537109375,-0.0302734375,0.01220703125,0.06787109375,0.057373046875,-0.05224609375,-0.0380859375,-0.01806640625,-0.01806640625,-0.02294921875,-0.017578125,0.0263671875,0.03125,-0.018798828125,0.002197265625,-0.00830078125,-0.02490234375,-0.02490234375,-0.0146484375,0.003662109375,-0.0068359375,-0.032958984375,-0.03466796875,-0.025634765625,-0.013916015625,0.02734375,0.02734375,0.05029296875,-0.0244140625,-0.0693359375,-0.017822265625,0.0234375,-0.046875,-0.027587890625,-0.017822265625,-0.026611328125,-0.014404296875,0.03759765625,0.044921875,0.044921875,-0.0048828125,-0.0205078125,0.00146484375,-0.020751953125,-0.032958984375,-0.0244140625,-0.03564453125,-0.03173828125,-0.03173828125,0.006591796875,0.036376953125,0.00048828125,-0.052978515625,0.048095703125,0.01904296875,-0.03564453125,-0.032958984375,-0.032958984375,0.00048828125,-0.02880859375,-0.07275390625,-0.02490234375,0.012451171875,-0.027099609375,0.011474609375,0.02978515625,0.02978515625,0.010498046875,0.007568359375,-0.00341796875,-0.03125,-0.041748046875,0.005859375,-0.00244140625,-0.041259765625,-0.014892578125,0.042236328125,0.02978515625,-0.04248046875,-0.04248046875,-0.058349609375,-0.005859375,0.009765625,-0.03369140625,-0.0205078125,-0.010498046875,-0.019287109375,-0.01416015625,-0.01416015625,0.003662109375,0.004150390625,-0.006591796875,0.0185546875,-0.043701171875,-0.069580078125,-0.023681640625,-0.00390625,-0.00390625,-0.02783203125,0.01806640625,0.0654296875,0.03076171875,-0.046142578125,0.002197265625,0.02685546875,-0.004638671875,-0.004638671875,-0.03076171875,-0.0126953125,-0.01123046875,-0.05859375,0.01513671875,0.033935546875,-0.001220703125,0.012939453125,0.027587890625,-0.015625,-0.05322265625,-0.049560546875,-0.032470703125,-0.032470703125,-0.049560546875,-0.03173828125,0.03466796875,-0.02880859375,-0.052978515625,-0.007568359375,0.030517578125,0.016357421875,0.016357421875,-0.0078125,0.007080078125,0.004638671875,-0.06884765625,-0.003662109375,0.010986328125,-0.04443359375,-0.0048828125,-0.0048828125,0.067626953125,0.01904296875,-0.059326171875,0.0107421875,-0.006103515625,-0.050048828125,0.004638671875,0.04443359375,0.04443359375,-0.03271484375,-0.096435546875,-0.002685546875,-0.01123046875,-0.046142578125,0.03515625,0.030029296875,-0.07763671875,-0.06884765625,0.0419921875,0.04052734375,-0.046142578125,-0.046142578125,-0.01806640625,0.03662109375,-0.02392578125,-0.037109375,0.06005859375,0.0244140625,-0.04052734375,0.00634765625,0.00634765625,0.048095703125,-0.037841796875,-0.115234375,0.0517578125,-0.010498046875,-0.0732421875,-0.017822265625,0.0205078125,0.0205078125,-0.0390625,-0.03466796875,0.0625,-0.058837890625,-0.072998046875,0.0068359375,0.001220703125,-0.068115234375,-0.068115234375,-0.020263671875,0.08447265625,0.0478515625,-0.0498046875,0.03759765625,0.0029296875,-0.057373046875,0.004150390625,0.075439453125,-0.004638671875,-0.112060546875,-0.06103515625,0.033203125,0.033203125,0.005859375,-0.0185546875,0.0224609375,-0.071533203125,-0.0869140625,0.012939453125,0.044921875,-0.012451171875,-0.012451171875,-0.019287109375,0.020263671875,-0.07861328125,-0.0361328125,0.03955078125,0.01708984375,-0.041259765625,-0.005126953125,-0.005126953125,0.041015625,0.008544921875,-0.039306640625,-0.002197265625,0.005859375,-0.035400390625,-0.03271484375,0.0078125,0.0078125,-0.017333984375,-0.07373046875,0.047119140625,0.022705078125,-0.03515625,-0.0087890625,0.024658203125,-0.020751953125,-0.0546875,-0.028076171875,-0.003662109375,-0.03369140625,-0.0400390625,0.04345703125,0.04345703125,0.06298828125,-0.051513671875,-0.000732421875,0.049072265625,-0.0048828125,-0.050048828125,-0.005859375,0.019287109375,0.019287109375,-0.065673828125,0.028564453125,0.0517578125,-0.017822265625,-0.013916015625,0.0595703125,0.0380859375,-0.0712890625,-0.0712890625,-0.090576171875,-0.01220703125,-0.071533203125,-0.033203125,0.054443359375,0.001953125,-0.077880859375,-0.0224609375,-0.0224609375,0.0625,-0.0537109375,-0.01220703125,0.033447265625,-0.030029296875,-0.08154296875,-0.0107421875,0.0537109375,-0.013427734375,-0.052001953125,0.04296875,0.04296875,0.057861328125,-0.029052734375,0.031494140625,-0.006591796875,-0.105224609375,-0.05029296875,0.025634765625,-0.02099609375,-0.02099609375,-0.05419921875,0.057861328125,0.008544921875,-0.052490234375,-0.024169921875,0.003173828125,-0.03125,-0.03759765625,-0.03759765625,-0.018798828125,-0.03515625,-0.03759765625,0.00048828125,0.041748046875,0.019287109375,-0.00830078125,0.021728515625,0.021728515625,0.030029296875,-0.072509765625,-0.020263671875,0.007568359375,-0.042724609375,-0.03857421875,0.048095703125,0.056640625,-0.0478515625,-0.069580078125,0.033447265625,0.03564453125,-0.061767578125,-0.061767578125,0.005126953125,-0.049560546875,-0.099609375,-0.009033203125,0.086669921875,0.00390625,-0.06591796875,0.036865234375,0.036865234375,-0.057861328125,-0.103515625,0.0146484375,0.03076171875,-0.080078125,-0.04052734375,0.093505859375,0.093505859375,0.047607421875,-0.037841796875,0.069580078125,0.03955078125,-0.037841796875,-0.031982421875,0.009765625,-0.03369140625,-0.101806640625,-0.101806640625,0.069580078125,-0.002685546875,-0.070068359375,-0.002685546875,0.060791015625,-0.037109375,-0.120849609375,-0.007080078125,0.062744140625,-0.06005859375,-0.104736328125,0.04248046875,0.04248046875,-0.07177734375,-0.088623046875,0.06298828125,0.074462890625,-0.06640625,-0.053955078125,0.051513671875,-0.00927734375,-0.00927734375,-0.031982421875,0.092529296875,0.0322265625,-0.0703125,0.00146484375,0.061767578125,-0.029541015625,-0.089111328125,-0.089111328125,0.036376953125,-0.049072265625,-0.0966796875,0.0380859375,0.100830078125,-0.04638671875,-0.100830078125,0.033203125,0.033203125,-0.053955078125,-0.070068359375,0.031494140625,0.01171875,-0.1083984375,-0.0517578125,0.095703125,0.02490234375,-0.1025390625,0.00048828125,0.125732421875,0.01904296875,-0.0927734375,-0.00732421875,0.04052734375,-0.05908203125,-0.09619140625,0.012939453125,0.053466796875,-0.05078125,-0.064453125,0.031494140625,0.068359375,-0.027587890625,-0.0869140625,-0.01220703125,0.01708984375,-0.0712890625,-0.080322265625,0.039794921875,0.038330078125,-0.085693359375,-0.0419921875,0.089599609375,0.031005859375,-0.085693359375,-0.0166015625,0.083740234375,0.0048828125,-0.095458984375,-0.03662109375,0.04248046875,-0.020263671875,-0.072021484375,0.03466796875,0.109130859375,0.011474609375,-0.079833984375,0.0,0.067626953125,-0.0283203125,-0.078857421875,-0.0126953125,0.002685546875,-0.077392578125,-0.08740234375,0.04541015625,0.088623046875,-0.031982421875,-0.066162109375,0.04736328125,0.05908203125,-0.086669921875,-0.0927734375,0.02392578125,0.0146484375,-0.09130859375,-0.04248046875,0.084716796875,0.0380859375,-0.09423828125,-0.039306640625,0.119140625,0.0458984375,-0.10986328125,-0.053466796875,0.05908203125,-0.028076171875,-0.13330078125,-0.00537109375,0.088134765625,-0.03125,-0.063232421875,0.067626953125,0.0751953125,-0.057373046875,-0.050537109375,0.02587890625,-0.017333984375,-0.082275390625,-0.03271484375,0.031494140625,-0.009765625,-0.063720703125,-0.0048828125,0.0859375,0.044189453125,-0.044921875,-0.037109375,0.023681640625,-0.00341796875,-0.05419921875,-0.016357421875,-0.000244140625,-0.06005859375,-0.05419921875,0.0380859375,0.052978515625,-0.001953125,-0.024658203125,0.001708984375,0.018798828125,-0.023681640625,-0.07421875,-0.05517578125,-0.018310546875,-0.064453125,-0.036865234375,0.059326171875,0.02001953125,-0.0576171875,0.017578125,0.088134765625,-0.03369140625,-0.102783203125,-0.01171875,0.03271484375,-0.027099609375,-0.078125,-0.029296875,0.064453125,0.0615234375,-0.009033203125,-0.028076171875,-0.0068359375,-0.001220703125,-0.007080078125,-0.016357421875,-0.053466796875,-0.05517578125,-0.00341796875,0.02294921875,0.008056640625,-0.0185546875,-0.0283203125,0.008056640625,0.05908203125,-0.001953125,-0.085205078125,-0.060791015625,-0.038818359375,-0.04248046875,-0.00634765625,0.010986328125,0.004638671875,0.020263671875,0.028564453125,0.0283203125,0.001220703125,-0.05859375,-0.03955078125,0.036376953125,-0.00439453125,-0.124755859375,0.060546875,0.060546875,0.08251953125,-0.03515625,-0.040771484375,0.06103515625,0.06640625,-0.032470703125,-0.12353515625,-0.00390625,-0.00390625,-0.017578125,-0.037353515625,0.016845703125,0.028076171875,-0.023681640625,-0.00537109375,0.058349609375,-0.085205078125,-0.085205078125,-0.011962890625,0.008544921875,-0.075439453125,-0.06787109375,0.068603515625,0.083251953125,-0.021240234375,0.02587890625,0.02587890625,0.03759765625,-0.034423828125,-0.06396484375,-0.01220703125,0.008544921875,-0.0458984375,-0.053466796875,0.015380859375,0.015380859375,0.007080078125,0.01806640625,0.005615234375,0.005615234375,-0.00830078125,0.001953125,-0.03466796875,-0.114990234375,-0.09375,0.02734375,0.05126953125,-0.013671875,-0.013671875,0.088134765625,0.080322265625,-0.023193359375,-0.088134765625,-0.05224609375,-0.00537109375,-0.00341796875,-0.0302734375,-0.0302734375,0.00439453125,-0.0224609375,-0.067138671875,-0.04248046875,0.039306640625,0.080322265625,0.018310546875,-0.083740234375,-0.083740234375,-0.011962890625,0.04443359375,0.008056640625,-0.045654296875,-0.02587890625,0.00634765625,-0.010009765625,-0.044677734375,-0.044677734375,-0.015625,0.015625,-0.01708984375,-0.056884765625,-0.056884765625,-0.04931640625,-0.0068359375,0.016357421875,0.017822265625,0.013427734375,-0.020263671875,-0.0263671875,-0.060791015625,-0.060791015625,-0.025146484375,0.03369140625,-0.0126953125,-0.033447265625,-0.012451171875,-0.0068359375,0.05810546875,0.01318359375,0.01318359375,-0.052734375,-0.00146484375,-0.00634765625,-0.049560546875,-0.006591796875,0.037109375,-0.0087890625,-0.0078125,-0.038330078125,-0.038330078125,-0.012939453125,0.019775390625,-0.0029296875,-0.003173828125,0.03466796875,0.020751953125,-0.03369140625,-0.055908203125,-0.06640625,-0.031982421875,0.021728515625,-0.013671875,0.00390625,-0.0078125,-0.0078125,0.00390625,-0.031005859375,-0.06689453125,-0.015869140625,0.00048828125,-0.0302734375,-0.0078125,-0.0400390625,0.02490234375,-0.01318359375,-0.05615234375,0.025634765625,0.025634765625,0.005126953125,-0.070068359375,-0.0322265625,-0.0244140625,-0.02587890625,0.031494140625,0.007568359375,-0.03515625,0.033203125,-0.070556640625,-0.09521484375,-0.043212890625,-0.043212890625,0.01953125,0.09765625,0.081298828125,-0.0400390625,-0.0908203125,-0.034423828125,0.0341796875,0.08837890625,0.072021484375,-0.015380859375,-0.034423828125,-0.03515625,-0.0341796875,-0.05615234375,-0.05615234375,-0.083251953125,-0.020263671875,0.055419921875,0.052001953125,0.0322265625,0.021240234375,0.008544921875,-0.050537109375,-0.066162109375,-0.070556640625,-0.05859375,-0.05859375,-0.048828125,-0.0322265625,-0.00341796875,0.000244140625,-0.009521484375,0.007080078125,0.0361328125,0.004150390625,0.010986328125,0.045654296875,0.012451171875,-0.08447265625,-0.08447265625,-0.09375,-0.017822265625,-0.0224609375,-0.03857421875,0.014404296875,0.010986328125,0.041015625,0.072998046875,-0.0234375,0.01318359375,-0.070068359375,0.05517578125,-0.067138671875,-0.067138671875,-0.089111328125,0.07177734375,-0.11328125,-0.009765625,0.02880859375,-0.043701171875,-0.051513671875,-0.0703125,0.0126953125,-0.037353515625,-0.037353515625,0.036865234375,0.036376953125,0.004638671875,0.017578125,-0.04296875,-0.07177734375,-0.074462890625,-0.009521484375,-0.009521484375,0.02001953125,-0.014404296875,0.0009765625,-0.0322265625,0.03173828125,0.003173828125,0.025390625,0.015869140625,0.015869140625,-0.035400390625,-0.017333984375,-0.05126953125,-0.0302734375,-0.01806640625,-0.02197265625,-0.032958984375,0.009765625,0.02392578125,0.03564453125,0.03564453125,0.006591796875,-0.02587890625,-0.012939453125,-0.009521484375,0.005126953125,-0.04248046875,-0.051513671875,-0.0576171875,-0.0576171875,-0.041748046875,0.004638671875,0.00439453125,0.0029296875,-0.00244140625,0.012451171875,-0.029296875,-0.029296875,-0.036376953125,-0.02490234375,0.010986328125,0.031982421875,-0.047607421875,-0.00537109375,0.07568359375,0.0341796875,-0.077392578125,-0.077392578125,-0.093017578125,0.0234375,0.077880859375,-0.011962890625,-0.017333984375,0.1142578125,0.060791015625,-0.10107421875,-0.106689453125,0.032958984375,0.090087890625,0.090087890625,-0.052734375,-0.15087890625,0.0009765625,0.144287109375,-0.140869140625,-0.048583984375,0.0888671875,0.048095703125,-0.069580078125,-0.069580078125,-0.034912109375,0.044189453125,0.00634765625,-0.088134765625,0.021240234375,0.03955078125,-0.016357421875,-0.016357421875,-0.009765625,-0.023681640625,-0.04296875,-0.00341796875,-0.012451171875,-0.0595703125,-0.003173828125,0.0673828125,0.0673828125,0.009765625,-0.085205078125,-0.031005859375,0.057861328125,-0.08935546875,-0.04345703125,0.04248046875,0.01953125,-0.00146484375,-0.010498046875,0.037109375,-0.00830078125,-0.034423828125,-0.034423828125,0.01171875,0.04443359375,-0.018798828125,-0.08251953125,0.0234375,-0.033935546875,-0.00927734375,0.042236328125,0.013916015625,0.013916015625,-0.06103515625,-0.04541015625,0.03759765625,-0.03515625,-0.0107421875,0.059326171875,0.038818359375,0.038818359375,-0.08056640625,-0.0625,0.0439453125,0.0146484375,-0.0390625,0.026123046875,0.008544921875,-0.048583984375,0.000732421875,0.000732421875,0.029541015625,-0.056396484375,-0.07763671875,0.029052734375,-0.015380859375,-0.042724609375,0.04345703125,0.04248046875,-0.0673828125,-0.072509765625,0.001220703125,0.00048828125,0.00048828125,-0.046875,-0.02734375,0.04052734375,-0.0322265625,-0.027587890625,0.02783203125,-0.01416015625,-0.081298828125,-0.081298828125,-0.01318359375,0.071044921875,-0.067138671875,0.007568359375,0.04296875,-0.04541015625,-0.103271484375,-0.103271484375,-0.018310546875,0.06201171875,0.0234375,0.005126953125,0.03857421875,-0.054931640625,-0.109375,-0.01171875,0.025390625,0.025390625,-0.005615234375,-0.0107421875,0.036376953125,-0.031982421875,-0.068359375,0.001953125,0.017333984375,-0.05322265625,-0.037841796875,0.0380859375,0.017333984375,-0.0546875,-0.0546875,-0.030517578125,0.02490234375,-0.049560546875,-0.02392578125,0.024658203125,-0.02490234375,-0.052978515625,-0.00146484375,-0.00146484375,0.020751953125,-0.03955078125,0.014404296875,0.048583984375,-0.016357421875,-0.0615234375,-0.015380859375,0.013671875,0.013671875,-0.041259765625,-0.04638671875,0.02978515625,-0.03173828125,-0.025634765625,0.02490234375,-0.000732421875,-0.062744140625,-0.062744140625,0.0029296875,0.056884765625,-0.05224609375,-0.0087890625,0.03076171875,-0.02880859375,-0.079345703125,0.001220703125,0.052734375,-0.028076171875,-0.05517578125,0.0302734375,0.0439453125,0.0439453125,-0.039306640625,-0.026611328125,-0.01708984375,-0.055419921875,-0.02734375,0.0478515625,0.03125,-0.03466796875,-0.03466796875,-0.0341796875,0.00390625,-0.0751953125,-0.027587890625,0.048583984375,0.0078125,-0.067138671875,-0.067138671875,-0.0126953125,0.0712890625,-0.082763671875,-0.024658203125,0.03271484375,-0.011474609375,-0.059326171875,0.001708984375,0.03857421875,0.03857421875,-0.03125,0.019775390625,0.014404296875,-0.062744140625,-0.06689453125,0.015869140625,0.03466796875,-0.026123046875,-0.013671875,0.044921875,0.001220703125,-0.0771484375,-0.0771484375,-0.0458984375,0.0029296875,-0.08544921875,-0.01220703125,0.079345703125,0.027099609375,-0.050048828125,-0.017822265625,-0.017822265625,0.03173828125,-0.109375,-0.0146484375,0.0654296875,-0.007568359375,-0.051513671875,0.018798828125,0.039306640625,0.039306640625,-0.046875,-0.003662109375,0.02587890625,-0.052001953125,-0.062255859375,0.02685546875,0.040283203125,-0.034423828125,-0.034423828125,-0.032470703125,-0.008544921875,-0.06396484375,-0.026611328125,0.05126953125,0.02197265625,-0.05419921875,-0.01025390625,0.053955078125,-0.015625,-0.091552734375,-0.010986328125,0.0732421875,0.0732421875,-0.05810546875,0.025634765625,0.05322265625,-0.02099609375,-0.0732421875,-0.005126953125,0.019287109375,-0.071044921875,-0.071044921875,0.034423828125,0.04345703125,-0.0419921875,-0.0283203125,0.060546875,0.005615234375,-0.11279296875,-0.06689453125,-0.06689453125,0.0439453125,-0.08349609375,-0.0048828125,0.090087890625,0.030517578125,-0.075439453125,-0.03955078125,0.058837890625,0.006103515625,0.006103515625,-0.034912109375,0.028076171875,-0.023193359375,-0.040283203125,0.040771484375,0.055419921875,-0.04736328125,-0.0830078125,0.00390625,0.023193359375,-0.056884765625,-0.056884765625,0.060546875,0.049072265625,-0.074462890625,-0.0654296875,0.048828125,0.02490234375,-0.099365234375,-0.076171875,-0.076171875,0.057373046875,-0.0751953125,-0.022216796875,0.092041015625,0.002197265625,-0.122802734375,-0.048095703125,0.06787109375,0.06787109375,-0.079345703125,0.0068359375,0.075927734375,-0.014404296875,-0.06103515625,0.020263671875,0.033203125,-0.07666015625,-0.07666015625,-0.000732421875,0.04931640625,-0.035888671875,-0.043212890625,0.068115234375,0.048095703125,-0.072998046875,-0.069091796875,0.010009765625,-0.01220703125,-0.08544921875,-0.0390625,0.06103515625,0.029541015625,-0.045166015625,0.0126953125,0.0693359375,-0.026123046875,-0.093505859375,-0.00927734375,0.05908203125,-0.02783203125,-0.07421875,0.01953125,0.05078125,-0.037841796875,-0.07177734375,0.026123046875,0.042724609375,-0.072265625,-0.08056640625,0.052490234375,0.08251953125,-0.050048828125,-0.091796875,0.031005859375,0.01953125,-0.097412109375,-0.056640625,0.067138671875,0.038818359375,-0.071044921875,-0.017822265625,0.09619140625,0.010498046875,-0.120849609375,-0.04443359375,0.067626953125,-0.00830078125,-0.086181640625,0.00146484375,0.076416015625,-0.014892578125,-0.0830078125,0.007568359375,0.06396484375,-0.04052734375,-0.084716796875,0.002685546875,0.023193359375,-0.05126953125,-0.05908203125,0.06103515625,0.046142578125,-0.07421875,-0.0625,0.04345703125,0.011962890625,-0.090576171875,-0.0341796875,0.07470703125,0.005126953125,-0.100341796875,-0.015380859375,0.09423828125,0.004638671875,-0.114501953125,-0.01611328125,0.09326171875,-0.013916015625,-0.107421875,-0.004150390625,0.083984375,-0.013671875,-0.090576171875,0.001953125,0.06640625,-0.03076171875,-0.0947265625,0.002685546875,0.046630859375,-0.0458984375,-0.061767578125,0.06494140625,0.056884765625,-0.086181640625,-0.092041015625,0.025390625,0.007568359375,-0.087646484375,-0.03955078125,0.084716796875,0.053466796875,-0.05517578125,-0.019287109375,0.050048828125,-0.03369140625,-0.127685546875,-0.027099609375,0.074462890625,-0.0029296875,-0.052001953125,0.044677734375,0.076416015625,-0.0615234375,-0.11474609375,0.0224609375,0.0703125,-0.05712890625,-0.095703125,0.034423828125,0.068115234375,-0.06396484375,-0.0966796875,0.02783203125,0.032958984375,-0.077392578125,-0.055908203125,0.0810546875,0.044677734375,-0.0810546875,-0.0302734375,0.058837890625,-0.017333984375,-0.11279296875,-0.02197265625,0.090087890625,0.01318359375,-0.070068359375,0.0205078125,-0.049072265625,-0.049072265625,-0.10693359375,0.011962890625,0.04541015625,-0.061279296875,-0.0634765625,0.06640625,0.065185546875,-0.08544921875,-0.08544921875,0.05078125,0.038330078125,-0.095458984375,-0.0810546875,0.053466796875,0.029296875,-0.107177734375,-0.078857421875,0.074462890625,0.059326171875,-0.067138671875,-0.041259765625,0.0556640625,-0.013427734375,-0.0888671875,0.01025390625,0.095703125,-0.023681640625,-0.114501953125,0.009033203125,0.0712890625,-0.049072265625,-0.0888671875,0.058349609375,0.107666015625,-0.057373046875,0.025390625,0.025390625,0.055908203125,-0.08349609375,-0.106201171875,0.048095703125,0.0830078125,-0.053466796875,-0.063720703125,0.022216796875,0.022216796875,-0.119384765625,-0.06103515625,0.067138671875,0.0126953125,-0.092041015625,-0.02197265625,0.08544921875,-0.091796875,-0.091796875,0.003662109375,0.0849609375,-0.0244140625,-0.103759765625,0.009521484375,0.063720703125,-0.0615234375,0.0302734375,0.0302734375,0.06298828125,-0.058349609375,-0.081298828125,0.0546875,0.05029296875,-0.08203125,-0.06298828125,0.033935546875,0.033935546875,-0.0966796875,-0.065673828125,0.063720703125,0.025146484375,-0.091796875,-0.0166015625,0.08544921875,-0.09814453125,-0.0224609375,-0.0224609375,0.072021484375,-0.018310546875,-0.0966796875,0.0107421875,0.087646484375,-0.033203125,0.023681640625,0.06689453125,0.06689453125,-0.04541015625,-0.072265625,0.050537109375,0.068359375,-0.070068359375,-0.095703125,0.0322265625,-0.10009765625,-0.10009765625,-0.0654296875,0.068115234375,0.04150390625,-0.08837890625,-0.0537109375,0.078125,-0.096435546875,-0.021728515625,-0.021728515625,0.06298828125,-0.026611328125,-0.105224609375,-0.01025390625,0.075927734375,-0.02734375,0.04150390625,0.093017578125,0.093017578125,-0.070068359375,-0.101318359375,0.06396484375,0.098876953125,-0.07861328125,-0.130126953125,0.08203125,-0.078857421875,-0.0927734375,-0.0927734375,0.0859375,0.07080078125,-0.106201171875,-0.08251953125,0.074951171875,0.034423828125,-0.06689453125,0.06396484375,0.06396484375,0.012939453125,-0.09423828125,-0.001708984375,0.115966796875,0.002685546875,-0.11279296875,0.0849609375,-0.030029296875,-0.030029296875,-0.11669921875,0.001953125,0.08203125,-0.046875,-0.091552734375,0.05908203125,-0.07275390625,-0.113037109375,-0.113037109375,0.048583984375,0.041748046875,-0.107421875,-0.067138671875,0.0908203125,0.04248046875,-0.047119140625,0.07470703125,0.07470703125,-0.016357421875,-0.14990234375,-0.029052734375,0.13037109375,0.01904296875,-0.114501953125,0.0849609375,-0.0517578125,-0.119384765625,-0.119384765625,0.031494140625,0.126220703125,-0.012939453125,-0.094970703125,0.0302734375,0.068115234375,-0.08056640625,0.0537109375,0.04736328125,-0.106201171875,-0.0654296875,-0.0654296875,0.09912109375,0.049072265625,-0.10107421875,-0.0439453125,0.085693359375,-0.011474609375,-0.137939453125,0.107421875,-0.046875,-0.171630859375,-0.006591796875,0.12744140625,0.12744140625,-0.02783203125,-0.125244140625,0.037841796875,0.12548828125,-0.0634765625,-0.13037109375,0.052490234375,-0.041015625,-0.10205078125,0.046875,0.044189453125,-0.119384765625,-0.119384765625,-0.0625,0.12841796875,0.06787109375,-0.106689453125,-0.046875,0.1044921875,0.00537109375,-0.039794921875,0.114990234375,0.002685546875,-0.1259765625,-0.01953125,-0.01953125,0.1005859375,-0.0205078125,-0.106201171875,0.031494140625,0.08642578125,-0.069091796875,-0.122314453125,0.0830078125,-0.09912109375,-0.100341796875,0.0908203125,0.095458984375,0.095458984375,-0.0869140625,-0.0869140625,0.0830078125,0.060546875,-0.10693359375,-0.07763671875,0.061767578125,-0.11328125,-0.0458984375,0.110595703125,0.026611328125,-0.110107421875,-0.110107421875,-0.01953125,0.071044921875,-0.041259765625,-0.09765625,0.0126953125,0.059814453125,-0.09326171875,0.0556640625,0.096923828125,-0.0341796875,-0.07275390625,-0.07275390625,0.04345703125,0.025634765625,-0.126220703125,-0.08447265625,0.081787109375,0.058837890625,-0.033203125,0.11083984375,0.045166015625,-0.113525390625,-0.031005859375,0.090087890625,-0.028076171875,-0.14697265625,-0.02783203125,-0.02783203125,0.082275390625,-0.02587890625,-0.076416015625,0.043212890625,0.06005859375,-0.082275390625,-0.097900390625,0.047607421875,0.04833984375,-0.070556640625,-0.05419921875,0.053466796875,0.029052734375,-0.096923828125,-0.062744140625,0.0576171875,-0.088623046875,-0.072509765625,0.025390625,0.022705078125,-0.04736328125,-0.03125,0.0595703125,-0.00244140625,-0.096923828125,-0.02197265625,0.04541015625,0.0,-0.036376953125,0.025146484375,0.025146484375,0.0498046875,-0.080322265625,-0.130126953125,0.0146484375,0.05322265625,-0.06787109375,-0.07470703125,0.05810546875,0.093017578125,-0.048095703125,-0.072021484375,0.048828125,0.0224609375,-0.0634765625,0.061279296875,0.04345703125,-0.019775390625,-0.0283203125,0.00537109375,-0.031005859375,-0.06201171875,0.007568359375,0.0341796875,-0.01513671875,-0.035888671875,0.0390625,0.052734375,-0.05859375,-0.08544921875,-0.08544921875,0.000732421875,0.017333984375,-0.060546875,-0.067626953125,0.01123046875,0.040283203125,-0.021240234375,-0.024169921875,0.0234375,0.014404296875,-0.0498046875,-0.0380859375,-0.00244140625,-0.014404296875,-0.035888671875,0.061767578125,0.021484375,-0.03369140625,-0.00537109375,0.009521484375,-0.034423828125,-0.056640625,-0.016845703125,0.0087890625,0.000732421875,0.00048828125,0.01025390625,0.01171875,-0.01416015625,-0.041748046875,-0.02587890625,-0.000732421875,-0.0244140625,-0.034423828125,-0.034423828125,0.001953125,0.010009765625,-0.041748046875,-0.035888671875,0.020751953125,-0.005126953125,-0.062744140625,-0.03369140625,0.01123046875,-0.005859375,-0.002685546875,0.017822265625,-0.0283203125,-0.05419921875,-0.040771484375,-0.013916015625,-0.01806640625,-0.016357421875,0.013916015625,0.034423828125,0.0068359375,-0.0322265625,-0.01806640625,-0.015625,-0.038330078125,-0.036865234375,-0.034912109375,-0.00341796875,0.03173828125,0.041259765625,0.041259765625,0.0126953125,-0.01708984375,-0.03076171875,-0.047119140625,-0.045654296875,-0.017333984375,-0.008056640625,-0.001708984375,-0.002197265625,-0.006591796875,-0.010009765625,0.014892578125,0.008056640625,-0.034912109375,-0.02001953125,0.015869140625,0.008544921875,-0.023193359375,-0.038330078125,-0.027099609375,-0.008544921875,-0.02001953125,-0.017578125,0.003662109375,-0.001220703125,-0.026123046875,-0.031494140625,-0.00537109375,0.004638671875,-0.0068359375,-0.024169921875,-0.024169921875,-0.012451171875,-0.017578125,-0.026611328125,-0.0205078125,0.008056640625,-0.003173828125,-0.033203125,-0.019775390625,-0.02197265625,-0.036865234375,0.0,0.02392578125,0.008056640625,-0.017333984375,0.002685546875,0.0234375,-0.010009765625,-0.0419921875,-0.022705078125,-0.005126953125,0.000244140625,0.001708984375,-0.010009765625,0.005615234375,-0.01123046875,-0.047119140625,-0.017578125,-0.015869140625,-0.016845703125,-0.012451171875,-0.012451171875,-0.01416015625,0.00048828125,-0.011474609375,-0.01416015625,0.01513671875,-0.022216796875,-0.052490234375,-0.028564453125,-0.007080078125,-0.015869140625,-0.0419921875,0.013427734375,0.0234375,-0.03369140625,-0.0126953125,0.026123046875,-0.013916015625,-0.0556640625,-0.03759765625,-0.01513671875,0.014892578125,0.029052734375,0.01708984375,-0.00390625,-0.024658203125,-0.054931640625,-0.036376953125,-0.02490234375,-0.0546875,-0.02880859375,0.03173828125,0.023681640625,0.023681640625,0.00634765625,0.00048828125,0.0087890625,0.012451171875,-0.0400390625,-0.050537109375,0.0078125,-0.028076171875,-0.017822265625,0.00048828125,0.000732421875,0.0009765625,0.016845703125,-0.009033203125,-0.0498046875,-0.057861328125,-0.02587890625,-0.0146484375,-0.0380859375,-0.00048828125,0.0634765625,0.033203125,-0.02978515625,-0.029541015625,-0.021484375,-0.01806640625,-0.025146484375,-0.051513671875,-0.0185546875,0.03662109375,0.03662109375,0.00439453125,-0.032958984375,-0.052978515625,-0.0439453125,0.001953125,0.006591796875,0.036376953125,0.02685546875,0.00732421875,-0.02197265625,-0.035400390625,-0.031494140625,-0.03125,-0.01025390625,-0.001953125,-0.031005859375,-0.016357421875,0.0068359375,0.01318359375,0.035400390625,-0.010986328125,-0.018310546875,0.006591796875,-0.029052734375,-0.024169921875,-0.015380859375,-0.007568359375,-0.004638671875,-0.030517578125,-0.00634765625,-0.00634765625,-0.0107421875,0.00341796875,-0.003173828125,-0.03076171875,-0.041748046875,-0.028564453125,0.0146484375,0.01708984375,0.00732421875,-0.0234375,-0.033935546875,-0.02734375,-0.0302734375,0.022216796875,-0.03125,0.017822265625,-0.021484375,-0.0126953125,-0.005126953125,-0.05810546875,0.031982421875,-0.0615234375,0.00048828125,0.02099609375,-0.07275390625,0.09130859375,-0.00830078125,-0.035400390625,0.06640625,-0.0966796875,-0.017578125,-0.017578125,0.034423828125,-0.071533203125,0.003173828125,0.0029296875,0.017333984375,-0.003173828125,-0.021240234375,-0.047119140625,-0.04052734375,-0.04296875,-0.014404296875,0.027099609375,0.01171875,0.015625,-0.013916015625,-0.05029296875,-0.0244140625,-0.013671875,-0.00390625,0.00048828125,0.001708984375,-0.007568359375,-0.0380859375,-0.02099609375,-0.007080078125,-0.00927734375,-0.01171875,-0.04541015625,-0.05517578125,-0.021240234375,-0.005126953125,0.029052734375,0.029052734375,0.067626953125,0.04541015625,0.00927734375,-0.03759765625,-0.051025390625,-0.048095703125,-0.0419921875,-0.041748046875,-0.037353515625,-0.0302734375,-0.008544921875,0.021240234375,0.03955078125,0.04638671875,0.020751953125,-0.03369140625,-0.080078125,-0.075439453125,-0.005126953125,0.056396484375,0.0302734375,-0.05859375,-0.11669921875,-0.069091796875,0.031494140625,0.030517578125,-0.06005859375,-0.059326171875,0.032470703125,0.0400390625,0.0400390625,-0.021240234375,0.023193359375,-0.028564453125,-0.043701171875,0.01123046875,-0.025390625,-0.037841796875,0.0166015625,-0.06884765625,-0.089599609375,0.068115234375,0.095947265625,0.021240234375,-0.01123046875,-0.067138671875,-0.0869140625,-0.01123046875,0.00927734375,-0.027587890625,0.031005859375,0.069091796875,0.009521484375,-0.035400390625,-0.0400390625,-0.0400390625,0.0,0.0087890625,-0.020263671875,0.0166015625,0.043212890625,-0.00732421875,-0.044921875,-0.007568359375,0.01513671875,0.022216796875,0.014404296875,-0.04248046875,-0.06201171875,-0.047119140625,-0.01708984375,-0.005126953125,0.004150390625,0.052490234375,0.03076171875,-0.044677734375,-0.05712890625,-0.0224609375,-0.012939453125,-0.007568359375,-0.013671875,-0.060302734375,-0.048583984375,-0.019775390625,-0.03173828125,0.01025390625,0.009765625,-0.030029296875,-0.017578125,0.02685546875,0.03515625,-0.013671875,-0.082275390625,-0.082275390625,-0.007080078125,0.052734375,0.017578125,-0.059814453125,-0.06591796875,0.02490234375,0.0576171875,0.00390625,-0.040771484375,-0.042724609375,-0.006103515625,0.02587890625,-0.015869140625,-0.050537109375,0.005615234375,0.06201171875,0.021240234375,-0.068115234375,-0.062744140625,0.040771484375,0.076904296875,-0.028076171875,-0.11865234375,-0.041748046875,0.0771484375,0.044677734375,-0.057861328125,-0.047607421875,0.0634765625,-0.08544921875,-0.08544921875,-0.135009765625,0.013427734375,0.07666015625,-0.070068359375,-0.15234375,-0.00390625,0.09814453125,-0.029296875,-0.102783203125,0.0361328125,0.107666015625,-0.044921875,-0.137939453125,-0.009033203125,0.072265625,-0.036376953125,-0.111083984375,0.01025390625,0.12109375,-0.015625,-0.112060546875,0.030029296875,0.11376953125,-0.053466796875,-0.1396484375,0.016357421875,0.088623046875,-0.02685546875,-0.108154296875,0.05419921875,0.035400390625,-0.000244140625,-0.000244140625,0.00732421875,0.004638671875,-0.035888671875,-0.04638671875,0.009521484375,0.011962890625,-0.0595703125,-0.0517578125,0.01953125,0.03271484375,0.017822265625,0.012939453125,0.014404296875,0.001220703125,-0.017333984375,-0.033203125,-0.025634765625,-0.03369140625,-0.04248046875,-0.0205078125,-0.029541015625,-0.0078125,0.054931640625,0.04833984375,-0.03466796875,0.017333984375,0.042236328125,-0.065185546875,-0.122314453125,-0.03173828125,-0.03173828125,0.034912109375,-0.0419921875,-0.094482421875,0.005859375,0.094482421875,0.02197265625,-0.05029296875,-0.01123046875,0.0458984375,-0.012939453125,-0.088134765625,-0.030029296875,0.019775390625,-0.031005859375,-0.056396484375,0.013671875,0.06787109375,0.010009765625,-0.008056640625,0.037353515625,0.0009765625,-0.0751953125,-0.059814453125,0.01123046875,-0.074951171875,-0.0390625,0.056884765625,0.049072265625,-0.033203125,-0.0302734375,-0.0302734375,0.020751953125,-0.010986328125,-0.05322265625,-0.01611328125,0.019775390625,-0.04833984375,-0.076171875,0.029296875,0.067626953125,-0.031494140625,-0.06298828125,0.062744140625,0.120361328125,-0.05615234375,-0.16162109375,0.004150390625,0.11669921875,-0.031982421875,-0.157470703125,-0.004638671875,0.13330078125,0.006591796875,-0.00390625,0.060791015625,-0.044677734375,-0.103759765625,-0.013916015625,0.012451171875,-0.069580078125,-0.056640625,0.0400390625,0.0185546875,-0.06884765625,-0.00048828125,0.075927734375,0.075927734375,-0.012939453125,-0.099853515625,-0.014404296875,0.0703125,-0.043701171875,-0.108642578125,-0.009521484375,0.05419921875,0.002197265625,-0.034423828125,0.04296875,0.049072265625,-0.039306640625,-0.035400390625,0.029052734375,0.002685546875,-0.107666015625,-0.073486328125,0.042724609375,0.033447265625,-0.054443359375,-0.01904296875,0.010009765625,-0.090087890625,-0.014404296875,0.063720703125,-0.0283203125,-0.13037109375,-0.033203125,0.066650390625,-0.015869140625,-0.015869140625,-0.06884765625,0.03076171875,0.08740234375,-0.023193359375,-0.058837890625,0.039306640625,0.036376953125,-0.07763671875,-0.0791015625,0.04150390625,0.029541015625,-0.0830078125,-0.051025390625,0.06640625,0.037353515625,-0.076171875,-0.03466796875,0.061279296875,-0.010986328125,-0.111328125,0.048583984375,-0.029052734375,-0.09423828125,0.003662109375,0.0654296875,-0.00927734375,-0.056396484375,0.024169921875,0.058837890625,-0.061767578125,-0.061767578125,-0.1015625,0.014404296875,0.06298828125,-0.044677734375,-0.0849609375,0.024658203125,0.068603515625,-0.024658203125,-0.03369140625,0.056396484375,0.02734375,-0.09375,-0.064453125,0.06591796875,0.019775390625,-0.0966796875,-0.036376953125,0.063720703125,-0.075439453125,-0.001220703125,0.06201171875,-0.041015625,-0.102783203125,0.000732421875,0.072509765625,-0.033203125,-0.09423828125,-0.002197265625,0.0595703125,-0.013427734375,-0.013427734375,-0.0517578125,0.0341796875,0.06298828125,-0.04931640625,-0.078857421875,0.0380859375,0.0537109375,-0.068603515625,-0.0830078125,0.022216796875,0.034912109375,-0.057373046875,-0.032958984375,0.075439453125,0.0224609375,-0.091796875,-0.052978515625,0.051025390625,-0.09814453125,-0.042236328125,0.052001953125,-0.003173828125,-0.07470703125,0.00244140625,0.070068359375,-0.013671875,-0.083740234375,-0.004150390625,0.06689453125,-0.02001953125,-0.02001953125,-0.079833984375,-0.005126953125,0.029296875,-0.042724609375,-0.0458984375,0.0595703125,0.064208984375,-0.045166015625,-0.051513671875,0.041015625,0.0302734375,-0.062744140625,-0.05908203125,0.009765625,-0.0185546875,-0.083984375,0.055419921875,0.04150390625,-0.04345703125,-0.040283203125,0.032470703125,0.007080078125,-0.08154296875,-0.043701171875,0.046142578125,0.001220703125,-0.070068359375,-0.0029296875,0.06494140625,-0.01806640625,-0.01806640625,-0.084716796875,0.006103515625,0.074951171875,0.00341796875,-0.046875,0.01416015625,0.0302734375,-0.0693359375,-0.0888671875,0.02734375,0.060791015625,-0.0341796875,-0.039794921875,0.033203125,0.004150390625,-0.064697265625,0.03173828125,-0.000244140625,-0.0771484375,-0.0576171875,0.0234375,0.004638671875,-0.04248046875,0.007568359375,0.0546875,-0.00927734375,-0.067138671875,-0.0166015625,0.0126953125,-0.0283203125,-0.0283203125,-0.04248046875,0.016357421875,0.030517578125,-0.03125,-0.021240234375,0.046630859375,0.02880859375,-0.03955078125,-0.020263671875,0.046875,0.011962890625,-0.0859375,-0.068359375,0.033935546875,0.02197265625,-0.0537109375,0.069091796875,0.021728515625,-0.07861328125,-0.03271484375,0.06201171875,-0.00341796875,-0.110595703125,-0.052734375,0.046142578125,-0.009033203125,-0.0791015625,-0.00390625,0.078857421875,0.0048828125,-0.065673828125,0.02734375,0.06494140625,-0.049072265625,-0.119384765625,-0.119384765625,-0.019287109375,0.042236328125,-0.061767578125,-0.06640625,0.05419921875,0.0439453125,-0.072509765625,-0.035400390625,0.0712890625,0.011474609375,-0.09228515625,-0.0361328125,-0.013671875,-0.099853515625,-0.015380859375,0.076416015625,-0.003662109375,-0.064697265625,0.0263671875,0.0947265625,-0.013427734375,-0.106689453125,-0.013916015625,0.044677734375,-0.0419921875,-0.067138671875,0.03173828125,0.057373046875,-0.049560546875,-0.047119140625,0.060302734375,0.037109375,0.037109375,-0.067626953125,-0.036865234375,0.0478515625,-0.02294921875,-0.1328125,-0.060791015625,0.05419921875,0.002197265625,-0.076171875,0.0048828125,0.0966796875,-0.094482421875,-0.037109375,0.034423828125,-0.027587890625,-0.09326171875,-0.02392578125,0.050048828125,0.003173828125,-0.02880859375,0.02978515625,0.051025390625,-0.023193359375,-0.0419921875,0.03076171875,0.033203125,-0.077392578125,-0.093505859375,0.0322265625,0.0537109375,0.0537109375,-0.05029296875,-0.039794921875,0.0517578125,0.011474609375,-0.076416015625,-0.0244140625,0.070556640625,0.004150390625,-0.111572265625,-0.05810546875,0.024658203125,-0.064208984375,0.00341796875,0.05419921875,-0.017578125,-0.060791015625,0.0078125,0.0498046875,-0.0302734375,-0.08544921875,-0.010986328125,0.03515625,-0.0205078125,-0.045654296875,0.0078125,0.042724609375,-0.015869140625,-0.02783203125,0.051513671875,0.04150390625,-0.076416015625,-0.10791015625,-0.019287109375,-0.019287109375,0.011474609375,-0.024169921875,-0.001953125,0.057373046875,0.020263671875,-0.059326171875,-0.03564453125,0.02880859375,0.006591796875,-0.051513671875,0.015380859375,-0.002685546875,-0.037841796875,-0.001953125,0.041015625,0.0078125,-0.02734375,0.011474609375,0.03466796875,-0.013671875,-0.06103515625,-0.022705078125,0.015380859375,-0.030517578125,-0.0380859375,0.007568359375,0.010009765625,-0.044677734375,-0.0458984375,0.02197265625,0.02197265625,0.033203125,-0.0244140625,-0.046875,-0.011474609375,-0.01904296875,-0.0615234375,0.006103515625,-0.001220703125,-0.013916015625,0.01123046875,0.029296875,0.0029296875,-0.028076171875,-0.03369140625,-0.028076171875,-0.026611328125,-0.023681640625,0.00927734375,0.033447265625,0.010986328125,-0.00390625,0.033203125,0.02783203125,-0.05029296875,-0.0546875,0.01416015625,0.011962890625,-0.047607421875,-0.040771484375,-0.040771484375,0.01318359375,0.00390625,-0.045654296875,-0.015625,0.04296875,-0.02685546875,-0.01904296875,-0.00048828125,-0.041015625,-0.08544921875,-0.044189453125,0.025634765625,0.015625,-0.021728515625,0.0009765625,0.01708984375,-0.014892578125,-0.037353515625,0.00390625,0.01904296875,-0.046630859375,-0.055908203125,-0.055908203125,-0.0068359375,-0.0263671875,-0.041259765625,0.004638671875,0.0107421875,-0.02685546875,-0.01025390625,0.027099609375,-0.0078125,-0.064697265625,-0.0517578125,0.00732421875,0.00732421875,0.00830078125,-0.00732421875,0.002197265625,-0.021240234375,-0.010498046875,0.025390625,0.03369140625,-0.01953125,-0.060302734375,-0.033203125,0.006103515625,-0.002685546875,-0.002685546875,0.008056640625,0.011474609375,-0.032470703125,-0.02197265625,0.0380859375,0.0224609375,-0.034423828125,-0.05126953125,-0.016357421875,-0.02294921875,-0.052734375,-0.013427734375,-0.013427734375,-0.01025390625,-0.052734375,-0.015625,0.03564453125,-0.009521484375,-0.0537109375,-0.016357421875,0.01171875,-0.012939453125,-0.038818359375,-0.010498046875,0.006591796875,0.006591796875,-0.028564453125,0.011474609375,0.020751953125,-0.002197265625,-0.024658203125,-0.008544921875,-0.005615234375,-0.036376953125,-0.0126953125,0.019775390625,-0.003173828125,-0.030029296875,-0.030029296875,0.015869140625,-0.013427734375,-0.042724609375,0.00048828125,0.01708984375,-0.031982421875,-0.050048828125,-0.00439453125,0.02197265625,-0.02001953125,-0.021484375,0.023193359375,0.023193359375,-0.04736328125,-0.049072265625,0.018310546875,0.01611328125,-0.04296875,-0.0458984375,0.025634765625,0.04736328125,-0.01611328125,-0.041748046875,0.004150390625,0.002197265625,0.002197265625,-0.021484375,0.0478515625,0.0009765625,-0.10791015625,-0.077880859375,0.021484375,0.01220703125,-0.03759765625,0.00537109375,0.064208984375,0.004150390625,-0.079833984375,-0.028564453125,-0.028564453125,-0.030029296875,-0.103271484375,-0.03369140625,0.052490234375,0.03369140625,-0.023193359375,-0.01171875,0.0185546875,-0.006103515625,-0.041015625,0.003662109375,0.064697265625,0.01416015625,-0.071044921875,-0.060546875,-0.009521484375,-0.01025390625,0.00048828125,0.044677734375,0.0419921875,-0.023193359375,-0.05859375,-0.0166015625,-0.005859375,-0.03076171875,-0.033935546875,-0.033447265625,-0.04296875,-0.0458984375,-0.004150390625,0.03515625,0.013671875,-0.022216796875,-0.008544921875,0.01708984375,-0.008544921875,-0.0458984375,-0.033203125,-0.00927734375,-0.01220703125,-0.007568359375,0.0205078125,0.022705078125,-0.017578125,-0.031982421875,0.009033203125,0.038818359375,-0.000244140625,-0.02099609375,0.002197265625,-0.028076171875,-0.076416015625,-0.034912109375,0.0400390625,0.025634765625,-0.020751953125,-0.001220703125,0.017822265625,-0.030517578125,-0.077880859375,-0.03466796875,0.030029296875,-0.0009765625,-0.05615234375,-0.027099609375,0.01904296875,-0.00244140625,-0.025634765625,0.0146484375,0.039306640625,-0.005859375,-0.033935546875,-0.00830078125,0.012451171875,-0.023681640625,-0.06201171875,-0.04150390625,-0.006591796875,-0.000244140625,0.0009765625,0.017333984375,0.014404296875,-0.03125,0.0126953125,0.0126953125,-0.00927734375,-0.0478515625,-0.040283203125,-0.01513671875,-0.02392578125,-0.0244140625,0.033447265625,0.062744140625,0.0068359375,-0.046875,-0.02783203125,-0.017333984375,-0.0478515625,-0.0478515625,0.011962890625,0.0234375,-0.0224609375,-0.021728515625,0.0283203125,0.0234375,-0.033935546875,-0.017333984375,0.050537109375,0.038330078125,-0.05810546875,-0.05810546875,-0.029296875,-0.045166015625,-0.071533203125,-0.01220703125,0.08154296875,0.060546875,-0.02099609375,-0.03271484375,-0.01513671875,-0.0478515625,-0.072509765625,0.035400390625,0.035400390625,0.00634765625,-0.031494140625,-0.01171875,0.014404296875,-0.019287109375,-0.029296875,0.027099609375,0.02392578125,-0.029541015625,-0.03955078125,-0.016357421875,-0.05322265625,-0.05322265625,-0.044921875,0.0068359375,0.0419921875,0.01318359375,-0.00537109375,0.02099609375,-0.0048828125,-0.050048828125,-0.030517578125,-0.00439453125,-0.0439453125,-0.03173828125,-0.03759765625,0.029541015625,0.002197265625,-0.02587890625,0.01318359375,0.025634765625,-0.041015625,0.017333984375,0.01806640625,0.01806640625,-0.04052734375,-0.044921875,0.016845703125,0.036376953125,-0.014404296875,-0.031982421875,0.011474609375,0.023193359375,-0.0205078125,-0.03076171875,-0.036376953125,-0.077392578125,-0.077392578125,-0.038330078125,0.018310546875,0.003173828125,-0.0390625,-0.012939453125,0.037841796875,0.01513671875,-0.025634765625,-0.0166015625,-0.043701171875,-0.08056640625,-0.08056640625,-0.03271484375,0.033447265625,0.006103515625,-0.04736328125,-0.020751953125,0.0478515625,0.0419921875,0.003662109375,0.00634765625,-0.01416015625,-0.052978515625,-0.003173828125,0.039794921875,0.009033203125,0.009033203125,-0.022216796875,0.014892578125,0.014404296875,-0.052490234375,-0.039306640625,0.029296875,0.00244140625,-0.056640625,-0.05126953125,0.007080078125,-0.01123046875,-0.03759765625,-0.03759765625,-0.0302734375,-0.0107421875,0.0,0.025390625,0.05029296875,0.004638671875,-0.064697265625,-0.093505859375,-0.064208984375,-0.012451171875,0.039306640625,0.02783203125,-0.02001953125,-0.02001953125,-0.03271484375,0.020263671875,0.032470703125,-0.013916015625,-0.043701171875,-0.017578125,-0.01708984375,-0.039306640625,-0.01611328125,0.009521484375,-0.069580078125,-0.02099609375,0.07763671875,0.068603515625,0.068603515625,-0.020263671875,-0.051513671875,-0.03173828125,-0.049072265625,-0.052490234375,0.014892578125,0.07177734375,0.017333984375,-0.067626953125,0.040771484375,0.053466796875,0.00341796875,-0.020751953125,-0.020751953125,-0.036865234375,-0.053955078125,-0.041259765625,0.0087890625,0.033935546875,-0.00146484375,-0.0439453125,-0.038330078125,-0.007568359375,0.024658203125,0.00244140625,-0.031494140625,-0.065185546875,-0.065185546875,-0.037353515625,0.02392578125,-0.001220703125,-0.037841796875,-0.02685546875,-0.023193359375,-0.03271484375,0.007568359375,0.046142578125,-0.071533203125,-0.095947265625,-0.00537109375,0.08349609375,0.08349609375,0.0224609375,-0.05712890625,-0.010009765625,0.017822265625,-0.02392578125,0.00390625,0.06787109375,0.018798828125,-0.124755859375,-0.02685546875,0.073486328125,0.05419921875,0.05419921875,-0.044189453125,-0.0517578125,0.005615234375,-0.028076171875,-0.02392578125,0.06005859375,0.04638671875,-0.076416015625,-0.048095703125,0.016357421875,0.028076171875,0.028076171875,0.00634765625,-0.006103515625,-0.034912109375,-0.035400390625,0.016357421875,0.030517578125,-0.03466796875,-0.093017578125,-0.02587890625,0.022216796875,0.02880859375,0.02880859375,0.037841796875,-0.0068359375,-0.064208984375,-0.01611328125,0.040771484375,-0.002685546875,-0.009765625,-0.02294921875,-0.061767578125,-0.064697265625,-0.001953125,-0.001953125,0.079833984375,0.0537109375,-0.04833984375,-0.047607421875,0.03955078125,0.028076171875,-0.063232421875,-0.024658203125,0.0283203125,-0.00048828125,-0.00048828125,-0.08056640625,-0.04150390625,0.072265625,0.111083984375,0.044189453125,-0.053466796875,0.0390625,0.0546875,0.0048828125,-0.071533203125,-0.080322265625,-0.080322265625,-0.016845703125,-0.010498046875,-0.04931640625,-0.032958984375,0.011962890625,0.032470703125,-0.03759765625,-0.0009765625,0.053955078125,-0.021484375,-0.089111328125,-0.089111328125,-0.05615234375,-0.0029296875,0.015625,-0.000732421875,-0.052978515625,0.009033203125,0.017333984375,-0.0185546875,-0.012939453125,-0.0048828125,-0.01318359375,-0.01318359375,-0.031494140625,-0.038818359375,-0.03125,-0.004150390625,-0.003173828125,-0.0029296875,0.0068359375,0.0341796875,-0.001953125,-0.056396484375,-0.065673828125,-0.008544921875,-0.008544921875,0.043212890625,0.035888671875,-0.000732421875,-0.052978515625,-0.0224609375,0.01611328125,0.00830078125,-0.01123046875,-0.034423828125,0.0205078125,-0.017822265625,-0.062744140625,0.010986328125,0.010986328125,-0.00634765625,-0.04296875,0.037109375,0.00048828125,-0.041748046875,0.05322265625,-0.1142578125,-0.00244140625,0.0361328125,-0.03662109375,0.005615234375,0.013916015625,-0.037109375,-0.037109375,-0.009033203125,-0.005126953125,-0.0205078125,0.017333984375,-0.00390625,-0.037841796875,-0.00341796875,0.025146484375,0.0234375,-0.0322265625,-0.062255859375,-0.02734375,0.001953125,0.001953125,0.008544921875,0.0029296875,-0.013671875,-0.01025390625,-0.011962890625,-0.032470703125,-0.00244140625,-0.00439453125,-0.004638671875,0.009033203125,0.0078125,0.008056640625,-0.005859375,-0.005859375,-0.03076171875,-0.023681640625,-0.004150390625,0.00732421875,0.00732421875,-0.034423828125,-0.058837890625,-0.05224609375,-0.03173828125,0.00146484375,0.020263671875,0.01123046875,-0.000244140625,-0.000244140625,-0.019287109375,-0.0205078125,0.017333984375,0.044677734375,0.00927734375,-0.015869140625,-0.051025390625,-0.06640625,-0.009521484375,-0.005615234375,-0.034423828125,0.0087890625,0.00439453125,-0.06591796875,-0.06591796875,-0.000244140625,0.040771484375,-0.035888671875,0.05615234375,-0.05078125,0.0380859375,-0.078369140625,-0.035400390625,0.013916015625,-0.0771484375,0.001953125,-0.045166015625,-0.0009765625,0.00146484375,0.00146484375,-0.036376953125,-0.010986328125,-0.028564453125,0.0068359375,-0.0029296875,0.02587890625,0.003173828125,-0.018310546875,-0.025634765625,-0.035888671875,-0.0234375,-0.0390625,-0.0390625,0.0009765625,-0.002197265625,-0.021240234375,-0.013671875,0.004638671875,0.0029296875,-0.033935546875,0.02978515625,-0.006591796875,-0.005615234375,0.01611328125,0.01611328125,-0.0361328125,0.007568359375,0.026123046875,-0.027587890625,-0.022705078125,-0.037353515625,-0.0205078125,0.002685546875,-0.016845703125,0.01708984375,0.029296875,-0.029296875,-0.029296875,-0.01708984375,-0.010009765625,-0.030029296875,-0.013671875,-0.026611328125,-0.024658203125,-0.006103515625,0.02294921875,-0.03466796875,-0.025390625,-0.025390625,-0.0263671875,-0.0263671875,-0.013671875,-0.03955078125,-0.014404296875,0.031982421875,-0.000244140625,-0.037841796875,-0.01611328125,-0.017333984375,-0.0048828125,-0.020263671875,-0.0126953125,0.0361328125,0.0361328125,0.02880859375,-0.022705078125,-0.07861328125,-0.037109375,-0.021728515625,-0.018798828125,0.025390625,0.060546875,0.02392578125,-0.018798828125,-0.0126953125,-0.01806640625,-0.01806640625,-0.01806640625,-0.030517578125,-0.01708984375,-0.027099609375,-0.059326171875,0.003662109375,0.03125,0.013427734375,0.031982421875,0.019287109375,-0.024169921875,-0.024169921875,-0.017333984375,-0.01220703125,-0.013671875,0.030517578125,0.061279296875,0.041748046875,-0.008056640625,-0.02001953125,-0.03173828125,-0.0693359375,-0.080322265625,-0.01025390625,0.045654296875,0.045654296875,0.0205078125,-0.005859375,0.001708984375,-0.017578125,-0.029541015625,-0.04296875,-0.0078125,0.009765625,-0.026123046875,-0.037353515625,-0.019287109375,-0.035888671875,-0.02734375,-0.04345703125,-0.04345703125,-0.0439453125,-0.00439453125,0.02197265625,0.012939453125,-0.019287109375,-0.03515625,-0.019287109375,-0.034423828125,-0.050048828125,-0.004638671875,0.004150390625,-0.00732421875,-0.02294921875,-0.02294921875,-0.02294921875,0.040283203125,0.021484375,-0.000244140625,-0.019775390625,-0.045166015625,-0.03662109375,-0.02294921875,-0.01123046875,0.01611328125,0.049072265625,0.036376953125,0.020263671875,0.020263671875,-0.00341796875,-0.02197265625,-0.014892578125,-0.045654296875,-0.02099609375,0.020751953125,0.0048828125,0.00048828125,0.00244140625,-0.03466796875,-0.039306640625,-0.007080078125,-0.007568359375,-0.007568359375,-0.011474609375,-0.0078125,-0.01416015625,-0.056884765625,-0.051513671875,0.011474609375,-0.004150390625,-0.040283203125,-0.01953125,0.0,-0.039306640625,-0.0419921875,-0.019775390625,-0.019775390625,-0.0009765625,-0.012451171875,-0.002197265625,0.022216796875,0.009521484375,-0.042236328125,-0.035888671875,0.026123046875,0.0087890625,-0.04052734375,-0.03125,0.01953125,0.011474609375,0.011474609375,-0.036865234375,0.011962890625,-0.009521484375,-0.0244140625,-0.005859375,0.017822265625,0.009033203125,-0.020263671875,-0.003173828125,0.004150390625,-0.052978515625,-0.059326171875,0.032470703125,0.04052734375,0.04052734375,-0.038330078125,-0.000244140625,0.00341796875,-0.034423828125,-0.032958984375,0.0390625,0.019287109375,-0.05908203125,-0.0439453125,0.038818359375,0.010498046875,0.010498046875,0.0068359375,0.000732421875,-0.054443359375,-0.060302734375,-0.000244140625,0.03466796875,-0.03857421875,-0.05908203125,0.0126953125,0.007080078125,-0.06298828125,-0.045166015625,-0.045166015625,0.037109375,-0.08935546875,-0.0341796875,0.082275390625,0.026611328125,-0.0703125,-0.03564453125,0.049560546875,0.001220703125,-0.091796875,-0.047119140625,-0.047119140625,0.016357421875,-0.06591796875,-0.017822265625,0.051025390625,-0.002685546875,-0.07421875,0.002197265625,0.05908203125,-0.0361328125,-0.081298828125,0.008056640625,0.0400390625,-0.052734375,-0.085693359375,0.033935546875,0.071044921875,-0.047119140625,-0.10302734375,0.0126953125,0.051025390625,-0.09521484375,-0.115234375,0.065673828125,0.091064453125,-0.052001953125,-0.046142578125,0.08154296875,0.04443359375,-0.0888671875,-0.06591796875,0.04052734375,-0.01318359375,-0.12255859375,-0.037353515625,0.117919921875,0.040283203125,-0.089111328125,-0.004638671875,0.08740234375,-0.0234375,-0.123779296875,-0.016357421875,0.086181640625,-0.0185546875,-0.11572265625,0.019287109375,0.092041015625,-0.03369140625,-0.1025390625,0.020263671875,0.055419921875,-0.082763671875,-0.101318359375,0.078125,0.115966796875,-0.082763671875,-0.115478515625,0.062744140625,0.056640625,-0.115478515625,-0.095947265625,0.115478515625,0.11962890625,-0.094482421875,-0.094482421875,0.0732421875,0.044921875,-0.16162109375,-0.118408203125,0.09033203125,0.069091796875,-0.1162109375,-0.04345703125,0.1298828125,0.03564453125,-0.127685546875,-0.036376953125,0.069580078125,-0.06591796875,-0.155517578125,0.013427734375,0.13623046875,-0.00048828125,-0.106201171875,0.03759765625,0.08349609375,-0.11865234375,-0.150146484375,0.0966796875,0.140380859375,-0.072021484375,-0.099365234375,0.092529296875,0.0947265625,-0.103271484375,-0.100341796875,0.1064453125,0.08642578125,-0.138427734375,-0.11083984375,0.114013671875,0.08935546875,-0.11865234375,-0.093505859375,0.085205078125,0.032958984375,-0.171630859375,-0.0546875,0.1640625,0.040771484375,-0.138916015625,-0.006591796875,0.15576171875,-0.003173828125,-0.201171875,-0.039306640625,0.119140625,-0.05322265625,-0.173095703125,0.04541015625,-0.025634765625,-0.025634765625,-0.166259765625,0.016357421875,0.11572265625,-0.077880859375,-0.16748046875,0.04443359375,0.11181640625,-0.083740234375,-0.10888671875,0.078369140625,0.087646484375,-0.120849609375,0.09228515625,0.09228515625,0.0625,-0.138671875,-0.065673828125,0.140869140625,0.056640625,-0.163818359375,-0.085693359375,0.1376953125,0.06787109375,-0.128662109375,-0.023681640625,0.14990234375,-0.15234375,-0.15234375,-0.0390625,0.115234375,-0.010986328125,-0.139404296875,0.013916015625,0.135986328125,-0.0234375,-0.136962890625,0.025390625,0.130615234375,-0.056396484375,-0.15478515625,0.02783203125,-0.09033203125,-0.09033203125,-0.164306640625,0.037353515625,0.10546875,-0.093994140625,-0.11181640625,0.076904296875,0.0625,-0.126220703125,-0.089111328125,0.0947265625,-0.14404296875,-0.14404296875,-0.08642578125,0.113037109375,0.08203125,-0.110595703125,-0.0595703125,0.116943359375,0.0302734375,-0.12109375,-0.041015625,0.033935546875,-0.111328125,-0.111328125,-0.049560546875,0.0654296875,-0.0146484375,-0.082763671875,0.03857421875,0.099609375,-0.048828125,-0.111083984375,0.0263671875,-0.050048828125,-0.1005859375,-0.1005859375,0.0205078125,0.028564453125,-0.091796875,-0.048583984375,0.098876953125,0.073486328125,-0.07763671875,-0.04052734375,0.081298828125,-0.125732421875,-0.05224609375,-0.05224609375,0.062255859375,0.003173828125,-0.106201171875,-0.009033203125,0.108154296875,0.01318359375,-0.095703125,-0.038330078125,-0.068359375,-0.1279296875,0.0126953125,0.0126953125,0.099365234375,-0.038818359375,-0.085693359375,0.062255859375,0.082763671875,-0.090576171875,-0.106201171875,0.070068359375,-0.087158203125,-0.08740234375,-0.08740234375,0.07470703125,0.073486328125,-0.08447265625,-0.07470703125,0.072021484375,0.051513671875,-0.09033203125,-0.042236328125,0.10205078125,-0.087890625,-0.03173828125,0.0625,0.0625,-0.0302734375,-0.142333984375,-0.0498046875,0.085693359375,0.015380859375,-0.0732421875,0.012451171875,-0.05078125,-0.0986328125,-0.01171875,0.021484375,0.021484375,-0.06103515625,-0.0537109375,0.0751953125,0.07568359375,-0.0703125,-0.06787109375,0.04296875,0.01171875,-0.096435546875,-0.05322265625,0.051513671875,-0.0673828125,-0.031982421875,0.0810546875,0.0810546875,0.015869140625,-0.096435546875,-0.03955078125,0.0595703125,-0.009521484375,-0.08349609375,0.0341796875,0.09814453125,-0.11962890625,-0.010498046875,0.048828125,-0.046630859375,-0.063720703125,-0.063720703125,0.045654296875,0.076904296875,-0.033203125,-0.064208984375,0.027587890625,0.01025390625,-0.114013671875,-0.072265625,0.02392578125,-0.074951171875,-0.01220703125,0.095947265625,0.006103515625,0.006103515625,-0.12646484375,-0.049560546875,0.0732421875,0.006591796875,-0.10400390625,-0.033935546875,0.085693359375,0.00439453125,-0.000732421875,0.0625,-0.0537109375,-0.110107421875,0.01904296875,0.01904296875,0.089111328125,-0.0166015625,-0.056884765625,0.03515625,0.0458984375,-0.08056640625,-0.087890625,0.04931640625,-0.06591796875,-0.044189453125,0.102783203125,0.06591796875,-0.10400390625,-0.10400390625,-0.103515625,0.029296875,0.01318359375,-0.0859375,-0.0087890625,0.10888671875,0.02685546875,-0.10595703125,0.034912109375,-0.01611328125,-0.07861328125,-0.007080078125,0.062744140625,0.062744140625,-0.015869140625,-0.080810546875,-0.001953125,0.04833984375,-0.0517578125,-0.082275390625,0.022216796875,0.06982421875,-0.025390625,0.05615234375,0.03173828125,-0.0751953125,-0.0703125,-0.0703125,0.036865234375,0.035888671875,-0.05078125,-0.032470703125,0.057861328125,0.015869140625,-0.072509765625,0.058837890625,-0.01123046875,-0.10791015625,-0.02880859375,0.065673828125,0.065673828125,0.006103515625,-0.06103515625,0.00927734375,0.048095703125,-0.064453125,-0.098876953125,0.053466796875,-0.05029296875,-0.088134765625,0.013671875,0.078369140625,-0.0185546875,-0.0185546875,-0.066162109375,0.0234375,0.01318359375,-0.091796875,-0.04833984375,0.0830078125,-0.095458984375,-0.050537109375,0.057373046875,0.01025390625,-0.0771484375,-0.01220703125,-0.01220703125,0.089599609375,0.001708984375,-0.103271484375,-0.024658203125,0.073486328125,-0.1103515625,-0.029541015625,0.043701171875,-0.026123046875,-0.056640625,0.031982421875,0.031982421875,0.08349609375,-0.01904296875,-0.08935546875,-0.01123046875,0.036865234375,-0.043212890625,0.018310546875,0.017822265625,-0.072509765625,-0.060546875,0.058837890625,0.0556640625,0.0556640625,-0.04541015625,-0.044677734375,0.04638671875,0.0283203125,-0.068115234375,0.030029296875,-0.01708984375,-0.087890625,-0.035888671875,0.06005859375,0.027587890625,-0.065673828125,-0.065673828125,-0.031005859375,0.052001953125,-0.00341796875,-0.092529296875,-0.028564453125,-0.009033203125,-0.08251953125,0.009765625,0.08056640625,-0.02978515625,-0.09326171875,-0.09326171875,0.005859375,0.05810546875,-0.02880859375,-0.068115234375,0.03076171875,-0.070556640625,-0.050537109375,0.058837890625,0.021484375,-0.079345703125,-0.026123046875,0.08837890625,0.01806640625,0.01806640625,-0.099609375,-0.03271484375,0.058837890625,-0.029296875,-0.10302734375,0.05224609375,0.01611328125,-0.03857421875,-0.003662109375,0.03515625,-0.024169921875,-0.059814453125,-0.0126953125,-0.0126953125,0.00390625,-0.06640625,-0.055419921875,0.059326171875,0.061279296875,-0.040771484375,0.043212890625,0.0107421875,-0.0947265625,-0.039306640625,0.086669921875,0.011474609375,-0.103515625,-0.103515625,-0.0341796875,0.06201171875,-0.00390625,-0.087158203125,-0.0166015625,-0.005615234375,-0.091064453125,-0.017333984375,0.0673828125,-0.020263671875,-0.115478515625,-0.037353515625,0.073974609375,0.073974609375,0.010009765625,-0.065185546875,0.021240234375,0.063720703125,-0.076904296875,0.0068359375,0.02197265625,-0.046875,-0.028564453125,0.056884765625,0.04833984375,-0.05615234375,-0.0498046875,-0.0498046875,0.0517578125,0.013427734375,-0.07861328125,-0.040283203125,0.013427734375,-0.074462890625,-0.04541015625,0.038818359375,0.011962890625,-0.067626953125,-0.055419921875,0.036376953125,0.004638671875,0.004638671875,-0.058837890625,-0.00341796875,0.036865234375,-0.0380859375,-0.01611328125,0.02392578125,-0.038330078125,-0.030517578125,0.061279296875,0.063232421875,-0.046630859375,-0.07666015625,0.0078125,0.0078125,0.017822265625,-0.053955078125,-0.044921875,0.043701171875,-0.06982421875,-0.027099609375,0.08056640625,0.039306640625,-0.072265625,-0.0693359375,0.016357421875,0.005859375,-0.056396484375,-0.029541015625,-0.029541015625,0.035888671875,-0.009033203125,-0.059326171875,0.050537109375,-0.00439453125,-0.062255859375,-0.01953125,0.02734375,-0.01611328125,-0.02978515625,0.026123046875,0.010986328125,0.010986328125,-0.067626953125,-0.05126953125,0.0234375,-0.0478515625,-0.01708984375,0.059326171875,0.01513671875,-0.053955078125,-0.0419921875,-0.003662109375,-0.031982421875,-0.031982421875,-0.08203125,-0.013916015625,0.088623046875,-0.046142578125,-0.0068359375,0.031982421875,-0.044189453125,-0.0888671875,-0.005615234375,0.0517578125,-0.016845703125,-0.055908203125,-0.055908203125,0.015625,0.060791015625,-0.072509765625,0.01025390625,0.050048828125,-0.024658203125,-0.0419921875,0.0224609375,0.0205078125,-0.0576171875,-0.056640625,0.02978515625,0.02978515625,0.02392578125,-0.056884765625,0.047607421875,0.0224609375,-0.066650390625,-0.02294921875,0.045166015625,-0.017822265625,-0.078857421875,-0.039306640625,0.03466796875,-0.00146484375,-0.00146484375,-0.06884765625,-0.0185546875,0.017333984375,-0.04345703125,-0.016357421875,0.000244140625,-0.048583984375,-0.05859375,0.01025390625,0.03369140625,-0.020751953125,-0.0224609375,-0.0224609375,0.0458984375,-0.0703125,-0.088134765625,0.015625,0.046875,-0.02685546875,-0.03564453125,0.0234375,-0.01171875,-0.055908203125,-0.01513671875,-0.01513671875,0.035400390625,-0.063232421875,-0.0244140625,0.0419921875,0.005859375,-0.04296875,-0.00927734375,0.01171875,-0.056640625,-0.07470703125,0.01904296875,0.0556640625,-0.010986328125,-0.010986328125,-0.043212890625,0.044189453125,-0.052490234375,-0.080322265625,-0.001708984375,0.006591796875,-0.03955078125,-0.026123046875,0.034912109375,0.03076171875,-0.02734375,-0.018310546875,0.012451171875,0.012451171875,-0.035400390625,-0.04833984375,0.045166015625,0.014892578125,-0.024658203125,0.00732421875,0.041015625,-0.01220703125,-0.06787109375,-0.021728515625,0.01318359375,-0.015869140625,-0.04052734375,-0.04052734375,0.073974609375,-0.022216796875,-0.06396484375,-0.0048828125,-0.00244140625,-0.037841796875,-0.024658203125,0.0439453125,0.052001953125,-0.032958984375,-0.06005859375,-0.007080078125,-0.02197265625,-0.02197265625,-0.0458984375,0.072265625,0.032958984375,-0.051513671875,-0.01220703125,0.041015625,-0.03369140625,-0.10009765625,-0.054931640625,0.040771484375,0.01904296875,-0.054931640625,0.00341796875,0.06103515625,0.06103515625,-0.088134765625,-0.0205078125,0.05810546875,-0.017578125,-0.067626953125,0.018798828125,0.058349609375,-0.020751953125,-0.0703125,-0.002685546875,0.038818359375,-0.03662109375,-0.059326171875,-0.059326171875,0.03759765625,-0.0556640625,-0.058837890625,0.0224609375,0.014404296875,-0.057373046875,-0.051513671875,0.023193359375,0.02001953125,-0.03369140625,0.0,0.034423828125,-0.032470703125,-0.032470703125,-0.01123046875,0.032958984375,-0.014892578125,-0.0439453125,0.003173828125,0.03125,-0.031982421875,-0.069580078125,0.02685546875,0.047119140625,-0.048095703125,-0.04296875,0.052734375,0.03466796875,-0.0791015625,-0.06884765625,0.02587890625,0.004150390625,-0.07763671875,-0.03515625,0.074951171875,0.046142578125,-0.04150390625,-0.0302734375,0.014404296875,-0.033447265625,-0.076904296875,-0.0068359375,0.059326171875,-0.0087890625,-0.04345703125,0.017333984375,0.0263671875,-0.0439453125,-0.0439453125,0.01318359375,0.024169921875,-0.02880859375,-0.025390625,0.042236328125,-0.005859375,-0.09130859375,-0.044921875,0.03466796875,-0.012939453125,-0.074951171875,-0.01806640625,0.068359375,0.03857421875,-0.04931640625,-0.0283203125,0.04052734375,0.015869140625,-0.04833984375,-0.066162109375,0.0283203125,0.052734375,-0.03173828125,-0.088623046875,-0.031494140625,0.0791015625,0.02587890625,-0.092529296875,-0.06005859375,0.07958984375,0.088623046875,-0.0771484375,-0.12255859375,0.0048828125,0.12939453125,0.04296875,-0.167724609375,-0.11083984375,0.06005859375,0.08984375,-0.03759765625,-0.139404296875,0.003173828125,0.09033203125,0.026611328125,-0.055908203125,-0.1123046875,0.018798828125,0.111328125,-0.038818359375,-0.10791015625,-0.01708984375,0.03857421875,0.048583984375,-0.067138671875,-0.140380859375,0.036865234375,0.0947265625,0.0048828125,-0.03564453125,-0.053466796875,0.02099609375,0.01318359375,-0.023193359375,-0.022705078125,-0.003173828125,0.02392578125,-0.071533203125,-0.071533203125,-0.043212890625,0.021240234375,0.05078125,-0.0390625,-0.050537109375,-0.01953125,0.031494140625,0.018310546875,-0.046142578125,-0.015625,0.00537109375,0.02880859375,-0.023193359375,-0.023193359375,-0.002685546875,0.013427734375,0.010986328125,-0.111328125,0.003662109375,0.029052734375,0.01953125,0.07177734375,-0.11669921875,0.003662109375,0.045654296875,0.01416015625,-0.0537109375,-0.0537109375,-0.03759765625,0.078857421875,-0.037353515625,0.000732421875,0.0380859375,-0.01220703125,0.003662109375,-0.089599609375,-0.0771484375,0.033203125,0.00732421875,0.00048828125,0.0302734375,0.0302734375,0.0126953125,-0.069580078125,-0.066650390625,0.029296875,0.0546875,0.005126953125,-0.04638671875,-0.028076171875,0.029296875,0.020263671875,-0.0498046875,-0.0234375,-0.0234375,0.02685546875,-0.02294921875,-0.08544921875,0.0068359375,0.13623046875,0.033447265625,-0.16943359375,-0.105712890625,0.122802734375,0.119140625,-0.124755859375,0.029052734375,0.17041015625,0.17041015625,-0.08154296875,-0.21142578125,0.05029296875,0.189697265625,-0.0458984375,-0.20751953125,0.002685546875,0.165771484375,0.0126953125,-0.140380859375,-0.02978515625,0.037841796875,-0.155029296875,-0.155029296875,-0.035888671875,0.10107421875,0.000244140625,-0.08447265625,-0.01513671875,-0.00390625,-0.03955078125,0.0654296875,0.0693359375,-0.105712890625,-0.0732421875,0.0234375,-0.076416015625,-0.076416015625,0.01171875,0.07373046875,-0.024169921875,-0.029541015625,0.0,-0.05224609375,-0.01904296875,0.04150390625,-0.038330078125,-0.078125,0.032470703125,-0.08740234375,-0.02978515625,0.02978515625,0.02978515625,-0.06103515625,-0.048828125,0.02099609375,-0.02685546875,-0.042724609375,0.045654296875,0.001708984375,-0.088623046875,0.001220703125,-0.095703125,0.007080078125,0.108642578125,0.108642578125,-0.042724609375,-0.135986328125,0.01904296875,0.0458984375,-0.083984375,-0.028564453125,0.0380859375,-0.042724609375,-0.02587890625,-0.023681640625,-0.045654296875,0.064697265625,0.064697265625,0.010498046875,-0.100341796875,0.025146484375,0.077880859375,-0.05224609375,-0.0166015625,0.111572265625,0.00244140625,0.02197265625,0.116455078125,-0.0263671875,-0.0263671875,-0.05859375,0.02294921875,0.0107421875,-0.02734375,-0.00146484375,-0.019775390625,-0.042236328125,0.0419921875,-0.066650390625,0.0244140625,0.043701171875,-0.07763671875,-0.07763671875,-0.040771484375,0.09375,-0.00439453125,-0.153564453125,-0.004638671875,0.103515625,-0.0419921875,-0.085693359375,0.008056640625,-0.05029296875,-0.027099609375,-0.025634765625,-0.025634765625,-0.0556640625,0.01806640625,0.016845703125,-0.074462890625,-0.034912109375,0.00390625,-0.045166015625,0.06494140625,-0.027587890625,-0.11669921875,0.02734375,0.02734375,0.07568359375,-0.0546875,-0.037841796875,0.033447265625,-0.021484375,-0.048095703125,0.02490234375,-0.01025390625,0.0380859375,0.027099609375,-0.0859375,-0.01318359375,-0.01318359375,0.063232421875,-0.02197265625,-0.045166015625,0.0595703125,0.013427734375,-0.10888671875,0.00830078125,0.088134765625,-0.048095703125,0.056396484375,0.021728515625,-0.078125,-0.0009765625,-0.0009765625,0.046142578125,-0.035888671875,-0.0029296875,0.0322265625,-0.033447265625,-0.019287109375,0.0107421875,-0.058349609375,0.064208984375,0.012451171875,-0.128173828125,-0.0087890625,0.094482421875,0.094482421875,-0.03125,-0.08251953125,0.02587890625,0.02197265625,-0.080810546875,-0.022216796875,0.0234375,-0.034423828125,0.00146484375,-0.063232421875,-0.02734375,0.01318359375,-0.07177734375,-0.07177734375,-0.06494140625,0.095947265625,0.035400390625,-0.1533203125,-0.05322265625,0.072265625,-0.012939453125,0.019775390625,-0.0146484375,-0.0615234375,0.037353515625,0.021484375,-0.069580078125,-0.069580078125,0.013427734375,0.05078125,-0.05224609375,-0.0390625,0.051513671875,-0.0166015625,-0.077880859375,0.075927734375,-0.11572265625,-0.076171875,0.1025390625,0.0615234375,-0.084228515625,-0.084228515625,-0.032958984375,0.046142578125,-0.007080078125,0.00244140625,0.004638671875,-0.041015625,0.0087890625,-0.027099609375,-0.048095703125,0.0283203125,-0.021728515625,-0.088623046875,0.05224609375,0.05224609375,0.084716796875,-0.1064453125,-0.11328125,0.0458984375,0.0361328125,-0.07470703125,-0.037841796875,-0.038818359375,0.015869140625,-0.003662109375,-0.088134765625,-0.0078125,0.073974609375,-0.039794921875,-0.039794921875,-0.093017578125,0.034423828125,0.01904296875,-0.077392578125,0.031982421875,0.08251953125,-0.11669921875,0.07080078125,0.08203125,-0.076416015625,-0.0576171875,0.029296875,-0.004638671875,-0.004638671875,-0.013671875,-0.0126953125,-0.034912109375,0.009033203125,0.0439453125,-0.05029296875,0.053466796875,-0.003662109375,-0.09814453125,0.04150390625,0.1083984375,0.1083984375,-0.068115234375,-0.109130859375,0.06201171875,0.0703125,-0.072021484375,0.005859375,-0.01416015625,0.024658203125,0.012451171875,-0.070068359375,-0.0244140625,0.071044921875,0.071044921875,-0.014404296875,-0.09375,0.019287109375,0.018798828125,-0.07470703125,0.0927734375,-0.0546875,-0.13427734375,0.025390625,0.080810546875,-0.056396484375,-0.054931640625,-0.054931640625,0.02685546875,-0.00537109375,-0.030029296875,-0.009521484375,-0.02490234375,0.029052734375,-0.01708984375,-0.075439453125,0.023193359375,0.017333984375,-0.082275390625,-0.082275390625,0.002685546875,0.08056640625,-0.055419921875,-0.123046875,0.0771484375,-0.06005859375,-0.037841796875,0.014404296875,-0.039794921875,-0.0146484375,0.037109375,-0.0263671875,-0.0263671875,-0.05224609375,0.039306640625,0.0009765625,-0.097412109375,0.032958984375,-0.086181640625,-0.03515625,0.092529296875,-0.000244140625,-0.118896484375,0.014404296875,0.072265625,0.072265625,-0.043212890625,-0.031494140625,0.02294921875,-0.006103515625,0.039794921875,-0.037353515625,-0.059326171875,0.06787109375,0.025390625,-0.107177734375,-0.001220703125,-0.001220703125,0.0546875,-0.04931640625,-0.0146484375,0.0859375,-0.12890625,0.037109375,0.079345703125,-0.072509765625,-0.0400390625,0.05029296875,-0.018798828125,-0.053955078125,0.01171875,0.01171875,-0.0146484375,-0.041748046875,0.06005859375,0.011962890625,-0.0166015625,0.042236328125,-0.06689453125,-0.052734375,0.060546875,-0.022216796875,-0.1240234375,0.02294921875,0.065673828125,0.065673828125,-0.064453125,-0.047607421875,0.028076171875,-0.028076171875,0.040771484375,-0.00146484375,-0.07763671875,0.0322265625,0.044677734375,-0.094970703125,-0.042724609375,0.08447265625,0.0068359375,0.0068359375,-0.087646484375,0.02734375,0.0625,-0.046142578125,0.03271484375,-0.02734375,-0.044189453125,0.04248046875,0.026123046875,-0.0595703125,-0.00048828125,0.0263671875,-0.041748046875,-0.041748046875,0.011474609375,0.06103515625,-0.041259765625,0.042236328125,0.032470703125,-0.068603515625,-0.009033203125,0.025390625,-0.045166015625,-0.009521484375,0.00439453125,-0.056884765625,-0.005859375,-0.005859375,0.073486328125,-0.044921875,-0.13623046875,0.068603515625,-0.06787109375,-0.0302734375,0.0478515625,-0.04296875,-0.076904296875,0.0302734375,0.0107421875,-0.08935546875,0.007080078125,0.007080078125,0.06103515625,-0.059326171875,0.028076171875,0.001220703125,-0.0419921875,0.001708984375,-0.010498046875,-0.036865234375,0.0390625,-0.008056640625,-0.091552734375,0.02783203125,0.082275390625,0.082275390625,-0.06982421875,-0.093017578125,0.0537109375,-0.06494140625,-0.000732421875,0.018310546875,-0.0498046875,0.004638671875,0.013427734375,-0.07177734375,-0.017822265625,0.105224609375,-0.003173828125,-0.132568359375,0.01953125,0.01953125,0.080810546875,-0.05517578125,0.053955078125,-0.002685546875,-0.080322265625,0.006591796875,0.024169921875,-0.053466796875,-0.001708984375,0.01513671875,-0.05810546875,-0.05810546875,-0.02392578125,0.018798828125,-0.03515625,0.067626953125,-0.002197265625,-0.13134765625,-0.00390625,0.093994140625,-0.029052734375,-0.08154296875,0.01953125,0.026123046875,0.026123046875,-0.060302734375,0.023681640625,-0.04541015625,0.003173828125,0.03369140625,-0.0390625,-0.03369140625,0.025390625,-0.0283203125,-0.06787109375,0.05419921875,0.0458984375,0.0458984375,-0.11669921875,0.0869140625,0.01220703125,-0.065185546875,-0.00927734375,0.008544921875,-0.02587890625,0.02978515625,-0.0166015625,-0.080322265625,0.037353515625,0.037353515625,0.056640625,-0.05908203125,0.048828125,-0.024658203125,-0.0791015625,0.076416015625,0.061767578125,-0.1396484375,-0.070068359375,0.102294921875,0.025390625,-0.09716796875,-0.09716796875,-0.01513671875,-0.043701171875,-0.0205078125,-0.00341796875,-0.035888671875,0.025146484375,0.0361328125,-0.059326171875,-0.044189453125,0.0458984375,-0.034912109375,-0.08251953125,-0.08251953125,0.033447265625,-0.12158203125,-0.03662109375,0.088623046875,-0.006591796875,-0.087158203125,0.020263671875,0.03466796875,-0.07177734375,-0.019775390625,0.026123046875,-0.02392578125,-0.02392578125,0.0205078125,-0.03369140625,-0.029296875,0.04638671875,-0.034912109375,-0.104248046875,0.06005859375,0.101318359375,-0.10498046875,-0.13037109375,0.06494140625,0.083251953125,0.083251953125,-0.0546875,0.03076171875,-0.00830078125,-0.012451171875,-0.017333984375,-0.051025390625,-0.000244140625,0.0673828125,-0.016357421875,-0.0966796875,0.030517578125,0.059326171875,-0.069580078125,-0.069580078125,0.0595703125,-0.02197265625,-0.083251953125,0.015869140625,0.030029296875,-0.063720703125,-0.005615234375,0.02734375,-0.067626953125,-0.03662109375,0.037353515625,-0.0126953125,-0.045654296875,-0.045654296875,0.015625,-0.087646484375,0.002197265625,0.05615234375,-0.038818359375,-0.026123046875,0.035888671875,-0.009521484375,-0.028076171875,0.023193359375,-0.02978515625,-0.066650390625,0.0625,0.039794921875,-0.123779296875,-0.051513671875,0.0849609375,0.002685546875,-0.098388671875,-0.02099609375,0.021240234375,-0.01904296875,0.016357421875,-0.026123046875,-0.088134765625,0.02490234375,0.090087890625,-0.0517578125,-0.12158203125,0.030029296875,0.072021484375,-0.03564453125,-0.020263671875,0.001220703125,-0.029052734375,0.012451171875,0.006103515625,-0.083984375,-0.048095703125,0.096435546875,0.02587890625,-0.12451171875,-0.025390625,0.0458984375,-0.02685546875,-0.0107421875,0.035888671875,-0.042724609375,-0.086669921875,0.05224609375,0.06201171875,-0.08251953125,-0.042724609375,0.05908203125,-0.01171875,-0.077880859375,0.01611328125,0.05029296875,-0.035400390625,-0.01416015625,0.007568359375,-0.059814453125,-0.015625,0.041748046875,-0.018310546875,-0.04541015625,0.01123046875,-0.0029296875,-0.03271484375,0.0322265625,-0.030517578125,-0.10546875,0.03759765625,0.096923828125,-0.075927734375,-0.113037109375,0.067626953125,0.056884765625,-0.094970703125,-0.027587890625,0.045166015625,-0.044677734375,0.024169921875,0.024169921875,-0.021484375,-0.0322265625,0.03466796875,-0.010986328125,-0.0703125,0.0234375,-0.011962890625,-0.088134765625,0.041259765625,0.080322265625,-0.093017578125,0.0693359375,0.0693359375,0.030517578125,-0.08203125,0.017333984375,0.02880859375,-0.078857421875,-0.010009765625,0.033203125,-0.06640625,-0.029541015625,0.106689453125,-0.0029296875,-0.149658203125,0.010009765625,0.101318359375,-0.029052734375,-0.066162109375,0.02685546875,0.009033203125,-0.055419921875,0.0244140625,0.037353515625,-0.044921875,-0.010498046875,-0.04345703125,-0.04345703125,-0.02490234375,0.018798828125,-0.02978515625,-0.034423828125,0.047119140625,-0.015625,-0.082275390625,0.042724609375,0.02001953125,-0.11181640625,0.128173828125,0.128173828125,-0.016845703125,-0.149658203125,0.012451171875,0.0634765625,-0.06103515625,-0.031005859375,0.020751953125,-0.03515625,-0.01708984375,0.02099609375,-0.068115234375,0.092041015625,0.092041015625,0.061279296875,-0.14453125,-0.07373046875,0.079345703125,0.02685546875,-0.052490234375,-0.00634765625,-0.0166015625,-0.049072265625,0.042724609375,-0.0830078125,0.0234375,0.0234375,0.080322265625,-0.058837890625,-0.074951171875,0.040771484375,-0.001708984375,-0.06005859375,0.059326171875,0.02587890625,-0.1259765625,-0.02099609375,0.102783203125,-0.00732421875,-0.0908203125,0.025146484375,-0.0380859375,0.019775390625,0.019775390625,-0.00830078125,-0.067138671875,0.0439453125,0.06494140625,-0.08056640625,-0.068603515625,0.07470703125,0.008056640625,-0.094970703125,0.03466796875,0.048583984375,-0.093994140625,-0.030517578125,0.07470703125,-0.0166015625,0.024169921875,0.007568359375,-0.079345703125,-0.079345703125,0.00146484375,0.00732421875,-0.07275390625,0.0048828125,0.0615234375,-0.04833984375,-0.0732421875,0.03955078125,-0.0048828125,-0.069580078125,0.053955078125,0.05517578125,-0.0986328125,-0.068603515625,0.070068359375,-0.08251953125,0.0009765625,0.0185546875,-0.05859375,-0.05859375,0.001220703125,0.017333984375,-0.0517578125,-0.0068359375,0.05078125,-0.037109375,-0.076416015625,0.05078125,0.01953125,-0.087646484375,0.026123046875,0.089599609375,-0.070068359375,-0.115966796875,0.090576171875,-0.072021484375,-0.045654296875,0.04345703125,0.04345703125,-0.02099609375,-0.033203125,0.00390625,-0.02880859375,-0.0341796875,0.031005859375,-0.003173828125,-0.071533203125,0.009765625,-0.001708984375,-0.075439453125,0.021728515625,0.08447265625,-0.123046875,0.067138671875,0.085693359375,-0.087890625,-0.050537109375,-0.050537109375,0.04931640625,-0.00927734375,-0.0341796875,-0.0029296875,-0.027099609375,-0.0224609375,0.050048828125,-0.01171875,-0.100341796875,0.008056640625,0.0234375,-0.058349609375,0.016845703125,0.07763671875,-0.117919921875,0.042724609375,0.066650390625,-0.04736328125,-0.010986328125,0.011962890625,-0.037841796875,0.013916015625,0.023681640625,0.023681640625,-0.072509765625,-0.03857421875,0.074951171875,-0.02587890625,-0.11572265625,0.0380859375,0.041015625,-0.091064453125,-0.025146484375,0.065185546875,-0.053955078125,-0.10693359375,0.068603515625,0.058837890625,-0.097900390625,-0.02294921875,0.07373046875,-0.025146484375,-0.077880859375,0.010986328125,-0.02392578125,0.0234375,-0.00341796875,-0.0654296875,0.019775390625,0.006103515625,-0.10546875,-0.0302734375,0.12451171875,0.022705078125,0.022705078125,-0.150634765625,-0.015380859375,0.10107421875,-0.020751953125,-0.068603515625,0.013671875,0.022705078125,-0.01416015625,0.018798828125,-0.0068359375,-0.051025390625,0.044677734375,0.033935546875,-0.08251953125,-0.023193359375,0.026611328125,-0.044189453125,-0.0205078125,-0.0390625,-0.151611328125,0.039306640625,0.095458984375,-0.074951171875,-0.07080078125,0.030029296875,-0.013427734375,-0.0595703125,0.006591796875,-0.018310546875,-0.04638671875,-0.04638671875,0.058837890625,0.00634765625,-0.105712890625,0.000244140625,0.05224609375,-0.081787109375,-0.084716796875,0.083984375,0.0244140625,-0.14501953125,-0.018798828125,0.09619140625,-0.020263671875,-0.086181640625,-0.0009765625,0.027099609375,-0.02099609375,-0.002685546875,-0.05810546875,0.03125,0.04638671875,-0.0625,-0.038330078125,0.06396484375,0.01904296875,-0.0546875,0.032470703125,0.0380859375,-0.074462890625,-0.02490234375,0.03759765625,0.03759765625,-0.021240234375,-0.03466796875,0.023681640625,0.0029296875,-0.041259765625,0.010498046875,-0.02880859375,-0.064453125,0.057861328125,0.05419921875,-0.096923828125,-0.066650390625,0.0849609375,0.019287109375,0.00048828125,0.044677734375,-0.07568359375,-0.04248046875,0.045654296875,-0.01123046875,-0.068603515625,0.009765625,0.0087890625,-0.087646484375,-0.010009765625,0.036376953125,-0.03369140625,-0.012939453125,0.0048828125,0.0048828125,-0.0390625,-0.005859375,0.05322265625,-0.0537109375,-0.098388671875,0.09375,0.09375,-0.130859375,-0.087646484375,0.0986328125,0.04736328125,-0.09619140625,-0.03369140625,0.039306640625,-0.004150390625,-0.012451171875,-0.056884765625,0.017333984375,0.047119140625,-0.0390625,-0.040283203125,0.052734375,-0.029296875,-0.087890625,0.088134765625,0.081298828125,-0.1357421875,-0.087890625,0.112548828125,0.112548828125,0.052490234375,-0.114501953125,-0.036376953125,0.045654296875,-0.04345703125,-0.033935546875,-0.009033203125,-0.02880859375,0.01904296875,0.036376953125,-0.058349609375,-0.07861328125,0.044677734375,-0.07421875,0.052734375,0.04736328125,-0.105224609375,-0.0517578125,0.083251953125,0.0068359375,-0.08837890625,0.01318359375,0.021240234375,-0.0654296875,0.009765625,0.017333984375,-0.075927734375,-0.025634765625,0.060546875,-0.0283203125,-0.0283203125,-0.074951171875,0.051025390625,0.007080078125,-0.08154296875,0.05126953125,0.073486328125,-0.0986328125,-0.076171875,0.093505859375,0.027099609375,-0.091064453125,0.041015625,-0.06103515625,-0.005615234375,-0.001220703125,-0.085693359375,-0.011962890625,0.10205078125,-0.033447265625,-0.16259765625,0.029052734375,0.09521484375,-0.0625,-0.0546875,0.03271484375,-0.005126953125,-0.032470703125,0.02099609375,-0.033447265625,-0.058349609375,-0.058349609375,0.077880859375,0.0244140625,-0.11767578125,-0.006591796875,0.07080078125,-0.058349609375,-0.081298828125,0.073486328125,0.0283203125,-0.1357421875,0.0947265625,-0.015380859375,-0.06396484375,0.0205078125,0.025634765625,-0.02490234375,0.022216796875,0.0,-0.05810546875,0.033935546875,0.03271484375,-0.06640625,-0.01171875,0.03759765625,-0.05078125,-0.0546875,0.07470703125,0.00146484375,-0.139892578125,0.009765625,0.091796875,-0.05908203125,-0.08984375,-0.08984375,0.038818359375,0.0380859375,-0.07275390625,-0.027099609375,0.01025390625,-0.03466796875,0.021240234375,0.0244140625,-0.04736328125,0.0234375,-0.053466796875,-0.060546875,0.07421875,0.006591796875,-0.137939453125,-0.0126953125,0.073486328125,-0.0380859375,-0.060546875,0.023193359375,-0.011474609375,-0.063720703125,0.039794921875,0.01318359375,-0.06982421875,0.038818359375,0.0498046875,-0.073486328125,-0.04296875,0.07470703125,0.07470703125,-0.006103515625,-0.084716796875,0.06689453125,0.060302734375,-0.125,-0.068115234375,0.085205078125,-0.064208984375,-0.022705078125,0.005126953125,-0.02685546875,0.032470703125,-0.013671875,-0.086669921875,0.032958984375,0.0732421875,-0.059326171875,-0.0732421875,0.04931640625,-0.006103515625,-0.082763671875,0.0419921875,0.037353515625,-0.102783203125,-0.029052734375,0.072021484375,-0.032470703125,-0.08984375,0.02685546875,0.019775390625,0.019775390625,-0.082275390625,0.003173828125,0.01611328125,-0.056396484375,0.01611328125,0.05517578125,-0.082763671875,0.049560546875,-0.01171875,-0.092041015625,0.0673828125,0.06689453125,-0.103759765625,-0.054931640625,0.069580078125,-0.007080078125,-0.072509765625,0.028564453125,0.005126953125,-0.081787109375,0.022705078125,0.031982421875,-0.056640625,0.0,0.05224609375,-0.046142578125,-0.069091796875,0.06201171875,0.001708984375,0.001708984375,-0.08935546875,0.0419921875,0.054443359375,-0.09521484375,-0.059814453125,0.018798828125,-0.107177734375,0.00634765625,0.06494140625,-0.0576171875,-0.049560546875,0.01318359375,-0.014892578125,-0.02392578125,0.021728515625,-0.01953125,-0.055908203125,0.0419921875,-0.010986328125,-0.106201171875,0.03564453125,0.115234375,-0.059814453125,-0.13818359375,0.048095703125,0.093994140625,-0.069580078125,-0.052978515625,0.03125,0.03125,-0.01416015625,-0.015380859375,0.003662109375,-0.033447265625,-0.029296875,-0.01123046875,-0.09326171875,0.01318359375,0.0166015625,-0.072265625,0.017333984375,0.06982421875,-0.0703125,-0.10986328125,0.057861328125,0.062255859375,-0.067626953125,-0.012451171875,0.022705078125,-0.048828125,-0.013916015625,0.02197265625,-0.045166015625,-0.035888671875,0.06298828125,-0.008544921875,-0.08837890625,0.04052734375,0.023681640625,-0.099853515625,-0.005859375,-0.005859375,0.100341796875,-0.039306640625,-0.1416015625,0.0927734375,-0.072265625,-0.06884765625,0.021484375,0.003662109375,-0.019775390625,-0.001220703125,-0.02392578125,-0.030517578125,0.05322265625,0.0078125,-0.0830078125,0.011962890625,0.015869140625,-0.06787109375,0.01123046875,0.083251953125,-0.042724609375,-0.115234375,0.048828125,0.054931640625,-0.077392578125,-0.010009765625,0.0390625,-0.0400390625,-0.03759765625,-0.03759765625,0.0244140625,-0.03076171875,0.063720703125,0.005126953125,-0.108642578125,0.011962890625,0.059814453125,-0.059814453125,-0.049072265625,0.07666015625,0.005615234375,-0.139892578125,-0.008056640625,0.0888671875,-0.014892578125,-0.045166015625,-0.015380859375,-0.024658203125,-0.011962890625,0.036376953125,-0.038818359375,-0.087646484375,0.056396484375,0.04833984375,-0.09228515625,-0.027099609375,0.0400390625,-0.0458984375,-0.0419921875,0.061279296875,-0.013671875,-0.013671875,-0.109619140625,0.06689453125,-0.101318359375,-0.052734375,0.064453125,-0.01123046875,-0.078369140625,0.0341796875,0.017333984375,-0.06103515625,0.04345703125,0.026123046875,-0.103515625,-0.0185546875,0.0654296875,-0.04296875,-0.058837890625,0.086181640625,0.01953125,-0.13623046875,0.0048828125,0.08251953125,-0.035400390625,-0.03271484375,0.03466796875,-0.023193359375,-0.0673828125,0.029296875,-0.010009765625,-0.074951171875,0.049560546875,0.037353515625,-0.091064453125,-0.020263671875,0.058349609375,-0.057861328125,-0.079345703125,0.074951171875,0.01611328125,-0.135986328125,-0.004638671875,0.086669921875,-0.0390625,-0.078125,0.033203125,0.01806640625,-0.08056640625,0.002685546875,0.037353515625,-0.03271484375,0.00244140625,0.01416015625,-0.0556640625,-0.030029296875,0.03955078125,-0.043701171875,-0.08544921875,0.09716796875,0.097900390625,-0.126220703125,-0.08447265625,0.1025390625,0.0517578125,-0.0927734375,-0.02197265625,0.053955078125,-0.028564453125,-0.012451171875,-0.007568359375,-0.063232421875,0.003662109375,0.053466796875,-0.035888671875,-0.068359375,0.0205078125,-0.01025390625,-0.05712890625,0.05712890625,0.015380859375,-0.12548828125,-0.01318359375,0.088134765625,-0.031005859375,-0.078125,0.054443359375,0.02294921875,-0.10009765625,0.007080078125,0.0361328125,-0.061279296875,0.044921875,-0.070068359375,-0.070068359375,-0.07421875,0.067138671875,-0.010986328125,-0.126953125,0.05029296875,0.110107421875,-0.088134765625,-0.099609375,0.073974609375,0.064697265625,-0.076171875,-0.031982421875,0.02880859375,-0.01953125,0.0205078125,0.0087890625,-0.0595703125,-0.01171875,0.03857421875,-0.03076171875,-0.056640625,0.04443359375,-0.023681640625,-0.11279296875,0.0556640625,0.092041015625,-0.10498046875,-0.114501953125,0.080322265625,-0.082275390625,-0.039306640625,-0.039306640625,0.053955078125,-0.006591796875,-0.036865234375,-0.029052734375,-0.03662109375,0.002197265625,0.040771484375,-0.02685546875,-0.079833984375,0.01708984375,0.002685546875,-0.07373046875,0.021484375,0.042724609375,-0.076171875,-0.064697265625,0.065185546875,0.01904296875,-0.0810546875,0.013427734375,0.035888671875,-0.055419921875,-0.00146484375,0.04443359375,-0.037841796875,0.045166015625,-0.02001953125,-0.097900390625,0.027099609375,0.027099609375,0.027587890625,-0.087646484375,0.008544921875,0.101318359375,-0.03857421875,-0.133056640625,0.037353515625,0.090087890625,-0.078857421875,-0.064697265625,0.0439453125,-0.00634765625,-0.04345703125,0.009521484375,-0.007080078125,-0.05419921875,0.023681640625,0.02978515625,-0.085205078125,-0.024658203125,0.03125,-0.038330078125,-0.032470703125,0.014892578125,-0.021240234375,0.032958984375,-0.040771484375,-0.09326171875,0.080810546875,0.09033203125,0.09033203125,-0.111572265625,-0.0927734375,0.088134765625,0.060791015625,-0.064453125,-0.01513671875,0.01416015625,-0.036865234375,0.027099609375,0.0029296875,-0.07470703125,0.024169921875,0.090087890625,-0.0537109375,-0.115478515625,0.044189453125,0.02490234375,-0.075927734375,0.03515625,0.04833984375,-0.09130859375,-0.050048828125,0.08251953125,0.00634765625,0.01171875,0.027587890625,-0.070068359375,0.001220703125,0.02880859375,-0.061279296875,-0.061279296875,-0.03466796875,0.046875,-0.0390625,-0.100830078125,0.04345703125,0.0224609375,-0.09130859375,0.016845703125,0.07763671875,-0.0673828125,-0.101318359375,0.060546875,0.053466796875,-0.08251953125,-0.008056640625,0.05224609375,-0.030517578125,-0.010009765625,0.015380859375,-0.041259765625,-0.024658203125,0.06787109375,-0.00048828125,-0.09912109375,0.033935546875,-0.078125,0.007080078125,0.0771484375,-0.05712890625,-0.106689453125,0.061279296875,0.060302734375,-0.077392578125,-0.01025390625,-0.01025390625,0.035400390625,-0.052978515625,-0.02685546875,0.0341796875,-0.031982421875,-0.048583984375,0.0546875,-0.006591796875,-0.103271484375,0.02099609375,0.02734375,-0.095703125,-0.024169921875,0.0673828125,-0.05029296875,-0.1171875,0.045654296875,0.05224609375,-0.092529296875,-0.027587890625,-0.027099609375,-0.05078125,0.0302734375,0.010986328125,-0.05615234375,0.0146484375,0.01611328125,-0.0556640625,0.00927734375,0.00927734375,0.00390625,-0.066162109375,0.005615234375,0.079345703125,-0.03955078125,-0.1240234375,0.047119140625,0.08447265625,-0.072998046875,-0.04638671875,0.055908203125,0.00634765625,-0.06103515625,-0.00146484375,0.012451171875,-0.031494140625,0.027587890625,0.0048828125,-0.07177734375,0.0068359375,-0.06689453125,-0.022216796875,0.06591796875,-0.036865234375,-0.12890625,0.035888671875,0.052734375,-0.09716796875,-0.03662109375,0.0439453125,0.0439453125,-0.03466796875,-0.065185546875,0.04052734375,0.022216796875,-0.056884765625,0.02685546875,0.010986328125,-0.085205078125,0.00439453125,0.057861328125,-0.06005859375,-0.072265625,0.087890625,0.044189453125,-0.146240234375,-0.03662109375,0.096923828125,0.000244140625,-0.05712890625,0.003662109375,-0.01220703125,0.026611328125,-0.056884765625,-0.0859375,0.07373046875,0.080322265625,-0.098876953125,-0.09716796875,0.1298828125,0.1171875,-0.11669921875,-0.144775390625,0.07763671875,0.07763671875,0.12744140625,-0.117431640625,-0.135009765625,0.091552734375,0.06640625,-0.107421875,-0.056884765625,0.03125,-0.057373046875,-0.062744140625,0.078125,0.0224609375,-0.1318359375,-0.021484375,0.102294921875,-0.03662109375,0.025634765625,0.115478515625,-0.01611328125,-0.08837890625,0.01220703125,0.087158203125,0.000244140625,-0.12255859375,-0.03271484375,0.108642578125,-0.01220703125,-0.119384765625,-0.019775390625,-0.019775390625,0.02392578125,-0.02685546875,0.032470703125,-0.0087890625,-0.158935546875,0.0166015625,0.19921875,-0.032470703125,-0.23095703125,0.04833984375,0.23974609375,-0.071044921875,-0.199462890625,0.0498046875,0.085205078125,-0.068603515625,-0.042236328125,-0.10595703125,-0.061767578125,0.110595703125,-0.051513671875,-0.16064453125,0.052734375,0.08349609375,-0.118896484375,-0.0859375,0.10595703125,0.016357421875,-0.0517578125,0.075927734375,0.01123046875,0.01123046875,-0.07861328125,0.03466796875,0.0419921875,-0.079833984375,-0.00390625,0.10400390625,-0.059814453125,-0.097412109375,0.08935546875,0.001220703125,-0.12353515625,0.01416015625,0.06787109375,-0.012451171875,0.073486328125,-0.03759765625,-0.00537109375,0.097412109375,-0.0625,-0.094970703125,0.1064453125,0.057861328125,-0.146240234375,-0.003173828125,0.16552734375,-0.076904296875,-0.185302734375,-0.185302734375,0.02490234375,0.03076171875,-0.060791015625,-0.005126953125,-0.02587890625,-0.11474609375,0.00341796875,0.089111328125,-0.126220703125,-0.11669921875,0.114990234375,-0.114501953125,0.007080078125,0.049072265625,-0.08740234375,-0.021240234375,0.084716796875,-0.106201171875,-0.124755859375,0.115478515625,0.046875,0.046875,-0.15234375,-0.03662109375,0.092041015625,-0.057861328125,-0.08203125,0.06787109375,-0.018310546875,0.069580078125,0.015869140625,-0.057861328125,-0.10693359375,-0.00634765625,0.112548828125,-0.017578125,0.099365234375,-0.0322265625,-0.059326171875,0.10009765625,0.005859375,-0.13134765625,0.04638671875,0.11181640625,-0.124267578125,-0.08447265625,-0.08447265625,0.11767578125,-0.068115234375,-0.054443359375,0.048583984375,-0.151123046875,-0.036865234375,0.126708984375,0.126708984375,-0.02685546875,-0.06982421875,0.052978515625,-0.06005859375,-0.1044921875,0.064697265625,0.02978515625,-0.021240234375,0.077880859375,-0.1123046875,-0.11376953125,0.06787109375,-0.033935546875,-0.10302734375,0.057373046875,0.0302734375,-0.105712890625,-0.003662109375,-0.003662109375,0.080322265625,-0.087890625,-0.048095703125,0.1259765625,-0.01513671875,-0.104736328125,0.09033203125,-0.0986328125,-0.03369140625,0.114990234375,-0.040283203125,-0.099365234375,0.071044921875,0.020263671875,-0.0966796875,0.02685546875,0.070556640625,-0.10107421875,-0.10107421875,-0.068603515625,0.103271484375,-0.008544921875,-0.06298828125,0.08251953125,-0.118408203125,0.0068359375,0.10107421875,-0.068115234375,-0.067626953125,0.095947265625,-0.01513671875,-0.100341796875,0.019775390625,-0.016357421875,-0.086669921875,-0.086669921875,0.050048828125,0.060546875,-0.152587890625,-0.080810546875,-0.01220703125,-0.131591796875,0.05078125,0.036376953125,-0.111572265625,-0.003662109375,0.094970703125,-0.065185546875,-0.039306640625,0.09228515625,0.09228515625,-0.06787109375,-0.10693359375,0.093994140625,0.03271484375,0.013671875,0.11962890625,-0.099365234375,-0.10546875,0.090576171875,-0.01904296875,-0.096435546875,0.056884765625,0.031005859375,-0.076416015625,-0.076416015625,0.03271484375,0.058349609375,-0.131103515625,0.169189453125,-0.051025390625,-0.177978515625,0.055908203125,0.0966796875,-0.0966796875,-0.04931640625,0.069091796875,-0.078857421875,-0.090576171875,0.08642578125,-0.015380859375,-0.015380859375,-0.123046875,0.04296875,0.085693359375,-0.093017578125,0.09716796875,0.012451171875,-0.062255859375,0.048095703125,0.006103515625,-0.078857421875,0.015869140625,0.05615234375,-0.075927734375,-0.02783203125,0.106201171875,0.106201171875,-0.039306640625,-0.107421875,0.044189453125,-0.09033203125,-0.01025390625,0.05517578125,-0.057861328125,-0.0263671875,0.0771484375,-0.0703125,-0.0751953125,0.114990234375,0.009521484375,-0.15966796875,-0.15966796875,0.0,0.1396484375,-0.108642578125,0.071533203125,-0.009765625,-0.118408203125,0.02099609375,0.0390625,-0.091552734375,-0.02587890625,0.067138671875,-0.072509765625,-0.080078125,-0.080078125,0.049560546875,-0.068603515625,0.104248046875,0.0087890625,-0.150146484375,0.017578125,0.133544921875,-0.098388671875,-0.10791015625,0.111328125,0.014892578125,0.014892578125,-0.0927734375,0.005126953125,-0.083251953125,0.0615234375,0.08837890625,-0.160400390625,-0.093994140625,0.163818359375,0.01708984375,-0.12451171875,0.0458984375,0.0458984375,0.052490234375,-0.009765625,0.098388671875,-0.0634765625,-0.0361328125,0.12841796875,-0.033203125,-0.12451171875,0.065185546875,0.0576171875,-0.131591796875,-0.02490234375,-0.02490234375,-0.07568359375,-0.099365234375,0.089599609375,-0.01611328125,-0.13037109375,0.025146484375,0.05615234375,-0.081298828125,-0.02685546875,0.063232421875,-0.09033203125,-0.09033203125,-0.0546875,-0.0283203125,-0.175537109375,0.02490234375,0.139892578125,-0.070068359375,-0.09375,0.086181640625,-0.01171875,-0.119384765625,-0.000244140625,-0.000244140625,-0.04931640625,0.0302734375,0.03466796875,-0.1015625,-0.033203125,0.09228515625,-0.079345703125,-0.0888671875,0.117919921875,0.028564453125,-0.111083984375,0.020263671875,0.066650390625,-0.101806640625,-0.00830078125,0.13623046875,-0.086669921875,-0.142822265625,0.10693359375,0.072509765625,-0.112060546875,-0.01513671875,0.05126953125,-0.0927734375,-0.0927734375,0.098388671875,-0.09326171875,-0.076416015625,0.14794921875,0.01416015625,-0.16259765625,0.030029296875,0.1259765625,-0.1005859375,-0.044189453125,0.146240234375,-0.049560546875,-0.155517578125,0.069580078125,0.072021484375,-0.134521484375,-0.0439453125,0.1103515625,-0.04345703125,-0.094482421875,0.03955078125,-0.034423828125,-0.058837890625,0.078369140625,0.00927734375,-0.128662109375,0.0068359375,0.100341796875,0.100341796875,-0.06396484375,0.126953125,-0.02294921875,-0.14306640625,0.04736328125,0.0869140625,-0.104736328125,-0.05419921875,0.08740234375,-0.04541015625,-0.09228515625,0.02734375,-0.043212890625,-0.070556640625,0.086181640625,0.044189453125,-0.155029296875,-0.0439453125,0.151611328125,-0.020751953125,-0.099609375,0.072021484375,0.02978515625,-0.090087890625,0.01416015625,0.075439453125,-0.07373046875,-0.039306640625,0.086181640625,-0.06591796875,-0.1015625,0.085205078125,0.023193359375,-0.122314453125,0.01171875,0.1005859375,-0.0810546875,-0.075927734375,0.1005859375,-0.01953125,-0.092041015625,0.066162109375,0.031494140625,-0.08154296875,0.015380859375,0.054443359375,-0.102294921875,-0.01708984375,0.14501953125,-0.080322265625,-0.18896484375,0.067138671875,0.09619140625,-0.125,-0.072509765625,0.097412109375,-0.02587890625,-0.088134765625,0.03857421875,-0.02685546875,-0.0576171875,0.076171875,0.0068359375,-0.130615234375,0.0166015625,0.127685546875,-0.080322265625,-0.08056640625,0.11328125,-0.009521484375,-0.12109375,0.0361328125,0.057861328125,-0.087158203125,-0.015625,-0.085693359375,-0.085693359375,-0.06982421875,0.091552734375,-0.02685546875,-0.09375,0.08544921875,0.05615234375,-0.1474609375,-0.041015625,0.156494140625,-0.02001953125,-0.12255859375,0.052734375,0.037841796875,-0.078125,-0.01171875,0.035400390625,-0.058349609375,-0.008544921875,0.068359375,-0.08447265625,-0.078369140625,0.09130859375,-0.01171875,-0.11669921875,0.057373046875,0.057373046875,-0.085205078125,-0.010986328125,0.103759765625,-0.087890625,-0.106201171875,0.13330078125,0.059814453125,-0.163330078125,-0.0615234375,0.110595703125,-0.04931640625,-0.04931640625,0.030517578125,-0.064208984375,-0.068115234375,0.08203125,0.00634765625,-0.120361328125,0.02978515625,0.115478515625,-0.09326171875,-0.113525390625,0.02001953125,0.02001953125,-0.075927734375,0.04443359375,0.026611328125,-0.08251953125,0.00048828125,0.0615234375,-0.096435546875,-0.043701171875,0.117919921875,-0.06640625,0.058837890625,0.086669921875,0.086669921875,-0.099365234375,-0.03759765625,0.078125,-0.08349609375,-0.088134765625,0.0908203125,-0.017333984375,-0.101806640625,0.04931640625,-0.099365234375,0.00048828125,0.00048828125,0.08935546875,-0.09375,-0.06201171875,0.13232421875,-0.011474609375,-0.138427734375,0.0341796875,0.062255859375,-0.097412109375,0.11181640625,-0.068359375,-0.068359375,-0.101318359375,0.103515625,0.021728515625,-0.1279296875,0.01953125,0.109130859375,-0.074951171875,-0.084716796875,0.091796875,-0.055908203125,0.029296875,0.029296875,-0.02783203125,-0.07177734375,0.03955078125,0.021728515625,-0.1162109375,0.010498046875,0.1376953125,-0.092529296875,-0.151611328125,0.07177734375,0.039306640625,0.001220703125,0.060302734375,0.060302734375,-0.097900390625,-0.053955078125,0.110107421875,-0.045654296875,-0.1357421875,0.060302734375,0.062744140625,-0.115966796875,-0.052001953125,0.0927734375,-0.072998046875,0.044189453125,-0.040771484375,-0.040771484375,-0.078857421875,0.07470703125,0.0283203125,-0.122802734375,-0.006591796875,0.108154296875,-0.052978515625,-0.07275390625,0.056640625,-0.053955078125,0.11865234375,0.01611328125,0.01611328125,-0.185546875,-0.017333984375,0.17041015625,-0.05908203125,-0.14599609375,0.099853515625,0.0654296875,-0.111572265625,-0.01611328125,-0.047119140625,-0.025634765625,0.072021484375,-0.056396484375,-0.056396484375,-0.068359375,0.076416015625,-0.022705078125,-0.086669921875,0.067138671875,0.033935546875,-0.138916015625,-0.018310546875,-0.06396484375,-0.119873046875,0.080810546875,0.005859375,0.005859375,-0.1005859375,0.021728515625,0.022216796875,-0.10498046875,0.02978515625,0.128173828125,-0.13232421875,-0.152099609375,0.141845703125,-0.147216796875,-0.035400390625,0.099853515625,0.099853515625,-0.03564453125,-0.07373046875,0.04150390625,-0.0390625,-0.0517578125,0.065185546875,-0.018310546875,-0.1025390625,0.034912109375,-0.10595703125,-0.04931640625,0.109619140625,-0.03466796875,-0.03466796875,-0.0986328125,0.062255859375,0.026123046875,-0.076904296875,0.025634765625,0.056884765625,-0.0869140625,-0.027587890625,-0.07861328125,-0.078125,0.131591796875,0.032958984375,-0.170654296875,-0.170654296875,-0.040771484375,0.11962890625,-0.039306640625,-0.065185546875,0.07373046875,-0.042236328125,-0.108154296875,0.061279296875,-0.116455078125,-0.017578125,0.132080078125,0.132080078125,-0.039306640625,-0.11181640625,0.0576171875,0.01708984375,-0.05126953125,0.027099609375,-0.017578125,0.03857421875,0.09619140625,-0.125,-0.06591796875,-0.06591796875,0.141845703125,-0.0400390625,-0.169921875,0.05859375,0.0947265625,-0.10986328125,-0.03515625,-0.0556640625,-0.0634765625,0.07080078125,-0.0615234375,-0.0615234375,-0.08544921875,0.120849609375,0.0478515625,-0.182861328125,-0.03662109375,0.143798828125,-0.07275390625,0.088623046875,-0.005859375,-0.13232421875,0.015869140625,0.0556640625,0.0556640625,-0.092041015625,-0.009521484375,0.089599609375,-0.076171875,-0.054931640625,0.101318359375,-0.11181640625,0.09912109375,0.081298828125,-0.1630859375,-0.064697265625,-0.064697265625,0.136474609375,-0.041748046875,-0.10595703125,0.0634765625,0.01123046875,-0.082763671875,0.02734375,-0.106201171875,0.017822265625,0.135986328125,-0.102294921875,-0.147705078125,-0.147705078125,0.118896484375,0.103271484375,-0.1162109375,-0.0478515625,0.1025390625,-0.028564453125,0.059814453125,-0.001220703125,-0.07958984375,0.032958984375,0.04345703125,0.04345703125,-0.073974609375,-0.026611328125,0.053466796875,-0.064208984375,-0.048095703125,0.07080078125,-0.092529296875,0.058349609375,0.006103515625,-0.12841796875,0.02294921875,0.114501953125,0.114501953125,-0.11474609375,-0.11083984375,0.10693359375,0.0048828125,-0.1005859375,0.034912109375,-0.10400390625,0.009521484375,0.082763671875,-0.118896484375,-0.07177734375,0.132568359375,-0.020263671875,-0.020263671875,-0.14404296875,0.030029296875,0.055908203125,-0.075927734375,0.02197265625,0.074462890625,-0.052734375,0.147705078125,-0.029052734375,-0.150634765625,0.07666015625,0.111572265625,0.111572265625,-0.119384765625,-0.075927734375,0.112548828125,0.001220703125,-0.060302734375,0.049072265625,-0.109375,0.048583984375,0.090576171875,-0.088623046875,-0.046875,0.083740234375,-0.043212890625,-0.043212890625,-0.079345703125,0.055908203125,-0.011474609375,-0.10205078125,0.03271484375,-0.084716796875,-0.046875,0.08447265625,-0.04541015625,-0.07373046875,0.076171875,0.00341796875,0.00341796875,-0.13330078125,-0.0009765625,0.10302734375,-0.07666015625,-0.09228515625,0.003173828125,-0.115234375,-0.002685546875,0.04296875,-0.030517578125,0.008056640625,0.03515625,-0.07958984375,-0.07958984375,-0.048095703125,0.0712890625,-0.04248046875,-0.07275390625,0.075439453125,-0.103271484375,-0.00537109375,0.0751953125,-0.089599609375,-0.061279296875,0.126953125,-0.013916015625,-0.013916015625,-0.169677734375,0.005859375,0.093994140625,-0.052490234375,-0.044189453125,-0.0595703125,-0.0634765625,0.09716796875,-0.000244140625,-0.097412109375,0.049560546875,0.060302734375,-0.102783203125,-0.102783203125,-0.03466796875,0.093994140625,-0.048095703125,-0.05908203125,0.07177734375,-0.08740234375,0.08056640625,0.0341796875,-0.166015625,-0.008056640625,0.193115234375,-0.044921875,-0.044921875,-0.180908203125,0.048828125,0.073974609375,-0.068359375,0.033447265625,-0.053466796875,-0.003173828125,0.06201171875,-0.0888671875,-0.052001953125,0.107666015625,-0.025634765625,-0.025634765625,-0.128173828125,0.04833984375,0.067626953125,-0.036376953125,0.13623046875,-0.050048828125,-0.152587890625,0.033203125,0.0458984375,-0.0537109375,0.017333984375,0.017333984375,0.025390625,-0.10009765625,-0.010498046875,-0.06982421875,-0.102783203125,0.10107421875,0.053466796875,-0.119384765625,-0.019775390625,0.083251953125,-0.067138671875,-0.067138671875,-0.063720703125,0.0830078125,-0.032470703125,0.058837890625,0.075439453125,-0.11083984375,-0.05712890625,0.10498046875,-0.020751953125,-0.102783203125,0.05517578125,0.035888671875,0.035888671875,-0.06689453125,0.007080078125,0.026123046875,-0.01318359375,0.057373046875,-0.064453125,-0.03369140625,0.10009765625,-0.039306640625,-0.120849609375,0.048828125,0.048828125,0.044677734375,-0.1103515625,0.003173828125,-0.095703125,-0.112060546875,0.1123046875,0.016357421875,-0.14453125,0.021240234375,0.0986328125,-0.084228515625,-0.084228515625,-0.07568359375,0.07421875,-0.06005859375,0.0703125,-0.02978515625,-0.134521484375,0.046630859375,0.110595703125,-0.0927734375,-0.07373046875,0.065673828125,0.065673828125,-0.035400390625,-0.05322265625,-0.04833984375,-0.087890625,0.1123046875,0.0849609375,-0.1650390625,-0.07421875,0.146484375,-0.014404296875,-0.128662109375,0.039794921875,0.039794921875,0.053955078125,-0.062744140625,-0.0048828125,-0.089111328125,-0.0185546875,0.1171875,-0.039794921875,-0.123046875,0.03759765625,0.0419921875,-0.063720703125,0.00244140625,0.029052734375,0.029052734375,-0.099365234375,-0.031005859375,-0.047607421875,-0.126953125,0.0625,0.0615234375,-0.090576171875,-0.042236328125,0.036865234375,-0.058349609375,0.005859375,0.109130859375,0.109130859375,-0.086669921875,-0.1572265625,0.078369140625,-0.110595703125,-0.029296875,0.103759765625,-0.044921875,-0.0869140625,0.078125,-0.00244140625,-0.106689453125,0.044189453125,0.076416015625,0.076416015625,-0.10595703125,0.11474609375,-0.00439453125,-0.08251953125,0.04443359375,-0.004638671875,-0.094970703125,0.02978515625,0.056884765625,-0.0849609375,-0.0244140625,0.07275390625,0.07275390625,-0.068115234375,0.09033203125,-0.03564453125,-0.128662109375,0.080810546875,0.11376953125,-0.139892578125,-0.10888671875,0.117919921875,0.02392578125,-0.078369140625,0.013916015625,-0.01025390625,-0.01025390625,-0.054443359375,-0.001708984375,-0.125,0.01513671875,0.132568359375,-0.08056640625,-0.1396484375,0.07373046875,0.038330078125,-0.091064453125,0.0068359375,0.038330078125,0.038330078125,-0.06689453125,0.091796875,-0.100341796875,-0.08447265625,0.148681640625,0.054931640625,-0.177001953125,-0.058349609375,0.13623046875,0.017822265625,-0.064697265625,0.03564453125,-0.02587890625,-0.02587890625,0.036865234375,0.05322265625,-0.083251953125,-0.028564453125,0.080810546875,-0.0341796875,-0.08056640625,0.022705078125,-0.02978515625,-0.051513671875,0.065673828125,0.065673828125,-0.1318359375,0.0146484375,0.132080078125,-0.07666015625,-0.129638671875,0.05712890625,0.028564453125,-0.059326171875,0.01416015625,-0.01904296875,-0.0947265625,-0.0947265625,0.10888671875,-0.15478515625,-0.143310546875,0.147705078125,0.0634765625,-0.148193359375,-0.005615234375,0.102294921875,-0.0673828125,-0.071533203125,0.07861328125,-0.021240234375,-0.070068359375,0.083984375,0.0283203125,-0.09716796875,0.000732421875,0.03466796875,-0.07177734375,0.015625,0.0869140625,-0.104248046875,-0.09228515625,0.13232421875,0.025146484375,-0.14404296875,0.011962890625,0.081298828125,-0.064697265625,-0.033447265625,0.052490234375,-0.0693359375,-0.031494140625,0.125,-0.046142578125,-0.186279296875,0.05419921875,0.162353515625,-0.073974609375,-0.1123046875,0.065185546875,0.004150390625,-0.088623046875,0.010986328125,-0.001953125,-0.06201171875,0.03759765625,0.037353515625,-0.109130859375,-0.047607421875,0.0966796875,-0.0380859375,-0.1064453125,0.053955078125,0.02978515625,-0.092041015625,0.01025390625,0.077880859375,-0.080322265625,-0.064208984375,0.09228515625,-0.000244140625,-0.086669921875,0.0322265625,0.01611328125,-0.07275390625,0.037109375,0.077392578125,-0.115478515625,-0.096923828125,0.118896484375,0.0205078125,-0.111572265625,-0.111572265625,0.055419921875,-0.103271484375,-0.050537109375,0.094970703125,-0.034912109375,-0.080810546875,0.082763671875,0.027099609375,-0.110595703125,-0.0224609375,0.0400390625,-0.046875,-0.00830078125,0.043212890625,-0.079833984375,-0.052978515625,0.093017578125,-0.029052734375,-0.111083984375,0.050048828125,0.043701171875,-0.111572265625,-0.021728515625,0.09375,-0.07470703125,-0.07666015625,0.11669921875,0.007080078125,-0.157470703125,-0.005859375,0.099853515625,-0.02197265625,-0.02685546875,0.03662109375,-0.0634765625,-0.041015625,0.0888671875,-0.04150390625,-0.130859375,0.05908203125,0.10302734375,-0.096435546875,-0.0830078125,0.066162109375,-0.030517578125,-0.065185546875,0.064208984375,0.008544921875,-0.077880859375,0.02490234375,0.032958984375,-0.09228515625,0.1064453125,0.1064453125,-0.06396484375,-0.131591796875,0.07177734375,0.07373046875,-0.0986328125,-0.038330078125,0.068603515625,-0.07275390625,-0.1162109375,0.052978515625,0.02783203125,-0.0654296875,0.0146484375,0.0244140625,-0.06494140625,-0.026123046875,0.018310546875,-0.056396484375,-0.000244140625,0.09521484375,-0.0498046875,-0.11181640625,0.070068359375,0.0673828125,-0.1162109375,0.091796875,0.091796875,-0.02783203125,-0.08984375,0.064208984375,0.022705078125,-0.106689453125,0.006591796875,0.07080078125,-0.087158203125,-0.076171875,0.104248046875,0.026123046875,0.029541015625,0.029541015625,0.044189453125,-0.0751953125,-0.01806640625,0.05419921875,-0.02490234375,-0.01025390625,0.0576171875,-0.05126953125,-0.0751953125,0.0498046875,-0.019287109375,-0.0966796875,0.067626953125,0.067626953125,-0.11181640625,-0.0556640625,0.093505859375,-0.048583984375,-0.09423828125,0.09375,0.0048828125,-0.160400390625,0.021728515625,0.132568359375,-0.109619140625,0.09423828125,0.09423828125,0.00732421875,-0.117919921875,0.010009765625,0.03076171875,-0.04833984375,0.034912109375,0.02734375,-0.126953125,-0.037109375,-0.041259765625,-0.1015625,-0.1015625,0.086669921875,0.0224609375,-0.12353515625,0.015380859375,0.088623046875,-0.082275390625,-0.031982421875,0.131103515625,-0.038330078125,0.082275390625,0.0888671875,0.0888671875,-0.126220703125,-0.063720703125,0.10205078125,-0.0126953125,-0.08935546875,0.0478515625,0.00146484375,-0.09326171875,0.015625,-0.083740234375,-0.035400390625,-0.035400390625,0.059326171875,-0.040771484375,-0.038818359375,0.059326171875,-0.0458984375,-0.08447265625,0.06640625,0.012939453125,-0.13525390625,0.149169921875,-0.076416015625,-0.1669921875,-0.1669921875,0.045654296875,0.05322265625,-0.044921875,0.013671875,-0.011962890625,-0.1005859375,0.021728515625,0.100341796875,-0.09521484375,0.127197265625,0.0283203125,0.0283203125,-0.127685546875,0.0078125,0.057861328125,-0.055908203125,0.017578125,0.0673828125,-0.111572265625,-0.065185546875,0.00146484375,-0.1640625,0.04248046875,0.04248046875,0.122314453125,-0.106689453125,-0.105224609375,0.09130859375,0.010498046875,-0.05322265625,0.057861328125,-0.024169921875,-0.12548828125,0.08935546875,-0.08984375,-0.05029296875,-0.05029296875,-0.026611328125,-0.026611328125,-0.081787109375,0.050048828125,-0.028564453125,-0.10400390625,0.05908203125,0.058837890625,-0.119140625,-0.040771484375,-0.089599609375,-0.099853515625,0.1064453125,0.010986328125,0.010986328125,-0.173095703125,-0.0048828125,0.119873046875,-0.06787109375,-0.07763671875,0.087890625,-0.0166015625,-0.123779296875,0.039794921875,-0.077880859375,-0.007568359375,0.085205078125,-0.05908203125,-0.05908203125,-0.091796875,0.058349609375,0.00634765625,-0.060791015625,0.03955078125,0.010986328125,-0.080322265625,0.027587890625,0.08154296875,-0.087646484375,0.143310546875,0.0390625,-0.16259765625,-0.16259765625,-0.009521484375,0.121337890625,-0.0244140625,-0.07080078125,0.0166015625,-0.02880859375,-0.0341796875,0.0537109375,-0.097412109375,0.075927734375,0.060302734375,-0.134521484375,-0.056396484375,-0.056396484375,0.104248046875,-0.04345703125,-0.103271484375,0.066162109375,0.0205078125,-0.0751953125,0.0322265625,-0.114501953125,0.01953125,0.130126953125,-0.09765625,-0.145263671875,-0.145263671875,0.0986328125,0.047119140625,-0.11376953125,0.0107421875,0.056396484375,-0.102294921875,-0.0517578125,0.096435546875,-0.091796875,0.073486328125,0.00830078125,-0.108154296875,0.03076171875,0.03076171875,0.0732421875,-0.07666015625,-0.0166015625,0.10302734375,-0.052490234375,-0.094482421875,0.08642578125,-0.101806640625,0.036376953125,0.070068359375,-0.100830078125,-0.05517578125,0.10693359375,0.10693359375,-0.02734375,-0.105224609375,0.060791015625,0.01611328125,-0.116455078125,0.01171875,-0.063232421875,-0.078369140625
Prusa_B,-0.0302734375,-0.056640625,-0.056640625,-0.06884765625,-0.06884765625,-0.033935546875,0.036376953125,0.07666015625,0.036376953125,-0.0078125,-0.05517578125,-0.07763671875,-0.0751953125,-0.0498046875,-0.007080078125,0.00732421875,-0.0166015625,-0.038818359375,-0.035400390625,0.00244140625,0.05517578125,0.05517578125,0.07373046875,0.044189453125,0.02783203125,0.049560546875,-0.0400390625,-0.029541015625,-0.017822265625,-0.054443359375,-0.035400390625,-0.00830078125,-0.044677734375,0.0,0.0546875,-0.002197265625,0.00439453125,0.00439453125,0.04638671875,0.02001953125,0.0185546875,-0.0556640625,-0.0498046875,-0.031005859375,-0.070556640625,-0.05859375,-0.0224609375,-0.010009765625,0.037109375,0.037109375,0.0185546875,-0.034912109375,-0.02978515625,-0.0400390625,-0.022216796875,-0.01513671875,-0.012451171875,-0.000244140625,-0.036376953125,-0.066162109375,-0.0419921875,-0.0283203125,-0.0283203125,-0.024169921875,0.041015625,0.0576171875,-0.027099609375,-0.039306640625,-0.06689453125,-0.002197265625,0.055419921875,0.025390625,-0.02880859375,-0.031494140625,-0.031494140625,-0.049072265625,-0.028564453125,0.03515625,-0.00830078125,0.038330078125,0.041259765625,-0.005126953125,-0.020751953125,-0.0390625,-0.025390625,0.0361328125,0.0361328125,0.046875,0.019775390625,0.007080078125,-0.06982421875,-0.020263671875,0.021484375,0.0263671875,0.006591796875,-0.028564453125,-0.01416015625,0.01171875,-0.016357421875,-0.016357421875,-0.020263671875,0.01220703125,0.013427734375,-0.032958984375,-0.0732421875,-0.0712890625,-0.0302734375,-0.005126953125,-0.00537109375,0.00048828125,-0.005859375,-0.012939453125,-0.02587890625,-0.050537109375,-0.050537109375,-0.04345703125,-0.013916015625,-0.01416015625,-0.062744140625,-0.038330078125,0.0087890625,-0.015380859375,-0.051513671875,0.004638671875,0.069580078125,0.06005859375,0.018798828125,-0.006591796875,-0.006591796875,0.00390625,-0.016845703125,-0.047607421875,0.009521484375,0.01904296875,-0.03466796875,-0.063232421875,-0.0126953125,0.043212890625,0.0224609375,-0.00927734375,0.01025390625,0.022705078125,0.022705078125,-0.0087890625,-0.031982421875,-0.019775390625,-0.024658203125,-0.022705078125,-0.00244140625,-0.0166015625,-0.0322265625,-0.000244140625,0.01953125,0.00341796875,-0.017822265625,-0.017822265625,-0.009033203125,0.03466796875,-0.0654296875,-0.06103515625,-0.021484375,-0.018310546875,-0.0078125,0.01953125,0.021484375,-0.002197265625,-0.027587890625,-0.03466796875,-0.010009765625,-0.010009765625,-0.006103515625,-0.022216796875,-0.0048828125,-0.02490234375,-0.026611328125,-0.023193359375,-0.026123046875,-0.01123046875,0.01416015625,0.01953125,0.004638671875,-0.01904296875,-0.02392578125,-0.02392578125,-0.0185546875,-0.02392578125,0.033935546875,0.02001953125,-0.013671875,-0.021728515625,-0.017333984375,-0.014892578125,-0.015625,-0.02392578125,-0.02197265625,-0.025634765625,-0.037109375,-0.037109375,-0.024169921875,-0.00048828125,-0.02099609375,-0.00732421875,0.009765625,0.013427734375,-0.02001953125,-0.050537109375,-0.009765625,0.00732421875,-0.0400390625,-0.03173828125,0.0087890625,0.0087890625,0.0029296875,-0.005615234375,0.003662109375,0.022705078125,0.005859375,-0.00927734375,-0.00537109375,-0.027099609375,-0.030517578125,-0.001220703125,-0.003173828125,-0.012451171875,-0.012451171875,-0.0166015625,-0.030517578125,-0.014404296875,-0.01220703125,0.000244140625,-0.013916015625,-0.045166015625,-0.02978515625,-0.007568359375,-0.027587890625,-0.0234375,-0.001953125,-0.001953125,-0.014892578125,-0.014892578125,-0.01220703125,-0.013916015625,-0.01904296875,-0.01318359375,0.00732421875,-0.007568359375,-0.033935546875,-0.030517578125,0.0,0.0,-0.029541015625,-0.031982421875,-0.00927734375,0.012939453125,0.002197265625,-0.002685546875,0.001220703125,0.00048828125,0.007080078125,-0.00244140625,-0.01171875,-0.008544921875,-0.008544921875,-0.046142578125,-0.01220703125,0.00244140625,-0.001708984375,0.020263671875,-0.00146484375,-0.0361328125,-0.0126953125,0.013427734375,0.025390625,0.012939453125,-0.025390625,-0.02587890625,-0.006103515625,-0.017822265625,-0.03759765625,-0.026123046875,-0.010498046875,0.0029296875,0.01708984375,0.013671875,-0.021240234375,-0.061279296875,-0.054443359375,-0.015869140625,0.00732421875,-0.01513671875,-0.046142578125,-0.025390625,-0.013916015625,-0.008544921875,-0.000732421875,-0.009521484375,-0.01220703125,-0.019775390625,-0.02001953125,-0.0087890625,-0.0205078125,-0.031494140625,-0.016845703125,-0.001953125,-0.002197265625,0.009765625,0.025390625,0.012451171875,-0.0166015625,-0.022705078125,0.001953125,0.0107421875,-0.011962890625,-0.02197265625,-0.009765625,-0.01220703125,-0.019287109375,-0.00146484375,0.010986328125,0.000244140625,-0.014892578125,-0.02197265625,0.005615234375,-0.00048828125,-0.05322265625,-0.054931640625,-0.013671875,-0.015380859375,-0.009765625,0.014404296875,-0.00439453125,-0.0107421875,-0.000244140625,-0.00537109375,0.005126953125,-0.019775390625,-0.053466796875,-0.027099609375,-0.0126953125,-0.03857421875,-0.014404296875,0.03076171875,0.006591796875,-0.0263671875,-0.02001953125,-0.001953125,0.021484375,0.009765625,-0.037353515625,-0.05029296875,-0.04150390625,-0.04345703125,-0.033203125,0.002197265625,-0.001708984375,0.005615234375,0.005615234375,0.0244140625,0.002197265625,-0.0263671875,-0.0087890625,0.01416015625,-0.01220703125,-0.035400390625,-0.02392578125,-0.01904296875,-0.026611328125,-0.00634765625,0.050048828125,-0.004638671875,-0.004638671875,-0.0517578125,-0.036865234375,-0.014404296875,-0.010009765625,-0.006103515625,-0.001220703125,-0.00537109375,-0.0390625,-0.04541015625,-0.01611328125,0.00439453125,-0.0009765625,0.00634765625,0.02685546875,-0.0087890625,-0.05712890625,-0.06494140625,-0.05078125,-0.038330078125,-0.012451171875,0.0234375,0.0322265625,0.005859375,-0.034423828125,-0.029296875,-0.002685546875,-0.002685546875,-0.017333984375,-0.002197265625,0.005859375,-0.03076171875,-0.039794921875,-0.005859375,0.00048828125,0.00634765625,0.028076171875,0.020263671875,-0.021240234375,-0.058837890625,-0.019287109375,-0.019287109375,-0.00244140625,0.003662109375,0.00244140625,0.0009765625,-0.028076171875,-0.04833984375,-0.01953125,0.025634765625,0.017578125,-0.01318359375,-0.01513671875,-0.04345703125,-0.04345703125,-0.040283203125,-0.01025390625,0.00390625,-0.005126953125,-0.02001953125,-0.013916015625,-0.012451171875,-0.0302734375,-0.0107421875,0.030517578125,0.00341796875,0.00341796875,-0.018310546875,-0.01708984375,-0.049560546875,-0.079345703125,-0.044921875,0.009765625,0.015869140625,-0.0009765625,-0.01123046875,-0.015869140625,-0.020263671875,0.001953125,0.001953125,0.014404296875,-0.00732421875,-0.018310546875,0.00537109375,0.012939453125,-0.002685546875,-0.0029296875,0.015625,0.000244140625,-0.0390625,-0.024658203125,-0.024658203125,-0.0107421875,-0.001708984375,0.001953125,0.01220703125,0.0166015625,-0.02001953125,-0.046630859375,-0.02490234375,0.004638671875,-0.014892578125,-0.004150390625,-0.01025390625,-0.01025390625,-0.038330078125,-0.0322265625,-0.015625,-0.01904296875,-0.02587890625,-0.01025390625,-0.008056640625,-0.0439453125,-0.044189453125,0.025146484375,0.002685546875,0.002685546875,-0.01123046875,0.01318359375,0.01318359375,-0.030517578125,-0.030029296875,0.006591796875,-0.000732421875,-0.025634765625,-0.022705078125,0.00146484375,-0.027099609375,-0.0166015625,-0.0166015625,0.037353515625,0.036865234375,-0.00390625,-0.014404296875,-0.007568359375,-0.041259765625,-0.063232421875,-0.02587890625,-0.003662109375,-0.014892578125,-0.001953125,0.025634765625,-0.04345703125,-0.044189453125,-0.044189453125,0.024169921875,0.017578125,-0.03759765625,-0.051025390625,-0.01513671875,-0.00341796875,-0.023681640625,-0.0107421875,0.018310546875,0.015380859375,-0.009521484375,-0.015380859375,-0.01416015625,-0.029052734375,-0.021728515625,-0.021728515625,-0.00927734375,-0.029541015625,-0.045166015625,-0.034423828125,0.004638671875,-0.004150390625,-0.03076171875,0.029052734375,0.07275390625,0.00927734375,-0.075927734375,-0.013427734375,-0.025634765625,-0.02490234375,0.034912109375,0.034912109375,0.053955078125,-0.0126953125,-0.051025390625,0.00048828125,0.039794921875,0.005859375,-0.027587890625,0.00146484375,0.0048828125,-0.045654296875,-0.00390625,-0.001953125,-0.027587890625,-0.0166015625,0.01806640625,0.01806640625,0.00830078125,-0.01806640625,-0.003662109375,0.01318359375,-0.029296875,-0.077880859375,-0.04443359375,0.009033203125,-0.0263671875,-0.053955078125,0.05517578125,0.020751953125,-0.041748046875,-0.02099609375,0.008544921875,0.008544921875,-0.02587890625,-0.042236328125,-0.012939453125,0.00390625,-0.02099609375,-0.02392578125,0.01220703125,0.009521484375,-0.014892578125,-0.001953125,-0.017333984375,-0.040283203125,-0.034912109375,-0.002685546875,-0.006591796875,-0.006591796875,-0.034912109375,-0.0029296875,0.039306640625,-0.002685546875,-0.0576171875,-0.028076171875,0.0185546875,0.0029296875,-0.016357421875,0.005859375,-0.00146484375,-0.069580078125,-0.02734375,0.010986328125,0.00341796875,0.012939453125,0.051513671875,0.040771484375,-0.0458984375,-0.076416015625,-0.027099609375,-0.023681640625,-0.045654296875,-0.045654296875,-0.00244140625,0.056884765625,0.02294921875,-0.074462890625,-0.0751953125,0.013916015625,0.021240234375,-0.0234375,0.001953125,0.039306640625,-0.01611328125,-0.077392578125,-0.041748046875,0.01318359375,-0.014404296875,-0.027099609375,0.04150390625,-0.029541015625,-0.067138671875,0.00537109375,0.02978515625,-0.04638671875,-0.035888671875,0.064208984375,0.041015625,-0.08349609375,-0.071044921875,0.031494140625,0.015869140625,-0.07421875,-0.07421875,-0.04443359375,0.046875,0.004150390625,-0.064208984375,0.001953125,0.063720703125,-0.029296875,-0.1181640625,-0.0234375,0.04931640625,-0.048095703125,-0.060302734375,0.060302734375,0.0537109375,-0.0810546875,-0.050048828125,0.0283203125,-0.074951171875,-0.0322265625,0.0712890625,0.0234375,-0.06689453125,-0.0224609375,0.033447265625,-0.016845703125,-0.04833984375,0.01416015625,0.043701171875,-0.025634765625,-0.05517578125,-0.05517578125,-0.000244140625,0.023681640625,-0.03759765625,-0.079833984375,-0.01806640625,0.038818359375,0.008544921875,-0.025634765625,-0.022216796875,-0.019287109375,-0.0556640625,-0.064697265625,0.019775390625,0.072998046875,0.005126953125,-0.0029296875,-0.02685546875,-0.08837890625,-0.038818359375,0.05078125,0.0390625,-0.014892578125,0.01025390625,0.04345703125,-0.015380859375,-0.08203125,-0.041259765625,0.042236328125,0.047607421875,-0.03515625,-0.0517578125,-0.0517578125,-0.000244140625,-0.044677734375,-0.093505859375,-0.0283203125,0.068115234375,0.0302734375,-0.042236328125,0.013916015625,0.03662109375,-0.05224609375,-0.089111328125,0.000732421875,0.0263671875,-0.06884765625,-0.06201171875,0.052001953125,0.062255859375,-0.027099609375,-0.03173828125,0.039306640625,0.02685546875,-0.06005859375,-0.064697265625,-0.014404296875,-0.02001953125,-0.04248046875,-0.0205078125,0.024658203125,-0.024658203125,-0.029296875,0.027099609375,0.035400390625,-0.030517578125,-0.046142578125,-0.02880859375,-0.052734375,-0.055908203125,-0.016357421875,0.02392578125,0.0,-0.04736328125,0.01611328125,0.0849609375,0.015380859375,0.015380859375,-0.05908203125,-0.018798828125,0.0234375,-0.046875,-0.079345703125,0.000732421875,0.058837890625,-0.022705078125,-0.067138671875,0.037109375,0.062744140625,-0.03173828125,0.009033203125,-0.013671875,-0.077880859375,-0.0595703125,0.010009765625,-0.00146484375,-0.06103515625,-0.028076171875,0.072509765625,0.039306640625,-0.0634765625,-0.033447265625,0.048583984375,-0.019775390625,-0.110595703125,-0.021728515625,0.02783203125,-0.05859375,-0.05859375,-0.052001953125,0.06494140625,0.0712890625,-0.038330078125,-0.036865234375,0.048828125,0.014404296875,-0.081787109375,-0.042236328125,-0.02197265625,-0.10107421875,-0.032958984375,0.071533203125,0.02978515625,-0.042236328125,-0.005615234375,0.0595703125,0.006591796875,-0.092529296875,-0.0654296875,-0.0009765625,-0.031005859375,-0.060791015625,-0.00634765625,0.08251953125,0.0244140625,-0.0859375,-0.014892578125,0.0791015625,-0.003173828125,-0.003173828125,-0.087890625,0.02197265625,0.0498046875,-0.11962890625,-0.096435546875,0.104736328125,0.071533203125,-0.096435546875,-0.0390625,0.025634765625,-0.102783203125,-0.0537109375,0.032470703125,-0.029052734375,-0.114990234375,-0.010498046875,0.10791015625,-0.017822265625,-0.12890625,-0.003662109375,0.092041015625,-0.03125,-0.095458984375,0.021240234375,0.04443359375,-0.078369140625,-0.07177734375,0.0791015625,0.067626953125,0.067626953125,-0.084228515625,-0.08154296875,0.068359375,0.087158203125,-0.06591796875,-0.072265625,0.061767578125,-0.12744140625,-0.033203125,0.098388671875,-0.01416015625,-0.10400390625,0.038330078125,0.107177734375,-0.04443359375,-0.1376953125,-0.0244140625,0.046630859375,-0.05126953125,-0.078369140625,0.047607421875,0.08740234375,-0.073486328125,-0.077392578125,0.06298828125,0.02880859375,-0.0625,-0.027587890625,0.036865234375,0.036865234375,-0.014404296875,-0.103271484375,-0.053466796875,0.084716796875,0.058837890625,-0.08154296875,-0.041748046875,0.03564453125,-0.123046875,-0.0380859375,0.0703125,-0.0361328125,-0.11279296875,0.0,0.0546875,-0.05078125,-0.076171875,0.067138671875,0.090087890625,-0.06640625,-0.08984375,0.021484375,0.02294921875,-0.095947265625,-0.061279296875,0.08056640625,0.030029296875,-0.10693359375,-0.03564453125,0.106201171875,0.01025390625,0.01025390625,-0.10986328125,0.033203125,0.12890625,-0.03515625,-0.1455078125,0.02783203125,-0.04736328125,-0.062255859375,0.040283203125,0.09765625,-0.0048828125,-0.06689453125,0.0126953125,0.038818359375,-0.0537109375,-0.080810546875,0.01513671875,0.026611328125,-0.075439453125,-0.09912109375,0.014892578125,0.10791015625,0.010009765625,-0.05322265625,0.016845703125,0.041748046875,-0.03466796875,-0.093505859375,-0.00634765625,-0.00634765625,0.021484375,-0.089111328125,-0.050537109375,0.111572265625,0.079345703125,-0.127197265625,0.142822265625,0.0498046875,-0.13818359375,-0.05810546875,0.072509765625,-0.040283203125,-0.1591796875,-0.01904296875,0.115966796875,-0.009521484375,-0.072509765625,0.06982421875,0.084228515625,-0.08154296875,-0.084716796875,0.044921875,0.015625,-0.097900390625,-0.053955078125,0.031982421875,-0.024658203125,-0.089599609375,0.0048828125,0.1005859375,0.06298828125,-0.015869140625,-0.015869140625,-0.019775390625,0.008544921875,-0.064453125,-0.06787109375,-0.003173828125,-0.020263671875,-0.03564453125,0.053955078125,0.0625,-0.054443359375,-0.052490234375,0.051025390625,0.03076171875,-0.08447265625,-0.08740234375,0.010498046875,-0.0029296875,-0.083984375,-0.04296875,0.05126953125,0.038818359375,-0.025634765625,-0.021240234375,0.019287109375,-0.00341796875,-0.021484375,-0.01025390625,-0.046875,-0.05859375,-0.05859375,-0.00830078125,0.023681640625,-0.012451171875,0.031982421875,0.0341796875,0.0029296875,-0.0380859375,-0.060791015625,-0.038818359375,-0.00732421875,-0.033935546875,-0.090087890625,-0.030517578125,0.085693359375,0.06005859375,-0.04296875,-0.060302734375,0.024169921875,0.04345703125,-0.037841796875,-0.086669921875,-0.047607421875,-0.01220703125,-0.029052734375,0.0078125,0.05224609375,0.006103515625,-0.006591796875,0.049560546875,0.03369140625,0.03369140625,-0.04638671875,-0.001220703125,-0.0283203125,-0.07861328125,-0.054931640625,0.031982421875,0.071044921875,-0.005126953125,-0.060546875,0.017578125,0.09423828125,-0.040283203125,-0.13671875,-0.026611328125,-0.02392578125,-0.084716796875,-0.00830078125,0.07861328125,-0.006591796875,-0.036865234375,0.037841796875,0.006591796875,-0.056884765625,-0.0322265625,0.0244140625,-0.0078125,-0.096923828125,-0.066162109375,0.0751953125,0.064208984375,-0.060546875,-0.018310546875,0.080810546875,0.031005859375,-0.03955078125,-0.02880859375,-0.034423828125,-0.056884765625,-0.03857421875,-0.007080078125,0.009521484375,0.02734375,0.017822265625,0.022705078125,0.0556640625,0.01025390625,-0.044921875,-0.014404296875,-0.0146484375,-0.111572265625,-0.09716796875,0.038330078125,0.048828125,-0.0361328125,-0.01220703125,0.0556640625,0.065185546875,0.00830078125,-0.06640625,-0.07373046875,-0.02490234375,-0.02490234375,-0.05029296875,0.020263671875,0.0322265625,-0.058349609375,-0.08154296875,-0.04296875,0.016357421875,0.07421875,0.0458984375,-0.053955078125,-0.08984375,-0.028076171875,0.018310546875,0.008056640625,-0.017333984375,-0.025634765625,-0.002197265625,0.010009765625,-0.030517578125,-0.063232421875,-0.03369140625,-0.0068359375,0.02099609375,0.022216796875,-0.029052734375,-0.047119140625,-0.027099609375,-0.00634765625,0.01416015625,-0.001220703125,-0.02734375,-0.02734375,-0.032958984375,-0.052490234375,0.002685546875,0.036376953125,-0.0302734375,-0.0361328125,-0.013916015625,-0.012939453125,0.022216796875,0.066650390625,0.001953125,-0.0537109375,0.0068359375,-0.01513671875,-0.052001953125,-0.00341796875,0.0205078125,-0.001708984375,0.0048828125,0.000244140625,-0.0400390625,-0.00244140625,0.0185546875,-0.032470703125,-0.034423828125,0.015625,0.00439453125,-0.026611328125,-0.02978515625,-0.016357421875,-0.016357421875,0.0107421875,-0.0166015625,-0.012939453125,0.0,-0.010498046875,0.0,-0.0341796875,-0.051513671875,0.010009765625,-0.0068359375,-0.047119140625,0.0009765625,-0.04150390625,-0.04931640625,0.05224609375,-0.002197265625,-0.059326171875,0.031982421875,-0.005859375,-0.097412109375,-0.032470703125,-0.002685546875,-0.021484375,0.021728515625,0.0,-0.044677734375,0.035400390625,-0.082763671875,-0.10009765625,-0.031982421875,-0.031982421875,0.0166015625,0.07861328125,0.067138671875,-0.042236328125,-0.079345703125,-0.03076171875,0.01123046875,0.056884765625,0.055419921875,-0.01513671875,-0.0458984375,-0.027099609375,-0.02978515625,-0.03466796875,-0.05908203125,-0.086669921875,-0.014892578125,0.06884765625,0.065673828125,0.03857421875,0.017822265625,-0.001708984375,-0.035888671875,-0.072509765625,-0.0771484375,-0.0400390625,-0.027587890625,-0.01904296875,0.007080078125,0.011474609375,-0.004638671875,-0.004638671875,0.0048828125,0.023681640625,0.016357421875,-0.00390625,0.011962890625,0.03955078125,-0.006591796875,-0.091552734375,-0.084228515625,-0.017578125,-0.031494140625,-0.03515625,0.0244140625,0.00732421875,0.034423828125,0.058349609375,-0.047607421875,0.01318359375,0.007568359375,-0.080810546875,0.05029296875,-0.06298828125,-0.06298828125,-0.102783203125,-0.05029296875,0.00537109375,0.01025390625,-0.071533203125,0.0361328125,-0.057861328125,-0.052978515625,0.011962890625,-0.014892578125,0.067138671875,0.0556640625,0.0224609375,0.0126953125,-0.057373046875,-0.064453125,-0.055419921875,-0.010498046875,0.0234375,0.003662109375,0.01611328125,0.01611328125,-0.032470703125,-0.036865234375,0.024658203125,0.032958984375,0.04736328125,0.011474609375,-0.05859375,-0.0458984375,-0.04541015625,-0.055908203125,-0.005126953125,-0.005126953125,-0.03466796875,-0.017822265625,-0.0107421875,-0.007080078125,0.02685546875,0.01806640625,-0.0322265625,-0.013427734375,0.02294921875,0.00927734375,-0.03857421875,-0.076416015625,-0.04296875,-0.04296875,0.010009765625,-0.013916015625,-0.043212890625,-0.003662109375,0.0380859375,0.01318359375,-0.01904296875,-0.047119140625,-0.033203125,0.021484375,0.05224609375,0.005615234375,-0.088623046875,-0.10009765625,0.009765625,0.087890625,0.0205078125,-0.07861328125,-0.040771484375,0.064697265625,-0.034423828125,-0.11767578125,-0.00341796875,0.1201171875,0.061767578125,-0.090087890625,-0.093505859375,0.049560546875,0.049560546875,0.05078125,-0.105224609375,-0.14453125,0.021484375,0.141357421875,0.012451171875,-0.1259765625,-0.01513671875,0.10400390625,0.00830078125,-0.10986328125,-0.053466796875,0.057861328125,0.005126953125,-0.0986328125,-0.053955078125,0.01318359375,0.0078125,-0.036376953125,-0.04638671875,-0.05029296875,0.0029296875,0.063720703125,0.008544921875,-0.04931640625,0.017822265625,0.05029296875,-0.03515625,-0.03515625,-0.0986328125,-0.03173828125,0.041748046875,-0.008056640625,-0.073974609375,-0.031982421875,0.044189453125,0.00146484375,-0.06982421875,0.0,0.04736328125,-0.02197265625,-0.017578125,0.05029296875,0.01708984375,-0.042724609375,0.010009765625,0.00732421875,-0.0517578125,-0.02880859375,0.05224609375,0.038818359375,-0.048828125,-0.043701171875,0.039794921875,0.033203125,-0.0341796875,-0.0341796875,-0.014892578125,0.031982421875,0.009765625,-0.049560546875,-0.044677734375,0.018310546875,-0.02197265625,-0.072021484375,-0.006103515625,0.01904296875,-0.03857421875,-0.07177734375,-0.009521484375,0.029296875,-0.0341796875,-0.048095703125,0.020263671875,-0.044921875,-0.049072265625,-0.059814453125,0.01025390625,-0.06298828125,-0.050537109375,0.039794921875,0.005126953125,-0.06884765625,-0.019287109375,0.065185546875,0.0224609375,-0.05810546875,-0.015625,0.054931640625,0.0078125,-0.0537109375,-0.0537109375,-0.00537109375,0.034912109375,-0.02294921875,-0.07568359375,-0.00732421875,0.05908203125,0.006591796875,-0.0634765625,-0.009033203125,0.04248046875,-0.021728515625,-0.0654296875,0.001953125,0.041748046875,-0.057373046875,0.006103515625,0.022705078125,-0.0390625,-0.048095703125,0.022705078125,0.020263671875,-0.06201171875,-0.034912109375,0.049560546875,0.021484375,-0.064208984375,-0.056884765625,0.02880859375,0.02880859375,0.013916015625,-0.063232421875,-0.03076171875,0.036865234375,0.0107421875,-0.0439453125,-0.029541015625,0.011474609375,-0.018798828125,-0.0732421875,-0.008544921875,0.041259765625,-0.04931640625,-0.002685546875,0.00927734375,-0.02197265625,-0.017578125,0.030029296875,0.02490234375,-0.055908203125,-0.035400390625,0.044921875,0.015625,-0.0625,-0.0341796875,0.0458984375,0.014404296875,0.014404296875,-0.042724609375,0.0166015625,0.0634765625,-0.0146484375,-0.081787109375,-0.0234375,0.014404296875,-0.0400390625,-0.044921875,0.03369140625,0.051025390625,-0.03662109375,0.016845703125,0.016357421875,-0.075927734375,-0.072021484375,0.008544921875,0.025390625,-0.036376953125,-0.034912109375,0.037353515625,0.01806640625,-0.061279296875,-0.0380859375,0.04052734375,0.00732421875,-0.058837890625,-0.0166015625,0.04443359375,0.04443359375,-0.005859375,-0.066650390625,-0.0166015625,0.024658203125,-0.020751953125,-0.049560546875,0.00830078125,0.0458984375,-0.005126953125,-0.026611328125,0.017578125,-0.07421875,-0.069091796875,0.040771484375,0.04443359375,-0.05029296875,-0.037109375,0.063720703125,0.038818359375,-0.081298828125,-0.07666015625,0.043701171875,0.03759765625,-0.072509765625,-0.035888671875,0.072265625,0.03564453125,-0.0791015625,-0.0791015625,-0.07421875,0.010009765625,0.006103515625,-0.04296875,-0.0029296875,0.044677734375,-0.02099609375,-0.068603515625,-0.000732421875,-0.067626953125,-0.065185546875,0.027587890625,0.03173828125,-0.053466796875,-0.03173828125,0.055419921875,0.01904296875,-0.076904296875,-0.08203125,0.00830078125,0.029296875,-0.051513671875,-0.015625,0.081298828125,0.031494140625,-0.05126953125,-0.018310546875,0.04541015625,0.04541015625,-0.000732421875,-0.061279296875,-0.0146484375,0.029052734375,-0.009033203125,-0.04296875,0.018798828125,0.065673828125,-0.074951171875,0.0087890625,0.026123046875,-0.052001953125,-0.054443359375,0.024658203125,0.0185546875,-0.06787109375,-0.05029296875,0.05859375,0.030517578125,-0.091796875,-0.07373046875,0.043212890625,0.01416015625,-0.06640625,-0.00732421875,0.0576171875,-0.011962890625,-0.011962890625,-0.0986328125,-0.03125,0.056640625,-0.00830078125,-0.07373046875,0.009521484375,0.080078125,-0.014404296875,0.0078125,0.029541015625,-0.0712890625,-0.10009765625,0.02099609375,0.082763671875,-0.018310546875,-0.046142578125,0.044189453125,0.035888671875,-0.06640625,-0.08154296875,0.022705078125,0.02587890625,-0.072265625,-0.04150390625,0.07763671875,0.048095703125,0.048095703125,-0.055908203125,-0.035400390625,0.053466796875,-0.07470703125,-0.005859375,0.06103515625,-0.0078125,-0.087646484375,-0.02001953125,0.0517578125,-0.021240234375,-0.07568359375,0.01171875,0.01171875,0.05712890625,-0.033447265625,0.01708984375,0.03955078125,-0.07958984375,-0.097412109375,0.02783203125,0.036376953125,-0.06591796875,-0.0625,0.051025390625,0.03564453125,0.03564453125,-0.078369140625,-0.037109375,0.0126953125,-0.083984375,-0.041015625,0.0517578125,-0.013916015625,-0.08056640625,0.030517578125,0.087158203125,-0.022705078125,-0.06201171875,0.020751953125,0.020751953125,0.0576171875,-0.091796875,0.001708984375,0.037841796875,-0.043212890625,-0.054931640625,0.04150390625,0.047119140625,-0.062255859375,-0.062744140625,0.04150390625,0.017578125,-0.094970703125,-0.094970703125,-0.065673828125,0.015380859375,-0.092041015625,-0.02734375,0.06982421875,-0.001220703125,-0.09130859375,-0.013671875,0.075927734375,-0.01416015625,-0.091552734375,-0.007080078125,-0.007080078125,0.06689453125,-0.09228515625,0.022216796875,0.0751953125,-0.04931640625,-0.103515625,0.024169921875,0.068603515625,-0.048095703125,-0.07177734375,0.040283203125,0.035400390625,-0.0869140625,-0.0869140625,0.05517578125,0.0439453125,-0.076171875,-0.042724609375,0.074462890625,0.010498046875,-0.10888671875,-0.033935546875,0.078857421875,0.015380859375,-0.073486328125,-0.00927734375,0.07177734375,0.07177734375,-0.09375,-0.0224609375,0.061279296875,-0.008056640625,-0.060546875,0.0341796875,0.067626953125,-0.06298828125,-0.114013671875,0.001953125,0.037109375,0.037109375,-0.058837890625,0.07421875,0.051025390625,-0.08056640625,-0.064697265625,0.050048828125,0.025146484375,-0.106201171875,-0.06884765625,0.069580078125,0.0185546875,-0.0859375,-0.01708984375,0.0810546875,-0.004150390625,-0.090087890625,-0.001220703125,0.08447265625,0.004638671875,-0.0947265625,-0.021728515625,0.052978515625,-0.03125,-0.06591796875,-0.06591796875,0.0703125,-0.058837890625,-0.087646484375,0.041259765625,0.0595703125,-0.075439453125,-0.091796875,0.05126953125,0.05322265625,-0.071044921875,-0.072021484375,-0.072021484375,0.035400390625,-0.08984375,-0.04150390625,0.06103515625,-0.0009765625,-0.087158203125,-0.024658203125,0.0537109375,-0.019775390625,-0.093994140625,-0.00341796875,0.081787109375,-0.006103515625,-0.079833984375,0.0166015625,0.064208984375,-0.058349609375,-0.10546875,0.021484375,0.054931640625,-0.072998046875,-0.09033203125,0.058349609375,0.0595703125,-0.083251953125,-0.0625,0.0810546875,0.03564453125,-0.097900390625,-0.03466796875,0.081298828125,-0.00048828125,-0.119873046875,-0.033447265625,0.10009765625,0.033447265625,-0.079833984375,-0.006591796875,0.079833984375,-0.0400390625,-0.129150390625,0.005859375,0.113525390625,-0.000732421875,-0.09619140625,-0.00390625,0.060546875,-0.0576171875,-0.109375,0.046630859375,0.087890625,-0.0830078125,-0.1044921875,0.057373046875,0.05322265625,-0.09619140625,-0.096923828125,0.04345703125,0.036376953125,-0.0703125,-0.0478515625,0.06787109375,0.031494140625,-0.097900390625,-0.044921875,0.06494140625,0.002197265625,-0.081787109375,-0.005859375,0.07958984375,-0.003662109375,-0.0986328125,0.0048828125,0.093017578125,-0.02734375,-0.105712890625,0.011474609375,0.0791015625,-0.0478515625,-0.088623046875,0.036376953125,0.058837890625,-0.071533203125,-0.09423828125,0.04345703125,0.05322265625,-0.064208984375,-0.057861328125,0.049072265625,0.02392578125,-0.075439453125,-0.036376953125,0.0546875,-0.021484375,-0.106201171875,0.008544921875,0.10693359375,0.0009765625,-0.099365234375,-0.00146484375,0.080078125,-0.111572265625,-0.111572265625,0.003173828125,0.071533203125,-0.055908203125,-0.10498046875,0.047607421875,0.079833984375,-0.070556640625,-0.10595703125,0.02099609375,0.051513671875,-0.062255859375,-0.048095703125,0.006591796875,0.006591796875,-0.111328125,-0.0654296875,0.063720703125,0.018310546875,-0.087890625,-0.0166015625,0.082763671875,-0.003173828125,-0.0908203125,0.01318359375,0.087158203125,-0.107177734375,-0.107177734375,0.0126953125,0.075927734375,-0.041748046875,-0.086669921875,0.05078125,0.10400390625,-0.053955078125,-0.0947265625,0.060546875,0.05517578125,-0.107177734375,0.06396484375,0.04541015625,0.04541015625,-0.09912109375,-0.04150390625,0.092529296875,0.00830078125,-0.1435546875,-0.0634765625,0.10107421875,0.02001953125,-0.12451171875,-0.036865234375,-0.0068359375,-0.104736328125,-0.104736328125,0.0009765625,0.1103515625,-0.010498046875,-0.12255859375,-0.004150390625,0.0732421875,-0.04150390625,-0.086181640625,0.043701171875,0.073486328125,-0.085693359375,-0.085693359375,0.07275390625,0.06884765625,-0.088134765625,-0.06298828125,0.083740234375,0.0166015625,-0.136962890625,-0.05224609375,0.0966796875,0.008544921875,-0.019287109375,0.111083984375,0.111083984375,0.002197265625,-0.127685546875,-0.0263671875,0.087158203125,-0.025146484375,-0.111083984375,0.0234375,0.114013671875,-0.01513671875,0.00634765625,0.075439453125,0.075439453125,-0.0712890625,-0.089111328125,0.0771484375,0.064697265625,-0.091552734375,-0.064453125,0.072021484375,0.017578125,-0.108642578125,0.093994140625,0.0009765625,0.0009765625,-0.123046875,-0.022216796875,0.09033203125,-0.01904296875,-0.108642578125,0.014892578125,0.0888671875,-0.049560546875,-0.119384765625,0.069580078125,-0.0458984375,-0.0458984375,-0.06396484375,0.082763671875,0.0927734375,-0.094970703125,-0.11279296875,0.076171875,0.0625,-0.124755859375,-0.0625,0.053955078125,-0.14501953125,-0.087890625,-0.087890625,0.102783203125,0.0390625,-0.1298828125,-0.03564453125,0.119140625,0.00244140625,-0.140625,-0.048095703125,0.06396484375,-0.019775390625,-0.088623046875,0.032470703125,0.100830078125,-0.055908203125,-0.125244140625,0.048583984375,0.087890625,-0.101806640625,0.087890625,0.0986328125,-0.102294921875,-0.109619140625,-0.109619140625,0.091552734375,0.087890625,-0.107666015625,-0.0771484375,0.096923828125,0.037353515625,-0.126953125,-0.066162109375,-0.00390625,-0.1181640625,-0.04052734375,0.06884765625,0.0166015625,-0.081298828125,-0.030517578125,0.0615234375,-0.02587890625,-0.07470703125,-0.005126953125,0.0498046875,0.004638671875,-0.0634765625,0.06494140625,0.102783203125,-0.06787109375,-0.1005859375,-0.1005859375,0.053466796875,0.0498046875,-0.098388671875,-0.072265625,0.048095703125,0.008056640625,-0.07275390625,-0.004150390625,0.091796875,-0.079345703125,-0.013427734375,0.056640625,-0.05810546875,-0.05810546875,-0.11767578125,0.021728515625,0.067626953125,-0.060546875,-0.09375,0.040771484375,0.09375,-0.04736328125,-0.100341796875,0.044921875,0.0625,-0.09423828125,0.07861328125,0.059326171875,-0.089111328125,-0.038818359375,-0.038818359375,0.095458984375,0.01806640625,-0.103271484375,-0.01953125,0.056884765625,-0.025634765625,-0.09375,0.017822265625,0.091796875,-0.036865234375,-0.107177734375,0.00146484375,0.069580078125,-0.047119140625,0.033935546875,0.072998046875,-0.04443359375,-0.07763671875,0.03125,0.03125,0.05126953125,-0.06640625,-0.076416015625,0.020263671875,0.02685546875,-0.051025390625,-0.03564453125,0.062744140625,-0.0732421875,-0.0322265625,0.05029296875,-0.00830078125,-0.095703125,-0.02490234375,-0.02490234375,0.053466796875,-0.014892578125,-0.0595703125,0.00732421875,0.05322265625,-0.025390625,-0.08056640625,0.004150390625,0.029296875,-0.06201171875,0.0185546875,0.039794921875,-0.02392578125,-0.037841796875,0.0009765625,0.005615234375,-0.044921875,-0.044921875,-0.049072265625,0.01708984375,0.01708984375,-0.03515625,0.001708984375,0.0185546875,-0.033203125,-0.0546875,0.023193359375,-0.013427734375,-0.036376953125,0.00732421875,0.0732421875,0.017822265625,-0.049560546875,-0.049560546875,-0.00390625,0.009765625,-0.052734375,-0.1015625,-0.0517578125,0.04541015625,0.045654296875,-0.009521484375,0.027099609375,-0.00537109375,-0.0576171875,-0.0390625,-0.040771484375,-0.067626953125,0.002685546875,0.0546875,0.019775390625,0.00341796875,0.00341796875,0.034912109375,0.000244140625,-0.088623046875,-0.100830078125,-0.021484375,0.0419921875,0.026611328125,0.00341796875,-0.01025390625,0.009765625,-0.0302734375,-0.035400390625,-0.01318359375,-0.01220703125,-0.02099609375,-0.024658203125,-0.010986328125,-0.010986328125,0.008056640625,-0.001708984375,-0.017822265625,-0.009765625,-0.028076171875,-0.026123046875,0.01611328125,-0.064697265625,-0.02978515625,0.03173828125,0.00390625,-0.02392578125,-0.025634765625,-0.014892578125,-0.006103515625,-0.022705078125,-0.0185546875,0.017333984375,0.017333984375,0.029052734375,-0.0146484375,-0.033935546875,-0.02587890625,-0.02978515625,-0.010986328125,0.00732421875,0.019287109375,0.017578125,-0.001220703125,-0.0478515625,-0.011474609375,-0.025390625,-0.001708984375,0.03564453125,-0.007568359375,-0.04345703125,-0.03955078125,-0.0107421875,-0.01171875,-0.01171875,-0.003662109375,0.0107421875,0.008544921875,-0.004638671875,-0.022705078125,-0.00146484375,-0.01953125,-0.014892578125,0.02197265625,0.04150390625,0.0126953125,-0.027587890625,-0.027587890625,-0.049560546875,-0.02392578125,-0.025634765625,-0.06103515625,0.050048828125,0.011474609375,-0.0185546875,-0.01708984375,-0.004638671875,-0.02197265625,-0.035888671875,-0.0146484375,0.003662109375,-0.00341796875,-0.040771484375,-0.034912109375,-0.034912109375,-0.015625,-0.01513671875,0.00927734375,0.018310546875,-0.05859375,-0.044189453125,0.00341796875,0.0078125,0.00537109375,0.030029296875,0.045166015625,0.045166015625,0.013671875,-0.05224609375,-0.05224609375,-0.037353515625,-0.056640625,-0.020263671875,0.049560546875,0.037353515625,0.009765625,-0.00244140625,-0.031982421875,-0.031982421875,-0.045166015625,-0.04736328125,-0.02685546875,-0.000244140625,-0.02880859375,0.0,0.002197265625,-0.015869140625,-0.0087890625,0.032470703125,-0.000244140625,-0.051513671875,-0.051025390625,-0.0166015625,0.008544921875,0.008544921875,-0.004150390625,0.025390625,0.0439453125,-0.02587890625,-0.0361328125,-0.0517578125,-0.06591796875,-0.03076171875,-0.005126953125,-0.017578125,-0.003662109375,-0.003662109375,0.0166015625,0.01708984375,0.0166015625,-0.041015625,0.000244140625,-0.00537109375,-0.041015625,-0.056396484375,-0.010498046875,0.01220703125,-0.009521484375,-0.009521484375,-0.04052734375,-0.03857421875,0.001953125,-0.0048828125,-0.0107421875,-0.013427734375,-0.008544921875,0.004638671875,-0.02734375,-0.03564453125,0.016357421875,-0.010986328125,0.0029296875,-0.009521484375,-0.03662109375,-0.009033203125,0.00439453125,0.00439453125,0.00439453125,0.011474609375,-0.025146484375,-0.021484375,-0.035400390625,-0.0166015625,0.015625,0.004150390625,0.00830078125,-0.020263671875,-0.016357421875,-0.023681640625,-0.0205078125,-0.0205078125,-0.02392578125,-0.025146484375,-0.01025390625,-0.002197265625,-0.00390625,-0.020751953125,-0.026611328125,-0.02880859375,-0.026123046875,-0.024658203125,-0.025146484375,0.0234375,-0.02880859375,0.006103515625,0.006103515625,-0.039794921875,0.00341796875,-0.000732421875,0.022705078125,-0.08154296875,0.012451171875,0.009765625,-0.05517578125,0.11328125,-0.02783203125,-0.029296875,0.045654296875,-0.13037109375,-0.13037109375,-0.009765625,0.03857421875,0.032470703125,0.0322265625,-0.011474609375,-0.004638671875,-0.00830078125,-0.0205078125,-0.028564453125,-0.019775390625,-0.02978515625,-0.02978515625,-0.003173828125,0.0029296875,0.0009765625,-0.0107421875,-0.01806640625,0.001953125,-0.01171875,-0.01953125,-0.0341796875,-0.026123046875,-0.019287109375,-0.02587890625,0.00634765625,0.016357421875,0.016357421875,0.009033203125,-0.01171875,-0.067138671875,-0.038818359375,-0.022216796875,0.013916015625,0.055419921875,0.060302734375,0.04931640625,0.013916015625,-0.023193359375,-0.0341796875,-0.03564453125,-0.03564453125,-0.0400390625,-0.056396484375,-0.046875,-0.018798828125,0.013427734375,0.040771484375,0.050048828125,0.0205078125,-0.03173828125,-0.076416015625,-0.07373046875,-0.07373046875,0.00341796875,0.021484375,-0.06298828125,-0.103271484375,-0.053955078125,0.025146484375,0.01513671875,-0.053466796875,-0.04736328125,0.026123046875,0.032958984375,-0.02880859375,-0.013671875,0.026123046875,0.026123046875,-0.03857421875,0.018310546875,-0.01953125,-0.035400390625,0.021240234375,-0.057373046875,-0.078125,0.0634765625,0.07666015625,0.009033203125,-0.007568359375,-0.057861328125,-0.082763671875,-0.082763671875,0.0166015625,-0.021484375,0.030517578125,0.053466796875,-0.0068359375,-0.040771484375,-0.022216796875,-0.002685546875,0.00830078125,-0.006103515625,-0.026123046875,-0.026123046875,0.018798828125,-0.015380859375,-0.028564453125,-0.000732421875,0.010986328125,0.005126953125,0.013427734375,-0.021728515625,-0.05517578125,-0.063720703125,-0.047607421875,-0.023193359375,0.0263671875,0.08447265625,0.03271484375,0.03271484375,-0.065673828125,-0.04638671875,-0.019287109375,0.0,-0.013916015625,-0.044921875,-0.028076171875,-0.0263671875,-0.046875,0.0068359375,0.009521484375,-0.049560546875,-0.021240234375,0.0537109375,0.04443359375,-0.032470703125,-0.087158203125,-0.086669921875,-0.001220703125,0.085693359375,0.043212890625,-0.072265625,-0.093505859375,-0.02978515625,0.0205078125,0.0205078125,0.0048828125,-0.01416015625,0.017578125,0.02490234375,-0.046630859375,-0.078125,-0.001953125,0.05908203125,0.03369140625,-0.048095703125,-0.079345703125,-0.003662109375,0.051513671875,-0.02099609375,-0.064453125,0.026611328125,0.077880859375,0.003173828125,-0.104736328125,-0.07568359375,0.0634765625,0.066162109375,-0.076904296875,-0.10595703125,0.041259765625,0.061279296875,-0.10498046875,-0.139404296875,0.060302734375,0.135009765625,-0.06689453125,-0.14453125,0.05126953125,0.12353515625,-0.0654296875,-0.156005859375,0.013671875,0.12255859375,-0.037109375,-0.154296875,0.00390625,0.110595703125,-0.03271484375,-0.08740234375,0.0498046875,0.09521484375,-0.05859375,-0.11767578125,-0.003662109375,0.0380859375,-0.06494140625,-0.05126953125,0.046142578125,0.0888671875,-0.03271484375,-0.069091796875,0.031494140625,0.041748046875,-0.05517578125,-0.0615234375,0.01025390625,0.027099609375,-0.03466796875,-0.062255859375,0.005859375,0.044189453125,0.041015625,0.011474609375,-0.0048828125,-0.005126953125,-0.017578125,-0.02587890625,-0.04736328125,-0.060791015625,-0.03271484375,0.00439453125,-0.016845703125,-0.039306640625,0.03271484375,0.06005859375,-0.023681640625,-0.048583984375,0.018798828125,0.033447265625,-0.05419921875,-0.106689453125,-0.040771484375,-0.005615234375,-0.04541015625,-0.0419921875,0.0302734375,0.06591796875,-0.014892578125,-0.037353515625,0.036865234375,0.0234375,-0.07763671875,-0.07763671875,0.0224609375,0.02978515625,-0.06201171875,-0.063232421875,0.0771484375,0.0771484375,-0.026123046875,-0.053955078125,0.038330078125,0.050537109375,-0.05078125,-0.086669921875,-0.006591796875,0.007080078125,-0.06396484375,-0.02099609375,0.064697265625,0.0361328125,-0.02685546875,0.0068359375,0.043701171875,-0.0283203125,-0.057373046875,-0.010009765625,0.009765625,-0.05615234375,-0.0771484375,0.04150390625,0.093994140625,-0.02099609375,0.04296875,0.092529296875,0.0,0.092529296875,-0.1357421875,0.0009765625,-0.07470703125,-0.07470703125,-0.140869140625,0.027099609375,0.1162109375,-0.025390625,-0.110595703125,0.019775390625,0.08740234375,-0.04345703125,-0.096923828125,0.0126953125,0.015625,-0.068359375,-0.068359375,0.065185546875,0.042724609375,-0.061279296875,-0.016845703125,0.07958984375,-0.01416015625,-0.110107421875,-0.017578125,0.052978515625,-0.02490234375,-0.094482421875,0.064453125,0.064453125,0.005859375,0.005126953125,0.0322265625,-0.009521484375,-0.0615234375,-0.027587890625,0.0625,0.014404296875,-0.118896484375,-0.06591796875,0.048828125,-0.044189453125,-0.020263671875,-0.020263671875,0.070068359375,0.005615234375,-0.0712890625,-0.000244140625,0.060302734375,-0.041748046875,-0.133544921875,-0.02978515625,0.0654296875,-0.01953125,0.03173828125,0.059814453125,0.059814453125,-0.0498046875,-0.0546875,0.06103515625,0.029541015625,-0.1142578125,-0.08251953125,0.070556640625,0.037353515625,-0.103759765625,0.07373046875,0.0576171875,-0.072265625,-0.072265625,-0.0419921875,0.051513671875,-0.02197265625,-0.1259765625,-0.031982421875,0.079345703125,-0.019287109375,-0.10205078125,-0.003662109375,0.0859375,-0.00146484375,-0.07763671875,0.029541015625,0.063232421875,-0.085693359375,0.056396484375,0.056396484375,0.057861328125,-0.090576171875,-0.080322265625,0.063720703125,0.063720703125,-0.05908203125,-0.037109375,0.06787109375,-0.10302734375,-0.039306640625,0.07177734375,0.07177734375,-0.0048828125,-0.115966796875,-0.031005859375,0.0673828125,-0.00830078125,-0.0693359375,0.01708984375,0.06591796875,-0.104736328125,0.030517578125,0.072998046875,0.072998046875,-0.055908203125,-0.10400390625,0.028076171875,0.078369140625,-0.031494140625,-0.0517578125,0.044677734375,0.05078125,-0.0615234375,0.046142578125,0.033203125,-0.0966796875,-0.0966796875,-0.077880859375,0.038330078125,0.01513671875,-0.076904296875,-0.023193359375,0.078369140625,0.002685546875,-0.020263671875,0.0771484375,-0.010009765625,-0.010009765625,-0.119384765625,-0.052734375,0.0390625,-0.01513671875,-0.07080078125,0.01025390625,0.082763671875,-0.08154296875,0.00927734375,0.068603515625,-0.029052734375,-0.029052734375,-0.08740234375,-0.0087890625,0.041015625,-0.02490234375,-0.048828125,0.040771484375,0.060791015625,-0.050048828125,0.0419921875,0.044677734375,-0.075439453125,-0.09033203125,0.01611328125,0.009765625,-0.086181640625,-0.0439453125,-0.0439453125,0.0703125,0.03125,-0.071044921875,-0.02978515625,0.060791015625,0.0166015625,-0.021728515625,0.034423828125,-0.02880859375,-0.070068359375,-0.070068359375,0.00244140625,0.0732421875,0.0,-0.056396484375,0.022216796875,0.036865234375,-0.050048828125,-0.06396484375,0.0224609375,-0.0390625,-0.026123046875,0.038330078125,0.038330078125,0.00537109375,-0.056640625,-0.028564453125,0.02978515625,-0.00830078125,-0.073486328125,-0.03369140625,0.021240234375,-0.039306640625,-0.022705078125,0.031982421875,0.060546875,0.011474609375,0.014404296875,0.05078125,-0.028076171875,-0.074951171875,0.000244140625,0.000244140625,0.05224609375,-0.026611328125,-0.0703125,0.006103515625,0.039306640625,-0.03076171875,0.037353515625,0.047119140625,-0.04248046875,-0.038818359375,0.04296875,0.04296875,0.001953125,-0.106689453125,-0.085205078125,0.039794921875,0.0380859375,-0.0537109375,-0.00537109375,0.074462890625,-0.10302734375,-0.035888671875,0.06396484375,0.003173828125,-0.1005859375,-0.03173828125,-0.03173828125,0.058349609375,-0.012451171875,-0.0634765625,0.01806640625,0.0576171875,-0.019775390625,-0.05419921875,0.027099609375,-0.05859375,-0.08740234375,0.004150390625,0.00439453125,-0.071533203125,-0.071533203125,-0.036376953125,0.078369140625,0.0322265625,-0.09619140625,-0.04736328125,0.058837890625,-0.09033203125,-0.03173828125,0.05859375,-0.025146484375,-0.11328125,-0.025634765625,-0.025634765625,0.067626953125,0.007568359375,-0.031005859375,0.04443359375,0.07275390625,-0.044677734375,-0.010009765625,0.045654296875,-0.051025390625,-0.068359375,0.05322265625,0.067138671875,-0.04833984375,-0.04833984375,-0.0361328125,0.063720703125,0.02880859375,-0.08349609375,-0.05712890625,0.0498046875,-0.009765625,-0.045166015625,0.033447265625,-0.00244140625,-0.044189453125,0.018310546875,0.067626953125,0.067626953125,-0.02880859375,-0.08984375,-0.00341796875,0.037841796875,-0.044921875,0.01513671875,0.05126953125,-0.026611328125,-0.0625,0.040283203125,0.0791015625,0.0791015625,-0.05078125,-0.07177734375,0.023193359375,0.041015625,-0.064208984375,0.0458984375,0.01806640625,-0.08349609375,-0.035888671875,0.076171875,0.030029296875,0.030029296875,-0.078857421875,-0.0283203125,0.051025390625,-0.03076171875,-0.109375,0.0234375,0.0673828125,-0.072021484375,0.00732421875,0.0537109375,-0.0419921875,-0.0791015625,0.02587890625,0.02587890625,0.07275390625,-0.033203125,-0.0810546875,-0.006591796875,-0.01708984375,-0.045166015625,0.03369140625,0.048828125,-0.04052734375,-0.051025390625,0.0283203125,0.0283203125,0.016357421875,-0.084228515625,-0.076171875,0.022705078125,-0.033203125,-0.024658203125,0.029296875,0.008544921875,-0.045654296875,-0.012451171875,0.05859375,0.05859375,0.024658203125,-0.07763671875,-0.078125,-0.013427734375,-0.020263671875,0.014892578125,0.044677734375,0.021240234375,-0.033447265625,-0.00146484375,0.049560546875,-0.013671875,-0.0703125,-0.040283203125,-0.003173828125,-0.003173828125,-0.029296875,-0.029052734375,0.00390625,-0.025634765625,-0.03955078125,0.014404296875,0.010498046875,-0.02880859375,-0.02099609375,-0.0107421875,-0.03466796875,-0.03466796875,-0.052978515625,-0.017333984375,0.025390625,-0.005126953125,0.00146484375,0.02490234375,0.005126953125,-0.028564453125,-0.015625,-0.002197265625,-0.04638671875,-0.06005859375,0.008544921875,0.052001953125,0.052001953125,0.005615234375,-0.010009765625,0.03125,-0.066650390625,-0.02392578125,-0.06103515625,0.015380859375,-0.064453125,-0.0302734375,0.042724609375,0.019775390625,-0.041015625,-0.02734375,0.01025390625,0.004638671875,0.004638671875,-0.029052734375,-0.009765625,0.028076171875,-0.0615234375,-0.064208984375,0.0048828125,0.026611328125,-0.013427734375,-0.00146484375,0.021240234375,0.005126953125,-0.0224609375,-0.0224609375,-0.0009765625,0.01025390625,-0.046630859375,-0.0087890625,0.0185546875,-0.011474609375,-0.01708984375,0.001220703125,-0.016357421875,-0.03759765625,-0.004638671875,0.033203125,-0.010009765625,-0.06689453125,-0.06689453125,-0.039306640625,0.001220703125,-0.01708984375,-0.02587890625,0.02587890625,-0.02294921875,-0.04296875,0.018310546875,0.049560546875,-0.010986328125,-0.04931640625,-0.0244140625,-0.0068359375,-0.0068359375,-0.018798828125,-0.011962890625,0.02001953125,-0.047607421875,-0.041015625,0.02294921875,0.03369140625,-0.031494140625,-0.046142578125,-0.009521484375,-0.03125,-0.03125,-0.057373046875,-0.00732421875,0.040771484375,-0.0078125,-0.014892578125,0.025390625,-0.001708984375,-0.03271484375,-0.013916015625,0.002197265625,-0.031005859375,-0.034423828125,0.01806640625,0.032470703125,-0.009521484375,-0.009521484375,-0.035888671875,-0.012451171875,-0.0185546875,-0.001708984375,0.02685546875,-0.012451171875,-0.0703125,-0.035888671875,0.0205078125,0.0205078125,0.00048828125,-0.026611328125,-0.006591796875,-0.021728515625,-0.029052734375,0.010986328125,0.009765625,-0.04638671875,-0.04638671875,-0.065673828125,0.03759765625,-0.010009765625,-0.021240234375,0.011962890625,0.010986328125,-0.04638671875,-0.044677734375,-0.044677734375,0.02880859375,-0.050048828125,-0.051513671875,0.03369140625,0.055908203125,-0.01123046875,-0.031005859375,0.011474609375,0.011474609375,-0.055908203125,-0.008544921875,0.05615234375,-0.021484375,-0.12939453125,-0.065185546875,0.046875,0.0244140625,0.0244140625,0.001953125,0.041015625,-0.025146484375,-0.07958984375,-0.0234375,0.046142578125,-0.013427734375,-0.099365234375,-0.099365234375,0.0546875,0.015380859375,-0.04248046875,-0.0087890625,0.0478515625,0.01123046875,-0.045654296875,0.000244140625,0.000244140625,-0.03173828125,-0.083984375,-0.026611328125,0.031982421875,-0.006591796875,-0.02880859375,0.011474609375,0.015869140625,0.015869140625,-0.032470703125,0.008544921875,0.0048828125,-0.060302734375,-0.065673828125,-0.0009765625,0.00634765625,-0.028076171875,-0.02001953125,0.01904296875,0.01904296875,-0.017333984375,-0.000244140625,0.0126953125,-0.007080078125,-0.029052734375,-0.02685546875,-0.01611328125,-0.03173828125,-0.03173828125,0.00830078125,0.015869140625,-0.003173828125,-0.002197265625,0.025390625,0.018798828125,-0.043212890625,-0.053466796875,-0.053466796875,-0.016845703125,-0.05322265625,-0.01904296875,0.048828125,0.008544921875,-0.063232421875,-0.042236328125,0.019775390625,0.019775390625,-0.032470703125,-0.0185546875,0.01123046875,-0.024658203125,-0.06884765625,-0.025634765625,0.031982421875,0.012939453125,-0.028564453125,0.00634765625,0.047607421875,0.007568359375,-0.037353515625,-0.021484375,-0.006591796875,-0.036865234375,-0.035888671875,0.00439453125,-0.00244140625,-0.03662109375,-0.02978515625,0.023193359375,0.036376953125,-0.01025390625,-0.026123046875,-0.0078125,-0.029541015625,-0.059326171875,-0.02294921875,0.02197265625,-0.0009765625,-0.031005859375,-0.005859375,0.015380859375,-0.0009765625,-0.005859375,0.008544921875,-0.001220703125,-0.053955078125,-0.064453125,-0.00244140625,0.017578125,-0.033203125,-0.035400390625,0.033935546875,0.04296875,-0.01171875,0.0,0.039306640625,-0.005615234375,-0.0712890625,-0.057373046875,-0.008544921875,-0.020751953125,-0.051025390625,-0.02099609375,0.035888671875,0.0107421875,-0.032470703125,0.001708984375,0.03466796875,-0.0224609375,-0.071044921875,-0.02587890625,0.01806640625,-0.00634765625,-0.02783203125,0.009521484375,0.03125,-0.007080078125,-0.021240234375,0.0205078125,0.01220703125,-0.055908203125,-0.068603515625,-0.019775390625,-0.001953125,-0.026123046875,-0.025146484375,0.0126953125,0.017822265625,-0.00048828125,0.0,0.015380859375,-0.0126953125,-0.03662109375,-0.0185546875,-0.016845703125,-0.0419921875,-0.052490234375,-0.01123046875,0.0322265625,0.00146484375,-0.03369140625,0.014892578125,0.03662109375,-0.017578125,-0.03662109375,-0.017333984375,-0.010009765625,-0.020751953125,-0.02294921875,0.0224609375,0.04345703125,-0.01513671875,-0.02734375,0.028076171875,0.00830078125,-0.04541015625,-0.040771484375,-0.0185546875,-0.044677734375,-0.063720703125,-0.010009765625,0.020263671875,-0.01806640625,-0.0556640625,0.00146484375,0.076904296875,0.017822265625,-0.075927734375,-0.0546875,0.01123046875,-0.010009765625,-0.0380859375,-0.01025390625,0.02099609375,-0.005615234375,-0.035888671875,0.00390625,0.0498046875,0.006591796875,-0.03369140625,-0.010498046875,-0.00390625,-0.040283203125,-0.052490234375,-0.007568359375,0.011962890625,-0.00830078125,-0.01806640625,0.037841796875,0.04931640625,-0.0205078125,-0.047607421875,-0.012451171875,-0.0078125,-0.03515625,-0.01708984375,0.01416015625,-0.0498046875,-0.0498046875,-0.041015625,-0.003173828125,0.0068359375,-0.00927734375,0.009521484375,0.02685546875,-0.02734375,-0.075439453125,0.01123046875,0.01123046875,-0.0078125,-0.025146484375,0.014404296875,0.0380859375,-0.010498046875,-0.03662109375,0.02197265625,0.034912109375,-0.013427734375,-0.03662109375,-0.04443359375,-0.04443359375,-0.049072265625,-0.0205078125,0.01806640625,0.0185546875,-0.045654296875,-0.05126953125,0.02685546875,-0.015869140625,-0.015869140625,-0.010986328125,0.01318359375,-0.016357421875,-0.0458984375,-0.021240234375,0.03125,0.01025390625,-0.029052734375,-0.029052734375,0.017333984375,0.02197265625,-0.00341796875,-0.0224609375,-0.052978515625,-0.07080078125,-0.03466796875,0.050048828125,0.050048828125,0.011474609375,-0.028076171875,-0.019775390625,-0.01953125,-0.027587890625,0.029296875,0.06591796875,-0.00732421875,-0.097900390625,-0.10400390625,-0.022705078125,-0.006103515625,0.0048828125,0.0048828125,0.030029296875,-0.041259765625,-0.078125,0.025146484375,0.077880859375,-0.000244140625,-0.046630859375,0.022216796875,0.022216796875,0.028076171875,-0.024658203125,0.005859375,0.039794921875,-0.0322265625,-0.043701171875,0.016357421875,-0.057373046875,-0.057373046875,-0.099609375,-0.05810546875,0.010009765625,0.015380859375,-0.00439453125,0.009033203125,-0.048095703125,-0.0322265625,-0.0322265625,0.0078125,0.03759765625,0.03857421875,-0.003173828125,-0.052734375,-0.0615234375,-0.0224609375,0.02978515625,0.03271484375,-0.03173828125,0.02392578125,0.028564453125,0.028564453125,-0.02880859375,-0.06591796875,-0.059326171875,-0.049560546875,-0.06396484375,-0.014404296875,0.12060546875,-0.028076171875,-0.028076171875,-0.11376953125,-0.04833984375,0.0166015625,0.021728515625,0.004638671875,-0.01708984375,-0.1064453125,-0.074462890625,-0.074462890625,0.024658203125,0.077880859375,0.076171875,0.03759765625,-0.013427734375,-0.05322265625,0.000244140625,-0.00634765625,-0.00634765625,-0.01171875,-0.056640625,-0.08203125,-0.0087890625,0.08203125,0.09228515625,0.00634765625,-0.066650390625,-0.03271484375,0.03173828125,0.0419921875,-0.091064453125,-0.156982421875,-0.156982421875,-0.065185546875,0.0107421875,0.0283203125,0.020751953125,-0.03564453125,0.0234375,0.009033203125,0.03271484375,0.03271484375,0.056396484375,-0.01904296875,-0.0634765625,-0.049560546875,-0.027587890625,-0.015869140625,-0.138916015625,-0.1396484375,-0.1396484375,0.0439453125,0.15234375,0.080078125,-0.061279296875,-0.154052734375,0.0546875,0.0771484375,-0.025634765625,-0.025634765625,-0.0771484375,-0.05224609375,-0.01025390625,0.00390625,-0.03466796875,-0.018310546875,0.03173828125,0.051513671875,0.015380859375,-0.003662109375,-0.009765625,-0.0283203125,-0.0283203125,-0.075927734375,-0.0380859375,0.012939453125,0.01708984375,0.01416015625,-0.02392578125,0.03662109375,-0.0048828125,-0.0048828125,-0.0302734375,0.04296875,0.02197265625,-0.013427734375,0.0126953125,-0.0712890625,0.057861328125,0.005615234375,-0.08203125,-0.08203125,0.0126953125,0.023681640625,-0.026611328125,0.025634765625,-0.048828125,-0.021484375,-0.0283203125,-0.0283203125,-0.04052734375,0.012451171875,0.00732421875,-0.031005859375,-0.020751953125,-0.009765625,-0.014404296875,-0.01318359375,-0.028564453125,-0.00341796875,0.00244140625,-0.00927734375,-0.015625,-0.015625,-0.027587890625,-0.0341796875,-0.033447265625,-0.030029296875,0.0283203125,-0.001708984375,-0.024658203125,-0.010009765625,-0.010009765625,0.007080078125,0.01904296875,0.008544921875,-0.00927734375,0.01318359375,-0.001953125,-0.024169921875,-0.029296875,-0.029296875,-0.02734375,-0.02294921875,-0.02001953125,-0.025634765625,0.01220703125,-0.00732421875,-0.02880859375,-0.04443359375,-0.04443359375,-0.012451171875,0.0419921875,0.0546875,0.00341796875,-0.0322265625,-0.017333984375,-0.05419921875,-0.085205078125,-0.0341796875,-0.032470703125,0.016357421875,0.001220703125,0.001220703125,-0.047119140625,0.03466796875,0.0576171875,-0.031005859375,-0.024658203125,-0.058349609375,0.0400390625,-0.088134765625,-0.088134765625,-0.022216796875,0.013671875,-0.05419921875,0.019287109375,0.008544921875,0.00732421875,-0.02099609375,-0.03173828125,-0.058837890625,-0.058837890625,0.01123046875,0.02099609375,0.022216796875,0.021728515625,0.0146484375,-0.03857421875,-0.07568359375,-0.058837890625,-0.058837890625,-0.061279296875,-0.013916015625,0.00244140625,-0.01123046875,0.02099609375,0.0302734375,0.007568359375,-0.023681640625,0.033203125,-0.031005859375,-0.052001953125,0.006591796875,0.006591796875,-0.02197265625,0.01123046875,0.03125,-0.009033203125,-0.012451171875,-0.066650390625,-0.04833984375,0.005859375,0.005859375,0.008544921875,0.018310546875,0.0029296875,0.017333984375,0.021240234375,-0.01171875,0.019775390625,0.00390625,0.00390625,-0.008056640625,-0.046142578125,-0.046875,-0.018798828125,-0.007080078125,-0.02685546875,-0.0166015625,-0.018798828125,-0.018798828125,-0.0576171875,-0.010009765625,-0.017578125,0.00732421875,0.02392578125,0.009521484375,0.006591796875,-0.024169921875,-0.037353515625,-0.06298828125,-0.01806640625,0.01416015625,0.01416015625,0.027587890625,-0.001953125,-0.04443359375,-0.052490234375,-0.031494140625,0.01220703125,0.05126953125,0.038330078125,0.038330078125,0.00537109375,-0.008544921875,-0.018310546875,-0.052734375,0.00927734375,0.002685546875,-0.025146484375,-0.042724609375,-0.0048828125,-0.0048828125,0.01708984375,-0.00244140625,0.02294921875,0.012451171875,0.014404296875,0.0302734375,0.004150390625,-0.009765625,-0.009765625,0.003662109375,-0.02392578125,-0.044921875,-0.044921875,-0.00439453125,0.042236328125,-0.065185546875,-0.053955078125,0.001220703125,0.001708984375,-0.036376953125,-0.013427734375,-0.013427734375,0.039794921875,0.02978515625,-0.05517578125,-0.015869140625,-0.017822265625,-0.03564453125,-0.03125,-0.035400390625,-0.035400390625,-0.04345703125,-0.00537109375,-0.042236328125,-0.020263671875,-0.015380859375,0.001220703125,0.029541015625,0.005126953125,0.005126953125,-0.004638671875,-0.00537109375,-0.049560546875,-0.04541015625,-0.0302734375,0.0126953125,0.0078125,-0.033447265625,-0.033447265625,0.00341796875,0.02490234375,-0.005859375,-0.005859375,-0.014892578125,-0.01318359375,-0.012451171875,0.0078125,-0.009521484375,0.016357421875,0.03515625,0.000244140625,0.000244140625,-0.01806640625,-0.01025390625,-0.00146484375,-0.026611328125,-0.02587890625,-0.020263671875,-0.02001953125,-0.019287109375,-0.005126953125,-0.005126953125,-0.01220703125,-0.00634765625,-0.014404296875,-0.00341796875,-0.010498046875,-0.02392578125,-0.028076171875,-0.052978515625,-0.052001953125,-0.052001953125,-0.00927734375,-0.016357421875,0.007080078125,0.016845703125,-0.0048828125,-0.0244140625,-0.03271484375,-0.01318359375,-0.01416015625,-0.059814453125,-0.0322265625,0.03955078125,0.03955078125,0.007080078125,-0.008056640625,0.019775390625,-0.025146484375,-0.0380859375,-0.04052734375,-0.01513671875,-0.01123046875,-0.031005859375,-0.00927734375,0.015625,0.001953125,0.001953125,-0.01416015625,0.02587890625,-0.037841796875,-0.0341796875,0.00732421875,-0.016845703125,-0.04931640625,-0.045166015625,0.029296875,0.06396484375,-0.015625,-0.045166015625,-0.045166015625,0.031494140625,-0.066162109375,-0.051025390625,0.027099609375,-0.01318359375,-0.059326171875,-0.01708984375,0.031494140625,0.02197265625,-0.031494140625,-0.034912109375,-0.034912109375,-0.0009765625,-0.022705078125,-0.010009765625,0.036376953125,-0.029296875,-0.06787109375,-0.002685546875,-0.0029296875,-0.035400390625,-0.00244140625,0.0458984375,0.00537109375,0.00537109375,-0.056640625,0.0400390625,0.015625,-0.056640625,-0.028076171875,0.02490234375,-0.0341796875,-0.068359375,0.021240234375,0.101806640625,0.031982421875,-0.060302734375,-0.060302734375,-0.02587890625,-0.029296875,-0.07861328125,-0.013916015625,0.0537109375,-0.020751953125,-0.069580078125,0.012451171875,0.056884765625,-0.0068359375,-0.073974609375,-0.008056640625,-0.008056640625,0.016845703125,-0.073974609375,0.04248046875,0.07080078125,-0.0439453125,-0.07666015625,0.02880859375,0.0341796875,-0.08447265625,-0.08203125,0.08349609375,0.074462890625,0.074462890625,-0.043701171875,0.080810546875,0.0185546875,-0.10498046875,-0.04150390625,0.0576171875,-0.02294921875,-0.106201171875,0.0087890625,0.123291015625,0.00341796875,-0.111572265625,-0.111572265625,0.082763671875,-0.07861328125,-0.15625,0.041748046875,0.145751953125,-0.04052734375,-0.119140625,0.037841796875,0.0859375,-0.059814453125,-0.1025390625,-0.1025390625,0.074951171875,-0.10009765625,-0.107421875,0.048828125,0.057861328125,-0.07568359375,-0.041015625,0.090087890625,0.02587890625,-0.11962890625,-0.06298828125,0.099365234375,0.099365234375,-0.118896484375,-0.06005859375,0.06103515625,-0.010009765625,-0.130126953125,-0.022216796875,0.1142578125,0.010986328125,-0.10986328125,0.008544921875,0.080078125,-0.06396484375,-0.144775390625,0.018798828125,0.096435546875,-0.0537109375,-0.085693359375,0.087158203125,0.12939453125,-0.0634765625,-0.098388671875,0.065673828125,0.038330078125,-0.136962890625,-0.12060546875,0.088134765625,0.093017578125,-0.09326171875,-0.046630859375,0.121337890625,0.05029296875,-0.145263671875,-0.082763671875,0.1064453125,0.021484375,-0.14111328125,-0.026611328125,0.117431640625,0.117431640625,-0.16796875,-0.011474609375,0.12939453125,-0.033935546875,-0.14013671875,0.029541015625,0.12939453125,-0.049560546875,-0.152099609375,0.032958984375,0.11572265625,-0.06787109375,-0.160888671875,0.025634765625,0.119873046875,-0.0537109375,-0.103515625,0.08251953125,0.10888671875,-0.11767578125,-0.167236328125,0.049072265625,0.094970703125,-0.087158203125,-0.091552734375,0.1162109375,0.10400390625,-0.136474609375,-0.107177734375,0.112548828125,0.084716796875,-0.127197265625,-0.103515625,0.0810546875,0.0439453125,-0.122802734375,-0.03759765625,0.1552734375,0.052734375,-0.14501953125,-0.045654296875,0.12109375,0.01318359375,-0.12841796875,-0.003662109375,0.108154296875,-0.027587890625,-0.140625,0.01025390625,0.1103515625,-0.063232421875,-0.1357421875,0.0390625,0.099365234375,-0.059814453125,-0.097900390625,0.06103515625,0.058837890625,-0.142822265625,-0.140625,0.060302734375,0.093994140625,-0.08349609375,-0.07373046875,0.1005859375,0.04736328125,-0.128662109375,-0.082763671875,0.08203125,0.041015625,-0.127197265625,-0.04833984375,0.126953125,0.03955078125,-0.111328125,-0.0009765625,0.12255859375,-0.04345703125,-0.17138671875,0.011962890625,0.1376953125,-0.129638671875,-0.129638671875,0.01416015625,0.077392578125,-0.07763671875,-0.115966796875,0.059814453125,0.10546875,-0.064697265625,-0.088623046875,0.05615234375,0.051025390625,-0.1025390625,-0.07421875,0.048828125,0.048828125,-0.1337890625,-0.069091796875,0.1123046875,0.052978515625,-0.111572265625,-0.043701171875,0.1044921875,0.0244140625,-0.13232421875,-0.057373046875,0.091064453125,0.00048828125,0.01416015625,0.01416015625,0.1103515625,-0.04150390625,-0.142333984375,0.00244140625,0.093994140625,-0.04541015625,-0.102783203125,0.032470703125,0.066162109375,-0.091552734375,-0.116943359375,0.044921875,0.07958984375,-0.044677734375,0.09716796875,0.09716796875,0.05322265625,-0.106201171875,-0.0693359375,0.083984375,0.01904296875,-0.147216796875,-0.06201171875,0.12939453125,0.069091796875,-0.121337890625,-0.055908203125,0.109130859375,0.024658203125,-0.0537109375,-0.0537109375,0.09326171875,-0.006103515625,-0.130615234375,-0.01953125,0.10107421875,-0.00830078125,-0.114013671875,-0.015869140625,0.06884765625,-0.0283203125,-0.08447265625,0.02294921875,0.068359375,-0.096435546875,0.0419921875,0.0546875,0.0546875,-0.042724609375,-0.03955078125,0.055908203125,0.04736328125,-0.056884765625,-0.03857421875,0.041748046875,-0.0078125,-0.092529296875,-0.020751953125,0.07470703125,-0.007568359375,0.005615234375,0.083984375,-0.01171875,-0.01171875,-0.080810546875,0.0,0.05908203125,-0.052978515625,-0.116455078125,0.0,0.0751953125,-0.023193359375,-0.053466796875,0.05712890625,0.04833984375,-0.073974609375,0.024658203125,0.018798828125,-0.064697265625,-0.064697265625,-0.01708984375,0.07958984375,0.0166015625,-0.09521484375,-0.0400390625,0.059326171875,-0.00341796875,-0.084228515625,0.008056640625,0.096435546875,-0.031494140625,-0.035400390625,0.0615234375,-0.02001953125,-0.07568359375,-0.07568359375,0.033935546875,0.078369140625,-0.05078125,-0.093017578125,0.022705078125,0.058837890625,-0.070556640625,-0.10498046875,0.033935546875,0.0673828125,-0.06103515625,-0.056884765625,0.078857421875,-0.072509765625,-0.069091796875,0.063232421875,0.0341796875,-0.091552734375,-0.091552734375,-0.051513671875,0.06591796875,0.025146484375,-0.0810546875,-0.02880859375,0.0654296875,-0.01123046875,-0.099853515625,-0.0244140625,0.06396484375,0.0009765625,-0.071044921875,-0.022216796875,0.039306640625,-0.03759765625,-0.093505859375,0.010986328125,0.0859375,-0.0283203125,-0.07568359375,0.02783203125,0.044189453125,-0.06103515625,0.043701171875,0.015625,-0.09130859375,-0.05517578125,0.06396484375,0.041015625,-0.060546875,-0.060546875,-0.0166015625,0.063232421875,-0.01171875,-0.08935546875,-0.013671875,0.079833984375,-0.013427734375,-0.11083984375,-0.013916015625,0.063720703125,-0.019775390625,-0.092041015625,-0.005126953125,0.085693359375,-0.004150390625,-0.069091796875,0.00341796875,0.0400390625,-0.050048828125,0.017822265625,0.047607421875,-0.032958984375,-0.0458984375,0.041748046875,0.0185546875,-0.082275390625,-0.033203125,0.0654296875,0.002197265625,0.002197265625,-0.08984375,-0.033203125,0.048828125,0.005615234375,-0.0556640625,0.011962890625,0.0654296875,-0.033203125,-0.1103515625,-0.04052734375,0.049072265625,-0.01220703125,-0.06884765625,0.009521484375,0.055419921875,-0.0498046875,-0.078369140625,0.04150390625,-0.04541015625,-0.061767578125,0.04541015625,0.033203125,-0.076416015625,-0.0576171875,0.030517578125,0.023681640625,-0.060302734375,-0.042724609375,0.062744140625,0.062744140625,0.0517578125,-0.064697265625,-0.057373046875,0.055419921875,0.018798828125,-0.07861328125,-0.052978515625,0.035888671875,0.002685546875,-0.061767578125,-0.01611328125,0.068359375,0.01904296875,-0.094970703125,-0.05810546875,0.04736328125,0.006591796875,-0.071044921875,0.050537109375,-0.028564453125,-0.087158203125,0.0048828125,0.056640625,-0.034912109375,-0.05322265625,0.044677734375,0.063232421875,-0.05029296875,-0.080810546875,0.02685546875,0.02685546875,0.026611328125,-0.09521484375,-0.05908203125,0.079345703125,0.042724609375,-0.07861328125,-0.02880859375,0.071044921875,-0.007568359375,-0.0927734375,-0.006103515625,0.052490234375,-0.044921875,-0.09228515625,0.00927734375,0.072509765625,-0.02783203125,0.010009765625,0.0361328125,-0.04931640625,-0.04443359375,0.04345703125,0.046630859375,-0.044189453125,-0.060791015625,0.028076171875,0.04833984375,-0.049560546875,-0.053955078125,0.04833984375,0.04833984375,0.0146484375,-0.087158203125,-0.03271484375,0.06103515625,0.000244140625,-0.085205078125,-0.0263671875,0.062744140625,0.00390625,-0.068115234375,-0.025390625,0.0302734375,-0.022705078125,-0.073974609375,-0.008544921875,0.048095703125,-0.09423828125,-0.006103515625,0.059814453125,-0.00927734375,-0.02978515625,0.048828125,0.046875,-0.071044921875,-0.078125,0.0458984375,0.04931640625,-0.063232421875,-0.06005859375,0.0419921875,0.024169921875,0.024169921875,-0.067138671875,-0.033447265625,0.07568359375,0.041748046875,-0.0830078125,-0.054931640625,0.056884765625,0.00830078125,-0.075927734375,-0.03125,0.0341796875,-0.009033203125,-0.0654296875,-0.01806640625,-0.0166015625,-0.0576171875,-0.0078125,0.022216796875,-0.044189453125,-0.046875,0.0390625,0.03515625,-0.06298828125,-0.055419921875,0.040283203125,0.03857421875,-0.061767578125,-0.043212890625,0.066650390625,0.03759765625,-0.067138671875,-0.05908203125,0.02587890625,-0.0009765625,-0.0009765625,-0.083984375,-0.03271484375,0.07275390625,0.027099609375,-0.069580078125,-0.02685546875,0.054443359375,0.004638671875,-0.0703125,-0.052490234375,0.002685546875,-0.01611328125,0.021728515625,0.0556640625,-0.013916015625,-0.044921875,-0.00927734375,-0.003662109375,-0.0419921875,-0.02294921875,0.0390625,0.019287109375,-0.063720703125,-0.035400390625,0.059326171875,0.013427734375,-0.088623046875,-0.04296875,0.065185546875,0.023193359375,0.023193359375,-0.078125,-0.042724609375,0.056396484375,-0.0068359375,-0.115966796875,-0.048828125,0.066162109375,0.009033203125,-0.05029296875,-0.00732421875,0.039306640625,-0.006103515625,-0.01953125,0.021240234375,-0.04443359375,-0.061767578125,0.030029296875,0.05322265625,-0.018798828125,-0.040283203125,0.023681640625,0.031982421875,-0.053955078125,-0.057861328125,0.055419921875,0.03955078125,-0.07275390625,-0.05859375,0.03271484375,0.018310546875,-0.06884765625,-0.041015625,0.048828125,0.048828125,0.013916015625,-0.056640625,-0.026611328125,0.04931640625,0.008544921875,-0.056640625,-0.031494140625,0.02001953125,0.0009765625,-0.0341796875,-0.0244140625,0.0009765625,-0.030029296875,0.0126953125,0.0234375,-0.04833984375,-0.062255859375,0.027099609375,0.013916015625,-0.0732421875,-0.0419921875,0.055419921875,0.035888671875,-0.038330078125,-0.03076171875,0.03271484375,0.03271484375,0.00732421875,-0.075927734375,-0.06884765625,0.00048828125,-0.03857421875,-0.013427734375,0.04833984375,0.01318359375,-0.03466796875,-0.01708984375,0.01171875,-0.02001953125,-0.046630859375,-0.003173828125,0.020263671875,-0.0244140625,-0.0302734375,0.02685546875,0.027099609375,0.027099609375,-0.050048828125,-0.0576171875,0.03515625,0.034912109375,-0.019775390625,0.032958984375,-0.0048828125,-0.06884765625,-0.045654296875,0.008544921875,-0.0087890625,-0.032470703125,0.003662109375,0.05224609375,-0.0029296875,-0.0791015625,-0.04345703125,0.015380859375,0.015380859375,-0.035888671875,-0.0732421875,-0.00634765625,0.06494140625,-0.015869140625,0.0009765625,0.020263671875,-0.06201171875,-0.08740234375,0.007568359375,0.029541015625,-0.032958984375,-0.022216796875,0.058349609375,0.03759765625,-0.05908203125,-0.052734375,0.018310546875,0.018310546875,0.021240234375,-0.03857421875,-0.030029296875,0.044189453125,-0.054931640625,-0.043701171875,0.009521484375,-0.034912109375,-0.080078125,-0.0126953125,0.060791015625,0.0009765625,-0.045166015625,0.0087890625,0.0478515625,-0.030029296875,-0.097900390625,-0.0087890625,0.060546875,0.060546875,-0.02197265625,-0.04833984375,0.0126953125,-0.0166015625,-0.07763671875,-0.031982421875,0.02001953125,-0.02197265625,-0.037841796875,0.043212890625,0.0341796875,-0.044189453125,-0.035888671875,0.02880859375,-0.00244140625,-0.080322265625,-0.062744140625,0.0380859375,0.031982421875,-0.048828125,-0.03271484375,0.020263671875,-0.01953125,-0.059326171875,-0.004638671875,0.064697265625,0.012939453125,0.012939453125,0.0166015625,0.0283203125,-0.035888671875,-0.035888671875,-0.0908203125,-0.021728515625,0.043701171875,-0.0146484375,0.04541015625,0.018310546875,-0.06298828125,-0.050537109375,0.0185546875,-0.005615234375,-0.05126953125,-0.018310546875,0.045654296875,0.019775390625,-0.081298828125,-0.069091796875,0.029052734375,0.00244140625,-0.056640625,-0.000244140625,0.050048828125,-0.010498046875,-0.047119140625,-0.001220703125,0.013671875,-0.055419921875,-0.054443359375,0.0380859375,0.06005859375,-0.00830078125,-0.036376953125,0.02490234375,0.02490234375,0.01416015625,-0.0908203125,-0.05712890625,0.011474609375,-0.0615234375,-0.05078125,0.02880859375,0.00244140625,-0.056640625,-0.0283203125,0.038818359375,0.012451171875,-0.05126953125,-0.0126953125,0.068603515625,0.037109375,-0.0712890625,-0.08740234375,0.00634765625,0.017822265625,-0.03955078125,-0.069091796875,0.01953125,0.09716796875,-0.009521484375,-0.0927734375,-0.046630859375,0.083984375,0.0966796875,-0.0732421875,-0.0732421875,-0.12060546875,0.0009765625,0.027099609375,-0.160888671875,-0.09130859375,0.0712890625,0.1005859375,-0.025390625,-0.15380859375,-0.011474609375,0.07080078125,-0.009765625,-0.05615234375,-0.10400390625,0.029052734375,0.1376953125,-0.036376953125,-0.101318359375,-0.02783203125,-0.005615234375,0.028076171875,-0.056640625,-0.123046875,0.05224609375,0.11767578125,0.005126953125,-0.064453125,-0.092041015625,0.000244140625,0.048583984375,0.01025390625,-0.027587890625,-0.027587890625,0.04150390625,-0.007080078125,-0.06689453125,-0.059814453125,0.017333984375,0.0625,-0.015625,-0.06494140625,-0.055908203125,0.0439453125,0.0439453125,-0.045166015625,-0.061767578125,-0.033935546875,0.067138671875,0.01025390625,-0.023193359375,-0.058837890625,-0.02392578125,-0.00146484375,-0.093017578125,0.001220703125,-0.00537109375,0.036376953125,0.07421875,-0.125244140625,-0.01513671875,0.000244140625,0.019287109375,0.062255859375,-0.068115234375,-0.025390625,0.08544921875,-0.0283203125,-0.0009765625,-0.018310546875,-0.03369140625,0.016357421875,-0.06396484375,-0.049560546875,0.03466796875,0.025390625,0.0,-0.001220703125,0.008056640625,-0.00244140625,-0.034423828125,-0.013916015625,0.037109375,0.0263671875,-0.02392578125,-0.051513671875,-0.01806640625,0.025146484375,0.02490234375,-0.02734375,-0.05908203125,-0.017578125,0.017578125,-0.0302734375,0.011962890625,0.011962890625,0.119384765625,0.010498046875,-0.173095703125,-0.088134765625,0.135009765625,0.107421875,-0.156494140625,-0.222412109375,0.0595703125,0.1875,-0.102294921875,-0.21044921875,0.086669921875,0.20166015625,-0.08154296875,-0.231201171875,0.021484375,0.17626953125,-0.007568359375,-0.14599609375,-0.00439453125,0.1611328125,0.026611328125,-0.135986328125,-0.01025390625,0.0830078125,-0.01611328125,-0.053955078125,-0.04052734375,0.005615234375,0.005615234375,0.124267578125,0.006103515625,-0.1748046875,-0.0078125,0.13671875,-0.016357421875,-0.091064453125,0.03662109375,0.06005859375,-0.02685546875,-0.004638671875,-0.019287109375,-0.0791015625,0.014404296875,0.057373046875,-0.080810546875,-0.09326171875,0.052734375,0.038818359375,-0.08984375,-0.0302734375,0.027099609375,-0.06396484375,-0.042724609375,0.014404296875,-0.05029296875,-0.060302734375,0.019775390625,-0.09033203125,-0.025634765625,-0.025634765625,0.004638671875,-0.0732421875,-0.007568359375,0.060546875,-0.046142578125,-0.0751953125,0.03076171875,-0.004638671875,-0.072509765625,0.038330078125,0.036376953125,-0.08740234375,-0.018798828125,0.046875,-0.05908203125,-0.048828125,0.12890625,0.060546875,-0.158203125,-0.0390625,0.154296875,0.03955078125,-0.08642578125,-0.00634765625,0.042236328125,-0.011474609375,-0.00390625,-0.046875,0.030517578125,0.039306640625,0.039306640625,-0.06103515625,-0.029052734375,0.03857421875,-0.02587890625,-0.048095703125,0.050537109375,-0.001708984375,-0.09619140625,0.029541015625,0.053466796875,-0.07763671875,-0.032958984375,0.068115234375,-0.031494140625,-0.115234375,0.028564453125,0.06005859375,-0.090087890625,-0.055908203125,0.053466796875,-0.015625,-0.084716796875,-0.01513671875,0.00390625,-0.042236328125,0.00537109375,-0.065673828125,-0.00732421875,0.010498046875,-0.061279296875,-0.007568359375,-0.007568359375,0.066162109375,-0.018310546875,-0.070068359375,0.041015625,0.01318359375,-0.0869140625,0.031494140625,0.09423828125,-0.07568359375,-0.133056640625,0.0400390625,0.076904296875,-0.056640625,-0.043212890625,0.011474609375,-0.0283203125,0.004638671875,0.03759765625,-0.03955078125,-0.0615234375,0.05078125,0.037353515625,-0.096923828125,0.05517578125,-0.01513671875,-0.01806640625,0.028076171875,-0.015380859375,-0.0361328125,-0.0361328125,0.026123046875,-0.01416015625,-0.065673828125,0.052001953125,0.049072265625,-0.099609375,-0.03857421875,0.0673828125,-0.022705078125,-0.068603515625,0.042236328125,0.031494140625,-0.061279296875,0.017822265625,0.01953125,-0.080322265625,0.00341796875,0.095947265625,-0.042236328125,-0.13916015625,0.028076171875,0.082763671875,-0.045166015625,0.030517578125,-0.03369140625,-0.055419921875,-0.002685546875,-0.02978515625,-0.040771484375,0.0556640625,0.0556640625,0.014892578125,-0.10986328125,-0.022705078125,0.03857421875,-0.042724609375,-0.017578125,0.03466796875,-0.049560546875,-0.060302734375,0.058837890625,-0.01123046875,-0.112060546875,0.042724609375,0.1103515625,-0.0859375,-0.133544921875,0.06298828125,0.102783203125,-0.059814453125,-0.07080078125,0.021728515625,0.0029296875,-0.002197265625,-0.030029296875,0.0068359375,0.06591796875,-0.008056640625,-0.07373046875,0.035400390625,0.038330078125,-0.056396484375,-0.056396484375,0.005126953125,0.047607421875,-0.045166015625,-0.038330078125,0.043212890625,-0.0361328125,-0.1025390625,0.056396484375,0.08349609375,-0.11767578125,-0.107666015625,0.071533203125,0.048095703125,-0.088623046875,-0.02978515625,0.042724609375,-0.03955078125,-0.031982421875,0.005615234375,-0.041748046875,-0.024658203125,0.027587890625,-0.025634765625,-0.060546875,-0.01025390625,-0.059814453125,0.03076171875,0.021728515625,-0.09716796875,-0.02734375,0.06103515625,-0.04150390625,-0.080810546875,0.07763671875,0.061279296875,-0.12841796875,-0.12841796875,-0.054931640625,0.103515625,0.0283203125,-0.07861328125,-0.0146484375,0.03271484375,-0.0263671875,-0.0048828125,0.00390625,0.023193359375,0.040283203125,-0.052001953125,-0.037109375,-0.048095703125,0.03564453125,0.008056640625,-0.060791015625,0.005615234375,0.017578125,-0.041259765625,0.014404296875,0.010009765625,-0.0712890625,-0.0048828125,-0.015625,-0.1533203125,-0.00341796875,0.102783203125,-0.030029296875,-0.081298828125,0.00732421875,0.021484375,-0.036376953125,-0.03564453125,-0.03076171875,-0.02099609375,0.042236328125,0.042236328125,-0.0048828125,-0.078125,0.01318359375,0.031982421875,-0.07177734375,-0.02490234375,0.09228515625,-0.007568359375,-0.128173828125,0.018798828125,0.08544921875,-0.0400390625,-0.0400390625,0.012451171875,-0.02783203125,-0.025146484375,0.0322265625,-0.0908203125,0.072265625,0.06787109375,-0.1298828125,-0.0927734375,0.072509765625,0.04345703125,-0.06005859375,-0.03662109375,-0.018798828125,-0.0185546875,0.060546875,-0.013427734375,-0.13671875,-0.13671875,0.00390625,0.139404296875,-0.0283203125,-0.1669921875,0.00634765625,0.08935546875,-0.057373046875,-0.063232421875,0.015869140625,-0.02685546875,0.031005859375,-0.016357421875,-0.061767578125,0.039794921875,0.0361328125,-0.07470703125,-0.001953125,0.043212890625,-0.028564453125,-0.028564453125,0.011962890625,0.0673828125,-0.033447265625,-0.0751953125,0.04833984375,0.00927734375,-0.078369140625,0.058837890625,-0.104248046875,-0.09716796875,0.072998046875,0.037841796875,-0.076416015625,0.001953125,0.024169921875,-0.068115234375,-0.01025390625,0.037353515625,0.037353515625,-0.05224609375,-0.067626953125,0.038818359375,0.013916015625,-0.097412109375,-0.0234375,0.038330078125,-0.024658203125,-0.00048828125,-0.042724609375,-0.020263671875,0.026123046875,-0.046630859375,-0.071044921875,0.06689453125,0.03125,-0.13427734375,-0.041259765625,0.089599609375,0.089599609375,-0.00244140625,-0.072998046875,0.027099609375,0.02685546875,-0.0654296875,0.0068359375,0.032470703125,-0.0244140625,0.059814453125,-0.004150390625,-0.05419921875,0.013671875,-0.0146484375,-0.057861328125,0.0654296875,0.074462890625,-0.1064453125,-0.09228515625,0.0869140625,0.0869140625,0.05322265625,-0.099853515625,-0.026123046875,0.056396484375,-0.031494140625,-0.029296875,0.0068359375,0.000732421875,0.042724609375,-0.0458984375,-0.080322265625,0.042236328125,0.01806640625,-0.0849609375,0.011474609375,0.0478515625,-0.077392578125,-0.057861328125,0.036376953125,0.036376953125,-0.03466796875,-0.079833984375,0.061767578125,0.043701171875,-0.052978515625,0.08642578125,0.00341796875,-0.097412109375,-0.015380859375,0.037841796875,-0.025390625,-0.006103515625,-0.006103515625,-0.002197265625,-0.0439453125,0.019287109375,-0.05517578125,-0.0322265625,0.059326171875,-0.011962890625,-0.08154296875,0.040771484375,0.045654296875,-0.069091796875,-0.069091796875,-0.015869140625,0.0244140625,-0.056396484375,-0.02099609375,0.006591796875,-0.14013671875,-0.009033203125,0.1025390625,-0.0224609375,-0.0751953125,0.0146484375,0.02685546875,0.02685546875,-0.03662109375,-0.01904296875,-0.0205078125,0.033447265625,-0.006591796875,-0.0869140625,0.002197265625,0.041748046875,-0.06103515625,-0.057373046875,0.069091796875,0.01025390625,0.01025390625,-0.1279296875,-0.008544921875,0.086181640625,-0.033203125,-0.001953125,-0.023681640625,-0.01025390625,0.050537109375,-0.044921875,-0.11083984375,0.073974609375,0.10498046875,0.10498046875,-0.114013671875,-0.1201171875,0.080810546875,-0.08447265625,-0.04833984375,0.036865234375,-0.008056640625,0.005126953125,0.00341796875,-0.0595703125,-0.014404296875,-0.014404296875,0.070068359375,-0.009033203125,-0.08544921875,0.0166015625,-0.0703125,0.015380859375,0.02099609375,-0.084716796875,-0.027587890625,0.04150390625,-0.06787109375,-0.076416015625,0.087158203125,0.087158203125,0.02197265625,-0.150390625,0.085205078125,-0.033447265625,-0.066162109375,0.04443359375,0.01318359375,-0.093505859375,-0.014404296875,0.02587890625,-0.019287109375,0.027587890625,0.017333984375,-0.059326171875,-0.059326171875,-0.007080078125,0.052978515625,-0.091796875,0.075439453125,0.048095703125,-0.122314453125,-0.037841796875,0.0869140625,0.01025390625,-0.0546875,0.006591796875,-0.0068359375,-0.05615234375,-0.05615234375,0.041259765625,0.037109375,-0.015380859375,0.056884765625,-0.0234375,-0.059326171875,0.016357421875,-0.019775390625,-0.065185546875,0.065673828125,0.0576171875,-0.134033203125,-0.088623046875,-0.088623046875,0.099365234375,-0.123779296875,-0.03564453125,0.070556640625,-0.02001953125,-0.044677734375,-0.019775390625,-0.03173828125,0.013916015625,0.0478515625,-0.042236328125,-0.0732421875,0.04296875,0.04296875,0.01513671875,0.022705078125,0.03662109375,-0.078369140625,-0.013427734375,0.058837890625,-0.06494140625,-0.08642578125,0.1044921875,0.065673828125,-0.1474609375,-0.06494140625,0.100830078125,0.100830078125,0.04248046875,-0.019775390625,-0.007080078125,-0.020263671875,0.04150390625,-0.005615234375,-0.07958984375,0.027099609375,0.06005859375,-0.0615234375,-0.056640625,0.040283203125,-0.013671875,-0.013671875,-0.06591796875,0.011474609375,-0.08642578125,0.011962890625,0.029296875,-0.080078125,-0.0341796875,0.072021484375,-0.02587890625,-0.114501953125,0.04150390625,0.074951171875,-0.076416015625,-0.076416015625,-0.058349609375,0.004150390625,-0.0732421875,-0.01318359375,0.009033203125,-0.042724609375,0.010498046875,0.009765625,-0.0654296875,-0.019775390625,0.014892578125,-0.051513671875,-0.0341796875,0.0673828125,0.0673828125,-0.08447265625,0.013916015625,0.010986328125,-0.066650390625,0.018798828125,0.0625,-0.0634765625,-0.089111328125,0.067138671875,0.0537109375,-0.07763671875,-0.07763671875,0.037109375,-0.040771484375,-0.03271484375,0.04443359375,0.0,-0.0673828125,0.021728515625,0.030029296875,-0.089599609375,-0.03515625,0.049072265625,-0.0087890625,-0.033935546875,0.01611328125,-0.011474609375,-0.04541015625,0.0166015625,-0.03125,-0.072265625,0.062744140625,0.060302734375,-0.099853515625,-0.06103515625,0.08154296875,0.08154296875,-0.098876953125,0.01318359375,0.028076171875,-0.055419921875,0.01953125,0.015869140625,-0.087158203125,-0.016845703125,0.092041015625,-0.02734375,-0.122314453125,0.03466796875,0.05224609375,-0.05322265625,0.004638671875,0.018798828125,-0.07080078125,-0.023193359375,0.0517578125,-0.06005859375,-0.08544921875,0.109375,0.07568359375,-0.17333984375,-0.113525390625,0.101318359375,0.06494140625,-0.08349609375,-0.044189453125,0.03271484375,-0.016845703125,-0.013671875,-0.02197265625,-0.051513671875,0.017578125,0.03759765625,-0.0595703125,-0.052490234375,0.06689453125,0.01953125,-0.068359375,0.019775390625,0.01318359375,-0.072509765625,0.0234375,0.053466796875,-0.07861328125,-0.05615234375,0.11962890625,0.033935546875,-0.16943359375,-0.031005859375,0.125,0.0,-0.08837890625,0.02587890625,0.0517578125,-0.0537109375,-0.024658203125,0.007568359375,-0.04345703125,0.00390625,0.028564453125,-0.050537109375,-0.0380859375,0.0126953125,-0.039306640625,-0.040283203125,0.06396484375,-0.0009765625,-0.099609375,0.02099609375,0.026611328125,-0.09912109375,-0.02880859375,0.09716796875,-0.026123046875,-0.14013671875,0.023193359375,0.083740234375,-0.0478515625,-0.0322265625,0.029296875,-0.031494140625,-0.033203125,0.04541015625,-0.0107421875,-0.08935546875,0.038818359375,0.066650390625,-0.087158203125,-0.068115234375,0.0458984375,0.021728515625,-0.02734375,0.01513671875,-0.00439453125,-0.037109375,0.029296875,-0.01611328125,-0.0791015625,0.045654296875,0.076416015625,-0.077880859375,0.079833984375,0.079833984375,0.044189453125,-0.08642578125,-0.024658203125,0.0126953125,-0.05029296875,-0.00048828125,0.0263671875,-0.0546875,-0.037109375,0.048828125,-0.0185546875,-0.07958984375,0.001708984375,0.001708984375,-0.100830078125,0.028564453125,0.104736328125,-0.06591796875,-0.134521484375,0.039306640625,0.06591796875,-0.064697265625,-0.028076171875,0.0234375,-0.038818359375,0.023193359375,-0.0419921875,-0.0419921875,-0.06689453125,0.050537109375,0.03173828125,-0.10498046875,-0.034423828125,0.056640625,-0.00146484375,-0.0244140625,0.015625,-0.01171875,-0.038330078125,-0.00634765625,-0.052734375,-0.052734375,0.062255859375,0.036376953125,-0.1083984375,-0.0439453125,0.082763671875,-0.000732421875,-0.07958984375,0.02685546875,0.01171875,-0.080810546875,0.01416015625,0.017822265625,-0.012939453125,-0.012939453125,0.115234375,-0.02490234375,-0.16650390625,0.026123046875,0.11376953125,-0.06005859375,-0.08349609375,0.028564453125,0.025634765625,-0.03076171875,-0.03515625,-0.04638671875,-0.04638671875,0.060791015625,0.02490234375,-0.10546875,-0.0302734375,0.0361328125,-0.03369140625,-0.01416015625,0.064208984375,-0.0390625,-0.1171875,0.078857421875,-0.089111328125,-0.089111328125,-0.033935546875,0.08935546875,0.00732421875,-0.08251953125,0.001708984375,0.02294921875,-0.017578125,0.038818359375,-0.004150390625,0.00146484375,0.05517578125,0.05517578125,-0.0498046875,-0.052001953125,0.04833984375,-0.01171875,-0.077880859375,0.0380859375,0.000732421875,-0.108154296875,0.018798828125,-0.058837890625,-0.155029296875,0.048095703125,0.048095703125,0.1083984375,-0.073486328125,-0.080810546875,0.025634765625,0.00048828125,-0.0361328125,0.002197265625,-0.013671875,-0.05078125,0.009033203125,-0.07861328125,-0.07861328125,-0.01123046875,0.01220703125,-0.0458984375,0.003173828125,0.056640625,-0.02294921875,-0.0478515625,0.05712890625,-0.0166015625,0.06591796875,0.133544921875,-0.073974609375,-0.073974609375,-0.126220703125,0.064208984375,0.087890625,-0.059326171875,-0.043701171875,0.014404296875,-0.021240234375,0.013671875,-0.0615234375,-0.0537109375,0.069091796875,0.017822265625,0.017822265625,-0.121337890625,-0.01904296875,0.06494140625,-0.009765625,-0.0126953125,-0.00537109375,-0.060546875,-0.02392578125,-0.04638671875,-0.1044921875,0.048095703125,0.043701171875,0.043701171875,-0.094482421875,-0.038818359375,0.015625,-0.05419921875,-0.034912109375,0.069091796875,-0.015380859375,-0.131103515625,0.093994140625,-0.04833984375,-0.06982421875,-0.06982421875,0.01220703125,0.010986328125,-0.019775390625,0.019287109375,-0.015380859375,-0.051025390625,0.05126953125,0.025146484375,-0.009765625,0.0517578125,-0.034912109375,-0.04150390625,-0.04150390625,0.072265625,0.01513671875,-0.083984375,0.017333984375,0.009033203125,-0.075927734375,0.024169921875,0.08544921875,-0.08984375,0.061279296875,0.043701171875,-0.080810546875,-0.080810546875,-0.0068359375,0.0302734375,-0.0634765625,-0.040771484375,0.04931640625,-0.017822265625,-0.0908203125,0.035400390625,-0.09619140625,-0.0517578125,0.033935546875,0.033935546875,-0.001953125,-0.025634765625,0.001220703125,-0.033203125,-0.0537109375,0.045654296875,0.000244140625,-0.0966796875,0.069580078125,-0.064697265625,-0.056396484375,0.050537109375,0.050537109375,-0.020263671875,-0.0859375,0.065185546875,0.052978515625,-0.134765625,-0.040771484375,0.122314453125,-0.114501953125,-0.002197265625,0.07421875,-0.043212890625,-0.030029296875,-0.030029296875,0.010986328125,-0.031982421875,0.0048828125,0.031494140625,-0.039306640625,-0.052001953125,0.03125,-0.063232421875,0.050537109375,0.0078125,-0.10205078125,0.010986328125,0.010986328125,0.0390625,-0.09765625,-0.059326171875,0.10888671875,0.007080078125,-0.179931640625,0.10400390625,-0.002197265625,-0.0478515625,-0.007568359375,-0.02197265625,-0.028076171875,-0.028076171875,0.05078125,-0.01025390625,-0.100830078125,0.040283203125,0.093505859375,-0.067626953125,0.03173828125,0.044677734375,-0.0263671875,-0.005615234375,-0.017822265625,-0.017822265625,-0.04541015625,0.054443359375,0.019775390625,-0.079833984375,0.0068359375,0.084228515625,-0.0244140625,0.055419921875,-0.003662109375,-0.103271484375,0.04931640625,0.091064453125,0.091064453125,-0.106689453125,-0.1181640625,0.080810546875,0.06787109375,-0.117919921875,-0.056396484375,-0.02294921875,-0.042724609375,-0.017822265625,-0.03564453125,-0.005126953125,0.0380859375,0.0380859375,-0.04296875,-0.091796875,0.048828125,0.031494140625,-0.083740234375,0.057373046875,-0.060546875,-0.045654296875,0.044677734375,-0.037353515625,-0.080078125,-0.080078125,0.08349609375,0.0400390625,-0.149169921875,-0.046875,0.0927734375,0.00439453125,0.0166015625,0.021484375,-0.044921875,0.029296875,0.01513671875,-0.06298828125,-0.06298828125,0.025390625,0.058837890625,-0.04638671875,-0.04345703125,0.055419921875,-0.0908203125,0.068603515625,0.05322265625,-0.12890625,-0.049560546875,0.10205078125,0.00341796875,0.00341796875,-0.12158203125,-0.01416015625,0.047607421875,-0.04052734375,-0.011474609375,-0.051025390625,0.002197265625,0.04052734375,-0.052001953125,-0.0810546875,0.029541015625,0.029541015625,-0.004150390625,-0.0712890625,0.043212890625,0.027099609375,-0.077392578125,0.03759765625,-0.088623046875,-0.068603515625,0.119140625,0.0380859375,-0.169189453125,-0.044677734375,-0.044677734375,0.1064453125,0.01513671875,-0.062255859375,-0.006591796875,0.01123046875,0.038330078125,0.0048828125,-0.09375,0.01806640625,0.082763671875,-0.048095703125,-0.10302734375,-0.10302734375,0.024658203125,0.060791015625,-0.03759765625,-0.010009765625,-0.052978515625,0.007568359375,-0.00048828125,-0.027587890625,-0.031005859375,-0.072509765625,-0.037841796875,-0.12548828125,0.049072265625,0.07958984375,0.07958984375,-0.093017578125,-0.061279296875,0.058349609375,0.010009765625,0.0,0.000732421875,-0.042724609375,0.03173828125,0.005126953125,-0.09326171875,-0.006103515625,0.05078125,0.05078125,-0.04638671875,-0.0400390625,0.068115234375,0.012451171875,0.016357421875,-0.00732421875,-0.06982421875,0.0634765625,0.083740234375,-0.09423828125,-0.11083984375,0.0888671875,0.0888671875,0.056396484375,-0.119384765625,-0.0234375,-0.029052734375,-0.069580078125,0.007080078125,0.003662109375,-0.0390625,0.0078125,-0.014892578125,-0.092041015625,-0.092041015625,0.001953125,0.04052734375,-0.03857421875,0.0263671875,-0.025390625,-0.046630859375,0.03125,-0.0185546875,-0.0693359375,0.046630859375,0.0185546875,-0.10009765625,-0.10009765625,-0.012451171875,0.060546875,-0.057861328125,0.09619140625,0.0537109375,-0.145263671875,-0.04150390625,0.108154296875,0.008544921875,-0.091552734375,0.00634765625,0.00634765625,0.05078125,-0.04638671875,-0.00439453125,0.023193359375,0.0068359375,0.03955078125,-0.033203125,-0.035400390625,0.0224609375,-0.03076171875,-0.059326171875,0.061767578125,0.01611328125,-0.098876953125,-0.098876953125,0.02001953125,0.038818359375,-0.08935546875,0.09521484375,-0.01513671875,-0.14453125,0.018310546875,0.06787109375,-0.066650390625,-0.029541015625,0.031005859375,-0.04345703125,-0.057373046875,-0.057373046875,0.026123046875,-0.014892578125,-0.057373046875,0.003662109375,-0.111328125,0.003662109375,0.044921875,-0.086181640625,-0.067626953125,0.098876953125,0.03076171875,-0.145751953125,-0.010498046875,-0.010498046875,0.10595703125,-0.016357421875,0.005615234375,0.0224609375,-0.0205078125,0.010498046875,-0.008544921875,-0.052978515625,0.033203125,0.01513671875,-0.078125,-0.0009765625,0.05517578125,0.05517578125,-0.04345703125,-0.0595703125,0.014892578125,-0.08837890625,0.01025390625,0.01123046875,-0.072509765625,0.01611328125,0.078369140625,-0.05224609375,-0.11767578125,0.051025390625,0.065185546875,0.065185546875,-0.0947265625,-0.044189453125,-0.004150390625,-0.070068359375,-0.025146484375,-0.006103515625,-0.01904296875,0.0205078125,-0.033447265625,-0.076171875,0.045166015625,0.023681640625,-0.0947265625,-0.01220703125,-0.01220703125,0.096923828125,-0.1337890625,0.0361328125,0.091064453125,-0.059814453125,-0.04443359375,0.025390625,-0.021484375,-0.044677734375,0.025390625,0.004638671875,-0.056396484375,0.03076171875,0.03076171875,0.026611328125,-0.021240234375,0.01513671875,-0.038818359375,-0.002197265625,0.06689453125,-0.035888671875,-0.1064453125,0.068359375,0.06005859375,-0.102783203125,-0.0322265625,0.05859375,0.05859375,-0.05322265625,0.033203125,-0.02685546875,-0.086669921875,0.0546875,0.024658203125,-0.132568359375,-0.033203125,0.091552734375,-0.0107421875,-0.093017578125,-0.093017578125,0.0224609375,-0.08837890625,-0.020263671875,0.044189453125,-0.0244140625,-0.01220703125,0.035400390625,-0.010986328125,-0.056396484375,0.01513671875,-0.00634765625,-0.048583984375,-0.048583984375,0.02880859375,-0.093994140625,-0.013671875,0.049560546875,-0.053466796875,-0.058349609375,0.080810546875,0.011474609375,-0.132568359375,0.0126953125,0.09130859375,0.09130859375,-0.0576171875,0.02392578125,-0.00146484375,-0.05419921875,0.025390625,0.00390625,-0.06640625,0.026123046875,0.0390625,-0.09033203125,-0.07470703125,0.042724609375,0.042724609375,-0.07275390625,0.01513671875,0.014404296875,-0.0625,0.018310546875,0.0,-0.1142578125,-0.015380859375,0.1396484375,-0.001953125,-0.1767578125,-0.1767578125,0.116943359375,-0.047607421875,-0.079345703125,0.01171875,0.0078125,-0.0166015625,0.019287109375,-0.0302734375,-0.0625,0.06787109375,0.037109375,-0.11376953125,-0.0283203125,0.067626953125,-0.009765625,-0.031494140625,0.04541015625,-0.01220703125,-0.06787109375,0.049560546875,0.00390625,-0.10595703125,0.034423828125,0.116455078125,-0.0654296875,-0.1435546875,0.04443359375,0.0859375,-0.0625,-0.046142578125,0.00146484375,-0.03125,0.015625,0.024658203125,-0.082763671875,-0.08740234375,0.076904296875,0.053955078125,-0.116943359375,-0.03369140625,0.0703125,-0.01025390625,-0.052490234375,-0.002685546875,-0.014892578125,-0.04443359375,0.040283203125,0.01171875,-0.09130859375,0.00341796875,0.061279296875,-0.0263671875,-0.041748046875,-0.01513671875,-0.034423828125,0.00390625,0.092041015625,-0.01513671875,-0.140625,0.0263671875,0.11181640625,-0.052734375,-0.093017578125,0.0498046875,0.0556640625,-0.07568359375,-0.037109375,0.017333984375,-0.01318359375,0.027587890625,-0.001953125,-0.06982421875,0.0,0.060791015625,-0.05615234375,-0.095703125,0.08642578125,0.06396484375,-0.138427734375,-0.05859375,0.103271484375,0.02490234375,-0.09521484375,-0.0419921875,0.016845703125,-0.014404296875,0.01025390625,-0.04345703125,-0.080810546875,0.065673828125,0.07470703125,-0.091552734375,-0.09033203125,0.06591796875,0.02001953125,-0.087158203125,0.018798828125,0.02197265625,-0.068359375,0.030517578125,0.0341796875,-0.115966796875,-0.04931640625,0.141357421875,0.029541015625,-0.16845703125,-0.01953125,0.086181640625,-0.030029296875,0.005615234375,0.005615234375,-0.012451171875,-0.032470703125,0.04248046875,-0.009033203125,-0.093994140625,0.043212890625,0.087158203125,-0.0673828125,-0.080322265625,0.0302734375,0.025146484375,-0.025634765625,-0.015380859375,-0.015380859375,-0.070556640625,0.032470703125,0.005859375,-0.0908203125,0.014404296875,0.07373046875,-0.05224609375,-0.07861328125,0.051025390625,-0.0146484375,-0.104736328125,0.0576171875,0.078125,-0.10888671875,-0.089599609375,0.07275390625,0.046630859375,-0.070556640625,-0.02587890625,0.001220703125,-0.052490234375,0.02783203125,0.03466796875,-0.078125,-0.049560546875,0.003662109375,0.003662109375,-0.094970703125,0.0009765625,0.021240234375,-0.041015625,0.033935546875,0.02734375,-0.085205078125,-0.033203125,0.072998046875,-0.019775390625,0.05810546875,0.0439453125,0.0439453125,-0.08056640625,0.00634765625,0.0234375,-0.09423828125,-0.03515625,0.11767578125,0.011962890625,-0.166015625,0.002197265625,0.122802734375,-0.08642578125,-0.08642578125,0.01904296875,0.02392578125,-0.050048828125,-0.00146484375,0.01416015625,-0.059326171875,0.008544921875,0.036865234375,-0.080322265625,-0.05712890625,0.0126953125,-0.0517578125,-0.0517578125,0.010009765625,0.004150390625,-0.066650390625,0.008056640625,0.0,-0.076171875,0.011474609375,0.058349609375,-0.051025390625,-0.07080078125,0.00390625,-0.092529296875,-0.092529296875,0.041259765625,0.072021484375,-0.091064453125,-0.068603515625,0.084228515625,0.040771484375,-0.1015625,-0.026611328125,0.051513671875,-0.03955078125,0.009033203125,-0.031982421875,-0.031982421875,-0.003173828125,0.031005859375,-0.033935546875,-0.059814453125,0.042236328125,-0.001953125,-0.088134765625,0.036376953125,0.04638671875,-0.03076171875,0.050048828125,0.050048828125,-0.05029296875,-0.0791015625,0.099609375,0.060546875,-0.1552734375,-0.06494140625,0.1005859375,0.016845703125,-0.09375,-0.019775390625,0.034912109375,-0.002685546875,0.029296875,-0.060302734375,-0.060302734375,-0.0224609375,0.0478515625,-0.019287109375,-0.08203125,0.017578125,0.050537109375,-0.033935546875,-0.002685546875,0.000732421875,-0.04736328125,0.01025390625,-0.07958984375,-0.0185546875,-0.0185546875,0.08935546875,-0.02099609375,-0.140380859375,0.032958984375,0.08642578125,-0.080810546875,-0.058837890625,0.063232421875,0.01416015625,-0.0068359375,-0.013671875,-0.041015625,0.0625,0.0625,0.046875,-0.110107421875,-0.08642578125,0.1328125,0.107666015625,-0.1298828125,-0.15380859375,0.086669921875,0.140380859375,-0.143310546875,0.091796875,0.076904296875,-0.0888671875,-0.0888671875,-0.047607421875,0.029296875,-0.05224609375,-0.05078125,0.081298828125,0.017578125,-0.129150390625,-0.011962890625,0.09619140625,-0.119873046875,0.032958984375,0.1123046875,-0.01904296875,-0.01904296875,-0.095703125,0.006591796875,0.08740234375,-0.004150390625,-0.131103515625,-0.031494140625,0.096435546875,-0.04345703125,-0.122802734375,0.0166015625,-0.04150390625,0.035888671875,-0.01513671875,-0.01513671875,-0.16162109375,0.02978515625,0.18994140625,-0.07470703125,-0.219970703125,0.09521484375,0.220458984375,-0.109130859375,-0.182861328125,0.0556640625,-0.07666015625,-0.013916015625,0.0068359375,-0.11328125,-0.11328125,-0.0322265625,0.118896484375,-0.07373046875,-0.146484375,0.077880859375,0.063232421875,-0.1123046875,-0.04443359375,-0.019775390625,-0.00927734375,0.101806640625,-0.039306640625,-0.087890625,-0.087890625,0.0986328125,0.052978515625,-0.126220703125,-0.009521484375,0.138671875,-0.035400390625,0.027587890625,-0.01318359375,-0.0400390625,0.046875,-0.037353515625,-0.037353515625,-0.1044921875,0.065185546875,0.101806640625,-0.110107421875,-0.041259765625,0.1298828125,-0.042724609375,0.080322265625,0.024169921875,-0.115478515625,0.045166015625,0.123291015625,0.123291015625,-0.13916015625,-0.162353515625,0.07958984375,0.011962890625,-0.111328125,-0.00244140625,0.006591796875,-0.01953125,0.0390625,-0.111328125,-0.053955078125,0.10546875,0.10546875,-0.044677734375,-0.099609375,0.08154296875,0.0439453125,-0.12060546875,-0.009521484375,-0.099609375,-0.04736328125,0.130615234375,-0.05078125,-0.14501953125,-0.14501953125,0.085693359375,0.081787109375,-0.16943359375,-0.080078125,0.150390625,-0.008056640625,0.0830078125,0.061767578125,-0.083984375,-0.009521484375,0.06982421875,-0.031494140625,0.010009765625,0.09521484375,0.09521484375,-0.057861328125,-0.05712890625,0.093017578125,-0.029541015625,-0.118896484375,0.06787109375,-0.122802734375,-0.01904296875,0.122314453125,-0.101318359375,-0.11279296875,0.122802734375,0.122802734375,-0.0048828125,-0.167236328125,0.02783203125,0.12548828125,-0.0791015625,0.0908203125,-0.073974609375,-0.108642578125,0.07470703125,0.0146484375,-0.102783203125,0.03125,0.03125,0.05126953125,-0.142333984375,-0.06396484375,0.091064453125,-0.083251953125,-0.105224609375,0.00244140625,-0.115234375,0.040283203125,0.07568359375,-0.1376953125,-0.04296875,0.1611328125,0.1611328125,-0.0390625,-0.154541015625,0.068115234375,0.104736328125,-0.100341796875,-0.06689453125,-0.0205078125,-0.09228515625,0.044677734375,0.011962890625,-0.05322265625,0.02783203125,0.012939453125,0.012939453125,-0.077880859375,-0.001220703125,0.076171875,-0.078369140625,-0.040771484375,-0.00927734375,-0.166748046875,0.01416015625,0.122314453125,-0.05078125,-0.055419921875,0.082763671875,-0.028564453125,-0.028564453125,-0.093017578125,0.030029296875,-0.024169921875,-0.0810546875,0.064453125,-0.13623046875,-0.056396484375,0.120361328125,-0.044189453125,-0.092041015625,0.06884765625,-0.017333984375,-0.091552734375,-0.091552734375,0.0654296875,0.052490234375,-0.135009765625,-0.009765625,0.142333984375,-0.157470703125,0.0888671875,0.05908203125,-0.1064453125,-0.010498046875,0.054931640625,-0.097900390625,-0.059814453125,0.07177734375,0.07177734375,-0.07177734375,-0.072509765625,0.104248046875,-0.00048828125,0.0224609375,0.076171875,-0.101806640625,-0.02294921875,0.110595703125,-0.073974609375,-0.089599609375,0.108642578125,-0.000244140625,-0.000244140625,-0.154052734375,0.047119140625,0.135498046875,-0.128662109375,0.1298828125,0.017578125,-0.12451171875,0.031982421875,0.060302734375,-0.10498046875,-0.05810546875,0.086669921875,-0.021728515625,-0.021728515625,-0.04736328125,0.08642578125,-0.012451171875,-0.101806640625,0.0615234375,-0.07177734375,-0.0166015625,0.069580078125,-0.0634765625,-0.045654296875,0.105224609375,-0.03857421875,-0.03857421875,-0.13818359375,0.078125,0.12109375,-0.121337890625,0.10693359375,0.0224609375,-0.07666015625,0.009521484375,-0.02783203125,-0.043212890625,0.0732421875,0.021240234375,0.021240234375,-0.13720703125,0.0048828125,0.146728515625,-0.158447265625,0.09912109375,0.056884765625,-0.140869140625,-0.039306640625,0.074951171875,-0.07421875,-0.07958984375,0.070556640625,0.070556640625,-0.043212890625,-0.09033203125,0.07373046875,-0.10302734375,0.015869140625,0.0576171875,-0.102783203125,-0.010009765625,0.13818359375,-0.087158203125,-0.15478515625,-0.15478515625,0.107421875,0.08544921875,-0.136474609375,0.11669921875,-0.048583984375,-0.084716796875,0.07568359375,-0.014404296875,-0.06396484375,0.070556640625,-0.00390625,-0.112548828125,-0.112548828125,0.03564453125,0.094482421875,-0.02978515625,0.14892578125,-0.05810546875,-0.146728515625,0.096923828125,0.0927734375,-0.126953125,-0.03857421875,0.109619140625,-0.053466796875,-0.053466796875,-0.0859375,0.059814453125,-0.0869140625,0.066162109375,0.008544921875,-0.114501953125,0.02197265625,0.086669921875,-0.12744140625,-0.061279296875,0.146484375,-0.042724609375,-0.042724609375,-0.176025390625,0.10693359375,-0.10498046875,-0.06689453125,0.106201171875,-0.042724609375,-0.123291015625,0.0556640625,0.017578125,-0.10791015625,0.00146484375,0.0703125,0.0703125,-0.072998046875,-0.076171875,-0.025146484375,-0.052978515625,0.0673828125,-0.01220703125,-0.079833984375,0.04541015625,0.063720703125,-0.1083984375,-0.029541015625,0.153076171875,-0.03271484375,-0.03271484375,-0.1533203125,0.05029296875,-0.064453125,-0.013916015625,0.0458984375,-0.079833984375,-0.0400390625,0.09375,-0.056396484375,-0.082275390625,0.091064453125,-0.00146484375,-0.12744140625,-0.12744140625,0.029296875,0.0849609375,-0.02392578125,0.108154296875,-0.0908203125,-0.09033203125,0.125,-0.012451171875,-0.175048828125,0.047119140625,0.13720703125,-0.124267578125,-0.109375,0.104736328125,0.104736328125,-0.029296875,0.082763671875,0.018798828125,-0.1435546875,0.00048828125,0.12451171875,-0.083251953125,-0.09375,0.109619140625,0.011962890625,-0.1103515625,0.001708984375,0.0234375,0.0234375,0.023193359375,0.038818359375,-0.1171875,-0.031982421875,0.1220703125,-0.071044921875,-0.12939453125,0.106201171875,0.07080078125,-0.152099609375,-0.0517578125,0.1123046875,-0.029296875,-0.029296875,0.06982421875,-0.063720703125,-0.092041015625,0.09521484375,0.04638671875,-0.1376953125,-0.003173828125,0.12255859375,-0.084716796875,-0.08837890625,0.1005859375,-0.025146484375,-0.12646484375,-0.12646484375,0.076904296875,-0.12451171875,-0.047607421875,0.12060546875,-0.041015625,-0.0859375,0.08251953125,0.001220703125,-0.10693359375,0.033935546875,0.0654296875,-0.095458984375,-0.010009765625,0.11962890625,0.11962890625,-0.10302734375,0.08203125,-0.00927734375,-0.117919921875,0.05224609375,0.070068359375,-0.132568359375,-0.03759765625,0.131103515625,-0.0830078125,-0.139404296875,0.1162109375,0.1162109375,-0.158935546875,-0.05859375,0.109619140625,-0.02734375,-0.0595703125,0.053466796875,-0.06689453125,-0.091552734375,0.075927734375,0.024169921875,-0.1005859375,0.02490234375,0.07177734375,-0.116943359375,-0.057861328125,0.106689453125,-0.049072265625,-0.0830078125,0.094482421875,-0.00439453125,-0.13818359375,0.041015625,0.099853515625,-0.132568359375,-0.059326171875,0.151611328125,-0.032470703125,-0.145751953125,0.059814453125,0.07666015625,-0.0947265625,-0.013916015625,0.092041015625,-0.074951171875,-0.08203125,0.082275390625,-0.012451171875,-0.078369140625,0.054931640625,0.02978515625,-0.099365234375,0.001953125,0.086181640625,-0.093505859375,-0.0537109375,0.114501953125,-0.03857421875,-0.130126953125,0.060546875,0.07421875,-0.13232421875,-0.038818359375,0.152099609375,-0.04833984375,-0.1708984375,0.039794921875,0.072021484375,-0.060302734375,-0.01416015625,0.03515625,-0.08984375,-0.055419921875,0.107421875,-0.029296875,-0.109375,0.076904296875,0.064697265625,-0.1142578125,-0.05908203125,0.072509765625,-0.029052734375,-0.043212890625,0.045654296875,-0.066650390625,-0.068115234375,0.097900390625,-0.001953125,-0.159912109375,0.025634765625,0.156982421875,-0.09814453125,-0.158935546875,0.095458984375,0.061767578125,-0.077392578125,-0.005126953125,0.01318359375,-0.056396484375,0.013671875,0.056884765625,-0.089111328125,-0.02587890625,0.1318359375,-0.044677734375,-0.1416015625,0.056884765625,0.05712890625,-0.1044921875,-0.017822265625,0.076416015625,-0.067138671875,-0.04345703125,0.0869140625,-0.068115234375,-0.093017578125,0.119384765625,0.0537109375,-0.16064453125,-0.033447265625,0.14013671875,-0.038330078125,-0.077392578125,0.075439453125,-0.02734375,-0.110595703125,0.030029296875,0.029296875,-0.08935546875,0.02685546875,0.10009765625,-0.1064453125,-0.09033203125,0.093994140625,-0.021240234375,-0.10791015625,0.052001953125,0.046630859375,-0.129638671875,-0.027099609375,0.134765625,-0.12841796875,-0.12841796875,0.051513671875,0.00927734375,-0.074462890625,0.041748046875,0.0390625,-0.13671875,-0.028564453125,0.158935546875,-0.06103515625,-0.18603515625,0.061279296875,0.10693359375,-0.0546875,0.07177734375,0.07177734375,-0.042724609375,-0.078369140625,0.05322265625,-0.02392578125,-0.05810546875,0.076904296875,0.015625,-0.10302734375,0.011474609375,0.062255859375,-0.096435546875,0.11474609375,-0.068603515625,-0.068603515625,-0.091552734375,0.115966796875,0.00439453125,-0.1796875,0.03271484375,0.167236328125,-0.10546875,-0.145751953125,0.1044921875,0.041259765625,-0.07373046875,-0.006591796875,-0.115966796875,-0.115966796875,0.02197265625,0.119140625,-0.09033203125,-0.0908203125,0.107177734375,-0.00927734375,-0.12890625,0.007080078125,0.029296875,-0.06640625,0.02685546875,-0.131103515625,-0.05322265625,-0.05322265625,0.133056640625,-0.04296875,-0.120849609375,0.0712890625,0.04248046875,-0.104248046875,0.01806640625,0.09716796875,-0.129638671875,0.148681640625,0.148681640625,0.015380859375,-0.1650390625,-0.0126953125,0.0888671875,-0.04833984375,-0.03369140625,0.060302734375,-0.0625,-0.061279296875,-0.00732421875,-0.08251953125,-0.08251953125,0.052734375,0.055908203125,-0.08984375,-0.009521484375,0.09765625,-0.10205078125,-0.091796875,0.149169921875,0.043212890625,-0.057373046875,0.1357421875,0.1357421875,-0.02099609375,-0.091064453125,0.040283203125,-0.021240234375,-0.067138671875,0.044189453125,-0.008056640625,-0.0947265625,0.04248046875,-0.110107421875,-0.07421875,-0.07421875,0.112060546875,-0.016845703125,-0.0751953125,0.0537109375,-0.024169921875,-0.1123046875,0.063720703125,0.10546875,-0.07470703125,0.172119140625,-0.011962890625,-0.011962890625,-0.18310546875,0.007568359375,0.088623046875,-0.03271484375,-0.010009765625,0.03564453125,-0.080322265625,-0.017822265625,-0.068359375,-0.09228515625,0.0908203125,0.0908203125,0.0322265625,-0.110107421875,0.00634765625,0.060791015625,-0.111328125,-0.019287109375,0.112548828125,-0.109619140625,0.120849609375,0.016845703125,0.016845703125,-0.179443359375,0.0205078125,0.148193359375,-0.118896484375,-0.1357421875,0.119384765625,0.034912109375,-0.106689453125,0.065673828125,-0.09130859375,-0.0634765625,-0.0634765625,0.054443359375,-0.03564453125,-0.011962890625,0.080322265625,-0.067138671875,-0.1103515625,0.067626953125,0.041259765625,-0.124755859375,0.09814453125,-0.08642578125,-0.064453125,0.115234375,0.115234375,-0.029296875,-0.148193359375,0.063720703125,0.12841796875,-0.116455078125,-0.10986328125,0.121826171875,0.02685546875,-0.10595703125,0.017333984375,0.038818359375,-0.0693359375,-0.015380859375,-0.070068359375,-0.043212890625,0.061767578125,-0.070068359375,-0.093017578125,0.06494140625,-0.00537109375,-0.109375,0.0361328125,0.059814453125,-0.11669921875,-0.024169921875,0.109130859375,0.109130859375,-0.101806640625,-0.111328125,0.153076171875,0.055419921875,-0.185302734375,-0.02490234375,0.14892578125,-0.1083984375,0.0869140625,0.001220703125,-0.102294921875,0.018310546875,0.018310546875,0.020263671875,-0.072998046875,0.030517578125,0.066650390625,-0.130859375,-0.0732421875,0.1357421875,0.0,-0.109375,0.019775390625,-0.075439453125,0.0419921875,0.086181640625,-0.12158203125,-0.061279296875,0.16552734375,0.16552734375,0.000244140625,-0.18408203125,-0.005615234375,0.101318359375,-0.03857421875,-0.04248046875,0.02685546875,-0.0712890625,0.076171875,-0.048095703125,-0.112548828125,0.062255859375,0.060302734375,0.060302734375,-0.100341796875,-0.019287109375,0.0888671875,-0.066650390625,-0.05615234375,0.08203125,-0.042724609375,0.07080078125,0.066650390625,-0.130126953125,-0.029296875,0.13671875,0.13671875,-0.06201171875,-0.16064453125,0.05908203125,0.06396484375,-0.09619140625,-0.01953125,0.080322265625,-0.052734375,0.04443359375,-0.004150390625,-0.021240234375,0.077392578125,-0.008056640625,-0.101318359375,0.027587890625,0.0751953125,0.0751953125,-0.0849609375,-0.0361328125,0.085693359375,-0.0654296875,-0.088623046875,-0.0068359375,-0.13525390625,0.045166015625,0.1025390625,-0.138916015625,-0.138916015625,-0.10107421875,0.132080078125,0.003662109375,-0.106689453125,0.0478515625,0.029052734375,-0.00146484375,0.078369140625,-0.074951171875,-0.033203125,0.102783203125,0.102783203125,-0.0537109375,-0.1142578125,0.064453125,0.024169921875,-0.10888671875,0.02099609375,0.079833984375,-0.052734375,0.10107421875,-0.081298828125,-0.138427734375,0.109619140625,0.085693359375,-0.15478515625,-0.056396484375,-0.056396484375,0.139404296875,-0.023193359375,-0.10107421875,0.066162109375,0.0283203125,-0.00146484375,0.0341796875,-0.052001953125,0.0224609375,0.068603515625,-0.1064453125,-0.1064453125,-0.0732421875,0.1025390625,-0.014892578125,-0.10009765625,0.05908203125,-0.123779296875,-0.00146484375,0.1201171875,-0.0947265625,-0.114013671875,0.132568359375,0.132568359375,0.0517578125,-0.17041015625,-0.036865234375,0.130126953125,-0.027099609375,-0.087890625,-0.013671875,-0.077880859375,0.041259765625,0.016845703125,-0.105712890625,-0.02099609375,0.05859375,-0.063232421875,-0.048095703125,-0.048095703125,0.064453125,-0.0400390625,-0.05224609375,0.077392578125,-0.120361328125,0.065673828125,0.092529296875,-0.1357421875,-0.0439453125,0.172607421875,-0.02587890625,-0.1640625,-0.1640625,0.058837890625,0.09033203125,-0.103759765625,0.10986328125,-0.058837890625,-0.1015625,0.05908203125,-0.01220703125,-0.080078125,0.0458984375,0.0458984375,0.00537109375,-0.10302734375,0.025634765625,0.0791015625,-0.039794921875,0.120849609375,-0.063720703125,-0.12353515625,0.091796875,0.039306640625,-0.14599609375,0.01953125,0.01953125,0.125732421875,-0.1279296875,-0.12255859375,0.134765625,-0.146484375,0.021240234375,0.087158203125,-0.09814453125,-0.075927734375,0.07373046875,-0.0341796875,-0.0341796875,-0.06640625,0.072265625,0.00537109375,0.033935546875,0.0341796875,-0.09130859375,0.01025390625,0.08935546875,-0.087158203125,-0.066162109375,-0.066162109375,0.115478515625,-0.015625,-0.145263671875,0.044921875,-0.109375,-0.096435546875,0.091064453125,0.008544921875,-0.0546875,0.044677734375,-0.015380859375,-0.10302734375,-0.10302734375,0.024658203125,0.079833984375,-0.092041015625,-0.055908203125,-0.06298828125,0.0,-0.1201171875,0.014892578125,-0.0458984375,0.037353515625,0.039794921875,-0.1142578125,-0.0478515625,0.10107421875,0.10107421875,-0.052734375,-0.106201171875,0.06103515625,-0.111328125,0.03271484375,0.08837890625,-0.114013671875,-0.056396484375,0.1494140625,-0.01953125,-0.175537109375,-0.175537109375,0.02685546875,0.101318359375,-0.02099609375,0.0419921875,-0.08056640625,-0.043212890625,0.09619140625,-0.041748046875,-0.093017578125,0.081787109375,0.043701171875,-0.110595703125,-0.110595703125,-0.00439453125,0.07763671875,-0.08642578125,-0.032958984375,-0.023681640625,-0.0517578125,-0.101318359375,0.09814453125,-0.1650390625,0.010986328125,0.147216796875,-0.0966796875,-0.137451171875,0.091796875,0.01416015625,-0.11279296875,0.029052734375,0.029052734375,0.04541015625,-0.119873046875,0.0810546875,-0.051513671875,-0.050537109375,0.08154296875,-0.033203125,-0.10986328125,0.05029296875,0.048828125,-0.091796875,-0.091796875,0.021240234375,0.100341796875,-0.076904296875,0.114501953125,-0.016845703125,-0.12939453125,0.07373046875,0.102783203125,-0.135498046875,-0.08154296875,0.135009765625,-0.00341796875,-0.12451171875,0.037109375,0.046142578125,0.046142578125,-0.087158203125,-0.008544921875,-0.05419921875,-0.056884765625,0.071533203125,-0.026611328125,-0.086669921875,0.04052734375,0.01025390625,-0.0703125,0.0341796875,0.038818359375,0.038818359375,-0.120849609375,0.11279296875,-0.0751953125,-0.153076171875,0.085693359375,0.083740234375,-0.15087890625,-0.087158203125,0.099853515625,-0.017822265625,-0.085693359375,-0.085693359375,0.0517578125,-0.095947265625,0.022216796875,0.058837890625,-0.0693359375,-0.01904296875,0.074951171875,-0.044921875,-0.064453125,0.057373046875,-0.02001953125,-0.056884765625,0.075439453125,0.0087890625,0.0087890625,-0.12841796875,0.031982421875,-0.091552734375,-0.104736328125,0.12890625,0.027587890625,-0.1474609375,0.0029296875,0.0966796875,-0.034423828125,-0.013916015625,0.052490234375,-0.077880859375,-0.077880859375,0.088623046875,-0.021240234375,-0.11767578125,0.054931640625,0.0703125,-0.115966796875,-0.058837890625,0.0908203125,-0.046630859375,-0.10107421875,0.03662109375,-0.01806640625,-0.01806640625,-0.077880859375,0.04052734375,-0.140380859375,-0.0458984375,0.149169921875,-0.025146484375,-0.169921875,0.025390625,0.0810546875,-0.042724609375,-0.020263671875,0.02294921875,-0.07421875,-0.044189453125,-0.044189453125,-0.04345703125,-0.07275390625,0.09423828125,0.051513671875,-0.1171875,-0.04443359375,0.081298828125,-0.024169921875,-0.041259765625,0.049072265625,-0.033447265625,-0.033447265625,0.09033203125,0.011962890625,-0.132080078125,0.020751953125,0.1435546875,-0.07763671875,-0.158447265625,0.059814453125,0.05859375,-0.0595703125,-0.0146484375,-0.0146484375,-0.08642578125,0.00048828125,0.07177734375,-0.076416015625,-0.05712890625,0.090087890625,-0.02294921875,-0.103515625,0.036865234375,0.027099609375,-0.07666015625,0.023193359375,0.051513671875,-0.11865234375,-0.044677734375,0.13037109375,-0.05029296875,-0.156982421875,0.08544921875,0.1318359375,-0.113525390625,-0.109130859375,0.0693359375,0.010986328125,-0.02392578125,0.041259765625,-0.045166015625,-0.057373046875,0.08935546875,0.02783203125,-0.121826171875,0.013427734375,0.114501953125,-0.068115234375,-0.078125,0.08740234375,-0.01220703125,-0.108642578125,0.05859375,0.083740234375,-0.12744140625,-0.103271484375,0.084228515625,0.00537109375,-0.07275390625,0.02685546875,-0.013671875,-0.087890625,0.0185546875,0.037841796875,-0.088134765625,-0.017333984375,0.090087890625,-0.0615234375,-0.098876953125,0.064208984375,0.009521484375,-0.093017578125,0.0244140625,0.0361328125,-0.11181640625,-0.02490234375,0.12158203125,-0.064453125,-0.155029296875,0.083251953125,0.10205078125,-0.1298828125,-0.08154296875,0.11279296875,0.0166015625,-0.074951171875,0.048095703125,0.0166015625,-0.081787109375,0.028564453125,0.064697265625,-0.06396484375,-0.02490234375,0.08251953125,-0.0205078125,-0.069091796875,0.028564453125,-0.027587890625,-0.051025390625,0.07373046875,0.004638671875,-0.124755859375,0.013427734375,0.09814453125,-0.113525390625,-0.101806640625,0.134765625,0.00537109375,-0.1806640625,0.01416015625,0.1103515625,-0.082763671875,-0.0576171875,0.098876953125,-0.041748046875,-0.131103515625,0.054931640625,0.0419921875,-0.09033203125,0.008056640625,0.038818359375,-0.092529296875,-0.0341796875,0.072265625,-0.0625,-0.060546875,0.08984375,-0.034912109375,-0.1162109375,0.082275390625,0.0791015625,-0.13671875,-0.028076171875,0.16259765625,-0.0234375,-0.13671875,0.048828125,-0.06396484375,-0.06396484375,0.017822265625,0.030029296875,-0.094970703125,-0.01904296875,0.09765625,-0.06787109375,-0.097900390625,0.073974609375,0.00537109375,-0.102294921875,0.02001953125,0.042724609375,-0.096923828125,0.092041015625,0.092041015625,-0.087890625,-0.104736328125,0.099365234375,0.011474609375,-0.13330078125,0.0458984375,0.114501953125,-0.10986328125,-0.104736328125,0.091064453125,-0.01025390625,-0.10107421875,0.048828125,0.0244140625,-0.128173828125,-0.022705078125,0.107666015625,-0.056640625,0.092529296875,0.018310546875,-0.1103515625,-0.1103515625,0.01318359375,0.0546875,-0.046142578125,0.015625,0.05810546875,-0.096923828125,-0.0546875,0.12353515625,-0.027099609375,-0.12890625,0.0751953125,0.072998046875,-0.140625,-0.05419921875,0.108154296875,-0.0390625,-0.060546875,0.0859375,-0.036865234375,-0.131591796875,0.064208984375,0.07666015625,-0.11669921875,0.09521484375,-0.044921875,-0.06494140625,0.073486328125,0.073486328125,-0.055419921875,-0.1396484375,0.086181640625,0.110107421875,-0.14892578125,-0.12109375,0.096435546875,0.01513671875,-0.07177734375,0.02587890625,-0.01953125,-0.086181640625,0.038818359375,0.0390625,-0.10498046875,-0.0107421875,0.102783203125,-0.0576171875,-0.08837890625,0.067626953125,-0.00390625,-0.071533203125,0.0791015625,0.04541015625,-0.1376953125,0.149169921875,-0.064208984375,-0.137451171875,0.1103515625,0.078857421875,0.078857421875,-0.149658203125,-0.053955078125,0.11279296875,-0.0224609375,-0.085693359375,0.05517578125,0.00390625,-0.09423828125,0.02685546875,0.05322265625,-0.0810546875,-0.0341796875,0.069580078125,-0.040771484375,-0.077392578125,0.0458984375,-0.0146484375,-0.08154296875,0.025390625,-0.009033203125,0.0244140625,0.06689453125,-0.130126953125,-0.07373046875,0.151611328125,-0.01318359375,-0.01318359375,-0.193603515625,0.025634765625,0.120849609375,-0.073486328125,-0.052001953125,0.09765625,-0.029052734375,-0.1044921875,0.053466796875,0.01611328125,-0.07861328125,0.039794921875,0.037841796875,-0.097412109375,-0.0107421875,0.07666015625,-0.08447265625,-0.052978515625,0.115478515625,-0.042724609375,-0.127197265625,0.08544921875,-0.137451171875,-0.021240234375,0.151123046875,-0.050537109375,-0.137451171875,0.074951171875,0.074951171875,0.0546875,-0.0673828125,0.02294921875,0.017578125,-0.114990234375,-0.03125,0.096435546875,-0.052978515625,-0.09375,0.07763671875,0.00634765625,-0.123779296875,0.000732421875,0.05908203125,-0.072509765625
Prusa_B,-0.03125,-0.0341796875,-0.060302734375,-0.0712890625,-0.065185546875,-0.02490234375,0.04345703125,0.073974609375,0.05859375,0.0322265625,-0.006591796875,-0.04443359375,-0.06103515625,-0.067138671875,-0.0498046875,-0.01171875,0.000732421875,-0.0400390625,-0.04150390625,-0.005615234375,0.042724609375,0.04638671875,0.020263671875,0.035888671875,0.077392578125,0.049072265625,-0.016845703125,-0.020263671875,-0.02685546875,-0.07275390625,-0.04541015625,-0.02783203125,-0.07373046875,-0.002685546875,0.047119140625,-0.014404296875,0.02197265625,0.055908203125,0.016845703125,0.031494140625,0.011474609375,-0.0546875,-0.038330078125,-0.03271484375,-0.080810546875,-0.05615234375,-0.041259765625,-0.037841796875,0.032470703125,0.038818359375,-0.001708984375,-0.00341796875,-0.0185546875,-0.0185546875,-0.04736328125,-0.038330078125,-0.032958984375,-0.023193359375,-0.002197265625,-0.039794921875,-0.0625,-0.046875,-0.045166015625,-0.0341796875,0.0185546875,0.061767578125,0.022705078125,-0.03125,-0.082275390625,-0.0244140625,0.01220703125,-0.007568359375,-0.01806640625,-0.00830078125,-0.025146484375,-0.0185546875,0.0146484375,0.0146484375,-0.002685546875,-0.009765625,0.051513671875,0.072021484375,0.023681640625,-0.02294921875,-0.04638671875,-0.014404296875,0.013671875,0.012451171875,0.0283203125,-0.004150390625,-0.037109375,-0.025390625,0.0,0.024658203125,0.01416015625,0.01416015625,-0.014892578125,-0.00732421875,-0.010009765625,-0.039794921875,-0.033935546875,-0.0087890625,0.01904296875,-0.02001953125,-0.06005859375,-0.052978515625,-0.033203125,-0.0185546875,-0.01025390625,-0.004638671875,-0.0234375,-0.001708984375,0.009765625,-0.039794921875,-0.039794921875,-0.04248046875,-0.000244140625,0.008056640625,-0.023193359375,-0.035888671875,-0.0380859375,-0.024658203125,-0.029541015625,0.041748046875,0.0869140625,0.03369140625,-0.03076171875,-0.030029296875,-0.01513671875,-0.0166015625,-0.045166015625,-0.0390625,0.017333984375,0.015869140625,-0.03173828125,-0.03173828125,-0.0625,-0.02783203125,0.014404296875,0.0087890625,0.015380859375,0.04833984375,-0.02685546875,-0.052001953125,-0.0361328125,-0.022705078125,-0.046875,-0.03076171875,0.037841796875,0.025634765625,-0.02294921875,-0.028564453125,-0.016845703125,0.007080078125,0.007080078125,0.01611328125,0.006103515625,0.0029296875,0.000244140625,-0.030029296875,-0.048828125,-0.03271484375,-0.0224609375,0.00341796875,-0.001708984375,-0.008544921875,-0.001953125,-0.00244140625,-0.019287109375,-0.05029296875,-0.041259765625,0.000732421875,-0.010009765625,-0.0498046875,-0.0498046875,-0.03515625,0.005126953125,0.020263671875,-0.002685546875,-0.001708984375,-0.0068359375,-0.016357421875,-0.0048828125,0.001708984375,-0.0029296875,-0.003662109375,0.007568359375,0.005126953125,-0.02783203125,-0.036376953125,-0.005126953125,-0.005126953125,0.01416015625,-0.0009765625,-0.01123046875,-0.019775390625,-0.02783203125,0.000732421875,-0.0009765625,-0.005615234375,0.00537109375,-0.007080078125,0.016357421875,0.017333984375,-0.039306640625,-0.03271484375,-0.0009765625,-0.0009765625,-0.025146484375,-0.03955078125,-0.01025390625,0.006591796875,-0.003173828125,-0.0361328125,-0.031494140625,-0.015625,-0.01416015625,0.00634765625,0.019287109375,-0.015869140625,-0.0380859375,-0.031005859375,-0.033447265625,-0.0048828125,-0.0048828125,0.014404296875,-0.00634765625,-0.014404296875,-0.013427734375,-0.032470703125,-0.04248046875,-0.040283203125,-0.010498046875,0.030517578125,0.00830078125,-0.028564453125,-0.030029296875,-0.013427734375,-0.015869140625,0.000732421875,0.000732421875,0.033203125,0.027587890625,0.008544921875,-0.02734375,-0.017333984375,-0.01123046875,-0.005615234375,0.023193359375,0.0146484375,-0.03076171875,-0.04638671875,-0.036865234375,-0.023681640625,-0.015869140625,0.00927734375,0.0341796875,0.0341796875,0.009765625,-0.025390625,-0.03173828125,-0.00341796875,-0.02685546875,-0.032958984375,-0.01220703125,-0.015380859375,-0.01220703125,-0.001953125,-0.01220703125,-0.00927734375,0.013427734375,0.01123046875,0.01123046875,0.000244140625,-0.00732421875,-0.02099609375,-0.009521484375,-0.0078125,-0.005859375,0.001953125,-0.009521484375,-0.018798828125,-0.00048828125,0.019287109375,0.0107421875,0.0107421875,-0.024169921875,-0.052734375,-0.00390625,-0.022705078125,-0.034423828125,-0.0068359375,-0.00537109375,-0.011474609375,0.003173828125,-0.0029296875,-0.021484375,-0.01708984375,-0.01708984375,-0.009521484375,-0.018798828125,-0.005615234375,0.012939453125,0.004150390625,-0.036376953125,-0.019287109375,0.0205078125,0.012939453125,-0.009521484375,-0.019775390625,-0.00390625,-0.00390625,-0.003662109375,-0.052978515625,-0.02587890625,-0.010009765625,0.0029296875,0.01904296875,0.00927734375,-0.018310546875,-0.03662109375,-0.02490234375,-0.00341796875,0.001953125,0.001953125,-0.01953125,-0.017822265625,-0.03662109375,-0.0234375,0.014892578125,0.02001953125,0.00048828125,-0.009033203125,-0.003662109375,0.014892578125,-0.0068359375,-0.037109375,-0.037109375,-0.015380859375,0.0078125,0.0078125,-0.0029296875,-0.01611328125,-0.019775390625,-0.0166015625,0.004150390625,0.006103515625,-0.02978515625,-0.04345703125,-0.0234375,-0.0234375,-0.052734375,-0.035400390625,-0.002197265625,-0.00390625,-0.01611328125,-0.006103515625,0.03125,0.017333984375,-0.03125,-0.03466796875,-0.026123046875,-0.02099609375,-0.02099609375,0.02490234375,0.008056640625,-0.041015625,-0.0419921875,0.000732421875,0.0283203125,0.012939453125,-0.009033203125,-0.0068359375,-0.01123046875,-0.04638671875,-0.039794921875,0.00634765625,0.00634765625,-0.0146484375,0.00146484375,0.013427734375,0.002685546875,-0.015869140625,-0.022216796875,-0.0048828125,0.002197265625,-0.024169921875,-0.042236328125,-0.03369140625,-0.037109375,-0.026611328125,0.011962890625,0.024169921875,0.00244140625,-0.003173828125,0.0078125,-0.001708984375,-0.02783203125,-0.032958984375,-0.009033203125,0.0,-0.015869140625,-0.022705078125,-0.009521484375,-0.00439453125,-0.027099609375,-0.031494140625,0.002685546875,0.01318359375,-0.021240234375,-0.038330078125,-0.031982421875,-0.044189453125,-0.040283203125,-0.007080078125,0.018310546875,0.00341796875,-0.016357421875,0.002197265625,0.013427734375,-0.01025390625,-0.017578125,0.003662109375,0.01171875,-0.029052734375,-0.0419921875,-0.0029296875,0.005859375,-0.020751953125,-0.009521484375,0.0166015625,-0.007568359375,-0.042236328125,-0.03662109375,-0.00048828125,0.006103515625,-0.00146484375,0.001953125,-0.002197265625,-0.0283203125,-0.038818359375,-0.026611328125,-0.02099609375,-0.022216796875,-0.013427734375,0.0029296875,0.01904296875,-0.012939453125,-0.029541015625,0.002197265625,-0.00146484375,-0.02685546875,-0.024658203125,0.004638671875,0.016357421875,0.013671875,-0.0029296875,-0.007568359375,-0.014892578125,-0.0341796875,-0.026123046875,-0.00390625,0.00732421875,-0.01220703125,-0.014404296875,-0.001708984375,-0.006591796875,-0.0205078125,-0.028564453125,-0.015380859375,-0.012451171875,-0.030029296875,-0.02490234375,0.007080078125,-0.007080078125,-0.04248046875,-0.0302734375,-0.000244140625,-0.012451171875,-0.0185546875,0.0205078125,0.021240234375,-0.02734375,-0.040771484375,-0.014892578125,-0.011962890625,-0.030517578125,-0.007080078125,0.0400390625,0.03515625,-0.005859375,-0.030517578125,-0.03369140625,-0.03759765625,-0.04345703125,-0.029541015625,0.0224609375,0.039306640625,-0.0048828125,-0.031982421875,-0.0087890625,-0.0087890625,-0.0478515625,-0.03515625,0.01953125,0.007568359375,-0.03662109375,-0.03515625,-0.025146484375,-0.031982421875,0.00244140625,0.059326171875,0.04150390625,-0.0302734375,-0.0302734375,0.003662109375,-0.003173828125,-0.037109375,-0.045166015625,0.0068359375,0.004638671875,-0.044677734375,-0.024658203125,0.029052734375,0.042236328125,-0.005126953125,0.01416015625,0.01416015625,-0.026123046875,-0.082763671875,-0.073974609375,-0.02978515625,-0.021484375,-0.00634765625,0.018798828125,0.026611328125,-0.0185546875,-0.056640625,0.0361328125,0.0126953125,0.0126953125,-0.033447265625,-0.004638671875,0.008544921875,-0.050537109375,-0.06982421875,-0.0048828125,0.03466796875,0.002685546875,-0.004638671875,0.03955078125,-0.0126953125,-0.0126953125,-0.0517578125,-0.034423828125,-0.013671875,-0.03759765625,-0.0341796875,0.00244140625,0.00244140625,-0.028564453125,-0.018798828125,0.02880859375,-0.0234375,-0.0185546875,-0.0185546875,0.00439453125,-0.031982421875,-0.0654296875,-0.030029296875,0.00830078125,-0.0224609375,-0.034912109375,0.02783203125,0.06005859375,0.01123046875,-0.007568359375,0.00341796875,0.00341796875,-0.029296875,-0.049072265625,-0.0166015625,-0.003173828125,-0.0166015625,-0.007080078125,0.009033203125,-0.015380859375,-0.041259765625,0.03857421875,0.017578125,-0.033203125,-0.033203125,-0.03759765625,-0.025634765625,-0.056884765625,-0.07958984375,-0.0146484375,0.051513671875,0.023193359375,-0.01953125,0.015869140625,-0.02099609375,-0.084716796875,-0.084716796875,-0.0439453125,0.004638671875,-0.0078125,-0.010498046875,0.03125,0.0087890625,-0.0546875,-0.046142578125,0.028076171875,0.006591796875,-0.003173828125,-0.003173828125,-0.003173828125,-0.052734375,-0.100830078125,-0.0341796875,0.057861328125,0.02294921875,-0.05615234375,-0.03076171875,0.03076171875,-0.003662109375,-0.019287109375,0.032470703125,-0.007568359375,-0.007568359375,-0.048583984375,0.01171875,0.038818359375,-0.060546875,-0.08642578125,0.01953125,0.05908203125,-0.01025390625,0.03369140625,0.017333984375,-0.075927734375,-0.044921875,-0.044921875,0.052490234375,0.025146484375,-0.079833984375,-0.05419921875,0.061767578125,0.021728515625,-0.09912109375,-0.04931640625,0.004638671875,-0.0791015625,-0.0205078125,0.070068359375,0.070068359375,-0.008544921875,-0.083740234375,-0.010498046875,0.01806640625,-0.043212890625,-0.0576171875,0.01513671875,0.03369140625,-0.009521484375,0.069580078125,-0.010986328125,-0.103271484375,-0.103271484375,-0.0224609375,0.10205078125,0.032470703125,-0.1142578125,-0.048095703125,0.10693359375,0.008056640625,-0.140380859375,-0.03125,0.008056640625,-0.08203125,-0.016357421875,0.0205078125,0.0205078125,-0.056396484375,-0.05517578125,0.024658203125,0.00927734375,-0.053466796875,-0.010986328125,0.039794921875,-0.012451171875,-0.072998046875,0.049560546875,-0.011962890625,-0.051513671875,0.007568359375,0.007568359375,0.047607421875,-0.010986328125,-0.0771484375,-0.03173828125,0.0498046875,0.037841796875,-0.042236328125,-0.05029296875,0.036865234375,-0.029052734375,-0.02099609375,0.013427734375,-0.00244140625,-0.00244140625,-0.040771484375,-0.041748046875,-0.029296875,-0.049560546875,-0.048828125,0.01513671875,0.045654296875,-0.015625,-0.0048828125,0.050537109375,-0.011474609375,-0.068359375,-0.01171875,0.01953125,0.01953125,-0.056884765625,-0.0869140625,0.0263671875,0.045654296875,0.02197265625,0.001953125,0.0224609375,0.0224609375,-0.042236328125,-0.06787109375,-0.014404296875,0.0078125,-0.0546875,-0.03564453125,0.04638671875,-0.005126953125,-0.03125,0.09033203125,0.073974609375,-0.048828125,-0.043212890625,0.012451171875,0.012451171875,-0.06494140625,-0.130859375,-0.0244140625,0.07568359375,0.031005859375,-0.0234375,0.00927734375,-0.020751953125,-0.034912109375,0.006591796875,-0.013671875,-0.046142578125,-0.012451171875,-0.012451171875,0.013427734375,-0.031982421875,-0.07177734375,-0.0234375,0.052978515625,0.0546875,0.00537109375,-0.02587890625,-0.0361328125,-0.0869140625,-0.077392578125,0.017333984375,0.032470703125,0.032470703125,-0.0390625,-0.02587890625,0.04150390625,0.007568359375,-0.04736328125,0.060302734375,-0.019287109375,-0.07666015625,-0.02734375,-0.010009765625,-0.055908203125,-0.055908203125,-0.02294921875,0.06396484375,0.035400390625,-0.006591796875,-0.020751953125,-0.015625,-0.00927734375,-0.064697265625,-0.01611328125,0.021240234375,-0.064453125,-0.08935546875,-0.08935546875,0.044921875,0.06201171875,-0.05126953125,-0.01611328125,0.088623046875,-0.02197265625,-0.045654296875,0.04052734375,-0.060302734375,-0.07861328125,0.079345703125,0.11376953125,0.11376953125,-0.054443359375,-0.084716796875,0.05810546875,0.053955078125,-0.06494140625,0.0341796875,-0.00732421875,-0.090576171875,-0.04150390625,0.082763671875,0.0595703125,-0.08251953125,-0.08251953125,-0.041015625,0.079345703125,0.00830078125,-0.1064453125,-0.0283203125,-0.046142578125,-0.118896484375,0.015869140625,0.085205078125,-0.04150390625,-0.108154296875,0.0078125,0.0078125,0.08056640625,-0.025146484375,-0.08447265625,-0.005615234375,-0.055419921875,-0.023681640625,0.08642578125,0.051513671875,-0.076904296875,-0.06298828125,0.06005859375,0.029541015625,0.029541015625,-0.09521484375,-0.0419921875,0.078125,-0.001708984375,-0.0283203125,0.11474609375,-0.011962890625,-0.116943359375,0.015869140625,0.1201171875,-0.034912109375,-0.034912109375,-0.150146484375,-0.017333984375,0.037109375,-0.0947265625,-0.080078125,0.063720703125,-0.0830078125,-0.024658203125,0.099365234375,0.01025390625,-0.099365234375,-0.06640625,-0.027587890625,-0.017822265625,-0.107421875,-0.014892578125,0.08642578125,0.03076171875,-0.05859375,0.008544921875,0.08642578125,0.08642578125,-0.002197265625,-0.08740234375,-0.029052734375,0.016357421875,-0.07421875,0.030029296875,0.0419921875,-0.07421875,-0.067138671875,0.06787109375,0.050048828125,-0.081787109375,-0.064697265625,-0.064697265625,0.04296875,0.01171875,-0.09375,-0.06396484375,0.01123046875,-0.068115234375,-0.006103515625,0.078857421875,0.020751953125,-0.06298828125,0.003173828125,0.06640625,-0.023193359375,-0.023193359375,-0.118896484375,-0.044921875,0.07958984375,-0.12255859375,0.013916015625,0.128173828125,-0.006591796875,-0.109375,0.02880859375,0.079345703125,-0.07373046875,-0.101318359375,0.03173828125,0.03173828125,0.022216796875,-0.116943359375,-0.06640625,0.065185546875,-0.058349609375,-0.018798828125,0.0576171875,0.008056640625,-0.076416015625,-0.052734375,0.0,-0.02197265625,-0.02197265625,-0.0615234375,-0.000244140625,0.07958984375,-0.05908203125,-0.03173828125,0.055419921875,0.04248046875,-0.08935546875,-0.091064453125,0.052978515625,-0.011474609375,-0.142578125,-0.013671875,-0.013671875,0.09716796875,-0.041748046875,-0.0908203125,0.10107421875,-0.0751953125,-0.09716796875,0.042236328125,0.03759765625,-0.088623046875,-0.090576171875,0.017822265625,0.02294921875,-0.057861328125,0.001953125,0.001953125,0.09423828125,0.025634765625,0.022705078125,0.0390625,-0.068603515625,-0.1005859375,-0.007568359375,0.045654296875,-0.04052734375,-0.06201171875,0.022216796875,0.022216796875,0.06640625,-0.021728515625,0.028076171875,0.0322265625,-0.063232421875,-0.052001953125,0.009765625,-0.04443359375,-0.078369140625,0.0146484375,0.047607421875,-0.015380859375,-0.015380859375,-0.01806640625,0.014404296875,-0.046142578125,-0.0078125,-0.006103515625,-0.061767578125,-0.05712890625,-0.009033203125,0.0146484375,0.01611328125,0.017333984375,0.017333984375,0.0078125,-0.001708984375,-0.014892578125,-0.05029296875,-0.0703125,-0.03515625,-0.01171875,-0.042724609375,-0.026123046875,0.069580078125,0.050048828125,0.050048828125,-0.060791015625,0.039794921875,-0.019775390625,-0.050048828125,-0.0107421875,-0.02001953125,-0.073974609375,-0.03369140625,0.0576171875,0.07177734375,-0.000244140625,-0.046630859375,-0.046630859375,0.011962890625,-0.030029296875,-0.0625,-0.01123046875,-0.004638671875,-0.06396484375,-0.059814453125,0.018310546875,0.02880859375,-0.03515625,-0.009521484375,-0.009521484375,0.058837890625,-0.054931640625,-0.07177734375,-0.0302734375,-0.055419921875,-0.0556640625,0.024169921875,0.042236328125,-0.007568359375,0.000732421875,0.020751953125,0.020751953125,-0.000732421875,-0.033447265625,-0.02294921875,-0.021240234375,-0.071044921875,-0.03466796875,0.06396484375,0.04931640625,-0.04443359375,-0.021240234375,0.056396484375,0.02490234375,0.02490234375,-0.055419921875,-0.02783203125,-0.0546875,-0.08837890625,0.025634765625,0.080078125,-0.034912109375,-0.039306640625,0.08203125,0.080322265625,-0.032470703125,-0.056884765625,-0.056884765625,-0.022705078125,-0.044677734375,-0.066650390625,0.003662109375,0.010986328125,-0.060546875,-0.0224609375,0.06982421875,0.046875,-0.010498046875,-0.01318359375,-0.034912109375,-0.07470703125,-0.07470703125,-0.042236328125,-0.021728515625,0.015625,-0.012451171875,-0.06103515625,-0.0458984375,0.0205078125,0.0634765625,0.037841796875,-0.03271484375,-0.081787109375,-0.04736328125,-0.04736328125,-0.001220703125,-0.01708984375,0.000244140625,0.0263671875,0.008056640625,-0.04345703125,-0.056396484375,-0.031494140625,0.00390625,0.0498046875,0.032958984375,-0.054443359375,-0.078369140625,-0.078369140625,0.03173828125,0.0546875,0.00537109375,-0.043701171875,-0.039306640625,-0.00927734375,-0.019775390625,-0.01318359375,0.00341796875,-0.0146484375,-0.001953125,-0.030029296875,-0.04638671875,0.01220703125,0.040283203125,-0.000244140625,-0.015380859375,0.025634765625,0.001953125,-0.036865234375,-0.052490234375,-0.049560546875,0.005859375,0.04248046875,0.0126953125,-0.040283203125,-0.02001953125,0.010009765625,-0.004638671875,-0.008544921875,0.0029296875,-0.006591796875,-0.018798828125,-0.00634765625,-0.030029296875,-0.0234375,-0.0068359375,-0.037109375,-0.01416015625,0.016845703125,0.023681640625,0.01806640625,-0.04931640625,-0.07568359375,-0.01171875,-0.007080078125,-0.020263671875,0.01171875,-0.04296875,-0.037841796875,0.032958984375,-0.0244140625,-0.038818359375,0.030029296875,-0.012939453125,-0.068359375,-0.028076171875,-0.018798828125,-0.009765625,0.0205078125,-0.021484375,-0.0234375,0.044189453125,0.017822265625,-0.078369140625,-0.1025390625,-0.053955078125,0.037841796875,0.114501953125,0.06298828125,-0.052978515625,-0.087646484375,-0.039794921875,0.033447265625,0.07470703125,0.040283203125,-0.021728515625,-0.0400390625,-0.034423828125,-0.03173828125,-0.03564453125,-0.07275390625,-0.07470703125,0.00146484375,0.05908203125,0.066650390625,0.046142578125,0.016845703125,0.006103515625,-0.06884765625,-0.06884765625,-0.0791015625,-0.066650390625,-0.046875,-0.02734375,-0.00244140625,0.013427734375,0.003173828125,0.0009765625,0.014892578125,0.0263671875,0.013427734375,-0.013671875,0.015869140625,0.05712890625,0.000732421875,-0.08740234375,-0.06591796875,-0.000732421875,-0.02880859375,-0.0478515625,-0.006103515625,-0.009765625,0.03759765625,0.03369140625,-0.060791015625,0.032958984375,0.01904296875,-0.03759765625,0.071044921875,-0.09521484375,-0.05224609375,0.064208984375,-0.11181640625,0.01171875,-0.031005859375,-0.05126953125,0.0537109375,-0.07568359375,-0.038818359375,0.013671875,-0.027587890625,0.062744140625,0.0517578125,0.0234375,0.026611328125,-0.0419921875,-0.06689453125,-0.065673828125,-0.065673828125,-0.019287109375,0.0361328125,0.022216796875,-0.001953125,-0.021484375,-0.031005859375,0.009521484375,0.011474609375,0.00341796875,0.0283203125,0.016357421875,-0.041015625,-0.041015625,-0.05029296875,-0.00537109375,-0.00439453125,-0.073974609375,-0.0615234375,-0.001953125,0.033447265625,0.0419921875,0.0029296875,-0.0361328125,-0.01611328125,0.031005859375,0.015380859375,0.015380859375,-0.046875,-0.083740234375,-0.064697265625,-0.024169921875,-0.004150390625,-0.019775390625,0.00048828125,0.02978515625,0.01611328125,0.00341796875,-0.0380859375,-0.014892578125,-0.014892578125,0.03271484375,0.028564453125,-0.05419921875,-0.090087890625,-0.003662109375,0.07373046875,0.01416015625,-0.082275390625,-0.072509765625,0.058837890625,0.103759765625,-0.10400390625,-0.015380859375,-0.015380859375,0.101318359375,0.02587890625,-0.1064453125,-0.069091796875,0.076416015625,0.058837890625,-0.0966796875,-0.13818359375,0.022705078125,0.11865234375,-0.145751953125,-0.01220703125,0.1337890625,0.1337890625,0.0556640625,-0.090087890625,-0.06201171875,0.02001953125,-0.000732421875,-0.094970703125,-0.0927734375,0.025390625,0.062744140625,0.006591796875,-0.06591796875,-0.071044921875,-0.071044921875,0.0009765625,0.0361328125,0.007080078125,-0.007568359375,0.02197265625,0.04150390625,-0.037109375,-0.10595703125,-0.041259765625,0.030029296875,-0.0615234375,0.010009765625,0.089111328125,0.089111328125,0.010009765625,-0.082275390625,-0.04833984375,-0.002685546875,-0.01806640625,-0.01708984375,0.05517578125,0.099853515625,0.01123046875,-0.02392578125,-0.028564453125,-0.06494140625,-0.02197265625,-0.02197265625,0.04833984375,0.04541015625,-0.022705078125,-0.022705078125,0.032470703125,-0.00439453125,-0.074951171875,-0.0400390625,0.026611328125,-0.01708984375,0.01806640625,0.06884765625,-0.02490234375,-0.02490234375,-0.097900390625,-0.047607421875,-0.0078125,-0.035888671875,-0.02880859375,0.04052734375,0.04248046875,-0.04736328125,-0.009033203125,0.0107421875,-0.044677734375,-0.044677734375,-0.023193359375,0.06103515625,0.0283203125,-0.0458984375,-0.02880859375,0.014892578125,-0.02880859375,-0.085205078125,0.0390625,0.026611328125,-0.0302734375,0.0078125,0.0078125,0.0615234375,-0.00146484375,-0.0830078125,-0.030517578125,0.041259765625,-0.007080078125,-0.051025390625,0.039306640625,-0.025146484375,-0.079833984375,0.006103515625,0.006103515625,0.067626953125,-0.00830078125,-0.049072265625,0.009521484375,0.0,-0.064453125,-0.0546875,0.04052734375,-0.018798828125,-0.0166015625,0.019287109375,0.019287109375,-0.00439453125,-0.06884765625,-0.0224609375,0.0361328125,-0.024169921875,-0.074951171875,-0.021728515625,0.04833984375,-0.06494140625,-0.0283203125,0.013916015625,-0.02685546875,-0.02685546875,-0.05859375,0.00390625,0.058837890625,-0.0029296875,-0.06591796875,-0.014892578125,-0.007080078125,-0.034912109375,0.040771484375,0.045654296875,-0.02294921875,-0.02294921875,-0.041259765625,0.01025390625,0.01123046875,-0.0390625,-0.021728515625,0.02392578125,-0.006591796875,-0.004150390625,0.05419921875,0.005615234375,-0.061767578125,-0.026611328125,0.01123046875,0.01123046875,-0.01416015625,-0.0478515625,0.0048828125,0.052490234375,-0.014404296875,-0.056396484375,-0.0166015625,-0.054931640625,-0.040771484375,0.057373046875,0.048828125,-0.035888671875,-0.035888671875,-0.03955078125,-0.010498046875,-0.031982421875,-0.068115234375,-0.03271484375,0.04833984375,0.017333984375,0.0126953125,0.059326171875,-0.0185546875,-0.081298828125,-0.02294921875,0.0419921875,0.0419921875,-0.00244140625,-0.064208984375,0.00537109375,0.065185546875,-0.0146484375,-0.087646484375,-0.02587890625,-0.007080078125,-0.03271484375,0.01171875,0.0224609375,-0.055908203125,-0.065673828125,-0.065673828125,0.0244140625,0.025390625,-0.035888671875,-0.0205078125,0.03515625,0.00439453125,-0.038330078125,0.049560546875,0.0087890625,-0.060302734375,-0.031982421875,0.02734375,0.02734375,0.004638671875,-0.056884765625,-0.026611328125,0.042724609375,-0.0029296875,-0.064453125,0.054443359375,-0.045654296875,-0.093017578125,-0.01708984375,0.012451171875,-0.043212890625,-0.052978515625,-0.052978515625,0.032470703125,0.04541015625,-0.024169921875,-0.0283203125,0.0185546875,-0.006591796875,-0.050048828125,0.054931640625,0.032470703125,-0.043701171875,-0.017822265625,0.036865234375,0.036865234375,0.00341796875,-0.069580078125,-0.022216796875,0.056884765625,-0.00537109375,-0.067626953125,0.060302734375,-0.020263671875,-0.059814453125,-0.00146484375,0.0244140625,-0.047607421875,-0.06884765625,-0.06884765625,0.03271484375,0.036376953125,-0.048828125,-0.055908203125,0.01904296875,-0.085205078125,-0.068115234375,0.042724609375,0.025390625,-0.056396484375,-0.034912109375,0.041748046875,0.041748046875,0.023681640625,-0.051025390625,-0.026123046875,0.0205078125,-0.07763671875,-0.01123046875,0.04638671875,-0.013916015625,-0.046630859375,0.035400390625,0.066162109375,0.066162109375,-0.03466796875,-0.076171875,0.021484375,0.02685546875,-0.080810546875,0.044189453125,0.048828125,-0.042236328125,-0.050048828125,0.047119140625,0.032470703125,-0.0791015625,-0.0791015625,-0.059814453125,0.03515625,0.005126953125,-0.082763671875,0.082763671875,0.041015625,-0.0703125,-0.029052734375,0.052734375,-0.020263671875,-0.096923828125,-0.096923828125,-0.02001953125,0.067138671875,-0.0029296875,-0.073486328125,0.039306640625,-0.03564453125,-0.074462890625,0.010009765625,0.03515625,-0.0478515625,-0.048095703125,0.0634765625,0.0634765625,0.033203125,-0.10009765625,-0.09033203125,0.023681640625,-0.07861328125,-0.046142578125,0.06005859375,0.043212890625,-0.0458984375,-0.019287109375,0.0546875,0.0546875,-0.0107421875,-0.09765625,-0.031494140625,0.008056640625,-0.050048828125,0.018798828125,0.040771484375,-0.03466796875,-0.068115234375,0.005615234375,0.04443359375,0.04443359375,-0.039306640625,-0.065673828125,0.02001953125,-0.05419921875,-0.035888671875,0.050048828125,0.01123046875,-0.077880859375,-0.036376953125,0.06005859375,0.01220703125,-0.08935546875,-0.08935546875,-0.02734375,0.0634765625,0.003662109375,-0.03515625,0.065185546875,-0.0029296875,-0.087646484375,-0.006591796875,0.087890625,0.006591796875,-0.080810546875,-0.005859375,-0.005859375,0.022705078125,-0.073974609375,-0.088134765625,0.0556640625,-0.039306640625,-0.0390625,0.066650390625,0.0283203125,-0.09423828125,-0.087646484375,0.03125,0.023193359375,0.023193359375,-0.086669921875,-0.035888671875,0.1025390625,-0.1142578125,-0.0732421875,0.06640625,0.037109375,-0.073486328125,-0.015380859375,0.085693359375,-0.003173828125,-0.112060546875,-0.02099609375,-0.02099609375,0.0947265625,0.00146484375,-0.09228515625,0.06494140625,-0.0341796875,-0.08740234375,0.009033203125,0.0615234375,-0.051025390625,-0.10595703125,0.007080078125,0.0380859375,-0.05712890625,-0.05712890625,-0.0625,0.049560546875,-0.06298828125,-0.054443359375,0.03271484375,0.010986328125,-0.073974609375,-0.051025390625,0.061767578125,0.025634765625,-0.07373046875,-0.020751953125,-0.020751953125,0.05712890625,-0.025390625,0.008056640625,0.076416015625,-0.023193359375,-0.09619140625,0.00341796875,0.052490234375,-0.04833984375,-0.067138671875,0.04638671875,0.064208984375,-0.05126953125,-0.05126953125,-0.091064453125,0.031494140625,-0.087646484375,-0.06640625,0.068603515625,0.048583984375,-0.071533203125,-0.041015625,0.052490234375,0.006591796875,-0.078857421875,-0.03466796875,-0.03466796875,0.053955078125,0.00634765625,-0.00732421875,0.077392578125,-0.029052734375,-0.113525390625,0.011474609375,0.07177734375,-0.036865234375,-0.077880859375,0.029296875,0.056640625,-0.064453125,-0.064453125,-0.082275390625,0.029296875,-0.0888671875,-0.062255859375,0.06201171875,0.005859375,-0.098388671875,-0.01806640625,0.099853515625,0.02880859375,-0.1025390625,-0.1025390625,-0.046630859375,-0.009033203125,-0.11279296875,-0.001953125,0.114501953125,0.013916015625,-0.1044921875,-0.01953125,0.08740234375,-0.01123046875,-0.102294921875,0.01220703125,0.01220703125,0.095947265625,-0.11572265625,0.014892578125,0.068603515625,-0.061279296875,-0.093017578125,0.04443359375,0.057373046875,-0.078125,-0.084228515625,0.038330078125,0.038330078125,0.048583984375,-0.083251953125,0.060546875,0.045654296875,-0.07421875,-0.052978515625,0.051025390625,-0.0009765625,-0.090576171875,0.000244140625,0.09521484375,0.003662109375,0.003662109375,-0.030029296875,0.05419921875,-0.035400390625,-0.069091796875,0.0673828125,0.097900390625,-0.0537109375,-0.110107421875,0.017333984375,0.052490234375,-0.0625,-0.0625,0.040283203125,0.0380859375,-0.06396484375,-0.053466796875,0.046630859375,0.01513671875,-0.0888671875,-0.03662109375,0.079833984375,0.013427734375,-0.082763671875,-0.082763671875,0.0419921875,-0.0283203125,-0.096435546875,0.0009765625,0.0859375,-0.01416015625,-0.082275390625,0.01611328125,0.0791015625,-0.03515625,-0.1025390625,0.005859375,0.033203125,-0.0732421875,-0.069580078125,0.05224609375,0.066650390625,-0.06494140625,-0.083251953125,0.04833984375,0.019287109375,-0.106689453125,-0.060302734375,0.0810546875,0.02734375,-0.10546875,-0.024658203125,0.093505859375,-0.0068359375,-0.110107421875,-0.00341796875,0.09716796875,-0.027587890625,-0.10888671875,0.02880859375,0.1083984375,-0.03857421875,-0.12451171875,0.015380859375,0.080078125,-0.053466796875,-0.07373046875,0.0654296875,0.08251953125,-0.064453125,-0.0849609375,0.05908203125,0.037353515625,-0.115478515625,-0.0908203125,0.064697265625,0.0302734375,-0.096923828125,-0.033203125,0.1083984375,0.02099609375,-0.14013671875,-0.065185546875,0.0732421875,-0.00830078125,-0.103759765625,0.00048828125,0.098876953125,-0.009033203125,-0.0966796875,0.01220703125,0.069580078125,-0.070556640625,-0.10791015625,0.033447265625,0.064208984375,-0.05078125,-0.05029296875,0.0908203125,0.058349609375,-0.1044921875,-0.0859375,0.069580078125,0.04833984375,-0.105712890625,-0.0703125,0.09375,0.041259765625,-0.11865234375,-0.059326171875,0.088134765625,0.021728515625,-0.114990234375,-0.032470703125,0.091064453125,-0.02197265625,-0.1103515625,0.01513671875,0.096923828125,-0.0244140625,-0.10400390625,0.024658203125,0.07958984375,-0.0810546875,-0.095947265625,0.0810546875,0.065185546875,-0.096435546875,-0.070068359375,0.0771484375,-0.130615234375,-0.130615234375,-0.056884765625,0.0986328125,0.007568359375,-0.1416015625,-0.03076171875,0.11865234375,0.003173828125,-0.110595703125,0.005615234375,0.108642578125,-0.039306640625,-0.153076171875,-0.007568359375,0.080810546875,-0.0390625,-0.07958984375,0.04638671875,0.084228515625,-0.043701171875,-0.0625,0.047119140625,0.032958984375,-0.088623046875,-0.06787109375,0.089599609375,0.06201171875,-0.107177734375,-0.07470703125,0.059814453125,0.00439453125,-0.1259765625,-0.046630859375,0.118408203125,0.028076171875,-0.11572265625,-0.024658203125,0.083984375,-0.134033203125,-0.134033203125,-0.018310546875,0.07421875,-0.035888671875,-0.1015625,0.04638671875,0.114501953125,-0.05615234375,-0.11279296875,0.04150390625,0.065673828125,-0.107666015625,-0.107666015625,0.0693359375,0.08740234375,-0.04150390625,-0.05078125,0.08154296875,0.066650390625,-0.102783203125,-0.097412109375,0.040283203125,-0.00341796875,-0.01025390625,-0.01025390625,0.1123046875,0.009521484375,-0.115966796875,-0.01171875,0.076416015625,-0.041748046875,-0.115478515625,0.003173828125,0.11083984375,-0.03369140625,-0.114990234375,0.069091796875,-0.043701171875,-0.043701171875,-0.0888671875,0.0126953125,0.050537109375,-0.052734375,-0.047607421875,0.0625,0.033447265625,-0.0791015625,-0.053955078125,0.00927734375,-0.10302734375,-0.10302734375,-0.00634765625,0.1015625,0.008056640625,-0.095947265625,-0.03271484375,0.04638671875,-0.024169921875,-0.07763671875,-0.015625,-0.02294921875,-0.076904296875,-0.076904296875,0.02294921875,0.093017578125,-0.018798828125,-0.073486328125,-0.003662109375,0.00341796875,-0.064453125,-0.03955078125,0.059814453125,0.028076171875,-0.025634765625,0.042236328125,0.042236328125,-0.019287109375,-0.076904296875,-0.023193359375,0.087158203125,0.018798828125,-0.10009765625,-0.005859375,0.095458984375,-0.012939453125,-0.114990234375,-0.052001953125,-0.02392578125,-0.078857421875,-0.078857421875,0.025634765625,0.0693359375,-0.036865234375,-0.08544921875,-0.000732421875,0.044921875,-0.039306640625,-0.050048828125,0.0224609375,0.021240234375,-0.02734375,0.088623046875,0.034912109375,0.034912109375,-0.09033203125,-0.064208984375,0.037841796875,-0.00830078125,-0.074951171875,0.004638671875,0.0751953125,0.000732421875,-0.078857421875,0.05322265625,-0.0224609375,-0.069091796875,-0.069091796875,0.011474609375,0.033203125,-0.0576171875,-0.070068359375,-0.00048828125,0.015380859375,-0.060302734375,-0.050048828125,0.047119140625,0.0478515625,-0.046630859375,0.038330078125,0.015625,0.015625,-0.087890625,-0.0537109375,0.047119140625,0.028564453125,-0.044677734375,-0.013916015625,0.04296875,0.00048828125,-0.055908203125,0.01220703125,-0.03173828125,-0.028564453125,0.00390625,0.00390625,0.015625,-0.023193359375,-0.033203125,0.042236328125,0.014404296875,-0.076416015625,-0.013916015625,0.023681640625,-0.054443359375,-0.037109375,-0.002197265625,0.00537109375,0.00537109375,-0.01611328125,-0.027099609375,0.027587890625,0.038818359375,-0.04736328125,-0.05078125,0.007080078125,-0.007080078125,-0.025146484375,0.009765625,0.00537109375,0.007080078125,-0.005859375,-0.005859375,-0.036376953125,-0.05029296875,-0.03076171875,0.009765625,0.010986328125,-0.030029296875,-0.020263671875,0.03076171875,0.016357421875,-0.03515625,0.0126953125,0.000244140625,-0.0546875,-0.0546875,-0.061279296875,0.004150390625,0.041259765625,-0.006103515625,-0.022705078125,-0.0078125,-0.01171875,-0.04833984375,-0.035400390625,0.013916015625,0.024169921875,0.024169921875,0.013671875,0.001708984375,-0.00830078125,-0.022216796875,-0.021240234375,-0.015625,-0.042724609375,-0.004150390625,0.00390625,-0.01416015625,-0.021484375,-0.021484375,-0.005859375,0.02392578125,0.013427734375,-0.030029296875,-0.029052734375,-0.006591796875,-0.0146484375,-0.053466796875,-0.014892578125,0.04150390625,0.02880859375,-0.0107421875,-0.0107421875,-0.000732421875,-0.021728515625,-0.04443359375,-0.0439453125,-0.021240234375,0.009521484375,0.03466796875,0.0166015625,-0.0322265625,-0.044921875,-0.027099609375,-0.027099609375,-0.0185546875,-0.02294921875,-0.021484375,0.022216796875,0.031982421875,-0.024658203125,-0.03564453125,-0.0146484375,-0.019775390625,-0.019287109375,0.0107421875,0.0107421875,0.024658203125,0.007080078125,-0.025634765625,-0.042236328125,-0.0205078125,-0.01318359375,-0.01123046875,-0.00244140625,-0.03759765625,-0.009033203125,0.03466796875,-0.00146484375,-0.00146484375,-0.0380859375,-0.005859375,0.014404296875,-0.01416015625,-0.049560546875,-0.039306640625,0.011474609375,-0.03515625,0.000732421875,0.017333984375,-0.01806640625,-0.01806640625,-0.0556640625,-0.054931640625,-0.030517578125,-0.003662109375,0.00830078125,0.031982421875,0.011962890625,-0.0234375,-0.00390625,-0.0185546875,-0.03466796875,-0.012451171875,0.024658203125,0.024658203125,0.007568359375,-0.04296875,-0.021240234375,0.02197265625,-0.00244140625,-0.025634765625,0.00439453125,-0.006103515625,-0.02392578125,-0.02978515625,-0.020751953125,-0.021728515625,-0.017578125,-0.017578125,0.012451171875,-0.001708984375,-0.0263671875,-0.018310546875,-0.005859375,-0.036376953125,-0.01953125,0.002685546875,0.005615234375,-0.013916015625,-0.029541015625,-0.01318359375,-0.01318359375,0.01318359375,-0.01611328125,-0.031005859375,-0.031005859375,-0.0234375,-0.003662109375,0.007080078125,0.010498046875,0.019287109375,-0.002685546875,-0.04150390625,-0.017822265625,-0.005615234375,-0.02294921875,-0.02294921875,0.004638671875,0.000244140625,-0.03125,-0.02978515625,-0.016845703125,0.029541015625,-0.0029296875,-0.032958984375,0.026611328125,-0.004150390625,-0.023681640625,-0.0126953125,-0.029052734375,-0.00732421875,-0.00732421875,-0.030029296875,-0.0146484375,0.00244140625,-0.00244140625,-0.003662109375,-0.0498046875,-0.01513671875,-0.01025390625,0.01025390625,0.0087890625,-0.007568359375,-0.022216796875,-0.025146484375,-0.025146484375,-0.031494140625,-0.00537109375,0.021484375,-0.025146484375,-0.000244140625,-0.03076171875,-0.032958984375,-0.0205078125,0.056396484375,-0.048095703125,0.046142578125,0.000732421875,-0.0498046875,-0.0498046875,0.079345703125,-0.08642578125,-0.026123046875,0.031005859375,-0.11865234375,0.030029296875,-0.042724609375,0.04248046875,0.01806640625,-0.01220703125,-0.00732421875,-0.02197265625,-0.02880859375,-0.03271484375,-0.03271484375,-0.00439453125,-0.012939453125,0.009765625,-0.010986328125,-0.0048828125,-0.03515625,-0.06640625,-0.030517578125,-0.015869140625,0.00390625,0.0224609375,0.01611328125,0.01611328125,-0.000244140625,-0.0224609375,-0.018798828125,-0.023193359375,-0.028076171875,-0.06298828125,-0.057373046875,-0.0185546875,-0.000244140625,0.037353515625,0.06298828125,0.06298828125,0.05078125,0.0322265625,-0.0107421875,-0.05224609375,-0.04736328125,-0.0390625,-0.033203125,-0.02880859375,-0.020751953125,-0.009521484375,0.0009765625,0.0205078125,0.0205078125,0.03076171875,0.005615234375,-0.04296875,-0.054443359375,0.0380859375,0.09716796875,0.03564453125,-0.079345703125,-0.120849609375,-0.049072265625,0.0380859375,0.00634765625,0.00634765625,-0.089599609375,-0.06005859375,0.05078125,-0.029052734375,-0.007080078125,0.028076171875,-0.028076171875,-0.02685546875,0.00439453125,-0.0537109375,-0.031005859375,-0.031005859375,0.01611328125,-0.08203125,-0.07275390625,0.07666015625,0.000732421875,-0.015380859375,-0.053955078125,-0.052490234375,0.021728515625,0.0009765625,-0.044677734375,0.017578125,0.017578125,0.037109375,-0.010986328125,-0.026123046875,-0.02685546875,-0.009521484375,0.007080078125,-0.001220703125,0.035400390625,0.0302734375,-0.030029296875,-0.05078125,-0.05078125,0.0,0.0234375,0.010986328125,-0.02978515625,-0.076171875,-0.0615234375,-0.015380859375,0.025390625,0.0615234375,0.077392578125,-0.009765625,-0.083740234375,-0.07958984375,-0.07958984375,-0.038330078125,0.004638671875,-0.029052734375,-0.08935546875,-0.053466796875,-0.008056640625,0.006591796875,0.05126953125,0.00390625,-0.083740234375,-0.041748046875,0.04638671875,0.043701171875,0.043701171875,-0.025146484375,-0.091796875,-0.016845703125,0.095703125,0.063232421875,-0.049560546875,-0.08740234375,-0.031982421875,0.03076171875,0.03369140625,0.006103515625,-0.007568359375,-0.005615234375,-0.005615234375,-0.040283203125,-0.089111328125,0.063232421875,0.11669921875,0.0361328125,-0.086181640625,-0.103515625,0.004638671875,0.064208984375,-0.00146484375,-0.05078125,0.002197265625,0.0546875,0.0546875,-0.0078125,-0.001220703125,0.08984375,0.025634765625,-0.130615234375,-0.1064453125,0.059326171875,0.05908203125,-0.1044921875,-0.143798828125,0.041015625,0.10791015625,-0.03466796875,-0.03466796875,-0.081787109375,0.06396484375,-0.081787109375,-0.101806640625,0.037109375,0.052978515625,-0.089111328125,-0.116455078125,0.0361328125,0.072021484375,-0.067626953125,-0.0732421875,0.068359375,0.068359375,0.081787109375,-0.119140625,0.0078125,0.04638671875,-0.06640625,-0.098388671875,0.040771484375,0.107421875,0.005615234375,-0.048095703125,0.012451171875,0.010009765625,-0.04296875,-0.04296875,0.00830078125,0.005615234375,-0.028564453125,-0.03515625,0.00390625,0.034423828125,0.006103515625,-0.003173828125,0.022216796875,0.00732421875,-0.022216796875,-0.021484375,-0.0302734375,-0.06103515625,-0.06103515625,-0.031494140625,-0.04296875,-0.0087890625,0.050048828125,0.046630859375,-0.0283203125,-0.034423828125,0.021484375,0.009521484375,-0.090087890625,-0.11962890625,0.00390625,0.00390625,-0.076416015625,-0.1015625,0.054931640625,0.124267578125,0.0068359375,-0.080322265625,-0.024658203125,0.038818359375,-0.01171875,-0.0615234375,-0.023681640625,-0.023681640625,-0.064697265625,-0.010498046875,0.091796875,0.04296875,-0.061279296875,-0.014892578125,0.064208984375,0.0009765625,-0.099609375,-0.0498046875,0.039306640625,-0.0244140625,-0.1005859375,-0.00927734375,0.106201171875,0.05029296875,-0.050537109375,-0.026611328125,0.02001953125,-0.004150390625,-0.03662109375,-0.01220703125,0.01171875,-0.05029296875,-0.071044921875,0.035400390625,0.07275390625,-0.034423828125,-0.058349609375,0.0546875,0.071533203125,-0.099609375,-0.1298828125,0.05419921875,0.09130859375,-0.109619140625,-0.168212890625,0.0537109375,0.151123046875,-0.0283203125,-0.125244140625,0.00927734375,0.069091796875,-0.045166015625,-0.098876953125,-0.00537109375,0.013916015625,-0.08056640625,-0.05029296875,0.044189453125,0.013427734375,-0.034912109375,0.035888671875,0.05810546875,-0.065673828125,-0.08837890625,0.043212890625,0.064453125,-0.0751953125,-0.123046875,0.01611328125,0.079833984375,-0.029541015625,-0.03759765625,0.060546875,0.04833984375,-0.051513671875,-0.04736328125,0.0185546875,-0.0205078125,-0.085693359375,-0.029052734375,0.04052734375,-0.005615234375,-0.046630859375,0.034912109375,0.088623046875,-0.017578125,-0.09619140625,0.002685546875,0.064453125,-0.052490234375,-0.10205078125,0.008056640625,0.0634765625,-0.029296875,-0.067626953125,0.03369140625,0.073974609375,-0.0380859375,-0.060546875,0.040771484375,0.012451171875,-0.09765625,-0.07275390625,0.040283203125,0.0068359375,-0.09423828125,-0.018798828125,0.0908203125,0.01318359375,-0.09814453125,-0.02685546875,0.07421875,-0.016845703125,-0.113037109375,-0.01806640625,0.068603515625,-0.012451171875,-0.093505859375,-0.00830078125,0.085693359375,0.00927734375,-0.05615234375,0.02490234375,0.055419921875,-0.06982421875,-0.095458984375,0.033935546875,0.052001953125,-0.06982421875,-0.060791015625,0.063232421875,0.041748046875,-0.072021484375,-0.02490234375,0.002685546875,0.002685546875,-0.095947265625,-0.039794921875,0.049072265625,-0.034912109375,-0.10986328125,-0.013671875,0.067138671875,0.000732421875,-0.052734375,0.034423828125,0.06591796875,-0.06103515625,-0.088623046875,0.0439453125,-0.05712890625,-0.10107421875,-0.10107421875,0.019775390625,0.069580078125,-0.033203125,-0.055908203125,0.04736328125,0.0498046875,-0.059326171875,-0.051025390625,0.0537109375,0.020751953125,-0.09814453125,-0.069580078125,0.009765625,-0.047607421875,-0.001953125,-0.001953125,0.06494140625,-0.015625,-0.100830078125,-0.0087890625,0.092041015625,-0.015625,-0.134765625,-0.0517578125,0.054443359375,-0.01318359375,-0.07763671875,0.030029296875,0.096435546875,-0.043701171875,-0.107421875,0.0302734375,0.08984375,-0.033935546875,-0.08935546875,0.03076171875,-0.056884765625,-0.043212890625,0.06396484375,0.04345703125,0.04345703125,-0.075439453125,-0.05712890625,0.057861328125,0.040283203125,-0.091552734375,-0.084716796875,0.028564453125,-0.000732421875,-0.09521484375,-0.028076171875,0.083984375,0.025146484375,-0.085205078125,-0.0263671875,0.06884765625,0.0087890625,-0.06591796875,-0.01611328125,0.040771484375,-0.029052734375,-0.08203125,0.003173828125,0.051513671875,-0.03173828125,0.027587890625,0.052001953125,-0.047607421875,-0.06787109375,0.0244140625,0.0244140625,0.02294921875,-0.083740234375,-0.068603515625,0.0341796875,0.035400390625,-0.05126953125,-0.04541015625,0.036865234375,0.008544921875,-0.067138671875,-0.02978515625,0.01904296875,-0.02392578125,-0.069091796875,-0.002685546875,0.052490234375,-0.01123046875,-0.03955078125,0.03125,0.047607421875,-0.04150390625,-0.061279296875,0.028076171875,-0.068359375,-0.0859375,0.03173828125,0.058349609375,-0.052978515625,-0.052490234375,0.058349609375,0.040771484375,0.040771484375,-0.06640625,-0.041748046875,0.05419921875,0.00732421875,-0.092041015625,-0.06591796875,0.032470703125,0.00830078125,-0.071533203125,0.00537109375,0.0888671875,0.00390625,-0.08056640625,-0.003173828125,0.061767578125,-0.036865234375,-0.1044921875,-0.00390625,0.065185546875,-0.02099609375,-0.06494140625,0.03076171875,-0.042724609375,-0.072021484375,0.029052734375,0.05126953125,-0.046630859375,-0.080078125,-0.008056640625,0.00439453125,0.00439453125,-0.0673828125,-0.032958984375,0.065673828125,0.021728515625,-0.077392578125,-0.027099609375,0.062255859375,-0.0029296875,-0.09912109375,-0.029541015625,0.04736328125,-0.033935546875,-0.0849609375,0.017578125,0.083984375,-0.00927734375,-0.068115234375,0.02001953125,0.070556640625,-0.029296875,0.013427734375,0.03076171875,-0.0830078125,-0.06884765625,0.0390625,0.0390625,-0.039306640625,-0.015869140625,0.06591796875,0.009033203125,0.009033203125,-0.091796875,-0.03955078125,0.03564453125,-0.03759765625,-0.105712890625,-0.0185546875,0.06396484375,-0.0048828125,-0.063232421875,0.021728515625,0.060546875,-0.04296875,-0.080810546875,0.01708984375,0.05908203125,-0.03662109375,-0.091552734375,0.00048828125,0.044189453125,-0.04248046875,0.0625,0.073974609375,-0.066162109375,-0.080322265625,0.042724609375,0.024169921875,-0.083740234375,-0.066650390625,0.040771484375,0.0263671875,0.0263671875,-0.070556640625,-0.0341796875,0.052001953125,-0.01416015625,-0.074462890625,0.00830078125,0.067138671875,-0.019775390625,-0.10107421875,-0.03515625,0.015380859375,-0.034912109375,-0.05615234375,0.03125,0.07568359375,-0.01611328125,-0.06103515625,0.04931640625,-0.037841796875,-0.09814453125,-0.002197265625,0.06103515625,-0.016845703125,-0.054443359375,0.01611328125,0.025146484375,-0.053955078125,-0.045654296875,0.039794921875,0.02685546875,-0.069091796875,-0.069091796875,-0.068115234375,0.01611328125,0.006103515625,-0.045654296875,-0.00830078125,0.051025390625,0.017333984375,-0.056884765625,-0.032958984375,0.031005859375,-0.00146484375,-0.0517578125,-0.022216796875,0.02392578125,-0.007568359375,-0.04931640625,0.021240234375,-0.006591796875,-0.0185546875,0.01611328125,0.0380859375,-0.02783203125,-0.069091796875,-0.029541015625,-0.02294921875,-0.02734375,-0.01953125,0.005859375,0.000732421875,-0.047119140625,-0.047119140625,-0.021484375,0.037353515625,0.01513671875,-0.045654296875,-0.046142578125,-0.008056640625,-0.0185546875,-0.049072265625,-0.006103515625,0.042724609375,0.004638671875,-0.03369140625,-0.019775390625,0.017578125,0.00732421875,-0.00830078125,0.0009765625,-0.037353515625,-0.040283203125,0.01220703125,0.01953125,-0.02880859375,-0.03369140625,0.02001953125,0.02880859375,-0.033935546875,-0.03564453125,0.005615234375,-0.031982421875,-0.076904296875,-0.03759765625,0.04150390625,0.04150390625,0.032470703125,-0.023681640625,-0.013916015625,0.007568359375,-0.009521484375,-0.03369140625,0.002685546875,0.029052734375,-0.031494140625,-0.06884765625,-0.02392578125,0.027099609375,0.014892578125,-0.01513671875,-0.006591796875,-0.02099609375,-0.005126953125,0.018310546875,0.000732421875,-0.060302734375,-0.070068359375,-0.000244140625,0.034912109375,-0.01171875,-0.033935546875,-0.013427734375,-0.02490234375,-0.0283203125,0.01806640625,0.036376953125,0.036376953125,-0.027587890625,-0.07177734375,-0.0400390625,0.005615234375,0.0029296875,-0.002685546875,0.01953125,0.00830078125,-0.033447265625,-0.03759765625,0.017578125,0.037353515625,-0.023681640625,-0.0078125,0.005126953125,-0.028564453125,-0.020751953125,0.015625,-0.00146484375,-0.037353515625,-0.01171875,0.03955078125,0.0048828125,-0.056884765625,-0.038818359375,-0.008056640625,-0.02685546875,-0.05126953125,-0.011474609375,0.0322265625,0.0322265625,-0.007080078125,-0.051025390625,-0.01171875,0.026123046875,-0.00048828125,-0.026611328125,-0.0009765625,0.0126953125,-0.0263671875,-0.04345703125,0.0048828125,-0.0126953125,-0.03515625,-0.00830078125,0.005859375,-0.022216796875,-0.008056640625,0.019287109375,-0.021728515625,-0.0791015625,-0.04638671875,0.0244140625,0.01416015625,-0.0166015625,-0.00390625,-0.003662109375,-0.044921875,-0.0439453125,0.010986328125,0.010986328125,0.019287109375,-0.0302734375,-0.043212890625,0.001953125,0.01904296875,-0.018310546875,-0.022705078125,0.017578125,0.01220703125,-0.03173828125,0.02783203125,0.001220703125,-0.06494140625,-0.037353515625,0.04833984375,0.0322265625,-0.031494140625,-0.015625,0.031982421875,-0.00927734375,-0.07958984375,-0.0390625,0.0185546875,-0.031982421875,-0.083251953125,-0.009521484375,0.0625,-0.010986328125,-0.079833984375,0.000244140625,0.000244140625,0.076416015625,0.00830078125,-0.064697265625,-0.013427734375,0.033447265625,-0.035888671875,-0.0849609375,-0.01708984375,0.011962890625,-0.033203125,0.0087890625,0.05078125,-0.004638671875,-0.061279296875,-0.017333984375,0.02587890625,-0.0126953125,-0.04296875,-0.0078125,-0.00732421875,-0.048583984375,-0.028076171875,0.037109375,0.036865234375,-0.03955078125,-0.0478515625,0.0205078125,0.015625,-0.05517578125,-0.059326171875,-0.059326171875,-0.0166015625,-0.017822265625,-0.042236328125,-0.008544921875,0.036376953125,0.0244140625,-0.01611328125,0.009521484375,-0.007568359375,-0.024658203125,-0.012939453125,-0.0068359375,-0.03466796875,-0.02734375,0.023193359375,0.020751953125,-0.018798828125,-0.023681640625,0.006103515625,0.0048828125,-0.02978515625,-0.01708984375,0.0146484375,-0.027587890625,-0.06689453125,-0.033203125,0.011474609375,0.00732421875,-0.013916015625,-0.013916015625,0.010009765625,0.02099609375,-0.019287109375,-0.042724609375,-0.0224609375,-0.00146484375,-0.05908203125,-0.002197265625,0.039306640625,0.00341796875,-0.03076171875,-0.00244140625,0.02099609375,-0.001708984375,-0.011962890625,0.014892578125,-0.003662109375,-0.06640625,-0.076904296875,-0.018310546875,0.01171875,-0.007080078125,0.01025390625,0.02978515625,-0.02294921875,-0.05615234375,-0.004150390625,0.02783203125,-0.0087890625,-0.0087890625,-0.05517578125,-0.042236328125,0.005126953125,-0.004638671875,-0.02197265625,0.042236328125,-0.017578125,-0.045654296875,0.005859375,0.024169921875,-0.025634765625,-0.057861328125,-0.041015625,-0.021484375,-0.022216796875,-0.00439453125,0.039794921875,0.0341796875,-0.028076171875,-0.024658203125,0.02294921875,-0.005126953125,-0.060302734375,-0.064208984375,-0.03271484375,-0.02734375,-0.022705078125,0.008544921875,0.029541015625,0.0,0.0,-0.043212890625,-0.015869140625,0.022216796875,-0.012939453125,0.006591796875,0.008544921875,-0.034423828125,-0.0419921875,0.0107421875,0.03564453125,-0.001220703125,-0.009765625,0.024169921875,0.013916015625,-0.04833984375,-0.064453125,-0.020263671875,-0.0146484375,-0.051513671875,-0.01318359375,0.05322265625,0.017578125,-0.0322265625,-0.022705078125,0.00927734375,-0.0048828125,-0.03662109375,-0.015625,-0.0009765625,-0.046875,-0.046875,-0.070556640625,-0.013671875,0.021484375,-0.01708984375,0.005126953125,0.015380859375,-0.024658203125,-0.037109375,0.00341796875,0.02001953125,-0.01318359375,-0.03759765625,-0.015869140625,0.00634765625,-0.012939453125,-0.005126953125,0.0341796875,0.005859375,-0.055419921875,-0.04931640625,-0.012939453125,-0.03515625,-0.056396484375,-0.015625,0.023193359375,0.006591796875,-0.02490234375,0.01611328125,0.0537109375,-0.012939453125,-0.0625,-0.028564453125,-0.004150390625,-0.0322265625,-0.0322265625,-0.049072265625,0.013916015625,-0.008544921875,-0.020751953125,0.029296875,0.033935546875,-0.038818359375,-0.047119140625,0.023681640625,0.02734375,-0.035400390625,-0.04638671875,0.010009765625,0.01318359375,-0.049560546875,-0.0390625,0.0419921875,0.0537109375,-0.0234375,-0.057373046875,-0.021728515625,-0.021484375,-0.070556640625,-0.065673828125,-0.005126953125,0.014892578125,-0.011474609375,-0.01708984375,0.01513671875,0.029052734375,0.0068359375,-0.016357421875,-0.006591796875,-0.0048828125,-0.019287109375,-0.001220703125,-0.014892578125,-0.06689453125,-0.06201171875,-0.009033203125,0.009033203125,-0.005126953125,0.01708984375,0.036376953125,-0.005126953125,-0.041748046875,-0.0361328125,-0.012939453125,-0.024169921875,-0.050048828125,-0.009765625,0.042724609375,0.00439453125,-0.0478515625,-0.0107421875,0.025390625,-0.028076171875,-0.05908203125,0.003173828125,0.055419921875,-0.007080078125,-0.067138671875,-0.04296875,-0.0029296875,0.005126953125,-0.00830078125,0.01904296875,0.047119140625,0.00341796875,-0.06591796875,-0.042236328125,0.015380859375,-0.004638671875,-0.072509765625,-0.07470703125,-0.0048828125,0.0224609375,0.012451171875,0.01513671875,0.01708984375,-0.02587890625,-0.044921875,-0.013427734375,-0.012939453125,-0.010009765625,0.003173828125,-0.017822265625,-0.027099609375,-0.019775390625,-0.01611328125,-0.00244140625,-0.023193359375,-0.0234375,0.05615234375,0.045166015625,-0.064453125,-0.064697265625,-0.005615234375,-0.020751953125,-0.059326171875,-0.006103515625,0.091064453125,0.063232421875,-0.0732421875,-0.09619140625,0.0205078125,0.023681640625,-0.08642578125,-0.06201171875,0.04931640625,0.0234375,-0.068359375,-0.055419921875,0.034912109375,0.038818359375,-0.05126953125,-0.07177734375,0.037109375,-0.008544921875,-0.077392578125,-0.077392578125,-0.0439453125,-0.0078125,-0.0234375,-0.013916015625,0.0390625,0.06298828125,0.007568359375,-0.06884765625,-0.065673828125,0.004638671875,-0.005126953125,-0.041259765625,-0.03173828125,-0.048095703125,-0.049560546875,0.003662109375,0.034912109375,0.022705078125,0.02197265625,-0.014892578125,-0.066650390625,-0.033203125,0.042724609375,0.03076171875,-0.052734375,-0.107177734375,0.056884765625,0.07177734375,0.009765625,0.009765625,0.0078125,0.023193359375,-0.0166015625,-0.0654296875,-0.065673828125,0.01123046875,0.072021484375,-0.00830078125,-0.133056640625,-0.08642578125,0.048583984375,0.105712890625,0.045166015625,-0.052978515625,-0.041015625,0.042724609375,0.0576171875,0.0078125,-0.05712890625,-0.082275390625,-0.03466796875,-0.02587890625,-0.037109375,-0.001708984375,0.010986328125,0.00341796875,-0.01123046875,0.011962890625,0.025146484375,-0.044189453125,-0.044189453125,-0.063720703125,-0.00634765625,0.020263671875,-0.000244140625,-0.056640625,-0.10498046875,-0.064453125,0.048095703125,0.05859375,-0.010009765625,-0.03173828125,-0.047119140625,-0.0498046875,-0.0361328125,-0.009033203125,-0.000244140625,0.00927734375,0.015380859375,-0.00927734375,-0.021728515625,-0.023193359375,-0.00341796875,-0.009765625,-0.017822265625,-0.01953125,-0.00244140625,-0.017578125,-0.019775390625,-0.040283203125,0.005126953125,0.039306640625,0.039306640625,0.029052734375,0.015625,-0.03662109375,-0.045654296875,0.0224609375,-0.010498046875,-0.027587890625,0.0234375,-0.025390625,-0.0322265625,0.031494140625,-0.02880859375,-0.034423828125,0.0537109375,-0.02490234375,-0.08154296875,0.03759765625,0.042236328125,-0.020751953125,0.011474609375,-0.00732421875,-0.054443359375,-0.04443359375,-0.05224609375,0.010498046875,0.004150390625,-0.018798828125,-0.0009765625,0.0068359375,0.012939453125,-0.0009765625,-0.0009765625,-0.033447265625,-0.029296875,-0.0068359375,-0.004150390625,-0.016845703125,-0.03857421875,-0.047607421875,-0.037353515625,-0.036865234375,-0.0341796875,0.010009765625,0.044921875,0.023193359375,-0.0029296875,-0.016845703125,-0.010498046875,0.0146484375,0.01171875,-0.004638671875,-0.001953125,0.00390625,0.00390625,-0.009765625,-0.028076171875,-0.03955078125,-0.037353515625,-0.03564453125,-0.01611328125,-0.0048828125,-0.000732421875,-0.000732421875,-0.00244140625,-0.021728515625,-0.005859375,0.042724609375,0.052001953125,0.00244140625,-0.036865234375,-0.04052734375,-0.0703125,-0.065673828125,0.000244140625,-0.007568359375,-0.031494140625,0.013916015625,-0.011962890625,-0.067626953125,0.014892578125,0.0263671875,-0.022705078125,0.06005859375,-0.025634765625,0.0458984375,-0.078857421875,-0.0087890625,-0.0283203125,-0.069091796875,0.009521484375,-0.038818359375,0.0322265625,-0.000732421875,-0.000732421875,0.00439453125,-0.010986328125,-0.054443359375,0.004150390625,0.001953125,0.02099609375,0.027099609375,0.004150390625,-0.0224609375,-0.04736328125,-0.045654296875,-0.045654296875,-0.028564453125,0.010498046875,0.006591796875,0.011962890625,0.0126953125,-0.016357421875,-0.015380859375,-0.00830078125,0.006103515625,-0.02001953125,-0.024169921875,0.0302734375,-0.014404296875,0.00537109375,0.0400390625,-0.012939453125,-0.039794921875,-0.038818359375,-0.049072265625,-0.049072265625,-0.03173828125,-0.00537109375,-0.01123046875,0.015380859375,0.02880859375,-0.00927734375,0.016845703125,0.022705078125,-0.01416015625,-0.0263671875,-0.027099609375,-0.013427734375,-0.04248046875,-0.0205078125,0.019775390625,-0.01171875,-0.005859375,-0.023193359375,-0.01953125,-0.021484375,-0.059326171875,-0.01171875,0.039794921875,0.020263671875,0.002685546875,0.001953125,0.002197265625,-0.006103515625,-0.05517578125,-0.067626953125,-0.021728515625,0.002685546875,-0.0126953125,-0.0126953125,-0.051025390625,-0.03271484375,-0.003662109375,-0.019287109375,-0.01318359375,-0.008056640625,0.029296875,0.025390625,-0.02197265625,-0.017333984375,-0.0107421875,-0.0185546875,-0.025390625,-0.013916015625,-0.00732421875,-0.030029296875,-0.0244140625,-0.021240234375,0.012451171875,0.02685546875,0.04296875,0.034423828125,-0.00048828125,0.005615234375,0.00439453125,-0.0126953125,-0.031982421875,-0.013916015625,-0.021240234375,-0.05078125,-0.0078125,-0.0078125,0.01220703125,-0.001708984375,-0.014892578125,-0.00439453125,0.009521484375,-0.02099609375,-0.011474609375,-0.009033203125,-0.025634765625,-0.027587890625,-0.019775390625,-0.009765625,0.0126953125,0.00146484375,-0.018310546875,-0.03515625,-0.061279296875,-0.0302734375,0.0087890625,0.006103515625,-0.019775390625,-0.0107421875,-0.009521484375,-0.004150390625,-0.011474609375,-0.042724609375,-0.025634765625,-0.025634765625,-0.00927734375,-0.027099609375,-0.021240234375,0.004150390625,0.02392578125,0.002197265625,-0.03466796875,-0.010009765625,-0.022216796875,0.0087890625,0.046630859375,0.013427734375,-0.006591796875,-0.006591796875,0.031982421875,0.005615234375,-0.014404296875,0.016845703125,-0.0244140625,-0.02880859375,-0.008544921875,0.0126953125,0.031982421875,0.00634765625,-0.01513671875,-0.0205078125,-0.048828125,-0.049560546875,-0.049560546875,-0.001220703125,-0.013916015625,-0.029296875,0.027587890625,0.010498046875,-0.037353515625,-0.000244140625,-0.02001953125,-0.058837890625,-0.04638671875,-0.010498046875,-0.005615234375,-0.0341796875,-0.0341796875,-0.02099609375,0.02880859375,0.007080078125,-0.037109375,-0.02587890625,-0.01953125,-0.039306640625,0.004150390625,-0.001708984375,-0.013427734375,-0.011474609375,-0.011474609375,0.001220703125,0.001220703125,0.008544921875,-0.007568359375,-0.00927734375,0.0029296875,-0.015869140625,-0.002685546875,0.01904296875,-0.009521484375,-0.01318359375,-0.010986328125,0.009765625,0.009033203125,-0.024169921875,-0.024169921875,0.01904296875,0.03076171875,-0.05615234375,-0.07666015625,0.01171875,-0.054443359375,0.011474609375,0.06103515625,0.002685546875,-0.03173828125,-0.004638671875,0.024169921875,-0.029296875,-0.029296875,-0.068603515625,-0.03076171875,0.0,-0.031494140625,0.029541015625,0.034912109375,-0.050048828125,-0.051025390625,0.0263671875,0.0146484375,-0.06201171875,-0.0498046875,0.02294921875,-0.0009765625,-0.0009765625,-0.045654296875,-0.0068359375,0.068359375,-0.05810546875,-0.02099609375,0.029296875,-0.03857421875,-0.07568359375,0.0,0.046142578125,-0.00732421875,-0.00732421875,-0.0380859375,0.005859375,0.045654296875,0.003662109375,-0.015380859375,0.027099609375,-0.033447265625,-0.0615234375,0.007568359375,0.0126953125,-0.047607421875,-0.04248046875,-0.04248046875,0.028076171875,0.029541015625,-0.056884765625,0.026611328125,0.041015625,-0.048828125,-0.058837890625,0.053466796875,0.053955078125,-0.0830078125,-0.084716796875,0.064208984375,0.064208984375,0.0556640625,-0.061279296875,0.073486328125,0.024658203125,-0.095947265625,-0.04638671875,0.031982421875,-0.0341796875,-0.102294921875,0.01513671875,0.088623046875,0.088623046875,-0.02880859375,-0.071533203125,0.057373046875,-0.066650390625,-0.13232421875,0.031494140625,0.078125,-0.096923828125,-0.12744140625,0.077880859375,0.125732421875,-0.0478515625,-0.0478515625,-0.111572265625,0.0400390625,-0.091064453125,-0.085693359375,0.068603515625,0.073486328125,-0.071533203125,-0.07080078125,0.06640625,0.0087890625,-0.131591796875,-0.032470703125,-0.032470703125,0.095947265625,0.00048828125,-0.025390625,0.121337890625,0.0029296875,-0.157470703125,-0.042724609375,0.097900390625,-0.007080078125,-0.13818359375,-0.015625,-0.015625,0.130859375,0.022216796875,-0.020263671875,0.08984375,-0.0205078125,-0.1220703125,0.018798828125,0.10205078125,-0.05224609375,-0.098388671875,0.061279296875,0.0986328125,-0.073486328125,-0.073486328125,-0.098876953125,0.07568359375,-0.107421875,-0.093017578125,0.070068359375,0.0791015625,-0.085205078125,-0.104248046875,0.07373046875,0.0693359375,-0.09228515625,-0.02783203125,0.118408203125,0.030517578125,-0.169677734375,-0.169677734375,-0.093994140625,0.095458984375,-0.12646484375,0.00439453125,0.1455078125,0.0009765625,-0.15185546875,-0.002197265625,0.124755859375,-0.030517578125,-0.14306640625,0.0107421875,0.092529296875,0.092529296875,-0.0458984375,0.040283203125,0.083740234375,-0.094970703125,-0.12451171875,-0.0777587890625,0.08154296875,0.0196533203125,-0.1229248046875,-0.035400390625,0.080810546875,-0.0086669921875,0.076416015625,0.126220703125,0.06103515625,-0.136962890625,-0.0615234375,0.128173828125,0.059326171875,-0.14501953125,-0.14501953125,-0.05322265625,-0.017333984375,-0.18310546875,-0.03125,0.154296875,0.05224609375,-0.1103515625,0.005859375,0.139404296875,-0.0205078125,-0.14111328125,-0.008056640625,0.081298828125,0.081298828125,-0.074462890625,0.06689453125,0.153076171875,-0.052490234375,-0.150146484375,0.0234375,0.09716796875,-0.082275390625,-0.13671875,0.058837890625,0.1103515625,-0.087890625,-0.1162109375,-0.1162109375,0.068115234375,-0.09765625,-0.06201171875,0.08447265625,0.016357421875,-0.1259765625,-0.03466796875,0.095458984375,0.008544921875,-0.11572265625,-0.01220703125,0.110595703125,-0.02099609375,-0.02099609375,0.00634765625,0.12939453125,-0.024169921875,-0.11767578125,0.028076171875,0.084228515625,-0.067138671875,-0.134033203125,0.016357421875,0.09521484375,-0.04296875,-0.06494140625,0.05908203125,0.03662109375,-0.119384765625,-0.119384765625,0.087890625,0.048828125,-0.106201171875,-0.0380859375,0.112548828125,0.033447265625,-0.119140625,-0.04296875,0.098876953125,0.006591796875,-0.1455078125,-0.052490234375,0.12744140625,0.058837890625,-0.09375,-0.09375,0.0810546875,-0.058349609375,-0.15283203125,0.01318359375,0.127197265625,-0.01953125,-0.10546875,0.028564453125,0.072509765625,-0.102294921875,-0.141357421875,0.046142578125,0.096923828125,-0.076416015625,-0.0986328125,0.0732421875,0.085205078125,-0.0732421875,-0.07421875,0.0673828125,0.060791015625,-0.082275390625,-0.054443359375,0.064453125,-0.000732421875,-0.12060546875,-0.035400390625,0.103271484375,0.012451171875,-0.107421875,-0.00048828125,0.088134765625,-0.04296875,-0.116455078125,0.019775390625,0.09521484375,-0.048828125,-0.12109375,0.009765625,0.056640625,-0.073486328125,-0.075927734375,0.079345703125,0.09033203125,-0.077392578125,-0.08447265625,0.06298828125,0.061279296875,-0.09228515625,-0.0888671875,0.071044921875,0.067138671875,-0.08056640625,-0.05078125,0.072509765625,0.031005859375,-0.087890625,-0.041015625,0.061279296875,-0.007568359375,-0.093505859375,-0.01806640625,0.072265625,-0.00537109375,-0.08056640625,0.00927734375,0.06640625,-0.06494140625,-0.110595703125,0.033203125,0.086669921875,-0.05078125,-0.095458984375,0.003662109375,0.022216796875,-0.070068359375,-0.04150390625,0.07666015625,0.058837890625,-0.058349609375,-0.037353515625,0.058837890625,0.0087890625,-0.105712890625,-0.04833984375,0.063232421875,0.007568359375,-0.087890625,-0.024169921875,0.064697265625,-0.006103515625,-0.070068359375,0.008056640625,0.059814453125,-0.05029296875,-0.118896484375,0.003173828125,0.082275390625,-0.040771484375,-0.0791015625,0.045654296875,0.07275390625,-0.074462890625,-0.114013671875,0.04248046875,0.083984375,-0.078125,-0.078125,0.040283203125,0.02392578125,-0.095947265625,-0.05224609375,0.09765625,0.075439453125,-0.06591796875,-0.05029296875,0.06298828125,0.012451171875,-0.111083984375,-0.04833984375,-0.013671875,-0.013671875,-0.088623046875,0.00830078125,0.09716796875,-0.021484375,-0.1025390625,0.01123046875,0.073974609375,-0.055908203125,-0.115234375,0.0068359375,0.076416015625,-0.039306640625,0.031982421875,0.031982421875,0.08349609375,-0.041015625,-0.089599609375,0.01220703125,0.058837890625,-0.036865234375,-0.060546875,0.022705078125,0.0078125,-0.08251953125,-0.03125,0.0087890625,-0.062744140625,-0.062744140625,-0.008544921875,0.05029296875,-0.02490234375,-0.084228515625,-0.0068359375,0.056396484375,-0.04443359375,-0.0947265625,0.010009765625,0.055908203125,-0.035400390625,0.03466796875,0.05126953125,0.05126953125,-0.071044921875,-0.080810546875,0.038818359375,0.055419921875,-0.077880859375,-0.072021484375,0.061279296875,0.054443359375,-0.063720703125,-0.04833984375,0.07275390625,0.016845703125,-0.03857421875,0.076904296875,0.076904296875,0.016357421875,-0.09912109375,-0.03173828125,0.081787109375,0.009033203125,-0.092041015625,-0.021484375,0.070556640625,-0.010498046875,-0.02587890625,0.069580078125,0.069580078125,0.007080078125,-0.07421875,-0.025146484375,0.02880859375,-0.033447265625,-0.0546875,0.025634765625,0.0517578125,-0.0380859375,0.05224609375,0.02880859375,-0.08251953125,-0.08251953125,-0.053955078125,0.04248046875,0.006591796875,-0.07421875,-0.03857421875,0.06201171875,0.030517578125,-0.0732421875,-0.03125,-0.005126953125,-0.093505859375,-0.093505859375,-0.04736328125,0.0458984375,-0.017578125,-0.09130859375,-0.001220703125,0.075927734375,-0.02001953125,-0.09375,-0.00439453125,0.05908203125,-0.078857421875,-0.0048828125,-0.0048828125,0.056640625,-0.039794921875,-0.072998046875,0.040283203125,0.070556640625,-0.02978515625,-0.053466796875,0.0546875,0.06103515625,-0.090576171875,0.0556640625,0.035400390625,0.035400390625,-0.08740234375,-0.03076171875,0.083251953125,0.0146484375,-0.096435546875,-0.031982421875,0.067626953125,-0.00732421875,-0.0166015625,0.061767578125,-0.038818359375,-0.081298828125,-0.081298828125,0.004150390625,0.033935546875,-0.055419921875,-0.071533203125,0.0244140625,0.043701171875,-0.033935546875,-0.0302734375,0.00439453125,-0.08740234375,-0.0546875,0.056396484375,0.056396484375,0.040283203125,-0.062744140625,-0.03369140625,0.068359375,0.010009765625,-0.0966796875,-0.0361328125,0.055908203125,-0.013671875,-0.010009765625,0.076904296875,-0.0009765625,-0.07568359375,-0.07568359375,-0.00439453125,0.052734375,-0.031494140625,-0.081787109375,-0.019775390625,0.0361328125,-0.036865234375,-0.0791015625,0.009521484375,-0.0234375,-0.03369140625,0.058349609375,0.036376953125,0.036376953125,-0.08056640625,-0.06298828125,0.045166015625,0.0166015625,-0.072998046875,-0.038330078125,0.0556640625,0.0224609375,-0.052001953125,0.043212890625,0.01025390625,-0.07666015625,-0.025634765625,-0.025634765625,0.059814453125,0.003173828125,-0.0849609375,-0.037353515625,0.044189453125,-0.0166015625,-0.074951171875,-0.01416015625,-0.030517578125,-0.032470703125,0.0361328125,0.052001953125,-0.04443359375,-0.075927734375,-0.075927734375,0.014892578125,0.02978515625,-0.05078125,-0.025634765625,0.078125,0.025390625,-0.0869140625,0.06201171875,0.0234375,-0.075439453125,-0.052001953125,0.0341796875,0.015380859375,0.015380859375,-0.062255859375,-0.016845703125,0.067138671875,-0.0048828125,-0.09130859375,-0.0390625,0.03662109375,-0.05712890625,-0.00439453125,0.042724609375,-0.027099609375,-0.071533203125,0.0078125,0.0078125,0.04736328125,-0.02978515625,-0.0595703125,0.014404296875,0.042724609375,-0.01025390625,-0.011474609375,-0.018798828125,-0.07568359375,-0.05029296875,0.03125,0.021484375,-0.0458984375,-0.0458984375,-0.01611328125,0.0634765625,0.01953125,-0.067626953125,-0.041015625,0.00634765625,-0.064208984375,-0.086181640625,0.090576171875,0.00634765625,-0.067138671875,0.004150390625,0.039794921875,0.039794921875,-0.039794921875,-0.075439453125,-0.00830078125,0.038330078125,-0.014892578125,-0.02978515625,0.017333984375,-0.061279296875,-0.05419921875,0.013671875,0.003662109375,-0.041748046875,-0.041748046875,-0.0048828125,0.066162109375,0.01220703125,-0.080078125,-0.048828125,-0.017333984375,-0.065673828125,-0.019287109375,0.06103515625,0.009033203125,-0.063720703125,-0.015625,-0.015625,0.0595703125,-0.008544921875,-0.08642578125,-0.031005859375,0.0205078125,-0.04541015625,0.022216796875,0.0517578125,-0.0234375,-0.049560546875,0.004150390625,0.015869140625,0.015869140625,-0.05810546875,-0.073486328125,0.01953125,0.048583984375,-0.01513671875,0.02392578125,0.005126953125,-0.061767578125,-0.0693359375,0.0048828125,0.001953125,0.001953125,-0.045654296875,-0.01025390625,0.049560546875,-0.00537109375,-0.07861328125,0.0263671875,-0.026123046875,-0.052734375,0.009521484375,0.0703125,0.028564453125,-0.033935546875,-0.033935546875,-0.0166015625,-0.00439453125,-0.066650390625,-0.078369140625,0.0185546875,-0.01708984375,-0.01123046875,0.031494140625,-0.00439453125,-0.05419921875,-0.03369140625,0.03515625,0.03515625,-0.007080078125,-0.06787109375,-0.017333984375,0.03955078125,-0.07861328125,-0.018310546875,0.037353515625,-0.0205078125,-0.062255859375,-0.016845703125,0.015625,-0.0263671875,-0.0263671875,-0.033203125,0.028564453125,0.0458984375,-0.028564453125,-0.03955078125,0.02001953125,-0.065673828125,-0.068359375,0.032958984375,0.0654296875,-0.044921875,-0.0869140625,0.018798828125,0.018798828125,0.04443359375,-0.036865234375,-0.04931640625,0.01953125,0.02978515625,-0.031494140625,0.025146484375,-0.0244140625,-0.08837890625,-0.03857421875,0.041748046875,0.0107421875,-0.0361328125,0.01025390625,0.01025390625,0.0400390625,-0.02978515625,-0.05712890625,-0.01708984375,-0.020751953125,-0.06396484375,0.024169921875,0.083984375,-0.00146484375,-0.066650390625,-0.0048828125,0.018310546875,-0.05078125,-0.05078125,-0.04833984375,0.0419921875,0.037841796875,-0.0556640625,0.02001953125,-0.013671875,-0.084716796875,-0.038818359375,0.083251953125,0.035400390625,-0.081787109375,-0.05859375,0.0556640625,0.0556640625,0.023193359375,-0.089111328125,-0.056396484375,-0.0009765625,-0.04638671875,0.002197265625,0.043701171875,-0.0029296875,-0.05615234375,-0.0068359375,0.046630859375,-0.033935546875,-0.0625,-0.0625,0.02685546875,0.04638671875,-0.05810546875,-0.0859375,0.04443359375,-0.055908203125,-0.055908203125,0.023193359375,0.011474609375,-0.037353515625,-0.037353515625,0.010498046875,-0.005126953125,-0.038330078125,-0.038330078125,-0.002685546875,0.039306640625,-0.010986328125,-0.004638671875,0.051025390625,-0.01953125,-0.03857421875,-0.001220703125,0.014892578125,-0.027099609375,-0.0576171875,0.019287109375,0.04150390625,-0.037841796875,-0.037841796875,-0.03759765625,0.038330078125,0.036865234375,-0.04833984375,0.022216796875,-0.030517578125,-0.101806640625,-0.05029296875,0.031494140625,0.008544921875,-0.063720703125,-0.01416015625,-0.01416015625,0.0654296875,0.00244140625,-0.0185546875,0.083984375,0.04296875,-0.08837890625,-0.1044921875,0.018310546875,0.041748046875,-0.010498046875,-0.064697265625,-0.064697265625,-0.001220703125,0.079345703125,-0.076171875,-0.067138671875,0.057373046875,0.087158203125,-0.045166015625,-0.08544921875,-0.0263671875,0.10498046875,0.038330078125,-0.152099609375,-0.152099609375,-0.078369140625,0.04541015625,-0.029296875,-0.15673828125,0.0029296875,0.07177734375,0.0126953125,-0.0185546875,-0.09423828125,0.023681640625,0.093994140625,-0.04052734375,-0.04052734375,-0.074462890625,-0.018310546875,0.004638671875,-0.04248046875,-0.1083984375,0.02880859375,0.092529296875,-0.002197265625,-0.04345703125,-0.068115234375,0.00927734375,0.05908203125,0.05908203125,-0.004638671875,-0.026123046875,-0.013427734375,-0.037841796875,-0.061767578125,-0.0419921875,0.04052734375,0.0771484375,-0.0068359375,-0.0498046875,-0.037353515625,0.0419921875,0.0419921875,0.040283203125,-0.036865234375,-0.006103515625,0.03271484375,-0.021240234375,-0.01953125,-0.05615234375,-0.005126953125,-0.00537109375,-0.07177734375,0.0439453125,0.0439453125,-0.009521484375,0.040283203125,-0.12548828125,0.027587890625,-0.002685546875,-0.056884765625,0.062255859375,-0.08203125,-0.022216796875,0.041748046875,-0.071533203125,-0.011962890625,-0.018310546875,-0.018310546875,-0.017822265625,-0.04833984375,-0.031982421875,0.043212890625,0.004638671875,-0.033447265625,-0.016357421875,0.00341796875,-0.021728515625,-0.051513671875,-0.0146484375,0.0380859375,0.022216796875,0.022216796875,-0.0322265625,-0.008056640625,0.04443359375,0.028564453125,-0.0341796875,-0.057861328125,-0.02099609375,-0.002685546875,-0.05712890625,-0.083984375,0.035888671875,0.1474609375,0.010009765625,0.010009765625,-0.064208984375,0.138916015625,0.068115234375,-0.18359375,-0.18994140625,0.10595703125,0.17138671875,-0.125732421875,-0.166259765625,0.123046875,0.15234375,-0.1474609375,-0.20947265625,-0.20947265625,0.164306640625,-0.031982421875,-0.11279296875,0.05224609375,0.1513671875,-0.025634765625,-0.161376953125,-0.011474609375,0.082275390625,-0.014404296875,-0.056640625,-0.03759765625,-0.037109375,-0.037109375,0.10693359375,-0.04443359375,-0.171142578125,0.0263671875,0.126953125,-0.0439453125,-0.0791015625,0.04541015625,0.0419921875,-0.037109375,-0.005615234375,-0.013671875,-0.072998046875,0.025390625,0.074951171875,-0.06689453125,-0.08056640625,0.033935546875,0.000244140625,-0.083984375,-0.002685546875,0.01904296875,-0.077880859375,-0.010498046875,0.047607421875,-0.04736328125,-0.05078125,0.044677734375,0.0068359375,-0.0771484375,-0.024658203125,-0.03515625,-0.090576171875,0.0380859375,0.1044921875,-0.080078125,-0.142822265625,0.0537109375,0.08837890625,-0.0947265625,-0.070068359375,0.057861328125,-0.01171875,-0.060546875,0.0048828125,-0.002685546875,-0.03369140625,0.040283203125,0.036376953125,-0.050537109375,-0.005859375,0.021728515625,-0.015380859375,0.065185546875,0.06640625,-0.10205078125,-0.08740234375,0.0986328125,0.050537109375,-0.105224609375,-0.006103515625,0.0673828125,-0.0283203125,-0.013916015625,0.018798828125,-0.051513671875,-0.022705078125,0.078857421875,-0.01708984375,-0.106689453125,0.0458984375,0.056396484375,-0.094970703125,-0.0302734375,0.062744140625,-0.055908203125,-0.104736328125,0.040283203125,0.03564453125,-0.08984375,-0.02392578125,0.02880859375,-0.050537109375,-0.044189453125,-0.01806640625,-0.0673828125,-0.026611328125,0.07177734375,-0.024169921875,-0.12255859375,0.021240234375,0.046630859375,-0.093994140625,-0.0234375,0.119140625,0.01220703125,-0.1298828125,0.002197265625,0.091064453125,-0.043701171875,-0.069580078125,0.01416015625,-0.00732421875,-0.04736328125,0.013916015625,0.013916015625,-0.0419921875,0.005615234375,0.02294921875,-0.048583984375,-0.010986328125,0.02490234375,-0.017333984375,0.01123046875,0.04833984375,-0.041259765625,-0.08154296875,0.03125,0.03125,-0.095458984375,0.017578125,0.111328125,-0.052490234375,-0.122802734375,0.05029296875,0.07666015625,-0.08447265625,-0.048828125,0.057861328125,-0.011474609375,0.00048828125,0.00048828125,-0.025390625,-0.023193359375,0.036376953125,-0.000244140625,-0.073486328125,0.015380859375,0.029052734375,-0.053955078125,0.0107421875,0.04150390625,-0.064697265625,0.03857421875,0.03857421875,-0.0419921875,-0.105224609375,0.0595703125,0.06787109375,-0.12451171875,-0.08349609375,0.06787109375,0.008544921875,-0.07763671875,0.015869140625,0.04248046875,-0.070556640625,0.023681640625,0.023681640625,-0.024169921875,-0.013427734375,0.035400390625,-0.0224609375,-0.07080078125,0.015869140625,0.02197265625,-0.05615234375,0.0078125,0.045166015625,-0.042236328125,-0.03271484375,-0.027099609375,-0.027099609375,-0.019775390625,0.070068359375,-0.0048828125,-0.115478515625,0.024658203125,0.099365234375,-0.034912109375,-0.061767578125,0.0458984375,0.021728515625,-0.06201171875,0.00732421875,-0.046875,0.010498046875,0.010498046875,0.03662109375,-0.04931640625,-0.029541015625,0.02490234375,-0.052490234375,-0.07958984375,0.08447265625,0.076416015625,-0.137939453125,-0.08935546875,0.027099609375,-0.109130859375,-0.0341796875,-0.0341796875,0.036376953125,-0.041015625,-0.03466796875,-0.0048828125,-0.03857421875,0.007080078125,0.034912109375,-0.064453125,-0.080810546875,0.024169921875,-0.05908203125,0.023193359375,0.017333984375,0.017333984375,-0.07763671875,-0.00341796875,0.042724609375,-0.063232421875,-0.050537109375,0.102783203125,0.0361328125,-0.14111328125,-0.03662109375,0.095458984375,-0.0478515625,-0.01123046875,-0.02099609375,-0.02099609375,-0.0205078125,0.039306640625,-0.013916015625,-0.08154296875,0.033447265625,0.05712890625,-0.06689453125,-0.034912109375,0.045166015625,-0.020751953125,-0.0478515625,0.01416015625,-0.076416015625,0.012451171875,0.012451171875,0.025146484375,-0.070556640625,-0.00146484375,0.080322265625,-0.0439453125,-0.12158203125,0.02978515625,0.06103515625,-0.062744140625,0.025146484375,-0.027587890625,-0.0322265625,-0.0322265625,-0.00634765625,-0.055908203125,-0.04150390625,0.0732421875,0.010009765625,-0.105224609375,0.002197265625,0.046142578125,-0.022216796875,0.06005859375,-0.031982421875,-0.10595703125,-0.10595703125,0.036376953125,0.05419921875,-0.076171875,-0.021484375,0.051513671875,-0.041259765625,-0.075439453125,0.016357421875,-0.047119140625,0.01708984375,0.010009765625,0.010009765625,-0.087646484375,-0.010986328125,0.052734375,-0.039306640625,-0.04736328125,0.0419921875,-0.00244140625,-0.068359375,0.014892578125,-0.104248046875,0.004638671875,0.1044921875,0.1044921875,-0.04931640625,-0.125732421875,0.0322265625,0.055908203125,-0.064697265625,-0.026123046875,0.009033203125,-0.043701171875,0.021484375,-0.0791015625,-0.03515625,0.11376953125,0.11376953125,0.02099609375,-0.156982421875,-0.021484375,0.1025390625,-0.00244140625,-0.039306640625,0.00830078125,-0.02734375,0.02880859375,-0.031982421875,-0.08056640625,0.065185546875,0.065185546875,0.05859375,-0.10986328125,-0.0654296875,0.032470703125,-0.027587890625,-0.033935546875,0.074462890625,-0.137939453125,-0.00732421875,0.074462890625,-0.0419921875,-0.0419921875,-0.059814453125,0.006591796875,-0.020751953125,-0.030517578125,0.036865234375,-0.03369140625,-0.099609375,0.051025390625,-0.1083984375,-0.119384765625,0.053466796875,0.0595703125,-0.046630859375,-0.015869140625,-0.015869140625,-0.01318359375,-0.055908203125,0.04296875,0.04638671875,-0.081787109375,-0.03515625,0.111328125,-0.103759765625,-0.015625,0.021484375,-0.0380859375,0.0322265625,0.054931640625,0.054931640625,-0.083740234375,-0.080322265625,0.085693359375,0.045654296875,-0.1201171875,-0.02587890625,0.09228515625,-0.078125,0.005126953125,0.010498046875,-0.024169921875,0.02099609375,0.02099609375,-0.010986328125,-0.089111328125,0.001220703125,0.0439453125,-0.035400390625,-0.00390625,0.03125,-0.043701171875,0.035400390625,-0.047119140625,-0.110107421875,0.07080078125,0.09375,-0.141845703125,-0.141845703125,-0.1357421875,0.0859375,0.0751953125,-0.095947265625,-0.056884765625,0.0361328125,-0.01318359375,-0.00830078125,-0.040771484375,0.01416015625,0.05029296875,-0.045654296875,-0.069580078125,-0.069580078125,0.04443359375,0.01416015625,-0.084228515625,0.01318359375,0.053466796875,-0.05224609375,0.029296875,-0.038818359375,-0.046630859375,0.07568359375,0.02099609375,-0.124267578125,-0.015869140625,-0.015869140625,0.08935546875,-0.0224609375,-0.06689453125,0.046142578125,0.0419921875,-0.0712890625,0.014892578125,-0.026611328125,0.01513671875,0.0078125,-0.06494140625,-0.01904296875,0.037353515625,0.037353515625,-0.063720703125,-0.088134765625,0.08154296875,0.052001953125,-0.14697265625,-0.07275390625,0.029052734375,-0.084716796875,-0.016845703125,0.029541015625,-0.043212890625,-0.01318359375,0.007568359375,-0.04833984375,-0.04833984375,0.006103515625,0.04638671875,-0.04296875,-0.071044921875,0.010498046875,-0.031005859375,0.051025390625,0.0009765625,-0.115234375,-0.001220703125,0.08154296875,0.08154296875,-0.052734375,-0.0869140625,0.0498046875,0.035888671875,-0.058837890625,0.026611328125,-0.08056640625,0.0263671875,0.108154296875,-0.058837890625,-0.149658203125,0.049072265625,0.10107421875,0.10107421875,-0.0751953125,-0.072265625,0.02294921875,-0.011474609375,-0.0361328125,-0.0361328125,-0.025146484375,0.066162109375,0.0107421875,-0.106689453125,-0.00732421875,0.038818359375,0.038818359375,-0.046875,-0.0029296875,0.051025390625,-0.04345703125,0.0478515625,-0.012939453125,-0.086669921875,0.068359375,0.082275390625,-0.114990234375,-0.099853515625,0.0693359375,0.0693359375,0.02099609375,-0.101318359375,-0.012939453125,0.045166015625,-0.037353515625,0.02978515625,-0.01171875,-0.029052734375,0.032470703125,-0.005615234375,-0.080078125,0.01025390625,0.01025390625,0.040283203125,-0.04052734375,-0.00732421875,-0.048583984375,-0.036376953125,0.044189453125,-0.022216796875,-0.07666015625,0.0546875,0.04833984375,-0.095947265625,-0.095947265625,-0.038330078125,0.033203125,-0.038818359375,-0.0341796875,0.02734375,-0.128662109375,-0.0166015625,0.10009765625,-0.021240234375,-0.076171875,0.02392578125,0.031005859375,0.031005859375,-0.040771484375,-0.012939453125,-0.001708984375,-0.03076171875,0.010009765625,-0.103271484375,-0.02978515625,0.05078125,-0.03955078125,-0.058349609375,0.045166015625,-0.00732421875,-0.082763671875,-0.082763671875,0.032470703125,0.021484375,-0.091064453125,0.01220703125,-0.03955078125,-0.155517578125,0.02783203125,0.11669921875,-0.043212890625,-0.068603515625,0.02197265625,0.002685546875,-0.03173828125,-0.03173828125,-0.010986328125,-0.029541015625,-0.034423828125,0.04345703125,-0.08837890625,0.0146484375,0.031982421875,-0.07275390625,-0.0283203125,0.05712890625,-0.015380859375,-0.058837890625,0.0380859375,-0.00537109375,-0.00537109375,-0.0810546875,0.0556640625,0.0791015625,-0.094970703125,0.07861328125,0.044677734375,-0.09765625,-0.014404296875,0.06494140625,-0.0390625,-0.059326171875,-0.004638671875,-0.0078125,-0.0078125,0.001708984375,0.029052734375,-0.035888671875,0.05224609375,0.014404296875,-0.099365234375,0.005615234375,0.07666015625,-0.0400390625,-0.06884765625,0.033203125,-0.001220703125,-0.06689453125,-0.06689453125,0.044677734375,0.04541015625,-0.1142578125,0.078369140625,0.044921875,-0.064697265625,-0.03125,0.002685546875,-0.036376953125,0.017578125,0.01025390625,-0.063720703125,0.006103515625,0.006103515625,0.062255859375,-0.048828125,-0.087158203125,0.01416015625,-0.076416015625,0.019287109375,0.044189453125,-0.061767578125,-0.019287109375,0.027587890625,-0.06396484375,-0.047607421875,0.08984375,0.00439453125,0.00439453125,-0.146240234375,0.07958984375,-0.046142578125,-0.055419921875,0.031005859375,-0.011962890625,-0.064453125,0.03369140625,0.010986328125,-0.092529296875,0.00537109375,0.07080078125,-0.058837890625,-0.058837890625,-0.091552734375,0.020263671875,-0.0390625,0.0224609375,0.00830078125,-0.075927734375,-0.0107421875,0.00341796875,-0.0546875,0.0205078125,0.08251953125,0.08251953125,-0.052001953125,0.05712890625,0.07275390625,-0.080078125,-0.03369140625,0.061767578125,-0.0126953125,-0.05419921875,0.02880859375,0.017578125,-0.043212890625,0.02197265625,0.02197265625,0.010498046875,-0.003173828125,0.046630859375,-0.029052734375,-0.02001953125,0.05078125,-0.02587890625,-0.077880859375,0.033203125,-0.012451171875,-0.112060546875,0.03955078125,0.03955078125,-0.059326171875,-0.17822265625,0.025146484375,0.107177734375,-0.069580078125,-0.088623046875,0.02978515625,0.016357421875,-0.03369140625,-0.033447265625,-0.048828125,-0.03125,-0.03125,-0.012451171875,-0.107177734375,0.006591796875,0.041748046875,-0.056396484375,-0.014892578125,0.053466796875,-0.03662109375,-0.068603515625,0.033935546875,-0.001953125,-0.001953125,0.063232421875,0.05908203125,-0.116943359375,-0.069580078125,0.09521484375,0.029541015625,-0.10009765625,0.0,0.06298828125,-0.0390625,-0.03466796875,0.006103515625,0.006103515625,0.005615234375,0.03466796875,-0.05126953125,-0.064697265625,0.061767578125,0.0146484375,-0.08935546875,0.02392578125,0.06201171875,-0.060791015625,-0.041748046875,0.03759765625,-0.046875,-0.083251953125,0.071533203125,0.045654296875,-0.13671875,-0.05029296875,0.103759765625,0.005859375,-0.101806640625,-0.00927734375,0.032958984375,-0.050048828125,-0.020751953125,0.002685546875,-0.055419921875,-0.002197265625,0.042724609375,-0.033447265625,-0.06103515625,-0.00732421875,-0.02490234375,-0.017578125,0.0810546875,0.000244140625,-0.12158203125,0.0107421875,0.08349609375,-0.058837890625,-0.073486328125,0.06103515625,0.024169921875,-0.068115234375,0.02099609375,0.0126953125,-0.067626953125,0.0361328125,0.08642578125,-0.076416015625,-0.134521484375,0.0703125,0.111572265625,-0.07177734375,-0.063720703125,0.033935546875,-0.005615234375,-0.040771484375,-0.00732421875,-0.02197265625,-0.031982421875,0.04638671875,0.010498046875,-0.09716796875,-0.02783203125,0.009765625,-0.040771484375,0.011474609375,0.03955078125,-0.07373046875,-0.091796875,0.079833984375,0.0478515625,-0.126953125,-0.041259765625,0.089111328125,-0.002197265625,-0.073974609375,-0.005859375,0.0029296875,-0.02490234375,0.03955078125,0.004150390625,-0.08447265625,0.00439453125,0.0244140625,-0.05322265625,0.011962890625,0.076904296875,-0.05810546875,-0.11279296875,0.0771484375,0.06103515625,-0.10888671875,-0.01171875,0.1015625,-0.022216796875,-0.09814453125,0.002685546875,0.023193359375,-0.026123046875,0.033447265625,0.006103515625,-0.08203125,-0.005615234375,0.012451171875,-0.050048828125,0.004638671875,0.051025390625,-0.09130859375,-0.09130859375,0.069580078125,0.017333984375,-0.107666015625,0.010498046875,0.060302734375,-0.07421875,-0.06494140625,0.06103515625,-0.004638671875,-0.081298828125,0.03857421875,0.0234375,-0.01416015625,-0.01416015625,0.0361328125,-0.050048828125,-0.031005859375,0.08349609375,-0.006103515625,-0.140869140625,0.010986328125,0.092529296875,-0.04150390625,-0.05517578125,0.0419921875,-0.02734375,-0.02734375,0.0087890625,-0.032958984375,-0.0615234375,0.07080078125,0.0498046875,-0.102294921875,-0.04150390625,0.052490234375,-0.032470703125,-0.053466796875,0.07080078125,-0.13037109375,-0.13037109375,0.004638671875,0.088623046875,-0.052734375,-0.068115234375,0.066650390625,0.01953125,-0.108642578125,-0.0234375,0.040283203125,-0.016845703125,-0.000732421875,-0.000732421875,-0.069580078125,-0.0146484375,0.049072265625,-0.052978515625,-0.084228515625,0.065185546875,0.0205078125,-0.111083984375,-0.0078125,0.025390625,-0.00439453125,0.084228515625,0.084228515625,-0.048095703125,-0.120361328125,0.0751953125,0.09521484375,-0.08837890625,-0.05712890625,0.064453125,0.0048828125,-0.073486328125,-0.01318359375,-0.02197265625,0.0322265625,0.0322265625,-0.008544921875,-0.08740234375,0.013916015625,0.043701171875,-0.058837890625,-0.02685546875,0.070068359375,-0.009765625,-0.07763671875,0.0380859375,-0.09033203125,0.042724609375,0.042724609375,0.109130859375,-0.067138671875,-0.1435546875,0.048095703125,0.09423828125,-0.077392578125,-0.0712890625,0.0302734375,-0.008544921875,-0.004150390625,-0.017822265625,-0.017822265625,-0.04833984375,0.02392578125,0.017822265625,-0.093505859375,-0.0302734375,0.044921875,-0.00927734375,-0.021240234375,0.00390625,-0.032470703125,-0.029052734375,-0.007080078125,-0.08837890625,0.04541015625,0.04541015625,0.060791015625,-0.087890625,-0.0576171875,0.041259765625,-0.02490234375,-0.058837890625,0.058837890625,0.01318359375,-0.120849609375,0.008056640625,-0.039306640625,-0.05712890625,0.045654296875,0.045654296875,0.02197265625,-0.061767578125,0.00927734375,0.001708984375,-0.063720703125,0.032470703125,0.054443359375,-0.07275390625,-0.064208984375,0.05712890625,-0.067138671875,0.015380859375,0.001953125,0.001953125,-0.067138671875,0.023681640625,-0.0029296875,-0.11865234375,-0.007080078125,0.142578125,-0.021728515625,-0.196044921875,0.008544921875,0.13330078125,-0.068115234375,-0.02197265625,-0.019287109375,-0.019287109375,-0.004150390625,0.031494140625,-0.049072265625,-0.09619140625,0.06201171875,0.076416015625,-0.096435546875,-0.071533203125,0.048828125,0.030029296875,0.006591796875,-0.031494140625,-0.05712890625,-0.05712890625,0.062255859375,0.015625,-0.104248046875,0.0107421875,0.086181640625,-0.039306640625,-0.064208984375,0.047119140625,-0.01123046875,0.07177734375,0.06787109375,-0.1396484375,-0.096435546875,-0.096435546875,0.102783203125,0.0537109375,-0.12255859375,-0.0380859375,0.074951171875,-0.024169921875,-0.041259765625,-0.01220703125,-0.04052734375,0.060302734375,-0.023681640625,-0.108154296875,0.016357421875,0.016357421875,0.044921875,-0.065185546875,-0.011962890625,0.03466796875,-0.0390625,-0.029541015625,0.008056640625,-0.0546875,-0.04443359375,0.102294921875,-0.16748046875,-0.018310546875,0.114013671875,-0.01171875,-0.01171875,-0.077392578125,0.0126953125,0.02001953125,-0.02978515625,0.021728515625,-0.0263671875,-0.07861328125,0.068359375,-0.092529296875,-0.047119140625,0.07177734375,-0.017578125,-0.017578125,-0.0888671875,0.06201171875,0.040771484375,-0.128173828125,-0.02783203125,0.09130859375,-0.01416015625,0.01025390625,0.0224609375,-0.050048828125,0.0048828125,-0.00927734375,-0.00927734375,-0.069091796875,0.030029296875,0.046875,-0.08154296875,-0.066162109375,0.050537109375,-0.0166015625,0.0400390625,0.031494140625,-0.07861328125,0.0009765625,0.023193359375,0.023193359375,-0.0859375,-0.033447265625,0.102783203125,-0.00390625,-0.146728515625,0.006103515625,-0.03564453125,-0.050048828125,0.016357421875,-0.00830078125,-0.050537109375,-0.050537109375,0.007568359375,0.007568359375,-0.082275390625,0.023681640625,0.0751953125,-0.0615234375,-0.0947265625,0.01953125,-0.026611328125,-0.002197265625,-0.010009765625,-0.05322265625,0.02490234375,0.02490234375,-0.003173828125,-0.08642578125,0.0205078125,0.09033203125,-0.061767578125,-0.12939453125,0.06787109375,-0.107666015625,-0.050537109375,0.0693359375,-0.00390625,-0.05859375,-0.05859375,0.007568359375,0.000244140625,-0.039306640625,0.03369140625,0.005615234375,-0.091064453125,0.0400390625,-0.046875,-0.013671875,0.052490234375,-0.0302734375,-0.067626953125,-0.067626953125,0.04931640625,-0.0224609375,-0.107177734375,0.072998046875,0.109619140625,-0.103759765625,-0.121826171875,0.078369140625,-0.09375,-0.00439453125,0.061279296875,-0.052490234375,-0.044677734375,0.02734375,-0.020263671875,-0.051025390625,-0.051025390625,0.026611328125,0.013427734375,-0.076171875,-0.00341796875,0.029541015625,-0.033935546875,-0.0009765625,-0.034912109375,-0.03076171875,0.022705078125,-0.03466796875,-0.0458984375,0.073486328125,-0.0029296875,-0.134521484375,-0.134521484375,0.004638671875,0.088623046875,-0.048095703125,-0.0693359375,0.069091796875,0.01611328125,-0.116943359375,0.050048828125,-0.050048828125,-0.023681640625,0.03466796875,-0.0205078125,-0.03564453125,0.038818359375,-0.0400390625,-0.096923828125,-0.096923828125,0.09130859375,0.106689453125,-0.122314453125,-0.115966796875,0.087890625,0.06982421875,-0.042236328125,0.053466796875,-0.017578125,-0.014404296875,-0.00048828125,-0.038818359375,0.001708984375,0.052001953125,-0.0390625,-0.0390625,-0.092529296875,0.038818359375,0.0263671875,-0.068115234375,0.024169921875,0.024658203125,-0.02587890625,0.056640625,-0.052001953125,-0.09130859375,0.09375,0.065673828125,-0.153564453125,-0.08251953125,0.07666015625,0.07666015625,0.026123046875,-0.0615234375,-0.019775390625,0.000732421875,-0.030517578125,0.029052734375,-0.090087890625,0.023193359375,0.063720703125,-0.057373046875,-0.05908203125,0.046630859375,-0.005859375,-0.07861328125,0.028564453125,0.02001953125,0.02001953125,-0.073486328125,0.017578125,0.037353515625,-0.076416015625,-0.039306640625,0.10205078125,-0.158935546875,-0.01904296875,0.11181640625,-0.013427734375,-0.081298828125,0.010986328125,0.042236328125,-0.040283203125,-0.040283203125,-0.040283203125,-0.02001953125,-0.015625,-0.001953125,-0.081787109375,0.0029296875,0.03173828125,-0.07421875,-0.051025390625,0.090087890625,0.006591796875,0.006591796875,-0.135986328125,0.015380859375,0.101806640625,-0.046630859375,0.0380859375,0.021728515625,-0.073486328125,-0.001708984375,0.030517578125,-0.04345703125,0.003662109375,0.01416015625,0.01416015625,-0.066650390625,-0.034423828125,0.042724609375,-0.052001953125,0.04541015625,0.005126953125,-0.085693359375,0.022705078125,0.018798828125,-0.10400390625,-0.0126953125,0.126220703125,0.126220703125,-0.008056640625,-0.157470703125,0.02099609375,-0.0556640625,-0.07080078125,0.01806640625,0.000732421875,-0.018798828125,0.03515625,-0.024658203125,-0.09228515625,0.037353515625,0.037353515625,0.05615234375,-0.099609375,0.0439453125,0.01171875,-0.023681640625,-0.00146484375,-0.03662109375,-0.05908203125,0.04345703125,-0.00732421875,-0.087890625,-0.087890625,0.048828125,0.07421875,-0.068603515625,0.0390625,-0.03271484375,-0.072021484375,0.088134765625,0.05126953125,-0.1376953125,-0.04541015625,0.104248046875,0.00732421875,0.00732421875,-0.100341796875,-0.001953125,-0.056640625,-0.02099609375,0.025146484375,-0.03173828125,-0.013427734375,0.037109375,-0.0244140625,-0.078125,0.0244140625,0.039306640625,0.039306640625,-0.03662109375,0.015869140625,0.013427734375,-0.021240234375,0.033203125,-0.052978515625,-0.055419921875,0.077392578125,0.012939453125,-0.11083984375,0.01318359375,0.027587890625,-0.09912109375,-0.09912109375,-0.013916015625,0.12158203125,-0.16259765625,0.017333984375,0.09619140625,-0.060302734375,-0.063232421875,0.01416015625,-0.017333984375,-0.014892578125,0.02294921875,-0.04150390625,-0.05859375,0.071044921875,0.071044921875,0.023681640625,-0.121337890625,0.05322265625,-0.034423828125,-0.023681640625,0.036376953125,-0.0341796875,-0.062255859375,0.0615234375,-0.006591796875,-0.122314453125,0.0498046875,0.12646484375,0.12646484375,-0.084716796875,-0.152099609375,0.10888671875,-0.0732421875,-0.062744140625,0.032958984375,0.00048828125,-0.008056640625,-0.02001953125,-0.057373046875,-0.00830078125,0.069091796875,-0.020263671875,-0.020263671875,-0.095458984375,0.042236328125,-0.087890625,-0.00927734375,0.053466796875,-0.039306640625,-0.0439453125,0.041259765625,-0.02880859375,-0.080078125,0.072998046875,0.05224609375,-0.127685546875,-0.050537109375,-0.050537109375,0.093994140625,-0.09375,0.011962890625,0.060546875,-0.0625,-0.03955078125,0.025146484375,-0.021240234375,-0.008544921875,0.02978515625,-0.015625,-0.050048828125,0.00146484375,0.00146484375,-0.02978515625,0.0712890625,0.025634765625,-0.11669921875,-0.023193359375,0.0888671875,-0.023193359375,-0.087646484375,0.037353515625,0.021484375,-0.0771484375,0.01318359375,0.014404296875,0.014404296875,-0.078857421875,0.0966796875,-0.052001953125,-0.173583984375,0.027587890625,0.12841796875,-0.055419921875,-0.092041015625,0.021484375,0.03076171875,-0.02587890625,-0.020263671875,-0.0390625,-0.051025390625,0.06494140625,0.042724609375,0.042724609375,-0.024658203125,0.033447265625,-0.037109375,-0.015625,0.04052734375,-0.041015625,-0.080078125,0.06884765625,0.029052734375,-0.1025390625,0.01220703125,0.068115234375,-0.0556640625,-0.060546875,0.033935546875,0.033935546875,-0.046142578125,0.09619140625,0.017822265625,-0.155517578125,-0.011962890625,0.11181640625,-0.03076171875,-0.09130859375,0.060302734375,0.0595703125,-0.09716796875,-0.03759765625,0.025390625,-0.022216796875,0.01611328125,0.01611328125,-0.063232421875,-0.06005859375,0.040771484375,-0.0166015625,-0.0693359375,0.050048828125,0.021728515625,-0.0830078125,0.01513671875,0.04443359375,-0.087646484375,-0.06298828125,0.103271484375,0.016845703125,-0.175048828125,-0.175048828125,0.126953125,-0.0126953125,-0.112060546875,-0.005859375,0.045166015625,-0.03955078125,-0.019775390625,0.003173828125,-0.0205078125,0.047119140625,0.023193359375,-0.087890625,-0.034912109375,0.056396484375,-0.014892578125,-0.060302734375,0.048095703125,0.023681640625,-0.073486328125,0.020263671875,0.00048828125,-0.116455078125,0.00048828125,0.138916015625,-0.01806640625,-0.177978515625,0.02001953125,0.130859375,-0.0576171875,-0.093994140625,0.03125,0.027587890625,-0.037353515625,-0.00634765625,-0.001953125,-0.033447265625,0.036376953125,-0.005859375,-0.11279296875,-0.004150390625,0.054443359375,-0.046630859375,-0.0419921875,0.04052734375,-0.023193359375,-0.07568359375,0.0390625,-0.00927734375,-0.1162109375,0.0380859375,0.114990234375,-0.077880859375,-0.14794921875,0.048583984375,0.097412109375,-0.0634765625,-0.058349609375,0.0087890625,-0.014404296875,0.01318359375,0.01123046875,-0.0546875,-0.0546875,0.070068359375,0.027587890625,-0.109130859375,-0.019287109375,0.05126953125,-0.02587890625,-0.016357421875,0.0166015625,-0.028076171875,-0.019775390625,0.049072265625,-0.0283203125,-0.07763671875,0.071044921875,0.052734375,-0.085693359375,-0.021240234375,0.03564453125,-0.053466796875,-0.032958984375,0.088623046875,-0.005859375,-0.130615234375,0.022216796875,0.06884765625,-0.07177734375,-0.04931640625,0.04638671875,-0.076904296875,0.01953125,0.01953125,0.021240234375,-0.0615234375,0.01806640625,0.029052734375,-0.075927734375,-0.043212890625,0.048583984375,-0.005126953125,-0.0537109375,0.036376953125,-0.00146484375,-0.093505859375,0.02490234375,0.0400390625,-0.08984375,-0.02392578125,0.10302734375,-0.0166015625,-0.149658203125,0.020263671875,0.090576171875,-0.06982421875,-0.060791015625,0.057373046875,0.02490234375,-0.0517578125,-0.00927734375,-0.027099609375,0.064697265625,0.035888671875,-0.121826171875,-0.121826171875,-0.07373046875,0.1396484375,0.0966796875,-0.133544921875,-0.14404296875,0.091552734375,0.116943359375,-0.125,-0.11474609375,0.0966796875,0.056884765625,-0.0927734375,-0.03466796875,0.018798828125,-0.0703125,-0.036865234375,0.094970703125,0.000244140625,-0.140380859375,-0.000244140625,0.09716796875,-0.062255859375,-0.119873046875,0.043212890625,0.101806640625,-0.034912109375,-0.095947265625,0.015380859375,-0.012451171875,-0.134521484375,-0.017333984375,0.095458984375,-0.0537109375,-0.0537109375,-0.103515625,0.0185546875,0.00830078125,-0.04248046875,0.046875,-0.019287109375,-0.165283203125,0.042236328125,0.196044921875,-0.087158203125,-0.215087890625,0.1103515625,0.21240234375,-0.116455078125,-0.1796875,0.070556640625,0.0537109375,-0.058837890625,-0.0009765625,-0.01953125,-0.1162109375,-0.006103515625,0.115966796875,-0.09619140625,0.094970703125,0.049072265625,-0.12255859375,-0.035888671875,0.066162109375,0.066162109375,-0.026123046875,0.001220703125,0.099365234375,-0.06201171875,-0.108154296875,0.099365234375,0.04833984375,-0.127197265625,-0.015625,0.11865234375,-0.019775390625,-0.087646484375,0.021484375,-0.02392578125,-0.011962890625,0.060791015625,-0.071044921875,-0.087890625,0.12353515625,0.09423828125,-0.159423828125,-0.041259765625,0.202392578125,-0.01171875,0.023681640625,0.1162109375,-0.0166015625,-0.023681640625,0.011474609375,-0.08349609375,-0.046142578125,-0.046142578125,0.05859375,-0.085693359375,-0.09912109375,0.096435546875,0.017822265625,-0.1484375,-0.029052734375,0.060302734375,-0.090087890625,-0.044189453125,0.080078125,-0.078857421875,-0.072998046875,0.13623046875,0.008544921875,-0.203125,-0.001708984375,0.173095703125,-0.09228515625,-0.18017578125,0.08837890625,0.07177734375,-0.020263671875,0.029052734375,-0.083251953125,-0.04296875,0.082275390625,-0.028564453125,-0.0546875,0.09765625,0.0224609375,-0.083251953125,0.013427734375,0.026123046875,-0.052490234375,-0.052490234375,0.053955078125,0.093505859375,-0.106201171875,-0.0478515625,0.1552734375,-0.033935546875,-0.1748046875,0.0732421875,0.13671875,-0.116455078125,-0.11572265625,0.093017578125,0.005859375,-0.06640625,0.042724609375,-0.03857421875,-0.1044921875,0.056396484375,0.08837890625,-0.1025390625,-0.053955078125,0.10888671875,-0.124267578125,0.03173828125,0.003662109375,-0.068603515625,0.041015625,0.01318359375,-0.15380859375,-0.041259765625,0.104248046875,-0.087158203125,-0.087158203125,-0.1025390625,0.09033203125,-0.014404296875,-0.1181640625,0.04541015625,0.064697265625,-0.14013671875,-0.037353515625,0.170166015625,-0.02685546875,-0.157958984375,0.03955078125,0.07958984375,-0.060791015625,-0.021484375,0.040283203125,-0.0673828125,-0.0322265625,0.089599609375,-0.046630859375,0.08642578125,0.029296875,-0.113037109375,-0.00537109375,0.087158203125,-0.058349609375,-0.01708984375,0.102783203125,-0.076904296875,-0.10986328125,0.096435546875,0.0341796875,0.0341796875,-0.13525390625,0.02490234375,0.13916015625,-0.100830078125,-0.136474609375,0.087158203125,0.01123046875,-0.091796875,0.05224609375,0.041015625,-0.12255859375,-0.032470703125,0.11474609375,-0.0712890625,-0.11328125,0.089599609375,0.015869140625,0.00048828125,0.05078125,-0.068115234375,-0.005615234375,0.067626953125,-0.104736328125,-0.0751953125,0.114501953125,-0.0146484375,-0.115966796875,0.04833984375,0.04345703125,-0.1103515625,-0.00537109375,-0.00537109375,0.095703125,-0.112060546875,-0.076904296875,0.15625,0.003173828125,-0.171630859375,0.013916015625,0.1064453125,-0.0703125,-0.037353515625,0.0927734375,-0.059814453125,-0.09375,0.07470703125,-0.00244140625,-0.10009765625,0.068603515625,-0.118408203125,-0.043212890625,0.100830078125,-0.07080078125,-0.07470703125,0.102783203125,-0.020263671875,-0.126220703125,0.058349609375,0.0771484375,-0.133544921875,-0.02734375,0.153076171875,-0.066162109375,-0.066162109375,-0.156982421875,0.07080078125,0.068115234375,-0.08642578125,0.001220703125,0.067138671875,-0.093994140625,-0.0556640625,0.100830078125,-0.043701171875,-0.1025390625,0.08740234375,0.04541015625,-0.132080078125,0.12158203125,-0.052001953125,-0.0830078125,0.072509765625,-0.0146484375,-0.0693359375,0.0732421875,0.02197265625,-0.142578125,0.003173828125,0.15771484375,-0.087890625,-0.179443359375,0.08544921875,0.08935546875,-0.1005859375,-0.1005859375,-0.04541015625,0.048095703125,-0.05810546875,-0.061767578125,0.049072265625,-0.05224609375,-0.064697265625,0.07958984375,-0.017822265625,-0.11767578125,0.017822265625,0.0458984375,-0.09130859375,-0.006103515625,-0.09033203125,-0.0712890625,0.120361328125,-0.032470703125,-0.15234375,0.072265625,0.102783203125,-0.1396484375,-0.076416015625,0.13525390625,-0.0078125,-0.076904296875,0.08056640625,-0.0068359375,-0.11376953125,0.04736328125,0.087646484375,0.087646484375,-0.09765625,-0.015625,0.140869140625,-0.067626953125,-0.127685546875,0.0986328125,0.05126953125,-0.11767578125,0.00830078125,0.1025390625,-0.082763671875,-0.080810546875,0.0927734375,-0.112060546875,0.04150390625,0.03125,-0.088623046875,-0.013916015625,0.059326171875,-0.074462890625,-0.0400390625,0.08203125,-0.06103515625,-0.100341796875,0.0625,0.0078125,-0.115234375,0.02001953125,0.078857421875,-0.11279296875,-0.0712890625,-0.0712890625,0.109130859375,-0.0458984375,-0.118896484375,0.095947265625,0.078857421875,-0.1455078125,-0.084716796875,0.111083984375,-0.0009765625,-0.06298828125,-0.0283203125,-0.09765625,0.052001953125,0.06201171875,-0.10009765625,-0.01708984375,0.1259765625,-0.045166015625,-0.1123046875,0.0625,0.0224609375,-0.0537109375,0.0458984375,0.00732421875,-0.111572265625,0.0283203125,0.1220703125,-0.11669921875,-0.094970703125,0.149658203125,0.009033203125,0.009033203125,-0.177001953125,0.00390625,0.117919921875,-0.057373046875,-0.05224609375,0.0693359375,-0.062255859375,-0.083251953125,0.06494140625,-0.100341796875,0.0703125,0.0712890625,-0.130859375,-0.05029296875,0.101806640625,-0.072509765625,-0.079345703125,0.0908203125,-0.0244140625,-0.110595703125,0.0673828125,0.066162109375,-0.15234375,-0.02783203125,0.162353515625,-0.069580078125,-0.17138671875,0.0595703125,0.0712890625,-0.072998046875,-0.072998046875,-0.002685546875,0.04931640625,-0.09033203125,-0.0517578125,0.082763671875,-0.044677734375,-0.064208984375,0.102783203125,0.020263671875,-0.00048828125,0.0771484375,-0.081787109375,-0.02587890625,0.099853515625,-0.069580078125,-0.0869140625,0.10595703125,0.013916015625,-0.156982421875,0.024658203125,0.14111328125,-0.12109375,-0.1357421875,0.123779296875,0.03759765625,-0.11572265625,0.0107421875,0.051025390625,-0.076171875,-0.018798828125,0.068359375,0.068359375,-0.0712890625,-0.0439453125,0.098388671875,-0.048095703125,-0.115966796875,0.06689453125,0.047119140625,0.01220703125,0.099365234375,-0.10546875,-0.0673828125,0.1123046875,-0.064208984375,-0.14501953125,0.10400390625,0.10546875,-0.146728515625,-0.06982421875,0.13037109375,-0.031005859375,-0.089111328125,0.076904296875,-0.011962890625,-0.12060546875,0.026123046875,0.065185546875,-0.09521484375,-0.019775390625,0.099609375,-0.086181640625,-0.086181640625,-0.1025390625,0.084716796875,-0.00341796875,-0.09765625,0.052978515625,0.0361328125,-0.0107421875,0.142333984375,-0.090576171875,-0.135498046875,0.130126953125,0.070556640625,-0.15185546875,-0.052978515625,0.102783203125,-0.02001953125,-0.044921875,0.0546875,-0.060791015625,-0.080810546875,0.07958984375,0.01611328125,-0.114990234375,0.02392578125,0.10400390625,-0.087646484375,-0.082763671875,0.102294921875,-0.0009765625,-0.087890625,0.032470703125,0.032470703125,0.012451171875,-0.076416015625,0.0263671875,0.077392578125,-0.119873046875,0.16259765625,0.010498046875,-0.189453125,-0.0205078125,0.11083984375,-0.014892578125,-0.039306640625,0.034912109375,-0.069091796875,-0.064697265625,0.099365234375,-0.007080078125,-0.127197265625,0.04052734375,0.102783203125,-0.08740234375,-0.095703125,0.06201171875,-0.0107421875,-0.032470703125,0.0625,-0.0556640625,-0.110595703125,0.075439453125,0.07373046875,-0.14111328125,-0.14111328125,-0.048828125,0.138427734375,-0.056396484375,0.068359375,0.064453125,-0.09033203125,-0.000244140625,0.05859375,-0.09619140625,-0.0576171875,0.095703125,-0.0439453125,-0.078125,0.095458984375,0.000244140625,-0.14501953125,0.01611328125,0.10498046875,-0.08642578125,-0.06494140625,0.095458984375,-0.028076171875,-0.073486328125,0.070068359375,-0.02294921875,-0.138671875,0.056884765625,0.14404296875,-0.115966796875,-0.133544921875,0.123291015625,0.123291015625,0.0439453125,-0.094482421875,0.04345703125,-0.082763671875,-0.025146484375,0.0517578125,-0.056884765625,-0.009033203125,0.087890625,-0.083740234375,-0.111328125,0.078369140625,0.012939453125,-0.11474609375,0.03662109375,0.07080078125,-0.13232421875,-0.03857421875,0.133056640625,-0.080078125,-0.1435546875,0.119140625,0.085693359375,-0.17919921875,-0.073974609375,0.162353515625,-0.01123046875,-0.144287109375,0.029052734375,0.026123046875,0.026123046875,0.00048828125,0.051025390625,-0.07421875,-0.037841796875,0.08544921875,-0.052490234375,-0.104248046875,0.065185546875,0.030517578125,-0.07421875,0.010986328125,0.039306640625,-0.072265625,-0.019287109375,0.069580078125,-0.080322265625,-0.052001953125,0.15234375,0.010498046875,-0.175537109375,0.002685546875,0.12548828125,-0.07568359375,-0.08349609375,0.110595703125,-0.0029296875,-0.11279296875,0.037109375,0.0302734375,-0.079833984375,0.02685546875,0.0771484375,-0.0966796875,-0.056396484375,0.1259765625,-0.02587890625,-0.11669921875,0.064697265625,0.0234375,-0.1328125,-0.0048828125,0.114013671875,-0.06689453125,-0.072021484375,0.09130859375,-0.04541015625,-0.126708984375,0.05419921875,0.040283203125,-0.094482421875,0.00927734375,0.06396484375,-0.1025390625,-0.054443359375,0.08837890625,-0.063232421875,-0.07470703125,0.122802734375,0.01708984375,-0.171875,0.00341796875,0.147705078125,-0.093505859375,-0.133056640625,0.032958984375,0.032958984375,-0.111083984375,0.010498046875,0.054443359375,-0.078857421875,-0.03173828125,0.078369140625,-0.045166015625,-0.076171875,0.072021484375,0.001953125,-0.068359375,0.040771484375,0.024169921875,-0.084716796875,0.001953125,0.08251953125,-0.087646484375,-0.05322265625,0.1494140625,0.004150390625,-0.18505859375,-0.02783203125,0.1044921875,-0.027587890625,-0.039306640625,0.04931640625,-0.061767578125,0.0712890625,-0.019775390625,-0.019775390625,-0.097900390625,0.05078125,0.061767578125,-0.106689453125,-0.04150390625,0.08984375,-0.066162109375,-0.06591796875,0.087158203125,-0.03955078125,-0.116943359375,0.0771484375,0.076171875,-0.138671875,-0.015625,0.153564453125,-0.0869140625,-0.15283203125,0.0908203125,0.043212890625,-0.104248046875,0.025634765625,0.06689453125,-0.11279296875,-0.041748046875,0.10400390625,-0.069580078125,-0.08203125,0.11376953125,-0.148681640625,0.003662109375,0.003662109375,0.089111328125,-0.09521484375,-0.0537109375,0.080810546875,-0.061279296875,-0.079345703125,0.0830078125,-0.022216796875,-0.155029296875,0.04833984375,0.147216796875,-0.110595703125,-0.14013671875,0.0869140625,0.037109375,-0.055908203125,0.024169921875,-0.009033203125,-0.093505859375,0.021728515625,0.074951171875,-0.08740234375,-0.026123046875,0.11767578125,-0.04296875,-0.10693359375,0.059326171875,-0.08837890625,0.033935546875,0.07080078125,-0.1171875,-0.03955078125,-0.03955078125,0.13623046875,-0.058349609375,-0.15673828125,0.089111328125,0.11865234375,-0.125,-0.093017578125,0.09521484375,-0.009521484375,-0.073486328125,0.038330078125,-0.02685546875,-0.09228515625,0.042236328125,0.045166015625,-0.10791015625,-0.01171875,0.109619140625,-0.081787109375,-0.120849609375,0.078125,0.021484375,-0.10400390625,0.041259765625,-0.085205078125,-0.004150390625,0.088623046875,-0.114501953125,-0.107421875,0.150390625,0.05517578125,-0.176025390625,-0.046875,-0.046875,0.108642578125,-0.028076171875,-0.041259765625,0.06640625,-0.067138671875,-0.091796875,0.1025390625,0.036376953125,-0.1328125,0.013671875,0.127685546875,-0.072998046875,-0.104736328125,0.06396484375,-0.006591796875,-0.04541015625,0.073486328125,-0.0166015625,-0.13525390625,0.03662109375,0.138427734375,-0.079833984375,-0.097900390625,-0.000732421875,-0.107421875,0.0322265625,0.052734375,-0.082275390625,-0.01611328125,0.078857421875,0.078857421875,-0.0693359375,-0.09033203125,0.061767578125,-0.001708984375,-0.0732421875,0.016357421875,-0.00146484375,-0.077880859375,0.0185546875,0.062744140625,-0.1015625,-0.05224609375,0.111328125,-0.022216796875,-0.11767578125,0.034912109375,0.04443359375,-0.095947265625,0.0,0.122802734375,-0.072998046875,-0.145751953125,0.041748046875,-0.077880859375,0.00390625,0.049072265625,-0.071533203125,-0.047607421875,0.064208984375,-0.044921875,-0.05126953125,0.083740234375,-0.01025390625,-0.01025390625,-0.109130859375,0.02587890625,0.063720703125,-0.072021484375,-0.00537109375,0.08154296875,-0.086669921875,-0.085693359375,0.1123046875,0.00146484375,-0.154541015625,0.03466796875,0.12939453125,-0.107666015625,-0.132568359375,0.0830078125,0.030029296875,-0.05322265625,0.028564453125,-0.023681640625,-0.096435546875,0.0400390625,0.076904296875,-0.087646484375,-0.02294921875,0.109619140625,-0.04931640625,0.060546875,-0.0078125,-0.090087890625,0.062744140625,0.0615234375,-0.123046875,-0.0224609375,0.11767578125,-0.095703125,-0.128662109375,-0.128662109375,0.117919921875,0.05810546875,-0.150634765625,-0.023681640625,0.103515625,-0.06640625,-0.06005859375,0.08544921875,-0.041259765625,-0.1162109375,0.047119140625,0.0390625,-0.07470703125,0.027099609375,0.05908203125,-0.059326171875,0.09326171875,-0.0546875,-0.093017578125,-0.093017578125,0.0927734375,0.02587890625,-0.140625,0.001708984375,0.092529296875,-0.108154296875,0.131591796875,-0.01025390625,-0.15283203125,0.036376953125,0.112060546875,0.112060546875,-0.078125,-0.061279296875,0.09619140625,-0.020751953125,-0.098876953125,0.051513671875,-0.084228515625,0.001953125,0.05078125,-0.073974609375,-0.073974609375,-0.047119140625,0.0595703125,-0.041015625,-0.04345703125,0.0888671875,-0.02392578125,0.04248046875,0.10693359375,-0.095947265625,-0.075439453125,0.08935546875,0.08935546875,-0.01220703125,-0.063720703125,0.059814453125,-0.022705078125,-0.124755859375,0.06982421875,-0.134033203125,-0.140625,0.11328125,0.03515625,-0.112548828125,-0.112548828125,0.021484375,0.047607421875,-0.091064453125,-0.03271484375,0.052978515625,-0.04052734375,0.07861328125,-0.05126953125,-0.0947265625,0.06591796875,0.06591796875,0.013916015625,-0.10546875,0.0361328125,0.071533203125,-0.121826171875,0.134765625,-0.0478515625,-0.13720703125,0.09521484375,0.07666015625,-0.151611328125,-0.151611328125,-0.07080078125,0.099853515625,-0.0224609375,-0.04833984375,0.065673828125,-0.09228515625,0.06103515625,0.031494140625,-0.1103515625,0.01416015625,0.01416015625,0.115478515625,-0.06787109375,-0.091796875,0.078125,0.006103515625,0.024658203125,0.0107421875,-0.084716796875,0.021728515625,0.08837890625,-0.11376953125,-0.0927734375,-0.0927734375,0.137939453125,0.02783203125,-0.177490234375,-0.046630859375,0.092529296875,-0.016357421875,0.048828125,-0.06494140625,-0.0908203125,0.082763671875,0.025390625,-0.11767578125,0.01025390625,0.01025390625,0.1083984375,-0.052734375,-0.089599609375,0.042236328125,-0.01953125,-0.0322265625,-0.028564453125,-0.144287109375,0.041259765625,0.1240234375,-0.085205078125,-0.078369140625,0.080322265625,0.080322265625,-0.021240234375,-0.06884765625,0.060791015625,-0.026611328125,-0.113037109375,0.093505859375,-0.16748046875,-0.10791015625,0.157958984375,0.024169921875,-0.125732421875,0.024658203125,0.051025390625,0.051025390625,-0.0771484375,-0.0263671875,0.02783203125,-0.072509765625,0.007568359375,-0.079345703125,-0.09521484375,0.0791015625,0.001708984375,-0.104248046875,0.0478515625,0.0673828125,-0.115966796875,-0.115966796875,-0.025634765625,0.114501953125,-0.092529296875,-0.123046875,0.119140625,-0.17333984375,-0.048583984375,0.13232421875,-0.023681640625,-0.0830078125,0.0625,0.00146484375,-0.107666015625,-0.107666015625,0.005859375,0.0576171875,-0.0380859375,0.002685546875,-0.06884765625,-0.047119140625,0.072021484375,-0.0380859375,-0.07666015625,0.080078125,0.035400390625,-0.118896484375,0.005126953125,0.005126953125,0.111572265625,-0.10009765625,-0.111328125,0.11572265625,-0.1474609375,-0.017333984375,0.078125,-0.05419921875,-0.0361328125,0.053955078125,-0.071044921875,-0.07958984375,0.0771484375,-0.002197265625,-0.002197265625,-0.09912109375,0.042724609375,0.0517578125,-0.027099609375,0.083251953125,-0.0810546875,-0.069091796875,0.105224609375,-0.02783203125,-0.1396484375,0.059814453125,0.0771484375,0.0771484375,-0.143310546875,-0.037353515625,0.156982421875,-0.162353515625,0.058349609375,0.073486328125,-0.0927734375,-0.000732421875,0.09716796875,-0.061767578125,-0.078857421875,-0.078857421875,0.080810546875,0.007568359375,-0.071044921875,0.02001953125,-0.10205078125,0.00146484375,0.091796875,-0.0576171875,-0.057861328125,0.07275390625,-0.029052734375,-0.08349609375,-0.08349609375,0.05517578125,0.0107421875,-0.10302734375,0.095458984375,-0.12158203125,-0.122314453125,0.11474609375,0.037353515625,-0.1298828125,-0.00341796875,0.06640625,0.06640625,-0.0712890625,-0.064453125,0.044921875,-0.05029296875,0.04736328125,-0.030517578125,-0.08154296875,0.05029296875,0.03173828125,-0.094970703125,-0.000244140625,0.077392578125,0.077392578125,-0.075927734375,-0.06787109375,-0.02001953125,-0.138427734375,0.0546875,0.112060546875,-0.109619140625,-0.1162109375,0.081298828125,0.027587890625,-0.045654296875,-0.045654296875,0.0458984375,-0.0146484375,-0.114013671875,0.0966796875,-0.075439453125,-0.070068359375,0.10107421875,0.015380859375,-0.1025390625,-0.00244140625,0.010009765625,-0.033447265625,-0.033447265625,0.04736328125,0.028564453125,-0.042236328125,0.1142578125,-0.0244140625,-0.0849609375,0.047119140625,-0.005615234375,-0.0859375,0.0419921875,0.052978515625,-0.11865234375,-0.020751953125,-0.020751953125,0.142578125,-0.0576171875,0.050048828125,0.069580078125,-0.073974609375,-0.005615234375,0.051513671875,-0.084716796875,-0.050537109375,0.078125,-0.052490234375,-0.087646484375,0.080810546875,0.080810546875,0.034423828125,-0.103515625,0.045654296875,-0.08935546875,-0.016845703125,0.109130859375,-0.056884765625,-0.1005859375,0.095458984375,0.032470703125,-0.13818359375,0.009521484375,0.119140625,0.119140625,-0.0869140625,0.074462890625,0.01708984375,-0.075439453125,0.0458984375,0.03466796875,-0.129150390625,-0.0478515625,0.101318359375,-0.03759765625,-0.099853515625,0.060791015625,0.029296875,0.029296875,-0.09716796875,0.028564453125,-0.0478515625,0.01953125,0.07373046875,-0.087890625,-0.087890625,0.091552734375,0.0166015625,-0.099609375,0.016845703125,0.03271484375,-0.086181640625,-0.086181640625,0.002685546875,-0.091552734375,-0.116943359375,0.12060546875,0.06787109375,-0.156982421875,-0.050537109375,0.120361328125,-0.009521484375,-0.07470703125,0.048828125,-0.01171875,-0.090576171875,-0.090576171875,0.040771484375,-0.0712890625,0.00537109375,0.06201171875,-0.057373046875,-0.0498046875,0.0517578125,-0.052978515625,-0.068603515625,0.0986328125,0.01123046875,-0.13427734375,0.016845703125,0.016845703125,-0.11669921875,-0.072265625,0.135498046875,-0.023193359375,-0.172119140625,0.05126953125,0.1025390625,-0.1103515625,-0.04443359375,0.108154296875,-0.0537109375,-0.125732421875,0.071044921875,0.04345703125,0.04345703125,0.021240234375,0.029296875,-0.095703125,-0.017578125,0.07568359375,-0.05908203125,-0.04150390625,0.099853515625,-0.038330078125,-0.10791015625,0.089111328125,0.089111328125,-0.145263671875,-0.00830078125,0.15234375,-0.0478515625,-0.12890625,0.06494140625,0.03173828125,-0.072998046875,0.03515625,0.028564453125,-0.105712890625,-0.01220703125,-0.01220703125,-0.07373046875,-0.086181640625,0.08154296875,-0.01806640625,-0.113037109375,0.036865234375,0.03759765625,-0.098388671875,0.010009765625,0.09228515625,-0.0986328125,-0.08837890625,0.116455078125,-0.00634765625,-0.1416015625,0.061767578125,0.118896484375,-0.11669921875,-0.119384765625,0.083740234375,0.008056640625,-0.07177734375,0.044677734375,-0.0107421875,-0.127685546875,0.00927734375,0.102783203125,-0.08203125,-0.083984375,0.10546875,0.012939453125,-0.11767578125,0.010009765625,0.03466796875,-0.044677734375,0.036865234375,0.04541015625,-0.1064453125,-0.0283203125,0.1376953125,-0.037109375,-0.120361328125,0.0869140625,0.05859375,-0.13134765625,-0.029052734375,0.084228515625,-0.0498046875,-0.0224609375,0.0810546875,-0.082763671875,-0.1103515625,0.10302734375,0.02490234375,-0.144287109375,0.022705078125,0.109619140625,-0.08935546875,-0.061279296875,0.095703125,-0.0703125,-0.117919921875,0.11083984375,0.049560546875,-0.172607421875,-0.044189453125,0.10888671875,-0.065185546875,-0.084716796875,0.0869140625,-0.018798828125,-0.1396484375,0.03662109375,0.079833984375,-0.091064453125,-0.035400390625,0.093505859375,-0.043701171875,-0.1044921875,0.04345703125,0.01025390625,-0.05322265625,0.071044921875,0.042236328125,-0.1357421875,-0.03955078125,0.126708984375,-0.02783203125,-0.10302734375,0.055419921875,0.02294921875,-0.067626953125,0.0361328125,0.025390625,-0.111328125,0.011474609375,0.1455078125,-0.073486328125,-0.162841796875,0.093505859375,0.1044921875,-0.108154296875,-0.053466796875,0.077392578125,-0.03515625,-0.080322265625,0.041259765625,-0.019287109375,-0.07861328125,0.048095703125,0.01220703125,-0.1279296875,-0.030029296875,0.07568359375,-0.05517578125,-0.0751953125,0.057861328125,-0.021484375,0.042724609375,0.042724609375,-0.004638671875,-0.1123046875,0.045166015625,0.10888671875,-0.120361328125,-0.12109375,0.122802734375,0.032470703125,-0.131591796875,0.0283203125,0.0810546875,-0.055419921875,0.080078125,0.080078125,-0.015869140625,-0.04833984375,0.0703125,-0.014892578125,-0.08935546875,0.04736328125,0.034423828125,-0.071044921875,0.0283203125,0.051025390625,-0.11083984375,0.134033203125,-0.047119140625,-0.047119140625,-0.141357421875,0.09375,0.0703125,-0.1533203125,-0.05810546875,0.1015625,-0.0400390625,-0.07177734375,0.076171875,-0.030517578125,-0.12060546875,0.05859375,-0.0966796875,-0.0966796875
Prusa_B,-0.03125,-0.059814453125,-0.06787109375,-0.06396484375,-0.06396484375,-0.02783203125,0.078857421875,0.067138671875,0.041015625,-0.005126953125,-0.05322265625,-0.0673828125,-0.065673828125,-0.044921875,-0.00439453125,0.008056640625,0.008056640625,-0.021728515625,-0.014404296875,0.0087890625,0.046142578125,0.05517578125,0.02685546875,0.031982421875,-0.025146484375,-0.052978515625,-0.068115234375,-0.070556640625,-0.0419921875,0.0205078125,0.058349609375,0.056884765625,0.005615234375,-0.040771484375,-0.06005859375,-0.05712890625,-0.03466796875,-0.0411376953125,-0.03466796875,-0.0234375,-0.02978515625,-0.029052734375,-0.021728515625,0.00146484375,0.0361328125,0.015625,0.033935546875,0.062255859375,0.062255859375,0.02685546875,-0.021484375,-0.004150390625,-0.016845703125,-0.0693359375,-0.031494140625,-0.010009765625,-0.058349609375,0.00732421875,0.0344560546875,0.03076171875,0.023681640625,0.063232421875,0.01806640625,0.03125,0.011962890625,-0.045654296875,-0.04541015625,-0.076416015625,-0.076416015625,-0.02734375,-0.01025390625,-0.03271484375,0.00244140625,-0.00732421875,-0.03466796875,-0.0107421875,-0.01806640625,-0.015625,-0.00927734375,-0.014404296875,-0.0146484375,-0.0146484375,-0.0693359375,-0.073486328125,-0.012451171875,-0.005859375,-0.012939453125,0.015380859375,0.007080078125,0.011962890625,-0.01318359375,-0.07470703125,-0.004150390625,-0.004150390625,0.03271484375,0.00439453125,0.001953125,-0.0048828125,-0.048583984375,-0.017578125,0.02978515625,-0.005859375,0.0322265625,0.02783203125,0.029541015625,0.01806640625,0.01806640625,-0.02685546875,-0.031982421875,-0.001220703125,0.00048828125,0.006103515625,0.013671875,-0.013916015625,-0.0283203125,-0.041015625,-0.00048828125,0.018798828125,0.018798828125,0.012451171875,0.01123046875,-0.0126953125,-0.0224609375,-0.018798828125,-0.018798828125,0.01513671875,-0.022216796875,-0.044189453125,-0.06103515625,-0.051025390625,-0.016845703125,-0.016845703125,-0.02001953125,-0.029052734375,0.014404296875,0.027587890625,-0.03173828125,-0.0537109375,-0.024658203125,0.00146484375,-0.028076171875,-0.05859375,-0.029052734375,0.020751953125,-0.002685546875,-0.002685546875,-0.032470703125,-0.000732421875,0.053466796875,0.056640625,-0.01220703125,-0.03076171875,0.011474609375,-0.05029296875,-0.055908203125,-0.01220703125,0.000732421875,-0.04736328125,-0.072265625,-0.072265625,0.003173828125,0.0380859375,0.017578125,0.017822265625,0.0146484375,-0.002685546875,-0.01806640625,0.009521484375,-0.01708984375,-0.07080078125,-0.022216796875,0.029052734375,-0.0107421875,-0.0107421875,-0.0302734375,-0.015869140625,-0.00390625,0.007568359375,0.004150390625,-0.01416015625,0.000732421875,-0.0478515625,-0.031494140625,-0.0224609375,-0.0458984375,-0.02490234375,0.018310546875,0.018310546875,0.015625,0.0029296875,-0.00927734375,-0.029296875,-0.016357421875,-0.01123046875,-0.013916015625,-0.013427734375,-0.036376953125,-0.024169921875,0.01513671875,0.0078125,-0.02001953125,-0.02001953125,-0.0263671875,-0.029052734375,-0.008544921875,0.01806640625,0.00244140625,-0.014892578125,-0.014404296875,-0.00927734375,0.005126953125,-0.021484375,-0.015625,0.0078125,-0.023193359375,-0.023193359375,-0.04345703125,-0.028564453125,-0.017333984375,-0.017578125,-0.01708984375,-0.013671875,0.02294921875,-0.02587890625,-0.014892578125,0.036865234375,0.02685546875,-0.015625,-0.008544921875,-0.008544921875,-0.000244140625,-0.027587890625,-0.048095703125,-0.03955078125,-0.002197265625,-0.004638671875,-0.0048828125,0.01123046875,-0.00830078125,-0.02001953125,-0.008544921875,-0.006103515625,-0.01953125,-0.017822265625,-0.017822265625,-0.00927734375,-0.028076171875,-0.03125,-0.02490234375,-0.014404296875,-0.002197265625,-0.00439453125,-0.02001953125,-0.03466796875,-0.02880859375,-0.015380859375,-0.012939453125,-0.012939453125,-0.0244140625,-0.006103515625,0.0205078125,0.001953125,-0.014892578125,-0.01220703125,-0.010498046875,0.00048828125,0.00732421875,0.01708984375,-0.0107421875,-0.0107421875,-0.037353515625,-0.03173828125,-0.005615234375,0.004638671875,-0.0322265625,-0.0244140625,0.0068359375,0.006103515625,-0.005126953125,0.0068359375,0.0068359375,-0.01708984375,-0.01708984375,-0.010009765625,0.014892578125,-0.013916015625,-0.044677734375,-0.027587890625,-0.012939453125,0.001953125,0.01220703125,0.01025390625,0.0029296875,-0.003662109375,-0.003662109375,0.02099609375,0.017333984375,-0.029052734375,-0.040771484375,-0.007568359375,-0.0263671875,-0.01953125,-0.002197265625,-0.003173828125,-0.01416015625,-0.017333984375,-0.000244140625,-0.000244140625,0.00537109375,-0.0185546875,-0.04443359375,-0.036376953125,-0.020263671875,-0.02001953125,-0.01318359375,-0.02197265625,-0.013427734375,0.016845703125,0.004638671875,-0.01123046875,-0.01123046875,-0.0107421875,-0.0107421875,-0.01220703125,-0.0234375,0.007080078125,0.0146484375,-0.01171875,-0.001220703125,0.01806640625,-0.00341796875,-0.02978515625,-0.02978515625,-0.03515625,-0.0009765625,0.024169921875,-0.054931640625,-0.015869140625,-0.000732421875,-0.0146484375,-0.005615234375,0.003662109375,-0.012939453125,-0.009521484375,-0.0048828125,-0.01513671875,-0.01513671875,-0.01904296875,-0.025390625,-0.024169921875,-0.02392578125,0.00244140625,0.039794921875,0.017333984375,-0.022705078125,-0.024169921875,0.009033203125,0.024169921875,-0.01318359375,-0.052001953125,-0.052001953125,-0.0302734375,-0.016357421875,-0.042724609375,0.015869140625,0.013427734375,0.00048828125,0.00390625,0.00048828125,-0.01416015625,-0.02392578125,-0.03466796875,-0.021484375,-0.021484375,-0.021484375,-0.044677734375,-0.0263671875,-0.026123046875,-0.029296875,0.034423828125,0.05078125,0.01025390625,-0.0166015625,-0.014404296875,-0.01416015625,-0.0263671875,-0.033447265625,-0.033447265625,-0.019287109375,0.001220703125,-0.017333984375,0.01318359375,0.019775390625,-0.01513671875,-0.029052734375,-0.01806640625,-0.015625,-0.02197265625,-0.025390625,-0.014892578125,-0.029052734375,-0.036865234375,-0.036865234375,-0.0146484375,0.0244140625,0.002197265625,-0.005126953125,0.007568359375,-0.0068359375,-0.032470703125,-0.03564453125,-0.02392578125,-0.02587890625,-0.006103515625,0.029296875,0.029296875,0.02001953125,-0.006103515625,-0.00390625,-0.003173828125,-0.02001953125,-0.022216796875,0.0009765625,-0.001953125,-0.036376953125,-0.041748046875,-0.00537109375,-0.000732421875,-0.026611328125,-0.026611328125,-0.010498046875,0.00830078125,-0.021728515625,-0.05078125,-0.0341796875,-0.03076171875,-0.03466796875,-0.01220703125,0.0068359375,-0.0009765625,-0.0078125,0.0078125,0.015380859375,-0.005126953125,-0.01171875,-0.01171875,-0.002197265625,-0.013916015625,-0.0400390625,0.00341796875,0.016845703125,-0.016357421875,-0.0078125,0.001220703125,-0.00634765625,-0.0244140625,-0.017578125,0.0126953125,0.009033203125,-0.008056640625,-0.01025390625,-0.006591796875,-0.03271484375,-0.052001953125,-0.031982421875,0.0078125,0.00634765625,-0.010009765625,0.003173828125,0.003173828125,-0.0205078125,-0.017578125,0.010498046875,0.012451171875,-0.017822265625,-0.018310546875,0.0107421875,0.006103515625,-0.021240234375,-0.0126953125,-0.00830078125,-0.00439453125,-0.01123046875,-0.0167236328125,-0.01025390625,-0.0078125,-0.0146484375,-0.024658203125,-0.003173828125,-0.03271484375,-0.015625,-0.015625,-0.025634765625,-0.0126953125,-0.027099609375,-0.017333984375,-0.006591796875,-0.01806640625,-0.03662109375,-0.013916015625,0.010498046875,-0.01806640625,-0.0205078125,0.015869140625,0.015869140625,-0.025146484375,-0.031005859375,0.010009765625,0.0126953125,-0.025634765625,-0.022705078125,0.009765625,0.0283203125,0.004638671875,-0.020751953125,-0.021484375,-0.021484375,-0.0478515625,-0.027587890625,-0.005615234375,0.000244140625,0.003662109375,0.01123046875,0.01953125,-0.01611328125,-0.062255859375,-0.033203125,0.010498046875,0.010498046875,-0.040283203125,-0.017578125,0.00732421875,-0.031005859375,-0.022705078125,0.0341796875,0.04541015625,0.009765625,-0.02734375,-0.02490234375,-0.031005859375,-0.031005859375,-0.030029296875,0.02392578125,0.03076171875,-0.00634765625,-0.02001953125,-0.0029296875,-0.0283203125,-0.046875,0.00146484375,0.058837890625,0.01904296875,-0.066162109375,-0.07958984375,-0.04638671875,-0.04541015625,-0.041748046875,0.019287109375,0.0576171875,0.012939453125,-0.031005859375,-0.002197265625,0.025146484375,-0.006103515625,-0.033447265625,-0.00732421875,-0.004150390625,-0.06298828125,-0.061767578125,0.01220703125,0.04541015625,0.00341796875,-0.006103515625,0.01611328125,0.00634765625,-0.024658203125,-0.04443359375,-0.025390625,-0.016357421875,-0.013671875,-0.00439453125,-0.002685546875,-0.0419921875,-0.0810546875,-0.04248046875,0.0478515625,0.0771484375,0.01171875,-0.009033203125,0.007568359375,-0.060302734375,-0.10595703125,-0.055908203125,0.002197265625,0.015380859375,0.018798828125,0.056396484375,0.03173828125,-0.040771484375,-0.047119140625,-0.009765625,0.008544921875,-0.028076171875,-0.026123046875,0.0185546875,-0.0087890625,-0.082763671875,-0.0712890625,0.021240234375,0.05029296875,0.014892578125,0.0009765625,0.009521484375,-0.022705078125,-0.06494140625,-0.0615234375,-0.022705078125,-0.009521484375,-0.021240234375,0.005126953125,0.015625,-0.040771484375,-0.033935546875,0.049072265625,0.049072265625,0.000732421875,-0.028564453125,0.00048828125,-0.019775390625,-0.079833984375,-0.06494140625,0.024658203125,0.05908203125,-0.003173828125,-0.045166015625,-0.005859375,0.029052734375,-0.031982421875,-0.031982421875,0.0029296875,0.0048828125,-0.04931640625,-0.03466796875,0.004638671875,-0.039794921875,-0.075439453125,-0.00537109375,0.063232421875,-0.00830078125,-0.056884765625,0.01708984375,-0.04345703125,-0.04345703125,-0.059814453125,0.037109375,0.06689453125,-0.044677734375,-0.0859375,0.00830078125,0.03857421875,-0.0302734375,-0.029296875,0.03173828125,0.01953125,-0.025146484375,0.028564453125,0.028564453125,-0.02294921875,-0.07373046875,-0.02392578125,0.027099609375,-0.031005859375,-0.075927734375,0.006103515625,0.057373046875,-0.038330078125,-0.081787109375,0.024169921875,-0.041015625,-0.103515625,-0.103515625,0.010498046875,0.060302734375,-0.056640625,-0.126708984375,-0.014404296875,0.068359375,-0.007080078125,-0.00244140625,0.086669921875,0.039794921875,-0.0859375,0.012939453125,-0.049072265625,-0.049072265625,-0.073486328125,0.052978515625,0.09228515625,-0.0361328125,-0.09716796875,-0.009521484375,0.026611328125,-0.0234375,-0.017822265625,0.03271484375,0.026611328125,-0.06982421875,-0.033935546875,-0.033935546875,-0.02001953125,-0.02880859375,-0.001220703125,0.054931640625,0.046630859375,-0.0341796875,-0.039306640625,0.011962890625,0.00439453125,-0.03564453125,0.01953125,-0.007568359375,-0.068115234375,-0.068115234375,-0.012939453125,0.05859375,0.0107421875,-0.057861328125,-0.025634765625,0.034423828125,0.00390625,-0.039794921875,-0.0029296875,0.02294921875,-0.078857421875,-0.06298828125,-0.01708984375,-0.01708984375,-0.029052734375,-0.01220703125,0.047607421875,0.048095703125,-0.013916015625,-0.05859375,-0.0185546875,0.02099609375,-0.021484375,-0.047607421875,0.010498046875,-0.0556640625,-0.03759765625,-0.03759765625,0.04931640625,0.045654296875,-0.028076171875,-0.03857421875,0.0341796875,0.035888671875,-0.06494140625,-0.08935546875,-0.019287109375,-0.007568359375,-0.070068359375,0.084228515625,0.0322265625,-0.072021484375,-0.072021484375,-0.027099609375,0.053466796875,0.010009765625,-0.06689453125,-0.034912109375,0.00146484375,-0.048095703125,-0.066162109375,-0.004150390625,-0.002685546875,-0.004150390625,0.04150390625,0.04150390625,0.039306640625,-0.025390625,-0.0478515625,-0.006103515625,-0.005126953125,-0.07421875,-0.040771484375,0.043212890625,-0.052490234375,-0.040771484375,0.046142578125,0.046142578125,0.0302734375,-0.046630859375,-0.035400390625,0.019287109375,-0.0126953125,-0.09423828125,-0.04931640625,0.030517578125,-0.040771484375,0.007568359375,0.052734375,-0.009521484375,-0.009521484375,-0.044189453125,0.010986328125,0.030029296875,-0.03662109375,-0.0556640625,0.013427734375,0.0166015625,-0.061279296875,0.068359375,0.057861328125,-0.030517578125,-0.0224609375,-0.0224609375,0.0302734375,0.008056640625,-0.068359375,-0.0751953125,-0.01708984375,-0.02490234375,-0.054443359375,0.071044921875,0.00244140625,-0.065185546875,-0.009765625,-0.009765625,0.032958984375,-0.0322265625,-0.056884765625,0.010009765625,0.002685546875,-0.07568359375,-0.05322265625,0.048583984375,-0.02099609375,-0.037841796875,0.04345703125,0.04541015625,0.04541015625,-0.0517578125,-0.06787109375,-0.0048828125,-0.014892578125,-0.0693359375,-0.02490234375,0.080810546875,0.02978515625,-0.0322265625,0.078125,-0.0029296875,-0.108154296875,-0.0185546875,-0.0185546875,0.031982421875,-0.084716796875,-0.083984375,0.062255859375,0.068359375,-0.068359375,-0.077880859375,0.03955078125,-0.058349609375,-0.06884765625,0.035888671875,0.0361328125,-0.072509765625,-0.072509765625,-0.041259765625,0.0791015625,0.042724609375,-0.082763671875,-0.044189453125,0.083984375,0.044921875,-0.0595703125,0.053955078125,-0.01806640625,-0.10986328125,0.00537109375,0.10888671875,0.10888671875,-0.02490234375,-0.120849609375,0.02783203125,0.0908203125,-0.074462890625,-0.12109375,0.033203125,-0.0986328125,-0.064697265625,0.08740234375,0.048095703125,-0.081298828125,-0.02880859375,-0.02880859375,0.09033203125,0.016845703125,-0.087890625,-0.021484375,0.0439453125,-0.04052734375,-0.11279296875,0.096923828125,-0.001220703125,-0.060546875,0.009033203125,0.0634765625,-0.0439453125,-0.0439453125,-0.09765625,0.0048828125,0.03466796875,-0.07421875,-0.0830078125,0.0546875,0.043212890625,-0.08837890625,0.101806640625,0.095947265625,-0.076416015625,-0.076904296875,0.03955078125,0.03955078125,0.0087890625,-0.09716796875,-0.04150390625,0.066162109375,0.0068359375,-0.06689453125,0.087890625,-0.022216796875,-0.0732421875,0.00732421875,0.05712890625,-0.0048828125,-0.09228515625,-0.09228515625,-0.060546875,0.017822265625,-0.02587890625,-0.070068359375,0.054443359375,0.114501953125,-0.052490234375,0.0439453125,0.07275390625,-0.08447265625,-0.112548828125,0.012451171875,0.031982421875,0.031982421875,-0.070068359375,-0.050048828125,0.084228515625,0.058349609375,-0.0615234375,0.099365234375,-0.024169921875,-0.137939453125,-0.02734375,0.07275390625,-0.028564453125,-0.1123046875,-0.1123046875,0.0029296875,0.0703125,0.005615234375,-0.0087890625,-0.02001953125,0.0107421875,-0.04296875,-0.0478515625,0.045654296875,-0.040283203125,-0.1357421875,-0.1357421875,-0.0078125,0.102294921875,-0.01171875,-0.072265625,0.0615234375,-0.082763671875,-0.070556640625,0.071533203125,0.02197265625,-0.130126953125,-0.052734375,0.083984375,0.083984375,-0.001708984375,-0.10986328125,0.0185546875,0.1318359375,-0.077880859375,0.003173828125,0.043701171875,-0.055419921875,-0.082275390625,-0.02392578125,0.00927734375,0.00927734375,-0.03076171875,-0.02783203125,0.031005859375,0.023193359375,-0.020263671875,0.009521484375,0.0029296875,-0.055908203125,-0.050537109375,0.009521484375,-0.01708984375,-0.078369140625,-0.078369140625,-0.0087890625,0.078857421875,0.01220703125,-0.0390625,0.048583984375,-0.009521484375,-0.063720703125,-0.023681640625,-0.009765625,-0.0439453125,-0.038330078125,0.0009765625,0.0009765625,0.0087890625,-0.00537109375,0.002685546875,-0.00146484375,-0.028076171875,-0.050537109375,-0.051513671875,-0.0234375,-0.030029296875,-0.062255859375,0.01025390625,0.01025390625,0.089111328125,0.0078125,-0.04541015625,0.008544921875,-0.0078125,-0.055908203125,-0.045166015625,-0.037109375,-0.03076171875,-0.012939453125,0.01806640625,0.05712890625,0.049560546875,0.049560546875,0.003173828125,-0.01953125,-0.0087890625,-0.025146484375,-0.0322265625,-0.011474609375,-0.0556640625,-0.04296875,0.042236328125,0.024169921875,-0.05078125,-0.010986328125,0.053955078125,0.053955078125,0.000244140625,-0.070556640625,-0.0234375,0.0146484375,-0.10009765625,0.01513671875,0.094970703125,-0.000244140625,-0.0537109375,0.037353515625,0.050537109375,-0.04345703125,-0.06689453125,-0.06689453125,-0.009765625,-0.019775390625,-0.064208984375,0.030029296875,0.021240234375,-0.001708984375,0.001953125,0.014892578125,0.00341796875,-0.03125,-0.040771484375,-0.0390625,-0.0634765625,-0.0634765625,-0.06787109375,0.003173828125,0.0673828125,-0.035888671875,0.07568359375,0.096435546875,-0.0478515625,-0.063720703125,0.03271484375,0.009033203125,-0.082763671875,-0.0703125,-0.002197265625,-0.002197265625,0.0166015625,-0.019287109375,-0.02490234375,0.0634765625,-0.002197265625,-0.040771484375,-0.02783203125,-0.049560546875,-0.065673828125,-0.0546875,-0.001953125,0.033935546875,0.00439453125,0.00439453125,-0.04345703125,-0.051513671875,-0.016357421875,0.02685546875,-0.012451171875,-0.060302734375,-0.011962890625,0.02734375,-0.0263671875,-0.05712890625,-0.013916015625,0.026611328125,0.007568359375,0.007568359375,-0.036376953125,-0.040283203125,-0.015625,0.00146484375,-0.021728515625,-0.06103515625,-0.033447265625,-0.001708984375,0.016845703125,0.0419921875,0.0234375,-0.021484375,-0.033447265625,-0.032958984375,-0.032958984375,-0.0498046875,0.017578125,-0.038330078125,-0.020263671875,0.016357421875,-0.00439453125,0.019775390625,0.048583984375,-0.0029296875,-0.02978515625,0.004150390625,0.004150390625,-0.03173828125,0.000244140625,0.025146484375,0.016357421875,0.005126953125,-0.020751953125,-0.032470703125,-0.004150390625,-0.011962890625,-0.033447265625,-0.000244140625,0.041015625,0.041015625,0.00927734375,-0.03564453125,-0.04736328125,-0.015869140625,0.024169921875,0.0029296875,0.001953125,0.005859375,-0.014892578125,-0.026123046875,-0.0625,-0.05029296875,-0.05029296875,0.001708984375,-0.001953125,0.008544921875,-0.070556640625,-0.047119140625,0.021728515625,-0.027587890625,-0.008544921875,0.04541015625,-0.036376953125,-0.083251953125,-0.083251953125,-0.0205078125,0.003173828125,0.033935546875,-0.01220703125,-0.039306640625,0.015625,-0.009765625,-0.09326171875,-0.06982421875,-0.000244140625,0.052978515625,0.093017578125,0.093017578125,-0.07568359375,-0.090576171875,-0.027587890625,0.039306640625,0.089111328125,0.055419921875,-0.037353515625,-0.061767578125,-0.04248046875,-0.042236328125,-0.034423828125,-0.034423828125,-0.064697265625,0.0009765625,0.079345703125,0.0634765625,0.033935546875,0.0224609375,0.001953125,-0.03076171875,-0.06201171875,-0.08203125,-0.07275390625,-0.04248046875,-0.04248046875,-0.01220703125,0.01025390625,0.007568359375,-0.00390625,0.0068359375,0.031982421875,0.03271484375,0.012451171875,0.02880859375,0.04345703125,-0.027099609375,-0.101806640625,-0.101806640625,-0.010498046875,-0.03076171875,-0.021484375,0.02197265625,0.009033203125,0.04443359375,0.01611328125,-0.072021484375,0.0263671875,-0.00439453125,-0.024658203125,0.086669921875,-0.087158203125,-0.087158203125,0.049560546875,-0.143798828125,-0.0087890625,-0.0439453125,-0.0361328125,0.060546875,-0.064697265625,-0.033203125,0.000244140625,-0.030517578125,0.047119140625,0.041259765625,0.052734375,0.04443359375,-0.0478515625,-0.06396484375,-0.105224609375,-0.06787109375,-0.001953125,0.0126953125,-0.00048828125,0.00244140625,0.01513671875,0.007080078125,0.00341796875,-0.0087890625,-0.011962890625,0.025634765625,-0.004150390625,-0.015869140625,-0.00341796875,-0.05126953125,-0.016845703125,0.0,-0.05224609375,-0.055908203125,-0.021728515625,0.0244140625,0.05126953125,0.02783203125,-0.041748046875,-0.050048828125,-0.01708984375,0.03369140625,0.037109375,-0.056396484375,-0.066162109375,-0.02978515625,0.0048828125,0.01318359375,-0.07568359375,-0.03466796875,0.05126953125,0.026611328125,-0.01708984375,-0.068359375,-0.030517578125,0.04541015625,0.04931640625,-0.00146484375,-0.06982421875,-0.068359375,0.02294921875,0.042724609375,-0.01806640625,-0.076171875,-0.030029296875,0.081787109375,0.04296875,-0.060546875,-0.072021484375,0.0,0.0927734375,0.01171875,-0.117431640625,-0.04345703125,0.086181640625,0.03564453125,-0.127685546875,-0.1123046875,0.08837890625,0.104248046875,-0.09130859375,-0.14306640625,0.02734375,0.13818359375,-0.108642578125,-0.108642578125,0.004638671875,0.080078125,-0.013671875,-0.123779296875,-0.083251953125,0.01904296875,0.037109375,-0.016845703125,-0.03076171875,-0.009765625,-0.02099609375,-0.0009765625,-0.007568359375,-0.07177734375,-0.04150390625,0.04150390625,0.0322265625,-0.0361328125,-0.054931640625,0.01025390625,0.025146484375,-0.080810546875,-0.11279296875,0.018310546875,0.0859375,-0.005615234375,-0.083984375,0.04443359375,-0.01953125,-0.03369140625,-0.03369140625,0.0498046875,0.059326171875,-0.021484375,-0.044921875,0.003662109375,0.010498046875,-0.03564453125,-0.024169921875,0.034423828125,0.017822265625,-0.043212890625,-0.02392578125,0.02392578125,0.0107421875,-0.02783203125,-0.00244140625,0.007080078125,-0.06005859375,-0.054931640625,0.032958984375,0.029296875,-0.077880859375,-0.097412109375,0.029296875,0.05517578125,-0.059326171875,-0.064208984375,0.031494140625,0.02880859375,-0.068603515625,0.007568359375,0.044677734375,-0.012451171875,-0.029541015625,-0.029541015625,0.0078125,0.019287109375,-0.043701171875,-0.055908203125,0.01318359375,-0.00146484375,-0.055419921875,-0.00439453125,0.04931640625,0.017578125,-0.0302734375,0.011962890625,0.038330078125,-0.047607421875,-0.081787109375,0.001220703125,0.051025390625,-0.01318359375,-0.04248046875,0.026611328125,0.034912109375,-0.0546875,-0.077880859375,0.01025390625,0.04443359375,-0.02783203125,0.0380859375,0.01904296875,-0.054443359375,-0.052978515625,-0.052978515625,0.002197265625,0.009521484375,-0.04638671875,-0.0146484375,0.056640625,0.009521484375,-0.060546875,-0.0087890625,0.0224609375,-0.05224609375,-0.109619140625,-0.037841796875,0.064697265625,0.019775390625,-0.032958984375,0.000732421875,0.007568359375,-0.051025390625,-0.0859375,-0.028076171875,0.021484375,-0.00830078125,-0.04443359375,0.046630859375,-0.020263671875,-0.045166015625,-0.008544921875,0.00048828125,-0.031982421875,-0.016357421875,-0.016357421875,0.036865234375,0.024169921875,-0.0400390625,-0.014404296875,0.036865234375,-0.025146484375,-0.08447265625,-0.006103515625,0.067626953125,0.012451171875,-0.051513671875,0.00439453125,0.03759765625,-0.0458984375,-0.09423828125,-0.02001953125,0.041015625,-0.0185546875,-0.048095703125,0.019287109375,0.026611328125,-0.04638671875,0.01806640625,0.0126953125,-0.048828125,-0.04931640625,0.01025390625,0.01611328125,-0.045166015625,-0.0244140625,-0.0244140625,0.0439453125,0.00537109375,-0.063720703125,-0.01904296875,0.047607421875,-0.0029296875,-0.0595703125,-0.005126953125,0.014892578125,-0.05078125,-0.051513671875,0.0322265625,0.037109375,-0.037353515625,-0.056884765625,0.0068359375,0.024169921875,-0.048583984375,-0.039794921875,0.050048828125,0.0244140625,-0.042724609375,0.02490234375,-0.008056640625,-0.0595703125,-0.015380859375,0.05810546875,0.027587890625,-0.043212890625,-0.021240234375,-0.021240234375,0.03466796875,-0.007568359375,-0.0771484375,-0.02978515625,0.031005859375,-0.015380859375,-0.059326171875,0.01416015625,0.0595703125,-0.02001953125,-0.07421875,-0.006591796875,0.0107421875,-0.063232421875,-0.054443359375,0.040771484375,0.052490234375,-0.045654296875,-0.066650390625,0.016845703125,-0.06005859375,-0.033447265625,0.049072265625,0.0302734375,-0.069091796875,-0.056640625,0.04736328125,0.029296875,-0.060546875,-0.02978515625,-0.02978515625,0.043701171875,0.001953125,-0.05615234375,0.00830078125,0.05419921875,-0.015380859375,-0.056640625,-0.008056640625,0.01123046875,-0.040283203125,-0.0458984375,0.030029296875,0.025634765625,-0.05029296875,-0.059326171875,0.02001953125,0.025390625,-0.053466796875,0.02392578125,-0.0048828125,-0.08544921875,-0.04833984375,0.05224609375,0.013671875,-0.073974609375,-0.011962890625,0.0703125,-0.005126953125,-0.087646484375,-0.02294921875,-0.02294921875,0.047119140625,-0.029541015625,-0.08837890625,0.00341796875,0.06640625,-0.01025390625,-0.057373046875,0.022216796875,0.050537109375,-0.05126953125,-0.0947265625,0.0,0.0234375,-0.046630859375,-0.047607421875,0.044677734375,0.05517578125,-0.06298828125,0.046142578125,0.014404296875,-0.0888671875,-0.031005859375,0.091064453125,0.018798828125,-0.0908203125,-0.015380859375,0.0595703125,-0.021728515625,-0.08544921875,0.00146484375,0.00146484375,0.07275390625,-0.0078125,-0.05029296875,0.041259765625,0.052490234375,-0.057373046875,-0.095947265625,-0.0126953125,0.0263671875,-0.0458984375,-0.06103515625,0.03466796875,0.03955078125,-0.055419921875,-0.067626953125,0.0322265625,-0.076904296875,-0.07275390625,0.023193359375,0.017578125,-0.05517578125,-0.011962890625,0.0654296875,0.023681640625,-0.06298828125,-0.02880859375,0.05810546875,0.00341796875,-0.084716796875,-0.0390625,-0.0390625,0.038818359375,0.013671875,-0.02783203125,0.0146484375,0.03369140625,-0.027587890625,-0.041748046875,0.010498046875,0.006591796875,-0.052734375,-0.04248046875,0.035400390625,0.022216796875,-0.06005859375,-0.0458984375,-0.00048828125,-0.096923828125,-0.0400390625,0.083740234375,0.039306640625,-0.078369140625,-0.028564453125,0.078369140625,-0.001708984375,-0.10302734375,-0.027587890625,0.0546875,-0.01318359375,-0.092529296875,0.017333984375,0.017333984375,0.093505859375,-0.0185546875,-0.08203125,0.0,0.02392578125,-0.06298828125,-0.06396484375,0.028564453125,0.03369140625,-0.063232421875,-0.051513671875,0.060302734375,0.04638671875,-0.073486328125,0.028564453125,-0.00146484375,-0.09228515625,-0.02978515625,0.092041015625,0.0361328125,-0.073974609375,-0.016357421875,0.066650390625,-0.0185546875,-0.0966796875,-0.00439453125,0.075439453125,-0.026611328125,-0.08984375,0.02783203125,0.02783203125,0.087890625,-0.041748046875,-0.126220703125,-0.000732421875,0.063232421875,-0.0419921875,-0.06298828125,0.040283203125,0.052490234375,-0.066162109375,-0.098388671875,0.021728515625,-0.078125,-0.056884765625,0.05517578125,0.02490234375,-0.091552734375,-0.033447265625,0.0927734375,0.0234375,-0.108154296875,-0.058837890625,0.052490234375,-0.001953125,-0.08056640625,0.0166015625,0.0986328125,-0.003662109375,-0.09423828125,-0.01708984375,-0.01708984375,0.060546875,-0.042724609375,-0.114990234375,-0.0029296875,0.0546875,-0.031982421875,-0.053955078125,0.050048828125,0.050537109375,-0.066650390625,-0.076171875,0.02734375,-0.072509765625,-0.04150390625,0.069091796875,0.00732421875,-0.10302734375,-0.01953125,0.079833984375,-0.002197265625,-0.08837890625,-0.016845703125,0.057373046875,-0.029296875,-0.077880859375,0.0283203125,0.06787109375,-0.037353515625,-0.07470703125,0.037353515625,0.037353515625,0.053955078125,-0.0751953125,-0.104248046875,0.046142578125,0.076171875,-0.07958984375,-0.096435546875,0.041748046875,0.03564453125,-0.1064453125,0.07861328125,0.01904296875,-0.095947265625,-0.030029296875,0.09375,0.015869140625,-0.115234375,-0.028076171875,0.105224609375,0.0,-0.12451171875,-0.0283203125,0.0888671875,0.000732421875,-0.099365234375,-0.00048828125,0.080322265625,-0.01318359375,-0.0771484375,0.015869140625,0.015869140625,-0.05322265625,-0.1064453125,0.03125,0.0478515625,-0.072265625,-0.050537109375,0.071533203125,0.047119140625,-0.087646484375,-0.072509765625,0.053955078125,-0.00390625,-0.1181640625,-0.02392578125,0.093994140625,0.02783203125,-0.08056640625,-0.020263671875,0.07275390625,0.07275390625,-0.02001953125,-0.11572265625,-0.01708984375,0.08935546875,-0.008056640625,-0.09912109375,0.00146484375,0.072265625,-0.094482421875,0.03125,0.06640625,-0.05615234375,-0.083740234375,0.04931640625,0.05517578125,-0.081787109375,-0.07861328125,0.06005859375,0.04931640625,-0.0849609375,-0.079833984375,0.041015625,0.020263671875,-0.0595703125,0.013427734375,0.08642578125,-0.009765625,-0.09912109375,-0.034423828125,0.03857421875,-0.03515625,-0.03515625,-0.087158203125,0.03466796875,0.109619140625,-0.01904296875,-0.0810546875,0.025634765625,-0.066650390625,-0.107177734375,0.017333984375,0.060546875,-0.054931640625,-0.07080078125,0.075927734375,0.074462890625,-0.080810546875,-0.094970703125,0.030029296875,0.023193359375,-0.08984375,-0.041259765625,0.0576171875,-0.012939453125,-0.092529296875,-0.000732421875,0.092041015625,-0.026611328125,-0.102783203125,0.0185546875,0.076171875,-0.04833984375,-0.04833984375,-0.093017578125,0.06103515625,0.10009765625,-0.068359375,-0.116943359375,0.046630859375,-0.07275390625,-0.059326171875,0.087646484375,0.078125,-0.078857421875,-0.08349609375,0.050537109375,0.012451171875,-0.124267578125,-0.05029296875,0.102783203125,0.031982421875,-0.099365234375,-0.02490234375,0.0947265625,-0.01171875,-0.14208984375,-0.04150390625,0.084716796875,-0.01416015625,-0.1181640625,0.010498046875,0.12451171875,-0.007568359375,-0.007568359375,-0.10205078125,0.025146484375,0.066162109375,-0.07958984375,0.049072265625,0.107177734375,-0.0654296875,-0.08251953125,0.064697265625,0.025390625,-0.13720703125,-0.08837890625,0.0947265625,0.04833984375,-0.11669921875,-0.0361328125,0.130859375,0.02294921875,-0.1513671875,-0.068359375,0.08056640625,0.006591796875,-0.10400390625,0.008544921875,0.10888671875,-0.0205078125,-0.113037109375,-0.00146484375,0.085205078125,-0.02978515625,-0.094482421875,-0.094482421875,0.029296875,0.08203125,-0.067138671875,0.0810546875,0.104248046875,-0.0791015625,-0.07568359375,0.055908203125,-0.001953125,-0.124267578125,-0.059326171875,0.087890625,0.010498046875,-0.126953125,-0.021484375,0.08740234375,-0.046630859375,-0.14111328125,0.000732421875,0.110595703125,-0.02392578125,-0.104248046875,0.045654296875,0.099853515625,-0.064453125,-0.117919921875,0.01953125,0.053466796875,-0.07958984375,-0.069091796875,0.09033203125,0.09033203125,0.071533203125,-0.0419921875,0.110595703125,0.02392578125,-0.147216796875,-0.072509765625,0.091796875,0.00048828125,-0.125732421875,0.005615234375,0.130615234375,-0.00732421875,-0.13037109375,-0.014404296875,0.0888671875,-0.054931640625,-0.153564453125,-0.009033203125,0.079833984375,-0.036865234375,-0.074462890625,0.0751953125,0.113525390625,-0.055908203125,-0.103271484375,0.022705078125,0.024169921875,-0.115234375,-0.088623046875,-0.088623046875,0.096923828125,-0.074951171875,-0.0703125,0.074951171875,0.04052734375,-0.11279296875,-0.099609375,0.04833984375,0.0185546875,-0.07958984375,0.018310546875,0.114013671875,-0.012939453125,-0.121337890625,-0.021240234375,0.0390625,-0.079833984375,-0.10986328125,0.054931640625,0.1240234375,-0.01953125,-0.08251953125,0.03662109375,0.0498046875,-0.094970703125,-0.096435546875,0.0458984375,0.059326171875,-0.053466796875,-0.016845703125,0.08544921875,0.025146484375,-0.0986328125,-0.07568359375,0.019287109375,-0.04052734375,-0.10302734375,0.02587890625,0.123291015625,0.008056640625,-0.08056640625,-0.0087890625,0.04296875,-0.070556640625,-0.130615234375,-0.004150390625,0.052001953125,-0.041015625,-0.076416015625,0.041015625,0.101806640625,-0.032958984375,-0.078857421875,0.016357421875,-0.013427734375,-0.0986328125,-0.03076171875,0.087646484375,0.034912109375,-0.06640625,0.0244140625,0.09375,-0.05810546875,-0.145751953125,-0.01123046875,-0.02392578125,-0.02392578125,-0.067626953125,0.048583984375,0.099609375,-0.030517578125,-0.126953125,-0.01708984375,0.037841796875,-0.080078125,-0.072265625,0.040771484375,0.054931640625,-0.031982421875,-0.025390625,0.0634765625,0.016845703125,-0.100341796875,-0.06298828125,0.013427734375,-0.011474609375,-0.06982421875,-0.015625,0.08935546875,0.039794921875,-0.054931640625,0.0009765625,0.04833984375,-0.053955078125,-0.108154296875,0.03125,-0.024169921875,-0.024169921875,-0.0478515625,0.025634765625,0.060546875,-0.035400390625,-0.077392578125,0.01416015625,0.019775390625,-0.08203125,-0.046142578125,0.033935546875,0.010009765625,-0.0419921875,-0.005859375,0.0517578125,-0.009765625,-0.091796875,-0.044921875,0.0302734375,-0.006591796875,-0.04736328125,0.0244140625,0.066162109375,-0.004150390625,-0.077392578125,-0.03955078125,0.022216796875,-0.01318359375,0.01953125,0.045654296875,-0.013427734375,-0.0478515625,-0.0478515625,-0.019287109375,-0.021484375,-0.062255859375,-0.05419921875,-0.002197265625,0.02587890625,0.013671875,0.02099609375,0.041015625,-0.010009765625,-0.07568359375,-0.05859375,-0.02685546875,-0.023193359375,-0.036376953125,0.01123046875,0.066162109375,0.033935546875,-0.01611328125,-0.030029296875,-0.016357421875,-0.013671875,-0.0517578125,-0.0400390625,0.0146484375,-0.01318359375,-0.0087890625,-0.001220703125,-0.007080078125,-0.0166015625,-0.0166015625,-0.010009765625,0.00341796875,-0.033447265625,-0.045654296875,-0.0302734375,-0.014892578125,-0.024658203125,-0.002685546875,0.029541015625,0.013671875,-0.017822265625,-0.025146484375,-0.012451171875,-0.0224609375,-0.052978515625,-0.02783203125,0.046630859375,0.030029296875,-0.0263671875,-0.027099609375,-0.001708984375,-0.01318359375,-0.05078125,-0.027587890625,0.0234375,0.006103515625,-0.02783203125,0.000732421875,0.003173828125,-0.025634765625,-0.025634765625,-0.031005859375,-0.013916015625,-0.008544921875,-0.008056640625,-0.00732421875,-0.006591796875,-0.02197265625,-0.034912109375,-0.021728515625,-0.0009765625,-0.010009765625,-0.005615234375,0.001708984375,0.0048828125,-0.012939453125,-0.027587890625,-0.007568359375,0.017822265625,0.009765625,-0.024658203125,-0.021484375,-0.005615234375,-0.0205078125,0.00048828125,0.03369140625,-0.0146484375,-0.0712890625,-0.0166015625,0.013916015625,-0.013427734375,-0.0107421875,0.008056640625,0.008056640625,0.015869140625,-0.017333984375,-0.066650390625,-0.033203125,-0.00634765625,-0.010009765625,-0.005126953125,-0.0009765625,0.00390625,-0.00244140625,-0.014404296875,-0.02099609375,-0.011474609375,-0.011474609375,-0.010986328125,0.009521484375,-0.01611328125,-0.03369140625,-0.004150390625,0.00439453125,-0.019775390625,-0.010986328125,0.018310546875,0.0087890625,-0.07470703125,-0.057373046875,0.0009765625,-0.024658203125,-0.026123046875,0.026123046875,0.026123046875,0.031494140625,-0.000732421875,-0.036865234375,-0.048828125,-0.023193359375,-0.033447265625,-0.025390625,0.03173828125,0.0283203125,-0.01953125,-0.03759765625,-0.0146484375,-0.025634765625,-0.031982421875,-0.01318359375,0.020751953125,0.031982421875,-0.0126953125,-0.018798828125,0.008544921875,-0.00537109375,0.000244140625,-0.001708984375,-0.00341796875,0.0048828125,-0.010498046875,-0.0478515625,-0.063232421875,-0.0361328125,-0.00634765625,0.009033203125,0.009033203125,-0.012939453125,-0.009765625,0.01513671875,-0.006103515625,-0.04443359375,-0.046630859375,0.008544921875,0.039306640625,-0.006103515625,-0.0498046875,-0.038330078125,-0.032958984375,-0.0244140625,-0.0380859375,-0.046875,0.017822265625,0.04052734375,0.01806640625,-0.001708984375,0.00927734375,-0.003662109375,-0.04248046875,-0.021240234375,0.019775390625,0.016357421875,0.000244140625,-0.04150390625,-0.068115234375,-0.021728515625,-0.007568359375,-0.007568359375,0.021728515625,0.021728515625,-0.01318359375,-0.0244140625,0.03564453125,0.001708984375,-0.014404296875,0.001953125,-0.025634765625,-0.012939453125,-0.041259765625,-0.004150390625,0.0126953125,0.0,-0.03759765625,-0.03759765625,-0.03173828125,-0.0087890625,-0.00341796875,0.016357421875,-0.002685546875,0.00537109375,-0.0185546875,-0.0322265625,-0.02099609375,0.01513671875,-0.01806640625,0.006591796875,-0.05224609375,-0.05224609375,0.0029296875,-0.023193359375,-0.0166015625,0.031005859375,-0.06494140625,0.050048828125,-0.019287109375,-0.0498046875,-0.07421875,0.00048828125,0.032470703125,-0.099365234375,0.029296875,0.00146484375,0.00146484375,-0.055419921875,0.0283203125,0.008056640625,0.00048828125,0.016357421875,-0.00048828125,-0.02587890625,-0.013916015625,-0.031982421875,-0.01171875,-0.008056640625,-0.020751953125,0.008056640625,0.008056640625,-0.006591796875,-0.016845703125,0.00439453125,-0.003662109375,-0.01220703125,-0.015380859375,-0.022216796875,-0.028564453125,-0.005126953125,-0.004150390625,-0.004150390625,-0.012939453125,-0.043701171875,-0.043701171875,-0.03564453125,-0.014404296875,-0.0087890625,0.0224609375,0.05029296875,0.045654296875,0.010986328125,-0.026123046875,-0.03955078125,-0.040283203125,-0.041748046875,-0.046875,-0.05029296875,-0.05029296875,-0.045654296875,-0.021484375,0.0244140625,0.065185546875,0.066650390625,-0.037353515625,-0.0947265625,-0.081298828125,0.004150390625,0.047607421875,-0.00146484375,-0.07421875,-0.08984375,-0.08984375,-0.024169921875,0.048095703125,0.009765625,-0.072509765625,-0.04345703125,0.025634765625,-0.046142578125,-0.015380859375,0.005859375,-0.0546875,-0.015869140625,0.029541015625,-0.038818359375,-0.038818359375,-0.02099609375,0.009521484375,-0.09228515625,-0.060302734375,0.078369140625,0.020263671875,0.00927734375,-0.06494140625,-0.0849609375,-0.0087890625,-0.001953125,-0.0126953125,0.05419921875,0.05419921875,0.047119140625,-0.035400390625,-0.058837890625,-0.027099609375,-0.00732421875,0.009521484375,-0.028076171875,0.01220703125,0.036376953125,-0.01904296875,-0.062744140625,-0.0341796875,-0.0029296875,-0.0029296875,0.016357421875,0.0498046875,-0.017822265625,-0.0732421875,-0.0625,0.00048828125,0.0400390625,0.06787109375,0.0,-0.0703125,-0.072265625,-0.033935546875,0.015625,0.015625,0.039306640625,-0.005126953125,-0.076171875,-0.0673828125,-0.007568359375,0.0078125,-0.00830078125,-0.0380859375,-0.005615234375,0.036376953125,0.03857421875,-0.009033203125,-0.0859375,-0.0859375,-0.107666015625,-0.021484375,0.075439453125,0.05810546875,-0.10400390625,-0.06640625,0.02978515625,0.05615234375,0.017578125,-0.0009765625,0.0068359375,-0.011962890625,-0.0703125,-0.0703125,-0.066162109375,0.02783203125,0.074462890625,0.021728515625,-0.060546875,0.025146484375,0.04296875,-0.0361328125,-0.063232421875,0.0439453125,0.091796875,-0.039794921875,-0.103759765625,-0.103759765625,-0.013671875,0.058837890625,0.013916015625,-0.095703125,0.073486328125,0.0537109375,-0.11083984375,-0.11767578125,0.064697265625,0.1015625,-0.06494140625,-0.098876953125,-0.098876953125,0.05322265625,0.077880859375,-0.092529296875,0.06640625,0.0673828125,-0.109375,-0.145751953125,0.0390625,0.08984375,-0.05224609375,-0.063232421875,0.0771484375,0.0771484375,0.061279296875,-0.096923828125,-0.1064453125,0.039794921875,-0.058837890625,-0.06494140625,0.04443359375,0.066650390625,-0.033203125,-0.0361328125,0.03466796875,0.013671875,0.013671875,-0.028564453125,-0.01025390625,-0.027587890625,-0.059326171875,-0.0205078125,0.041259765625,0.04150390625,-0.010986328125,0.005615234375,0.021240234375,-0.01513671875,-0.01513671875,-0.022705078125,-0.02880859375,-0.0556640625,-0.017333984375,-0.025390625,-0.05322265625,-0.00732421875,0.0576171875,0.0439453125,-0.0361328125,-0.028076171875,0.0400390625,0.0400390625,0.007568359375,-0.093994140625,-0.005126953125,0.02978515625,-0.049072265625,-0.058837890625,0.05126953125,0.086669921875,-0.02001953125,-0.0595703125,0.02001953125,0.02001953125,0.044189453125,-0.052490234375,-0.02880859375,-0.009765625,-0.05859375,-0.014404296875,0.076171875,0.034423828125,-0.06396484375,-0.022216796875,0.055908203125,-0.006591796875,-0.006591796875,-0.08935546875,-0.03759765625,-0.02978515625,-0.10205078125,-0.00341796875,0.111328125,0.031982421875,-0.06396484375,-0.00146484375,0.078125,0.00146484375,-0.089111328125,-0.089111328125,-0.0361328125,-0.0546875,-0.05419921875,0.049072265625,0.074462890625,-0.03759765625,-0.048095703125,0.0673828125,0.0576171875,-0.09423828125,-0.107421875,0.048095703125,0.048095703125,0.051025390625,-0.122314453125,0.059814453125,0.10009765625,-0.04541015625,-0.0693359375,0.047119140625,0.0380859375,-0.07861328125,-0.069580078125,0.037109375,-0.002685546875,-0.1103515625,-0.1103515625,-0.051025390625,0.018310546875,-0.060546875,0.037841796875,0.0810546875,-0.056396484375,-0.101318359375,0.018798828125,0.049072265625,-0.081787109375,-0.090087890625,0.029541015625,0.029541015625,0.029541015625,-0.03466796875,0.04638671875,0.018798828125,-0.049072265625,-0.03173828125,0.02392578125,-0.009521484375,-0.0830078125,-0.039794921875,0.04833984375,-0.009521484375,-0.067626953125,0.03466796875,0.03466796875,-0.01318359375,-0.09033203125,0.013671875,0.06103515625,-0.059814453125,-0.095458984375,0.025146484375,0.04931640625,-0.05810546875,-0.050048828125,0.071533203125,0.06103515625,-0.0654296875,-0.0654296875,0.05224609375,0.009033203125,-0.10498046875,-0.056396484375,0.046630859375,-0.0126953125,-0.09716796875,-0.016845703125,0.077880859375,-0.008056640625,-0.092529296875,0.00048828125,0.067138671875,0.067138671875,-0.13134765625,0.000244140625,0.085205078125,-0.041015625,-0.10009765625,0.02294921875,0.0888671875,-0.0361328125,-0.074462890625,0.057861328125,0.0625,-0.096923828125,-0.086181640625,0.072265625,0.072265625,-0.091552734375,-0.054443359375,0.064208984375,0.02490234375,-0.0712890625,-0.014892578125,0.069580078125,-0.012451171875,-0.10302734375,-0.02001953125,0.0634765625,-0.023681640625,-0.09521484375,-0.0087890625,0.066162109375,-0.0205078125,-0.073486328125,0.02734375,0.07666015625,-0.04150390625,-0.090087890625,0.03173828125,0.069091796875,-0.0556640625,-0.09765625,0.025634765625,0.06298828125,-0.05078125,-0.050048828125,0.05517578125,0.030029296875,-0.08203125,-0.0478515625,0.06982421875,0.013671875,-0.105712890625,-0.060302734375,0.029296875,-0.0146484375,-0.0673828125,0.010009765625,0.059326171875,-0.02099609375,-0.063720703125,0.0068359375,0.02783203125,-0.045654296875,-0.0791015625,-0.0029296875,0.03955078125,-0.0390625,-0.05224609375,0.051025390625,0.0751953125,-0.0380859375,-0.0712890625,0.02587890625,0.057861328125,-0.052978515625,-0.089599609375,0.01123046875,0.03076171875,-0.05712890625,-0.0458984375,0.056884765625,0.035400390625,-0.068359375,-0.033203125,0.06298828125,0.011474609375,-0.094482421875,-0.064453125,0.031005859375,-0.01220703125,-0.095458984375,-0.00830078125,0.095458984375,0.019287109375,-0.08544921875,-0.01171875,0.0810546875,-0.0029296875,-0.0810546875,-0.013916015625,0.044921875,-0.029296875,-0.072998046875,0.01611328125,0.0546875,-0.03173828125,-0.0595703125,0.017578125,0.040283203125,-0.049560546875,-0.060302734375,0.021728515625,0.0009765625,-0.065673828125,-0.04052734375,0.02490234375,0.0078125,-0.052490234375,-0.01806640625,0.031494140625,-0.013671875,-0.058837890625,-0.0283203125,0.010986328125,-0.017333984375,-0.04443359375,-0.01318359375,0.01904296875,-0.010009765625,-0.031982421875,0.01611328125,-0.007080078125,-0.007080078125,-0.056396484375,0.001953125,0.01220703125,-0.060302734375,-0.078857421875,0.01171875,0.0322265625,-0.042236328125,0.001953125,0.087646484375,0.01171875,-0.103515625,0.046875,0.046875,-0.008544921875,-0.09912109375,-0.031005859375,0.069091796875,-0.002685546875,-0.085205078125,0.001708984375,0.110595703125,0.00732421875,-0.102783203125,-0.00244140625,-0.035400390625,-0.122314453125,-0.122314453125,-0.014892578125,0.071533203125,-0.011962890625,-0.052978515625,0.034912109375,0.044189453125,-0.059814453125,-0.055419921875,0.046142578125,0.0234375,-0.072021484375,0.03076171875,-0.035888671875,-0.035888671875,-0.106201171875,-0.01123046875,0.076904296875,-0.002685546875,-0.090087890625,-0.003662109375,0.082763671875,-0.009521484375,-0.108642578125,-0.033203125,0.0537109375,-0.069580078125,0.006591796875,0.006591796875,0.068603515625,-0.01171875,-0.063232421875,0.008056640625,0.060791015625,-0.0263671875,-0.070068359375,0.020263671875,0.010498046875,-0.093505859375,-0.064453125,0.04052734375,-0.0556640625,-0.0556640625,-0.022216796875,0.057373046875,-0.009521484375,-0.09765625,-0.017578125,0.068603515625,-0.025146484375,-0.1064453125,-0.021240234375,0.04443359375,-0.050048828125,0.040771484375,0.040771484375,0.0732421875,-0.028076171875,-0.0693359375,0.019775390625,0.031494140625,-0.07080078125,-0.079345703125,0.03173828125,0.05078125,-0.04833984375,-0.02392578125,0.03271484375,-0.073486328125,-0.073486328125,-0.05517578125,0.048828125,-0.01123046875,-0.123046875,-0.051025390625,0.046875,0.012939453125,-0.050537109375,0.003173828125,-0.03173828125,-0.1142578125,-0.02587890625,-0.02587890625,0.068115234375,-0.014892578125,-0.076171875,0.009033203125,0.041748046875,-0.04345703125,-0.08935546875,0.01025390625,0.08154296875,-0.04150390625,0.032470703125,0.032470703125,0.041259765625,-0.091796875,-0.1259765625,0.01611328125,0.0703125,-0.009033203125,-0.01708984375,0.025634765625,-0.015380859375,-0.044921875,0.055908203125,0.030029296875,0.030029296875,-0.059326171875,-0.045654296875,0.003173828125,-0.020751953125,-0.070556640625,-0.02099609375,0.054443359375,0.02587890625,-0.018310546875,0.03125,-0.02587890625,-0.083984375,-0.083984375,-0.037109375,0.03076171875,0.001953125,-0.04248046875,-0.0126953125,0.01904296875,-0.00390625,0.003173828125,0.03564453125,-0.053955078125,-0.098388671875,-0.098388671875,-0.03857421875,-0.017578125,-0.029052734375,-0.001953125,0.039794921875,-0.000244140625,-0.052978515625,-0.018310546875,0.00634765625,-0.028564453125,-0.025146484375,0.0029296875,0.0029296875,-0.025146484375,-0.050048828125,-0.007568359375,0.02685546875,0.009033203125,-0.0185546875,0.016357421875,0.02978515625,-0.059326171875,-0.019287109375,-0.004150390625,-0.033203125,-0.033203125,-0.013671875,0.02392578125,0.006591796875,-0.048828125,-0.035400390625,0.021728515625,0.009521484375,-0.029296875,-0.002197265625,-0.033203125,-0.083984375,-0.038818359375,0.028564453125,0.028564453125,0.0185546875,-0.01806640625,-0.0009765625,0.03662109375,-0.0048828125,-0.04052734375,-0.00537109375,0.014404296875,-0.05322265625,-0.01416015625,0.03173828125,-0.00927734375,-0.04150390625,-0.04150390625,-0.00537109375,0.015625,-0.003662109375,-0.01708984375,0.010498046875,0.0048828125,-0.0703125,-0.0712890625,0.0146484375,-0.0126953125,-0.02001953125,-0.00537109375,-0.013427734375,-0.013427734375,-0.03466796875,-0.00439453125,0.0185546875,-0.022705078125,-0.0439453125,-0.018310546875,-0.00244140625,-0.020751953125,0.009765625,0.011962890625,-0.016357421875,-0.01806640625,0.021484375,0.021484375,0.00341796875,-0.0537109375,-0.042236328125,0.00732421875,0.002685546875,-0.031005859375,-0.0244140625,-0.0146484375,-0.043701171875,-0.007568359375,0.043212890625,0.006103515625,-0.055908203125,-0.055908203125,-0.037109375,-0.01708984375,-0.034912109375,-0.032470703125,0.01220703125,0.0302734375,-0.0166015625,0.00244140625,0.01904296875,-0.020751953125,-0.037109375,0.020263671875,0.02978515625,0.02978515625,-0.0390625,-0.046142578125,0.01220703125,0.018310546875,-0.02880859375,-0.0390625,0.01025390625,-0.0439453125,-0.041015625,0.009765625,-0.01220703125,-0.063720703125,-0.036865234375,-0.036865234375,0.015869140625,-0.004638671875,-0.044189453125,-0.007080078125,0.02294921875,-0.017333984375,-0.035400390625,0.012939453125,-0.026611328125,-0.03955078125,0.00634765625,0.0234375,-0.005126953125,-0.005126953125,-0.0048828125,0.015380859375,0.0029296875,-0.048095703125,-0.0390625,0.024169921875,-0.02880859375,-0.028564453125,0.0078125,-0.005615234375,-0.02587890625,0.00732421875,0.00732421875,0.031494140625,-0.017822265625,-0.06640625,-0.02783203125,0.015380859375,-0.078369140625,-0.001220703125,0.054443359375,-0.02294921875,-0.0556640625,0.0322265625,0.0322265625,0.058349609375,-0.044677734375,-0.076171875,0.0107421875,0.0400390625,-0.087646484375,-0.017333984375,0.044189453125,-0.021484375,-0.049560546875,0.0390625,0.080810546875,0.080810546875,-0.01171875,-0.0849609375,-0.018310546875,0.039306640625,-0.030517578125,-0.0166015625,0.01611328125,-0.0263671875,-0.03662109375,0.020263671875,0.029052734375,0.029052734375,-0.02294921875,-0.03515625,0.000244140625,0.00244140625,-0.03759765625,-0.019775390625,-0.015625,-0.027587890625,-0.004150390625,0.030029296875,0.02880859375,-0.003662109375,-0.003662109375,-0.00439453125,-0.005615234375,-0.031005859375,-0.01708984375,-0.0048828125,-0.051025390625,-0.0439453125,-0.001220703125,0.0205078125,0.01025390625,0.0068359375,0.015625,0.015625,-0.033935546875,-0.081298828125,-0.028076171875,0.0302734375,-0.04736328125,-0.002685546875,0.022705078125,-0.015869140625,-0.05126953125,-0.003173828125,0.05078125,0.05078125,0.000244140625,-0.05126953125,-0.014892578125,0.018798828125,-0.075439453125,-0.03125,0.02685546875,0.010009765625,-0.009033203125,0.03076171875,0.0341796875,-0.031005859375,-0.031005859375,-0.056640625,-0.0068359375,0.0166015625,-0.03515625,-0.046875,-0.00830078125,-0.027099609375,-0.020263671875,0.008544921875,0.0185546875,-0.007568359375,-0.005615234375,0.0009765625,0.0009765625,-0.0458984375,-0.061279296875,-0.00634765625,0.031494140625,-0.02001953125,0.01611328125,0.0185546875,-0.010009765625,-0.009033203125,0.028076171875,0.014404296875,-0.05615234375,-0.070068359375,-0.070068359375,-0.020263671875,-0.015380859375,-0.043701171875,-0.01220703125,0.033203125,-0.011474609375,-0.0009765625,0.001220703125,-0.0478515625,-0.078857421875,-0.0322265625,0.0234375,-0.011474609375,-0.05908203125,-0.05908203125,-0.017333984375,0.032470703125,-0.005126953125,0.0205078125,0.045166015625,-0.011962890625,-0.063232421875,-0.0302734375,0.01025390625,-0.0146484375,-0.034912109375,0.0185546875,0.044189453125,0.044189453125,0.00341796875,-0.005615234375,0.0048828125,-0.06787109375,-0.05908203125,-0.0087890625,0.0048828125,-0.0107421875,-0.0107421875,0.002197265625,-0.01513671875,-0.02392578125,-0.02392578125,0.001220703125,0.01318359375,-0.0224609375,0.00146484375,-0.00390625,-0.05859375,-0.074462890625,-0.016357421875,0.034423828125,0.03369140625,0.012939453125,0.019775390625,-0.000732421875,-0.000732421875,-0.06201171875,-0.061767578125,-0.007568359375,-0.029296875,-0.0146484375,0.04443359375,0.022216796875,-0.048095703125,-0.033447265625,0.022216796875,-0.006103515625,-0.0537109375,-0.0068359375,0.025634765625,0.025634765625,-0.027587890625,-0.068115234375,-0.0009765625,0.03125,0.00146484375,0.018310546875,0.039794921875,-0.036865234375,-0.06689453125,0.00537109375,0.03173828125,0.03173828125,-0.021728515625,-0.058349609375,0.017822265625,0.01171875,-0.00830078125,0.02685546875,0.025146484375,0.004150390625,-0.025390625,0.025146484375,0.014404296875,-0.05615234375,-0.0673828125,-0.016357421875,0.009521484375,-0.026611328125,-0.003173828125,0.0498046875,0.003173828125,-0.054443359375,-0.031982421875,-0.031982421875,0.001708984375,-0.021484375,-0.029541015625,-0.0205078125,-0.03076171875,-0.049560546875,0.005126953125,0.077392578125,0.035888671875,-0.03466796875,-0.031005859375,-0.016845703125,-0.016845703125,-0.0146484375,-0.005126953125,-0.013671875,-0.0546875,-0.0419921875,0.025634765625,0.0244140625,-0.0224609375,-0.0048828125,0.02880859375,-0.0078125,-0.0078125,-0.05078125,0.02001953125,-0.015625,-0.082763671875,-0.04638671875,0.064208984375,0.0732421875,-0.01123046875,-0.0458984375,-0.0302734375,-0.01611328125,-0.0126953125,-0.0126953125,-0.00048828125,-0.02001953125,-0.0654296875,-0.0517578125,-0.01025390625,0.002685546875,0.011474609375,0.031982421875,0.021240234375,-0.013671875,-0.014892578125,0.01318359375,0.01318359375,-0.093505859375,-0.09814453125,-0.024658203125,0.02197265625,0.026123046875,0.015625,-0.009765625,-0.05078125,-0.064208984375,-0.00439453125,0.072998046875,0.02880859375,-0.0478515625,-0.0478515625,-0.005859375,-0.017822265625,-0.0205078125,0.0283203125,0.031494140625,-0.04443359375,-0.0634765625,0.029541015625,0.0693359375,-0.02294921875,-0.0947265625,-0.04833984375,0.009521484375,0.009521484375,-0.02099609375,0.0595703125,0.051025390625,-0.05078125,-0.07080078125,-0.00439453125,0.037353515625,-0.00830078125,-0.082763671875,-0.056640625,-0.000244140625,-0.0263671875,-0.03955078125,-0.03955078125,0.010009765625,-0.014892578125,0.01123046875,0.0283203125,0.00048828125,-0.026611328125,-0.0419921875,-0.027587890625,-0.0087890625,-0.00341796875,0.016357421875,0.02490234375,-0.008056640625,-0.008056640625,-0.01904296875,-0.01123046875,-0.004638671875,-0.019775390625,-0.054931640625,-0.067138671875,-0.033203125,0.02490234375,0.05322265625,0.0068359375,-0.04345703125,-0.019287109375,0.00634765625,-0.013916015625,-0.029541015625,-0.015869140625,-0.006591796875,-0.03662109375,-0.076171875,-0.01220703125,0.070556640625,0.04736328125,0.008544921875,0.0078125,0.00634765625,-0.01416015625,-0.078369140625,-0.10400390625,-0.006591796875,0.07568359375,0.0009765625,-0.091552734375,-0.0458984375,0.052001953125,0.089599609375,0.030029296875,-0.038818359375,0.00146484375,0.0546875,0.020263671875,-0.046142578125,-0.08984375,-0.0517578125,0.0224609375,0.00830078125,-0.031005859375,-0.030517578125,-0.01123046875,0.027587890625,0.01220703125,-0.024658203125,0.002197265625,0.0078125,-0.03466796875,-0.001953125,-0.008056640625,-0.052490234375,-0.031494140625,-0.06591796875,-0.080078125,0.010498046875,0.067626953125,0.013427734375,-0.04248046875,-0.053466796875,-0.051513671875,0.001220703125,0.0185546875,-0.0078125,-0.026123046875,-0.02880859375,-0.00634765625,0.0068359375,-0.014404296875,-0.047119140625,-0.028564453125,-0.01318359375,-0.000732421875,-0.000732421875,-0.000732421875,-0.0048828125,-0.004638671875,-0.01025390625,-0.008056640625,0.035400390625,0.017822265625,-0.021484375,-0.0146484375,-0.035400390625,-0.008544921875,0.052734375,-0.03662109375,-0.06396484375,0.02197265625,0.00537109375,0.0224609375,0.0517578125,-0.059326171875,-0.046142578125,0.0419921875,-0.060546875,-0.087890625,0.03173828125,0.0107421875,-0.033935546875,-0.0068359375,-0.0390625,-0.031005859375,0.025390625,0.0107421875,-0.000244140625,0.019287109375,-0.0068359375,-0.029052734375,-0.029052734375,-0.034423828125,-0.02392578125,-0.039306640625,-0.039306640625,-0.032958984375,-0.01416015625,-0.01025390625,-0.008544921875,-0.0146484375,-0.019287109375,-0.00830078125,-0.0107421875,-0.018798828125,-0.0029296875,-0.00048828125,-0.005859375,-0.005859375,0.014892578125,0.022216796875,0.02197265625,0.00390625,-0.010009765625,-0.007568359375,-0.006591796875,-0.0068359375,-0.0068359375,-0.01318359375,-0.0341796875,-0.04296875,-0.01806640625,0.01025390625,0.01025390625,0.013916015625,0.00537109375,-0.014404296875,-0.036376953125,-0.019775390625,0.019287109375,0.03515625,0.000732421875,-0.013427734375,-0.007080078125,-0.061279296875,-0.010986328125,-0.04541015625,-0.04541015625,-0.060791015625,0.007568359375,-0.017822265625,-0.0517578125,0.056396484375,0.047119140625,-0.013916015625,0.05908203125,-0.05615234375,-0.0517578125,0.016845703125,0.0009765625,-0.02490234375,-0.02490234375,-0.048583984375,0.02587890625,-0.03125,0.02685546875,-0.014404296875,-0.011474609375,-0.0283203125,-0.0478515625,0.01171875,-0.0087890625,0.02490234375,0.00146484375,0.001953125,0.001953125,-0.0390625,-0.0458984375,-0.0390625,-0.0322265625,-0.017822265625,-0.0078125,0.005126953125,0.0205078125,0.034912109375,0.006591796875,-0.029296875,-0.019775390625,-0.024169921875,-0.024169921875,-0.03076171875,0.010986328125,0.008056640625,0.01416015625,0.008544921875,-0.0263671875,-0.03125,-0.034912109375,-0.03759765625,-0.022216796875,-0.012451171875,0.00732421875,0.021484375,0.021484375,0.007080078125,0.015869140625,0.019775390625,0.001953125,-0.02392578125,-0.0537109375,-0.0341796875,-0.04443359375,-0.017578125,0.02978515625,-0.01318359375,-0.038330078125,-0.010986328125,-0.010986328125,-0.021484375,-0.070068359375,-0.051025390625,0.003662109375,0.067138671875,0.033935546875,-0.009765625,-0.006591796875,0.003662109375,-0.06689453125,-0.0830078125,-0.009765625,0.04638671875,0.04638671875,-0.01708984375,-0.070068359375,-0.04833984375,-0.02978515625,-0.016357421875,-0.01513671875,-0.023681640625,0.038330078125,0.069091796875,0.003662109375,-0.01318359375,-0.014892578125,-0.021484375,-0.021484375,-0.01171875,-0.0361328125,-0.036376953125,-0.022216796875,-0.03759765625,-0.031005859375,0.00390625,0.045166015625,0.040283203125,0.01318359375,0.009765625,-0.014404296875,-0.014404296875,-0.068115234375,-0.0654296875,-0.005615234375,-0.0009765625,-0.005126953125,0.013427734375,0.0390625,0.005615234375,-0.055419921875,-0.04150390625,-0.0419921875,-0.0419921875,-0.012451171875,0.02099609375,0.051025390625,0.04443359375,0.018798828125,-0.0185546875,-0.0546875,-0.053955078125,-0.0595703125,0.001220703125,-0.02978515625,-0.0234375,-0.0234375,0.029052734375,0.002197265625,-0.064697265625,-0.0556640625,0.000732421875,0.00341796875,-0.00439453125,-0.020751953125,0.013427734375,0.010009765625,-0.01953125,-0.0029296875,-0.0029296875,-0.00732421875,-0.021240234375,-0.050537109375,-0.076171875,-0.0322265625,0.037353515625,0.042724609375,0.014404296875,0.005126953125,-0.016357421875,-0.00048828125,-0.00048828125,0.013427734375,-0.003173828125,0.00732421875,-0.001220703125,-0.0029296875,0.021728515625,0.011962890625,-0.0380859375,-0.0654296875,-0.068603515625,-0.027099609375,0.021728515625,0.021728515625,0.04931640625,0.042236328125,-0.00341796875,-0.016357421875,-0.017333984375,-0.081787109375,-0.08984375,0.010498046875,-0.026611328125,-0.01416015625,0.0322265625,0.008056640625,0.008056640625,-0.035400390625,-0.048583984375,-0.01611328125,-0.01904296875,-0.05224609375,-0.0166015625,0.0087890625,-0.00390625,0.03271484375,0.018310546875,-0.040771484375,-0.047119140625,-0.013916015625,-0.013916015625,0.012451171875,0.0029296875,-0.0244140625,-0.019287109375,-0.009521484375,-0.019287109375,-0.04296875,0.04638671875,0.00732421875,-0.031494140625,-0.021240234375,0.004638671875,-0.00732421875,-0.00732421875,-0.01513671875,0.033447265625,0.00439453125,-0.039794921875,-0.020263671875,0.01025390625,-0.01708984375,-0.00732421875,0.018798828125,-0.01708984375,-0.05224609375,-0.001953125,0.06005859375,0.06005859375,-0.00048828125,-0.087890625,-0.027587890625,0.03076171875,-0.04443359375,-0.06298828125,0.0146484375,-0.0107421875,-0.043701171875,0.00927734375,0.03271484375,-0.04736328125,-0.062255859375,-0.062255859375,0.031005859375,0.0283203125,-0.063720703125,-0.040283203125,0.0576171875,0.014404296875,-0.004150390625,0.052490234375,0.01513671875,-0.06005859375,-0.052490234375,0.009521484375,-0.010009765625,-0.010009765625,-0.049072265625,0.005615234375,0.04248046875,-0.013916015625,-0.044189453125,0.02490234375,-0.040283203125,-0.07177734375,-0.000732421875,0.0185546875,-0.0703125,-0.08251953125,0.049072265625,0.049072265625,0.06884765625,-0.05859375,-0.088623046875,0.0419921875,0.058837890625,-0.07080078125,0.038818359375,0.032958984375,-0.07421875,-0.056396484375,0.052734375,0.013427734375,-0.068359375,-0.068359375,-0.002197265625,0.07373046875,-0.010009765625,-0.118408203125,-0.024169921875,-0.03515625,-0.11279296875,-0.000244140625,0.071044921875,-0.0244140625,-0.098388671875,0.033203125,0.109375,0.109375,-0.01025390625,-0.095947265625,0.01220703125,0.049072265625,-0.092529296875,0.06640625,0.08447265625,-0.055908203125,-0.0517578125,0.09375,0.0673828125,-0.110107421875,-0.110107421875,-0.09814453125,0.090576171875,0.0283203125,-0.161865234375,0.135986328125,0.06103515625,-0.123291015625,-0.06005859375,0.09912109375,0.000732421875,-0.163330078125,-0.163330078125,-0.05517578125,0.106201171875,0.021240234375,-0.135498046875,0.08544921875,-0.023681640625,-0.115478515625,0.02734375,0.1025390625,-0.059326171875,-0.131103515625,0.042236328125,0.042236328125,0.10009765625,-0.08251953125,-0.1298828125,0.068603515625,-0.0751953125,-0.08447265625,0.100341796875,0.11474609375,-0.11474609375,-0.136962890625,0.088623046875,0.088623046875,0.095947265625,-0.10400390625,-0.094970703125,0.108154296875,-0.144287109375,-0.074951171875,0.115966796875,0.047607421875,-0.125244140625,-0.028564453125,0.123779296875,-0.014892578125,-0.014892578125,-0.172119140625,-0.013427734375,0.133056640625,-0.06005859375,-0.0908203125,0.052001953125,0.09619140625,-0.0712890625,-0.093017578125,0.06640625,0.055419921875,-0.093017578125,-0.073974609375,0.08251953125,0.029296875,-0.11474609375,-0.0537109375,0.080078125,0.041015625,-0.090576171875,-0.0777587890625,0.08154296875,0.0196533203125,-0.1229248046875,-0.035400390625,0.080810546875,-0.0086669921875,-0.100341796875,0.02099609375,0.13330078125,0.030517578125,-0.120849609375,0.022216796875,0.09228515625,-0.04931640625,-0.129150390625,0.0216064453125,0.0784912109375,-0.0430908203125,-0.091796875,0.0865478515625,0.1014404296875,-0.0472412109375,-0.1102294921875,0.0650634765625,0.071533203125,-0.095458984375,-0.092041015625,0.081787109375,0.05224609375,-0.1103515625,-0.052734375,0.1044921875,0.0439453125,-0.11083984375,-0.063720703125,0.088623046875,0.0556640625,-0.1064453125,-0.00146484375,0.081787109375,-0.00048828125,-0.12158203125,-0.033447265625,0.074462890625,-0.03125,-0.088134765625,0.0146484375,0.073974609375,-0.048828125,-0.103515625,0.0263671875,0.072021484375,-0.097900390625,-0.095947265625,0.050048828125,0.05126953125,-0.063720703125,-0.043212890625,0.076904296875,0.052978515625,-0.1015625,-0.055908203125,0.072998046875,0.02001953125,-0.099365234375,-0.069091796875,0.06298828125,0.051513671875,-0.071044921875,-0.027587890625,0.0673828125,0.00537109375,-0.0869140625,-0.006103515625,0.073974609375,-0.0498046875,-0.085693359375,0.009033203125,0.044921875,-0.03271484375,-0.0634765625,0.025390625,0.076171875,-0.06103515625,-0.069091796875,0.05322265625,0.061767578125,-0.078857421875,-0.09375,0.050537109375,0.0498046875,-0.078369140625,-0.057861328125,0.0771484375,0.04150390625,-0.0791015625,-0.029296875,0.072509765625,0.01318359375,-0.10693359375,-0.0361328125,0.080322265625,-0.0068359375,-0.155029296875,0.126708984375,0.0966796875,-0.0947265625,-0.076171875,0.07666015625,0.037353515625,-0.11083984375,-0.0576171875,0.074951171875,0.0126953125,0.0126953125,-0.093017578125,0.09521484375,-0.01416015625,-0.109375,-0.003662109375,0.060546875,-0.04833984375,-0.100341796875,0.01220703125,0.0673828125,-0.058837890625,-0.107177734375,-0.107177734375,0.077880859375,-0.052490234375,-0.0771484375,0.054443359375,0.069580078125,-0.086181640625,-0.091796875,0.047607421875,0.047607421875,-0.087646484375,-0.042236328125,0.0927734375,0.03662109375,-0.098388671875,-0.03173828125,0.06591796875,-0.002197265625,-0.002197265625,-0.00732421875,0.096435546875,-0.006591796875,-0.116943359375,-0.024658203125,0.064453125,-0.038330078125,-0.09130859375,-0.09130859375,0.08056640625,-0.0595703125,-0.113525390625,0.02978515625,0.098876953125,-0.034423828125,-0.075927734375,0.025634765625,0.025634765625,-0.068603515625,-0.063720703125,0.065185546875,0.0654296875,-0.0400390625,-0.026123046875,0.0400390625,-0.0146484375,-0.11474609375,-0.052001953125,0.071533203125,0.022216796875,-0.072265625,0.00146484375,0.06982421875,-0.020751953125,-0.087158203125,-0.019775390625,0.038330078125,-0.054931640625,-0.09375,0.01171875,0.05224609375,-0.04638671875,-0.059814453125,0.0478515625,0.050048828125,-0.094970703125,-0.087646484375,0.074951171875,0.073486328125,-0.08984375,-0.073486328125,0.090576171875,0.05908203125,-0.082275390625,-0.052734375,0.0615234375,0.026123046875,-0.079833984375,-0.022705078125,0.081787109375,0.010986328125,-0.1171875,-0.06005859375,0.0537109375,-0.01318359375,-0.0830078125,0.01025390625,0.087646484375,-0.01611328125,-0.100341796875,-0.00390625,0.075927734375,-0.037841796875,-0.110595703125,-0.002197265625,0.06005859375,-0.04736328125,-0.065185546875,0.052734375,0.066650390625,-0.0576171875,-0.07177734375,0.03515625,0.026611328125,-0.068115234375,-0.025634765625,0.078857421875,0.031982421875,-0.094482421875,-0.06640625,0.033447265625,-0.001220703125,-0.067138671875,-0.013427734375,0.048828125,-0.005859375,-0.0693359375,-0.013671875,0.0439453125,-0.052001953125,-0.092041015625,0.012939453125,0.071044921875,-0.031005859375,-0.06982421875,0.0205078125,0.02734375,-0.0625,-0.03662109375,0.066162109375,0.02880859375,-0.0966796875,-0.060546875,0.0556640625,0.026123046875,-0.067138671875,-0.017333984375,0.073974609375,0.00341796875,-0.09228515625,-0.008544921875,0.07861328125,-0.016845703125,-0.109130859375,-0.021484375,0.074462890625,-0.02392578125,-0.099609375,-0.000732421875,0.078125,-0.015869140625,-0.080322265625,0.0087890625,0.052490234375,-0.064208984375,-0.108642578125,0.006591796875,0.070556640625,-0.0263671875,-0.05615234375,0.0263671875,0.035400390625,-0.051025390625,-0.052978515625,0.041259765625,0.02392578125,-0.038818359375,-0.07080078125,0.01220703125,-0.08154296875,-0.067138671875,-0.017333984375,0.06640625,0.00732421875,-0.0859375,-0.029052734375,0.056884765625,0.004150390625,-0.083251953125,-0.051025390625,0.02587890625,-0.02001953125,-0.057373046875,0.01513671875,0.074462890625,-0.00537109375,-0.0791015625,-0.003173828125,0.03955078125,-0.0478515625,-0.06884765625,0.029541015625,0.047607421875,-0.057861328125,-0.0615234375,0.066162109375,0.07275390625,-0.072021484375,-0.0810546875,0.046875,0.04296875,-0.08154296875,-0.059326171875,0.07666015625,0.0390625,-0.10302734375,-0.064208984375,0.0693359375,-0.08935546875,-0.08935546875,-0.02685546875,0.0615234375,-0.014404296875,-0.08203125,0.001220703125,0.050537109375,-0.048828125,0.009033203125,0.009033203125,0.04150390625,-0.037109375,-0.046875,0.031494140625,0.048095703125,-0.032470703125,-0.035888671875,0.006103515625,0.006103515625,-0.078369140625,-0.05322265625,0.06103515625,0.0390625,-0.07373046875,-0.041259765625,0.058349609375,-0.09521484375,-0.09521484375,-0.009521484375,0.06640625,-0.02880859375,-0.0966796875,-0.01220703125,0.0615234375,-0.010498046875,0.01171875,0.01171875,0.021484375,-0.0537109375,-0.065185546875,0.035400390625,0.045166015625,-0.068115234375,-0.065673828125,0.053466796875,0.053466796875,-0.06494140625,-0.038818359375,0.07861328125,0.048583984375,-0.0771484375,-0.0625,0.047119140625,-0.087158203125,-0.087158203125,-0.06591796875,0.0419921875,0.025146484375,-0.0576171875,-0.030029296875,0.05322265625,0.01513671875,-0.03173828125,-0.03173828125,0.036376953125,-0.01171875,-0.07763671875,-0.016357421875,0.0380859375,-0.03369140625,-0.04736328125,0.03173828125,0.03173828125,-0.060302734375,-0.06787109375,0.03564453125,0.0654296875,-0.025146484375,-0.059326171875,0.02392578125,-0.059326171875,-0.05029296875,-0.05029296875,0.04736328125,0.03662109375,-0.06396484375,-0.061279296875,0.029541015625,0.01611328125,-0.046630859375,0.041015625,0.041015625,-0.00390625,-0.067138671875,-0.001953125,0.06103515625,-0.013916015625,-0.076416015625,0.0361328125,-0.016357421875,-0.016357421875,-0.0576171875,0.010986328125,0.034423828125,-0.0458984375,-0.053466796875,0.025634765625,-0.024658203125,-0.034423828125,-0.034423828125,0.031982421875,0.008544921875,-0.06494140625,-0.030029296875,0.0390625,-0.00634765625,-0.0234375,0.060302734375,0.060302734375,0.005615234375,-0.07470703125,-0.02587890625,0.05078125,-0.0087890625,-0.070068359375,0.039794921875,-0.05712890625,-0.05712890625,-0.11376953125,-0.013427734375,0.074951171875,0.034423828125,-0.025146484375,-0.013916015625,-0.034912109375,-0.038330078125,-0.038330078125,0.0224609375,0.012939453125,-0.06103515625,-0.05126953125,0.040283203125,0.044677734375,-0.03369140625,0.053466796875,0.053466796875,-0.0078125,-0.09716796875,-0.0283203125,0.0673828125,0.0107421875,-0.084228515625,0.0390625,-0.005859375,-0.084716796875,-0.084716796875,-0.029296875,0.060302734375,-0.00830078125,-0.075927734375,-0.00390625,0.0009765625,-0.06982421875,-0.032470703125,-0.032470703125,0.01611328125,-0.01611328125,-0.0458984375,0.021728515625,0.0498046875,-0.03857421875,0.017333984375,0.0009765625,0.0009765625,-0.076904296875,-0.054931640625,0.0302734375,0.017333984375,-0.0419921875,0.048583984375,0.0,-0.073974609375,-0.073974609375,-0.05126953125,0.030029296875,-0.000732421875,-0.06103515625,-0.03515625,0.01171875,-0.057861328125,-0.02490234375,-0.02490234375,0.034423828125,-0.010009765625,-0.052734375,0.010498046875,0.048095703125,-0.042724609375,-0.0029296875,0.01611328125,0.01611328125,-0.04833984375,-0.055419921875,0.029541015625,0.021484375,-0.052734375,0.054443359375,0.02783203125,-0.060302734375,-0.060302734375,-0.0478515625,0.0263671875,-0.023193359375,-0.076171875,-0.0263671875,0.013671875,-0.04296875,-0.01220703125,-0.01220703125,0.02587890625,-0.043701171875,-0.075439453125,-0.008056640625,0.040771484375,-0.0556640625,0.031005859375,0.05517578125,-0.02880859375,-0.02880859375,-0.068359375,-0.000732421875,0.02197265625,-0.05078125,0.031005859375,0.054931640625,-0.030517578125,-0.06494140625,-0.06494140625,0.004638671875,0.001220703125,-0.04736328125,-0.019775390625,0.001953125,-0.037841796875,0.00390625,0.023193359375,0.023193359375,-0.03515625,-0.099365234375,-0.04150390625,0.059326171875,-0.052734375,0.00439453125,0.064453125,-0.005615234375,-0.005615234375,-0.06005859375,-0.005615234375,0.010498046875,-0.041259765625,0.021484375,0.03466796875,-0.035888671875,-0.04833984375,-0.04833984375,0.031982421875,0.020263671875,-0.050537109375,-0.0595703125,0.027587890625,-0.071533203125,-0.048828125,0.043212890625,0.043212890625,0.020751953125,-0.067138671875,-0.05419921875,0.033935546875,-0.046875,-0.03466796875,0.036376953125,0.000732421875,0.000732421875,-0.064208984375,-0.027099609375,0.01513671875,-0.03125,0.03662109375,0.067138671875,-0.02783203125,-0.066162109375,-0.066162109375,0.0234375,0.05224609375,-0.0244140625,-0.083740234375,0.033203125,-0.006591796875,-0.0224609375,0.0244140625,0.0244140625,0.004150390625,-0.051513671875,-0.03759765625,0.0029296875,-0.0302734375,0.002685546875,0.043212890625,-0.006591796875,-0.073974609375,-0.073974609375,-0.01806640625,0.05224609375,-0.01318359375,0.024169921875,0.038818359375,-0.039794921875,-0.059814453125,-0.01611328125,-0.01611328125,0.015380859375,-0.023193359375,-0.03759765625,0.0322265625,-0.018798828125,-0.03857421875,0.00146484375,-0.014892578125,-0.014892578125,-0.0712890625,-0.01318359375,0.037841796875,-0.054931640625,-0.024169921875,0.01171875,-0.0234375,-0.0791015625,-0.0791015625,-0.017578125,0.04833984375,0.021728515625,-0.005126953125,0.059326171875,0.001708984375,-0.103515625,-0.0732421875,-0.0732421875,0.0458984375,0.048828125,-0.034912109375,0.02783203125,0.08154296875,-0.034423828125,-0.100341796875,-0.0439453125,0.1123046875,0.1123046875,0.0712890625,-0.1044921875,0.034912109375,0.116943359375,-0.016357421875,-0.17724609375,-0.06494140625,0.080322265625,0.080322265625,0.111572265625,-0.042236328125,0.013671875,0.0615234375,-0.017333984375,-0.0390625,-0.063720703125,0.032958984375,0.032958984375,0.0712890625,-0.077392578125,0.01171875,0.005859375,-0.00048828125,-0.0205078125,-0.08056640625,0.01806640625,0.01806640625,0.06591796875,-0.040771484375,-0.05126953125,-0.005859375,0.04541015625,0.020751953125,-0.001953125,-0.00341796875,-0.00341796875,-0.002197265625,-0.046630859375,-0.02685546875,0.030029296875,0.051025390625,-0.004638671875,-0.03955078125,-0.02978515625,0.01171875,0.01171875,-0.00830078125,-0.02490234375,0.018798828125,0.033203125,-0.02490234375,-0.013916015625,-0.054443359375,-0.010009765625,-0.010009765625,-0.0380859375,-0.081787109375,0.011474609375,0.063720703125,0.02197265625,-0.12451171875,0.036865234375,-0.035888671875,-0.035888671875,-0.0751953125,0.04150390625,0.015869140625,0.04833984375,-0.05908203125,0.0,-0.027587890625,-0.01220703125,0.02099609375,0.02099609375,-0.065673828125,0.044921875,-0.01171875,-0.031494140625,-0.009521484375,0.012939453125,-0.008056640625,-0.05126953125,-0.05126953125,-0.017822265625,0.023681640625,-0.03759765625,-0.052978515625,0.00341796875,0.052978515625,0.03662109375,0.03662109375,-0.03125,-0.057861328125,-0.0048828125,-0.062255859375,-0.082275390625,0.04345703125,0.1484375,0.00390625,0.00390625,-0.16796875,-0.043212890625,0.0390625,-0.201416015625,-0.167724609375,0.132568359375,0.147216796875,-0.162109375,-0.162109375,-0.1552734375,0.12646484375,-0.168701171875,-0.19140625,0.08349609375,0.138671875,-0.049560546875,-0.100830078125,-0.100830078125,0.05859375,-0.033447265625,-0.142578125,0.001708984375,0.0869140625,-0.015869140625,-0.057373046875,-0.037841796875,-0.0263671875,-0.0263671875,0.0947265625,-0.07275390625,-0.147705078125,0.074951171875,0.131591796875,-0.070068359375,-0.076416015625,0.064453125,0.0419921875,0.0419921875,-0.037353515625,-0.01025390625,-0.05078125,0.0380859375,0.046630859375,-0.079345703125,-0.051513671875,0.041015625,-0.0166015625,-0.07177734375,0.01025390625,-0.00146484375,-0.09130859375,-0.09130859375,0.0,0.028564453125,-0.037841796875,0.07275390625,-0.00830078125,-0.09375,-0.01708984375,-0.028564453125,-0.08251953125,0.0458984375,0.066162109375,-0.11376953125,-0.0927734375,-0.0927734375,0.084228515625,0.037353515625,-0.01220703125,0.062255859375,-0.06005859375,-0.055908203125,0.03515625,0.001220703125,-0.026611328125,0.025390625,-0.006103515625,-0.05322265625,0.0322265625,0.0322265625,0.03466796875,0.04736328125,0.0576171875,-0.063232421875,-0.021728515625,0.06396484375,-0.03466796875,-0.08203125,0.090576171875,0.092529296875,-0.114990234375,-0.072998046875,0.09521484375,0.09521484375,0.03857421875,-0.0283203125,0.025146484375,-0.02392578125,-0.000732421875,0.005615234375,-0.060302734375,-0.021484375,0.015625,-0.05712890625,-0.058837890625,0.025390625,-0.014892578125,-0.014892578125,-0.07470703125,0.02685546875,-0.09033203125,-0.03369140625,0.019287109375,-0.067138671875,-0.048583984375,0.080810546875,0.014404296875,-0.14990234375,-0.0439453125,0.087158203125,-0.019775390625,-0.019775390625,0.017333984375,0.037353515625,-0.033447265625,-0.009033203125,-0.0009765625,-0.042724609375,0.016845703125,0.010009765625,-0.07080078125,-0.0126953125,0.033935546875,-0.051513671875,-0.053466796875,0.079833984375,0.035888671875,0.035888671875,-0.136962890625,0.125,0.01318359375,-0.081787109375,-0.0068359375,0.028076171875,-0.033447265625,-0.001220703125,0.0078125,-0.060546875,0.018798828125,0.064208984375,-0.04248046875,-0.04736328125,0.01806640625,-0.0087890625,-0.012451171875,0.056884765625,-0.01416015625,-0.10546875,0.03125,0.067626953125,-0.08447265625,-0.062744140625,0.0673828125,0.013671875,-0.076416015625,0.01953125,0.015869140625,-0.07275390625,0.01953125,0.01953125,-0.087890625,-0.054443359375,0.0439453125,-0.046142578125,-0.09521484375,0.0673828125,0.049072265625,-0.140380859375,-0.06591796875,0.080810546875,0.01220703125,-0.0615234375,0.00146484375,0.00634765625,-0.057373046875,-0.005859375,-0.006103515625,-0.062744140625,0.016845703125,0.048828125,-0.05517578125,-0.055419921875,0.0341796875,-0.0205078125,-0.061279296875,0.065185546875,0.037841796875,-0.11474609375,-0.024169921875,0.09619140625,-0.010498046875,-0.093017578125,0.01953125,0.050537109375,-0.054443359375,-0.012939453125,0.0380859375,-0.021484375,-0.004150390625,0.056640625,-0.008544921875,-0.073974609375,0.016845703125,0.039306640625,-0.050537109375,-0.007568359375,0.034912109375,-0.03125,-0.018310546875,0.001220703125,-0.06201171875,-0.032958984375,0.0927734375,0.010009765625,-0.1513671875,-0.02099609375,0.101318359375,-0.029296875,-0.099609375,0.017578125,0.03955078125,-0.054931640625,-0.0322265625,-0.00244140625,-0.031982421875,0.02099609375,0.024169921875,-0.07861328125,-0.049072265625,0.046875,-0.014892578125,-0.067626953125,0.0322265625,0.01025390625,-0.080322265625,0.014892578125,0.039794921875,-0.078369140625,-0.035888671875,0.110595703125,0.015380859375,-0.158935546875,-0.021484375,0.12109375,-0.0048828125,-0.077392578125,0.002685546875,0.0244140625,-0.0107421875,-0.021240234375,-0.040771484375,-0.040771484375,0.034912109375,0.012939453125,-0.07568359375,0.005126953125,0.048828125,-0.051025390625,-0.046630859375,0.047607421875,-0.01220703125,-0.06884765625,0.052978515625,0.021728515625,-0.111083984375,0.000244140625,0.12255859375,-0.030029296875,-0.15576171875,0.0107421875,0.105224609375,-0.0390625,-0.074462890625,0.0126953125,0.009033203125,-0.032958984375,-0.029541015625,-0.025146484375,-0.014892578125,-0.01806640625,-0.070556640625,0.021484375,0.021484375,0.0224609375,-0.06884765625,-0.00634765625,0.06005859375,-0.029296875,-0.06689453125,0.036865234375,0.0029296875,-0.078857421875,0.035400390625,0.065185546875,-0.092041015625,-0.089599609375,0.068603515625,0.047607421875,-0.089599609375,-0.038818359375,0.034912109375,-0.03955078125,-0.02978515625,0.015869140625,-0.018310546875,-0.01806640625,0.013671875,-0.026611328125,-0.0458984375,-0.006591796875,-0.09326171875,0.035400390625,0.091552734375,0.091552734375,-0.075927734375,-0.11083984375,0.065185546875,0.06396484375,-0.102783203125,-0.048828125,0.056884765625,-0.0185546875,-0.036865234375,0.002197265625,-0.023681640625,-0.019287109375,0.043212890625,-0.004150390625,-0.071533203125,0.029296875,0.029052734375,-0.05419921875,0.02978515625,0.0556640625,-0.07373046875,-0.055908203125,0.064208984375,-0.021240234375,-0.100830078125,0.10546875,-0.11572265625,-0.1181640625,0.05712890625,0.05712890625,-0.041748046875,-0.041748046875,-0.02685546875,-0.01416015625,-0.04541015625,0.02392578125,0.002685546875,-0.0908203125,-0.01513671875,0.066650390625,-0.03076171875,-0.077392578125,0.0263671875,0.017822265625,-0.04736328125,0.025634765625,0.01611328125,-0.10009765625,-0.026611328125,0.084228515625,-0.00830078125,-0.091064453125,0.012939453125,0.031982421875,-0.052001953125,0.001220703125,-0.070556640625,0.008544921875,0.11181640625,-0.025390625,-0.161376953125,0.006591796875,0.006591796875,0.109619140625,-0.082763671875,0.027587890625,0.027587890625,0.022705078125,-0.03125,-0.01025390625,-0.021484375,-0.0498046875,0.04052734375,0.044189453125,-0.0830078125,-0.047119140625,0.03515625,-0.01318359375,-0.044677734375,0.01025390625,0.0125732421875,-0.009765625,0.017333984375,-0.0146484375,-0.0751953125,0.051025390625,0.08544921875,-0.09326171875,-0.1123046875,0.072509765625,0.06640625,-0.078857421875,-0.025390625,0.0263671875,-0.0341796875,-0.00537109375,0.005126953125,-0.02197265625,0.080810546875,-0.0126953125,-0.101318359375,0.025146484375,0.02685546875,-0.0849609375,-0.003662109375,0.080322265625,0.080322265625,-0.048828125,-0.113525390625,0.0517578125,0.07568359375,-0.089599609375,-0.05859375,0.04931640625,-0.0029296875,-0.0439453125,0.003173828125,-0.00390625,-0.039306640625,0.022216796875,0.0185546875,-0.072265625,-0.021484375,0.02587890625,-0.01708984375,0.031982421875,-0.013427734375,-0.0458984375,0.01123046875,-0.036376953125,-0.036376953125,-0.080322265625,0.064453125,0.082763671875,-0.094970703125,-0.102783203125,0.055419921875,0.056396484375,-0.061279296875,-0.041259765625,-0.00439453125,-0.032958984375,0.031005859375,0.035400390625,-0.04443359375,0.079833984375,0.030029296875,-0.106201171875,-0.029296875,0.0546875,0.00244140625,0.00244140625,-0.001708984375,-0.019287109375,-0.06494140625,0.0009765625,0.05908203125,-0.050048828125,-0.094482421875,0.08154296875,0.088623046875,-0.12109375,-0.07958984375,0.029541015625,-0.0888671875,-0.01953125,0.041748046875,-0.02880859375,-0.00830078125,-0.00146484375,-0.00146484375,-0.05712890625,0.001708984375,0.048583984375,-0.03857421875,-0.0634765625,0.0283203125,-0.00634765625,-0.060791015625,0.030517578125,0.00244140625,-0.090087890625,0.0361328125,-0.099609375,-0.046875,0.13037109375,0.033203125,-0.163330078125,-0.033935546875,0.09521484375,0.09521484375,0.00390625,-0.03369140625,0.00146484375,-0.029052734375,-0.03515625,0.043212890625,-0.010498046875,-0.09912109375,0.024658203125,0.084716796875,-0.0908203125,0.016357421875,0.024169921875,-0.0302734375,-0.003173828125,-0.013671875,-0.046875,0.030029296875,0.030029296875,-0.001708984375,-0.075927734375,0.01904296875,0.072265625,-0.06201171875,-0.0869140625,0.066650390625,0.02294921875,-0.092529296875,0.011474609375,0.048828125,-0.076904296875,-0.059326171875,0.04833984375,-0.000732421875,-0.068603515625,0.015869140625,-0.062255859375,0.0166015625,0.013671875,-0.08740234375,-0.016845703125,0.12353515625,0.016357421875,-0.146484375,-0.011962890625,0.102294921875,-0.016357421875,-0.06298828125,0.015380859375,0.015380859375,0.01318359375,-0.01806640625,0.00634765625,-0.0263671875,-0.057373046875,0.03662109375,0.022705078125,-0.09521484375,-0.023193359375,0.04833984375,-0.036376953125,-0.04150390625,0.043701171875,-0.02490234375,-0.082275390625,0.014404296875,-0.109130859375,0.02294921875,0.1279296875,-0.0537109375,-0.15478515625,0.029052734375,0.097412109375,-0.04443359375,-0.0556640625,-0.004638671875,-0.017333984375,0.01806640625,0.017333984375,-0.066650390625,-0.05029296875,-0.05029296875,0.062744140625,0.002197265625,-0.091796875,0.018310546875,0.032470703125,-0.05517578125,0.00927734375,0.03466796875,-0.061767578125,-0.01953125,0.082763671875,-0.03955078125,-0.118896484375,0.06982421875,0.104736328125,-0.089599609375,-0.096923828125,0.039306640625,-0.06787109375,-0.012939453125,0.029541015625,-0.047119140625,-0.029052734375,0.00244140625,-0.029052734375,-0.008544921875,0.01806640625,-0.037353515625,-0.0439453125,0.037353515625,-0.031005859375,-0.08984375,0.0576171875,0.079345703125,-0.10107421875,-0.10791015625,0.08154296875,0.070068359375,-0.0947265625,-0.0947265625,-0.04736328125,0.044189453125,-0.020263671875,-0.03515625,0.003173828125,-0.023193359375,-0.02685546875,0.0341796875,-0.0078125,-0.08203125,0.0,0.011962890625,-0.04345703125,0.0263671875,-0.093505859375,-0.040771484375,0.094970703125,-0.01220703125,-0.113037109375,0.04345703125,0.07421875,-0.064697265625,-0.018310546875,0.035888671875,-0.0615234375,-0.046142578125,0.093017578125,0.0166015625,-0.148193359375,-0.00830078125,0.11083984375,0.11083984375,-0.027099609375,-0.087890625,0.010498046875,0.01416015625,-0.05078125,-0.008056640625,-0.014892578125,-0.04736328125,0.04052734375,0.0234375,-0.0927734375,0.038818359375,-0.035400390625,-0.041259765625,0.05126953125,-0.021728515625,-0.101318359375,0.030517578125,0.01953125,-0.101318359375,0.0048828125,0.11767578125,-0.03857421875,-0.150146484375,0.036376953125,0.10498046875,-0.03955078125,-0.048583984375,0.011962890625,-0.007568359375,-0.007568359375,0.00927734375,0.044677734375,-0.0283203125,-0.07421875,0.048828125,0.054443359375,-0.088134765625,-0.044921875,0.04638671875,0.00390625,0.0048828125,-0.026611328125,-0.052734375,0.031494140625,-0.014404296875,-0.095947265625,0.02978515625,0.087158203125,-0.0517578125,-0.084716796875,0.007568359375,-0.026611328125,-0.073486328125,0.05517578125,0.05322265625,-0.1240234375,-0.073486328125,0.0830078125,0.01025390625,-0.1162109375,-0.1162109375,-0.010009765625,0.062744140625,-0.05517578125,-0.04541015625,0.018798828125,-0.02587890625,-0.018310546875,0.02685546875,-0.02685546875,0.011962890625,-0.010986328125,-0.027099609375,0.08740234375,0.022216796875,-0.139404296875,-0.015625,0.125244140625,-0.015625,-0.1240234375,0.028564453125,0.0693359375,-0.06494140625,-0.0361328125,0.01513671875,-0.02783203125,-0.00048828125,0.031982421875,-0.041259765625,-0.048828125,0.0546875,0.00390625,0.00390625,-0.07763671875,0.03662109375,0.04150390625,-0.074951171875,-0.01708984375,0.041259765625,-0.06005859375,0.0751953125,0.00146484375,-0.133056640625,-0.000244140625,0.071533203125,-0.053955078125,-0.063720703125,0.0244140625,-0.019287109375,-0.07470703125,0.015625,0.002685546875,-0.07470703125,0.018798828125,0.0439453125,-0.060791015625,-0.045654296875,0.030517578125,-0.0146484375,-0.029541015625,0.05615234375,-0.007568359375,-0.0859375,-0.0859375,0.03564453125,0.042236328125,-0.091064453125,-0.030517578125,0.1005859375,-0.1259765625,0.007568359375,0.068603515625,-0.034423828125,-0.018310546875,0.01220703125,-0.04150390625,-0.022705078125,0.051025390625,-0.014404296875,-0.0634765625,0.05712890625,0.0263671875,-0.1083984375,-0.01806640625,0.06689453125,-0.02880859375,-0.05126953125,0.042724609375,-0.003173828125,-0.082275390625,0.014404296875,-0.001708984375,-0.0888671875,0.0185546875,0.0185546875,0.07568359375,-0.073974609375,-0.112548828125,0.064453125,0.04833984375,-0.02783203125,0.07421875,-0.015380859375,-0.050048828125,0.000732421875,-0.0146484375,-0.0185546875,0.040283203125,-0.0244140625,-0.088623046875,0.041748046875,0.03662109375,-0.07861328125,-0.006103515625,0.067626953125,-0.035888671875,-0.064208984375,0.04345703125,-0.0341796875,-0.091552734375,0.090576171875,0.078369140625,-0.126708984375,-0.074951171875,0.084716796875,0.016845703125,-0.071044921875,-0.071044921875,0.019287109375,0.00439453125,0.021728515625,0.049560546875,-0.075439453125,-0.056884765625,0.060546875,0.003173828125,-0.099365234375,-0.004638671875,0.03173828125,-0.034912109375,-0.005126953125,-0.00244140625,-0.059814453125,-0.014404296875,0.043212890625,-0.04248046875,-0.0673828125,0.063232421875,0.017822265625,-0.08984375,0.022705078125,0.043212890625,-0.0859375,-0.0341796875,0.126220703125,0.0146484375,-0.1689453125,-0.005615234375,-0.005615234375,0.123046875,-0.095947265625,0.0224609375,0.039794921875,-0.042236328125,-0.01904296875,-0.004150390625,-0.031494140625,0.041748046875,0.024169921875,-0.081787109375,-0.010498046875,0.0458984375,-0.044921875,-0.042724609375,0.06005859375,-0.00927734375,-0.084716796875,0.03857421875,0.010498046875,-0.104736328125,0.009765625,0.10498046875,-0.0615234375,-0.15869140625,0.026123046875,0.0849609375,-0.052001953125,-0.0419921875,-0.005126953125,-0.005126953125,-0.005615234375,0.039306640625,-0.04931640625,-0.083740234375,0.062744140625,0.055908203125,-0.09375,-0.043212890625,0.026611328125,-0.015869140625,-0.011962890625,0.013427734375,-0.031494140625,-0.02099609375,0.05810546875,-0.03515625,-0.095703125,0.06201171875,0.0556640625,-0.106201171875,-0.04345703125,0.097900390625,0.009033203125,-0.0859375,0.022705078125,0.031005859375,-0.063232421875,0.004638671875,0.034423828125,-0.04248046875,-0.0107421875,0.065673828125,-0.00537109375,-0.0751953125,0.011474609375,-0.011474609375,-0.07470703125,0.043701171875,0.077392578125,-0.078369140625,-0.107421875,0.0517578125,0.0517578125,-0.076171875,-0.031982421875,0.01513671875,-0.03662109375,0.001708984375,0.013427734375,-0.06201171875,-0.040283203125,0.0517578125,-0.01806640625,-0.108642578125,0.019775390625,0.041259765625,-0.058349609375,-0.003662109375,0.025634765625,-0.060791015625,0.0556640625,0.0556640625,-0.041259765625,-0.102783203125,0.070068359375,0.0712890625,-0.117431640625,-0.0673828125,0.087158203125,0.02197265625,-0.08935546875,-0.001708984375,0.047119140625,-0.047119140625,-0.010498046875,0.012939453125,-0.04931640625,-0.00634765625,0.0458984375,-0.036865234375,-0.070556640625,0.042236328125,0.003662109375,-0.06884765625,0.04052734375,0.034423828125,-0.06591796875,0.009033203125,0.05126953125,-0.06494140625,-0.049560546875,0.105712890625,-0.162841796875,-0.010986328125,-0.010986328125,0.092529296875,-0.02783203125,-0.056640625,0.01708984375,-0.01708984375,-0.0703125,0.020263671875,-0.001708984375,-0.071533203125,0.0341796875,0.032958984375,-0.08642578125,-0.038818359375,0.042724609375,-0.04150390625,-0.064453125,0.07763671875,0.025634765625,-0.126220703125,-0.008056640625,0.09033203125,-0.021240234375,-0.07373046875,0.021484375,0.01416015625,-0.0712890625,0.00830078125,-0.0634765625,-0.006103515625,0.04052734375,-0.041748046875,-0.041748046875,-0.0537109375,0.03125,-0.004638671875,-0.04833984375,0.052490234375,0.010498046875,-0.090576171875,0.022216796875,0.04736328125,-0.09228515625,-0.059326171875,0.12451171875,0.041015625,-0.169189453125,-0.035888671875,0.105712890625,-0.01953125,-0.091796875,-0.001953125,0.0224609375,-0.03271484375,-0.003173828125,-0.018798828125,-0.053466796875,0.0478515625,-0.101806640625,-0.018798828125,0.062744140625,-0.035888671875,-0.035888671875,-0.0517578125,0.0771484375,0.009033203125,-0.12255859375,0.007568359375,0.041748046875,-0.078857421875,-0.011962890625,0.09765625,-0.035888671875,-0.149169921875,0.040771484375,0.10400390625,-0.08056640625,-0.0703125,0.04833984375,0.0185546875,-0.0302734375,-0.00830078125,-0.012939453125,-0.013916015625,0.04541015625,-0.0224609375,-0.08984375,0.036376953125,-0.089111328125,-0.0341796875,0.057373046875,-0.025634765625,-0.058837890625,-0.058837890625,0.057373046875,-0.017822265625,-0.11572265625,0.057861328125,0.100341796875,-0.11474609375,-0.135009765625,0.088623046875,0.08984375,-0.103271484375,-0.047607421875,0.06298828125,-0.015380859375,-0.05126953125,-0.02392578125,-0.02197265625,0.009521484375,0.04248046875,-0.032958984375,-0.0791015625,0.032470703125,-0.0078125,-0.101806640625,0.096923828125,-0.07470703125,-0.11572265625,0.079833984375,0.08056640625,-0.099853515625,-0.0458984375,-0.0458984375,0.048583984375,-0.0283203125,-0.0283203125,0.010498046875,-0.010498046875,-0.01904296875,0.034423828125,-0.017578125,-0.096435546875,0.017578125,0.035400390625,-0.06689453125,-0.00341796875,-0.048583984375,-0.07275390625,0.03662109375,0.03662109375,-0.01953125,-0.085205078125,0.06494140625,0.062255859375,-0.103271484375,-0.04833984375,0.077392578125,-0.0078125,-0.08935546875,0.025634765625,-0.07275390625,0.00732421875,0.02978515625,0.02978515625,-0.079833984375,-0.04296875,0.0693359375,0.008544921875,-0.10302734375,-0.002685546875,0.0419921875,-0.038818359375,0.00048828125,-0.04638671875,-0.01416015625,0.022705078125,-0.04931640625,-0.04931640625,-0.029541015625,0.10693359375,0.015380859375,-0.14599609375,-0.00341796875,0.086669921875,-0.043701171875,-0.069091796875,0.029296875,-0.069091796875,0.002685546875,0.008056640625,-0.046875,-0.046875,0.029296875,0.03125,-0.072021484375,-0.047119140625,0.048095703125,-0.005615234375,-0.062255859375,0.028076171875,0.00927734375,0.03466796875,0.02978515625,-0.09814453125,-0.032958984375,0.123291015625,0.123291015625,0.00439453125,-0.177001953125,-0.000244140625,0.1337890625,-0.03369140625,-0.111572265625,0.010986328125,0.05126953125,-0.030517578125,-0.015625,-0.0166015625,0.047607421875,0.00244140625,0.00244140625,-0.08935546875,0.0029296875,0.05615234375,-0.053466796875,-0.058837890625,0.058837890625,0.0107421875,0.029296875,-0.000244140625,-0.108154296875,0.023681640625,0.11767578125,-0.066650390625,-0.066650390625,-0.17138671875,0.049560546875,0.123779296875,-0.07421875,-0.080810546875,0.03759765625,0.0107421875,-0.01708984375,-0.01904296875,-0.017578125,0.04638671875,-0.01806640625,-0.01806640625,-0.101806640625,0.01953125,0.03271484375,-0.06982421875,-0.01953125,0.03955078125,-0.03173828125,0.052734375,-0.042724609375,-0.114501953125,0.069091796875,0.0810546875,0.0810546875,-0.108642578125,-0.072509765625,0.095703125,0.03076171875,-0.1123046875,-0.010986328125,0.065673828125,-0.031005859375,0.001953125,-0.010986328125,0.0146484375,0.030517578125,-0.046875,-0.046875,-0.07568359375,0.04638671875,0.01123046875,-0.09326171875,0.01953125,0.071533203125,-0.052978515625,0.01171875,-0.04248046875,-0.054931640625,0.0810546875,0.015625,0.015625,-0.13525390625,-0.01416015625,0.08447265625,-0.031982421875,-0.083251953125,0.015380859375,-0.060791015625,0.01904296875,0.01123046875,-0.0615234375,0.016357421875,0.041259765625,0.041259765625,-0.0625,-0.0703125,0.05126953125,0.01513671875,-0.068115234375,0.016845703125,-0.078125,0.001708984375,0.0419921875,-0.06494140625,-0.054931640625,-0.054931640625,0.09423828125,0.026611328125,-0.14990234375,-0.010986328125,0.1123046875,-0.025390625,0.0126953125,0.041015625,-0.03662109375,0.000732421875,-0.005859375,-0.066650390625,-0.066650390625,0.025146484375,0.042724609375,-0.067138671875,-0.04833984375,0.017578125,-0.02587890625,0.06787109375,-0.023193359375,-0.121826171875,0.047119140625,0.0673828125,-0.089111328125,-0.089111328125,-0.03857421875,0.069091796875,-0.013916015625,-0.070556640625,0.041015625,-0.014404296875,0.083740234375,0.095458984375,-0.126220703125,-0.123046875,0.081787109375,0.069091796875,-0.07275390625,-0.07275390625,-0.028076171875,0.006591796875,-0.0341796875,0.029296875,0.0,-0.092041015625,0.099365234375,-0.02783203125,-0.142333984375,0.031982421875,0.07568359375,-0.057373046875,-0.035888671875,0.003662109375,0.003662109375,-0.02978515625,0.009521484375,0.044921875,-0.075439453125,0.11572265625,0.060302734375,-0.1611328125,-0.060546875,0.097412109375,0.001220703125,-0.09033203125,0.00927734375,0.00927734375,0.0302734375,-0.054443359375,-0.001220703125,-0.01318359375,-0.063232421875,0.054931640625,-0.077392578125,-0.06591796875,0.06591796875,-0.02490234375,-0.12646484375,0.05908203125,0.103271484375,0.103271484375,-0.109130859375,-0.099853515625,0.080078125,0.050537109375,-0.083984375,0.04541015625,-0.045654296875,-0.01904296875,0.015380859375,-0.030029296875,0.000732421875,0.0341796875,-0.04833984375,-0.0712890625,-0.0712890625,0.04931640625,0.010498046875,-0.09375,0.02490234375,-0.084716796875,-0.0517578125,0.048095703125,-0.022705078125,-0.075439453125,0.066650390625,0.05078125,-0.120361328125,-0.033447265625,-0.033447265625,0.0869140625,-0.001953125,-0.071533203125,0.00048828125,-0.0380859375,0.028564453125,-0.001708984375,-0.08642578125,0.01806640625,0.055419921875,-0.07080078125,-0.066650390625,0.056396484375,0.056396484375,0.00927734375,-0.083251953125,0.01123046875,0.0205078125,0.02783203125,0.01611328125,-0.0947265625,-0.013671875,0.136474609375,0.005859375,-0.185302734375,-0.00830078125,0.13037109375,0.13037109375,-0.031005859375,-0.093505859375,0.011962890625,0.035888671875,-0.01806640625,-0.0126953125,-0.056640625,0.0361328125,0.046875,-0.082275390625,-0.058837890625,0.05029296875,0.020263671875,0.020263671875,-0.052001953125,0.002197265625,0.015869140625,0.014404296875,-0.009521484375,-0.0615234375,0.04833984375,0.06396484375,-0.092529296875,-0.110107421875,0.081298828125,0.064697265625,-0.115478515625,-0.115478515625,-0.04150390625,0.060546875,-0.025390625,-0.001953125,-0.01123046875,-0.0361328125,0.031005859375,-0.002685546875,-0.080322265625,0.0244140625,0.02099609375,-0.091552734375,-0.00927734375,0.09130859375,0.09130859375,-0.0283203125,-0.124755859375,0.063232421875,-0.07666015625,-0.02685546875,0.046875,-0.02685546875,-0.0458984375,0.0283203125,-0.00048828125,-0.040283203125,0.04833984375,0.04833984375,0.0107421875,-0.0927734375,0.013671875,-0.05615234375,-0.01171875,0.069091796875,-0.02734375,-0.08154296875,0.044677734375,-0.014892578125,-0.105712890625,0.061767578125,0.082763671875,-0.10888671875,-0.10888671875,-0.09423828125,0.08349609375,-0.105712890625,-0.009521484375,0.05712890625,-0.052490234375,-0.0390625,0.0302734375,-0.0166015625,-0.052490234375,0.019287109375,0.002685546875,-0.091064453125,-0.091064453125,-0.001220703125,0.04052734375,-0.023681640625,0.036865234375,-0.02490234375,-0.06787109375,0.027587890625,0.01611328125,-0.076416015625,0.01171875,0.047607421875,-0.046875,-0.022705078125,-0.022705078125,0.009033203125,-0.015380859375,0.088134765625,-0.003173828125,-0.1337890625,0.02099609375,0.080322265625,-0.0634765625,-0.05517578125,0.046630859375,0.00146484375,-0.072998046875,-0.072998046875,0.024658203125,-0.085693359375,0.00634765625,0.0732421875,-0.0546875,-0.08154296875,0.034912109375,0.032470703125,-0.051025390625,0.003662109375,0.0078125,0.0078125,0.00439453125,0.00537109375,-0.067138671875,0.01513671875,0.0810546875,-0.0625,-0.1337890625,0.062255859375,0.081787109375,-0.10400390625,-0.056396484375,-0.056396484375,0.070556640625,-0.052490234375,-0.015380859375,-0.00537109375,-0.029541015625,0.02587890625,-0.020751953125,-0.087890625,0.03369140625,0.05029296875,-0.065185546875,-0.035400390625,-0.035400390625,-0.01953125,-0.0537109375,0.05908203125,-0.014892578125,-0.127197265625,0.04833984375,0.12353515625,-0.082763671875,-0.142333984375,0.06396484375,0.0986328125,-0.06201171875,-0.06201171875,0.0126953125,-0.020751953125,0.00390625,0.0029296875,-0.0654296875,-0.02490234375,0.076171875,-0.00439453125,-0.09130859375,0.026123046875,0.010498046875,0.010498046875,0.022705078125,0.0654296875,-0.071044921875,-0.09814453125,0.065185546875,0.051513671875,-0.10107421875,-0.03662109375,0.050537109375,-0.021240234375,-0.05224609375,0.007080078125,0.007080078125,-0.040283203125,0.0166015625,0.009033203125,-0.083251953125,-0.016845703125,0.01904296875,-0.037353515625,0.008544921875,0.041748046875,-0.0595703125,-0.088623046875,0.068603515625,0.038818359375,-0.103271484375,-0.002197265625,0.06689453125,-0.02734375,-0.032958984375,0.00927734375,-0.066162109375,-0.0361328125,0.097900390625,0.007568359375,-0.15087890625,-0.0107421875,0.187255859375,0.03759765625,-0.177734375,-0.085205078125,0.1494140625,0.07958984375,-0.17138671875,-0.07568359375,0.145263671875,0.0419921875,-0.115234375,-0.031494140625,0.027587890625,-0.057861328125,-0.023681640625,0.08642578125,-0.022705078125,-0.119384765625,0.0263671875,0.07080078125,-0.0859375,-0.10009765625,0.066162109375,0.08984375,-0.05322265625,-0.08349609375,0.037841796875,0.077880859375,-0.047119140625,-0.13525390625,0.013427734375,0.094482421875,-0.078857421875,-0.109375,0.02001953125,0.001708984375,-0.043212890625,0.034912109375,-0.050537109375,-0.1513671875,0.080810546875,0.168701171875,-0.142333984375,-0.1806640625,0.162353515625,0.171630859375,-0.163818359375,-0.158203125,0.112060546875,0.04296875,-0.086181640625,-0.005615234375,-0.017578125,-0.092041015625,0.00927734375,0.08935546875,-0.105712890625,-0.10888671875,0.11328125,0.023193359375,-0.131591796875,-0.0087890625,0.06884765625,-0.02880859375,0.01220703125,0.08642578125,-0.058837890625,-0.06005859375,0.11279296875,-0.01123046875,-0.142578125,0.041259765625,0.121337890625,-0.073486328125,-0.09814453125,0.060546875,-0.012939453125,-0.052978515625,0.037109375,-0.0458984375,-0.060302734375,0.097900390625,0.04931640625,-0.13916015625,-0.004150390625,0.179931640625,-0.051025390625,-0.18359375,0.0546875,0.105712890625,-0.037841796875,-0.024658203125,0.011962890625,-0.06787109375,-0.031494140625,0.041015625,-0.10107421875,0.114013671875,0.114013671875,-0.01025390625,-0.155029296875,-0.00341796875,0.0634765625,-0.093017578125,-0.0517578125,0.05126953125,-0.080322265625,-0.034912109375,0.13671875,-0.032470703125,0.04443359375,0.04443359375,0.14013671875,-0.125,-0.15673828125,0.0966796875,0.046875,-0.087158203125,-0.013671875,-0.015625,-0.064453125,0.0302734375,-0.099609375,-0.099609375,-0.00830078125,0.140869140625,-0.0419921875,-0.106689453125,0.072998046875,0.033447265625,-0.078857421875,0.056396484375,0.093017578125,-0.08837890625,-0.00830078125,-0.086181640625,-0.086181640625,-0.126953125,0.12744140625,0.068359375,-0.154052734375,-0.034912109375,0.12353515625,-0.052001953125,-0.077392578125,0.069091796875,-0.046875,0.067138671875,0.042724609375,0.042724609375,-0.0966796875,0.010009765625,0.0732421875,-0.1181640625,-0.07275390625,0.101318359375,-0.0517578125,-0.115966796875,0.066650390625,0.007568359375,-0.00830078125,0.097900390625,0.097900390625,-0.13232421875,-0.114501953125,0.1298828125,0.01171875,-0.15283203125,-0.00634765625,0.084716796875,-0.052001953125,-0.033447265625,-0.05615234375,-0.048583984375,-0.048583984375,0.091064453125,-0.010498046875,-0.09521484375,0.05029296875,0.060791015625,-0.0966796875,-0.027099609375,0.091064453125,-0.065185546875,-0.055419921875,0.105224609375,-0.114013671875,0.06884765625,0.080322265625,0.080322265625,-0.124267578125,-0.009521484375,0.177734375,-0.05908203125,-0.17626953125,0.07373046875,0.101318359375,-0.094970703125,-0.041748046875,0.09130859375,-0.091552734375,0.03076171875,-0.02490234375,-0.02490234375,-0.05078125,0.05859375,-0.022216796875,-0.1318359375,0.010009765625,0.0888671875,-0.10302734375,-0.069091796875,0.093505859375,-0.052734375,0.0830078125,0.018310546875,-0.125732421875,-0.125732421875,0.03759765625,0.120361328125,-0.126220703125,-0.12158203125,0.11474609375,0.01416015625,-0.09716796875,0.039306640625,0.02783203125,-0.103271484375,0.0810546875,-0.09130859375,-0.057373046875,-0.057373046875,0.1337890625,-0.00537109375,-0.133056640625,0.02978515625,0.072021484375,-0.072998046875,-0.020751953125,0.063720703125,-0.06689453125,0.099853515625,-0.059814453125,-0.14208984375,0.080810546875,0.080810546875,0.107421875,-0.139404296875,-0.11572265625,0.094970703125,0.01416015625,-0.056640625,0.028076171875,-0.043701171875,-0.08447265625,0.052490234375,0.039794921875,0.005126953125,0.109130859375,-0.0849609375,-0.09521484375,-0.09521484375,0.083984375,-0.007080078125,-0.093017578125,0.055908203125,0.04248046875,-0.119873046875,0.00830078125,0.134521484375,-0.109130859375,0.14111328125,0.06298828125,-0.174072265625,-0.0322265625,-0.0322265625,0.161865234375,-0.025146484375,-0.12841796875,0.052734375,0.029541015625,-0.07861328125,0.0087890625,0.02978515625,-0.005126953125,0.067138671875,-0.081298828125,-0.087890625,0.07861328125,0.07861328125,-0.014404296875,-0.10400390625,0.029541015625,0.0283203125,-0.08447265625,-0.0146484375,0.04296875,-0.041259765625,0.146484375,-0.041748046875,-0.177734375,-0.177734375,0.04931640625,0.108642578125,-0.105712890625,-0.067138671875,0.114501953125,-0.020751953125,-0.11328125,0.0068359375,-0.07763671875,0.037841796875,0.0380859375,-0.10400390625,-0.10400390625,-0.029052734375,0.093505859375,-0.049560546875,-0.043701171875,0.0869140625,-0.057861328125,-0.088623046875,0.055908203125,-0.149658203125,0.021484375,0.1845703125,-0.089111328125,-0.089111328125,-0.1513671875,0.1171875,0.064208984375,-0.12255859375,-0.00537109375,0.084716796875,-0.065673828125,0.06298828125,-0.052978515625,-0.07861328125,0.06689453125,0.06689453125,-0.00390625,-0.0947265625,0.014892578125,0.035888671875,-0.1015625,-0.017822265625,0.087646484375,-0.08837890625,0.1044921875,-0.005126953125,-0.15576171875,0.026611328125,0.026611328125,0.13427734375,-0.103271484375,-0.1455078125,0.072509765625,0.017578125,-0.067138671875,-0.009765625,-0.122314453125,0.001953125,0.106689453125,-0.088134765625,-0.088134765625,-0.09326171875,0.12060546875,0.02587890625,-0.1162109375,-0.000732421875,0.049072265625,0.00732421875,0.051513671875,-0.076416015625,-0.02587890625,0.131103515625,-0.04638671875,-0.141845703125,-0.141845703125,0.087890625,0.099609375,-0.140380859375,-0.087158203125,0.126708984375,0.01123046875,-0.07275390625,-0.024658203125,-0.083984375,0.043212890625,0.030517578125,-0.101318359375,0.013671875,0.013671875,0.10546875,-0.09619140625,-0.093017578125,0.087890625,-0.0322265625,-0.10498046875,0.016845703125,-0.125244140625,0.016845703125,0.092529296875,-0.1513671875,-0.0927734375,0.162109375,0.162109375,-0.003173828125,-0.175048828125,0.01904296875,0.092529296875,-0.07373046875,-0.025390625,-0.068359375,-0.079833984375,0.0791015625,-0.01708984375,-0.093505859375,0.06689453125,0.066650390625,0.066650390625,-0.1318359375,-0.060546875,0.1171875,-0.029541015625,-0.081298828125,0.057373046875,-0.084716796875,0.051513671875,0.06103515625,-0.13037109375,-0.032958984375,0.166015625,-0.034912109375,-0.172119140625,0.035400390625,0.0888671875,-0.06298828125,-0.06396484375,-0.034912109375,-0.066162109375,-0.0380859375,0.0869140625,0.0869140625,-0.1025390625,-0.1025390625,0.07421875,0.0283203125,-0.11376953125,0.0009765625,0.081787109375,-0.080810546875,-0.034423828125,0.09228515625,-0.07958984375,-0.08837890625,0.119384765625,0.013916015625,-0.166748046875,0.037841796875,-0.11474609375,-0.158447265625,0.106689453125,0.03662109375,-0.0498046875,-0.1220703125,0.0830078125,0.076904296875,-0.087646484375,-0.06005859375,0.07958984375,-0.03955078125,0.07373046875,-0.020263671875,-0.08642578125,0.052490234375,0.03271484375,-0.125244140625,-0.0048828125,0.135009765625,-0.07958984375,-0.07958984375,-0.143798828125,0.067138671875,0.039306640625,0.0126953125,-0.0126953125,-0.119873046875,0.01171875,0.113525390625,-0.094482421875,-0.087646484375,0.1123046875,-0.00048828125,-0.109375,0.034912109375,0.051513671875,-0.0810546875,-0.0810546875,0.012939453125,0.084716796875,-0.107421875,-0.067626953125,-0.009521484375,-0.170654296875,0.03369140625,0.140380859375,-0.08251953125,-0.118896484375,0.07421875,0.014404296875,0.014404296875,-0.0546875,0.033935546875,-0.018310546875,0.029296875,0.0732421875,-0.078857421875,-0.03271484375,0.1064453125,-0.037841796875,-0.1015625,0.05078125,0.013916015625,0.013916015625,-0.080810546875,0.043701171875,0.065673828125,-0.0576171875,0.11962890625,-0.06298828125,-0.1328125,0.101318359375,0.05908203125,-0.171142578125,-0.0546875,0.142822265625,0.142822265625,-0.03759765625,-0.106201171875,0.010009765625,-0.10791015625,0.013671875,0.042236328125,-0.06787109375,0.014892578125,0.0703125,-0.11083984375,-0.072265625,-0.072265625,0.119384765625,-0.02587890625,0.058837890625,0.03955078125,-0.122802734375,0.00341796875,0.1025390625,-0.108154296875,-0.069091796875,0.142333984375,-0.02734375,-0.02734375,-0.16650390625,0.0458984375,-0.093505859375,-0.02392578125,0.11376953125,-0.05517578125,-0.0869140625,0.070068359375,-0.026123046875,-0.093017578125,0.070556640625,0.070556640625,0.056884765625,-0.119384765625,0.10595703125,-0.07763671875,-0.07373046875,0.09619140625,-0.024658203125,-0.101806640625,0.075439453125,0.0556640625,-0.13330078125,-0.13330078125,0.00537109375,-0.095458984375,-0.16552734375,0.095947265625,0.082275390625,-0.107421875,-0.02197265625,0.083984375,-0.060302734375,-0.08251953125,0.045166015625,0.045166015625,-0.031005859375,-0.05126953125,-0.003173828125,-0.142333984375,-0.000732421875,0.111572265625,-0.07421875,-0.109130859375,0.04736328125,-0.01123046875,-0.044677734375,-0.044677734375,-0.021240234375,-0.153564453125,0.028076171875,0.150390625,-0.115478515625,-0.16845703125,0.1083984375,0.08349609375,-0.09716796875,-0.0322265625,0.03564453125,-0.057373046875,-0.080810546875,-0.033203125,-0.0634765625,-0.034423828125,0.109130859375,-0.028076171875,-0.110595703125,0.052734375,0.064697265625,0.043701171875,0.017333984375,0.1025390625,-0.08642578125,-0.05517578125,0.11376953125,-0.051025390625,-0.13623046875,0.097412109375,0.0966796875,-0.1474609375,-0.1474609375,-0.061279296875,-0.0234375,-0.119384765625,0.07080078125,0.025146484375,-0.119384765625,-0.005859375,0.07861328125,-0.047607421875,-0.073974609375,0.0576171875,-0.023681640625,-0.064697265625,0.095703125,-0.03271484375,-0.1162109375,-0.1162109375,0.064453125,-0.134033203125,-0.026123046875,0.10498046875,-0.10498046875,-0.091552734375,0.1357421875,0.006591796875,-0.15478515625,0.015869140625,0.096923828125,-0.097900390625,-0.056640625,-0.056640625,-0.04248046875,-0.090576171875,0.066162109375,0.010498046875,-0.09326171875,0.03076171875,0.0556640625,-0.114501953125,-0.035888671875,0.10986328125,-0.070068359375,-0.087890625,0.09716796875,0.007568359375,-0.113525390625,0.02978515625,0.073486328125,-0.115966796875,-0.020751953125,-0.020751953125,-0.060791015625,-0.16455078125,0.053466796875,0.071044921875,-0.08740234375,-0.002685546875,0.086181640625,-0.0849609375,-0.079345703125,0.091796875,-0.0283203125,-0.119140625,0.043701171875,0.062255859375,-0.097900390625,-0.050537109375,0.085205078125,-0.03515625,-0.05859375,0.043212890625,-0.054931640625,-0.0751953125,0.09033203125,0.047119140625,-0.135498046875,0.00048828125,0.16015625,-0.074462890625,-0.166748046875,0.06640625,0.072998046875,-0.0517578125,0.00341796875,0.031005859375,-0.0712890625,-0.008056640625,0.074462890625,-0.087158203125,-0.057861328125,0.1162109375,-0.00732421875,-0.1240234375,0.017333984375,0.033935546875,-0.09765625,0.00146484375,0.0654296875,-0.119873046875,-0.05859375,0.1279296875,-0.052490234375,-0.16748046875,0.0732421875,0.11474609375,-0.140869140625,-0.089111328125,0.11328125,-0.019775390625,-0.068115234375,0.0751953125,-0.01171875,-0.134765625,0.0087890625,0.076416015625,-0.078125,-0.013671875,0.1162109375,-0.05859375,-0.11279296875,0.073974609375,0.044189453125,-0.088134765625,0.010009765625,0.06884765625,-0.069580078125,-0.0146484375,0.1005859375,-0.078125,-0.11669921875,0.11328125,0.090087890625,-0.139404296875,-0.060791015625,0.139404296875,-0.00146484375,-0.11328125,0.022705078125,0.0068359375,-0.07763671875,0.01318359375,0.0380859375,-0.071533203125,-0.017333984375,0.070556640625,-0.068603515625,-0.083984375,0.046142578125,-0.03173828125,-0.05859375,0.06787109375,-0.007568359375,-0.139404296875,0.022705078125,0.109375,-0.141357421875,-0.111572265625,0.165283203125,0.045166015625,-0.163818359375,0.085205078125,0.085205078125,-0.04736328125,-0.0302734375,0.0576171875,-0.0732421875,-0.060302734375,0.08740234375,-0.022216796875,-0.09619140625,0.055908203125,0.03857421875,-0.116455078125,0.000244140625,0.107177734375,-0.079833984375,-0.045166015625,0.114013671875,-0.056640625,-0.12890625,0.105224609375,0.08984375,-0.163330078125,-0.0361328125,0.175537109375,-0.052490234375,-0.1787109375,0.056884765625,0.09228515625,-0.0830078125,-0.0361328125,0.0712890625,-0.04931640625,-0.071533203125,0.061279296875,-0.024169921875,-0.0849609375,0.037353515625,0.03076171875,-0.06494140625,-0.009033203125,0.0419921875,-0.068603515625,-0.02734375,0.0615234375,-0.078857421875,-0.078857421875,0.096435546875,0.016357421875,-0.1484375,0.0078125,0.136474609375,-0.078857421875,-0.14111328125,0.060546875,0.041259765625,0.03271484375,0.00927734375,0.00927734375,-0.10205078125,-0.00732421875,0.098388671875,-0.064697265625,-0.074462890625,0.105224609375,0.031005859375,-0.107666015625,-0.021240234375,0.025146484375,-0.053955078125,0.015625,0.058837890625,-0.106201171875,-0.072021484375,0.107421875,-0.014892578125,0.034912109375,0.021484375,0.021484375,-0.0595703125,0.021240234375,0.110595703125,-0.1083984375,-0.091552734375,0.144287109375,0.020751953125,-0.173583984375,-0.012939453125,0.11083984375,-0.030029296875,-0.03125,-0.068115234375,-0.068115234375,-0.065185546875,0.088623046875,-0.017822265625,-0.109619140625,0.060791015625,0.083740234375,-0.087158203125,-0.0341796875,-0.070068359375,-0.048095703125,-0.048095703125,0.112548828125,-0.0244140625,-0.12353515625,0.07373046875,0.080810546875,-0.137939453125,-0.039794921875,0.1318359375,-0.0595703125,0.060546875,0.060546875,0.037353515625,-0.091552734375,0.014404296875,0.057861328125,-0.111572265625,-0.064697265625,0.086181640625,-0.0400390625,-0.069580078125,-0.007080078125,-0.007080078125,-0.127197265625,0.018798828125,0.06982421875,-0.1005859375,-0.02734375,0.10400390625,-0.0732421875,-0.095458984375,0.10498046875,-0.158203125,0.0224609375,0.0224609375,0.12646484375,-0.109130859375,-0.114501953125,0.119140625,0.020263671875,-0.1396484375,0.010009765625,0.084716796875,-0.05712890625,0.075927734375,0.075927734375,-0.009521484375,-0.041015625,0.049072265625,-0.036376953125,-0.073486328125,0.0673828125,0.027587890625,-0.113525390625,0.104248046875,-0.080322265625,-0.080322265625,-0.063232421875,0.097900390625,-0.0400390625,-0.11669921875,0.10302734375,0.090576171875,-0.1611328125,-0.075927734375,-0.030517578125,-0.12548828125,0.0693359375,0.0693359375,0.053955078125,-0.089599609375,-0.012451171875,0.0390625,-0.076416015625,-0.00390625,0.0908203125,-0.12646484375,0.094970703125,0.048828125,0.048828125,-0.109130859375,-0.014404296875,0.032470703125,-0.07470703125,0.00439453125,0.088134765625,-0.11181640625,0.15380859375,0.06103515625,-0.17529296875,-0.050537109375,-0.050537109375,0.112548828125,-0.012939453125,-0.03955078125,0.04052734375,-0.057373046875,-0.053466796875,0.08251953125,-0.016845703125,0.051513671875,0.1064453125,0.1064453125,-0.09619140625,-0.066650390625,0.079345703125,-0.04931640625,-0.06982421875,0.06884765625,-0.120361328125,0.064453125,0.099365234375,0.099365234375,-0.143798828125,-0.084228515625,0.148193359375,0.001708984375,-0.162841796875,0.069091796875,-0.041015625,-0.0029296875,-0.0029296875,0.05224609375,-0.08740234375,-0.077392578125,0.080078125,-0.017333984375,-0.090087890625,0.055419921875,0.04443359375,-0.09033203125,-0.01171875,0.071044921875,-0.0703125,0.106689453125,-0.046875,-0.109619140625,0.091064453125,0.091064453125,0.058349609375,-0.135009765625,-0.004638671875,0.131591796875,-0.0791015625,-0.123779296875,0.082763671875,0.02294921875,-0.086181640625,0.033447265625,0.031982421875,-0.12451171875,-0.026123046875,0.09765625,-0.07568359375,0.09765625,-0.021240234375,-0.12451171875,-0.12451171875,0.049072265625,0.060546875,-0.10986328125,-0.004150390625,0.1005859375,-0.083740234375,-0.074462890625,0.10009765625,-0.140380859375,0.076416015625,0.097900390625,-0.136962890625,-0.084228515625,0.093994140625,-0.039306640625,-0.084228515625,-0.084228515625,0.059326171875,-0.0078125,-0.115234375,0.024658203125,0.082763671875,-0.08447265625,-0.04541015625,0.10400390625,-0.01611328125,-0.10205078125,0.02099609375,-0.0302734375,0.0556640625,0.034423828125,-0.115478515625,-0.021484375,0.1171875,0.1171875,-0.04443359375,-0.082763671875,0.07861328125,0.0107421875,-0.103515625,0.035400390625,-0.1318359375,-0.055908203125,0.141845703125,-0.0302734375,-0.169189453125,-0.169189453125,0.033203125,0.1005859375,-0.0712890625,-0.052734375,0.047119140625,-0.05810546875,0.07421875,-0.03564453125,-0.103271484375,0.056396484375,0.042236328125,-0.11474609375,-0.11474609375,-0.024658203125,0.07421875,-0.081298828125,-0.054931640625,0.097412109375,-0.0439453125,-0.12255859375,0.062255859375,-0.147216796875,-0.02734375,0.154296875,-0.0419921875,-0.14111328125,0.046142578125,0.046142578125,0.04052734375,-0.060791015625,0.037109375,0.03564453125,-0.019775390625,0.1103515625,-0.058837890625,-0.08642578125,0.087646484375,0.00341796875,-0.1123046875,0.0322265625,0.0322265625,0.06494140625,-0.086669921875,-0.0048828125,0.0810546875,-0.107666015625,0.126953125,0.0009765625,-0.15673828125,0.044189453125,0.114990234375,-0.115234375,-0.10791015625,-0.10791015625,0.1083984375,0.015869140625,-0.1162109375,0.02392578125,0.05126953125,-0.08642578125,0.062255859375,-0.041015625,-0.06103515625,0.041259765625,-0.01806640625,-0.042724609375,-0.042724609375,0.0537109375,-0.01513671875,-0.1015625,0.05078125,0.107421875,-0.10107421875,0.079345703125,0.01318359375,-0.06201171875,0.038330078125,0.0048828125,0.0048828125,-0.09326171875,0.01220703125,0.07568359375,-0.084716796875,-0.044189453125,0.112548828125,-0.1279296875,0.05078125,0.044677734375,-0.108642578125,0.007568359375,0.122802734375,-0.078125,-0.078125,-0.13134765625,0.08642578125,0.044921875,-0.093994140625,0.0517578125,-0.08837890625,-0.044921875,0.07568359375,-0.04931640625,-0.067138671875,0.069091796875,0.069091796875,-0.020751953125,-0.111328125,0.037353515625,0.06103515625,-0.008056640625,0.075927734375,-0.081787109375,-0.06298828125,0.10888671875,-0.021240234375,-0.128173828125,0.06982421875,0.09765625,0.09765625,-0.12841796875,-0.080810546875,0.118896484375,-0.106201171875,0.047119140625,0.048583984375,-0.07470703125,-0.023681640625,0.02294921875,0.02294921875,-0.064453125,0.004150390625,-0.075439453125,-0.090576171875,0.08837890625,0.013427734375,-0.1123046875,0.024658203125,0.06640625,0.06640625,-0.0908203125,-0.0380859375,-0.067138671875,-0.091064453125,0.103759765625,0.035400390625,-0.1728515625,-0.057861328125,0.124267578125,0.124267578125,-0.01708984375,-0.102783203125,0.030029296875,-0.09716796875,-0.022216796875,0.0390625,-0.04443359375,-0.0126953125,0.05810546875,0.05810546875,-0.0556640625,0.0673828125,0.0107421875,-0.091064453125,0.005859375,0.038330078125,-0.045166015625,0.000244140625,0.000244140625,0.053955078125,-0.070556640625,0.10498046875,0.0,-0.1435546875,0.021484375,0.114013671875,-0.06396484375,-0.06396484375,-0.076416015625,0.078369140625,-0.099853515625,0.021484375,0.02734375,-0.052001953125,0.020751953125,0.024169921875,-0.085205078125,-0.085205078125,-0.022705078125,-0.072021484375,-0.07373046875,0.09912109375,-0.0029296875,-0.12646484375,0.031494140625,0.054443359375,0.054443359375,-0.133056640625,0.147216796875,-0.06396484375,-0.16796875,0.0830078125,0.083984375,-0.121826171875,-0.033447265625,-0.033447265625,0.076904296875,-0.08056640625,0.0576171875,-0.024169921875,-0.057373046875,0.088134765625,-0.00537109375,-0.147705078125,-0.147705078125,0.02294921875,-0.066650390625,-0.0732421875,0.0712890625,-0.027099609375,-0.062744140625,0.07861328125,-0.0166015625,-0.1484375,-0.1484375,0.05419921875,-0.100830078125,-0.146484375,0.083984375,0.045166015625,-0.07958984375,0.005615234375,0.002197265625,0.002197265625,-0.078857421875,0.064208984375,-0.100830078125,-0.05859375,0.110107421875,-0.013916015625,-0.10400390625,0.04052734375,0.026611328125,0.026611328125,0.02734375,0.071533203125,-0.106689453125,-0.063720703125,0.124267578125,-0.032470703125,-0.153564453125,0.0693359375,0.0693359375,-0.122802734375,-0.11962890625,0.078125,0.013427734375,-0.051025390625,0.043701171875,-0.032958984375,-0.1044921875,-0.1044921875,0.06005859375,-0.094970703125,-0.0205078125,0.097900390625,-0.057861328125,-0.08740234375,0.076416015625,0.0526123046875,-0.014404296875,0.0654296875,0.03466796875,-0.138671875,-0.005859375,0.128173828125,-0.095947265625,-0.095947265625,0.119384765625,0.02294921875,-0.15576171875,0.00439453125,0.09716796875,-0.060791015625,-0.02978515625,0.082275390625,0.082275390625,-0.0947265625,0.078125,0.009033203125,-0.107666015625,0.04248046875,0.08837890625,-0.10107421875,-0.068115234375,0.0869140625,-0.03662109375,-0.0888671875,0.05322265625,0.005126953125,-0.0869140625,0.03564453125,0.05712890625,-0.12353515625,-0.05419921875,0.1376953125,-0.010498046875,-0.160888671875,-0.000244140625,0.070556640625,-0.02392578125,0.00244140625,0.02587890625,-0.089111328125,-0.050048828125,0.082275390625,-0.0283203125,-0.0849609375,0.064453125,0.031494140625,-0.10595703125,-0.01220703125,0.05615234375,-0.076416015625,-0.0283203125,0.095458984375,-0.05615234375,-0.10400390625,0.106689453125,0.0634765625,-0.1572265625,-0.0322265625,0.15625,-0.03857421875,-0.1572265625,0.056884765625,0.079345703125,-0.087646484375,-0.03857421875,0.04736328125,-0.053955078125,-0.061279296875,0.051025390625,-0.024169921875,-0.074462890625,0.050537109375,0.015380859375,-0.094970703125,-0.00146484375,0.0556640625,-0.05322265625,-0.02587890625,0.064453125,-0.04443359375,-0.06298828125,0.072265625,-0.023681640625,-0.117919921875,0.0673828125,0.0986328125,-0.12744140625,-0.098876953125,0.114501953125,0.005615234375,-0.1162109375,0.044189453125,0.04541015625,-0.106201171875,-0.02783203125,0.0712890625,-0.036865234375,-0.034423828125,0.05859375,-0.0517578125,-0.075927734375
Prusa_B,-0.03125,-0.036865234375,-0.0625,-0.072998046875,-0.0615234375,-0.0078125,0.0634765625,0.086181640625,0.065673828125,0.028076171875,-0.0283203125,-0.0732421875,-0.0771484375,-0.05810546875,-0.0411376953125,-0.0032958984375,0.00927734375,-0.0146484375,0.0126953125,-0.030029296875,0.0029296875,0.0517578125,0.042236328125,0.029541015625,0.031494140625,-0.01708984375,-0.01708984375,-0.046630859375,-0.016357421875,-0.032958984375,-0.06884765625,-0.014404296875,0.0048828125,-0.02734375,0.04296875,0.045166015625,-0.03759765625,0.016845703125,0.04052734375,-0.004638671875,0.030517578125,-0.000244140625,-0.071533203125,-0.043701171875,-0.047119140625,-0.082763671875,-0.0341796875,0.0,0.051025390625,0.000244140625,-0.046142578125,-0.022216796875,-0.044189453125,-0.06884765625,-0.027099609375,-0.01611328125,-0.01708984375,-0.01708984375,0.01513671875,-0.036865234375,-0.061767578125,-0.009765625,-0.01708984375,-0.0166015625,0.021240234375,-0.030517578125,-0.008544921875,-0.02880859375,-0.065185546875,0.003173828125,0.011962890625,-0.016845703125,-0.002197265625,0.022705078125,0.002197265625,-0.01611328125,0.00146484375,0.00146484375,-0.000244140625,0.01611328125,0.035400390625,0.014892578125,-0.000244140625,-0.002197265625,-0.024169921875,-0.0146484375,0.0107421875,-0.001220703125,-0.00634765625,0.01318359375,0.014404296875,-0.017578125,-0.03955078125,-0.038818359375,-0.02197265625,-0.004150390625,0.01513671875,0.0322265625,0.00830078125,-0.064453125,-0.031494140625,0.0302734375,0.043212890625,-0.0234375,-0.072021484375,-0.04736328125,-0.011474609375,-0.017333984375,-0.038818359375,-0.038818359375,-0.031494140625,0.01025390625,0.03857421875,0.0048828125,-0.0517578125,-0.00732421875,-0.0068359375,-0.030029296875,-0.05224609375,-0.041015625,0.00927734375,-0.00244140625,-0.04541015625,-0.003662109375,-0.003662109375,0.06201171875,0.050048828125,-0.00146484375,-0.012451171875,0.00048828125,-0.025634765625,-0.04638671875,-0.009765625,-0.003662109375,-0.029541015625,-0.03369140625,0.004638671875,0.0087890625,-0.01513671875,0.013427734375,0.013427734375,0.037109375,0.022216796875,0.00537109375,-0.0126953125,-0.036865234375,-0.049560546875,-0.03564453125,0.036376953125,-0.013427734375,-0.0439453125,-0.017578125,0.01123046875,0.003662109375,-0.022216796875,-0.01513671875,0.037109375,0.021240234375,-0.070556640625,-0.084228515625,-0.037109375,-0.008544921875,-0.007568359375,-0.003173828125,-0.0009765625,0.0078125,0.009033203125,0.009033203125,-0.019287109375,-0.037353515625,-0.03125,-0.013671875,-0.00048828125,-0.00048828125,-0.013916015625,-0.009033203125,-0.01513671875,-0.03759765625,-0.03564453125,0.000244140625,0.0166015625,-0.010986328125,-0.010498046875,-0.011962890625,-0.017333984375,-0.0166015625,0.0087890625,0.013671875,-0.013427734375,-0.0146484375,0.00537109375,-0.017333984375,-0.017333984375,-0.04833984375,0.001220703125,-0.014404296875,-0.031005859375,-0.03466796875,0.001220703125,0.026123046875,0.00146484375,0.00146484375,-0.005615234375,0.025146484375,-0.023193359375,-0.002197265625,0.007568359375,-0.010498046875,-0.01953125,-0.025634765625,-0.025634765625,-0.024658203125,-0.006591796875,-0.005615234375,-0.008056640625,-0.012451171875,-0.02392578125,-0.015380859375,-0.011474609375,-0.029296875,-0.029296875,-0.031494140625,-0.016357421875,-0.015380859375,-0.008056640625,-0.01953125,-0.020263671875,-0.01123046875,-0.014404296875,-0.014404296875,-0.00390625,-0.010498046875,-0.014892578125,-0.034912109375,-0.052490234375,-0.01123046875,0.03271484375,0.02294921875,0.02294921875,-0.005615234375,-0.0107421875,-0.0126953125,-0.0322265625,-0.01318359375,0.02880859375,0.01953125,-0.025146484375,-0.025146484375,-0.0546875,-0.006103515625,-0.0068359375,-0.0341796875,-0.012939453125,0.020263671875,-0.0078125,-0.025390625,-0.00537109375,-0.00537109375,-0.007080078125,0.008056640625,0.00830078125,-0.020263671875,-0.054931640625,-0.034912109375,-0.00048828125,0.00390625,0.00390625,0.0107421875,-0.001220703125,-0.027099609375,-0.002685546875,0.03173828125,0.0302734375,-0.00244140625,-0.049560546875,-0.049560546875,-0.013916015625,-0.02783203125,-0.03857421875,-0.01806640625,0.000732421875,0.009765625,0.017822265625,-0.0048828125,-0.0048828125,-0.039306640625,-0.041015625,-0.02001953125,-0.003173828125,-0.00927734375,-0.00537109375,-0.0244140625,-0.05810546875,-0.05810546875,0.0625,0.036865234375,-0.01806640625,-0.052978515625,-0.04150390625,-0.006591796875,-0.01171875,-0.0166015625,0.01123046875,0.01123046875,-0.0380859375,-0.028076171875,0.0146484375,0.01318359375,-0.002197265625,-0.002685546875,-0.012939453125,-0.017333984375,-0.017333984375,-0.048828125,-0.034912109375,-0.010498046875,0.009521484375,0.031005859375,0.01806640625,-0.033935546875,-0.036865234375,-0.036865234375,0.00732421875,-0.018310546875,-0.022216796875,-0.01513671875,-0.020751953125,-0.030029296875,-0.01611328125,0.02197265625,0.02197265625,0.005126953125,-0.01708984375,-0.00732421875,0.0009765625,-0.02294921875,-0.043212890625,-0.0283203125,-0.021728515625,-0.009521484375,0.00244140625,-0.010986328125,-0.03662109375,-0.03271484375,-0.003173828125,0.035400390625,0.02685546875,-0.023193359375,-0.038330078125,-0.033935546875,-0.056640625,-0.0439453125,0.006591796875,0.012939453125,0.002685546875,0.0009765625,-0.001220703125,0.020263671875,0.006103515625,-0.037353515625,-0.01220703125,0.02294921875,-0.019287109375,-0.0537109375,-0.03466796875,-0.0166015625,-0.010009765625,0.0029296875,0.01123046875,0.014404296875,-0.00634765625,-0.040283203125,-0.018798828125,-0.00537109375,-0.025390625,-0.0244140625,0.000732421875,-0.0166015625,-0.039794921875,-0.009765625,0.013916015625,0.004150390625,-0.008056640625,0.00390625,0.01318359375,-0.010986328125,-0.03955078125,-0.052978515625,-0.03076171875,-0.00537109375,0.0048828125,0.02978515625,0.030029296875,-0.0087890625,-0.025634765625,-0.004638671875,-0.007080078125,-0.03173828125,-0.029541015625,0.00146484375,-0.010009765625,-0.048095703125,-0.034423828125,0.001708984375,0.01318359375,-0.01025390625,-0.02392578125,-0.01513671875,-0.015869140625,-0.033447265625,-0.02783203125,-0.009033203125,-0.017333984375,-0.01171875,0.005615234375,0.011962890625,-0.00830078125,-0.014892578125,0.0068359375,0.01513671875,-0.016845703125,-0.02587890625,-0.00830078125,-0.005615234375,-0.02685546875,-0.033935546875,-0.00830078125,-0.01171875,-0.023681640625,-0.0126953125,0.0087890625,-0.001220703125,-0.027099609375,-0.0107421875,0.02685546875,0.01416015625,-0.03564453125,-0.058837890625,-0.03564453125,-0.04248046875,-0.0302734375,0.0244140625,0.03271484375,-0.00439453125,-0.03271484375,-0.017578125,-0.008056640625,-0.036865234375,-0.012451171875,0.02880859375,0.008544921875,0.001708984375,-0.003662109375,-0.002197265625,-0.011474609375,-0.032470703125,-0.034423828125,-0.021240234375,-0.000732421875,-0.003662109375,-0.004150390625,0.009033203125,-0.009765625,-0.050537109375,-0.054931640625,-0.029541015625,0.00146484375,0.009765625,0.0029296875,0.003662109375,-0.006591796875,-0.03955078125,-0.04638671875,-0.012939453125,-0.025146484375,-0.04345703125,0.048583984375,0.048583984375,0.023681640625,0.000732421875,0.005859375,-0.03759765625,-0.083251953125,-0.031005859375,0.037109375,-0.033935546875,-0.033935546875,-0.033935546875,0.02880859375,0.025634765625,0.00341796875,-0.025390625,-0.044921875,-0.034423828125,-0.028076171875,-0.028076171875,0.01171875,0.015869140625,-0.017822265625,-0.02197265625,0.01416015625,-0.00732421875,-0.043212890625,0.028564453125,0.028564453125,-0.008056640625,-0.0341796875,-0.0234375,-0.029541015625,-0.0361328125,0.018798828125,0.06201171875,-0.039794921875,-0.039794921875,-0.03857421875,-0.004638671875,-0.026611328125,-0.063232421875,-0.03125,0.0419921875,0.039306640625,-0.067138671875,-0.067138671875,-0.017333984375,-0.001220703125,-0.015869140625,0.01318359375,0.03369140625,0.00732421875,-0.044921875,-0.03857421875,-0.03857421875,-0.056396484375,-0.052734375,0.03515625,0.0703125,-0.00048828125,-0.033935546875,-0.006103515625,-0.013427734375,-0.0068359375,-0.0068359375,0.0283203125,-0.005615234375,-0.069091796875,-0.0751953125,-0.016845703125,0.023681640625,0.005615234375,0.048828125,0.048828125,0.04150390625,-0.036865234375,-0.087646484375,-0.04931640625,-0.019287109375,-0.016845703125,0.033447265625,-0.0283203125,-0.0283203125,-0.093017578125,-0.056396484375,0.033935546875,0.038818359375,0.011474609375,0.028076171875,-0.06640625,-0.10546875,-0.10546875,-0.02587890625,0.046630859375,0.016357421875,-0.014892578125,0.026611328125,0.0224609375,-0.052490234375,0.003173828125,0.003173828125,0.017822265625,-0.008056640625,-0.002685546875,-0.00537109375,-0.053466796875,-0.06787109375,0.038330078125,0.0458984375,0.0458984375,-0.008544921875,-0.017333984375,-0.01171875,-0.041748046875,-0.04248046875,-0.0068359375,-0.0068359375,-0.02978515625,-0.02978515625,-0.021484375,-0.01123046875,-0.016845703125,0.000732421875,0.0380859375,0.0400390625,0.000732421875,-0.04833984375,-0.02001953125,-0.052978515625,-0.052978515625,-0.03857421875,0.052978515625,0.050048828125,-0.03125,-0.0361328125,0.007568359375,-0.0458984375,-0.030517578125,-0.030517578125,0.013671875,0.001220703125,-0.04052734375,-0.034912109375,0.0234375,0.006591796875,-0.02001953125,0.032470703125,-0.017822265625,-0.017822265625,-0.04443359375,0.031005859375,0.042724609375,-0.03759765625,-0.05712890625,0.015380859375,-0.061279296875,-0.03515625,-0.03515625,0.063232421875,0.065673828125,-0.046630859375,-0.073974609375,-0.011474609375,-0.04345703125,0.033203125,0.094970703125,0.094970703125,-0.0029296875,-0.1083984375,-0.057861328125,-0.00537109375,-0.04833984375,0.05517578125,0.07568359375,-0.041748046875,-0.041748046875,-0.0927734375,0.016845703125,0.0546875,-0.0625,-0.082275390625,0.08203125,-0.031494140625,-0.092529296875,-0.092529296875,-0.033203125,0.0107421875,-0.01611328125,0.02197265625,0.095703125,-0.101318359375,-0.0400390625,0.04150390625,0.04150390625,-0.025634765625,-0.068115234375,0.0302734375,0.062744140625,-0.06396484375,0.00146484375,0.046875,-0.0205078125,-0.0205078125,-0.02978515625,0.031005859375,0.02587890625,-0.06298828125,-0.07568359375,0.011474609375,-0.03125,0.00244140625,0.00244140625,0.031005859375,0.007568359375,-0.031005859375,-0.0263671875,0.028076171875,-0.03857421875,-0.013671875,0.01611328125,0.01611328125,-0.029052734375,-0.074462890625,-0.0068359375,0.066162109375,-0.000732421875,-0.03125,0.030029296875,0.001220703125,-0.029296875,-0.029296875,-0.015380859375,-0.00146484375,-0.015869140625,-0.04150390625,-0.0078125,-0.05126953125,-0.06494140625,0.023193359375,0.023193359375,0.0615234375,0.00634765625,0.0009765625,0.05126953125,-0.0771484375,-0.09619140625,-0.0107421875,0.0185546875,0.0185546875,-0.036376953125,-0.01953125,0.07080078125,0.068603515625,-0.06982421875,-0.007080078125,0.012451171875,-0.031982421875,-0.031982421875,-0.03369140625,0.00390625,-0.02880859375,-0.07275390625,0.023681640625,-0.0146484375,-0.03369140625,0.01806640625,0.01806640625,0.060791015625,0.0029296875,-0.06396484375,-0.027099609375,-0.044677734375,-0.092529296875,-0.00537109375,0.04931640625,0.04931640625,-0.001220703125,-0.0078125,0.039794921875,0.05810546875,-0.071533203125,-0.0166015625,-0.003662109375,-0.066162109375,-0.05419921875,-0.05419921875,0.029296875,-0.0009765625,-0.079833984375,0.079833984375,0.048828125,-0.052490234375,-0.038818359375,0.029541015625,0.029541015625,-0.043212890625,-0.111572265625,-0.030029296875,-0.015869140625,-0.0419921875,0.041748046875,0.057373046875,-0.007568359375,-0.007568359375,-0.017578125,0.01220703125,0.017578125,-0.0556640625,-0.017578125,-0.010498046875,-0.068359375,-0.0380859375,-0.0380859375,0.072021484375,0.0751953125,-0.024169921875,0.03173828125,-0.022705078125,-0.094970703125,-0.056396484375,0.005126953125,0.005126953125,-0.0146484375,-0.052001953125,-0.015625,0.01318359375,-0.031005859375,0.001953125,0.051513671875,-0.015625,-0.015625,-0.074462890625,-0.021240234375,-0.003662109375,-0.081787109375,0.078369140625,0.091552734375,-0.013671875,-0.03076171875,0.04931640625,0.04931640625,0.038818359375,-0.083251953125,-0.0654296875,-0.029052734375,-0.140625,-0.036376953125,0.0966796875,0.0224609375,0.0224609375,-0.075439453125,-0.004150390625,0.0625,-0.076171875,-0.014404296875,0.013671875,-0.075927734375,-0.090087890625,-0.090087890625,0.044921875,0.087158203125,-0.048828125,0.048828125,0.06591796875,-0.064453125,-0.072021484375,0.04248046875,0.04248046875,0.0146484375,-0.087890625,-0.0087890625,0.02490234375,-0.09765625,-0.0498046875,0.052734375,0.004150390625,0.004150390625,-0.07763671875,-0.021728515625,0.041015625,-0.095947265625,-0.0205078125,0.064697265625,-0.035400390625,-0.0859375,0.048095703125,0.048095703125,0.095703125,-0.053955078125,0.02099609375,0.03125,-0.107177734375,-0.080322265625,0.094970703125,0.070556640625,0.070556640625,-0.073486328125,-0.01220703125,0.001953125,-0.10986328125,-0.048095703125,0.0498046875,-0.009033203125,-0.08837890625,-0.08837890625,-0.020751953125,0.065673828125,-0.10009765625,0.006591796875,0.113525390625,-0.02294921875,-0.10595703125,0.024169921875,0.024169921875,0.03173828125,-0.142333984375,0.074951171875,0.060791015625,-0.079833984375,-0.024169921875,0.101318359375,0.0205078125,-0.1123046875,-0.01806640625,0.0927734375,-0.027099609375,-0.136474609375,-0.01513671875,0.07763671875,-0.018798828125,-0.067626953125,0.027099609375,0.079345703125,-0.00927734375,-0.05908203125,0.0234375,0.03515625,-0.0791015625,-0.099609375,0.012939453125,0.012939453125,0.029052734375,-0.0654296875,-0.056884765625,0.0517578125,0.056396484375,-0.034423828125,-0.038330078125,0.0166015625,0.01123046875,-0.05029296875,0.00048828125,-0.021240234375,-0.062744140625,-0.02734375,0.077392578125,0.09375,-0.03955078125,-0.06396484375,0.052001953125,0.04736328125,-0.09130859375,-0.09423828125,0.06103515625,-0.005126953125,-0.154296875,-0.018798828125,0.132080078125,-0.0087890625,-0.122802734375,0.0361328125,0.1416015625,0.1416015625,-0.03564453125,-0.148193359375,-0.01416015625,0.031494140625,-0.088623046875,-0.077392578125,0.04296875,0.02587890625,0.002685546875,0.09033203125,0.017333984375,-0.058349609375,-0.01513671875,0.0400390625,-0.003662109375,-0.07861328125,-0.03515625,0.017822265625,-0.03857421875,-0.053955078125,0.04296875,0.103515625,-0.007080078125,-0.065185546875,0.022705078125,0.021728515625,0.0302734375,-0.106689453125,-0.003173828125,0.015869140625,-0.05078125,-0.02978515625,0.027099609375,0.0439453125,0.015625,-0.037109375,-0.02978515625,0.01123046875,-0.0439453125,-0.058837890625,0.011962890625,-0.031494140625,-0.06884765625,0.025146484375,0.070068359375,-0.035400390625,-0.044921875,0.064208984375,0.04931640625,-0.040771484375,-0.03759765625,-0.03759765625,-0.01171875,-0.045654296875,-0.0400390625,-0.0146484375,-0.002197265625,-0.029052734375,-0.0048828125,-0.00927734375,0.009521484375,-0.024658203125,-0.05712890625,-0.031005859375,-0.0087890625,-0.03515625,-0.03125,0.029052734375,0.04833984375,-0.012451171875,-0.02734375,0.029296875,0.029052734375,-0.02978515625,-0.038818359375,-0.007080078125,-0.038330078125,-0.0791015625,-0.038330078125,0.067626953125,0.075439453125,-0.01318359375,-0.040771484375,-0.040771484375,0.002685546875,0.06689453125,-0.01220703125,-0.116455078125,-0.008056640625,-0.043212890625,-0.043701171875,0.045166015625,0.03076171875,-0.006103515625,0.024169921875,0.012939453125,-0.03955078125,-0.05029296875,-0.0146484375,-0.009765625,-0.054443359375,-0.066650390625,0.0302734375,0.10205078125,0.001220703125,-0.07666015625,0.009765625,0.06982421875,0.004150390625,-0.06640625,-0.0478515625,-0.029541015625,-0.03955078125,-0.00537109375,-0.00537109375,0.03662109375,0.002685546875,-0.02490234375,0.039306640625,-0.0517578125,-0.076171875,-0.015869140625,0.01171875,-0.066650390625,-0.10107421875,0.019287109375,0.094482421875,-0.003173828125,-0.055419921875,0.044677734375,0.096435546875,0.009521484375,-0.066650390625,-0.052978515625,-0.027587890625,-0.026123046875,0.02197265625,0.0126953125,-0.0634765625,-0.053466796875,0.017333984375,0.052978515625,0.0185546875,-0.028564453125,-0.01123046875,0.021728515625,-0.032958984375,-0.032958984375,-0.077392578125,-0.0107421875,0.00927734375,-0.002685546875,-0.005126953125,0.006591796875,0.011962890625,-0.02978515625,-0.06005859375,-0.03515625,0.024169921875,0.041259765625,0.041259765625,-0.052734375,-0.054443359375,-0.0029296875,0.026611328125,-0.0068359375,-0.046875,-0.0341796875,-0.013427734375,-0.02734375,-0.00390625,0.00146484375,-0.028564453125,-0.028564453125,-0.007568359375,-0.003662109375,0.02685546875,0.011962890625,-0.021728515625,-0.04638671875,-0.058837890625,-0.033935546875,0.02197265625,0.015380859375,-0.036376953125,-0.000732421875,0.005126953125,-0.037353515625,0.031982421875,0.06640625,0.011474609375,-0.00537109375,-0.013916015625,-0.08056640625,-0.07763671875,0.031005859375,0.051513671875,0.0107421875,0.00146484375,-0.009033203125,-0.01904296875,0.004638671875,-0.003662109375,-0.044677734375,-0.021240234375,0.035888671875,0.0029296875,-0.0458984375,-0.034912109375,-0.0302734375,0.013427734375,0.015869140625,-0.030029296875,-0.0166015625,-0.001953125,-0.001708984375,-0.02001953125,-0.065673828125,-0.03466796875,0.031982421875,-0.010986328125,-0.030517578125,-0.00439453125,-0.052001953125,-0.0126953125,0.023681640625,-0.059326171875,-0.0361328125,0.027587890625,-0.02880859375,-0.0556640625,-0.0146484375,-0.004638671875,0.01513671875,0.013427734375,-0.045654296875,-0.02978515625,0.037353515625,-0.004150390625,-0.087890625,-0.06494140625,0.008544921875,0.064697265625,0.073974609375,-0.01416015625,-0.0927734375,-0.0537109375,0.01904296875,0.06689453125,0.083251953125,0.022705078125,-0.055908203125,-0.06494140625,-0.047607421875,-0.0322265625,-0.017578125,-0.04736328125,-0.05908203125,0.0078125,0.05029296875,0.038818359375,0.025634765625,0.008056640625,0.00341796875,-0.010986328125,-0.042236328125,-0.065185546875,-0.07666015625,-0.067138671875,-0.049560546875,-0.015380859375,0.013671875,0.008056640625,0.0048828125,0.022705078125,0.03564453125,0.013916015625,-0.009521484375,0.021240234375,0.044921875,-0.027587890625,-0.098388671875,-0.052001953125,0.006591796875,-0.0322265625,-0.034423828125,0.0126953125,0.00048828125,0.054443359375,0.03076171875,-0.05615234375,0.026123046875,-0.03369140625,-0.037841796875,0.053955078125,-0.11474609375,0.05224609375,0.05224609375,-0.0869140625,0.0576171875,-0.063720703125,-0.03564453125,0.040283203125,-0.090576171875,-0.015625,-0.01953125,-0.01708984375,0.08544921875,0.01953125,0.008056640625,-0.005126953125,-0.059326171875,-0.064453125,-0.064453125,-0.0400390625,-0.00244140625,0.0166015625,0.01220703125,-0.02978515625,-0.02880859375,-0.033447265625,0.014892578125,0.042236328125,-0.00341796875,0.00927734375,-0.015380859375,-0.0224609375,-0.0224609375,-0.05810546875,-0.02001953125,0.01123046875,-0.031494140625,-0.04638671875,-0.007568359375,0.03564453125,0.001953125,-0.026611328125,-0.02587890625,-0.0146484375,0.044189453125,0.023681640625,0.023681640625,-0.05029296875,-0.04345703125,-0.039306640625,-0.04736328125,-0.020751953125,-0.02294921875,0.010986328125,0.04736328125,0.01171875,-0.00732421875,-0.048095703125,0.022216796875,0.022705078125,0.022705078125,-0.016357421875,-0.084716796875,-0.0537109375,0.038818359375,0.070556640625,0.008056640625,-0.078857421875,-0.07666015625,0.038818359375,0.05712890625,-0.0537109375,0.026611328125,0.026611328125,0.095703125,0.001708984375,-0.111083984375,-0.04736328125,0.06787109375,0.0361328125,-0.112060546875,-0.101806640625,0.06591796875,0.093017578125,-0.1328125,0.0302734375,0.0302734375,0.12744140625,-0.001220703125,-0.098876953125,0.010009765625,0.08642578125,-0.024169921875,-0.119873046875,-0.08251953125,0.005615234375,0.00537109375,-0.025146484375,-0.045654296875,-0.045654296875,-0.042236328125,0.01611328125,0.010009765625,-0.056396484375,-0.04736328125,0.035400390625,0.048095703125,-0.042236328125,-0.068359375,0.02783203125,-0.0595703125,-0.098876953125,-0.098876953125,-0.01904296875,0.0400390625,0.00732421875,-0.023193359375,0.002197265625,0.036865234375,-0.00537109375,-0.04736328125,0.058349609375,0.0029296875,-0.010986328125,-0.010986328125,0.01806640625,-0.010498046875,-0.052490234375,-0.007568359375,0.04345703125,-0.03125,-0.090576171875,-0.010498046875,0.08203125,-0.057373046875,-0.0234375,0.02099609375,0.02099609375,-0.0341796875,-0.084716796875,-0.02783203125,0.040771484375,0.009765625,-0.036865234375,0.005859375,0.00341796875,-0.067138671875,0.031982421875,0.029296875,-0.0537109375,-0.02880859375,-0.02880859375,0.038818359375,0.015380859375,-0.064453125,-0.06005859375,0.0244140625,0.031494140625,-0.02392578125,-0.026611328125,0.001220703125,-0.058837890625,-0.043701171875,0.002197265625,-0.024658203125,-0.024658203125,-0.051513671875,0.010986328125,0.05322265625,0.00537109375,-0.05078125,-0.012939453125,0.00390625,-0.06103515625,-0.0517578125,0.06201171875,-0.019775390625,-0.041259765625,0.022705078125,0.022705078125,0.011474609375,-0.057861328125,-0.0517578125,0.04150390625,0.0458984375,-0.05419921875,-0.05517578125,0.048095703125,0.03564453125,-0.038330078125,0.030517578125,0.01806640625,-0.04345703125,-0.02197265625,-0.02197265625,0.013916015625,-0.013916015625,-0.063232421875,-0.03662109375,-0.005126953125,-0.03369140625,-0.025390625,0.02587890625,-0.0458984375,-0.05224609375,0.01220703125,0.02197265625,-0.054931640625,-0.054931640625,-0.05517578125,0.043212890625,0.02001953125,-0.06201171875,-0.04443359375,0.037109375,0.029541015625,-0.02880859375,0.03857421875,0.01953125,-0.067138671875,-0.039794921875,0.0390625,0.0390625,0.01708984375,-0.02978515625,-0.00048828125,0.01904296875,-0.0322265625,-0.039794921875,0.031982421875,-0.075439453125,-0.0849609375,0.01123046875,0.0439453125,-0.03271484375,-0.04345703125,-0.04345703125,0.038818359375,0.0234375,-0.064697265625,-0.02197265625,0.059814453125,0.007568359375,-0.0830078125,0.03955078125,-0.004638671875,-0.0751953125,-0.01123046875,0.066650390625,0.022705078125,0.022705078125,-0.063720703125,-0.03515625,0.0224609375,-0.021484375,-0.05712890625,0.01025390625,-0.03369140625,-0.076904296875,0.00830078125,0.0166015625,-0.06005859375,-0.048828125,0.036376953125,0.036376953125,0.053955078125,-0.030517578125,-0.041259765625,0.035400390625,0.0087890625,-0.0576171875,0.02978515625,0.01904296875,-0.036376953125,0.003662109375,0.066650390625,0.066650390625,0.01025390625,-0.077392578125,-0.04248046875,0.012939453125,-0.022216796875,-0.05859375,0.0634765625,-0.01025390625,-0.0712890625,-0.014892578125,0.022705078125,-0.029541015625,-0.029541015625,-0.044921875,0.021728515625,0.02978515625,-0.058837890625,-0.077880859375,0.021484375,-0.056396484375,-0.03759765625,0.053466796875,0.012939453125,-0.073486328125,-0.017578125,-0.017578125,0.073974609375,0.019287109375,-0.0859375,-0.054443359375,0.0517578125,-0.06005859375,-0.0224609375,0.043701171875,0.00537109375,-0.046630859375,-0.000244140625,-0.000244140625,0.041748046875,-0.010009765625,-0.05419921875,-0.026611328125,-0.015869140625,-0.026123046875,0.052001953125,0.03173828125,-0.052978515625,-0.022705078125,0.03662109375,-0.0224609375,-0.0224609375,-0.092529296875,-0.052978515625,0.028564453125,0.00146484375,-0.0498046875,0.077392578125,-0.0244140625,-0.0986328125,-0.01904296875,0.04736328125,-0.028076171875,-0.077392578125,-0.077392578125,0.02978515625,0.0791015625,-0.0361328125,-0.09033203125,0.016845703125,-0.0703125,-0.09130859375,0.045654296875,0.07421875,-0.037353515625,-0.056640625,0.030029296875,0.010498046875,0.010498046875,-0.0947265625,-0.081298828125,0.041748046875,0.04443359375,-0.02880859375,0.0693359375,0.033203125,-0.083984375,-0.0380859375,0.0703125,-0.00146484375,-0.10693359375,-0.022705078125,0.074462890625,-0.004150390625,-0.004150390625,-0.068603515625,0.00927734375,0.06298828125,-0.028564453125,-0.089111328125,0.05810546875,-0.034912109375,-0.099853515625,-0.00732421875,0.032958984375,-0.057373046875,-0.04638671875,0.04296875,0.04296875,0.004638671875,-0.072998046875,-0.04052734375,0.047607421875,-0.0712890625,-0.052978515625,0.030517578125,0.00341796875,-0.084228515625,-0.035888671875,0.06689453125,0.014892578125,-0.063720703125,-0.063720703125,-0.006103515625,0.061767578125,0.006103515625,-0.0732421875,0.03369140625,-0.0458984375,-0.0732421875,0.0126953125,0.052490234375,-0.031982421875,-0.051025390625,0.042724609375,0.042236328125,0.042236328125,-0.066162109375,-0.0791015625,0.012939453125,0.005126953125,-0.03564453125,0.06982421875,0.027099609375,-0.06982421875,-0.020263671875,0.083251953125,0.02490234375,-0.099853515625,-0.04638671875,-0.04638671875,0.05078125,-0.00927734375,-0.066162109375,0.07763671875,-0.010986328125,-0.0830078125,0.001708984375,0.05615234375,-0.037841796875,-0.095458984375,0.013427734375,0.044921875,-0.067138671875,-0.067138671875,-0.0576171875,0.0517578125,0.031494140625,-0.078857421875,0.05517578125,0.049560546875,-0.04296875,-0.0380859375,0.03955078125,-0.0078125,-0.109130859375,-0.02490234375,0.09228515625,0.021484375,0.021484375,-0.078369140625,-0.011474609375,-0.0078125,-0.102294921875,-0.02099609375,0.0478515625,-0.02978515625,-0.075927734375,0.0458984375,0.08935546875,-0.0517578125,-0.098876953125,-0.098876953125,0.029052734375,0.053955078125,-0.081298828125,0.0400390625,0.052978515625,-0.07080078125,-0.079345703125,0.03466796875,0.0400390625,-0.05224609375,-0.0283203125,0.052734375,0.052734375,-0.011474609375,0.0009765625,0.080078125,-0.014892578125,-0.1015625,-0.01806640625,0.0703125,-0.019287109375,-0.080078125,0.028076171875,0.0791015625,0.0791015625,-0.05322265625,-0.103271484375,0.066162109375,-0.07080078125,-0.093505859375,0.03515625,0.06005859375,-0.05859375,-0.080810546875,0.05224609375,0.058837890625,-0.085205078125,-0.085205078125,-0.0830078125,0.0302734375,-0.083984375,-0.041015625,0.06884765625,0.025146484375,-0.06982421875,-0.01025390625,0.075927734375,-0.004638671875,-0.089599609375,-0.013671875,-0.013671875,0.05419921875,-0.075439453125,0.03369140625,0.079345703125,-0.04248046875,-0.09521484375,0.01220703125,0.0322265625,-0.07861328125,-0.0673828125,0.065185546875,0.060546875,0.060546875,-0.056396484375,0.051025390625,0.001953125,-0.12548828125,-0.067138671875,0.06494140625,0.01220703125,-0.07275390625,0.013671875,0.112548828125,0.01416015625,0.01416015625,-0.108154296875,0.076171875,-0.02978515625,-0.12353515625,-0.00146484375,0.0869140625,-0.016845703125,-0.07080078125,0.04833984375,0.076904296875,-0.080322265625,-0.102294921875,0.044677734375,0.044677734375,-0.09521484375,-0.0888671875,0.0908203125,0.076171875,-0.10498046875,-0.10400390625,0.056640625,0.0478515625,-0.08642578125,-0.04443359375,0.106201171875,0.052490234375,-0.10498046875,-0.10498046875,-0.086669921875,-0.007080078125,-0.06640625,0.027099609375,0.1025390625,0.001953125,-0.08837890625,-0.015625,0.03515625,-0.060791015625,-0.09814453125,0.029296875,0.070556640625,0.070556640625,-0.066650390625,0.04736328125,0.044189453125,-0.074951171875,-0.082275390625,0.040771484375,0.034912109375,-0.0810546875,-0.062744140625,0.056640625,0.02490234375,-0.08056640625,-0.0263671875,-0.0263671875,0.008544921875,-0.087646484375,-0.00634765625,0.081787109375,-0.015869140625,-0.094482421875,0.01171875,0.076904296875,-0.041259765625,-0.109375,0.0234375,0.088134765625,-0.043701171875,-0.069091796875,0.0576171875,0.05810546875,-0.07373046875,-0.1064453125,0.010498046875,0.025634765625,-0.072509765625,-0.033447265625,0.07470703125,0.01708984375,-0.1005859375,-0.057373046875,0.05517578125,-0.011962890625,-0.097412109375,-0.00146484375,0.079833984375,-0.013671875,-0.09912109375,0.01171875,0.094970703125,-0.029296875,-0.115478515625,-0.006591796875,0.07861328125,-0.01904296875,-0.07568359375,0.04248046875,0.067138671875,-0.070068359375,-0.077880859375,0.047607421875,0.03173828125,-0.09033203125,-0.0634765625,0.08251953125,0.056884765625,-0.079833984375,-0.03955078125,0.082763671875,0.004638671875,-0.15380859375,-0.072265625,0.096435546875,0.03076171875,-0.09326171875,-0.018310546875,0.09033203125,-0.00927734375,-0.111572265625,0.004150390625,0.084716796875,-0.056396484375,-0.123291015625,0.032958984375,0.111083984375,-0.04296875,-0.109375,0.03173828125,0.0595703125,-0.0830078125,-0.0927734375,0.073486328125,0.090087890625,-0.08544921875,-0.1025390625,0.033203125,0.009033203125,-0.10595703125,-0.05078125,0.094970703125,0.041259765625,-0.09619140625,-0.030517578125,0.100830078125,0.00390625,-0.14013671875,-0.05126953125,0.069091796875,-0.01220703125,-0.08203125,0.039794921875,0.112060546875,-0.031005859375,-0.10205078125,0.0361328125,0.08251953125,-0.07275390625,-0.1025390625,0.052001953125,0.087158203125,-0.06640625,-0.0908203125,0.070556640625,-0.103759765625,-0.103759765625,-0.071044921875,0.074951171875,0.01171875,-0.1142578125,-0.05322265625,0.06005859375,-0.037841796875,-0.109619140625,0.02978515625,0.103271484375,-0.032470703125,-0.101806640625,0.043701171875,0.10498046875,-0.083740234375,-0.1357421875,0.051513671875,0.083251953125,-0.0947265625,-0.123291015625,0.052734375,0.09033203125,-0.038330078125,0.0615234375,0.0615234375,0.0302734375,-0.089599609375,-0.056396484375,0.060546875,0.013916015625,-0.099365234375,-0.020263671875,0.085205078125,-0.024658203125,-0.11474609375,0.1083984375,0.1083984375,-0.0556640625,-0.138671875,0.033447265625,0.1337890625,-0.04345703125,-0.145263671875,0.021728515625,0.114013671875,-0.052978515625,-0.09912109375,0.062744140625,-0.060302734375,-0.087890625,-0.087890625,0.0263671875,0.020263671875,-0.075439453125,-0.014892578125,0.088134765625,-0.007080078125,-0.13427734375,-0.0400390625,0.11376953125,0.01416015625,-0.13720703125,-0.029052734375,0.11328125,0.00927734375,-0.0498046875,0.07861328125,0.07861328125,0.000244140625,-0.088623046875,-0.006103515625,0.067626953125,-0.02197265625,-0.076904296875,0.016845703125,0.018798828125,-0.077880859375,-0.02978515625,0.086669921875,-0.06982421875,-0.024169921875,-0.024169921875,0.084228515625,0.005615234375,-0.12060546875,-0.026123046875,0.09619140625,0.008544921875,-0.129150390625,-0.059326171875,0.08251953125,0.01123046875,-0.0888671875,0.04345703125,-0.020263671875,-0.020263671875,-0.07275390625,0.000244140625,0.06103515625,-0.015869140625,-0.040283203125,0.01904296875,-0.011474609375,-0.075927734375,-0.047607421875,0.027587890625,0.0126953125,-0.0029296875,0.08984375,0.08984375,0.028076171875,-0.0908203125,-0.04443359375,0.04931640625,-0.012451171875,-0.089599609375,-0.01708984375,0.08837890625,0.0078125,-0.0908203125,0.05615234375,0.001953125,-0.074462890625,-0.074462890625,-0.015869140625,0.04150390625,-0.05419921875,-0.08056640625,0.031494140625,0.0458984375,-0.04931640625,-0.04736328125,0.053955078125,0.023193359375,-0.03369140625,0.086181640625,0.02880859375,-0.09033203125,-0.09033203125,-0.0517578125,0.056396484375,0.01611328125,-0.087890625,-0.029541015625,0.079833984375,0.008544921875,-0.06005859375,-0.0048828125,0.027587890625,-0.06103515625,-0.01953125,-0.003173828125,-0.003173828125,-0.0400390625,-0.0263671875,0.027587890625,0.025634765625,-0.0322265625,-0.034912109375,0.011962890625,-0.01123046875,-0.064208984375,0.012939453125,0.04248046875,-0.0302734375,-0.0302734375,-0.026123046875,0.060302734375,0.058837890625,-0.027587890625,-0.08203125,-0.02587890625,-0.00537109375,-0.055419921875,0.02978515625,0.0224609375,-0.00927734375,0.00537109375,0.00537109375,0.002197265625,-0.037841796875,-0.029541015625,-0.00537109375,0.00244140625,-0.0634765625,-0.062744140625,0.038818359375,-0.0283203125,-0.04638671875,0.017578125,-0.00634765625,-0.00634765625,-0.0849609375,-0.044677734375,0.020263671875,0.000732421875,-0.012939453125,-0.006103515625,0.0029296875,-0.01318359375,-0.034423828125,-0.002685546875,-0.0107421875,-0.0107421875,-0.05224609375,-0.0107421875,0.0263671875,-0.006103515625,-0.010986328125,0.03759765625,0.031005859375,-0.030029296875,-0.0498046875,-0.01953125,-0.022705078125,-0.02978515625,-0.02978515625,0.01611328125,0.05322265625,0.005859375,-0.037353515625,-0.027587890625,-0.029296875,-0.04052734375,-0.026611328125,0.0068359375,0.01220703125,0.005126953125,0.002197265625,0.002197265625,-0.018310546875,-0.059326171875,-0.021240234375,0.0029296875,-0.008056640625,-0.008544921875,-0.007080078125,-0.003173828125,-0.035400390625,-0.034423828125,0.00537109375,0.01318359375,0.01318359375,-0.014892578125,-0.0439453125,-0.01416015625,0.0126953125,-0.031005859375,-0.04736328125,-0.02490234375,-0.015625,0.0322265625,0.0224609375,-0.023193359375,-0.015869140625,-0.013427734375,-0.03076171875,-0.03076171875,-0.03564453125,-0.020263671875,0.002197265625,0.0166015625,-0.022216796875,-0.0458984375,0.0048828125,0.009765625,-0.02587890625,-0.019775390625,0.00927734375,-0.008056640625,-0.05322265625,-0.05322265625,-0.0390625,-0.0068359375,-0.00146484375,-0.007080078125,0.014892578125,0.0224609375,-0.006103515625,-0.050048828125,-0.053466796875,-0.056396484375,-0.034423828125,0.02685546875,0.0244140625,0.0244140625,-0.000244140625,-0.020263671875,-0.001953125,0.0029296875,-0.048828125,-0.02783203125,0.040283203125,-0.042724609375,-0.02392578125,0.003662109375,-0.00732421875,-0.017578125,-0.0068359375,-0.0068359375,0.0146484375,0.02685546875,-0.017333984375,-0.026123046875,-0.00732421875,-0.03271484375,-0.053466796875,0.0244140625,-0.0078125,-0.009033203125,-0.002685546875,0.000732421875,-0.025146484375,-0.025146484375,-0.055419921875,-0.019287109375,-0.000244140625,-0.0244140625,-0.02783203125,-0.0048828125,0.000732421875,-0.01171875,0.0078125,0.005126953125,-0.03955078125,-0.02587890625,-0.006591796875,-0.006591796875,-0.010498046875,-0.01708984375,0.01318359375,0.04052734375,0.014892578125,-0.033935546875,-0.0078125,-0.036376953125,-0.02001953125,0.020751953125,0.001953125,-0.024169921875,-0.02490234375,-0.02490234375,-0.025390625,-0.01513671875,-0.016845703125,-0.001953125,0.026123046875,-0.0361328125,-0.023193359375,-0.004150390625,-0.004150390625,-0.025146484375,-0.036865234375,-0.010009765625,-0.003662109375,-0.003662109375,-0.0166015625,-0.025146484375,-0.0341796875,0.00390625,-0.020751953125,-0.027587890625,-0.006591796875,0.009765625,0.01513671875,-0.025634765625,-0.01416015625,-0.01416015625,0.02392578125,0.006591796875,-0.013427734375,-0.03466796875,-0.05029296875,0.01708984375,-0.007080078125,0.000244140625,-0.014404296875,-0.04150390625,0.025146484375,0.02392578125,0.02392578125,-0.0185546875,0.010498046875,-0.021728515625,-0.028076171875,-0.020263671875,0.006591796875,-0.00048828125,0.004638671875,-0.02001953125,-0.052001953125,-0.019775390625,-0.027099609375,-0.027099609375,0.00439453125,-0.002685546875,-0.018798828125,-0.0166015625,-0.018310546875,0.00146484375,0.001953125,-0.0205078125,0.013916015625,-0.051025390625,0.0068359375,-0.05322265625,-0.05322265625,-0.040283203125,0.008056640625,-0.05908203125,-0.02001953125,-0.001708984375,0.086181640625,-0.096923828125,-0.01220703125,-0.006591796875,-0.09765625,0.0546875,0.0546875,0.0087890625,-0.04052734375,0.0439453125,0.006591796875,-0.003662109375,-0.015869140625,-0.030517578125,-0.029052734375,-0.0126953125,-0.017578125,0.020263671875,0.01806640625,0.01806640625,-0.01904296875,-0.004638671875,-0.02490234375,-0.003662109375,-0.01123046875,-0.018310546875,-0.015625,-0.003662109375,-0.009521484375,-0.011474609375,0.012939453125,0.000732421875,-0.0166015625,-0.042724609375,-0.07861328125,-0.07861328125,-0.054443359375,-0.014892578125,-0.00146484375,0.03564453125,0.044677734375,0.03759765625,0.005615234375,-0.0263671875,-0.040771484375,-0.043212890625,-0.045166015625,-0.04345703125,-0.038818359375,-0.033203125,-0.033203125,-0.014404296875,0.005615234375,0.02783203125,0.0185546875,-0.021240234375,-0.060546875,-0.05126953125,0.01171875,0.046630859375,-0.00244140625,-0.079833984375,-0.09375,-0.027587890625,-0.027587890625,0.03173828125,0.004150390625,-0.054931640625,0.02734375,0.01513671875,-0.028564453125,0.015380859375,0.02197265625,-0.064208984375,-0.03564453125,0.0224609375,-0.032958984375,-0.004638671875,-0.004638671875,0.01416015625,-0.0986328125,-0.053955078125,0.043701171875,-0.008544921875,-0.009521484375,-0.0458984375,-0.042236328125,0.004150390625,-0.022705078125,-0.025634765625,0.04541015625,0.04248046875,0.04248046875,-0.01171875,-0.02978515625,-0.02490234375,0.00439453125,0.003173828125,-0.022705078125,0.016845703125,0.01025390625,-0.042724609375,-0.02294921875,0.0263671875,0.03076171875,-0.0029296875,-0.0029296875,0.0,-0.033935546875,-0.03466796875,-0.029541015625,-0.00537109375,0.021728515625,0.047119140625,-0.001708984375,-0.03759765625,-0.029296875,-0.02880859375,-0.029052734375,-0.02392578125,-0.02392578125,-0.030029296875,-0.0302734375,-0.03125,-0.06982421875,-0.016357421875,0.032958984375,0.00537109375,-0.011474609375,0.00634765625,0.012939453125,-0.007568359375,-0.05859375,-0.09375,-0.09375,-0.033935546875,0.05810546875,-0.04833984375,-0.076416015625,-0.033935546875,0.015625,0.009765625,0.00390625,0.02587890625,0.032958984375,0.00390625,-0.073486328125,-0.078369140625,-0.078369140625,-0.0087890625,0.02001953125,-0.025390625,-0.020751953125,0.023681640625,0.018798828125,-0.0595703125,-0.06494140625,0.0419921875,0.083251953125,-0.01611328125,-0.095703125,-0.095703125,-0.008056640625,0.02880859375,-0.10546875,-0.084716796875,0.076171875,0.044677734375,-0.13134765625,-0.105712890625,0.089599609375,0.08740234375,-0.090087890625,-0.090087890625,-0.089111328125,0.06884765625,-0.090087890625,-0.0849609375,0.057373046875,0.021484375,-0.134765625,-0.103271484375,0.083740234375,0.05810546875,-0.100830078125,-0.05078125,0.10791015625,0.10791015625,0.06005859375,-0.10986328125,0.039794921875,0.05224609375,-0.061279296875,-0.061279296875,0.062255859375,0.0771484375,-0.027099609375,-0.050537109375,0.042236328125,0.05419921875,0.05419921875,-0.045654296875,-0.004638671875,-0.00244140625,-0.0224609375,-0.029541015625,-0.014892578125,0.017333984375,0.038818359375,0.009033203125,-0.028076171875,-0.007568359375,-0.007568359375,-0.0234375,-0.085693359375,-0.080078125,-0.00341796875,0.018310546875,-0.033203125,-0.03125,0.03173828125,0.056396484375,-0.0205078125,-0.053466796875,0.0146484375,0.0146484375,-0.074951171875,-0.080322265625,0.003662109375,0.011962890625,-0.070068359375,-0.042724609375,0.072021484375,0.05908203125,-0.063720703125,-0.042236328125,0.0712890625,0.033203125,-0.09912109375,-0.097900390625,0.009765625,0.005126953125,-0.09130859375,-0.061279296875,0.07763671875,0.0693359375,-0.05419921875,-0.040771484375,0.05712890625,0.021728515625,-0.068603515625,-0.043701171875,0.012451171875,-0.033203125,-0.0673828125,0.007080078125,0.0703125,0.0107421875,-0.0361328125,0.01611328125,0.04638671875,-0.014892578125,-0.0576171875,-0.011474609375,-0.0048828125,-0.06689453125,-0.054931640625,0.0478515625,0.048095703125,-0.06689453125,-0.051513671875,0.089111328125,0.068359375,-0.109130859375,-0.106201171875,0.064453125,0.04931640625,-0.126708984375,-0.127197265625,0.06689453125,0.11572265625,-0.072998046875,-0.09033203125,0.073974609375,0.048583984375,-0.09521484375,-0.08544921875,0.0302734375,-0.018798828125,-0.098388671875,-0.01416015625,0.07080078125,0.00244140625,-0.056640625,0.03515625,0.06591796875,-0.06005859375,-0.080810546875,0.032470703125,0.027587890625,-0.0888671875,-0.088134765625,0.02490234375,0.031005859375,-0.03369140625,-0.003173828125,0.0517578125,0.011474609375,-0.046875,-0.012939453125,0.013671875,-0.039794921875,-0.075439453125,-0.020263671875,0.049560546875,-0.000732421875,-0.048095703125,0.024169921875,0.079833984375,-0.01171875,-0.07421875,0.0224609375,0.051513671875,-0.070556640625,-0.093505859375,0.02099609375,0.036865234375,-0.05615234375,-0.02880859375,0.078857421875,0.042236328125,-0.080810546875,-0.04443359375,0.057861328125,-0.013427734375,-0.108642578125,-0.04052734375,0.056884765625,-0.021728515625,-0.10302734375,-0.01171875,0.067138671875,-0.00634765625,-0.068359375,0.009033203125,0.0556640625,-0.049560546875,-0.107666015625,-0.002197265625,0.059814453125,-0.0712890625,-0.0712890625,0.03857421875,0.062744140625,-0.048828125,-0.05615234375,0.05712890625,0.04296875,-0.093994140625,-0.074462890625,0.0634765625,0.031982421875,-0.10546875,-0.059326171875,0.07861328125,0.03662109375,-0.07373046875,-0.0146484375,0.07275390625,-0.027587890625,-0.115478515625,-0.00244140625,0.08740234375,-0.03369140625,-0.108154296875,0.0751953125,0.0751953125,-0.04345703125,-0.070068359375,0.064697265625,0.07958984375,-0.072265625,-0.086181640625,0.05322265625,0.068359375,-0.08984375,-0.107666015625,0.048095703125,-0.05810546875,-0.05810546875,-0.032958984375,0.05712890625,0.01123046875,-0.0869140625,-0.03369140625,0.0615234375,-0.012939453125,-0.10498046875,-0.03271484375,0.03662109375,-0.068603515625,-0.068603515625,0.025634765625,0.078369140625,-0.02685546875,-0.084228515625,0.019775390625,0.07080078125,-0.04736328125,-0.098876953125,0.00390625,0.044921875,-0.050537109375,0.048583984375,0.048583984375,0.056640625,-0.067626953125,-0.075439453125,0.053466796875,0.058349609375,-0.0654296875,-0.0830078125,0.01806640625,0.024169921875,-0.025390625,0.048828125,0.048828125,-0.0029296875,-0.07861328125,-0.00927734375,0.08056640625,-0.003662109375,-0.094970703125,-0.0400390625,0.021240234375,-0.030517578125,-0.057861328125,0.01904296875,-0.002197265625,-0.06787109375,-0.00048828125,0.063232421875,0.0009765625,0.0009765625,-0.067138671875,-0.008544921875,0.02783203125,-0.046630859375,-0.06591796875,0.025146484375,0.0478515625,-0.0439453125,-0.052734375,0.038330078125,-0.064453125,-0.044189453125,0.031494140625,0.031494140625,-0.00146484375,-0.081298828125,-0.0361328125,0.05517578125,0.02197265625,-0.071533203125,-0.03369140625,0.04931640625,-0.001953125,-0.05859375,0.039306640625,-0.021728515625,-0.087890625,-0.087890625,-0.0224609375,0.054443359375,0.014892578125,-0.041015625,0.009765625,0.04345703125,-0.037109375,-0.06591796875,0.00732421875,-0.001708984375,-0.0634765625,0.033935546875,0.033935546875,0.033935546875,-0.043212890625,-0.023193359375,0.0546875,0.019287109375,-0.0830078125,-0.046630859375,0.056396484375,0.00537109375,-0.102294921875,0.055419921875,0.0068359375,-0.05322265625,0.03857421875,0.03857421875,0.094970703125,-0.02685546875,-0.09326171875,0.01611328125,0.0625,-0.049072265625,-0.0947265625,0.00537109375,0.03173828125,-0.03125,0.071044921875,0.05078125,-0.076171875,-0.076171875,-0.064697265625,0.05908203125,0.025634765625,-0.120361328125,-0.086669921875,0.04736328125,0.01171875,-0.093994140625,-0.03515625,0.00341796875,-0.0673828125,0.004150390625,0.076171875,0.076171875,0.003173828125,-0.086669921875,-0.041259765625,0.017333984375,-0.037109375,-0.05419921875,0.041259765625,0.083984375,-0.060791015625,0.041748046875,0.04296875,-0.07861328125,-0.088134765625,-0.088134765625,0.0419921875,0.03857421875,-0.093505859375,-0.072998046875,0.05615234375,0.041259765625,-0.056640625,-0.0283203125,0.01025390625,-0.087890625,-0.034423828125,0.03515625,0.03515625,-0.039306640625,-0.079833984375,0.000244140625,0.041259765625,-0.02587890625,-0.0341796875,0.06494140625,-0.05419921875,-0.076904296875,0.0322265625,0.04443359375,-0.06201171875,-0.06201171875,-0.076904296875,0.023681640625,0.050537109375,-0.05078125,-0.0400390625,0.054931640625,0.013427734375,-0.0234375,0.0673828125,-0.026123046875,-0.120361328125,-0.0341796875,-0.0341796875,0.04052734375,-0.010498046875,-0.064697265625,0.021728515625,0.082763671875,-0.03369140625,0.007080078125,0.068115234375,-0.03759765625,-0.097900390625,0.00732421875,0.00732421875,0.052490234375,-0.03564453125,-0.060546875,0.02001953125,0.04833984375,-0.033447265625,-0.043212890625,0.021728515625,-0.069091796875,-0.071044921875,0.016845703125,0.019287109375,0.019287109375,-0.034423828125,-0.020263671875,0.043701171875,0.0078125,-0.076416015625,-0.036376953125,0.017333984375,-0.071533203125,-0.049560546875,0.0322265625,0.0068359375,-0.06298828125,-0.06298828125,-0.0244140625,0.057373046875,0.031982421875,-0.02978515625,0.002685546875,-0.024658203125,-0.094482421875,-0.04736328125,0.010986328125,-0.005615234375,-0.025634765625,-0.025634765625,0.029541015625,0.033203125,-0.0400390625,-0.0380859375,0.01904296875,0.025146484375,-0.054443359375,-0.01611328125,-0.02734375,-0.0439453125,-0.0126953125,0.025146484375,0.01220703125,0.01220703125,-0.030029296875,-0.016845703125,0.0166015625,0.012939453125,-0.015380859375,-0.02001953125,-0.026611328125,-0.048095703125,-0.00732421875,0.024169921875,0.0048828125,-0.0068359375,0.021728515625,0.021728515625,0.02490234375,-0.02392578125,-0.059326171875,-0.034912109375,-0.01953125,-0.03857421875,0.034912109375,0.0166015625,-0.04248046875,-0.031005859375,0.001220703125,-0.010009765625,-0.04296875,-0.04296875,-0.00537109375,0.021240234375,-0.03076171875,-0.058349609375,-0.01318359375,0.0361328125,-0.02490234375,0.017578125,0.049072265625,-0.00927734375,-0.0478515625,-0.008544921875,0.02099609375,0.02099609375,-0.017822265625,-0.05615234375,-0.0224609375,0.01513671875,-0.007080078125,-0.017578125,0.015625,-0.031005859375,-0.021484375,0.0048828125,-0.016357421875,-0.0634765625,-0.042236328125,0.028076171875,0.028076171875,0.012451171875,-0.041259765625,-0.0302734375,-0.003173828125,-0.018310546875,-0.02099609375,0.023681640625,-0.029052734375,-0.052978515625,-0.013671875,0.00341796875,-0.006591796875,-0.019775390625,0.01171875,0.027587890625,-0.02978515625,-0.03857421875,-0.03857421875,0.02587890625,0.017822265625,-0.053466796875,-0.048583984375,0.00927734375,-0.0390625,-0.021484375,0.0205078125,-0.006103515625,-0.048828125,-0.025390625,0.024658203125,0.01025390625,-0.043701171875,-0.03173828125,0.000244140625,-0.02197265625,-0.02197265625,-0.000244140625,-0.000244140625,0.018798828125,-0.002197265625,-0.026123046875,0.02294921875,-0.027587890625,-0.03515625,0.001953125,0.00048828125,-0.032470703125,-0.013916015625,0.028564453125,0.003173828125,0.003173828125,-0.05859375,-0.041259765625,0.01953125,0.0107421875,-0.027099609375,0.011962890625,-0.03271484375,-0.012451171875,-0.065673828125,-0.0224609375,0.01708984375,-0.03369140625,0.010009765625,0.02001953125,-0.026611328125,-0.0390625,0.001220703125,0.015380859375,-0.021484375,-0.03076171875,-0.03076171875,0.01611328125,0.0283203125,-0.0146484375,0.02392578125,0.017822265625,-0.04150390625,-0.01611328125,0.035888671875,-0.00244140625,-0.057861328125,-0.035888671875,-0.035888671875,0.022216796875,0.008544921875,-0.0380859375,0.022705078125,-0.0478515625,-0.0771484375,-0.0078125,0.017578125,-0.055908203125,-0.078369140625,0.009521484375,0.0595703125,0.0595703125,-0.00830078125,-0.0595703125,0.005615234375,-0.013671875,-0.053955078125,0.007080078125,0.0341796875,-0.05859375,-0.09375,0.000732421875,0.052490234375,0.052490234375,-0.00390625,-0.019775390625,0.02197265625,-0.032470703125,-0.061279296875,0.015380859375,0.031494140625,-0.05712890625,-0.073486328125,0.002685546875,0.01904296875,-0.039306640625,-0.039306640625,-0.037353515625,0.031494140625,-0.032470703125,-0.0166015625,0.02685546875,-0.00732421875,-0.05908203125,-0.047119140625,-0.0029296875,-0.00830078125,-0.028564453125,0.000732421875,0.03857421875,0.03857421875,0.015625,-0.023193359375,-0.01220703125,0.01025390625,-0.004638671875,-0.02294921875,-0.036865234375,-0.042236328125,-0.011962890625,0.007568359375,0.000732421875,-0.01171875,-0.00830078125,0.007080078125,-0.0126953125,-0.03759765625,-0.01513671875,-0.01513671875,0.00732421875,-0.02978515625,-0.0048828125,0.03515625,-0.008056640625,-0.03515625,0.00390625,0.03076171875,-0.005615234375,-0.051025390625,-0.025634765625,0.005615234375,-0.029296875,-0.029296875,-0.055419921875,-0.001708984375,0.002685546875,-0.021240234375,0.00927734375,0.0068359375,-0.024169921875,-0.00927734375,0.019287109375,-0.01953125,-0.082275390625,-0.072998046875,-0.000732421875,-0.000732421875,0.018798828125,-0.016357421875,0.025146484375,-0.016845703125,-0.04052734375,0.000244140625,0.023681640625,-0.021728515625,-0.059814453125,-0.0322265625,0.0126953125,-0.000244140625,-0.02197265625,-0.02197265625,0.007080078125,-0.015869140625,-0.00830078125,0.03564453125,0.004150390625,-0.0751953125,-0.098388671875,-0.052001953125,-0.01904296875,0.004150390625,0.051025390625,0.058349609375,-0.02294921875,-0.02294921875,-0.080078125,0.040283203125,-0.007568359375,-0.054931640625,-0.02783203125,-0.0078125,-0.043701171875,-0.06298828125,0.002197265625,0.065673828125,0.028076171875,-0.0166015625,0.016357421875,0.016357421875,0.033935546875,-0.068359375,-0.036376953125,-0.012451171875,-0.013427734375,0.0029296875,0.035400390625,0.026611328125,-0.037109375,-0.039794921875,0.01416015625,-0.007568359375,-0.0498046875,-0.0498046875,-0.0087890625,-0.03955078125,-0.05322265625,-0.004638671875,0.032470703125,0.00537109375,-0.027587890625,-0.009521484375,0.026123046875,0.0107421875,-0.03125,-0.042724609375,-0.042724609375,-0.052490234375,-0.04150390625,0.025390625,0.054931640625,0.01025390625,-0.008056640625,0.001708984375,-0.016357421875,-0.025634765625,-0.002685546875,0.007568359375,-0.036865234375,-0.036865234375,-0.032958984375,0.06640625,0.0341796875,-0.062744140625,-0.028564453125,0.02587890625,-0.01318359375,-0.03271484375,0.0,-0.00830078125,-0.067626953125,-0.10009765625,-0.029541015625,0.066162109375,0.05224609375,-0.0166015625,-0.0087890625,0.01513671875,-0.03662109375,-0.04638671875,0.021240234375,0.041015625,-0.03857421875,-0.09228515625,-0.09228515625,0.020263671875,0.00048828125,-0.022705078125,0.020751953125,0.0322265625,-0.01611328125,-0.0087890625,0.041259765625,0.0078125,-0.07275390625,-0.0869140625,-0.03173828125,0.01025390625,-0.000244140625,0.0068359375,0.036865234375,-0.00146484375,-0.058349609375,-0.03662109375,0.021728515625,0.009521484375,-0.033935546875,-0.029052734375,0.011474609375,0.004150390625,-0.040771484375,-0.02099609375,0.0205078125,0.004638671875,-0.010498046875,0.0244140625,0.027587890625,-0.01318359375,-0.0517578125,-0.073974609375,-0.077392578125,-0.048583984375,0.013427734375,0.067138671875,0.029296875,-0.04443359375,-0.033203125,0.003173828125,-0.016845703125,-0.029541015625,0.016357421875,0.0380859375,-0.023193359375,-0.07861328125,-0.028564453125,0.03662109375,0.009033203125,-0.043701171875,-0.026123046875,0.0244140625,0.017822265625,-0.00390625,0.00341796875,0.00830078125,-0.037109375,-0.091064453125,-0.04541015625,0.039306640625,0.02978515625,-0.008056640625,0.00634765625,-0.00927734375,-0.046142578125,-0.02197265625,0.029052734375,0.031005859375,-0.06005859375,-0.127685546875,-0.04296875,0.032470703125,0.0400390625,0.0146484375,-0.048828125,-0.084716796875,-0.041748046875,0.03857421875,0.07568359375,0.028564453125,-0.056640625,-0.0810546875,-0.052734375,-0.01318359375,0.06494140625,0.101806640625,0.022216796875,-0.090087890625,-0.1220703125,0.071044921875,0.071044921875,0.0380859375,-0.024658203125,-0.052978515625,-0.076171875,-0.07421875,-0.0009765625,0.1005859375,0.0517578125,-0.10400390625,-0.103515625,0.036865234375,0.06787109375,-0.031982421875,-0.05419921875,0.0029296875,0.00146484375,-0.031005859375,-0.03271484375,0.028564453125,0.038818359375,-0.046142578125,-0.04345703125,0.04150390625,0.043701171875,-0.021240234375,-0.0546875,-0.0546875,-0.01904296875,-0.015380859375,0.033203125,0.068115234375,0.00830078125,-0.044677734375,-0.061279296875,-0.059814453125,0.0048828125,0.06982421875,0.005615234375,-0.1025390625,-0.02880859375,-0.02880859375,0.068115234375,0.0244140625,-0.057373046875,-0.013916015625,0.02490234375,-0.02978515625,-0.043212890625,0.006103515625,0.010009765625,-0.0341796875,-0.0859375,0.0634765625,0.041748046875,0.000244140625,0.03369140625,0.031005859375,-0.003662109375,-0.003662109375,-0.03173828125,-0.0810546875,-0.03515625,0.034912109375,-0.022705078125,-0.0625,-0.01123046875,0.041748046875,0.057861328125,-0.008056640625,0.0302734375,0.0302734375,0.088623046875,0.019775390625,-0.03564453125,-0.086669921875,-0.079345703125,-0.00146484375,0.0009765625,-0.024658203125,0.00439453125,0.016357421875,0.01025390625,-0.05126953125,-0.05126953125,-0.0126953125,0.041015625,-0.008544921875,-0.00830078125,-0.0185546875,-0.0908203125,-0.054443359375,-0.01708984375,-0.04443359375,0.023193359375,-0.0087890625,-0.01708984375,-0.01708984375,0.015625,-0.028076171875,-0.05029296875,-0.03369140625,-0.005126953125,0.014892578125,0.009765625,0.0,-0.018798828125,-0.03125,-0.021240234375,-0.021240234375,-0.004638671875,0.00390625,-0.009521484375,-0.01025390625,-0.013916015625,0.000732421875,0.0029296875,-0.017333984375,0.00927734375,0.0009765625,0.0166015625,-0.025390625,-0.025390625,-0.0244140625,0.03564453125,-0.0107421875,-0.024658203125,0.010009765625,-0.04345703125,-0.005126953125,0.06201171875,-0.030029296875,0.025634765625,-0.065185546875,-0.065185546875,-0.0576171875,0.05029296875,0.005126953125,-0.027587890625,0.02099609375,-0.018798828125,-0.04052734375,-0.01806640625,-0.038818359375,0.015625,-0.017333984375,-0.033935546875,-0.033935546875,-0.001220703125,0.011474609375,0.00146484375,-0.026611328125,-0.04931640625,-0.0263671875,0.000244140625,-0.0166015625,-0.0380859375,-0.024169921875,-0.010986328125,-0.017333984375,-0.019287109375,0.017822265625,0.0341796875,0.0341796875,0.0029296875,-0.009521484375,0.00146484375,0.017578125,0.025146484375,-0.00439453125,-0.0283203125,-0.0107421875,0.008056640625,0.008056640625,-0.01025390625,-0.026611328125,-0.039306640625,-0.044189453125,-0.02880859375,0.015625,0.0361328125,0.01708984375,0.01708984375,-0.00927734375,-0.035888671875,-0.016357421875,0.02294921875,0.01171875,-0.0244140625,-0.0322265625,-0.0244140625,-0.052001953125,-0.049072265625,-0.004638671875,-0.0283203125,-0.039306640625,-0.031005859375,-0.057861328125,0.05322265625,0.02880859375,-0.012939453125,0.047119140625,0.047119140625,-0.060302734375,-0.01806640625,0.022216796875,-0.0947265625,0.00390625,-0.04931640625,-0.038330078125,0.028564453125,-0.02294921875,0.022705078125,-0.002197265625,0.010986328125,-0.05126953125,-0.0048828125,-0.013671875,0.035400390625,0.022705078125,-0.017822265625,-0.017822265625,-0.023193359375,-0.03564453125,-0.025146484375,-0.0478515625,-0.041259765625,0.009033203125,0.02685546875,0.00244140625,-0.015625,-0.002197265625,-0.015380859375,-0.002685546875,-0.016845703125,0.003173828125,-0.00048828125,0.006591796875,-0.02392578125,-0.022216796875,0.01416015625,0.01416015625,-0.017333984375,-0.034423828125,-0.023193359375,-0.031982421875,-0.003173828125,-0.000732421875,-0.023681640625,-0.00390625,0.00927734375,0.0048828125,0.007080078125,-0.0107421875,0.00244140625,-0.03076171875,-0.016845703125,-0.009033203125,-0.004150390625,0.00927734375,-0.02001953125,-0.041259765625,-0.055419921875,-0.055419921875,-0.01220703125,-0.01171875,-0.039306640625,-0.026123046875,-0.013427734375,0.057373046875,0.047607421875,-0.0087890625,-0.0126953125,0.000732421875,-0.002197265625,-0.048828125,-0.087890625,-0.06005859375,-0.007080078125,0.00732421875,-0.033935546875,0.025390625,0.0078125,-0.0244140625,-0.030029296875,-0.004150390625,0.007080078125,-0.0087890625,0.001708984375,-0.004150390625,-0.005126953125,-0.006103515625,-0.012451171875,-0.02490234375,-0.02978515625,-0.02978515625,-0.042724609375,-0.029296875,-0.00390625,0.008544921875,0.03173828125,0.054443359375,0.017578125,-0.001953125,0.019775390625,-0.02001953125,-0.0380859375,-0.015380859375,-0.01904296875,-0.024169921875,-0.021484375,0.04443359375,0.04638671875,-0.026611328125,-0.047607421875,-0.024169921875,-0.0478515625,-0.052978515625,-0.007080078125,0.009765625,0.032958984375,0.060302734375,0.024169921875,-0.025634765625,-0.05810546875,-0.06103515625,-0.06103515625,-0.0771484375,-0.082763671875,-0.0615234375,-0.005615234375,0.05029296875,0.038330078125,-0.01513671875,-0.04052734375,-0.032958984375,-0.023681640625,-0.038818359375,-0.052734375,-0.008544921875,0.017333984375,0.00146484375,-0.010009765625,-0.01708984375,-0.027099609375,-0.033447265625,-0.008544921875,0.00439453125,0.01123046875,0.024658203125,0.002685546875,-0.039794921875,-0.007080078125,0.0244140625,0.023681640625,0.01806640625,-0.000244140625,-0.010009765625,-0.010009765625,-0.02294921875,-0.02294921875,-0.001953125,0.0029296875,-0.015625,-0.023681640625,-0.006103515625,0.001953125,-0.014892578125,-0.02587890625,-0.02099609375,-0.013671875,-0.012451171875,-0.0224609375,0.0068359375,0.029296875,-0.008056640625,-0.046875,-0.03857421875,-0.009033203125,0.000244140625,-0.044677734375,-0.059814453125,-0.011962890625,0.02587890625,-0.008056640625,-0.0517578125,-0.008056640625,0.043701171875,-0.004150390625,-0.072509765625,-0.05712890625,-0.05712890625,-0.019775390625,-0.002197265625,-0.01025390625,0.01123046875,0.05517578125,0.0302734375,-0.01611328125,-0.028076171875,-0.062255859375,-0.0654296875,-0.011962890625,0.005126953125,0.000732421875,0.00439453125,0.014404296875,0.053955078125,0.031005859375,-0.064453125,0.019775390625,0.01318359375,-0.049560546875,-0.0419921875,0.042724609375,0.0634765625,-0.048095703125,-0.08349609375,-0.012451171875,0.018310546875,-0.029052734375,-0.021728515625,0.03125,-0.0107421875,-0.0517578125,-0.01220703125,-0.010498046875,-0.046142578125,-0.043212890625,-0.043212890625,0.026611328125,0.015380859375,-0.0595703125,-0.043212890625,0.05078125,0.033447265625,-0.092041015625,-0.080322265625,0.042236328125,0.0361328125,-0.040283203125,0.047119140625,0.02880859375,-0.059326171875,-0.033203125,0.049072265625,0.003173828125,-0.071044921875,-0.01025390625,0.033935546875,-0.04833984375,-0.072265625,0.034912109375,0.0556640625,-0.04736328125,-0.06640625,0.056640625,0.06640625,-0.06005859375,-0.1171875,-0.023193359375,-0.023193359375,0.04833984375,-0.060302734375,-0.081298828125,0.071044921875,0.07958984375,-0.028076171875,-0.049072265625,0.03076171875,-0.10009765625,-0.06494140625,0.0537109375,0.0126953125,-0.06689453125,0.003662109375,0.11279296875,0.017822265625,-0.135986328125,-0.047607421875,0.0849609375,-0.032470703125,-0.150146484375,0.012939453125,0.131591796875,-0.022216796875,-0.115478515625,0.028564453125,0.087890625,-0.04296875,-0.110595703125,0.01806640625,0.01806640625,0.07958984375,-0.0546875,-0.097900390625,0.0732421875,0.068603515625,-0.11474609375,-0.08837890625,0.065185546875,-0.09716796875,-0.0810546875,0.09033203125,0.09228515625,-0.099365234375,-0.0947265625,0.0830078125,0.033447265625,-0.14501953125,-0.0849609375,0.109619140625,0.071044921875,-0.100830078125,-0.06640625,0.054443359375,-0.0029296875,-0.119873046875,-0.035400390625,0.0947265625,-0.017822265625,-0.144287109375,0.01123046875,0.01123046875,0.13330078125,-0.01708984375,-0.126220703125,0.050048828125,0.11279296875,-0.1884765625,0.040283203125,0.154052734375,-0.041748046875,-0.125732421875,0.066162109375,0.107666015625,-0.098388671875,-0.116455078125,0.08203125,0.08251953125,-0.08447265625,-0.069580078125,0.09326171875,0.048095703125,-0.13916015625,-0.058837890625,0.10009765625,-0.007080078125,-0.16650390625,-0.0556640625,0.12890625,0.03955078125,-0.148681640625,-0.148681640625,-0.0205078125,0.145751953125,-0.010009765625,-0.161865234375,-0.01953125,0.1201171875,-0.134033203125,0.027099609375,0.1181640625,-0.055419921875,-0.11767578125,0.053466796875,0.074951171875,-0.110107421875,-0.142578125,0.07373046875,0.1103515625,-0.1064453125,-0.0966796875,0.09912109375,0.064697265625,-0.147705078125,-0.10546875,0.115966796875,0.072021484375,-0.133544921875,-0.08935546875,0.08349609375,0.0283203125,-0.156982421875,-0.070068359375,0.143310546875,0.143310546875,0.067138671875,-0.133056640625,-0.036376953125,0.02001953125,-0.145263671875,-0.017333984375,0.1259765625,-0.025390625,-0.15185546875,0.003173828125,0.1240234375,-0.025146484375,-0.119873046875,0.050537109375,0.123046875,-0.069091796875,-0.12060546875,0.04248046875,0.0810546875,-0.086181640625,-0.1103515625,0.07763671875,0.0771484375,-0.120849609375,-0.092529296875,0.099609375,0.06982421875,-0.11328125,-0.08740234375,0.081787109375,0.081787109375,0.028564453125,-0.072998046875,0.111328125,0.04833984375,-0.099853515625,-0.019287109375,0.109619140625,0.00146484375,-0.126220703125,-0.01318359375,0.091552734375,-0.038818359375,-0.144775390625,-0.002685546875,0.109130859375,-0.037353515625,-0.114501953125,0.038330078125,0.09814453125,-0.072998046875,-0.12841796875,0.055419921875,0.101318359375,-0.088623046875,-0.100341796875,0.090087890625,0.0888671875,-0.095703125,-0.091064453125,-0.091064453125,0.0673828125,-0.114501953125,-0.060546875,0.103271484375,0.045654296875,-0.090576171875,-0.026123046875,0.09228515625,-0.01318359375,-0.13134765625,-0.01513671875,0.09033203125,-0.000732421875,-0.087646484375,0.019287109375,0.10546875,-0.05322265625,-0.15869140625,-0.0341796875,0.029296875,-0.064697265625,-0.067138671875,0.08837890625,0.1298828125,-0.047607421875,-0.1025390625,0.028564453125,0.01904296875,-0.14208984375,-0.10986328125,0.07666015625,0.085205078125,-0.05615234375,-0.0283203125,0.094482421875,0.022216796875,-0.11376953125,-0.0478515625,0.09521484375,0.028076171875,-0.10693359375,-0.0390625,0.08056640625,0.011962890625,-0.103759765625,0.007080078125,0.107666015625,-0.0302734375,-0.1259765625,-0.021240234375,0.076904296875,-0.03466796875,-0.096435546875,0.042236328125,0.084228515625,-0.09228515625,-0.13818359375,0.029296875,0.083251953125,-0.05126953125,-0.069091796875,0.072998046875,0.08544921875,-0.066162109375,-0.098388671875,0.02294921875,0.0224609375,-0.09765625,-0.0595703125,0.076171875,0.0458984375,-0.0537109375,0.000244140625,0.067138671875,-0.03564453125,-0.105712890625,0.004638671875,0.072509765625,-0.044921875,-0.102783203125,0.019287109375,0.078125,-0.049560546875,-0.08447265625,0.035888671875,0.044189453125,-0.08837890625,-0.0712890625,0.077880859375,0.074951171875,-0.06640625,-0.066162109375,0.05322265625,0.025146484375,-0.08935546875,-0.041259765625,0.07666015625,0.042236328125,-0.043701171875,0.079833984375,0.079833984375,0.001708984375,-0.119873046875,-0.024169921875,0.07470703125,-0.03662109375,-0.10546875,0.003662109375,0.072265625,-0.03955078125,-0.092041015625,0.047607421875,0.089111328125,-0.09033203125,-0.154541015625,-0.0068359375,0.074462890625,-0.0322265625,-0.052978515625,0.06689453125,0.058837890625,-0.0927734375,-0.087646484375,0.056640625,0.063232421875,-0.0751953125,-0.055419921875,0.0693359375,0.0244140625,-0.092041015625,0.084228515625,0.0283203125,-0.08935546875,-0.08935546875,-0.029296875,0.06884765625,-0.002685546875,-0.10498046875,-0.03076171875,0.059326171875,-0.03173828125,-0.093505859375,0.01318359375,0.081298828125,-0.02783203125,-0.074462890625,0.034912109375,0.056884765625,-0.079345703125,-0.08544921875,0.045166015625,0.050537109375,-0.068115234375,-0.05078125,0.0712890625,0.05029296875,-0.095703125,-0.093017578125,0.042724609375,-0.046630859375,-0.0244140625,0.068603515625,-0.005126953125,-0.005126953125,-0.120361328125,-0.05810546875,0.048828125,0.0,-0.074462890625,0.001953125,0.07373046875,-0.041015625,-0.084228515625,0.01318359375,0.038330078125,-0.068603515625,-0.0908203125,0.022705078125,0.0576171875,-0.0302734375,-0.034912109375,0.0595703125,0.0546875,-0.071044921875,-0.09130859375,0.03076171875,0.03759765625,-0.0693359375,0.072998046875,0.050537109375,-0.061279296875,-0.05126953125,0.03173828125,-0.014404296875,-0.014404296875,-0.08154296875,-0.011474609375,0.069091796875,0.002197265625,-0.07275390625,-0.017578125,0.039794921875,-0.044189453125,-0.071044921875,0.030517578125,0.052734375,-0.042236328125,-0.05859375,0.028564453125,0.038818359375,-0.0703125,-0.079833984375,0.03173828125,0.035888671875,-0.073974609375,-0.0498046875,0.077880859375,0.078125,-0.057861328125,-0.061279296875,0.051513671875,0.007080078125,-0.101806640625,-0.068603515625,0.039794921875,0.02392578125,-0.037109375,-0.013427734375,0.027587890625,-0.055419921875,-0.03076171875,0.02880859375,-0.001220703125,-0.046875,-0.005126953125,0.027587890625,0.027587890625,-0.03955078125,-0.073974609375,0.006591796875,0.0615234375,-0.029052734375,-0.07763671875,0.027587890625,0.0732421875,-0.034912109375,-0.091064453125,0.029296875,0.074462890625,-0.052490234375,-0.08056640625,0.03125,0.061279296875,-0.04345703125,-0.0576171875,0.0390625,0.031005859375,-0.068603515625,-0.054443359375,-0.004638671875,-0.08837890625,-0.02392578125,0.060546875,-0.019287109375,-0.0986328125,-0.000244140625,0.060546875,-0.03662109375,-0.03662109375,-0.0751953125,0.009033203125,0.042236328125,-0.06103515625,-0.068115234375,0.0390625,0.059814453125,-0.037109375,-0.055419921875,0.04736328125,0.059326171875,-0.06005859375,-0.064453125,0.04248046875,0.0234375,-0.081298828125,-0.05029296875,0.058837890625,0.01708984375,-0.07275390625,0.059814453125,-0.024169921875,-0.09326171875,-0.005126953125,0.063720703125,-0.04443359375,-0.09326171875,0.013916015625,0.05224609375,-0.0498046875,-0.0498046875,-0.06298828125,0.040283203125,0.059326171875,-0.046875,-0.0869140625,0.01904296875,0.0478515625,-0.062744140625,-0.070556640625,0.02978515625,0.043212890625,-0.049560546875,-0.026123046875,0.07568359375,0.03955078125,-0.073974609375,-0.060546875,0.035400390625,-0.0048828125,-0.08203125,0.04296875,-0.004150390625,-0.066162109375,-0.00439453125,0.072509765625,-0.0205078125,-0.10107421875,-0.010986328125,0.056884765625,-0.0244140625,-0.071533203125,-0.071533203125,0.013427734375,0.056396484375,-0.03564453125,-0.07421875,0.030029296875,0.060302734375,-0.05029296875,-0.05859375,0.0439453125,0.04296875,-0.056396484375,-0.060302734375,0.019775390625,0.01416015625,-0.0625,-0.041015625,0.060302734375,0.034912109375,-0.044921875,0.021728515625,-0.01220703125,-0.08154296875,-0.046630859375,0.0322265625,-0.00439453125,-0.05078125,0.0048828125,0.05908203125,-0.01953125,-0.07568359375,-0.07568359375,-0.012451171875,0.01220703125,-0.0390625,-0.0322265625,0.036376953125,0.03515625,-0.0517578125,-0.05859375,0.02783203125,0.030029296875,-0.04931640625,-0.0478515625,0.03759765625,0.034912109375,-0.0458984375,-0.023681640625,-0.017578125,-0.090576171875,-0.0302734375,0.044677734375,0.010009765625,-0.048095703125,-0.023193359375,0.0361328125,-0.00927734375,-0.06982421875,-0.03369140625,0.011474609375,-0.0419921875,-0.05908203125,-0.05908203125,0.015380859375,0.043701171875,-0.01318359375,-0.0361328125,0.016357421875,0.006591796875,-0.064208984375,-0.044189453125,0.03515625,0.01611328125,-0.071044921875,-0.041015625,0.056884765625,0.0205078125,-0.064453125,-0.03955078125,0.039794921875,0.010498046875,-0.075439453125,-0.03369140625,0.06884765625,0.020263671875,-0.078125,0.042236328125,-0.013427734375,-0.08984375,-0.017822265625,0.06396484375,-0.002685546875,-0.03955078125,0.018798828125,0.04931640625,-0.02197265625,-0.08154296875,-0.02490234375,0.025390625,-0.03369140625,-0.042724609375,0.05859375,0.062255859375,-0.031494140625,-0.05322265625,-0.05322265625,0.001708984375,-0.0029296875,-0.08056640625,-0.070068359375,0.038818359375,0.04931640625,-0.022216796875,-0.029296875,0.022705078125,-0.004150390625,-0.06494140625,-0.049072265625,0.0048828125,-0.003173828125,0.005859375,0.0361328125,-0.01611328125,-0.041748046875,-0.005615234375,0.010498046875,-0.04052734375,-0.04443359375,0.039306640625,0.06494140625,-0.017578125,-0.044189453125,0.002197265625,-0.017578125,-0.08349609375,-0.06103515625,-0.06103515625,0.035888671875,0.0478515625,-0.0078125,-0.012939453125,0.034423828125,0.00390625,-0.081298828125,-0.07958984375,-0.005126953125,-0.00537109375,-0.023681640625,-0.01806640625,0.058349609375,-0.04833984375,-0.022216796875,-0.022216796875,-0.007080078125,-0.0498046875,-0.05859375,0.001953125,0.048828125,-0.00341796875,-0.032470703125,0.031005859375,0.0205078125,-0.06298828125,0.008544921875,0.006591796875,-0.043212890625,-0.004638671875,0.048583984375,0.020751953125,-0.0478515625,-0.07666015625,0.007568359375,0.0087890625,-0.073974609375,-0.017578125,0.081787109375,0.02294921875,-0.065185546875,-0.036376953125,0.023681640625,-0.0380859375,-0.095947265625,-0.019287109375,-0.019287109375,0.062255859375,0.0224609375,-0.020751953125,0.021484375,0.037109375,-0.046142578125,-0.075439453125,0.00341796875,0.028076171875,-0.04345703125,0.05224609375,0.0498046875,-0.058349609375,-0.072998046875,0.019287109375,0.034912109375,-0.041748046875,-0.064697265625,0.043701171875,0.052490234375,-0.064208984375,-0.057861328125,0.02294921875,0.000732421875,-0.0732421875,-0.05419921875,0.031494140625,0.02685546875,-0.03076171875,-0.03076171875,-0.002685546875,0.0517578125,-0.0283203125,-0.0947265625,-0.02587890625,0.0390625,-0.01416015625,-0.045166015625,0.060546875,-0.021728515625,-0.052001953125,0.03076171875,0.020263671875,-0.063720703125,-0.081787109375,0.01123046875,0.03125,-0.057861328125,-0.02783203125,0.0771484375,0.015869140625,-0.08544921875,-0.058837890625,0.0341796875,0.039306640625,-0.046875,-0.034912109375,0.0576171875,0.005859375,0.005859375,-0.06884765625,-0.0390625,0.014892578125,-0.011474609375,-0.0341796875,0.027587890625,0.020263671875,-0.002685546875,0.056640625,0.00537109375,-0.082763671875,-0.0654296875,0.05224609375,0.0380859375,-0.071044921875,-0.044189453125,0.033935546875,-0.0224609375,-0.08349609375,-0.03515625,0.049560546875,0.0087890625,-0.0703125,-0.025634765625,0.02685546875,-0.02734375,-0.076904296875,0.0009765625,0.0732421875,0.0732421875,0.021240234375,-0.0546875,-0.01416015625,0.044189453125,-0.028564453125,-0.097900390625,-0.04443359375,0.0537109375,-0.019287109375,-0.0478515625,0.016845703125,0.072509765625,-0.0283203125,-0.108642578125,-0.052734375,0.086181640625,0.077880859375,-0.060791015625,-0.0869140625,0.005126953125,0.10009765625,-0.0263671875,-0.0263671875,-0.1708984375,-0.065185546875,0.1318359375,-0.062255859375,-0.1630859375,0.0166015625,0.100830078125,0.013427734375,-0.093994140625,-0.1064453125,0.028076171875,0.08837890625,-0.049560546875,-0.049560546875,-0.089111328125,0.01416015625,-0.005859375,-0.044189453125,-0.058349609375,0.033203125,0.101318359375,-0.012451171875,-0.07421875,-0.07177734375,-0.013671875,0.056396484375,0.01123046875,0.01123046875,-0.01220703125,-0.025390625,-0.010986328125,-0.039794921875,-0.03076171875,0.035400390625,0.056396484375,0.026611328125,-0.0380859375,-0.053955078125,0.006591796875,-0.0205078125,-0.046630859375,-0.046630859375,-0.041748046875,0.060302734375,0.017333984375,0.00146484375,-0.068115234375,-0.01416015625,-0.04248046875,-0.06982421875,0.03564453125,-0.029052734375,0.08203125,0.02978515625,-0.11474609375,-0.11474609375,-0.06787109375,-0.045166015625,0.053955078125,-0.102783203125,0.00146484375,0.048583984375,-0.018310546875,0.037109375,-0.03955078125,-0.038330078125,0.01025390625,-0.05419921875,-0.0185546875,-0.0185546875,-0.022216796875,-0.0234375,-0.000732421875,0.00732421875,-0.02880859375,-0.046875,0.017333984375,0.059326171875,0.0107421875,-0.055419921875,-0.064453125,-0.003662109375,0.037841796875,0.037841796875,-0.01806640625,-0.038330078125,-0.01318359375,-0.013671875,-0.070556640625,-0.0751953125,0.04736328125,0.12060546875,-0.029296875,-0.1494140625,0.0078125,0.164306640625,0.164306640625,-0.2255859375,-0.172119140625,0.1220703125,0.10986328125,-0.178466796875,-0.1220703125,0.170654296875,0.128662109375,-0.180908203125,-0.17333984375,0.11376953125,0.11376953125,-0.06494140625,-0.11669921875,0.073974609375,0.1396484375,-0.064453125,-0.168701171875,0.017578125,0.11328125,-0.011962890625,-0.061767578125,-0.0341796875,-0.0234375,0.052734375,0.0791015625,-0.0947265625,-0.1806640625,0.04931640625,0.14453125,-0.06640625,-0.10986328125,0.059814453125,0.0712890625,-0.041015625,-0.033203125,-0.001953125,-0.038330078125,0.019775390625,0.051025390625,-0.083251953125,-0.092041015625,0.0341796875,0.020751953125,-0.084716796875,-0.035888671875,0.034423828125,-0.0361328125,-0.02685546875,-0.004638671875,-0.070556640625,-0.032470703125,0.044921875,-0.02587890625,-0.08154296875,0.0009765625,-0.01171875,-0.07666015625,0.042724609375,0.0751953125,-0.1015625,-0.086669921875,0.082763671875,0.035400390625,-0.092041015625,-0.01123046875,0.044921875,-0.03857421875,-0.022705078125,-0.0078125,-0.058837890625,0.024658203125,0.110595703125,-0.031494140625,-0.13232421875,0.05126953125,0.13427734375,-0.03369140625,-0.06396484375,0.022216796875,0.022216796875,0.014404296875,0.0029296875,-0.052734375,-0.02490234375,0.102294921875,0.03564453125,-0.135498046875,-0.040771484375,0.09228515625,0.009033203125,-0.067138671875,-0.018310546875,0.0009765625,-0.001708984375,0.041015625,-0.04150390625,-0.12548828125,0.02783203125,0.096923828125,-0.088134765625,-0.138916015625,0.043212890625,0.072998046875,-0.0771484375,-0.060546875,0.01904296875,-0.023681640625,-0.02783203125,-0.0185546875,-0.063720703125,-0.0341796875,0.057861328125,0.00732421875,-0.11669921875,-0.0322265625,-0.0244140625,-0.0244140625,-0.04052734375,0.02099609375,0.01513671875,-0.006591796875,-0.005615234375,-0.048095703125,-0.029296875,0.084228515625,0.008056640625,-0.139892578125,-0.01806640625,0.099853515625,-0.076416015625,-0.076416015625,0.02685546875,0.021728515625,-0.05908203125,0.014892578125,0.021728515625,-0.05615234375,0.0224609375,0.06298828125,-0.053955078125,-0.071533203125,0.05224609375,-0.06884765625,-0.06884765625,0.03955078125,0.08056640625,-0.075439453125,-0.07763671875,0.070556640625,0.04248046875,-0.0888671875,-0.019775390625,0.066650390625,-0.03955078125,-0.05615234375,0.012939453125,-0.0322265625,-0.0322265625,0.006591796875,-0.01171875,-0.0380859375,0.009765625,-0.02587890625,-0.0732421875,0.0439453125,0.064453125,-0.09765625,-0.094482421875,0.059326171875,0.035400390625,-0.034423828125,-0.034423828125,0.016845703125,-0.03515625,-0.001708984375,-0.022216796875,-0.08251953125,0.0234375,0.1015625,-0.058349609375,-0.164794921875,0.013916015625,0.083740234375,-0.025634765625,-0.00830078125,-0.00830078125,-0.042724609375,0.02880859375,0.06005859375,-0.083251953125,-0.111083984375,0.097900390625,0.093505859375,-0.13623046875,-0.095703125,0.089111328125,0.064208984375,-0.047607421875,-0.00146484375,-0.00146484375,0.010009765625,0.0400390625,-0.03369140625,-0.085693359375,0.057373046875,0.107666015625,-0.06787109375,-0.108154296875,0.05615234375,0.06884765625,-0.016845703125,0.0087890625,0.0087890625,-0.051513671875,0.0107421875,0.040283203125,-0.073974609375,-0.0859375,0.05859375,0.048828125,-0.08154296875,-0.037109375,-0.061279296875,0.008056640625,0.008056640625,0.07470703125,-0.05517578125,-0.137451171875,0.024658203125,0.084716796875,-0.071044921875,-0.071533203125,0.038330078125,-0.00537109375,-0.06201171875,0.011474609375,-0.03125,-0.03125,0.007568359375,0.000732421875,-0.065673828125,-0.01025390625,0.002685546875,-0.05517578125,0.013916015625,0.071533203125,-0.062255859375,0.05712890625,0.078125,-0.0576171875,-0.0576171875,-0.02001953125,0.0244140625,-0.03564453125,0.003173828125,0.056396484375,-0.04541015625,-0.080322265625,0.06396484375,-0.087890625,0.00048828125,0.049560546875,0.049560546875,-0.0595703125,-0.042724609375,0.078369140625,0.010498046875,-0.1103515625,0.004150390625,0.0751953125,-0.03173828125,0.006591796875,-0.019287109375,-0.020751953125,0.020263671875,0.020263671875,-0.035400390625,-0.063720703125,0.054931640625,0.040283203125,-0.097412109375,-0.05224609375,0.0283203125,-0.0263671875,0.047119140625,-0.002197265625,-0.088134765625,-0.088134765625,0.00634765625,0.029052734375,-0.047119140625,0.005615234375,0.03955078125,-0.057373046875,-0.065673828125,0.0654296875,0.032958984375,-0.00927734375,0.05859375,-0.047119140625,-0.060791015625,0.018798828125,0.018798828125,0.010498046875,-0.02685546875,-0.009033203125,-0.041259765625,-0.05224609375,0.05517578125,0.013916015625,-0.10986328125,0.1083984375,-0.0224609375,-0.12939453125,0.01513671875,0.01513671875,0.071044921875,-0.035888671875,-0.02490234375,-0.00341796875,-0.039306640625,0.03173828125,0.048828125,-0.091064453125,-0.092041015625,0.10546875,-0.148193359375,-0.076171875,0.087890625,0.030517578125,0.030517578125,-0.054931640625,-0.027099609375,-0.009765625,-0.00341796875,0.044189453125,-0.038330078125,-0.086669921875,0.08349609375,-0.11279296875,-0.11865234375,0.072265625,0.053955078125,-0.061279296875,-0.061279296875,-0.00537109375,-0.004638671875,-0.0625,0.03125,0.015625,-0.11376953125,-0.0361328125,0.12060546875,-0.1787109375,-0.031494140625,0.096923828125,-0.015869140625,-0.069580078125,-0.069580078125,-0.022705078125,-0.010498046875,0.01611328125,0.0263671875,-0.06591796875,-0.07177734375,0.091064453125,0.051513671875,-0.147705078125,0.08642578125,0.017822265625,-0.072021484375,-0.01318359375,-0.015869140625,-0.015869140625,-0.048583984375,0.0595703125,0.025390625,-0.11474609375,-0.01513671875,0.123291015625,-0.012451171875,0.01123046875,0.06884765625,-0.04638671875,-0.0205078125,0.0439453125,-0.035400390625,-0.047119140625,-0.047119140625,0.03857421875,-0.000244140625,-0.07421875,0.0234375,0.0537109375,-0.069091796875,-0.04638671875,-0.0205078125,-0.038330078125,0.037109375,0.001953125,-0.082275390625,0.001220703125,0.001220703125,0.035888671875,-0.04296875,0.00244140625,0.038818359375,-0.05322265625,-0.04931640625,0.013427734375,-0.078369140625,0.015625,0.048828125,-0.08251953125,-0.08251953125,-0.058349609375,0.0380859375,-0.007568359375,-0.05712890625,-0.002197265625,-0.005615234375,0.01513671875,-0.029052734375,-0.079345703125,0.0400390625,0.061279296875,-0.081787109375,-0.081787109375,-0.075927734375,0.07177734375,0.034912109375,-0.0859375,-0.007080078125,-0.03662109375,0.004638671875,0.018798828125,-0.0654296875,-0.03515625,0.07958984375,0.07958984375,0.00830078125,-0.123046875,-0.017822265625,0.057373046875,-0.02685546875,-0.02099609375,-0.0205078125,-0.01708984375,0.039306640625,-0.033447265625,-0.086181640625,0.0615234375,0.0615234375,0.071044921875,-0.08984375,-0.06884765625,0.029296875,-0.0009765625,0.020751953125,-0.039306640625,-0.08447265625,0.06298828125,0.063720703125,-0.105224609375,-0.105224609375,-0.0673828125,0.0869140625,0.01416015625,-0.13525390625,-0.0185546875,-0.000732421875,-0.0263671875,-0.008544921875,-0.03125,0.00390625,0.02001953125,-0.0576171875,-0.0576171875,-0.0498046875,0.076904296875,0.0234375,-0.123046875,-0.019775390625,-0.0302734375,-0.0576171875,-0.001953125,-0.018310546875,-0.018798828125,0.05810546875,-0.03955078125,-0.03955078125,-0.130615234375,0.0546875,0.12060546875,-0.091796875,-0.133056640625,0.085205078125,-0.062255859375,-0.04736328125,0.0087890625,-0.013916015625,0.02099609375,-0.02294921875,-0.103271484375,-0.103271484375,-0.001220703125,0.122314453125,-0.013916015625,-0.172119140625,0.1005859375,-0.017333984375,-0.063232421875,-0.021240234375,-0.014892578125,0.010986328125,0.021240234375,-0.064453125,-0.046142578125,-0.046142578125,0.116943359375,0.046875,-0.15478515625,-0.05908203125,0.021728515625,-0.056640625,-0.014892578125,-0.03369140625,-0.043701171875,0.07568359375,0.015869140625,-0.130859375,-0.01806640625,-0.01806640625,0.108642578125,-0.0146484375,-0.105712890625,-0.003662109375,-0.029541015625,0.04150390625,-0.00439453125,-0.1171875,-0.003173828125,0.104736328125,-0.026123046875,-0.108642578125,0.03515625,0.03515625,0.062744140625,-0.064208984375,-0.0263671875,-0.048583984375,-0.010986328125,0.056640625,-0.01953125,-0.08154296875,0.001953125,-0.00439453125,-0.0517578125,0.04296875,0.04296875,0.03662109375,-0.095458984375,-0.041259765625,0.09423828125,-0.11376953125,0.01416015625,0.080810546875,-0.07080078125,-0.08056640625,0.033935546875,0.03125,-0.026123046875,-0.01025390625,-0.01025390625,-0.018798828125,-0.037109375,0.018798828125,-0.026611328125,0.06005859375,0.072021484375,-0.1044921875,-0.089111328125,0.090576171875,0.047607421875,-0.085205078125,-0.01171875,0.016845703125,-0.04833984375,0.0224609375,0.033447265625,0.033447265625,-0.080810546875,-0.05029296875,0.075439453125,-0.093505859375,0.010009765625,0.01416015625,-0.0703125,0.01904296875,0.065673828125,-0.07177734375,-0.097412109375,0.057373046875,0.057373046875,0.050537109375,-0.073974609375,0.02197265625,-0.023681640625,-0.005126953125,-0.011962890625,-0.072998046875,-0.018310546875,0.083251953125,-0.0126953125,-0.1142578125,0.0068359375,0.0068359375,0.023681640625,-0.059814453125,0.045654296875,-0.07470703125,-0.062744140625,0.083740234375,0.00634765625,-0.129638671875,0.0087890625,0.093994140625,-0.053466796875,-0.053466796875,-0.090576171875,0.044189453125,-0.03662109375,-0.021240234375,0.000244140625,-0.0302734375,0.015869140625,-0.007080078125,-0.06103515625,0.02392578125,0.080810546875,-0.05517578125,-0.05517578125,-0.124755859375,0.0732421875,-0.05908203125,-0.03125,0.010009765625,-0.0341796875,0.00634765625,0.039794921875,-0.0791015625,-0.08544921875,0.10546875,0.10546875,0.0693359375,-0.071044921875,0.09375,0.025390625,-0.082275390625,-0.033935546875,0.010986328125,-0.00048828125,0.0263671875,-0.050537109375,-0.09228515625,0.0654296875,0.0654296875,0.098388671875,-0.122314453125,0.0732421875,0.060791015625,-0.0634765625,-0.0185546875,-0.017822265625,-0.058837890625,0.04443359375,0.02685546875,-0.120361328125,-0.120361328125,-0.037353515625,0.01318359375,-0.20751953125,-0.03564453125,0.1337890625,0.0087890625,-0.081787109375,-0.016845703125,0.008544921875,-0.001953125,0.02294921875,-0.043212890625,-0.043212890625,0.074462890625,0.041748046875,-0.1025390625,-0.019287109375,0.06201171875,-0.03515625,-0.04248046875,0.063232421875,-0.02001953125,-0.121826171875,0.0322265625,0.078125,-0.054931640625,-0.054931640625,-0.044921875,-0.017822265625,-0.047607421875,0.04345703125,-0.01171875,-0.083740234375,0.048828125,0.066650390625,-0.0712890625,-0.034423828125,0.044921875,-0.050537109375,-0.08447265625,-0.08447265625,0.078857421875,-0.135009765625,-0.059326171875,0.069091796875,-0.00390625,-0.067138671875,-0.001953125,0.00048828125,-0.040771484375,0.02001953125,-0.016357421875,-0.08349609375,0.034912109375,0.075927734375,0.075927734375,-0.08203125,0.04736328125,0.020263671875,-0.05029296875,0.03857421875,0.01318359375,-0.106201171875,-0.009521484375,0.076416015625,-0.03515625,-0.06982421875,0.0439453125,0.0439453125,-0.067626953125,0.010009765625,0.00439453125,-0.071533203125,0.022705078125,0.0703125,-0.06787109375,-0.090576171875,0.059326171875,0.04052734375,-0.07421875,-0.003173828125,0.027587890625,0.027587890625,0.020751953125,0.03125,-0.0673828125,-0.042236328125,0.075927734375,-0.00439453125,-0.113037109375,0.019775390625,0.0673828125,-0.053955078125,-0.037109375,0.038330078125,-0.0146484375,-0.04150390625,0.0205078125,-0.033447265625,-0.070556640625,0.068359375,0.056640625,-0.1171875,-0.08251953125,0.074462890625,0.024169921875,-0.097412109375,-0.022705078125,0.04443359375,-0.012451171875,-0.02587890625,-0.0556640625,-0.0576171875,0.053955078125,0.067138671875,-0.095703125,-0.1318359375,0.07568359375,0.087158203125,-0.1005859375,-0.060791015625,0.068115234375,0.009033203125,-0.0712890625,0.000244140625,0.039306640625,-0.015869140625,0.0087890625,0.001953125,-0.052734375,0.015625,0.022705078125,-0.05859375,-0.01123046875,0.0693359375,-0.03857421875,-0.11572265625,0.0537109375,0.0712890625,-0.07373046875,-0.03515625,0.020263671875,-0.031005859375,-0.00146484375,0.04736328125,-0.069091796875,-0.095458984375,0.10791015625,0.083251953125,-0.1572265625,-0.089599609375,0.109619140625,0.04150390625,-0.1005859375,-0.033935546875,0.0263671875,-0.031982421875,0.000732421875,-0.01513671875,-0.073974609375,0.00927734375,0.050048828125,-0.049560546875,-0.059814453125,0.027099609375,-0.031494140625,-0.057373046875,0.091796875,0.035400390625,-0.13720703125,-0.024658203125,0.101318359375,-0.012939453125,0.030517578125,0.030517578125,0.020263671875,-0.058837890625,0.01318359375,-0.0048828125,-0.059326171875,0.045654296875,0.067138671875,-0.0966796875,-0.11083984375,0.073974609375,0.051513671875,-0.073974609375,-0.01708984375,0.0,-0.051513671875,0.026611328125,0.063720703125,-0.067138671875,-0.076416015625,0.08935546875,0.03515625,-0.116455078125,-0.015380859375,-0.052734375,-0.052734375,-0.0302734375,0.050537109375,-0.025146484375,-0.08740234375,0.0380859375,0.027587890625,-0.0888671875,-0.016357421875,0.0517578125,-0.022216796875,-0.0322265625,0.026123046875,-0.031005859375,-0.058837890625,0.068603515625,0.030517578125,-0.1142578125,-0.012939453125,0.080078125,-0.0166015625,-0.04736328125,0.037109375,-0.008544921875,-0.073974609375,-0.0009765625,-0.0009765625,-0.08154296875,0.046875,0.082275390625,-0.08740234375,-0.09716796875,0.0712890625,0.0322265625,-0.096923828125,0.005126953125,0.049072265625,-0.06298828125,0.04150390625,-0.029541015625,-0.029541015625,-0.078857421875,0.023193359375,0.023193359375,-0.07861328125,-0.013671875,0.017333984375,-0.053466796875,-0.028564453125,0.01123046875,-0.052734375,-0.06005859375,0.0224609375,-0.093017578125,-0.093017578125,0.0078125,0.0634765625,-0.0537109375,-0.063720703125,0.031494140625,0.015380859375,-0.04736328125,0.019287109375,0.03076171875,-0.048828125,0.0029296875,-0.044677734375,-0.01123046875,-0.01123046875,0.0673828125,-0.004638671875,-0.097412109375,0.009765625,0.044677734375,-0.0595703125,-0.0205078125,0.040771484375,-0.005615234375,-0.018310546875,-0.041259765625,-0.02294921875,0.077392578125,0.077392578125,-0.00732421875,-0.142333984375,0.001708984375,0.103759765625,-0.03369140625,-0.1005859375,0.013671875,0.02197265625,-0.098876953125,-0.02685546875,-0.028076171875,-0.02392578125,-0.02392578125,-0.001953125,-0.041015625,-0.02734375,0.017822265625,-0.037109375,-0.054443359375,0.068359375,0.02392578125,-0.121337890625,-0.00830078125,0.0927734375,-0.080322265625,0.01025390625,0.00390625,0.00390625,-0.034912109375,0.056396484375,-0.01708984375,-0.121826171875,0.0419921875,0.12255859375,-0.074462890625,-0.138916015625,0.06298828125,0.090576171875,-0.0205078125,-0.00634765625,-0.0263671875,-0.0263671875,0.0615234375,0.02783203125,-0.116455078125,-0.04833984375,0.148681640625,0.032958984375,-0.20166015625,-0.04150390625,0.126708984375,-0.002197265625,-0.027099609375,0.016357421875,-0.02197265625,-0.02197265625,-0.00439453125,-0.040283203125,-0.052001953125,0.064697265625,0.01708984375,-0.110595703125,-0.015625,0.067138671875,-0.06689453125,0.05810546875,-0.00048828125,-0.121826171875,-0.121826171875,0.010986328125,0.064697265625,-0.050537109375,-0.042724609375,0.030517578125,-0.0302734375,-0.073486328125,0.046875,-0.07958984375,0.030029296875,0.0654296875,0.0654296875,-0.0556640625,-0.03662109375,0.0576171875,-0.01171875,-0.065673828125,0.067138671875,0.045654296875,-0.109619140625,0.068603515625,-0.034423828125,-0.070068359375,0.0322265625,0.0322265625,0.023681640625,-0.056396484375,0.004638671875,-0.017333984375,-0.080078125,0.033935546875,0.06103515625,-0.08935546875,0.0693359375,0.033447265625,-0.09033203125,-0.09033203125,0.0078125,0.047607421875,-0.079345703125,-0.04443359375,0.041748046875,-0.0283203125,-0.07470703125,0.03515625,-0.094970703125,-0.03125,0.02587890625,-0.032958984375,-0.032958984375,-0.01025390625,0.021240234375,-0.041259765625,-0.046142578125,0.060791015625,0.020751953125,-0.08642578125,0.076171875,-0.048583984375,-0.048095703125,0.051025390625,0.013916015625,0.013916015625,-0.06201171875,0.013916015625,0.028564453125,-0.048583984375,-0.00048828125,-0.01513671875,-0.06640625,0.06396484375,-0.084716796875,-0.10302734375,0.0859375,0.056396484375,0.056396484375,-0.10693359375,-0.02587890625,0.052001953125,-0.01318359375,-0.02197265625,-0.004638671875,-0.056884765625,0.082763671875,0.01123046875,-0.12744140625,-0.0205078125,0.034423828125,-0.046142578125,-0.046142578125,-0.013427734375,0.039306640625,-0.05078125,-0.0927734375,0.053955078125,0.028564453125,-0.109619140625,0.07958984375,-0.0380859375,-0.077880859375,0.033935546875,0.0390625,0.0390625,-0.032958984375,0.007568359375,-0.019287109375,-0.062255859375,0.05224609375,0.034912109375,-0.094482421875,0.113037109375,-0.01611328125,-0.1640625,0.003662109375,0.09423828125,-0.0263671875,-0.0263671875,-0.037841796875,-0.016357421875,-0.031494140625,0.02734375,0.05517578125,-0.09033203125,-0.105712890625,0.09033203125,-0.151123046875,-0.082763671875,0.09619140625,0.03369140625,-0.0830078125,-0.0830078125,-0.037109375,0.003173828125,-0.016357421875,0.0263671875,-0.05224609375,-0.109130859375,0.10107421875,-0.094482421875,-0.141845703125,0.063232421875,0.07666015625,-0.05322265625,-0.00244140625,-0.00244140625,0.00048828125,-0.05126953125,0.04248046875,0.029296875,-0.1240234375,-0.056884765625,0.044921875,-0.192626953125,-0.049560546875,0.114990234375,0.013916015625,-0.0751953125,-0.04052734375,-0.04052734375,0.005615234375,0.023681640625,0.024658203125,-0.083740234375,-0.08251953125,0.108642578125,-0.1474609375,-0.073974609375,0.111328125,0.04833984375,-0.081787109375,-0.034912109375,-0.01171875,-0.0244140625,-0.0244140625,0.0556640625,-0.022705078125,-0.1318359375,0.00830078125,0.14501953125,-0.197021484375,0.012451171875,0.139892578125,-0.0302734375,-0.090576171875,0.0009765625,0.02392578125,0.02392578125,-0.00634765625,0.000244140625,-0.044921875,-0.064453125,0.047119140625,-0.068603515625,-0.01025390625,0.014892578125,-0.055419921875,-0.00390625,0.07958984375,0.07958984375,-0.0341796875,-0.122802734375,0.049560546875,0.063720703125,-0.090576171875,0.045166015625,-0.03369140625,-0.0517578125,0.0400390625,-0.013427734375,-0.076416015625,0.052001953125,0.052001953125,0.033447265625,-0.104248046875,-0.0263671875,0.056884765625,-0.056396484375,0.052490234375,0.0048828125,-0.122802734375,0.0,0.073486328125,-0.0498046875,-0.0498046875,-0.064208984375,0.0302734375,0.016357421875,-0.06103515625,0.0107421875,-0.072509765625,0.002197265625,0.042724609375,-0.046630859375,-0.034423828125,0.03857421875,-0.010009765625,-0.010009765625,-0.06591796875,0.02001953125,0.017822265625,-0.05908203125,0.011962890625,-0.071044921875,0.00537109375,0.068115234375,-0.048095703125,-0.109375,0.041259765625,0.041259765625,0.0478515625,-0.072265625,-0.0107421875,0.026611328125,-0.006103515625,-0.013916015625,-0.08154296875,-0.032470703125,0.122314453125,0.029296875,-0.160888671875,-0.035400390625,-0.035400390625,0.11376953125,0.00244140625,-0.107666015625,-0.010986328125,-0.056884765625,-0.0146484375,0.026611328125,-0.041259765625,-0.0126953125,0.02197265625,-0.031494140625,-0.0458984375,0.019775390625,0.019775390625,-0.006103515625,-0.04736328125,0.058837890625,-0.118408203125,-0.03173828125,0.0947265625,0.007568359375,-0.08740234375,-0.006103515625,0.037353515625,-0.026123046875,0.006591796875,-0.028564453125,-0.028564453125,-0.07763671875,0.04833984375,0.078125,-0.11376953125,0.067626953125,0.0546875,-0.085693359375,-0.032958984375,0.004150390625,-0.023681640625,0.043212890625,0.00634765625,-0.123291015625,-0.123291015625,-0.04638671875,0.139892578125,0.01904296875,-0.033203125,0.13037109375,0.0029296875,-0.089599609375,-0.0283203125,0.0185546875,0.00439453125,0.01220703125,-0.060302734375,-0.068603515625,-0.068603515625,0.1142578125,0.08740234375,-0.125732421875,0.112548828125,0.08935546875,-0.101318359375,-0.0556640625,0.046875,0.00146484375,-0.002197265625,-0.031982421875,-0.070556640625,-0.070556640625,0.01318359375,0.0625,-0.050537109375,0.046630859375,0.021240234375,-0.07421875,0.02783203125,0.03662109375,-0.092041015625,-0.0361328125,0.085205078125,-0.00341796875,-0.0908203125,-0.0908203125,0.02587890625,0.0244140625,0.01123046875,0.036376953125,-0.0693359375,-0.033935546875,0.067138671875,-0.019775390625,-0.10546875,0.02197265625,0.01318359375,-0.084716796875,0.020751953125,0.07470703125,-0.06005859375,-0.076416015625,0.0576171875,0.0576171875,0.0087890625,-0.10107421875,0.069580078125,-0.049072265625,-0.02734375,0.011474609375,-0.04150390625,-0.01904296875,0.06201171875,-0.026611328125,-0.123291015625,0.03125,0.074462890625,0.074462890625,-0.06494140625,0.052978515625,-0.021484375,-0.086669921875,0.030029296875,0.039306640625,-0.078369140625,-0.006103515625,0.05712890625,-0.04541015625,-0.052978515625,0.027099609375,0.027099609375,0.008056640625,0.032470703125,0.006103515625,-0.083251953125,0.011962890625,0.039794921875,-0.072998046875,-0.046630859375,0.052978515625,-0.004150390625,-0.0888671875,-0.0888671875,0.01953125,-0.074951171875,-0.039794921875,0.0166015625,-0.020751953125,-0.003662109375,0.013671875,-0.0478515625,-0.03955078125,0.079833984375,0.00927734375,-0.130615234375,-0.130615234375,0.0009765625,-0.0390625,-0.054443359375,0.04541015625,0.010498046875,-0.08203125,0.003662109375,0.02294921875,-0.065185546875,0.00390625,0.059814453125,-0.025634765625,-0.025634765625,0.009521484375,0.0048828125,-0.051513671875,0.02001953125,0.0166015625,-0.0458984375,0.027587890625,0.019775390625,-0.065673828125,-0.005859375,0.0751953125,0.0751953125,-0.141357421875,0.031494140625,0.0810546875,-0.063232421875,-0.032958984375,0.022705078125,-0.0546875,-0.076904296875,0.031494140625,0.020751953125,-0.057373046875,0.027099609375,0.027099609375,0.01513671875,0.002685546875,0.0244140625,-0.08642578125,-0.04931640625,0.104736328125,0.02685546875,-0.141357421875,-0.011962890625,0.078125,-0.03515625,-0.0517578125,-0.0517578125,-0.024169921875,-0.00048828125,0.060302734375,-0.059814453125,-0.11181640625,0.10009765625,0.103271484375,-0.143310546875,-0.1201171875,0.107177734375,0.093017578125,-0.076416015625,-0.044677734375,-0.044677734375,-0.00244140625,0.008056640625,-0.036865234375,-0.0732421875,0.0498046875,0.080810546875,-0.0703125,-0.094482421875,0.062255859375,0.008544921875,-0.103759765625,0.0400390625,0.0791015625,-0.092041015625,-0.095703125,0.047607421875,0.03662109375,-0.052734375,-0.019287109375,-0.023193359375,-0.0380859375,0.06689453125,-0.001220703125,-0.1298828125,-0.00634765625,0.11962890625,-0.04052734375,-0.157470703125,0.036376953125,0.080078125,-0.060546875,-0.02880859375,0.0029296875,-0.049560546875,0.01123046875,0.064208984375,-0.070068359375,-0.10205078125,0.117431640625,0.099365234375,-0.155029296875,-0.091064453125,0.119873046875,0.06396484375,-0.09619140625,-0.034912109375,0.05810546875,-0.01123046875,-0.009521484375,-0.01611328125,-0.062744140625,0.012451171875,0.0537109375,-0.0400390625,-0.06884765625,0.025146484375,0.000732421875,-0.0556640625,0.049072265625,0.015869140625,-0.119873046875,-0.017822265625,0.088623046875,-0.025146484375,-0.094482421875,0.031982421875,0.037841796875,-0.074951171875,-0.016845703125,-0.000244140625,-0.053955078125,0.025390625,0.0595703125,-0.079345703125,-0.1123046875,0.066162109375,0.056884765625,-0.093017578125,-0.02734375,0.020263671875,-0.02978515625,0.0166015625,0.01318359375,-0.088134765625,-0.04736328125,0.123779296875,0.021484375,-0.17822265625,-0.00537109375,0.14892578125,-0.01025390625,-0.119140625,0.00146484375,0.065185546875,-0.027587890625,-0.02099609375,-0.0107421875,-0.038330078125,0.04150390625,0.033203125,-0.0830078125,-0.055419921875,0.067138671875,0.009521484375,-0.100341796875,0.008056640625,0.060791015625,-0.0380859375,-0.03076171875,-0.050537109375,-0.050537109375,0.0361328125,0.080078125,-0.0634765625,-0.131103515625,0.0654296875,0.078857421875,-0.0986328125,-0.052734375,0.05224609375,-0.011474609375,-0.07861328125,0.014404296875,0.014404296875,-0.041748046875,0.016357421875,-0.008544921875,-0.079345703125,0.012939453125,0.037841796875,-0.067138671875,-0.04443359375,0.089599609375,0.00732421875,-0.0068359375,-0.0068359375,0.113037109375,-0.025146484375,-0.07177734375,0.0087890625,0.0205078125,-0.01513671875,0.0042724609375,0.0316162109375,0.003662109375,0.086181640625,0.056884765625,-0.055908203125,-0.055908203125,0.079345703125,0.001953125,-0.064453125,0.0048828125,-0.00439453125,-0.060791015625,0.037841796875,0.107177734375,-0.036376953125,-0.130126953125,0.11962890625,-0.0126953125,-0.0126953125,-0.173095703125,-0.00830078125,0.14990234375,-0.01513671875,-0.133544921875,-0.002197265625,0.040283203125,-0.070556640625,-0.03369140625,0.07470703125,-0.098876953125,0.034912109375,0.034912109375,0.056640625,-0.089111328125,-0.07763671875,0.09130859375,0.084228515625,-0.072998046875,-0.072509765625,0.067626953125,0.0791015625,-0.07470703125,0.04443359375,0.0908203125,0.0908203125,-0.09326171875,-0.104736328125,0.0185546875,-0.0048828125,-0.025146484375,0.042236328125,-0.07080078125,-0.140625,0.112060546875,0.1591796875,-0.17529296875,0.205810546875,0.100341796875,0.100341796875,-0.20556640625,-0.05908203125,0.162109375,-0.0556640625,-0.1279296875,0.072509765625,-0.0087890625,-0.141845703125,0.016845703125,0.090576171875,-0.072998046875,0.11181640625,-0.0322265625,-0.0322265625,-0.110107421875,0.06494140625,0.037841796875,-0.0810546875,0.052490234375,0.1240234375,-0.0791015625,-0.0703125,0.118896484375,-0.015625,0.068603515625,0.081787109375,-0.087646484375,-0.087646484375,-0.04833984375,0.064453125,-0.0498046875,-0.0625,0.04833984375,-0.039794921875,-0.052978515625,0.09130859375,0.022216796875,-0.11083984375,0.150146484375,-0.083251953125,-0.137939453125,-0.137939453125,0.073486328125,0.046875,-0.044189453125,0.02392578125,-0.014404296875,-0.123046875,-0.015869140625,0.063720703125,-0.13232421875,0.107421875,-0.017578125,-0.1533203125,0.00048828125,0.00048828125,0.04931640625,-0.097412109375,-0.043701171875,0.06494140625,-0.056396484375,-0.03125,0.107666015625,-0.044921875,-0.131591796875,0.076416015625,-0.14404296875,-0.07958984375,0.137939453125,0.137939453125,-0.0107421875,-0.129638671875,0.041015625,0.03466796875,-0.10791015625,-0.02734375,0.08251953125,-0.022705078125,-0.0185546875,-0.030029296875,-0.067626953125,0.090576171875,0.029296875,0.029296875,-0.08544921875,0.060546875,0.125244140625,-0.07275390625,-0.068115234375,0.094970703125,-0.0380859375,-0.099609375,0.0654296875,0.01123046875,0.023681640625,0.062744140625,-0.123046875,-0.040771484375,-0.040771484375,0.128173828125,-0.07568359375,-0.149658203125,0.081787109375,0.07470703125,-0.086181640625,0.00390625,-0.1123046875,-0.078125,0.111572265625,-0.027587890625,-0.027587890625,-0.13525390625,0.052978515625,0.05517578125,-0.136474609375,-0.09033203125,0.05517578125,-0.041259765625,0.0439453125,-0.05810546875,-0.0673828125,0.08642578125,0.01806640625,0.01806640625,-0.134521484375,-0.000244140625,0.115966796875,-0.049560546875,-0.060302734375,0.083740234375,-0.02490234375,0.074951171875,0.025390625,-0.14892578125,-0.021240234375,-0.021240234375,0.15673828125,-0.04296875,-0.126708984375,0.07373046875,0.033935546875,-0.107421875,-0.02001953125,-0.02587890625,0.037109375,0.095703125,-0.09375,-0.093994140625,-0.093994140625,0.1083984375,0.021240234375,-0.10693359375,0.034423828125,0.07470703125,-0.080078125,0.067626953125,-0.087158203125,-0.07666015625,0.1162109375,-0.018798828125,-0.018798828125,-0.185791015625,0.00927734375,0.145751953125,-0.069091796875,-0.10107421875,0.0830078125,-0.095947265625,0.03271484375,0.022705078125,-0.060791015625,0.03564453125,0.0498046875,0.0498046875,-0.125732421875,-0.060791015625,0.110107421875,-0.046630859375,-0.095458984375,0.0625,-0.119873046875,0.0517578125,0.0712890625,-0.177490234375,-0.067138671875,0.19482421875,0.19482421875,-0.010986328125,-0.18408203125,0.016357421875,0.078125,-0.045654296875,0.007568359375,-0.09716796875,-0.024169921875,0.115966796875,-0.07958984375,-0.124267578125,0.09521484375,0.04345703125,0.04345703125,-0.125732421875,-0.00634765625,0.075927734375,-0.10205078125,-0.0322265625,0.137451171875,-0.16455078125,0.078369140625,0.11962890625,-0.092041015625,-0.04638671875,0.10986328125,0.10986328125,-0.029052734375,-0.092041015625,0.041748046875,0.0009765625,-0.040771484375,0.06982421875,-0.135986328125,-0.028076171875,0.126708984375,-0.052734375,-0.1083984375,0.06005859375,0.00390625,0.00390625,-0.08349609375,0.03271484375,0.0341796875,-0.1025390625,-0.002197265625,0.092041015625,-0.07275390625,0.1396484375,-0.0068359375,-0.169677734375,0.032958984375,0.12890625,-0.107666015625,-0.107666015625,-0.126220703125,0.08349609375,0.002197265625,-0.08642578125,0.031494140625,-0.111572265625,0.0126953125,0.065673828125,-0.113037109375,-0.05615234375,0.12255859375,-0.037109375,-0.117919921875,-0.117919921875,0.052734375,0.019775390625,-0.0908203125,0.0400390625,0.079345703125,-0.046142578125,0.126953125,-0.0478515625,-0.100341796875,0.092529296875,0.0078125,-0.13818359375,0.040283203125,0.040283203125,0.125244140625,-0.125244140625,-0.0869140625,0.154296875,-0.0185546875,-0.1669921875,0.101806640625,-0.050537109375,-0.0068359375,0.068115234375,-0.08154296875,-0.045654296875,0.118408203125,-0.0302734375,-0.0302734375,-0.112548828125,0.077880859375,0.069091796875,-0.11083984375,-0.038330078125,-0.0771484375,-0.07080078125,0.083740234375,-0.0390625,-0.110107421875,0.062255859375,0.0537109375,-0.133056640625,-0.133056640625,-0.044921875,0.100341796875,-0.0478515625,-0.0810546875,-0.031494140625,-0.079833984375,0.083740234375,0.053466796875,-0.16845703125,-0.074462890625,0.150390625,-0.013671875,-0.013671875,-0.130859375,0.045654296875,0.045166015625,-0.0478515625,0.037841796875,-0.044921875,0.00390625,0.09619140625,-0.070556640625,-0.100830078125,0.07861328125,0.07861328125,0.009765625,-0.0986328125,0.045654296875,0.0654296875,-0.016845703125,0.127197265625,-0.0849609375,-0.108154296875,0.12939453125,0.0244140625,-0.17724609375,0.00048828125,0.00048828125,0.15234375,-0.06591796875,-0.086669921875,-0.013671875,-0.1083984375,0.045166015625,0.03662109375,-0.072509765625,0.03857421875,0.073486328125,-0.1171875,-0.055419921875,-0.055419921875,0.1142578125,-0.058837890625,0.089111328125,0.03173828125,-0.13330078125,0.004150390625,0.105712890625,-0.101806640625,-0.072998046875,0.110595703125,-0.032470703125,-0.032470703125,-0.109130859375,0.054443359375,0.016845703125,0.025390625,0.113525390625,-0.119140625,-0.12646484375,0.11669921875,0.03369140625,-0.124267578125,-0.001953125,0.067626953125,-0.0693359375,-0.0712890625,-0.0712890625,0.049560546875,-0.023681640625,0.075439453125,-0.047607421875,-0.12158203125,0.045654296875,0.078369140625,-0.0908203125,-0.03662109375,0.096923828125,-0.04541015625,-0.04541015625,-0.083251953125,0.05712890625,-0.07861328125,0.053466796875,0.03173828125,-0.115966796875,0.00537109375,0.127197265625,-0.093994140625,-0.11279296875,0.123291015625,0.033203125,-0.151611328125,-0.001708984375,-0.001708984375,0.119384765625,-0.068359375,0.091552734375,-0.024658203125,-0.1142578125,0.052490234375,0.052978515625,-0.089599609375,-0.01220703125,0.089111328125,-0.061279296875,-0.09228515625,-0.09228515625,0.04345703125,-0.036376953125,0.078125,-0.012939453125,-0.1162109375,0.047607421875,0.098876953125,-0.141845703125,-0.09228515625,0.14990234375,-0.004638671875,-0.16259765625,0.005859375,0.005859375,0.07080078125,-0.0390625,0.021484375,-0.1181640625,-0.030029296875,0.12548828125,-0.058837890625,-0.1142578125,0.0986328125,0.05029296875,-0.138916015625,-0.024658203125,0.113525390625,0.113525390625,-0.05322265625,-0.06787109375,-0.0341796875,-0.08154296875,0.065185546875,0.015869140625,-0.134033203125,0.012451171875,0.130859375,-0.0927734375,-0.1279296875,0.099365234375,0.053955078125,0.053955078125,-0.104736328125,-0.0185546875,-0.046630859375,-0.0634765625,0.0693359375,-0.01806640625,-0.084228515625,0.05126953125,0.03564453125,-0.080322265625,-0.028076171875,0.052978515625,-0.034912109375,-0.029296875,-0.029296875,0.055908203125,-0.090576171875,0.080078125,0.0263671875,-0.10546875,0.006591796875,0.081298828125,-0.06689453125,-0.064697265625,0.0693359375,-0.04150390625,-0.064208984375,0.098876953125,0.098876953125,-0.156005859375,-0.010498046875,0.122802734375,-0.061279296875,-0.078125,0.08642578125,-0.034423828125,-0.123779296875,0.03857421875,0.030029296875,-0.0986328125,0.013427734375,0.081298828125,0.081298828125,-0.0732421875,0.106689453125,-0.03955078125,-0.10498046875,0.07080078125,0.006591796875,-0.128662109375,0.035888671875,0.11328125,-0.12744140625,-0.08349609375,0.16455078125,-0.009033203125,-0.190673828125,0.017822265625,0.109130859375,-0.0654296875,-0.044677734375,0.07763671875,-0.043212890625,-0.068603515625,0.064453125,-0.030029296875,-0.07763671875,-0.07763671875,0.043212890625,-0.111328125,-0.009033203125,0.094482421875,-0.08056640625,-0.063720703125,0.088623046875,-0.042236328125,-0.0927734375,0.08740234375,0.043701171875,-0.140380859375,0.00341796875,0.144775390625,-0.09521484375,-0.153076171875,0.067626953125,0.0361328125,-0.060791015625,0.028076171875,0.007568359375,-0.1123046875,0.003662109375,0.092529296875,-0.109619140625,-0.080078125,0.14404296875,0.012451171875,-0.162353515625,0.009765625,0.1103515625,-0.08154296875,-0.07568359375,0.06591796875,-0.048583984375,-0.0576171875,0.0908203125,-0.02734375,-0.145751953125,0.047607421875,0.114990234375,-0.132080078125,-0.115234375,0.1318359375,0.025146484375,-0.1171875,0.02783203125,0.05322265625,-0.095703125,-0.037841796875,0.089111328125,-0.046630859375,-0.067138671875,0.091796875,-0.0166015625,-0.113525390625,0.033447265625,0.0322265625,-0.100830078125,0.007080078125,0.103759765625,0.03955078125,-0.08056640625,0.101318359375,-0.02099609375,-0.110107421875,0.06787109375,0.054931640625,-0.09765625,0.0,0.089111328125,-0.090087890625,-0.0439453125,0.138427734375,-0.053466796875,-0.17138671875,0.06298828125,0.1015625,-0.0966796875,-0.03271484375,0.0810546875,-0.090087890625,-0.08642578125,0.0888671875,-0.0302734375,-0.1015625,0.078369140625,0.052001953125,-0.11865234375,-0.0185546875,0.085693359375,-0.08544921875,-0.05322265625,0.1103515625,-0.048095703125,-0.135986328125,0.076171875,0.09326171875,-0.131591796875,-0.078369140625,0.0830078125,-0.0244140625,-0.048095703125,0.0517578125,-0.057861328125,-0.0791015625,0.095947265625,0.032470703125,-0.15625,-0.0087890625,0.13623046875,-0.088623046875,-0.093994140625,0.131103515625,0.02490234375,-0.141845703125,0.00146484375,0.084228515625,-0.077392578125,-0.02001953125,0.119140625,-0.065673828125,-0.132080078125,0.066650390625,0.035400390625,-0.10498046875,0.008056640625,0.082763671875,-0.076171875,-0.044677734375,0.092041015625,-0.08447265625,-0.08447265625,0.092529296875,0.00439453125,-0.123291015625,0.03759765625,0.100341796875,-0.110107421875,-0.045166015625,0.12646484375,-0.074951171875,-0.158447265625,0.08154296875,0.073974609375,-0.021240234375,-0.021240234375,0.103759765625,-0.08544921875,-0.105712890625,0.068603515625,-0.019287109375,-0.062744140625,0.07470703125,0.012451171875,-0.118408203125,0.021484375,0.086669921875,-0.1171875,0.13232421875,0.13232421875,-0.042724609375,-0.122314453125,0.08203125,0.05615234375,-0.137939453125,-0.025634765625,0.0966796875,-0.07373046875,-0.0673828125,0.076904296875,-0.057373046875,-0.0966796875,0.09423828125,0.04638671875,-0.158447265625,-0.035888671875,0.13232421875,-0.04541015625,0.0888671875,-0.00439453125,-0.11962890625,0.0205078125,0.0205078125,0.06201171875,-0.085205078125,-0.0107421875,0.08837890625,-0.0830078125,-0.083984375,0.07958984375,-0.021240234375,-0.111083984375,0.05615234375,0.06640625,-0.12646484375,-0.0380859375,0.110595703125,-0.05615234375,-0.0693359375,0.0849609375,-0.025634765625,-0.095458984375,0.093505859375,0.080322265625,-0.15673828125,-0.04443359375,0.167724609375,-0.16748046875,0.048583984375,0.070068359375,-0.07568359375,-0.0146484375,0.035888671875,0.035888671875,-0.106201171875,-0.04150390625,0.106689453125,-0.0615234375,-0.1103515625,0.092529296875,0.04541015625,-0.130126953125,-0.0234375,0.076171875,-0.079833984375,-0.034912109375,0.115966796875,-0.04736328125,-0.119384765625,0.074951171875,0.0498046875,-0.131591796875,-0.0185546875,0.098388671875,-0.0703125,-0.071533203125,-0.050537109375,-0.09130859375,0.090087890625,0.033203125,-0.166259765625,-0.026611328125,0.165283203125,-0.02978515625,-0.117431640625,-0.117431640625,0.066650390625,0.029052734375,-0.103759765625,-0.0029296875,0.070556640625,-0.050048828125,-0.0263671875,0.0771484375,-0.050537109375,-0.09326171875,0.05322265625,0.0078125,-0.079833984375,0.0263671875,0.046630859375,-0.08837890625,-0.031005859375,0.09765625,-0.050048828125,-0.092041015625,0.066650390625,0.024658203125,0.031005859375,0.032958984375,-0.1015625,-0.001220703125,0.1171875,-0.08935546875,-0.150634765625,0.09423828125,0.09423828125,0.081298828125,-0.126953125,-0.052734375,0.09033203125,-0.047607421875,-0.107421875,0.029541015625,-0.013916015625,-0.036376953125,0.066162109375,-0.01220703125,-0.124755859375,0.00048828125,0.08154296875,-0.072265625,-0.032470703125,0.109619140625,-0.031494140625,-0.107421875,0.058349609375,0.046630859375,-0.01318359375,0.07373046875,-0.06298828125,-0.05517578125,0.072265625,-0.0576171875,-0.089599609375,0.08544921875,0.01953125,0.01953125,-0.157470703125,-0.016357421875,0.14013671875,-0.0419921875,-0.075439453125,0.083251953125,-0.01025390625,-0.0986328125,0.04248046875,0.0498046875,-0.076171875,0.001708984375,0.0751953125,-0.074462890625,-0.05712890625,0.08154296875,-0.054443359375,-0.111572265625,0.083740234375,-0.147216796875,-0.044921875,0.1123046875,-0.055908203125,-0.08837890625,0.070556640625,0.00244140625,-0.072265625,0.052978515625,0.025146484375,0.025146484375,-0.1396484375,-0.006591796875,0.1650390625,-0.05322265625,-0.18017578125,0.044677734375,0.09130859375,-0.06201171875,-0.03662109375,0.0361328125,-0.072509765625,-0.067626953125,0.06884765625,-0.025146484375,-0.08935546875,0.053466796875,0.044921875,-0.09228515625,0.053955078125,-0.02490234375,-0.006103515625,0.06884765625,-0.059326171875,-0.07568359375,0.095458984375,0.036376953125,-0.10888671875,-0.00732421875,0.0546875,-0.066162109375,-0.001708984375,-0.001708984375,0.100341796875,-0.098388671875,-0.1416015625,0.10400390625,0.076416015625,-0.150390625,-0.07470703125,0.10107421875,0.006591796875,-0.044677734375,0.032958984375,-0.055419921875,-0.068359375,0.0849609375,0.026611328125,-0.118896484375,0.015625,-0.061279296875,-0.08740234375,0.068603515625,-0.017822265625,-0.080322265625,0.0712890625,0.030517578125,-0.1357421875,-0.015869140625,0.117431640625,-0.073974609375,-0.107177734375,0.074462890625,0.074462890625,-0.003173828125,-0.094482421875,0.03662109375,0.0185546875,-0.113525390625,0.035888671875,0.132080078125,-0.12109375,-0.13818359375,0.131591796875,0.063232421875,-0.129638671875,-0.007568359375,0.075927734375,-0.083740234375,0.08203125,-0.02978515625,-0.08349609375,0.06298828125,0.006103515625,-0.11474609375,-0.010498046875,0.04736328125,-0.0712890625,-0.0078125,0.098876953125,-0.0576171875,-0.08447265625,0.093994140625,0.093994140625,0.0166015625,-0.118408203125,0.014404296875,0.071533203125,-0.060791015625,-0.01806640625,0.07275390625,-0.07958984375,-0.069091796875,0.1083984375,-0.00439453125,-0.15478515625,0.007080078125,0.106689453125,-0.06103515625,0.078369140625,-0.043212890625,-0.089599609375,0.072265625,0.019287109375,-0.11962890625,0.01953125,0.123779296875,-0.06884765625,-0.12451171875,0.040283203125,0.005126953125,-0.03955078125,0.049072265625,-0.01513671875,-0.01513671875,-0.110595703125,0.021728515625,0.083984375,-0.10595703125,-0.072265625,0.097412109375,-0.0283203125,-0.104248046875,0.058837890625,0.025390625,-0.108154296875,0.033203125,0.10546875,-0.12939453125,0.138671875,0.033935546875,-0.13916015625,0.007568359375,0.0771484375,-0.077880859375,-0.05908203125,0.047607421875,-0.05517578125,-0.031005859375,0.09326171875,-0.04638671875,-0.116455078125,0.06689453125,0.0556640625,-0.09814453125,0.003173828125,0.003173828125,0.073486328125,-0.090087890625,-0.032958984375,0.127197265625,-0.0693359375,-0.1640625,0.102294921875,0.132080078125,-0.135498046875,-0.113037109375,0.078369140625,-0.04150390625,0.033935546875,-0.068603515625,-0.08935546875,0.085205078125,0.037109375,-0.13623046875,0.004150390625,0.1240234375,-0.07666015625,-0.100341796875,0.07763671875,-0.0107421875,-0.09326171875,0.08447265625,0.080322265625,-0.148193359375,-0.07275390625,-0.07275390625,0.12548828125,-0.014892578125,-0.085693359375,0.0556640625,-0.00244140625,-0.092529296875,0.04736328125,0.061767578125,-0.123046875,-0.033447265625,-0.044921875,-0.134765625,0.067626953125,0.06884765625,-0.085693359375,-0.017578125,0.049560546875,-0.063720703125,-0.0224609375,0.077880859375,-0.078125,-0.100341796875,0.102783203125,0.03515625,-0.168212890625,-0.041748046875,0.120849609375,-0.046630859375,-0.10107421875,0.073486328125,0.016357421875,-0.110107421875,0.00341796875,0.049560546875,-0.0791015625,-0.02587890625,0.0849609375,-0.045166015625,-0.045166015625,-0.08642578125,0.056884765625,0.001953125,-0.076171875,0.04931640625,0.0361328125,-0.122802734375,-0.029541015625,0.117431640625,-0.097412109375,0.06298828125,0.005859375,-0.077880859375,0.03662109375,0.030517578125,-0.08740234375,0.0361328125,0.12158203125,-0.11474609375,-0.1376953125,0.13232421875,0.080810546875,-0.126708984375,-0.0244140625,0.086181640625,-0.05029296875,-0.070068359375,0.06298828125,-0.021484375,-0.08642578125,-0.08642578125,0.044189453125,0.019287109375,-0.098876953125,-0.020263671875,0.054443359375,-0.057861328125,-0.04443359375,-0.044677734375,-0.07568359375,0.0712890625,0.0234375,-0.10888671875,-0.013916015625,0.06201171875,-0.048095703125,-0.044677734375,0.0439453125,-0.06103515625,-0.06298828125,0.093994140625,0.00439453125,-0.15966796875,-0.024169921875,0.114501953125,-0.033935546875,-0.0625,0.07373046875,-0.021240234375,-0.104248046875,0.038818359375,0.038818359375,0.039794921875,-0.07080078125,0.025390625,0.093017578125,-0.06689453125,-0.06884765625,-0.028564453125,-0.082763671875,0.082275390625,0.042724609375,-0.137939453125,-0.03369140625,0.1259765625,-0.041259765625,-0.10595703125,0.041748046875,-0.006103515625,-0.075439453125,0.037109375,0.019775390625,-0.099853515625,0.021240234375,0.11865234375,-0.103759765625,-0.15185546875,0.095703125,0.0693359375,-0.102294921875,-0.021484375,0.067626953125,-0.048828125,-0.048828125,-0.061279296875,0.046875,-0.038818359375,-0.07373046875,0.062255859375,-0.09814453125,-0.0234375,0.0341796875,-0.046142578125,-0.005126953125,0.035888671875,-0.074951171875,-0.024658203125,0.113037109375,-0.035400390625,-0.144775390625,0.064208984375,0.13427734375,-0.08935546875,-0.115478515625,0.05419921875,0.027099609375,-0.015380859375,0.029052734375,-0.0595703125,-0.09619140625,0.0625,0.055908203125,-0.111572265625,-0.020751953125,-0.020751953125,0.106689453125,-0.051513671875,-0.09033203125,0.000732421875,-0.1279296875,0.044189453125,0.13427734375,-0.10595703125,-0.146728515625,0.08740234375,0.058837890625,-0.08251953125,-0.02001953125,-0.0029296875,-0.062744140625,0.02197265625,0.055908203125,-0.1044921875,-0.08154296875,0.1044921875,0.015380859375,-0.1171875,0.009033203125,0.05517578125,-0.04541015625,-0.00341796875,0.039794921875,-0.068359375,-0.015625,0.124755859375,0.124755859375,-0.03857421875,-0.153076171875,0.122802734375,-0.109130859375,-0.11376953125,0.064208984375,0.016845703125,-0.04345703125,0.049072265625,-0.031982421875,-0.123779296875,0.048095703125,0.090087890625,-0.1181640625,-0.072509765625,0.119384765625,0.00390625,-0.101318359375,0.0224609375,0.00048828125,-0.05615234375,0.070068359375,0.0302734375,-0.146240234375,-0.032470703125,0.128662109375,-0.049072265625,-0.1044921875,0.060546875,-0.031494140625,-0.110107421875,0.077880859375,0.05419921875,-0.15869140625,-0.00830078125,0.173583984375,-0.079833984375,-0.1845703125,0.089111328125,0.094482421875,-0.109130859375,-0.109130859375,-0.01953125,-0.055419921875,-0.06689453125,0.0869140625,-0.011962890625,-0.101806640625,0.045166015625,0.05078125,-0.064453125,-0.01904296875,0.025146484375,-0.073486328125,-0.0107421875,0.093017578125,-0.077880859375,-0.130859375,0.08837890625,0.07568359375,-0.106689453125,-0.035400390625,0.075439453125,-0.032470703125,-0.041259765625,0.061279296875,-0.0546875,-0.068115234375,0.119873046875,0.03955078125,-0.17431640625,-0.059326171875,0.12109375,-0.016845703125,-0.078857421875,0.04248046875,-0.03759765625,-0.107666015625,0.047607421875,0.03662109375,-0.1298828125,-0.022705078125,0.134765625,-0.038818359375,-0.13671875,0.037841796875,0.031494140625,-0.045654296875,0.038330078125,0.007080078125,-0.11572265625,0.011962890625,0.1376953125,-0.062744140625,-0.1064453125,0.072998046875,-0.004638671875,-0.103759765625,0.043212890625,0.04443359375,-0.09326171875,0.011474609375,0.085693359375,-0.102783203125,-0.07373046875,0.12109375,-0.02099609375,-0.1279296875,0.083984375,0.106201171875,-0.121826171875,-0.06982421875,0.113525390625,-0.0341796875,-0.109619140625,0.0703125,0.037109375,-0.113037109375,-0.02685546875,0.04150390625,-0.061279296875,-0.01953125,0.059814453125,-0.071044921875,-0.082275390625,0.0712890625,-0.002197265625,-0.099609375,0.043212890625,0.06982421875,-0.11181640625,-0.06201171875,0.108154296875,-0.01171875,0.058349609375,0.058349609375,0.013671875,-0.091796875,0.01806640625,0.051513671875,-0.095947265625,-0.025390625,0.123291015625,-0.049560546875,-0.155029296875,0.058349609375,0.090576171875,-0.100341796875,-0.052001953125,0.090087890625,-0.02490234375,-0.08447265625,0.06298828125,0.01904296875,-0.096435546875,0.017333984375,0.0654296875,-0.07373046875,-0.05859375,0.052978515625,-0.02685546875,-0.05615234375,0.044189453125,-0.109375,0.04345703125,0.04345703125,0.0576171875,-0.104736328125,-0.04736328125,0.07568359375,-0.03955078125,-0.0673828125,0.060302734375,-0.035400390625,-0.10009765625,0.0908203125,0.07373046875,-0.15966796875,-0.0751953125,0.146484375,-0.007080078125,-0.1298828125,0.051513671875,0.03369140625,-0.1083984375,-0.007080078125,0.04833984375,-0.06884765625,-0.0087890625,0.087890625,-0.06982421875,-0.0966796875,0.090087890625,-0.088623046875,0.06103515625,0.06005859375,0.06005859375,-0.11328125,-0.02001953125,0.1396484375,-0.03466796875,-0.1123046875,0.064208984375,0.01513671875,-0.0888671875,0.031982421875,0.041015625,-0.103759765625,-0.01220703125,0.12548828125,-0.068359375,-0.16162109375,0.0771484375,0.095947265625,-0.102294921875
Prusa_B,-0.03125,-0.059814453125,-0.06787109375,-0.06396484375,-0.06396484375,-0.02783203125,0.078857421875,0.067138671875,0.041015625,-0.005126953125,-0.05322265625,-0.0673828125,-0.065673828125,-0.044921875,-0.00439453125,0.008056640625,0.008056640625,-0.021728515625,-0.014404296875,0.0087890625,0.046142578125,0.05517578125,0.02685546875,0.031982421875,0.058837890625,0.006103515625,-0.05029296875,-0.020751953125,-0.020751953125,-0.068603515625,-0.02685546875,0.013427734375,-0.044677734375,-0.005615234375,0.049072265625,-0.01171875,0.009521484375,0.04248046875,0.001220703125,0.013916015625,-0.00146484375,-0.00146484375,-0.054931640625,-0.023193359375,-0.05224609375,-0.039794921875,-0.01611328125,-0.021240234375,0.022216796875,-0.000244140625,-0.052001953125,-0.052001953125,-0.017822265625,-0.030517578125,-0.023681640625,-0.005126953125,0.000732421875,-0.0048828125,-0.051513671875,-0.072509765625,-0.072509765625,-0.01220703125,-0.00341796875,0.0234375,0.03076171875,-0.01123046875,-0.024658203125,-0.04296875,-0.062744140625,-0.00048828125,0.031005859375,0.014404296875,-0.0009765625,-0.025634765625,-0.040771484375,-0.064697265625,-0.07470703125,-0.06103515625,-0.010986328125,0.0537109375,0.07861328125,0.063232421875,0.029052734375,-0.026123046875,-0.0712890625,-0.078857421875,-0.0411376953125,-0.064453125,0.008544921875,0.007568359375,-0.015869140625,-0.031005859375,-0.02294921875,0.01513671875,0.04931640625,0.04052734375,0.01318359375,0.0322265625,0.050048828125,-0.00390625,-0.02978515625,-0.0233154296875,-0.004150390625,-0.0712890625,-0.021728515625,-0.01416015625,-0.034912109375,0.041748046875,0.037109375,-0.03076171875,0.02392578125,0.029296875,0.016357421875,0.016357421875,-0.014404296875,-0.064453125,-0.041259765625,-0.04736328125,-0.07373046875,-0.0263671875,-0.015625,-0.00634765625,0.0361328125,-0.00537109375,-0.0302734375,-0.0341796875,-0.05615234375,-0.05615234375,-0.041015625,-0.034423828125,-0.009765625,-0.001220703125,-0.055419921875,-0.054931640625,-0.00927734375,-0.00927734375,0.005615234375,0.005615234375,-0.011962890625,-0.007568359375,-0.01904296875,-0.01904296875,-0.05322265625,0.004150390625,0.024658203125,-0.01611328125,-0.025146484375,-0.01220703125,-0.00048828125,0.015869140625,0.018310546875,-0.009521484375,0.03271484375,0.03662109375,0.03662109375,0.0166015625,-0.023681640625,-0.060791015625,-0.014404296875,0.03515625,0.013427734375,-0.02099609375,-0.028076171875,-0.009521484375,0.0009765625,-0.04541015625,-0.0458984375,0.00390625,0.00390625,0.034912109375,0.0419921875,0.00439453125,-0.05859375,-0.07421875,-0.027099609375,0.0205078125,0.029296875,0.00048828125,-0.04931640625,-0.024658203125,-0.03564453125,-0.03564453125,-0.044189453125,-0.011962890625,0.037109375,0.037841796875,-0.007080078125,-0.042236328125,-0.041748046875,-0.007568359375,0.0,-0.032470703125,-0.0185546875,-0.007568359375,-0.031494140625,-0.031494140625,-0.03466796875,0.0166015625,0.054931640625,0.04931640625,-0.011962890625,-0.02978515625,0.008544921875,-0.0126953125,-0.08056640625,-0.080322265625,-0.023193359375,0.0078125,-0.012451171875,-0.015625,0.005615234375,-0.00634765625,0.013671875,0.056884765625,0.018798828125,-0.03076171875,-0.03076171875,-0.013916015625,-0.010498046875,-0.0419921875,-0.0615234375,-0.037109375,0.01806640625,0.03515625,-0.013671875,-0.038818359375,0.00732421875,0.01513671875,-0.021728515625,-0.015625,-0.02294921875,-0.02294921875,-0.033935546875,-0.017578125,-0.009033203125,-0.0185546875,-0.0322265625,-0.01171875,0.014892578125,0.019287109375,0.016357421875,-0.03369140625,-0.041015625,-0.02490234375,-0.02490234375,0.007568359375,0.0,-0.03271484375,-0.033935546875,-0.006103515625,0.015625,0.00830078125,-0.015625,-0.016357421875,-0.018310546875,-0.018310546875,-0.016845703125,-0.016845703125,-0.005859375,0.003173828125,-0.009765625,-0.03515625,-0.02587890625,0.008056640625,0.020751953125,-0.04931640625,-0.026123046875,0.0146484375,0.004150390625,0.004150390625,-0.052734375,-0.044677734375,0.024658203125,0.0302734375,0.00390625,0.019287109375,0.029052734375,-0.01806640625,-0.03125,-0.014404296875,0.010009765625,0.010009765625,0.0029296875,-0.015380859375,-0.0234375,-0.0283203125,-0.0126953125,0.005859375,-0.008056640625,-0.008544921875,0.024169921875,0.0029296875,-0.03076171875,-0.03076171875,-0.0576171875,-0.039306640625,-0.019287109375,-0.012939453125,0.01220703125,0.022705078125,-0.007080078125,-0.05322265625,-0.04052734375,-0.003662109375,0.0068359375,0.0068359375,0.00732421875,-0.00341796875,-0.02587890625,-0.0205078125,-0.009521484375,-0.005126953125,-0.0068359375,0.0166015625,-0.005615234375,-0.0068359375,-0.01611328125,-0.026123046875,-0.026123046875,-0.014892578125,-0.021484375,-0.021484375,0.004638671875,-0.0087890625,-0.0419921875,-0.028076171875,-0.000732421875,0.006591796875,-0.0126953125,-0.0048828125,0.013916015625,0.016357421875,0.016357421875,0.017578125,0.002685546875,-0.039794921875,-0.05908203125,-0.0341796875,0.00732421875,0.016845703125,0.005126953125,-0.001953125,-0.0263671875,-0.020751953125,0.010498046875,0.008544921875,0.008544921875,-0.011962890625,-0.03466796875,-0.03369140625,-0.003662109375,-0.01513671875,-0.051513671875,-0.033935546875,0.0126953125,0.035400390625,0.014892578125,-0.036865234375,-0.0615234375,-0.04345703125,-0.04345703125,-0.017333984375,-0.0009765625,-0.0009765625,0.0078125,0.01123046875,-0.03466796875,-0.03955078125,0.016845703125,-0.006103515625,-0.0048828125,-0.01025390625,-0.017578125,-0.0126953125,-0.0126953125,-0.02294921875,-0.03369140625,-0.0078125,0.012939453125,0.014404296875,0.018798828125,-0.039794921875,-0.02685546875,-0.00732421875,-0.01953125,-0.030029296875,-0.0166015625,-0.01220703125,-0.01220703125,-0.016845703125,-0.009521484375,0.00634765625,0.01806640625,0.007568359375,-0.020263671875,0.007568359375,-0.01708984375,-0.029052734375,-0.012451171875,-0.009765625,-0.019775390625,0.001708984375,0.001708984375,0.0126953125,-0.006103515625,-0.014892578125,0.006591796875,0.016357421875,-0.000244140625,-0.052734375,-0.030517578125,-0.02783203125,-0.0341796875,-0.00146484375,0.02978515625,-0.011474609375,-0.011474609375,-0.039794921875,-0.009521484375,0.020751953125,0.01708984375,-0.02783203125,-0.045166015625,-0.0234375,-0.021484375,-0.008056640625,-0.01220703125,-0.018310546875,0.00537109375,0.034423828125,0.034423828125,0.033203125,0.00048828125,-0.03857421875,-0.04345703125,-0.013916015625,-0.034912109375,0.01025390625,-0.0009765625,-0.044189453125,-0.025390625,-0.0009765625,0.009033203125,0.009033203125,0.000244140625,-0.021728515625,-0.012451171875,-0.01513671875,-0.038330078125,-0.00927734375,-0.0087890625,-0.022705078125,0.001220703125,0.0234375,0.013916015625,0.013916015625,-0.00537109375,-0.008544921875,-0.0029296875,-0.01123046875,0.000732421875,-0.009765625,-0.041015625,-0.022216796875,0.0107421875,0.0087890625,-0.005126953125,-0.008544921875,0.001953125,0.00244140625,-0.02392578125,-0.04248046875,-0.015869140625,0.001220703125,-0.01708984375,-0.029296875,-0.030029296875,-0.022216796875,-0.018798828125,-0.00439453125,0.026611328125,0.026611328125,0.0244140625,-0.014892578125,-0.032470703125,-0.019287109375,-0.044189453125,-0.007080078125,0.01171875,0.008056640625,0.01513671875,0.023681640625,0.021240234375,-0.012451171875,-0.012451171875,-0.042236328125,-0.037841796875,-0.017822265625,-0.023193359375,-0.0029296875,-0.01953125,-0.05419921875,-0.021240234375,0.0224609375,0.005126953125,-0.013671875,-0.0068359375,0.00830078125,-0.001708984375,-0.001708984375,-0.0224609375,-0.018310546875,-0.01416015625,-0.045654296875,-0.041015625,0.00732421875,0.0146484375,-0.012939453125,0.01953125,0.0185546875,-0.01416015625,-0.002685546875,0.013916015625,-0.005615234375,-0.02783203125,-0.018798828125,0.00244140625,-0.015625,-0.015625,-0.030029296875,-0.023681640625,-0.01123046875,0.014892578125,-0.005615234375,-0.01904296875,-0.041259765625,-0.060302734375,-0.045654296875,-0.0029296875,0.02294921875,-0.0087890625,-0.016845703125,0.003173828125,0.003173828125,-0.0302734375,-0.048095703125,-0.002685546875,0.023193359375,-0.00634765625,0.03173828125,0.030029296875,-0.040283203125,-0.0576171875,-0.03173828125,-0.012939453125,-0.000244140625,0.010498046875,0.022705078125,0.00732421875,-0.016357421875,-0.016357421875,-0.01708984375,-0.015625,-0.0234375,-0.02490234375,0.004150390625,-0.007568359375,-0.04052734375,-0.0341796875,-0.018798828125,-0.019287109375,-0.0166015625,0.028564453125,0.067626953125,0.067626953125,0.002685546875,-0.0556640625,-0.013916015625,-0.022705078125,-0.0283203125,-0.00146484375,0.005615234375,-0.029541015625,-0.00927734375,0.035400390625,0.0283203125,-0.004150390625,0.001220703125,-0.000244140625,-0.040283203125,-0.040283203125,-0.0673828125,-0.05859375,-0.012939453125,-0.00927734375,0.021240234375,0.049560546875,0.049560546875,-0.00048828125,-0.056884765625,0.01611328125,0.005615234375,-0.041015625,-0.02392578125,0.0048828125,-0.03759765625,-0.05078125,-0.005126953125,0.012939453125,-0.009765625,0.006103515625,0.006103515625,0.0654296875,0.041259765625,-0.073974609375,-0.0458984375,-0.00341796875,-0.012939453125,-0.020751953125,0.023193359375,0.008056640625,-0.049560546875,-0.0341796875,0.026123046875,0.040771484375,0.002685546875,0.002685546875,-0.02783203125,-0.025390625,-0.0830078125,-0.009033203125,0.052734375,0.017578125,-0.041748046875,-0.0205078125,0.04345703125,0.0126953125,-0.05419921875,-0.018798828125,0.040283203125,0.011962890625,0.011962890625,-0.05078125,-0.025146484375,-0.0390625,-0.008056640625,0.060791015625,0.053466796875,0.00048828125,-0.019775390625,-0.011962890625,-0.04345703125,-0.064208984375,-0.03515625,-0.03515625,-0.0029296875,-0.046630859375,-0.01953125,0.008544921875,-0.008056640625,-0.017822265625,0.019287109375,0.032470703125,-0.01953125,-0.04638671875,-0.041259765625,-0.028076171875,-0.028076171875,-0.03515625,0.010009765625,0.022216796875,-0.0029296875,0.004150390625,0.032470703125,0.03125,-0.03173828125,-0.04541015625,0.00244140625,-0.014892578125,-0.07177734375,-0.056884765625,-0.056884765625,0.028076171875,-0.018798828125,-0.0322265625,0.0068359375,0.00439453125,-0.046875,-0.027099609375,0.0322265625,-0.009033203125,-0.064697265625,-0.01806640625,0.031494140625,-0.04052734375,-0.07275390625,0.037841796875,0.070556640625,-0.0078125,-0.0419921875,0.006103515625,0.021240234375,-0.046630859375,-0.036865234375,0.0576171875,0.048828125,-0.0546875,-0.0546875,0.0087890625,0.0029296875,-0.049560546875,-0.016845703125,0.05322265625,0.009765625,-0.077392578125,-0.044189453125,0.036865234375,-0.002685546875,-0.07861328125,-0.013427734375,0.058349609375,-0.0234375,-0.09912109375,-0.01904296875,0.054443359375,-0.016845703125,-0.046630859375,0.038330078125,0.043212890625,-0.079345703125,-0.074462890625,0.078125,0.0654296875,-0.070068359375,-0.056640625,0.030517578125,-0.008056640625,-0.08349609375,-0.003662109375,0.087890625,0.01513671875,-0.05322265625,-0.022216796875,0.0107421875,-0.03857421875,-0.072998046875,-0.00537109375,0.032470703125,-0.02880859375,-0.037841796875,0.0205078125,0.0166015625,-0.0576171875,-0.041748046875,0.0390625,0.019287109375,-0.0517578125,-0.055419921875,0.001953125,0.01025390625,-0.011962890625,0.000732421875,0.03271484375,0.012939453125,-0.05712890625,-0.04638671875,0.035888671875,0.0263671875,-0.026123046875,-0.00439453125,0.010986328125,-0.042724609375,-0.068115234375,-0.009765625,0.032470703125,-0.0244140625,-0.065673828125,-0.00146484375,0.03369140625,-0.038818359375,-0.040771484375,0.04541015625,0.0380859375,-0.042236328125,-0.06982421875,-0.020751953125,-0.03955078125,-0.078125,-0.007568359375,0.078857421875,0.070556640625,-0.013671875,-0.03955078125,-0.001708984375,-0.000732421875,-0.050537109375,-0.039306640625,0.019775390625,0.00732421875,-0.056640625,-0.042724609375,0.044189453125,0.040283203125,-0.02734375,-0.0126953125,0.028564453125,-0.021240234375,-0.072998046875,-0.034912109375,0.00341796875,-0.054443359375,-0.054443359375,0.00048828125,0.023193359375,-0.018310546875,-0.03564453125,0.028076171875,0.0712890625,0.02197265625,-0.027587890625,-0.02880859375,-0.041748046875,-0.09228515625,-0.083740234375,0.02001953125,0.06396484375,0.03173828125,0.018310546875,0.02880859375,0.018798828125,-0.0537109375,-0.0673828125,-0.009033203125,0.002685546875,-0.052001953125,-0.045654296875,0.034912109375,-0.0009765625,-0.0927734375,0.079833984375,0.079833984375,0.049560546875,-0.03564453125,-0.015380859375,0.014404296875,-0.072021484375,-0.113525390625,-0.009033203125,0.066650390625,-0.010009765625,-0.03955078125,0.056640625,0.056640625,-0.049560546875,-0.05078125,0.038818359375,0.01611328125,-0.0595703125,-0.029052734375,0.002685546875,-0.038818359375,-0.080810546875,-0.026611328125,0.07080078125,-0.01220703125,-0.024658203125,-0.024658203125,0.0029296875,-0.035400390625,-0.085205078125,-0.056884765625,0.009033203125,-0.013427734375,-0.074951171875,0.006103515625,0.0888671875,0.000244140625,-0.064453125,0.074462890625,-0.04150390625,-0.04150390625,-0.09716796875,-0.001953125,0.009765625,-0.073486328125,-0.030029296875,0.091796875,0.0576171875,-0.040771484375,-0.007080078125,-0.015869140625,-0.081787109375,-0.081787109375,-0.046630859375,0.0224609375,-0.0166015625,-0.078369140625,-0.02197265625,0.06689453125,0.007080078125,-0.089111328125,-0.01318359375,0.074951171875,-0.116455078125,-0.004638671875,-0.004638671875,0.06396484375,-0.076416015625,-0.100830078125,0.079345703125,0.086669921875,-0.07666015625,-0.066650390625,0.077880859375,0.05029296875,-0.097412109375,-0.05419921875,0.065185546875,-0.11669921875,-0.02490234375,-0.02490234375,0.113037109375,0.006591796875,-0.09228515625,0.0283203125,0.0712890625,-0.04931640625,-0.10400390625,-0.008544921875,0.03271484375,-0.06591796875,0.048828125,0.071533203125,0.071533203125,-0.047119140625,-0.082275390625,0.033447265625,0.068359375,-0.042724609375,-0.077880859375,0.000732421875,0.02587890625,-0.0478515625,-0.03662109375,0.043212890625,-0.06787109375,-0.035888671875,-0.035888671875,0.10400390625,0.0400390625,-0.115234375,-0.056396484375,0.07421875,-0.04248046875,-0.146240234375,0.02783203125,0.109619140625,-0.04296875,-0.092041015625,0.05712890625,-0.09619140625,-0.08837890625,-0.08837890625,0.059326171875,0.04638671875,-0.107177734375,-0.097900390625,0.028076171875,0.0224609375,-0.061279296875,-0.01318359375,0.05810546875,-0.045654296875,-0.021484375,-0.021484375,0.030517578125,-0.049560546875,-0.119873046875,-0.011474609375,0.08837890625,-0.00439453125,-0.06640625,0.03662109375,0.075927734375,-0.072509765625,0.043212890625,0.036376953125,-0.080078125,-0.080078125,-0.108642578125,-0.00390625,0.03759765625,-0.059326171875,-0.07080078125,0.0712890625,0.09521484375,-0.068359375,-0.076416015625,0.02099609375,-0.06884765625,-0.03955078125,0.0283203125,0.0283203125,-0.025634765625,-0.0927734375,-0.01513671875,0.085693359375,0.0556640625,-0.0322265625,-0.010498046875,0.052734375,-0.092041015625,-0.0810546875,0.021728515625,0.021728515625,-0.020751953125,-0.088623046875,0.0048828125,0.088623046875,-0.023193359375,-0.09375,0.028076171875,0.10107421875,-0.110107421875,0.009765625,0.02685546875,-0.131103515625,-0.11181640625,-0.11181640625,0.080810546875,0.083251953125,-0.060546875,-0.029052734375,0.1005859375,0.037109375,-0.1123046875,-0.024658203125,0.087890625,-0.103759765625,0.026123046875,0.0439453125,-0.0703125,-0.059814453125,-0.059814453125,0.06005859375,0.050048828125,-0.021240234375,-0.00341796875,0.009521484375,-0.0205078125,-0.062255859375,-0.006591796875,-0.015625,-0.06494140625,-0.0419921875,-0.0419921875,0.0615234375,0.059814453125,-0.040771484375,-0.04296875,0.024658203125,0.010498046875,-0.057861328125,0.01416015625,-0.02880859375,-0.046142578125,0.027587890625,0.05078125,-0.026611328125,-0.026611328125,-0.02734375,0.024658203125,0.0029296875,-0.027587890625,-0.03173828125,-0.031982421875,-0.031005859375,-0.04736328125,-0.004638671875,0.031005859375,0.017822265625,-0.01611328125,-0.012451171875,0.00146484375,0.00146484375,-0.029052734375,-0.076416015625,-0.03466796875,0.02197265625,-0.020751953125,-0.049560546875,0.064208984375,0.0009765625,-0.018310546875,0.0029296875,-0.001708984375,-0.001708984375,0.006591796875,-0.004150390625,-0.0458984375,-0.063720703125,-0.039306640625,0.0,0.048828125,-0.003662109375,-0.017333984375,0.02587890625,0.001220703125,-0.060302734375,-0.048095703125,-0.048095703125,-0.021240234375,-0.051513671875,-0.06103515625,0.005615234375,0.046142578125,-0.0126953125,-0.04248046875,0.054931640625,0.001953125,-0.05908203125,-0.05712890625,-0.025390625,-0.0302734375,-0.0283203125,-0.0283203125,0.03173828125,0.0439453125,-0.02294921875,-0.031494140625,0.033447265625,-0.038818359375,-0.056884765625,-0.004150390625,-0.01904296875,-0.1015625,-0.038818359375,-0.038818359375,0.083740234375,0.0107421875,-0.06201171875,0.020751953125,0.05078125,-0.011474609375,-0.04345703125,-0.02001953125,-0.038818359375,-0.056640625,-0.00390625,0.04296875,-0.01171875,0.00146484375,0.00146484375,0.0849609375,0.055908203125,-0.0166015625,-0.026611328125,-0.02880859375,-0.084716796875,-0.031005859375,0.04541015625,0.0234375,-0.025634765625,0.02490234375,0.05126953125,0.05126953125,-0.029541015625,-0.077880859375,-0.031005859375,0.03271484375,-0.035400390625,-0.099365234375,-0.05517578125,0.001953125,-0.027587890625,-0.026123046875,0.02197265625,0.02197265625,0.0244140625,0.00341796875,-0.009033203125,-0.041259765625,-0.044677734375,0.011474609375,-0.02587890625,-0.0439453125,-0.035400390625,0.018798828125,0.02685546875,-0.040771484375,-0.053466796875,-0.009765625,-0.009765625,0.00341796875,0.002197265625,-0.026611328125,-0.050048828125,-0.005859375,-0.0068359375,0.012451171875,-0.00146484375,-0.014892578125,-0.01416015625,-0.03662109375,-0.03369140625,0.015625,0.015625,0.009033203125,-0.053955078125,-0.03173828125,-0.0126953125,0.056396484375,0.077880859375,0.01611328125,-0.01171875,-0.033447265625,-0.09814453125,-0.08544921875,-0.08544921875,0.0087890625,0.032470703125,0.025146484375,0.028564453125,0.0,0.0087890625,-0.03662109375,-0.071533203125,-0.0244140625,0.037109375,0.014892578125,-0.017333984375,-0.022216796875,-0.038330078125,-0.038330078125,-0.001708984375,-0.001708984375,-0.021728515625,-0.010009765625,-0.005126953125,0.005615234375,-0.060546875,-0.061279296875,-0.013427734375,-0.0087890625,0.010986328125,0.01708984375,0.01708984375,-0.042236328125,-0.033203125,-0.013671875,-0.011962890625,-0.0009765625,-0.026611328125,-0.043212890625,-0.035400390625,0.001220703125,0.030029296875,0.0068359375,0.0068359375,-0.03466796875,-0.013916015625,0.01123046875,-0.02783203125,-0.0625,-0.00634765625,0.05712890625,0.073974609375,0.001953125,-0.0703125,-0.056640625,0.005126953125,0.069580078125,0.069580078125,0.08056640625,0.00634765625,-0.061279296875,-0.026123046875,-0.015625,-0.040771484375,-0.08251953125,-0.049072265625,0.041748046875,0.072265625,0.050537109375,0.050537109375,0.03125,0.020263671875,0.0078125,-0.083251953125,-0.0869140625,-0.068359375,-0.04736328125,-0.023681640625,0.015625,0.03369140625,0.008544921875,0.008544921875,-0.00927734375,0.00634765625,0.0078125,-0.004150390625,0.0322265625,0.047119140625,-0.027099609375,-0.094970703125,-0.057373046875,-0.01171875,-0.036865234375,-0.036865234375,-0.0224609375,0.005859375,0.004638671875,0.01220703125,0.000732421875,-0.061279296875,-0.023193359375,0.0029296875,0.051513671875,-0.1328125,0.0087890625,0.01953125,-0.10107421875,0.03173828125,-0.075927734375,-0.075927734375,-0.002197265625,0.06005859375,-0.01904296875,-0.0107421875,0.0126953125,0.065185546875,0.009033203125,0.01416015625,0.0185546875,-0.04248046875,-0.056640625,-0.09375,-0.09375,-0.052734375,-0.00439453125,0.022216796875,-0.008544921875,0.00830078125,0.001220703125,0.01318359375,0.025634765625,-0.026123046875,0.00341796875,-0.015869140625,-0.05419921875,-0.00341796875,-0.02734375,-0.02734375,-0.02734375,0.006103515625,-0.034912109375,-0.039306640625,0.037353515625,0.022705078125,-0.007568359375,-0.009765625,-0.043701171875,-0.02099609375,0.035400390625,0.00146484375,-0.04248046875,-0.065185546875,-0.0498046875,-0.0498046875,0.016357421875,-0.056396484375,-0.033935546875,0.0390625,0.041748046875,-0.027587890625,-0.074951171875,-0.037353515625,0.052490234375,0.06494140625,-0.03955078125,-0.104736328125,-0.104736328125,-0.0703125,0.08349609375,-0.02587890625,-0.080322265625,-0.008056640625,0.070556640625,0.0341796875,-0.099853515625,-0.091552734375,0.06005859375,0.095458984375,-0.027587890625,-0.11572265625,-0.021240234375,0.101806640625,0.101806640625,-0.007568359375,-0.0703125,0.124755859375,0.12060546875,-0.074462890625,-0.13232421875,0.04541015625,0.093505859375,-0.0693359375,-0.098876953125,0.020751953125,0.083984375,0.083984375,-0.112060546875,-0.047119140625,0.040283203125,0.045166015625,-0.027099609375,-0.068359375,-0.04833984375,-0.030029296875,0.013427734375,0.025146484375,-0.031005859375,-0.02294921875,-0.02294921875,-0.01708984375,-0.066162109375,-0.0537109375,0.014404296875,0.038818359375,-0.0595703125,-0.080810546875,0.032470703125,0.064208984375,-0.0205078125,-0.061767578125,0.015869140625,0.05615234375,-0.026123046875,-0.026123046875,0.03271484375,0.034912109375,-0.02490234375,-0.040771484375,-0.009765625,0.017578125,-0.009033203125,0.02978515625,0.022705078125,-0.001220703125,-0.0576171875,0.0029296875,0.039794921875,-0.0029296875,-0.031494140625,0.002197265625,0.0126953125,-0.061767578125,-0.086181640625,0.014404296875,0.03759765625,-0.05029296875,-0.047119140625,0.034912109375,0.025146484375,-0.0791015625,-0.0849609375,0.033447265625,0.03955078125,-0.0498046875,-0.0361328125,0.05615234375,0.041015625,-0.052490234375,-0.055419921875,-0.008056640625,-0.021484375,-0.043701171875,0.002197265625,0.036376953125,-0.010986328125,-0.056884765625,-0.01123046875,0.021484375,-0.028076171875,-0.042236328125,0.04443359375,0.04052734375,-0.0556640625,-0.0537109375,0.02978515625,0.024169921875,-0.08203125,-0.0771484375,0.050537109375,0.0703125,-0.030517578125,-0.057861328125,0.040283203125,0.047119140625,-0.047607421875,-0.041748046875,0.01806640625,0.01025390625,-0.027099609375,-0.023681640625,0.00732421875,-0.0029296875,-0.046875,-0.03759765625,0.002197265625,-0.017578125,-0.02001953125,0.01806640625,0.002685546875,-0.047119140625,-0.072021484375,0.000732421875,0.02001953125,-0.049072265625,-0.047119140625,0.02197265625,0.02978515625,-0.042724609375,-0.05419921875,0.027587890625,0.02099609375,-0.061767578125,-0.04150390625,0.03515625,0.034912109375,0.034912109375,-0.021728515625,0.038818359375,0.008544921875,-0.052978515625,-0.034423828125,0.027099609375,0.002685546875,-0.04638671875,-0.00537109375,0.031005859375,-0.02734375,-0.0576171875,0.001953125,-0.03076171875,-0.03076171875,-0.0361328125,0.04833984375,0.04443359375,-0.058837890625,-0.072021484375,0.009033203125,0.0009765625,-0.074462890625,-0.034423828125,0.0615234375,0.04443359375,-0.04052734375,-0.042236328125,0.027587890625,0.011474609375,-0.0556640625,-0.037353515625,0.013916015625,-0.015869140625,-0.046875,0.023193359375,0.041015625,-0.02978515625,-0.073486328125,-0.02099609375,0.024658203125,-0.036865234375,-0.064208984375,0.0107421875,0.0439453125,-0.03466796875,-0.064697265625,0.03857421875,0.04150390625,-0.059326171875,-0.057861328125,0.0283203125,0.03662109375,-0.0380859375,-0.048828125,0.03466796875,-0.072509765625,-0.072509765625,-0.0263671875,0.0478515625,-0.0068359375,-0.060302734375,-0.015380859375,0.052001953125,0.0126953125,-0.03369140625,0.005126953125,0.01220703125,-0.04443359375,-0.067626953125,0.0283203125,0.0283203125,-0.023681640625,-0.0615234375,0.017822265625,0.041015625,-0.03662109375,-0.042724609375,0.013427734375,-0.009521484375,-0.0859375,-0.063232421875,0.0439453125,0.044921875,-0.05126953125,-0.05126953125,0.033935546875,0.009765625,-0.07861328125,-0.028076171875,0.058837890625,0.019287109375,-0.061279296875,-0.020751953125,0.04248046875,-0.019775390625,-0.072998046875,-0.00537109375,-0.012451171875,-0.058837890625,-0.058837890625,0.025146484375,0.053955078125,-0.03662109375,-0.068603515625,-0.00927734375,0.00146484375,-0.0673828125,-0.051513671875,0.065673828125,0.048583984375,-0.017333984375,0.0498046875,0.0498046875,-0.01025390625,-0.091064453125,-0.04345703125,0.039794921875,0.00634765625,-0.0634765625,-0.0048828125,0.076904296875,0.00048828125,-0.07275390625,0.033935546875,-0.025146484375,-0.025146484375,-0.0751953125,0.009521484375,0.0576171875,-0.041748046875,-0.076171875,0.02734375,0.034912109375,-0.076416015625,-0.07861328125,0.056396484375,-0.065185546875,-0.06689453125,-0.06689453125,0.050048828125,0.0185546875,-0.109375,-0.0712890625,0.0576171875,0.043212890625,-0.06005859375,-0.035400390625,0.06591796875,-0.05810546875,-0.013916015625,0.04833984375,0.04833984375,-0.0234375,-0.093994140625,-0.00732421875,0.079833984375,-0.0126953125,-0.067138671875,0.046875,0.072021484375,-0.053955078125,0.0283203125,0.039794921875,-0.084228515625,-0.084228515625,-0.0947265625,0.020751953125,0.0400390625,-0.036865234375,-0.03662109375,0.065673828125,0.035400390625,-0.103271484375,0.04296875,0.01611328125,-0.068359375,-0.068359375,-0.047607421875,0.045654296875,0.032470703125,-0.046875,-0.0126953125,0.028076171875,-0.026123046875,-0.07568359375,-0.001953125,-0.006103515625,-0.053955078125,0.0126953125,0.0126953125,0.00927734375,-0.085205078125,-0.077392578125,0.03955078125,0.0556640625,-0.061279296875,-0.074462890625,0.0673828125,0.06103515625,-0.091796875,0.0263671875,0.02294921875,-0.06103515625,-0.017578125,-0.017578125,0.06787109375,0.03466796875,-0.0615234375,-0.039306640625,0.044189453125,-0.008544921875,-0.06689453125,0.00244140625,0.056884765625,-0.06396484375,0.01953125,0.046630859375,-0.057373046875,-0.057373046875,-0.08544921875,0.03662109375,0.051513671875,-0.06201171875,-0.07568359375,0.03662109375,0.0224609375,-0.084716796875,-0.048828125,0.024169921875,-0.116943359375,-0.07080078125,0.08642578125,0.05859375,0.05859375,-0.067138671875,-0.03271484375,0.058349609375,-0.00634765625,-0.10498046875,-0.043212890625,0.064453125,0.00830078125,0.00146484375,0.0791015625,-0.001220703125,-0.07568359375,0.0205078125,0.0205078125,0.0625,-0.0732421875,-0.117919921875,0.031005859375,0.080322265625,-0.04833984375,-0.0849609375,0.041015625,-0.04736328125,-0.062255859375,0.04150390625,0.030517578125,-0.089599609375,-0.089599609375,-0.0625,0.058837890625,0.0302734375,-0.0556640625,-0.003662109375,0.072021484375,-0.008544921875,-0.107421875,0.0751953125,0.0107421875,-0.101806640625,-0.031494140625,0.0595703125,-0.0224609375,-0.0224609375,-0.0791015625,0.01904296875,0.06103515625,-0.05078125,-0.07470703125,0.0478515625,0.0498046875,-0.09619140625,0.029296875,0.051025390625,-0.057373046875,-0.05029296875,0.058349609375,0.058349609375,0.020263671875,-0.084228515625,-0.06201171875,0.057373046875,0.04638671875,-0.0732421875,-0.046875,0.017333984375,-0.0849609375,-0.009033203125,0.085205078125,0.001220703125,-0.082763671875,-0.082763671875,-0.010498046875,0.040771484375,-0.0517578125,-0.082275390625,0.03466796875,0.060791015625,-0.08740234375,0.039306640625,0.042724609375,-0.07470703125,-0.06005859375,0.06591796875,0.06591796875,0.03759765625,-0.088134765625,-0.066162109375,0.03857421875,-0.0048828125,-0.093994140625,0.082275390625,0.01318359375,-0.0791015625,-0.00927734375,0.0732421875,-0.01123046875,-0.01123046875,-0.0888671875,0.0,0.07275390625,-0.049072265625,-0.121826171875,0.027099609375,-0.055908203125,-0.0966796875,0.036376953125,0.068115234375,-0.08544921875,-0.09619140625,-0.09619140625,0.064453125,0.0654296875,-0.083251953125,-0.08544921875,0.063720703125,-0.08837890625,-0.06640625,0.068359375,0.0166015625,-0.098876953125,-0.0263671875,-0.0263671875,0.09716796875,0.0185546875,-0.11474609375,-0.05029296875,0.072998046875,0.010009765625,0.01220703125,0.082763671875,-0.03076171875,-0.10107421875,0.009521484375,0.061767578125,0.061767578125,-0.060791015625,-0.097900390625,0.02783203125,0.05859375,-0.068603515625,0.03955078125,0.028564453125,-0.094970703125,-0.060546875,0.084716796875,0.0546875,-0.088134765625,-0.088134765625,-0.05908203125,0.052001953125,-0.010498046875,-0.093017578125,0.000244140625,-0.004638671875,-0.086181640625,0.0205078125,0.08935546875,-0.022705078125,-0.093017578125,-0.00048828125,-0.00048828125,0.058349609375,-0.046142578125,-0.08154296875,0.0556640625,0.074951171875,-0.074462890625,0.032470703125,0.02734375,-0.069580078125,-0.057373046875,0.04248046875,0.013916015625,-0.094482421875,-0.094482421875,-0.059814453125,0.06640625,0.01416015625,-0.103515625,-0.024169921875,-0.002197265625,-0.103271484375,-0.000244140625,0.072021484375,-0.045166015625,-0.10986328125,0.019287109375,0.100341796875,-0.013671875,-0.013671875,-0.08056640625,0.027099609375,0.0625,-0.06884765625,-0.091064453125,0.0478515625,-0.094970703125,-0.059326171875,0.09130859375,0.040283203125,-0.10302734375,-0.05810546875,0.0673828125,0.0673828125,0.013671875,-0.11474609375,-0.05810546875,0.092041015625,-0.102294921875,-0.0390625,0.099853515625,0.014892578125,-0.111328125,-0.018310546875,0.07373046875,-0.03173828125,-0.082275390625,-0.082275390625,0.055419921875,0.095947265625,-0.0625,-0.127685546875,0.067138671875,-0.073974609375,-0.08203125,0.076171875,0.069580078125,-0.079833984375,-0.09228515625,0.050537109375,0.0439453125,0.0439453125,-0.10986328125,-0.072509765625,0.0791015625,0.01318359375,-0.044189453125,0.092041015625,0.01806640625,-0.09814453125,-0.016845703125,0.084716796875,-0.01904296875,-0.118896484375,-0.009765625,-0.009765625,0.094970703125,-0.005126953125,-0.070068359375,0.0390625,-0.08056640625,-0.08251953125,0.052734375,0.06689453125,-0.054443359375,-0.068603515625,0.0625,0.048828125,-0.095947265625,-0.068359375,-0.068359375,0.071044921875,0.025634765625,-0.10888671875,0.103759765625,0.001220703125,-0.1318359375,-0.025146484375,0.0791015625,-0.060546875,-0.13916015625,0.046875,0.13916015625,-0.04736328125,-0.04736328125,-0.12646484375,0.041748046875,-0.072509765625,-0.086669921875,0.058837890625,0.0546875,-0.0888671875,-0.083740234375,0.047119140625,0.05322265625,-0.05224609375,-0.033935546875,-0.033935546875,0.075927734375,0.00390625,-0.02392578125,0.102294921875,-0.0166015625,-0.132080078125,-0.018310546875,0.086669921875,-0.032470703125,-0.114013671875,0.0390625,0.140625,0.140625,-0.029296875,0.00634765625,0.07763671875,-0.0732421875,-0.106689453125,0.0595703125,0.079345703125,-0.0888671875,-0.08056640625,0.0869140625,0.0693359375,0.0693359375,-0.079833984375,-0.037841796875,-0.0107421875,-0.151123046875,-0.05224609375,0.111572265625,0.036376953125,-0.12353515625,-0.032958984375,0.1123046875,-0.022705078125,-0.148193359375,-0.148193359375,0.006591796875,-0.052490234375,-0.142822265625,0.0234375,0.117431640625,-0.04345703125,-0.101318359375,0.052001953125,0.081787109375,-0.0830078125,-0.1005859375,0.04345703125,0.0537109375,0.0537109375,-0.07275390625,0.077392578125,0.01953125,-0.093994140625,-0.005859375,0.1015625,0.00537109375,-0.10693359375,-0.006591796875,0.09326171875,-0.046142578125,-0.13671875,-0.13671875,0.01025390625,-0.057861328125,-0.1201171875,0.04638671875,0.120849609375,-0.0302734375,-0.105224609375,0.010009765625,0.0439453125,-0.06396484375,-0.057861328125,0.0419921875,0.0419921875,0.03564453125,-0.068359375,0.05810546875,0.000732421875,-0.098876953125,-0.001220703125,0.11767578125,-0.004638671875,-0.13623046875,-0.02978515625,0.09423828125,-0.00830078125,-0.11083984375,0.005126953125,0.005126953125,0.101806640625,-0.125732421875,-0.023681640625,0.0625,-0.024658203125,-0.064453125,0.030029296875,0.020263671875,-0.087646484375,-0.04638671875,0.072509765625,0.04736328125,-0.08642578125,-0.08642578125,-0.07080078125,0.03125,-0.093505859375,-0.01611328125,0.100341796875,0.03466796875,-0.0927734375,-0.088134765625,0.019287109375,0.00927734375,-0.07177734375,-0.024169921875,0.052490234375,0.052490234375,0.0244140625,0.005615234375,0.057373046875,-0.028076171875,-0.10205078125,-0.0361328125,-0.002197265625,-0.0478515625,-0.0244140625,0.041748046875,0.046630859375,-0.05078125,-0.06005859375,0.0546875,0.0185546875,-0.11181640625,-0.055419921875,0.037841796875,-0.01806640625,-0.054931640625,0.0244140625,0.084716796875,0.028564453125,-0.07080078125,-0.044189453125,0.006591796875,-0.0654296875,-0.0654296875,-0.0654296875,0.039306640625,-0.000732421875,-0.012939453125,-0.0009765625,0.00146484375,-0.041748046875,-0.047119140625,0.00439453125,0.00634765625,-0.028564453125,-0.011962890625,0.0048828125,-0.003173828125,-0.05712890625,-0.0556640625,0.010498046875,-0.003173828125,-0.029052734375,0.0126953125,0.043212890625,0.008056640625,-0.040283203125,-0.027099609375,-0.008056640625,-0.018310546875,-0.040771484375,-0.009765625,0.031494140625,0.02685546875,-0.014892578125,-0.006591796875,0.0166015625,-0.037841796875,-0.056640625,-0.03564453125,-0.00390625,-0.024658203125,-0.018798828125,0.03564453125,0.02001953125,-0.010498046875,0.003173828125,-0.0048828125,-0.02685546875,-0.056884765625,-0.054931640625,0.018310546875,0.018310546875,-0.02978515625,0.005126953125,0.022216796875,-0.005126953125,-0.0458984375,-0.031494140625,0.017333984375,0.01220703125,-0.01416015625,-0.015625,-0.001220703125,-0.00732421875,-0.019775390625,-0.01806640625,-0.0029296875,-0.01904296875,-0.022705078125,-0.00146484375,0.00341796875,-0.020751953125,-0.032470703125,-0.014892578125,-0.004638671875,-0.01611328125,-0.010986328125,0.033935546875,0.0302734375,-0.03759765625,-0.08056640625,-0.041748046875,-0.00732421875,-0.0048828125,-0.005615234375,0.01025390625,0.024658203125,-0.047119140625,-0.047119140625,-0.03759765625,0.016845703125,0.01708984375,-0.029052734375,-0.01318359375,0.012451171875,0.00732421875,-0.0078125,-0.009521484375,-0.00390625,-0.01953125,-0.0517578125,-0.0068359375,-0.0068359375,-0.01611328125,-0.01123046875,0.00732421875,-0.01611328125,-0.026123046875,0.00537109375,0.008056640625,-0.017578125,-0.0390625,-0.03369140625,0.013427734375,0.010986328125,-0.00390625,-0.00390625,0.01220703125,-0.00341796875,-0.043701171875,-0.044921875,0.007568359375,0.033203125,-0.001220703125,-0.0302734375,-0.01318359375,-0.010986328125,-0.026123046875,-0.01904296875,0.02734375,0.02734375,0.006103515625,-0.0029296875,-0.020263671875,-0.065673828125,-0.056884765625,0.008544921875,-0.010498046875,-0.041748046875,-0.012939453125,0.03076171875,0.02001953125,-0.016845703125,-0.0322265625,-0.003173828125,0.00390625,-0.0458984375,-0.03857421875,0.02978515625,0.02978515625,-0.04345703125,-0.05419921875,-0.00634765625,0.009765625,0.01123046875,0.02099609375,-0.01953125,-0.046630859375,-0.046630859375,-0.01513671875,0.021728515625,0.01513671875,0.012939453125,0.005615234375,-0.00732421875,-0.037109375,-0.046142578125,-0.015625,-0.0185546875,-0.019775390625,-0.01611328125,-0.024658203125,-0.023193359375,-0.015625,-0.0087890625,0.007568359375,-0.010498046875,-0.006103515625,0.0126953125,-0.014892578125,-0.009033203125,-0.017333984375,-0.05419921875,-0.041748046875,-0.019287109375,-0.00830078125,0.021484375,0.0,-0.0078125,0.001953125,0.001953125,-0.0126953125,-0.0322265625,-0.017333984375,0.008544921875,-0.00537109375,-0.01318359375,-0.00341796875,0.007568359375,0.002685546875,-0.02001953125,-0.048828125,-0.01416015625,0.010986328125,-0.021728515625,-0.009765625,-0.0068359375,-0.028076171875,0.014892578125,0.02734375,-0.00927734375,0.01025390625,-0.02392578125,-0.037841796875,-0.0234375,-0.016845703125,-0.01416015625,-0.032470703125,-0.04541015625,-0.0419921875,-0.008544921875,-0.005126953125,-0.005126953125,0.026123046875,0.02099609375,-0.009033203125,-0.053466796875,-0.05224609375,-0.048828125,0.01513671875,0.017578125,-0.00048828125,0.02490234375,-0.035888671875,0.023193359375,-0.073486328125,-0.046142578125,0.000732421875,-0.054443359375,0.051025390625,-0.044677734375,0.00537109375,0.097412109375,-0.069580078125,0.02978515625,-0.00390625,0.04150390625,-0.022705078125,-0.067138671875,0.017822265625,-0.00341796875,0.00927734375,0.03271484375,0.03271484375,0.012939453125,-0.02001953125,-0.037109375,-0.030029296875,-0.05859375,-0.018310546875,0.0205078125,0.000244140625,0.01611328125,-0.016357421875,-0.033935546875,0.00146484375,-0.008056640625,-0.0263671875,-0.02587890625,-0.015380859375,-0.020751953125,-0.01220703125,0.010986328125,0.00439453125,-0.012939453125,-0.05810546875,-0.057373046875,-0.04296875,-0.0234375,0.028564453125,0.048828125,0.04736328125,0.0478515625,0.0478515625,0.02001953125,-0.01318359375,-0.0361328125,-0.0498046875,-0.0546875,-0.052734375,-0.044677734375,-0.027099609375,-0.001708984375,0.02001953125,0.032470703125,0.03173828125,0.00634765625,-0.03857421875,-0.068359375,-0.037841796875,0.03076171875,0.048095703125,-0.0126953125,-0.085693359375,-0.002685546875,0.045166015625,-0.0126953125,-0.073486328125,-0.027587890625,0.037353515625,0.013671875,-0.030517578125,0.0048828125,0.01025390625,0.01025390625,-0.05078125,-0.004638671875,0.021240234375,-0.05322265625,-0.018310546875,-0.00244140625,-0.077392578125,-0.007568359375,0.077392578125,0.025634765625,-0.001220703125,-0.005615234375,-0.060791015625,-0.044189453125,0.011962890625,-0.022705078125,-0.0146484375,0.04833984375,0.026611328125,-0.0302734375,-0.0205078125,-0.008056640625,0.017822265625,0.001220703125,-0.0078125,0.022705078125,-0.016357421875,-0.077880859375,-0.042724609375,0.038330078125,0.059814453125,0.059814453125,0.00830078125,-0.01025390625,-0.030029296875,-0.04150390625,-0.03173828125,-0.055908203125,-0.042236328125,0.01953125,0.048583984375,0.0048828125,-0.04052734375,-0.045166015625,-0.029052734375,0.005615234375,0.026123046875,-0.019775390625,-0.059326171875,-0.04541015625,-0.046630859375,0.014404296875,0.038818359375,0.0029296875,-0.016357421875,-0.0263671875,0.000732421875,0.01904296875,-0.036865234375,-0.083740234375,-0.0380859375,0.031982421875,0.0263671875,0.0263671875,-0.0224609375,-0.0478515625,-0.025146484375,0.010986328125,-0.004150390625,-0.024169921875,0.008544921875,0.0341796875,-0.001220703125,-0.05517578125,-0.055419921875,-0.002685546875,0.055419921875,0.036376953125,-0.03369140625,-0.03466796875,0.001708984375,-0.068359375,-0.055908203125,0.053955078125,0.091552734375,-0.012939453125,-0.083984375,-0.01171875,0.061767578125,0.02734375,-0.083251953125,-0.060302734375,0.05859375,-0.005859375,-0.005859375,-0.146240234375,-0.080810546875,0.100341796875,0.061767578125,-0.099365234375,-0.0458984375,0.094970703125,0.0224609375,-0.143310546875,-0.088623046875,0.070556640625,0.019287109375,-0.125244140625,-0.07861328125,0.095458984375,-0.118408203125,-0.079345703125,0.113037109375,0.071533203125,-0.097900390625,-0.09375,0.029541015625,0.051513671875,-0.048095703125,-0.045166015625,0.04296875,0.049072265625,-0.005126953125,-0.011962890625,0.00634765625,-0.0126953125,-0.0126953125,-0.02978515625,0.00341796875,0.012939453125,-0.032470703125,-0.079833984375,-0.02490234375,0.068115234375,0.0400390625,-0.0224609375,-0.02392578125,0.004150390625,0.01806640625,0.001953125,-0.091064453125,-0.03955078125,0.0205078125,0.0068359375,-0.039306640625,-0.01708984375,0.047607421875,0.02880859375,-0.03662109375,-0.029541015625,0.034912109375,0.0244140625,-0.094482421875,-0.109619140625,0.0087890625,0.007568359375,-0.08056640625,-0.08056640625,-0.037841796875,0.073974609375,0.053466796875,-0.05126953125,-0.0419921875,0.03759765625,0.011474609375,-0.0810546875,-0.0654296875,0.011962890625,-0.00439453125,-0.0771484375,0.07373046875,0.041748046875,-0.0546875,-0.012451171875,0.06396484375,0.010986328125,-0.07763671875,-0.035888671875,0.051513671875,-0.016845703125,-0.070556640625,0.01220703125,0.060546875,-0.01416015625,-0.02587890625,0.04833984375,0.01806640625,-0.054443359375,-0.054443359375,-0.028076171875,0.03466796875,-0.008056640625,-0.123046875,-0.0732421875,0.104736328125,0.070068359375,-0.085205078125,-0.053955078125,0.097900390625,0.053955078125,-0.12939453125,0.06982421875,0.080322265625,-0.12060546875,-0.115478515625,0.074462890625,0.08642578125,-0.0595703125,-0.068603515625,0.04736328125,0.04248046875,-0.077880859375,-0.056640625,0.02978515625,-0.035888671875,-0.1025390625,0.000732421875,0.0751953125,-0.028564453125,-0.048828125,-0.048828125,0.072265625,0.0654296875,-0.090576171875,-0.079833984375,0.048828125,0.020751953125,-0.087890625,-0.067626953125,0.033203125,0.024658203125,-0.001220703125,0.0546875,0.012939453125,-0.0546875,-0.030517578125,0.02197265625,-0.03466796875,-0.0791015625,-0.013427734375,0.04638671875,-0.00390625,-0.061279296875,0.04443359375,0.094970703125,-0.03759765625,-0.075927734375,0.022705078125,0.05224609375,-0.074951171875,-0.104248046875,0.028076171875,0.030517578125,-0.06103515625,-0.0224609375,0.07373046875,0.024169921875,-0.09033203125,-0.09033203125,-0.031005859375,0.0576171875,-0.01953125,-0.105224609375,-0.024658203125,0.06884765625,-0.02490234375,-0.102783203125,0.00439453125,0.09423828125,-0.08837890625,0.01318359375,0.08447265625,-0.0419921875,-0.11767578125,-0.0009765625,0.0537109375,-0.045166015625,-0.0654296875,0.04443359375,0.047607421875,-0.057373046875,-0.028564453125,0.058349609375,-0.009521484375,-0.11376953125,-0.037109375,0.07666015625,-0.00390625,-0.119873046875,-0.04150390625,0.073974609375,-0.001953125,-0.001953125,-0.084228515625,0.0107421875,0.074462890625,-0.0361328125,-0.101318359375,-0.00244140625,-0.028076171875,-0.0751953125,0.01123046875,0.0556640625,-0.024658203125,-0.046875,0.053955078125,0.0537109375,-0.065673828125,-0.058349609375,0.05078125,0.03271484375,-0.09423828125,-0.07421875,0.05615234375,0.03662109375,-0.06982421875,-0.021728515625,0.072509765625,-0.0068359375,-0.108642578125,-0.0322265625,0.06494140625,-0.015380859375,-0.015380859375,-0.106689453125,-0.01611328125,0.05615234375,-0.033203125,-0.069580078125,0.0693359375,-0.03955078125,-0.080322265625,0.03173828125,0.060302734375,-0.05615234375,-0.087158203125,0.014404296875,0.042236328125,-0.052734375,-0.04248046875,0.067626953125,0.040771484375,-0.0712890625,-0.057373046875,0.048583984375,0.021484375,-0.08203125,-0.05224609375,0.0234375,-0.004150390625,-0.0654296875,-0.01025390625,0.070068359375,0.00341796875,0.00341796875,-0.06640625,0.009521484375,0.06640625,-0.03271484375,-0.025146484375,0.04931640625,-0.012939453125,-0.061279296875,0.0205078125,0.073486328125,-0.007568359375,-0.072998046875,0.001708984375,0.063720703125,-0.016357421875,-0.066650390625,-0.002685546875,0.02685546875,-0.041015625,-0.064697265625,0.00634765625,0.0234375,-0.045166015625,-0.046630859375,0.041015625,0.03271484375,-0.058837890625,-0.059326171875,0.0126953125,0.000732421875,0.000732421875,-0.06201171875,-0.025146484375,0.045166015625,-0.060302734375,-0.027587890625,0.044677734375,0.00732421875,-0.059814453125,-0.01318359375,0.030029296875,-0.0234375,-0.0693359375,-0.005859375,0.042236328125,-0.00634765625,-0.021728515625,0.038818359375,0.02685546875,-0.064697265625,-0.048828125,0.024169921875,-0.01318359375,-0.083740234375,-0.031982421875,0.051513671875,0.00341796875,-0.060791015625,0.002197265625,0.070556640625,0.00244140625,0.00244140625,-0.088134765625,0.05078125,-0.013916015625,-0.095703125,-0.0263671875,0.0556640625,-0.01220703125,-0.072265625,0.027099609375,0.089111328125,-0.015869140625,-0.073974609375,0.02197265625,0.0625,-0.064208984375,-0.111572265625,0.005859375,0.04052734375,-0.05419921875,-0.036376953125,0.069580078125,0.039306640625,-0.083984375,-0.064453125,0.053955078125,0.021240234375,-0.06982421875,-0.03173828125,0.0244140625,-0.03759765625,-0.098876953125,-0.098876953125,0.085693359375,-0.00146484375,-0.06884765625,0.013427734375,0.065673828125,-0.02587890625,-0.0908203125,-0.0205078125,0.035400390625,-0.019775390625,-0.04638671875,0.038818359375,0.044677734375,-0.05078125,-0.05126953125,0.032470703125,0.04638671875,-0.054931640625,-0.061279296875,0.016357421875,-0.019287109375,-0.099609375,-0.03271484375,0.06787109375,0.005126953125,-0.062255859375,0.003173828125,0.050537109375,-0.02734375,-0.076904296875,0.01806640625,0.05517578125,-0.05419921875,-0.10009765625,0.006103515625,0.070068359375,-0.035400390625,-0.060546875,0.048583984375,0.07275390625,-0.033203125,-0.072509765625,0.0234375,0.021240234375,-0.0771484375,-0.05810546875,0.05126953125,0.05322265625,-0.064453125,-0.064697265625,0.033447265625,-0.0029296875,-0.052978515625,0.0205078125,0.061767578125,-0.043701171875,-0.1337890625,-0.0322265625,0.067138671875,0.00244140625,-0.05322265625,0.0126953125,0.04248046875,-0.040771484375,-0.08349609375,-0.0048828125,0.062255859375,-0.013916015625,-0.054931640625,0.023193359375,0.02734375,-0.0517578125,-0.06982421875,0.01708984375,0.0517578125,-0.032470703125,-0.029296875,0.05029296875,0.001220703125,-0.1083984375,-0.08154296875,0.032470703125,0.034912109375,-0.035400390625,0.006103515625,0.0390625,-0.0244140625,-0.06884765625,-0.013671875,0.068603515625,-0.090576171875,-0.04833984375,-0.04833984375,0.02197265625,0.00146484375,-0.03173828125,0.02734375,0.071044921875,-0.001220703125,-0.064697265625,-0.02783203125,0.024169921875,-0.020263671875,-0.058349609375,0.00927734375,0.037109375,-0.033203125,-0.06005859375,-0.013427734375,0.012451171875,-0.020751953125,-0.020751953125,0.028564453125,0.02099609375,-0.05615234375,-0.07373046875,-0.0244140625,-0.017822265625,-0.025390625,-0.01220703125,0.02978515625,-0.0439453125,-0.018310546875,-0.018310546875,0.017333984375,-0.0029296875,-0.02685546875,-0.0068359375,0.020263671875,-0.021728515625,-0.046875,-0.01513671875,0.01611328125,-0.001220703125,-0.0166015625,0.0263671875,0.025634765625,-0.03369140625,-0.039306640625,-0.01123046875,-0.027587890625,-0.062255859375,-0.028076171875,0.0380859375,0.012939453125,-0.0419921875,-0.011474609375,0.03125,-0.005615234375,-0.04296875,-0.004150390625,-0.0439453125,-0.06640625,-0.005615234375,0.048583984375,0.048583984375,0.0263671875,-0.015380859375,-0.004150390625,0.018798828125,-0.01318359375,-0.03271484375,0.010498046875,0.030517578125,-0.026123046875,-0.066650390625,-0.033447265625,0.001953125,-0.01513671875,-0.0205078125,0.01025390625,0.014404296875,-0.032470703125,-0.03125,0.003173828125,-0.031005859375,-0.064697265625,-0.03173828125,0.023681640625,0.012451171875,-0.025146484375,-0.008056640625,-0.034912109375,-0.020263671875,0.033203125,0.04833984375,-0.01611328125,-0.05419921875,-0.05419921875,-0.021484375,-0.0009765625,-0.012451171875,-0.004638671875,0.021240234375,0.015625,-0.029296875,-0.03515625,0.01904296875,0.004638671875,-0.058349609375,-0.04443359375,0.01171875,0.00732421875,-0.04052734375,-0.038818359375,0.011962890625,-0.005126953125,-0.053955078125,-0.00341796875,0.043212890625,-0.005615234375,-0.0595703125,0.00927734375,-0.0146484375,-0.031494140625,0.0107421875,0.023193359375,-0.019287109375,-0.023681640625,-0.023681640625,0.029296875,0.033935546875,-0.0244140625,-0.03271484375,0.0078125,0.009033203125,-0.025146484375,-0.0244140625,0.00732421875,-0.007080078125,-0.033447265625,-0.0224609375,0.00634765625,-0.011962890625,-0.04443359375,-0.023681640625,-0.0107421875,-0.035888671875,-0.0439453125,-0.011962890625,0.017333984375,-0.01611328125,0.00244140625,0.01123046875,-0.021484375,-0.02880859375,0.009033203125,0.009521484375,-0.037841796875,-0.032958984375,-0.032958984375,0.02783203125,0.029296875,-0.020751953125,-0.0205078125,0.008544921875,-0.0078125,-0.040283203125,-0.005859375,0.026123046875,-0.00634765625,-0.062744140625,-0.033203125,0.0341796875,0.001953125,-0.038330078125,0.011474609375,0.04345703125,-0.035400390625,-0.078857421875,-0.01123046875,0.017578125,-0.067138671875,0.008056640625,0.04736328125,-0.01611328125,-0.04736328125,0.01953125,0.047607421875,-0.02783203125,-0.0546875,0.025146484375,0.025146484375,0.03173828125,-0.064453125,-0.085205078125,-0.000732421875,0.026123046875,-0.025390625,-0.00830078125,0.054931640625,0.029052734375,-0.064697265625,-0.068115234375,0.02001953125,0.035888671875,-0.05224609375,-0.0615234375,0.014404296875,0.00439453125,-0.053466796875,-0.027587890625,0.034423828125,-0.0283203125,-0.013671875,0.030517578125,-0.006591796875,-0.064697265625,-0.061279296875,-0.001708984375,0.011962890625,-0.0087890625,0.012451171875,0.012451171875,0.030517578125,-0.00537109375,-0.03955078125,-0.025634765625,0.007080078125,0.00146484375,-0.011962890625,-0.0126953125,-0.04931640625,-0.076416015625,-0.0302734375,0.0234375,0.017822265625,-0.0029296875,0.0048828125,0.01025390625,-0.0302734375,-0.048828125,-0.014892578125,-0.013671875,-0.0478515625,-0.008544921875,0.02783203125,-0.00634765625,-0.03662109375,0.012939453125,0.029541015625,-0.01953125,-0.03076171875,0.015380859375,0.00732421875,0.00732421875,-0.065673828125,-0.079345703125,-0.00341796875,0.040771484375,0.00146484375,-0.0087890625,0.0224609375,-0.0068359375,-0.054443359375,-0.02294921875,0.0244140625,0.001708984375,-0.056884765625,-0.061767578125,-0.015380859375,0.00927734375,0.007080078125,0.00537109375,-0.027587890625,-0.041015625,0.0078125,0.035888671875,-0.005615234375,-0.037353515625,-0.0263671875,-0.020263671875,-0.022705078125,0.005859375,0.05029296875,0.035400390625,0.035400390625,-0.027099609375,-0.033447265625,0.0048828125,-0.0205078125,-0.058837890625,-0.0400390625,-0.017822265625,-0.038330078125,-0.048828125,0.00732421875,0.031005859375,-0.044189453125,-0.0244140625,0.015380859375,-0.025634765625,-0.0537109375,-0.0537109375,-0.014892578125,0.007568359375,-0.031494140625,-0.0458984375,0.0146484375,0.0009765625,-0.022705078125,0.026123046875,0.02490234375,-0.029541015625,-0.05126953125,-0.05126953125,-0.0205078125,-0.00390625,-0.040283203125,-0.037109375,0.0361328125,0.042724609375,-0.020263671875,0.005615234375,-0.03271484375,-0.060302734375,-0.025390625,0.00146484375,0.00146484375,-0.02392578125,-0.062255859375,-0.044921875,0.0146484375,0.03125,0.02001953125,0.00341796875,-0.05712890625,-0.057373046875,0.01025390625,0.018310546875,-0.029541015625,-0.029541015625,-0.041748046875,-0.006103515625,0.018310546875,0.005126953125,0.005126953125,-0.00537109375,-0.068359375,-0.03564453125,0.0283203125,-0.00390625,-0.050048828125,-0.027099609375,-0.027099609375,0.01611328125,0.00537109375,-0.02783203125,0.0068359375,-0.011474609375,-0.05908203125,-0.01904296875,0.01953125,-0.019775390625,-0.067626953125,-0.040283203125,-0.040283203125,0.019287109375,0.01123046875,-0.00341796875,0.039306640625,0.05322265625,-0.07275390625,-0.025634765625,0.0048828125,-0.033203125,-0.05712890625,0.002685546875,0.029052734375,-0.027587890625,-0.030517578125,-0.030517578125,0.025634765625,0.017822265625,-0.0361328125,-0.0224609375,0.03125,-0.05859375,-0.063720703125,0.00146484375,0.004150390625,-0.025390625,-0.001953125,0.017822265625,-0.0185546875,-0.0185546875,-0.039794921875,-0.01318359375,0.020751953125,-0.003662109375,-0.052734375,-0.014404296875,-0.0234375,-0.01220703125,0.043212890625,0.04931640625,0.002197265625,-0.022705078125,-0.010498046875,-0.009521484375,-0.009521484375,-0.028076171875,-0.051513671875,-0.0341796875,-0.0185546875,-0.015380859375,0.02197265625,-0.012451171875,-0.04443359375,-0.00732421875,0.037841796875,0.023193359375,-0.009521484375,-0.01123046875,-0.01123046875,-0.0107421875,-0.0458984375,-0.06689453125,-0.011474609375,0.01806640625,-0.0361328125,-0.004638671875,0.03125,-0.022216796875,-0.068359375,-0.02880859375,0.005615234375,-0.02001953125,-0.02001953125,-0.0341796875,0.005859375,0.014892578125,-0.036376953125,0.00927734375,0.02685546875,-0.01123046875,-0.015380859375,-0.001220703125,-0.040283203125,-0.07275390625,-0.030517578125,-0.013916015625,-0.013916015625,-0.031982421875,-0.0185546875,0.013671875,0.03955078125,-0.039306640625,-0.016845703125,0.010986328125,-0.02685546875,-0.025390625,0.0126953125,0.008056640625,-0.02392578125,-0.03369140625,-0.03369140625,0.008544921875,0.04638671875,0.012451171875,0.0,-0.010498046875,-0.077392578125,-0.047607421875,0.028564453125,0.009765625,-0.045166015625,-0.05029296875,-0.00634765625,0.012939453125,-0.021484375,-0.021484375,-0.015869140625,0.033447265625,0.006591796875,-0.049560546875,0.0126953125,-0.00244140625,-0.049560546875,-0.010009765625,0.05908203125,0.04833984375,-0.01806640625,-0.046630859375,-0.039794921875,-0.039794921875,-0.026123046875,-0.015380859375,0.03662109375,-0.060302734375,-0.07470703125,-0.000244140625,0.0224609375,0.017333984375,0.030029296875,0.010986328125,-0.04248046875,-0.04248046875,-0.064453125,-0.04052734375,-0.020751953125,-0.056640625,-0.021728515625,0.036376953125,0.003173828125,-0.029541015625,0.0009765625,-0.008544921875,-0.065673828125,-0.0517578125,-0.0517578125,0.040771484375,0.05078125,-0.09130859375,-0.0478515625,0.016845703125,0.003173828125,0.000244140625,0.057373046875,0.09716796875,0.03759765625,-0.092041015625,-0.157958984375,-0.157958984375,-0.05322265625,0.042724609375,-0.05810546875,-0.068603515625,0.031494140625,0.080322265625,-0.003173828125,-0.039794921875,0.029296875,0.054443359375,0.017333984375,0.017333984375,-0.03662109375,-0.01220703125,0.000244140625,-0.077392578125,-0.07373046875,0.002685546875,0.0400390625,0.06298828125,0.030029296875,-0.039794921875,-0.0185546875,-0.013916015625,-0.013916015625,-0.065673828125,0.048583984375,-0.02392578125,-0.045166015625,-0.068603515625,-0.09765625,-0.03662109375,0.025634765625,0.0078125,-0.00390625,0.034423828125,0.01611328125,0.01611328125,-0.01611328125,-0.0390625,-0.015380859375,0.002197265625,0.01220703125,-0.0078125,-0.038330078125,-0.042724609375,-0.006591796875,0.00390625,-0.01708984375,-0.02490234375,-0.02490234375,0.038818359375,0.044189453125,-0.001220703125,-0.047607421875,-0.02685546875,-0.016845703125,0.00048828125,0.005859375,-0.05078125,-0.014404296875,0.060546875,0.030029296875,0.025634765625,0.025634765625,-0.072509765625,0.001220703125,0.05908203125,-0.05859375,-0.043212890625,0.0185546875,-0.06884765625,-0.05908203125,0.011962890625,-0.03076171875,0.0078125,0.07666015625,0.014892578125,0.014892578125,-0.019287109375,-0.031494140625,-0.0185546875,-0.00537109375,-0.021240234375,-0.00927734375,0.010498046875,-0.012451171875,-0.025634765625,-0.030029296875,-0.03466796875,-0.029296875,-0.033203125,-0.033203125,-0.00439453125,-0.00146484375,-0.02099609375,-0.0380859375,-0.03515625,-0.005126953125,0.041259765625,0.039794921875,0.00634765625,-0.0009765625,-0.007568359375,-0.001220703125,0.00341796875,-0.01123046875,-0.0146484375,-0.005615234375,-0.000732421875,-0.001220703125,-0.00830078125,-0.0146484375,-0.035400390625,-0.053955078125,-0.047607421875,-0.020751953125,0.01953125,0.02587890625,0.009765625,-0.010009765625,-0.031982421875,-0.023681640625,0.009765625,0.017578125,-0.00341796875,-0.001220703125,-0.012451171875,-0.072998046875,-0.057373046875,0.0009765625,-0.037841796875,-0.044677734375,-0.005615234375,-0.053955078125,-0.043212890625,0.060791015625,0.009033203125,-0.01416015625,0.060546875,-0.038818359375,0.00732421875,0.018310546875,-0.087646484375,0.026611328125,-0.05908203125,-0.051513671875,-0.012451171875,-0.037841796875,0.031005859375,-0.005859375,0.00927734375,-0.027587890625,-0.016845703125,0.0302734375,-0.013916015625,0.0107421875,0.0146484375,-0.003662109375,-0.01025390625,-0.0439453125,-0.032470703125,-0.039794921875,-0.01611328125,-0.005859375,-0.01025390625,-0.004638671875,-0.00146484375,0.02880859375,-0.015625,-0.028076171875,-0.0009765625,-0.004150390625,0.001953125,-0.025390625,0.00732421875,0.022216796875,-0.0107421875,-0.026123046875,-0.067138671875,-0.043701171875,0.001708984375,-0.01171875,0.011962890625,0.007080078125,-0.007080078125,0.00634765625,-0.0419921875,-0.0400390625,0.022705078125,0.04296875,0.03076171875,-0.017822265625,-0.052734375,-0.01416015625,-0.02587890625,-0.025390625,-0.01318359375,-0.029296875,-0.00390625,-0.02734375,-0.0283203125,-0.055419921875,-0.04931640625,0.010009765625,0.01904296875,0.03466796875,0.005859375,0.022216796875,0.043212890625,-0.001953125,-0.055908203125,-0.057861328125,-0.057861328125,-0.011962890625,-0.01025390625,-0.020751953125,-0.02197265625,-0.01025390625,-0.03369140625,-0.049560546875,-0.017578125,0.0419921875,0.048095703125,0.003662109375,0.006591796875,0.006591796875,-0.024169921875,-0.039794921875,-0.0185546875,0.005859375,-0.00927734375,-0.04296875,-0.036865234375,-0.017333984375,-0.008056640625,-0.0048828125,0.03125,0.041259765625,0.0126953125,-0.002197265625,-0.013916015625,0.006103515625,-0.0087890625,-0.008056640625,0.0224609375,-0.01904296875,-0.02490234375,-0.0185546875,0.006103515625,-0.05029296875,-0.05029296875,-0.015869140625,-0.008056640625,-0.00537109375,0.005126953125,0.0009765625,0.038330078125,0.021240234375,-0.026123046875,-0.032958984375,-0.0458984375,-0.04296875,-0.033447265625,-0.044921875,-0.044921875,-0.031005859375,-0.015625,-0.017578125,-0.016357421875,-0.02783203125,-0.0234375,0.010986328125,-0.0068359375,-0.027099609375,-0.009765625,-0.000244140625,-0.03076171875,-0.007568359375,-0.023681640625,-0.023681640625,-0.002197265625,0.015869140625,-0.000732421875,0.001953125,0.001220703125,-0.01904296875,-0.01318359375,-0.005126953125,-0.006591796875,0.02099609375,0.021484375,0.025146484375,0.03173828125,0.03173828125,-0.022216796875,-0.05712890625,-0.02099609375,-0.006591796875,-0.026611328125,-0.02392578125,-0.010986328125,-0.01123046875,0.006103515625,-0.02392578125,0.001953125,-0.014404296875,-0.017333984375,-0.017333984375,0.0009765625,-0.028076171875,-0.02783203125,0.014892578125,0.00927734375,-0.04443359375,-0.044677734375,0.003173828125,-0.008544921875,-0.03466796875,-0.029541015625,0.028564453125,0.009033203125,0.009033203125,-0.03662109375,-0.02685546875,0.030517578125,0.0322265625,-0.04638671875,-0.056640625,-0.021240234375,-0.0126953125,-0.00634765625,0.012939453125,-0.0009765625,-0.0048828125,-0.001708984375,-0.001708984375,-0.03759765625,-0.0576171875,-0.02587890625,0.040771484375,0.0380859375,-0.026123046875,-0.00537109375,0.050048828125,0.01513671875,-0.05419921875,-0.00537109375,-0.025634765625,-0.018798828125,-0.018798828125,-0.00146484375,0.019287109375,0.0244140625,-0.030029296875,-0.04052734375,-0.011474609375,-0.03271484375,-0.032470703125,0.017822265625,0.052490234375,-0.07958984375,-0.023681640625,0.0244140625,0.0244140625,-0.052490234375,-0.09375,0.0078125,0.056884765625,-0.0126953125,-0.0224609375,0.05810546875,0.02099609375,-0.070556640625,0.001708984375,0.000732421875,-0.034912109375,-0.034912109375,0.02099609375,0.072998046875,-0.012451171875,-0.0693359375,0.013916015625,0.039306640625,-0.059814453125,-0.093505859375,0.04736328125,-0.01708984375,-0.049072265625,0.02978515625,0.02978515625,0.063720703125,-0.0419921875,-0.09130859375,0.025634765625,0.058837890625,-0.05859375,-0.080810546875,0.031005859375,-0.080078125,-0.062255859375,0.066650390625,0.03564453125,0.03564453125,-0.09326171875,-0.05078125,0.09423828125,0.045654296875,-0.09423828125,-0.052001953125,0.05517578125,-0.015380859375,-0.017578125,0.11572265625,0.012451171875,-0.11474609375,-0.11474609375,-0.00830078125,0.0888671875,-0.020263671875,-0.115478515625,0.014892578125,0.075439453125,-0.083984375,0.06689453125,0.1142578125,-0.044921875,-0.084228515625,-0.084228515625,0.065673828125,0.064453125,-0.10693359375,-0.100341796875,0.094482421875,0.0595703125,-0.1357421875,0.1220703125,0.072021484375,-0.1259765625,-0.0849609375,0.109619140625,0.109619140625,0.057861328125,-0.142822265625,-0.064697265625,0.14013671875,0.043701171875,-0.1748046875,-0.08154296875,0.00439453125,-0.12646484375,-0.01123046875,0.110595703125,-0.02001953125,-0.02001953125,-0.119384765625,0.018310546875,0.10302734375,-0.052734375,-0.1494140625,0.03076171875,0.10400390625,-0.070068359375,0.095703125,0.09423828125,-0.10498046875,-0.12158203125,0.0595703125,0.0595703125,0.07080078125,-0.089111328125,-0.080810546875,0.1005859375,0.0791015625,-0.111572265625,-0.08447265625,0.107666015625,-0.1513671875,-0.065185546875,0.12109375,0.038818359375,-0.124755859375,-0.124755859375,-0.037841796875,0.105712890625,-0.010498046875,-0.149169921875,-0.00439453125,0.12451171875,-0.03173828125,-0.1484375,0.04638671875,-0.04736328125,-0.151123046875,0.0205078125,0.097412109375,-0.0927734375,-0.15283203125,-0.15283203125,0.09375,0.154296875,-0.086181640625,-0.1474609375,0.0712890625,0.09912109375,-0.1181640625,0.08447265625,0.078125,-0.137451171875,-0.095703125,0.1181640625,0.07666015625,0.07666015625,-0.12158203125,-0.093017578125,0.0888671875,0.031982421875,-0.1552734375,-0.03857421875,0.14013671875,-0.16943359375,-0.0361328125,0.148193359375,0.0048828125,-0.14599609375,0.022216796875,0.16162109375,0.16162109375,-0.021728515625,-0.162109375,0.023681640625,0.140869140625,-0.04833984375,0.0234375,0.127197265625,-0.061767578125,-0.120849609375,0.081787109375,0.125732421875,-0.0927734375,-0.0927734375,-0.146240234375,0.05029296875,0.07275390625,-0.133056640625,-0.11865234375,0.10400390625,-0.119384765625,-0.08203125,0.12890625,0.081298828125,-0.14013671875,-0.104736328125,0.09765625,0.038330078125,0.038330078125,-0.141357421875,-0.050048828125,0.1337890625,0.05029296875,-0.124267578125,-0.04150390625,-0.010009765625,-0.122314453125,-0.009521484375,0.1181640625,-0.005615234375,-0.132080078125,-0.01318359375,-0.01318359375,0.0703125,-0.0546875,-0.101806640625,0.05224609375,-0.068359375,-0.0986328125,0.060302734375,0.061279296875,-0.118896484375,-0.112060546875,0.080078125,0.090576171875,0.090576171875,-0.090087890625,-0.06982421875,0.100341796875,0.0693359375,-0.075439453125,0.0791015625,0.0390625,-0.10546875,-0.0625,0.052001953125,0.009765625,-0.074462890625,-0.074462890625,0.01220703125,0.0908203125,-0.03857421875,-0.113525390625,0.047119140625,-0.075927734375,-0.10009765625,0.05029296875,0.089111328125,-0.0751953125,-0.0966796875,-0.0966796875,0.05517578125,0.05029296875,-0.094970703125,-0.066650390625,0.06396484375,-0.108154296875,-0.07177734375,0.0830078125,0.027099609375,-0.125244140625,-0.05908203125,0.11083984375,0.11083984375,0.060791015625,-0.090576171875,-0.030029296875,0.077392578125,-0.10595703125,-0.027587890625,0.06787109375,-0.037353515625,-0.11083984375,0.01513671875,0.089111328125,-0.047119140625,-0.047119140625,-0.128662109375,0.01171875,0.098388671875,-0.101318359375,0.019775390625,0.056396484375,-0.07763671875,-0.096923828125,0.0498046875,0.069580078125,-0.05908203125,-0.05908203125,-0.046630859375,0.055419921875,0.02099609375,-0.089111328125,0.076416015625,0.013427734375,-0.112060546875,-0.020263671875,0.094482421875,0.0029296875,-0.103515625,-0.018798828125,0.077392578125,-0.0244140625,-0.081787109375,-0.081787109375,0.01708984375,0.070556640625,-0.02734375,0.000732421875,0.036865234375,-0.05078125,-0.04150390625,0.0556640625,0.04248046875,-0.083984375,-0.0625,0.06787109375,0.0322265625,0.0322265625,-0.09423828125,-0.040771484375,0.078125,-0.090087890625,-0.043701171875,0.059326171875,0.00244140625,-0.069580078125,0.01318359375,0.081787109375,-0.02490234375,-0.125244140625,-0.04443359375,-0.04443359375,0.03076171875,-0.04443359375,-0.07470703125,0.09521484375,-0.0390625,-0.087646484375,0.026123046875,0.02001953125,-0.0966796875,-0.064453125,0.066162109375,0.061279296875,-0.072265625,-0.072265625,-0.045654296875,0.093994140625,0.049072265625,-0.08984375,0.062255859375,0.039306640625,-0.08154296875,-0.0302734375,0.095458984375,0.031982421875,-0.111083984375,-0.041015625,0.087646484375,0.087646484375,-0.00927734375,-0.11572265625,0.010498046875,-0.025390625,-0.110595703125,-0.006103515625,0.060546875,-0.065673828125,-0.108642578125,0.02294921875,0.092529296875,-0.027587890625,-0.0732421875,-0.0732421875,0.04150390625,0.06640625,-0.081298828125,0.030029296875,0.037109375,-0.07666015625,-0.05908203125,0.0576171875,0.037109375,-0.06201171875,-0.030029296875,0.076171875,0.037109375,0.037109375,-0.087890625,-0.066650390625,-0.017333984375,-0.07470703125,-0.001708984375,0.07568359375,-0.00732421875,-0.068359375,0.003173828125,0.032958984375,-0.05615234375,-0.0673828125,0.04052734375,0.04052734375,0.04248046875,-0.07568359375,0.052978515625,0.048828125,-0.06396484375,-0.04150390625,0.0712890625,0.046875,-0.081298828125,-0.060791015625,0.060791015625,0.029541015625,-0.08935546875,-0.08935546875,-0.049560546875,0.0205078125,-0.07958984375,-0.037841796875,0.0537109375,0.006591796875,-0.081787109375,-0.01171875,0.062255859375,-0.020263671875,-0.0849609375,-0.013916015625,-0.013916015625,-0.022216796875,-0.06787109375,0.024658203125,0.05224609375,-0.0546875,-0.070068359375,0.03271484375,0.04296875,-0.061767578125,-0.0693359375,0.02197265625,0.02197265625,0.025634765625,-0.03466796875,0.068603515625,0.0478515625,-0.06689453125,-0.0546875,0.053955078125,0.01025390625,-0.096923828125,-0.048828125,0.0458984375,-0.028564453125,-0.028564453125,-0.093505859375,0.09765625,0.004638671875,-0.076416015625,-0.011474609375,0.043212890625,-0.04443359375,-0.09375,-0.000732421875,0.058349609375,-0.01318359375,-0.05078125,-0.05078125,0.04638671875,-0.03564453125,-0.0703125,0.012939453125,0.060302734375,-0.015625,-0.067138671875,0.016845703125,0.033203125,-0.078369140625,-0.071044921875,0.044677734375,0.052734375,-0.051025390625,-0.0400390625,0.05615234375,0.013427734375,-0.074951171875,-0.041259765625,0.029052734375,-0.044189453125,-0.092529296875,0.008056640625,0.086181640625,0.086181640625,-0.08349609375,0.02880859375,0.0625,-0.064697265625,-0.098876953125,0.0263671875,0.05908203125,-0.0556640625,-0.051025390625,0.056640625,0.052978515625,-0.05029296875,-0.05224609375,0.03857421875,0.0302734375,-0.053466796875,-0.049072265625,0.03466796875,0.022216796875,-0.060302734375,-0.046875,0.0322265625,-0.001708984375,-0.06640625,-0.008056640625,0.041015625,-0.035888671875,-0.06591796875,0.009033203125,0.0380859375,-0.054931640625,-0.07177734375,0.019287109375,0.033935546875,-0.044677734375,-0.034423828125,0.041015625,0.026611328125,-0.076904296875,-0.06591796875,0.0615234375,0.04638671875,-0.06591796875,-0.05419921875,0.05322265625,0.03759765625,-0.0673828125,-0.026123046875,0.072509765625,0.001708984375,-0.102294921875,-0.04052734375,0.063232421875,-0.003173828125,-0.087158203125,-0.019287109375,0.05810546875,-0.010498046875,-0.07763671875,-0.005615234375,0.07958984375,0.011962890625,-0.070068359375,-0.017333984375,0.03125,-0.051025390625,-0.07861328125,0.015380859375,0.042236328125,-0.040771484375,-0.04638671875,0.057373046875,0.056396484375,-0.06494140625,-0.064697265625,0.0439453125,0.03369140625,-0.059814453125,-0.0439453125,0.044677734375,0.008056640625,-0.09228515625,-0.042724609375,0.066162109375,0.0146484375,-0.080322265625,-0.03662109375,0.04833984375,0.008544921875,-0.060791015625,-0.02880859375,0.029052734375,-0.033935546875,-0.0771484375,0.0078125,0.0615234375,-0.0419921875,-0.0419921875,-0.005859375,0.025634765625,-0.03369140625,-0.055419921875,0.01611328125,0.016357421875,-0.0458984375,-0.0166015625,0.05126953125,0.016845703125,-0.057861328125,-0.0224609375,0.05126953125,-0.009033203125,-0.08837890625,-0.025634765625,0.056640625,-0.0224609375,-0.099853515625,-0.0244140625,0.0595703125,0.0126953125,-0.050537109375,-0.0146484375,0.04541015625,-0.086181640625,-0.086181640625,-0.030029296875,0.025634765625,-0.0224609375,-0.046875,0.013671875,0.036865234375,-0.0263671875,-0.033203125,0.021728515625,0.009521484375,-0.048095703125,0.045166015625,0.045166015625,0.013671875,-0.075927734375,-0.044921875,0.04150390625,0.00927734375,-0.06396484375,-0.01416015625,0.07421875,0.012451171875,-0.0732421875,0.032470703125,0.032470703125,-0.031005859375,-0.093505859375,-0.02978515625,0.06103515625,0.019287109375,-0.038330078125,0.008056640625,0.03271484375,-0.0302734375,-0.0732421875,0.038818359375,-0.0087890625,-0.0087890625,-0.03564453125,0.009521484375,0.010009765625,-0.04052734375,-0.035400390625,0.018798828125,-0.00341796875,-0.066162109375,-0.03173828125,0.04736328125,-0.0634765625,-0.0634765625,-0.05029296875,0.02783203125,0.00390625,-0.060791015625,-0.030029296875,0.0400390625,-0.00390625,-0.06103515625,-0.0146484375,0.046630859375,-0.055908203125,-0.0283203125,-0.0283203125,0.00390625,-0.019287109375,-0.019775390625,0.028564453125,0.04931640625,-0.013916015625,-0.0380859375,0.00634765625,0.006103515625,-0.068115234375,0.017822265625,0.026123046875,0.026123046875,-0.03173828125,-0.029296875,0.020751953125,0.017578125,-0.055419921875,-0.0556640625,0.026611328125,0.01806640625,-0.03564453125,0.018310546875,-0.022705078125,-0.022705078125,-0.065185546875,-0.016845703125,0.023681640625,-0.019775390625,-0.0458984375,0.0146484375,0.037841796875,-0.026123046875,-0.036376953125,0.025146484375,0.010009765625,-0.06005859375,0.020263671875,0.01513671875,-0.0419921875,-0.0419921875,-0.023193359375,0.060302734375,0.02783203125,-0.08203125,-0.06396484375,0.030029296875,0.003662109375,-0.065185546875,-0.051513671875,0.044677734375,-0.03466796875,-0.02734375,0.016357421875,0.016357421875,-0.028564453125,-0.070068359375,-0.004150390625,0.0546875,-0.013427734375,-0.06005859375,0.011962890625,0.048583984375,-0.027587890625,0.01416015625,0.04541015625,-0.029052734375,-0.056640625,-0.056640625,0.02783203125,0.025146484375,-0.068359375,-0.0654296875,0.02294921875,0.0361328125,-0.026611328125,-0.0400390625,0.0498046875,-0.090087890625,-0.082275390625,0.01123046875,0.012939453125,0.012939453125,-0.04541015625,-0.007568359375,0.057373046875,0.01513671875,-0.057861328125,-0.04296875,0.006103515625,-0.030029296875,-0.04931640625,0.05908203125,-0.01513671875,-0.05810546875,0.018798828125,0.018798828125,0.03955078125,-0.041748046875,-0.05615234375,0.01123046875,0.029296875,-0.047607421875,-0.0712890625,0.01708984375,0.061279296875,-0.025146484375,0.015625,0.025390625,-0.03662109375,-0.039794921875,0.0126953125,0.0126953125,-0.01953125,-0.05615234375,-0.005859375,0.0498046875,-0.017333984375,-0.0576171875,-0.004638671875,0.0166015625,-0.0537109375,0.01025390625,0.0654296875,0.00341796875,-0.052734375,0.005859375,0.005859375,0.021728515625,-0.06201171875,-0.039306640625,0.054443359375,0.0185546875,-0.07470703125,-0.060791015625,0.031982421875,-0.035888671875,-0.033935546875,0.017333984375,-0.0078125,-0.0078125,-0.037109375,-0.0068359375,0.00341796875,-0.062744140625,-0.097900390625,-0.015380859375,0.0458984375,-0.031005859375,0.04638671875,0.0693359375,-0.03759765625,-0.03759765625,-0.105712890625,-0.0107421875,0.07958984375,0.006591796875,-0.0888671875,-0.013671875,0.077880859375,-0.093505859375,-0.09130859375,0.051513671875,0.091552734375,-0.029296875,-0.029296875,-0.076416015625,0.015869140625,0.109375,0.018798828125,-0.145263671875,-0.119384765625,0.138671875,-0.03662109375,-0.15087890625,-0.02880859375,0.085693359375,0.085693359375,0.0732421875,-0.12890625,-0.1787109375,0.066162109375,0.142822265625,0.03076171875,-0.102783203125,0.048828125,0.047119140625,-0.068115234375,-0.103515625,-0.0068359375,-0.0068359375,0.067626953125,0.00537109375,-0.03564453125,-0.03955078125,0.005126953125,0.068359375,-0.094482421875,-0.04736328125,0.021240234375,0.06396484375,-0.0029296875,-0.0029296875,-0.0341796875,-0.03857421875,-0.015380859375,-0.0234375,-0.0380859375,0.010986328125,0.033935546875,-0.03173828125,-0.075439453125,-0.04296875,0.0302734375,-0.019775390625,-0.019775390625,-0.0546875,-0.03271484375,0.038818359375,0.063232421875,-0.00244140625,-0.033935546875,-0.002685546875,-0.029052734375,-0.030517578125,0.067626953125,-0.019287109375,0.065185546875,-0.030517578125,-0.030517578125,-0.134033203125,0.03466796875,-0.072998046875,-0.01123046875,0.074951171875,-0.068603515625,0.0166015625,-0.064453125,0.015869140625,-0.0400390625,-0.0205078125,-0.001220703125,-0.0634765625,-0.0634765625,0.01123046875,0.037109375,-0.043212890625,-0.053466796875,-0.013916015625,0.001953125,-0.029296875,0.014404296875,0.050048828125,0.015380859375,-0.05517578125,-0.068603515625,-0.0107421875,-0.0107421875,0.038818359375,0.024658203125,-0.033935546875,-0.043701171875,-0.009521484375,-0.07763671875,-0.061767578125,0.080322265625,0.133056640625,-0.03857421875,-0.14501953125,0.009033203125,0.125,0.125,-0.03173828125,-0.23095703125,-0.12548828125,0.1650390625,0.116943359375,-0.10888671875,0.16748046875,0.09814453125,-0.19775390625,-0.15673828125,0.1259765625,0.129150390625,-0.078369140625,-0.078369140625,-0.10400390625,0.08837890625,0.124267578125,-0.074951171875,-0.154296875,0.096435546875,-0.020751953125,-0.06640625,-0.036865234375,-0.00341796875,0.089111328125,0.076171875,-0.113525390625,-0.113525390625,-0.1357421875,0.088623046875,0.10498046875,-0.08544921875,-0.05029296875,0.017822265625,-0.039306640625,0.001708984375,-0.021484375,-0.048828125,0.0546875,0.04248046875,-0.101806640625,-0.101806640625,-0.04541015625,0.0517578125,-0.029541015625,-0.0830078125,-0.00390625,-0.05810546875,0.00390625,-0.01416015625,-0.082763671875,0.019775390625,0.057373046875,-0.0771484375,-0.072998046875,0.0380859375,0.0380859375,-0.0283203125,-0.101318359375,0.046875,0.066650390625,-0.061279296875,0.054931640625,-0.0263671875,-0.075927734375,0.045654296875,0.030517578125,-0.10400390625,-0.0205078125,-0.0205078125,0.068115234375,-0.035400390625,-0.047607421875,0.010986328125,-0.06591796875,0.018310546875,0.05322265625,-0.02294921875,0.0234375,0.04150390625,-0.064208984375,-0.03076171875,-0.03076171875,0.072021484375,-0.003662109375,-0.079345703125,0.0625,-0.065673828125,-0.028076171875,0.0361328125,-0.02685546875,-0.016845703125,0.02880859375,-0.0380859375,-0.0380859375,-0.045654296875,0.0615234375,0.004150390625,0.008544921875,0.0615234375,-0.078857421875,-0.0751953125,0.0576171875,0.022705078125,-0.08203125,-0.0224609375,0.0087890625,0.0087890625,-0.053466796875,-0.0234375,-0.025146484375,-0.00390625,0.07958984375,-0.035888671875,-0.146728515625,-0.005126953125,0.0732421875,-0.048828125,-0.052978515625,0.016845703125,0.016845703125,0.00048828125,-0.00146484375,-0.06005859375,-0.052001953125,0.0849609375,0.04833984375,-0.11474609375,-0.044189453125,0.063232421875,-0.001220703125,-0.02978515625,-0.02978515625,0.015380859375,-0.030517578125,0.057861328125,0.07177734375,-0.094970703125,-0.048828125,0.102294921875,0.020263671875,-0.117431640625,-0.015869140625,0.093017578125,0.005615234375,0.005615234375,-0.028564453125,-0.00244140625,0.013427734375,0.006591796875,-0.07080078125,-0.028076171875,0.08544921875,0.010986328125,-0.123779296875,-0.01171875,0.05810546875,-0.04150390625,-0.033935546875,-0.033935546875,0.007568359375,-0.03125,0.070068359375,-0.046142578125,-0.1142578125,0.076171875,0.104248046875,-0.123779296875,-0.126708984375,0.060791015625,0.05419921875,-0.06201171875,-0.0400390625,-0.0400390625,-0.009521484375,-0.0341796875,-0.031005859375,-0.102294921875,0.030517578125,0.10498046875,-0.068115234375,-0.154052734375,0.03076171875,0.08544921875,-0.055908203125,-0.0458984375,0.02392578125,0.02392578125,-0.017333984375,0.01123046875,-0.01416015625,-0.03466796875,0.033447265625,0.010009765625,-0.06982421875,0.001953125,0.015869140625,-0.0498046875,0.00341796875,0.0634765625,-0.04248046875,-0.04248046875,-0.09765625,0.077880859375,-0.04736328125,-0.014404296875,0.0380859375,-0.018310546875,-0.004638671875,0.053466796875,-0.02294921875,-0.083251953125,0.046875,0.0615234375,-0.072998046875,-0.072998046875,-0.0361328125,-0.033935546875,-0.0263671875,0.057861328125,-0.009033203125,-0.125,0.003173828125,0.0791015625,-0.063720703125,-0.08544921875,0.028076171875,0.021240234375,-0.039306640625,-0.039306640625,-0.02392578125,-0.054443359375,0.0673828125,0.042724609375,-0.123779296875,-0.06201171875,0.078857421875,0.007080078125,-0.08447265625,-0.000732421875,0.0107421875,-0.081298828125,-0.010498046875,-0.010498046875,0.043701171875,-0.046875,0.058349609375,0.01904296875,-0.07275390625,-0.006103515625,0.043701171875,-0.0048828125,0.008544921875,-0.01025390625,-0.055419921875,0.025146484375,0.047607421875,-0.07470703125,-0.07470703125,0.08984375,0.013671875,-0.1015625,0.02783203125,0.047607421875,-0.0810546875,-0.021484375,0.081787109375,-0.0263671875,-0.10302734375,0.044921875,0.0673828125,0.0673828125,-0.048828125,0.057861328125,0.002197265625,-0.06787109375,-0.000732421875,0.021728515625,-0.0458984375,-0.004150390625,0.021484375,-0.059814453125,-0.053466796875,-0.004638671875,-0.0224609375,-0.0185546875,0.017578125,-0.020263671875,-0.05029296875,0.017822265625,-0.018798828125,-0.0703125,0.047607421875,0.060546875,-0.086181640625,-0.061279296875,0.085205078125,0.01611328125,-0.093994140625,0.01513671875,0.0419921875,-0.077880859375,-0.03173828125,0.046630859375,-0.02392578125,-0.052490234375,0.0400390625,0.01708984375,-0.08056640625,-0.005615234375,0.02734375,-0.034423828125,0.014404296875,0.033447265625,-0.073486328125,-0.06982421875,0.082763671875,0.03759765625,-0.1259765625,-0.02392578125,0.100830078125,-0.029541015625,-0.097900390625,0.013916015625,0.0400390625,-0.042724609375,-0.02783203125,-0.00390625,-0.025634765625,0.032958984375,-0.01611328125,-0.09716796875,0.030517578125,0.1123046875,-0.056640625,-0.124267578125,0.0654296875,0.08740234375,-0.050048828125,-0.016845703125,0.01318359375,-0.0390625,0.021728515625,0.0390625,-0.090576171875,-0.074951171875,0.1259765625,0.068603515625,-0.176513671875,-0.0888671875,0.111328125,0.049560546875,-0.0712890625,-0.034912109375,0.0087890625,-0.015869140625,0.013427734375,-0.0205078125,-0.083251953125,0.003662109375,0.04443359375,-0.045166015625,-0.040283203125,0.0185546875,-0.032470703125,-0.042236328125,0.06982421875,0.003173828125,-0.142578125,-0.015625,0.091552734375,-0.034423828125,-0.0947265625,0.013916015625,0.019775390625,-0.043701171875,0.00634765625,-0.0234375,-0.072265625,0.0537109375,0.092041015625,-0.085205078125,-0.1201171875,0.06298828125,0.0751953125,-0.056640625,-0.02294921875,0.012939453125,-0.03466796875,0.0341796875,0.0341796875,-0.08203125,-0.06591796875,0.10107421875,0.0517578125,-0.120361328125,-0.031494140625,0.07177734375,-0.012939453125,-0.038330078125,0.031982421875,-0.015869140625,-0.078369140625,0.050048828125,0.050048828125,-0.0673828125,-0.017333984375,0.057373046875,-0.03662109375,-0.06103515625,0.026123046875,-0.0009765625,-0.064453125,0.023681640625,0.029541015625,-0.089599609375,-0.046630859375,-0.02880859375,-0.02880859375,-0.036376953125,0.020263671875,-0.025634765625,-0.06689453125,0.036865234375,0.018310546875,-0.08984375,-0.008544921875,0.06689453125,-0.03173828125,-0.0703125,0.02099609375,-0.0615234375,-0.0615234375,-0.006591796875,0.021484375,-0.024658203125,0.018310546875,0.00341796875,-0.065673828125,-0.000732421875,0.0849609375,-0.016357421875,-0.105224609375,0.02880859375,-0.066650390625,-0.009033203125,-0.009033203125,0.0625,-0.02587890625,-0.067138671875,0.025634765625,0.014404296875,-0.061767578125,0.01953125,0.0478515625,-0.0556640625,-0.046630859375,0.011962890625,-0.035888671875,0.01025390625,0.01025390625,-0.014892578125,-0.05712890625,0.020751953125,-0.013916015625,-0.080810546875,0.0419921875,0.064453125,-0.099365234375,-0.10205078125,0.079833984375,-0.096435546875,-0.01513671875,-0.01513671875,0.03662109375,-0.0546875,-0.029296875,0.028564453125,-0.037353515625,-0.051025390625,0.056396484375,0.0244140625,-0.093017578125,-0.0107421875,0.02734375,0.004150390625,0.04833984375,0.04833984375,-0.0537109375,-0.0751953125,0.0712890625,0.03271484375,-0.1015625,0.000244140625,0.07177734375,-0.047607421875,-0.0595703125,-0.0029296875,-0.0361328125,-0.0361328125,0.02490234375,-0.019287109375,-0.076416015625,0.040283203125,0.0146484375,-0.10986328125,-0.008056640625,0.11865234375,-0.0283203125,0.01123046875,0.092041015625,-0.03857421875,-0.03857421875,-0.0380859375,0.0185546875,-0.012451171875,-0.008544921875,0.000244140625,-0.068603515625,-0.0341796875,0.10009765625,0.00634765625,-0.151611328125,0.081298828125,-0.015380859375,-0.042724609375,-0.042724609375,0.00390625,-0.03564453125,-0.02880859375,0.074951171875,-0.02197265625,-0.127197265625,0.044921875,0.13037109375,-0.156982421875,0.064208984375,0.120361328125,0.120361328125,-0.05810546875,-0.071044921875,0.01611328125,0.001708984375,0.003173828125,0.000244140625,-0.05712890625,-0.04248046875,0.014404296875,-0.11767578125,-0.01416015625,0.058837890625,0.058837890625,-0.042236328125,-0.051513671875,0.036376953125,0.0126953125,-0.0498046875,0.00732421875,-0.00341796875,-0.068359375,0.03125,-0.06982421875,-0.078857421875,0.040771484375,0.014404296875,0.014404296875,-0.075439453125,-0.0126953125,0.0126953125,-0.043701171875,0.012939453125,0.0,-0.06787109375,0.016845703125,0.076171875,-0.11181640625,0.049560546875,0.06005859375,-0.06396484375,-0.06396484375,-0.003173828125,0.0478515625,-0.047607421875,-0.04443359375,0.056640625,0.0107421875,-0.078369140625,0.02197265625,0.05810546875,-0.040771484375,0.015625,-0.021484375,-0.026123046875,-0.026123046875,0.021240234375,-0.024658203125,-0.06689453125,0.044189453125,0.02978515625,-0.091064453125,-0.021728515625,0.06396484375,-0.017822265625,0.026611328125,0.028564453125,-0.045654296875,0.006591796875,0.006591796875,0.018798828125,-0.046630859375,-0.009765625,-0.0107421875,-0.074951171875,-0.015380859375,0.07568359375,-0.02783203125,0.013916015625,0.05224609375,-0.067626953125,-0.03173828125,0.0458984375,0.0458984375,-0.017578125,-0.067138671875,0.021728515625,0.019287109375,-0.06201171875,0.016845703125,0.0517578125,-0.05029296875,0.037353515625,0.003662109375,-0.0439453125,0.017578125,0.00927734375,0.00927734375,-0.060791015625,0.00927734375,0.015869140625,-0.05712890625,0.01123046875,0.0556640625,-0.067626953125,-0.097412109375,0.0615234375,-0.0712890625,-0.013916015625,0.043212890625,-0.02685546875,-0.020263671875,-0.020263671875,0.008544921875,-0.054931640625,-0.048583984375,0.080810546875,0.027099609375,-0.136962890625,-0.023193359375,0.09228515625,-0.1025390625,0.002197265625,0.039794921875,-0.025146484375,-0.007080078125,-0.007080078125,-0.03857421875,-0.06787109375,0.056640625,0.058837890625,-0.104248046875,-0.076904296875,0.03125,-0.073974609375,0.010498046875,0.025390625,-0.082275390625,-0.02001953125,-0.02001953125,0.044677734375,-0.041748046875,-0.061279296875,0.052001953125,0.022705078125,-0.105712890625,0.030517578125,-0.0234375,0.005126953125,0.017578125,-0.04248046875,-0.04248046875,-0.0078125,0.05029296875,-0.039794921875,-0.057373046875,0.091064453125,0.03369140625,-0.012939453125,0.117919921875,-0.014404296875,-0.11279296875,0.018310546875,0.05126953125,0.05126953125,-0.080810546875,-0.039794921875,0.041015625,-0.004638671875,-0.02001953125,0.0078125,-0.053955078125,0.047119140625,0.018310546875,-0.09228515625,0.00390625,0.083740234375,0.083740234375,-0.029052734375,-0.06591796875,0.006103515625,-0.005615234375,-0.05126953125,0.029296875,-0.093017578125,-0.0322265625,0.043212890625,-0.037841796875,-0.065673828125,-0.065673828125,0.015869140625,0.00537109375,-0.0439453125,0.00537109375,-0.023681640625,0.065673828125,0.054443359375,-0.109130859375,-0.06005859375,0.085205078125,0.01953125,-0.078125,-0.078125,0.014892578125,0.031494140625,-0.057373046875,0.00390625,0.017822265625,-0.004150390625,0.072998046875,-0.0498046875,-0.122802734375,0.040771484375,0.0576171875,0.0576171875,-0.030517578125,0.040771484375,0.040771484375,-0.023681640625,-0.02685546875,0.025634765625,-0.031494140625,-0.056640625,0.027099609375,-0.1220703125,-0.0234375,0.093017578125,-0.010986328125,-0.095947265625,-0.012451171875,0.027099609375,0.027099609375,-0.0146484375,0.0087890625,-0.04150390625,-0.08056640625,0.076416015625,-0.09375,-0.09423828125,0.069580078125,0.034912109375,-0.08349609375,0.004638671875,0.004638671875,0.037109375,-0.045654296875,-0.0029296875,0.019287109375,-0.029052734375,0.0927734375,0.0068359375,-0.12841796875,-0.0126953125,0.044189453125,-0.0322265625,0.004638671875,0.004638671875,0.014892578125,-0.069091796875,-0.041748046875,-0.0029296875,-0.113037109375,0.024658203125,0.0732421875,-0.068603515625,-0.0751953125,0.033447265625,0.034912109375,0.034912109375,-0.0185546875,-0.00390625,-0.037109375,-0.045654296875,0.013427734375,-0.121337890625,-0.013916015625,0.114990234375,-0.025146484375,-0.1669921875,-0.0029296875,0.092041015625,0.092041015625,-0.0380859375,-0.05615234375,-0.000732421875,0.01953125,0.00634765625,-0.088134765625,-0.0478515625,0.11865234375,0.036376953125,-0.15673828125,-0.028076171875,-0.028076171875,0.107666015625,0.00537109375,-0.055908203125,-0.007568359375,-0.012451171875,0.06005859375,-0.049072265625,-0.124755859375,0.087890625,0.143798828125,-0.1103515625,-0.164306640625,-0.164306640625,0.078857421875,0.11572265625,-0.06591796875,0.01953125,-0.00927734375,0.0107421875,-0.014892578125,-0.072021484375,0.007080078125,0.077880859375,-0.051025390625,-0.119384765625,-0.119384765625,0.0380859375,0.022216796875,-0.08837890625,0.047119140625,-0.087158203125,-0.072509765625,0.070556640625,0.005126953125,-0.093994140625,0.021484375,0.03271484375,-0.066650390625,0.000244140625,0.000244140625,0.027587890625,-0.06103515625,-0.02587890625,-0.017333984375,-0.139892578125,0.0185546875,0.077880859375,-0.046875,-0.042236328125,0.021728515625,-0.024658203125,-0.033447265625,0.059814453125,-0.020751953125,-0.020751953125,-0.115966796875,0.045166015625,-0.055419921875,-0.059814453125,0.0185546875,-0.01318359375,-0.012939453125,0.080078125,-0.01220703125,-0.130615234375,0.039794921875,0.106201171875,0.106201171875,-0.074951171875,-0.106689453125,0.068603515625,-0.12060546875,-0.0478515625,0.054931640625,-0.0068359375,-0.01416015625,0.0009765625,-0.04150390625,-0.02294921875,0.022216796875,-0.037109375,-0.05126953125,-0.05126953125,0.08203125,-0.134521484375,-0.015625,0.080078125,-0.031982421875,-0.07177734375,0.00146484375,-0.019287109375,-0.0322265625,0.0498046875,-0.0400390625,-0.12255859375,-0.12255859375,0.04736328125,0.105224609375,-0.137451171875,0.072998046875,0.100341796875,-0.0791015625,-0.070068359375,0.019775390625,0.012451171875,0.009765625,-0.020751953125,-0.056396484375,0.00830078125,0.00830078125,0.079833984375,-0.028076171875,0.037109375,0.015869140625,-0.082275390625,0.021484375,0.078369140625,-0.056396484375,-0.088134765625,0.052978515625,0.027099609375,-0.065185546875,0.013916015625,0.009765625,0.009765625,-0.051025390625,0.0322265625,-0.08935546875,-0.05419921875,0.105224609375,0.0087890625,-0.172607421875,-0.024169921875,0.1103515625,-0.0029296875,-0.083251953125,-0.027099609375,0.0048828125,-0.022216796875,0.000244140625,-0.048095703125,-0.048095703125,-0.072509765625,0.074462890625,-0.113037109375,-0.09765625,0.0791015625,0.066650390625,-0.0595703125,-0.036376953125,-0.0146484375,-0.013916015625,0.07666015625,-0.007568359375,-0.1474609375,-0.007080078125,0.16455078125,-0.01171875,-0.207275390625,0.0146484375,0.151611328125,0.151611328125,-0.104248046875,0.000732421875,0.02197265625,-0.012451171875,0.01123046875,-0.029296875,-0.0595703125,0.05908203125,0.038818359375,-0.081787109375,-0.008544921875,0.0185546875,-0.05810546875,0.000244140625,0.080322265625,-0.0576171875,-0.144287109375,0.054931640625,0.054931640625,0.06396484375,-0.0302734375,0.048828125,-0.02880859375,-0.041259765625,0.026123046875,-0.049560546875,-0.076904296875,0.096923828125,0.05517578125,-0.163330078125,-0.08056640625,0.12548828125,0.066162109375,-0.10107421875,-0.045654296875,0.0458984375,-0.006103515625,-0.006103515625,-0.021728515625,-0.051025390625,0.024169921875,0.03466796875,-0.066162109375,-0.0595703125,0.057373046875,-0.007568359375,-0.091064453125,0.065185546875,0.09228515625,-0.091552734375,-0.08642578125,0.067138671875,0.047607421875,-0.077392578125,-0.027587890625,0.029541015625,-0.014892578125,0.01611328125,-0.032958984375,-0.09423828125,0.023681640625,0.097412109375,-0.063232421875,-0.152099609375,0.04248046875,0.076171875,-0.07275390625,-0.04345703125,0.0048828125,-0.039306640625,0.00048828125,0.0400390625,-0.0673828125,-0.0791015625,0.09423828125,0.039794921875,-0.130615234375,-0.015869140625,0.061279296875,-0.043701171875,-0.0302734375,0.073974609375,-0.013916015625,-0.125,0.02587890625,0.06982421875,-0.070556640625,-0.044189453125,0.0400390625,0.0078125,-0.020751953125,0.010009765625,-0.029541015625,-0.042724609375,0.087646484375,0.040771484375,-0.1220703125,-0.02490234375,0.103271484375,0.003173828125,-0.09228515625,-0.01025390625,0.01904296875,-0.02392578125,0.023193359375,-0.033203125,-0.098388671875,0.038818359375,0.088623046875,-0.078857421875,-0.12353515625,0.060302734375,0.067626953125,-0.088623046875,-0.043212890625,0.02001953125,-0.01513671875,0.005126953125,-0.011962890625,-0.0830078125,-0.031494140625,0.104736328125,0.00927734375,-0.1591796875,-0.02294921875,0.080810546875,-0.037353515625,-0.075927734375,0.000732421875,0.020751953125,-0.0087890625,0.008056640625,-0.05322265625,-0.064697265625,0.095947265625,0.058349609375,-0.1220703125,-0.052490234375,0.1064453125,0.02685546875,-0.0869140625,0.00048828125,0.028564453125,-0.03271484375,0.017578125,-0.01416015625,0.027587890625,0.106201171875,0.106201171875,-0.054931640625,-0.169921875,0.039794921875,0.123779296875,-0.072998046875,-0.087646484375,0.044189453125,0.02197265625,-0.06298828125,-0.008544921875,0.01904296875,-0.04345703125,0.01220703125,0.0302734375,-0.050048828125,-0.008544921875,-0.003173828125,-0.068603515625,-0.005615234375,0.066162109375,-0.04638671875,-0.111572265625,0.052978515625,0.036376953125,-0.097900390625,-0.000732421875,0.044921875,-0.060302734375,-0.02734375,0.065673828125,-0.042236328125,-0.093017578125,0.097900390625,0.080810546875,-0.145263671875,-0.084716796875,0.04638671875,-0.080810546875,-0.021240234375,-0.021240234375,0.02978515625,-0.034423828125,-0.01318359375,-0.035400390625,-0.06298828125,0.04345703125,0.048095703125,-0.076904296875,-0.056884765625,0.0595703125,-0.02392578125,-0.0869140625,0.05859375,0.031982421875,-0.109130859375,-0.010986328125,0.07373046875,-0.03857421875,-0.06787109375,0.036376953125,-0.011474609375,-0.08056640625,0.04833984375,0.02587890625,-0.00341796875,0.103759765625,-0.0419921875,-0.153076171875,0.02685546875,0.02685546875,0.10009765625,-0.04736328125,-0.0498046875,0.017822265625,0.00537109375,0.008544921875,-0.0068359375,-0.0673828125,-0.024658203125,0.112060546875,0.02001953125,-0.145263671875,-0.00732421875,0.087890625,-0.0224609375,-0.0615234375,-0.00439453125,-0.0068359375,-0.012939453125,0.04833984375,-0.05908203125,-0.12744140625,0.079833984375,-0.121826171875,-0.16162109375,0.0947265625,0.13037109375,-0.084228515625,-0.084228515625,-0.081787109375,0.023193359375,0.00732421875,0.004150390625,-0.027099609375,-0.060546875,0.012939453125,0.066162109375,-0.05419921875,-0.112548828125,0.038818359375,0.015625,-0.103515625,0.009033203125,0.083740234375,-0.050537109375,-0.0947265625,0.050537109375,0.0537109375,-0.067626953125,-0.00927734375,0.032958984375,-0.01611328125,0.025634765625,-0.0830078125,-0.023681640625,0.089599609375,-0.021484375,-0.13818359375,0.03076171875,0.07763671875,-0.05517578125,-0.05517578125,-0.038330078125,0.011962890625,-0.02783203125,-0.02587890625,0.04345703125,-0.03076171875,-0.08837890625,0.06494140625,0.0673828125,-0.0673828125,-0.03271484375,0.021240234375,-0.0361328125,-0.01806640625,0.091552734375,0.002197265625,-0.146240234375,-0.004638671875,0.093994140625,-0.045654296875,0.027587890625,0.03369140625,-0.07568359375,-0.025146484375,0.02294921875,-0.01611328125,0.019287109375,-0.020263671875,-0.0810546875,-0.0810546875,0.01220703125,0.06884765625,-0.0546875,-0.09033203125,0.0859375,0.05859375,-0.133056640625,-0.049560546875,0.0732421875,0.00732421875,-0.040771484375,-0.014892578125,-0.0380859375,-0.03515625,0.065673828125,-0.030029296875,-0.147216796875,0.0361328125,0.131103515625,-0.06396484375,0.046630859375,0.07763671875,-0.044189453125,-0.03515625,-0.02880859375,-0.036865234375,0.06298828125,0.012451171875,-0.133056640625,-0.133056640625,-0.039794921875,0.144287109375,0.01025390625,-0.205322265625,-0.030517578125,0.126708984375,-0.000732421875,-0.087158203125,-0.0244140625,0.014404296875,-0.006103515625,0.0126953125,-0.036376953125,-0.046142578125,0.08837890625,0.03955078125,-0.1142578125,-0.029052734375,0.0517578125,-0.02880859375,-0.022216796875,-0.029296875,-0.11328125,0.047607421875,0.044189453125,-0.091796875,-0.01171875,0.054443359375,-0.046142578125,-0.05224609375,0.064697265625,-0.01318359375,-0.01318359375,-0.10546875,0.060302734375,0.08984375,-0.114501953125,-0.09912109375,0.099853515625,0.080078125,-0.096923828125,-0.053955078125,0.036376953125,-0.028076171875,-0.02392578125,-0.015869140625,-0.049072265625,-0.00439453125,0.058349609375,-0.031005859375,-0.117919921875,0.052734375,-0.088623046875,-0.0341796875,0.076904296875,0.004638671875,-0.0654296875,-0.0048828125,-0.005859375,-0.061279296875,0.0361328125,0.046142578125,-0.095947265625,-0.095947265625,-0.035888671875,0.0634765625,-0.0087890625,-0.06298828125,0.014892578125,0.019775390625,-0.056884765625,0.002197265625,-0.0029296875,-0.0576171875,0.05029296875,0.056640625,-0.09912109375,-0.0791015625,0.081298828125,0.031005859375,-0.0908203125,0.05712890625,-0.0859375,-0.040283203125,0.052001953125,-0.026123046875,-0.078369140625,0.03125,0.045166015625,-0.062744140625,-0.012939453125,0.02294921875,-0.041259765625,-0.00830078125,0.018798828125,0.018798828125,-0.035400390625,-0.023681640625,0.036376953125,-0.031494140625,-0.07666015625,0.055419921875,0.027587890625,-0.116943359375,-0.0166015625,0.099853515625,-0.0185546875,-0.112548828125,0.032470703125,0.074462890625,-0.0673828125,0.044677734375,0.01416015625,-0.023681640625,-0.00244140625,-0.0107421875,-0.028564453125,0.00634765625,-0.049072265625,-0.06640625,0.0908203125,0.057861328125,-0.1142578125,-0.0458984375,0.0791015625,-0.00732421875,-0.07470703125,0.0244140625,0.006103515625,0.006103515625,-0.060546875,0.0478515625,0.02001953125,-0.105224609375,-0.00439453125,0.112060546875,-0.032470703125,-0.1640625,0.01708984375,0.099609375,-0.03515625,-0.03759765625,-0.028076171875,0.01904296875,0.050537109375,-0.08251953125,-0.0966796875,0.12060546875,0.087158203125,-0.172119140625,-0.091796875,0.124755859375,0.046875,-0.115234375,-0.0458984375,0.052734375,-0.015380859375,-0.01416015625,-0.017822265625,-0.017822265625,-0.058837890625,0.01708984375,0.04150390625,-0.046630859375,-0.046630859375,0.03759765625,-0.015625,-0.052001953125,0.07763671875,0.0322265625,-0.117431640625,-0.017578125,-0.027587890625,-0.029052734375,0.052734375,-0.025390625,-0.086181640625,0.060546875,0.010986328125,-0.129150390625,0.027587890625,0.1396484375,-0.0615234375,-0.1787109375,0.042724609375,0.1240234375,-0.062255859375,-0.076171875,0.015380859375,0.015380859375,-0.00732421875,-0.022216796875,-0.01123046875,-0.0361328125,-0.01708984375,0.048828125,-0.023681640625,-0.093017578125,0.0361328125,0.021484375,-0.09765625,0.095947265625,-0.04345703125,-0.140625,0.039306640625,0.090087890625,-0.063232421875,-0.055419921875,0.01611328125,0.00732421875,0.01806640625,-0.001708984375,-0.079345703125,-0.0322265625,0.1259765625,0.0224609375,-0.17138671875,-0.012939453125,0.117431640625,0.117431640625,-0.010986328125,-0.081298828125,-0.00634765625,0.0166015625,-0.01220703125,0.030029296875,-0.057373046875,-0.113525390625,0.08447265625,0.12060546875,-0.113037109375,-0.146728515625,0.096923828125,-0.07763671875,-0.068359375,-0.000244140625,-0.01220703125,0.031494140625,-0.006103515625,-0.093994140625,-0.013671875,0.107666015625,-0.01806640625,-0.152587890625,0.01611328125,0.071533203125,-0.0595703125,-0.0263671875,0.037109375,-0.032958984375,-0.053955078125,-0.053955078125,0.03759765625,0.00048828125,-0.073974609375,0.038330078125,0.03857421875,-0.08056640625,-0.010009765625,0.05029296875,-0.045654296875,0.0546875,0.000244140625,-0.10888671875,0.025634765625,0.0615234375,-0.071533203125,-0.044189453125,0.042724609375,-0.007080078125,-0.05126953125,0.02490234375,-0.010986328125,-0.0751953125,0.04638671875,0.051513671875,-0.091064453125,-0.052490234375,0.060546875,0.0009765625,-0.073974609375,-0.073974609375,0.017578125,0.030029296875,-0.0576171875,-0.00341796875,-0.003173828125,-0.06396484375,0.0146484375,0.069580078125,-0.108154296875,0.052734375,0.046875,-0.090576171875,-0.017822265625,0.033447265625,-0.033935546875,-0.01904296875,0.019775390625,-0.05859375,-0.057861328125,0.104736328125,0.03466796875,-0.162841796875,-0.0361328125,0.120849609375,0.015380859375,-0.084228515625,-0.006103515625,0.022216796875,-0.0546875,0.002685546875,0.002685546875,0.011474609375,-0.060546875,0.01318359375,0.038818359375,-0.058349609375,-0.044189453125,0.048583984375,-0.029541015625,0.06884765625,0.080078125,-0.1015625,-0.051513671875,0.066162109375,-0.005615234375,-0.0615234375,0.005859375,0.012451171875,-0.058837890625,0.010986328125,0.09765625,0.000244140625,-0.1142578125,-0.041259765625,0.1044921875,0.007568359375,-0.1455078125,-0.0087890625,0.119873046875,-0.02880859375,-0.1064453125,0.017578125,0.015380859375,0.015380859375,-0.086669921875,-0.011962890625,0.084716796875,-0.042724609375,0.047607421875,0.05224609375,-0.10546875,-0.0849609375,0.095947265625,0.08447265625,-0.076416015625,-0.07666015625,0.063720703125,0.08251953125,-0.08056640625,-0.149658203125,0.05419921875,0.1123046875,-0.109375,-0.127685546875,0.04443359375,0.015869140625,-0.052490234375,0.0185546875,-0.05517578125,-0.12158203125,0.100341796875,0.134033203125,-0.179443359375,-0.179443359375,-0.094970703125,0.21630859375,0.01953125,-0.23388671875,0.184814453125,-0.115966796875,-0.14111328125,0.1162109375,-0.005615234375,-0.15966796875,0.017578125,0.07568359375,-0.11669921875,-0.048095703125,0.128173828125,-0.045654296875,-0.130859375,0.0751953125,0.067138671875,-0.080322265625,0.006591796875,0.108154296875,-0.032470703125,-0.06689453125,0.07666015625,-0.0068359375,-0.0703125,0.057861328125,0.0283203125,0.0283203125,-0.093017578125,-0.022705078125,0.048583984375,-0.042236328125,0.05615234375,-0.068115234375,-0.047607421875,0.119384765625,-0.009033203125,-0.147216796875,0.059326171875,0.161376953125,-0.093994140625,-0.14111328125,0.082763671875,0.052978515625,-0.031494140625,0.02978515625,-0.033935546875,-0.1123046875,0.0224609375,0.068115234375,-0.138916015625,-0.088623046875,0.118408203125,-0.031494140625,-0.1552734375,0.0146484375,0.04150390625,-0.093994140625,-0.02734375,0.060546875,-0.062255859375,-0.062255859375,-0.025634765625,-0.062255859375,-0.119384765625,0.089599609375,0.058349609375,-0.160400390625,-0.060546875,0.145751953125,-0.031494140625,-0.13330078125,0.0556640625,0.01904296875,-0.118896484375,-0.006103515625,0.07080078125,-0.0703125,-0.03369140625,0.1181640625,-0.01904296875,-0.0927734375,0.069580078125,0.03515625,-0.063232421875,0.0498046875,0.07861328125,-0.069091796875,-0.0146484375,0.115966796875,-0.060546875,-0.104736328125,0.08447265625,0.009765625,-0.105224609375,0.024658203125,0.047119140625,-0.111572265625,-0.004638671875,0.132568359375,-0.101318359375,-0.153076171875,0.115478515625,0.088623046875,-0.121337890625,-0.04150390625,0.0849609375,-0.04248046875,-0.081787109375,0.03515625,-0.032958984375,-0.04638671875,0.065673828125,-0.047119140625,-0.151611328125,0.012939453125,0.08544921875,-0.11083984375,-0.090087890625,0.0859375,-0.031494140625,-0.10400390625,0.04443359375,0.021240234375,-0.09375,0.012451171875,0.075439453125,-0.0703125,-0.03662109375,0.09912109375,-0.0478515625,-0.0966796875,0.097412109375,0.048828125,-0.15283203125,-0.047119140625,0.142333984375,-0.0283203125,-0.112060546875,0.07421875,0.033203125,-0.104248046875,-0.009765625,0.063232421875,-0.0478515625,-0.0087890625,0.1123046875,-0.04443359375,-0.122314453125,0.059326171875,0.04345703125,-0.0556640625,0.02490234375,0.030029296875,-0.0869140625,0.083251953125,0.083251953125,-0.090087890625,-0.087890625,0.096923828125,-0.02294921875,-0.135498046875,0.0341796875,0.063232421875,-0.12060546875,-0.031005859375,0.130126953125,-0.0712890625,-0.1455078125,0.075439453125,0.0498046875,-0.073486328125,0.011962890625,0.01513671875,-0.1015625,0.00048828125,0.09423828125,-0.107421875,-0.083740234375,0.125,-0.008056640625,-0.131103515625,0.04150390625,-0.13037109375,-0.008544921875,-0.008544921875,0.15380859375,-0.070556640625,-0.1376953125,0.099853515625,0.057861328125,-0.115234375,0.001220703125,0.103271484375,-0.056884765625,-0.074951171875,0.06494140625,-0.025146484375,-0.052734375,0.074951171875,-0.006103515625,-0.11865234375,0.01904296875,0.077392578125,-0.095458984375,-0.0341796875,0.0908203125,-0.087890625,0.1123046875,0.010986328125,-0.169677734375,-0.169677734375,0.02392578125,0.161865234375,-0.094482421875,-0.1533203125,0.078857421875,0.04443359375,-0.0576171875,0.023681640625,-0.0029296875,-0.0986328125,0.023193359375,0.103271484375,-0.103759765625,-0.091064453125,0.125732421875,0.01171875,-0.123779296875,0.029541015625,0.07080078125,-0.0810546875,-0.03515625,0.074462890625,-0.04736328125,0.09521484375,-0.0341796875,-0.0341796875,-0.108154296875,0.07958984375,0.068359375,-0.14794921875,-0.0615234375,0.140625,-0.028076171875,-0.12744140625,0.065185546875,0.03515625,-0.123046875,-0.03515625,0.0576171875,-0.06103515625,-0.038330078125,0.07666015625,-0.063232421875,-0.099365234375,0.0654296875,0.001220703125,-0.100830078125,0.029541015625,0.052001953125,-0.00341796875,0.10791015625,-0.108642578125,-0.108642578125,-0.115966796875,0.151123046875,0.0478515625,-0.181640625,-0.034912109375,0.127197265625,-0.03076171875,-0.056884765625,0.05029296875,-0.06689453125,-0.0537109375,0.109375,-0.00830078125,-0.128662109375,0.079833984375,0.13720703125,-0.095703125,0.115966796875,-0.0146484375,-0.0146484375,-0.073974609375,0.072509765625,-0.01220703125,-0.10546875,0.06640625,0.09033203125,-0.175048828125,-0.09619140625,0.174560546875,0.0068359375,-0.173583984375,-0.0048828125,0.072021484375,-0.050537109375,-0.02490234375,-0.08740234375,-0.045654296875,0.09765625,-0.047607421875,-0.1123046875,-0.1123046875,0.0634765625,0.044189453125,-0.11181640625,-0.0341796875,0.068359375,-0.072509765625,-0.026611328125,0.101806640625,-0.0751953125,-0.125732421875,0.07470703125,0.045166015625,-0.140625,0.150634765625,-0.080078125,-0.140625,0.0888671875,0.0458984375,0.0458984375,-0.08837890625,0.026123046875,0.06884765625,-0.09521484375,-0.049560546875,0.128662109375,-0.021728515625,-0.104736328125,0.066650390625,0.03564453125,-0.092041015625,-0.00927734375,0.049560546875,-0.007568359375,0.1103515625,-0.0830078125,-0.1279296875,0.1005859375,0.06494140625,0.06494140625,-0.10498046875,-0.024169921875,0.048095703125,-0.058349609375,-0.01025390625,0.075439453125,-0.11376953125,-0.10888671875,0.14111328125,0.058837890625,-0.172119140625,-0.072021484375,0.090576171875,-0.03125,0.037841796875,-0.07958984375,-0.05322265625,-0.05322265625,0.10986328125,-0.01806640625,-0.148193359375,0.052734375,0.120849609375,-0.1123046875,-0.090576171875,0.090576171875,-0.04248046875,0.092041015625,0.018310546875,-0.151123046875,-0.007080078125,-0.007080078125,0.120361328125,-0.067626953125,-0.070556640625,0.089599609375,-0.036865234375,-0.103759765625,0.055908203125,0.023193359375,0.03759765625,0.114501953125,-0.114013671875,-0.10107421875,0.13232421875,0.13232421875,0.024169921875,-0.12109375,0.017578125,0.056640625,-0.068359375,-0.011474609375,0.064453125,-0.09912109375,0.13720703125,-0.012451171875,-0.16845703125,0.027587890625,0.130859375,0.130859375,-0.075439453125,-0.095703125,0.082275390625,-0.015380859375,-0.104736328125,0.039306640625,0.021240234375,-0.0869140625,0.078369140625,-0.07373046875,-0.079345703125,0.063720703125,-0.02490234375,-0.02490234375,-0.060546875,0.052490234375,-0.03271484375,-0.092529296875,0.06494140625,0.06494140625,-0.15185546875,0.18017578125,-0.02490234375,-0.17236328125,0.026123046875,0.074462890625,-0.03271484375,-0.03271484375,0.0029296875,-0.0029296875,-0.115478515625,-0.0029296875,0.11181640625,-0.097412109375,-0.104248046875,0.01806640625,-0.1689453125,-0.005615234375,0.12060546875,-0.065673828125,-0.064208984375,-0.064208984375,0.080322265625,-0.04541015625,-0.06494140625,0.087890625,-0.01025390625,-0.139892578125,0.044677734375,-0.125244140625,-0.11083984375,0.122314453125,0.012939453125,-0.105712890625,0.036376953125,0.03515625,0.03515625,-0.098876953125,-0.01171875,0.1044921875,-0.0771484375,-0.094482421875,0.111572265625,-0.12109375,-0.013916015625,0.055908203125,-0.036865234375,-0.00390625,-0.00390625,0.046142578125,-0.09619140625,-0.06298828125,0.09716796875,-0.0341796875,-0.115966796875,0.065673828125,-0.1416015625,-0.0634765625,0.12353515625,-0.033447265625,-0.0986328125,-0.0986328125,0.0625,0.00048828125,-0.0888671875,0.03271484375,0.042236328125,-0.10107421875,0.134765625,-0.10205078125,-0.14501953125,0.110107421875,0.060791015625,-0.11962890625,-0.11962890625,-0.0107421875,0.067138671875,-0.09814453125,-0.073486328125,0.087158203125,-0.083984375,0.083984375,0.0029296875,-0.128173828125,0.02001953125,0.08154296875,0.08154296875,-0.10400390625,-0.035400390625,0.115966796875,-0.0791015625,-0.130859375,0.045654296875,-0.12890625,-0.007080078125,0.087646484375,-0.0673828125,-0.0283203125,0.102783203125,0.102783203125,-0.0830078125,-0.115966796875,0.1357421875,0.084716796875,-0.166015625,0.15283203125,0.005126953125,-0.086181640625,0.05517578125,0.004638671875,-0.072021484375,0.029541015625,0.029541015625,0.02001953125,-0.073486328125,0.027587890625,0.0859375,-0.09130859375,0.076171875,-0.03466796875,-0.08984375,0.071044921875,0.025390625,-0.14111328125,-0.0087890625,-0.0087890625,0.1298828125,-0.070556640625,-0.1005859375,0.071533203125,-0.084716796875,0.048828125,0.021484375,-0.127197265625,-0.001708984375,0.125732421875,-0.104736328125,-0.14794921875,0.10986328125,0.10986328125,0.0595703125,-0.13623046875,-0.031005859375,0.092529296875,-0.05712890625,0.067138671875,-0.001708984375,-0.06787109375,0.05908203125,0.02978515625,-0.086181640625,-0.0126953125,0.0634765625,0.0634765625,-0.046875,-0.020263671875,0.098876953125,-0.042724609375,0.07421875,0.03515625,-0.107421875,-0.007568359375,0.067626953125,-0.064697265625,-0.029296875,0.0849609375,-0.085205078125,-0.085205078125,-0.0947265625,0.135986328125,0.031494140625,-0.183349609375,0.17333984375,-0.041259765625,-0.108642578125,0.083740234375,-0.0078125,-0.126220703125,0.026123046875,0.055419921875,-0.09228515625,-0.09228515625,-0.021484375,0.086181640625,-0.082275390625,-0.107421875,-0.018310546875,-0.087158203125,0.046142578125,0.012451171875,-0.1181640625,0.0,0.10400390625,-0.087646484375,-0.08349609375,-0.08349609375,0.098876953125,0.000732421875,-0.06982421875,0.05224609375,-0.107666015625,0.02880859375,0.111083984375,-0.1171875,-0.117919921875,0.12548828125,0.03466796875,-0.130126953125,-0.006103515625,-0.006103515625,0.072509765625,-0.06591796875,-0.06103515625,-0.025146484375,-0.06201171875,0.087646484375,0.024658203125,-0.1123046875,-0.0224609375,0.06884765625,-0.024169921875,-0.013427734375,0.04248046875,-0.07861328125,-0.07861328125,-0.047607421875,0.100830078125,-0.052490234375,0.05419921875,0.140869140625,-0.112060546875,-0.135498046875,0.08349609375,0.03125,-0.035888671875,0.033203125,-0.04345703125,-0.086181640625,-0.086181640625,0.079345703125,0.078369140625,-0.02880859375,0.129638671875,-0.066162109375,-0.108154296875,0.1005859375,0.0048828125,-0.1494140625,0.052978515625,0.133056640625,0.133056640625,-0.14404296875,-0.134521484375,0.010009765625,-0.07080078125,0.043701171875,-0.022705078125,-0.091796875,0.067626953125,0.05859375,-0.155029296875,-0.01220703125,0.177734375,0.177734375,-0.060302734375,-0.15478515625,0.0419921875,-0.106201171875,0.00146484375,0.054443359375,-0.100830078125,-0.02734375,0.08984375,-0.109375,-0.112548828125,0.12646484375,0.12646484375,0.047607421875,-0.03955078125,0.14794921875,-0.03125,-0.092041015625,0.07080078125,0.0078125,-0.09814453125,0.00927734375,0.055419921875,-0.052978515625,-0.052978515625,-0.009033203125,-0.060546875,-0.087890625,0.05126953125,-0.003662109375,-0.065185546875,0.043701171875,0.0400390625,-0.094970703125,-0.020263671875,0.091796875,-0.068359375,-0.068359375,-0.088134765625,-0.0029296875,-0.074462890625,0.05322265625,0.036376953125,-0.11767578125,0.002197265625,0.13037109375,-0.0859375,-0.128662109375,0.09326171875,0.09326171875,0.04052734375,0.004638671875,0.05419921875,-0.106201171875,-0.052978515625,0.093017578125,-0.060791015625,-0.0888671875,0.089111328125,0.005615234375,-0.13623046875,0.008056640625,0.0849609375,0.0849609375,-0.093505859375,0.112548828125,-0.03369140625,-0.0830078125,0.06689453125,-0.003662109375,-0.094970703125,0.0556640625,0.0615234375,-0.135498046875,-0.02685546875,0.155517578125,-0.07275390625,-0.158935546875,-0.158935546875,0.087158203125,-0.148193359375,-0.068603515625,0.11767578125,0.001708984375,-0.04296875,0.052001953125,-0.066650390625,-0.095458984375,0.090087890625,0.04931640625,-0.114013671875,0.003173828125,0.003173828125,-0.078857421875,-0.08349609375,0.081298828125,-0.02490234375,-0.089111328125,0.056640625,0.02197265625,-0.111083984375,-0.002685546875,0.08056640625,-0.09130859375,-0.05859375,0.08740234375,0.08740234375,-0.087890625,0.082275390625,0.039306640625,-0.14892578125,-0.022216796875,0.146240234375,-0.04541015625,-0.140625,0.048095703125,0.0517578125,-0.0537109375,0.000244140625,0.009765625,0.009765625,-0.03759765625,0.10400390625,-0.04931640625,-0.11181640625,0.082763671875,0.065673828125,-0.12060546875,-0.08154296875,0.0458984375,-0.009033203125,-0.00390625,0.05419921875,-0.073486328125,-0.086669921875,0.093017578125,0.032958984375,-0.118896484375,-0.001708984375,0.08740234375,-0.0673828125,-0.0634765625,0.087646484375,-0.03125,-0.08740234375,0.063232421875,0.007568359375,-0.115478515625,0.01513671875,0.088623046875,-0.060302734375,-0.07958984375,0.116943359375,-0.049072265625,-0.131591796875,0.070068359375,0.05712890625,-0.0947265625,0.010498046875,0.08984375,-0.084228515625,-0.0693359375,0.0927734375,-0.037109375,-0.09765625,0.07958984375,0.042724609375,-0.116943359375,-0.015380859375,0.072021484375,-0.08349609375,-0.050537109375,0.076904296875,-0.0576171875,-0.0751953125,0.105712890625,-0.00146484375,-0.185546875,0.015625,0.174560546875,-0.071533203125,-0.159423828125,0.043701171875,0.041015625,-0.031982421875,0.022705078125,-0.029052734375,-0.111328125,0.032958984375,0.0888671875,-0.118896484375,-0.06591796875,0.140625,-0.0078125,-0.156005859375,0.011474609375,0.080810546875,-0.05908203125,-0.024658203125,0.06103515625,-0.06103515625,-0.0390625,0.10107421875,-0.033203125,-0.12548828125,0.07080078125,0.098876953125,-0.13037109375,-0.082763671875,0.131103515625,-0.005615234375,-0.13525390625,0.052490234375,0.052490234375,-0.095947265625,-0.031494140625,0.078369140625,-0.048583984375,-0.0703125,0.06982421875,-0.01611328125,-0.09521484375,0.028564453125,0.024658203125,-0.06201171875,0.03369140625,0.06103515625,-0.1103515625,-0.056396484375,0.12158203125,-0.034423828125,-0.13671875,0.056884765625,0.0625,-0.08447265625,0.044189453125,0.044189453125,-0.103759765625,-0.01806640625,0.144287109375,-0.0634765625,-0.162353515625,0.08056640625,0.09033203125,-0.105224609375,-0.0185546875,0.0791015625,-0.082763671875,-0.065185546875,0.097412109375,-0.023681640625,-0.084228515625,0.08154296875,0.02392578125,-0.125732421875,0.007080078125,0.086669921875,-0.099853515625,0.126953125,0.126953125,-0.05126953125,-0.13720703125,0.0654296875,0.04541015625,-0.112548828125,0.00927734375,0.07568359375,-0.10009765625,-0.0322265625,0.124267578125,-0.068115234375,0.107177734375,0.107177734375,0.08447265625,-0.14453125,-0.055908203125,0.11181640625,-0.033447265625,-0.06982421875,0.070068359375,-0.024658203125,-0.123046875,0.041748046875,0.0888671875,-0.101806640625,0.12353515625,0.12353515625,-0.0048828125,-0.134521484375,0.005859375,0.04541015625,-0.036865234375,0.007568359375,0.02587890625,-0.08056640625,-0.024169921875,0.094482421875,-0.058349609375,0.077392578125,0.020263671875,0.020263671875,-0.10595703125,0.008544921875,0.067626953125,-0.094970703125,-0.04150390625,0.1240234375,-0.039794921875,-0.15478515625,0.037841796875,0.0703125,-0.052734375,0.026611328125,-0.10009765625,-0.10009765625,-0.021240234375,0.114501953125,-0.072265625,-0.111328125,0.095703125,0.027099609375,-0.134033203125,0.00244140625,0.079833984375,-0.110107421875,0.137939453125,-0.02685546875,-0.160888671875,-0.160888671875,0.0390625,0.0888671875,-0.082275390625,-0.0419921875,0.075927734375,-0.0400390625,-0.06787109375,0.058837890625,-0.0224609375,-0.069580078125,0.03271484375,-0.1005859375,-0.005126953125,-0.005126953125,0.071044921875,-0.08203125,-0.04443359375,0.087646484375,-0.053466796875,-0.105224609375,0.078369140625,0.043701171875,-0.12890625,0.001953125,-0.066162109375,-0.13330078125,0.047607421875,0.047607421875,0.03271484375,-0.0322265625,0.037353515625,-0.000244140625,-0.103759765625,0.00537109375,0.0771484375,-0.095703125,-0.060791015625,0.115234375,-0.1259765625,0.033447265625,0.05859375,-0.095458984375,-0.095458984375,-0.01904296875,0.070556640625,-0.090576171875,-0.06201171875,0.1357421875,-0.006103515625,-0.173095703125,0.02978515625,0.140625,-0.120849609375,0.072265625,0.018798828125,0.018798828125,-0.05078125,0.046142578125,-0.01513671875,-0.115966796875,0.025390625,0.086669921875,-0.096435546875,-0.059814453125,-0.021728515625,-0.113037109375,0.036865234375,0.036865234375,0.01611328125,-0.095458984375,0.032470703125,0.087890625,-0.103271484375,-0.068115234375,0.115234375,-0.023681640625,-0.115478515625,0.025634765625,-0.095947265625,0.017578125,0.017578125,0.060546875,-0.1103515625,-0.021728515625,0.14208984375,-0.0634765625,-0.16162109375,0.070068359375,0.087890625,-0.0068359375,0.077880859375,-0.08740234375,-0.063720703125,-0.063720703125,0.111083984375,-0.01708984375,-0.107421875,0.0654296875,0.043212890625,-0.11376953125,-0.01220703125,0.078369140625,-0.046630859375,0.112060546875,-0.03271484375,-0.130126953125,-0.130126953125,0.049560546875,0.056396484375,-0.107421875,-0.031982421875,0.055419921875,-0.081298828125,-0.05126953125,-0.029296875,-0.15966796875,0.056396484375,0.13525390625,0.13525390625,-0.103759765625,-0.131591796875,0.07958984375,0.03955078125,-0.0458984375,0.029296875,-0.0244140625,-0.112060546875,0.080322265625,-0.09228515625,-0.0791015625,0.11181640625,0.11181640625,0.01806640625,-0.123046875,-0.01904296875,0.02587890625,-0.01953125,0.0400390625,0.02880859375,-0.01611328125,0.12451171875,-0.039306640625,-0.103515625,0.05810546875,0.022705078125,0.022705078125,-0.093994140625,0.013916015625,0.0771484375,-0.091552734375,-0.046142578125,0.131103515625,-0.031982421875,-0.17626953125,0.087158203125,-0.04345703125,-0.02001953125,0.022216796875,-0.081298828125,-0.081298828125,-0.02294921875,0.09375,-0.06396484375,-0.1015625,0.09716796875,0.05810546875,-0.118408203125,0.060791015625,-0.063232421875,-0.0224609375,0.0771484375,-0.07568359375,-0.094482421875,-0.094482421875,0.096923828125,0.011474609375,-0.16015625,0.015380859375,0.138427734375,-0.0810546875,-0.121337890625,0.0712890625,-0.07421875,0.037841796875,0.0380859375,-0.099365234375,-0.019775390625,0.09765625,0.09765625,-0.03857421875,-0.05712890625,0.08544921875,-0.003662109375,-0.1162109375,0.01416015625,0.057373046875,-0.017333984375,0.077880859375,-0.064453125,-0.097900390625,0.06591796875,0.017578125,0.017578125,-0.096923828125,0.009521484375,0.04931640625,-0.07470703125,-0.031494140625,0.066162109375,-0.08154296875,0.097900390625,0.016845703125,-0.14990234375,-0.00341796875,0.128662109375,-0.05029296875,-0.05029296875,-0.105224609375,0.07275390625,0.018310546875,-0.11572265625,0.000244140625,0.052978515625,-0.0615234375,0.06689453125,-0.040771484375,-0.0703125,0.0556640625,-0.00048828125,-0.067138671875,0.0478515625,0.0478515625,0.021728515625,-0.102783203125,-0.0029296875,0.092529296875,-0.061279296875,-0.07763671875,0.013427734375,-0.0849609375,0.034423828125,0.011474609375,-0.11083984375,0.0380859375,0.12841796875,-0.1171875,-0.1171875,-0.1494140625,0.12744140625,0.070068359375,-0.13623046875,-0.01806640625,-0.06689453125,-0.050537109375,0.0517578125,-0.04541015625,-0.039306640625,0.0859375,0.0859375,-0.042724609375,-0.126708984375,0.056396484375,0.058349609375,-0.107177734375,0.0986328125,-0.0908203125,-0.0849609375,0.104736328125,-0.017578125,-0.115234375,0.062744140625,0.062744140625,0.040283203125,-0.1162109375,0.01318359375,0.12060546875,-0.1064453125,0.129638671875,0.047607421875,-0.154052734375,-0.028564453125,0.091064453125,-0.0341796875,-0.02978515625,-0.02978515625,0.0576171875,-0.066162109375,-0.0869140625,0.082763671875,-0.11474609375,0.013427734375,0.07421875,-0.071044921875,-0.0546875,0.0517578125,-0.0556640625,-0.040283203125,-0.040283203125,0.1171875,-0.009765625,-0.173828125,0.12255859375,-0.064697265625,-0.088623046875,0.0595703125,-0.018310546875,-0.066162109375,0.05908203125,-0.0234375,-0.0234375,-0.119384765625,0.07177734375,0.11669921875,-0.14013671875,0.12158203125,0.019287109375,-0.098876953125,0.037109375,0.01123046875,-0.119384765625,0.019775390625,0.127197265625,0.127197265625,-0.08935546875,-0.1044921875,0.120849609375,0.035400390625,-0.004638671875,0.04833984375,-0.044677734375,0.015380859375,0.04541015625,-0.106201171875,-0.050537109375,0.126220703125,0.126220703125,-0.029296875,-0.131591796875,0.05419921875,-0.098388671875,-0.0078125,0.07568359375,-0.109130859375,-0.07666015625,0.1416015625,0.00537109375,-0.18115234375,-0.015625,0.08935546875,0.08935546875,-0.0400390625,-0.02978515625,0.034423828125,-0.075439453125,0.086181640625,-0.03662109375,-0.115478515625,0.070556640625,0.078857421875,-0.115966796875,-0.056640625,0.074951171875,-0.049072265625,-0.035888671875,-0.035888671875,0.0908203125,-0.0537109375,-0.12255859375,0.07958984375,-0.140380859375,-0.034912109375
Prusa_B,-0.028076171875,-0.051025390625,-0.072265625,-0.077880859375,-0.060302734375,0.0029296875,0.06884765625,0.082275390625,0.061279296875,-0.04248046875,-0.087158203125,-0.087158203125,-0.0927734375,-0.0654296875,-0.014404296875,0.024169921875,0.0126953125,-0.0205078125,-0.02880859375,-0.02880859375,0.02099609375,0.06787109375,0.06005859375,0.026611328125,0.03369140625,0.039306640625,-0.01953125,-0.050048828125,-0.0233154296875,-0.0501708984375,-0.023193359375,0.00732421875,-0.011962890625,-0.04541015625,0.031494140625,0.0341796875,0.044189453125,0.025634765625,0.005615234375,0.005615234375,0.02099609375,-0.03076171875,-0.07958984375,-0.052490234375,-0.0498046875,-0.05615234375,-0.012451171875,-0.017333984375,0.014892578125,0.054931640625,-0.055419921875,-0.0390625,-0.048828125,-0.048828125,-0.038330078125,-0.014404296875,-0.0302734375,-0.014892578125,0.007568359375,-0.033935546875,-0.048828125,-0.012451171875,-0.025146484375,0.00341796875,0.010009765625,-0.039306640625,-0.036865234375,-0.036865234375,-0.032470703125,-0.055419921875,0.015625,0.03515625,-0.0185546875,-0.00439453125,0.01025390625,-0.021728515625,0.00390625,0.024658203125,0.00244140625,0.047119140625,0.01708984375,0.01708984375,0.00634765625,-0.018798828125,-0.066162109375,-0.016357421875,0.0498046875,0.03515625,0.00146484375,-0.015869140625,-0.01953125,-0.01318359375,-0.057861328125,-0.048095703125,0.00830078125,0.00830078125,0.02490234375,0.04296875,0.023681640625,-0.05029296875,-0.07080078125,-0.04150390625,-0.003662109375,0.033447265625,0.0224609375,-0.04296875,-0.04052734375,-0.052490234375,-0.02197265625,0.00732421875,0.00732421875,0.002197265625,0.023681640625,0.01220703125,-0.040771484375,-0.034423828125,-0.0048828125,-0.01513671875,-0.03173828125,-0.0224609375,-0.012451171875,-0.035888671875,-0.034912109375,-0.034912109375,0.024658203125,0.055908203125,0.02392578125,-0.006591796875,-0.009521484375,0.00439453125,-0.021728515625,-0.06787109375,-0.01611328125,0.001708984375,-0.030029296875,-0.010009765625,-0.010009765625,0.013916015625,-0.005859375,0.01123046875,0.041015625,0.028564453125,0.005859375,-0.010009765625,-0.025634765625,-0.029541015625,-0.06005859375,-0.03662109375,0.011962890625,0.011962890625,0.005615234375,-0.014892578125,-0.009033203125,0.00439453125,0.020751953125,-0.003173828125,-0.023193359375,-0.026123046875,-0.063232421875,-0.0361328125,-0.01318359375,-0.031982421875,-0.031982421875,-0.0087890625,0.03564453125,0.016357421875,-0.013427734375,-0.02490234375,-0.015625,0.009765625,-0.0302734375,-0.015869140625,-0.009765625,-0.020751953125,-0.014892578125,-0.01904296875,-0.01904296875,-0.030029296875,-0.001708984375,-0.00341796875,-0.008544921875,-0.010986328125,-0.005859375,-0.014892578125,-0.016845703125,-0.00732421875,0.00830078125,0.009521484375,-0.013671875,-0.0205078125,-0.015869140625,0.011474609375,0.007080078125,-0.036376953125,-0.03515625,-0.016845703125,-0.00830078125,0.010009765625,0.008544921875,0.001708984375,0.009033203125,0.02197265625,0.02197265625,0.029296875,-0.009765625,-0.033935546875,-0.00244140625,0.010986328125,-0.019287109375,-0.052490234375,-0.020263671875,0.0146484375,-0.020751953125,-0.00927734375,-0.00927734375,0.02197265625,-0.019287109375,-0.03662109375,0.0,-0.032958984375,-0.0302734375,-0.03125,-0.031494140625,-0.031494140625,-0.015380859375,-0.001953125,0.008544921875,-0.02734375,-0.026123046875,0.000732421875,-0.01220703125,-0.0234375,-0.0234375,-0.0078125,-0.018798828125,-0.01513671875,-0.004150390625,-0.0263671875,-0.01123046875,-0.003662109375,0.011474609375,0.011474609375,0.002197265625,-0.03466796875,-0.013916015625,-0.01220703125,-0.0439453125,-0.017578125,-0.01318359375,-0.020263671875,-0.023193359375,-0.023193359375,-0.019775390625,-0.0009765625,0.00390625,0.003173828125,0.017333984375,-0.00439453125,-0.0048828125,0.01904296875,0.01904296875,0.000732421875,-0.02392578125,-0.033935546875,-0.014404296875,-0.0029296875,-0.00390625,0.006103515625,-0.0009765625,-0.0009765625,-0.01953125,-0.009033203125,0.008544921875,-0.033447265625,-0.05224609375,-0.0146484375,0.0205078125,-0.0107421875,-0.0107421875,-0.044677734375,-0.02880859375,-0.007080078125,0.0029296875,0.004638671875,-0.00048828125,-0.021240234375,-0.0322265625,-0.034423828125,-0.034423828125,-0.031005859375,-0.013671875,0.0078125,-0.01953125,0.001953125,0.029541015625,-0.000732421875,-0.0302734375,-0.0302734375,-0.025390625,-0.0048828125,0.008544921875,-0.053955078125,-0.007568359375,0.008544921875,-0.0126953125,-0.001220703125,-0.001220703125,0.005615234375,-0.0166015625,-0.022705078125,-0.017822265625,-0.014404296875,-0.0205078125,-0.02490234375,-0.005859375,-0.005859375,-0.02294921875,-0.01318359375,0.03173828125,-0.015869140625,-0.018310546875,0.003662109375,0.005126953125,-0.01708984375,-0.03662109375,-0.03662109375,-0.025634765625,-0.0087890625,0.001708984375,0.003173828125,0.00439453125,-0.012939453125,-0.020751953125,0.001220703125,0.001220703125,0.001953125,-0.027587890625,-0.04296875,-0.0302734375,-0.0322265625,-0.003662109375,0.03076171875,-0.0048828125,-0.0048828125,-0.026611328125,0.001708984375,-0.005126953125,-0.033203125,-0.019775390625,-0.012939453125,-0.03515625,-0.0390625,-0.0390625,-0.0068359375,0.0078125,0.011962890625,0.017578125,0.02490234375,0.00048828125,-0.034912109375,-0.03369140625,-0.03369140625,-0.016845703125,-0.02294921875,-0.0107421875,-0.01318359375,-0.03271484375,-0.02880859375,0.012451171875,0.03515625,0.0068359375,0.0068359375,-0.032958984375,-0.023681640625,-0.033203125,-0.018798828125,0.001953125,-0.006591796875,-0.022216796875,-0.00439453125,-0.00439453125,0.016357421875,-0.002197265625,0.025634765625,0.029296875,-0.0166015625,-0.04638671875,-0.044189453125,-0.041015625,-0.041015625,-0.035888671875,0.039306640625,0.05224609375,-0.003173828125,-0.048828125,-0.040283203125,-0.016845703125,-0.019775390625,-0.019775390625,-0.027099609375,-0.01171875,-0.026611328125,-0.013916015625,-0.00439453125,-0.00146484375,-0.007568359375,0.01318359375,0.01318359375,0.0166015625,-0.04345703125,-0.023681640625,-0.012939453125,-0.02685546875,-0.0078125,0.01708984375,0.00927734375,0.00927734375,-0.022216796875,0.004638671875,0.024169921875,-0.007568359375,-0.025146484375,0.005126953125,-0.00732421875,-0.058837890625,-0.058837890625,-0.05419921875,-0.02490234375,-0.012939453125,0.0185546875,0.0322265625,-0.001708984375,-0.03369140625,-0.030029296875,-0.030029296875,-0.0048828125,-0.014892578125,0.000244140625,0.00048828125,-0.025146484375,-0.034423828125,0.001953125,0.01171875,-0.01025390625,-0.01025390625,0.000244140625,-0.002197265625,-0.00244140625,0.0048828125,0.004150390625,-0.036865234375,-0.049560546875,-0.012939453125,-0.012939453125,0.026123046875,-0.00634765625,-0.0244140625,-0.0341796875,-0.046142578125,-0.037353515625,-0.014892578125,-0.005859375,-0.005859375,-0.0146484375,0.002685546875,0.00390625,-0.0224609375,-0.043212890625,-0.030029296875,0.01708984375,0.0302734375,0.0302734375,-0.0068359375,-0.012939453125,-0.04296875,-0.04150390625,-0.001708984375,0.025146484375,0.004638671875,-0.014404296875,-0.014404296875,0.0126953125,-0.045654296875,-0.069580078125,-0.016357421875,0.0029296875,-0.0029296875,0.02685546875,0.03466796875,0.00439453125,-0.040283203125,-0.052001953125,-0.032958984375,-0.030029296875,-0.03173828125,-0.01806640625,0.0078125,-0.000732421875,0.0009765625,0.036376953125,0.041259765625,-0.0283203125,-0.060791015625,-0.004150390625,-0.001220703125,-0.05517578125,-0.03369140625,0.029296875,0.029296875,-0.0283203125,-0.033447265625,0.008544921875,0.01708984375,-0.0068359375,-0.01123046875,-0.009765625,-0.02490234375,-0.02490234375,-0.0458984375,-0.00927734375,-0.001708984375,-0.015869140625,-0.0078125,0.00732421875,-0.02392578125,-0.04443359375,-0.04443359375,0.037109375,-0.028076171875,-0.04931640625,-0.00244140625,-0.00048828125,-0.0517578125,-0.0693359375,-0.003173828125,-0.003173828125,0.01953125,-0.003173828125,0.023193359375,0.014892578125,-0.043212890625,-0.068603515625,-0.0341796875,-0.01220703125,-0.01220703125,0.004638671875,0.014404296875,-0.01220703125,-0.03662109375,-0.012939453125,0.00927734375,-0.001953125,-0.032958984375,-0.032958984375,0.013671875,-0.02978515625,-0.0546875,-0.038818359375,-0.00341796875,-0.001220703125,-0.027587890625,0.02490234375,0.063720703125,0.0166015625,-0.019775390625,-0.017333984375,-0.0107421875,-0.046630859375,-0.056884765625,-0.00634765625,0.003662109375,-0.02880859375,-0.021484375,0.040283203125,0.051513671875,-0.0166015625,-0.054443359375,-0.02880859375,-0.011962890625,-0.021728515625,-0.0087890625,0.012451171875,-0.021240234375,-0.074462890625,-0.053466796875,0.010986328125,0.003173828125,-0.008544921875,0.0517578125,0.056884765625,-0.02099609375,-0.062255859375,-0.036376953125,-0.01904296875,-0.05712890625,-0.042236328125,0.03173828125,0.0625,0.013916015625,-0.020263671875,0.01220703125,0.007568359375,-0.03076171875,-0.03515625,-0.00537109375,-0.023193359375,-0.051025390625,-0.020263671875,0.00732421875,-0.030029296875,-0.06201171875,0.003173828125,0.053955078125,-0.0078125,-0.072265625,-0.023681640625,0.0205078125,-0.0244140625,-0.038330078125,0.014404296875,0.03662109375,-0.03125,-0.065673828125,-0.0078125,0.02685546875,-0.01953125,-0.021240234375,0.052978515625,0.0400390625,-0.046630859375,-0.058349609375,-0.000732421875,0.010009765625,-0.041015625,-0.011962890625,0.060791015625,0.02490234375,-0.064453125,-0.08447265625,-0.00732421875,0.0224609375,-0.012939453125,0.02099609375,0.0537109375,-0.033447265625,-0.1220703125,-0.04150390625,0.00830078125,-0.0869140625,-0.043212890625,0.122314453125,0.114990234375,-0.089111328125,-0.110595703125,0.060791015625,0.049072265625,-0.099609375,-0.07666015625,0.076416015625,0.07080078125,-0.062255859375,-0.078857421875,-0.02978515625,-0.034423828125,-0.022216796875,0.051025390625,0.08642578125,-0.0087890625,-0.066162109375,-0.02099609375,-0.0166015625,-0.08642578125,-0.071044921875,0.056640625,0.065673828125,-0.060546875,-0.07666015625,0.034423828125,0.046630859375,-0.058837890625,-0.062744140625,0.046875,0.064697265625,-0.033447265625,-0.09033203125,-0.0439453125,-0.00634765625,0.010009765625,0.05908203125,-0.015869140625,-0.015869140625,-0.04833984375,-0.009765625,-0.004150390625,-0.048095703125,-0.02783203125,0.029541015625,0.0283203125,-0.0927734375,-0.0927734375,-0.0322265625,0.028564453125,0.0078125,-0.03125,0.003173828125,0.04052734375,-0.017822265625,-0.044677734375,-0.044677734375,0.01220703125,0.005126953125,-0.031005859375,-0.029296875,-0.033447265625,-0.06201171875,-0.02734375,0.07958984375,-0.017333984375,-0.017333984375,-0.02392578125,0.03271484375,-0.003662109375,-0.11083984375,-0.09716796875,0.041748046875,0.056884765625,-0.033447265625,0.056884765625,0.056884765625,0.02734375,-0.06982421875,-0.044677734375,0.04296875,0.02783203125,-0.051513671875,-0.021728515625,-0.062255859375,-0.062255859375,-0.065673828125,0.020263671875,0.059814453125,-0.01416015625,-0.045654296875,0.052490234375,-0.024658203125,-0.08642578125,-0.08642578125,-0.00732421875,0.01904296875,-0.091064453125,-0.106201171875,0.0224609375,0.061767578125,-0.02099609375,0.03466796875,0.03466796875,0.024169921875,-0.021728515625,-0.029052734375,-0.0146484375,-0.042724609375,-0.071533203125,-0.02783203125,-0.00927734375,-0.00927734375,-0.05029296875,0.00390625,0.066162109375,0.009765625,-0.06494140625,-0.017333984375,0.0185546875,-0.073486328125,-0.01171875,-0.01171875,0.03369140625,-0.012451171875,-0.03466796875,0.03466796875,0.071533203125,0.001708984375,0.0029296875,0.008056640625,0.008056640625,-0.057373046875,-0.0556640625,0.000244140625,-0.017333984375,-0.078125,-0.036376953125,0.056396484375,-0.05322265625,-0.05322265625,-0.026611328125,0.051025390625,-0.01953125,-0.1064453125,-0.044677734375,0.021240234375,-0.0830078125,0.031982421875,0.031982421875,0.09716796875,0.003173828125,-0.04296875,0.0380859375,0.03564453125,-0.0712890625,0.02880859375,0.01123046875,0.01123046875,-0.071044921875,-0.021728515625,0.06689453125,0.022705078125,-0.05419921875,-0.011962890625,0.02783203125,-0.094970703125,-0.094970703125,-0.071533203125,0.0224609375,-0.033935546875,-0.1201171875,-0.017822265625,0.111328125,-0.086181640625,0.017822265625,0.017822265625,0.086181640625,-0.02880859375,-0.10546875,-0.007568359375,0.021240234375,-0.0673828125,0.072509765625,0.052734375,0.052734375,-0.0732421875,-0.034423828125,0.072509765625,0.029541015625,-0.06689453125,-0.040283203125,-0.006591796875,-0.102783203125,-0.102783203125,-0.02685546875,0.093994140625,0.016357421875,-0.0908203125,-0.005615234375,0.096923828125,-0.138427734375,-0.015380859375,0.0732421875,0.0732421875,-0.064453125,-0.1279296875,0.067138671875,0.126220703125,-0.076416015625,0.089599609375,0.067626953125,-0.120361328125,-0.120361328125,-0.072998046875,0.095947265625,0.0087890625,-0.123046875,0.017578125,-0.025390625,-0.08056640625,0.060791015625,0.060791015625,0.07958984375,-0.04638671875,-0.087158203125,-0.008056640625,0.0146484375,-0.061767578125,0.032470703125,0.046875,0.046875,-0.033935546875,-0.05859375,0.024658203125,0.03662109375,-0.0703125,0.065673828125,0.024169921875,-0.129150390625,-0.129150390625,-0.084716796875,0.054443359375,0.025390625,-0.061767578125,-0.00146484375,0.020263671875,-0.053955078125,-0.01708984375,-0.01708984375,0.033447265625,-0.039306640625,-0.12060546875,-0.016357421875,0.07666015625,-0.06689453125,0.0361328125,0.076904296875,-0.02392578125,-0.02392578125,-0.068359375,0.005859375,0.02783203125,-0.080810546875,-0.09423828125,0.030517578125,0.03466796875,-0.086669921875,0.102294921875,0.072998046875,-0.0771484375,-0.064453125,0.060791015625,0.044677734375,0.044677734375,-0.096923828125,-0.059326171875,0.061767578125,-0.032958984375,-0.126953125,0.041748046875,0.132080078125,-0.0439453125,0.035888671875,0.08935546875,-0.024169921875,-0.11376953125,-0.045166015625,0.02587890625,-0.049560546875,-0.077880859375,-0.077880859375,0.021240234375,0.0732421875,-0.01708984375,-0.068603515625,0.027587890625,0.0791015625,-0.0576171875,0.009765625,0.034423828125,-0.114501953125,-0.08056640625,0.0986328125,0.05712890625,-0.063720703125,0.00244140625,0.00244140625,0.099609375,0.017578125,-0.072265625,-0.032470703125,0.016357421875,-0.028076171875,-0.073974609375,0.0322265625,-0.017822265625,-0.057373046875,0.02880859375,0.07763671875,-0.022216796875,-0.064453125,0.01513671875,0.01513671875,0.0322265625,-0.054931640625,-0.088134765625,-0.008056640625,0.009765625,-0.0625,-0.040771484375,0.04345703125,-0.0078125,-0.0224609375,0.0341796875,0.01220703125,-0.1044921875,-0.052490234375,0.052978515625,0.052978515625,-0.029296875,-0.08349609375,0.046630859375,0.071044921875,-0.04736328125,-0.039306640625,0.032958984375,-0.05322265625,-0.005615234375,-0.016845703125,-0.040283203125,-0.027587890625,-0.044677734375,-0.03662109375,0.032958984375,0.04248046875,0.04248046875,-0.013916015625,-0.032958984375,-0.01611328125,-0.000732421875,-0.02392578125,-0.0419921875,-0.02734375,-0.01953125,0.017578125,0.05615234375,0.010009765625,-0.011962890625,0.06982421875,0.01953125,-0.068115234375,-0.061767578125,0.001220703125,0.008056640625,-0.06884765625,-0.07275390625,0.02001953125,0.0703125,0.000732421875,-0.056640625,0.017822265625,0.04296875,-0.02734375,-0.070556640625,-0.070556640625,-0.003662109375,-0.017333984375,-0.114501953125,-0.035888671875,0.0771484375,0.03857421875,-0.01171875,0.016845703125,0.007080078125,-0.02001953125,0.002197265625,-0.02783203125,-0.0859375,0.00634765625,0.095703125,0.03759765625,-0.086181640625,-0.043212890625,0.0751953125,0.0390625,-0.081298828125,-0.083251953125,-0.0087890625,-0.00390625,-0.071533203125,-0.052001953125,0.0390625,0.0625,0.002197265625,-0.04443359375,-0.009033203125,0.004150390625,0.004150390625,-0.015869140625,-0.02197265625,-0.0302734375,-0.065673828125,-0.015625,0.0673828125,-0.005615234375,-0.089111328125,0.015869140625,0.138427734375,-0.06396484375,-0.064697265625,0.000244140625,-0.001953125,-0.082275390625,-0.0830078125,0.03466796875,0.05615234375,-0.04833984375,-0.042236328125,0.0498046875,-0.000732421875,-0.0498046875,0.023193359375,0.030029296875,-0.02880859375,-0.0439453125,-0.05419921875,-0.08056640625,-0.0556640625,0.005615234375,0.005615234375,0.048583984375,0.0419921875,-0.005615234375,-0.055908203125,-0.0458984375,-0.0078125,-0.01416015625,-0.021240234375,-0.011474609375,-0.006591796875,-0.027587890625,-0.010009765625,-0.011474609375,-0.017578125,-0.01025390625,-0.021484375,-0.0078125,0.01953125,-0.01806640625,-0.063232421875,-0.03955078125,-0.018310546875,0.03369140625,0.082763671875,-0.0009765625,-0.071533203125,-0.0595703125,-0.04052734375,0.018798828125,0.0439453125,-0.022705078125,-0.057373046875,-0.057373046875,0.01123046875,0.02099609375,-0.041015625,0.015625,0.0439453125,0.0087890625,-0.000732421875,-0.076904296875,-0.021484375,0.060791015625,0.0166015625,-0.0234375,0.002197265625,-0.01904296875,-0.023193359375,-0.0078125,-0.02587890625,-0.013427734375,0.0322265625,0.027099609375,-0.045654296875,-0.04736328125,-0.024658203125,-0.03466796875,-0.0009765625,-0.013427734375,-0.011962890625,0.017822265625,0.00146484375,-0.000732421875,-0.022216796875,-0.022216796875,-0.064453125,-0.047607421875,-0.01708984375,-0.025634765625,0.018798828125,0.03271484375,-0.0478515625,-0.0166015625,-0.04443359375,0.03271484375,0.052978515625,-0.0498046875,-0.0791015625,-0.0380859375,-0.01171875,0.024169921875,0.03271484375,-0.010986328125,0.010498046875,0.031982421875,-0.053955078125,-0.1171875,-0.077392578125,0.004150390625,0.078369140625,0.090087890625,-0.000244140625,-0.08154296875,-0.0673828125,-0.001953125,0.06298828125,0.06298828125,0.07177734375,0.009765625,-0.051513671875,-0.05224609375,-0.03125,-0.03857421875,-0.0849609375,-0.05615234375,0.02587890625,0.05712890625,0.04736328125,0.02587890625,0.016845703125,0.01513671875,-0.0185546875,-0.061279296875,-0.08642578125,-0.08251953125,-0.05126953125,-0.023193359375,0.00146484375,0.01513671875,0.00830078125,0.006103515625,0.0146484375,0.016845703125,-0.007080078125,-0.005859375,0.040283203125,0.032470703125,-0.050537109375,-0.086181640625,-0.086181640625,-0.025634765625,-0.0078125,-0.064208984375,0.015625,0.03369140625,0.064697265625,-0.017333984375,-0.03759765625,0.056640625,-0.041748046875,-0.008056640625,0.02392578125,-0.122314453125,0.048828125,0.00048828125,-0.0859375,0.02392578125,-0.0810546875,0.03955078125,0.03173828125,-0.09228515625,-0.010009765625,-0.014892578125,0.01708984375,0.0595703125,0.005126953125,0.0166015625,-0.00146484375,-0.052734375,-0.03955078125,-0.084716796875,-0.084716796875,-0.02978515625,0.022705078125,0.00439453125,-0.04638671875,0.00244140625,0.003173828125,-0.001220703125,0.0400390625,-0.0283203125,-0.001953125,0.003662109375,-0.067138671875,-0.0126953125,-0.008056640625,-0.0244140625,-0.004638671875,-0.05029296875,-0.0419921875,0.01611328125,0.044921875,0.001220703125,-0.020751953125,-0.01171875,-0.02099609375,0.024658203125,0.013427734375,-0.029052734375,-0.02734375,-0.057861328125,-0.0791015625,-0.0791015625,-0.007080078125,-0.0166015625,0.004150390625,0.026611328125,0.048095703125,0.00537109375,-0.08203125,-0.07958984375,-0.000244140625,0.06396484375,0.001708984375,-0.087158203125,-0.04541015625,0.07080078125,0.080810546875,-0.039794921875,-0.112548828125,-0.033935546875,0.079345703125,0.0498046875,-0.08642578125,-0.089599609375,0.054931640625,0.091064453125,-0.042724609375,-0.126220703125,-0.0068359375,0.113525390625,0.007568359375,-0.138916015625,-0.07373046875,0.11376953125,0.090576171875,-0.119140625,-0.134521484375,0.057373046875,0.121337890625,-0.028076171875,-0.1005859375,0.014404296875,0.04736328125,-0.0654296875,-0.1015625,-0.03759765625,0.046142578125,0.040283203125,-0.015380859375,-0.04052734375,-0.072265625,-0.045166015625,0.010498046875,-0.015625,-0.0625,-0.0126953125,0.067138671875,0.021240234375,-0.069580078125,-0.0673828125,0.0302734375,0.02392578125,-0.0849609375,-0.084228515625,0.038330078125,0.092529296875,-0.00634765625,-0.057373046875,-0.007568359375,0.01171875,-0.03076171875,-0.0185546875,0.045166015625,0.034912109375,0.002197265625,0.01025390625,-0.001220703125,-0.052734375,-0.07177734375,0.000244140625,0.027099609375,-0.019287109375,-0.01806640625,0.029296875,0.03271484375,-0.04736328125,-0.074951171875,0.007568359375,0.0107421875,-0.05712890625,-0.04833984375,0.02392578125,0.045654296875,-0.020751953125,-0.068115234375,-0.001220703125,-0.000244140625,-0.08544921875,-0.0400390625,0.05126953125,0.031005859375,-0.031005859375,-0.031005859375,0.0419921875,-0.008056640625,-0.07958984375,-0.03662109375,0.03759765625,0.011962890625,-0.06298828125,-0.026123046875,0.035400390625,-0.020751953125,-0.0673828125,-0.02197265625,0.012451171875,-0.01611328125,-0.0322265625,0.031982421875,0.042236328125,-0.02099609375,-0.032958984375,0.02294921875,-0.00146484375,-0.08349609375,-0.03564453125,0.08642578125,0.060546875,-0.05712890625,-0.03466796875,0.068359375,0.034423828125,-0.062744140625,0.049560546875,0.018310546875,0.018310546875,-0.064453125,-0.03466796875,0.035888671875,0.013671875,-0.049072265625,-0.03955078125,0.002197265625,-0.01611328125,-0.06396484375,-0.024658203125,0.011962890625,-0.032958984375,-0.048095703125,0.00341796875,-0.00439453125,-0.04833984375,-0.03369140625,0.016357421875,0.009033203125,-0.05712890625,-0.02294921875,0.05224609375,0.017822265625,-0.054443359375,-0.019287109375,0.041259765625,-0.087646484375,-0.0244140625,0.068115234375,0.015625,-0.0380859375,-0.0380859375,0.017333984375,0.04443359375,-0.030517578125,-0.095947265625,-0.0302734375,0.0302734375,-0.00146484375,-0.028076171875,0.013671875,0.012451171875,-0.048583984375,-0.041748046875,0.03076171875,0.014892578125,-0.0693359375,-0.044189453125,0.0341796875,0.02490234375,-0.040283203125,-0.030029296875,0.046142578125,0.00927734375,-0.085693359375,-0.0400390625,0.01806640625,-0.04541015625,-0.022216796875,0.023681640625,-0.017333984375,-0.056884765625,-0.056884765625,-0.02001953125,0.013427734375,-0.017822265625,-0.06396484375,-0.002685546875,0.0458984375,-0.02783203125,-0.05322265625,0.017578125,0.00732421875,-0.08740234375,-0.077880859375,0.046630859375,0.056640625,-0.0458984375,-0.042236328125,0.05859375,0.058349609375,-0.038330078125,-0.06298828125,0.00146484375,-0.012939453125,-0.071533203125,0.0048828125,0.092041015625,-0.05517578125,-0.0166015625,0.025390625,-0.0380859375,-0.071533203125,-0.015869140625,0.015869140625,0.015869140625,-0.019775390625,-0.038330078125,0.041259765625,0.0537109375,-0.0576171875,-0.098388671875,-0.0146484375,-0.002685546875,-0.0615234375,-0.0048828125,0.101806640625,0.05029296875,-0.0859375,-0.0869140625,0.016357421875,0.006103515625,-0.078125,-0.029541015625,0.082275390625,0.04052734375,-0.052001953125,-0.009765625,-0.025146484375,-0.1025390625,-0.0419921875,0.025634765625,0.016357421875,-0.005859375,0.00634765625,0.02685546875,0.02685546875,-0.012939453125,-0.041748046875,0.008056640625,-0.008544921875,-0.0732421875,-0.049072265625,0.02587890625,0.0107421875,-0.048828125,-0.0166015625,0.05224609375,0.0029296875,-0.090576171875,-0.041015625,0.0556640625,-0.003173828125,-0.095703125,-0.028564453125,0.06396484375,0.00537109375,-0.058349609375,0.028564453125,-0.029052734375,-0.077880859375,-0.005615234375,0.054443359375,0.0009765625,-0.04443359375,0.009033203125,0.008056640625,0.008056640625,-0.0791015625,-0.0859375,0.035400390625,0.044921875,-0.06640625,-0.043701171875,0.07861328125,0.04248046875,-0.08251953125,-0.05517578125,0.03955078125,-0.01220703125,-0.10546875,-0.043212890625,0.0791015625,0.045166015625,-0.049560546875,-0.00537109375,0.074951171875,-0.008544921875,-0.008056640625,0.046875,-0.032470703125,-0.078125,0.009521484375,0.076416015625,-0.00634765625,-0.072265625,0.02099609375,0.032470703125,-0.080078125,-0.092529296875,0.01611328125,0.01611328125,0.055419921875,-0.0498046875,-0.071044921875,0.047119140625,0.03173828125,-0.083740234375,-0.077392578125,0.019775390625,0.015380859375,-0.059326171875,-0.007568359375,0.085693359375,0.0078125,-0.09423828125,-0.0341796875,0.04833984375,-0.003173828125,-0.076904296875,-0.01708984375,-0.007080078125,-0.052978515625,0.0224609375,0.048828125,-0.043701171875,-0.080078125,0.00146484375,0.012939453125,-0.055908203125,-0.0322265625,0.06689453125,0.0400390625,0.0400390625,-0.078125,-0.055908203125,0.06396484375,0.02392578125,-0.0888671875,-0.051513671875,0.050048828125,0.020263671875,-0.0673828125,-0.012939453125,0.077880859375,-0.00146484375,-0.094970703125,-0.01904296875,0.0615234375,-0.00732421875,-0.069580078125,0.048095703125,-0.024169921875,-0.06396484375,0.020263671875,0.027587890625,-0.091796875,-0.10693359375,0.04248046875,0.0703125,-0.05859375,-0.055419921875,0.060302734375,0.02099609375,-0.1123046875,-0.1123046875,-0.06689453125,0.06396484375,0.0244140625,-0.089599609375,-0.04541015625,0.097900390625,0.0439453125,-0.08642578125,-0.049560546875,0.05029296875,-0.00146484375,-0.105224609375,-0.0126953125,0.096435546875,0.016845703125,-0.0712890625,0.06640625,-0.028076171875,-0.096923828125,0.00048828125,0.051025390625,-0.05078125,-0.0849609375,0.030517578125,0.046142578125,-0.06005859375,-0.066650390625,0.0537109375,0.0400390625,-0.080078125,-0.048095703125,0.0712890625,0.0712890625,0.017333984375,-0.10546875,-0.05712890625,0.05859375,0.01025390625,-0.0888671875,-0.021484375,0.0791015625,0.01611328125,-0.08203125,-0.00830078125,0.066650390625,-0.030517578125,-0.099365234375,0.0615234375,-0.040771484375,-0.083740234375,0.039306640625,0.073486328125,-0.0615234375,-0.103759765625,0.031005859375,0.04833984375,-0.079833984375,-0.07861328125,0.05419921875,0.0478515625,-0.054931640625,-0.04052734375,0.0400390625,0.0400390625,0.00146484375,-0.07470703125,-0.007568359375,0.094970703125,0.0126953125,-0.102783203125,-0.023193359375,0.064697265625,-0.0234375,-0.0986328125,0.00732421875,0.088623046875,-0.013916015625,0.007568359375,0.0419921875,-0.06787109375,-0.08642578125,0.038330078125,0.030517578125,-0.077392578125,-0.064208984375,0.055419921875,0.04296875,-0.076171875,-0.06298828125,0.057373046875,0.02783203125,-0.0908203125,-0.0458984375,0.048095703125,0.048095703125,-0.015869140625,-0.077880859375,0.0224609375,0.097412109375,-0.0107421875,-0.10693359375,-0.0009765625,0.082763671875,-0.04296875,-0.10791015625,0.0400390625,0.109130859375,-0.12158203125,0.0322265625,0.076171875,-0.060302734375,-0.090087890625,0.04296875,0.049072265625,-0.088134765625,-0.072265625,0.069091796875,0.031005859375,-0.1162109375,-0.0703125,0.072265625,0.033447265625,-0.081298828125,-0.03955078125,0.07763671875,0.012451171875,0.012451171875,-0.11181640625,-0.022216796875,0.097900390625,0.0009765625,-0.11767578125,-0.02294921875,0.089599609375,-0.008056640625,0.007080078125,0.0771484375,-0.042724609375,-0.105224609375,0.026123046875,0.084228515625,-0.0419921875,-0.080810546875,0.034912109375,0.0185546875,0.0185546875,-0.0966796875,-0.04541015625,0.09033203125,-0.114990234375,-0.06005859375,0.08447265625,0.033935546875,-0.0927734375,-0.03564453125,0.062744140625,-0.0009765625,-0.082763671875,-0.010498046875,-0.010498046875,0.07763671875,-0.00634765625,-0.071533203125,0.07275390625,-0.053466796875,-0.09814453125,0.0107421875,0.039306640625,-0.07373046875,-0.0732421875,0.069580078125,0.053466796875,-0.080322265625,-0.080322265625,-0.05810546875,0.059814453125,0.028564453125,-0.053466796875,0.07177734375,-0.0029296875,-0.12451171875,-0.04443359375,0.080810546875,0.012939453125,-0.0966796875,-0.0146484375,0.0966796875,0.0966796875,-0.015869140625,-0.1240234375,0.0712890625,-0.025390625,-0.08203125,0.031005859375,0.0732421875,-0.0517578125,-0.085693359375,0.061767578125,0.066162109375,-0.095947265625,-0.095947265625,-0.087158203125,0.044921875,0.01611328125,-0.039306640625,0.11865234375,0.0537109375,-0.106201171875,-0.063232421875,0.072509765625,-0.0146484375,-0.14208984375,-0.013671875,0.141357421875,0.025390625,0.025390625,-0.120849609375,-0.017822265625,-0.02685546875,-0.12939453125,0.006103515625,0.09814453125,-0.02880859375,-0.098388671875,0.05419921875,0.113037109375,-0.055908203125,-0.12744140625,0.00537109375,0.00537109375,0.03662109375,-0.0966796875,0.09423828125,0.055908203125,-0.07958984375,-0.059814453125,0.050048828125,-0.02099609375,-0.146240234375,-0.0615234375,0.104736328125,0.0458984375,0.0458984375,-0.087890625,-0.00048828125,-0.023681640625,-0.151123046875,-0.03076171875,0.080078125,-0.0263671875,-0.083740234375,0.05712890625,0.096435546875,-0.0673828125,-0.1005859375,-0.1005859375,0.056884765625,-0.098388671875,-0.110595703125,0.081298828125,0.093017578125,-0.078857421875,-0.077392578125,0.07861328125,0.042236328125,-0.121826171875,-0.090087890625,0.056640625,0.056640625,0.022705078125,0.00537109375,0.104248046875,-0.020751953125,-0.140625,-0.031982421875,0.061767578125,-0.06982421875,-0.109619140625,0.083740234375,0.1259765625,0.1259765625,-0.063720703125,0.064208984375,0.0712890625,-0.10107421875,-0.0908203125,0.06640625,0.02197265625,-0.118408203125,-0.04443359375,0.104248046875,0.046630859375,-0.098388671875,-0.098388671875,0.0703125,-0.0185546875,-0.143798828125,-0.015625,0.1259765625,-0.002197265625,-0.12939453125,-0.01171875,0.076904296875,-0.062255859375,-0.13037109375,0.0478515625,0.0478515625,-0.020751953125,-0.09521484375,0.03662109375,0.038818359375,-0.09228515625,-0.076904296875,0.0751953125,0.0654296875,-0.089599609375,-0.05517578125,0.087890625,0.087890625,-0.124755859375,-0.044189453125,0.11328125,-0.001953125,-0.147216796875,-0.0224609375,0.11474609375,-0.015380859375,-0.144775390625,-0.017333984375,0.1162109375,-0.003662109375,-0.003662109375,0.010986328125,0.088623046875,-0.072021484375,-0.135986328125,0.009521484375,0.079345703125,-0.04443359375,-0.072509765625,0.072998046875,0.0830078125,-0.062744140625,-0.07177734375,0.044677734375,0.044677734375,-0.088134765625,-0.0654296875,0.0654296875,0.01318359375,-0.065673828125,0.019775390625,0.07861328125,-0.029052734375,-0.122314453125,-0.030029296875,0.0634765625,-0.03173828125,-0.097412109375,0.0341796875,0.0341796875,-0.0537109375,-0.12646484375,0.02978515625,0.072998046875,-0.084228515625,-0.0888671875,0.07275390625,0.053955078125,-0.09423828125,-0.06591796875,0.05810546875,0.0205078125,-0.085205078125,-0.017333984375,0.09130859375,0.0029296875,-0.11083984375,-0.008544921875,0.09521484375,-0.033203125,-0.119873046875,0.0078125,0.0810546875,-0.056640625,-0.118896484375,0.035400390625,0.103759765625,-0.054443359375,-0.10107421875,0.05126953125,0.06298828125,-0.08056640625,-0.07958984375,0.047119140625,0.04052734375,-0.0751953125,-0.039794921875,0.061767578125,0.01123046875,-0.092041015625,-0.032470703125,0.0693359375,-0.003173828125,-0.06787109375,0.0380859375,0.082275390625,-0.038330078125,-0.104736328125,-0.016357421875,0.04248046875,-0.023193359375,-0.070068359375,0.017578125,0.072998046875,-0.03955078125,-0.07470703125,0.021728515625,0.024169921875,-0.0751953125,-0.07373046875,0.005615234375,0.01708984375,-0.021728515625,-0.00927734375,0.00830078125,0.013671875,-0.04833984375,-0.0556640625,0.06201171875,0.02880859375,-0.093994140625,-0.03759765625,0.060302734375,-0.0107421875,-0.0830078125,0.010009765625,0.060791015625,-0.005615234375,-0.047607421875,-0.006591796875,0.033447265625,-0.0078125,-0.03955078125,-0.003173828125,-0.0185546875,-0.05712890625,-0.00146484375,0.04248046875,0.009765625,-0.029052734375,-0.01025390625,-0.013427734375,-0.04296875,-0.071044921875,-0.04150390625,0.033203125,0.041015625,-0.043701171875,-0.04296875,0.025146484375,0.007080078125,-0.038818359375,-0.01904296875,0.013671875,-0.012451171875,-0.02587890625,-0.025390625,-0.025390625,-0.028564453125,-0.017333984375,-0.017333984375,0.005615234375,0.01025390625,-0.006103515625,0.006103515625,0.01220703125,-0.032470703125,-0.065185546875,-0.027099609375,-0.007080078125,-0.007080078125,-0.03125,0.017333984375,0.0146484375,-0.050048828125,-0.039794921875,-0.00048828125,0.005859375,-0.026123046875,-0.02783203125,0.005615234375,-0.02294921875,-0.02294921875,-0.017578125,0.01416015625,-0.008544921875,-0.038818359375,-0.01513671875,0.024658203125,0.006591796875,-0.027587890625,-0.023193359375,-0.0283203125,-0.03955078125,-0.010498046875,-0.010498046875,0.028564453125,0.02734375,-0.00341796875,-0.0322265625,-0.047607421875,-0.03955078125,-0.042236328125,-0.03173828125,0.0234375,0.04150390625,0.000732421875,-0.00634765625,-0.00634765625,-0.039306640625,-0.07763671875,-0.042724609375,0.000732421875,0.001220703125,0.0126953125,0.036376953125,0.047607421875,0.006591796875,-0.0576171875,-0.021728515625,-0.030029296875,-0.030029296875,-0.00830078125,0.043212890625,0.049072265625,-0.001220703125,-0.0390625,-0.03271484375,-0.06396484375,-0.033203125,-0.010498046875,-0.01611328125,-0.010986328125,-0.0068359375,-0.003173828125,-0.00634765625,-0.00634765625,-0.022216796875,0.00732421875,0.009521484375,-0.029541015625,-0.022705078125,-0.016357421875,-0.0302734375,-0.015625,-0.02685546875,-0.01220703125,0.04931640625,-0.013427734375,-0.010009765625,-0.010009765625,-0.014892578125,-0.0458984375,-0.046142578125,-0.020263671875,0.009033203125,0.020751953125,-0.020751953125,-0.01513671875,0.02490234375,-0.0068359375,-0.029052734375,-0.0205078125,-0.053955078125,-0.037353515625,-0.037353515625,0.01220703125,0.0078125,-0.019775390625,-0.016845703125,-0.0009765625,-0.003173828125,-0.0185546875,-0.03564453125,0.015625,0.012451171875,-0.044921875,-0.015380859375,0.024658203125,0.024658203125,0.0048828125,-0.013671875,-0.0126953125,0.00048828125,0.0078125,-0.006103515625,-0.014892578125,-0.011962890625,-0.021484375,-0.00537109375,-0.02978515625,-0.003662109375,0.018798828125,0.018798828125,-0.00830078125,-0.036865234375,-0.021484375,-0.002197265625,-0.019775390625,-0.038330078125,-0.036865234375,-0.00439453125,-0.008056640625,-0.009765625,0.01904296875,0.005126953125,-0.005859375,-0.005859375,-0.0029296875,-0.02197265625,-0.01904296875,-0.051025390625,-0.05517578125,0.00439453125,0.0185546875,0.005126953125,-0.000732421875,-0.025146484375,-0.032958984375,-0.026611328125,0.0,0.0,0.00390625,0.022705078125,0.023193359375,-0.031494140625,-0.037353515625,-0.010009765625,0.017822265625,0.00341796875,-0.029541015625,-0.028076171875,-0.007568359375,-0.0302734375,-0.0302734375,-0.006591796875,0.04443359375,0.0146484375,0.001953125,-0.016845703125,-0.072509765625,-0.023193359375,-0.01220703125,0.01513671875,0.024169921875,0.013671875,-0.0439453125,-0.0439453125,-0.04931640625,-0.062255859375,-0.039794921875,0.00244140625,-0.00439453125,0.01416015625,0.009033203125,0.0,-0.01513671875,-0.022705078125,0.025634765625,-0.02783203125,-0.02783203125,-0.035888671875,-0.01708984375,-0.054931640625,0.02880859375,-0.041015625,0.009765625,-0.00390625,0.032958984375,-0.07275390625,0.01904296875,0.0546875,-0.084228515625,-0.084228515625,0.044921875,-0.025634765625,-0.073486328125,0.065673828125,-0.015869140625,-0.021240234375,0.02783203125,-0.036865234375,-0.036865234375,-0.04443359375,-0.02392578125,-0.02392578125,0.010986328125,0.0361328125,0.025390625,0.02880859375,0.00048828125,-0.036865234375,-0.041748046875,-0.0556640625,-0.00244140625,0.0166015625,0.0263671875,0.02734375,0.02734375,0.020263671875,-0.01416015625,-0.03076171875,-0.02490234375,-0.02783203125,-0.02587890625,-0.0478515625,-0.015625,0.0146484375,0.02783203125,0.05419921875,0.05419921875,0.050537109375,0.029052734375,0.005615234375,-0.0361328125,-0.056884765625,-0.04736328125,-0.032958984375,-0.018310546875,-0.02685546875,-0.03271484375,-0.02099609375,-0.00439453125,0.01220703125,0.01220703125,0.013916015625,-0.007080078125,-0.03662109375,-0.053955078125,-0.015625,0.047119140625,-0.020751953125,-0.10595703125,-0.102783203125,-0.02392578125,0.0205078125,-0.03125,-0.07275390625,-0.07275390625,0.009033203125,0.09033203125,0.031005859375,-0.04150390625,0.003662109375,0.00537109375,-0.014404296875,-0.00146484375,-0.062744140625,-0.0009765625,-0.0048828125,-0.0888671875,0.023193359375,0.023193359375,0.11572265625,0.03759765625,-0.01806640625,-0.026611328125,-0.068359375,-0.046142578125,-0.04345703125,-0.0234375,0.068359375,0.044921875,-0.033447265625,-0.048095703125,-0.034423828125,-0.034423828125,-0.01611328125,0.00537109375,-0.014404296875,-0.00390625,0.03125,-0.0078125,-0.02001953125,0.007568359375,0.0146484375,0.000244140625,-0.0205078125,-0.0419921875,-0.044189453125,-0.044189453125,-0.007080078125,-0.007568359375,-0.01806640625,0.00439453125,0.04638671875,0.016845703125,-0.048828125,-0.05029296875,-0.016357421875,0.01904296875,-0.03466796875,-0.083984375,-0.01904296875,-0.01904296875,0.023681640625,-0.02783203125,-0.045166015625,-0.015625,0.02099609375,0.024169921875,-0.0234375,-0.05712890625,-0.06494140625,-0.0576171875,-0.009521484375,0.0400390625,0.02197265625,0.02197265625,-0.024658203125,-0.0380859375,-0.012451171875,-0.004638671875,-0.02880859375,0.0107421875,0.06884765625,0.0419921875,-0.056884765625,-0.08837890625,-0.023681640625,0.017333984375,0.01611328125,0.01611328125,0.00927734375,-0.002197265625,0.00048828125,-0.022216796875,-0.075439453125,0.053466796875,0.06689453125,-0.021728515625,-0.045654296875,0.0341796875,0.05859375,-0.0361328125,-0.111083984375,-0.111083984375,-0.027099609375,0.0810546875,-0.012939453125,-0.156005859375,0.143310546875,0.027587890625,-0.1455078125,-0.044189453125,0.126220703125,0.02978515625,-0.162353515625,-0.162353515625,-0.102783203125,0.0791015625,0.03369140625,-0.13623046875,0.108642578125,0.037841796875,-0.116943359375,-0.038330078125,0.099365234375,0.02783203125,-0.1005859375,-0.0380859375,-0.0380859375,0.07373046875,0.00732421875,-0.0927734375,-0.04638671875,0.0615234375,-0.039794921875,-0.012451171875,0.0400390625,-0.00390625,-0.04443359375,-0.017822265625,0.008056640625,0.008056640625,-0.020751953125,-0.04150390625,-0.015869140625,0.03369140625,-0.007568359375,-0.006591796875,0.012451171875,-0.002685546875,-0.014892578125,-0.02880859375,-0.06005859375,-0.058837890625,-0.058837890625,-0.019775390625,0.00439453125,-0.0048828125,0.0556640625,0.00341796875,-0.06689453125,-0.02685546875,0.0498046875,0.01123046875,-0.097900390625,-0.092529296875,-0.092529296875,0.00341796875,-0.00927734375,-0.08154296875,0.09130859375,0.046142578125,-0.089111328125,-0.04736328125,0.074462890625,0.020263671875,-0.126220703125,-0.0771484375,0.04638671875,0.04638671875,-0.00732421875,-0.083984375,0.062744140625,0.029052734375,-0.03271484375,0.000732421875,0.04150390625,-0.005126953125,-0.065185546875,-0.027587890625,0.0048828125,-0.032958984375,-0.032958984375,-0.06005859375,0.031494140625,0.1123046875,-0.064208984375,-0.001953125,0.036865234375,-0.034423828125,-0.04833984375,0.026123046875,-0.01220703125,-0.10009765625,-0.037841796875,0.07470703125,0.07470703125,0.034423828125,-0.068603515625,0.076904296875,0.02587890625,-0.10546875,-0.081787109375,0.039306640625,0.003173828125,-0.1171875,-0.062255859375,0.082275390625,0.062255859375,-0.071044921875,-0.071044921875,-0.05126953125,0.07568359375,-0.1181640625,-0.07861328125,0.037353515625,-0.015380859375,-0.098876953125,-0.029541015625,0.06005859375,-0.005126953125,-0.04150390625,0.049072265625,0.054931640625,0.054931640625,-0.079833984375,-0.08642578125,0.021240234375,-0.09814453125,-0.0576171875,0.081298828125,0.015625,-0.080810546875,0.007568359375,0.100341796875,0.007080078125,-0.078369140625,-0.00048828125,-0.00048828125,0.0302734375,-0.054931640625,-0.004638671875,0.037109375,-0.013427734375,-0.0283203125,0.044189453125,0.058349609375,-0.02587890625,-0.069091796875,0.020751953125,0.026123046875,-0.0927734375,-0.08154296875,0.028564453125,0.028564453125,0.031494140625,-0.025146484375,0.076416015625,0.010009765625,-0.084716796875,-0.018310546875,0.042724609375,-0.054443359375,-0.119873046875,-0.005859375,0.075927734375,-0.02001953125,-0.083740234375,-0.083740234375,0.0126953125,-0.02734375,-0.09716796875,0.0185546875,0.082275390625,-0.0556640625,-0.1103515625,0.026123046875,0.068603515625,-0.065673828125,-0.083251953125,0.058837890625,0.0537109375,-0.076171875,-0.076171875,0.060546875,-0.001708984375,-0.11376953125,-0.029052734375,0.082763671875,-0.008544921875,-0.111572265625,-0.011474609375,0.07666015625,-0.016845703125,-0.078857421875,0.0166015625,0.0166015625,-0.03173828125,-0.09033203125,0.014404296875,0.06787109375,-0.040283203125,-0.078125,0.02685546875,0.060546875,-0.031494140625,-0.053955078125,0.030029296875,0.030029296875,-0.05908203125,-0.047607421875,0.045654296875,0.033447265625,-0.083251953125,-0.068115234375,0.039306640625,0.01123046875,-0.078125,-0.017822265625,0.064208984375,-0.0205078125,-0.0205078125,-0.005126953125,0.07470703125,-0.030029296875,-0.107666015625,0.001220703125,0.065673828125,-0.030517578125,-0.0634765625,0.0361328125,0.0654296875,-0.042236328125,-0.071044921875,0.030029296875,0.068115234375,-0.04345703125,-0.093505859375,0.0009765625,0.033447265625,-0.046875,-0.04052734375,0.058349609375,0.033447265625,-0.080078125,-0.051025390625,-0.051025390625,0.010498046875,-0.09716796875,-0.04052734375,0.05029296875,-0.015869140625,-0.094970703125,-0.0068359375,0.084716796875,-0.001220703125,-0.076171875,0.009765625,0.07421875,-0.0107421875,-0.096435546875,-0.031494140625,0.03369140625,-0.0283203125,-0.05517578125,0.027099609375,0.072509765625,-0.011962890625,-0.065185546875,0.02490234375,0.05712890625,-0.03369140625,-0.052490234375,0.027587890625,0.00927734375,-0.090576171875,-0.057861328125,0.0458984375,0.031005859375,-0.0615234375,-0.031005859375,0.0537109375,-0.004638671875,-0.0830078125,-0.0283203125,0.04443359375,0.001953125,-0.081298828125,-0.02392578125,0.055908203125,-0.0078125,-0.06689453125,-0.00244140625,0.06396484375,-0.001708984375,-0.0625,-0.014892578125,0.013427734375,-0.04150390625,-0.076416015625,-0.00439453125,0.045166015625,-0.012451171875,-0.009521484375,0.03955078125,0.0048828125,-0.065185546875,-0.046875,0.025146484375,-0.009033203125,-0.0908203125,-0.04150390625,0.04248046875,-0.0087890625,-0.068603515625,0.016357421875,0.085693359375,-0.009033203125,-0.087646484375,-0.014404296875,0.062255859375,-0.015625,-0.0947265625,-0.003662109375,0.0556640625,-0.018798828125,-0.05712890625,0.021728515625,0.064208984375,-0.027099609375,-0.0498046875,0.036376953125,0.022216796875,-0.1005859375,-0.10205078125,0.0263671875,0.030029296875,-0.073486328125,-0.03369140625,0.07958984375,0.03515625,-0.083984375,-0.037109375,0.070556640625,0.011962890625,-0.10400390625,-0.067138671875,0.03173828125,-0.00732421875,-0.0869140625,0.0,0.08935546875,0.001708984375,-0.0625,0.012939453125,0.04443359375,-0.046142578125,-0.06787109375,0.02294921875,0.042724609375,-0.063720703125,-0.0771484375,0.034912109375,0.045654296875,-0.050048828125,-0.02734375,0.08349609375,0.037841796875,-0.09765625,-0.0849609375,0.006591796875,-0.0322265625,-0.0810546875,0.01953125,0.1025390625,0.0009765625,-0.099365234375,-0.0146484375,0.04296875,-0.025390625,-0.047607421875,0.03466796875,-0.05322265625,-0.05322265625,-0.096435546875,-0.01220703125,0.02392578125,-0.01806640625,-0.011962890625,0.069580078125,0.05517578125,-0.067626953125,-0.07373046875,0.0107421875,-0.071044921875,-0.01904296875,-0.01904296875,0.064453125,0.011474609375,-0.07763671875,-0.034423828125,0.049560546875,-0.004150390625,-0.08447265625,0.007568359375,0.08251953125,-0.027099609375,-0.040283203125,-0.040283203125,0.051513671875,0.0068359375,-0.036865234375,0.036376953125,0.0712890625,-0.04248046875,-0.08544921875,0.012939453125,0.05322265625,-0.03955078125,0.03076171875,0.053955078125,0.053955078125,-0.0498046875,-0.06298828125,0.034912109375,0.0107421875,-0.08154296875,-0.03662109375,0.065185546875,0.025146484375,-0.087158203125,-0.06787109375,0.000244140625,-0.064208984375,-0.064208984375,-0.019287109375,0.049560546875,0.005859375,-0.0537109375,0.00439453125,0.065185546875,-0.017578125,-0.1015625,-0.037353515625,0.009033203125,-0.037109375,-0.037109375,0.020751953125,0.061767578125,-0.01025390625,-0.071533203125,-0.001953125,0.053466796875,-0.030029296875,-0.078857421875,-0.016357421875,-0.0341796875,-0.04150390625,0.0185546875,0.0185546875,0.022705078125,-0.03857421875,-0.028076171875,0.029296875,0.025390625,-0.051025390625,-0.064208984375,-0.001708984375,-0.011474609375,-0.0205078125,0.044921875,0.01904296875,0.01904296875,-0.0361328125,-0.012451171875,0.021728515625,0.00439453125,-0.035888671875,-0.02392578125,-0.003662109375,-0.025146484375,-0.02587890625,0.021728515625,-0.011474609375,-0.03515625,-0.03515625,0.01318359375,0.012451171875,-0.0263671875,-0.02001953125,-0.011962890625,-0.049560546875,-0.08154296875,-0.021728515625,0.0390625,0.02587890625,-0.001220703125,0.020751953125,-0.022705078125,-0.022705078125,-0.060791015625,-0.017333984375,0.028564453125,-0.02099609375,-0.062255859375,-0.003173828125,0.0390625,0.005615234375,-0.028564453125,0.004638671875,-0.004150390625,-0.02001953125,0.000244140625,0.000244140625,0.0,-0.055908203125,-0.07861328125,-0.01513671875,0.021240234375,-0.021240234375,-0.02099609375,0.01708984375,0.0048828125,-0.046875,0.018798828125,-0.017578125,-0.065673828125,-0.026123046875,-0.026123046875,0.02099609375,0.00537109375,-0.02880859375,-0.0078125,0.00244140625,-0.03271484375,-0.025390625,0.0185546875,-0.01513671875,-0.050537109375,-0.017578125,0.001953125,-0.01953125,-0.01953125,-0.020751953125,0.012939453125,0.015380859375,-0.024658203125,-0.02001953125,0.01708984375,-0.00439453125,-0.051513671875,-0.013916015625,-0.021240234375,-0.03515625,0.009521484375,0.03564453125,0.03564453125,-0.0087890625,-0.067626953125,-0.032470703125,0.02880859375,0.013427734375,-0.009521484375,-0.000732421875,-0.014892578125,-0.0419921875,0.00048828125,0.02734375,-0.011962890625,-0.030517578125,-0.030517578125,0.02197265625,0.02978515625,-0.03271484375,-0.03857421875,0.01123046875,-0.013671875,-0.061279296875,-0.02685546875,0.0224609375,-0.0439453125,-0.0517578125,-0.0068359375,-0.00537109375,-0.00537109375,-0.039306640625,-0.00830078125,0.006591796875,-0.032958984375,-0.041259765625,-0.00830078125,0.01513671875,-0.02978515625,0.008056640625,0.014404296875,-0.02978515625,-0.029541015625,-0.029541015625,0.0283203125,0.024658203125,-0.037841796875,-0.037353515625,0.0068359375,-0.006103515625,-0.0322265625,0.037109375,-0.015380859375,-0.0673828125,-0.03173828125,0.01611328125,0.01611328125,-0.02783203125,-0.054931640625,0.005859375,0.056396484375,0.01611328125,-0.04931640625,0.00439453125,-0.03515625,-0.0341796875,0.031005859375,0.033203125,0.033203125,-0.063232421875,-0.091064453125,0.009033203125,0.048828125,-0.006591796875,-0.02392578125,0.037353515625,-0.047119140625,-0.079833984375,-0.002685546875,0.017333984375,-0.06494140625,-0.06494140625,-0.070556640625,0.034912109375,0.06201171875,-0.044921875,-0.06396484375,0.023193359375,-0.043212890625,-0.037109375,0.033935546875,0.010498046875,-0.080322265625,-0.07958984375,-0.07958984375,-0.006591796875,0.01611328125,-0.01171875,0.004638671875,0.042236328125,-0.04052734375,-0.025634765625,0.020263671875,-0.00732421875,-0.0419921875,-0.03466796875,-0.03466796875,-0.008056640625,-0.005615234375,-0.0205078125,0.0107421875,0.032958984375,0.003173828125,-0.017822265625,-0.006103515625,-0.018798828125,-0.032958984375,-0.029052734375,-0.034912109375,-0.034912109375,-0.0419921875,0.0,0.02197265625,-0.00830078125,-0.02978515625,0.026611328125,-0.000732421875,-0.029296875,-0.00537109375,0.008056640625,-0.03369140625,-0.054443359375,0.00537109375,0.00537109375,0.046142578125,-0.00830078125,-0.039306640625,0.002197265625,0.01318359375,-0.0244140625,0.00830078125,-0.01904296875,-0.090087890625,-0.083984375,0.01953125,0.071533203125,0.01123046875,0.01123046875,-0.03271484375,-0.009521484375,-0.028564453125,-0.06640625,-0.014892578125,0.007568359375,-0.069580078125,-0.05859375,-0.00244140625,0.0126953125,-0.01708984375,-0.011474609375,0.0234375,0.0234375,0.007080078125,-0.011474609375,0.01806640625,0.020751953125,-0.03759765625,-0.04052734375,0.00390625,0.024169921875,0.046875,0.041259765625,-0.018798828125,-0.072021484375,-0.0341796875,-0.0341796875,0.027587890625,-0.001708984375,-0.05810546875,-0.04052734375,-0.0078125,-0.0478515625,0.019775390625,0.056396484375,-0.002685546875,-0.05419921875,-0.00439453125,0.051513671875,-0.006103515625,-0.006103515625,-0.063232421875,-0.0439453125,-0.02490234375,-0.033203125,0.043701171875,0.058837890625,-0.020751953125,-0.055908203125,0.00146484375,0.03955078125,-0.005126953125,-0.036376953125,-0.014892578125,-0.014892578125,-0.02490234375,-0.05078125,-0.005615234375,0.059814453125,-0.02978515625,-0.014404296875,0.02294921875,-0.015380859375,-0.074951171875,-0.056396484375,-0.02880859375,-0.055419921875,-0.0439453125,-0.0439453125,0.040283203125,0.060546875,-0.0048828125,-0.053955078125,0.027587890625,0.010986328125,-0.02001953125,-0.00634765625,0.004150390625,-0.0439453125,-0.0634765625,0.00146484375,0.041259765625,0.004638671875,0.004638671875,0.00048828125,0.009521484375,-0.0146484375,-0.012939453125,-0.004638671875,-0.045654296875,-0.067138671875,-0.0107421875,0.048583984375,0.014892578125,-0.037109375,0.008056640625,0.008056640625,0.031005859375,-0.0126953125,-0.02685546875,0.0283203125,-0.0380859375,-0.133056640625,-0.083740234375,0.0341796875,0.05908203125,0.037353515625,0.0283203125,-0.01025390625,-0.01025390625,-0.064453125,-0.0537109375,0.017822265625,-0.0283203125,-0.060302734375,-0.0185546875,0.006591796875,-0.021728515625,-0.005615234375,0.0283203125,-0.006103515625,-0.05126953125,-0.05126953125,-0.00927734375,0.04150390625,-0.095703125,-0.072509765625,0.006103515625,0.015625,-0.0048828125,0.022705078125,0.0322265625,-0.0205078125,-0.0546875,-0.01611328125,-0.01611328125,0.040771484375,0.006591796875,-0.054443359375,0.02587890625,0.027587890625,-0.005859375,0.00830078125,0.00341796875,-0.04833984375,-0.05712890625,0.0078125,0.0078125,0.047119140625,0.014404296875,-0.0634765625,-0.066162109375,-0.064453125,-0.0146484375,0.043701171875,0.0263671875,-0.011474609375,0.0107421875,0.032958984375,-0.01513671875,-0.01513671875,-0.052734375,-0.0205078125,-0.020263671875,-0.035400390625,0.008544921875,0.039306640625,-0.02001953125,-0.082275390625,-0.02734375,0.05908203125,0.03466796875,0.03466796875,-0.008056640625,-0.007080078125,-0.07177734375,-0.03564453125,0.04833984375,0.057861328125,-0.016357421875,-0.06689453125,-0.02490234375,-0.002685546875,-0.0283203125,0.005859375,0.04150390625,-0.032470703125,-0.032470703125,-0.097900390625,0.013671875,0.013427734375,-0.031005859375,-0.035400390625,0.018798828125,0.051025390625,0.023193359375,0.005126953125,-0.013916015625,-0.084716796875,-0.07666015625,0.0224609375,0.0224609375,0.076171875,-0.045166015625,-0.07275390625,-0.05078125,-0.01025390625,0.02294921875,0.0546875,0.0,-0.083984375,-0.0634765625,0.0087890625,0.013427734375,0.013427734375,-0.01513671875,0.025390625,-0.0146484375,-0.028076171875,0.044189453125,0.05859375,-0.034912109375,-0.13916015625,-0.079345703125,0.05810546875,0.041015625,-0.044677734375,-0.02685546875,0.018310546875,0.018310546875,-0.050048828125,0.040283203125,0.107177734375,0.04541015625,-0.098388671875,-0.107421875,0.0166015625,0.058349609375,-0.000732421875,-0.016845703125,-0.017333984375,-0.0400390625,-0.04736328125,-0.04736328125,0.02197265625,0.027587890625,-0.042724609375,-0.095458984375,-0.070556640625,-0.01025390625,0.046142578125,0.052978515625,-0.008544921875,-0.036865234375,0.010498046875,0.00390625,-0.040283203125,-0.040283203125,-0.00390625,0.035888671875,0.00732421875,-0.07177734375,-0.047607421875,0.010986328125,-0.009521484375,-0.022216796875,0.02783203125,0.069580078125,0.043701171875,-0.048828125,-0.121826171875,-0.04833984375,0.04150390625,-0.005126953125,-0.0537109375,0.00048828125,0.09326171875,0.1005859375,-0.0400390625,-0.114990234375,-0.01025390625,0.091552734375,0.070068359375,-0.01806640625,-0.01806640625,-0.058349609375,-0.0341796875,-0.0673828125,-0.043212890625,0.03369140625,0.054931640625,0.025390625,-0.036376953125,-0.058837890625,0.016357421875,0.033935546875,-0.034423828125,-0.02294921875,0.00244140625,-0.0068359375,0.0087890625,-0.045654296875,-0.109130859375,-0.06103515625,0.005615234375,0.01708984375,0.014404296875,0.015625,-0.044677734375,-0.07080078125,-0.040771484375,-0.01318359375,0.00634765625,0.013671875,0.02197265625,-0.001708984375,-0.0341796875,-0.033203125,-0.0166015625,0.0029296875,-0.00244140625,-0.01123046875,0.013427734375,0.007568359375,0.001708984375,-0.032958984375,-0.0361328125,0.009033203125,0.001708984375,-0.00537109375,-0.001220703125,-0.037109375,0.001953125,0.0390625,-0.038330078125,-0.019287109375,0.015625,-0.03076171875,0.031005859375,0.037109375,-0.084716796875,-0.016845703125,0.05908203125,-0.043212890625,-0.0263671875,0.0322265625,-0.048828125,-0.029296875,0.047607421875,-0.012939453125,-0.04736328125,-0.033203125,-0.0478515625,-0.01220703125,0.0166015625,-0.019775390625,-0.0107421875,0.022216796875,0.011962890625,-0.0078125,-0.035888671875,-0.049560546875,-0.0263671875,-0.01220703125,-0.01806640625,-0.012451171875,-0.008056640625,-0.020751953125,-0.034423828125,-0.051025390625,-0.031005859375,0.029541015625,0.0341796875,0.001953125,0.000244140625,-0.0009765625,0.001708984375,0.0048828125,-0.00830078125,-0.001220703125,0.01513671875,0.005126953125,-0.01708984375,-0.0234375,-0.02197265625,-0.03955078125,-0.03955078125,-0.036865234375,-0.0166015625,0.01220703125,0.0078125,-0.01708984375,-0.034423828125,-0.02978515625,0.007080078125,0.044677734375,0.02880859375,-0.013671875,-0.017822265625,-0.07177734375,-0.07177734375,-0.052978515625,0.002197265625,-0.022216796875,-0.0234375,0.023681640625,-0.038818359375,-0.053466796875,0.05126953125,-0.01708984375,-0.00830078125,0.06640625,-0.05078125,0.001220703125,0.001220703125,-0.086181640625,0.0107421875,-0.0947265625,-0.048095703125,-0.026123046875,-0.02392578125,0.04931640625,0.027587890625,0.045166015625,-0.026611328125,-0.030517578125,0.008056640625,0.000732421875,0.000732421875,-0.022216796875,-0.029296875,-0.0068359375,-0.0390625,-0.011474609375,-0.03515625,0.013671875,0.032958984375,0.004150390625,-0.0078125,-0.044921875,-0.017578125,-0.0185546875,-0.0185546875,0.025634765625,-0.0029296875,0.010986328125,-0.0009765625,-0.00146484375,0.0048828125,-0.009765625,-0.02392578125,-0.038330078125,-0.05615234375,-0.066162109375,0.0439453125,0.040771484375,0.040771484375,0.00048828125,0.0166015625,-0.024658203125,-0.041748046875,-0.026123046875,-0.017822265625,0.058349609375,0.025634765625,-0.02587890625,-0.009765625,-0.0380859375,-0.0068359375,-0.02734375,-0.02734375,-0.011962890625,-0.039306640625,-0.040771484375,-0.031005859375,-0.013916015625,0.00048828125,0.0302734375,0.0390625,-0.02197265625,-0.036865234375,-0.031494140625,0.01220703125,-0.04296875,-0.0126953125,-0.0126953125,-0.0126953125,-0.028076171875,-0.03125,-0.073486328125,-0.048583984375,0.009765625,0.008056640625,-0.0146484375,0.032958984375,-0.00732421875,-0.014892578125,-0.014892578125,-0.0283203125,-0.0380859375,-0.01611328125,-0.026611328125,-0.032958984375,-0.032958984375,-0.017822265625,-0.00732421875,-0.0078125,-0.0087890625,0.020751953125,0.010986328125,0.010986328125,-0.00927734375,0.001708984375,0.017578125,0.001708984375,-0.00244140625,-0.003173828125,0.009521484375,-0.004150390625,-0.01025390625,-0.04638671875,-0.002685546875,0.0087890625,0.0087890625,-0.0078125,0.02392578125,0.006103515625,0.001708984375,-0.0087890625,-0.036865234375,-0.03125,-0.02001953125,-0.016357421875,-0.029296875,-0.014892578125,-0.0302734375,-0.0302734375,-0.03857421875,-0.034423828125,-0.033203125,-0.0205078125,-0.0234375,-0.04833984375,-0.041748046875,-0.00927734375,-0.000244140625,0.017333984375,0.019775390625,0.019775390625,-0.000732421875,-0.01171875,-0.026123046875,-0.025634765625,-0.041015625,-0.043701171875,-0.0224609375,0.037841796875,0.060791015625,0.008544921875,-0.000244140625,-0.02978515625,-0.052734375,-0.052734375,-0.0390625,0.0009765625,0.03125,0.021240234375,0.016845703125,0.00439453125,0.002685546875,0.00341796875,-0.05810546875,-0.055908203125,-0.03564453125,-0.01953125,-0.01953125,-0.002197265625,0.046875,0.03173828125,-0.017578125,-0.02294921875,-0.016845703125,-0.04248046875,-0.043701171875,-0.02099609375,-0.015625,-0.034423828125,-0.01220703125,0.013427734375,0.013427734375,-0.005859375,-0.046142578125,-0.037109375,-0.0078125,-0.022216796875,-0.038818359375,-0.006103515625,0.005126953125,-0.010009765625,-0.023681640625,-0.016845703125,-0.002197265625,0.0146484375,0.0146484375,0.021484375,0.002685546875,-0.017333984375,-0.01416015625,-0.001953125,-0.03466796875,-0.03076171875,-0.000732421875,0.010009765625,-0.024169921875,0.02001953125,0.05126953125,-0.01806640625,-0.060302734375,-0.060302734375,-0.011474609375,0.013916015625,-0.022216796875,-0.052490234375,-0.01953125,0.022216796875,-0.00634765625,-0.05517578125,0.038818359375,-0.002685546875,-0.052001953125,-0.017822265625,0.007568359375,0.007568359375,-0.04541015625,-0.066162109375,-0.002197265625,0.01904296875,-0.0146484375,-0.0361328125,0.0185546875,0.0341796875,-0.060791015625,0.022216796875,0.015625,-0.05859375,-0.0322265625,-0.0322265625,0.046630859375,0.0263671875,-0.018310546875,-0.004150390625,0.04052734375,-0.013427734375,-0.076171875,0.023193359375,-0.045654296875,-0.067626953125,0.03271484375,0.053955078125,-0.039306640625,-0.039306640625,-0.03173828125,0.049072265625,0.012451171875,-0.068115234375,-0.058837890625,0.04150390625,0.0244140625,-0.03955078125,0.0458984375,0.01904296875,-0.0673828125,-0.03759765625,0.039794921875,0.039794921875,-0.021240234375,-0.08935546875,-0.018798828125,0.084228515625,0.0224609375,-0.101318359375,-0.04443359375,0.005126953125,-0.10400390625,-0.04150390625,0.087890625,-0.010498046875,-0.119384765625,-0.119384765625,-0.006591796875,0.079345703125,-0.016845703125,-0.1201171875,0.008056640625,0.08154296875,-0.07275390625,0.08642578125,0.080322265625,-0.103271484375,-0.11865234375,0.0771484375,0.0771484375,0.0869140625,-0.059814453125,-0.038818359375,0.102783203125,0.045654296875,-0.087158203125,0.10693359375,0.059326171875,-0.13134765625,-0.072509765625,0.114501953125,0.0537109375,0.0537109375,-0.115478515625,-0.042724609375,0.08056640625,-0.017822265625,-0.140625,0.1005859375,0.001708984375,-0.11181640625,0.01025390625,0.076416015625,-0.06591796875,-0.06591796875,-0.140380859375,0.0390625,0.122802734375,-0.064453125,-0.13720703125,0.115478515625,-0.088623046875,-0.146240234375,0.0634765625,0.07421875,0.062744140625,-0.091064453125,0.117431640625,0.107421875,-0.097900390625,-0.12060546875,-0.12060546875,0.053466796875,0.041748046875,-0.123046875,-0.0341796875,0.141845703125,-0.11279296875,-0.04541015625,0.081787109375,-0.03173828125,-0.169677734375,-0.03662109375,0.116943359375,0.116943359375,-0.01025390625,-0.129150390625,0.071533203125,0.179443359375,-0.169921875,0.02587890625,0.126953125,-0.092529296875,-0.165771484375,0.0615234375,0.13134765625,-0.06005859375,-0.06005859375,-0.1005859375,0.072265625,0.079833984375,-0.109130859375,0.049560546875,0.070556640625,-0.091552734375,-0.073974609375,0.08251953125,0.029296875,-0.162841796875,-0.162841796875,-0.076171875,0.104736328125,0.005859375,-0.13427734375,-0.005615234375,0.0205078125,-0.18603515625,-0.056396484375,0.1279296875,-0.013671875,-0.185546875,-0.00244140625,0.192626953125,0.0400390625,0.0400390625,-0.1298828125,0.00732421875,0.11962890625,-0.03564453125,-0.00732421875,0.08447265625,-0.053955078125,-0.094970703125,0.08984375,0.11083984375,-0.087158203125,-0.1083984375,0.062255859375,0.062255859375,0.059326171875,-0.144775390625,-0.10302734375,0.11962890625,-0.12353515625,-0.08837890625,0.111083984375,0.078857421875,-0.132568359375,-0.1005859375,0.088623046875,0.0556640625,-0.110595703125,-0.110595703125,-0.035888671875,0.1162109375,0.02099609375,-0.03515625,0.074462890625,-0.020751953125,-0.097412109375,0.010986328125,0.078857421875,-0.046630859375,-0.10986328125,0.029052734375,0.0830078125,0.0830078125,-0.075927734375,-0.14111328125,0.035400390625,-0.064208984375,-0.0908203125,0.0703125,0.062744140625,-0.11328125,-0.091064453125,0.07470703125,0.067138671875,-0.10400390625,-0.085693359375,-0.085693359375,0.083251953125,0.05517578125,-0.085205078125,0.10009765625,0.0322265625,-0.1064453125,-0.023193359375,0.094970703125,-0.011474609375,-0.1220703125,-0.02099609375,0.083740234375,-0.03271484375,-0.03271484375,-0.115478515625,0.020751953125,0.088623046875,-0.11474609375,0.01708984375,0.073974609375,-0.06201171875,-0.102783203125,0.019287109375,0.044677734375,-0.08056640625,-0.069091796875,0.06396484375,0.06396484375,0.05419921875,-0.073486328125,-0.039306640625,0.026123046875,-0.113037109375,-0.04296875,0.091552734375,0.015625,-0.101806640625,-0.0078125,0.097412109375,-0.007080078125,-0.13232421875,-0.13232421875,-0.041748046875,0.09326171875,-0.078857421875,0.014892578125,0.0791015625,-0.06884765625,-0.142578125,0.010009765625,0.08056640625,-0.048095703125,-0.07177734375,-0.07177734375,0.07763671875,0.106201171875,-0.10546875,0.04296875,0.039794921875,-0.124267578125,-0.1025390625,0.087646484375,0.10302734375,-0.041748046875,-0.029296875,0.0654296875,0.0654296875,0.001708984375,-0.05224609375,0.062744140625,0.004150390625,-0.095703125,-0.035888671875,0.064453125,-0.0087890625,-0.08154296875,0.010986328125,0.057373046875,-0.0634765625,-0.0634765625,-0.078857421875,0.053466796875,-0.0703125,-0.076416015625,0.051513671875,0.050537109375,-0.087646484375,-0.083251953125,0.06494140625,0.07666015625,-0.068603515625,-0.068603515625,-0.05615234375,0.0556640625,-0.11376953125,-0.095703125,0.03955078125,0.027587890625,-0.071044921875,-0.002197265625,0.105224609375,0.021484375,-0.091796875,-0.03076171875,-0.03076171875,-0.058837890625,-0.1171875,0.01220703125,0.078857421875,-0.03515625,-0.07763671875,0.03369140625,0.0634765625,-0.06591796875,-0.08154296875,0.02001953125,0.02001953125,0.016357421875,-0.044189453125,0.056640625,0.033935546875,-0.08203125,-0.04541015625,0.072509765625,0.017333984375,-0.111572265625,-0.03173828125,0.10791015625,0.02978515625,0.02978515625,-0.03759765625,0.069091796875,-0.03564453125,-0.114013671875,-0.00244140625,0.0888671875,-0.0087890625,-0.084716796875,0.021484375,0.0810546875,-0.0478515625,-0.102783203125,0.007568359375,0.04931640625,0.04931640625,-0.079833984375,0.062255859375,0.0771484375,-0.056640625,-0.058349609375,0.05029296875,0.03662109375,-0.07470703125,-0.0595703125,0.043212890625,0.022705078125,-0.09130859375,-0.04931640625,-0.04931640625,0.040771484375,-0.1005859375,-0.048095703125,0.078857421875,0.021240234375,-0.0830078125,-0.035888671875,0.029296875,-0.058837890625,-0.112060546875,-0.00537109375,0.062255859375,0.062255859375,-0.0419921875,0.0322265625,0.043212890625,-0.060302734375,-0.068359375,0.017333984375,0.010986328125,-0.08203125,-0.039306640625,0.062255859375,0.039794921875,-0.05712890625,-0.037109375,-0.037109375,0.010009765625,-0.0771484375,-0.0234375,0.068603515625,0.0107421875,-0.077880859375,-0.023681640625,0.052490234375,-0.02392578125,-0.0849609375,-0.00732421875,0.06396484375,-0.015380859375,-0.0791015625,0.0234375,0.070068359375,-0.0517578125,-0.104736328125,-0.001220703125,0.037841796875,-0.061279296875,-0.04736328125,0.062255859375,0.060302734375,-0.062744140625,-0.06591796875,0.046142578125,0.028564453125,-0.091796875,-0.0595703125,0.05419921875,0.033935546875,-0.05859375,-0.01806640625,0.070068359375,0.000732421875,-0.1005859375,-0.04638671875,0.05517578125,0.007568359375,-0.08251953125,-0.030517578125,0.064208984375,-0.006103515625,-0.087646484375,-0.01953125,0.0517578125,-0.014892578125,-0.083984375,-0.024169921875,0.06201171875,0.01025390625,-0.06201171875,-0.02001953125,0.019287109375,-0.029541015625,-0.03759765625,0.039306640625,0.064453125,-0.024658203125,-0.054443359375,0.0302734375,0.02783203125,-0.066162109375,-0.060791015625,0.03369140625,0.013916015625,-0.080322265625,-0.04296875,0.059326171875,0.03125,-0.072509765625,-0.037109375,0.06201171875,-0.00732421875,-0.10205078125,-0.027099609375,0.05126953125,-0.038330078125,-0.092041015625,0.0126953125,0.07373046875,-0.04052734375,-0.086669921875,0.036865234375,0.06201171875,-0.070556640625,-0.09033203125,0.057861328125,0.057861328125,-0.072265625,-0.05712890625,0.067138671875,0.04345703125,-0.076171875,-0.048583984375,0.0537109375,0.01513671875,-0.0673828125,-0.01904296875,0.05224609375,-0.001708984375,-0.087158203125,-0.044921875,0.0048828125,0.0048828125,-0.068115234375,-0.00830078125,0.05859375,-0.031982421875,-0.073486328125,0.013916015625,0.03271484375,-0.056396484375,-0.060302734375,0.0234375,0.029296875,-0.053955078125,-0.033935546875,0.04443359375,-0.069580078125,-0.069580078125,-0.061279296875,0.0517578125,0.02392578125,-0.083251953125,-0.056640625,0.05029296875,0.03271484375,-0.06494140625,-0.016845703125,0.0673828125,-0.013427734375,-0.1044921875,-0.0478515625,0.00439453125,-0.088623046875,-0.088623046875,-0.0185546875,0.06982421875,0.004638671875,-0.06591796875,-0.017578125,0.031494140625,-0.035400390625,-0.073486328125,0.013671875,0.06591796875,-0.02001953125,-0.066162109375,0.00146484375,0.018310546875,-0.04736328125,-0.0302734375,0.0595703125,-0.042236328125,-0.01025390625,0.044189453125,-0.0068359375,-0.0068359375,-0.09619140625,-0.0625,0.028076171875,-0.006591796875,-0.052734375,0.005859375,0.07275390625,-0.005615234375,-0.09326171875,-0.03076171875,0.05615234375,-0.018798828125,-0.091796875,-0.009033203125,0.050048828125,-0.0234375,-0.06787109375,0.021240234375,0.067138671875,-0.031982421875,-0.079345703125,-0.00390625,0.04541015625,-0.016845703125,-0.056640625,0.015625,-0.044921875,-0.030029296875,0.0419921875,0.009765625,0.009765625,-0.0576171875,-0.04052734375,0.009521484375,-0.01318359375,-0.038330078125,0.0087890625,0.0380859375,-0.048828125,-0.09375,0.005126953125,0.053955078125,-0.03271484375,-0.056884765625,0.0380859375,0.077392578125,-0.021240234375,-0.0712890625,-0.0087890625,0.02587890625,-0.056396484375,-0.0703125,0.024169921875,0.055419921875,-0.010498046875,0.034912109375,-0.0009765625,-0.05712890625,-0.02490234375,0.030029296875,-0.002197265625,-0.0791015625,-0.0791015625,-0.038330078125,0.04931640625,-0.0009765625,-0.087646484375,-0.040283203125,0.05712890625,0.00634765625,-0.073974609375,-0.018310546875,0.056640625,-0.014892578125,-0.08154296875,-0.024658203125,0.03564453125,-0.01123046875,-0.04833984375,0.01806640625,0.051025390625,-0.028076171875,-0.052978515625,0.01171875,-0.02978515625,-0.063232421875,0.004150390625,0.01123046875,-0.030517578125,-0.001953125,0.02978515625,0.002197265625,-0.037841796875,-0.037841796875,-0.02099609375,0.023681640625,-0.026611328125,-0.088623046875,-0.040283203125,0.0556640625,-0.00439453125,-0.079345703125,0.00830078125,0.07568359375,-0.019775390625,-0.076904296875,-0.02001953125,0.049072265625,0.014404296875,-0.051025390625,-0.015625,0.02978515625,-0.02490234375,-0.06884765625,-0.0244140625,0.000732421875,0.010009765625,0.02685546875,-0.003173828125,-0.037353515625,-0.01806640625,-0.000244140625,-0.043701171875,-0.0771484375,-0.025634765625,-0.025634765625,0.061767578125,0.0234375,-0.0517578125,-0.016357421875,0.0283203125,-0.032470703125,-0.07470703125,-0.010498046875,0.05712890625,-0.013671875,-0.065185546875,0.001708984375,0.04248046875,-0.01708984375,-0.046630859375,-0.006103515625,0.010498046875,-0.029296875,-0.031005859375,0.031982421875,-0.052978515625,-0.060546875,0.02685546875,0.02587890625,-0.04150390625,-0.04248046875,0.031005859375,0.03125,-0.044921875,-0.05810546875,-0.05810546875,0.004150390625,-0.00439453125,-0.066650390625,-0.03759765625,0.043212890625,0.0068359375,-0.052001953125,0.00146484375,0.060791015625,-0.009521484375,-0.0712890625,-0.02734375,0.0107421875,-0.016357421875,-0.04052734375,0.005126953125,0.02685546875,-0.02099609375,0.028076171875,0.01220703125,-0.06298828125,-0.04052734375,0.07568359375,0.0400390625,-0.083740234375,-0.072265625,0.038330078125,0.01025390625,-0.08447265625,-0.04443359375,-0.04443359375,0.056396484375,0.029296875,-0.06005859375,-0.0283203125,0.0576171875,0.00341796875,-0.087890625,-0.05126953125,0.040283203125,0.01318359375,-0.06298828125,-0.0146484375,0.046630859375,-0.007080078125,-0.048828125,0.002685546875,0.025390625,-0.040283203125,-0.0498046875,0.0224609375,0.038330078125,-0.054443359375,-0.0791015625,0.052490234375,-0.032470703125,-0.056640625,0.015625,0.01318359375,-0.054931640625,-0.058837890625,0.000244140625,-0.007568359375,-0.026123046875,0.0078125,0.044189453125,0.000732421875,0.000732421875,-0.06787109375,-0.01806640625,0.0185546875,-0.032958984375,-0.041015625,0.017333984375,0.05419921875,-0.020263671875,-0.048095703125,0.025390625,0.03173828125,-0.058837890625,-0.0712890625,0.01513671875,0.049072265625,-0.01953125,0.0263671875,0.0068359375,-0.05517578125,-0.0546875,0.0048828125,-0.003173828125,-0.032470703125,-0.000732421875,0.04150390625,-0.012939453125,-0.06884765625,-0.006591796875,0.017333984375,-0.067138671875,-0.07177734375,-0.07177734375,0.01220703125,0.035400390625,-0.008056640625,-0.032470703125,0.018310546875,0.037109375,-0.037841796875,-0.080322265625,0.022216796875,0.08740234375,-0.00439453125,-0.096923828125,-0.03564453125,0.04296875,-0.083251953125,-0.08251953125,0.065673828125,0.095947265625,-0.02001953125,-0.090087890625,-0.011474609375,0.099609375,0.006591796875,-0.096923828125,-0.0703125,0.04345703125,0.1162109375,-0.04931640625,-0.159912109375,-0.045654296875,-0.045654296875,0.075927734375,0.092529296875,-0.0810546875,-0.125244140625,0.06982421875,0.111572265625,-0.000732421875,-0.1123046875,-0.085205078125,0.04638671875,0.03515625,-0.065185546875,-0.07568359375,0.071533203125,-0.037353515625,-0.0888671875,-0.030517578125,0.030517578125,0.088134765625,-0.0166015625,-0.089111328125,-0.030517578125,0.009033203125,0.023681640625,-0.033203125,-0.020751953125,0.001708984375,0.005859375,-0.00927734375,-0.038818359375,-0.010009765625,-0.010009765625,0.041748046875,0.013427734375,-0.027587890625,-0.056396484375,-0.01708984375,0.03857421875,-0.013671875,-0.023681640625,-0.02978515625,0.02392578125,0.015380859375,-0.023193359375,-0.072265625,-0.00146484375,-0.0498046875,-0.0234375,0.060546875,-0.010498046875,0.07958984375,-0.04541015625,-0.093505859375,0.048095703125,-0.10009765625,-0.026123046875,0.025146484375,-0.085205078125,0.0703125,0.04052734375,-0.023193359375,0.032958984375,-0.05126953125,-0.05126953125,-0.02734375,-0.015869140625,-0.070068359375,0.00634765625,0.03662109375,-0.017333984375,-0.029541015625,-0.02001953125,-0.003662109375,-0.023193359375,0.024658203125,0.05078125,0.003173828125,-0.0478515625,-0.049560546875,-0.002685546875,0.021240234375,-0.003173828125,-0.0390625,-0.0283203125,0.00634765625,-0.018798828125,-0.080078125,-0.063232421875,0.0732421875,0.10498046875,-0.069091796875,-0.127685546875,0.06298828125,0.156982421875,0.156982421875,-0.041748046875,-0.246826171875,-0.107666015625,0.175048828125,0.06982421875,-0.211181640625,-0.072509765625,0.203857421875,0.073974609375,-0.221435546875,0.15673828125,0.10302734375,-0.098876953125,-0.08349609375,0.112060546875,0.103515625,-0.099609375,-0.129638671875,0.033203125,0.0693359375,-0.030517578125,-0.043212890625,-0.039794921875,-0.03759765625,0.08349609375,0.0908203125,-0.123291015625,-0.1572265625,0.08984375,0.130859375,-0.0888671875,-0.0888671875,-0.077880859375,0.081298828125,0.038330078125,-0.05419921875,-0.020263671875,0.00244140625,-0.0322265625,0.034912109375,-0.0859375,-0.04736328125,0.04296875,-0.015625,-0.065185546875,-0.0146484375,-0.008544921875,-0.034912109375,0.010986328125,-0.034912109375,-0.096435546875,0.0302734375,0.074462890625,-0.068115234375,-0.07177734375,0.012451171875,-0.04443359375,-0.056396484375,0.073486328125,0.0205078125,-0.1328125,-0.022216796875,-0.022216796875,0.07861328125,-0.046142578125,-0.07470703125,0.047607421875,0.0048828125,-0.09619140625,0.041259765625,-0.07958984375,-0.018798828125,0.09033203125,-0.018798828125,-0.09326171875,0.034423828125,0.069580078125,-0.027099609375,0.01220703125,0.037109375,-0.051025390625,-0.01513671875,0.057861328125,-0.017578125,-0.061279296875,0.033935546875,0.03662109375,-0.037109375,0.002685546875,-0.010986328125,-0.056884765625,0.05419921875,0.074462890625,-0.102783203125,-0.102783203125,-0.1103515625,0.098876953125,0.08447265625,-0.124267578125,0.05322265625,0.00341796875,-0.03857421875,-0.02001953125,-0.03271484375,-0.005859375,0.052490234375,-0.030029296875,-0.111328125,0.00732421875,0.03173828125,-0.0888671875,-0.04443359375,0.044189453125,-0.027587890625,-0.068115234375,0.01171875,-0.022705078125,-0.0673828125,0.064697265625,0.05615234375,-0.111328125,-0.058837890625,0.092041015625,0.02490234375,-0.077880859375,-0.00244140625,-0.00244140625,0.020263671875,-0.0576171875,-0.003662109375,-0.045166015625,-0.001708984375,0.0537109375,-0.031982421875,-0.07958984375,0.0341796875,0.033935546875,-0.055419921875,0.01806640625,0.03955078125,-0.055908203125,-0.016845703125,0.0498046875,-0.032958984375,-0.0625,0.07763671875,0.06298828125,-0.11962890625,-0.056396484375,0.105224609375,0.025146484375,-0.100341796875,-0.025634765625,0.046142578125,-0.026123046875,-0.028076171875,-0.028076171875,-0.0224609375,-0.059814453125,0.009521484375,-0.047119140625,-0.06396484375,0.032958984375,0.00341796875,-0.05126953125,0.036376953125,0.013671875,-0.086181640625,0.009033203125,0.042724609375,-0.08642578125,-0.054443359375,0.114013671875,0.029052734375,-0.169921875,-0.0439453125,0.09765625,-0.005859375,-0.060302734375,-0.017822265625,-0.03515625,-0.0390625,0.02880859375,-0.01953125,-0.09619140625,0.02783203125,0.089111328125,0.089111328125,-0.05322265625,0.019287109375,0.024169921875,-0.021728515625,0.00341796875,-0.02001953125,-0.05322265625,0.03515625,0.006103515625,-0.082275390625,0.00537109375,0.068359375,-0.058837890625,-0.0986328125,0.056640625,0.058349609375,-0.059814453125,-0.002197265625,0.048583984375,-0.02685546875,-0.01220703125,0.031982421875,-0.032958984375,-0.040771484375,0.067138671875,0.01220703125,-0.093505859375,0.01416015625,0.037109375,-0.086181640625,-0.04052734375,-0.04052734375,0.0,-0.160888671875,-0.025390625,0.08837890625,-0.04345703125,-0.08984375,0.011962890625,0.015625,-0.0439453125,-0.020263671875,-0.010009765625,-0.033447265625,0.02490234375,0.005126953125,-0.083740234375,-0.009033203125,0.04443359375,-0.046142578125,-0.04541015625,0.0458984375,-0.0146484375,-0.08203125,0.02880859375,0.0234375,-0.082763671875,0.0126953125,0.08837890625,-0.0625,-0.113525390625,0.04638671875,0.06396484375,-0.054931640625,-0.017333984375,0.028564453125,-0.034912109375,-0.0078125,0.04052734375,-0.03857421875,-0.067626953125,0.050048828125,0.0498046875,-0.07275390625,-0.037109375,0.023681640625,-0.02294921875,-0.015625,0.015869140625,-0.031982421875,-0.026123046875,0.04150390625,-0.028076171875,-0.07373046875,0.062744140625,0.0517578125,-0.11279296875,-0.060302734375,0.074951171875,0.003173828125,-0.071533203125,0.011962890625,0.011962890625,-0.0791015625,-0.014892578125,0.0224609375,-0.04345703125,-0.013671875,0.03076171875,-0.029296875,-0.043212890625,0.033447265625,-0.028076171875,-0.082763671875,0.064208984375,0.08349609375,-0.09814453125,-0.095458984375,0.08056640625,0.06201171875,-0.06640625,-0.021484375,0.021484375,-0.041259765625,-0.00634765625,0.02978515625,-0.046142578125,-0.053955078125,0.044921875,0.015380859375,-0.100341796875,-0.02685546875,-0.0126953125,-0.021240234375,-0.0078125,-0.037353515625,-0.037353515625,-0.00048828125,0.03466796875,-0.065673828125,-0.09814453125,0.076904296875,0.086669921875,-0.126708984375,-0.095703125,0.08935546875,0.044189453125,-0.093017578125,-0.0400390625,0.03173828125,-0.0263671875,-0.004638671875,-0.004638671875,-0.064697265625,0.00537109375,0.06787109375,-0.03857421875,-0.094482421875,0.032958984375,0.048828125,-0.042724609375,0.011474609375,0.03173828125,0.010498046875,0.019775390625,-0.078369140625,-0.078369140625,-0.029296875,0.1337890625,0.030029296875,-0.185791015625,-0.047119140625,0.12060546875,0.00830078125,-0.08642578125,-0.021240234375,0.005615234375,-0.04150390625,-0.00439453125,-0.011474609375,-0.07470703125,0.00048828125,0.05029296875,-0.05224609375,-0.069580078125,0.023681640625,0.02490234375,-0.02734375,0.00634765625,-0.01318359375,-0.072509765625,0.015625,0.038818359375,-0.046875,0.034912109375,-0.01220703125,-0.05029296875,0.028076171875,0.028076171875,-0.02099609375,-0.095458984375,0.04931640625,0.113525390625,-0.080322265625,-0.135986328125,0.06103515625,0.096435546875,-0.072265625,-0.05810546875,0.04345703125,0.00439453125,-0.012451171875,-0.003662109375,-0.040771484375,-0.0078125,0.07275390625,-0.01123046875,-0.10498046875,0.009765625,0.0283203125,-0.072265625,-0.009765625,0.043701171875,-0.03759765625,0.064208984375,-0.034423828125,-0.109619140625,0.080810546875,0.099853515625,0.099853515625,-0.138671875,-0.11669921875,0.105224609375,0.0810546875,-0.08984375,-0.053955078125,0.02734375,-0.018798828125,-0.0146484375,-0.016357421875,-0.05224609375,0.0126953125,0.046875,-0.05078125,-0.0673828125,0.036865234375,-0.00341796875,-0.081787109375,0.0263671875,0.034423828125,-0.06982421875,-0.006591796875,0.043701171875,-0.05078125,-0.049072265625,0.024169921875,-0.119873046875,0.00048828125,0.098388671875,-0.029296875,-0.082275390625,0.027587890625,0.038818359375,0.038818359375,-0.0498046875,-0.02880859375,-0.006591796875,-0.021484375,0.037353515625,0.0126953125,-0.076904296875,-0.020751953125,0.055419921875,-0.02978515625,-0.067626953125,0.04443359375,0.015869140625,-0.078857421875,0.000732421875,0.006103515625,-0.0927734375,-0.015869140625,0.10791015625,-0.01318359375,-0.16064453125,-0.00146484375,0.100830078125,-0.059814453125,-0.00927734375,-0.025390625,-0.025146484375,0.033447265625,-0.013427734375,-0.089111328125,0.0234375,0.06787109375,0.06787109375,-0.06640625,-0.06640625,0.037841796875,0.03271484375,-0.0126953125,0.005859375,-0.02197265625,-0.0537109375,0.045166015625,0.015869140625,-0.099609375,-0.00830078125,0.079345703125,-0.01806640625,-0.058349609375,0.01708984375,-0.025146484375,-0.051025390625,0.072265625,0.02880859375,-0.12890625,-0.03173828125,0.093994140625,-0.016357421875,-0.089599609375,0.020263671875,-0.0751953125,0.00537109375,0.030517578125,-0.06689453125,-0.02587890625,0.0712890625,-0.005615234375,-0.1015625,-0.009033203125,0.02783203125,-0.031494140625,-0.031494140625,0.0126953125,0.006103515625,-0.073974609375,-0.0146484375,0.041015625,-0.046875,-0.054443359375,0.0634765625,0.0146484375,-0.099365234375,-0.00634765625,0.02490234375,-0.06005859375,-0.00439453125,0.077880859375,-0.03564453125,-0.1181640625,0.03662109375,0.080322265625,-0.042236328125,0.000732421875,-0.037353515625,-0.0126953125,0.043701171875,-0.02294921875,-0.070068359375,0.044921875,0.036865234375,-0.095458984375,-0.031494140625,0.05078125,0.05078125,-0.011962890625,-0.029296875,0.024169921875,-0.01318359375,-0.037841796875,0.040283203125,-0.0341796875,-0.1181640625,0.04443359375,0.111083984375,-0.072509765625,-0.1123046875,0.051513671875,0.040771484375,-0.077392578125,-0.00830078125,0.02197265625,-0.00830078125,0.025390625,-0.057861328125,-0.034912109375,0.07470703125,-0.010009765625,-0.112060546875,0.01220703125,0.03076171875,-0.06689453125,0.0185546875,0.09130859375,0.09130859375,-0.056640625,-0.123779296875,0.051513671875,0.09326171875,-0.060546875,-0.051513671875,0.028076171875,-0.013671875,-0.030517578125,0.015869140625,-0.00830078125,-0.052490234375,0.020751953125,0.023193359375,-0.0654296875,-0.010986328125,-0.04345703125,-0.015380859375,0.035400390625,-0.027587890625,-0.049560546875,0.040771484375,-0.01806640625,-0.103515625,0.04052734375,0.088134765625,-0.09033203125,-0.10595703125,0.076904296875,0.073974609375,0.073974609375,-0.09375,-0.057373046875,0.039794921875,-0.01806640625,-0.03271484375,-0.005859375,-0.025634765625,-0.0068359375,0.03515625,-0.014404296875,-0.062255859375,-0.009521484375,-0.06201171875,0.040283203125,0.05126953125,-0.06103515625,-0.0341796875,-0.0341796875,0.0439453125,-0.03515625,-0.063232421875,0.072021484375,0.026123046875,-0.015380859375,0.08544921875,-0.016845703125,-0.066162109375,0.01806640625,0.001220703125,-0.065185546875,-0.065185546875,0.014404296875,0.015869140625,-0.055908203125,0.012451171875,0.043212890625,-0.057861328125,0.0439453125,0.00341796875,-0.061767578125,0.02978515625,0.015380859375,-0.0751953125,-0.0751953125,0.012451171875,0.03857421875,-0.089111328125,-0.058349609375,0.02490234375,-0.158203125,-0.016357421875,0.10400390625,-0.03662109375,-0.095458984375,0.010986328125,0.010986328125,0.0263671875,-0.041259765625,-0.000244140625,-0.00244140625,-0.04638671875,0.033447265625,-0.07470703125,-0.03076171875,0.052490234375,-0.01220703125,-0.0400390625,0.045654296875,0.045654296875,-0.01318359375,-0.085205078125,0.037109375,0.013671875,0.001953125,0.130859375,-0.029296875,-0.174560546875,0.002197265625,0.104248046875,-0.01318359375,-0.01318359375,-0.044677734375,-0.017333984375,-0.03271484375,0.0107421875,-0.037109375,-0.085205078125,0.061279296875,0.072998046875,-0.08984375,-0.054443359375,0.05126953125,0.012939453125,0.012939453125,-0.03271484375,-0.002197265625,-0.0380859375,-0.052490234375,-0.001953125,-0.099365234375,0.01708984375,0.066650390625,-0.05908203125,-0.046875,0.04638671875,-0.042724609375,-0.042724609375,-0.089599609375,0.098876953125,0.0947265625,-0.14453125,-0.103759765625,0.054931640625,-0.112060546875,-0.035888671875,0.06201171875,-0.020751953125,-0.0380859375,-0.030517578125,-0.04736328125,0.02392578125,0.02392578125,0.050048828125,-0.06591796875,-0.079833984375,0.0087890625,-0.079345703125,0.02685546875,0.039306640625,-0.076171875,-0.017578125,0.041259765625,-0.04443359375,-0.02783203125,0.094482421875,0.094482421875,-0.0087890625,-0.143798828125,0.014404296875,-0.043212890625,-0.05078125,0.037841796875,-0.0146484375,-0.06005859375,0.033447265625,0.001953125,-0.08203125,0.028076171875,0.04833984375,0.04833984375,-0.0751953125,-0.03369140625,0.06103515625,-0.067138671875,0.044677734375,0.024169921875,-0.075927734375,0.016845703125,0.025390625,-0.080078125,-0.00830078125,0.085205078125,-0.042236328125,-0.042236328125,-0.123291015625,0.04248046875,0.064453125,-0.048828125,0.025146484375,-0.0244140625,-0.021484375,0.0078125,-0.060546875,-0.055419921875,0.074951171875,0.010986328125,-0.115966796875,-0.115966796875,-0.00830078125,0.040283203125,-0.017333984375,0.09228515625,-0.01416015625,-0.138427734375,0.012451171875,0.080078125,-0.044921875,-0.039794921875,0.0166015625,-0.031005859375,-0.038330078125,-0.038330078125,0.045166015625,-0.0078125,0.03271484375,0.079833984375,-0.0712890625,-0.0751953125,0.0390625,0.03369140625,-0.02392578125,-0.00830078125,-0.026123046875,-0.042236328125,0.049560546875,0.049560546875,-0.0048828125,-0.107421875,0.111083984375,-0.056884765625,-0.140625,0.046630859375,0.07666015625,-0.07861328125,-0.037353515625,0.041259765625,-0.031494140625,-0.04150390625,-0.04150390625,0.017822265625,-0.0244140625,0.03955078125,0.0107421875,-0.08544921875,0.003173828125,0.0185546875,-0.065185546875,0.001708984375,0.054443359375,-0.06103515625,-0.07421875,-0.07421875,0.06298828125,-0.017578125,0.062255859375,0.0966796875,-0.10888671875,-0.098876953125,0.075439453125,0.0400390625,-0.064453125,0.007568359375,0.018798828125,-0.060791015625,-0.060791015625,0.005615234375,-0.052001953125,-0.007568359375,0.0546875,-0.032470703125,-0.07666015625,0.032470703125,-0.01025390625,-0.081298828125,0.051025390625,0.05908203125,-0.11376953125,-0.11376953125,0.08935546875,0.025634765625,-0.1181640625,-0.01953125,0.046630859375,-0.048828125,-0.027587890625,0.021240234375,-0.02587890625,-0.030517578125,0.03955078125,0.03955078125,-0.01416015625,0.014404296875,0.052978515625,-0.04931640625,-0.022216796875,0.045654296875,-0.0087890625,-0.037841796875,0.0068359375,-0.04443359375,-0.046875,0.1005859375,0.1005859375,-0.124755859375,-0.039794921875,0.103515625,-0.001708984375,-0.110595703125,0.02099609375,0.077392578125,-0.04736328125,-0.030517578125,0.013671875,-0.01806640625,-0.01806640625,0.020751953125,-0.063720703125,-0.0625,0.060791015625,0.0087890625,-0.084228515625,0.029052734375,0.03125,-0.087158203125,-0.02197265625,0.037841796875,-0.072021484375,-0.067138671875,-0.067138671875,0.03564453125,-0.17431640625,-0.053466796875,0.11767578125,0.005859375,-0.111328125,-0.0185546875,0.044677734375,-0.026123046875,-0.018798828125,-0.019775390625,-0.04296875,0.0283203125,0.0283203125,-0.078857421875,-0.0126953125,0.06689453125,-0.02734375,-0.0693359375,0.04541015625,0.005615234375,-0.070556640625,0.047119140625,0.030029296875,-0.103759765625,-0.0107421875,0.14453125,0.14453125,-0.169189453125,0.00439453125,0.13525390625,-0.013427734375,-0.079345703125,0.012451171875,0.04052734375,-0.018798828125,-0.03369140625,-0.047607421875,-0.031005859375,0.065673828125,0.01220703125,0.01220703125,0.00390625,0.0400390625,-0.072021484375,-0.044677734375,0.069580078125,-0.02294921875,-0.13427734375,0.030029296875,0.0810546875,-0.073974609375,-0.067138671875,0.037353515625,-0.002685546875,-0.080078125,-0.006103515625,0.0185546875,-0.039794921875,0.00732421875,-0.003173828125,-0.07373046875,-0.001220703125,0.039794921875,-0.0546875,-0.04052734375,0.099853515625,0.0205078125,-0.15185546875,-0.00732421875,0.115478515625,-0.021240234375,-0.08447265625,0.022216796875,0.043701171875,-0.038330078125,0.00341796875,-0.005859375,-0.063232421875,0.028564453125,0.037109375,-0.074951171875,-0.0390625,0.046630859375,-0.0263671875,-0.060546875,0.048583984375,0.001220703125,-0.086669921875,0.03955078125,0.025634765625,-0.099609375,0.000244140625,0.111083984375,-0.052734375,-0.168701171875,0.032470703125,0.08056640625,-0.06396484375,-0.027587890625,0.02880859375,-0.038818359375,-0.046875,0.029052734375,-0.023681640625,-0.0810546875,0.053466796875,0.0595703125,-0.095458984375,-0.0537109375,0.052001953125,0.0166015625,-0.024169921875,0.01025390625,-0.02099609375,-0.0390625,0.058349609375,-0.001708984375,-0.085693359375,0.034423828125,0.059326171875,-0.072265625,-0.046875,0.062744140625,-0.03515625,-0.098876953125,0.086181640625,0.080078125,-0.13623046875,-0.074462890625,0.109619140625,0.0390625,-0.109130859375,-0.020263671875,0.062255859375,-0.03369140625,-0.03369140625,-0.0078125,-0.033447265625,0.004150390625,0.025634765625,-0.05224609375,-0.06591796875,0.034423828125,-0.022216796875,-0.10009765625,0.0322265625,0.040771484375,-0.08349609375,-0.0224609375,0.039306640625,-0.062744140625,-0.064697265625,0.106201171875,0.0380859375,-0.17041015625,-0.032470703125,0.13623046875,0.008056640625,-0.103271484375,0.04931640625,0.04931640625,-0.043212890625,-0.022705078125,0.001953125,-0.02490234375,0.0419921875,0.021728515625,-0.081787109375,-0.032958984375,0.056640625,-0.0107421875,-0.05810546875,0.014892578125,0.014892578125,-0.052734375,0.05322265625,0.01025390625,-0.120849609375,-0.00732421875,0.133544921875,-0.031005859375,-0.177734375,0.034912109375,0.129150390625,-0.11083984375,0.014404296875,0.014404296875,0.02587890625,-0.032470703125,-0.01904296875,-0.0224609375,-0.031494140625,0.05224609375,0.000244140625,-0.1064453125,0.00146484375,0.055908203125,-0.03955078125,0.069580078125,0.069580078125,0.005126953125,-0.087158203125,0.00830078125,-0.005126953125,-0.093017578125,0.027587890625,0.095947265625,-0.05908203125,-0.122314453125,0.046875,0.0771484375,-0.047119140625,0.00830078125,0.00830078125,-0.021484375,0.0048828125,0.025146484375,-0.051513671875,-0.06298828125,0.06787109375,0.046630859375,-0.10791015625,-0.03662109375,0.065185546875,0.007080078125,-0.029541015625,-0.046630859375,-0.034423828125,0.047119140625,0.047119140625,-0.027587890625,-0.10791015625,0.046875,0.0732421875,-0.08154296875,-0.06298828125,0.0341796875,-0.0185546875,-0.054443359375,0.064453125,-0.11279296875,-0.015869140625,0.075927734375,0.075927734375,-0.023681640625,-0.063720703125,0.008056640625,0.0146484375,-0.0322265625,0.019775390625,-0.020751953125,-0.0791015625,0.0390625,0.043212890625,-0.052978515625,0.0556640625,-0.013671875,-0.013671875,-0.056640625,0.0537109375,0.0048828125,-0.10009765625,0.02099609375,0.04296875,-0.074462890625,-0.0146484375,0.079345703125,-0.1005859375,0.03369140625,-0.006103515625,-0.106201171875,-0.106201171875,0.043701171875,0.093994140625,-0.08349609375,-0.1142578125,0.05126953125,0.05712890625,-0.055908203125,-0.024658203125,-0.006591796875,0.041259765625,0.042724609375,-0.078125,-0.06982421875,-0.06982421875,0.07373046875,0.035888671875,-0.1103515625,-0.0234375,0.0546875,-0.012939453125,-0.017822265625,-0.001953125,-0.049072265625,0.054931640625,-0.025390625,-0.087646484375,0.059814453125,0.059814453125,0.05322265625,-0.07958984375,-0.01611328125,0.030517578125,-0.06396484375,-0.044189453125,0.109375,0.03369140625,-0.024169921875,0.10791015625,-0.021484375,-0.10205078125,-0.10205078125,0.00146484375,0.033447265625,-0.056884765625,-0.01708984375,0.006591796875,-0.05322265625,0.005615234375,-0.05859375,-0.031005859375,0.0390625,-0.012451171875,-0.012451171875,-0.03125,0.056640625,-0.0107421875,-0.096435546875,0.042724609375,0.0439453125,-0.1005859375,-0.02001953125,-0.022705078125,-0.1640625,0.005615234375,0.092529296875,0.092529296875,-0.03759765625,-0.05078125,-0.00146484375,-0.011474609375,0.00732421875,0.024169921875,-0.05126953125,0.071044921875,0.0224609375,-0.0966796875,0.00634765625,0.0439453125,0.0439453125,-0.053466796875,-0.032958984375,0.03857421875,-0.0302734375,-0.065673828125,0.0458984375,-0.10791015625,0.036865234375,0.0966796875,-0.07373046875,-0.12939453125,-0.12939453125,0.052734375,0.08544921875,-0.077392578125,-0.0537109375,0.044921875,0.00146484375,-0.030029296875,-0.0205078125,-0.01904296875,0.052001953125,0.0166015625,-0.094482421875,-0.094482421875,-0.01708984375,0.036376953125,-0.034912109375,-0.02197265625,0.012451171875,-0.023681640625,0.0263671875,-0.037109375,-0.059814453125,0.08837890625,0.0380859375,0.0380859375,-0.13134765625,-0.035888671875,0.101806640625,0.0068359375,-0.08154296875,0.01123046875,0.00830078125,0.0166015625,-0.00244140625,-0.09130859375,0.011962890625,0.08349609375,0.08349609375,-0.067626953125,-0.150146484375,0.044189453125,0.080810546875,-0.085693359375,-0.048583984375,0.04736328125,-0.043701171875,0.00927734375,-0.01953125,-0.050048828125,0.05322265625,0.031494140625,0.031494140625,-0.082275390625,-0.010986328125,0.01318359375,-0.05419921875,0.0078125,0.05908203125,-0.064697265625,0.076416015625,0.04638671875,-0.1005859375,-0.00244140625,0.058837890625,-0.042724609375,-0.040283203125,-0.040283203125,0.04248046875,-0.016845703125,-0.040771484375,0.08251953125,0.010498046875,-0.1416015625,0.077392578125,-0.030517578125,-0.04736328125,0.029052734375,-0.01416015625,-0.06005859375,0.03662109375,0.03662109375,-0.029052734375,-0.114990234375,0.048583984375,0.10302734375,-0.08251953125,-0.12060546875,0.072998046875,-0.085205078125,-0.044677734375,0.017822265625,-0.025634765625,0.0048828125,0.014892578125,0.014892578125,-0.0478515625,-0.031005859375,0.064453125,-0.0078125,-0.111572265625,0.02099609375,-0.064208984375,-0.0009765625,0.0537109375,-0.039306640625,-0.0556640625,0.04736328125,-0.029052734375,-0.029052734375,-0.108642578125,0.07861328125,0.115234375,-0.1103515625,-0.11181640625,0.066650390625,-0.108642578125,-0.048095703125,0.06640625,-0.008544921875,-0.0283203125,-0.026123046875,-0.043701171875,-0.043701171875,0.022216796875,0.05419921875,-0.065185546875,-0.1015625,0.06005859375,0.03955078125,0.00341796875,0.05224609375,-0.06201171875,-0.03955078125,0.030029296875,-0.048095703125,-0.060546875,0.083740234375,0.083740234375,0.019287109375,-0.147705078125,-0.01220703125,0.108154296875,-0.098388671875,0.017578125,0.044921875,-0.05419921875,-0.015869140625,0.01123046875,-0.03564453125,0.01953125,0.01953125,0.0234375,-0.06298828125,-0.027587890625,0.0654296875,-0.095458984375,0.03515625,0.048828125,-0.066162109375,-0.0087890625,0.015625,-0.06396484375,-0.015380859375,-0.015380859375,0.078369140625,-0.02880859375,-0.126708984375,0.07666015625,-0.0693359375,-0.04248046875,0.044677734375,-0.009033203125,-0.052978515625,0.015869140625,-0.01025390625,-0.01025390625,-0.063232421875,0.044921875,0.03857421875,-0.09814453125,0.05419921875,-0.00732421875,-0.059326171875,0.0068359375,-0.001953125,-0.0390625,0.037841796875,-0.021240234375,-0.021240234375,-0.1064453125,0.041015625,0.099365234375,-0.13232421875,0.065673828125,0.078857421875,-0.099365234375,-0.04248046875,0.066162109375,-0.02685546875,-0.08056640625,-0.08056640625,0.010498046875,0.020751953125,-0.05615234375,0.001708984375,-0.06396484375,-0.019287109375,0.025634765625,-0.04345703125,-0.03369140625,0.032470703125,-0.0068359375,-0.059326171875,-0.059326171875,0.027587890625,-0.00390625,-0.081787109375,0.03173828125,-0.078369140625,-0.022705078125,0.048095703125,-0.060546875,-0.07275390625,0.099365234375,0.04541015625,-0.141357421875,-0.141357421875,-0.028076171875,0.0966796875,-0.069580078125,0.04443359375,0.042236328125,-0.08056640625,-0.014892578125,0.027587890625,-0.048583984375,0.0078125,0.05810546875,-0.04248046875,-0.04248046875,-0.08447265625,0.0263671875,0.025146484375,0.011474609375,0.015869140625,-0.062255859375,0.00537109375,0.020263671875,-0.070068359375,-0.027587890625,0.060791015625,-0.032958984375,-0.095703125,0.051513671875,0.051513671875,0.021484375,-0.1044921875,0.007080078125,-0.0625,-0.140380859375,0.046142578125,0.090087890625,-0.078125,-0.058837890625,0.03759765625,-0.015869140625,-0.0439453125,0.009521484375,0.009521484375,-0.00634765625,-0.049072265625,0.028564453125,-0.06591796875,-0.00927734375,0.008056640625,-0.04736328125,0.01220703125,0.049072265625,-0.03173828125,-0.0361328125,0.06201171875,-0.030029296875,-0.030029296875,-0.118408203125,0.062744140625,-0.1044921875,-0.1162109375,0.086181640625,0.08056640625,-0.08740234375,-0.0390625,0.048583984375,-0.03076171875,-0.02587890625,0.0068359375,0.0068359375,-0.031494140625,-0.0068359375,-0.03955078125,-0.100341796875,0.029541015625,0.022705078125,-0.08056640625,0.0078125,0.029541015625,-0.064697265625,-0.02197265625,0.042236328125,0.042236328125,-0.065673828125,-0.096435546875,0.068359375,-0.152099609375,-0.069580078125,0.101806640625,0.034912109375,-0.086669921875,-0.0380859375,0.01708984375,-0.0126953125,0.0322265625,-0.0107421875,-0.0107421875,-0.085693359375,0.059814453125,-0.060791015625,-0.06787109375,0.052490234375,0.009521484375,-0.065673828125,0.03466796875,0.013671875,-0.074462890625,0.024658203125,0.0390625,0.0390625,-0.090087890625,0.139892578125,0.02880859375,-0.177978515625,-0.024658203125,0.128173828125,-0.0107421875,-0.10107421875,-0.000244140625,0.049072265625,-0.03759765625,-0.022705078125,-0.022705078125,-0.0595703125,0.025390625,0.0439453125,-0.0830078125,-0.066162109375,0.061767578125,0.025390625,-0.07275390625,-0.014404296875,0.008056640625,-0.04296875,-0.04296875,-0.01123046875,-0.079833984375,0.031005859375,0.102294921875,-0.062255859375,-0.162109375,0.05419921875,0.1240234375,-0.081298828125,-0.09423828125,0.03564453125,0.03564453125,-0.034912109375,-0.01806640625,-0.02587890625,-0.038330078125,0.05224609375,0.022216796875,-0.074951171875,0.007568359375,0.017578125,-0.072509765625,0.001953125,0.001953125,-0.025146484375,-0.140625,0.024169921875,0.158935546875,0.009521484375,-0.15625,-0.061767578125,0.122802734375,0.02734375,-0.135009765625,-0.027587890625,0.095703125,-0.00732421875,-0.075439453125,-0.008544921875,-0.030517578125,-0.07568359375,0.032470703125,0.0888671875,-0.081787109375,-0.11474609375,0.072265625,0.060791015625,-0.12060546875,-0.080078125,0.105712890625,0.077392578125,-0.077880859375,-0.07373046875,0.06494140625,0.08349609375,-0.07666015625,-0.12841796875,0.050048828125,0.06982421875,-0.104248046875,-0.080078125,0.04931640625,-0.02880859375,-0.072998046875,0.05908203125,-0.000244140625,-0.121826171875,0.02294921875,0.115234375,-0.09521484375,-0.084228515625,0.12744140625,0.010498046875,-0.14697265625,0.0078125,0.101318359375,-0.09716796875,-0.068603515625,0.08984375,-0.073974609375,-0.132080078125,0.059326171875,0.02978515625,-0.141357421875,-0.007080078125,0.13671875,-0.09326171875,-0.150634765625,0.09716796875,0.062255859375,-0.084716796875,0.0263671875,0.0986328125,-0.047607421875,-0.0458984375,0.083740234375,-0.04052734375,-0.07958984375,0.09619140625,0.03955078125,-0.10302734375,-0.006103515625,0.05078125,-0.067626953125,-0.024169921875,0.05078125,-0.079345703125,-0.031005859375,0.129150390625,-0.035888671875,-0.123291015625,0.1005859375,0.111572265625,-0.140625,-0.089599609375,0.136962890625,0.01806640625,-0.07958984375,0.03857421875,-0.00830078125,-0.106201171875,-0.01416015625,0.019287109375,-0.1044921875,-0.01416015625,0.094482421875,-0.10693359375,-0.126953125,0.077880859375,-0.00537109375,-0.13232421875,0.0205078125,0.06005859375,-0.098876953125,0.001708984375,0.1435546875,-0.093994140625,-0.161376953125,0.07861328125,0.07861328125,-0.154541015625,-0.07470703125,0.110595703125,-0.008056640625,-0.06591796875,0.031005859375,-0.068115234375,-0.08837890625,0.0751953125,0.025146484375,-0.111083984375,0.0361328125,0.137451171875,-0.08056640625,-0.099609375,0.096923828125,0.010009765625,-0.0703125,0.072509765625,0.055419921875,-0.064208984375,0.02978515625,0.077880859375,-0.123046875,-0.052001953125,0.164794921875,-0.033447265625,-0.183349609375,0.053955078125,0.126220703125,-0.098876953125,-0.07666015625,0.08837890625,-0.04443359375,-0.099365234375,0.07177734375,0.016845703125,-0.090576171875,0.029296875,-0.103271484375,-0.103271484375,-0.060302734375,0.073486328125,-0.0478515625,-0.069091796875,0.059326171875,-0.049560546875,-0.12255859375,0.032470703125,0.036376953125,-0.123779296875,-0.0244140625,0.0869140625,-0.07763671875,-0.07763671875,0.1162109375,-0.01904296875,-0.150634765625,0.059814453125,0.133056640625,-0.098876953125,-0.099365234375,0.105712890625,0.02099609375,-0.064453125,-0.010009765625,-0.010009765625,-0.084228515625,0.02685546875,0.062255859375,-0.09912109375,-0.038818359375,0.11279296875,-0.040283203125,-0.0986328125,0.058349609375,0.0185546875,0.059326171875,0.059326171875,0.06787109375,-0.127685546875,-0.047607421875,0.145751953125,-0.04052734375,-0.1396484375,0.093994140625,0.09423828125,-0.12841796875,-0.085205078125,-0.018798828125,-0.05908203125,-0.05908203125,0.0439453125,-0.057373046875,-0.104248046875,0.058837890625,0.040283203125,-0.105712890625,0.003173828125,0.090087890625,-0.086669921875,0.093505859375,-0.03076171875,-0.03076171875,-0.07763671875,0.08251953125,0.002197265625,-0.140625,0.036865234375,0.12060546875,-0.13720703125,-0.0947265625,0.157958984375,-0.182373046875,0.0234375,0.0234375,0.111328125,-0.09375,-0.0673828125,0.1064453125,-0.01806640625,-0.087158203125,0.046142578125,-0.009521484375,-0.066650390625,0.046875,-0.1376953125,-0.1376953125,-0.05029296875,0.12744140625,-0.0439453125,-0.11376953125,0.048095703125,0.005859375,-0.070556640625,0.030029296875,0.0166015625,-0.1240234375,0.141357421875,-0.09521484375,-0.153076171875,-0.153076171875,0.084716796875,0.064697265625,-0.078369140625,0.009521484375,0.052734375,-0.085205078125,-0.02880859375,0.0869140625,-0.064208984375,0.106689453125,-0.004150390625,-0.131103515625,-0.131103515625,0.035400390625,0.09375,-0.102294921875,-0.03955078125,0.109130859375,-0.063720703125,-0.075927734375,0.119873046875,0.009765625,0.03369140625,0.133544921875,-0.11572265625,-0.11572265625,-0.118896484375,0.1337890625,0.033935546875,-0.128173828125,0.01025390625,0.06396484375,-0.08984375,-0.068603515625,0.056640625,-0.051025390625,0.06201171875,-0.056884765625,-0.104248046875,-0.104248046875,0.050537109375,0.006591796875,-0.13427734375,0.010986328125,0.1064453125,-0.0986328125,-0.07568359375,0.112548828125,-0.151611328125,0.08349609375,0.112548828125,-0.131103515625,-0.131103515625,-0.079833984375,0.13037109375,-0.0009765625,-0.075439453125,0.056396484375,-0.0302734375,-0.103515625,0.0625,-0.107421875,-0.034912109375,0.1318359375,-0.0400390625,-0.104248046875,-0.104248046875,0.065185546875,0.0224609375,-0.05517578125,0.072021484375,0.05322265625,-0.128173828125,-0.02197265625,-0.0615234375,-0.13232421875,0.0732421875,0.0341796875,-0.07861328125,-0.07861328125,0.0087890625,0.02001953125,-0.1201171875,-0.00732421875,0.126220703125,-0.107666015625,-0.16796875,0.08154296875,-0.14013671875,-0.063232421875,0.08837890625,-0.029541015625,-0.029541015625,-0.0849609375,0.01513671875,-0.0419921875,-0.030029296875,0.08837890625,-0.02392578125,-0.15478515625,0.005126953125,-0.06396484375,-0.085205078125,0.0673828125,-0.017822265625,-0.068603515625,-0.068603515625,0.041015625,-0.016357421875,-0.119384765625,0.052978515625,0.15087890625,-0.1064453125,0.107177734375,0.06640625,-0.07568359375,0.001708984375,0.02099609375,0.02099609375,-0.074462890625,0.009765625,0.103515625,-0.091796875,-0.095703125,0.12109375,0.015625,-0.013671875,0.087158203125,-0.038818359375,-0.02783203125,0.043212890625,0.043212890625,-0.0732421875,-0.030517578125,0.108642578125,-0.05615234375,-0.128173828125,0.100830078125,-0.15576171875,-0.086181640625,0.128173828125,-0.0205078125,-0.103515625,-0.103515625,0.052734375,0.0087890625,-0.0859375,0.015380859375,0.019775390625,-0.10986328125,0.120849609375,-0.10400390625,-0.123046875,0.099365234375,0.018310546875,0.018310546875,-0.105712890625,0.031494140625,0.041748046875,-0.10302734375,0.00634765625,0.106689453125,-0.08935546875,0.15283203125,0.01318359375,-0.195068359375,-0.01904296875,-0.01904296875,0.119873046875,-0.05908203125,-0.05419921875,0.080810546875,-0.069091796875,0.082763671875,0.039306640625,-0.122314453125,0.0078125,0.12890625,-0.0556640625,-0.0556640625,-0.099365234375,0.056884765625,-0.010009765625,-0.05712890625,0.055419921875,-0.1142578125,0.03125,0.099365234375,-0.1044921875,-0.07421875,0.101806640625,0.101806640625,-0.033203125,-0.09033203125,0.091064453125,0.03369140625,-0.146728515625,0.00927734375,-0.09130859375,-0.1591796875,0.107666015625,0.071533203125,-0.10791015625,-0.009033203125,0.060302734375,0.060302734375,-0.084716796875,-0.06201171875,0.074951171875,-0.05419921875,-0.091552734375,0.024658203125,-0.105712890625,-0.0068359375,0.03662109375,-0.069091796875,0.005859375,0.068115234375,0.068115234375,-0.11376953125,-0.06494140625,0.144287109375,-0.018310546875,-0.169189453125,0.1201171875,-0.121826171875,-0.110595703125,0.095703125,0.00927734375,-0.04833984375,0.048583984375,-0.05029296875,-0.05029296875,-0.101318359375,0.064453125,0.072021484375,-0.10693359375,-0.021728515625,-0.063720703125,-0.089599609375,0.072998046875,-0.017333984375,-0.093017578125,0.068359375,0.041015625,0.041015625,-0.137939453125,0.000732421875,0.139892578125,-0.10107421875,-0.131591796875,0.045654296875,-0.1435546875,-0.012451171875,0.101806640625,-0.061767578125,-0.04833984375,0.090087890625,-0.04736328125,-0.04736328125,-0.101806640625,0.070068359375,0.046630859375,-0.088623046875,0.08203125,-0.090576171875,-0.076416015625,0.081298828125,-0.035400390625,-0.07568359375,0.082275390625,0.011962890625,0.011962890625,-0.128662109375,0.01025390625,0.1005859375,-0.100830078125,0.140625,-0.0146484375,-0.15380859375,0.035400390625,0.07958984375,-0.09130859375,-0.012939453125,0.10595703125,-0.0908203125,-0.0908203125,-0.119384765625,0.113037109375,0.02978515625,-0.001953125,0.089111328125,-0.08056640625,-0.0849609375,0.060302734375,-0.02880859375,-0.04150390625,0.058349609375,-0.0751953125,-0.11181640625,-0.11181640625,0.10693359375,0.0791015625,-0.16796875,0.185546875,-0.030517578125,-0.163330078125,0.026123046875,0.04248046875,-0.033203125,0.031982421875,-0.0029296875,-0.0029296875,-0.118896484375,0.025390625,0.12060546875,-0.103759765625,0.142333984375,0.01220703125,-0.13818359375,0.04638671875,0.088623046875,-0.1298828125,-0.0390625,-0.0390625,0.1650390625,-0.0390625,-0.16748046875,0.093017578125,-0.079345703125,-0.028076171875,0.072265625,-0.067138671875,-0.084716796875,0.069091796875,-0.009033203125,-0.069091796875,-0.069091796875,0.0537109375,0.017578125,-0.0263671875,0.08349609375,-0.048095703125,-0.060302734375,0.062255859375,-0.032470703125,-0.07568359375,0.04833984375,-0.00830078125,-0.00830078125,-0.1298828125,0.013916015625,-0.11767578125,-0.128173828125,0.11865234375,0.035400390625,-0.145263671875,-0.018798828125,0.0751953125,-0.067138671875,-0.06884765625,-0.06884765625,0.064208984375,-0.02294921875,0.074951171875,-0.013916015625,-0.095458984375,0.034423828125,0.0517578125,-0.07470703125,0.009521484375,0.09619140625,-0.074462890625,-0.074462890625,-0.056640625,0.113525390625,-0.1630859375,0.06884765625,0.13671875,-0.129638671875,-0.121337890625,0.12939453125,0.025146484375,-0.102783203125,0.04150390625,0.04150390625,0.038818359375,-0.0751953125,0.05419921875,-0.060302734375,-0.00390625,0.082763671875,-0.097412109375,-0.099609375,0.097900390625,0.00146484375,-0.115478515625,0.044189453125,0.044189453125,0.046875,-0.1337890625,0.120849609375,-0.1162109375,-0.121826171875,0.13525390625,0.021240234375,-0.179443359375,-0.0048828125,0.132080078125,-0.062744140625,-0.07861328125,0.082763671875,-0.029052734375,-0.029052734375,-0.104248046875,0.024658203125,-0.084228515625,0.00390625,0.0498046875,-0.086181640625,-0.033935546875,0.0810546875,-0.08056640625,-0.078369140625,0.101806640625,0.001708984375,-0.126708984375,-0.126708984375,0.041259765625,-0.12255859375,-0.06689453125,0.1669921875,0.003173828125,-0.1669921875,0.009521484375,0.0888671875,-0.054443359375,-0.025634765625,0.056884765625,-0.0859375,-0.075927734375,-0.075927734375,0.088134765625,-0.106689453125,0.05859375,0.05908203125,-0.1240234375,-0.0556640625,0.10546875,-0.033935546875,-0.06396484375,0.06640625,-0.030029296875,-0.082275390625,0.075927734375,0.075927734375,0.0400390625,-0.013671875,0.16943359375,-0.07421875,-0.1787109375,0.0625,0.0673828125,-0.065185546875,-0.004150390625,0.008056640625,-0.102294921875,0.00341796875,0.105712890625,0.105712890625,-0.07470703125,0.135986328125,0.00732421875,-0.14453125,0.0244140625,0.091064453125,-0.083251953125,-0.034423828125,0.078857421875,-0.06494140625,-0.049560546875,0.095947265625,-0.066162109375,-0.066162109375,0.069091796875,0.124755859375,-0.141845703125,-0.123291015625,0.101318359375,0.00927734375,-0.068115234375,0.028564453125,-0.02099609375,-0.086669921875,0.033203125,0.05126953125,-0.10107421875,-0.10107421875,0.121337890625,-0.064697265625,-0.12646484375,0.06201171875,0.044921875,-0.0732421875,0.01171875,0.037353515625,-0.09814453125,-0.010986328125,0.107666015625,-0.0869140625,-0.122314453125,0.12255859375,0.0947265625,-0.146484375,-0.0791015625,0.110595703125,0.009033203125,-0.052978515625,0.036865234375,-0.033447265625,-0.0625,0.07080078125,0.02783203125,-0.11865234375,-0.004150390625,0.10888671875,-0.076171875,-0.100830078125,0.08056640625,0.003662109375,-0.090087890625,0.020263671875,0.00439453125,-0.1015625,0.023193359375,0.08642578125,-0.142822265625,-0.093994140625,0.175048828125,0.02490234375,-0.21142578125,-0.0361328125,0.128173828125,-0.03759765625,-0.076171875,0.0478515625,-0.03173828125,-0.06103515625,0.040283203125,-0.042724609375,-0.092529296875,0.064453125,0.05224609375,-0.130126953125,-0.03955078125,0.10400390625,-0.0546875,-0.05810546875,0.085205078125,-0.0439453125,-0.11083984375,0.095703125,0.090576171875,-0.148193359375,-0.033935546875,0.171142578125,-0.0380859375,-0.151123046875,0.060791015625,0.0849609375,-0.045166015625,0.002197265625,0.0283203125,-0.08984375,-0.027099609375,0.088623046875,-0.06005859375,-0.074951171875,0.087646484375,0.010009765625,-0.109375,0.009521484375,0.058349609375,-0.093017578125,-0.024658203125,0.08837890625,-0.07177734375,-0.078125,0.10595703125,0.00390625,-0.16357421875,0.011474609375,0.125,-0.094482421875,-0.1181640625,0.089111328125,0.010986328125,-0.096923828125,0.02294921875,-0.115966796875,-0.115966796875,-0.0400390625,0.072509765625,-0.052734375,-0.032958984375,0.086181640625,-0.054931640625,-0.12158203125,0.051025390625,0.043212890625,-0.09375,0.0185546875,0.098876953125,-0.064697265625,-0.064697265625,0.1005859375,-0.034423828125,-0.122314453125,0.08251953125,0.083984375,-0.144775390625,-0.068115234375,0.119140625,-0.0322265625,-0.088134765625,0.063232421875,-0.0146484375,0.0439453125,0.0439453125,0.097412109375,-0.085205078125,-0.043212890625,0.103271484375,-0.029541015625,-0.0966796875,0.041015625,0.0068359375,-0.060546875,0.057861328125,0.0439453125,-0.13427734375,0.12451171875,0.12451171875,-0.0498046875,-0.109130859375,0.054931640625,0.013671875,-0.080078125,0.02734375,0.029541015625,-0.139404296875,-0.0224609375,0.17333984375,-0.02587890625,0.0380859375,0.105224609375,0.105224609375,-0.0654296875,-0.051025390625,0.05712890625,-0.027587890625,-0.052734375,0.03271484375,-0.0458984375,-0.055419921875,0.068603515625,-0.0068359375,-0.129150390625,0.076171875,-0.071044921875,-0.071044921875,-0.033447265625,0.076904296875,-0.0751953125,-0.100830078125,0.09423828125,0.035400390625,-0.145751953125,0.013916015625,0.16650390625,-0.072509765625,-0.160888671875,0.074951171875,-0.0947265625,-0.0947265625,-0.03173828125,0.04296875,-0.05615234375,-0.04541015625,0.057373046875,-0.036376953125,-0.066650390625,0.0498046875,-0.008056640625,-0.069091796875,0.025390625,-0.103271484375,0.007568359375,0.007568359375,0.088623046875,-0.09130859375,-0.0595703125,0.126953125,-0.013916015625,-0.129150390625,0.0810546875,0.108642578125,-0.13671875,-0.08447265625,-0.01318359375,-0.1279296875,0.061279296875,0.061279296875,0.06298828125,-0.106201171875,-0.041748046875,0.0556640625,-0.0576171875,-0.03173828125,0.084716796875,-0.05712890625,-0.11083984375,0.035888671875,-0.112548828125,-0.112548828125,-0.008056640625,0.065673828125,-0.066650390625,-0.031494140625,0.076171875,-0.070556640625,-0.0771484375,0.108154296875,-0.18896484375,-0.00537109375,0.142333984375,0.142333984375,-0.068115234375,-0.109375,0.08154296875,0.0107421875,-0.09619140625,0.001953125,0.003173828125,-0.057373046875,0.05322265625,-0.1162109375,-0.0419921875,-0.0419921875,0.1171875,-0.048828125,-0.107421875,0.08203125,0.030517578125,-0.111328125,0.03076171875,0.094970703125,-0.12646484375,0.14111328125,-0.00341796875,-0.161865234375,-0.161865234375,0.009033203125,0.09130859375,-0.051025390625,-0.033935546875,0.04931640625,-0.061767578125,-0.06103515625,0.06884765625,-0.074462890625,0.073486328125,0.03857421875,0.03857421875,-0.11767578125,-0.0205078125,0.076904296875,-0.0888671875,-0.0517578125,0.107666015625,-0.047607421875,-0.131103515625,0.046142578125,-0.1416015625,-0.00634765625,-0.00634765625,0.13671875,-0.082763671875,-0.13818359375,0.0859375,0.031005859375,-0.1044921875,0.023193359375,0.052734375,-0.031005859375,0.10595703125,-0.05908203125,-0.05908203125,-0.08154296875,0.09619140625,0.000732421875,-0.1435546875,0.017578125,0.10693359375,-0.061767578125,-0.044921875,0.067138671875,-0.053466796875,0.089111328125,-0.038818359375,-0.1474609375,-0.1474609375,0.072509765625,0.141845703125,-0.12158203125,-0.129150390625,0.08935546875,0.004150390625,-0.080078125,0.041259765625,-0.1044921875,0.017822265625,0.068115234375,-0.0986328125,-0.04638671875,-0.04638671875,0.0830078125,-0.062255859375,-0.0927734375,0.078857421875,-0.000244140625,-0.136962890625,0.047607421875,0.148193359375,-0.153076171875,0.087646484375,0.062744140625,-0.066650390625,-0.066650390625,0.001708984375,0.024169921875,-0.060791015625,-0.001220703125,0.054443359375,-0.075439453125,-0.03857421875,0.0986328125,-0.111572265625,0.04443359375,0.04052734375,-0.078369140625,0.01708984375,0.01708984375,0.052490234375,-0.109130859375,-0.02685546875,0.139404296875,-0.0537109375,-0.162109375,0.07177734375,-0.125732421875,-0.080078125,0.1083984375,-0.010986328125,-0.0859375,-0.0859375,0.0537109375,0.003662109375,-0.12060546875,-0.00732421875,0.066162109375,-0.0576171875,-0.03271484375,-0.055908203125,-0.060791015625,0.06005859375,-0.040771484375,-0.102294921875,0.073486328125,0.073486328125,0.06298828125,-0.12109375,-0.02001953125,0.11767578125,-0.084228515625,-0.12255859375,0.115966796875,-0.1474609375,-0.031005859375,0.105712890625,-0.026611328125,-0.03564453125,0.059326171875,0.059326171875,-0.06396484375,-0.0869140625,0.07958984375,0.022216796875,-0.09033203125,0.042236328125,0.063720703125,-0.03076171875,0.10791015625,-0.0595703125,-0.08837890625,0.093505859375,0.093505859375,-0.00732421875,-0.132568359375,0.050537109375,0.09765625,-0.136474609375,-0.083251953125,-0.00732421875,-0.16796875,0.001220703125,0.0595703125,-0.06884765625,-0.025146484375,-0.025146484375,0.041748046875,-0.071044921875,-0.05078125,0.0830078125,-0.029296875,0.05126953125,0.041259765625,-0.084228515625,-0.002685546875,0.071533203125,-0.071044921875,-0.071044921875,-0.03564453125,0.091796875,-0.0556640625,-0.1220703125,0.0625,-0.111572265625,0.00048828125,0.119384765625,-0.07275390625,-0.1220703125,0.07080078125,0.07080078125,0.023681640625,-0.0751953125,0.049560546875,0.070068359375,-0.0908203125,0.088134765625,-0.0419921875,-0.068603515625,0.069091796875,-0.01513671875,-0.105712890625,-0.105712890625,0.033203125,0.0576171875,-0.090576171875,-0.023193359375,0.0693359375,-0.089599609375,0.094970703125,-0.01416015625,-0.131103515625,0.048583984375,0.091552734375,-0.120849609375,-0.120849609375,-0.085693359375,0.10400390625,-0.008056640625,-0.079345703125,0.01416015625,-0.099365234375,0.005859375,0.062255859375,-0.07275390625,-0.0224609375,0.0888671875,0.0888671875,-0.050537109375,-0.087158203125,0.05712890625,-0.0126953125,0.055419921875,0.075439453125,-0.104736328125,-0.02685546875,0.116943359375,-0.059814453125,-0.107177734375,-0.107177734375,0.106689453125,0.06103515625,-0.141357421875,-0.035888671875,-0.029541015625,-0.09228515625,0.054443359375,0.009033203125,-0.096923828125,-0.01416015625,0.010986328125,-0.04443359375,-0.04443359375,0.024658203125,0.02587890625,-0.124267578125,-0.0625,-0.03271484375,-0.09765625,0.06396484375,0.034912109375,-0.103759765625,0.006103515625,0.09521484375,-0.098876953125,-0.098876953125,-0.1064453125,0.11962890625,0.0341796875,-0.168212890625,0.123779296875,-0.031494140625,-0.098876953125,0.045654296875,0.00830078125,-0.074462890625,0.027587890625,0.025146484375,-0.052978515625,-0.052978515625,0.0224609375,0.046875,-0.060302734375,0.078125,-0.0380859375,-0.0576171875,0.097900390625,0.010009765625,-0.1396484375,0.00830078125,0.10595703125,-0.06591796875,-0.06591796875,-0.0771484375,0.06884765625,-0.01220703125,-0.07470703125,-0.026611328125,-0.157470703125,0.04541015625,0.154541015625,-0.107666015625,-0.164306640625,0.09814453125,0.062744140625,0.062744140625,-0.109619140625,-0.001220703125,0.0390625,-0.08935546875,0.079345703125,-0.044677734375,-0.064453125,0.05859375,-0.03515625,-0.095947265625,0.049072265625,0.01220703125,-0.107666015625,-0.107666015625,0.04052734375,0.1015625,-0.126953125,0.1435546875,0.02978515625,-0.14599609375,0.021240234375,0.096923828125,-0.058837890625,-0.037353515625,0.0859375,-0.040771484375,-0.083984375,-0.083984375,0.081298828125,0.03076171875,0.0068359375,0.0556640625,-0.061767578125,-0.030517578125,0.045654296875,-0.0615234375,-0.05712890625,0.06689453125,-0.048583984375,-0.111572265625,-0.111572265625,0.08203125,0.078125,-0.145263671875,0.12890625,0.001220703125,-0.1064453125,0.05859375,0.045166015625,-0.116455078125,-0.032958984375,0.083251953125,-0.04052734375,-0.06005859375,-0.06005859375,0.0712890625,-0.017822265625,0.030029296875,0.02392578125,-0.091552734375,-0.00244140625,0.056396484375,-0.067626953125,-0.0380859375,0.079833984375,-0.055419921875,-0.055419921875,-0.06640625,0.120361328125,-0.1689453125,0.018310546875,0.1591796875,-0.049072265625,-0.07958984375,0.08056640625,-0.009765625,-0.083251953125,0.045654296875,-0.003662109375,-0.003662109375,-0.093505859375,0.073974609375,-0.1376953125,-0.070556640625,0.109619140625,-0.050048828125,-0.10498046875,0.076171875,0.000244140625,-0.11572265625,0.056396484375,0.056396484375,0.07275390625,-0.044189453125,0.16845703125,-0.038330078125,-0.17822265625,0.039794921875,0.06689453125,-0.091796875,-0.0126953125,0.064453125,-0.09375,-0.08251953125,0.091796875,0.091796875,-0.012451171875,0.041748046875,0.0673828125,-0.08642578125,-0.052001953125,0.046875,-0.033447265625,-0.009521484375,0.0888671875,-0.047607421875,-0.119873046875,-0.119873046875,0.072998046875,-0.085205078125,-0.045166015625,0.074951171875,-0.023193359375,-0.04248046875,0.05615234375,-0.051513671875,-0.10546875,0.0869140625,0.080810546875,-0.15576171875,-0.15576171875,0.146728515625,0.012451171875,-0.140380859375,0.014892578125,0.0576171875,-0.075927734375,-0.0302734375,0.045166015625,-0.056884765625,-0.041748046875,0.068603515625,0.068603515625,-0.0390625,0.05029296875,0.045654296875,-0.0869140625,-0.008544921875,0.0556640625,-0.056884765625,-0.04345703125,0.048095703125,-0.071044921875,-0.080810546875,0.10888671875,0.01904296875,-0.16796875,-0.009521484375,0.137451171875,0.137451171875,-0.0498046875,0.095458984375,0.0146484375,-0.1044921875,0.01953125,0.027587890625,-0.0625,0.0400390625,0.0556640625,-0.11376953125,-0.048583984375,0.119140625,-0.0263671875,-0.08740234375,0.077880859375,-0.010986328125,-0.1201171875,0.06298828125,0.06298828125,-0.142578125,-0.064453125,0.161376953125,-0.0244140625,-0.185546875,0.04345703125,0.114990234375,-0.0791015625,-0.056640625,0.077392578125,-0.02978515625,-0.09619140625,0.04345703125,0.002685546875,-0.090087890625
Prusa_B,-0.0263671875,-0.048583984375,-0.067138671875,-0.065673828125,-0.0458984375,0.012451171875,0.070556640625,0.076171875,0.049560546875,0.0087890625,-0.03955078125,-0.067626953125,-0.0712890625,-0.0556640625,-0.01416015625,0.016357421875,0.0029296875,-0.02001953125,-0.031005859375,-0.018798828125,0.029296875,0.058837890625,0.043701171875,0.027099609375,0.037109375,0.031982421875,-0.025146484375,-0.0517578125,-0.016357421875,-0.029541015625,-0.04052734375,0.01123046875,-0.017333984375,-0.0439453125,0.031982421875,0.003662109375,0.050537109375,0.055908203125,0.0185546875,0.0263671875,-0.04296875,-0.0830078125,-0.0439453125,-0.06591796875,-0.06640625,-0.00634765625,-0.010498046875,0.015380859375,0.036865234375,-0.040771484375,-0.057861328125,-0.020263671875,-0.0322265625,-0.0322265625,-0.011474609375,-0.01416015625,-0.01416015625,-0.006103515625,-0.0048828125,-0.062744140625,-0.056396484375,-0.003662109375,-0.021484375,0.00244140625,0.033447265625,0.0009765625,-0.015380859375,-0.002197265625,-0.044921875,-0.074951171875,0.00927734375,0.031982421875,-0.0068359375,0.01611328125,-0.048095703125,-0.00537109375,0.021728515625,-0.0068359375,0.02685546875,0.0380859375,-0.009033203125,0.015625,0.01171875,-0.05078125,-0.05078125,0.022705078125,0.022705078125,0.042236328125,0.039306640625,-0.0341796875,-0.08251953125,-0.045166015625,-0.00537109375,0.009765625,-0.0107421875,-0.018798828125,0.02783203125,0.03173828125,-0.00439453125,-0.044677734375,-0.0576171875,-0.015625,0.022216796875,0.001953125,-0.028076171875,-0.046875,-0.046875,-0.05419921875,-0.03564453125,-0.005615234375,0.0107421875,0.02001953125,0.0087890625,-0.0322265625,-0.002685546875,0.00830078125,-0.021240234375,-0.054443359375,-0.055419921875,-0.012451171875,0.002685546875,-0.029296875,-0.0322265625,0.025146484375,0.049560546875,0.049560546875,0.00732421875,-0.00830078125,0.02587890625,0.017333984375,-0.053955078125,-0.082763671875,-0.0390625,-0.021728515625,-0.020751953125,0.01123046875,0.03125,0.014404296875,0.0029296875,0.02685546875,0.033203125,-0.002197265625,-0.021484375,-0.02490234375,-0.01708984375,-0.01708984375,-0.01171875,-0.057861328125,-0.055908203125,-0.009033203125,-0.011474609375,-0.024169921875,0.00244140625,0.025390625,-0.01953125,-0.02197265625,-0.005615234375,-0.020263671875,-0.047119140625,-0.0322265625,0.000244140625,-0.01025390625,-0.01806640625,0.01513671875,0.01513671875,0.02099609375,-0.00732421875,-0.0205078125,-0.010498046875,-0.00634765625,-0.004638671875,-0.0068359375,-0.02783203125,-0.05224609375,-0.03662109375,-0.010009765625,-0.016845703125,-0.016357421875,-0.016357421875,0.001953125,-0.00341796875,-0.015869140625,-0.017822265625,-0.023681640625,-0.027099609375,-0.01611328125,0.01611328125,0.01953125,-0.0107421875,-0.009033203125,-0.006591796875,-0.0341796875,-0.0341796875,-0.026611328125,0.003662109375,0.003662109375,-0.017333984375,0.009521484375,0.00341796875,-0.00439453125,0.00048828125,0.022216796875,0.031982421875,-0.002197265625,-0.028564453125,-0.014892578125,-0.014892578125,-0.00830078125,-0.03271484375,-0.046630859375,-0.001220703125,-0.0126953125,-0.029296875,-0.007080078125,0.0009765625,-0.019287109375,-0.029052734375,-0.0009765625,0.00439453125,-0.032958984375,-0.032958984375,-0.036376953125,-0.01171875,-0.01025390625,-0.004638671875,-0.00732421875,-0.002197265625,-0.0126953125,-0.02490234375,-0.005859375,-0.003662109375,-0.019775390625,-0.014404296875,-0.017333984375,-0.0234375,-0.0234375,-0.001220703125,0.01513671875,-0.012451171875,-0.0263671875,-0.0185546875,-0.002685546875,-0.013671875,-0.004150390625,0.00634765625,-0.020263671875,-0.044921875,-0.037841796875,-0.009521484375,-0.009521484375,-0.0068359375,-0.021728515625,-0.009765625,-0.0322265625,-0.005126953125,0.027099609375,0.01953125,-0.00390625,-0.01220703125,-0.004638671875,0.011474609375,-0.006103515625,-0.043701171875,-0.040283203125,-0.0224609375,-0.015380859375,0.004150390625,0.013427734375,-0.00048828125,-0.00830078125,-0.0078125,-0.00439453125,-0.002685546875,-0.0244140625,-0.0244140625,-0.036865234375,-0.02587890625,-0.02294921875,-0.01904296875,-0.012939453125,-0.022705078125,0.0107421875,0.02294921875,0.0107421875,-0.015869140625,-0.04443359375,-0.0322265625,-0.0029296875,-0.01806640625,-0.026611328125,0.009521484375,0.010009765625,-0.02099609375,-0.00634765625,0.00439453125,-0.005126953125,-0.005615234375,-0.019287109375,-0.02490234375,-0.0078125,-0.033935546875,-0.047119140625,0.0068359375,0.01806640625,-0.005126953125,0.000244140625,0.000244140625,0.0029296875,-0.02490234375,-0.0419921875,-0.000732421875,0.013916015625,-0.003662109375,-0.01513671875,-0.03515625,-0.0439453125,0.001708984375,0.047607421875,0.033935546875,-0.00537109375,-0.013427734375,-0.0009765625,-0.006591796875,-0.041259765625,-0.047607421875,-0.007568359375,0.014404296875,-0.002197265625,-0.017578125,-0.01220703125,-0.007080078125,-0.01513671875,-0.015625,0.01025390625,0.006591796875,-0.044189453125,-0.051025390625,-0.051025390625,-0.03173828125,-0.027587890625,0.00537109375,-0.004150390625,-0.021728515625,-0.02197265625,0.01171875,0.048583984375,0.010009765625,-0.04150390625,-0.028076171875,-0.01171875,-0.02880859375,-0.041015625,-0.025634765625,0.017822265625,0.029296875,-0.00244140625,-0.001220703125,0.00537109375,-0.021240234375,-0.036865234375,-0.022216796875,-0.006591796875,-0.02294921875,-0.0283203125,-0.011962890625,-0.03369140625,-0.04541015625,-0.005615234375,-0.005615234375,0.04052734375,0.014892578125,-0.041015625,-0.0087890625,-0.0126953125,-0.0302734375,-0.009765625,-0.009765625,0.02001953125,-0.027099609375,-0.001708984375,0.019775390625,0.009765625,-0.000244140625,0.0,-0.0029296875,-0.018798828125,-0.02880859375,-0.018798828125,-0.031005859375,-0.042724609375,-0.015625,0.00927734375,-0.003662109375,-0.015380859375,-0.01123046875,0.009033203125,0.0087890625,-0.0263671875,-0.03759765625,-0.021240234375,-0.02099609375,-0.028076171875,-0.013427734375,-0.000732421875,-0.0087890625,-0.0126953125,0.005859375,0.01171875,-0.015869140625,-0.029541015625,-0.0146484375,-0.0166015625,-0.015380859375,0.00146484375,0.010009765625,-0.013671875,-0.03955078125,-0.0205078125,0.025634765625,0.038330078125,-0.00146484375,-0.036865234375,-0.02587890625,-0.034423828125,-0.057373046875,-0.04248046875,-0.0048828125,0.019775390625,0.0029296875,-0.026611328125,-0.0244140625,-0.029052734375,-0.021484375,0.013427734375,0.036376953125,0.017333984375,0.001708984375,0.0029296875,-0.027587890625,-0.060546875,-0.048095703125,0.001953125,0.006103515625,-0.01416015625,0.006591796875,0.0234375,0.0078125,-0.015869140625,-0.025390625,-0.012451171875,-0.017822265625,-0.014404296875,-0.019775390625,-0.03271484375,-0.01025390625,-0.004638671875,-0.02099609375,-0.007568359375,-0.002197265625,-0.01904296875,-0.01611328125,-0.011962890625,-0.023193359375,-0.024658203125,0.00537109375,0.012451171875,-0.008056640625,-0.02734375,-0.02197265625,0.016357421875,-0.0126953125,-0.045654296875,0.006591796875,0.0400390625,-0.0185546875,-0.0185546875,0.00634765625,-0.017578125,-0.064453125,-0.047607421875,0.009521484375,0.01220703125,-0.031494140625,-0.02587890625,-0.018310546875,-0.029052734375,-0.0029296875,0.024658203125,-0.029541015625,-0.029541015625,-0.0244140625,-0.014892578125,-0.022705078125,-0.04052734375,-0.05615234375,-0.015380859375,0.02294921875,0.0029296875,0.001220703125,0.02978515625,0.019775390625,-0.016845703125,0.005126953125,0.005126953125,0.0029296875,-0.027587890625,-0.038818359375,-0.03515625,-0.03173828125,-0.016357421875,0.024169921875,0.038330078125,0.0009765625,-0.038818359375,-0.037353515625,-0.0107421875,-0.051513671875,-0.051513671875,-0.02734375,-0.00341796875,-0.012939453125,-0.01513671875,0.004638671875,0.0048828125,-0.0283203125,-0.017578125,0.0302734375,0.048095703125,0.0009765625,-0.062744140625,-0.051025390625,-0.03173828125,-0.03173828125,-0.013427734375,0.055908203125,0.047607421875,-0.031005859375,-0.049560546875,0.000732421875,0.012451171875,-0.006103515625,0.0029296875,-0.023193359375,-0.06787109375,-0.070556640625,0.029052734375,0.029052734375,0.0107421875,-0.036865234375,-0.014892578125,0.065185546875,0.0361328125,-0.06884765625,-0.083740234375,-0.029541015625,-0.0107421875,-0.02001953125,0.016845703125,0.041015625,-0.05029296875,-0.01806640625,-0.01806640625,0.0185546875,0.002197265625,0.004150390625,0.048828125,0.01904296875,-0.07080078125,-0.08740234375,-0.026611328125,0.00537109375,-0.024169921875,0.046142578125,0.04248046875,-0.03125,-0.03125,-0.050048828125,-0.011474609375,-0.00390625,-0.03857421875,-0.0419921875,-0.01171875,-0.0205078125,-0.039794921875,-0.011962890625,0.030029296875,-0.0078125,0.010986328125,-0.001953125,-0.001953125,-0.03662109375,-0.0400390625,-0.002685546875,-0.010986328125,-0.04638671875,-0.02685546875,0.01806640625,0.030029296875,-0.000244140625,-0.004638671875,0.005126953125,-0.05029296875,-0.056640625,-0.056640625,-0.02294921875,-0.00634765625,-0.025146484375,-0.0244140625,0.000732421875,-0.029541015625,-0.051025390625,0.006103515625,0.0576171875,-0.03369140625,-0.01416015625,-0.008056640625,-0.0634765625,-0.0634765625,-0.0625,0.023193359375,0.048095703125,-0.0126953125,-0.02880859375,0.017822265625,0.020263671875,-0.053955078125,-0.044677734375,0.04833984375,-0.01513671875,-0.030029296875,-0.006103515625,-0.006103515625,-0.03125,-0.08642578125,-0.03271484375,0.057373046875,0.046875,-0.026123046875,-0.041748046875,-0.018798828125,-0.05126953125,0.013427734375,0.0625,-0.014404296875,-0.069091796875,-0.069091796875,0.00830078125,0.03955078125,-0.068115234375,-0.077880859375,0.056640625,0.070068359375,-0.06591796875,-0.064208984375,0.062255859375,-0.079345703125,-0.04541015625,0.0556640625,0.00439453125,0.00439453125,-0.09521484375,-0.037109375,0.0400390625,-0.01806640625,-0.05224609375,0.031982421875,0.059326171875,-0.04638671875,-0.000244140625,0.003662109375,-0.068603515625,-0.055908203125,-0.055908203125,0.032470703125,0.04443359375,-0.041748046875,-0.037109375,0.046875,0.0234375,-0.074462890625,-0.05810546875,0.007080078125,-0.035400390625,0.011474609375,0.047119140625,0.047119140625,-0.0029296875,-0.053955078125,-0.025146484375,0.0087890625,-0.0146484375,-0.001953125,0.016357421875,-0.033203125,-0.075927734375,-0.023193359375,0.017822265625,0.017822265625,-0.005859375,-0.046142578125,-0.014404296875,0.029541015625,-0.046875,-0.077880859375,0.015869140625,-0.009033203125,-0.045654296875,0.00537109375,0.02197265625,-0.05224609375,-0.06005859375,-0.06005859375,0.010009765625,0.01806640625,-0.049560546875,-0.02880859375,0.05078125,0.02294921875,-0.046630859375,-0.02294921875,0.037109375,-0.000732421875,-0.0185546875,0.010498046875,-0.04248046875,-0.075439453125,-0.0185546875,0.052001953125,0.052001953125,0.01513671875,-0.05029296875,0.001220703125,0.049072265625,-0.022216796875,-0.0927734375,-0.0458984375,-0.017578125,-0.051513671875,0.01123046875,0.068115234375,0.023681640625,0.023681640625,-0.0439453125,-0.010986328125,0.037841796875,0.01123046875,-0.029296875,-0.015625,0.001953125,-0.071044921875,-0.065185546875,0.02392578125,-0.046875,-0.024169921875,0.048095703125,0.01416015625,0.01416015625,-0.047607421875,-0.027587890625,0.01220703125,-0.02392578125,-0.09765625,-0.056884765625,0.0234375,-0.047607421875,-0.021484375,0.05419921875,0.01123046875,-0.05419921875,-0.010009765625,0.020263671875,0.020263671875,-0.0517578125,-0.070068359375,0.01708984375,0.038818359375,-0.026611328125,-0.01806640625,0.033935546875,-0.038330078125,-0.0234375,0.04443359375,0.014404296875,-0.06689453125,-0.058837890625,-0.058837890625,-0.00390625,-0.03759765625,-0.080078125,-0.0166015625,0.071533203125,0.02783203125,0.002197265625,0.027587890625,-0.037109375,-0.071533203125,-0.02197265625,0.00146484375,0.00146484375,-0.061767578125,-0.067138671875,0.04052734375,0.0791015625,-0.01416015625,-0.055908203125,0.042724609375,-0.061767578125,-0.07373046875,0.025390625,0.0205078125,-0.0732421875,-0.039794921875,-0.039794921875,0.062255859375,0.04248046875,-0.060791015625,-0.04150390625,0.063232421875,0.03515625,-0.066650390625,0.01318359375,-0.06005859375,-0.1005859375,0.042236328125,0.10302734375,-0.02978515625,-0.091796875,-0.091796875,0.019287109375,0.0439453125,-0.060791015625,-0.063720703125,0.03955078125,-0.081787109375,-0.0615234375,0.05615234375,0.03564453125,-0.092529296875,-0.04541015625,0.09716796875,0.0595703125,0.0595703125,-0.076171875,-0.065673828125,0.013671875,-0.04052734375,-0.0908203125,0.103515625,-0.027099609375,-0.1015625,0.015380859375,0.06884765625,-0.074951171875,-0.112548828125,0.0458984375,0.0458984375,0.056640625,-0.077880859375,-0.06201171875,0.04736328125,0.0361328125,-0.0224609375,0.081298828125,0.02587890625,-0.083740234375,-0.056884765625,0.0341796875,0.010986328125,0.010986328125,-0.073974609375,-0.0166015625,0.083740234375,0.010498046875,-0.002197265625,0.059814453125,-0.02392578125,-0.06689453125,0.008544921875,0.025390625,-0.099609375,-0.119873046875,-0.119873046875,0.043701171875,0.09375,-0.043701171875,-0.06640625,0.052001953125,-0.080810546875,-0.064697265625,0.012939453125,-0.010498046875,-0.060302734375,-0.015625,0.052490234375,0.052490234375,-0.002197265625,-0.07470703125,0.008056640625,0.021240234375,-0.10400390625,-0.02587890625,0.069091796875,-0.04541015625,-0.122314453125,0.007568359375,0.075927734375,0.075927734375,-0.054443359375,-0.087646484375,0.046875,-0.0439453125,-0.0576171875,0.0224609375,0.031982421875,-0.074951171875,-0.06494140625,0.028564453125,-0.014404296875,-0.091064453125,-0.091064453125,0.00146484375,0.09765625,0.048828125,-0.046630859375,0.06005859375,0.01708984375,-0.1123046875,-0.04833984375,0.07373046875,-0.015869140625,-0.11376953125,-0.11376953125,0.021728515625,0.12744140625,-0.02490234375,-0.000244140625,0.070068359375,-0.0185546875,-0.08349609375,-0.03173828125,0.009521484375,-0.056884765625,-0.09521484375,0.024169921875,0.024169921875,0.06982421875,-0.03466796875,-0.03173828125,0.040283203125,-0.0498046875,-0.0771484375,-0.01220703125,0.0419921875,-0.063720703125,-0.12353515625,0.03466796875,0.083740234375,0.083740234375,-0.05810546875,-0.0537109375,0.112548828125,-0.127685546875,-0.023193359375,0.104248046875,-0.041748046875,-0.158935546875,0.001220703125,0.09716796875,-0.049072265625,-0.1025390625,0.025634765625,0.025634765625,0.08349609375,-0.00341796875,0.022705078125,0.003173828125,-0.074462890625,-0.074951171875,-0.005859375,-0.041259765625,-0.079345703125,0.030517578125,0.1083984375,0.010009765625,-0.059326171875,-0.059326171875,0.02978515625,0.043701171875,-0.0595703125,-0.012939453125,-0.00146484375,-0.0439453125,-0.052734375,0.0087890625,0.03857421875,0.00341796875,-0.013671875,-0.0009765625,-0.0068359375,-0.0068359375,-0.027099609375,-0.02734375,-0.0517578125,-0.03369140625,-0.0185546875,-0.02099609375,0.013427734375,0.038818359375,-0.00341796875,-0.04150390625,0.005126953125,0.0087890625,-0.067138671875,-0.067138671875,-0.052490234375,-0.0205078125,-0.031005859375,0.05126953125,0.0302734375,-0.02490234375,0.023681640625,0.04638671875,-0.020751953125,-0.0576171875,-0.037109375,-0.02490234375,-0.0400390625,-0.0400390625,-0.060791015625,0.06298828125,0.0341796875,-0.032958984375,0.0029296875,0.037841796875,-0.003662109375,-0.030029296875,-0.041015625,-0.056640625,-0.0556640625,-0.056396484375,0.0,0.0,0.064697265625,-0.03955078125,0.028564453125,0.03955078125,-0.0322265625,-0.05078125,-0.025146484375,-0.03759765625,-0.06494140625,-0.00830078125,0.063232421875,0.009521484375,0.009521484375,-0.054931640625,0.046875,0.007568359375,-0.06005859375,-0.035888671875,0.01171875,-0.05029296875,-0.0908203125,-0.005859375,0.05712890625,-0.005126953125,-0.0205078125,0.03369140625,0.03369140625,0.0361328125,-0.063720703125,-0.011474609375,-0.000244140625,-0.073974609375,-0.067626953125,0.057373046875,0.06103515625,-0.04736328125,-0.0205078125,0.07763671875,0.052734375,0.052734375,-0.039306640625,-0.00341796875,-0.03271484375,-0.079345703125,-0.02734375,0.05712890625,0.01123046875,-0.06884765625,0.028076171875,0.103271484375,-0.0107421875,-0.0107421875,-0.0302734375,0.031005859375,-0.008056640625,-0.06640625,-0.0654296875,-0.0419921875,-0.042724609375,-0.027587890625,0.026611328125,0.06201171875,0.02783203125,-0.03955078125,-0.03955078125,-0.046630859375,-0.01123046875,0.008056640625,-0.011474609375,-0.013916015625,-0.01220703125,-0.022705078125,-0.00732421875,-0.00390625,-0.027099609375,0.000244140625,0.020263671875,-0.025146484375,-0.036865234375,-0.044921875,-0.0341796875,0.0302734375,0.015869140625,-0.011474609375,0.03466796875,-0.005859375,-0.069580078125,-0.03515625,-0.02294921875,-0.02294921875,0.02734375,-0.02734375,-0.0703125,-0.003173828125,0.027587890625,-0.01318359375,0.046875,0.048583984375,-0.01904296875,-0.001708984375,-0.01806640625,-0.08984375,-0.057861328125,0.051513671875,0.05322265625,0.013671875,0.007080078125,-0.031494140625,-0.033203125,0.00927734375,-0.0126953125,-0.025634765625,0.03759765625,0.04833984375,-0.0439453125,-0.073486328125,-0.044677734375,-0.036376953125,0.018310546875,0.018798828125,0.00048828125,0.021484375,-0.00390625,-0.03125,-0.057373046875,-0.0732421875,-0.01611328125,0.02880859375,0.004638671875,0.0107421875,-0.024658203125,-0.1025390625,-0.034912109375,0.009765625,-0.035888671875,0.03369140625,0.04150390625,-0.073486328125,-0.083251953125,-0.03955078125,-0.020263671875,0.03271484375,0.037109375,-0.02685546875,-0.011474609375,0.017333984375,-0.050537109375,-0.093505859375,-0.04638671875,0.012939453125,0.060546875,0.069580078125,-0.00830078125,-0.0751953125,-0.05126953125,0.00390625,0.056396484375,0.07568359375,0.019775390625,-0.04443359375,-0.057373046875,-0.048828125,-0.032470703125,-0.04248046875,-0.0771484375,-0.03955078125,0.042724609375,0.069091796875,0.054443359375,0.028564453125,0.00537109375,-0.01611328125,-0.054443359375,-0.083251953125,-0.07861328125,-0.05322265625,-0.028564453125,-0.01416015625,0.003662109375,0.01416015625,0.001220703125,0.00244140625,0.0322265625,0.0322265625,0.00634765625,-0.007080078125,0.017578125,0.021240234375,-0.0595703125,-0.097412109375,-0.031005859375,-0.005859375,-0.03955078125,-0.004150390625,0.0146484375,0.00927734375,-0.01416015625,-0.01416015625,-0.049072265625,0.040283203125,-0.049072265625,0.02392578125,0.01806640625,-0.142822265625,0.042236328125,-0.033447265625,-0.087158203125,0.043212890625,-0.063720703125,0.053955078125,-0.099609375,-0.099609375,-0.00830078125,-0.017822265625,0.023193359375,0.0712890625,0.014892578125,0.0234375,-0.0078125,-0.064697265625,-0.044189453125,-0.08154296875,-0.030517578125,0.020751953125,0.020751953125,0.020751953125,-0.01806640625,0.00732421875,0.008056640625,-0.009521484375,0.032958984375,-0.02197265625,-0.017822265625,-0.01416015625,-0.08349609375,-0.027099609375,-0.034912109375,-0.034912109375,-0.006591796875,-0.0126953125,-0.03564453125,-0.015625,0.035888671875,0.01708984375,-0.018798828125,-0.022216796875,-0.02587890625,0.01806640625,-0.039306640625,-0.0478515625,-0.0478515625,-0.05126953125,-0.052001953125,0.009033203125,-0.006103515625,-0.024169921875,-0.00732421875,0.037109375,0.047119140625,-0.04248046875,-0.095703125,0.05517578125,0.059326171875,0.059326171875,-0.041259765625,-0.0966796875,-0.048828125,0.05126953125,0.07275390625,-0.0419921875,-0.088134765625,-0.004150390625,0.087158203125,-0.093994140625,-0.071044921875,-0.071044921875,0.0634765625,0.075439453125,-0.05078125,-0.10400390625,0.011962890625,0.09521484375,-0.0048828125,-0.1337890625,-0.06494140625,0.095703125,0.060546875,-0.083740234375,0.07763671875,0.086181640625,0.086181640625,-0.0556640625,-0.099365234375,0.036376953125,0.06640625,-0.081787109375,-0.13134765625,-0.0322265625,0.047119140625,0.001953125,-0.02685546875,-0.05029296875,-0.05029296875,-0.014892578125,0.021240234375,0.001708984375,-0.054931640625,-0.058837890625,0.04931640625,0.04150390625,-0.089111328125,-0.073974609375,0.058837890625,-0.037109375,-0.08447265625,-0.08447265625,0.00830078125,0.01953125,-0.01318359375,-0.010986328125,0.021240234375,0.03076171875,-0.009033203125,-0.0029296875,0.031982421875,-0.006103515625,0.004150390625,0.032958984375,-0.0244140625,-0.0244140625,-0.037109375,0.01806640625,0.033935546875,-0.05859375,-0.081787109375,0.010498046875,0.05810546875,0.0009765625,-0.053955078125,0.0107421875,-0.056884765625,-0.0546875,0.000732421875,0.000732421875,0.0048828125,-0.029541015625,-0.03173828125,0.01513671875,0.009765625,-0.05712890625,-0.028076171875,0.017578125,-0.017333984375,-0.059814453125,-0.01611328125,0.001708984375,-0.075439453125,-0.033935546875,0.031494140625,0.031494140625,-0.033447265625,-0.06787109375,0.02294921875,0.051025390625,-0.01318359375,-0.076904296875,-0.023681640625,0.02197265625,-0.037841796875,0.05322265625,0.052978515625,-0.034912109375,-0.056640625,-0.056640625,0.0068359375,0.0224609375,-0.065673828125,-0.043212890625,0.0498046875,0.03369140625,-0.02490234375,-0.017822265625,0.0068359375,-0.06494140625,-0.0234375,0.0361328125,-0.005615234375,-0.005615234375,-0.06298828125,-0.01708984375,0.02197265625,-0.029052734375,-0.07080078125,-0.00537109375,0.035888671875,-0.01708984375,0.014404296875,0.029296875,-0.07861328125,-0.1083984375,0.009765625,0.009765625,0.054443359375,-0.021484375,-0.035888671875,0.020751953125,0.01318359375,-0.04443359375,-0.046142578125,0.020263671875,-0.051025390625,-0.011474609375,0.060302734375,0.00537109375,-0.059326171875,-0.059326171875,-0.027587890625,0.00927734375,-0.020263671875,-0.033447265625,0.025146484375,0.036865234375,-0.010009765625,-0.032958984375,-0.0302734375,-0.078369140625,-0.0380859375,0.065673828125,0.04638671875,0.04638671875,-0.0302734375,-0.017578125,0.033935546875,-0.009033203125,-0.097900390625,-0.0732421875,0.02978515625,-0.029541015625,0.011962890625,0.076171875,0.00927734375,-0.099365234375,-0.099365234375,-0.08056640625,0.012939453125,0.010009765625,-0.039306640625,0.00244140625,0.041015625,-0.048828125,-0.028564453125,-0.0087890625,-0.049560546875,-0.061279296875,-0.061279296875,0.033935546875,0.05908203125,-0.0244140625,-0.03076171875,0.017578125,-0.0244140625,-0.073974609375,0.061279296875,0.071533203125,-0.025146484375,-0.02490234375,0.049560546875,0.049560546875,0.02392578125,-0.0712890625,-0.054931640625,0.027099609375,-0.000732421875,-0.06298828125,0.052490234375,-0.012939453125,-0.06201171875,-0.0009765625,0.0322265625,0.0322265625,-0.041748046875,-0.0810546875,0.007568359375,0.044677734375,-0.04052734375,-0.056640625,0.0244140625,-0.0712890625,-0.089599609375,0.013916015625,0.038818359375,-0.045654296875,-0.045654296875,-0.044921875,0.05078125,0.023193359375,-0.06494140625,-0.042236328125,0.017578125,-0.068115234375,-0.025390625,0.05908203125,0.02734375,-0.046142578125,-0.000732421875,-0.000732421875,0.0556640625,-0.030517578125,-0.1005859375,-0.033447265625,0.01953125,-0.01513671875,0.027099609375,0.046875,-0.03271484375,-0.0634765625,0.0146484375,-0.00146484375,-0.00146484375,-0.072265625,-0.044189453125,0.047119140625,0.016845703125,-0.0654296875,-0.00732421875,-0.009521484375,-0.100830078125,-0.051513671875,0.064453125,0.029052734375,-0.065673828125,0.001708984375,0.001708984375,0.057861328125,-0.0185546875,-0.07666015625,-0.039794921875,0.014892578125,-0.041015625,0.038818359375,0.045654296875,-0.041015625,-0.047119140625,0.010986328125,-0.00927734375,-0.08203125,-0.08203125,-0.069091796875,0.036376953125,0.041259765625,-0.05224609375,-0.027587890625,0.006591796875,-0.092529296875,-0.031005859375,0.055419921875,0.00537109375,-0.088623046875,-0.030517578125,0.076904296875,0.076904296875,0.021728515625,-0.065185546875,0.00390625,0.078857421875,-0.0107421875,-0.0048828125,0.055419921875,-0.043212890625,-0.103759765625,0.01806640625,0.08251953125,-0.034912109375,-0.09033203125,-0.09033203125,0.02001953125,0.041259765625,-0.0673828125,-0.068115234375,0.04443359375,-0.07080078125,-0.083251953125,0.01904296875,0.030517578125,-0.058837890625,-0.053466796875,0.048828125,0.03564453125,0.03564453125,-0.056640625,-0.0166015625,0.054931640625,0.0009765625,-0.039794921875,0.037841796875,-0.017822265625,-0.060302734375,0.035400390625,0.07470703125,-0.03173828125,-0.0859375,0.01953125,0.01953125,0.04345703125,-0.067138671875,-0.08251953125,0.036376953125,-0.068359375,-0.0439453125,0.046630859375,0.0361328125,-0.06005859375,-0.04833984375,0.06201171875,0.0224609375,-0.096923828125,-0.096923828125,-0.049560546875,0.05908203125,0.01025390625,-0.06494140625,0.0693359375,0.005126953125,-0.076171875,-0.001220703125,0.05615234375,-0.043701171875,-0.087646484375,0.008544921875,0.0615234375,0.0615234375,-0.024658203125,-0.07373046875,0.02392578125,-0.075927734375,-0.09033203125,0.023681640625,0.053955078125,-0.0458984375,-0.048095703125,0.042724609375,-0.009033203125,-0.0966796875,-0.0966796875,-0.029541015625,0.084716796875,0.02734375,-0.0478515625,0.0517578125,-0.00390625,-0.0712890625,0.0087890625,0.06103515625,-0.034423828125,-0.080810546875,-0.080810546875,0.023681640625,0.064697265625,-0.05615234375,0.041015625,0.08984375,-0.059326171875,-0.102294921875,0.041015625,0.061279296875,-0.080322265625,-0.08935546875,0.053466796875,0.053466796875,0.047119140625,-0.079833984375,0.060546875,0.05126953125,-0.068115234375,-0.03369140625,0.06298828125,0.0029296875,-0.112548828125,-0.0498046875,0.065673828125,0.0087890625,0.0087890625,-0.06787109375,0.0009765625,-0.0087890625,-0.105712890625,-0.001953125,0.077392578125,-0.0400390625,-0.120849609375,-0.002685546875,0.063232421875,-0.046875,-0.046875,-0.068115234375,0.053466796875,-0.079345703125,-0.0908203125,0.037109375,0.041015625,-0.069580078125,-0.05029296875,0.06005859375,0.024169921875,-0.06591796875,-0.04296875,-0.04296875,0.04248046875,0.012451171875,-0.007080078125,0.09375,0.0068359375,-0.08935546875,-0.013671875,0.05126953125,-0.03271484375,-0.116455078125,-0.014404296875,0.078857421875,0.078857421875,-0.0224609375,0.031982421875,0.037841796875,-0.072998046875,-0.09130859375,0.033447265625,0.036865234375,-0.087646484375,-0.06005859375,0.06396484375,0.01708984375,-0.08740234375,-0.022705078125,-0.022705078125,0.07958984375,-0.094482421875,-0.005615234375,0.072265625,-0.042236328125,-0.113525390625,0.0068359375,0.09716796875,0.001220703125,-0.073974609375,0.041259765625,0.09912109375,-0.062255859375,-0.062255859375,-0.1376953125,0.079833984375,-0.057373046875,-0.123046875,0.02978515625,0.090576171875,-0.0458984375,-0.0849609375,0.041259765625,0.054931640625,-0.092041015625,-0.091552734375,0.053466796875,0.053466796875,0.0380859375,-0.045654296875,0.07958984375,0.016845703125,-0.107177734375,-0.02734375,0.095458984375,0.014892578125,-0.09619140625,-0.0234375,0.070556640625,-0.018310546875,-0.112060546875,-0.112060546875,0.065673828125,-0.014892578125,-0.0673828125,0.02978515625,0.053466796875,-0.080078125,-0.084228515625,0.063720703125,0.047607421875,-0.0908203125,-0.081298828125,0.059814453125,0.02587890625,-0.1123046875,-0.052978515625,-0.052978515625,0.0341796875,-0.077392578125,-0.0224609375,0.07958984375,0.00341796875,-0.113525390625,-0.0400390625,0.07470703125,0.018310546875,-0.058349609375,0.016357421875,0.073974609375,-0.055908203125,-0.055908203125,0.036376953125,0.0888671875,-0.040283203125,-0.088623046875,0.025390625,0.054931640625,-0.072265625,-0.089111328125,0.055419921875,0.05126953125,-0.099609375,-0.09912109375,0.04345703125,0.04345703125,-0.063232421875,-0.052001953125,0.063232421875,0.0166015625,-0.092041015625,-0.037109375,0.063232421875,0.01171875,-0.07666015625,-0.00439453125,0.067138671875,-0.02197265625,-0.061279296875,0.023193359375,0.027099609375,-0.090576171875,-0.085205078125,0.0712890625,0.084716796875,-0.07275390625,-0.074951171875,0.073486328125,0.050048828125,-0.109130859375,-0.0869140625,0.07470703125,0.043212890625,-0.1123046875,-0.07861328125,0.072509765625,0.027587890625,-0.08837890625,-0.04248046875,0.085205078125,0.034912109375,-0.104736328125,-0.03857421875,0.070556640625,-0.024169921875,-0.103515625,0.006591796875,0.078857421875,-0.02734375,-0.075439453125,0.04736328125,0.06689453125,-0.081298828125,-0.104248046875,0.057373046875,0.08837890625,-0.076171875,-0.096435546875,0.055419921875,0.03369140625,-0.12060546875,-0.068359375,0.102783203125,0.050048828125,-0.103759765625,-0.060546875,0.073974609375,0.017578125,-0.114501953125,-0.0537109375,0.076171875,0.00927734375,-0.090576171875,-0.000244140625,0.09619140625,-0.0185546875,-0.109130859375,0.03125,0.09912109375,-0.05224609375,-0.09814453125,0.051025390625,0.068115234375,-0.08203125,-0.07763671875,0.071533203125,0.069580078125,-0.07373046875,-0.076416015625,0.052978515625,0.012451171875,-0.11083984375,-0.046630859375,0.084228515625,0.026611328125,-0.092041015625,-0.02099609375,0.075439453125,-0.0439453125,-0.140625,0.005126953125,0.11083984375,-0.03662109375,-0.12353515625,0.023681640625,0.08251953125,-0.0888671875,-0.0888671875,0.051025390625,0.07568359375,-0.0654296875,-0.073486328125,0.0693359375,0.05615234375,-0.100830078125,-0.069580078125,0.0791015625,0.017333984375,-0.108154296875,-0.034423828125,0.010498046875,0.010498046875,-0.107177734375,-0.034423828125,0.10595703125,0.004638671875,-0.13037109375,-0.01220703125,0.0927734375,-0.0419921875,-0.13134765625,0.0126953125,0.101806640625,-0.047607421875,0.047607421875,0.047607421875,0.0966796875,-0.062744140625,-0.09130859375,0.053955078125,0.049560546875,-0.09716796875,-0.06982421875,0.070068359375,0.0400390625,-0.093017578125,-0.04736328125,0.108642578125,-0.114501953125,-0.114501953125,-0.035888671875,0.083984375,-0.025634765625,-0.148681640625,-0.037109375,0.122314453125,0.008544921875,-0.1298828125,-0.001220703125,0.1064453125,-0.03271484375,-0.13623046875,0.10205078125,0.10205078125,-0.02685546875,-0.093017578125,0.01611328125,0.05078125,-0.0693359375,-0.08349609375,0.045654296875,0.068603515625,-0.05029296875,-0.03955078125,0.0869140625,-0.125,-0.062744140625,-0.062744140625,0.056396484375,-0.0126953125,-0.08984375,0.002685546875,0.100830078125,0.0068359375,-0.09326171875,-0.009521484375,0.063720703125,-0.048583984375,-0.115478515625,-0.001953125,0.052734375,-0.068115234375,0.084716796875,0.084716796875,0.0986328125,-0.059326171875,-0.0908203125,0.007568359375,0.025146484375,-0.080322265625,-0.052978515625,0.081298828125,0.049560546875,-0.054931640625,-0.02880859375,-0.03125,-0.08984375,-0.08984375,-0.00634765625,0.076171875,-0.012939453125,-0.06591796875,0.023681640625,0.055908203125,-0.070068359375,-0.115478515625,0.02685546875,0.08935546875,-0.038330078125,0.040771484375,0.053466796875,0.053466796875,-0.07470703125,-0.09814453125,0.0224609375,0.040283203125,-0.05517578125,-0.035400390625,0.0595703125,0.03466796875,-0.054443359375,0.038330078125,-0.033935546875,-0.086181640625,-0.086181640625,0.008544921875,0.075439453125,-0.019287109375,-0.083251953125,0.014892578125,0.0751953125,-0.048095703125,-0.091552734375,0.02783203125,-0.06591796875,-0.066650390625,0.025634765625,0.025634765625,0.049072265625,-0.033203125,-0.05126953125,0.00390625,0.01123046875,-0.05224609375,-0.043701171875,0.042236328125,-0.075439453125,-0.03759765625,0.044189453125,0.044189453125,0.01806640625,-0.042724609375,0.023681640625,0.071533203125,-0.04541015625,-0.114990234375,-0.028076171875,0.05078125,0.00048828125,0.009033203125,0.04638671875,-0.019287109375,-0.019287109375,-0.055419921875,0.001953125,0.005615234375,-0.06005859375,-0.068359375,-0.015625,0.02294921875,0.000244140625,0.048583984375,-0.002197265625,-0.07421875,-0.050537109375,-0.050537109375,0.003173828125,0.000732421875,-0.02685546875,-0.01025390625,0.019287109375,0.0,-0.037109375,-0.00732421875,-0.01904296875,-0.0546875,-0.02099609375,-0.02099609375,-0.000244140625,-0.002685546875,-0.023681640625,-0.0302734375,0.00390625,-0.019775390625,-0.026123046875,0.0205078125,-0.02978515625,-0.039306640625,-0.02587890625,-0.01513671875,-0.035400390625,-0.035400390625,-0.01123046875,0.017578125,0.013916015625,-0.008056640625,-0.02587890625,-0.01318359375,0.00537109375,-0.01171875,-0.007080078125,0.009521484375,-0.017822265625,-0.0341796875,-0.0341796875,0.00634765625,0.01953125,-0.006103515625,0.007080078125,0.0234375,-0.021240234375,-0.050537109375,-0.0244140625,-0.037353515625,-0.017333984375,0.004638671875,0.0107421875,-0.006103515625,-0.006103515625,-0.0302734375,-0.013427734375,-0.002685546875,-0.044921875,-0.044677734375,0.01025390625,0.016357421875,-0.01708984375,-0.02783203125,-0.021728515625,-0.0244140625,-0.023681640625,0.014404296875,0.014404296875,0.05126953125,0.018310546875,-0.040771484375,-0.03125,-0.019775390625,-0.034912109375,-0.006591796875,0.004638671875,0.0126953125,-0.015380859375,-0.015380859375,-0.026123046875,-0.036865234375,-0.01708984375,0.0146484375,0.0146484375,-0.002685546875,-0.020263671875,0.0,-0.005126953125,-0.02880859375,-0.029296875,-0.025390625,0.008056640625,-0.00634765625,-0.02001953125,0.00390625,0.004638671875,-0.033935546875,-0.033935546875,-0.020263671875,0.015625,0.000732421875,-0.030029296875,-0.015625,0.007080078125,-0.015869140625,-0.002685546875,0.024658203125,0.020263671875,-0.029052734375,-0.042236328125,-0.02880859375,-0.02880859375,-0.025634765625,-0.038330078125,-0.006103515625,0.02294921875,0.00927734375,-0.0205078125,-0.014892578125,-0.0283203125,-0.028564453125,-0.008056640625,0.00537109375,-0.01025390625,-0.01220703125,-0.01220703125,0.0078125,0.001708984375,-0.033203125,-0.03076171875,0.018310546875,0.024658203125,-0.0263671875,-0.005859375,-0.017822265625,-0.06005859375,-0.02880859375,0.0302734375,0.0302734375,0.031494140625,-0.000732421875,-0.007568359375,-0.010009765625,-0.029541015625,-0.03515625,0.014404296875,-0.011474609375,-0.011474609375,-0.004150390625,-0.01513671875,-0.046875,-0.046875,-0.009765625,0.03173828125,-0.00439453125,-0.045166015625,-0.0283203125,-0.08154296875,-0.05908203125,0.008544921875,0.05126953125,0.06494140625,0.02734375,-0.014404296875,-0.014404296875,-0.03173828125,-0.07177734375,-0.087890625,-0.03759765625,0.01611328125,0.01171875,-0.0283203125,-0.030029296875,0.00341796875,-0.00634765625,-0.0068359375,-0.0068359375,-0.0048828125,-0.015869140625,-0.006591796875,0.006591796875,-0.01611328125,-0.027587890625,0.022216796875,0.01025390625,-0.0361328125,-0.044921875,-0.022705078125,-0.01611328125,-0.03271484375,-0.03271484375,-0.029541015625,0.02880859375,0.033935546875,0.021484375,0.009033203125,-0.02001953125,-0.03173828125,-0.03173828125,-0.01904296875,-0.010498046875,0.011474609375,-0.022216796875,-0.022216796875,-0.02783203125,-0.017578125,-0.012939453125,0.000244140625,-0.015625,-0.020751953125,-0.024169921875,-0.0234375,-0.00634765625,-0.00537109375,0.036865234375,-0.023681640625,-0.023681640625,-0.026123046875,-0.02294921875,-0.041748046875,0.0283203125,0.01513671875,-0.01904296875,-0.042236328125,0.048828125,-0.088623046875,0.033935546875,0.04931640625,-0.0849609375,-0.0849609375,0.0615234375,-0.044189453125,-0.06494140625,0.070068359375,-0.044921875,0.03564453125,-0.01171875,-0.002197265625,0.013916015625,-0.009521484375,-0.03662109375,-0.02783203125,-0.024169921875,-0.02490234375,-0.02490234375,0.03125,0.01513671875,-0.006591796875,-0.0048828125,-0.0341796875,0.004638671875,0.005859375,0.00244140625,0.00048828125,-0.006103515625,-0.031494140625,-0.031005859375,-0.031005859375,-0.019287109375,-0.019775390625,-0.01708984375,-0.045166015625,-0.028564453125,-0.00830078125,0.01708984375,0.05224609375,0.0458984375,0.04248046875,0.026123046875,-0.015380859375,-0.036376953125,-0.04345703125,-0.04345703125,-0.0439453125,-0.0419921875,-0.046142578125,-0.02294921875,0.001220703125,0.021728515625,0.034423828125,0.02490234375,-0.003173828125,-0.034912109375,-0.045654296875,-0.003173828125,0.044921875,0.044921875,0.02294921875,-0.0517578125,-0.09716796875,-0.0673828125,0.002685546875,-0.0537109375,-0.062744140625,0.029052734375,0.078369140625,0.00048828125,-0.051513671875,0.00341796875,-0.005126953125,-0.005126953125,-0.059814453125,0.005126953125,0.00537109375,-0.00634765625,-0.012939453125,-0.09326171875,0.017333984375,0.10302734375,0.02099609375,-0.0087890625,-0.01806640625,-0.06640625,-0.051025390625,-0.051025390625,-0.012451171875,-0.031005859375,0.014404296875,0.036376953125,-0.0478515625,-0.0517578125,-0.0205078125,-0.0048828125,0.001953125,-0.006103515625,0.005615234375,0.033447265625,-0.012939453125,-0.063232421875,-0.063232421875,-0.026123046875,0.02294921875,0.00390625,-0.005126953125,-0.046142578125,-0.090087890625,-0.04736328125,-0.010498046875,0.009033203125,0.049560546875,0.0439453125,-0.027099609375,-0.027099609375,-0.05126953125,-0.02880859375,-0.01513671875,0.02880859375,-0.043701171875,-0.0732421875,-0.017333984375,-0.01904296875,-0.03076171875,-0.01513671875,-0.01611328125,0.017333984375,0.017333984375,0.0654296875,-0.034423828125,-0.03857421875,-0.058837890625,-0.053955078125,-0.01171875,0.016845703125,0.015869140625,-0.01171875,-0.0146484375,0.004638671875,0.004638671875,-0.010498046875,-0.030029296875,0.017822265625,0.044921875,-0.001220703125,-0.052490234375,-0.035400390625,0.01123046875,0.030029296875,0.004150390625,-0.010986328125,0.013916015625,0.013916015625,0.021484375,-0.088623046875,-0.0712890625,0.058837890625,0.104248046875,-0.023681640625,-0.082763671875,0.0302734375,0.06103515625,-0.0517578125,-0.107177734375,-0.015380859375,-0.015380859375,0.06884765625,-0.165283203125,-0.04296875,0.1337890625,0.022216796875,-0.142578125,-0.01220703125,0.12939453125,-0.027587890625,-0.185546875,-0.060791015625,-0.060791015625,0.102783203125,-0.14013671875,-0.063232421875,0.110595703125,0.05517578125,-0.104248046875,-0.038330078125,0.111572265625,0.046142578125,-0.0869140625,-0.034912109375,0.05712890625,0.05712890625,-0.0009765625,-0.011474609375,0.0810546875,0.031494140625,-0.0341796875,0.00537109375,0.04736328125,-0.01611328125,-0.071044921875,-0.03466796875,-0.001953125,-0.0283203125,-0.0283203125,-0.050048828125,0.020263671875,0.021484375,0.01806640625,0.0048828125,-0.012451171875,-0.007568359375,-0.009765625,-0.038330078125,-0.064208984375,-0.035400390625,0.00927734375,0.00927734375,-0.046630859375,-0.01123046875,0.06396484375,0.038818359375,-0.044921875,-0.031982421875,0.040283203125,0.008544921875,-0.103271484375,-0.105712890625,-0.004638671875,0.001220703125,0.001220703125,-0.02978515625,0.081787109375,0.031494140625,-0.056884765625,-0.02734375,0.02392578125,-0.01025390625,-0.067138671875,-0.04638671875,-0.000244140625,-0.028076171875,-0.05224609375,0.024169921875,0.088134765625,0.0087890625,-0.065673828125,0.01953125,0.096435546875,-0.017333984375,-0.118408203125,-0.024658203125,0.054931640625,-0.02734375,-0.09228515625,-0.09228515625,0.068115234375,0.0009765625,-0.00634765625,0.02685546875,-0.01123046875,-0.052001953125,-0.022705078125,0.009521484375,-0.043212890625,-0.08984375,-0.007568359375,0.079833984375,0.006103515625,-0.0927734375,0.002197265625,0.10400390625,0.0,-0.142578125,-0.071533203125,0.109130859375,0.033935546875,-0.159912109375,-0.094970703125,0.1181640625,0.08935546875,-0.10107421875,-0.06298828125,0.067138671875,0.010498046875,-0.09033203125,-0.031005859375,0.02587890625,-0.064453125,-0.090576171875,0.021728515625,0.082763671875,-0.041259765625,-0.077392578125,0.05224609375,0.0546875,-0.058837890625,-0.05859375,0.01953125,-0.014892578125,-0.0966796875,-0.031982421875,0.051513671875,0.01513671875,-0.045654296875,-0.014892578125,0.059814453125,0.01318359375,-0.027099609375,0.015869140625,0.021484375,-0.077392578125,-0.095458984375,0.029052734375,0.069091796875,-0.027587890625,-0.06640625,0.04248046875,0.080078125,-0.02734375,-0.060791015625,0.00830078125,0.0068359375,-0.073974609375,-0.062744140625,0.009521484375,-0.013916015625,-0.06787109375,0.010498046875,0.1064453125,0.009765625,-0.10009765625,-0.0263671875,0.05419921875,-0.037353515625,-0.109375,0.00537109375,0.08154296875,-0.040283203125,-0.1025390625,0.03173828125,0.096435546875,-0.05078125,-0.092041015625,0.06103515625,0.07666015625,-0.067626953125,-0.090576171875,0.01806640625,0.008544921875,-0.085205078125,-0.017578125,0.094482421875,0.021484375,-0.10546875,-0.036865234375,0.08349609375,-0.00732421875,-0.11279296875,-0.013427734375,0.091064453125,-0.024658203125,-0.132568359375,-0.010498046875,-0.02099609375,-0.02099609375,-0.072265625,0.034912109375,0.080078125,-0.04296875,-0.082275390625,0.01416015625,0.0478515625,-0.045654296875,-0.080810546875,0.02392578125,0.06201171875,-0.048583984375,0.06103515625,0.06103515625,0.04541015625,-0.092529296875,-0.043212890625,0.07275390625,0.0078125,-0.110595703125,-0.05615234375,0.05810546875,0.012939453125,-0.0615234375,0.0,-0.0263671875,-0.094970703125,-0.094970703125,-0.00048828125,0.056396484375,-0.04736328125,-0.09521484375,0.01025390625,0.0576171875,-0.02978515625,-0.046630859375,0.0390625,0.043701171875,-0.057861328125,-0.063232421875,0.048828125,0.048828125,-0.081787109375,-0.09521484375,0.0078125,0.023193359375,-0.052734375,-0.032958984375,0.0712890625,0.02294921875,-0.09423828125,-0.0341796875,-0.009765625,-0.092529296875,-0.092529296875,-0.03466796875,0.052978515625,-0.00830078125,-0.082275390625,-0.008056640625,0.078125,-0.0078125,-0.076904296875,0.010498046875,-0.023193359375,-0.1083984375,-0.1083984375,-0.018798828125,0.04345703125,-0.02587890625,-0.068603515625,0.030517578125,0.085693359375,-0.022705078125,-0.072998046875,0.021728515625,0.04541015625,-0.056396484375,0.015869140625,0.015869140625,0.0107421875,-0.07080078125,-0.05126953125,0.036376953125,0.02294921875,-0.063232421875,-0.0458984375,0.04541015625,0.019775390625,-0.040283203125,0.037353515625,0.0068359375,0.0068359375,-0.05126953125,-0.009765625,0.041748046875,0.0087890625,-0.035888671875,0.002685546875,0.040771484375,-0.01513671875,-0.05322265625,0.00439453125,-0.047119140625,-0.064697265625,-0.064697265625,0.01904296875,0.04443359375,-0.03466796875,-0.046142578125,0.03125,0.0234375,-0.06787109375,-0.052978515625,0.001953125,-0.093017578125,-0.05078125,-0.05078125,0.04345703125,0.01025390625,-0.05126953125,0.012939453125,0.08154296875,-0.008056640625,-0.075927734375,0.008056640625,0.05126953125,-0.09521484375,0.018798828125,0.067626953125,0.067626953125,-0.0322265625,-0.058349609375,0.05224609375,0.066650390625,-0.061279296875,-0.072509765625,0.042236328125,0.0283203125,-0.09521484375,0.025146484375,0.01318359375,-0.077392578125,-0.0322265625,-0.0322265625,0.06787109375,0.028564453125,-0.0625,-0.02294921875,0.052490234375,-0.022705078125,-0.090576171875,-0.01904296875,0.018798828125,-0.05419921875,0.043701171875,0.06005859375,-0.04150390625,-0.04150390625,-0.055908203125,0.04736328125,0.058349609375,-0.06201171875,-0.083251953125,0.01513671875,0.016845703125,-0.065673828125,-0.045654296875,0.043212890625,-0.064697265625,-0.033447265625,0.0595703125,0.0595703125,-0.00390625,-0.10205078125,-0.031982421875,0.048583984375,-0.03955078125,-0.1162109375,0.07861328125,-0.0185546875,-0.07470703125,0.026123046875,0.026123046875,0.082763671875,-0.0185546875,-0.081298828125,0.004638671875,0.035888671875,-0.06982421875,-0.082275390625,0.034912109375,-0.0322265625,-0.02880859375,0.060546875,0.017822265625,-0.093017578125,-0.093017578125,-0.04541015625,0.05029296875,0.001953125,-0.091796875,-0.04296875,0.05126953125,-0.003662109375,-0.07958984375,0.071533203125,-0.003173828125,-0.077880859375,-0.009765625,-0.009765625,0.05078125,-0.038818359375,-0.11083984375,-0.0185546875,0.07421875,0.018798828125,-0.041015625,0.00390625,-0.05615234375,-0.047119140625,0.053466796875,0.06689453125,-0.03759765625,-0.03759765625,-0.076416015625,-0.004150390625,0.006591796875,-0.065673828125,-0.02587890625,0.0576171875,0.004150390625,-0.071533203125,0.045654296875,-0.017333984375,-0.089111328125,-0.029541015625,0.04833984375,0.009521484375,0.009521484375,-0.047119140625,-0.017578125,0.031494140625,-0.010498046875,-0.05615234375,0.017822265625,0.06640625,-0.018798828125,-0.096435546875,0.041259765625,0.002685546875,-0.015625,0.04052734375,0.039306640625,-0.04052734375,-0.04052734375,-0.07177734375,0.011962890625,0.041259765625,-0.05029296875,-0.05810546875,0.01806640625,0.0166015625,-0.04150390625,-0.039306640625,0.013671875,-0.050048828125,-0.0234375,0.033447265625,0.00634765625,-0.058837890625,-0.05908203125,-0.05908203125,-0.001953125,0.007080078125,-0.021728515625,-0.006103515625,0.01220703125,-0.008056640625,-0.0283203125,-0.001953125,0.010498046875,-0.033935546875,-0.03076171875,-0.03076171875,-0.049560546875,-0.037353515625,0.014404296875,0.014404296875,0.02734375,-0.014404296875,-0.01220703125,0.019287109375,-0.0087890625,-0.0458984375,-0.036865234375,-0.000244140625,-0.056884765625,-0.012451171875,0.03515625,-0.001708984375,-0.03759765625,-0.000244140625,0.042724609375,0.001953125,0.001953125,-0.045654296875,-0.02001953125,0.012451171875,-0.02294921875,-0.040283203125,0.0029296875,0.032470703125,-0.033935546875,-0.00048828125,0.017578125,-0.026123046875,-0.03564453125,0.008544921875,-0.002685546875,-0.05615234375,-0.05615234375,-0.06005859375,-0.0107421875,-0.005615234375,-0.03955078125,-0.0078125,0.039794921875,0.015869140625,-0.0205078125,-0.00830078125,-0.044921875,-0.057373046875,-0.01806640625,0.02587890625,0.02734375,-0.01220703125,-0.018798828125,-0.0078125,-0.01416015625,-0.01416015625,0.00732421875,0.038818359375,0.017578125,-0.05078125,-0.0498046875,-0.002685546875,-0.007080078125,-0.034912109375,-0.01904296875,0.0263671875,0.001708984375,-0.024169921875,0.006591796875,-0.037353515625,-0.02978515625,-0.067626953125,-0.02685546875,0.017578125,-0.007080078125,-0.041259765625,-0.01025390625,-0.024169921875,-0.031982421875,0.027099609375,0.043701171875,-0.0166015625,-0.0498046875,-0.00732421875,0.0205078125,-0.0244140625,-0.045166015625,-0.00146484375,0.017578125,-0.010986328125,-0.00537109375,0.03271484375,0.00439453125,-0.055419921875,-0.046142578125,0.0107421875,0.0107421875,0.021240234375,-0.02490234375,-0.032958984375,-0.0166015625,-0.03271484375,-0.037109375,0.000244140625,0.027587890625,-0.01611328125,-0.04736328125,-0.020751953125,0.009033203125,-0.0087890625,-0.037841796875,-0.0107421875,0.011474609375,-0.011474609375,0.017578125,0.002197265625,-0.034423828125,-0.0224609375,0.019287109375,0.004638671875,-0.031494140625,-0.017822265625,0.009765625,-0.01611328125,-0.0400390625,0.00439453125,0.031982421875,-0.026611328125,-0.070068359375,-0.009765625,0.027099609375,-0.0322265625,-0.055908203125,-0.055908203125,0.01025390625,0.0390625,-0.023193359375,-0.041259765625,0.0146484375,0.035888671875,-0.03125,-0.056640625,0.0068359375,0.009521484375,-0.05859375,0.031982421875,0.06005859375,-0.030029296875,-0.048828125,0.03515625,0.0341796875,-0.0517578125,-0.0517578125,0.0341796875,0.01904296875,-0.092041015625,-0.07373046875,0.035400390625,0.02880859375,-0.0625,-0.03955078125,0.0546875,0.0546875,0.032958984375,-0.051513671875,-0.05615234375,0.016845703125,0.002685546875,-0.052978515625,0.04296875,0.034912109375,-0.020263671875,-0.025390625,-0.001953125,0.022216796875,0.00439453125,0.01318359375,0.00927734375,-0.039306640625,-0.056640625,-0.019287109375,0.009521484375,0.009521484375,-0.0224609375,-0.028564453125,0.003173828125,0.01025390625,0.001220703125,0.01171875,-0.01123046875,-0.048095703125,-0.052734375,-0.019287109375,-0.014404296875,-0.0283203125,-0.010986328125,0.004150390625,-0.0205078125,-0.01611328125,0.03662109375,0.046630859375,0.046630859375,-0.023681640625,-0.063232421875,-0.01513671875,0.020751953125,-0.01318359375,0.000732421875,0.02880859375,-0.013427734375,-0.02880859375,0.034423828125,0.03955078125,-0.037841796875,-0.056640625,-0.009033203125,-0.001953125,-0.036865234375,-0.03515625,0.000732421875,-0.015869140625,-0.03857421875,-0.03857421875,-0.000244140625,0.036865234375,0.00439453125,-0.036376953125,0.000732421875,-0.014892578125,-0.04443359375,-0.0302734375,-0.01171875,-0.0087890625,0.001953125,0.01220703125,0.022216796875,0.00439453125,-0.03076171875,-0.0205078125,-0.009521484375,-0.035400390625,-0.019775390625,0.015380859375,-0.0029296875,-0.0029296875,-0.030517578125,-0.015869140625,0.019775390625,-0.017578125,0.012451171875,0.029052734375,-0.055908203125,-0.111328125,-0.040771484375,0.012939453125,-0.01904296875,-0.04150390625,0.018310546875,0.05224609375,-0.010009765625,-0.050537109375,0.008056640625,0.049072265625,-0.02001953125,-0.070556640625,-0.02587890625,-0.002685546875,-0.036865234375,-0.03466796875,0.026611328125,0.05322265625,0.05322265625,-0.0068359375,-0.0244140625,0.037353515625,0.038330078125,-0.08251953125,-0.064208984375,-0.032958984375,-0.027099609375,0.012451171875,0.073486328125,0.02197265625,-0.0556640625,-0.03271484375,0.002685546875,-0.01513671875,-0.02001953125,-0.00439453125,-0.010986328125,-0.039794921875,-0.052490234375,-0.015625,0.0244140625,0.008056640625,-0.01708984375,0.01953125,0.041259765625,-0.01318359375,-0.03271484375,-0.0205078125,-0.060791015625,-0.060791015625,-0.073486328125,-0.02001953125,0.041015625,0.037841796875,-0.015625,0.0126953125,-0.01513671875,-0.044189453125,0.006591796875,0.04150390625,-0.03466796875,-0.095703125,-0.029296875,0.03662109375,0.02490234375,-0.0009765625,0.010009765625,0.009765625,-0.0361328125,-0.0615234375,-0.003173828125,0.03857421875,-0.02783203125,-0.0771484375,-0.0302734375,0.02490234375,0.01513671875,0.007568359375,0.031005859375,0.003662109375,-0.052734375,-0.04052734375,0.029296875,0.016357421875,-0.07666015625,-0.090576171875,-0.019287109375,0.005859375,0.005859375,-0.0126953125,0.05224609375,0.004150390625,-0.068603515625,-0.048095703125,0.01806640625,0.00146484375,-0.060302734375,-0.033447265625,0.0419921875,0.027587890625,-0.019287109375,-0.03271484375,-0.01171875,-0.001708984375,-0.000732421875,0.030029296875,0.025634765625,-0.04345703125,-0.087646484375,-0.040771484375,-0.00244140625,-0.013671875,-0.003173828125,0.04541015625,0.0390625,-0.019287109375,-0.044189453125,-0.025146484375,-0.020751953125,-0.038330078125,-0.038330078125,-0.005615234375,-0.02099609375,-0.03759765625,-0.01513671875,0.0146484375,-0.00048828125,-0.032470703125,-0.018798828125,0.019287109375,0.017578125,0.013671875,0.025390625,-0.018798828125,-0.08447265625,-0.084228515625,0.008056640625,0.07080078125,0.024658203125,-0.021728515625,0.01171875,0.015625,-0.037109375,-0.02978515625,0.03271484375,0.0029296875,-0.107177734375,-0.100830078125,0.039794921875,0.098388671875,-0.005615234375,-0.07861328125,-0.034912109375,-0.011962890625,-0.014404296875,0.0078125,0.029052734375,0.006103515625,-0.06689453125,-0.098876953125,-0.029052734375,0.04052734375,0.0419921875,0.020263671875,-0.021484375,-0.053955078125,-0.02490234375,0.032470703125,0.032958984375,-0.013671875,-0.041748046875,-0.028564453125,-0.0263671875,-0.033935546875,0.010498046875,0.063232421875,0.007080078125,-0.08154296875,-0.04052734375,0.05615234375,0.023681640625,-0.05615234375,-0.050048828125,-0.02392578125,-0.043212890625,-0.052978515625,0.028076171875,0.096435546875,0.002197265625,-0.054443359375,-0.054443359375,0.063720703125,0.04345703125,-0.05615234375,-0.067138671875,-0.0185546875,-0.0078125,-0.0302734375,0.006103515625,0.052978515625,0.015380859375,-0.05615234375,-0.03955078125,0.03173828125,0.042724609375,-0.020263671875,-0.0703125,-0.0712890625,-0.042724609375,-0.004638671875,0.028076171875,0.026123046875,0.000244140625,-0.02734375,-0.046142578125,-0.0498046875,-0.02001953125,-0.002197265625,-0.028564453125,-0.026123046875,0.017822265625,0.030517578125,0.030517578125,0.023193359375,0.043701171875,0.03515625,-0.0517578125,-0.107177734375,-0.051025390625,0.065185546875,0.041259765625,-0.08154296875,-0.109130859375,-0.0068359375,0.06982421875,0.02099609375,-0.022705078125,0.025390625,0.06982421875,0.01318359375,-0.05810546875,-0.0556640625,-0.002685546875,0.018310546875,-0.045654296875,-0.092041015625,-0.018310546875,0.087646484375,0.083251953125,-0.075927734375,-0.00048828125,0.07177734375,0.01806640625,0.01806640625,-0.08984375,-0.1005859375,-0.0078125,0.021240234375,-0.03466796875,-0.046630859375,0.001708984375,0.053955078125,0.042236328125,-0.0244140625,-0.044677734375,-0.00048828125,0.02294921875,-0.016357421875,-0.02001953125,-0.006591796875,-0.0234375,-0.01171875,-0.051025390625,-0.071533203125,-0.006591796875,0.003662109375,-0.029052734375,-0.031494140625,-0.00927734375,-0.010498046875,-0.016845703125,-0.0302734375,-0.00390625,0.019775390625,0.027587890625,0.027587890625,0.0087890625,-0.03125,-0.038330078125,-0.028076171875,0.0029296875,0.00390625,-0.034423828125,-0.03369140625,-0.017578125,0.0185546875,0.028564453125,0.010986328125,0.0,-0.026611328125,-0.012939453125,0.003662109375,-0.021728515625,0.024658203125,0.03125,-0.048095703125,-0.036376953125,-0.0126953125,-0.03076171875,0.051513671875,-0.0693359375,-0.0068359375,0.043701171875,-0.044189453125,-0.01171875,0.030029296875,0.030029296875,-0.065185546875,-0.041015625,0.035400390625,-0.015869140625,-0.03515625,-0.0302734375,-0.050537109375,-0.01611328125,0.013916015625,-0.0078125,0.000244140625,0.021728515625,0.002197265625,-0.01611328125,-0.02880859375,-0.028564453125,-0.001953125,-0.005126953125,-0.037841796875,-0.046630859375,-0.03515625,-0.022705078125,-0.03125,-0.02392578125,0.016845703125,0.01904296875,0.00341796875,0.0146484375,0.01513671875,0.011962890625,0.011962890625,0.003662109375,-0.018798828125,0.005859375,0.012451171875,-0.0029296875,-0.019775390625,-0.030029296875,-0.04052734375,-0.04052734375,-0.04248046875,-0.0361328125,-0.01611328125,0.014892578125,0.01806640625,0.002685546875,-0.01611328125,-0.027587890625,-0.004638671875,0.029052734375,0.010009765625,-0.017578125,-0.0068359375,-0.035888671875,-0.080322265625,-0.03759765625,-0.004638671875,-0.0478515625,-0.01806640625,0.0205078125,-0.055908203125,0.056640625,0.0068359375,0.0322265625,0.06298828125,-0.069091796875,0.011962890625,-0.03271484375,-0.1015625,0.00537109375,-0.072021484375,-0.072021484375,0.009033203125,0.00341796875,-0.0234375,0.0048828125,-0.024658203125,0.011962890625,-0.025634765625,-0.009033203125,0.0224609375,0.0029296875,0.03125,-0.003173828125,-0.021484375,-0.0166015625,-0.047607421875,-0.00927734375,-0.03857421875,-0.019775390625,-0.0029296875,-0.026611328125,-0.010986328125,0.02734375,0.013916015625,-0.002685546875,0.033203125,-0.02294921875,-0.013916015625,-0.027587890625,-0.02978515625,0.0361328125,0.0361328125,0.021484375,0.006103515625,-0.026123046875,-0.069580078125,-0.068359375,-0.047119140625,-0.011474609375,0.00146484375,0.027099609375,0.02001953125,-0.022705078125,0.00244140625,-0.012451171875,-0.010009765625,0.037109375,0.003173828125,-0.02490234375,-0.021484375,-0.02490234375,-0.01123046875,-0.01904296875,-0.01513671875,-0.01611328125,-0.010009765625,-0.03076171875,-0.020263671875,-0.011474609375,-0.00341796875,0.02294921875,-0.008056640625,-0.008056640625,-0.031494140625,-0.003173828125,0.032470703125,-0.001708984375,-0.03466796875,-0.032470703125,-0.01611328125,-0.019287109375,-0.06787109375,-0.07177734375,-0.03515625,-0.005615234375,0.0185546875,0.03125,0.04541015625,0.019775390625,-0.001220703125,-0.026611328125,-0.00341796875,-0.013916015625,-0.0048828125,-0.033935546875,-0.065185546875,-0.0458984375,-0.05126953125,-0.027099609375,0.019775390625,0.051513671875,0.0546875,0.01904296875,-0.0029296875,-0.017333984375,-0.014892578125,-0.014892578125,-0.005126953125,-0.00732421875,0.007080078125,0.01025390625,-0.02197265625,-0.0361328125,-0.039794921875,-0.00390625,0.008544921875,-0.007080078125,0.004638671875,0.0126953125,0.00732421875,-0.005126953125,-0.01220703125,-0.028076171875,-0.031005859375,-0.014892578125,-0.02734375,-0.017333984375,-0.00634765625,-0.018798828125,-0.0556640625,-0.065185546875,-0.030029296875,-0.016845703125,-0.0244140625,-0.010498046875,0.0078125,0.009765625,-0.0283203125,-0.015625,-0.015625,-0.00048828125,-0.014892578125,-0.02587890625,-0.00439453125,-0.00830078125,-0.03271484375,-0.01708984375,-0.026123046875,-0.01220703125,0.0234375,0.00244140625,0.010498046875,0.03076171875,-0.009521484375,-0.013427734375,-0.021728515625,-0.021484375,0.016357421875,0.029052734375,0.01953125,0.01025390625,-0.0029296875,-0.01025390625,-0.02197265625,-0.050537109375,-0.058349609375,-0.034912109375,0.020751953125,0.023193359375,0.036376953125,0.036376953125,0.029541015625,-0.015380859375,-0.030029296875,-0.0634765625,-0.0576171875,-0.02294921875,0.021240234375,0.021240234375,0.004150390625,-0.041748046875,-0.017578125,0.018798828125,0.00439453125,-0.040771484375,-0.04443359375,-0.03759765625,-0.01953125,-0.0341796875,-0.03173828125,-0.00732421875,-0.010009765625,-0.00146484375,-0.0244140625,-0.020751953125,-0.001220703125,0.025146484375,-0.00390625,-0.0537109375,-0.034912109375,0.020263671875,0.021484375,-0.01806640625,-0.016845703125,0.04248046875,0.0380859375,-0.048583984375,-0.032958984375,0.04931640625,0.04931640625,0.029296875,-0.01904296875,-0.024658203125,-0.015625,-0.017578125,-0.037841796875,-0.001220703125,0.017578125,-0.00634765625,-0.031005859375,-0.00537109375,0.011962890625,-0.0322265625,0.0146484375,0.01025390625,-0.06103515625,-0.073486328125,0.018798828125,0.0556640625,-0.01611328125,-0.06787109375,-0.012939453125,0.020751953125,-0.05224609375,-0.05126953125,0.04541015625,0.035400390625,-0.057373046875,-0.0625,0.0234375,-0.000244140625,-0.0419921875,-0.0419921875,0.020263671875,0.033447265625,-0.039794921875,-0.060791015625,0.028564453125,0.047119140625,-0.04296875,-0.086181640625,0.0048828125,-0.043212890625,-0.06396484375,0.069091796875,0.06298828125,-0.070068359375,-0.07177734375,0.0234375,0.0185546875,-0.05029296875,-0.01953125,0.044189453125,0.007080078125,-0.0595703125,-0.037353515625,0.043212890625,0.004638671875,-0.062744140625,-0.008056640625,0.044189453125,-0.01953125,-0.01953125,-0.066162109375,0.017333984375,0.051025390625,-0.054931640625,-0.0986328125,0.005859375,0.036865234375,-0.063232421875,-0.079833984375,0.084228515625,-0.060791015625,-0.08740234375,0.036376953125,0.048828125,-0.078125,-0.0908203125,0.05712890625,0.075927734375,-0.052490234375,-0.05078125,0.09033203125,0.06103515625,-0.10107421875,-0.0869140625,0.035888671875,0.02099609375,-0.081298828125,-0.039306640625,0.09619140625,0.048583984375,-0.085205078125,-0.085205078125,-0.031982421875,0.080810546875,-0.005126953125,-0.140869140625,-0.0234375,0.096435546875,-0.0244140625,-0.00537109375,0.107666015625,-0.04052734375,-0.14013671875,0.012939453125,0.111083984375,-0.03173828125,-0.119384765625,0.045654296875,0.082275390625,-0.08984375,-0.11376953125,0.0478515625,0.0849609375,-0.0830078125,-0.101318359375,0.105712890625,0.084716796875,-0.11669921875,-0.07666015625,0.0927734375,0.0439453125,-0.137939453125,-0.137939453125,-0.0673828125,0.091064453125,0.015380859375,-0.106689453125,-0.027099609375,0.110595703125,-0.1220703125,-0.029296875,0.083251953125,-0.02099609375,-0.135009765625,-0.00244140625,0.11328125,-0.020751953125,-0.10546875,0.056884765625,0.12646484375,-0.048583984375,-0.11962890625,0.045654296875,0.069091796875,-0.10302734375,-0.133544921875,0.05078125,0.108642578125,-0.07177734375,-0.08251953125,0.11083984375,0.07666015625,-0.140380859375,-0.140380859375,-0.121337890625,0.076904296875,0.030029296875,-0.13916015625,-0.05908203125,0.096435546875,-0.13232421875,-0.0615234375,-0.0615234375,0.123291015625,0.010498046875,-0.16845703125,-0.043212890625,0.134521484375,-0.14794921875,0.004150390625,0.1259765625,-0.034912109375,-0.156005859375,0.02099609375,0.137451171875,-0.033203125,-0.134765625,0.034912109375,0.12255859375,-0.049560546875,-0.129150390625,0.030029296875,0.08447265625,-0.08740234375,-0.10400390625,0.083251953125,0.115234375,-0.10205078125,-0.11376953125,0.103759765625,0.068359375,-0.13427734375,-0.092041015625,0.113037109375,0.113037109375,0.065185546875,-0.14111328125,0.10791015625,0.040283203125,-0.129638671875,-0.063720703125,0.097900390625,0.033935546875,-0.1005859375,-0.00146484375,0.11376953125,-0.037353515625,-0.152587890625,-0.00732421875,0.102783203125,-0.03125,-0.12060546875,0.031494140625,0.10302734375,-0.07275390625,-0.140380859375,0.034423828125,0.09228515625,-0.090576171875,-0.14453125,0.050048828125,0.050048828125,-0.06396484375,-0.084716796875,0.076904296875,0.04736328125,-0.1015625,-0.055908203125,0.09228515625,0.044677734375,-0.1142578125,-0.06005859375,0.083740234375,0.025390625,-0.09765625,-0.09765625,0.1083984375,-0.0205078125,-0.135986328125,-0.0048828125,0.120849609375,-0.016845703125,-0.12841796875,0.009033203125,0.08251953125,-0.072021484375,-0.12255859375,0.06103515625,0.1064453125,0.1064453125,-0.136962890625,0.0224609375,0.083740234375,-0.078857421875,-0.09765625,0.07177734375,0.060791015625,-0.1201171875,-0.09228515625,0.091552734375,0.0732421875,-0.0791015625,-0.03662109375,0.095947265625,0.01806640625,-0.12744140625,-0.054443359375,0.0791015625,-0.006591796875,-0.130615234375,-0.017333984375,0.112548828125,-0.000732421875,-0.109130859375,0.015380859375,0.112060546875,-0.050537109375,-0.146484375,0.0146484375,0.0986328125,-0.063720703125,-0.1240234375,0.041748046875,0.106201171875,-0.054931640625,-0.107177734375,0.057373046875,0.100830078125,-0.074951171875,-0.109619140625,0.044189453125,0.05859375,-0.09765625,-0.089111328125,0.084228515625,0.07861328125,-0.08349609375,-0.060302734375,0.0732421875,0.006103515625,-0.1181640625,-0.046875,0.0595703125,-0.021484375,-0.104736328125,-0.00732421875,0.068359375,-0.019775390625,-0.0654296875,0.035888671875,0.0615234375,-0.07177734375,-0.094970703125,0.03466796875,0.05712890625,-0.072998046875,-0.067138671875,0.059814453125,0.053466796875,-0.070068359375,-0.04736328125,0.0810546875,0.04150390625,-0.08935546875,-0.05810546875,0.067138671875,0.0322265625,-0.08740234375,-0.033935546875,0.069091796875,-0.0126953125,-0.110595703125,-0.005615234375,0.099609375,-0.10205078125,-0.10205078125,-0.009521484375,0.06201171875,-0.05078125,-0.105712890625,0.000244140625,0.045654296875,-0.04931640625,-0.0654296875,0.05322265625,0.078857421875,-0.058837890625,-0.071044921875,0.037841796875,0.02294921875,-0.085205078125,-0.07080078125,0.0546875,0.0380859375,-0.077880859375,-0.0263671875,0.09619140625,0.027587890625,-0.104736328125,0.06103515625,0.06103515625,-0.00048828125,-0.094970703125,-0.01904296875,0.0712890625,-0.031494140625,-0.115234375,0.0009765625,0.09033203125,-0.01904296875,-0.076171875,0.040283203125,-0.061279296875,-0.061279296875,-0.091552734375,0.015625,0.028076171875,-0.07080078125,-0.055419921875,0.05908203125,0.056884765625,-0.051513671875,-0.03662109375,0.072509765625,0.024658203125,-0.079345703125,-0.079345703125,0.05029296875,0.018310546875,-0.090576171875,-0.01611328125,0.10986328125,0.025634765625,-0.122314453125,-0.052001953125,0.066650390625,-0.021728515625,0.001708984375,0.001708984375,0.083740234375,-0.0234375,-0.0908203125,-0.00634765625,0.05908203125,-0.025390625,-0.07177734375,0.013916015625,0.049560546875,-0.042236328125,0.03515625,0.00927734375,0.00927734375,-0.075439453125,-0.044921875,0.04931640625,0.029052734375,-0.055908203125,-0.00830078125,0.07275390625,-0.007568359375,-0.09814453125,-0.023193359375,0.069580078125,-0.114501953125,-0.0048828125,-0.0048828125,0.1025390625,-0.01416015625,-0.106689453125,-0.02880859375,0.049072265625,-0.0263671875,-0.07763671875,0.0107421875,0.064208984375,-0.03564453125,-0.073486328125,0.036376953125,-0.068359375,-0.067138671875,-0.067138671875,0.0361328125,0.024658203125,-0.076416015625,-0.03857421875,0.08642578125,0.040771484375,-0.078857421875,-0.0556640625,0.021728515625,-0.014892578125,-0.00439453125,0.083984375,0.021728515625,0.021728515625,-0.078125,-0.021728515625,0.051513671875,-0.049560546875,-0.1142578125,-0.023193359375,0.07275390625,0.00341796875,-0.0732421875,-0.000732421875,0.0576171875,-0.076171875,0.00830078125,0.051513671875,0.051513671875,-0.025146484375,-0.055908203125,0.020263671875,0.015625,-0.078125,-0.056640625,0.06103515625,0.05908203125,-0.04248046875,0.048583984375,0.051025390625,-0.06201171875,-0.072021484375,-0.072021484375,0.013671875,0.0087890625,-0.0595703125,-0.030029296875,0.05859375,0.022705078125,-0.069580078125,-0.02880859375,0.037109375,-0.037841796875,-0.014404296875,0.066650390625,-0.020751953125,-0.020751953125,-0.070068359375,0.03173828125,0.0517578125,-0.070556640625,-0.07470703125,0.054443359375,0.063720703125,-0.056884765625,-0.05810546875,0.0546875,-0.096923828125,-0.05810546875,0.0634765625,0.0634765625,0.039794921875,-0.050537109375,-0.029052734375,0.034423828125,0.00439453125,-0.043701171875,-0.01953125,0.021484375,-0.03515625,-0.10400390625,0.0771484375,0.010986328125,-0.06640625,-0.06640625,0.00390625,0.0546875,-0.036865234375,-0.072998046875,0.017578125,0.023681640625,-0.059814453125,-0.054931640625,0.037353515625,-0.046630859375,-0.02490234375,0.06005859375,0.06005859375,0.016357421875,-0.079833984375,-0.031982421875,0.055908203125,0.001708984375,-0.08056640625,-0.033935546875,0.073486328125,-0.108642578125,-0.018310546875,0.086669921875,-0.002197265625,-0.002197265625,-0.095947265625,-0.007080078125,0.0712890625,-0.027587890625,-0.111328125,-0.0263671875,0.06005859375,-0.074462890625,0.022705078125,0.081787109375,-0.028076171875,-0.07861328125,-0.07861328125,0.020751953125,0.056396484375,-0.043701171875,-0.0693359375,0.025634765625,0.036376953125,-0.049560546875,0.046142578125,0.029052734375,-0.07177734375,-0.05712890625,0.04443359375,0.04443359375,0.016357421875,-0.064453125,-0.032470703125,0.03466796875,-0.025390625,-0.076904296875,0.05322265625,-0.006591796875,-0.0849609375,-0.020263671875,0.052978515625,0.052978515625,-0.015869140625,-0.0556640625,-0.005859375,0.010986328125,-0.04150390625,-0.0380859375,0.04443359375,-0.049072265625,-0.05517578125,0.030517578125,0.029052734375,-0.048095703125,-0.048095703125,-0.037841796875,0.038818359375,0.0126953125,-0.074462890625,-0.04345703125,0.055419921875,-0.058349609375,-0.042724609375,0.048095703125,0.01416015625,-0.067138671875,-0.034912109375,-0.034912109375,0.0146484375,-0.046875,-0.0771484375,0.00830078125,0.078369140625,0.0107421875,-0.056396484375,0.0205078125,-0.03076171875,-0.046875,0.008544921875,0.01123046875,-0.03955078125,-0.03955078125,-0.020751953125,0.03125,0.004150390625,-0.046142578125,-0.021240234375,0.0390625,0.00634765625,-0.023681640625,0.053466796875,-0.011474609375,-0.105712890625,-0.019775390625,0.076416015625,0.076416015625,-0.004150390625,-0.07958984375,-0.00634765625,0.049560546875,-0.0341796875,-0.0771484375,0.04931640625,-0.014404296875,-0.066650390625,-0.002197265625,0.062744140625,-0.014892578125,-0.07666015625,-0.07666015625,0.024169921875,0.060302734375,-0.045166015625,-0.045166015625,0.01708984375,0.00927734375,-0.05908203125,-0.07177734375,0.016845703125,0.030029296875,-0.0234375,0.0400390625,0.019287109375,-0.062255859375,-0.0537109375,0.02880859375,0.01025390625,0.01025390625,-0.06396484375,-0.037353515625,0.009521484375,-0.02783203125,-0.03076171875,0.0107421875,-0.02294921875,-0.051513671875,0.0146484375,0.0361328125,-0.02197265625,-0.02880859375,0.016845703125,0.016845703125,0.00439453125,-0.056640625,-0.04248046875,0.0400390625,0.043212890625,-0.064453125,0.035888671875,0.0498046875,-0.04541015625,-0.0576171875,0.0068359375,-0.01220703125,-0.05615234375,-0.05615234375,-0.021484375,0.037109375,0.01025390625,-0.022705078125,-0.008544921875,-0.03076171875,-0.07470703125,-0.03076171875,0.02197265625,-0.008544921875,-0.022216796875,0.02978515625,0.029052734375,-0.0283203125,-0.0283203125,-0.0498046875,-0.012939453125,0.00390625,-0.048828125,0.037353515625,0.024658203125,-0.042236328125,-0.03662109375,0.032958984375,0.018798828125,-0.055419921875,-0.055419921875,-0.03857421875,0.0400390625,0.00048828125,-0.072021484375,0.0283203125,0.0029296875,-0.051513671875,-0.033203125,0.014404296875,-0.00048828125,-0.0224609375,0.027099609375,0.027099609375,0.06005859375,-0.038818359375,-0.07666015625,0.0126953125,-0.05810546875,-0.080810546875,0.021728515625,0.0654296875,-0.03564453125,-0.052001953125,0.0390625,0.02294921875,0.02294921875,-0.070556640625,-0.06494140625,0.04296875,-0.0830078125,-0.0615234375,0.054931640625,0.009033203125,-0.090087890625,-0.063232421875,0.052490234375,0.030029296875,-0.061279296875,-0.061279296875,-0.0224609375,0.057373046875,0.01025390625,-0.027099609375,0.026123046875,-0.026611328125,-0.076904296875,0.02099609375,0.0693359375,-0.028076171875,-0.059326171875,-0.059326171875,0.00927734375,0.043701171875,-0.030029296875,0.0107421875,0.0390625,-0.028076171875,-0.05029296875,0.014404296875,0.01611328125,-0.057861328125,-0.05029296875,0.046142578125,0.046142578125,0.034423828125,-0.05859375,-0.044189453125,-0.011962890625,-0.065673828125,-0.0283203125,0.037353515625,0.03173828125,-0.027099609375,0.000732421875,0.03466796875,0.03466796875,-0.05322265625,-0.05322265625,-0.017822265625,0.00537109375,-0.030517578125,0.053955078125,0.02734375,-0.05419921875,-0.0478515625,0.026123046875,-0.00244140625,-0.0869140625,-0.03857421875,0.087890625,0.04833984375,0.04833984375,-0.07763671875,-0.0673828125,0.0244140625,-0.056884765625,-0.045166015625,0.029296875,0.0107421875,-0.023193359375,-0.005126953125,-0.011962890625,-0.0537109375,-0.04638671875,0.005615234375,0.005615234375,0.013427734375,-0.025390625,0.05126953125,0.031005859375,-0.07861328125,-0.0810546875,0.0419921875,0.081298828125,-0.0224609375,-0.08544921875,0.012451171875,0.050537109375,-0.018798828125,-0.018798828125,-0.10302734375,-0.080810546875,0.067138671875,-0.063232421875,-0.06689453125,0.03076171875,0.115478515625,-0.02001953125,-0.146484375,-0.06884765625,0.089599609375,0.124267578125,-0.080810546875,-0.080810546875,-0.136962890625,-0.0078125,0.04248046875,-0.11962890625,-0.121826171875,0.082275390625,0.12158203125,-0.011474609375,-0.13525390625,-0.051513671875,0.088623046875,0.02587890625,-0.07763671875,-0.07763671875,-0.075927734375,-0.001708984375,-0.045654296875,-0.101318359375,0.00146484375,0.05126953125,0.0693359375,-0.03857421875,-0.078125,0.014892578125,0.024169921875,0.015625,-0.057373046875,-0.057373046875,-0.0380859375,-0.0048828125,-0.044677734375,-0.06689453125,0.0087890625,0.080322265625,-0.002197265625,-0.065185546875,-0.080322265625,0.00634765625,0.087158203125,-0.007568359375,-0.031982421875,-0.031982421875,-0.03125,0.0048828125,-0.046875,-0.0517578125,-0.04150390625,0.04150390625,-0.047607421875,-0.015625,0.03759765625,-0.03466796875,0.071044921875,-0.084228515625,-0.07373046875,-0.07373046875,0.103271484375,0.004150390625,-0.0087890625,-0.101318359375,0.05517578125,-0.005615234375,-0.05126953125,0.023193359375,-0.01611328125,0.0283203125,-0.009765625,-0.08251953125,-0.08251953125,0.00634765625,-0.0390625,-0.03271484375,0.00146484375,0.035400390625,-0.011474609375,-0.0576171875,-0.01416015625,0.0126953125,-0.0068359375,-0.031982421875,-0.01953125,-0.01953125,0.05908203125,0.00927734375,-0.066650390625,-0.074462890625,-0.027099609375,-0.0322265625,-0.072021484375,-0.027587890625,0.10791015625,0.100341796875,-0.0927734375,-0.0927734375,0.042236328125,0.12841796875,-0.04736328125,-0.2041015625,-0.0478515625,0.19384765625,0.04052734375,-0.227783203125,-0.072021484375,0.16552734375,0.025634765625,-0.212890625,-0.212890625,0.182861328125,0.088623046875,-0.1171875,-0.09130859375,0.114013671875,0.0986328125,-0.1044921875,-0.106201171875,0.064697265625,0.08544921875,-0.042236328125,-0.073486328125,-0.0478515625,-0.01708984375,0.09716796875,0.06884765625,-0.138427734375,-0.11669921875,0.116455078125,0.100830078125,-0.1181640625,-0.074462890625,0.08984375,0.035400390625,0.035400390625,-0.00048828125,-0.005126953125,-0.042236328125,0.0234375,0.02490234375,-0.096923828125,-0.041748046875,0.0595703125,-0.019775390625,-0.06298828125,0.014404296875,0.0,-0.0703125,-0.01220703125,-0.00146484375,-0.071533203125,0.00390625,0.04736328125,-0.073974609375,-0.07177734375,0.031494140625,-0.02880859375,-0.09716796875,0.038818359375,0.072509765625,-0.088623046875,-0.067138671875,0.039794921875,-0.01513671875,-0.046630859375,0.017822265625,-0.010498046875,-0.058349609375,0.009765625,-0.0029296875,-0.06494140625,0.04638671875,0.081787109375,-0.08447265625,-0.091064453125,0.084228515625,0.075927734375,-0.062255859375,-0.020751953125,0.0341796875,-0.0029296875,0.030029296875,-0.000732421875,-0.07958984375,0.011474609375,0.117431640625,-0.016357421875,-0.1357421875,0.02099609375,0.09423828125,-0.03955078125,-0.0556640625,-0.001953125,-0.013427734375,0.0126953125,0.02783203125,-0.06884765625,-0.095458984375,0.0595703125,0.05859375,-0.11962890625,-0.077392578125,0.070068359375,0.025146484375,-0.0712890625,-0.024169921875,0.013427734375,-0.040771484375,-0.02001953125,-0.02001953125,-0.074951171875,-0.0029296875,0.0634765625,-0.043212890625,-0.12255859375,0.04638671875,0.04638671875,-0.0498046875,-0.025634765625,0.026611328125,-0.0166015625,-0.008056640625,-0.01806640625,-0.070556640625,-0.003662109375,0.08984375,-0.022705078125,-0.13671875,0.02490234375,-0.05029296875,-0.05029296875,-0.05712890625,0.02294921875,-0.008056640625,-0.036376953125,0.026123046875,-0.0029296875,-0.05224609375,0.05029296875,0.033447265625,-0.09521484375,-0.030517578125,0.06103515625,-0.045166015625,-0.045166015625,0.078369140625,0.04931640625,-0.113037109375,-0.024658203125,0.0986328125,-0.006591796875,-0.0751953125,0.02734375,0.05517578125,-0.05712890625,-0.039306640625,0.012939453125,-0.040771484375,0.016845703125,0.016845703125,-0.033447265625,-0.0234375,0.01025390625,-0.04736328125,-0.0498046875,0.072265625,0.029296875,-0.1318359375,-0.0390625,0.08447265625,-0.06689453125,-0.06689453125,-0.012939453125,-0.0029296875,-0.033935546875,0.003173828125,-0.050048828125,-0.086181640625,0.066650390625,0.072509765625,-0.12451171875,-0.12451171875,0.047607421875,-0.05322265625,-0.05322265625,-0.0078125,-0.01806640625,-0.0576171875,0.057373046875,0.039306640625,-0.113037109375,-0.04443359375,0.13671875,0.03271484375,-0.1611328125,0.1181640625,0.0146484375,0.0146484375,-0.059814453125,-0.028564453125,-0.008056640625,0.0205078125,0.03173828125,-0.054931640625,-0.063720703125,0.0986328125,0.07470703125,-0.063720703125,0.080810546875,0.080810546875,0.033203125,-0.054443359375,-0.005859375,0.001220703125,-0.038330078125,0.04443359375,0.017333984375,-0.1005859375,-0.025390625,0.078125,-0.0791015625,-0.012451171875,-0.012451171875,-0.029541015625,-0.07275390625,0.048583984375,0.0537109375,-0.127197265625,-0.10595703125,0.07958984375,0.053466796875,-0.106201171875,0.05615234375,-0.031494140625,-0.05322265625,-0.05322265625,0.010498046875,0.001220703125,-0.01171875,0.021728515625,-0.01513671875,-0.053955078125,0.00927734375,-0.009521484375,-0.05419921875,0.05126953125,-0.099609375,-0.099609375,-0.073974609375,0.076171875,0.03857421875,-0.0712890625,-0.018798828125,0.006591796875,-0.019775390625,0.0478515625,-0.00390625,-0.123779296875,0.146484375,0.0078125,-0.184814453125,-0.184814453125,-0.01953125,0.139892578125,-0.00244140625,-0.104736328125,-0.028076171875,0.02099609375,0.00244140625,0.005126953125,-0.03564453125,0.041748046875,0.051025390625,-0.07958984375,-0.05859375,-0.05859375,0.04638671875,0.012939453125,-0.03857421875,0.0185546875,0.017333984375,-0.05419921875,-0.002685546875,0.013916015625,-0.061767578125,0.0703125,-0.0068359375,-0.0986328125,0.002197265625,0.002197265625,0.0556640625,-0.03369140625,-0.0283203125,0.002685546875,-0.0205078125,0.009765625,-0.00048828125,-0.0732421875,-0.029541015625,0.00537109375,-0.154052734375,-0.0244140625,0.099853515625,0.099853515625,-0.013916015625,-0.078857421875,0.0087890625,0.010498046875,-0.076171875,-0.011474609375,0.037841796875,-0.043212890625,-0.037109375,-0.024658203125,-0.016357421875,-0.008056640625,-0.0625,-0.0625,-0.037353515625,0.08349609375,0.012939453125,-0.137451171875,-0.01123046875,0.093994140625,-0.02392578125,-0.07177734375,0.000732421875,-0.02001953125,0.045166015625,-0.03369140625,-0.11572265625,-0.11572265625,0.058837890625,0.129150390625,-0.08251953125,-0.149169921875,0.060791015625,0.12060546875,-0.044677734375,-0.0654296875,-0.015380859375,0.0048828125,0.013916015625,-0.047119140625,-0.027099609375,-0.027099609375,0.06884765625,0.02099609375,-0.078125,-0.019775390625,-0.0126953125,-0.037109375,0.06201171875,0.04296875,-0.083984375,0.083251953125,0.00439453125,-0.112548828125,0.0048828125,0.0048828125,0.025634765625,-0.069091796875,0.009033203125,0.040771484375,-0.080322265625,-0.060791015625,0.096923828125,-0.167724609375,-0.0322265625,0.11083984375,0.004150390625,-0.0732421875,-0.0732421875,-0.015869140625,-0.01171875,-0.02978515625,0.0400390625,0.000244140625,-0.098388671875,0.090576171875,-0.035888671875,-0.087158203125,0.009033203125,0.022705078125,0.022705078125,-0.032470703125,0.02001953125,0.022705078125,-0.074951171875,-0.01416015625,0.053466796875,-0.029052734375,0.050537109375,0.03662109375,-0.060546875,-0.000244140625,0.02685546875,0.02685546875,-0.059326171875,-0.01220703125,0.05517578125,-0.039306640625,-0.084716796875,0.016357421875,-0.043212890625,0.000732421875,-0.00244140625,-0.085205078125,-0.009521484375,0.056396484375,0.056396484375,-0.039794921875,-0.072021484375,0.048828125,0.0322265625,-0.1025390625,-0.037109375,-0.020751953125,-0.026123046875,0.01171875,-0.02001953125,-0.016845703125,-0.016845703125,0.022216796875,-0.04345703125,-0.074462890625,0.060302734375,0.046630859375,-0.112548828125,0.084228515625,0.009033203125,-0.085693359375,-0.001220703125,0.041015625,-0.03173828125,-0.03173828125,-0.000732421875,0.019287109375,-0.050537109375,-0.02001953125,0.06201171875,-0.075927734375,-0.008544921875,0.01904296875,-0.03466796875,0.008544921875,0.0078125,0.0078125,-0.05126953125,-0.000244140625,0.0078125,-0.078857421875,-0.0244140625,0.106689453125,-0.15234375,0.00830078125,0.09130859375,-0.050537109375,-0.06005859375,0.03515625,0.03515625,-0.005859375,-0.069580078125,0.020751953125,0.026123046875,-0.050048828125,0.010986328125,-0.072265625,-0.017822265625,0.0400390625,-0.048583984375,-0.067138671875,0.079833984375,0.042724609375,0.042724609375,-0.142822265625,-0.053466796875,0.099365234375,0.02880859375,-0.062255859375,0.01318359375,0.0,0.023193359375,-0.041259765625,-0.0732421875,0.066650390625,0.078857421875,-0.0908203125,-0.0908203125,-0.091064453125,0.071044921875,0.044677734375,-0.0703125,-0.017578125,-0.0029296875,0.03857421875,0.01171875,-0.115966796875,-0.040283203125,0.123291015625,0.009521484375,-0.171142578125,-0.022705078125,-0.022705078125,0.099365234375,-0.00537109375,-0.048828125,-0.012451171875,-0.012939453125,0.016845703125,-0.074462890625,-0.059814453125,0.115234375,0.055419921875,-0.15869140625,-0.0732421875,0.096923828125,0.01904296875,0.01904296875,-0.086181640625,-0.010009765625,0.023681640625,-0.039306640625,-0.007568359375,-0.05615234375,0.027099609375,0.04443359375,-0.06640625,-0.043212890625,0.07373046875,-0.010986328125,-0.093017578125,-0.093017578125,0.059814453125,0.086669921875,-0.099853515625,-0.095703125,0.057373046875,-0.069091796875,-0.0419921875,0.002685546875,-0.039794921875,0.00634765625,0.01025390625,-0.0751953125,-0.0751953125,-0.041259765625,0.07666015625,0.022705078125,-0.10009765625,0.037109375,-0.033203125,-0.00244140625,0.03662109375,-0.04638671875,-0.05615234375,0.04150390625,0.0146484375,-0.0810546875,-0.0029296875,-0.0029296875,0.04833984375,-0.0361328125,-0.03173828125,-0.055419921875,0.036865234375,0.08544921875,-0.07666015625,-0.14453125,0.063720703125,0.094970703125,-0.092529296875,-0.06640625,-0.06640625,0.070068359375,0.01318359375,-0.080810546875,0.036376953125,-0.019775390625,0.013916015625,-0.0009765625,-0.069091796875,-0.001953125,0.020263671875,-0.056640625,-0.056640625,-0.021728515625,0.0771484375,-0.017578125,0.04248046875,0.060302734375,-0.078369140625,-0.028076171875,0.054931640625,-0.0166015625,-0.03759765625,0.03271484375,-0.02392578125,-0.02392578125,-0.062744140625,0.06298828125,0.029541015625,-0.031005859375,0.0791015625,-0.001220703125,-0.0595703125,0.00634765625,-0.014892578125,-0.06005859375,0.03515625,0.01025390625,0.01025390625,-0.098388671875,-0.005126953125,-0.014892578125,-0.08349609375,-0.0009765625,-0.013671875,-0.043212890625,0.060546875,0.017578125,-0.116455078125,-0.02490234375,-0.02490234375,0.10595703125,-0.00830078125,0.012451171875,0.076416015625,-0.071044921875,-0.070556640625,0.030517578125,0.016357421875,-0.025634765625,-0.003662109375,-0.015380859375,-0.038818359375,-0.038818359375,0.016845703125,-0.014404296875,0.0517578125,0.049560546875,-0.091796875,-0.069580078125,0.075439453125,0.03564453125,-0.067626953125,-0.0087890625,0.0048828125,0.0048828125,-0.0390625,0.0341796875,-0.10986328125,-0.03271484375,0.1240234375,0.005126953125,-0.16650390625,-0.008544921875,0.10205078125,-0.012939453125,-0.050048828125,-0.012451171875,-0.01416015625,-0.01416015625,0.029052734375,-0.08251953125,-0.1083984375,0.11572265625,0.10791015625,-0.145263671875,-0.109619140625,0.092529296875,0.06884765625,-0.060302734375,-0.04443359375,-0.015625,-0.0185546875,-0.0185546875,0.037353515625,-0.120361328125,0.05224609375,0.115234375,-0.10107421875,-0.164794921875,0.04736328125,0.080078125,-0.046630859375,-0.02197265625,-0.0146484375,-0.046142578125,0.049072265625,0.049072265625,0.03955078125,-0.070068359375,0.13525390625,0.052734375,-0.169677734375,-0.04638671875,0.1220703125,0.0263671875,-0.084716796875,-0.033203125,0.01123046875,-0.000732421875,0.025634765625,0.025634765625,-0.083251953125,0.049560546875,0.065673828125,-0.08447265625,-0.060546875,0.04052734375,-0.02001953125,-0.052734375,0.083984375,0.043212890625,-0.13671875,-0.04638671875,0.082275390625,0.082275390625,-0.076904296875,-0.00244140625,0.0185546875,-0.019287109375,0.0224609375,-0.0400390625,-0.1044921875,0.038330078125,0.0849609375,-0.076171875,-0.093505859375,0.040283203125,0.01513671875,0.01513671875,0.03125,0.03662109375,-0.10693359375,-0.04443359375,0.080322265625,-0.0009765625,-0.089111328125,0.016357421875,0.046142578125,-0.060791015625,-0.023193359375,0.016845703125,-0.037841796875,-0.037841796875,0.05126953125,-0.04345703125,-0.093017578125,0.03564453125,0.05322265625,-0.072021484375,-0.025390625,0.034423828125,-0.01220703125,-0.000732421875,-0.014404296875,-0.062744140625,0.005859375,0.095458984375,-0.03369140625,-0.138916015625,0.047119140625,0.11083984375,-0.06982421875,-0.08837890625,0.052001953125,0.03076171875,-0.0791015625,-0.01904296875,0.027099609375,-0.037109375,-0.037109375,0.006591796875,-0.055419921875,-0.019775390625,0.0029296875,-0.06787109375,-0.03955078125,0.083740234375,-0.000732421875,-0.13671875,-0.00634765625,0.06982421875,-0.039306640625,-0.044189453125,0.0146484375,-0.0224609375,-0.02783203125,0.046875,-0.044921875,-0.114990234375,0.075439453125,0.111083984375,-0.1123046875,-0.135498046875,0.072509765625,0.089599609375,-0.067138671875,-0.0537109375,0.010498046875,-0.008056640625,0.018798828125,-0.014892578125,-0.06787109375,0.023193359375,0.101806640625,-0.037841796875,-0.14892578125,0.023193359375,0.086181640625,-0.046630859375,-0.039306640625,0.00048828125,-0.0322265625,0.00927734375,0.043212890625,-0.08447265625,-0.1142578125,0.099609375,0.09716796875,-0.1513671875,-0.105712890625,0.10205078125,0.0537109375,-0.097900390625,-0.047119140625,0.037841796875,-0.001953125,0.0087890625,-0.023681640625,-0.05517578125,0.044189453125,0.055908203125,-0.067138671875,-0.058349609375,0.06005859375,-0.021240234375,-0.08740234375,0.081298828125,0.06494140625,-0.13525390625,-0.0732421875,0.07763671875,0.017578125,-0.0546875,0.007568359375,-0.012939453125,-0.054443359375,0.046875,-0.011962890625,-0.119140625,0.0322265625,0.11962890625,-0.06787109375,-0.142578125,0.045166015625,0.05908203125,-0.0634765625,-0.01806640625,-0.019287109375,-0.07275390625,0.027587890625,0.054931640625,-0.09228515625,-0.089111328125,0.110595703125,0.05712890625,-0.170654296875,-0.070068359375,0.113037109375,0.036376953125,-0.08544921875,-0.032958984375,-0.015869140625,-0.015869140625,0.0126953125,-0.013671875,-0.063720703125,0.034912109375,0.0654296875,-0.060302734375,-0.077392578125,0.03857421875,0.020751953125,-0.077880859375,0.005126953125,0.055908203125,-0.01953125,-0.01953125,0.017578125,-0.043212890625,-0.034423828125,0.070068359375,0.017333984375,-0.116943359375,-0.001708984375,0.083740234375,-0.03759765625,-0.0537109375,0.029052734375,-0.005615234375,0.01416015625,0.01416015625,0.01318359375,-0.068115234375,0.0185546875,0.05078125,-0.07568359375,-0.06689453125,0.02587890625,0.000732421875,-0.04052734375,0.009033203125,-0.02783203125,-0.0732421875,0.0009765625,0.0009765625,-0.10693359375,0.00146484375,0.093505859375,-0.045654296875,-0.12646484375,0.035888671875,0.06689453125,-0.070556640625,-0.03662109375,0.02880859375,-0.017333984375,0.027587890625,-0.031982421875,-0.031982421875,-0.072021484375,0.038330078125,0.040283203125,-0.076171875,-0.014404296875,0.04443359375,-0.01953125,-0.015380859375,0.022216796875,-0.02587890625,-0.03564453125,-0.022216796875,-0.08642578125,-0.08642578125,0.07568359375,0.09765625,-0.099365234375,-0.11328125,0.055908203125,0.051025390625,-0.0537109375,-0.009765625,0.01025390625,-0.02783203125,0.0263671875,-0.095703125,-0.015625,-0.015625,0.07958984375,-0.0234375,-0.109130859375,0.0244140625,0.02978515625,-0.07470703125,-0.003173828125,0.034423828125,-0.07763671875,-0.07666015625,0.03369140625,-0.105712890625,-0.105712890625,-0.011962890625,0.061279296875,-0.0634765625,-0.0712890625,0.02880859375,0.0341796875,-0.01318359375,-0.00439453125,-0.033935546875,0.070556640625,0.017822265625,-0.118408203125,-0.118408203125,-0.0009765625,0.104248046875,-0.013427734375,-0.07666015625,0.022216796875,-0.011962890625,-0.069580078125,0.064697265625,0.051513671875,-0.04638671875,0.10302734375,0.10302734375,0.01318359375,-0.109619140625,0.005615234375,0.064208984375,-0.07080078125,-0.04736328125,0.0263671875,-0.007080078125,-0.0087890625,-0.045654296875,-0.053466796875,0.02978515625,0.02978515625,-0.037841796875,-0.0810546875,0.083740234375,0.05517578125,-0.14013671875,-0.072509765625,0.094482421875,0.0126953125,0.00341796875,0.04345703125,-0.053466796875,-0.053466796875,-0.007568359375,0.010498046875,-0.0419921875,0.00634765625,0.040771484375,-0.057373046875,-0.072998046875,0.060791015625,0.007568359375,0.0458984375,0.058837890625,-0.10009765625,-0.10009765625,-0.065673828125,0.083984375,0.0263671875,-0.074951171875,0.014892578125,0.0185546875,-0.061279296875,0.027099609375,-0.087646484375,-0.04443359375,0.087158203125,0.010986328125,0.010986328125,-0.107177734375,-0.007080078125,0.0087890625,-0.058837890625,0.0263671875,0.041015625,-0.089111328125,0.0859375,0.0146484375,-0.141845703125,-0.01025390625,-0.01025390625,0.091552734375,-0.03515625,-0.06884765625,-0.01318359375,-0.000732421875,0.01953125,0.042724609375,-0.060791015625,0.078125,0.05419921875,-0.117919921875,-0.029541015625,0.086669921875,0.086669921875,-0.02197265625,-0.08642578125,0.007568359375,-0.013427734375,-0.04638671875,0.0810546875,0.022705078125,-0.134033203125,0.1064453125,-0.02685546875,-0.10107421875,0.040771484375,0.044921875,0.044921875,-0.064208984375,0.006103515625,0.01220703125,-0.0576171875,0.018798828125,0.049072265625,-0.07470703125,-0.078857421875,-0.001708984375,-0.102294921875,0.0361328125,0.044921875,-0.1005859375,-0.1005859375,-0.04345703125,0.070556640625,-0.0185546875,-0.0859375,0.034423828125,0.025634765625,-0.081787109375,0.024169921875,-0.065673828125,-0.012451171875,0.0791015625,-0.01220703125,-0.1015625,-0.1015625,0.00341796875,0.0107421875,-0.059814453125,0.02734375,0.040283203125,-0.072509765625,-0.049560546875,-0.0068359375,-0.088623046875,0.02880859375,0.0458984375,-0.049072265625,0.0009765625,0.0009765625,0.0078125,-0.0634765625,0.000732421875,0.09326171875,-0.03271484375,-0.153076171875,0.039306640625,0.124755859375,-0.083251953125,0.0244140625,0.015625,-0.070068359375,-0.023193359375,0.013916015625,0.013916015625,-0.031005859375,0.0205078125,0.011962890625,-0.064697265625,-0.0087890625,0.01025390625,-0.064697265625,0.08935546875,-0.0029296875,-0.1220703125,0.0322265625,0.065673828125,-0.073974609375,-0.073974609375,-0.04736328125,0.02099609375,-0.01904296875,-0.012939453125,0.05419921875,-0.06005859375,-0.104248046875,0.08837890625,-0.13671875,-0.09375,0.08740234375,0.05712890625,-0.0419921875,-0.0419921875,-0.017578125,-0.030517578125,-0.036865234375,0.0625,-0.027099609375,0.03564453125,0.158935546875,-0.044677734375,-0.204833984375,0.007080078125,0.1181640625,0.1181640625,-0.042236328125,-0.077392578125,-0.0048828125,0.007568359375,0.00732421875,-0.0009765625,-0.03662109375,0.073974609375,-0.001220703125,-0.10400390625,0.028076171875,0.052001953125,0.052001953125,-0.07275390625,-0.033203125,0.082763671875,-0.007568359375,-0.125,0.07421875,-0.031494140625,-0.037841796875,-0.021484375,-0.039794921875,0.0107421875,0.0498046875,0.0498046875,-0.05859375,-0.090576171875,0.089111328125,0.073974609375,-0.058837890625,0.070556640625,0.0048828125,-0.067138671875,0.013916015625,0.028076171875,-0.0732421875,-0.0732421875,-0.007080078125,0.028564453125,-0.06201171875,-0.03076171875,0.052490234375,-0.0771484375,-0.00537109375,0.0224609375,-0.055419921875,-0.01025390625,0.00830078125,-0.056640625,-0.056640625,-0.00830078125,0.02880859375,-0.043701171875,-0.042236328125,-0.008056640625,-0.111083984375,0.018310546875,0.044921875,-0.06005859375,-0.010986328125,0.047119140625,-0.046630859375,-0.046630859375,-0.083984375,0.02685546875,0.0,-0.064697265625,0.03564453125,-0.09814453125,-0.016845703125,0.079833984375,-0.029296875,-0.09521484375,0.0400390625,0.042236328125,0.042236328125,-0.078369140625,-0.003662109375,0.030517578125,-0.04833984375,-0.0224609375,-0.037109375,-0.059814453125,0.052734375,-0.002197265625,-0.10595703125,0.025146484375,0.071533203125,-0.050537109375,-0.050537109375,-0.056640625,0.007080078125,-0.031982421875,-0.02978515625,-0.00048828125,-0.137939453125,0.006103515625,0.09423828125,-0.052001953125,-0.0927734375,0.0546875,0.05712890625,-0.097412109375,-0.097412109375,-0.048095703125,0.0322265625,-0.01611328125,-0.00634765625,-0.04248046875,-0.0205078125,0.030517578125,-0.034423828125,-0.05322265625,0.080810546875,0.02197265625,-0.118408203125,-0.0068359375,-0.0068359375,0.079833984375,-0.01708984375,-0.0537109375,0.0107421875,-0.058837890625,0.0517578125,-0.00634765625,-0.113037109375,0.02783203125,0.108154296875,-0.072021484375,-0.16015625,0.054931640625,0.054931640625,0.111572265625,-0.08154296875,-0.079833984375,0.01708984375,-0.01318359375,-0.024658203125,-0.051025390625,-0.007080078125,0.071044921875,-0.017578125,-0.10400390625,0.040771484375,0.03515625,0.03515625,-0.109619140625,-0.027587890625,0.09326171875,-0.13916015625,0.0234375,0.091796875,-0.03955078125,-0.046875,-0.00146484375,-0.009033203125,0.0107421875,0.00244140625,-0.0634765625,-0.0634765625,-0.022216796875,0.118896484375,0.0224609375,-0.03466796875,0.104736328125,0.010498046875,-0.061279296875,-0.01416015625,0.001220703125,-0.019775390625,0.022216796875,-0.055908203125,-0.091064453125,-0.091064453125,0.08447265625,0.0771484375,-0.12255859375,0.097412109375,0.04443359375,-0.08837890625,-0.02294921875,-0.00830078125,-0.0419921875,0.05908203125,0.01220703125,-0.125732421875,-0.125732421875,-0.031005859375,0.142578125,-0.2001953125,-0.0166015625,0.144287109375,-0.011962890625,-0.09912109375,-0.001220703125,0.034912109375,-0.02001953125,-0.006591796875,-0.024169921875,-0.024169921875,-0.05615234375,0.057861328125,-0.09033203125,-0.047607421875,0.0546875,-0.01416015625,-0.082763671875,0.0224609375,0.0439453125,-0.06982421875,-0.010498046875,0.021728515625,0.021728515625,-0.0634765625,-0.012939453125,-0.020263671875,-0.10986328125,0.0302734375,0.08251953125,-0.05126953125,-0.0322265625,0.01904296875,-0.03076171875,-0.01611328125,0.0048828125,0.0048828125,-0.05078125,0.08984375,0.007080078125,-0.162109375,-0.022216796875,0.10400390625,-0.022216796875,-0.090576171875,-0.00048828125,0.036376953125,-0.00927734375,-0.004638671875,-0.004638671875,-0.056396484375,0.083251953125,0.05078125,-0.126708984375,-0.056396484375,0.10888671875,0.01708984375,-0.117431640625,-0.00390625,0.042724609375,-0.041015625,-0.041015625,0.009765625,-0.076416015625,0.007080078125,0.097412109375,-0.03466796875,-0.144775390625,0.033203125,0.097900390625,-0.052001953125,-0.046142578125,0.028564453125,0.005615234375,0.005615234375,-0.0146484375,-0.0546875,-0.04541015625,0.092529296875,0.03662109375,-0.129638671875,-0.044921875,0.04736328125,-0.019287109375,-0.032958984375,0.02294921875,0.02294921875,-0.026123046875,0.0615234375,0.01513671875,-0.115478515625,0.00439453125,0.089599609375,-0.035888671875,-0.098876953125,0.025634765625,0.049072265625,-0.03759765625,-0.00732421875,-0.00732421875,-0.073486328125,0.031005859375,0.036376953125,-0.0888671875,-0.0576171875,0.110595703125,0.033935546875,-0.17333984375,-0.038818359375,0.113525390625,-0.015625,-0.093017578125,-0.093017578125,0.036376953125,-0.027587890625,-0.006591796875,-0.01220703125,-0.06298828125,0.02001953125,0.03515625,-0.054443359375,-0.021240234375,0.0185546875,-0.0537109375,-0.0400390625,-0.0400390625,0.005615234375,-0.13134765625,0.01806640625,0.090087890625,-0.04541015625,-0.048095703125,0.049072265625,0.013671875,-0.05224609375,0.013916015625,-0.01904296875,-0.01904296875,0.09375,0.065185546875,-0.1357421875,-0.089111328125,0.090087890625,0.036865234375,-0.076171875,-0.007080078125,0.00048828125,-0.046875,0.039794921875,-0.0078125,-0.112548828125,0.013916015625,0.130126953125,-0.04638671875,-0.182861328125,0.031005859375,0.11962890625,-0.0458984375,-0.0791015625,-0.0078125,0.012451171875,0.0146484375,-0.00048828125,-0.072998046875,-0.042724609375,0.110595703125,0.01953125,-0.1689453125,-0.031982421875,0.1123046875,0.002685546875,-0.087890625,-0.009033203125,0.01611328125,-0.02392578125,0.0439453125,-0.009033203125,-0.098876953125,0.031005859375,0.10205078125,-0.043212890625,-0.09716796875,0.0263671875,0.013671875,-0.057373046875,0.04150390625,0.02587890625,-0.106689453125,-0.015869140625,0.093505859375,-0.02880859375,-0.1083984375,0.056396484375,0.080322265625,-0.11279296875,-0.071044921875,0.06103515625,0.02001953125,-0.03271484375,-0.013671875,-0.0146484375,-0.022705078125,0.0166015625,-0.045166015625,-0.076904296875,0.078857421875,0.052490234375,-0.13671875,-0.07470703125,0.086181640625,0.01904296875,-0.093505859375,-0.013916015625,0.01513671875,-0.0263671875,0.045654296875,-0.013916015625,-0.119140625,0.01123046875,0.1337890625,-0.036865234375,-0.1806640625,0.03564453125,0.141845703125,-0.051513671875,-0.100341796875,0.0068359375,0.027099609375,-0.009521484375,-0.01025390625,-0.043701171875,-0.04736328125,0.06494140625,0.027587890625,-0.08447265625,-0.00537109375,0.0205078125,-0.0458984375,0.005615234375,0.0693359375,-0.037841796875,-0.109619140625,0.043212890625,0.049560546875,-0.07666015625,-0.015380859375,0.032470703125,-0.0341796875,-0.0244140625,0.03076171875,-0.056396484375,-0.092529296875,0.08154296875,0.060546875,-0.149169921875,-0.07958984375,0.05224609375,0.05224609375,-0.103515625,-0.04052734375,0.0419921875,-0.0234375,-0.01416015625,-0.01025390625,-0.039306640625,0.029052734375,0.037109375,-0.074462890625,-0.079345703125,0.05615234375,-0.096923828125,-0.096923828125,0.033203125,0.062255859375,-0.087890625,-0.051025390625,0.078857421875,-0.0029296875,-0.112548828125,0.012451171875,0.073486328125,-0.043212890625,-0.029052734375,-0.006591796875,0.02587890625,0.02587890625,0.053955078125,-0.0693359375,-0.112548828125,0.08349609375,0.12646484375,-0.077392578125,-0.152587890625,0.029052734375,0.150146484375,-0.0537109375,-0.172119140625,0.14013671875,0.14013671875,-0.0556640625,-0.106689453125,0.031982421875,0.0087890625,-0.082763671875,0.013671875,0.075927734375,-0.0732421875,-0.07568359375,0.076416015625,-0.12744140625,-0.048095703125,-0.048095703125,0.10205078125,0.032470703125,-0.10205078125,-0.04443359375,0.093017578125,0.049072265625,-0.1162109375,-0.099609375,0.092529296875,0.0478515625,-0.072265625,0.044189453125,0.044189453125,-0.01904296875,-0.017822265625,0.029052734375,-0.117431640625,-0.083984375,0.16259765625,0.079833984375,-0.2275390625,-0.061767578125,0.00048828125,-0.1962890625,-0.1962890625,0.011474609375,0.1044921875,-0.0751953125,-0.03759765625,0.052001953125,-0.13037109375,-0.076171875,0.149658203125,-0.02783203125,-0.223388671875,0.19091796875,-0.105712890625,-0.105712890625,-0.177978515625,0.1025390625,0.07666015625,-0.068603515625,0.018310546875,0.048828125,-0.052490234375,-0.004638671875,0.0771484375,-0.0732421875,0.1240234375,0.030517578125,0.030517578125,-0.117919921875,-0.0068359375,0.04638671875,-0.045654296875,0.00439453125,0.044189453125,-0.093017578125,-0.0302734375,-0.0283203125,-0.10400390625,0.08251953125,0.08251953125,0.057373046875,-0.114990234375,-0.01025390625,0.1142578125,-0.07568359375,-0.066162109375,0.130126953125,-0.02197265625,-0.1884765625,0.07421875,-0.07177734375,-0.0439453125,-0.0439453125,0.056396484375,-0.08984375,-0.09326171875,0.075927734375,-0.03125,-0.136474609375,0.0283203125,0.070068359375,-0.078369140625,-0.024658203125,0.078125,-0.07958984375,-0.062744140625,-0.06201171875,-0.120849609375,0.087646484375,0.072265625,-0.154052734375,-0.154052734375,-0.013671875,0.010986328125,-0.04296875,0.080810546875,0.04248046875,-0.07958984375,0.04443359375,0.086181640625,-0.09521484375,-0.04833984375,-0.04833984375,0.1171875,-0.022216796875,-0.069091796875,0.108642578125,0.053466796875,-0.094482421875,0.01171875,0.087890625,-0.08203125,-0.04150390625,0.108642578125,-0.05078125,-0.09912109375,0.012939453125,-0.111328125,0.03173828125,0.06689453125,-0.12841796875,-0.0400390625,-0.0400390625,0.14208984375,-0.06103515625,-0.141845703125,0.090576171875,0.055419921875,-0.15576171875,-0.05859375,0.10302734375,-0.039794921875,-0.06884765625,0.05419921875,-0.07470703125,0.042236328125,0.031005859375,-0.123046875,-0.022705078125,0.09326171875,-0.073974609375,-0.084228515625,-0.084228515625,0.08056640625,-0.022705078125,-0.0986328125,0.060791015625,0.05615234375,-0.089599609375,-0.00927734375,0.092041015625,-0.06884765625,-0.052734375,0.095703125,-0.035888671875,0.08642578125,0.077880859375,-0.130126953125,-0.029296875,0.15966796875,-0.039306640625,-0.161865234375,-0.161865234375,0.03955078125,0.07666015625,-0.028076171875,0.02099609375,0.0400390625,-0.0849609375,-0.03955078125,0.09765625,-0.041259765625,-0.08544921875,0.08349609375,0.0283203125,-0.10400390625,-0.017578125,-0.083740234375,-0.01123046875,0.097412109375,-0.091796875,-0.114501953125,-0.114501953125,0.0283203125,-0.12646484375,-0.12646484375,0.002685546875,0.0546875,-0.1025390625,-0.021728515625,0.1171875,-0.088134765625,-0.10791015625,0.124755859375,-0.06396484375,0.025146484375,-0.018798828125,0.135498046875,-0.053955078125,-0.079345703125,0.08056640625,-0.0390625,-0.112548828125,0.019775390625,-0.1025390625,0.021728515625,0.10595703125,-0.074462890625,-0.06494140625,0.078857421875,-0.04931640625,-0.072509765625,0.093017578125,0.013916015625,-0.12158203125,0.03515625,0.10498046875,0.10498046875,-0.134033203125,-0.08154296875,0.14697265625,-0.028076171875,-0.17333984375,0.03564453125,0.095947265625,-0.068603515625,-0.01611328125,0.06982421875,-0.092529296875,-0.07080078125,0.096923828125,-0.025634765625,-0.09326171875,0.093505859375,0.0703125,-0.146484375,0.128662109375,-0.0263671875,-0.08251953125,0.065185546875,-0.010986328125,-0.086669921875,0.057373046875,0.054443359375,-0.151123046875,-0.05078125,0.17333984375,-0.023681640625,-0.175537109375,0.0302734375,0.084716796875,0.084716796875,-0.052734375,-0.03466796875,0.02294921875,-0.06103515625,-0.015625,0.08349609375,-0.072265625,-0.0869140625,0.0947265625,0.00732421875,-0.134521484375,0.001708984375,0.07666015625,-0.085693359375,0.077392578125,-0.08544921875,-0.093017578125,0.107666015625,-0.001708984375,-0.17724609375,0.02783203125,0.169921875,-0.09521484375,-0.163330078125,0.072998046875,0.041015625,-0.0625,0.02978515625,0.006591796875,0.006591796875,-0.100830078125,0.011474609375,0.1044921875,-0.10009765625,-0.101318359375,0.135009765625,0.032958984375,-0.1328125,0.06103515625,-0.030029296875,0.005859375,0.043701171875,-0.109619140625,-0.046630859375,0.14599609375,-0.006103515625,-0.12939453125,0.049560546875,0.076904296875,0.076904296875,-0.094482421875,-0.036376953125,0.093017578125,-0.060546875,-0.06201171875,0.093994140625,-0.03271484375,0.055419921875,0.032470703125,-0.13671875,-0.006103515625,0.1259765625,-0.091796875,-0.1171875,0.09326171875,0.000732421875,-0.1259765625,0.03271484375,0.03271484375,0.079345703125,-0.110595703125,-0.072265625,0.1015625,-0.044189453125,-0.10595703125,0.075439453125,-0.1142578125,-0.029541015625,0.05908203125,-0.05419921875,-0.029052734375,0.0673828125,-0.0849609375,-0.100341796875,0.081787109375,0.009033203125,-0.11376953125,0.036376953125,0.036376953125,0.088623046875,-0.11376953125,-0.0712890625,0.127197265625,-0.019287109375,-0.103515625,0.033203125,-0.08935546875,0.013916015625,0.07470703125,-0.094482421875,-0.029052734375,0.14111328125,-0.05615234375,-0.1533203125,0.073486328125,0.089111328125,-0.085205078125,-0.085205078125,-0.009765625,0.089111328125,-0.080078125,-0.07373046875,0.099853515625,-0.026611328125,0.0751953125,0.03271484375,-0.113525390625,0.00732421875,0.08935546875,-0.1064453125,-0.056884765625,0.1259765625,-0.05029296875,-0.154541015625,0.052490234375,0.06103515625,-0.1220703125,-0.03759765625,0.08740234375,-0.062255859375,-0.062255859375,-0.0732421875,0.062255859375,-0.059326171875,-0.095458984375,0.092529296875,0.043212890625,-0.16259765625,-0.055419921875,0.115234375,-0.077392578125,0.0693359375,-0.020751953125,-0.1005859375,0.03564453125,0.04150390625,-0.09423828125,0.004638671875,0.102783203125,-0.0869140625,-0.093994140625,0.08349609375,-0.00732421875,-0.087890625,0.063720703125,0.055908203125,-0.119384765625,-0.01806640625,0.12451171875,-0.068603515625,-0.087890625,0.09326171875,0.09326171875,-0.0185546875,-0.1142578125,0.0654296875,0.078125,-0.135986328125,-0.0361328125,0.15234375,-0.145751953125,0.07275390625,0.054443359375,-0.098876953125,-0.001220703125,0.076171875,-0.09521484375,-0.072998046875,0.1015625,-0.030517578125,-0.099365234375,0.075439453125,0.043701171875,-0.10693359375,-0.0166015625,0.06494140625,-0.09033203125,-0.0390625,0.117431640625,-0.057861328125,-0.12744140625,0.072998046875,0.042724609375,0.042724609375,-0.111083984375,0.0087890625,0.07568359375,-0.113525390625,-0.0517578125,-0.0615234375,-0.151123046875,0.099365234375,0.095703125,-0.158203125,-0.101806640625,0.113037109375,0.01025390625,-0.055419921875,0.041259765625,-0.053955078125,-0.087890625,0.073974609375,0.045654296875,-0.126953125,-0.01318359375,0.122314453125,-0.0576171875,-0.087158203125,0.067138671875,-0.0205078125,-0.078369140625,0.071044921875,0.033203125,-0.140380859375,-0.01806640625,-0.01806640625,0.14111328125,-0.06298828125,-0.122314453125,0.069580078125,0.0302734375,0.017578125,0.021728515625,-0.08935546875,0.01708984375,0.107421875,-0.106689453125,-0.130615234375,0.0986328125,0.05419921875,-0.095703125,0.002685546875,0.07470703125,-0.0771484375,-0.068115234375,0.076171875,-0.040771484375,-0.072509765625,0.0830078125,0.013916015625,-0.121826171875,-0.010498046875,0.075439453125,-0.07568359375,-0.042724609375,0.087646484375,-0.062255859375,-0.062255859375,-0.094482421875,0.084228515625,0.007080078125,0.044677734375,0.123046875,-0.130126953125,-0.128173828125,0.133544921875,0.033935546875,-0.12158203125,0.0244140625,0.05908203125,-0.099609375,-0.051513671875,0.068359375,-0.052001953125,-0.031494140625,0.093017578125,-0.0654296875,-0.128662109375,0.06787109375,0.0546875,-0.111572265625,-0.004150390625,0.093994140625,-0.095947265625,-0.074462890625,0.116943359375,-0.021240234375,-0.021240234375,-0.120849609375,0.05126953125,-0.095458984375,0.0029296875,0.095458984375,-0.11376953125,-0.07763671875,0.168212890625,0.022216796875,-0.184814453125,-0.007568359375,0.133544921875,-0.038330078125,-0.066162109375,0.075927734375,-0.0205078125,-0.0849609375,0.041748046875,0.00341796875,-0.061279296875,0.05029296875,0.0498046875,-0.115234375,-0.054443359375,0.096435546875,-0.039306640625,-0.072998046875,0.07568359375,-0.002685546875,-0.11083984375,-0.11083984375,0.02099609375,-0.08203125,-0.0341796875,0.071533203125,-0.076171875,-0.067138671875,0.1064453125,-0.02197265625,-0.16943359375,0.026611328125,0.13330078125,-0.1025390625,-0.134521484375,0.080322265625,0.022705078125,-0.068359375,0.02001953125,-0.020263671875,-0.097900390625,0.02880859375,0.078369140625,-0.102783203125,-0.050048828125,0.120849609375,-0.03076171875,-0.11181640625,0.04443359375,0.015380859375,-0.1005859375,0.03662109375,0.03662109375,-0.1142578125,-0.0693359375,0.128173828125,-0.031005859375,-0.114501953125,0.07666015625,0.039794921875,-0.11279296875,0.029541015625,0.1181640625,-0.125244140625,-0.08251953125,0.17626953125,0.007080078125,-0.187744140625,0.009521484375,0.116455078125,-0.0478515625,-0.028076171875,0.06689453125,-0.09033203125,-0.082275390625,0.10986328125,-0.009033203125,-0.119384765625,0.05419921875,0.063720703125,-0.118896484375,-0.0419921875,0.092041015625,-0.071533203125,-0.0634765625,0.105224609375,-0.03466796875,-0.135009765625,0.05810546875,0.0849609375,-0.12548828125,-0.060302734375,0.099609375,-0.04443359375,-0.0771484375,0.065673828125,-0.03662109375,-0.11865234375,0.0634765625,0.081298828125,-0.14990234375,-0.08984375,0.146240234375,-0.00048828125,-0.1328125,0.03515625,0.06201171875,-0.0810546875,-0.040771484375,0.069580078125,-0.034423828125,-0.036376953125,0.09423828125,-0.11572265625,-0.11572265625,0.023681640625,0.043701171875,-0.05908203125,-0.00146484375,0.06201171875,-0.06103515625,-0.05078125,0.075927734375,-0.057373046875,-0.10205078125,0.10107421875,0.07763671875,-0.1298828125,-0.067626953125,0.104736328125,-0.003173828125,-0.0478515625,0.0390625,-0.0625,-0.076416015625,0.087890625,0.0244140625,-0.12646484375,0.018310546875,0.10107421875,-0.11572265625,-0.086669921875,0.107421875,-0.1064453125,0.10693359375,0.10693359375,0.045166015625,-0.180419921875,-0.03271484375,0.150146484375,-0.066650390625,-0.10595703125,0.100341796875,0.017578125,-0.1005859375,0.015625,0.025146484375,-0.0859375,0.021728515625,0.088623046875,-0.107666015625,-0.073974609375,0.10595703125,-0.042236328125,-0.12353515625,0.05517578125,0.036376953125,-0.1171875,0.008056640625,0.101806640625,-0.118408203125,-0.085205078125,0.1435546875,-0.159423828125,-0.00927734375,0.08642578125,0.08642578125,-0.03564453125,-0.011962890625,0.039794921875,-0.098876953125,-0.0556640625,0.08984375,-0.04248046875,-0.112060546875,0.085205078125,0.091796875,-0.140869140625,-0.077880859375,0.1123046875,-0.025390625,-0.0859375,0.05419921875,0.010498046875,-0.0654296875,0.048583984375,0.049560546875,-0.122314453125,-0.019775390625,0.1455078125,-0.050048828125,-0.143310546875,0.0888671875,-0.110595703125,-0.058837890625,0.095458984375,-0.02880859375,-0.02880859375,-0.093994140625,0.056640625,0.015380859375,-0.07763671875,0.02001953125,0.034423828125,-0.0849609375,-0.03076171875,0.063232421875,-0.0556640625,-0.0390625,0.084228515625,-0.054931640625,-0.12353515625,0.062255859375,0.059814453125,-0.117919921875,-0.03076171875,0.08935546875,-0.057861328125,-0.063232421875,0.05712890625,-0.075439453125,-0.101318359375,0.10986328125,0.046630859375,-0.177001953125,-0.047119140625,0.136474609375,-0.083740234375,0.064208984375,-0.026123046875,-0.096435546875,0.0546875,0.05322265625,-0.087890625,-0.087890625,0.020751953125,0.104736328125,-0.096923828125,-0.08251953125,0.11181640625,0.005859375,-0.0966796875,0.053955078125,0.050537109375,-0.121337890625,-0.02978515625,0.110107421875,-0.05908203125,-0.088623046875,0.076416015625,0.003173828125,-0.0869140625,0.02734375,0.029296875,-0.1083984375,-0.00537109375,0.117919921875,-0.117919921875,0.070556640625,0.031494140625,-0.098388671875,0.00048828125,0.0556640625,-0.0947265625,-0.0947265625,-0.068359375,0.0908203125,-0.02978515625,-0.109619140625,0.05322265625,0.051513671875,-0.1083984375,-0.069091796875,0.04443359375,-0.025390625,-0.00927734375,0.0615234375,-0.077392578125,-0.1005859375,0.07470703125,0.037841796875,-0.10498046875,0.0029296875,0.09423828125,-0.071533203125,-0.083251953125,-0.00341796875,-0.081787109375,0.05224609375,0.028564453125,-0.0947265625,-0.0029296875,0.07275390625,-0.08740234375,-0.0419921875,-0.0419921875,0.122314453125,-0.040283203125,-0.151611328125,0.050048828125,0.09228515625,-0.080322265625,-0.0302734375,0.07763671875,-0.065673828125,-0.080078125,0.077392578125,-0.01318359375,-0.08740234375,0.062255859375,0.050537109375,-0.119140625,-0.033935546875,0.0908203125,-0.070556640625,-0.07421875,-0.008544921875,-0.112548828125,0.03076171875,0.0498046875,-0.098388671875,-0.017333984375,0.080078125,-0.069091796875,-0.05224609375,0.095947265625,-0.047607421875,-0.047607421875,-0.131591796875,0.08349609375,0.098876953125,-0.1337890625,-0.076171875,0.106201171875,-0.01953125,-0.07080078125,0.06103515625,-0.013427734375,-0.111572265625,0.03125,0.07177734375,-0.087646484375,-0.0205078125,0.10986328125,-0.057373046875,-0.11328125,0.023193359375,-0.088623046875,0.025634765625,0.064453125,-0.099365234375,-0.050048828125,0.1083984375,-0.03173828125,-0.11669921875,0.0400390625,0.033935546875,-0.073974609375,-0.073974609375,0.0107421875,0.050048828125,-0.110107421875,-0.050048828125,0.1171875,-0.043212890625,-0.146728515625,0.045654296875,0.07177734375,-0.078125,-0.013916015625,0.05908203125,-0.0849609375,-0.053466796875,0.094970703125,-0.030029296875,-0.088134765625,0.05810546875,-0.12255859375,-0.022705078125,0.0947265625,-0.067626953125,-0.056884765625,0.110107421875,-0.021728515625,-0.124755859375,0.058837890625,0.06494140625,-0.123779296875,-0.123779296875,-0.031005859375,0.10009765625,-0.055908203125,-0.06884765625,0.079833984375,-0.034423828125,-0.10546875,0.083984375,0.058837890625,-0.154541015625,-0.05859375,0.12646484375,-0.021484375,-0.08203125,0.06005859375,-0.019775390625,0.030517578125,0.04296875,-0.10693359375,-0.011474609375,0.1044921875,-0.07568359375,-0.095703125,0.071533203125,-0.014404296875,-0.102783203125,0.05859375,0.068359375,-0.11181640625,-0.033935546875,-0.033935546875,0.1025390625,-0.0615234375,-0.073486328125,0.092041015625,-0.017333984375,-0.109130859375,0.07275390625,0.085693359375,-0.14306640625,-0.054443359375,0.15673828125,-0.02099609375,-0.1611328125,0.0185546875,0.064453125,-0.010009765625,0.041259765625,-0.0908203125,-0.053955078125,0.1123046875,-0.029296875,-0.132568359375,0.060546875,0.102783203125,-0.09033203125,-0.09521484375,0.042724609375,-0.005615234375,-0.00341796875,0.058837890625,-0.076171875,-0.076171875,-0.098876953125,0.09326171875,0.053466796875,-0.128173828125,-0.02392578125,0.094970703125,-0.05810546875,-0.0703125,0.071533203125,-0.041015625,-0.081787109375,0.098388671875,0.03564453125,-0.033935546875,0.1376953125,-0.03857421875,-0.0810546875,0.05810546875,-0.0302734375,-0.07373046875,0.07421875,0.012451171875,-0.12939453125,0.034423828125,0.1240234375,-0.09619140625,-0.0859375,0.100341796875,-0.026611328125,-0.026611328125,-0.110595703125,0.073974609375,0.060302734375,-0.14111328125,-0.04296875,0.12060546875,-0.056884765625,-0.10888671875,0.079833984375,0.02978515625,-0.112060546875,-0.020751953125,-0.053466796875,-0.000732421875,0.066650390625,-0.08251953125,-0.087890625,0.080810546875,0.009521484375,-0.09375,0.02734375,0.047119140625,-0.0966796875,-0.025390625,0.098388671875,-0.0712890625,-0.098388671875,0.1240234375,0.06787109375,-0.14599609375,-0.14599609375,-0.056884765625,0.094482421875,0.0009765625,-0.020751953125,0.03564453125,-0.068603515625,-0.044921875,0.107421875,-0.004150390625,-0.138671875,0.045166015625,0.1279296875,-0.095458984375,0.10595703125,0.00439453125,-0.095947265625,0.027587890625,0.01220703125,-0.085205078125,0.018798828125,0.052001953125,-0.11767578125,-0.03466796875,0.13916015625,-0.051025390625,-0.179443359375,0.040283203125,0.096923828125,-0.095703125,-0.057861328125,-0.057861328125,0.090087890625,-0.033447265625,-0.102294921875,0.040283203125,0.000244140625,-0.0966796875,0.02392578125,0.0625,-0.088623046875,-0.060546875,-0.027587890625,-0.05517578125,0.069091796875,-0.015869140625,-0.10693359375,0.044189453125,0.077880859375,-0.091552734375,-0.0361328125,0.089599609375,-0.04296875,-0.070068359375,0.07177734375,-0.010009765625,-0.0830078125,0.074951171875,0.061767578125,-0.135986328125,-0.052978515625,0.1171875,0.1171875,-0.028076171875,-0.090087890625,0.062255859375,0.00537109375,-0.106689453125,0.014404296875,0.0576171875,-0.08740234375,0.091064453125,-0.053466796875,-0.103759765625,0.0693359375,0.021240234375,-0.112060546875,0.003173828125,0.0732421875,-0.07568359375,-0.06494140625,0.082763671875,-0.026123046875,-0.10009765625,0.039794921875,0.027587890625,-0.07470703125,0.00048828125,0.04541015625,-0.082275390625,-0.0263671875,0.118408203125,-0.04248046875,-0.156494140625,-0.156494140625,0.034423828125,0.08203125,-0.060302734375,-0.01806640625,0.070068359375,-0.06298828125,-0.08349609375,-0.00439453125,-0.11083984375,0.04736328125,0.084716796875,-0.093017578125,-0.08154296875,0.06396484375,-0.005126953125,-0.037109375,0.039794921875,-0.046630859375,-0.088623046875,0.05712890625,0.043701171875,-0.102783203125,-0.102783203125,-0.019287109375,0.070556640625,-0.06103515625,0.093994140625,-0.026123046875,-0.1162109375,0.072265625,0.090087890625,-0.136962890625,-0.09619140625,0.102783203125,0.102783203125,0.010009765625,0.02783203125,-0.030029296875,-0.06787109375,0.0517578125,0.0205078125,-0.123046875,-0.00244140625,0.119384765625,-0.062255859375,-0.102294921875,-0.102294921875,0.0673828125,-0.10888671875,0.052001953125,0.103759765625,-0.10693359375,-0.10693359375,0.099365234375,0.0302734375,-0.092529296875,0.013916015625,0.013916015625,0.0439453125,-0.029296875,0.0537109375,-0.037109375,-0.04443359375,0.063720703125,-0.01611328125,-0.098876953125,0.00146484375,0.011962890625,-0.042236328125,-0.042236328125,0.02734375,-0.107421875,-0.027099609375,0.110595703125,-0.048828125,-0.130126953125,0.080322265625,0.099365234375,-0.10595703125,-0.090576171875,0.057861328125,0.057861328125,-0.033447265625,0.030517578125,-0.0615234375,-0.091796875,0.07958984375,0.059326171875,-0.1240234375,-0.042236328125,0.1044921875,-0.0244140625,-0.0244140625,-0.0849609375,0.0009765625,-0.053955078125,0.0478515625,0.011962890625,-0.083251953125,0.033203125,0.087890625,-0.107421875,-0.081787109375,0.144775390625,0.144775390625,-0.17578125,-0.00341796875,0.117431640625,-0.056396484375,-0.0673828125,0.080810546875,-0.020751953125,-0.109619140625,0.03173828125,0.01025390625,-0.081787109375,-0.081787109375,0.05029296875,-0.111572265625,-0.041748046875,0.0927734375,-0.05712890625,-0.078125,0.10205078125,-0.005859375,-0.15185546875,0.028564453125,0.107666015625,-0.095947265625,-0.075927734375,0.075439453125,-0.05322265625,-0.05322265625,0.08642578125,-0.00244140625,-0.134765625,0.065185546875,0.116943359375,-0.14599609375,-0.11962890625,0.139404296875,0.025634765625,-0.130615234375,0.026123046875,0.060546875,-0.074951171875,-0.023681640625,0.072509765625,0.072509765625,-0.05908203125,0.091552734375,0.0009765625,-0.10400390625,0.024169921875,0.04345703125,-0.07177734375,-0.013427734375,0.053466796875,-0.075439453125,-0.06298828125,0.090576171875,-0.025390625,-0.11083984375,0.0439453125,0.042724609375,-0.0888671875,-0.02392578125,0.047607421875,-0.08203125,-0.027099609375,0.1328125,-0.043701171875,-0.1865234375,0.0322265625,0.118408203125,-0.079833984375,-0.078369140625,0.076171875,-0.01513671875,-0.097900390625,0.0205078125,-0.012451171875,-0.0634765625,0.062744140625,0.04150390625,-0.113525390625,-0.028076171875,0.102783203125,-0.04736328125,-0.06689453125,0.07666015625,-0.030029296875,-0.096923828125,0.08251953125,0.05810546875,-0.12890625,-0.000244140625,0.142822265625,-0.083984375,-0.151123046875,0.09033203125,0.055908203125,-0.103271484375,0.01171875,0.072998046875,-0.0859375,-0.05712890625,0.07421875,-0.048583984375,-0.06884765625,0.09912109375,0.01513671875,-0.133056640625,0.004638671875,0.076904296875,-0.0849609375,-0.055419921875,0.072021484375,-0.052490234375,-0.1005859375,0.05712890625,0.009521484375,-0.096435546875,0.017822265625,0.0419921875,-0.099365234375,-0.0224609375,0.102783203125,-0.086181640625,-0.13671875,0.109619140625,0.08544921875,-0.164794921875,-0.1005859375,0.09521484375,0.013916015625,-0.04638671875,0.046630859375,-0.030029296875,0.051025390625,0.051025390625,0.06884765625,-0.087158203125,-0.03271484375,0.101806640625,-0.008544921875,-0.083251953125,0.028564453125,-0.002197265625,-0.05029296875,0.052001953125,0.001708984375,-0.11962890625,0.02099609375,0.136962890625,-0.063720703125,-0.1220703125,0.060546875,0.0224609375,-0.07177734375,0.023193359375,-0.00341796875,-0.106201171875,0.038330078125,0.12451171875,-0.1142578125,-0.159423828125,0.10302734375,0.075439453125,-0.115966796875,-0.015869140625,0.079833984375,-0.062744140625,-0.07421875,0.060791015625,-0.02880859375,-0.0888671875,0.06787109375,-0.111572265625,-0.111572265625,-0.033447265625,0.0390625,-0.059326171875,-0.021484375,0.06640625,-0.074951171875,-0.08984375,0.107421875,0.03271484375,-0.127685546875,0.00244140625,-0.056884765625,-0.056884765625,-0.026123046875,0.0712890625,-0.058349609375,-0.05322265625,0.12060546875,-0.021240234375,-0.182373046875,0.024169921875,0.130859375,-0.066162109375,0.079833984375,0.079833984375,-0.03466796875,-0.099853515625,0.06298828125,0.014404296875,-0.10693359375,0.03076171875,0.08935546875,-0.089111328125,-0.0771484375,0.09326171875,-0.094970703125,0.028076171875
Prusa_B,-0.02734375,-0.052734375,-0.066650390625,-0.066650390625,-0.045166015625,0.018798828125,0.072998046875,0.074951171875,0.046142578125,-0.051513671875,-0.07861328125,-0.075927734375,-0.050537109375,-0.008544921875,0.013916015625,-0.00439453125,-0.024658203125,-0.030029296875,-0.0185546875,0.0283203125,0.06201171875,0.03515625,0.017333984375,0.04150390625,0.026611328125,-0.03759765625,-0.04248046875,-0.04248046875,-0.008544921875,-0.031982421875,-0.02783203125,0.0107421875,-0.036865234375,-0.040283203125,0.04150390625,0.010009765625,-0.011962890625,0.05712890625,-0.000732421875,0.020263671875,-0.03955078125,-0.06787109375,-0.037841796875,-0.0634765625,-0.0546875,0.003173828125,0.003173828125,-0.000244140625,0.021728515625,0.010498046875,-0.060791015625,-0.0498046875,-0.019775390625,-0.02587890625,-0.03271484375,-0.03271484375,-0.00537109375,-0.010009765625,-0.064208984375,-0.044921875,-0.001708984375,-0.010986328125,0.0263671875,0.029296875,-0.031982421875,-0.05029296875,-0.03466796875,-0.03466796875,-0.03564453125,-0.02001953125,0.04052734375,0.0341796875,-0.01953125,-0.02001953125,-0.029296875,0.011962890625,0.018798828125,-0.00439453125,0.030029296875,0.046875,-0.007080078125,-0.017578125,-0.01806640625,-0.01806640625,-0.03955078125,0.005126953125,0.038330078125,0.02099609375,-0.05810546875,-0.062744140625,-0.00341796875,0.033447265625,0.01416015625,-0.03466796875,-0.05517578125,-0.021240234375,0.03564453125,0.048828125,0.007568359375,-0.041259765625,-0.041259765625,-0.060546875,-0.038330078125,-0.0087890625,-0.007080078125,-0.036376953125,-0.005859375,-0.01806640625,-0.0283203125,-0.017333984375,-0.007080078125,-0.003173828125,-0.0107421875,-0.020263671875,-0.020751953125,-0.020751953125,-0.002197265625,-0.013671875,-0.062744140625,-0.05615234375,0.013916015625,-0.033203125,-0.04443359375,0.018798828125,0.067138671875,0.01806640625,-0.03515625,-0.00439453125,-0.00439453125,0.0185546875,-0.029296875,-0.072265625,0.013916015625,-0.022705078125,-0.03955078125,-0.00048828125,0.01806640625,0.022705078125,0.02978515625,0.0390625,0.033935546875,-0.029052734375,-0.029052734375,-0.072998046875,-0.017578125,0.03369140625,-0.03173828125,-0.05517578125,0.00537109375,-0.001220703125,-0.0458984375,-0.02587890625,0.02392578125,0.018798828125,-0.003173828125,0.0087890625,-0.027099609375,-0.027099609375,-0.076904296875,-0.04248046875,0.003662109375,0.016357421875,0.010009765625,-0.006591796875,-0.005859375,-0.021240234375,-0.016357421875,0.0048828125,-0.01171875,-0.0166015625,-0.0166015625,-0.004150390625,-0.017822265625,-0.031982421875,-0.030517578125,-0.02978515625,-0.005859375,-0.00244140625,-0.01513671875,-0.02001953125,-0.0322265625,-0.02587890625,-0.009521484375,-0.026611328125,-0.01904296875,-0.01904296875,0.021240234375,0.026123046875,-0.002197265625,-0.020751953125,-0.013671875,-0.01220703125,-0.030517578125,-0.015380859375,0.00341796875,-0.007568359375,-0.019775390625,0.000732421875,0.007568359375,-0.001953125,-0.001953125,-0.006103515625,0.0166015625,0.010986328125,-0.0390625,-0.038330078125,-0.017578125,-0.03076171875,-0.044189453125,-0.01171875,0.007568359375,-0.014892578125,-0.01513671875,0.001953125,-0.013671875,-0.013671875,-0.032958984375,-0.015380859375,0.004638671875,-0.016357421875,-0.01611328125,-0.01171875,-0.015625,-0.021240234375,-0.00537109375,0.002685546875,-0.021728515625,-0.016357421875,0.014404296875,-0.00390625,-0.03466796875,-0.0322265625,-0.0322265625,-0.025634765625,-0.01806640625,0.002685546875,0.025146484375,-0.001220703125,-0.043212890625,-0.033447265625,-0.001708984375,-0.001953125,-0.001953125,0.000244140625,-0.01953125,-0.028564453125,-0.028564453125,-0.02197265625,0.00048828125,-0.012451171875,-0.03271484375,-0.00830078125,0.02099609375,0.00390625,-0.0029296875,0.001220703125,-0.003662109375,-0.00048828125,0.0078125,0.009765625,0.001708984375,0.001708984375,-0.01171875,-0.0517578125,0.00634765625,-0.01611328125,-0.0029296875,-0.0244140625,0.00048828125,-0.010009765625,-0.002685546875,0.002197265625,-0.00537109375,-0.02734375,-0.03662109375,-0.011962890625,-0.013916015625,-0.04150390625,-0.031982421875,0.00146484375,0.010498046875,-0.001220703125,-0.000732421875,-0.000732421875,-0.023681640625,-0.026123046875,-0.009033203125,-0.00439453125,-0.013427734375,-0.022216796875,-0.021240234375,-0.01513671875,-0.021728515625,0.0,0.034423828125,-0.004150390625,-0.061279296875,-0.04638671875,-0.04638671875,-0.003662109375,-0.029052734375,-0.017822265625,-0.000244140625,0.01171875,-0.000244140625,-0.018310546875,-0.0126953125,-0.017333984375,-0.0166015625,0.0078125,0.01171875,-0.009521484375,-0.02294921875,-0.023193359375,-0.028564453125,-0.013427734375,0.019775390625,0.033203125,0.0263671875,-0.006591796875,-0.03759765625,-0.0166015625,-0.00634765625,-0.051025390625,-0.04443359375,0.0087890625,0.009521484375,-0.01904296875,-0.0341796875,-0.022705078125,0.0,-0.00146484375,-0.006591796875,0.005615234375,-0.008544921875,-0.0498046875,-0.05126953125,-0.015869140625,-0.026123046875,-0.023193359375,0.022216796875,0.021728515625,-0.02197265625,-0.02099609375,0.015380859375,0.022216796875,-0.00341796875,-0.02734375,-0.018310546875,-0.010009765625,-0.03076171875,-0.0341796875,-0.01318359375,-0.009521484375,-0.019287109375,-0.005126953125,0.032470703125,0.033935546875,-0.013916015625,-0.046630859375,-0.0263671875,-0.00927734375,-0.023681640625,-0.0263671875,-0.020751953125,-0.03662109375,-0.043701171875,0.0,0.040771484375,0.010986328125,-0.017333984375,-0.01513671875,-0.008056640625,-0.009765625,-0.025146484375,-0.01171875,0.00537109375,-0.014404296875,-0.013671875,0.01318359375,0.020263671875,-0.014892578125,-0.0263671875,-0.000244140625,0.015869140625,0.007568359375,-0.025390625,-0.035400390625,-0.040771484375,-0.042236328125,-0.023193359375,0.01416015625,0.017333984375,-0.01953125,-0.030517578125,-0.013671875,0.0,-0.0048828125,-0.017333984375,-0.014892578125,-0.023681640625,-0.029296875,0.002685546875,0.018798828125,-0.005615234375,-0.0205078125,-0.016357421875,0.009521484375,0.01025390625,-0.034423828125,-0.032958984375,-0.00830078125,-0.01708984375,-0.014404296875,0.0078125,-0.010986328125,-0.041259765625,-0.007568359375,0.023681640625,0.00341796875,-0.0205078125,-0.021728515625,-0.02001953125,-0.027587890625,-0.024658203125,-0.0166015625,-0.00830078125,-0.02490234375,-0.047119140625,-0.03173828125,0.004638671875,0.004638671875,-0.008056640625,0.02685546875,0.0302734375,-0.01416015625,-0.03857421875,-0.013916015625,-0.022216796875,-0.0107421875,-0.0107421875,0.01611328125,0.009521484375,-0.030517578125,-0.031494140625,-0.008056640625,-0.008544921875,0.004638671875,0.021240234375,0.021240234375,-0.02392578125,-0.07470703125,-0.055908203125,-0.014404296875,-0.000732421875,0.01171875,0.014892578125,-0.028564453125,-0.028564453125,-0.059814453125,-0.031494140625,0.0029296875,0.008544921875,0.011962890625,0.010986328125,0.0048828125,-0.031005859375,-0.041015625,-0.009765625,0.008056640625,-0.013427734375,-0.030517578125,-0.001220703125,0.0166015625,-0.0263671875,-0.03466796875,0.006591796875,0.0146484375,-0.046875,-0.046875,-0.01171875,-0.01806640625,-0.04296875,-0.020263671875,0.011962890625,0.001953125,-0.01904296875,0.008544921875,0.008544921875,-0.003662109375,-0.006591796875,0.004150390625,-0.007080078125,-0.02197265625,-0.030029296875,-0.0107421875,-0.03271484375,-0.004638671875,-0.004638671875,0.058349609375,0.046630859375,-0.016357421875,-0.042236328125,-0.01708984375,-0.001708984375,-0.0283203125,-0.008544921875,-0.008544921875,-0.0048828125,-0.00927734375,-0.0009765625,0.00732421875,-0.021728515625,-0.0380859375,0.0126953125,-0.029541015625,-0.029541015625,-0.0576171875,-0.041748046875,-0.008056640625,-0.00048828125,0.000244140625,0.0185546875,-0.018798828125,-0.031005859375,-0.031005859375,-0.00048828125,0.012451171875,-0.010009765625,-0.025634765625,-0.011474609375,-0.025634765625,-0.035400390625,0.027587890625,0.027587890625,0.0322265625,-0.018798828125,-0.01416015625,0.043701171875,0.02490234375,-0.05224609375,-0.026123046875,-0.012451171875,-0.012451171875,-0.04345703125,-0.0263671875,0.030517578125,0.003662109375,-0.038330078125,-0.0068359375,0.012451171875,-0.040283203125,-0.040283203125,-0.02978515625,-0.006591796875,-0.03515625,-0.052978515625,0.0107421875,0.036376953125,-0.035400390625,0.0107421875,0.0107421875,0.03125,-0.0126953125,-0.017822265625,0.023193359375,0.0107421875,-0.052001953125,-0.02587890625,-0.008056640625,-0.008056640625,-0.036376953125,-0.021728515625,0.046875,0.0546875,-0.01806640625,-0.031494140625,-0.036376953125,-0.04296875,-0.04296875,-0.017578125,0.007568359375,-0.021728515625,-0.03466796875,-0.0029296875,0.000244140625,0.023681640625,0.055908203125,0.055908203125,0.02294921875,-0.03515625,-0.04296875,-0.015869140625,-0.03173828125,-0.06787109375,0.0615234375,0.066650390625,-0.02197265625,-0.02197265625,-0.069091796875,-0.01123046875,0.015380859375,-0.022705078125,-0.019775390625,-0.03369140625,-0.064453125,-0.0546875,-0.0546875,-0.0087890625,-0.0078125,-0.004638671875,0.04052734375,0.034423828125,-0.071533203125,-0.0087890625,0.0126953125,0.0126953125,-0.044189453125,-0.01220703125,0.067138671875,0.0380859375,-0.064697265625,0.017822265625,0.0556640625,-0.0048828125,-0.0048828125,-0.033447265625,0.02099609375,0.02197265625,-0.05859375,-0.0673828125,0.012939453125,-0.024658203125,-0.01611328125,-0.01611328125,0.00732421875,-0.015625,-0.062744140625,0.000732421875,0.0517578125,-0.069580078125,0.0185546875,0.04833984375,0.04833984375,-0.07177734375,-0.104736328125,0.028076171875,0.078125,-0.069091796875,0.046630859375,0.046142578125,-0.0634765625,-0.0634765625,-0.050048828125,0.056640625,0.03173828125,-0.064453125,0.020751953125,-0.027099609375,-0.0849609375,-0.00634765625,-0.00634765625,0.0439453125,-0.04638671875,-0.06982421875,0.04248046875,-0.0302734375,-0.092041015625,0.00732421875,0.01708984375,0.01708984375,-0.095947265625,-0.07373046875,0.042236328125,0.036865234375,0.00732421875,0.070556640625,-0.014404296875,-0.10498046875,-0.10498046875,-0.02783203125,0.043212890625,0.0078125,-0.0361328125,0.019775390625,-0.044921875,-0.034912109375,0.015625,0.015625,0.022705078125,-0.02099609375,-0.033935546875,-0.001708984375,-0.021728515625,-0.042236328125,-0.006103515625,-0.000244140625,-0.000244140625,-0.04052734375,-0.046875,-0.013427734375,0.02294921875,-0.013916015625,0.02734375,0.031005859375,-0.031494140625,-0.031494140625,-0.066650390625,-0.003662109375,0.03759765625,-0.03125,0.014404296875,-0.003662109375,-0.0859375,-0.03173828125,0.085205078125,0.085205078125,0.049560546875,-0.0400390625,-0.021240234375,0.02294921875,-0.0859375,-0.027587890625,0.038818359375,-0.007568359375,-0.007568359375,-0.090576171875,-0.0302734375,0.06982421875,0.011962890625,0.019775390625,0.057373046875,-0.03369140625,-0.086669921875,-0.086669921875,-0.02783203125,0.004638671875,-0.031494140625,-0.03369140625,0.04296875,-0.012939453125,-0.0380859375,0.0283203125,0.0283203125,0.04736328125,-0.021728515625,-0.041748046875,-0.001708984375,-0.087890625,-0.068603515625,0.013671875,0.015380859375,0.015380859375,-0.027099609375,-0.005615234375,0.060546875,-0.055908203125,-0.058837890625,0.011474609375,-0.0087890625,-0.09619140625,-0.09619140625,-0.0546875,0.03515625,-0.004638671875,0.018798828125,0.077392578125,-0.001953125,-0.046630859375,0.010498046875,0.010498046875,0.01171875,-0.070068359375,-0.06640625,0.022705078125,-0.05078125,-0.027587890625,0.059814453125,0.041259765625,0.041259765625,-0.052001953125,-0.037109375,0.028076171875,-0.058349609375,-0.045166015625,-0.001220703125,-0.037353515625,-0.076171875,-0.076171875,0.00341796875,0.07177734375,0.018310546875,-0.021728515625,0.0146484375,-0.04150390625,-0.0625,-0.0029296875,-0.0029296875,0.00341796875,-0.06103515625,-0.052490234375,0.060302734375,-0.02392578125,-0.02001953125,0.0380859375,0.012939453125,0.012939453125,-0.06201171875,-0.061279296875,0.00048828125,-0.087646484375,-0.0234375,0.093017578125,0.051513671875,-0.06005859375,-0.06005859375,-0.035400390625,0.038330078125,-0.011962890625,-0.02734375,0.035888671875,-0.051025390625,-0.110595703125,0.03564453125,0.03564453125,0.117919921875,-0.042236328125,-0.099365234375,0.0888671875,-0.06494140625,-0.094970703125,0.05908203125,0.02099609375,0.02099609375,-0.13671875,-0.050048828125,0.01025390625,-0.125732421875,-0.000732421875,0.092041015625,-0.004150390625,-0.0771484375,-0.0771484375,-0.01806640625,0.029052734375,-0.098876953125,0.009033203125,0.10107421875,0.0068359375,-0.09765625,-0.00732421875,-0.00732421875,0.056884765625,-0.04345703125,-0.0048828125,0.0390625,-0.06103515625,-0.04248046875,0.085693359375,0.045166015625,0.045166015625,-0.0947265625,-0.04541015625,0.030517578125,-0.110107421875,-0.041015625,0.068603515625,-0.031005859375,-0.134521484375,-0.134521484375,0.0126953125,0.13720703125,-0.099853515625,0.03369140625,0.0595703125,-0.05078125,-0.08154296875,-0.010498046875,-0.010498046875,0.009765625,-0.045166015625,-0.002197265625,0.041748046875,-0.008056640625,-0.05126953125,0.045166015625,0.07275390625,0.07275390625,-0.07421875,-0.08251953125,0.00830078125,-0.143310546875,-0.02392578125,0.1044921875,-0.015380859375,-0.104248046875,-0.104248046875,0.0185546875,0.1025390625,-0.08056640625,0.02001953125,0.05712890625,-0.078857421875,-0.13525390625,0.0068359375,0.0068359375,0.049560546875,-0.072021484375,0.0751953125,0.06103515625,-0.0537109375,-0.0615234375,0.017578125,0.0166015625,0.0166015625,-0.0625,0.038818359375,0.022705078125,-0.086181640625,-0.03515625,0.092529296875,0.052001953125,-0.079345703125,-0.079345703125,-0.010498046875,-0.020263671875,-0.11669921875,-0.026123046875,0.04833984375,-0.05615234375,-0.1015625,0.03369140625,0.03369140625,0.093017578125,-0.067138671875,0.01953125,0.067138671875,-0.027099609375,-0.09765625,-0.045166015625,0.01953125,0.01953125,-0.047119140625,0.0185546875,0.09912109375,-0.012451171875,-0.078369140625,0.0546875,0.09033203125,-0.08056640625,-0.08056640625,-0.1083984375,0.04150390625,-0.151123046875,-0.0986328125,0.11572265625,0.046142578125,-0.11083984375,0.0205078125,0.0205078125,0.16015625,-0.130615234375,0.002685546875,0.059814453125,-0.055908203125,-0.094970703125,0.011962890625,0.025390625,0.025390625,-0.06396484375,0.053466796875,0.041748046875,-0.036865234375,-0.0244140625,0.041259765625,-0.005126953125,-0.08056640625,-0.08056640625,-0.042724609375,-0.02783203125,-0.064208984375,0.009033203125,0.07666015625,0.035888671875,-0.03662109375,0.001953125,0.001953125,-0.03466796875,-0.061767578125,-0.020263671875,-0.017333984375,-0.046875,-0.02490234375,0.02587890625,0.01513671875,-0.035400390625,-0.035400390625,0.050537109375,-0.020263671875,-0.0859375,-0.020263671875,0.008056640625,-0.060302734375,-0.0654296875,-0.0048828125,-0.0048828125,0.031494140625,0.0478515625,-0.03173828125,-0.0322265625,0.0234375,-0.020263671875,-0.05810546875,-0.0224609375,-0.0224609375,-0.03369140625,-0.004150390625,0.0361328125,0.025634765625,-0.001708984375,-0.00439453125,0.013427734375,0.00341796875,-0.040771484375,-0.050048828125,-0.043701171875,-0.043701171875,-0.060302734375,0.00732421875,0.0576171875,0.035400390625,-0.0146484375,-0.001708984375,0.039306640625,0.000732421875,-0.071533203125,-0.039306640625,-0.009033203125,-0.062255859375,-0.07568359375,-0.07568359375,0.019287109375,-0.00048828125,-0.030517578125,0.033203125,0.055908203125,-0.015380859375,-0.081298828125,-0.053466796875,-0.039306640625,-0.070556640625,-0.0263671875,0.064208984375,0.028564453125,-0.043701171875,0.01416015625,0.055419921875,-0.032470703125,-0.07958984375,-0.031005859375,-0.0224609375,-0.056640625,-0.0478515625,0.027099609375,0.074951171875,-0.0107421875,-0.0498046875,0.021240234375,0.021240234375,-0.036865234375,-0.04150390625,0.00732421875,-0.0029296875,-0.051513671875,-0.04541015625,0.02294921875,0.02978515625,-0.009521484375,0.02392578125,0.054443359375,0.009521484375,-0.02880859375,-0.02880859375,-0.01708984375,-0.052734375,-0.0791015625,-0.004638671875,0.04345703125,-0.02490234375,-0.047119140625,0.0625,0.0966796875,-0.011474609375,-0.08544921875,-0.052734375,0.0068359375,-0.00048828125,-0.049072265625,-0.06103515625,-0.031982421875,-0.013671875,-0.034423828125,-0.026123046875,0.043212890625,0.05908203125,-0.017333984375,-0.07373046875,-0.053466796875,-0.004150390625,0.019775390625,0.003662109375,-0.022705078125,-0.04833984375,-0.009765625,0.046630859375,-0.0087890625,-0.080322265625,-0.046875,0.019287109375,0.02880859375,-0.00830078125,-0.0625,-0.05029296875,0.0234375,0.02099609375,-0.007568359375,0.005126953125,-0.021484375,-0.00439453125,0.015869140625,-0.061767578125,-0.052001953125,0.024658203125,0.004638671875,-0.03955078125,-0.017578125,0.001953125,0.003173828125,0.058349609375,0.02490234375,-0.041748046875,-0.008544921875,-0.005615234375,-0.057861328125,-0.040283203125,0.02685546875,0.01513671875,-0.001220703125,-0.00927734375,-0.050048828125,-0.030517578125,0.029296875,0.0126953125,-0.013427734375,0.019287109375,0.000732421875,-0.06787109375,-0.063720703125,-0.025634765625,-0.01171875,0.031982421875,0.00439453125,-0.02685546875,0.010498046875,-0.0078125,-0.0205078125,-0.0234375,-0.047119140625,-0.011962890625,0.01904296875,-0.023681640625,-0.02880859375,-0.029541015625,-0.04541015625,0.01123046875,0.01123046875,-0.036376953125,0.01318359375,0.0029296875,-0.064697265625,-0.05029296875,-0.028564453125,-0.013916015625,0.01318359375,-0.00390625,-0.025634765625,0.0380859375,0.0380859375,-0.04443359375,-0.085205078125,-0.063232421875,-0.01171875,0.056884765625,0.06787109375,-0.004638671875,-0.05517578125,-0.03466796875,0.00439453125,0.057861328125,-0.011474609375,-0.011474609375,-0.061279296875,-0.04052734375,-0.01708984375,-0.009521484375,-0.04150390625,-0.09521484375,-0.056884765625,0.033203125,0.052734375,0.037841796875,0.034912109375,0.034912109375,0.014404296875,-0.041748046875,-0.085693359375,-0.091796875,-0.0791015625,-0.054931640625,-0.02685546875,0.017578125,0.047607421875,0.028564453125,0.006591796875,0.014404296875,0.00439453125,0.00439453125,-0.0029296875,0.0283203125,0.0166015625,-0.065185546875,-0.093017578125,-0.024658203125,-0.01025390625,-0.04638671875,0.001953125,0.020751953125,0.0185546875,0.0615234375,-0.02685546875,-0.02685546875,0.04931640625,-0.06787109375,0.022216796875,-0.00439453125,-0.116943359375,0.080810546875,-0.052734375,-0.05029296875,0.03466796875,-0.10986328125,0.032470703125,-0.05810546875,0.038818359375,0.038818359375,-0.0341796875,0.019287109375,0.048828125,0.008056640625,0.01416015625,-0.044921875,-0.067138671875,-0.031005859375,-0.04296875,0.003662109375,0.017578125,0.008056640625,-0.0439453125,-0.0439453125,-0.02392578125,0.03173828125,0.00439453125,0.05029296875,0.012939453125,-0.03857421875,-0.026123046875,-0.088134765625,-0.04736328125,0.01904296875,0.005126953125,-0.031005859375,-0.055908203125,-0.055908203125,-0.014404296875,0.04541015625,0.02587890625,-0.046875,-0.049072265625,-0.01318359375,0.03173828125,0.03076171875,-0.048095703125,-0.058349609375,-0.0224609375,-0.049560546875,-0.0048828125,-0.012939453125,-0.018310546875,-0.0263671875,-0.0263671875,-0.001708984375,0.001953125,-0.050537109375,-0.030517578125,0.039794921875,0.0595703125,-0.008544921875,-0.0888671875,-0.068115234375,0.073974609375,-0.033935546875,-0.094482421875,-0.00341796875,-0.00341796875,0.07470703125,0.035888671875,-0.088623046875,-0.095703125,0.05078125,0.0927734375,-0.036865234375,-0.095703125,0.018798828125,0.088623046875,-0.124755859375,-0.040283203125,0.093017578125,0.093017578125,0.06640625,-0.11181640625,-0.11865234375,0.080078125,0.095458984375,-0.06494140625,-0.080810546875,0.005615234375,-0.02880859375,-0.0927734375,-0.021240234375,-0.021240234375,0.05029296875,0.0009765625,-0.042724609375,-0.057861328125,-0.06640625,-0.048583984375,0.031005859375,0.025146484375,-0.048095703125,-0.00244140625,0.048095703125,-0.013671875,-0.078857421875,-0.065673828125,0.041748046875,0.03662109375,-0.068603515625,0.05517578125,0.062744140625,-0.05615234375,-0.08837890625,-0.08837890625,0.0126953125,0.042724609375,0.00634765625,0.0087890625,0.03466796875,-0.009521484375,-0.05419921875,0.01416015625,-0.034912109375,-0.040771484375,0.033203125,0.034423828125,0.034423828125,-0.055419921875,-0.0703125,0.025390625,0.052734375,-0.03466796875,-0.052978515625,0.020263671875,-0.0654296875,-0.05419921875,0.030029296875,0.0146484375,0.0146484375,-0.061279296875,-0.04150390625,0.04638671875,0.02099609375,-0.060546875,-0.053466796875,-0.00341796875,-0.057861328125,-0.001953125,0.0498046875,-0.01708984375,-0.074462890625,-0.074462890625,-0.022216796875,0.02294921875,-0.023681640625,-0.06005859375,-0.000244140625,0.021484375,-0.047607421875,0.0224609375,0.04052734375,-0.019287109375,-0.0244140625,0.02880859375,0.02880859375,0.00439453125,-0.084716796875,-0.038330078125,0.063232421875,0.02587890625,-0.060791015625,-0.031982421875,0.0400390625,0.039794921875,-0.05908203125,0.05908203125,0.018310546875,-0.063232421875,-0.04345703125,0.031982421875,0.031982421875,0.004638671875,-0.073974609375,-0.039794921875,0.0146484375,-0.003173828125,-0.04443359375,-0.007080078125,-0.01611328125,-0.052734375,-0.0009765625,0.006591796875,-0.0615234375,-0.057373046875,-0.057373046875,0.02099609375,0.029296875,-0.03857421875,-0.031494140625,0.035888671875,0.010986328125,-0.052001953125,0.041259765625,-0.009765625,-0.072265625,-0.022705078125,0.0322265625,-0.000732421875,-0.03759765625,-0.03759765625,0.007568359375,0.031005859375,-0.03271484375,-0.05078125,0.02783203125,0.034423828125,-0.07958984375,0.009033203125,0.034912109375,-0.02294921875,-0.031005859375,0.043212890625,0.02880859375,0.02880859375,-0.051513671875,-0.04833984375,0.021728515625,0.011962890625,-0.049560546875,-0.0224609375,0.02392578125,-0.052490234375,-0.032470703125,-0.002685546875,-0.029052734375,-0.062744140625,-0.062744140625,-0.005615234375,0.0615234375,0.005615234375,-0.048828125,-0.012939453125,-0.009521484375,-0.07421875,-0.006103515625,0.01806640625,-0.03271484375,-0.021484375,0.051025390625,0.029541015625,-0.066162109375,-0.066162109375,-0.0703125,0.01220703125,-0.001708984375,-0.0693359375,-0.0107421875,0.044921875,-0.047607421875,-0.025146484375,0.05712890625,-0.00634765625,-0.089111328125,-0.037353515625,-0.037353515625,0.0419921875,0.019287109375,-0.048828125,-0.00146484375,0.04296875,-0.02099609375,-0.023681640625,0.023681640625,-0.025390625,-0.0498046875,0.02734375,0.04296875,-0.030517578125,-0.05712890625,-0.05712890625,-0.0068359375,-0.00732421875,-0.060302734375,-0.045166015625,0.02001953125,-0.050048828125,0.005126953125,0.06689453125,0.0048828125,-0.0888671875,-0.060791015625,-0.060791015625,0.027587890625,-0.006591796875,-0.05126953125,0.0205078125,0.065185546875,-0.0732421875,-0.00244140625,0.04931640625,-0.036376953125,-0.09765625,-0.020263671875,0.0419921875,0.0419921875,-0.0048828125,-0.03466796875,0.02783203125,0.0322265625,-0.076416015625,0.008056640625,0.012451171875,-0.0419921875,-0.02099609375,0.035888671875,0.018310546875,0.018310546875,-0.04833984375,-0.011962890625,0.04052734375,-0.03564453125,0.010498046875,0.070556640625,0.00048828125,-0.0615234375,-0.003173828125,0.03564453125,-0.040771484375,-0.079345703125,-0.079345703125,0.004150390625,0.035888671875,-0.04052734375,0.0302734375,0.037353515625,-0.0537109375,-0.060302734375,0.01416015625,-0.01123046875,-0.093017578125,-0.048095703125,-0.048095703125,0.06298828125,0.040283203125,-0.05712890625,-0.048828125,0.021240234375,-0.084716796875,-0.03759765625,0.048828125,-0.006103515625,-0.063232421875,0.014404296875,0.08154296875,0.08154296875,0.005126953125,-0.0712890625,-0.00341796875,-0.045166015625,-0.06005859375,0.04296875,0.057373046875,-0.0556640625,-0.084228515625,0.04296875,0.05126953125,0.05126953125,-0.08251953125,-0.078369140625,0.046142578125,0.04638671875,-0.05126953125,0.056396484375,0.02197265625,-0.089599609375,-0.057861328125,0.040283203125,0.018798828125,-0.068603515625,-0.032470703125,0.053955078125,0.006591796875,-0.053955078125,0.004638671875,0.048583984375,-0.03759765625,-0.10302734375,-0.10302734375,-0.016357421875,0.051025390625,-0.0244140625,-0.0625,0.016357421875,0.042236328125,-0.040283203125,-0.073486328125,0.04443359375,-0.07080078125,-0.0673828125,0.02392578125,0.013427734375,-0.06640625,-0.0263671875,0.08349609375,0.018310546875,-0.094482421875,-0.0322265625,0.064453125,0.004638671875,-0.07958984375,-0.01171875,0.081787109375,0.015625,-0.069580078125,-0.00537109375,0.052490234375,-0.018310546875,-0.018310546875,-0.0771484375,0.013427734375,0.06787109375,-0.02783203125,-0.07080078125,0.01220703125,0.027587890625,-0.08203125,0.044189453125,0.049560546875,-0.07275390625,-0.070068359375,0.076416015625,0.06103515625,-0.082275390625,-0.07470703125,0.01904296875,-0.008544921875,-0.08740234375,-0.034912109375,0.06298828125,0.017578125,-0.048095703125,0.012939453125,0.076416015625,-0.008544921875,-0.100341796875,-0.026611328125,0.0361328125,-0.043701171875,-0.043701171875,-0.077392578125,0.036376953125,0.082763671875,-0.03955078125,-0.08447265625,0.0322265625,-0.071044921875,-0.0703125,0.06787109375,0.04541015625,-0.101806640625,-0.09033203125,0.063720703125,0.050048828125,-0.076904296875,-0.050048828125,0.07861328125,0.0419921875,-0.09130859375,-0.047607421875,0.062744140625,0.00634765625,-0.086181640625,-0.027099609375,0.0595703125,-0.01318359375,-0.08984375,0.010986328125,0.07080078125,-0.03515625,-0.03515625,-0.086181640625,0.030517578125,0.07373046875,-0.077392578125,0.013427734375,0.06982421875,-0.03662109375,-0.0712890625,0.05322265625,0.061279296875,-0.077392578125,-0.085693359375,0.036865234375,0.029541015625,-0.074462890625,-0.040771484375,0.0654296875,0.020751953125,-0.058349609375,-0.020751953125,0.055419921875,-0.00146484375,-0.0810546875,-0.00244140625,0.059326171875,-0.0244140625,-0.09130859375,-0.0009765625,0.05126953125,-0.046142578125,-0.06396484375,-0.06396484375,0.04833984375,0.063720703125,-0.067138671875,0.0439453125,0.033935546875,-0.08203125,-0.06640625,0.0546875,0.018798828125,-0.10546875,-0.044677734375,0.076171875,0.0234375,-0.083740234375,-0.033935546875,0.060302734375,-0.00537109375,-0.086181640625,-0.0087890625,0.08251953125,0.00244140625,-0.093994140625,-0.005859375,0.06005859375,-0.038330078125,-0.09521484375,0.015380859375,0.08544921875,-0.032470703125,-0.032470703125,-0.086669921875,0.045654296875,-0.08984375,-0.12255859375,0.03662109375,0.052978515625,-0.07275390625,-0.0498046875,0.077392578125,0.023681640625,-0.102783203125,-0.04443359375,0.0791015625,0.015625,-0.0966796875,-0.023193359375,0.08154296875,-0.005859375,-0.103515625,-0.006591796875,0.084228515625,-0.024658203125,-0.098388671875,0.02880859375,0.1083984375,-0.029541015625,-0.114501953125,-0.007568359375,0.04248046875,-0.05029296875,-0.05029296875,0.032958984375,0.080322265625,-0.057373046875,-0.076416015625,0.058349609375,0.050537109375,-0.08935546875,-0.090087890625,0.04248046875,0.016357421875,-0.106689453125,-0.038330078125,0.105224609375,0.06103515625,-0.06884765625,-0.05419921875,0.044921875,-0.00927734375,-0.1083984375,-0.034423828125,0.069580078125,0.01806640625,-0.03564453125,0.039794921875,0.058349609375,-0.05712890625,-0.0859375,0.022705078125,0.038818359375,-0.077880859375,-0.076904296875,0.04541015625,0.03857421875,-0.066650390625,-0.046142578125,0.058837890625,0.010498046875,-0.110595703125,-0.0556640625,0.08056640625,0.036865234375,-0.081298828125,-0.042724609375,0.051513671875,-0.02294921875,-0.109130859375,-0.01513671875,0.085205078125,-0.0009765625,-0.078857421875,0.025146484375,0.084228515625,-0.03759765625,-0.0908203125,0.011962890625,0.03076171875,-0.077880859375,-0.074462890625,0.08642578125,0.09033203125,-0.06396484375,-0.060302734375,0.04345703125,0.002197265625,-0.122802734375,-0.06640625,0.08154296875,0.017578125,-0.103271484375,-0.024169921875,0.108154296875,0.010009765625,-0.11328125,-0.02685546875,0.07568359375,-0.01171875,-0.110107421875,-0.006591796875,0.114990234375,-0.00146484375,-0.107666015625,0.007080078125,0.05322265625,-0.068603515625,-0.090087890625,0.048583984375,0.07080078125,-0.05712890625,-0.057861328125,0.05322265625,0.05322265625,-0.1123046875,-0.108154296875,0.060791015625,0.061767578125,-0.08984375,-0.057861328125,0.07275390625,0.01806640625,-0.09765625,-0.069091796875,0.053955078125,0.027587890625,-0.091552734375,-0.041015625,0.0673828125,0.00439453125,-0.086669921875,0.00439453125,0.0849609375,-0.038818359375,-0.09814453125,0.04443359375,0.08837890625,-0.06201171875,-0.08935546875,0.050537109375,0.056884765625,-0.101806640625,0.073974609375,0.056396484375,0.056396484375,-0.10009765625,-0.063720703125,0.106201171875,0.052734375,-0.110107421875,-0.064208984375,0.061767578125,-0.01806640625,-0.117431640625,-0.018310546875,0.1015625,0.0166015625,-0.09130859375,-0.01025390625,0.060791015625,-0.039306640625,-0.091796875,0.0166015625,0.062255859375,-0.061767578125,-0.084716796875,0.064208984375,0.06494140625,-0.0654296875,-0.040283203125,0.068603515625,-0.130615234375,-0.087158203125,0.083251953125,0.041015625,-0.093017578125,-0.093017578125,-0.027099609375,0.076904296875,-0.019775390625,-0.121826171875,-0.010498046875,0.095458984375,-0.02197265625,-0.10302734375,0.021728515625,0.090087890625,-0.068115234375,-0.150634765625,0.0263671875,0.102294921875,-0.068359375,-0.08642578125,0.077392578125,0.07861328125,-0.07763671875,-0.090576171875,0.066162109375,0.054443359375,-0.108154296875,-0.066650390625,0.091552734375,-0.09521484375,-0.00830078125,0.1005859375,-0.017578125,-0.14208984375,-0.14208984375,-0.03662109375,0.08642578125,-0.019775390625,-0.122314453125,-0.002685546875,0.097412109375,-0.037353515625,-0.116455078125,0.02685546875,0.101806640625,-0.039794921875,-0.1025390625,0.020263671875,0.060302734375,-0.060546875,-0.0771484375,0.04296875,0.027099609375,-0.0634765625,-0.017333984375,0.068603515625,0.0234375,-0.081298828125,-0.0283203125,0.0654296875,-0.02587890625,-0.123779296875,-0.032470703125,0.001708984375,-0.11083984375,-0.00634765625,0.087158203125,-0.02294921875,-0.0927734375,-0.013427734375,-0.013427734375,0.058349609375,-0.0537109375,-0.116455078125,0.020263671875,0.0625,-0.033935546875,-0.02490234375,0.05615234375,0.0244140625,-0.10791015625,-0.078857421875,0.067626953125,0.029296875,-0.073974609375,-0.010498046875,0.07080078125,-0.0087890625,-0.098388671875,-0.002197265625,0.090087890625,-0.029052734375,0.005126953125,0.06298828125,-0.04638671875,-0.072998046875,0.037353515625,0.052001953125,-0.072265625,-0.105224609375,-0.105224609375,0.021484375,0.06689453125,-0.05615234375,-0.05810546875,0.058349609375,0.0400390625,-0.03466796875,-0.034423828125,0.025146484375,0.0205078125,-0.087890625,-0.052001953125,0.03515625,0.0087890625,-0.04345703125,-0.005615234375,0.05859375,0.00244140625,-0.061279296875,0.006103515625,-0.028076171875,-0.099853515625,-0.026123046875,0.037841796875,-0.045654296875,-0.04931640625,0.048583984375,0.038818359375,-0.065185546875,-0.065185546875,-0.07373046875,0.023681640625,0.00390625,-0.08544921875,-0.03955078125,0.066162109375,0.037841796875,-0.067626953125,-0.05078125,0.028564453125,0.015380859375,-0.050048828125,-0.024169921875,0.037353515625,0.02001953125,-0.053466796875,-0.033935546875,0.0244140625,-0.0205078125,-0.015869140625,0.015869140625,0.006103515625,0.009033203125,0.04345703125,0.01806640625,-0.05810546875,-0.068359375,-0.03466796875,-0.025146484375,-0.043701171875,-0.043701171875,-0.017578125,0.056640625,0.063232421875,-0.01513671875,-0.052490234375,-0.02685546875,-0.00439453125,-0.05029296875,-0.06396484375,-0.0126953125,0.03857421875,0.02294921875,0.02490234375,0.034423828125,-0.03271484375,-0.0693359375,-0.04296875,-0.00341796875,-0.05126953125,0.007568359375,0.060302734375,0.01513671875,-0.041748046875,-0.009521484375,0.00439453125,-0.047119140625,-0.064697265625,-0.03759765625,0.0009765625,0.0009765625,0.011474609375,0.00927734375,0.014404296875,0.010498046875,-0.034423828125,-0.05419921875,-0.04833984375,-0.02783203125,-0.008056640625,0.00732421875,0.0322265625,0.019775390625,-0.02685546875,-0.033447265625,0.00634765625,-0.021484375,-0.059814453125,0.021728515625,0.024658203125,0.002685546875,-0.006591796875,0.015625,-0.03564453125,-0.074951171875,-0.037841796875,-0.001953125,-0.005615234375,-0.011962890625,0.005126953125,0.005126953125,0.0322265625,0.00244140625,-0.044189453125,-0.02685546875,-0.001708984375,-0.03271484375,-0.03271484375,0.008544921875,0.029052734375,0.00537109375,-0.015380859375,-0.00146484375,-0.027099609375,-0.04736328125,-0.02587890625,-0.01806640625,0.02099609375,0.01171875,0.029541015625,0.0185546875,-0.041015625,-0.047119140625,-0.03466796875,-0.040771484375,-0.02880859375,0.00048828125,0.022705078125,0.009033203125,0.00048828125,-0.01806640625,-0.024169921875,-0.024169921875,-0.0078125,-0.01416015625,-0.03857421875,-0.037841796875,-0.03466796875,-0.01318359375,-0.00830078125,0.00390625,0.029052734375,0.01025390625,-0.017822265625,-0.023681640625,-0.0283203125,-0.048828125,-0.035400390625,-0.00927734375,0.00146484375,0.025146484375,0.04345703125,0.01171875,-0.04248046875,-0.036865234375,-0.032958984375,-0.028564453125,-0.01806640625,-0.0009765625,0.021484375,-0.018310546875,-0.032470703125,0.004638671875,0.004638671875,-0.00537109375,-0.015625,-0.018798828125,-0.00732421875,-0.016845703125,-0.02783203125,-0.003662109375,0.02392578125,0.0107421875,-0.03564453125,-0.026123046875,0.021240234375,0.000732421875,-0.036376953125,0.0234375,-0.002197265625,-0.070556640625,-0.03173828125,0.028076171875,0.01806640625,-0.020263671875,-0.021240234375,-0.00244140625,0.00244140625,-0.0205078125,-0.04052734375,-0.003173828125,-0.005859375,-0.020263671875,0.0048828125,-0.013916015625,-0.013916015625,-0.023681640625,0.02099609375,0.03662109375,-0.01953125,-0.051025390625,-0.03466796875,-0.031494140625,-0.029052734375,-0.022216796875,0.002685546875,0.048583984375,-0.00439453125,-0.036865234375,-0.012939453125,-0.007080078125,-0.003662109375,0.007568359375,0.012939453125,-0.014404296875,-0.052490234375,-0.04052734375,0.01025390625,0.01025390625,-0.01806640625,-0.025634765625,-0.0439453125,-0.028076171875,-0.006591796875,0.010498046875,0.037841796875,0.037841796875,0.0341796875,0.004638671875,-0.013671875,-0.046142578125,-0.05419921875,-0.023193359375,0.00244140625,-0.007568359375,-0.01318359375,-0.00732421875,0.004150390625,-0.005859375,-0.031005859375,-0.026123046875,-0.036865234375,-0.031005859375,-0.0048828125,-0.020751953125,0.02001953125,0.023193359375,-0.013427734375,0.004150390625,-0.023681640625,-0.021484375,-0.0478515625,-0.053955078125,-0.0283203125,-0.01123046875,0.02099609375,0.018310546875,0.018310546875,0.00537109375,-0.01904296875,-0.0478515625,-0.04248046875,-0.014404296875,-0.013916015625,0.041259765625,-0.013671875,-0.001953125,-0.035400390625,0.029296875,-0.05078125,0.0244140625,-0.0322265625,-0.045654296875,0.018310546875,-0.09130859375,0.056640625,0.034912109375,-0.066162109375,0.079833984375,-0.050537109375,-0.0576171875,0.054443359375,-0.057861328125,-0.040283203125,0.015869140625,-0.021484375,-0.0078125,-0.0078125,0.0224609375,-0.000732421875,-0.036376953125,-0.030517578125,-0.03564453125,-0.02392578125,0.019775390625,-0.001708984375,0.00537109375,-0.047119140625,-0.042236328125,-0.014892578125,-0.00146484375,0.007080078125,0.007080078125,-0.005859375,-0.038818359375,-0.031982421875,-0.019775390625,-0.015869140625,-0.00244140625,-0.0224609375,-0.039306640625,-0.022216796875,-0.0205078125,-0.00341796875,0.042724609375,0.04443359375,0.032470703125,0.019775390625,-0.015380859375,-0.015380859375,-0.030029296875,-0.02685546875,-0.03076171875,-0.033447265625,-0.03759765625,-0.042236328125,-0.029296875,0.015869140625,0.02587890625,0.017333984375,-0.015380859375,-0.0478515625,-0.056396484375,-0.009033203125,0.0595703125,0.047607421875,-0.04541015625,-0.109619140625,-0.076171875,0.008056640625,0.029052734375,-0.04345703125,-0.081298828125,0.005126953125,0.0673828125,-0.004150390625,-0.03369140625,0.02099609375,-0.02490234375,-0.076171875,0.007080078125,0.010009765625,0.010009765625,-0.04248046875,0.020751953125,-0.021728515625,-0.096923828125,0.043212890625,-0.020263671875,-0.060546875,-0.047607421875,-0.05615234375,0.0009765625,0.03125,-0.027099609375,0.013427734375,0.0830078125,0.03173828125,-0.03759765625,-0.046875,-0.04541015625,-0.029052734375,-0.02392578125,-0.036376953125,0.011474609375,0.071533203125,0.028564453125,-0.06103515625,-0.041259765625,0.017578125,0.044189453125,0.044189453125,0.013671875,-0.0458984375,-0.0673828125,-0.058837890625,0.0009765625,-0.00732421875,0.03759765625,0.060302734375,-0.003662109375,-0.0595703125,-0.053955078125,-0.03955078125,0.001708984375,-0.001220703125,-0.068603515625,-0.0615234375,-0.002685546875,0.007568359375,-0.005615234375,-0.013427734375,-0.025390625,0.001708984375,0.03271484375,0.00537109375,-0.02001953125,-0.031005859375,-0.058349609375,-0.048583984375,0.005615234375,0.013671875,-0.024169921875,-0.023681640625,0.012451171875,0.012451171875,0.0166015625,-0.004150390625,-0.0439453125,0.002197265625,0.050537109375,0.013916015625,-0.03759765625,-0.010009765625,0.0205078125,-0.009521484375,-0.046142578125,-0.03662109375,0.029296875,0.056396484375,-0.034423828125,-0.114990234375,-0.039794921875,0.0908203125,0.079345703125,-0.047607421875,-0.07373046875,0.046875,0.087890625,-0.056396484375,-0.143798828125,-0.009521484375,0.092529296875,-0.052001953125,-0.166748046875,-0.005615234375,-0.005615234375,0.137939453125,-0.006103515625,-0.012939453125,0.14306640625,-0.0126953125,-0.19189453125,-0.0634765625,0.1162109375,0.004150390625,-0.15380859375,-0.032958984375,0.126220703125,0.023193359375,-0.124755859375,-0.02490234375,0.117431640625,0.029296875,-0.10791015625,-0.052978515625,0.056884765625,0.005615234375,-0.0927734375,-0.030029296875,0.075927734375,0.038330078125,-0.04345703125,-0.020751953125,0.0322265625,-0.008544921875,-0.008544921875,-0.033203125,-0.034423828125,-0.05322265625,-0.028076171875,0.0068359375,0.0078125,0.009765625,0.023681640625,0.004638671875,-0.00146484375,0.002685546875,-0.01416015625,-0.028564453125,-0.066162109375,-0.054931640625,-0.001220703125,0.0166015625,-0.0126953125,0.011962890625,0.064697265625,-0.007568359375,-0.069091796875,-0.00146484375,0.06689453125,-0.02099609375,-0.1376953125,-0.077392578125,0.0302734375,0.004638671875,-0.0751953125,-0.040283203125,0.064453125,0.03515625,-0.052490234375,-0.023193359375,0.035400390625,-0.02490234375,-0.093994140625,-0.044189453125,0.02734375,-0.006591796875,-0.062255859375,0.008544921875,0.07373046875,0.0107421875,-0.034912109375,0.021728515625,0.052001953125,-0.029296875,-0.071044921875,-0.00927734375,0.0,-0.06298828125,-0.05517578125,0.046875,0.060546875,-0.033447265625,-0.028076171875,0.040283203125,0.0146484375,-0.05712890625,-0.051025390625,0.00390625,-0.0322265625,-0.087890625,0.00830078125,0.0986328125,0.004638671875,-0.10107421875,-0.0205078125,0.10595703125,0.026123046875,-0.122314453125,-0.07177734375,0.076171875,0.017333984375,-0.139892578125,-0.06201171875,0.116943359375,0.0576171875,-0.103515625,-0.0458984375,0.080078125,0.004638671875,-0.100830078125,-0.032958984375,0.029052734375,-0.055419921875,0.03173828125,0.03173828125,0.0419921875,-0.05419921875,-0.02490234375,0.07470703125,0.012939453125,-0.102294921875,-0.025146484375,0.044677734375,-0.039794921875,-0.09033203125,-0.0244140625,0.04833984375,0.012451171875,-0.033935546875,0.006103515625,0.0478515625,0.009521484375,-0.03857421875,0.006591796875,0.0341796875,-0.051513671875,-0.082763671875,-0.00146484375,0.04150390625,-0.0419921875,-0.01123046875,0.067626953125,-0.072021484375,-0.072021484375,-0.05078125,0.056396484375,-0.0107421875,-0.12255859375,-0.04736328125,0.060302734375,-0.00927734375,-0.09228515625,0.016845703125,0.094482421875,-0.013671875,0.00439453125,0.066650390625,0.066650390625,-0.048095703125,-0.09619140625,0.00390625,0.064453125,-0.03564453125,-0.0908203125,0.042236328125,0.07958984375,-0.0537109375,-0.077392578125,0.051025390625,-0.091552734375,-0.087158203125,-0.087158203125,0.040771484375,0.02001953125,-0.0888671875,-0.0419921875,0.063720703125,0.01611328125,-0.084228515625,-0.02197265625,0.0712890625,-0.015869140625,-0.102294921875,0.064697265625,-0.033935546875,-0.033935546875,-0.101318359375,0.011962890625,0.076416015625,-0.033203125,-0.067626953125,0.04443359375,0.0830078125,-0.0341796875,-0.083984375,0.003173828125,-0.05810546875,-0.06884765625,-0.06884765625,0.0556640625,0.04248046875,-0.07470703125,-0.04931640625,0.060791015625,0.021484375,-0.106689453125,-0.052001953125,0.065185546875,-0.00146484375,-0.0986328125,0.060302734375,-0.004150390625,-0.004150390625,-0.07568359375,0.012939453125,0.069091796875,-0.02685546875,-0.082275390625,0.00244140625,0.053466796875,-0.052001953125,-0.08642578125,0.0283203125,-0.03662109375,-0.0556640625,0.050048828125,0.050048828125,0.058349609375,-0.052490234375,-0.060546875,0.043212890625,0.022705078125,-0.098876953125,-0.097900390625,0.011962890625,0.022705078125,-0.04150390625,0.0751953125,0.010986328125,-0.10791015625,-0.10791015625,-0.04931640625,0.055908203125,-0.00390625,-0.096923828125,-0.017578125,0.064453125,-0.0185546875,-0.05908203125,0.037841796875,-0.037841796875,-0.052001953125,0.042724609375,0.068359375,0.068359375,-0.048583984375,-0.09912109375,-0.009521484375,0.031005859375,-0.038818359375,-0.04931640625,0.06005859375,0.06982421875,-0.05810546875,0.0322265625,0.05029296875,-0.056396484375,-0.056396484375,-0.060546875,0.03125,0.006591796875,-0.087646484375,-0.0625,0.05615234375,0.025146484375,-0.077392578125,-0.0283203125,0.004638671875,-0.078369140625,-0.018310546875,0.046630859375,0.046630859375,-0.017578125,-0.061279296875,0.012451171875,0.04638671875,-0.033935546875,-0.05712890625,0.023193359375,0.03955078125,-0.040771484375,0.0078125,-0.00048828125,-0.07763671875,-0.05908203125,-0.05908203125,0.031982421875,0.029541015625,-0.04443359375,-0.018798828125,0.044677734375,-0.004150390625,-0.071533203125,0.0390625,-0.02685546875,-0.08837890625,-0.013671875,-0.013671875,0.044677734375,-0.006103515625,-0.04736328125,0.0322265625,0.072509765625,-0.03173828125,-0.050537109375,0.032958984375,-0.052734375,-0.102294921875,0.010009765625,0.051025390625,0.051025390625,-0.041748046875,-0.05517578125,0.042236328125,0.055419921875,-0.05810546875,-0.064453125,0.044677734375,-0.09130859375,-0.093994140625,0.026611328125,0.014404296875,0.014404296875,-0.07861328125,-0.008056640625,0.0791015625,0.00048828125,-0.088134765625,-0.011962890625,0.077880859375,-0.09521484375,-0.021484375,0.028564453125,-0.0439453125,-0.0439453125,-0.06640625,0.040283203125,0.071533203125,-0.032470703125,-0.052978515625,0.030029296875,0.031494140625,-0.050048828125,0.02490234375,-0.008544921875,-0.08642578125,-0.03955078125,-0.03955078125,0.06103515625,0.01416015625,-0.080322265625,-0.0185546875,0.076904296875,0.009765625,-0.08349609375,0.028076171875,-0.055908203125,-0.1015625,0.0087890625,0.0087890625,0.08349609375,-0.00439453125,-0.052001953125,0.048095703125,0.080810546875,-0.050048828125,-0.091796875,0.018310546875,-0.06005859375,-0.0498046875,0.04638671875,0.041259765625,0.041259765625,-0.063232421875,-0.050537109375,0.0517578125,0.022705078125,-0.078369140625,-0.03271484375,0.075927734375,-0.114501953125,-0.07080078125,0.023681640625,0.00537109375,-0.036865234375,0.01708984375,0.01708984375,0.053466796875,-0.0185546875,-0.072021484375,0.003662109375,0.046142578125,-0.056884765625,-0.082275390625,0.058349609375,-0.03369140625,-0.060546875,0.0283203125,0.03271484375,-0.064697265625,-0.064697265625,-0.044677734375,0.06396484375,0.037353515625,-0.09716796875,-0.079833984375,0.036376953125,-0.076904296875,-0.02197265625,0.052734375,-0.008056640625,-0.070556640625,-0.010498046875,-0.010498046875,0.043701171875,-0.013671875,-0.079833984375,-0.024169921875,0.049560546875,0.003173828125,-0.054443359375,0.059326171875,-0.011962890625,-0.0634765625,0.01220703125,0.063720703125,-0.029296875,-0.029296875,-0.0869140625,-0.00146484375,0.056884765625,-0.01123046875,-0.05712890625,-0.008056640625,-0.031982421875,-0.0166015625,0.047607421875,0.025146484375,-0.063232421875,-0.099609375,-0.01904296875,-0.01904296875,-0.0078125,-0.044677734375,0.005126953125,0.052490234375,0.026611328125,-0.047607421875,0.021484375,-0.000732421875,-0.052001953125,-0.02392578125,0.017578125,0.000244140625,-0.030517578125,-0.030517578125,-0.019775390625,0.009765625,-0.009521484375,-0.02197265625,0.01171875,-0.006591796875,-0.02490234375,-0.017578125,-0.033447265625,-0.0546875,-0.0234375,0.035400390625,0.018310546875,0.018310546875,-0.041015625,-0.04345703125,-0.00048828125,-0.003662109375,-0.030517578125,0.01318359375,-0.016845703125,-0.06396484375,-0.0322265625,0.034423828125,0.022216796875,-0.0205078125,0.01025390625,0.01025390625,0.0419921875,-0.00146484375,-0.0244140625,-0.00732421875,-0.0380859375,-0.06396484375,-0.008544921875,0.04052734375,0.004150390625,-0.00927734375,0.0244140625,0.015625,0.015625,-0.04736328125,-0.043212890625,0.01171875,-0.009521484375,-0.0439453125,0.016357421875,0.01025390625,-0.045654296875,-0.026611328125,0.017578125,-0.0068359375,-0.0068359375,-0.029052734375,0.001708984375,0.02685546875,-0.012939453125,-0.056640625,0.004638671875,0.02197265625,0.0185546875,0.0224609375,0.006103515625,-0.03271484375,-0.0283203125,-0.0283203125,0.017578125,0.0087890625,-0.04052734375,0.01708984375,-0.016845703125,-0.06005859375,-0.017578125,0.031982421875,-0.0048828125,-0.0478515625,-0.00390625,-0.00390625,0.041259765625,-0.00244140625,-0.068603515625,0.010009765625,-0.012939453125,-0.0498046875,-0.0078125,0.025634765625,-0.000244140625,-0.0146484375,-0.002197265625,0.017822265625,0.017822265625,-0.004150390625,-0.0361328125,-0.006103515625,-0.03515625,-0.025146484375,0.025390625,0.013427734375,-0.040283203125,-0.026123046875,0.022216796875,-0.0009765625,-0.0009765625,-0.038818359375,-0.02099609375,0.010009765625,-0.05517578125,-0.04736328125,-0.004638671875,0.00634765625,-0.009521484375,-0.00244140625,0.008544921875,-0.02783203125,-0.03857421875,-0.03857421875,-0.00390625,0.004638671875,-0.02197265625,0.01123046875,0.005615234375,-0.036376953125,-0.0126953125,0.03515625,0.006591796875,-0.047607421875,-0.0244140625,0.028564453125,-0.0068359375,-0.0068359375,-0.063232421875,-0.0263671875,0.004638671875,-0.02783203125,0.002197265625,0.01904296875,-0.042724609375,-0.06982421875,0.0009765625,0.036376953125,-0.017822265625,-0.04443359375,-0.04443359375,0.005859375,0.034912109375,-0.021240234375,0.0146484375,0.032958984375,-0.02587890625,-0.055419921875,-0.0009765625,0.01904296875,-0.040771484375,-0.052490234375,0.001220703125,0.017578125,0.017578125,-0.01611328125,-0.01611328125,0.037109375,-0.04248046875,0.014404296875,0.035400390625,-0.01123046875,-0.099609375,-0.05908203125,0.037353515625,0.01611328125,-0.052490234375,-0.012939453125,0.06396484375,0.023193359375,-0.06494140625,-0.041015625,0.038818359375,0.009521484375,0.009521484375,-0.07568359375,-0.056884765625,0.0244140625,0.015380859375,-0.02880859375,-0.0068359375,0.02685546875,0.0068359375,0.008056640625,0.03076171875,-0.03125,-0.076904296875,-0.040283203125,-0.017822265625,-0.03076171875,-0.016845703125,0.031005859375,0.02880859375,-0.023681640625,-0.03369140625,-0.03369140625,-0.00732421875,-0.0185546875,-0.041748046875,-0.029052734375,-0.031005859375,-0.019775390625,0.007568359375,0.006591796875,-0.011962890625,-0.00732421875,0.027099609375,0.01806640625,0.01806640625,-0.03515625,-0.006591796875,0.006103515625,-0.0283203125,-0.029052734375,0.020263671875,0.030029296875,-0.04296875,-0.046630859375,0.033447265625,0.0224609375,-0.048095703125,-0.048095703125,-0.0322265625,-0.02880859375,-0.09375,-0.058349609375,0.025390625,0.03125,-0.02294921875,-0.013916015625,0.024169921875,-0.0048828125,-0.047119140625,-0.01611328125,-0.01611328125,-0.01123046875,-0.061767578125,-0.03857421875,0.01953125,0.014892578125,-0.025634765625,-0.0068359375,0.021484375,-0.000732421875,-0.008544921875,0.0185546875,0.0185546875,0.004150390625,-0.054443359375,-0.014892578125,-0.013671875,-0.022216796875,0.007080078125,0.04541015625,0.01318359375,-0.042236328125,-0.024658203125,0.007080078125,-0.048095703125,-0.048095703125,-0.027099609375,0.016845703125,-0.012451171875,-0.026123046875,0.0087890625,0.0185546875,-0.01318359375,-0.015625,0.029296875,0.033203125,-0.02880859375,-0.02880859375,-0.021728515625,-0.02880859375,-0.051513671875,-0.014892578125,0.043212890625,0.02880859375,-0.03271484375,-0.019287109375,0.026123046875,0.00146484375,-0.06640625,-0.061279296875,-0.061279296875,0.01171875,-0.046142578125,-0.03173828125,0.026611328125,0.010009765625,-0.03662109375,-0.013671875,0.024169921875,0.0009765625,-0.038330078125,-0.03564453125,-0.017333984375,-0.03271484375,-0.0341796875,0.017822265625,0.04931640625,0.018798828125,-0.006591796875,0.0087890625,-0.00537109375,-0.040283203125,-0.027587890625,0.0,-0.033935546875,-0.033935546875,-0.02587890625,0.048583984375,0.02587890625,-0.03271484375,-0.021240234375,0.01416015625,-0.027099609375,-0.0576171875,0.001953125,0.043701171875,-0.028076171875,-0.083740234375,-0.02978515625,0.025390625,0.017333984375,-0.01318359375,0.010498046875,0.02880859375,-0.026123046875,-0.041748046875,0.0087890625,0.0048828125,-0.06787109375,-0.084716796875,-0.0078125,0.045654296875,0.01171875,-0.012451171875,0.013916015625,0.00732421875,-0.02978515625,-0.014892578125,0.01708984375,-0.032470703125,-0.103515625,-0.064208984375,0.031494140625,0.031005859375,-0.025390625,0.0009765625,0.03125,-0.02490234375,-0.078125,-0.03515625,0.03759765625,0.021728515625,-0.0419921875,-0.041015625,0.01708984375,0.00439453125,-0.040283203125,-0.010498046875,0.03564453125,0.01513671875,0.00390625,0.010498046875,-0.01953125,-0.049560546875,-0.0654296875,-0.035888671875,0.011962890625,-0.000732421875,-0.0302734375,0.001953125,0.0126953125,-0.03466796875,-0.020263671875,0.027099609375,0.008056640625,-0.040771484375,-0.056396484375,-0.042724609375,-0.034423828125,-0.018798828125,0.007568359375,0.031005859375,-0.001220703125,-0.0263671875,0.032958984375,0.04443359375,-0.03076171875,-0.069580078125,-0.040283203125,-0.00537109375,0.014404296875,0.010498046875,-0.010986328125,-0.046630859375,-0.093505859375,-0.052734375,0.0908203125,0.12451171875,-0.0029296875,-0.078125,-0.038818359375,-0.031494140625,-0.060791015625,-0.037109375,0.021484375,0.035400390625,0.002197265625,-0.01318359375,0.01025390625,-0.013427734375,-0.0751953125,-0.052001953125,0.011962890625,0.006591796875,-0.01953125,0.00244140625,-0.041259765625,-0.041259765625,-0.059326171875,-0.0205078125,0.042724609375,0.04833984375,0.00830078125,0.005859375,-0.008056640625,-0.057373046875,-0.047119140625,0.001953125,0.010986328125,-0.031982421875,-0.031982421875,-0.00341796875,-0.034423828125,-0.04931640625,0.017333984375,0.04443359375,-0.026611328125,-0.089111328125,-0.060302734375,0.021728515625,0.03564453125,0.021240234375,0.021240234375,0.041259765625,-0.021728515625,-0.05322265625,-0.01025390625,0.021240234375,-0.0185546875,-0.068359375,-0.04052734375,0.01416015625,-0.001708984375,-0.006591796875,0.0205078125,0.0205078125,0.001953125,-0.003662109375,0.03515625,0.006103515625,-0.07568359375,-0.08935546875,-0.00634765625,0.06640625,0.022705078125,-0.044677734375,-0.037841796875,-0.037841796875,-0.03759765625,0.020751953125,0.044677734375,-0.005126953125,-0.0634765625,-0.0947265625,-0.072509765625,-0.001953125,0.04541015625,0.048583984375,-0.045166015625,-0.015625,-0.015625,0.044189453125,0.01708984375,-0.053466796875,-0.065673828125,-0.020263671875,0.00048828125,-0.044921875,-0.043212890625,0.038330078125,-0.002685546875,-0.048583984375,-0.01904296875,-0.01904296875,0.058837890625,0.043701171875,-0.069091796875,-0.1025390625,-0.022705078125,0.03662109375,0.0146484375,-0.043212890625,-0.05419921875,0.06494140625,0.013671875,0.013671875,0.008544921875,0.049560546875,0.03515625,-0.03759765625,-0.12255859375,-0.095947265625,0.038818359375,0.05517578125,-0.041015625,-0.039306640625,0.042236328125,0.0390625,0.0390625,-0.025390625,-0.0185546875,0.05615234375,0.059814453125,-0.027587890625,-0.088134765625,-0.086181640625,-0.0478515625,0.02099609375,-0.06298828125,-0.01220703125,0.029296875,-0.017578125,-0.017578125,-0.040771484375,0.007080078125,0.00927734375,-0.00927734375,-0.010498046875,-0.03369140625,-0.037109375,-0.0205078125,-0.0068359375,-0.002685546875,0.0224609375,-0.01513671875,-0.01513671875,-0.039306640625,-0.029296875,0.0185546875,0.046630859375,0.0009765625,-0.0390625,-0.066650390625,-0.026123046875,0.034912109375,0.01611328125,-0.012451171875,-0.05126953125,0.012939453125,0.012939453125,0.03466796875,-0.026123046875,0.00048828125,-0.004638671875,-0.043212890625,0.0390625,0.0205078125,-0.086181640625,-0.00634765625,-0.06201171875,0.01171875,0.058837890625,-0.021240234375,-0.021240234375,-0.013916015625,-0.009765625,-0.065185546875,-0.03125,0.010498046875,0.01025390625,0.015869140625,-0.019775390625,-0.04833984375,-0.011962890625,0.00927734375,0.016845703125,-0.022705078125,-0.022705078125,-0.047119140625,-0.039794921875,-0.031982421875,-0.0048828125,0.00927734375,-0.01220703125,-0.0224609375,-0.025634765625,-0.008544921875,0.0146484375,-0.004150390625,-0.017333984375,0.0029296875,0.0029296875,0.00830078125,0.011962890625,0.012939453125,-0.005859375,-0.00390625,-0.00048828125,-0.009521484375,-0.011474609375,-0.015869140625,-0.034423828125,-0.0439453125,-0.040283203125,-0.019287109375,-0.019287109375,0.006591796875,0.00390625,-0.013671875,-0.0234375,-0.01220703125,0.02783203125,0.05908203125,0.03173828125,-0.02685546875,-0.060791015625,-0.09521484375,-0.032470703125,-0.032470703125,0.003173828125,-0.0322265625,-0.00048828125,0.017822265625,-0.05224609375,-0.0146484375,0.059326171875,0.014404296875,0.0400390625,-0.067626953125,0.024658203125,-0.05029296875,-0.05029296875,-0.058837890625,0.05029296875,-0.065673828125,-0.0263671875,-0.057373046875,-0.030029296875,-0.024658203125,0.000732421875,-0.01171875,0.0302734375,0.027099609375,0.027099609375,-0.040771484375,-0.005615234375,-0.004150390625,-0.00732421875,-0.001953125,-0.0380859375,-0.028564453125,-0.00830078125,-0.017333984375,-0.020263671875,0.017578125,0.003173828125,0.003173828125,0.01611328125,-0.024169921875,-0.03466796875,0.039794921875,-0.02001953125,-0.017578125,-0.008056640625,0.027587890625,0.022216796875,-0.02783203125,-0.0380859375,-0.0380859375,-0.042236328125,-0.06103515625,-0.042236328125,0.02490234375,0.028076171875,0.019287109375,-0.051513671875,-0.039794921875,-0.013671875,-0.036376953125,0.0439453125,0.044189453125,0.044189453125,-0.01416015625,-0.015380859375,-0.02685546875,-0.010986328125,-0.031982421875,-0.01611328125,-0.038330078125,-0.035400390625,-0.0478515625,-0.01220703125,0.03125,0.03125,0.03369140625,0.026611328125,-0.00048828125,-0.01220703125,-0.0302734375,-0.0302734375,-0.02978515625,-0.02587890625,0.00830078125,0.009765625,-0.0185546875,-0.0517578125,-0.0517578125,-0.0400390625,-0.0146484375,-0.027099609375,-0.04150390625,0.018310546875,0.018798828125,-0.01220703125,0.018798828125,0.009765625,-0.05078125,-0.030029296875,-0.0361328125,-0.0361328125,-0.060302734375,-0.03759765625,-0.020263671875,0.004150390625,0.0205078125,0.024169921875,0.000244140625,-0.02734375,-0.0205078125,0.0029296875,0.0048828125,0.01806640625,0.017822265625,0.017822265625,0.00927734375,0.007080078125,-0.00537109375,-0.014404296875,-0.02685546875,-0.05224609375,-0.03955078125,-0.0224609375,-0.000244140625,0.03466796875,0.045654296875,0.0263671875,-0.01904296875,-0.01904296875,-0.0390625,-0.02099609375,-0.0341796875,-0.048095703125,-0.043701171875,-0.025390625,-0.038818359375,-0.03173828125,-0.013671875,-0.006591796875,-0.030517578125,-0.044189453125,-0.01611328125,-0.01611328125,-0.021240234375,0.00244140625,0.01806640625,0.001708984375,0.00244140625,-0.02197265625,-0.011474609375,-0.031005859375,-0.021728515625,0.01416015625,0.01171875,-0.020263671875,-0.01708984375,-0.01708984375,-0.013427734375,-0.01171875,0.001708984375,-0.011474609375,0.013916015625,0.028076171875,0.01416015625,-0.005615234375,-0.009033203125,0.01611328125,0.01318359375,-0.03564453125,-0.048828125,-0.048828125,-0.015869140625,-0.010498046875,-0.00244140625,-0.013916015625,0.00048828125,0.019287109375,0.0048828125,0.00048828125,-0.01123046875,-0.041259765625,-0.026123046875,-0.008056640625,-0.044921875,-0.044921875,-0.0390625,0.007568359375,0.009521484375,-0.034423828125,-0.0224609375,0.015625,-0.043212890625,-0.06103515625,-0.003662109375,0.0,-0.0185546875,-0.015625,0.014892578125,0.014892578125,0.0205078125,-0.0146484375,-0.02685546875,-0.00537109375,-0.005615234375,-0.021728515625,0.007568359375,0.00341796875,-0.04736328125,-0.023681640625,0.02392578125,0.02392578125,0.001708984375,-0.024658203125,0.013916015625,-0.021484375,-0.0263671875,0.00439453125,0.042236328125,-0.01123046875,-0.075439453125,-0.03759765625,-0.000244140625,-0.040283203125,-0.040283203125,-0.050537109375,0.01806640625,0.0361328125,-0.019775390625,0.0029296875,0.003173828125,-0.035888671875,-0.051513671875,0.009521484375,-0.00048828125,-0.052978515625,-0.052978515625,-0.004638671875,0.058349609375,0.0009765625,-0.00048828125,0.01416015625,-0.041015625,-0.08056640625,-0.015380859375,0.049072265625,0.002197265625,-0.036865234375,0.024169921875,0.024169921875,0.043701171875,-0.05517578125,0.031494140625,0.033935546875,-0.062744140625,-0.065185546875,0.025390625,0.016357421875,-0.056640625,-0.033203125,0.040771484375,0.040771484375,0.0087890625,-0.067626953125,0.072021484375,0.050537109375,-0.061279296875,-0.037353515625,0.0224609375,-0.051513671875,-0.0947265625,0.01025390625,0.08251953125,0.00634765625,0.00634765625,-0.0703125,-0.023193359375,-0.017822265625,-0.103759765625,-0.034423828125,0.05908203125,-0.02880859375,-0.0791015625,0.049560546875,0.093994140625,-0.010009765625,-0.010009765625,-0.098388671875,-0.0048828125,-0.06982421875,-0.09814453125,0.047607421875,0.0625,-0.078857421875,-0.076171875,0.067138671875,0.052978515625,-0.064208984375,-0.025390625,0.097412109375,0.097412109375,0.032958984375,-0.102783203125,0.0849609375,-0.017822265625,-0.15185546875,-0.0244140625,0.11865234375,-0.005126953125,-0.145263671875,-0.00341796875,0.133544921875,-0.00537109375,-0.134521484375,-0.134521484375,-0.02685546875,0.0771484375,-0.106201171875,0.02294921875,0.086669921875,-0.030029296875,-0.09619140625,0.0146484375,0.05615234375,-0.07470703125,-0.108154296875,0.060546875,0.08056640625,0.08056640625,-0.09130859375,0.074951171875,0.081787109375,-0.08837890625,-0.10498046875,0.0634765625,0.064453125,-0.1103515625,-0.085205078125,0.09033203125,0.057861328125,-0.107666015625,-0.071044921875,0.067138671875,0.067138671875,0.003173828125,-0.0078125,0.10400390625,-0.004150390625,-0.129638671875,0.00341796875,0.143798828125,-0.023681640625,-0.1826171875,0.0029296875,0.145751953125,-0.046875,-0.163818359375,-0.163818359375,0.044189453125,-0.03955078125,-0.1240234375,0.059326171875,0.0986328125,-0.090576171875,-0.12255859375,0.0537109375,0.06884765625,-0.088623046875,-0.042724609375,0.1064453125,0.01904296875,0.01904296875,-0.064453125,0.1298828125,0.020263671875,-0.16650390625,-0.06005859375,0.10986328125,0.02099609375,-0.139404296875,-0.0341796875,0.12744140625,0.010009765625,-0.164794921875,-0.02587890625,-0.02587890625,0.030517578125,-0.127685546875,-0.02978515625,0.086181640625,-0.0576171875,-0.14697265625,0.043701171875,0.142578125,-0.05517578125,-0.142333984375,0.060302734375,0.119384765625,-0.097900390625,-0.097900390625,0.070556640625,0.11083984375,-0.12060546875,-0.131103515625,0.091796875,0.106689453125,-0.10107421875,-0.103271484375,0.10205078125,0.0830078125,-0.127197265625,-0.081787109375,0.10302734375,0.02294921875,-0.159423828125,-0.045166015625,0.147705078125,0.0439453125,-0.13037109375,-0.026123046875,0.116455078125,-0.00244140625,-0.135986328125,0.004638671875,0.134765625,-0.04296875,-0.172119140625,-0.009033203125,0.10693359375,-0.0322265625,-0.12548828125,0.019775390625,0.09765625,-0.0546875,-0.113037109375,0.045166015625,0.077880859375,-0.097900390625,-0.119384765625,0.044189453125,0.05859375,-0.087646484375,-0.0458984375,0.10498046875,0.05712890625,-0.091552734375,-0.055908203125,0.0673828125,0.01513671875,-0.123291015625,-0.03662109375,0.114501953125,0.030517578125,-0.101318359375,-0.024169921875,0.093017578125,0.00537109375,-0.10009765625,-0.01123046875,0.073974609375,-0.05224609375,-0.133544921875,0.00927734375,0.089599609375,-0.04833984375,-0.086181640625,0.07275390625,0.069580078125,-0.11376953125,-0.10693359375,0.0615234375,0.07421875,-0.08935546875,-0.06982421875,0.086181640625,0.034912109375,-0.13427734375,-0.0625,0.11181640625,0.043701171875,-0.120849609375,-0.05078125,0.11572265625,0.033447265625,-0.119140625,-0.0361328125,0.087890625,-0.025634765625,-0.154296875,-0.01025390625,0.121337890625,-0.023681640625,-0.1181640625,0.01513671875,0.093017578125,-0.0419921875,-0.108154296875,0.01806640625,0.04736328125,-0.090087890625,-0.08740234375,0.078369140625,0.096923828125,-0.054931640625,-0.061279296875,0.0517578125,0.022216796875,-0.122314453125,-0.083984375,0.066650390625,0.0419921875,-0.07666015625,-0.0341796875,0.086181640625,0.0498046875,-0.087890625,-0.063720703125,0.054931640625,0.008056640625,-0.074951171875,-0.0166015625,0.054443359375,-0.03955078125,-0.116943359375,-0.02001953125,0.049072265625,-0.045654296875,-0.045654296875,0.031982421875,0.0439453125,-0.049560546875,-0.060791015625,0.040771484375,0.030029296875,-0.08447265625,-0.05908203125,0.06494140625,0.04736328125,-0.070556640625,-0.036865234375,0.0,0.0,-0.107177734375,-0.027587890625,0.08203125,0.015380859375,-0.09375,-0.0107421875,0.104736328125,-0.014892578125,-0.125244140625,-0.010009765625,0.074462890625,-0.03173828125,0.034912109375,0.034912109375,0.0625,-0.081787109375,-0.11181640625,0.03369140625,0.069091796875,-0.073974609375,-0.096435546875,0.06884765625,0.090576171875,-0.052001953125,-0.05908203125,0.01904296875,-0.099853515625,-0.099853515625,-0.0732421875,0.0390625,0.029541015625,-0.034423828125,0.00390625,0.064697265625,-0.0048828125,-0.1044921875,-0.041015625,0.057861328125,-0.021240234375,0.00439453125,0.0732421875,0.0732421875,-0.041748046875,-0.073974609375,0.046875,0.06689453125,-0.080322265625,-0.110107421875,0.028564453125,0.0556640625,-0.064697265625,-0.04833984375,0.08740234375,-0.10302734375,-0.08447265625,-0.08447265625,0.070556640625,0.048583984375,-0.087890625,-0.044921875,0.10595703125,0.0751953125,-0.08837890625,-0.07470703125,0.0390625,-0.028076171875,-0.0498046875,0.094482421875,0.094482421875,0.043701171875,-0.05908203125,0.004638671875,0.06640625,-0.038818359375,-0.111083984375,-0.037353515625,0.037353515625,-0.033447265625,0.042236328125,0.06982421875,0.06982421875,-0.03369140625,-0.06201171875,0.007568359375,0.01025390625,-0.078857421875,-0.04736328125,0.072509765625,0.053466796875,-0.051025390625,0.05078125,0.01171875,-0.087890625,-0.087890625,-0.046142578125,0.043212890625,0.012451171875,-0.04638671875,0.00048828125,0.05322265625,-0.04296875,-0.108154296875,0.054931640625,-0.028076171875,-0.05859375,-0.05859375,0.047119140625,0.08154296875,-0.04443359375,-0.078369140625,0.0185546875,0.0263671875,-0.091552734375,-0.07958984375,0.05029296875,-0.04541015625,-0.025390625,0.05712890625,0.05712890625,0.011962890625,-0.096923828125,-0.046875,0.0751953125,0.01806640625,-0.09130859375,-0.030517578125,0.066650390625,-0.1025390625,-0.0322265625,0.068115234375,0.068115234375,0.0,-0.078125,-0.012451171875,0.06689453125,-0.027099609375,-0.1064453125,-0.02685546875,0.04248046875,-0.022705078125,0.039794921875,0.069580078125,-0.031982421875,-0.031982421875,-0.0732421875,0.01318359375,0.029296875,-0.062744140625,-0.061279296875,0.044189453125,0.0478515625,-0.0419921875,0.047607421875,0.025146484375,-0.077880859375,-0.06591796875,0.04296875,0.04296875,0.03759765625,-0.057373046875,-0.024169921875,0.062744140625,-0.0185546875,-0.12158203125,-0.053466796875,0.052490234375,-0.06689453125,-0.01220703125,0.09521484375,-0.0009765625,-0.109375,-0.109375,-0.03515625,0.0458984375,-0.058837890625,-0.087646484375,0.058837890625,0.08837890625,-0.0419921875,-0.068359375,0.028076171875,-0.072998046875,-0.0556640625,0.0712890625,0.0712890625,0.046142578125,-0.08154296875,-0.051025390625,0.054443359375,0.021728515625,-0.048828125,-0.02685546875,0.0185546875,-0.0771484375,-0.016845703125,0.0458984375,-0.013671875,-0.0703125,-0.0703125,-0.00732421875,0.056884765625,-0.037109375,-0.077880859375,0.0302734375,0.05419921875,-0.050048828125,-0.066162109375,0.024658203125,-0.0771484375,-0.05908203125,0.058349609375,0.03955078125,0.03955078125,-0.06005859375,-0.02783203125,0.064208984375,0.021484375,-0.0771484375,-0.046142578125,0.040771484375,0.010986328125,-0.0458984375,0.022216796875,-0.01171875,-0.05810546875,-0.0029296875,-0.0029296875,0.04541015625,-0.0439453125,-0.06884765625,0.042724609375,0.07861328125,-0.04736328125,-0.11474609375,0.066162109375,-0.048095703125,-0.082763671875,0.065185546875,0.1025390625,-0.038330078125,-0.038330078125,-0.080322265625,0.015625,0.03857421875,-0.063232421875,-0.06005859375,0.041259765625,0.0302734375,-0.02880859375,0.03955078125,0.01611328125,-0.059326171875,-0.04248046875,0.03369140625,-0.001708984375,-0.001708984375,-0.062255859375,-0.025634765625,0.02001953125,-0.03271484375,-0.065673828125,0.003662109375,-0.02197265625,-0.064697265625,-0.006103515625,0.035400390625,-0.015625,-0.015625,-0.050537109375,0.007080078125,0.018798828125,-0.062744140625,-0.039306640625,0.05517578125,-0.04833984375,-0.053466796875,0.012939453125,0.013427734375,-0.0380859375,-0.032958984375,-0.032958984375,0.019287109375,0.00634765625,-0.041748046875,-0.017822265625,0.04345703125,-0.08251953125,-0.02978515625,0.05419921875,-0.01025390625,-0.0703125,-0.00927734375,-0.00927734375,0.032470703125,-0.035888671875,-0.07373046875,0.010986328125,0.069091796875,-0.01416015625,0.0390625,0.051513671875,-0.050537109375,-0.0830078125,-0.00830078125,0.004638671875,0.004638671875,-0.045166015625,-0.042236328125,0.031982421875,0.032470703125,-0.025146484375,0.021728515625,-0.0126953125,-0.05712890625,-0.01416015625,0.02783203125,-0.025634765625,-0.070556640625,-0.070556640625,-0.0205078125,0.039794921875,-0.021728515625,-0.07275390625,0.0576171875,-0.03076171875,-0.062255859375,0.0126953125,0.044189453125,-0.04736328125,-0.0849609375,-0.0849609375,0.000732421875,0.050048828125,-0.01611328125,-0.05419921875,0.02978515625,-0.034423828125,-0.05029296875,0.013916015625,-0.000732421875,-0.0546875,-0.057373046875,0.005615234375,0.005615234375,0.0205078125,-0.027099609375,-0.005859375,0.029296875,-0.0458984375,-0.04052734375,0.0029296875,-0.021240234375,-0.05126953125,0.0029296875,0.04150390625,0.013916015625,-0.02294921875,-0.04150390625,0.044189453125,-0.052490234375,-0.0703125,0.023193359375,0.050537109375,-0.043701171875,-0.06689453125,0.023681640625,0.02392578125,0.02392578125,-0.059326171875,-0.0400390625,0.052490234375,0.029296875,-0.0615234375,-0.052001953125,0.03271484375,-0.051513671875,-0.06298828125,0.000244140625,0.01025390625,-0.029296875,-0.0361328125,0.006591796875,0.001220703125,-0.01318359375,0.016357421875,0.016357421875,0.01953125,-0.040283203125,-0.04638671875,0.000732421875,-0.044921875,-0.03662109375,0.03125,0.0439453125,-0.029296875,-0.029052734375,0.0390625,0.01806640625,-0.07666015625,-0.07666015625,-0.037841796875,0.053466796875,-0.000244140625,-0.07373046875,0.026123046875,0.0234375,-0.052490234375,-0.038818359375,0.046875,0.034423828125,-0.036865234375,-0.022705078125,0.013427734375,-0.052001953125,-0.052001953125,-0.086181640625,0.00341796875,0.042236328125,-0.0166015625,0.040283203125,0.059326171875,-0.031494140625,-0.079833984375,0.00537109375,0.040283203125,-0.04150390625,-0.058349609375,0.024169921875,0.024169921875,0.045654296875,-0.044677734375,-0.067626953125,0.0263671875,-0.039794921875,-0.065673828125,0.035888671875,0.034423828125,-0.069580078125,-0.05517578125,0.01904296875,-0.009033203125,-0.049072265625,-0.049072265625,-0.007568359375,0.05712890625,-0.02294921875,-0.09619140625,0.06591796875,0.01123046875,-0.072509765625,-0.0185546875,0.054931640625,-0.0078125,-0.05615234375,-0.00537109375,0.023681640625,-0.005859375,-0.039306640625,-0.039306640625,0.009521484375,0.033935546875,-0.05126953125,0.010009765625,-0.024658203125,-0.06494140625,-0.010498046875,0.054931640625,0.012451171875,-0.060791015625,-0.039306640625,0.033447265625,0.033447265625,-0.010009765625,-0.09228515625,-0.042724609375,0.02880859375,-0.078369140625,-0.02587890625,0.0458984375,-0.020751953125,-0.0712890625,-0.0166015625,0.0419921875,0.02685546875,-0.015380859375,-0.015380859375,-0.0068359375,0.00634765625,-0.025390625,0.0224609375,0.005126953125,-0.06201171875,-0.023193359375,0.032958984375,-0.014404296875,-0.070068359375,-0.031982421875,0.034423828125,-0.010009765625,-0.010009765625,-0.04150390625,-0.00927734375,0.01220703125,-0.056884765625,0.0009765625,0.028076171875,-0.061279296875,-0.043701171875,0.027099609375,0.01416015625,-0.071044921875,-0.079345703125,-0.00830078125,-0.00830078125,0.02880859375,-0.004150390625,0.02978515625,0.0322265625,-0.0205078125,-0.0478515625,0.02978515625,0.037109375,-0.04296875,-0.06396484375,-0.005859375,0.05078125,-0.0068359375,-0.0068359375,-0.0751953125,-0.0302734375,0.017333984375,-0.07373046875,-0.0478515625,0.047607421875,0.08642578125,-0.040283203125,-0.118408203125,-0.048095703125,0.064208984375,0.075439453125,-0.087646484375,-0.087646484375,-0.115234375,0.059814453125,0.04052734375,-0.0810546875,-0.072509765625,0.07080078125,0.057373046875,-0.036376953125,-0.110595703125,-0.046630859375,0.06982421875,0.0048828125,-0.060302734375,-0.037353515625,0.0224609375,0.0224609375,0.070068359375,-0.12060546875,0.00244140625,0.046875,0.040771484375,-0.012451171875,-0.072509765625,0.000244140625,0.011474609375,0.000732421875,-0.03125,-0.0224609375,-0.0224609375,-0.01513671875,-0.02783203125,-0.025634765625,0.00634765625,0.0390625,-0.008544921875,-0.043212890625,-0.05712890625,0.004150390625,0.043701171875,-0.01611328125,-0.03662109375,-0.03662109375,0.013427734375,-0.0078125,-0.013671875,-0.021484375,-0.031982421875,0.02880859375,-0.059326171875,0.001953125,0.0322265625,-0.03759765625,0.078125,0.078125,-0.0576171875,0.053955078125,-0.109130859375,0.025146484375,0.00341796875,-0.073486328125,0.0791015625,-0.004638671875,-0.016845703125,0.02783203125,-0.049072265625,-0.009521484375,-0.035888671875,-0.060302734375,0.026611328125,0.013671875,-0.031005859375,-0.015869140625,0.006103515625,0.015869140625,-0.041015625,-0.0478515625,0.0263671875,0.041015625,0.041015625,-0.0380859375,-0.024658203125,0.02294921875,0.01708984375,-0.034912109375,-0.070556640625,-0.039794921875,0.008056640625,-0.025634765625,-0.073486328125,-0.001953125,0.1337890625,0.0771484375,-0.137451171875,-0.1416015625,0.072021484375,0.125244140625,-0.088623046875,-0.22509765625,-0.021484375,0.19140625,-0.008056640625,-0.225830078125,-0.0126953125,0.196533203125,-0.00146484375,-0.228271484375,-0.041748046875,0.1865234375,0.05908203125,-0.1298828125,-0.059326171875,0.150390625,0.087890625,-0.139404296875,-0.111328125,0.065185546875,0.069091796875,-0.047119140625,-0.075927734375,-0.051025390625,0.02783203125,0.145263671875,0.030029296875,-0.18505859375,-0.068115234375,0.14306640625,0.0322265625,-0.13916015625,-0.018310546875,0.094482421875,-0.0029296875,-0.02490234375,0.0,-0.049560546875,-0.015625,0.07177734375,-0.00927734375,-0.112548828125,0.004150390625,0.046875,-0.07421875,-0.0537109375,0.007568359375,-0.05322265625,-0.0458984375,0.033935546875,-0.033935546875,-0.088134765625,0.053955078125,0.056396484375,-0.08935546875,-0.03564453125,0.013671875,-0.08056640625,-0.038330078125,0.102294921875,0.003173828125,-0.157958984375,-0.01953125,0.083984375,-0.041259765625,-0.05419921875,0.03857421875,-0.009033203125,-0.059814453125,0.02392578125,0.0048828125,-0.08935546875,0.015625,0.090576171875,-0.049560546875,0.048583984375,0.048583984375,0.05712890625,-0.02392578125,0.0166015625,0.024658203125,-0.03125,0.02392578125,0.013916015625,-0.067626953125,0.010009765625,0.07666015625,-0.055419921875,-0.1025390625,0.05859375,0.057373046875,-0.077392578125,-0.008544921875,0.046142578125,-0.0537109375,-0.033447265625,0.049072265625,-0.023681640625,-0.078369140625,0.01953125,0.002197265625,-0.085205078125,0.03271484375,0.03271484375,-0.08740234375,-0.030517578125,0.086669921875,-0.02197265625,-0.14599609375,-0.009765625,0.055419921875,-0.077880859375,-0.063720703125,0.044921875,0.002197265625,-0.0712890625,0.015625,-0.043212890625,-0.043212890625,-0.001708984375,0.033447265625,-0.03759765625,-0.02734375,0.013916015625,-0.01416015625,-0.009521484375,0.011474609375,-0.039306640625,-0.044921875,-0.01025390625,-0.10595703125,-0.10595703125,0.037353515625,0.11669921875,-0.063720703125,-0.13671875,0.04833984375,0.101806640625,-0.052734375,-0.056396484375,0.021728515625,-0.0205078125,0.028076171875,0.028076171875,-0.01220703125,-0.047607421875,0.039306640625,0.050048828125,-0.063232421875,-0.025390625,0.039794921875,-0.020263671875,-0.022705078125,0.023193359375,-0.04345703125,0.01123046875,0.01123046875,-0.025634765625,-0.066162109375,0.05322265625,0.05517578125,-0.09912109375,-0.051513671875,0.0869140625,0.003662109375,-0.10302734375,0.0556640625,-0.063232421875,-0.063232421875,-0.05029296875,0.00244140625,-0.03125,-0.007568359375,0.034912109375,-0.044921875,-0.101806640625,0.015869140625,0.02734375,-0.07470703125,0.033447265625,-0.0517578125,-0.0517578125,-0.0322265625,0.000244140625,-0.069091796875,-0.048095703125,0.102294921875,0.048095703125,-0.150634765625,-0.058349609375,0.10888671875,-0.078125,-0.0302734375,-0.0302734375,0.01953125,-0.016845703125,0.0166015625,0.0166015625,-0.056396484375,-0.005126953125,0.061767578125,-0.01708984375,-0.06396484375,0.031494140625,-0.0185546875,0.015380859375,0.015380859375,0.007568359375,-0.06298828125,0.008056640625,0.05419921875,-0.030517578125,-0.042236328125,0.033203125,0.00537109375,-0.038330078125,-0.02490234375,-0.115966796875,0.018310546875,0.018310546875,0.119140625,-0.056884765625,-0.177734375,0.005615234375,0.110595703125,-0.05029296875,-0.095703125,0.003173828125,0.0078125,-0.01953125,-0.041748046875,-0.034423828125,0.0400390625,0.0400390625,-0.0009765625,-0.0888671875,0.005126953125,0.033935546875,-0.05126953125,-0.0068359375,0.037841796875,-0.06103515625,-0.0615234375,-0.0048828125,-0.105224609375,0.048583984375,0.1064453125,0.1064453125,-0.100341796875,-0.122314453125,0.07763671875,0.087890625,-0.073486328125,-0.051513671875,0.045166015625,0.007080078125,-0.01220703125,-0.039306640625,0.010498046875,0.041259765625,-0.0458984375,-0.0458984375,-0.064453125,0.052978515625,0.0166015625,-0.085693359375,0.005615234375,0.04931640625,-0.04736328125,-0.027099609375,-0.0498046875,-0.0595703125,0.076171875,0.02734375,0.02734375,-0.13037109375,-0.031494140625,0.086669921875,-0.01904296875,-0.0888671875,0.010498046875,0.032958984375,-0.057861328125,-0.03515625,-0.027099609375,0.01904296875,0.008056640625,-0.066162109375,-0.020751953125,-0.020751953125,0.04345703125,-0.04736328125,-0.068115234375,0.077392578125,0.04638671875,-0.107421875,-0.027099609375,0.090576171875,-0.081298828125,0.01513671875,0.03369140625,-0.075439453125,-0.031494140625,-0.031494140625,0.033935546875,-0.023681640625,-0.0234375,0.012939453125,-0.0283203125,-0.043212890625,0.013671875,-0.015869140625,0.048583984375,0.027099609375,-0.116943359375,-0.043212890625,0.09326171875,0.09326171875,-0.0087890625,-0.119140625,0.00537109375,0.06689453125,-0.055419921875,-0.044189453125,0.0126953125,-0.029296875,-0.015869140625,-0.034423828125,-0.062255859375,0.0283203125,-0.010986328125,-0.08544921875,0.04541015625,0.04541015625,0.07958984375,-0.0859375,-0.069580078125,0.085693359375,0.045166015625,-0.063232421875,0.016845703125,0.048095703125,-0.02490234375,0.035888671875,-0.0283203125,-0.02685546875,0.043701171875,-0.016357421875,-0.08154296875,-0.08154296875,0.010009765625,0.003173828125,-0.0556640625,0.031005859375,0.0205078125,-0.09521484375,-0.037353515625,0.049072265625,-0.098876953125,0.0712890625,0.059814453125,-0.138427734375,-0.07080078125,0.103271484375,0.040771484375,0.040771484375,-0.099365234375,-0.043212890625,0.02880859375,-0.027099609375,-0.015869140625,-0.01123046875,-0.045654296875,0.023193359375,-0.066162109375,-0.05029296875,0.056640625,0.00048828125,-0.076416015625,0.03466796875,0.050048828125,0.050048828125,-0.064453125,-0.01611328125,0.030029296875,-0.046875,-0.022216796875,0.09716796875,0.00634765625,0.005859375,0.094970703125,-0.052001953125,-0.07666015625,0.060546875,0.038818359375,-0.071533203125,-0.0185546875,-0.0185546875,0.015380859375,-0.02978515625,0.018310546875,0.009521484375,-0.08251953125,-0.027099609375,-0.03369140625,-0.05810546875,0.046142578125,-0.001708984375,-0.0849609375,0.02880859375,0.02880859375,-0.1005859375,-0.1005859375,-0.017578125,0.130615234375,-0.016845703125,-0.18994140625,-0.007080078125,0.126220703125,-0.037841796875,-0.100341796875,0.01513671875,-0.019775390625,-0.00439453125,-0.026123046875,-0.0537109375,0.03515625,0.032958984375,-0.077392578125,-0.024658203125,0.045654296875,-0.01904296875,-0.044189453125,0.0185546875,0.003662109375,-0.026123046875,0.03125,0.03125,-0.022705078125,-0.08935546875,0.04541015625,0.101806640625,-0.07275390625,-0.1337890625,0.047119140625,0.08837890625,-0.0712890625,-0.058837890625,0.035400390625,-0.0009765625,-0.022705078125,-0.0458984375,-0.004638671875,0.051025390625,-0.024169921875,-0.08154296875,0.023193359375,0.00537109375,-0.08447265625,0.015380859375,0.072265625,-0.0693359375,-0.1142578125,0.05615234375,0.068603515625,-0.08203125,-0.035888671875,0.046630859375,-0.02880859375,-0.0458984375,0.017822265625,0.002685546875,-0.024169921875,-0.024169921875,0.0302734375,-0.000244140625,-0.07177734375,0.0107421875,0.009765625,-0.0712890625,0.01513671875,0.085693359375,-0.044189453125,-0.10791015625,0.06103515625,-0.071044921875,-0.018310546875,0.0322265625,-0.03173828125,-0.004150390625,0.0380859375,-0.056640625,-0.06787109375,0.067138671875,0.0224609375,-0.09912109375,-0.001953125,0.0244140625,-0.07373046875,-0.013671875,0.0888671875,-0.03125,-0.15478515625,0.01318359375,0.01318359375,0.09716796875,-0.051513671875,-0.070068359375,0.029541015625,0.001953125,-0.054931640625,-0.0048828125,-0.00537109375,-0.03662109375,0.0263671875,0.02685546875,-0.06689453125,-0.0205078125,-0.005126953125,0.03369140625,0.0673828125,-0.07958984375,-0.11767578125,0.076171875,0.057373046875,-0.1025390625,-0.02587890625,0.0556640625,-0.02978515625,-0.02978515625,0.04541015625,-0.031005859375,-0.06982421875,0.08349609375,0.06298828125,-0.143798828125,-0.07958984375,0.112060546875,0.05078125,-0.095947265625,-0.095947265625,-0.037109375,0.0283203125,-0.02978515625,-0.002197265625,-0.01220703125,-0.080078125,-0.0029296875,0.06982421875,-0.093994140625,0.01806640625,0.017578125,-0.057861328125,0.0185546875,0.02587890625,-0.05810546875,0.0146484375,0.04541015625,-0.077880859375,-0.060302734375,0.10302734375,0.0263671875,-0.143798828125,-0.014404296875,0.081787109375,-0.033447265625,-0.052001953125,0.0244140625,-0.021240234375,-0.0625,0.02587890625,0.02587890625,-0.001953125,-0.071533203125,0.0400390625,0.0517578125,-0.07666015625,-0.03173828125,0.05517578125,-0.062744140625,0.07958984375,0.041015625,-0.134033203125,-0.03857421875,0.10107421875,0.01123046875,-0.086181640625,-0.015380859375,0.021728515625,-0.037109375,-0.01123046875,-0.012939453125,-0.04541015625,0.0234375,0.015625,-0.0791015625,-0.0244140625,0.067138671875,-0.029052734375,-0.08447265625,0.051025390625,0.028076171875,0.028076171875,-0.083984375,0.02099609375,0.046630859375,-0.089111328125,-0.050048828125,0.021484375,-0.165283203125,-0.0322265625,0.111328125,-0.008056640625,-0.085693359375,-0.005126953125,0.02490234375,-0.03173828125,-0.012451171875,-0.00830078125,-0.043701171875,0.02734375,0.03662109375,-0.04931640625,-0.0283203125,-0.002197265625,-0.036376953125,0.003662109375,0.060302734375,-0.05078125,-0.113525390625,0.05859375,0.060546875,-0.0927734375,-0.04150390625,-0.04150390625,0.05078125,-0.021728515625,-0.056640625,0.026611328125,-0.06982421875,0.069091796875,0.05615234375,-0.124267578125,-0.069091796875,0.10009765625,0.0361328125,-0.091552734375,-0.008544921875,0.043212890625,-0.053955078125,-0.02294921875,0.020263671875,-0.049560546875,-0.034423828125,0.0498046875,0.0009765625,-0.0703125,0.0029296875,-0.0068359375,-0.053466796875,0.0458984375,0.0400390625,-0.096435546875,-0.044677734375,-0.044677734375,0.089111328125,0.0048828125,-0.083984375,0.032470703125,-0.067138671875,0.0,0.0224609375,-0.063720703125,-0.025390625,0.07275390625,-0.019775390625,-0.12646484375,0.00390625,0.042724609375,-0.044921875,-0.003662109375,0.000732421875,-0.0771484375,-0.01953125,0.04931640625,-0.068603515625,-0.083251953125,0.107177734375,0.061279296875,-0.144287109375,-0.0498046875,0.099853515625,0.00439453125,-0.083984375,0.012939453125,0.012939453125,0.031494140625,-0.060546875,0.0234375,-0.03173828125,-0.0009765625,0.019775390625,-0.05859375,-0.046630859375,0.061279296875,-0.006103515625,-0.085693359375,0.03857421875,0.03857421875,-0.080322265625,-0.005615234375,0.050048828125,-0.062255859375,-0.057861328125,0.1142578125,0.046875,-0.165771484375,-0.040771484375,0.12109375,-0.011474609375,-0.12109375,-0.002197265625,0.05810546875,-0.036376953125,-0.038818359375,-0.028076171875,-0.041015625,-0.041015625,0.042236328125,-0.1015625,-0.04736328125,0.063720703125,-0.0107421875,-0.064697265625,0.04638671875,0.018798828125,-0.080078125,0.02001953125,0.029052734375,-0.092529296875,-0.017333984375,0.12548828125,-0.012939453125,-0.17431640625,0.004638671875,0.124755859375,-0.04052734375,-0.092041015625,0.0146484375,0.016845703125,-0.03759765625,-0.006591796875,-0.012451171875,-0.040283203125,0.041015625,0.009033203125,-0.044921875,-0.084716796875,0.06005859375,-0.049560546875,-0.03369140625,0.066162109375,-0.009521484375,-0.076171875,0.036865234375,0.004638671875,-0.09521484375,0.020751953125,0.07177734375,-0.0791015625,-0.09228515625,0.078369140625,0.049560546875,-0.112548828125,-0.036376953125,0.06005859375,-0.02099609375,-0.05224609375,-0.0166015625,-0.01904296875,-0.004150390625,0.036865234375,-0.03173828125,-0.087646484375,0.024658203125,0.022216796875,-0.074462890625,-0.004638671875,0.04345703125,-0.0458984375,-0.04541015625,0.03515625,-0.0498046875,-0.093505859375,0.083984375,0.080810546875,-0.121337890625,-0.087158203125,0.0927734375,0.05224609375,-0.083251953125,-0.021240234375,0.03515625,-0.04443359375,-0.017333984375,0.03369140625,-0.01708984375,-0.019287109375,0.0419921875,-0.002197265625,-0.082275390625,0.000732421875,0.029052734375,-0.050048828125,-0.011474609375,0.004150390625,-0.0478515625,-0.00732421875,0.024658203125,-0.06689453125,0.0927734375,0.038818359375,0.038818359375,-0.14306640625,-0.03857421875,0.081298828125,-0.013671875,-0.063720703125,-0.001220703125,-0.00439453125,-0.025146484375,0.0361328125,-0.0517578125,-0.11474609375,0.075927734375,0.11376953125,-0.1083984375,-0.138671875,0.075927734375,0.080322265625,-0.081298828125,-0.02783203125,0.036376953125,-0.039306640625,-0.00927734375,0.0205078125,-0.03857421875,-0.008544921875,0.074462890625,-0.01025390625,0.015625,0.020263671875,0.020263671875,-0.0517578125,0.03857421875,0.039794921875,-0.087158203125,-0.045166015625,0.065185546875,-0.04638671875,-0.10693359375,0.072509765625,0.060546875,-0.121337890625,-0.0458984375,0.089111328125,-0.0068359375,-0.102783203125,0.004638671875,0.035400390625,-0.07568359375,-0.018310546875,0.04248046875,-0.02978515625,0.026611328125,-0.023681640625,-0.023681640625,-0.07861328125,0.018310546875,0.030517578125,-0.05517578125,0.00927734375,0.04248046875,-0.042724609375,-0.02880859375,0.000244140625,-0.050048828125,-0.013427734375,0.096435546875,0.0029296875,-0.12744140625,0.022705078125,0.09521484375,-0.061279296875,-0.084228515625,0.05712890625,0.041748046875,-0.013916015625,0.0205078125,-0.03466796875,0.016357421875,0.016357421875,0.029052734375,-0.0732421875,-0.0615234375,0.053955078125,0.01904296875,-0.057861328125,0.02001953125,0.00732421875,-0.06640625,0.02587890625,0.01513671875,-0.103515625,-0.01708984375,0.116943359375,-0.022705078125,-0.1640625,0.00927734375,0.090087890625,-0.046142578125,-0.05712890625,-0.000732421875,-0.033935546875,0.01904296875,-0.033447265625,-0.076171875,0.047119140625,0.039306640625,-0.09326171875,-0.09326171875,-0.029296875,0.06005859375,-0.01416015625,-0.052978515625,0.013427734375,-0.009033203125,-0.02587890625,0.06494140625,-0.021728515625,-0.129638671875,0.0390625,0.138671875,-0.065673828125,-0.16796875,0.053955078125,0.12255859375,-0.064697265625,-0.07373046875,0.029296875,0.01171875,-0.023193359375,-0.015869140625,-0.0078125,0.06201171875,-0.0078125,-0.093017578125,0.024169921875,0.030029296875,-0.072021484375,-0.01123046875,-0.01123046875,0.050048828125,-0.037109375,-0.06201171875,0.0400390625,-0.02294921875,-0.09375,0.048095703125,0.045166015625,-0.116455078125,-0.068115234375,0.08935546875,0.033447265625,-0.08984375,-0.01025390625,0.023193359375,-0.061767578125,0.0048828125,0.048583984375,-0.04052734375,-0.04248046875,0.05615234375,0.015625,-0.00830078125,0.0517578125,-0.0390625,-0.020263671875,0.03076171875,-0.010498046875,-0.029052734375,0.00146484375,-0.045654296875,-0.045654296875,-0.044189453125,0.083251953125,0.01953125,-0.130615234375,-0.002197265625,0.10400390625,-0.043701171875,-0.115966796875,0.032470703125,0.0595703125,-0.070556640625,-0.020751953125,0.02392578125,-0.03125,0.011474609375,0.027099609375,-0.069091796875,-0.065673828125,0.048095703125,-0.00634765625,0.0478515625,0.018310546875,-0.09130859375,0.006103515625,0.031982421875,-0.078369140625,-0.021728515625,0.108642578125,-0.017822265625,-0.1533203125,0.018310546875,0.06787109375,-0.06298828125,-0.034423828125,0.032470703125,-0.03369140625,-0.05224609375,0.05029296875,-0.00048828125,-0.074951171875,-0.074951171875,0.03759765625,0.03125,-0.084716796875,-0.0107421875,0.067626953125,-0.02880859375,-0.058837890625,0.0595703125,0.013671875,-0.081298828125,0.031494140625,0.019775390625,-0.09375,-0.000732421875,0.108154296875,-0.035888671875,-0.147705078125,0.024658203125,-0.064208984375,-0.046142578125,0.01708984375,-0.026611328125,-0.033203125,0.010986328125,-0.036865234375,-0.06005859375,0.0654296875,0.03369140625,-0.104736328125,-0.01513671875,-0.01513671875,0.048828125,-0.037353515625,-0.03271484375,0.036865234375,-0.02490234375,-0.061767578125,0.048095703125,-0.021728515625,-0.126708984375,0.048828125,0.12255859375,-0.10107421875,-0.16064453125,0.080810546875,0.119384765625,-0.072021484375,0.046875,0.004150390625,-0.02001953125,0.004150390625,-0.022705078125,-0.02001953125,0.06201171875,0.01611328125,-0.096435546875,-0.002685546875,-0.002685546875,0.04736328125,-0.0458984375,-0.027099609375,0.01806640625,-0.0224609375,-0.013427734375,0.030517578125,-0.05712890625,-0.083984375,0.088134765625,0.05126953125,-0.130126953125,-0.03662109375,0.093994140625,0.003662109375,-0.078857421875,0.019287109375,-0.052978515625,0.0185546875,0.00439453125,-0.07421875,0.018310546875,0.06640625,-0.05712890625,-0.084716796875,0.04541015625,0.0,-0.092041015625,0.0302734375,0.041015625,-0.07763671875,-0.07763671875,-0.030029296875,0.035400390625,-0.0498046875,-0.059326171875,0.089111328125,0.039306640625,-0.14111328125,-0.03564453125,0.103515625,0.004150390625,-0.087646484375,-0.010009765625,0.024658203125,-0.056396484375,-0.00048828125,0.03759765625,-0.052490234375,-0.02294921875,0.03955078125,-0.028076171875,-0.075927734375,0.034423828125,-0.037353515625,0.001953125,0.00927734375,-0.0439453125,0.021728515625,0.0078125,-0.071044921875,0.014892578125,0.096435546875,-0.04052734375,-0.11669921875,0.06298828125,0.0478515625,-0.106201171875,-0.106201171875,-0.017333984375,0.0517578125,-0.042724609375,-0.03662109375,0.042724609375,-0.048828125,-0.080322265625,0.093994140625,0.052490234375,-0.14404296875,-0.0517578125,0.100830078125,0.01123046875,-0.002685546875,0.02294921875,-0.0380859375,0.009765625,-0.029541015625,-0.074462890625,0.06005859375,0.064453125,-0.09814453125,-0.084716796875,0.060791015625,-0.020263671875,-0.096923828125,0.07177734375,0.06494140625,-0.113037109375,-0.0478515625,-0.0478515625,0.08740234375,0.004638671875,-0.085693359375,0.0185546875,0.0400390625,-0.06396484375,-0.002685546875,0.029541015625,-0.043701171875,-0.017578125,0.039306640625,-0.029541015625,0.03369140625,0.035888671875,-0.051513671875,0.00927734375,0.0068359375,-0.060791015625,0.010009765625,0.03857421875,-0.074951171875,-0.068603515625,0.120849609375,0.067626953125,-0.15625,-0.05322265625,0.099365234375,0.0146484375,-0.069580078125,-0.010498046875,-0.010498046875,0.0107421875,-0.0380859375,0.02294921875,-0.014892578125,-0.098876953125,0.024658203125,0.08544921875,-0.060546875,-0.0947265625,0.043212890625,0.029541015625,-0.08203125,0.046630859375,-0.070556640625,-0.038818359375,0.04736328125,-0.008056640625,-0.0634765625,0.017578125,0.0205078125,-0.07275390625,-0.01123046875,0.017333984375,-0.037841796875,0.004638671875,0.00341796875,-0.06884765625,-0.01904296875,0.06005859375,-0.05810546875,-0.05810546875,-0.110595703125,0.09033203125,0.08642578125,-0.12744140625,-0.08251953125,0.080078125,0.0439453125,-0.058349609375,-0.0234375,-0.003662109375,0.0400390625,0.000244140625,-0.09423828125,-0.004638671875,0.07080078125,-0.025634765625,-0.083984375,0.015869140625,0.018798828125,-0.049560546875,0.0126953125,0.000244140625,-0.05126953125,0.036865234375,0.035400390625,-0.099609375,-0.060302734375,0.13525390625,0.052490234375,-0.170654296875,-0.170654296875,-0.047607421875,0.115966796875,0.004638671875,-0.098388671875,-0.009033203125,0.0478515625,-0.037841796875,-0.022216796875,-0.0576171875,0.014404296875,0.0517578125,-0.0478515625,-0.076171875,0.03369140625,0.04638671875,-0.043212890625,-0.009521484375,0.01220703125,-0.028076171875,0.01416015625,-0.008056640625,-0.0634765625,0.014404296875,0.07421875,-0.0615234375,-0.136962890625,0.0693359375,0.098388671875,-0.1015625,-0.07421875,-0.07421875,0.0576171875,0.01123046875,-0.07666015625,-0.017333984375,-0.0009765625,-0.048828125,0.025146484375,-0.0830078125,-0.0107421875,0.033203125,-0.04443359375,-0.023193359375,0.063720703125,-0.0185546875,-0.1044921875,0.0400390625,0.04931640625,-0.092529296875,-0.033447265625,0.07080078125,-0.019287109375,-0.103759765625,0.011474609375,0.046142578125,-0.04443359375,-0.00244140625,0.012451171875,-0.055419921875,-0.003173828125,0.042236328125,-0.027099609375,-0.0361328125,-0.0361328125,0.046875,-0.001953125,-0.07666015625,0.031982421875,0.01318359375,0.0283203125,0.05859375,-0.076171875,-0.072998046875,0.0634765625,-0.01708984375,-0.102783203125,0.063232421875,0.075927734375,-0.120849609375,-0.093994140625,0.081787109375,0.047607421875,-0.079833984375,-0.0205078125,0.021240234375,-0.042724609375,0.01123046875,0.009765625,-0.064697265625,-0.003173828125,0.068115234375,-0.034912109375,-0.0966796875,0.037109375,0.037109375,0.01953125,-0.08349609375,0.018310546875,0.05029296875,-0.034912109375,0.0458984375,-0.046142578125,-0.090576171875,0.087890625,0.07861328125,-0.132568359375,-0.06591796875,0.086181640625,0.019775390625,-0.069091796875,-0.009765625,0.015625,-0.0400390625,0.02490234375,0.002197265625,-0.100830078125,0.006591796875,0.09326171875,-0.04541015625,-0.12255859375,0.018310546875,0.057373046875,-0.04736328125,-0.007568359375,0.01171875,0.01171875,-0.046630859375,0.01025390625,0.007080078125,-0.01171875,0.10107421875,-0.02587890625,-0.145263671875,0.037841796875,0.089111328125,-0.06494140625,-0.0498046875,0.025390625,-0.025146484375,-0.04296875,0.0322265625,-0.017578125,-0.086669921875,0.031005859375,0.03955078125,-0.068603515625,-0.013427734375,0.04052734375,-0.03125,-0.03125,0.071533203125,0.019775390625,-0.117919921875,0.00439453125,0.096923828125,-0.03662109375,-0.09033203125,0.01708984375,0.041259765625,-0.058837890625,-0.04833984375,-0.013427734375,-0.026611328125,-0.026611328125,0.0068359375,-0.0732421875,-0.015869140625,0.04931640625,-0.027587890625,-0.061279296875,0.0537109375,0.02490234375,-0.07861328125,0.01025390625,0.018310546875,-0.080078125,-0.0068359375,0.092041015625,-0.030517578125,-0.1494140625,0.0185546875,0.09814453125,-0.05615234375,-0.072021484375,0.008544921875,-0.018310546875,-0.037109375,0.02783203125,-0.00537109375,-0.068115234375,0.0380859375,0.050537109375,-0.091064453125,-0.0458984375,0.061279296875,0.01416015625,-0.034423828125,0.0107421875,-0.0029296875,-0.0546875,0.023681640625,0.000732421875,-0.083740234375,0.02197265625,0.06640625,-0.0556640625,-0.06640625,0.0361328125,-0.02587890625,-0.08056640625,0.059814453125,0.03271484375,-0.11865234375,-0.015380859375,0.0908203125,-0.01904296875,-0.0732421875,0.033447265625,0.02294921875,-0.07470703125,0.012939453125,0.023681640625,-0.049560546875,0.021728515625,0.046142578125,-0.06103515625,-0.072265625,0.048828125,-0.0126953125,-0.089599609375,0.06884765625,0.064453125,-0.095703125,-0.040771484375,0.03955078125,-0.043212890625,-0.048583984375,0.082275390625,0.01513671875,-0.1376953125,-0.000732421875,0.08935546875,-0.02880859375,-0.05224609375,0.00927734375,-0.0126953125,-0.046630859375,0.0341796875,-0.005615234375,-0.09619140625,0.01904296875,0.04248046875,-0.079833984375,-0.048095703125,0.032470703125,-0.030029296875,-0.05419921875,0.082275390625,0.03125,-0.152099609375,-0.028564453125,0.11376953125,-0.006591796875,-0.102783203125,0.00244140625,0.067626953125,-0.0166015625,-0.01318359375,-0.023681640625,-0.061767578125,0.039794921875,0.059326171875,-0.0693359375,-0.069091796875,0.04443359375,0.002197265625,-0.0673828125,0.0283203125,0.016845703125,-0.065673828125,0.033935546875,0.033447265625,-0.100830078125,-0.036376953125,0.12939453125,0.01025390625,-0.18701171875,-0.016357421875,0.132568359375,-0.02001953125,-0.09423828125,-0.00048828125,0.01171875,-0.04931640625,-0.014892578125,-0.048828125,-0.048828125,0.02978515625,0.00732421875,-0.08935546875,-0.005859375,0.03515625,-0.063232421875,-0.044921875,0.08251953125,0.0068359375,-0.119873046875,0.0830078125,0.0830078125,-0.05810546875,-0.05810546875,0.048828125,0.012451171875,-0.0732421875,0.007568359375,0.026123046875,-0.06787109375,-0.008544921875,0.02685546875,-0.022216796875,-0.022216796875,0.00634765625,-0.044677734375,-0.018798828125,0.087890625,-0.009033203125,-0.138427734375,0.024658203125,0.0947265625,-0.052490234375,-0.05322265625,0.040283203125,-0.041015625,-0.041015625,0.02001953125,-0.0478515625,-0.09521484375,0.086669921875,0.090576171875,-0.122802734375,-0.11083984375,0.0869140625,0.051513671875,-0.111328125,-0.03759765625,-0.029296875,-0.029296875,-0.023681640625,0.01171875,-0.028564453125,-0.02294921875,0.026611328125,-0.0234375,-0.067138671875,0.0390625,0.01123046875,-0.08203125,0.037353515625,-0.0966796875,-0.12353515625,-0.12353515625,0.074951171875,0.08251953125,-0.102783203125,-0.054931640625,0.058837890625,-0.0087890625,-0.031494140625,0.00048828125,-0.03369140625,-0.0263671875,0.0517578125,-0.05859375,0.012939453125,0.012939453125,-0.020751953125,-0.072021484375,0.05810546875,0.082275390625,-0.085205078125,-0.1318359375,0.083984375,0.152587890625,-0.052490234375,-0.173828125,0.1455078125,-0.016357421875,-0.1494140625,-0.1494140625,0.0,0.089111328125,-0.02880859375,-0.066650390625,-0.01123046875,-0.04833984375,-0.056396484375,0.06494140625,0.0625,-0.115966796875,0.10693359375,0.021484375,-0.146240234375,-0.146240234375,-0.0419921875,0.123779296875,0.04248046875,-0.0986328125,-0.046875,0.088623046875,0.059326171875,-0.110595703125,-0.10205078125,0.04541015625,-0.119873046875,-0.0576171875,-0.0576171875,0.04296875,-0.054443359375,-0.0517578125,0.071044921875,-0.044921875,-0.11083984375,0.07373046875,0.093017578125,-0.122314453125,-0.03466796875,-0.055419921875,-0.13671875,0.081787109375,0.081787109375,0.071533203125,-0.130126953125,-0.025146484375,0.088134765625,-0.123291015625,-0.09716796875,0.11669921875,-0.05078125,-0.182373046875,0.136474609375,-0.15771484375,-0.13134765625,0.151123046875,0.040771484375,0.040771484375,-0.100830078125,0.05224609375,0.071533203125,-0.062255859375,-0.011962890625,0.06640625,-0.064208984375,-0.044677734375,-0.000732421875,-0.1044921875,0.015869140625,0.015869140625,0.013671875,-0.07177734375,0.001953125,0.02392578125,-0.089599609375,0.007080078125,0.1220703125,-0.080078125,0.1416015625,0.054931640625,-0.14990234375,-0.01904296875,-0.01904296875,0.141845703125,-0.025634765625,-0.070556640625,0.0703125,-0.0341796875,-0.12158203125,0.0126953125,0.0166015625,-0.01708984375,0.068359375,-0.095703125,-0.095703125,-0.09814453125,0.05517578125,-0.05029296875,-0.1005859375,0.05029296875,0.010498046875,-0.096923828125,0.043701171875,-0.135498046875,-0.122802734375,0.1337890625,0.021240234375,0.021240234375,-0.16259765625,-0.013916015625,0.0908203125,-0.04296875,-0.041748046875,0.033447265625,-0.095703125,-0.057861328125,0.09814453125,-0.1005859375,0.092041015625,0.09228515625,-0.100341796875,-0.100341796875,-0.02197265625,0.103271484375,-0.0595703125,-0.036376953125,0.12841796875,-0.020263671875,-0.09228515625,0.06201171875,-0.169189453125,-0.01611328125,0.177734375,0.177734375,-0.088134765625,-0.17919921875,0.1015625,0.082275390625,-0.127685546875,-0.038330078125,0.074462890625,-0.06982421875,0.058837890625,-0.02197265625,-0.03173828125,0.077880859375,0.077880859375,-0.046630859375,-0.130126953125,0.049560546875,0.080322265625,-0.123046875,-0.052734375,-0.0859375,-0.116455078125,0.08056640625,-0.009033203125,-0.169189453125,0.01318359375,0.01318359375,0.13525390625,-0.10400390625,-0.15234375,0.093994140625,0.060791015625,-0.097412109375,-0.008544921875,-0.0439453125,-0.03662109375,0.066162109375,-0.03076171875,-0.05419921875,0.067138671875,0.067138671875,-0.008544921875,-0.0693359375,0.044921875,0.033935546875,-0.098876953125,0.004638671875,0.1318359375,-0.1572265625,0.08642578125,0.081787109375,-0.07861328125,-0.00537109375,0.0634765625,0.0634765625,-0.0537109375,-0.048095703125,0.06494140625,-0.0322265625,-0.031005859375,0.095458984375,-0.03173828125,0.0439453125,0.061767578125,-0.127685546875,-0.04248046875,0.140625,-0.055419921875,-0.055419921875,-0.172607421875,0.05712890625,0.076416015625,-0.085205078125,-0.0244140625,0.045654296875,-0.039306640625,0.0810546875,-0.043212890625,-0.054443359375,0.0908203125,-0.025390625,-0.12109375,-0.12109375,0.0537109375,0.081298828125,-0.132568359375,-0.05322265625,0.15771484375,-0.03857421875,0.027587890625,0.07177734375,-0.073486328125,-0.029296875,0.05126953125,-0.052001953125,-0.037841796875,-0.037841796875,0.063720703125,-0.069091796875,-0.071533203125,0.098388671875,0.009033203125,0.027099609375,0.080810546875,-0.108154296875,-0.039306640625,0.13623046875,-0.055908203125,-0.16455078125,0.064208984375,0.064208984375,0.090087890625,-0.102294921875,-0.03759765625,0.08837890625,-0.05712890625,0.05810546875,-0.022216796875,-0.05419921875,0.088134765625,0.025390625,-0.125,-0.00244140625,-0.00244140625,0.10888671875,-0.06103515625,-0.05078125,0.082275390625,-0.056640625,-0.076171875,0.02587890625,-0.167236328125,0.0107421875,0.16650390625,-0.096923828125,-0.164794921875,0.10302734375,0.10302734375,0.063720703125,-0.1240234375,-0.027587890625,0.0634765625,-0.056640625,0.0634765625,-0.04052734375,-0.070556640625,0.068603515625,-0.013427734375,-0.1220703125,0.01025390625,0.01025390625,0.06396484375,-0.086669921875,-0.048828125,0.076171875,-0.06884765625,0.07421875,-0.030517578125,-0.122802734375,0.070068359375,0.100341796875,-0.147705078125,-0.147705078125,-0.095947265625,0.1474609375,-0.003662109375,-0.139404296875,0.060791015625,-0.08154296875,-0.035888671875,0.047119140625,-0.04541015625,-0.002197265625,0.084228515625,-0.0908203125,-0.0908203125,-0.095947265625,0.1083984375,0.030517578125,0.028076171875,0.07080078125,-0.104736328125,-0.01953125,0.1357421875,-0.079345703125,-0.12646484375,0.139404296875,0.139404296875,0.072998046875,-0.169677734375,-0.053955078125,0.130126953125,-0.072265625,0.059814453125,-0.037353515625,-0.07177734375,0.06640625,0.0,-0.123779296875,0.024169921875,0.024169921875,0.095458984375,-0.1005859375,-0.062255859375,-0.06005859375,-0.095458984375,0.088623046875,0.005615234375,-0.13671875,0.0244140625,0.096923828125,-0.13720703125,-0.13720703125,-0.073974609375,0.152587890625,-0.02783203125,0.03076171875,0.08837890625,-0.080810546875,-0.02392578125,0.0849609375,-0.078857421875,-0.09521484375,0.07275390625,-0.013916015625,-0.087646484375,-0.087646484375,0.068603515625,0.052734375,-0.03564453125,0.09765625,-0.07080078125,-0.0634765625,0.097900390625,-0.037353515625,-0.113525390625,0.082275390625,0.07763671875,-0.152587890625,-0.152587890625,-0.03564453125,0.16748046875,-0.052490234375,0.06494140625,0.071044921875,-0.06591796875,0.008544921875,0.042724609375,-0.109130859375,-0.0419921875,0.130126953125,-0.04150390625,-0.123291015625,-0.123291015625,0.077392578125,0.0673828125,-0.04150390625,0.04345703125,-0.05810546875,-0.005615234375,0.084228515625,-0.084228515625,-0.087646484375,0.10302734375,0.008056640625,-0.135009765625,0.02880859375,0.02880859375,0.0888671875,-0.10498046875,0.099609375,-0.087890625,-0.114990234375,0.10693359375,0.023193359375,-0.17431640625,-0.02783203125,0.119873046875,-0.061279296875,-0.07275390625,0.087646484375,0.087646484375,-0.033935546875,-0.120849609375,0.038818359375,-0.0771484375,0.027587890625,0.0830078125,-0.104736328125,-0.0654296875,0.101806640625,-0.04150390625,-0.097412109375,0.081787109375,0.081787109375,0.035888671875,-0.124267578125,0.125,-0.114990234375,-0.115478515625,0.147705078125,0.032958984375,-0.173828125,-0.00732421875,0.140869140625,-0.041259765625,-0.097412109375,0.060546875,0.060546875,-0.005126953125,-0.0771484375,0.020751953125,-0.081298828125,0.00927734375,0.0595703125,-0.075927734375,-0.054931640625,0.061279296875,-0.052001953125,-0.050048828125,0.0859375,-0.036376953125,-0.036376953125,-0.12158203125,0.060302734375,-0.150390625,-0.033203125,0.1591796875,-0.053955078125,-0.145263671875,0.0625,0.037353515625,-0.09423828125,0.025634765625,0.062744140625,-0.11669921875,-0.11669921875,0.1142578125,-0.062744140625,-0.103271484375,0.09765625,0.007568359375,-0.159423828125,-0.001708984375,0.1142578125,-0.072998046875,-0.06787109375,0.070068359375,0.070068359375,-0.055419921875,0.084228515625,-0.0078125,-0.1142578125,0.06884765625,0.117919921875,-0.134521484375,-0.1025390625,0.136962890625,0.019775390625,-0.110595703125,0.02978515625,0.02978515625,-0.085693359375,-0.0087890625,0.061279296875,-0.090087890625,-0.0390625,0.111572265625,-0.041748046875,-0.105712890625,0.069580078125,0.046142578125,-0.107421875,-0.107421875,0.084716796875,-0.0849609375,-0.04638671875,0.1142578125,-0.0439453125,-0.126953125,0.077880859375,0.0751953125,-0.145751953125,-0.07958984375,0.1123046875,-0.017822265625,-0.017822265625,0.072021484375,-0.006103515625,-0.123291015625,0.00830078125,0.081298828125,-0.082275390625,-0.05029296875,0.109375,-0.025146484375,-0.1201171875,0.021728515625,0.021728515625,-0.052978515625,0.03125,0.02880859375,-0.104248046875,-0.009521484375,0.1181640625,-0.08740234375,-0.120849609375,0.10107421875,0.025146484375,-0.1591796875,-0.0234375,0.101318359375,-0.048095703125,-0.031494140625,0.0703125,-0.086669921875,-0.081787109375,0.1181640625,0.013671875,-0.127685546875,0.04541015625,0.098876953125,-0.1181640625,-0.1181640625,0.119140625,-0.06396484375,-0.123046875,0.116943359375,0.084228515625,-0.1357421875,-0.050537109375,0.0986328125,-0.046875,-0.065185546875,0.070068359375,-0.0361328125,-0.087646484375,0.065673828125,0.032958984375,-0.09521484375,0.021728515625,0.089111328125,-0.0947265625,-0.056884765625,0.0986328125,-0.0458984375,-0.076904296875,0.086181640625,-0.0078125,-0.150146484375,0.023681640625,0.103515625,-0.128173828125,-0.06787109375,0.159423828125,-0.02587890625,-0.181640625,0.03564453125,0.112060546875,-0.091796875,-0.065185546875,0.108154296875,-0.0263671875,-0.113037109375,0.049560546875,0.029052734375,-0.081298828125,0.001708984375,0.04541015625,-0.069580078125,-0.031005859375,0.07421875,-0.06103515625,-0.068359375,0.07275390625,-0.032958984375,-0.102294921875,0.059326171875,0.056396484375,-0.12548828125,-0.0234375,0.13818359375,-0.065185546875,-0.14013671875,0.08984375,0.07763671875,-0.0966796875,-0.00537109375,0.10302734375,-0.071533203125,-0.1064453125,-0.006591796875,-0.006591796875,-0.066162109375,0.05517578125,0.00634765625,-0.08837890625,0.027099609375,0.05810546875,-0.114501953125,-0.024169921875,0.138916015625,-0.05029296875,-0.104248046875,0.1015625,0.03271484375,-0.150634765625,0.011962890625,0.141357421875,-0.09375,-0.1220703125,0.103515625,0.0263671875,-0.0771484375,0.030517578125,-0.01806640625,-0.1279296875,0.012939453125,0.086181640625,-0.10986328125,-0.058349609375,0.127197265625,-0.0419921875,-0.14404296875,0.054443359375,0.07177734375,-0.09619140625,-0.01513671875,0.1015625,-0.06201171875,-0.080322265625,0.093017578125,-0.011474609375,0.020263671875,0.020263671875,0.071533203125,-0.079833984375,-0.05712890625,0.0703125,-0.0458984375,-0.066162109375,0.05419921875,-0.02880859375,-0.0791015625,0.0537109375,-0.102294921875,-0.102294921875,0.01123046875,0.107421875,-0.0908203125,-0.096923828125,0.1044921875,0.00634765625,-0.123046875,0.05322265625,0.118408203125,-0.112548828125,0.08544921875,0.015869140625,0.015869140625,-0.056884765625,0.039794921875,-0.012939453125,-0.093017578125,0.018310546875,0.061279296875,-0.096435546875,-0.033447265625,0.117919921875,-0.05322265625,0.0732421875,0.045166015625,0.045166015625,-0.09521484375,-0.00146484375,0.050537109375,-0.0859375,-0.015625,0.11572265625,-0.08740234375,-0.127685546875,0.11279296875,-0.18212890625,-0.0556640625,-0.0556640625,0.12451171875,-0.029296875,-0.058349609375,0.06640625,-0.044189453125,-0.083740234375,0.073974609375,0.015625,-0.10693359375,0.044677734375,-0.1044921875,-0.0595703125,-0.0595703125,0.095947265625,-0.06396484375,-0.08251953125,0.1044921875,0.00390625,-0.142578125,0.03466796875,0.093017578125,-0.150146484375,0.15771484375,-0.028564453125,-0.028564453125,-0.1669921875,0.036865234375,0.083740234375,-0.0693359375,-0.0068359375,0.064697265625,-0.095703125,-0.067626953125,0.101806640625,-0.0146484375,0.05126953125,0.070556640625,0.070556640625,-0.091796875,-0.057861328125,0.045166015625,-0.051025390625,-0.02880859375,0.068603515625,-0.06298828125,-0.098388671875,0.07958984375,0.0498046875,-0.116943359375,0.09912109375,-0.084716796875,-0.064208984375,-0.064208984375,0.117919921875,-0.0234375,-0.15283203125,0.05322265625,0.131591796875,-0.095703125,-0.100830078125,0.0849609375,-0.00048828125,-0.06884765625,-0.0263671875,-0.10546875,0.03369140625,0.03369140625,0.063232421875,-0.110107421875,-0.0341796875,0.11767578125,-0.060546875,-0.130126953125,0.0634765625,0.0322265625,-0.099609375,0.06689453125,-0.092041015625,-0.023681640625,0.103271484375,0.103271484375,-0.096435546875,-0.1318359375,0.126220703125,0.0791015625,-0.1591796875,-0.0634765625,0.105224609375,-0.015380859375,-0.04736328125,-0.071533203125,-0.078369140625,0.09130859375,0.029052734375,0.029052734375,-0.106689453125,0.035400390625,0.102783203125,-0.109130859375,-0.08935546875,0.119384765625,0.018310546875,-0.08349609375,0.034423828125,-0.08935546875,0.035888671875,0.08740234375,-0.1259765625,-0.1259765625,-0.08349609375,0.14306640625,0.013916015625,-0.16552734375,-0.02783203125,0.0791015625,-0.027587890625,-0.032470703125,-0.0673828125,-0.0498046875,0.098388671875,-0.004638671875,-0.1259765625,-0.1259765625,0.01416015625,0.099365234375,-0.051513671875,-0.087646484375,0.031005859375,-0.01025390625,-0.01318359375,0.04638671875,-0.111572265625,0.057373046875,0.05810546875,-0.11962890625,-0.11962890625,-0.027099609375,0.130126953125,-0.04931640625,-0.1494140625,0.037353515625,0.049072265625,-0.072509765625,0.005126953125,0.06591796875,-0.0556640625,0.091796875,-0.021484375,-0.075439453125,0.0654296875,0.0654296875,0.02001953125,-0.092041015625,0.005859375,0.054931640625,-0.0888671875,-0.0263671875,0.109619140625,-0.151123046875,0.065673828125,0.073486328125,-0.09765625,-0.02783203125,0.075439453125,0.075439453125,-0.06298828125,-0.0693359375,0.077880859375,-0.02001953125,-0.073974609375,0.05908203125,0.019287109375,0.016357421875,0.04345703125,-0.1201171875,-0.0234375,0.1416015625,0.1416015625,-0.052001953125,-0.146728515625,0.053955078125,0.05224609375,-0.08935546875,0.0078125,0.0634765625,-0.100341796875,0.099365234375,-0.071533203125,-0.107421875,0.107421875,0.045654296875,0.045654296875,-0.1376953125,0.001220703125,0.1025390625,-0.09716796875,-0.06298828125,0.124755859375,-0.033203125,0.031982421875,0.080322265625,-0.082763671875,-0.02197265625,0.0791015625,-0.075439453125,-0.075439453125,-0.082275390625,0.068603515625,-0.015625,-0.077392578125,0.066650390625,0.036865234375,-0.11767578125,0.107177734375,-0.092041015625,-0.082763671875,0.106689453125,-0.01318359375,-0.11376953125,-0.11376953125,0.07177734375,0.07373046875,-0.14892578125,-0.054443359375,0.13671875,-0.0556640625,0.07080078125,0.081298828125,-0.1044921875,-0.03466796875,0.080078125,-0.064208984375,-0.091064453125,-0.091064453125,0.06689453125,-0.0009765625,-0.07763671875,0.061767578125,0.052978515625,-0.092529296875,0.0732421875,-0.056640625,-0.0546875,0.08154296875,-0.018310546875,-0.084228515625,0.04443359375,0.04443359375,-0.00244140625,-0.125,0.025390625,0.111328125,-0.112060546875,0.1162109375,0.032470703125,-0.122802734375,0.013671875,0.0634765625,-0.084716796875,-0.05078125,-0.05078125,0.072265625,-0.034912109375,-0.052490234375,0.07177734375,-0.0361328125,0.0439453125,0.056396484375,-0.093994140625,-0.0205078125,0.082275390625,-0.062744140625,-0.062744140625,-0.0654296875,0.068603515625,-0.059326171875,-0.11279296875,0.09765625,-0.14990234375,-0.056396484375,0.1484375,-0.018310546875,-0.119384765625,0.062744140625,0.0556640625,0.0556640625,-0.0849609375,-0.01708984375,0.055419921875,-0.05419921875,0.073974609375,-0.05419921875,-0.082763671875,0.061767578125,-0.00537109375,-0.0859375,0.032958984375,0.032958984375,0.02978515625,-0.116455078125,-0.018310546875,0.115966796875,-0.08837890625,0.126953125,0.0625,-0.1611328125,-0.05712890625,0.095458984375,-0.017333984375,-0.029052734375,-0.029052734375,0.0615234375,-0.0654296875,-0.090576171875,0.08056640625,-0.122802734375,0.0146484375,0.080078125,-0.0908203125,-0.059814453125,0.0830078125,-0.054931640625,-0.07470703125,-0.07470703125,0.089111328125,-0.01806640625,-0.137451171875,0.056640625,-0.133544921875,-0.060546875,0.145751953125,-0.038330078125,-0.159912109375,0.061279296875,0.087890625,0.087890625,-0.099853515625,-0.03173828125,0.090087890625,-0.052001953125,0.050048828125,-0.025390625,-0.050537109375,0.073974609375,0.002685546875,-0.12255859375,0.01611328125,0.0849609375,-0.103515625,-0.103515625,-0.053955078125,0.1083984375,-0.036865234375,0.064453125,0.01416015625,-0.13134765625,0.02685546875,0.12255859375,-0.104248046875,-0.114990234375,0.0908203125,0.00830078125,0.00830078125,-0.087646484375,0.040771484375,0.0322265625,-0.113037109375,0.089111328125,-0.064453125,-0.048583984375,0.1103515625,-0.0146484375,-0.14404296875,0.023681640625,0.08984375,-0.070556640625,-0.070556640625,-0.040771484375,0.058837890625,-0.053955078125,-0.04345703125,-0.048095703125,-0.15478515625,0.05419921875,0.123779296875,-0.106201171875,-0.11181640625,0.08837890625,0.021728515625,-0.068359375,-0.068359375,0.02392578125,-0.00439453125,-0.0791015625,0.058837890625,-0.0966796875,-0.02880859375,0.109130859375,-0.053955078125,-0.1279296875,0.0517578125,0.04052734375,-0.087646484375,0.004150390625,0.004150390625,0.048095703125,-0.0869140625,-0.024658203125,-0.093017578125,-0.137451171875,0.11083984375,0.087158203125,-0.150634765625,-0.08056640625,0.102783203125,0.00537109375,-0.046142578125,0.041015625,0.041015625,-0.04833984375,-0.07470703125,0.024169921875,-0.1181640625,0.0126953125,0.0927734375,-0.09130859375,-0.0732421875,0.0888671875,-0.023193359375,-0.068359375,0.081787109375,-0.0048828125,-0.0048828125,-0.140869140625,0.045166015625,-0.1181640625,-0.122314453125,0.13671875,0.0400390625,-0.155517578125,-0.02099609375,0.083740234375,-0.037109375,-0.0283203125,0.04345703125,0.04345703125,-0.068603515625,-0.06982421875,-0.00390625,-0.11083984375,0.029541015625,0.06884765625,-0.0859375,-0.055419921875,0.07861328125,-0.032958984375,-0.078369140625,0.042724609375,0.042724609375,-0.0068359375,0.046875,0.052001953125,-0.1181640625,-0.03662109375,0.141845703125,-0.0263671875,-0.171630859375,0.010009765625,0.075439453125,-0.031494140625,-0.031494140625,-0.00439453125,0.025390625,-0.045166015625,0.0810546875,-0.041259765625,-0.083251953125,0.072021484375,0.031005859375,-0.09228515625,-0.00634765625,0.05126953125,-0.06298828125,-0.06298828125,-0.005615234375,-0.08056640625,-0.09375,0.102294921875,0.028564453125,-0.134521484375,0.0087890625,0.10693359375,-0.0888671875,-0.106201171875,0.083740234375,0.011474609375,0.011474609375,0.042236328125,0.01611328125,-0.11669921875,-0.013671875,0.1064453125,-0.061279296875,-0.094482421875,0.07958984375,0.021240234375,-0.09716796875,-0.01318359375,-0.01318359375,0.011474609375,0.02490234375,0.057373046875,-0.096435546875,-0.062255859375,0.089599609375,-0.033935546875,-0.093505859375,0.064208984375,0.02685546875,-0.107421875,-0.107421875,0.01513671875,-0.1025390625,-0.087158203125,0.13623046875,0.0361328125,-0.156494140625,-0.02685546875,0.10400390625,-0.01806640625,-0.038330078125,0.060791015625,-0.04296875,-0.04296875,0.05029296875,0.033935546875,-0.0927734375,-0.004150390625,0.08154296875,-0.044921875,-0.075439453125,0.029541015625,-0.01611328125,-0.030029296875,0.063232421875,0.063232421875,-0.031494140625,0.02392578125,0.104248046875,-0.075439453125,-0.09130859375,0.055908203125,-0.007568359375,-0.0556640625,0.046875,-0.02734375,-0.121337890625,0.04638671875,0.10546875,-0.120849609375,-0.119140625,0.12060546875,0.0517578125,-0.122802734375,-0.01171875,0.064453125,-0.05078125,-0.04150390625,0.041259765625,-0.02685546875,-0.02001953125,0.066162109375,-0.03564453125,-0.03564453125,0.061767578125,0.01318359375,-0.105224609375,0.026123046875,0.089599609375,-0.088623046875,-0.069580078125,0.093505859375,-0.0458984375,-0.133056640625,0.08984375,0.07275390625,-0.16650390625,-0.0634765625,0.146484375,-0.027587890625,-0.129150390625,0.071533203125,0.042236328125,-0.1201171875,-0.013916015625,0.074462890625,-0.037841796875,-0.016357421875,0.03955078125,-0.091796875,-0.056640625,0.113037109375,-0.022705078125,-0.12646484375,0.06005859375,0.0556640625,-0.125244140625,-0.02783203125,0.10205078125,-0.095947265625,-0.10205078125,0.138671875,0.03271484375,-0.156982421875,-0.007568359375,0.0966796875,-0.052001953125,-0.035888671875,0.069580078125,-0.06005859375,-0.0771484375,0.101318359375,0.016357421875,-0.138671875,0.007080078125,0.104248046875,-0.059326171875,-0.089599609375,0.03857421875,-0.024169921875,-0.0322265625,0.070068359375,-0.042236328125,-0.122314453125,0.059326171875,0.098876953125,-0.12939453125,-0.081787109375,0.15771484375,0.02197265625,-0.177734375,-0.0146484375,0.0986328125,-0.025146484375,-0.044189453125,0.0234375,-0.0595703125,-0.06884765625,0.068359375,-0.01904296875,-0.09765625,0.043212890625,0.045166015625,-0.08251953125,-0.01953125,0.05859375,-0.084716796875,0.131103515625,0.131103515625,-0.005615234375,-0.1728515625,0.016845703125,0.125244140625,-0.0419921875,-0.0615234375,0.043212890625,-0.034912109375,-0.035888671875,0.076904296875,-0.039306640625,-0.088134765625,0.0908203125,0.05517578125,-0.135986328125,-0.035400390625,0.095947265625,-0.05712890625,-0.051513671875,0.085205078125,-0.04541015625,-0.097412109375,0.0888671875,0.02197265625,-0.1708984375,0.160400390625,0.160400390625,-0.080810546875,-0.150146484375,0.068115234375,0.0283203125,-0.087646484375,0.028076171875,0.037841796875,-0.10888671875,-0.0341796875,0.08203125,-0.055908203125,-0.06298828125,0.075927734375,-0.023681640625,0.039794921875,0.039794921875,0.040771484375,-0.097412109375,0.01416015625,0.1005859375,-0.093505859375,-0.090087890625,0.11376953125,-0.002197265625,-0.14306640625,0.0625,0.123779296875,-0.103515625,-0.103515625,0.115966796875,0.017822265625,-0.0947265625,0.03955078125,0.027099609375,-0.090576171875,0.01220703125,0.0791015625,-0.075439453125,-0.055908203125,0.0927734375,-0.130859375,0.0390625,0.0390625,0.05517578125,-0.084228515625,-0.0263671875,0.041015625,-0.062255859375,-0.029541015625,0.08349609375,-0.069091796875,-0.1357421875,0.103515625,0.10791015625,-0.109130859375,0.11962890625,0.11962890625,0.02783203125,-0.09326171875,0.02783203125,0.0087890625,-0.09912109375,0.0048828125,0.046875,-0.08984375,-0.038330078125,0.092041015625,-0.030517578125,0.031494140625,-0.00732421875,-0.00732421875,-0.05224609375,0.064697265625,0.00244140625,-0.1279296875,0.035400390625,0.14990234375,-0.09130859375,-0.126708984375,0.122802734375,0.042724609375,-0.007568359375,0.0849609375,0.0849609375,-0.04248046875,-0.020263671875,0.0537109375,-0.08984375,-0.096435546875,0.09130859375,0.0166015625,-0.1044921875,0.02978515625,-0.08935546875,-0.053466796875,-0.053466796875,0.080078125,-0.03369140625,-0.08251953125
Prusa_B,-0.02490234375,-0.049072265625,-0.069091796875,-0.07470703125,-0.052978515625,0.01611328125,0.072265625,0.068359375,0.01318359375,-0.03759765625,-0.064453125,-0.0703125,-0.056640625,-0.056640625,-0.01611328125,0.00927734375,-0.0107421875,-0.03466796875,-0.043212890625,-0.025390625,0.03759765625,0.082763671875,0.056640625,0.02734375,0.04443359375,0.026611328125,-0.036376953125,-0.036376953125,-0.01123046875,-0.0439453125,-0.0361328125,-0.001708984375,-0.048828125,-0.034912109375,0.0380859375,0.009033203125,0.06591796875,0.038818359375,0.011962890625,-0.011474609375,-0.067626953125,-0.067626953125,-0.07958984375,-0.04052734375,-0.044921875,-0.027099609375,-0.00244140625,-0.029296875,-0.001953125,-0.000244140625,-0.0341796875,-0.01513671875,-0.018310546875,-0.006103515625,-0.006103515625,-0.037109375,-0.037109375,-0.028564453125,-0.05322265625,-0.0576171875,-0.01513671875,0.01416015625,-0.003662109375,0.0078125,-0.0009765625,-0.03466796875,-0.01220703125,-0.01513671875,-0.04052734375,-0.02294921875,0.03466796875,0.014892578125,-0.0341796875,-0.009033203125,-0.02099609375,0.01806640625,0.014404296875,-0.007568359375,-0.007568359375,0.017333984375,0.02001953125,-0.012939453125,0.012939453125,0.006591796875,-0.037109375,-0.016845703125,0.017578125,0.037841796875,-0.0400390625,-0.039794921875,-0.003173828125,-0.003173828125,0.009765625,-0.017333984375,-0.06396484375,-0.061279296875,0.01611328125,0.0390625,-0.018310546875,-0.031494140625,-0.031494140625,-0.0263671875,-0.029296875,-0.048095703125,-0.047607421875,-0.017822265625,-0.012451171875,-0.03857421875,-0.0390625,-0.02294921875,-0.02294921875,0.00830078125,0.020263671875,-0.0009765625,-0.02197265625,-0.005126953125,-0.045654296875,-0.070068359375,-0.070068359375,-0.02783203125,0.02001953125,0.0078125,-0.0517578125,-0.03759765625,0.049072265625,0.0166015625,0.01318359375,0.04248046875,0.04248046875,0.007080078125,-0.06689453125,-0.06884765625,-0.026611328125,-0.024658203125,-0.04296875,0.0009765625,0.039794921875,0.039794921875,0.00830078125,-0.02099609375,0.009521484375,0.04541015625,-0.0283203125,-0.034423828125,-0.021484375,-0.041748046875,-0.041748046875,-0.067626953125,-0.013916015625,0.0234375,-0.00341796875,-0.010498046875,-0.01171875,-0.001953125,-0.0009765625,-0.0009765625,0.01416015625,0.0283203125,-0.031005859375,-0.060791015625,-0.015869140625,-0.0419921875,-0.0048828125,0.02197265625,0.02197265625,0.033203125,0.033447265625,-0.03759765625,-0.07568359375,-0.00927734375,0.005615234375,0.00390625,-0.033203125,-0.03369140625,-0.03369140625,0.00146484375,-0.026611328125,-0.069580078125,0.031982421875,0.02099609375,-0.015869140625,-0.04833984375,-0.026123046875,-0.026123046875,-0.0087890625,-0.00634765625,0.01953125,-0.00048828125,-0.016845703125,0.00341796875,-0.01220703125,-0.035400390625,-0.035400390625,-0.010986328125,0.00439453125,0.0009765625,-0.032958984375,-0.010009765625,0.013671875,-0.0009765625,-0.0048828125,-0.0048828125,0.0234375,0.01708984375,-0.022705078125,-0.02783203125,-0.009033203125,-0.025146484375,-0.04541015625,-0.014892578125,-0.014892578125,0.0087890625,0.000732421875,-0.0146484375,-0.020751953125,-0.0029296875,0.00830078125,0.019287109375,-0.01318359375,-0.01318359375,-0.04541015625,-0.022216796875,-0.00146484375,-0.022705078125,-0.003173828125,0.0078125,0.0029296875,-0.017333984375,-0.017333984375,-0.031494140625,-0.037841796875,-0.022705078125,0.00048828125,-0.011962890625,-0.022705078125,-0.019775390625,-0.0146484375,-0.016357421875,-0.016357421875,-0.016357421875,0.0,-0.019287109375,-0.0380859375,-0.007568359375,-0.020263671875,-0.0361328125,-0.000732421875,-0.000732421875,0.030029296875,0.011474609375,-0.056640625,-0.022216796875,0.0302734375,0.020263671875,-0.001220703125,0.001708984375,0.001708984375,0.00390625,-0.0126953125,0.009033203125,-0.01123046875,-0.02685546875,-0.043212890625,-0.026611328125,-0.00048828125,-0.00048828125,-0.02685546875,-0.02783203125,0.00048828125,-0.012451171875,-0.003662109375,-0.015625,-0.024169921875,-0.01708984375,-0.01708984375,-0.022216796875,-0.020751953125,-0.02001953125,-0.014404296875,0.005615234375,-0.007080078125,-0.016357421875,0.01708984375,0.01708984375,0.020751953125,-0.012939453125,-0.028564453125,-0.025146484375,-0.0146484375,-0.016845703125,-0.010986328125,0.0107421875,-0.005615234375,-0.005615234375,-0.016357421875,0.003173828125,-0.03515625,-0.0244140625,-0.00830078125,-0.005859375,-0.022216796875,-0.033935546875,-0.033935546875,-0.01025390625,-0.001220703125,0.009033203125,0.009521484375,-0.022216796875,-0.022216796875,0.00341796875,0.006591796875,0.006591796875,-0.01708984375,-0.032958984375,-0.001708984375,-0.00732421875,0.005615234375,0.025634765625,0.004638671875,-0.038330078125,-0.038330078125,-0.02490234375,0.01416015625,-0.0380859375,-0.046630859375,-0.024169921875,-0.0166015625,-0.008544921875,-0.013671875,-0.013671875,-0.00537109375,0.01123046875,-0.013916015625,0.001220703125,-0.027099609375,-0.06005859375,-0.029052734375,-0.0146484375,-0.0361328125,-0.0361328125,-0.0029296875,0.000732421875,-0.02880859375,-0.018798828125,0.006591796875,0.039306640625,0.01513671875,-0.03857421875,-0.03857421875,-0.0322265625,-0.041748046875,-0.03759765625,0.0048828125,-0.00341796875,-0.01220703125,0.01025390625,0.009521484375,0.009521484375,-0.00048828125,-0.030517578125,-0.0244140625,-0.02490234375,-0.033203125,-0.02099609375,-0.000732421875,-0.01708984375,-0.01708984375,-0.03857421875,0.038818359375,0.0166015625,-0.0087890625,-0.017333984375,-0.020263671875,-0.023681640625,-0.02783203125,-0.02783203125,-0.017822265625,0.0048828125,0.0068359375,0.01708984375,0.016845703125,-0.01416015625,-0.029296875,-0.013671875,-0.013671875,0.001220703125,-0.0302734375,-0.031494140625,-0.03662109375,-0.03662109375,-0.013427734375,0.016845703125,0.008544921875,-0.023681640625,-0.023681640625,0.015380859375,0.009521484375,-0.02294921875,-0.029541015625,-0.013671875,-0.02099609375,-0.028076171875,-0.00146484375,-0.00146484375,-0.00927734375,0.001220703125,0.02197265625,0.01171875,-0.025390625,-0.040771484375,-0.032958984375,-0.032470703125,-0.032470703125,-0.0087890625,0.03076171875,0.0146484375,-0.02783203125,-0.01904296875,0.01220703125,0.000244140625,-0.027099609375,-0.027099609375,-0.015380859375,-0.024169921875,-0.037841796875,-0.021484375,-0.0009765625,-0.007568359375,-0.01611328125,-0.021484375,-0.021484375,-0.0224609375,-0.021484375,0.03173828125,0.0322265625,-0.013671875,-0.009521484375,0.01806640625,-0.024658203125,-0.024658203125,-0.02880859375,0.008056640625,-0.00390625,-0.026123046875,-0.01416015625,0.002685546875,0.00048828125,-0.0166015625,-0.0166015625,0.0009765625,-0.005126953125,-0.02978515625,-0.008056640625,0.001953125,-0.016357421875,-0.016845703125,0.009033203125,-0.00390625,-0.029541015625,-0.03369140625,-0.01318359375,0.026611328125,0.01904296875,-0.0146484375,-0.015625,-0.011962890625,-0.037109375,-0.037109375,0.010498046875,0.03369140625,-0.0048828125,-0.041259765625,-0.019775390625,-0.0234375,-0.05078125,-0.020751953125,-0.020751953125,0.024658203125,0.001708984375,-0.024169921875,-0.0400390625,-0.04248046875,-0.027099609375,-0.015380859375,-0.003173828125,-0.000244140625,-0.003662109375,0.008544921875,0.0068359375,-0.02197265625,-0.017822265625,0.0234375,0.01708984375,-0.02099609375,-0.036376953125,-0.013916015625,-0.004638671875,-0.035400390625,-0.010009765625,0.053955078125,0.052490234375,-0.01220703125,-0.03857421875,-0.02978515625,-0.043701171875,-0.050537109375,-0.01611328125,0.007568359375,-0.005859375,-0.012939453125,0.00390625,0.02099609375,-0.01611328125,-0.0517578125,-0.02197265625,0.001220703125,-0.03466796875,-0.04638671875,0.001953125,0.017333984375,-0.026611328125,-0.022705078125,0.03662109375,0.036376953125,-0.022216796875,-0.03564453125,0.006591796875,0.01806640625,-0.0234375,-0.033203125,-0.005859375,-0.01318359375,-0.057373046875,-0.05029296875,0.012451171875,0.032470703125,-0.0029296875,0.00244140625,0.029541015625,-0.009033203125,-0.05712890625,-0.049560546875,-0.029541015625,-0.0380859375,-0.045166015625,-0.01025390625,0.027587890625,-0.0029296875,-0.02880859375,0.009765625,0.03271484375,-0.01806640625,-0.038818359375,0.01171875,0.020263671875,-0.035888671875,-0.065185546875,-0.013916015625,0.035888671875,-0.009033203125,-0.043701171875,0.00439453125,0.049072265625,0.021484375,-0.027099609375,-0.018798828125,-0.007080078125,-0.029296875,-0.036376953125,-0.03125,-0.043212890625,-0.040283203125,0.0146484375,0.05322265625,-0.001953125,-0.04541015625,0.0,0.025390625,-0.0302734375,-0.064208984375,-0.020263671875,0.020263671875,-0.02197265625,-0.048583984375,-0.001220703125,0.040283203125,0.01904296875,-0.017822265625,-0.011474609375,0.0185546875,-0.009765625,-0.02783203125,-0.015625,-0.032958984375,-0.05224609375,-0.0263671875,0.047607421875,0.02099609375,-0.050537109375,-0.021728515625,0.031005859375,0.004638671875,-0.041259765625,-0.030517578125,-0.01171875,-0.052978515625,-0.074462890625,-0.0126953125,0.044189453125,0.02001953125,-0.02099609375,-0.003662109375,0.00634765625,-0.0185546875,-0.020263671875,0.005615234375,0.01318359375,-0.028564453125,-0.0390625,0.0048828125,0.01220703125,-0.023193359375,-0.023193359375,0.02685546875,0.014892578125,-0.042724609375,-0.016357421875,0.030517578125,0.010986328125,-0.05224609375,0.01904296875,0.01904296875,-0.0087890625,-0.072509765625,-0.03515625,0.041015625,0.025390625,-0.043701171875,-0.01806640625,-0.042236328125,-0.042236328125,-0.075927734375,0.017578125,0.0576171875,-0.02294921875,-0.03955078125,0.03271484375,0.012451171875,-0.050537109375,-0.050537109375,0.043212890625,0.030029296875,-0.0556640625,-0.02099609375,0.066650390625,0.001953125,-0.101806640625,0.056396484375,0.056396484375,-0.010498046875,-0.104248046875,-0.027099609375,0.0615234375,-0.001953125,-0.044677734375,0.028564453125,0.0361328125,-0.076171875,-0.076171875,0.01708984375,0.017578125,-0.067626953125,-0.04443359375,0.04150390625,0.00927734375,-0.038330078125,0.06103515625,0.06103515625,-0.02587890625,-0.10400390625,-0.022216796875,0.070556640625,-0.00146484375,-0.083740234375,-0.019775390625,-0.011962890625,-0.011962890625,-0.082275390625,-0.0302734375,0.03662109375,0.000244140625,-0.034912109375,0.013671875,0.02392578125,-0.0537109375,-0.0537109375,-0.027587890625,-0.016357421875,-0.031494140625,-0.006591796875,0.04736328125,0.021240234375,-0.064208984375,-0.05810546875,0.05029296875,-0.03173828125,-0.03173828125,-0.049560546875,0.031005859375,0.03857421875,-0.046630859375,-0.0546875,-0.006103515625,-0.080322265625,-0.045166015625,-0.045166015625,0.073486328125,0.080322265625,-0.026123046875,-0.052978515625,-0.00244140625,-0.0087890625,-0.068603515625,0.04833984375,0.04833984375,0.014892578125,-0.091064453125,-0.011962890625,0.1171875,0.00537109375,-0.121337890625,0.079345703125,-0.028564453125,-0.028564453125,-0.07421875,0.015380859375,0.029052734375,-0.06591796875,-0.052734375,0.04443359375,-0.04345703125,-0.0146484375,-0.0146484375,0.058837890625,0.025390625,-0.03515625,-0.021728515625,-0.0185546875,-0.06005859375,-0.023681640625,0.022705078125,0.022705078125,-0.0068359375,-0.035400390625,-0.01220703125,0.04052734375,0.03759765625,-0.041259765625,0.00439453125,-0.014892578125,-0.014892578125,-0.06591796875,-0.03662109375,0.03515625,-0.00244140625,-0.049072265625,0.03564453125,-0.009033203125,-0.063232421875,-0.0029296875,-0.0029296875,-0.005615234375,-0.071533203125,-0.031494140625,0.049560546875,0.027587890625,-0.072021484375,0.050537109375,0.04833984375,0.04833984375,-0.035400390625,-0.0302734375,0.027099609375,-0.006103515625,-0.087890625,-0.06640625,-0.034912109375,-0.058837890625,-0.058837890625,0.03271484375,0.08203125,-0.000244140625,-0.0458984375,0.020263671875,0.03564453125,-0.046630859375,-0.06494140625,0.006591796875,-0.00439453125,-0.074951171875,-0.04052734375,0.054931640625,0.059814453125,-0.032470703125,-0.040283203125,0.040283203125,0.02001953125,-0.07373046875,-0.008544921875,-0.01123046875,-0.054931640625,0.00146484375,0.061279296875,0.01123046875,-0.05810546875,-0.02734375,0.028076171875,0.028076171875,-0.004150390625,-0.061279296875,-0.021728515625,0.035400390625,-0.03955078125,-0.078857421875,0.023193359375,0.0810546875,-0.036865234375,-0.08544921875,0.063232421875,0.10205078125,-0.0576171875,-0.1044921875,0.0341796875,0.024169921875,-0.128662109375,-0.037353515625,0.135986328125,-0.13818359375,-0.018310546875,0.11376953125,-0.032958984375,-0.139404296875,0.00244140625,0.063232421875,-0.089111328125,-0.09521484375,0.066162109375,0.057861328125,-0.088134765625,-0.088134765625,-0.071533203125,0.069580078125,0.04296875,-0.06591796875,-0.052734375,0.0205078125,-0.013671875,-0.07568359375,-0.01171875,0.074951171875,0.0380859375,-0.05322265625,-0.011962890625,0.06787109375,-0.0009765625,-0.101318359375,-0.03955078125,0.041748046875,-0.064697265625,-0.003662109375,0.0576171875,-0.0185546875,-0.08203125,0.0224609375,0.074951171875,-0.043212890625,-0.078857421875,0.01220703125,0.004150390625,-0.120361328125,-0.08935546875,-0.08935546875,0.070556640625,0.084228515625,-0.031982421875,-0.042236328125,0.06787109375,0.029296875,-0.08935546875,-0.03515625,0.04736328125,-0.01513671875,-0.10302734375,-0.01806640625,0.068603515625,-0.02685546875,-0.086669921875,0.020751953125,0.1025390625,-0.07861328125,-0.001708984375,0.016845703125,-0.088623046875,-0.106689453125,0.003662109375,0.072509765625,-0.0419921875,-0.079345703125,0.0498046875,0.061279296875,-0.076416015625,-0.0771484375,0.0673828125,0.0673828125,0.026611328125,-0.12744140625,-0.048828125,0.0986328125,-0.005615234375,-0.12548828125,0.01611328125,0.12158203125,-0.00830078125,-0.0654296875,0.0302734375,0.046875,-0.035400390625,-0.061279296875,0.00146484375,-0.037841796875,-0.072509765625,0.01708984375,0.07861328125,-0.01708984375,-0.039306640625,0.0302734375,0.03564453125,-0.0615234375,-0.091064453125,-0.005126953125,0.0068359375,-0.08544921875,-0.073486328125,0.067138671875,0.067138671875,0.074951171875,-0.055419921875,-0.05126953125,0.05322265625,0.03759765625,-0.062255859375,-0.04931640625,0.0234375,-0.026123046875,-0.09716796875,-0.027587890625,0.0537109375,0.021728515625,0.017822265625,0.06298828125,-0.01953125,-0.09521484375,-0.017822265625,0.038330078125,-0.041748046875,-0.10205078125,0.00146484375,0.0546875,-0.07275390625,-0.06787109375,0.07763671875,0.0712890625,-0.04150390625,-0.024658203125,0.054443359375,0.054443359375,-0.03125,-0.11376953125,-0.026123046875,0.032958984375,-0.03271484375,-0.06640625,0.02099609375,0.10302734375,0.024169921875,-0.0703125,0.00634765625,0.066650390625,-0.108642578125,-0.017822265625,-0.014892578125,-0.060546875,0.003662109375,0.046630859375,-0.018798828125,-0.029541015625,0.02099609375,-0.005615234375,-0.046875,-0.037841796875,-0.02197265625,-0.00927734375,-0.020751953125,-0.057373046875,-0.04833984375,0.015869140625,0.052734375,0.052734375,0.006103515625,-0.028076171875,-0.005615234375,0.02294921875,-0.012451171875,-0.068359375,-0.040771484375,0.000732421875,-0.017333984375,-0.001953125,0.0537109375,-0.043701171875,-0.01806640625,0.0263671875,-0.005859375,-0.06591796875,-0.052490234375,-0.0078125,-0.04052734375,-0.073486328125,-0.002685546875,0.06298828125,0.04248046875,-0.003173828125,-0.01220703125,0.0146484375,0.00244140625,-0.037841796875,-0.031982421875,-0.015380859375,-0.015380859375,-0.05712890625,-0.071533203125,0.0341796875,0.06689453125,-0.0244140625,-0.021728515625,0.06103515625,0.040771484375,-0.03955078125,-0.052001953125,-0.054931640625,-0.06591796875,-0.017822265625,0.048828125,0.027587890625,-0.033203125,-0.01025390625,0.03271484375,-0.014892578125,-0.0712890625,-0.03759765625,0.004638671875,-0.05224609375,-0.066650390625,0.029296875,0.046630859375,-0.022216796875,-0.01171875,0.038818359375,0.031005859375,-0.022705078125,-0.044189453125,-0.044189453125,-0.0068359375,-0.0087890625,-0.080078125,-0.058349609375,0.05859375,0.034912109375,-0.045654296875,0.033447265625,0.00048828125,-0.060302734375,-0.026123046875,-0.01806640625,-0.068359375,-0.07861328125,-0.00146484375,0.050048828125,-0.012939453125,-0.013427734375,0.0654296875,0.044189453125,-0.052490234375,-0.05810546875,-0.033203125,-0.0224609375,0.009521484375,-0.009521484375,-0.036376953125,-0.03466796875,-0.05908203125,-0.07080078125,0.001708984375,0.001708984375,0.076904296875,0.05712890625,-0.026123046875,-0.080322265625,-0.069580078125,-0.019287109375,-0.0107421875,0.010498046875,0.002685546875,-0.022216796875,-0.01513671875,-0.01318359375,-0.01513671875,-0.011474609375,-0.022216796875,-0.014892578125,0.011962890625,-0.02490234375,-0.054931640625,-0.0146484375,0.024658203125,0.048828125,0.050048828125,-0.0322265625,-0.09130859375,-0.04443359375,-0.0234375,0.009521484375,0.0341796875,0.0341796875,-0.02490234375,-0.03369140625,0.009765625,0.000244140625,-0.01416015625,0.024658203125,-0.028076171875,0.008056640625,-0.008544921875,-0.071533203125,-0.039306640625,0.026611328125,0.02880859375,0.0244140625,0.014404296875,-0.05517578125,-0.056640625,-0.01025390625,-0.00048828125,0.0048828125,0.04248046875,0.021484375,-0.048095703125,-0.04833984375,-0.048583984375,-0.0322265625,0.0107421875,0.002685546875,0.002685546875,0.00537109375,-0.00537109375,-0.0205078125,0.004150390625,-0.025634765625,-0.02587890625,-0.0224609375,-0.03173828125,0.022705078125,0.000244140625,-0.053466796875,-0.003662109375,-0.00146484375,-0.020751953125,0.029296875,-0.00439453125,-0.087158203125,-0.0654296875,-0.01220703125,0.022216796875,0.046630859375,-0.000732421875,-0.048828125,-0.01513671875,-0.006103515625,-0.05224609375,-0.063232421875,-0.02978515625,0.02392578125,0.072021484375,0.043701171875,-0.048583984375,-0.048583984375,-0.091796875,0.037841796875,0.107421875,0.080810546875,-0.013916015625,-0.07080078125,-0.0673828125,-0.035400390625,-0.012939453125,-0.05078125,-0.078125,-0.0068359375,0.06982421875,0.06591796875,0.026123046875,0.026123046875,-0.004638671875,0.00048828125,-0.05224609375,-0.085693359375,-0.065673828125,-0.04296875,-0.03271484375,-0.02001953125,-0.0029296875,0.0029296875,0.0,-0.007080078125,0.00537109375,0.029052734375,0.024658203125,0.02880859375,0.02880859375,0.00732421875,-0.076416015625,-0.089111328125,-0.029052734375,-0.029296875,-0.04541015625,0.007568359375,0.014892578125,0.022216796875,0.044189453125,-0.05126953125,0.002685546875,0.060546875,-0.0556640625,-0.0556640625,-0.022216796875,-0.112548828125,0.050048828125,-0.091552734375,-0.0634765625,0.000732421875,-0.074462890625,0.0732421875,0.008544921875,-0.06787109375,0.009765625,-0.037109375,0.0048828125,0.0498046875,0.024658203125,0.024658203125,-0.02001953125,-0.066162109375,-0.0498046875,-0.081298828125,-0.02490234375,0.023681640625,-0.0048828125,0.028564453125,-0.037109375,-0.021484375,0.02490234375,0.00634765625,0.03759765625,0.007080078125,-0.016845703125,0.007568359375,-0.069580078125,-0.078857421875,-0.009033203125,0.009765625,-0.003662109375,-0.033203125,-0.0634765625,-0.009765625,0.082275390625,0.031005859375,-0.04736328125,-0.028076171875,0.012939453125,0.053466796875,0.005615234375,-0.066162109375,-0.066162109375,-0.0517578125,-0.0361328125,-0.02001953125,0.00146484375,0.0263671875,0.006103515625,-0.011474609375,0.024658203125,-0.002685546875,-0.0546875,-0.04296875,0.02294921875,0.0546875,-0.00439453125,-0.087158203125,-0.09033203125,0.029541015625,0.064208984375,-0.039794921875,-0.077392578125,0.022216796875,0.1083984375,0.02001953125,-0.120361328125,-0.074462890625,0.056640625,0.06591796875,-0.048095703125,-0.097900390625,0.058837890625,0.115478515625,-0.063720703125,-0.181396484375,-0.056640625,0.132568359375,0.052734375,-0.12646484375,-0.07275390625,0.093505859375,0.108642578125,-0.065185546875,-0.12353515625,0.0146484375,0.0595703125,-0.040771484375,-0.1005859375,-0.053955078125,0.02978515625,0.047119140625,-0.0048828125,-0.078369140625,-0.07763671875,0.008056640625,0.076904296875,-0.08154296875,-0.08154296875,-0.024658203125,0.058837890625,0.004638671875,-0.1201171875,-0.06103515625,0.08056640625,0.0556640625,-0.04345703125,-0.046630859375,0.017822265625,0.018310546875,-0.067626953125,0.01953125,0.01953125,0.02197265625,-0.01220703125,0.04541015625,0.0517578125,-0.0205078125,-0.0537109375,-0.021728515625,-0.03125,-0.044677734375,-0.01806640625,0.0400390625,0.041748046875,-0.03076171875,-0.042724609375,0.01123046875,-0.0732421875,-0.0732421875,-0.022705078125,0.06103515625,0.02294921875,-0.041748046875,-0.009033203125,0.0185546875,-0.03369140625,-0.07861328125,-0.036376953125,0.03857421875,0.0,-0.015869140625,0.0361328125,0.0361328125,-0.01416015625,-0.073974609375,-0.017333984375,0.017822265625,-0.02978515625,-0.044921875,0.013671875,0.044189453125,-0.01953125,-0.04638671875,0.005126953125,-0.0673828125,-0.0673828125,-0.0703125,0.042724609375,0.029052734375,-0.02685546875,-0.00244140625,0.05419921875,0.0302734375,-0.060302734375,-0.04296875,0.033935546875,-0.0576171875,-0.0576171875,-0.013427734375,0.056396484375,0.026123046875,-0.05078125,-0.010498046875,0.033447265625,-0.029296875,-0.073486328125,-0.005859375,0.034912109375,-0.06103515625,0.0234375,0.0234375,0.040771484375,-0.0556640625,-0.075927734375,0.00830078125,0.034423828125,-0.03515625,-0.052978515625,0.02099609375,0.01806640625,-0.06201171875,0.015625,0.013671875,0.013671875,-0.052001953125,-0.031494140625,0.04248046875,0.0302734375,-0.037353515625,-0.02197265625,0.03662109375,-0.01611328125,-0.08349609375,0.0185546875,-0.0078125,-0.0078125,-0.023193359375,0.01953125,0.007568359375,-0.046142578125,-0.0400390625,0.009033203125,0.01708984375,-0.047607421875,-0.058349609375,0.03125,-0.05078125,-0.025390625,0.057373046875,0.057373046875,0.013671875,-0.080078125,-0.037353515625,0.074951171875,0.027587890625,-0.068115234375,-0.026123046875,0.0419921875,0.00439453125,-0.030517578125,0.03466796875,-0.0107421875,-0.0107421875,-0.050048828125,0.010986328125,0.02783203125,-0.046142578125,-0.068603515625,-0.00537109375,0.016357421875,-0.05810546875,0.023681640625,0.012939453125,-0.061279296875,-0.0380859375,-0.0380859375,0.063720703125,0.0302734375,-0.080810546875,-0.050048828125,0.04833984375,0.01318359375,-0.06201171875,-0.028076171875,0.044677734375,-0.05859375,-0.01806640625,0.051025390625,0.001708984375,0.001708984375,-0.0498046875,0.002685546875,0.035888671875,-0.042236328125,-0.07958984375,0.019287109375,0.066162109375,-0.010498046875,-0.064208984375,0.016845703125,-0.041015625,-0.049072265625,0.0419921875,0.0419921875,0.033447265625,-0.066650390625,-0.07373046875,0.010498046875,0.0185546875,-0.052490234375,-0.037841796875,0.030517578125,0.0048828125,0.01025390625,0.052978515625,-0.014404296875,-0.09326171875,-0.09326171875,-0.042724609375,0.040771484375,0.00048828125,-0.057373046875,-0.0029296875,0.0556640625,-0.016357421875,-0.07958984375,-0.003173828125,-0.038818359375,-0.0712890625,0.006591796875,0.0439453125,0.0439453125,-0.019287109375,-0.044921875,0.00634765625,-0.0068359375,-0.04931640625,-0.0205078125,0.041015625,0.02197265625,-0.064453125,0.056884765625,0.004150390625,-0.058837890625,0.0068359375,0.041259765625,0.041259765625,-0.039794921875,-0.068115234375,0.0224609375,0.069091796875,-0.02294921875,-0.076416015625,-0.006103515625,0.031494140625,-0.08544921875,0.015380859375,0.034912109375,-0.074951171875,-0.05712890625,-0.05712890625,0.070068359375,0.057373046875,-0.05419921875,-0.054931640625,0.011474609375,-0.028076171875,-0.0869140625,-0.0283203125,0.00341796875,-0.071533203125,0.010009765625,0.08984375,-0.0087890625,-0.09326171875,-0.09326171875,-0.00439453125,0.0576171875,-0.032958984375,-0.11083984375,0.00732421875,0.1201171875,0.0107421875,0.001953125,0.072509765625,-0.03466796875,-0.103515625,0.00390625,0.00390625,0.064208984375,-0.0283203125,-0.0693359375,0.0146484375,0.024658203125,-0.075439453125,0.0439453125,0.026123046875,-0.049072265625,-0.01513671875,0.058349609375,0.058349609375,-0.001953125,-0.10009765625,-0.05419921875,0.0263671875,-0.010986328125,-0.0517578125,0.06640625,0.005126953125,-0.066162109375,0.005615234375,0.044189453125,-0.063232421875,-0.063232421875,-0.088134765625,0.01513671875,0.0322265625,-0.054931640625,-0.052490234375,0.05029296875,-0.0615234375,-0.072998046875,0.040283203125,0.03564453125,-0.087646484375,-0.05908203125,-0.05908203125,0.059326171875,0.0185546875,-0.07958984375,-0.018798828125,0.0595703125,-0.05615234375,-0.0283203125,0.05517578125,0.012451171875,-0.06787109375,-0.021240234375,-0.021240234375,0.02783203125,-0.02587890625,-0.0498046875,0.0224609375,0.056396484375,-0.02783203125,0.02685546875,0.03076171875,-0.08740234375,-0.07421875,0.05126953125,0.0234375,-0.095703125,-0.095703125,-0.0556640625,0.06201171875,-0.00048828125,-0.111328125,-0.033935546875,0.035888671875,-0.1005859375,-0.054443359375,0.0537109375,-0.01220703125,-0.08837890625,0.0,0.0,0.078125,-0.000244140625,-0.0927734375,-0.022705078125,0.0693359375,-0.080810546875,0.01220703125,0.060546875,-0.03271484375,-0.068603515625,0.029052734375,0.048095703125,0.048095703125,-0.06689453125,-0.08740234375,0.029296875,0.038818359375,-0.046875,-0.034423828125,0.0234375,-0.0947265625,-0.043212890625,0.0654296875,0.00439453125,-0.083251953125,-0.02294921875,0.072265625,0.072265625,-0.00390625,-0.083740234375,0.023681640625,0.0966796875,-0.03173828125,-0.017578125,0.060546875,-0.0322265625,-0.088623046875,0.0205078125,0.065185546875,-0.045654296875,-0.08203125,-0.08203125,0.0390625,0.044677734375,-0.099853515625,-0.0966796875,0.049560546875,-0.081787109375,-0.061279296875,0.070068359375,0.0439453125,-0.084716796875,-0.059814453125,0.053955078125,0.0244140625,0.0244140625,-0.0771484375,-0.03564453125,0.05908203125,0.0048828125,0.0166015625,0.066162109375,-0.02734375,-0.09033203125,0.021484375,0.089599609375,-0.035888671875,-0.106689453125,0.008056640625,0.008056640625,0.045654296875,-0.0703125,-0.0791015625,0.05224609375,-0.059814453125,-0.055908203125,0.026123046875,-0.008056640625,-0.079833984375,-0.01904296875,0.0830078125,-0.005615234375,-0.1123046875,-0.1123046875,-0.034423828125,0.0615234375,-0.00244140625,-0.07666015625,0.076171875,-0.0166015625,-0.084716796875,-0.000244140625,0.05322265625,-0.051513671875,-0.099609375,0.03759765625,0.09228515625,0.09228515625,-0.047119140625,-0.084228515625,0.05419921875,0.064453125,-0.106689453125,0.048583984375,0.0615234375,-0.080810546875,-0.07275390625,0.08447265625,0.04052734375,-0.087646484375,-0.033935546875,-0.033935546875,0.067138671875,0.00439453125,-0.09619140625,0.088623046875,0.0,-0.11474609375,-0.021484375,0.087890625,-0.00732421875,-0.09521484375,0.015625,0.015625,0.08837890625,-0.0390625,0.012939453125,0.0537109375,-0.06201171875,-0.099853515625,0.0244140625,0.071044921875,-0.0390625,-0.06591796875,-0.06591796875,0.057861328125,0.04541015625,-0.103515625,0.045654296875,0.029052734375,-0.089599609375,-0.053466796875,0.087158203125,0.0400390625,-0.0830078125,-0.02001953125,-0.02001953125,0.085205078125,0.001708984375,-0.03662109375,0.0732421875,0.000732421875,-0.077392578125,0.024169921875,0.06591796875,-0.057861328125,-0.098388671875,0.0263671875,0.0263671875,0.06201171875,-0.04736328125,0.0732421875,0.042236328125,-0.09326171875,-0.072998046875,0.031494140625,-0.004150390625,-0.093994140625,-0.03564453125,-0.03564453125,0.085693359375,0.02197265625,-0.029541015625,0.06591796875,-0.01513671875,-0.1064453125,-0.02197265625,0.082763671875,0.005126953125,-0.0966796875,0.008056640625,0.008056640625,0.100341796875,-0.0166015625,-0.0302734375,0.040283203125,-0.037353515625,-0.0478515625,0.067626953125,0.062744140625,-0.060791015625,-0.086669921875,0.01123046875,0.01123046875,0.002197265625,-0.01708984375,0.08642578125,0.02880859375,-0.096923828125,-0.0302734375,0.08203125,-0.023193359375,-0.13916015625,-0.025634765625,0.097900390625,0.097900390625,0.000244140625,0.011474609375,0.112548828125,-0.02392578125,-0.109619140625,0.02099609375,0.073974609375,-0.074462890625,-0.11572265625,0.042724609375,0.073974609375,-0.060791015625,-0.060791015625,-0.056396484375,0.06591796875,-0.1142578125,-0.086181640625,0.087646484375,0.0615234375,-0.108154296875,-0.086669921875,0.06640625,0.023193359375,-0.126953125,-0.063232421875,0.110107421875,0.110107421875,0.058837890625,-0.0341796875,0.084716796875,-0.00830078125,-0.11474609375,-0.0263671875,0.07470703125,-0.011962890625,-0.08349609375,0.035888671875,0.10986328125,-0.022216796875,-0.07080078125,-0.07080078125,0.043701171875,-0.111572265625,-0.102294921875,0.0693359375,0.070556640625,-0.074951171875,-0.033203125,0.095458984375,0.015869140625,-0.138916015625,-0.084716796875,0.07373046875,0.025390625,0.025390625,-0.09716796875,0.089599609375,-0.024169921875,-0.106201171875,-0.0048828125,0.080322265625,-0.03955078125,-0.116455078125,0.04150390625,0.108154296875,-0.06103515625,-0.11083984375,0.029296875,0.029296875,0.044189453125,-0.059814453125,0.085693359375,0.06103515625,-0.068359375,-0.04150390625,0.0634765625,-0.01806640625,-0.132080078125,-0.0234375,0.095703125,-0.00927734375,-0.1123046875,-0.012451171875,-0.012451171875,-0.013427734375,-0.129150390625,-0.004150390625,0.110107421875,-0.03076171875,-0.12744140625,0.02587890625,0.118408203125,-0.023681640625,-0.111083984375,0.0048828125,0.04345703125,-0.07177734375,-0.07177734375,0.07470703125,0.0703125,-0.083740234375,-0.053955078125,0.096435546875,0.017822265625,-0.14892578125,-0.0537109375,0.122802734375,0.022216796875,-0.1494140625,-0.056396484375,0.10595703125,0.10595703125,-0.132568359375,-0.000732421875,0.1064453125,-0.04541015625,-0.14208984375,-0.003173828125,0.080810546875,-0.034423828125,-0.078369140625,0.050048828125,0.080810546875,-0.068115234375,-0.084716796875,0.067626953125,0.063232421875,-0.10400390625,-0.076904296875,0.075927734375,0.05908203125,-0.072998046875,-0.049072265625,0.07568359375,0.024169921875,-0.11328125,-0.052490234375,0.09716796875,0.02294921875,-0.1005859375,-0.023193359375,0.0556640625,-0.059326171875,-0.113525390625,0.018798828125,0.09521484375,-0.0302734375,-0.081787109375,0.05322265625,0.052734375,-0.0859375,-0.0986328125,0.033935546875,0.05517578125,-0.09765625,-0.058349609375,0.099853515625,0.06494140625,-0.06640625,-0.04248046875,0.051025390625,-0.025390625,-0.121826171875,-0.026611328125,0.0703125,0.0048828125,-0.07666015625,-0.012939453125,0.086669921875,-0.021728515625,-0.126220703125,0.013427734375,0.096923828125,-0.042236328125,-0.099365234375,0.021240234375,0.052734375,-0.07861328125,-0.060791015625,0.0615234375,0.0322265625,-0.07275390625,-0.04248046875,0.054443359375,0.01416015625,-0.095703125,-0.019775390625,0.09326171875,-0.089599609375,-0.089599609375,-0.019287109375,0.076416015625,0.005859375,-0.098876953125,-0.028076171875,0.049560546875,-0.018798828125,-0.08349609375,0.0009765625,0.07080078125,-0.027587890625,-0.08154296875,-0.012451171875,0.04150390625,-0.026611328125,-0.0703125,0.011962890625,0.046142578125,-0.053955078125,-0.078857421875,0.0224609375,0.034912109375,-0.05126953125,-0.06103515625,0.016845703125,-0.045654296875,-0.045654296875,-0.0185546875,0.06982421875,0.0458984375,-0.076416015625,-0.04248046875,0.034912109375,-0.02001953125,-0.040771484375,0.022216796875,0.03759765625,-0.029052734375,-0.06396484375,0.043701171875,0.043701171875,-0.0380859375,-0.074462890625,-0.000244140625,0.04345703125,-0.02587890625,-0.049072265625,0.02587890625,0.040283203125,-0.0390625,-0.05517578125,-0.00537109375,0.019775390625,-0.0302734375,-0.0302734375,0.006103515625,-0.00732421875,-0.03076171875,-0.014892578125,-0.008544921875,-0.02099609375,-0.0283203125,0.00439453125,0.022705078125,-0.02880859375,-0.030517578125,0.02783203125,-0.026123046875,-0.026123046875,-0.086669921875,-0.03466796875,0.0166015625,-0.0498046875,-0.055908203125,0.019775390625,0.04736328125,-0.00439453125,-0.0244140625,-0.009033203125,-0.015869140625,-0.0400390625,-0.01220703125,-0.01123046875,-0.01123046875,-0.00927734375,0.013916015625,0.037353515625,-0.004150390625,-0.05419921875,-0.02783203125,-0.00634765625,-0.03125,-0.018310546875,0.0185546875,0.03466796875,-0.039794921875,-0.022216796875,-0.022216796875,-0.007568359375,-0.026123046875,-0.029052734375,0.0009765625,0.019287109375,-0.01025390625,-0.0263671875,-0.028564453125,-0.02001953125,-0.021484375,-0.041259765625,-0.002685546875,-0.003173828125,-0.003173828125,-0.0068359375,0.015625,0.01806640625,0.0029296875,-0.0244140625,-0.033935546875,-0.018798828125,-0.027587890625,-0.02978515625,0.004638671875,0.0,0.005615234375,0.013671875,0.013671875,-0.0224609375,-0.024658203125,-0.02734375,-0.00634765625,0.01220703125,-0.027587890625,-0.0185546875,0.0166015625,-0.00634765625,-0.013427734375,-0.014404296875,-0.025634765625,-0.025634765625,-0.021728515625,-0.020263671875,-0.014892578125,-0.010498046875,-0.01123046875,0.006591796875,0.013671875,-0.010009765625,-0.012939453125,-0.01416015625,-0.019287109375,-0.019287109375,-0.029052734375,-0.0166015625,0.01708984375,0.0205078125,-0.011474609375,-0.023681640625,-0.005615234375,-0.02587890625,-0.060546875,0.00341796875,0.01025390625,0.009521484375,0.009521484375,0.01171875,-0.008056640625,-0.017822265625,-0.036376953125,-0.032958984375,-0.030029296875,-0.041015625,-0.029296875,0.0224609375,-0.00048828125,-0.01171875,-0.01171875,-0.001708984375,-0.010498046875,-0.048828125,-0.047119140625,0.009033203125,0.005859375,-0.034912109375,-0.003662109375,0.047607421875,0.0185546875,-0.006103515625,-0.02197265625,-0.03271484375,-0.078369140625,-0.0244140625,0.02197265625,0.02197265625,-0.00244140625,-0.027099609375,0.010498046875,0.024169921875,-0.01904296875,-0.03466796875,-0.019775390625,-0.001953125,-0.003173828125,0.026611328125,0.005126953125,0.005126953125,-0.03515625,-0.017333984375,-0.04052734375,-0.04296875,-0.004638671875,0.03125,0.0302734375,-0.01220703125,-0.04248046875,-0.03564453125,-0.0517578125,-0.0341796875,0.02880859375,0.02880859375,0.052490234375,0.008056640625,-0.018310546875,-0.01513671875,-0.018310546875,-0.042236328125,-0.05517578125,-0.022705078125,0.00634765625,-0.02978515625,-0.046142578125,-0.0205078125,-0.0205078125,0.009033203125,0.021728515625,0.027099609375,0.01318359375,-0.001953125,-0.023681640625,-0.043701171875,-0.032958984375,0.01025390625,0.044677734375,0.021484375,-0.02197265625,-0.04638671875,-0.04638671875,-0.052001953125,-0.005859375,-0.00146484375,-0.03662109375,0.01123046875,0.02587890625,-0.013671875,0.0,-0.000244140625,-0.00732421875,-0.03076171875,-0.0224609375,-0.03271484375,-0.013916015625,-0.013916015625,-0.0478515625,-0.046630859375,-0.02099609375,0.00244140625,0.025390625,0.0341796875,0.0068359375,-0.046142578125,-0.057861328125,-0.03955078125,-0.019287109375,0.049560546875,0.002685546875,0.002685546875,0.02001953125,-0.03369140625,-0.04736328125,-0.015625,-0.07763671875,0.02880859375,-0.03369140625,0.0556640625,-0.068115234375,0.076904296875,0.006103515625,-0.0595703125,0.056396484375,0.056396484375,-0.08740234375,-0.04345703125,0.038330078125,-0.0693359375,-0.017333984375,0.032958984375,0.005615234375,0.0107421875,-0.011962890625,-0.0302734375,-0.018798828125,-0.0380859375,-0.026123046875,-0.026123046875,0.010009765625,-0.015869140625,-0.005859375,-0.002685546875,-0.0361328125,-0.010498046875,-0.01708984375,-0.01513671875,-0.0078125,-0.010986328125,-0.023193359375,-0.01708984375,-0.01611328125,-0.0126953125,-0.0126953125,-0.01025390625,-0.03466796875,-0.0400390625,-0.01611328125,-0.00732421875,0.017822265625,0.052490234375,0.034912109375,0.011962890625,-0.0322265625,-0.047119140625,-0.041259765625,-0.035400390625,-0.035400390625,-0.02587890625,-0.0263671875,-0.033447265625,-0.025634765625,-0.004150390625,0.0361328125,0.0283203125,-0.005615234375,-0.049560546875,-0.06591796875,-0.022705078125,0.027587890625,0.027587890625,0.01416015625,-0.05712890625,-0.09912109375,-0.05419921875,0.028564453125,-0.07470703125,-0.088623046875,0.03466796875,0.0830078125,-0.0107421875,-0.043701171875,-0.043701171875,-0.00341796875,-0.034912109375,-0.046875,0.002685546875,-0.0380859375,0.031005859375,-0.027099609375,-0.07421875,0.039306640625,0.068603515625,0.00830078125,-0.0048828125,-0.0048828125,-0.021240234375,-0.060791015625,-0.0283203125,0.001708984375,-0.02978515625,0.057373046875,0.021240234375,-0.02734375,-0.02734375,-0.03125,-0.022705078125,0.0009765625,0.0009765625,0.008544921875,0.033935546875,0.02880859375,-0.029541015625,-0.060302734375,0.012451171875,0.015869140625,0.018798828125,-0.013916015625,-0.05224609375,-0.0654296875,-0.024658203125,-0.024658203125,0.00439453125,0.01513671875,0.044921875,0.015869140625,-0.072265625,-0.037353515625,-0.021240234375,0.004638671875,0.010009765625,-0.041259765625,-0.044189453125,-0.01513671875,-0.01513671875,-0.011962890625,-0.01220703125,-0.03125,-0.04638671875,0.076904296875,0.034912109375,-0.04345703125,-0.073486328125,-0.06201171875,-0.026123046875,0.023681640625,0.02587890625,0.02587890625,-0.03466796875,-0.0458984375,-0.0009765625,0.04052734375,0.035400390625,-0.05908203125,-0.028564453125,0.021484375,-0.006103515625,-0.031982421875,0.003662109375,0.040283203125,0.013916015625,0.013916015625,-0.04638671875,-0.055908203125,0.0146484375,0.081787109375,-0.091796875,-0.067138671875,0.057373046875,0.06884765625,-0.0478515625,-0.06591796875,0.033935546875,0.06103515625,-0.0537109375,-0.0537109375,-0.104248046875,0.031005859375,0.083984375,-0.09375,-0.000244140625,0.1181640625,-0.031494140625,-0.117919921875,0.032470703125,0.115234375,-0.037109375,-0.150390625,-0.033447265625,-0.033447265625,0.089599609375,-0.009521484375,-0.14111328125,0.121337890625,-0.003662109375,-0.1279296875,0.01123046875,0.1259765625,-0.015380859375,-0.132080078125,-0.018798828125,0.079833984375,0.00146484375,0.00146484375,-0.095458984375,-0.025146484375,0.06982421875,-0.038330078125,0.004638671875,0.0234375,-0.034423828125,-0.046630859375,-0.008544921875,0.01220703125,-0.016357421875,-0.051025390625,-0.017333984375,0.01708984375,0.01708984375,0.01904296875,0.010986328125,0.0234375,0.00341796875,-0.02490234375,-0.030517578125,-0.035400390625,-0.03466796875,-0.010498046875,-0.02734375,-0.032470703125,0.036865234375,0.072509765625,0.072509765625,-0.0068359375,-0.068603515625,0.052001953125,-0.0419921875,-0.138916015625,-0.047607421875,0.044921875,-0.03125,-0.10546875,-0.004638671875,0.09765625,0.02880859375,-0.08447265625,-0.08447265625,-0.0361328125,0.0634765625,-0.095947265625,-0.063720703125,0.01611328125,-0.013916015625,-0.02880859375,0.020263671875,0.043701171875,0.0048828125,-0.005126953125,0.034423828125,0.034423828125,0.0224609375,-0.053955078125,-0.00537109375,0.011962890625,-0.0634765625,-0.043212890625,0.051025390625,0.053955078125,-0.03173828125,-0.025390625,0.034423828125,-0.0029296875,-0.0029296875,-0.0546875,0.005126953125,-0.039794921875,-0.0556640625,0.01904296875,0.048583984375,-0.022216796875,-0.0478515625,0.03564453125,0.09033203125,-0.0263671875,-0.0263671875,-0.12255859375,0.09033203125,-0.035888671875,-0.172119140625,-0.03125,0.135986328125,0.027099609375,-0.116943359375,-0.020751953125,0.097900390625,-0.015869140625,-0.11376953125,-0.11376953125,-0.00830078125,-0.09228515625,-0.092041015625,0.032958984375,0.04248046875,-0.049560546875,0.007568359375,0.083251953125,-0.03173828125,-0.11083984375,-0.017578125,0.0615234375,-0.01611328125,-0.09521484375,-0.0302734375,0.0400390625,0.0400390625,0.012939453125,0.020751953125,0.065185546875,-0.00390625,-0.05712890625,0.008056640625,0.03076171875,-0.071044921875,-0.0908203125,0.005615234375,0.040283203125,-0.026611328125,-0.026611328125,0.07568359375,0.00927734375,-0.09619140625,-0.0283203125,0.068359375,-0.015625,-0.1220703125,-0.0380859375,0.052734375,-0.013916015625,-0.06103515625,0.02294921875,0.02294921875,-0.0078125,-0.0595703125,0.016845703125,0.031982421875,-0.0703125,-0.09716796875,0.015380859375,0.068359375,-0.05029296875,-0.08740234375,0.047119140625,0.067626953125,-0.075439453125,-0.075439453125,0.061767578125,0.034912109375,-0.122314453125,-0.089111328125,0.05224609375,0.0107421875,-0.102294921875,-0.02978515625,0.085205078125,0.00146484375,-0.099365234375,0.007568359375,0.087158203125,-0.052978515625,-0.1298828125,0.017822265625,0.097412109375,-0.04541015625,-0.103271484375,0.03564453125,0.078125,-0.042236328125,-0.055419921875,0.063232421875,0.06005859375,-0.082275390625,-0.082275390625,0.048583984375,0.037109375,-0.0771484375,-0.066162109375,0.03515625,0.024658203125,-0.055419921875,-0.01416015625,0.05908203125,-0.00244140625,-0.092041015625,-0.0263671875,0.0546875,-0.031982421875,-0.1044921875,-0.00830078125,0.07373046875,-0.009765625,-0.069580078125,0.018310546875,0.061767578125,-0.039306640625,-0.074462890625,0.036376953125,0.060791015625,-0.075439453125,-0.102294921875,0.027099609375,0.05615234375,-0.047119140625,-0.04296875,0.070068359375,0.030517578125,-0.091796875,-0.05078125,0.064453125,0.010009765625,-0.105224609375,-0.05517578125,0.0341796875,-0.00732421875,-0.083984375,-0.019775390625,0.06884765625,0.01025390625,-0.0693359375,-0.012939453125,0.041259765625,-0.017333984375,-0.088623046875,-0.037353515625,0.04736328125,-0.014892578125,-0.047607421875,0.06298828125,0.063720703125,-0.06494140625,-0.067626953125,0.04248046875,0.0615234375,-0.0400390625,-0.078125,0.00341796875,0.0087890625,-0.08056640625,-0.060546875,0.055419921875,0.0517578125,-0.052490234375,-0.040283203125,0.048828125,0.03515625,-0.07080078125,-0.073486328125,0.01416015625,-0.011962890625,-0.0751953125,-0.025146484375,0.058837890625,0.03125,-0.07177734375,-0.043701171875,0.059814453125,0.01123046875,-0.069580078125,-0.017333984375,0.0498046875,-0.013427734375,-0.07666015625,-0.003173828125,0.0576171875,-0.015625,-0.060302734375,0.01904296875,0.035888671875,-0.0361328125,-0.046630859375,0.0029296875,-0.018798828125,-0.07177734375,-0.04052734375,0.017578125,-0.00390625,-0.03759765625,0.014892578125,0.04833984375,-0.029541015625,-0.005615234375,-0.005615234375,0.055908203125,-0.023193359375,-0.069580078125,-0.00146484375,0.037353515625,-0.016357421875,-0.0517578125,0.026123046875,0.059814453125,-0.021484375,-0.046875,0.032470703125,0.0478515625,-0.0751953125,-0.09716796875,0.01123046875,0.043212890625,-0.030029296875,-0.03564453125,0.0556640625,0.029296875,-0.08984375,-0.055419921875,0.066650390625,0.031494140625,-0.10986328125,-0.079345703125,0.050048828125,0.01220703125,-0.081787109375,-0.009765625,0.09375,0.025390625,-0.0791015625,-0.0087890625,0.06787109375,-0.098388671875,-0.098388671875,-0.00830078125,0.036865234375,-0.062744140625,-0.0634765625,0.052734375,0.054443359375,-0.0625,-0.0615234375,0.0537109375,0.021728515625,-0.071044921875,0.04736328125,0.04736328125,0.01806640625,-0.082275390625,-0.033203125,0.0654296875,0.00146484375,-0.087890625,-0.010498046875,0.077392578125,-0.005859375,-0.095458984375,-0.011962890625,-0.042724609375,-0.09521484375,-0.09521484375,0.016845703125,0.08203125,-0.008544921875,-0.03564453125,0.04296875,0.031494140625,-0.078125,-0.073486328125,0.04736328125,0.047607421875,-0.07666015625,0.03857421875,0.00927734375,0.00927734375,-0.083984375,-0.0078125,0.10107421875,0.03271484375,-0.0966796875,-0.073974609375,0.020263671875,-0.0185546875,-0.07080078125,0.003173828125,0.05712890625,-0.05712890625,0.003662109375,0.003662109375,0.028076171875,-0.048828125,-0.058837890625,0.059814453125,0.07861328125,-0.0556640625,-0.1015625,-0.009765625,0.02392578125,-0.048583984375,0.08349609375,0.05126953125,-0.078125,-0.078125,-0.064697265625,0.03955078125,0.000244140625,-0.111572265625,-0.052490234375,0.05810546875,0.021484375,-0.062255859375,-0.036865234375,0.015625,-0.060546875,0.01904296875,0.068115234375,0.068115234375,-0.015380859375,-0.072509765625,-0.016357421875,0.0302734375,-0.015625,-0.059326171875,0.012939453125,0.07470703125,-0.0009765625,-0.05615234375,0.05078125,-0.056640625,-0.107177734375,-0.107177734375,-0.00439453125,0.047119140625,-0.02685546875,-0.04150390625,0.039306640625,0.04248046875,-0.057373046875,-0.0537109375,0.02734375,0.011474609375,-0.06103515625,0.021484375,-0.007080078125,-0.007080078125,-0.066650390625,-0.029052734375,0.039794921875,0.0224609375,-0.034912109375,-0.01318359375,0.0361328125,-0.005126953125,-0.054931640625,-0.025390625,0.004150390625,-0.046142578125,-0.029052734375,0.011962890625,0.011962890625,-0.0166015625,-0.01953125,0.041015625,0.05224609375,-0.00439453125,-0.073486328125,-0.05615234375,-0.0244140625,-0.01806640625,0.0244140625,0.022216796875,0.022216796875,-0.0166015625,-0.02099609375,0.010986328125,-0.018310546875,-0.03662109375,-0.004638671875,0.0048828125,-0.0126953125,-0.01953125,0.013671875,-0.0126953125,-0.015625,-0.015625,0.02978515625,0.035888671875,-0.013671875,-0.03759765625,-0.027587890625,-0.009033203125,-0.04638671875,-0.058837890625,0.04638671875,-0.024169921875,-0.025390625,0.02001953125,0.02001953125,0.0087890625,-0.050048828125,-0.017578125,0.037353515625,-0.01806640625,-0.098388671875,-0.067626953125,0.023193359375,-0.02490234375,-0.003662109375,0.0244140625,0.0244140625,-0.0107421875,-0.0390625,-0.01318359375,0.02978515625,-0.010009765625,-0.064697265625,-0.017578125,0.01904296875,-0.025146484375,-0.01318359375,0.02099609375,-0.0126953125,-0.0126953125,-0.023193359375,0.014404296875,0.0009765625,-0.055419921875,-0.05810546875,-0.012451171875,0.0009765625,0.008544921875,0.001708984375,-0.035400390625,-0.0380859375,0.009521484375,0.009521484375,0.038818359375,0.000244140625,-0.056396484375,-0.04296875,-0.014404296875,-0.031494140625,0.011962890625,0.03076171875,-0.010009765625,-0.037353515625,0.0205078125,0.0205078125,0.0341796875,-0.033447265625,-0.0615234375,-0.009521484375,0.0107421875,-0.0224609375,-0.013671875,0.022216796875,-0.060546875,-0.02001953125,0.05126953125,0.021484375,-0.035888671875,-0.035888671875,-0.03271484375,-0.010009765625,-0.025146484375,-0.03369140625,0.005615234375,0.01953125,-0.02685546875,-0.0400390625,0.03271484375,-0.005859375,-0.03955078125,-0.011962890625,0.00244140625,-0.022216796875,-0.022216796875,-0.024169921875,0.005615234375,0.005859375,-0.04150390625,-0.04248046875,0.011962890625,-0.035888671875,-0.015625,0.00537109375,-0.03271484375,-0.059326171875,-0.004150390625,0.029296875,0.029296875,-0.00830078125,-0.033935546875,-0.006103515625,0.009521484375,-0.03759765625,-0.052978515625,0.038818359375,-0.028076171875,-0.049560546875,0.01611328125,0.031982421875,-0.0244140625,-0.0361328125,-0.0361328125,0.02734375,0.047119140625,-0.0244140625,-0.045166015625,-0.006103515625,-0.0185546875,-0.072021484375,0.07177734375,0.045654296875,-0.058349609375,-0.040771484375,0.031005859375,0.00244140625,-0.078125,-0.035888671875,-0.035888671875,0.067626953125,-0.000732421875,-0.11181640625,-0.060791015625,0.035400390625,-0.06640625,-0.015869140625,0.076416015625,0.044677734375,-0.063232421875,-0.057373046875,0.021484375,0.003173828125,0.003173828125,-0.06103515625,-0.024658203125,0.03466796875,0.003173828125,-0.05859375,0.04052734375,0.03515625,-0.0029296875,-0.026123046875,-0.029296875,-0.05126953125,-0.0498046875,-0.015869140625,-0.015869140625,-0.000732421875,-0.0166015625,-0.017822265625,0.005615234375,0.013916015625,-0.007568359375,0.0,-0.019775390625,-0.025390625,-0.00146484375,-0.00341796875,-0.04443359375,-0.068115234375,-0.068115234375,-0.01806640625,0.034912109375,0.026123046875,0.0146484375,0.017578125,-0.052490234375,-0.078125,-0.00146484375,0.032470703125,-0.013671875,-0.02587890625,-0.02587890625,0.014892578125,0.00830078125,-0.043212890625,-0.02783203125,0.020263671875,-0.06103515625,-0.05224609375,0.016357421875,-0.007568359375,-0.06396484375,-0.0458984375,0.004150390625,0.004150390625,0.00390625,-0.022705078125,0.0126953125,0.04541015625,-0.0458984375,-0.02490234375,0.00146484375,-0.011962890625,-0.027587890625,-0.020263671875,-0.011474609375,-0.031494140625,-0.031494140625,-0.027587890625,0.036865234375,0.056884765625,-0.03662109375,-0.009521484375,-0.025390625,-0.052734375,-0.033935546875,0.0107421875,0.01171875,-0.029052734375,-0.029052734375,-0.0107421875,0.024169921875,-0.0087890625,-0.044677734375,0.0224609375,-0.040771484375,-0.06591796875,-0.01416015625,0.002197265625,-0.04248046875,-0.0517578125,0.02587890625,0.02587890625,0.075927734375,-0.002685546875,-0.042236328125,0.033935546875,-0.030029296875,-0.07470703125,-0.026123046875,-0.006591796875,-0.0546875,-0.05029296875,0.0390625,0.05908203125,0.05908203125,-0.005615234375,-0.02587890625,0.00048828125,-0.064697265625,-0.0458984375,0.00634765625,-0.004638671875,-0.03369140625,-0.010009765625,0.01953125,0.001708984375,-0.020751953125,-0.020751953125,0.010498046875,0.018310546875,-0.028564453125,-0.052001953125,-0.009765625,-0.0185546875,-0.01220703125,0.008544921875,0.00341796875,-0.01513671875,0.006591796875,0.046875,0.00732421875,-0.0556640625,-0.0556640625,-0.044677734375,-0.01123046875,-0.03515625,-0.018798828125,0.045654296875,0.020751953125,-0.0361328125,-0.010986328125,0.02880859375,-0.010498046875,-0.046142578125,-0.00341796875,0.012939453125,0.012939453125,-0.02978515625,-0.070556640625,-0.025390625,0.0205078125,-0.028076171875,0.019287109375,0.041259765625,-0.025634765625,-0.056640625,-0.021728515625,-0.012451171875,-0.052734375,-0.037841796875,-0.037841796875,0.018798828125,0.03076171875,-0.013427734375,0.031494140625,0.031982421875,-0.040771484375,-0.04931640625,-0.0078125,-0.0478515625,-0.084228515625,-0.029296875,0.01513671875,-0.0029296875,-0.0029296875,-0.03125,0.00537109375,0.0029296875,-0.048095703125,-0.021728515625,0.016845703125,-0.024658203125,-0.04345703125,0.00830078125,0.025634765625,-0.037109375,-0.0615234375,0.00537109375,0.048828125,0.048828125,0.0185546875,-0.021484375,-0.01025390625,-0.040283203125,-0.063232421875,-0.009521484375,0.010009765625,-0.049560546875,-0.052001953125,0.009765625,0.025146484375,0.00634765625,0.016357421875,0.016357421875,0.026123046875,-0.06103515625,-0.060791015625,-0.027099609375,-0.025390625,-0.022216796875,0.00732421875,0.03173828125,-0.00390625,-0.050048828125,-0.013427734375,0.0146484375,-0.020263671875,-0.020263671875,-0.033447265625,0.026611328125,-0.020751953125,-0.037109375,-0.005126953125,0.00341796875,-0.032958984375,-0.01220703125,0.04931640625,0.036865234375,-0.046142578125,-0.072265625,-0.0380859375,-0.0380859375,-0.03125,-0.03125,0.032958984375,0.02880859375,-0.025634765625,-0.0166015625,0.0224609375,0.0029296875,-0.0263671875,-0.029296875,-0.006591796875,0.005859375,0.005859375,-0.00927734375,-0.007568359375,-0.059814453125,-0.071044921875,0.005859375,0.052978515625,0.02587890625,-0.00146484375,-0.01025390625,-0.041259765625,-0.061279296875,-0.061279296875,-0.026611328125,0.002197265625,-0.064208984375,-0.032958984375,0.046630859375,0.036865234375,-0.0107421875,-0.009033203125,-0.01025390625,-0.0693359375,-0.107666015625,-0.009521484375,-0.009521484375,0.042236328125,-0.0556640625,-0.04345703125,0.00341796875,-0.015380859375,-0.021240234375,0.02392578125,0.055419921875,0.000732421875,-0.07177734375,-0.05615234375,-0.00732421875,-0.025634765625,-0.046142578125,0.016845703125,0.06396484375,0.011474609375,-0.0419921875,-0.03369140625,-0.0107421875,-0.03076171875,-0.050048828125,-0.0166015625,0.003173828125,-0.005859375,-0.005859375,-0.006591796875,-0.031982421875,-0.0107421875,0.036865234375,0.0087890625,-0.0595703125,-0.052001953125,0.0126953125,0.02099609375,-0.0341796875,-0.0634765625,-0.025146484375,0.01025390625,0.00634765625,0.02587890625,0.04833984375,-0.00390625,-0.08349609375,-0.088134765625,-0.011474609375,0.026611328125,-0.025390625,-0.042724609375,0.017578125,0.03515625,-0.003173828125,-0.020751953125,0.020263671875,0.05517578125,0.01416015625,-0.05712890625,-0.073486328125,-0.013427734375,0.038818359375,-0.0068359375,-0.087890625,-0.07666015625,0.032958984375,0.111328125,0.049072265625,-0.03564453125,-0.0263671875,0.013427734375,0.025390625,-0.022705078125,-0.05126953125,-0.015380859375,-0.03515625,-0.07958984375,-0.055419921875,0.01904296875,0.090087890625,0.083984375,-0.0068359375,-0.051025390625,-0.01611328125,-0.0283203125,-0.04638671875,-0.00830078125,-0.010498046875,-0.02978515625,-0.02392578125,-0.072021484375,-0.083251953125,0.012939453125,0.040283203125,-0.00146484375,-0.010986328125,-0.014892578125,-0.027099609375,-0.034912109375,-0.022705078125,-0.033447265625,-0.02294921875,0.0009765625,0.02294921875,0.0234375,-0.015380859375,-0.01806640625,-0.02978515625,-0.025390625,-0.037841796875,-0.023193359375,-0.0029296875,-0.009521484375,0.0068359375,-0.028076171875,-0.00830078125,0.03759765625,0.024658203125,0.01904296875,-0.011474609375,-0.050048828125,0.020263671875,0.03271484375,-0.037109375,-0.02099609375,-0.04150390625,-0.045654296875,0.061279296875,0.026123046875,-0.07666015625,0.01416015625,0.03369140625,-0.05810546875,0.0048828125,0.018798828125,-0.06640625,-0.0126953125,0.0224609375,-0.054443359375,-0.038818359375,-0.004638671875,-0.01611328125,0.0126953125,-0.000732421875,-0.037353515625,-0.003173828125,0.033447265625,0.011962890625,-0.01953125,-0.0576171875,-0.0576171875,-0.028076171875,-0.02490234375,-0.025146484375,-0.007568359375,-0.009765625,-0.020751953125,-0.03369140625,-0.04052734375,-0.010009765625,0.02880859375,0.016357421875,0.00927734375,0.00927734375,0.014892578125,0.019775390625,0.010498046875,-0.01318359375,-0.01416015625,-0.0048828125,-0.002685546875,-0.00390625,-0.00927734375,-0.02197265625,-0.0400390625,-0.033447265625,-0.033447265625,-0.003173828125,0.017822265625,0.01123046875,-0.012939453125,-0.037841796875,-0.029052734375,0.01123046875,0.045654296875,0.021728515625,-0.012939453125,-0.05712890625,-0.093994140625,-0.093994140625,-0.03271484375,-0.010498046875,-0.04296875,-0.004638671875,0.014404296875,-0.05126953125,0.002197265625,0.07275390625,-0.031982421875,0.001708984375,-0.068603515625,-0.068603515625,0.0390625,-0.047119140625,-0.029052734375,0.040771484375,-0.06201171875,-0.0048828125,-0.054443359375,-0.00537109375,0.016845703125,-0.0224609375,-0.003662109375,-0.0400390625,-0.00439453125,-0.025390625,0.013671875,0.013671875,0.005615234375,-0.000244140625,-0.02001953125,-0.058349609375,-0.017822265625,-0.049560546875,-0.008544921875,0.011962890625,-0.00439453125,0.00830078125,0.007568359375,0.007568359375,-0.030029296875,-0.05029296875,0.025634765625,-0.03466796875,0.002685546875,0.028564453125,-0.026123046875,0.025146484375,0.028076171875,-0.0478515625,-0.0419921875,-0.03759765625,-0.03759765625,-0.00390625,0.01904296875,0.006591796875,0.012939453125,0.013427734375,-0.0283203125,-0.01708984375,-0.012451171875,-0.031494140625,0.002685546875,-0.03125,-0.01806640625,-0.01806640625,0.0,0.007080078125,-0.038818359375,-0.026123046875,-0.034423828125,-0.0322265625,-0.02734375,-0.07861328125,-0.021240234375,0.034423828125,0.02734375,0.0,-0.016845703125,-0.016845703125,-0.03466796875,-0.03173828125,-0.070556640625,-0.03564453125,0.056396484375,0.054443359375,-0.0087890625,-0.056396484375,-0.060791015625,-0.044189453125,-0.02880859375,0.007080078125,0.062744140625,0.062744140625,0.03564453125,-0.040283203125,-0.0400390625,-0.011474609375,-0.006103515625,-0.025146484375,-0.012451171875,-0.0087890625,-0.021484375,-0.027587890625,-0.0146484375,0.01416015625,0.0361328125,0.0361328125,0.0380859375,0.010498046875,-0.01708984375,-0.01611328125,-0.025390625,-0.041748046875,-0.00244140625,0.04052734375,0.053466796875,-0.026123046875,-0.015869140625,-0.0263671875,-0.06591796875,-0.06591796875,-0.041015625,-0.00244140625,0.025390625,0.0341796875,0.02001953125,0.024658203125,-0.033447265625,-0.067138671875,-0.047607421875,-0.030029296875,-0.009521484375,0.01708984375,0.002685546875,0.002685546875,-0.059326171875,-0.0751953125,-0.037109375,-0.00927734375,-0.01318359375,0.01171875,-0.000244140625,-0.008056640625,0.002685546875,-0.043212890625,-0.000732421875,-0.011474609375,0.005126953125,0.005126953125,0.00048828125,-0.02490234375,-0.0146484375,0.00244140625,-0.01904296875,-0.03173828125,0.00634765625,0.026611328125,-0.017822265625,-0.03515625,-0.001708984375,-0.00732421875,-0.0302734375,-0.0302734375,0.002197265625,0.02587890625,0.045654296875,0.036376953125,-0.01123046875,-0.025390625,-0.031982421875,-0.06396484375,-0.04833984375,-0.009521484375,-0.00390625,0.0244140625,0.06103515625,0.01708984375,-0.0224609375,-0.019775390625,-0.051513671875,-0.050048828125,-0.01123046875,-0.030029296875,-0.019775390625,0.00390625,-0.01025390625,-0.0048828125,-0.020263671875,-0.046630859375,-0.00146484375,-0.03173828125,-0.066650390625,-0.066650390625,-0.020263671875,0.012939453125,-0.01123046875,-0.016357421875,-0.004150390625,0.008544921875,0.0166015625,-0.036865234375,-0.061279296875,0.012451171875,0.0126953125,-0.057861328125,-0.010009765625,0.0712890625,0.0185546875,-0.02392578125,-0.003173828125,-0.03466796875,-0.04248046875,-0.007568359375,0.052001953125,0.015869140625,-0.034912109375,0.01171875,0.034423828125,-0.05517578125,-0.095458984375,0.004150390625,0.020751953125,-0.04150390625,-0.046630859375,0.01611328125,0.049072265625,0.007568359375,-0.04345703125,0.005126953125,0.018798828125,-0.064697265625,-0.064697265625,-0.062744140625,0.005126953125,-0.004638671875,-0.046875,-0.009033203125,0.052734375,0.017333984375,-0.0341796875,-0.0048828125,0.017822265625,-0.039794921875,-0.113525390625,-0.04150390625,0.050537109375,-0.01025390625,0.029541015625,0.049072265625,-0.03857421875,-0.034912109375,0.03466796875,-0.01318359375,-0.077392578125,-0.044677734375,0.02392578125,0.005615234375,-0.0576171875,-0.016357421875,0.077880859375,0.02294921875,-0.07568359375,-0.07568359375,-0.019287109375,0.075927734375,0.009033203125,-0.10009765625,-0.052978515625,0.045654296875,0.009521484375,-0.048583984375,-0.025146484375,0.024169921875,-0.005615234375,-0.0654296875,-0.01025390625,0.028076171875,-0.032470703125,0.00537109375,-0.006103515625,-0.092529296875,-0.0732421875,0.052001953125,0.0322265625,-0.07763671875,-0.051025390625,0.09814453125,0.09228515625,-0.084228515625,-0.096923828125,0.07568359375,0.0458984375,-0.153564453125,-0.153564453125,-0.1083984375,0.093017578125,0.068359375,-0.057861328125,-0.02783203125,0.081298828125,0.029052734375,-0.09033203125,-0.064453125,0.03759765625,-0.021240234375,-0.114990234375,0.11572265625,-0.016357421875,-0.10693359375,0.0087890625,0.087890625,-0.057861328125,-0.144287109375,-0.081298828125,0.067138671875,0.067138671875,0.015625,0.0458984375,0.103271484375,-0.052978515625,-0.123046875,0.03076171875,0.077880859375,-0.064697265625,-0.091064453125,0.047607421875,0.052001953125,-0.079833984375,-0.080322265625,0.0458984375,0.033447265625,-0.10107421875,-0.10107421875,-0.0595703125,0.083251953125,0.03369140625,-0.10009765625,-0.01171875,0.108642578125,-0.03857421875,-0.1845703125,-0.044677734375,0.106689453125,-0.00341796875,0.03125,0.121826171875,-0.033935546875,-0.14599609375,0.0185546875,0.10791015625,-0.06005859375,-0.137939453125,0.048095703125,0.137939453125,-0.02978515625,-0.091796875,0.085693359375,0.0791015625,-0.130615234375,-0.12060546875,0.07568359375,0.074951171875,0.074951171875,-0.113037109375,-0.089111328125,0.113037109375,0.066162109375,-0.12646484375,-0.05615234375,0.1064453125,0.010986328125,-0.17138671875,-0.050048828125,0.048583984375,-0.161376953125,-0.06201171875,0.09521484375,-0.02978515625,-0.17822265625,0.007568359375,0.17333984375,-0.0146484375,-0.1630859375,0.018798828125,0.131103515625,-0.071044921875,-0.071044921875,-0.17626953125,0.033447265625,0.13671875,-0.064453125,-0.130859375,0.15771484375,-0.087890625,-0.190185546875,0.037109375,0.09228515625,-0.11962890625,-0.11083984375,0.09716796875,0.095703125,-0.107421875,-0.07666015625,0.122802734375,0.0712890625,0.0712890625,-0.1298828125,-0.06689453125,0.106201171875,0.02978515625,-0.115966796875,0.13037109375,-0.011962890625,-0.176025390625,-0.024169921875,0.129150390625,-0.01708984375,-0.124267578125,0.01806640625,0.1298828125,-0.005615234375,-0.12548828125,0.012451171875,0.098388671875,-0.06396484375,-0.16064453125,-0.00048828125,0.095703125,-0.05419921875,-0.05419921875,-0.105224609375,0.04296875,0.049560546875,-0.120361328125,0.10791015625,0.0556640625,-0.1279296875,-0.092529296875,0.07666015625,0.038818359375,-0.11376953125,-0.031982421875,0.1376953125,0.0517578125,-0.12939453125,-0.055419921875,0.0859375,-0.005859375,-0.005859375,-0.129638671875,-0.021728515625,0.100341796875,0.00146484375,0.01904296875,0.1083984375,-0.023681640625,-0.098388671875,0.0185546875,0.0751953125,-0.071533203125,-0.138427734375,0.000732421875,0.07666015625,-0.058837890625,-0.08935546875,0.0703125,0.086181640625,-0.0966796875,-0.079345703125,-0.079345703125,0.08935546875,0.0380859375,-0.119384765625,-0.065185546875,0.08642578125,-0.1162109375,-0.057861328125,0.098388671875,0.015380859375,-0.134033203125,-0.04345703125,0.10546875,0.01806640625,-0.12109375,-0.01416015625,0.10791015625,-0.022705078125,-0.13427734375,-0.015869140625,0.08251953125,-0.034423828125,-0.084716796875,0.061767578125,0.10888671875,-0.0693359375,-0.117919921875,0.01953125,0.0322265625,-0.090576171875,-0.090576171875,-0.06640625,0.099609375,0.099609375,-0.065673828125,-0.072509765625,0.02197265625,-0.11083984375,-0.065185546875,0.069580078125,0.03564453125,-0.07666015625,-0.029296875,0.05517578125,-0.01611328125,-0.085205078125,-0.011474609375,0.065185546875,-0.0205078125,-0.08251953125,0.008544921875,0.049072265625,-0.07421875,-0.10498046875,0.025634765625,0.063720703125,-0.056396484375,-0.064453125,0.057861328125,0.0556640625,-0.080322265625,-0.06005859375,-0.06005859375,0.07177734375,0.034423828125,-0.111328125,0.076171875,0.04541015625,-0.07861328125,-0.033935546875,0.08984375,0.03759765625,-0.100830078125,-0.05126953125,0.0634765625,-0.014404296875,-0.101318359375,-0.00732421875,0.0791015625,-0.02099609375,-0.091552734375,0.028076171875,0.078857421875,-0.06640625,-0.105712890625,0.02001953125,0.065185546875,-0.0556640625,-0.07177734375,0.041259765625,0.051025390625,-0.062744140625,-0.06884765625,-0.06884765625,0.05859375,0.05126953125,-0.039306640625,0.080322265625,0.016357421875,-0.10888671875,-0.0458984375,0.06494140625,-0.01416015625,-0.103515625,0.000732421875,0.09423828125,-0.01513671875,-0.115478515625,-0.010498046875,0.097900390625,-0.033447265625,-0.13330078125,-0.006591796875,0.070068359375,-0.048828125,-0.08740234375,0.06005859375,0.114990234375,-0.036376953125,-0.093994140625,0.037353515625,0.072509765625,-0.077392578125,-0.0859375,0.044677734375,0.044677734375,-0.07470703125,-0.03759765625,0.091796875,0.039306640625,-0.093017578125,-0.0556640625,0.06689453125,0.017822265625,-0.0859375,-0.0205078125,0.07861328125,-0.027099609375,-0.12255859375,-0.002685546875,0.081787109375,-0.03515625,-0.112060546875,-0.012939453125,0.07080078125,-0.006103515625,-0.0615234375,0.020263671875,0.0537109375,-0.070068359375,-0.09228515625,0.0322265625,0.052734375,-0.0625,-0.055419921875,0.04345703125,0.03076171875,-0.055419921875,-0.03466796875,0.060791015625,0.009765625,-0.101806640625,-0.053955078125,0.064208984375,0.04541015625,-0.055908203125,-0.0185546875,0.052978515625,-0.0205078125,-0.078857421875,-0.01611328125,0.037841796875,-0.040283203125,-0.080322265625,0.009033203125,0.068603515625,-0.01513671875,-0.043212890625,0.02880859375,0.0263671875,-0.07763671875,-0.068359375,0.037841796875,0.033447265625,-0.065673828125,-0.038818359375,0.060302734375,0.028076171875,-0.073974609375,-0.041259765625,0.05126953125,0.00439453125,-0.08935546875,-0.035400390625,0.010986328125,0.010986328125,-0.09375,-0.042236328125,0.0439453125,-0.010498046875,-0.0712890625,0.0029296875,0.072509765625,-0.02783203125,-0.0830078125,0.00244140625,0.05078125,-0.05078125,-0.085205078125,0.009765625,0.039794921875,-0.064208984375,-0.07275390625,0.0556640625,0.0849609375,-0.036376953125,-0.076171875,0.0439453125,0.056640625,-0.07421875,-0.076904296875,0.039306640625,0.0419921875,-0.0546875,0.0546875,0.04296875,0.04296875,-0.0576171875,-0.052001953125,0.024169921875,0.006591796875,-0.066650390625,-0.027099609375,0.06005859375,0.011962890625,-0.0830078125,-0.035400390625,0.025634765625,-0.0419921875,-0.08203125,0.00244140625,0.071533203125,-0.03515625,-0.101806640625,0.021240234375,0.080078125,-0.05908203125,-0.0830078125,0.06103515625,0.0673828125,-0.066650390625,-0.059326171875,0.0556640625,0.02978515625,-0.071533203125,0.03173828125,-0.017822265625,-0.09130859375,-0.09130859375,-0.035888671875,0.0478515625,0.021728515625,-0.02880859375,0.0263671875,0.05859375,-0.02685546875,-0.074462890625,-0.0263671875,0.018798828125,-0.0732421875,-0.098388671875,0.02880859375,0.078125,-0.021728515625,-0.0478515625,0.0361328125,0.047607421875,-0.0673828125,-0.070556640625,0.052490234375,0.0400390625,-0.068115234375,-0.038330078125,0.048095703125,-0.0615234375,-0.031982421875,0.031005859375,-0.01708984375,-0.084716796875,-0.084716796875,-0.02880859375,0.052490234375,-0.00146484375,-0.072021484375,-0.00634765625,0.054443359375,-0.024169921875,-0.074462890625,-0.00927734375,0.05419921875,-0.0263671875,-0.0751953125,0.019775390625,0.047607421875,-0.060302734375,-0.08251953125,0.010498046875,0.039794921875,-0.036376953125,-0.024658203125,0.0712890625,0.057373046875,-0.051513671875,-0.04248046875,0.04736328125,-0.101318359375,-0.049560546875,0.05419921875,0.0224609375,-0.0634765625,-0.0634765625,-0.02001953125,0.0634765625,0.0,-0.082763671875,-0.035888671875,0.049560546875,-0.001220703125,-0.088623046875,-0.03076171875,0.05615234375,-0.01806640625,-0.073486328125,0.018798828125,0.06640625,-0.044921875,-0.0859375,0.00341796875,0.046630859375,-0.025390625,-0.0625,-0.0009765625,0.029052734375,-0.037109375,0.05712890625,0.036376953125,-0.051513671875,-0.05126953125,-0.024658203125,0.01904296875,0.00732421875,-0.04833984375,0.011474609375,-0.01513671875,-0.052978515625,-0.00537109375,0.045166015625,0.0078125,-0.045654296875,-0.017333984375,-0.017333984375,0.024658203125,-0.016845703125,-0.038818359375,0.00244140625,-0.002197265625,-0.069580078125,-0.0439453125,0.05517578125,0.049072265625,-0.051025390625,-0.0400390625,0.0556640625,0.029541015625,-0.063232421875,-0.055908203125,0.024169921875,0.011962890625,-0.070068359375,-0.0498046875,0.052001953125,0.038818359375,-0.048583984375,-0.0380859375,-0.010009765625,-0.075927734375,-0.04931640625,0.024169921875,-0.00830078125,-0.063232421875,-0.012939453125,0.033447265625,0.033447265625,-0.00830078125,-0.027099609375,0.02197265625,0.0419921875,-0.048583984375,-0.065673828125,0.010009765625,0.011474609375,-0.05126953125,-0.0390625,0.045654296875,0.035400390625,-0.049560546875,-0.053466796875,0.037109375,0.040283203125,-0.04833984375,-0.03759765625,0.045654296875,0.007080078125,-0.080810546875,0.0234375,0.002685546875,-0.07373046875,-0.022705078125,0.08056640625,0.039306640625,-0.04931640625,-0.029052734375,0.02294921875,0.02294921875,-0.038330078125,-0.08935546875,-0.032958984375,0.04052734375,0.018310546875,-0.010986328125,0.03955078125,0.03759765625,-0.048828125,-0.06884765625,-0.006103515625,0.023681640625,-0.02783203125,-0.053466796875,0.01708984375,0.032958984375,-0.036865234375,-0.04931640625,0.003173828125,-0.010498046875,-0.037353515625,0.048095703125,0.025634765625,-0.0390625,-0.021484375,0.004638671875,-0.0419921875,-0.0595703125,-0.0107421875,0.030517578125,-0.002197265625,-0.01708984375,-0.01708984375,0.02294921875,0.029541015625,-0.04736328125,-0.0537109375,0.021240234375,0.01220703125,-0.0537109375,-0.02783203125,0.0537109375,0.03076171875,-0.053955078125,-0.053466796875,0.0361328125,0.019287109375,-0.07861328125,-0.068603515625,0.021728515625,-0.04052734375,-0.0400390625,0.02001953125,0.002685546875,-0.040771484375,-0.0166015625,0.0234375,-0.035888671875,-0.05712890625,0.015869140625,0.043212890625,-0.0224609375,-0.056640625,-0.056640625,0.00146484375,0.027587890625,-0.031982421875,-0.046875,0.015625,0.039794921875,-0.031005859375,-0.024169921875,0.05322265625,0.01416015625,-0.086181640625,-0.079833984375,0.029052734375,0.031982421875,-0.0498046875,-0.02978515625,0.056884765625,-0.079833984375,-0.046142578125,0.0478515625,0.008544921875,-0.08837890625,-0.0400390625,0.064208984375,0.010498046875,-0.056396484375,0.002685546875,0.050537109375,-0.00830078125,-0.05810546875,-0.021728515625,-0.021728515625,0.035888671875,-0.056640625,0.005615234375,0.005615234375,0.029541015625,-0.020751953125,-0.034423828125,0.0361328125,0.029296875,-0.0712890625,-0.0732421875,0.01708984375,0.025634765625,-0.040771484375,-0.04052734375,0.051513671875,0.026611328125,-0.081298828125,0.023193359375,0.0,-0.046875,-0.030517578125,0.041015625,0.0166015625,-0.038818359375,-0.031005859375,-0.00732421875,-0.023681640625,-0.0400390625,0.014892578125,0.04931640625,-0.006591796875,-0.039794921875,0.008544921875,0.0244140625,-0.046630859375,-0.045654296875,0.0322265625,0.025146484375,0.025146484375,-0.036376953125,-0.041015625,0.01513671875,-0.01123046875,-0.064208984375,-0.021728515625,0.048828125,0.003662109375,-0.0634765625,-0.02880859375,0.033935546875,-0.02587890625,-0.07373046875,0.041259765625,0.017333984375,-0.022705078125,-0.005126953125,0.014892578125,-0.043212890625,-0.03515625,0.0078125,-0.011962890625,-0.055908203125,-0.04443359375,0.016845703125,0.001220703125,-0.04638671875,-0.028564453125,0.0361328125,0.017333984375,-0.04541015625,-0.04541015625,-0.01708984375,0.07373046875,0.037109375,-0.083740234375,-0.09423828125,0.024658203125,0.050048828125,-0.020751953125,-0.0654296875,-0.017822265625,0.08740234375,0.0029296875,-0.037841796875,0.083740234375,0.101806640625,-0.06494140625,-0.138916015625,-0.030029296875,0.108154296875,0.073486328125,-0.140625,-0.122314453125,0.044677734375,0.107177734375,0.016357421875,-0.15673828125,-0.08544921875,0.072265625,0.06298828125,-0.0205078125,-0.111572265625,-0.111572265625,-0.00390625,0.121337890625,-0.020751953125,-0.111572265625,-0.064208984375,-0.00048828125,0.078125,-0.04296875,-0.1376953125,0.030517578125,0.082275390625,0.042724609375,-0.1240234375,-0.003662109375,0.05078125,0.035888671875,-0.02734375,-0.018310546875,0.027587890625,-0.0087890625,-0.05810546875,-0.083740234375,-0.006591796875,0.080078125,0.01171875,-0.04248046875,-0.062255859375,0.018310546875,0.0537109375,-0.037109375,-0.05224609375,-0.01708984375,-0.01708984375,0.068115234375,0.005126953125,-0.016357421875,-0.049072265625,-0.02587890625,0.0205078125,-0.113525390625,-0.026611328125,0.01953125,0.0908203125,-0.107666015625,-0.03076171875,0.04931640625,-0.0849609375,0.028564453125,-0.04638671875,-0.056396484375,0.088623046875,-0.022216796875,-0.02978515625,-0.0078125,-0.03564453125,0.017822265625,-0.05322265625,-0.067626953125,0.0244140625,0.027587890625,-0.009765625,-0.008056640625,0.01513671875,0.01513671875,0.014404296875,-0.0390625,-0.041748046875,0.022216796875,0.0341796875,-0.017578125,-0.072509765625,-0.040771484375,0.04541015625,-0.006591796875,-0.05517578125,-0.029541015625,0.01513671875,-0.029296875,-0.088623046875,-0.0166015625,0.122802734375,0.064208984375,-0.14501953125,-0.133056640625,0.096435546875,0.146240234375,-0.093994140625,-0.244140625,-0.013671875,-0.013671875,0.211181640625,-0.019775390625,0.009033203125,0.21435546875,-0.008544921875,-0.232421875,-0.042236328125,0.1748046875,0.049560546875,-0.123046875,-0.065673828125,0.11474609375,0.07177734375,0.07177734375,-0.10546875,-0.066162109375,0.0458984375,-0.0517578125,-0.06396484375,-0.04345703125,-0.007080078125,0.10107421875,0.049072265625,-0.146484375,-0.082763671875,0.1064453125,0.04736328125,0.04736328125,-0.10302734375,-0.0068359375,-0.01123046875,-0.044189453125,0.015380859375,-0.026611328125,-0.043212890625,0.04443359375,0.011962890625,-0.109619140625,-0.029052734375,0.058349609375,-0.047119140625,-0.047119140625,-0.066162109375,0.01171875,-0.05322265625,-0.001220703125,-0.010009765625,-0.04833984375,0.024658203125,0.01416015625,-0.07373046875,-0.008056640625,0.001953125,-0.107177734375,-0.033935546875,-0.033935546875,0.127685546875,0.008544921875,-0.012939453125,0.110595703125,-0.035400390625,-0.080078125,0.012451171875,0.0009765625,-0.03271484375,0.006103515625,-0.01171875,-0.044677734375,0.049560546875,0.049560546875,0.039306640625,-0.021240234375,0.090576171875,0.01318359375,-0.049072265625,0.04736328125,0.038818359375,-0.06884765625,-0.002685546875,0.044189453125,-0.037841796875,-0.019775390625,0.0283203125,0.0283203125,-0.0283203125,0.046630859375,-0.013916015625,-0.083740234375,0.049560546875,0.071044921875,-0.092529296875,-0.057373046875,0.0830078125,0.0224609375,-0.09765625,-0.040283203125,0.019287109375,0.019287109375,-0.01611328125,-0.03173828125,-0.08837890625,0.031982421875,0.08251953125,-0.072509765625,-0.123779296875,0.0283203125,0.03759765625,-0.079833984375,-0.024658203125,0.022216796875,0.022216796875,-0.024658203125,0.01416015625,-0.05419921875,-0.0537109375,0.08056640625,0.046875,-0.09814453125,-0.0302734375,0.040283203125,-0.02099609375,-0.007568359375,0.026123046875,-0.055419921875,-0.087158203125,0.05615234375,0.059814453125,-0.08251953125,-0.029052734375,0.05078125,-0.02978515625,-0.05322265625,0.025390625,0.015625,-0.031494140625,-0.031494140625,0.00634765625,-0.08837890625,0.0087890625,0.066162109375,-0.039306640625,-0.04736328125,0.039794921875,0.010986328125,-0.05078125,0.018310546875,-0.010986328125,-0.084716796875,-0.084716796875,0.077880859375,-0.077880859375,-0.095703125,0.062744140625,0.041748046875,-0.081787109375,-0.011474609375,0.03662109375,-0.039794921875,-0.001953125,0.02587890625,-0.048583984375,-0.023681640625,0.0654296875,-0.010986328125,-0.09619140625,0.023681640625,0.015625,-0.1015625,-0.004150390625,0.071044921875,-0.06298828125,-0.1162109375,0.02587890625,0.03515625,-0.07763671875,-0.012451171875,0.04443359375,-0.0546875,-0.0595703125,0.013427734375,0.00146484375,-0.022705078125,0.013427734375,-0.022705078125,-0.0634765625,0.03857421875,0.005615234375,-0.10302734375,0.008056640625,0.100341796875,-0.0439453125,-0.114501953125,0.038330078125,0.056396484375,-0.052001953125,-0.0087890625,0.00927734375,-0.06103515625,-0.002685546875,0.06005859375,-0.016845703125,-0.049560546875,0.05859375,0.0361328125,-0.071044921875,0.001953125,0.02197265625,-0.0537109375,0.010986328125,0.089111328125,-0.037109375,-0.121337890625,0.04248046875,0.079345703125,-0.072998046875,-0.0576171875,0.02783203125,-0.008544921875,-0.0185546875,0.0068359375,-0.050048828125,-0.051025390625,0.073974609375,0.02099609375,-0.11865234375,-0.02099609375,0.047119140625,-0.048828125,-0.04150390625,0.063720703125,-0.016357421875,-0.123779296875,0.010986328125,0.065673828125,-0.05810546875,-0.047607421875,0.0244140625,-0.03125,-0.0517578125,0.015380859375,-0.015625,-0.056640625,0.042724609375,0.018798828125,-0.094970703125,-0.00732421875,0.056640625,-0.042724609375,-0.04150390625,0.071044921875,0.002197265625,-0.107421875,0.014404296875,0.07177734375,-0.04150390625,-0.040771484375,-0.016357421875,-0.016357421875,-0.02978515625,0.032958984375,-0.0185546875,-0.06787109375,0.0439453125,0.04443359375,-0.083740234375,-0.029296875,0.080322265625,-0.00634765625,-0.098876953125,0.011474609375,0.053466796875,-0.069091796875,-0.051513671875,0.0263671875,-0.01611328125,-0.03515625,0.01171875,-0.0068359375,-0.0517578125,-0.025634765625,-0.04052734375,-0.041015625,0.07080078125,-0.10498046875,-0.10498046875,-0.06396484375,0.078369140625,0.02978515625,-0.0771484375,-0.0185546875,0.01708984375,-0.02685546875,0.014892578125,0.002197265625,-0.0634765625,-0.000244140625,0.056884765625,-0.095458984375,0.04052734375,0.04052734375,0.024658203125,-0.07958984375,0.00830078125,0.049560546875,-0.07421875,-0.069580078125,0.07373046875,0.040771484375,-0.088134765625,-0.019287109375,-0.038330078125,-0.01708984375,-0.01708984375,0.009033203125,-0.05419921875,-0.026123046875,0.05419921875,-0.020751953125,-0.092529296875,0.025634765625,0.010009765625,-0.11181640625,-0.003173828125,-0.04931640625,-0.04931640625,-0.13720703125,0.0419921875,0.094970703125,-0.06494140625,-0.0576171875,0.043701171875,0.010009765625,-0.009765625,0.010009765625,-0.009765625,-0.001220703125,-0.007568359375,-0.087646484375,-0.087646484375,0.0166015625,0.017578125,-0.07470703125,0.012939453125,0.07568359375,-0.064697265625,-0.119384765625,0.046630859375,0.06298828125,-0.062744140625,0.027099609375,-0.04833984375,-0.04833984375,-0.017578125,0.02587890625,-0.0439453125,-0.0458984375,0.066162109375,0.010498046875,-0.09521484375,0.01513671875,0.032958984375,-0.02294921875,0.054931640625,-0.05810546875,-0.05810546875,-0.124755859375,0.03076171875,0.05419921875,-0.073974609375,-0.044921875,0.019287109375,-0.02685546875,-0.01416015625,0.03466796875,-0.0498046875,0.0732421875,0.0732421875,0.035888671875,-0.103759765625,-0.015625,0.043701171875,-0.053955078125,-0.0302734375,0.08251953125,-0.0048828125,-0.111328125,0.06005859375,-0.0703125,-0.04248046875,-0.04248046875,0.044921875,-0.017822265625,-0.045654296875,0.02392578125,-0.014404296875,-0.0576171875,0.051513671875,0.035400390625,-0.09326171875,-0.022705078125,-0.029541015625,-0.03759765625,0.065185546875,0.065185546875,-0.00732421875,-0.118408203125,0.015625,0.070556640625,-0.05908203125,-0.054443359375,0.025634765625,-0.03076171875,-0.05908203125,0.027587890625,-0.076904296875,0.041748046875,0.037841796875,0.037841796875,-0.088134765625,-0.023681640625,0.057861328125,-0.036865234375,-0.0732421875,0.067138671875,0.0419921875,-0.11865234375,-0.029052734375,-0.00927734375,-0.0751953125,0.009033203125,0.026611328125,0.026611328125,-0.0302734375,0.006591796875,-0.001953125,-0.056640625,0.0185546875,0.0302734375,-0.05712890625,-0.0224609375,0.028564453125,-0.059814453125,0.099609375,0.060791015625,-0.13232421875,-0.13232421875,-0.05517578125,0.08447265625,0.017822265625,-0.05517578125,-0.0234375,-0.0185546875,-0.03173828125,0.02490234375,-0.03076171875,0.035400390625,0.05810546875,-0.077392578125,-0.064208984375,-0.064208984375,0.04638671875,-0.00927734375,-0.069580078125,0.043701171875,0.02880859375,-0.104736328125,-0.023681640625,0.081787109375,-0.0068359375,-0.06884765625,0.02880859375,-0.07275390625,-0.015625,0.036376953125,-0.022705078125,-0.022705078125,-0.010009765625,0.00830078125,-0.0380859375,-0.024169921875,0.035400390625,-0.04541015625,-0.092041015625,0.08740234375,-0.1083984375,-0.075439453125,0.086181640625,0.04150390625,-0.0703125,-0.0703125,-0.03271484375,-0.002197265625,-0.024658203125,0.03857421875,-0.012939453125,-0.09375,0.02197265625,0.07568359375,-0.094970703125,0.0419921875,-0.00732421875,-0.091796875,0.059814453125,0.059814453125,0.079345703125,-0.121826171875,-0.1044921875,0.08203125,0.05078125,-0.089111328125,0.038330078125,-0.038330078125,-0.013916015625,0.0087890625,-0.0322265625,-0.0322265625,0.01123046875,0.046142578125,-0.040283203125,-0.071533203125,0.02978515625,-0.009033203125,-0.06640625,0.03271484375,-0.1083984375,-0.0283203125,0.09521484375,-0.01416015625,-0.01416015625,-0.092529296875,0.030029296875,0.031005859375,-0.076171875,0.004150390625,0.036376953125,-0.022216796875,0.05908203125,-0.038330078125,-0.09912109375,0.035888671875,0.013916015625,0.013916015625,-0.093994140625,0.010498046875,0.07373046875,-0.0693359375,-0.094970703125,0.05078125,-0.077880859375,-0.001220703125,0.035888671875,-0.044921875,-0.013671875,-0.013671875,0.015869140625,-0.048095703125,-0.031494140625,0.0576171875,-0.004638671875,-0.078857421875,0.004638671875,-0.073486328125,0.025146484375,0.06591796875,-0.085205078125,-0.1083984375,-0.1083984375,0.06494140625,0.058349609375,-0.08154296875,-0.01513671875,0.04345703125,-0.01513671875,0.02197265625,-0.03271484375,-0.022216796875,0.065185546875,-0.01220703125,-0.093505859375,-0.093505859375,0.03955078125,0.036865234375,-0.095703125,-0.01806640625,0.09521484375,-0.138916015625,0.02392578125,0.08740234375,-0.0615234375,-0.06689453125,0.013916015625,0.013916015625,-0.00634765625,-0.018310546875,0.002685546875,-0.032470703125,-0.040771484375,0.037109375,-0.072509765625,0.0341796875,0.03076171875,-0.09130859375,-0.01904296875,0.108154296875,-0.00830078125,-0.142822265625,-0.142822265625,-0.005126953125,0.075927734375,-0.02392578125,-0.0341796875,-0.009765625,-0.00146484375,0.03125,-0.054931640625,-0.058837890625,0.076904296875,0.025634765625,-0.098388671875,-0.000732421875,-0.000732421875,0.04150390625,-0.0634765625,-0.0322265625,0.07861328125,-0.012451171875,0.006103515625,0.08740234375,-0.0390625,-0.064453125,0.017333984375,-0.001708984375,-0.053466796875,0.00341796875,0.00341796875,0.01318359375,-0.03369140625,0.019287109375,0.005615234375,-0.078369140625,0.0537109375,-0.0322265625,-0.052734375,0.04345703125,0.005126953125,-0.074462890625,0.027587890625,0.018310546875,0.018310546875,-0.09716796875,-0.010009765625,0.097900390625,-0.0322265625,-0.12646484375,0.071044921875,-0.0595703125,-0.035888671875,0.010009765625,-0.03515625,0.00634765625,0.0361328125,-0.05712890625,-0.05712890625,-0.05322265625,0.078125,0.018310546875,-0.10400390625,0.025390625,-0.068603515625,-0.00048828125,0.060546875,-0.076416015625,-0.118896484375,0.064453125,0.05517578125,-0.092041015625,-0.092041015625,-0.022705078125,0.037353515625,-0.051025390625,-0.0439453125,-0.040283203125,-0.037109375,0.072265625,-0.006591796875,-0.111328125,0.02783203125,0.052734375,-0.077880859375,-0.030029296875,-0.030029296875,0.09814453125,-0.0078125,-0.134765625,0.021240234375,0.093017578125,-0.06494140625,0.0087890625,-0.005859375,-0.03466796875,0.01318359375,-0.001708984375,-0.03955078125,0.035888671875,0.035888671875,0.01904296875,-0.067626953125,0.003173828125,-0.071044921875,-0.0390625,0.111083984375,0.021484375,-0.157958984375,-0.031494140625,0.08251953125,-0.0244140625,-0.068359375,-0.068359375,-0.0048828125,-0.00439453125,0.01904296875,-0.050537109375,-0.08203125,0.063232421875,0.044921875,-0.113037109375,-0.04443359375,0.04833984375,-0.033203125,-0.033203125,-0.04052734375,0.08251953125,-0.003173828125,0.013916015625,0.10107421875,-0.04931640625,-0.06640625,0.03369140625,-0.00927734375,-0.054443359375,0.028564453125,-0.004150390625,-0.004150390625,-0.0673828125,0.048095703125,-0.091796875,-0.02099609375,0.068359375,-0.033203125,-0.06787109375,0.070556640625,0.02490234375,-0.105224609375,0.015869140625,0.080322265625,0.080322265625,-0.0458984375,-0.05322265625,0.000732421875,-0.087646484375,0.00732421875,0.031494140625,-0.061279296875,-0.017822265625,0.022705078125,-0.037353515625,-0.018798828125,-0.018798828125,0.015869140625,-0.052734375,0.083740234375,0.003173828125,-0.143310546875,-0.01416015625,0.0888671875,-0.033447265625,-0.08447265625,0.030029296875,0.0390625,-0.0673828125,-0.0673828125,-0.032470703125,0.003662109375,0.01611328125,0.02978515625,-0.0537109375,-0.048095703125,0.03271484375,-0.023193359375,-0.078125,0.056640625,0.062255859375,-0.098388671875,-0.098388671875,-0.0498046875,0.03662109375,-0.057373046875,-0.011962890625,0.005126953125,-0.03662109375,0.02783203125,0.011474609375,-0.058349609375,0.0234375,0.05078125,-0.06494140625,-0.065185546875,-0.065185546875,0.056640625,-0.100341796875,0.041748046875,0.071533203125,-0.111328125,-0.09716796875,0.07568359375,0.04541015625,-0.09130859375,-0.036376953125,0.0361328125,-0.023681640625,-0.0087890625,-0.0087890625,-0.0107421875,0.008056640625,0.0458984375,-0.044677734375,-0.060302734375,0.0478515625,-0.019287109375,-0.095947265625,0.0576171875,0.071044921875,-0.104736328125,-0.0576171875,0.090576171875,0.090576171875,0.006103515625,0.038330078125,0.05810546875,-0.082763671875,-0.031005859375,0.040283203125,-0.010498046875,-0.004638671875,0.030029296875,-0.031494140625,-0.052734375,0.039794921875,-0.022705078125,-0.022705078125,-0.090087890625,0.087646484375,-0.105224609375,-0.125,0.045654296875,0.0537109375,-0.051513671875,-0.0283203125,-0.0244140625,-0.04833984375,0.044189453125,0.023681640625,-0.093994140625,-0.093994140625,0.0751953125,-0.01611328125,-0.100830078125,0.029541015625,0.025390625,-0.077880859375,0.009765625,0.052978515625,-0.086181640625,-0.088623046875,0.075927734375,0.03955078125,-0.096435546875,-0.096435546875,0.05859375,-0.03857421875,-0.029296875,0.01025390625,-0.034423828125,-0.017578125,0.062744140625,-0.0048828125,-0.07861328125,0.033203125,0.013427734375,-0.089111328125,0.01123046875,0.01123046875,-0.052490234375,-0.10693359375,0.060546875,0.051025390625,-0.099365234375,-0.02197265625,0.060546875,-0.0400390625,-0.066162109375,0.016845703125,0.01123046875,-0.0361328125,0.014892578125,0.014892578125,-0.0751953125,0.034912109375,0.0126953125,-0.095947265625,0.00146484375,0.1005859375,-0.044921875,-0.14208984375,0.026611328125,0.063720703125,-0.063232421875,-0.030517578125,0.003173828125,-0.051513671875,-0.014892578125,0.0302734375,-0.055419921875,-0.064208984375,0.0712890625,0.013427734375,-0.09765625,0.022216796875,0.044677734375,-0.068359375,-0.02392578125,0.071044921875,-0.0283203125,-0.1064453125,0.05126953125,0.06884765625,-0.07958984375,-0.0390625,0.058349609375,-0.011474609375,-0.076171875,0.017822265625,0.033203125,-0.057373046875,0.003173828125,0.045654296875,-0.050048828125,-0.0419921875,0.0224609375,-0.0029296875,-0.016845703125,0.021728515625,-0.020751953125,-0.04638671875,0.045166015625,-0.0244140625,-0.11865234375,0.032470703125,0.114990234375,-0.068603515625,-0.154296875,0.039306640625,0.095458984375,-0.05078125,-0.060302734375,-0.021240234375,-0.029052734375,0.025634765625,0.026123046875,-0.0615234375,-0.0380859375,0.076904296875,-0.000244140625,-0.111083984375,0.0205078125,0.041259765625,-0.070556640625,-0.001708984375,0.06787109375,-0.050537109375,-0.095703125,0.06982421875,0.037841796875,-0.12158203125,-0.007568359375,0.091796875,-0.03466796875,-0.074951171875,0.03271484375,0.0205078125,-0.060302734375,0.007080078125,0.01318359375,-0.05859375,0.01220703125,-0.0029296875,-0.078369140625,0.014892578125,0.0908203125,-0.061279296875,-0.141357421875,0.0546875,0.0634765625,-0.085693359375,-0.028076171875,0.025390625,-0.047119140625,0.03662109375,0.03662109375,-0.03857421875,-0.053955078125,0.08056640625,0.011474609375,-0.118408203125,0.005126953125,0.043701171875,-0.058349609375,-0.011474609375,0.0693359375,-0.043701171875,-0.10791015625,0.0400390625,0.0400390625,-0.0869140625,-0.00830078125,0.052978515625,-0.04052734375,-0.050048828125,0.048828125,0.002197265625,-0.057861328125,0.040283203125,0.00830078125,-0.082275390625,0.054931640625,-0.07568359375,-0.07568359375,-0.052734375,0.103515625,0.008056640625,-0.1728515625,-0.0146484375,0.114990234375,-0.030517578125,-0.102294921875,0.00146484375,0.028076171875,-0.040771484375,-0.021240234375,-0.04296875,-0.04296875,0.0498046875,0.02734375,-0.073486328125,-0.005126953125,0.034423828125,-0.070068359375,-0.050048828125,0.107421875,0.0185546875,-0.144775390625,0.0087890625,-0.057861328125,-0.07373046875,-0.07373046875,0.0498046875,0.009765625,-0.100830078125,-0.0078125,0.036376953125,-0.04150390625,0.0029296875,0.005859375,-0.060302734375,-0.0048828125,0.038330078125,-0.06640625,0.102783203125,0.102783203125,0.0498046875,-0.147705078125,-0.048583984375,0.090087890625,0.020263671875,-0.05322265625,-0.0185546875,-0.01318359375,-0.01806640625,0.046630859375,-0.0361328125,0.048095703125,0.0615234375,0.0615234375,-0.084716796875,-0.04736328125,0.058837890625,-0.03076171875,-0.092041015625,0.0693359375,0.056640625,-0.121826171875,-0.040283203125,0.0966796875,0.009033203125,-0.0078125,0.04443359375,0.04443359375,-0.040283203125,-0.024169921875,-0.0146484375,-0.0361328125,0.033447265625,0.01806640625,-0.0693359375,-0.033935546875,0.047119140625,-0.044189453125,0.0859375,0.072265625,-0.133056640625,-0.133056640625,-0.076904296875,0.09814453125,0.03564453125,-0.097412109375,-0.01904296875,0.048828125,-0.03564453125,-0.015625,0.0029296875,0.004150390625,0.022705078125,-0.051025390625,-0.051025390625,-0.059326171875,0.036865234375,-0.01220703125,-0.080078125,0.05419921875,0.04931640625,-0.1103515625,-0.060302734375,0.080322265625,-0.077880859375,-0.00048828125,0.017333984375,0.017333984375,-0.050048828125,0.025390625,0.018310546875,-0.07568359375,-0.001953125,0.072998046875,-0.032470703125,-0.085205078125,0.006103515625,-0.07958984375,0.0390625,0.041015625,0.041015625,-0.095703125,-0.049560546875,0.067138671875,-0.012451171875,-0.078125,0.0439453125,0.031005859375,-0.0859375,0.032470703125,-0.05419921875,-0.0078125,-0.0078125,0.054931640625,-0.0400390625,-0.08349609375,0.04638671875,-0.01171875,-0.111328125,0.050537109375,0.0947265625,-0.111083984375,0.056396484375,0.041259765625,-0.067626953125,-0.067626953125,-0.005859375,0.004638671875,-0.052734375,0.02587890625,0.0263671875,-0.072265625,-0.021240234375,0.0771484375,-0.09814453125,0.04443359375,0.025634765625,-0.08349609375,-0.08349609375,0.013671875,0.054443359375,-0.0830078125,-0.089599609375,0.08349609375,0.048583984375,-0.107177734375,-0.012939453125,0.074462890625,-0.061767578125,0.025634765625,0.0146484375,-0.045654296875,-0.045654296875,0.022705078125,0.028076171875,-0.070068359375,-0.0029296875,0.031982421875,-0.037109375,-0.024169921875,0.010498046875,-0.021728515625,0.047119140625,-0.0673828125,-0.1298828125,0.09033203125,0.118408203125,0.118408203125,-0.12548828125,-0.1318359375,0.086669921875,0.093505859375,-0.0791015625,-0.0576171875,0.0234375,0.0,0.000244140625,-0.04638671875,-0.00048828125,0.05078125,-0.03271484375,-0.03271484375,-0.083740234375,0.028564453125,-0.00048828125,-0.07861328125,0.04736328125,0.04833984375,-0.108154296875,0.09228515625,0.0224609375,-0.114501953125,0.00537109375,0.076904296875,-0.043701171875,-0.043701171875,-0.04150390625,0.015380859375,-0.0009765625,-0.0078125,0.010009765625,-0.046875,-0.056884765625,0.0234375,-0.103515625,-0.0048828125,0.044677734375,-0.04541015625,-0.030029296875,-0.030029296875,0.032958984375,-0.05419921875,-0.087646484375,0.0888671875,0.067626953125,-0.139404296875,-0.080322265625,0.035888671875,-0.09716796875,-0.031494140625,0.0458984375,-0.0283203125,-0.023193359375,-0.023193359375,-0.017333984375,-0.0419921875,0.02734375,0.04736328125,-0.043701171875,-0.0703125,0.02197265625,-0.066162109375,0.0400390625,0.02294921875,-0.09326171875,-0.0205078125,0.078125,0.078125,-0.000732421875,-0.065673828125,0.018798828125,0.011962890625,-0.060302734375,0.0205078125,0.021484375,0.002197265625,0.042236328125,-0.056640625,-0.080322265625,0.047607421875,0.0068359375,0.0068359375,-0.085693359375,0.038818359375,0.052978515625,-0.0966796875,-0.061279296875,0.014892578125,-0.1083984375,0.002197265625,0.067626953125,-0.061279296875,-0.044921875,-0.044921875,0.0380859375,-0.009765625,-0.048095703125,0.014404296875,0.007080078125,-0.068359375,0.02490234375,-0.068603515625,-0.021728515625,0.01416015625,-0.04052734375,-0.01953125,0.028564453125,0.028564453125,-0.05712890625,-0.062255859375,0.110595703125,0.03662109375,-0.157470703125,0.1142578125,-0.0166015625,-0.087890625,0.03271484375,0.037841796875,-0.087646484375,-0.029296875,-0.029296875,0.013671875,-0.025390625,0.030029296875,0.0166015625,-0.06982421875,0.052490234375,-0.037841796875,-0.082763671875,0.072509765625,0.038330078125,-0.1279296875,-0.027099609375,-0.027099609375,0.091796875,-0.001953125,-0.0751953125,0.010498046875,-0.052734375,0.02587890625,0.00537109375,-0.071533203125,0.0166015625,0.048583984375,-0.0703125,-0.07080078125,-0.07080078125,0.055419921875,-0.014404296875,-0.09033203125,0.06640625,-0.105712890625,-0.0546875,0.081787109375,-0.002685546875,-0.10400390625,0.02685546875,0.072021484375,0.072021484375,-0.06591796875,-0.0419921875,0.016357421875,-0.026123046875,-0.023193359375,-0.024658203125,-0.05029296875,0.038818359375,-0.031982421875,-0.122314453125,0.05810546875,0.106689453125,-0.113525390625,-0.139892578125,0.07373046875,0.07373046875,0.0986328125,-0.0625,-0.049560546875,-0.00439453125,0.0302734375,-0.000244140625,-0.08984375,-0.008056640625,0.09326171875,-0.028076171875,-0.118896484375,0.026123046875,0.030517578125,0.030517578125,-0.071044921875,0.02587890625,0.0517578125,-0.077880859375,0.079345703125,0.015625,-0.101318359375,0.006591796875,0.045654296875,-0.04150390625,0.0107421875,0.03076171875,-0.04931640625,-0.04931640625,-0.022216796875,0.0576171875,-0.0283203125,-0.085205078125,0.01171875,-0.11181640625,0.013427734375,0.082275390625,-0.068603515625,-0.1083984375,0.049072265625,0.045654296875,-0.076171875,-0.0107421875,-0.0107421875,0.02783203125,-0.043212890625,-0.01611328125,0.009521484375,-0.0234375,0.07275390625,-0.00634765625,-0.1015625,0.025146484375,0.031005859375,-0.0751953125,0.001220703125,0.06591796875,0.06591796875,-0.053466796875,-0.1044921875,0.05712890625,-0.097900390625,-0.02294921875,0.061279296875,-0.039794921875,-0.075439453125,0.032958984375,0.056884765625,-0.0439453125,-0.024658203125,0.005615234375,0.005615234375,-0.044189453125,-0.002197265625,-0.013916015625,0.032470703125,0.06298828125,-0.073486328125,-0.125244140625,0.06005859375,0.056884765625,-0.104736328125,-0.033447265625,0.04443359375,-0.029052734375,-0.029052734375,-0.0244140625,0.031494140625,-0.047119140625,0.056396484375,0.0087890625,-0.101806640625,0.033447265625,0.05908203125,-0.08447265625,-0.03173828125,0.095458984375,-0.0126953125,-0.122314453125,-0.122314453125,0.0361328125,0.060546875,0.007568359375,0.041259765625,-0.062744140625,-0.056640625,0.045654296875,-0.020263671875,-0.066650390625,0.075439453125,0.0311279296875,-0.0615234375,-0.03759765625,0.033935546875,-0.022216796875,-0.025390625,0.04931640625,0.01513671875,-0.062255859375,0.04052734375,0.071044921875,-0.06640625,-0.05224609375,0.03466796875,-0.016357421875,-0.016357421875,-0.0732421875,0.029296875,-0.061279296875,-0.0234375,0.0185546875,-0.05126953125,-0.037841796875,0.030029296875,-0.001708984375,-0.051513671875,0.0078125,0.004638671875,0.004638671875,-0.052734375,-0.014404296875,-0.0947265625,0.021240234375,0.1171875,-0.03955078125,-0.17041015625,0.0244140625,0.12451171875,-0.050048828125,-0.08056640625,-0.08056640625,0.0302734375,0.0322265625,-0.0126953125,-0.02880859375,-0.033935546875,0.046875,0.013916015625,-0.077392578125,0.01513671875,0.031005859375,-0.06884765625,-0.014892578125,0.0927734375,-0.02587890625,-0.163330078125,-0.163330078125,0.115966796875,-0.046875,-0.07861328125,0.013427734375,-0.001708984375,-0.052734375,-0.009765625,-0.008544921875,-0.043701171875,0.035400390625,0.00634765625,-0.08837890625,-0.08837890625,0.023193359375,-0.06982421875,-0.01953125,0.0830078125,-0.02197265625,-0.123291015625,0.04052734375,0.068115234375,-0.075927734375,-0.040771484375,0.026123046875,0.026123046875,-0.0224609375,0.034912109375,-0.030029296875,-0.075439453125,0.0576171875,0.026611328125,-0.09521484375,0.000732421875,0.04248046875,-0.055908203125,-0.031982421875,0.08056640625,-0.0048828125,-0.0048828125,0.03466796875,0.076904296875,-0.062744140625,-0.03564453125,0.050048828125,-0.00537109375,-0.06103515625,0.007568359375,-0.016357421875,-0.059326171875,0.0517578125,0.0517578125,-0.08935546875,-0.012939453125,0.045654296875,-0.058837890625,-0.06396484375,0.078857421875,0.02001953125,-0.1328125,0.001708984375,0.095458984375,-0.041015625,-0.07958984375,0.03125,0.027587890625,-0.076904296875,-0.012451171875,0.041748046875,-0.02001953125,-0.002197265625,-0.010986328125,-0.078369140625,-0.02734375,0.051513671875,-0.027099609375,-0.078857421875,0.0419921875,0.02734375,-0.075439453125,0.0166015625,0.01708984375,-0.094970703125,-0.01953125,0.095703125,-0.01220703125,-0.1103515625,0.040283203125,0.04296875,-0.071044921875,0.002197265625,0.05224609375,-0.048828125,-0.072509765625,0.08984375,0.084716796875,-0.098876953125,-0.113525390625,0.063720703125,0.10107421875,-0.110595703125,-0.125,0.099365234375,0.095703125,-0.089599609375,-0.072021484375,0.038330078125,-0.011474609375,-0.0703125,0.0244140625,0.042236328125,-0.089599609375,-0.042236328125,0.087646484375,-0.008544921875,-0.131103515625,-0.013916015625,0.12060546875,0.017578125,-0.11181640625,-0.036376953125,0.10693359375,0.056884765625,-0.134521484375,-0.1005859375,0.1015625,0.03271484375,-0.12060546875,-0.057861328125,0.01171875,-0.016845703125,0.032958984375,-0.0078125,-0.166259765625,-0.00244140625,0.205078125,-0.020751953125,-0.250732421875,0.046875,0.25830078125,-0.0810546875,-0.22021484375,0.048095703125,0.11083984375,-0.0595703125,-0.048828125,0.006591796875,-0.10205078125,-0.021728515625,0.1142578125,-0.09228515625,-0.1494140625,0.106689453125,0.08642578125,-0.163330078125,-0.068603515625,0.15771484375,-0.010498046875,-0.100830078125,0.088623046875,0.05224609375,-0.08837890625,0.00634765625,0.0751953125,-0.065673828125,-0.035400390625,0.107421875,-0.0185546875,-0.0859375,0.048095703125,-0.013427734375,-0.088623046875,0.029296875,0.02490234375,-0.09814453125,0.01708984375,0.122802734375,-0.09716796875,-0.091552734375,0.1552734375,0.04345703125,-0.1728515625,0.12255859375,0.12255859375,0.005859375,-0.02294921875,0.028564453125,-0.097900390625,-0.07373046875,0.083984375,-0.039794921875,-0.158935546875,0.039794921875,0.107421875,-0.12060546875,-0.111083984375,0.06396484375,-0.069091796875,-0.085205078125,-0.015380859375,-0.015380859375,-0.113525390625,0.046630859375,0.1015625,-0.116943359375,-0.088134765625,0.10546875,-0.03125,-0.121337890625,0.059814453125,0.05419921875,-0.109130859375,-0.0234375,-0.089111328125,-0.089111328125,-0.107666015625,0.10205078125,0.0234375,-0.099853515625,0.040283203125,0.0771484375,-0.061279296875,-0.027099609375,0.062255859375,-0.0517578125,-0.00244140625,-0.0361328125,-0.12353515625,-0.12353515625,0.08251953125,0.0908203125,-0.119140625,-0.04736328125,0.111083984375,-0.030029296875,-0.06787109375,0.0546875,-0.053466796875,-0.084716796875,0.1015625,-0.175048828125,-0.175048828125,-0.037353515625,0.1572265625,-0.037109375,-0.11328125,0.05322265625,-0.01806640625,-0.103271484375,0.0341796875,0.0439453125,-0.109619140625,0.089599609375,-0.09912109375,-0.09912109375,-0.10791015625,0.076904296875,-0.0146484375,-0.121826171875,0.033447265625,0.06494140625,-0.108154296875,-0.044677734375,0.1083984375,-0.055419921875,0.07568359375,0.03271484375,0.03271484375,-0.068115234375,0.02392578125,0.04638671875,-0.08837890625,-0.005126953125,0.1171875,-0.075927734375,-0.1240234375,0.0888671875,-0.08935546875,-0.007568359375,-0.007568359375,0.0791015625,-0.076904296875,-0.08349609375,0.095458984375,-0.00390625,-0.09521484375,0.069580078125,0.07763671875,-0.10009765625,0.072021484375,-0.01123046875,-0.036865234375,-0.036865234375,0.052978515625,-0.042724609375,-0.067138671875,0.069580078125,0.007568359375,-0.130615234375,0.007568359375,0.1064453125,-0.087890625,0.087890625,-0.026611328125,-0.026611328125,-0.09423828125,0.080810546875,0.0302734375,-0.161865234375,-0.018310546875,0.1689453125,-0.04248046875,-0.117919921875,0.08447265625,-0.108642578125,0.00146484375,0.042724609375,0.042724609375,-0.067626953125,0.007568359375,0.0791015625,-0.104736328125,-0.074951171875,0.105712890625,-0.036376953125,-0.108642578125,0.074951171875,-0.12646484375,0.0087890625,0.110107421875,0.110107421875,-0.142333984375,-0.1103515625,0.16943359375,0.033203125,-0.188720703125,-0.02978515625,0.110107421875,-0.0322265625,-0.04541015625,-0.079345703125,-0.052490234375,0.09423828125,-0.03759765625,-0.03759765625,-0.130859375,0.072509765625,0.100830078125,-0.123046875,-0.078369140625,0.082275390625,-0.040771484375,-0.045166015625,0.100830078125,-0.131103515625,0.041259765625,0.1025390625,-0.09619140625,-0.09619140625,-0.0458984375,0.119384765625,-0.036865234375,-0.101806640625,0.086181640625,0.051025390625,-0.125,-0.0166015625,-0.05419921875,-0.08642578125,0.080810546875,0.0068359375,0.0068359375,-0.067626953125,0.034423828125,-0.0009765625,-0.103515625,0.01171875,0.0888671875,-0.100830078125,-0.07568359375,0.111572265625,-0.1552734375,0.033447265625,0.07958984375,-0.10888671875,-0.10888671875,-0.06591796875,0.091552734375,-0.04638671875,-0.104736328125,0.0517578125,-0.0146484375,-0.107666015625,0.04931640625,-0.115478515625,-0.065673828125,0.0400390625,0.0634765625,-0.09130859375,0.096923828125,0.073974609375,-0.030517578125,-0.1015625,0.066650390625,-0.117919921875,0.004150390625,0.12451171875,-0.092041015625,-0.08935546875,0.119384765625,-0.003173828125,-0.003173828125,-0.10791015625,0.084716796875,0.0693359375,-0.151123046875,-0.02880859375,0.158935546875,-0.053955078125,0.1025390625,0.01171875,-0.134765625,0.015869140625,0.05419921875,0.00048828125,0.080810546875,-0.033447265625,0.097412109375,-0.073486328125,-0.08984375,0.08642578125,-0.1337890625,0.03515625,0.090576171875,-0.11083984375,-0.065185546875,0.10546875,0.10546875,-0.0517578125,-0.1103515625,0.061767578125,0.018798828125,-0.09228515625,-0.001220703125,0.033935546875,-0.106201171875,0.126953125,-0.094482421875,-0.161865234375,0.080078125,0.08154296875,-0.102294921875,-0.025634765625,-0.025634765625,0.088623046875,-0.067626953125,-0.084716796875,0.08056640625,-0.011962890625,-0.080322265625,0.070068359375,-0.107666015625,-0.024169921875,0.09521484375,-0.069580078125,-0.0703125,0.08447265625,-0.029541015625,-0.029541015625,-0.0888671875,0.065673828125,0.029296875,-0.12646484375,0.023681640625,0.139404296875,-0.111328125,0.129638671875,0.047119140625,-0.128173828125,-0.002197265625,0.069091796875,-0.0810546875,-0.051513671875,0.075927734375,0.075927734375,-0.054443359375,-0.049072265625,0.09716796875,-0.034912109375,-0.124267578125,0.048095703125,0.05615234375,-0.015869140625,0.112548828125,-0.075439453125,-0.0771484375,0.104248046875,-0.02978515625,-0.139404296875,0.075439453125,0.075439453125,0.126708984375,-0.1240234375,-0.11376953125,0.098876953125,0.0087890625,-0.058349609375,-0.050537109375,-0.068115234375,0.07666015625,0.03173828125,-0.15673828125,-0.003662109375,0.16748046875,-0.0791015625,-0.1787109375,0.0537109375,0.068603515625,0.068603515625,-0.0712890625,-0.00537109375,0.04296875,-0.078125,-0.0244140625,0.076904296875,-0.085693359375,0.13818359375,0.042236328125,-0.174560546875,-0.028564453125,0.168701171875,-0.03955078125,-0.14404296875,-0.14404296875,0.060546875,0.0322265625,-0.10009765625,0.003173828125,0.0732421875,-0.0556640625,0.0849609375,-0.0244140625,-0.076904296875,0.047119140625,-0.010009765625,-0.06689453125,0.049560546875,0.049560546875,0.025390625,-0.119384765625,-0.01513671875,0.119873046875,-0.07958984375,0.095703125,0.02880859375,-0.090576171875,0.00927734375,0.011962890625,-0.096923828125,0.032958984375,0.120849609375,0.120849609375,-0.12548828125,-0.1279296875,0.132568359375,0.03759765625,0.010498046875,0.074462890625,-0.1005859375,-0.05908203125,0.094482421875,-0.051025390625,-0.077392578125,0.08203125,0.08203125,-0.028076171875,-0.134765625,0.02978515625,0.074951171875,-0.032470703125,0.11083984375,-0.071533203125,-0.106689453125,0.091552734375,0.026611328125,-0.109375,0.019287109375,0.080322265625,0.080322265625,-0.06982421875,-0.0341796875,0.077392578125,-0.072021484375,0.115234375,-0.009765625,-0.159912109375,0.018798828125,0.132080078125,-0.068359375,-0.07958984375,0.082763671875,0.082763671875,-0.02880859375,-0.09716796875,0.067138671875,0.048828125,-0.0078125,0.125732421875,-0.058837890625,-0.12255859375,0.07421875,0.033935546875,-0.087890625,0.00439453125,0.0478515625,0.0478515625,-0.07177734375,-0.05029296875,0.059814453125,-0.064453125,0.069580078125,-0.017578125,-0.0908203125,0.030029296875,0.02587890625,-0.0966796875,0.01806640625,0.11865234375,0.11865234375,-0.097900390625,-0.129150390625,0.093505859375,-0.09423828125,0.019287109375,0.03369140625,-0.093505859375,-0.01123046875,0.08251953125,-0.099853515625,-0.06640625,0.1201171875,0.1201171875,-0.038330078125,-0.151611328125,0.063232421875,-0.1279296875,-0.0068359375,0.136962890625,-0.096923828125,-0.128173828125,0.11474609375,0.04345703125,-0.103759765625,-0.103759765625,0.01171875,0.050048828125,-0.011962890625,0.087890625,-0.093505859375,-0.0712890625,0.109130859375,-0.017333984375,-0.1162109375,0.06201171875,0.062744140625,0.062744140625,-0.15673828125,-0.03076171875,-0.043212890625,-0.16796875,0.050048828125,0.076416015625,-0.056640625,-0.002197265625,0.033447265625,-0.078857421875,0.0,0.09765625,0.09765625,-0.09814453125,-0.0908203125,0.026123046875,-0.168212890625,-0.028076171875,0.095458984375,-0.05908203125,-0.033203125,0.083740234375,-0.080078125,-0.10595703125,-0.10595703125,0.093994140625,0.036376953125,0.005859375,0.13134765625,-0.08349609375,-0.115234375,0.10009765625,0.02197265625,-0.116455078125,-0.005615234375,0.037353515625,0.037353515625,-0.067138671875,-0.014404296875,-0.07861328125,-0.042724609375,0.089599609375,-0.06689453125,-0.115478515625,0.081298828125,0.04541015625,-0.05810546875,-0.13037109375,0.125732421875,-0.0888671875,-0.104736328125,0.100830078125,0.00244140625,-0.108642578125,0.060302734375,0.08056640625,-0.1279296875,-0.053955078125,0.139404296875,-0.040283203125,-0.132080078125,0.064453125,0.03955078125,0.03955078125,-0.0849609375,0.0498046875,0.041015625,0.014404296875,0.111083984375,-0.096923828125,-0.098388671875,0.12158203125,0.03125,-0.104248046875,0.0390625,0.056884765625,-0.110107421875,-0.010009765625,0.100830078125,-0.11328125,-0.11328125,-0.08349609375,-0.02001953125,-0.200439453125,0.015625,0.120361328125,-0.099365234375,-0.070556640625,0.09521484375,-0.06201171875,-0.11328125,0.0771484375,0.026611328125,-0.11181640625,-0.11181640625,0.08203125,-0.087890625,-0.043701171875,0.105224609375,-0.055419921875,-0.106689453125,0.07666015625,0.036376953125,-0.10498046875,-0.00537109375,0.06494140625,-0.095458984375,-0.095458984375,0.092529296875,-0.064697265625,-0.099365234375,0.085693359375,0.03125,-0.133056640625,0.01416015625,0.139892578125,-0.083740234375,-0.13037109375,0.08544921875,0.04296875,0.04296875,0.038330078125,0.03125,-0.115234375,-0.041015625,0.11376953125,-0.05078125,-0.11083984375,0.086181640625,0.0458984375,-0.118896484375,-0.036376953125,0.063720703125,0.063720703125,-0.0419921875,0.070068359375,-0.046875,-0.079833984375,0.075927734375,0.011962890625,-0.090576171875,0.0205078125,0.04296875,-0.088623046875,-0.006591796875,0.11083984375,-0.078857421875,-0.088134765625,0.130126953125,0.02197265625,-0.18017578125,-0.03125,0.110107421875,-0.030517578125,-0.042724609375,0.034912109375,-0.084228515625,-0.06005859375,0.09326171875,-0.041259765625,-0.139892578125,0.05908203125,0.091796875,-0.095947265625,-0.023193359375,0.087890625,-0.110595703125,-0.087890625,0.150634765625,0.034912109375,-0.17138671875,-0.012451171875,0.11767578125,-0.060302734375,-0.056640625,0.061767578125,-0.07177734375,-0.07763671875,0.10009765625,0.00439453125,-0.130615234375,0.037841796875,0.094970703125,-0.11376953125,-0.064208984375,0.099609375,-0.0556640625,-0.089111328125,0.117431640625,0.0595703125,-0.152099609375,-0.052490234375,0.106201171875,-0.02294921875,-0.05029296875,0.052001953125,-0.043701171875,-0.0712890625,0.069091796875,0.010986328125,-0.13671875,0.0029296875,0.12890625,-0.065185546875,-0.10205078125,0.0771484375,0.005859375,-0.093017578125,0.01953125,0.032470703125,-0.072509765625,0.007080078125,0.065185546875,-0.1005859375,-0.045654296875,0.12841796875,-0.04296875,-0.17919921875,0.03466796875,0.119140625,-0.087158203125,-0.077880859375,0.08544921875,-0.02783203125,-0.1015625,0.02880859375,-0.005126953125,-0.06884765625,0.0498046875,0.044921875,-0.11181640625,-0.032958984375,0.097412109375,-0.068115234375,-0.09130859375,0.097412109375,0.023193359375,-0.1015625,0.021484375,0.05029296875,-0.0966796875,-0.01171875,0.0830078125,-0.1005859375,-0.080322265625,0.127197265625,0.009521484375,0.033447265625,0.033447265625,0.104248046875,-0.11328125,-0.094970703125,0.106201171875,0.019287109375,-0.05224609375,0.052734375,-0.0087890625,-0.11328125,0.01220703125,0.087158203125,-0.07177734375,-0.055419921875,-0.025146484375,-0.025146484375,-0.071533203125,0.04736328125,-0.008544921875,-0.118408203125,0.01611328125,0.092529296875,-0.0927734375,-0.0849609375,0.102783203125,-0.004638671875,-0.11376953125,0.0146484375,0.03857421875,-0.018798828125,0.0400390625,0.0400390625,-0.08203125,-0.022216796875,0.127197265625,-0.04443359375,-0.173828125,0.036376953125,0.123046875,-0.073486328125,-0.081787109375,0.07470703125,-0.0126953125,-0.097412109375,0.019775390625,0.00390625,-0.040283203125,0.01611328125,0.01611328125,-0.094970703125,-0.007080078125,0.07470703125,-0.0908203125,-0.054931640625,0.1181640625,-0.019287109375,-0.1162109375,0.05810546875,0.05078125,-0.126220703125,-0.002685546875,0.128173828125,-0.099853515625,-0.149658203125,0.07470703125,-0.124755859375,-0.02734375,-0.02734375,0.0810546875,-0.070068359375,-0.079833984375,0.07568359375,-0.01171875,-0.068603515625,0.062744140625,0.026611328125,-0.09423828125,-0.006591796875,0.06298828125,-0.065185546875,-0.040283203125,0.071044921875,-0.056640625,0.06787109375,-0.025146484375,-0.025146484375,-0.137451171875,0.0390625,0.13330078125,-0.087158203125,-0.12841796875,0.060791015625,0.02587890625,-0.041259765625,0.015625,-0.033203125,-0.084228515625,0.05029296875,0.0673828125,-0.118896484375,-0.03759765625,-0.039306640625,-0.11962890625,0.0537109375,0.0537109375,0.01953125,-0.12255859375,0.030517578125,0.1328125,-0.1044921875,-0.138671875,0.079833984375,0.028564453125,-0.080078125,0.010986328125,0.00341796875,-0.087646484375,0.021728515625,0.0810546875,-0.112060546875,-0.07861328125,0.12841796875,0.017578125,-0.107666015625,0.027587890625,0.052001953125,-0.076416015625,0.004638671875,0.084228515625,-0.102294921875,-0.090576171875,0.130859375,0.03125,-0.14990234375,0.09619140625,-0.05810546875,-0.067138671875,0.053466796875,-0.025146484375,-0.031005859375,-0.031005859375,0.076904296875,-0.0283203125,-0.1005859375,0.05078125,0.04931640625,-0.119384765625,-0.00634765625,0.139892578125,-0.061767578125,-0.124755859375,0.07421875,0.023193359375,-0.114990234375,0.029052734375,0.0810546875,-0.12353515625,-0.074951171875,0.141357421875,-0.01318359375,-0.1572265625,0.03662109375,0.07568359375,-0.10498046875,-0.06396484375,0.079345703125,-0.02685546875,-0.062255859375,0.05029296875,-0.0400390625,-0.086181640625,0.05712890625,0.02734375,-0.091796875,0.01513671875,0.081298828125,-0.079833984375,-0.063720703125,0.071533203125,-0.051513671875,-0.07861328125,0.097412109375,0.0263671875,-0.132080078125,-0.002197265625,0.094482421875,-0.087646484375,-0.065673828125,0.109375,-0.019287109375,-0.124267578125,0.05615234375,-0.0927734375,-0.041015625,0.0751953125,-0.049560546875,-0.073974609375,0.08203125,0.00341796875,-0.1044921875,0.033447265625,0.033447265625,0.0703125,-0.0830078125,-0.0556640625,0.05517578125,-0.04638671875,-0.031982421875,0.080810546875,-0.044677734375,-0.106689453125,0.06201171875,0.04296875,-0.150146484375,-0.026123046875,0.161376953125,-0.03857421875,-0.166259765625,0.02099609375,0.054443359375,-0.033935546875,0.044189453125,0.002685546875,-0.104248046875,0.115966796875,-0.081298828125,-0.1142578125,0.095703125,0.035400390625,-0.12939453125,-0.01220703125,-0.01220703125,0.076416015625,-0.0576171875,-0.023193359375,0.05859375,-0.08740234375,-0.067626953125,0.1025390625,-0.028076171875,-0.13818359375,0.070556640625,0.113037109375,-0.0986328125,0.126220703125,0.00341796875,-0.1064453125,0.041259765625,0.048828125,-0.073486328125,-0.073486328125,-0.016357421875,0.000244140625,0.046630859375,-0.01025390625,-0.060791015625,-0.085693359375,0.066650390625,-0.010498046875,-0.1259765625,0.031494140625,0.087646484375,-0.10791015625,-0.10791015625,-0.068359375,0.095703125,-0.0341796875,-0.068603515625,0.0849609375,0.00244140625,-0.1201171875,0.029052734375,0.078857421875,-0.10888671875,0.13134765625,-0.0478515625,-0.149169921875,0.050048828125,0.0712890625,-0.083251953125,-0.008056640625,0.068359375,0.068359375,-0.0947265625,-0.07470703125,0.095703125,-0.0166015625,-0.110595703125,0.03564453125,0.0419921875,-0.088134765625,-0.008544921875,-0.076171875,-0.05517578125,0.105712890625,-0.008056640625,-0.113037109375,0.044921875,0.076171875,-0.092041015625,-0.037109375,-0.037109375,0.09716796875,-0.047119140625,-0.1171875,0.050537109375,0.03173828125,-0.099853515625,0.001220703125,0.087890625,-0.073974609375,0.080810546875,0.0078125,-0.10693359375,0.026611328125,0.056396484375,-0.084228515625,-0.0419921875,0.07568359375,-0.03369140625,-0.064453125,0.067626953125,-0.00244140625,-0.089111328125,-0.089111328125,0.020751953125,0.0205078125,-0.064697265625,0.01611328125,0.03125,-0.103515625,-0.021240234375,0.11865234375,-0.063232421875,-0.123046875,0.115234375,0.08349609375,-0.138671875,-0.046875,-0.01318359375,-0.034912109375,0.0458984375,-0.06689453125,-0.0693359375,0.1044921875,0.0234375,-0.144287109375,-0.000732421875,0.1025390625,-0.073486328125,-0.08740234375,0.053955078125,-0.03857421875,-0.081787109375,0.07958984375,0.026123046875,-0.148681640625,-0.020751953125,0.138916015625,-0.05029296875,-0.135498046875,0.052490234375,0.044921875,-0.0771484375,-0.0771484375,-0.010009765625,0.033203125,-0.00927734375,0.035400390625,0.035400390625,-0.077880859375,-0.062744140625,0.076416015625,-0.028564453125,-0.12060546875,0.060546875,0.112060546875,-0.1181640625,-0.136962890625,0.09375,0.059814453125,-0.0654296875,0.023193359375,-0.052490234375,0.010009765625,0.062255859375,-0.067626953125,-0.05419921875,0.098388671875,0.0087890625,-0.102294921875,0.015625,0.042236328125,-0.02978515625,0.005126953125,-0.006103515625,-0.09716796875,-0.00048828125,0.109375,0.109375,-0.078857421875,-0.123046875,0.10546875,0.071533203125,-0.1484375,-0.076416015625,0.07958984375,-0.0009765625,-0.019775390625,0.031494140625,-0.0693359375,0.0947265625,-0.003662109375,-0.138427734375,0.017578125,0.089599609375,-0.07568359375,-0.05078125,0.07080078125,-0.07861328125,-0.1083984375,0.1123046875,0.073974609375,-0.147705078125,-0.066650390625,0.0986328125,-0.010986328125,-0.053466796875,0.029296875,0.029296875,-0.041259765625,-0.038818359375,0.08740234375,-0.005615234375,-0.123779296875,0.050537109375,-0.096923828125,-0.12890625,0.08154296875,0.041015625,-0.068359375,0.018310546875,0.0205078125,-0.070556640625,-0.0009765625,0.049560546875,-0.08544921875,-0.045166015625,-0.045166015625,0.124267578125,-0.014404296875,-0.171875,0.010009765625,0.1201171875,-0.06884765625,0.06982421875,-0.00048828125,-0.098388671875,0.03857421875,0.04638671875,-0.095703125,-0.039306640625,0.0576171875,-0.03173828125,-0.0654296875,0.009765625,-0.03369140625,-0.03369140625,-0.0234375,0.07470703125,-0.030029296875,-0.128173828125,0.03466796875,-0.08935546875,-0.077880859375,0.114990234375,0.017578125,-0.114990234375,0.015869140625,0.046630859375,-0.06640625,0.00634765625,0.083740234375,-0.06884765625,-0.09716796875,0.076416015625,0.015625,0.015625,-0.094482421875,0.031005859375,0.035400390625,-0.10009765625,0.09619140625,-0.0556640625,-0.079833984375,0.063232421875,-0.01220703125,-0.0859375,0.034423828125,0.005615234375,-0.095458984375,0.0478515625,0.087890625,-0.133544921875,-0.097900390625,0.1279296875,0.1279296875,0.006103515625,-0.12353515625,0.054931640625,0.053955078125,-0.0283203125,0.11669921875,-0.059326171875,-0.114013671875,0.076171875,0.020263671875,-0.10546875,0.019775390625,0.060791015625,-0.0771484375,-0.031494140625,0.07568359375,-0.03369140625,-0.060546875,0.06103515625,-0.01416015625,-0.07666015625,0.05712890625,0.05712890625,0.0498046875,-0.104248046875,-0.040771484375,0.09619140625,-0.04541015625,0.071533203125,0.02099609375,-0.09033203125,0.00341796875,0.017822265625,-0.085693359375,0.01806640625,0.10595703125,-0.101318359375,-0.150634765625,0.083984375,0.063232421875,-0.0947265625,-0.007568359375,0.05126953125,-0.081298828125,-0.0517578125,0.07666015625,-0.047607421875,-0.0791015625,0.072021484375,0.000244140625,-0.10791015625,0.023193359375,0.0537109375,-0.1044921875,-0.01611328125,-0.01611328125,0.107666015625,-0.082275390625,-0.11083984375,0.11279296875,-0.146484375,0.023681640625,0.1396484375,-0.09326171875,-0.1220703125,0.11474609375,0.048828125,-0.0869140625,0.02685546875,0.042724609375,-0.08154296875,-0.01123046875,0.081787109375,-0.0556640625,-0.069580078125,0.08349609375,0.010986328125,-0.099853515625,0.00048828125,0.010498046875,-0.06640625,0.013671875,0.04248046875,-0.091064453125,-0.042724609375,0.091064453125,-0.068603515625,-0.068603515625,-0.1357421875,0.083251953125,0.08203125,-0.08984375,0.06884765625,-0.00634765625,-0.036376953125,0.032470703125,-0.0693359375,-0.098876953125,0.07861328125,0.048828125,-0.126953125,-0.01806640625,0.1201171875,-0.0439453125,-0.108642578125,0.0400390625,0.00634765625,-0.04833984375,0.07177734375,0.03564453125,-0.12744140625,-0.016357421875,0.13427734375,-0.044189453125,-0.11083984375,0.084716796875,0.0380859375,-0.1171875,0.00830078125,0.1005859375,-0.06396484375,-0.08154296875,0.065185546875,0.065185546875,-0.006591796875,-0.080078125,0.00341796875,-0.07080078125,0.0390625,0.0439453125,-0.11083984375,-0.044921875,0.09765625,-0.049560546875,-0.099853515625,0.085693359375,0.021728515625,-0.12646484375,0.00439453125,0.07275390625,-0.094482421875,-0.051513671875,0.1142578125,-0.049072265625,-0.158447265625,0.070556640625,0.093017578125,-0.12548828125,-0.061279296875,0.104736328125,-0.028076171875,-0.111083984375,0.05126953125,0.019775390625,-0.086181640625,0.02392578125,0.037353515625,-0.077880859375,-0.0166015625,0.0732421875,0.0732421875,-0.033935546875,0.078857421875,-0.040771484375,-0.10888671875,0.071044921875,0.06494140625,-0.09765625,-0.024658203125,0.0791015625,-0.040283203125,-0.06005859375,0.05859375,-0.04345703125,-0.092041015625,0.081787109375,0.030517578125,-0.1640625,-0.04736328125,0.150634765625,-0.01904296875,-0.14697265625
Prusa_B,-0.026123046875,-0.05419921875,-0.0693359375,-0.06396484375,-0.034912109375,0.029052734375,0.075927734375,0.070556640625,0.041748046875,-0.002197265625,-0.052490234375,-0.078125,-0.076416015625,-0.054931640625,-0.01220703125,0.013427734375,-0.00146484375,-0.028564453125,-0.0361328125,-0.00244140625,0.05322265625,0.07177734375,0.0380859375,0.0185546875,0.035400390625,0.015380859375,-0.03271484375,-0.03271484375,-0.01318359375,-0.049072265625,-0.02685546875,0.00732421875,-0.050537109375,0.00732421875,0.0344560546875,0.004638671875,0.0218505859375,-0.02392578125,0.00244140625,0.00048828125,0.012451171875,-0.049072265625,-0.057373046875,-0.0322265625,-0.06640625,-0.036376953125,0.00927734375,0.007080078125,0.007080078125,0.014892578125,-0.038330078125,-0.023681640625,-0.014404296875,-0.05126953125,-0.03955078125,-0.00830078125,-0.0048828125,-0.00146484375,-0.0390625,-0.072998046875,-0.030517578125,0.002197265625,-0.006103515625,0.029296875,0.008544921875,-0.06005859375,-0.02734375,-0.008056640625,0.008544921875,0.008544921875,0.011474609375,-0.016845703125,-0.018798828125,0.002685546875,-0.021484375,-0.021240234375,0.010498046875,0.005615234375,0.015869140625,0.0361328125,0.00927734375,-0.010498046875,-0.007080078125,-0.007080078125,0.001953125,0.018798828125,0.01611328125,0.00830078125,0.006103515625,-0.041748046875,-0.068603515625,-0.019287109375,0.021484375,-0.002685546875,-0.034912109375,-0.034912109375,-0.021240234375,-0.00341796875,0.0,0.014404296875,0.022216796875,0.00634765625,-0.026611328125,-0.050048828125,-0.06591796875,-0.018310546875,0.01806640625,0.01806640625,0.001708984375,-0.01025390625,-0.00830078125,0.001708984375,-0.0068359375,-0.05419921875,-0.060546875,-0.010009765625,0.03271484375,0.01123046875,-0.067626953125,-0.02392578125,-0.02392578125,-0.014892578125,-0.02099609375,0.01416015625,0.054931640625,0.037109375,-0.004638671875,-0.009521484375,0.018798828125,0.025146484375,-0.072021484375,-0.019775390625,0.001708984375,0.001708984375,-0.03564453125,-0.046630859375,-0.007568359375,0.034423828125,0.0224609375,-0.01318359375,0.028076171875,0.042724609375,-0.03662109375,-0.00390625,0.00146484375,-0.0341796875,-0.052978515625,-0.052978515625,-0.026611328125,0.014892578125,0.005126953125,-0.035888671875,-0.025390625,0.0205078125,0.025146484375,-0.003173828125,-0.0185546875,-0.02685546875,-0.02880859375,-0.0263671875,-0.0283203125,-0.0283203125,-0.005859375,0.011962890625,0.009521484375,0.00732421875,-0.00439453125,-0.010498046875,-0.013427734375,-0.043212890625,-0.048095703125,-0.0048828125,-0.014404296875,-0.049560546875,-0.03466796875,-0.03466796875,-0.021484375,-0.0283203125,-0.018798828125,0.0009765625,0.00634765625,-0.001708984375,-0.0146484375,-0.01708984375,-0.012451171875,-0.000732421875,0.001708984375,-0.01171875,0.00146484375,0.021240234375,0.021240234375,0.00537109375,-0.03173828125,-0.04345703125,-0.015869140625,0.001953125,-0.018310546875,-0.03125,-0.0087890625,0.015869140625,-0.005615234375,0.007080078125,0.009765625,-0.021240234375,-0.021240234375,-0.035888671875,-0.002685546875,0.000244140625,-0.029052734375,-0.03564453125,-0.0205078125,-0.01953125,-0.02099609375,0.01171875,-0.002685546875,-0.0166015625,-0.004150390625,0.010009765625,0.010009765625,-0.003662109375,-0.0244140625,-0.0244140625,-0.013916015625,-0.0205078125,-0.01318359375,0.00927734375,-0.0009765625,-0.039794921875,-0.023681640625,-0.009765625,-0.01708984375,0.000244140625,0.000244140625,-0.002197265625,-0.047119140625,-0.040771484375,-0.02099609375,-0.0078125,0.00048828125,-0.00146484375,0.003173828125,-0.005859375,-0.01806640625,0.010498046875,-0.010009765625,-0.021728515625,-0.010498046875,-0.010498046875,-0.005615234375,-0.001708984375,-0.009765625,-0.027587890625,-0.003173828125,0.01708984375,-0.013916015625,0.03173828125,0.013427734375,-0.015380859375,-0.02734375,-0.025390625,-0.025390625,0.010009765625,-0.00390625,-0.0654296875,-0.05517578125,-0.005615234375,-0.0009765625,-0.0068359375,-0.01904296875,-0.003662109375,0.02001953125,0.00927734375,-0.024169921875,-0.024169921875,-0.034423828125,-0.02392578125,-0.016845703125,-0.023193359375,-0.0234375,-0.007080078125,0.004150390625,-0.007568359375,0.024169921875,0.02392578125,-0.0185546875,-0.0498046875,-0.0498046875,-0.042236328125,-0.011962890625,-0.00439453125,-0.013916015625,-0.0146484375,-0.009521484375,-0.0126953125,-0.0029296875,-0.013671875,-0.02783203125,-0.013427734375,-0.00341796875,-0.00341796875,-0.0107421875,-0.021240234375,-0.0205078125,-0.01806640625,-0.02197265625,0.001220703125,0.020751953125,0.009765625,-0.01611328125,-0.01953125,-0.014892578125,-0.033935546875,-0.033935546875,-0.0302734375,0.0,0.003662109375,0.010498046875,0.021240234375,0.00390625,-0.03759765625,-0.02587890625,0.008544921875,0.020751953125,-0.024658203125,-0.024658203125,-0.045654296875,-0.025390625,-0.03955078125,-0.0341796875,0.013671875,0.02099609375,-0.007568359375,-0.012939453125,0.007080078125,0.00341796875,-0.043701171875,-0.049072265625,-0.049072265625,-0.021484375,-0.025146484375,-0.00244140625,0.033203125,0.010009765625,-0.014892578125,0.0126953125,0.015625,-0.00341796875,-0.0400390625,-0.041748046875,-0.0107421875,-0.02978515625,-0.02978515625,-0.048828125,-0.01611328125,-0.0078125,-0.0244140625,-0.0009765625,0.032958984375,-0.023681640625,-0.045654296875,-0.032958984375,-0.015869140625,-0.0107421875,-0.011962890625,-0.01025390625,-0.022705078125,-0.022705078125,-0.03271484375,-0.000732421875,0.02783203125,0.005126953125,-0.01806640625,0.0029296875,-0.0283203125,-0.052734375,-0.02392578125,0.002685546875,0.0048828125,0.001220703125,0.009033203125,0.009033203125,0.009521484375,-0.009765625,-0.0234375,-0.0126953125,-0.0068359375,-0.025390625,-0.028564453125,-0.02001953125,-0.037353515625,-0.018798828125,0.023681640625,0.012939453125,-0.010498046875,-0.010498046875,-0.0078125,-0.003662109375,-0.022705078125,-0.030517578125,0.001708984375,-0.015625,-0.035400390625,-0.0107421875,-0.0029296875,-0.018798828125,-0.008544921875,0.024169921875,0.02685546875,-0.015625,-0.015625,-0.04443359375,-0.031005859375,-0.032958984375,-0.050537109375,0.0146484375,-0.007080078125,-0.022705078125,0.00244140625,0.024169921875,0.010986328125,-0.024169921875,-0.030029296875,-0.009521484375,-0.009521484375,-0.0400390625,-0.0498046875,-0.01025390625,0.0078125,-0.008056640625,0.0126953125,0.00927734375,-0.022216796875,-0.01806640625,0.012451171875,0.013427734375,-0.0068359375,-0.010498046875,-0.010498046875,-0.010498046875,-0.041748046875,-0.045166015625,-0.012939453125,-0.002685546875,-0.010009765625,-0.020263671875,-0.01171875,-0.008544921875,-0.02734375,-0.03466796875,-0.02392578125,-0.019287109375,-0.019287109375,-0.011962890625,0.0126953125,0.00732421875,-0.044921875,0.00830078125,0.020263671875,-0.007080078125,-0.01611328125,-0.00927734375,-0.0146484375,-0.023681640625,-0.02490234375,-0.02490234375,-0.0146484375,-0.0029296875,-0.0078125,0.004150390625,0.0185546875,-0.016845703125,-0.050048828125,-0.030517578125,-0.013916015625,-0.024658203125,-0.015869140625,-0.015869140625,0.00732421875,-0.003662109375,-0.03173828125,0.0068359375,-0.03271484375,-0.052490234375,-0.01806640625,0.016357421875,-0.00732421875,-0.00830078125,0.040771484375,0.049072265625,0.049072265625,-0.003173828125,-0.06494140625,-0.05712890625,-0.016845703125,0.00341796875,0.022216796875,0.003662109375,-0.02587890625,0.00732421875,0.05126953125,0.01611328125,-0.040283203125,-0.040283203125,-0.045654296875,-0.022216796875,-0.041015625,-0.031005859375,-0.006103515625,-0.0078125,-0.0126953125,0.00732421875,0.011474609375,-0.022216796875,-0.020751953125,-0.001953125,-0.001953125,0.0048828125,-0.029541015625,-0.0029296875,-0.00634765625,-0.037109375,-0.02978515625,0.03369140625,0.050537109375,0.004150390625,-0.0244140625,-0.0068359375,-0.0068359375,-0.00341796875,-0.0400390625,-0.014404296875,-0.018310546875,-0.039306640625,-0.02294921875,0.019287109375,0.0048828125,-0.036865234375,-0.027587890625,0.031982421875,0.02783203125,0.02783203125,-0.039794921875,-0.051025390625,-0.044189453125,-0.031494140625,0.007568359375,0.021728515625,0.001220703125,-0.02294921875,0.007568359375,0.03173828125,-0.014404296875,-0.0361328125,-0.004150390625,-0.004150390625,0.00537109375,-0.041748046875,0.002197265625,0.0078125,-0.015380859375,0.0107421875,0.0537109375,0.015625,-0.04931640625,-0.038818359375,0.010498046875,0.00390625,-0.067626953125,-0.07373046875,-0.07373046875,-0.016357421875,-0.039306640625,-0.005615234375,0.05908203125,0.03955078125,-0.021484375,-0.02734375,-0.012451171875,-0.026611328125,-0.00927734375,0.010498046875,-0.01220703125,-0.052001953125,-0.052001953125,-0.0283203125,0.007568359375,-0.036376953125,-0.0166015625,0.04150390625,0.03125,-0.01708984375,-0.035400390625,-0.039306640625,-0.046630859375,-0.067138671875,-0.026611328125,0.048095703125,0.048095703125,0.041259765625,-0.03173828125,0.019287109375,0.014892578125,-0.055908203125,-0.0751953125,-0.0166015625,-0.00634765625,-0.038818359375,0.00048828125,0.03955078125,-0.01171875,-0.04345703125,0.004638671875,0.004638671875,0.017822265625,-0.001220703125,0.040283203125,0.003173828125,-0.04150390625,-0.03857421875,-0.004638671875,-0.0283203125,-0.05810546875,-0.009521484375,0.0693359375,0.0556640625,-0.03955078125,-0.03955078125,-0.06787109375,-0.027099609375,-0.058349609375,0.002685546875,0.060546875,0.002197265625,-0.051025390625,-0.018310546875,-0.01025390625,-0.046142578125,-0.03515625,0.0283203125,0.0458984375,-0.013427734375,-0.013427734375,0.02001953125,-0.01513671875,-0.087646484375,-0.037353515625,0.07568359375,0.0615234375,-0.058837890625,-0.052978515625,0.033203125,0.0107421875,-0.065185546875,-0.03173828125,0.076171875,0.02099609375,-0.112548828125,-0.05859375,-0.05859375,-0.0107421875,-0.065185546875,0.007568359375,0.038330078125,-0.052001953125,-0.046630859375,0.062255859375,0.0400390625,-0.097900390625,-0.068115234375,0.07958984375,0.05517578125,-0.07666015625,-0.052978515625,0.052490234375,0.00634765625,-0.068359375,-0.018310546875,0.053466796875,0.031005859375,-0.03515625,-0.0263671875,-0.010986328125,-0.0380859375,-0.04052734375,-0.0205078125,0.007080078125,-0.013671875,-0.00927734375,0.04638671875,0.020263671875,-0.074951171875,-0.090087890625,-0.010986328125,0.03662109375,-0.0087890625,-0.03173828125,0.0166015625,0.001953125,-0.0751953125,-0.072265625,0.026123046875,0.06103515625,-0.0234375,-0.0478515625,0.033203125,0.026123046875,-0.0439453125,-0.004638671875,0.04736328125,0.00439453125,-0.04345703125,-0.03125,-0.0263671875,-0.068603515625,-0.078857421875,0.00341796875,0.09375,0.05126953125,-0.060546875,-0.0576171875,0.016845703125,-0.02197265625,-0.07958984375,-0.02490234375,0.0361328125,-0.015869140625,-0.082763671875,-0.021240234375,0.052001953125,-0.000732421875,-0.0419921875,0.0205078125,0.0576171875,-0.00732421875,-0.051513671875,-0.0107421875,0.000244140625,-0.062255859375,-0.05126953125,0.03857421875,0.030029296875,-0.03857421875,-0.006591796875,0.068115234375,0.02685546875,-0.060546875,-0.061767578125,-0.016357421875,-0.033447265625,-0.061767578125,-0.036376953125,0.014404296875,0.011474609375,-0.05224609375,-0.03173828125,0.04736328125,0.03125,-0.033447265625,-0.01611328125,0.01611328125,-0.046142578125,-0.0703125,0.0029296875,0.039794921875,-0.0185546875,-0.046630859375,0.047119140625,0.085205078125,-0.016845703125,-0.06201171875,0.00732421875,0.014404296875,-0.072509765625,-0.056640625,0.037841796875,-0.068359375,-0.068359375,-0.040283203125,0.06982421875,0.052490234375,-0.05322265625,-0.02587890625,0.045166015625,-0.027099609375,-0.10986328125,-0.031982421875,0.032470703125,-0.066650390625,-0.08740234375,0.076416015625,0.076416015625,-0.02001953125,-0.029541015625,0.031982421875,0.02734375,-0.04443359375,-0.0556640625,-0.00634765625,-0.014404296875,-0.056640625,-0.028564453125,0.0498046875,0.044921875,-0.01708984375,-0.01708984375,0.0302734375,0.0068359375,-0.060302734375,-0.06103515625,-0.012939453125,-0.031005859375,-0.084716796875,-0.00634765625,0.10009765625,-0.000244140625,-0.0888671875,0.00048828125,-0.01708984375,-0.07958984375,-0.07958984375,0.00048828125,0.01708984375,-0.072509765625,-0.0654296875,0.057861328125,0.06787109375,-0.050537109375,-0.05859375,0.05859375,0.07666015625,-0.055908203125,0.028076171875,0.001708984375,0.001708984375,-0.125732421875,-0.033203125,0.11865234375,0.0078125,-0.127685546875,-0.01025390625,0.102294921875,-0.027099609375,-0.125732421875,-0.006103515625,0.055908203125,-0.076416015625,0.052490234375,0.052490234375,0.05712890625,-0.08935546875,-0.084228515625,0.07080078125,0.072265625,-0.07275390625,-0.072021484375,0.051513671875,0.005615234375,-0.1220703125,0.117431640625,0.023193359375,0.023193359375,-0.0859375,0.001953125,0.07568359375,-0.023681640625,-0.10009765625,-0.01318359375,0.031494140625,-0.05224609375,-0.067626953125,0.03515625,-0.057373046875,-0.061767578125,-0.061767578125,0.044921875,0.0400390625,-0.044677734375,-0.038818359375,0.022705078125,-0.0087890625,-0.10400390625,-0.06494140625,0.064697265625,-0.059326171875,-0.019775390625,0.09326171875,0.09326171875,0.02880859375,-0.09814453125,-0.047607421875,0.049560546875,-0.016357421875,-0.093017578125,-0.015625,0.048583984375,-0.031005859375,0.03173828125,0.093994140625,0.093994140625,-0.03466796875,-0.077880859375,0.03857421875,0.013427734375,-0.130126953125,-0.090087890625,0.0703125,0.044189453125,-0.08642578125,0.07275390625,0.028076171875,-0.060302734375,-0.060302734375,-0.02197265625,0.0400390625,0.00390625,-0.08447265625,-0.051513671875,0.046875,0.003173828125,-0.096435546875,0.137451171875,0.01416015625,-0.104736328125,-0.0068359375,-0.0068359375,0.072021484375,-0.04052734375,-0.107666015625,-0.003662109375,0.043701171875,-0.073974609375,-0.114501953125,0.042724609375,-0.03271484375,-0.06103515625,0.0390625,0.0390625,0.03466796875,-0.078369140625,-0.085205078125,0.018310546875,0.0126953125,-0.10107421875,-0.052490234375,0.101806640625,0.069091796875,-0.045654296875,0.076171875,0.031494140625,0.031494140625,-0.07568359375,-0.0625,0.029296875,-0.01513671875,-0.126220703125,-0.037109375,0.11865234375,0.03271484375,-0.108154296875,0.1083984375,-0.024658203125,-0.103271484375,0.025634765625,0.025634765625,0.041748046875,-0.09619140625,-0.083740234375,0.040283203125,-0.00634765625,-0.09130859375,-0.004150390625,0.099853515625,0.0478515625,-0.028564453125,0.015869140625,-0.00927734375,-0.064697265625,-0.03564453125,-0.03564453125,-0.002685546875,-0.03955078125,-0.039794921875,0.06201171875,0.0830078125,-0.02978515625,-0.06982421875,0.01904296875,-0.050537109375,-0.10693359375,-0.02001953125,0.020263671875,-0.028564453125,-0.028564453125,-0.044921875,-0.001953125,0.013916015625,0.0146484375,0.02294921875,-0.006103515625,-0.05517578125,-0.04638671875,0.00341796875,-0.064208984375,-0.058837890625,0.01904296875,0.033203125,0.033203125,0.004150390625,-0.02001953125,0.00927734375,0.05029296875,-0.001708984375,-0.0869140625,-0.061767578125,0.014892578125,-0.072265625,-0.0361328125,0.06689453125,0.0537109375,-0.011962890625,-0.011962890625,-0.033447265625,0.0,0.00830078125,-0.02294921875,-0.060791015625,-0.07470703125,-0.051025390625,-0.014404296875,0.054931640625,0.016845703125,-0.037353515625,0.017578125,0.058349609375,0.058349609375,-0.03759765625,-0.084228515625,-0.00146484375,0.026123046875,-0.0791015625,-0.0751953125,0.037841796875,0.076171875,-0.036376953125,-0.01953125,0.02197265625,0.001953125,-0.052490234375,-0.0654296875,-0.071044921875,-0.071044921875,-0.06494140625,0.02685546875,0.091552734375,-0.0322265625,-0.098388671875,0.02685546875,-0.009521484375,-0.104736328125,-0.032470703125,0.02001953125,-0.072998046875,-0.072998046875,-0.088134765625,0.03955078125,0.08984375,0.011474609375,-0.01416015625,0.01953125,-0.025390625,-0.030517578125,-0.004150390625,-0.02587890625,-0.0771484375,-0.022216796875,-0.022216796875,0.074951171875,0.03125,-0.05029296875,0.01806640625,0.100341796875,0.01220703125,-0.056884765625,-0.015380859375,-0.061279296875,-0.060546875,0.0166015625,0.039794921875,0.039794921875,-0.001708984375,-0.015380859375,0.02001953125,0.03173828125,-0.007080078125,-0.042724609375,-0.006103515625,-0.021484375,-0.04248046875,-0.01220703125,0.0126953125,0.0126953125,-0.032958984375,-0.070556640625,-0.026611328125,0.033447265625,0.04833984375,-0.056396484375,-0.054931640625,-0.00732421875,0.010986328125,-0.013671875,-0.00927734375,0.00048828125,0.00048828125,-0.01220703125,-0.022216796875,-0.03857421875,-0.02978515625,0.015869140625,-0.021484375,-0.017578125,-0.02685546875,-0.03857421875,-0.005615234375,0.018798828125,0.028564453125,0.028564453125,0.02734375,-0.035400390625,-0.06689453125,-0.030029296875,0.0029296875,0.045166015625,-0.020263671875,-0.042236328125,-0.010009765625,-0.009033203125,-0.00244140625,0.045166015625,0.045166015625,0.02294921875,-0.02978515625,-0.002197265625,-0.021484375,-0.018310546875,0.025634765625,0.01904296875,0.010009765625,-0.009765625,-0.04541015625,-0.017822265625,0.006591796875,0.006591796875,-0.018310546875,-0.01171875,0.028076171875,0.011474609375,-0.044189453125,-0.027587890625,-0.01318359375,0.005615234375,-0.03271484375,-0.021484375,0.026611328125,0.014404296875,-0.01220703125,-0.01220703125,-0.059326171875,-0.07763671875,-0.006103515625,0.02685546875,-0.003173828125,-0.04736328125,-0.0615234375,0.001708984375,-0.015380859375,-0.023193359375,0.038330078125,0.0087890625,-0.05615234375,-0.0537109375,-0.0537109375,-0.048828125,-0.015380859375,0.025390625,0.005126953125,0.03271484375,-0.007080078125,-0.09912109375,-0.107421875,-0.036376953125,0.0458984375,0.1083984375,0.073486328125,-0.04443359375,-0.04443359375,-0.09716796875,-0.054443359375,0.0166015625,0.07861328125,-0.011962890625,-0.0478515625,-0.036865234375,-0.032470703125,-0.03125,-0.065673828125,-0.096923828125,-0.023193359375,0.065673828125,0.065673828125,0.07275390625,0.052490234375,0.03076171875,-0.013916015625,-0.0634765625,-0.091064453125,-0.078369140625,-0.055908203125,-0.02978515625,-0.002197265625,0.0185546875,0.013916015625,-0.005859375,-0.005859375,-0.01025390625,0.00634765625,0.0205078125,0.02685546875,0.0625,0.0263671875,-0.08154296875,-0.106689453125,-0.041259765625,-0.0400390625,-0.050537109375,0.0126953125,0.030029296875,0.030029296875,0.050048828125,0.056640625,-0.058837890625,0.0078125,-0.072998046875,0.071044921875,-0.0107421875,-0.06982421875,0.10205078125,-0.088623046875,-0.058349609375,-0.025390625,-0.107421875,0.0478515625,-0.021240234375,-0.021240234375,-0.05615234375,0.02978515625,0.045166015625,0.049072265625,0.013916015625,0.017333984375,-0.03466796875,-0.040283203125,-0.0380859375,-0.06640625,-0.0341796875,-0.0341796875,-0.007568359375,-0.01953125,0.003173828125,-0.010498046875,0.030517578125,0.031982421875,0.071044921875,0.0224609375,-0.0595703125,-0.039794921875,-0.05908203125,-0.0439453125,-0.0439453125,0.0224609375,-0.001708984375,-0.040771484375,-0.0361328125,-0.02294921875,0.03662109375,0.020751953125,-0.034423828125,0.016845703125,0.027587890625,0.028076171875,0.00146484375,0.00146484375,-0.0625,-0.0537109375,-0.0478515625,-0.01318359375,-0.004638671875,0.0146484375,0.007568359375,-0.0234375,0.00341796875,-0.02392578125,-0.0390625,-0.010498046875,0.03759765625,0.03759765625,0.080322265625,-0.0166015625,-0.04541015625,0.048095703125,0.028076171875,-0.081298828125,-0.086181640625,0.015869140625,0.11328125,0.041259765625,-0.105712890625,-0.054443359375,-0.054443359375,0.08056640625,-0.05615234375,-0.107421875,0.034912109375,0.107421875,-0.048583984375,-0.1728515625,-0.0537109375,0.10546875,0.02734375,-0.111083984375,-0.025390625,-0.025390625,0.116455078125,-0.066650390625,-0.087158203125,-0.00390625,0.01953125,-0.071044921875,-0.056884765625,0.000244140625,0.0244140625,0.026123046875,-0.029052734375,-0.087890625,-0.087890625,-0.10205078125,0.0810546875,0.04541015625,-0.048095703125,0.007080078125,0.065673828125,-0.007080078125,-0.10302734375,-0.076904296875,0.03515625,0.008056640625,-0.072021484375,-0.018310546875,-0.018310546875,0.049072265625,-0.053955078125,-0.04736328125,0.019287109375,-0.005859375,-0.0439453125,0.02978515625,0.0703125,0.026123046875,-0.04638671875,-0.038818359375,-0.016845703125,-0.05908203125,-0.05908203125,0.0322265625,0.03369140625,-0.012451171875,-0.02734375,0.03955078125,0.029541015625,-0.0625,-0.05224609375,0.017333984375,0.00537109375,-0.043701171875,-0.0078125,0.034912109375,0.034912109375,-0.060546875,-0.039306640625,-0.0107421875,-0.060546875,-0.080322265625,0.02392578125,0.074462890625,-0.01904296875,-0.07666015625,-0.009033203125,0.03076171875,-0.0615234375,-0.090087890625,-0.090087890625,0.050048828125,-0.02880859375,-0.059326171875,0.02734375,0.04150390625,-0.064697265625,-0.07763671875,0.017333984375,0.026123046875,-0.0341796875,-0.021240234375,0.04931640625,0.05029296875,0.05029296875,-0.0078125,0.011474609375,-0.0478515625,-0.054931640625,-0.00390625,0.052978515625,0.00732421875,-0.07421875,0.005615234375,0.05810546875,-0.025634765625,-0.06298828125,-0.01171875,-0.01171875,-0.04443359375,-0.0830078125,-0.000732421875,0.046630859375,-0.00537109375,-0.049560546875,0.0224609375,0.043701171875,-0.05859375,-0.0751953125,0.000732421875,0.00244140625,-0.044677734375,-0.02734375,0.028564453125,0.017333984375,-0.033447265625,-0.018798828125,0.006591796875,-0.02197265625,-0.06298828125,-0.011474609375,0.061767578125,0.0068359375,-0.06494140625,-0.0263671875,0.0166015625,-0.03076171875,-0.073486328125,-0.014404296875,0.03564453125,0.017578125,-0.00048828125,0.021728515625,0.005859375,-0.06298828125,-0.0576171875,0.022705078125,0.00537109375,-0.048095703125,-0.00146484375,0.056396484375,0.01904296875,-0.05078125,-0.01708984375,0.036865234375,-0.017578125,-0.08544921875,-0.035888671875,0.05078125,0.02978515625,-0.03857421875,-0.021240234375,0.02734375,-0.029541015625,-0.080322265625,0.000244140625,0.04150390625,-0.025146484375,-0.065673828125,0.00244140625,0.01416015625,-0.051025390625,-0.0498046875,0.007568359375,0.016845703125,-0.047119140625,-0.03271484375,0.05615234375,0.01708984375,-0.064697265625,-0.01708984375,0.0302734375,-0.027099609375,-0.091796875,-0.018310546875,0.07568359375,0.010009765625,-0.005126953125,-0.005126953125,0.05224609375,-0.005615234375,-0.0634765625,-0.0009765625,0.026123046875,-0.052490234375,-0.083740234375,0.011962890625,0.052001953125,-0.020751953125,-0.0361328125,0.0302734375,0.025146484375,-0.049560546875,-0.0615234375,0.001953125,0.006103515625,-0.061279296875,-0.032470703125,0.058837890625,0.0205078125,-0.07080078125,-0.051025390625,0.032470703125,0.019775390625,-0.049560546875,-0.0107421875,0.046142578125,-0.008544921875,-0.0703125,-0.01953125,0.02490234375,-0.02880859375,-0.063720703125,0.0146484375,0.05810546875,-0.06494140625,-0.06494140625,-0.0009765625,0.032958984375,-0.052490234375,-0.09326171875,-0.000244140625,0.056884765625,-0.01318359375,-0.03515625,0.02880859375,0.005615234375,-0.060546875,-0.033935546875,0.001953125,0.001953125,-0.017822265625,0.00634765625,0.010986328125,-0.018798828125,-0.037353515625,0.001220703125,0.02490234375,-0.0302734375,-0.06201171875,0.02734375,0.05712890625,-0.04150390625,0.0166015625,0.0224609375,0.0224609375,-0.09521484375,-0.07861328125,0.06103515625,0.046142578125,-0.06982421875,-0.0615234375,0.041015625,0.029052734375,-0.081298828125,-0.058837890625,0.046630859375,-0.0830078125,-0.01513671875,-0.01513671875,0.0693359375,0.01513671875,-0.0888671875,-0.038818359375,0.063232421875,0.010498046875,-0.06298828125,0.012451171875,0.0546875,-0.033203125,0.001953125,0.05859375,-0.0322265625,-0.0322265625,-0.077880859375,0.033203125,0.07421875,-0.058837890625,-0.0849609375,0.042236328125,0.037841796875,-0.086181640625,-0.090087890625,0.041748046875,-0.05712890625,-0.05029296875,-0.05029296875,0.055908203125,0.024169921875,-0.074462890625,-0.031494140625,0.053466796875,-0.001953125,-0.0810546875,-0.029541015625,0.041015625,-0.000732421875,0.0,0.05908203125,0.05908203125,-0.020263671875,-0.07275390625,0.0263671875,0.05126953125,-0.0732421875,-0.1181640625,0.0048828125,0.05712890625,-0.046875,-0.07373046875,0.033447265625,-0.066650390625,-0.06396484375,0.052978515625,0.052978515625,0.045166015625,-0.07470703125,-0.059814453125,0.0302734375,-0.000732421875,-0.060546875,-0.0078125,0.068603515625,-0.000732421875,-0.072265625,0.077392578125,-0.022705078125,-0.022705078125,-0.096435546875,-0.0224609375,0.04541015625,-0.0234375,-0.0693359375,0.043701171875,0.080078125,-0.04345703125,-0.082763671875,0.04150390625,-0.069091796875,-0.093994140625,-0.093994140625,0.013427734375,0.021484375,-0.050537109375,-0.022216796875,0.0625,0.000732421875,-0.094482421875,-0.04638671875,0.022705078125,-0.064697265625,-0.021240234375,-0.021240234375,0.0458984375,-0.0244140625,-0.079345703125,0.004150390625,0.05615234375,-0.02880859375,-0.079345703125,0.0234375,-0.04150390625,-0.104248046875,0.02880859375,0.02880859375,0.0517578125,-0.081787109375,-0.093017578125,0.052490234375,0.071533203125,-0.048583984375,-0.053955078125,0.04296875,-0.095947265625,-0.0615234375,0.06201171875,0.017822265625,0.017822265625,-0.0849609375,-0.0166015625,0.086669921875,0.023681640625,-0.083740234375,-0.034912109375,0.071533203125,-0.095703125,-0.014892578125,0.0703125,-0.028076171875,-0.098876953125,-0.098876953125,-0.0009765625,0.060546875,-0.02880859375,-0.0791015625,0.025634765625,0.045654296875,-0.06689453125,0.03564453125,0.03955078125,-0.076171875,-0.071533203125,-0.071533203125,0.062744140625,0.0419921875,-0.09326171875,-0.064208984375,0.05810546875,0.0185546875,-0.080322265625,0.07861328125,0.01904296875,-0.08984375,-0.02685546875,0.064453125,0.064453125,-0.013427734375,-0.08984375,0.005615234375,0.076416015625,-0.0283203125,-0.075439453125,0.035888671875,-0.05712890625,-0.0947265625,0.029296875,0.047607421875,-0.06640625,-0.06640625,-0.079833984375,0.032958984375,0.043212890625,-0.05419921875,-0.034423828125,0.061767578125,0.003662109375,-0.1171875,0.07958984375,0.00439453125,-0.096435546875,-0.008056640625,0.089111328125,0.089111328125,-0.0029296875,-0.119140625,-0.037353515625,0.09375,0.015869140625,-0.084228515625,0.019775390625,-0.06982421875,-0.112548828125,0.029052734375,0.06640625,-0.08349609375,-0.09375,-0.09375,0.078125,0.078369140625,-0.0712890625,-0.070556640625,0.052490234375,0.022216796875,-0.120361328125,0.061767578125,0.036376953125,-0.055419921875,0.01025390625,0.105224609375,-0.00146484375,-0.00146484375,-0.130615234375,-0.051025390625,0.0625,-0.0205078125,-0.1015625,0.037841796875,-0.009521484375,-0.130126953125,-0.012939453125,0.05908203125,-0.06884765625,-0.114013671875,0.04541015625,0.04541015625,0.10400390625,-0.03564453125,-0.10400390625,0.000244140625,0.028076171875,-0.066650390625,0.050537109375,0.046875,-0.055419921875,-0.03173828125,0.062744140625,0.015869140625,-0.08935546875,-0.08935546875,-0.053955078125,0.035888671875,-0.0185546875,-0.090087890625,0.014892578125,0.11376953125,0.01416015625,-0.00146484375,0.046630859375,-0.072509765625,-0.10986328125,0.03173828125,0.080322265625,-0.0361328125,-0.0361328125,-0.047607421875,0.067138671875,0.044677734375,-0.09521484375,-0.09375,0.01220703125,-0.085205078125,-0.033447265625,0.091796875,0.040771484375,-0.0888671875,-0.04931640625,0.06103515625,0.06103515625,0.000732421875,-0.10546875,-0.029052734375,0.079833984375,0.0107421875,0.01171875,0.064697265625,-0.0595703125,-0.114013671875,0.010498046875,0.06494140625,0.06494140625,-0.03955078125,-0.079345703125,0.05859375,0.091552734375,-0.0703125,0.03173828125,0.032958984375,-0.094970703125,-0.079345703125,0.0576171875,0.037353515625,-0.06494140625,-0.06494140625,-0.03125,0.06494140625,-0.004638671875,-0.111572265625,-0.012451171875,-0.016357421875,-0.095458984375,0.02490234375,0.092041015625,-0.048828125,-0.125732421875,0.015625,0.015625,0.1044921875,-0.0224609375,-0.083251953125,0.05712890625,-0.0947265625,-0.1259765625,0.035888671875,0.072265625,-0.07958984375,-0.083740234375,0.091796875,0.070068359375,0.070068359375,-0.105224609375,-0.084228515625,0.05322265625,0.0224609375,-0.068359375,0.084716796875,0.015869140625,-0.11474609375,-0.026123046875,0.098876953125,0.01318359375,0.01318359375,-0.1025390625,-0.001220703125,0.0966796875,-0.040283203125,0.000732421875,0.103759765625,-0.02685546875,-0.092529296875,0.050537109375,0.077392578125,-0.0849609375,-0.10302734375,0.068115234375,0.068115234375,0.090087890625,-0.076416015625,-0.09814453125,0.017333984375,-0.10791015625,-0.053466796875,0.11328125,0.041259765625,-0.1044921875,-0.027099609375,0.082763671875,-0.039794921875,-0.15478515625,-0.15478515625,-0.0185546875,0.103759765625,-0.01904296875,-0.11279296875,0.13134765625,-0.018798828125,-0.12158203125,0.01708984375,0.0615234375,-0.095458984375,-0.0859375,0.060791015625,0.046142578125,-0.06494140625,-0.06494140625,-0.013427734375,0.099609375,0.013671875,-0.064208984375,0.0751953125,-0.017333984375,-0.124755859375,0.014892578125,0.130859375,-0.02294921875,-0.14892578125,-0.030029296875,0.07177734375,0.07177734375,-0.03759765625,-0.10595703125,0.043212890625,-0.046630859375,-0.104736328125,0.036376953125,0.0732421875,-0.081298828125,-0.087890625,0.090087890625,0.071044921875,-0.114501953125,-0.06396484375,-0.06396484375,0.115234375,0.048828125,-0.114013671875,0.090576171875,0.019287109375,-0.13720703125,-0.046142578125,0.117431640625,0.016845703125,-0.12841796875,-0.028564453125,0.07666015625,-0.041748046875,-0.041748046875,-0.129150390625,0.013671875,-0.036376953125,-0.1005859375,0.03125,0.055419921875,-0.076416015625,-0.098876953125,0.054443359375,0.08837890625,-0.077392578125,-0.0908203125,0.07666015625,0.07666015625,0.07470703125,-0.080810546875,-0.080810546875,0.059814453125,-0.1025390625,-0.04052734375,0.079833984375,0.014404296875,-0.08837890625,0.00048828125,0.082763671875,-0.029296875,-0.111328125,-0.005126953125,0.05078125,-0.078857421875,-0.078857421875,-0.099365234375,0.0869140625,-0.03515625,-0.076904296875,0.03955078125,0.058349609375,-0.079833984375,-0.081298828125,0.04052734375,0.03466796875,-0.064453125,-0.070068359375,-0.070068359375,0.046142578125,0.05322265625,-0.038330078125,0.069091796875,0.012939453125,-0.09912109375,-0.031005859375,0.062255859375,-0.025390625,-0.118408203125,-0.004150390625,0.06689453125,-0.0400390625,-0.0400390625,-0.066162109375,0.0634765625,-0.059326171875,-0.081787109375,0.0146484375,0.027587890625,-0.07666015625,-0.058837890625,0.0458984375,0.021240234375,-0.045654296875,0.013427734375,0.013427734375,-0.009521484375,-0.090576171875,-0.01513671875,0.06396484375,-0.031005859375,-0.111083984375,-0.0068359375,0.0888671875,-0.003173828125,-0.07666015625,0.012939453125,0.012939453125,0.0693359375,-0.11328125,0.00390625,0.055908203125,-0.054931640625,-0.07568359375,0.02734375,0.044921875,-0.05224609375,-0.0234375,0.0625,-0.012939453125,-0.012939453125,-0.121337890625,0.02978515625,-0.001220703125,-0.033447265625,0.01611328125,0.074951171875,-0.00390625,-0.092529296875,-0.03759765625,0.029052734375,-0.005126953125,-0.05419921875,-0.05419921875,0.05810546875,-0.007080078125,-0.056884765625,-0.02099609375,0.020263671875,-0.029541015625,-0.0732421875,-0.0087890625,0.033935546875,-0.013916015625,-0.030029296875,0.026611328125,0.026611328125,-0.032470703125,-0.022216796875,0.009033203125,-0.00390625,-0.064208984375,-0.043701171875,0.020263671875,-0.004150390625,-0.047607421875,0.0263671875,0.08642578125,0.005859375,0.005859375,-0.0302734375,0.008056640625,-0.027099609375,-0.041015625,-0.011474609375,0.01416015625,-0.001953125,-0.01611328125,-0.014892578125,-0.005615234375,-0.02587890625,-0.045166015625,-0.025146484375,-0.0048828125,-0.009765625,-0.000732421875,0.03125,-0.001953125,-0.058349609375,-0.05419921875,-0.014892578125,0.010986328125,-0.0244140625,-0.02734375,0.02001953125,0.01953125,0.01953125,-0.020263671875,0.01220703125,0.0,-0.030029296875,-0.03271484375,-0.0126953125,-0.0068359375,0.000732421875,0.010498046875,0.006103515625,-0.02490234375,-0.02490234375,-0.016845703125,-0.016845703125,-0.03466796875,-0.01025390625,0.016845703125,0.044677734375,0.0048828125,-0.04248046875,0.0048828125,0.001953125,-0.0673828125,-0.06396484375,-0.0302734375,0.0048828125,0.015380859375,-0.00244140625,0.01171875,0.039306640625,0.010009765625,-0.03466796875,-0.050537109375,-0.02978515625,-0.03564453125,-0.0361328125,0.00390625,0.00537109375,0.02294921875,0.04931640625,0.003173828125,-0.0322265625,-0.05224609375,-0.051513671875,-0.014892578125,-0.034423828125,-0.043212890625,0.005859375,0.048095703125,0.032470703125,-0.013427734375,-0.033447265625,-0.019775390625,-0.031005859375,-0.062255859375,-0.0478515625,0.0185546875,0.052978515625,0.0126953125,-0.015380859375,-0.011962890625,-0.016357421875,-0.029296875,-0.016845703125,0.010986328125,0.004638671875,-0.004638671875,-0.01025390625,-0.001220703125,-0.02783203125,-0.0390625,0.00341796875,0.00830078125,-0.012939453125,-0.030517578125,0.002197265625,0.005859375,-0.031494140625,-0.05224609375,-0.027587890625,0.000244140625,-0.00439453125,-0.000244140625,-0.01708984375,-0.031494140625,-0.0234375,-0.0146484375,0.015625,0.021728515625,-0.00244140625,0.00146484375,0.000244140625,-0.060302734375,-0.06201171875,-0.0087890625,0.048583984375,0.03759765625,-0.027099609375,-0.021484375,0.008056640625,-0.006591796875,-0.06640625,-0.02734375,0.04345703125,0.044677734375,-0.0029296875,-0.032470703125,-0.036865234375,-0.048828125,-0.0361328125,-0.0361328125,0.011474609375,0.00830078125,-0.00927734375,0.025146484375,-0.005126953125,-0.0615234375,-0.047119140625,0.001708984375,0.010009765625,-0.002685546875,0.017333984375,0.023193359375,-0.01318359375,-0.0439453125,-0.045654296875,-0.038330078125,-0.01025390625,0.02099609375,0.016845703125,-0.02490234375,-0.05810546875,-0.059814453125,-0.028564453125,-0.002197265625,0.02783203125,0.02783203125,0.05908203125,0.019775390625,-0.038330078125,-0.089599609375,-0.062255859375,0.001953125,0.011962890625,-0.018798828125,-0.03076171875,0.004638671875,-0.044189453125,-0.044189453125,-0.0146484375,0.0263671875,0.055908203125,0.02587890625,-0.020263671875,-0.0234375,-0.0419921875,-0.041748046875,-0.009765625,0.003173828125,0.009033203125,-0.0205078125,-0.0205078125,-0.019775390625,-0.021728515625,-0.049072265625,0.000732421875,0.039794921875,0.002685546875,0.0009765625,-0.02685546875,-0.03076171875,-0.0185546875,0.007080078125,0.016845703125,0.016845703125,0.003173828125,-0.026611328125,-0.061767578125,-0.061279296875,-0.017578125,0.000732421875,0.019775390625,0.015380859375,-0.001953125,-0.024658203125,-0.032470703125,-0.010986328125,0.044921875,0.044921875,-0.015380859375,0.013427734375,-0.045654296875,-0.04736328125,-0.0166015625,-0.068359375,0.037841796875,-0.031494140625,0.03466796875,0.049072265625,-0.07177734375,-0.048583984375,-0.078125,0.0517578125,0.0517578125,-0.081787109375,0.016357421875,0.0810546875,-0.050048828125,0.000732421875,0.01025390625,-0.030029296875,-0.015625,-0.005859375,-0.014892578125,-0.015625,-0.005615234375,-0.00048828125,0.032958984375,-0.004638671875,-0.001953125,-0.001953125,-0.02099609375,-0.061279296875,-0.041748046875,-0.025634765625,-0.005859375,0.016357421875,0.031494140625,0.021240234375,-0.009033203125,-0.013671875,-0.03076171875,-0.04052734375,-0.064453125,-0.0556640625,-0.01123046875,-0.01123046875,0.001953125,0.02734375,0.060546875,0.05078125,0.0390625,0.01025390625,-0.033447265625,-0.052001953125,-0.061279296875,-0.063720703125,-0.050537109375,-0.01806640625,0.001708984375,0.017578125,0.03466796875,0.03466796875,0.037353515625,0.010498046875,-0.03662109375,-0.074462890625,-0.077392578125,-0.01025390625,0.064697265625,0.044921875,-0.040283203125,-0.09814453125,0.021728515625,0.03076171875,-0.03515625,-0.044921875,0.02587890625,0.02587890625,0.037109375,-0.037841796875,-0.033447265625,0.027587890625,-0.010986328125,-0.039794921875,0.010009765625,-0.035400390625,-0.064453125,0.010498046875,-0.03564453125,0.061279296875,0.077880859375,0.0009765625,-0.0205078125,-0.0517578125,-0.0517578125,-0.070556640625,-0.0107421875,0.005859375,-0.03662109375,0.01953125,0.06005859375,-0.003173828125,-0.046142578125,-0.035400390625,-0.02685546875,-0.01318359375,0.00830078125,0.008056640625,0.03125,0.02880859375,-0.048095703125,-0.069580078125,0.029052734375,0.010986328125,0.0,-0.03564453125,-0.04736328125,-0.04248046875,-0.021484375,-0.002685546875,0.017578125,0.049560546875,0.01171875,0.01171875,-0.040771484375,-0.052001953125,-0.0380859375,-0.027587890625,0.000732421875,0.001708984375,-0.053466796875,-0.04248046875,-0.012939453125,-0.027099609375,-0.009033203125,-0.01806640625,-0.037109375,0.01708984375,0.059814453125,0.02294921875,-0.04248046875,-0.082763671875,-0.082275390625,0.056396484375,0.02880859375,-0.0380859375,-0.064453125,-0.0283203125,0.026611328125,0.041748046875,-0.002685546875,-0.052490234375,-0.019287109375,0.031494140625,0.001953125,0.001953125,-0.03955078125,-0.01611328125,0.0380859375,0.03125,-0.04736328125,-0.066162109375,0.021240234375,0.06982421875,-0.015380859375,-0.089599609375,-0.019775390625,0.07568359375,0.056640625,-0.052001953125,-0.07763671875,0.013671875,0.041259765625,-0.10302734375,-0.09326171875,0.048583984375,0.066650390625,-0.14990234375,0.030029296875,0.106201171875,-0.056396484375,-0.1181640625,0.052734375,0.10986328125,-0.0703125,-0.15771484375,-0.00244140625,0.108154296875,-0.034912109375,-0.146484375,-0.146484375,-0.00244140625,0.117919921875,-0.02001953125,-0.123291015625,0.0341796875,0.1396484375,-0.012451171875,-0.114990234375,-0.00244140625,0.058349609375,-0.051025390625,-0.11669921875,0.0087890625,0.0986328125,0.00390625,-0.044189453125,0.002197265625,-0.0322265625,-0.043701171875,-0.00537109375,0.00634765625,-0.0244140625,-0.04931640625,-0.005859375,0.041748046875,0.038818359375,0.004150390625,-0.000244140625,0.0087890625,0.013916015625,0.005126953125,-0.05810546875,-0.05810546875,-0.08544921875,-0.029541015625,0.00439453125,-0.039306640625,-0.0390625,0.0546875,0.066162109375,-0.024658203125,-0.068115234375,-0.00634765625,0.055908203125,-0.036865234375,-0.138916015625,-0.077880859375,0.007080078125,-0.02392578125,-0.061767578125,0.02490234375,0.084716796875,-0.07080078125,0.01611328125,0.046630859375,-0.0390625,-0.080810546875,-0.0205078125,0.021240234375,-0.03955078125,-0.042236328125,0.059814453125,0.06689453125,-0.0439453125,-0.04443359375,0.0556640625,0.060302734375,-0.052734375,-0.09228515625,-0.09228515625,-0.0263671875,-0.0078125,-0.04150390625,-0.028076171875,0.032958984375,0.036865234375,-0.0087890625,-0.005859375,0.0263671875,-0.0283203125,-0.0537109375,0.00146484375,-0.056396484375,-0.0810546875,0.027099609375,0.0927734375,-0.015869140625,-0.078857421875,0.03271484375,0.1064453125,-0.05126953125,-0.15087890625,-0.004150390625,0.10791015625,-0.042724609375,-0.1767578125,0.00439453125,0.146240234375,0.008056640625,-0.106201171875,-0.019775390625,0.05908203125,0.05908203125,-0.028564453125,-0.091552734375,-0.013916015625,0.009765625,-0.07373046875,-0.06298828125,0.023193359375,0.0009765625,-0.04443359375,0.0244140625,0.08154296875,-0.0302734375,-0.1064453125,0.0,0.060546875,-0.103515625,-0.015625,0.05419921875,-0.00341796875,-0.023681640625,0.04541015625,0.05810546875,-0.029052734375,-0.05126953125,0.012451171875,-0.0048828125,-0.07958984375,-0.053955078125,0.03759765625,0.017333984375,-0.06103515625,-0.002685546875,0.082275390625,0.00146484375,-0.101318359375,-0.101318359375,-0.017822265625,0.07275390625,-0.028564453125,-0.114013671875,-0.0322265625,0.038330078125,-0.021728515625,-0.044677734375,0.039306640625,0.0703125,-0.0634765625,0.0263671875,0.051025390625,-0.077392578125,-0.09912109375,0.026611328125,0.049072265625,-0.05908203125,-0.053466796875,0.062744140625,0.039794921875,-0.073486328125,-0.043212890625,0.073486328125,-0.00927734375,-0.150146484375,-0.055908203125,0.071044921875,0.003173828125,-0.09716796875,-0.01123046875,-0.01123046875,0.07763671875,-0.0029296875,-0.06787109375,0.01220703125,0.064453125,-0.05126953125,-0.09814453125,0.014892578125,0.055419921875,-0.0751953125,0.031005859375,0.05712890625,-0.0341796875,-0.045166015625,0.054443359375,0.04443359375,-0.093505859375,-0.082763671875,0.054443359375,0.043701171875,-0.08154296875,-0.066162109375,0.053955078125,0.030517578125,-0.0654296875,-0.01806640625,0.063720703125,-0.00927734375,-0.094970703125,-0.01611328125,0.059814453125,-0.041748046875,-0.041748046875,-0.107177734375,0.003662109375,0.080810546875,-0.00830078125,-0.05859375,0.036865234375,0.063232421875,-0.0576171875,0.041015625,0.056884765625,-0.061767578125,-0.093505859375,0.014892578125,0.040283203125,-0.04638671875,-0.031982421875,0.04296875,0.00390625,-0.0849609375,-0.03271484375,0.061279296875,-0.011962890625,-0.096435546875,-0.03125,0.041748046875,-0.032958984375,-0.098876953125,0.01416015625,0.083251953125,-0.0224609375,-0.09326171875,-0.09326171875,-0.00732421875,0.0830078125,-0.01123046875,-0.100341796875,-0.007080078125,0.058837890625,-0.05712890625,0.043212890625,0.07177734375,-0.040771484375,-0.072509765625,0.0234375,0.059814453125,-0.03857421875,-0.071533203125,0.009033203125,-0.005859375,-0.094970703125,-0.057373046875,0.07080078125,0.052490234375,-0.0498046875,-0.03515625,0.036865234375,0.004638671875,-0.07568359375,-0.0419921875,0.04052734375,0.0048828125,-0.0693359375,-0.029296875,-0.029296875,0.049560546875,-0.009765625,-0.075439453125,0.00634765625,0.003662109375,-0.0537109375,-0.0068359375,0.01708984375,-0.05810546875,-0.075439453125,0.018310546875,0.047607421875,-0.028076171875,-0.030029296875,0.03466796875,0.008056640625,-0.067138671875,-0.058349609375,0.00927734375,-0.017333984375,-0.077392578125,-0.022216796875,0.034912109375,0.000732421875,-0.0263671875,0.01953125,0.056640625,-0.00537109375,-0.053466796875,-0.017333984375,0.01318359375,0.01318359375,-0.033935546875,-0.067626953125,-0.00439453125,0.04345703125,-0.000244140625,0.0400390625,0.056640625,-0.035400390625,-0.064453125,0.011474609375,0.00927734375,-0.090087890625,-0.067138671875,0.04638671875,0.026611328125,-0.081787109375,-0.053466796875,0.06298828125,0.045166015625,-0.067626953125,-0.04296875,0.06298828125,-0.007568359375,-0.1298828125,-0.066162109375,0.04638671875,0.017822265625,-0.042724609375,0.02734375,0.082275390625,-0.02587890625,-0.082275390625,0.019775390625,0.06689453125,-0.034423828125,-0.089599609375,-0.089599609375,0.00439453125,-0.059814453125,-0.070068359375,0.04931640625,0.068115234375,-0.041015625,-0.036376953125,0.040771484375,-0.003662109375,-0.104736328125,-0.076904296875,0.033935546875,0.0126953125,-0.06640625,-0.009033203125,0.070068359375,-0.016845703125,-0.092529296875,0.00341796875,0.067138671875,-0.023681640625,-0.081787109375,0.013427734375,0.045166015625,-0.0693359375,-0.1044921875,0.030029296875,0.0927734375,-0.013671875,-0.044189453125,-0.044189453125,0.041259765625,-0.065673828125,-0.064453125,0.022705078125,-0.006591796875,-0.074951171875,-0.0283203125,0.039306640625,-0.013427734375,-0.072509765625,0.010009765625,0.085693359375,0.009033203125,-0.083984375,-0.036865234375,0.027099609375,-0.042236328125,-0.08447265625,0.00634765625,0.076416015625,0.005859375,-0.062255859375,-0.009033203125,0.031982421875,-0.029052734375,-0.052490234375,0.041748046875,0.066162109375,-0.056396484375,-0.109130859375,-0.0078125,0.039794921875,-0.040771484375,-0.025634765625,0.07470703125,0.025634765625,-0.080810546875,-0.03759765625,0.04150390625,-0.02490234375,-0.118408203125,-0.049072265625,0.062744140625,0.028564453125,-0.04296875,-0.005859375,0.031982421875,-0.049560546875,-0.091064453125,0.023193359375,0.0771484375,-0.017578125,-0.07568359375,-0.0107421875,0.036865234375,-0.018798828125,-0.037353515625,0.024169921875,0.037109375,-0.02392578125,-0.041748046875,0.034423828125,0.034423828125,-0.060302734375,-0.0732421875,-0.000244140625,0.026123046875,-0.029541015625,-0.033447265625,0.030517578125,0.016357421875,-0.04931640625,-0.032958984375,0.027587890625,0.00146484375,-0.072998046875,-0.06298828125,0.000732421875,-0.005615234375,-0.020263671875,0.012451171875,0.030029296875,-0.01123046875,-0.051513671875,-0.0146484375,0.03759765625,0.01953125,-0.029052734375,-0.014892578125,-0.01171875,-0.05224609375,-0.0478515625,0.020751953125,0.020751953125,-0.017578125,-0.000244140625,0.038818359375,-0.004638671875,-0.044189453125,-0.040771484375,-0.010986328125,-0.02587890625,-0.06640625,-0.024658203125,0.029052734375,0.01123046875,-0.038330078125,-0.017822265625,0.03125,0.006103515625,-0.02734375,-0.025634765625,0.0009765625,-0.02001953125,-0.054443359375,-0.002685546875,0.044677734375,0.0283203125,-0.00439453125,-0.003173828125,-0.00390625,-0.0361328125,-0.028076171875,0.003662109375,-0.044189453125,-0.058349609375,-0.058349609375,-0.010986328125,0.010009765625,-0.017578125,0.003662109375,0.04296875,0.00390625,-0.041259765625,-0.029541015625,-0.009521484375,-0.040771484375,-0.057373046875,-0.0224609375,0.01513671875,0.0126953125,-0.016845703125,0.008056640625,0.017333984375,-0.018310546875,-0.021728515625,0.0244140625,0.033203125,-0.044677734375,-0.06689453125,-0.005859375,0.009521484375,-0.03369140625,-0.026123046875,0.02490234375,-0.034423828125,-0.035888671875,0.034423828125,0.010009765625,0.010009765625,-0.069580078125,-0.0361328125,0.013916015625,-0.011474609375,-0.04052734375,-0.014892578125,0.021728515625,-0.00927734375,-0.027587890625,0.000244140625,0.01513671875,-0.011962890625,-0.051025390625,-0.0263671875,0.0078125,-0.017333984375,-0.02001953125,0.00732421875,0.01611328125,-0.005615234375,-0.0263671875,0.01025390625,0.016845703125,-0.03125,-0.03857421875,-0.015380859375,-0.04541015625,-0.01171875,0.021240234375,-0.0078125,-0.025390625,-0.025390625,-0.00146484375,0.013671875,-0.019775390625,-0.050537109375,-0.016845703125,0.0068359375,-0.031982421875,-0.02783203125,0.01318359375,0.017333984375,-0.0146484375,-0.015869140625,0.013427734375,0.011962890625,-0.02392578125,-0.015869140625,0.015625,-0.010009765625,-0.05712890625,-0.037841796875,0.01904296875,0.002197265625,-0.0302734375,-0.009033203125,0.0166015625,-0.059326171875,-0.001708984375,0.027099609375,-0.029296875,-0.06689453125,-0.016357421875,0.02587890625,0.02587890625,-0.0078125,-0.033203125,0.00439453125,0.010498046875,-0.0361328125,-0.035888671875,0.023193359375,0.026123046875,-0.042724609375,-0.050048828125,0.013671875,0.04736328125,0.011474609375,-0.012939453125,0.016845703125,0.010498046875,-0.055419921875,-0.05322265625,0.01318359375,0.00146484375,-0.065185546875,-0.0380859375,0.032958984375,0.00146484375,0.001708984375,0.037353515625,-0.02099609375,-0.07177734375,-0.031005859375,0.033203125,-0.00634765625,-0.0712890625,-0.0712890625,-0.05224609375,0.002197265625,-0.01220703125,-0.0341796875,0.03564453125,0.074462890625,-0.0048828125,-0.08251953125,-0.03662109375,0.033447265625,0.00146484375,-0.04443359375,-0.02587890625,0.001953125,-0.007568359375,-0.018798828125,0.01806640625,0.033203125,-0.013671875,-0.037109375,0.001708984375,-0.03564453125,-0.049560546875,-0.028076171875,-0.03662109375,-0.0322265625,0.002197265625,0.03564453125,0.021484375,-0.01904296875,-0.02587890625,-0.02587890625,-0.00244140625,0.005615234375,-0.013916015625,-0.02490234375,-0.023681640625,-0.036865234375,-0.02734375,0.012939453125,0.029052734375,-0.002197265625,-0.015869140625,0.00048828125,-0.001220703125,-0.01708984375,-0.015380859375,0.00341796875,-0.021240234375,-0.054443359375,-0.02978515625,0.001953125,-0.040283203125,-0.008056640625,0.03271484375,-0.007080078125,-0.057373046875,-0.03564453125,0.00732421875,-0.0400390625,-0.0908203125,-0.027587890625,0.04052734375,0.04052734375,0.014892578125,-0.02587890625,0.01025390625,0.036865234375,-0.0048828125,-0.0390625,-0.010498046875,0.015380859375,-0.019775390625,-0.054443359375,-0.0263671875,0.0087890625,-0.008056640625,-0.015380859375,0.02197265625,0.027587890625,-0.023681640625,-0.035400390625,-0.00439453125,-0.058837890625,-0.06591796875,-0.007080078125,0.016357421875,0.004150390625,-0.001953125,-0.004638671875,-0.02587890625,-0.0166015625,0.02880859375,0.023681640625,-0.0302734375,-0.05224609375,-0.041748046875,-0.03369140625,-0.03564453125,0.000732421875,0.066162109375,0.066162109375,0.056640625,-0.01806640625,-0.03955078125,0.0048828125,-0.00927734375,-0.0625,-0.0458984375,0.01171875,-0.00439453125,-0.0439453125,-0.014404296875,0.02490234375,-0.0048828125,-0.047607421875,-0.003173828125,0.066162109375,0.026611328125,-0.052001953125,-0.047119140625,-0.054443359375,-0.036865234375,0.046142578125,0.07421875,-0.0078125,-0.06494140625,-0.014404296875,0.026123046875,-0.020263671875,-0.03662109375,0.009033203125,0.004150390625,-0.054931640625,-0.054931640625,-0.0576171875,0.008544921875,0.05126953125,0.0263671875,-0.005126953125,0.00341796875,-0.010498046875,-0.040771484375,-0.029052734375,-0.0205078125,-0.050048828125,-0.052001953125,-0.00732421875,0.03564453125,0.018310546875,-0.029052734375,-0.013671875,-0.012939453125,-0.006591796875,0.037109375,0.027099609375,-0.04931640625,-0.072509765625,-0.013671875,0.03369140625,0.013916015625,-0.009521484375,0.01708984375,0.009033203125,-0.05615234375,-0.051513671875,0.004150390625,0.004150390625,-0.02490234375,-0.08251953125,-0.055908203125,0.0087890625,0.049072265625,0.043701171875,0.01513671875,-0.00390625,-0.048095703125,-0.0625,0.007080078125,0.045654296875,-0.027587890625,-0.062744140625,-0.011962890625,-0.01611328125,-0.019287109375,0.023681640625,0.03955078125,-0.02978515625,-0.06396484375,0.02587890625,0.076171875,-0.005126953125,-0.083740234375,-0.059326171875,0.00634765625,0.025634765625,0.01416015625,0.032470703125,0.005126953125,0.005126953125,-0.0888671875,-0.0849609375,0.0126953125,0.043701171875,-0.00341796875,-0.0576171875,-0.052001953125,-0.028076171875,-0.032470703125,-0.003173828125,0.04736328125,0.046142578125,-0.022705078125,0.016845703125,0.030029296875,-0.0009765625,-0.052490234375,-0.081298828125,-0.0576171875,0.00634765625,0.05224609375,0.027587890625,-0.027587890625,-0.0439453125,-0.022705078125,-0.008544921875,-0.003662109375,0.017333984375,0.0390625,-0.01220703125,-0.01220703125,-0.089599609375,-0.052978515625,0.03271484375,0.030517578125,-0.02197265625,-0.008056640625,0.047119140625,0.025390625,-0.065673828125,-0.0908203125,-0.02197265625,-0.044677734375,-0.004150390625,0.04345703125,-0.0048828125,-0.072998046875,-0.0537109375,0.023193359375,0.03759765625,0.005615234375,0.010498046875,0.01708984375,-0.020263671875,-0.070068359375,-0.057861328125,0.003173828125,0.02392578125,-0.003662109375,0.0107421875,0.02490234375,-0.02783203125,-0.02783203125,-0.074951171875,-0.052734375,-0.02001953125,-0.0078125,0.0234375,0.027587890625,-0.019775390625,-0.054931640625,-0.02978515625,0.001708984375,0.012451171875,0.0546875,0.027099609375,-0.0888671875,-0.10791015625,0.005615234375,0.0517578125,-0.0166015625,-0.039794921875,0.023681640625,0.049560546875,-0.02392578125,-0.077392578125,-0.0078125,0.062255859375,-0.021240234375,-0.08056640625,-0.000244140625,0.01708984375,-0.0595703125,-0.0595703125,-0.0634765625,0.037109375,0.070556640625,-0.05029296875,-0.000732421875,0.02587890625,-0.036376953125,-0.080810546875,-0.046630859375,-0.005615234375,0.013427734375,0.018310546875,-0.0068359375,-0.0068359375,-0.024658203125,-0.02734375,-0.023681640625,0.0087890625,-0.009521484375,-0.0390625,-0.069091796875,-0.064208984375,-0.005859375,0.041015625,0.0390625,0.004150390625,-0.00732421875,-0.00732421875,-0.00341796875,-0.0205078125,-0.04052734375,0.022216796875,-0.040283203125,-0.0947265625,-0.048095703125,0.05517578125,0.079833984375,0.0087890625,-0.038330078125,-0.006103515625,0.028076171875,0.028076171875,0.022216796875,-0.000244140625,-0.0205078125,-0.056396484375,-0.0712890625,-0.0087890625,0.04833984375,0.033935546875,-0.010498046875,-0.0537109375,-0.011474609375,0.061279296875,0.050537109375,0.050537109375,-0.015869140625,-0.087646484375,0.012939453125,0.033203125,-0.011962890625,-0.035888671875,-0.043701171875,-0.010986328125,0.038818359375,0.028564453125,0.02001953125,0.00732421875,-0.05029296875,-0.05859375,-0.05859375,-0.006103515625,-0.005126953125,-0.026123046875,-0.050048828125,-0.062255859375,0.00146484375,-0.01513671875,-0.0517578125,-0.00439453125,0.0146484375,-0.012939453125,-0.0009765625,0.015625,0.015625,-0.0087890625,-0.014404296875,-0.028564453125,0.024169921875,0.021484375,0.00244140625,-0.033447265625,-0.05078125,-0.048583984375,-0.01806640625,0.001708984375,-0.0009765625,0.012939453125,-0.018310546875,-0.018310546875,-0.0087890625,-0.001220703125,0.01171875,-0.00830078125,-0.049072265625,0.0302734375,0.048828125,-0.002197265625,0.007568359375,-0.0556640625,-0.085205078125,-0.085205078125,0.03857421875,-0.046630859375,0.02197265625,-0.01708984375,-0.072021484375,0.041259765625,0.037109375,-0.07373046875,-0.028564453125,0.016845703125,-0.015380859375,0.007568359375,0.007568359375,-0.052978515625,-0.0185546875,-0.010498046875,-0.033447265625,-0.001220703125,0.035400390625,0.0224609375,-0.013916015625,-0.054931640625,-0.057373046875,-0.01806640625,-0.0146484375,-0.0146484375,-0.022705078125,-0.007080078125,-0.000244140625,-0.025634765625,-0.05517578125,-0.031005859375,0.02099609375,0.02197265625,-0.000244140625,0.00634765625,0.02001953125,0.02001953125,0.014892578125,-0.02685546875,-0.021484375,0.00927734375,0.017333984375,-0.004150390625,-0.0244140625,-0.037841796875,-0.045654296875,-0.046142578125,-0.042724609375,-0.011474609375,-0.011474609375,0.030517578125,0.007080078125,-0.019287109375,-0.021484375,0.000244140625,0.015625,-0.00927734375,-0.036376953125,-0.018310546875,-0.032470703125,-0.046630859375,0.00048828125,0.00048828125,-0.06005859375,-0.010009765625,-0.013916015625,-0.076416015625,-0.015625,0.033203125,-0.031494140625,0.039306640625,0.020263671875,-0.03466796875,0.072265625,-0.040771484375,-0.033203125,-0.019775390625,-0.122802734375,-0.022705078125,-0.058837890625,0.0009765625,0.045166015625,0.04150390625,0.055908203125,-0.007080078125,-0.009765625,-0.030517578125,-0.046875,-0.013671875,-0.00927734375,-0.000732421875,-0.002197265625,-0.019775390625,-0.018310546875,-0.0517578125,-0.02001953125,-0.005126953125,-0.001708984375,0.01220703125,-0.017333984375,-0.0048828125,-0.0029296875,-0.017822265625,0.03759765625,-0.022705078125,-0.012451171875,0.0302734375,-0.063232421875,-0.029296875,0.0166015625,-0.03466796875,-0.01416015625,-0.020263671875,-0.04638671875,0.015380859375,0.026123046875,-0.00830078125,-0.0146484375,-0.025146484375,-0.0556640625,0.00048828125,0.041748046875,0.021728515625,0.0498046875,0.016357421875,-0.026123046875,-0.0556640625,-0.066162109375,-0.020263671875,-0.0146484375,-0.002685546875,-0.03125,-0.041015625,-0.014892578125,-0.022216796875,-0.00537109375,-0.00390625,0.025634765625,0.0,-0.029052734375,-0.0205078125,-0.027587890625,0.007080078125,-0.003173828125,-0.0361328125,-0.029296875,-0.008544921875,-0.012939453125,-0.03125,-0.048095703125,-0.02294921875,-0.0029296875,-0.01708984375,-0.013427734375,-0.004150390625,0.001220703125,0.00927734375,0.015869140625,0.00830078125,-0.013916015625,-0.027587890625,-0.034423828125,-0.03759765625,-0.061279296875,-0.072265625,-0.001708984375,0.054443359375,0.044677734375,0.0263671875,0.026123046875,0.005859375,-0.016357421875,-0.0302734375,-0.001708984375,0.02099609375,0.02734375,0.01171875,-0.022705078125,-0.0390625,-0.02783203125,-0.0224609375,-0.0263671875,-0.017578125,0.00830078125,0.02294921875,0.007080078125,-0.006103515625,-0.006103515625,-0.003173828125,-0.031494140625,-0.0654296875,-0.0380859375,-0.001708984375,-0.01513671875,-0.0283203125,-0.00634765625,-0.0126953125,-0.04931640625,-0.01904296875,-0.02490234375,-0.02490234375,-0.047119140625,-0.02587890625,-0.00927734375,-0.0126953125,-0.015869140625,0.009521484375,0.034423828125,0.0087890625,-0.02783203125,-0.0556640625,-0.02783203125,-0.02783203125,-0.029052734375,-0.029296875,0.001708984375,0.044921875,0.056396484375,0.02734375,-0.022216796875,-0.0341796875,-0.0263671875,-0.0361328125,0.007568359375,0.023193359375,0.023193359375,0.037353515625,0.030517578125,-0.001220703125,-0.0029296875,0.002197265625,-0.02099609375,-0.047607421875,-0.048095703125,-0.03125,0.001220703125,0.031494140625,0.031494140625,0.02734375,-0.017822265625,-0.015869140625,-0.014892578125,-0.05029296875,-0.066162109375,-0.034423828125,-0.00830078125,-0.029541015625,-0.033935546875,0.02685546875,-0.047607421875,-0.067626953125,-0.067626953125,-0.03125,-0.04052734375,-0.023681640625,-0.0048828125,0.0126953125,0.017822265625,-0.021728515625,-0.0234375,0.021728515625,-0.056396484375,-0.0107421875,0.016845703125,0.016845703125,-0.008056640625,-0.025390625,0.01220703125,0.04736328125,-0.01123046875,-0.048095703125,-0.02587890625,0.002685546875,0.00390625,0.01123046875,0.02392578125,0.02392578125,-0.006591796875,-0.0400390625,-0.027587890625,0.001220703125,-0.01318359375,-0.040771484375,-0.00830078125,0.007568359375,-0.02197265625,-0.02880859375,0.029541015625,-0.061767578125,-0.02978515625,0.05078125,0.05078125,0.01708984375,-0.083740234375,-0.0419921875,0.05859375,0.003173828125,-0.087646484375,-0.0205078125,0.06689453125,-0.005615234375,-0.080322265625,0.0107421875,-0.043701171875,-0.04638671875,-0.04638671875,0.017578125,0.02734375,-0.03369140625,-0.036376953125,0.036865234375,0.018310546875,-0.050048828125,-0.013427734375,0.056396484375,-0.01318359375,-0.050537109375,0.041259765625,0.0087890625,0.0087890625,-0.0380859375,0.00244140625,0.063720703125,0.01806640625,-0.078857421875,-0.05322265625,0.03173828125,0.0068359375,-0.072021484375,-0.027099609375,0.00537109375,-0.05322265625,0.000244140625,0.000244140625,0.033203125,-0.06103515625,-0.105224609375,0.00390625,0.043212890625,-0.048583984375,-0.0732421875,0.049072265625,0.08251953125,-0.07861328125,-0.124755859375,0.0869140625,-0.064208984375,-0.09716796875,0.054931640625,0.054931640625,0.073486328125,-0.074462890625,-0.0712890625,0.0927734375,0.064453125,-0.113037109375,-0.08544921875,0.065673828125,0.009521484375,-0.007568359375,0.118408203125,0.025390625,-0.115234375,-0.115234375,-0.017333984375,0.06689453125,-0.05078125,-0.128173828125,0.009765625,0.09521484375,-0.0380859375,-0.103759765625,0.0595703125,-0.058349609375,-0.143310546875,0.007568359375,0.067138671875,0.067138671875,-0.074462890625,-0.099853515625,0.088623046875,0.127197265625,-0.060791015625,-0.123046875,0.013671875,0.044921875,-0.089599609375,0.09619140625,0.0537109375,-0.11328125,-0.07470703125,0.0791015625,0.0791015625,0.033935546875,-0.14208984375,-0.062255859375,0.12109375,0.013916015625,-0.15087890625,-0.0283203125,0.012939453125,-0.148681640625,-0.047119140625,0.05908203125,0.05908203125,-0.02099609375,-0.109130859375,0.040283203125,0.166015625,0.006591796875,-0.123291015625,0.0078125,-0.0576171875,-0.124267578125,0.055419921875,0.09033203125,-0.077392578125,-0.077392578125,-0.072265625,0.091796875,0.09716796875,-0.08544921875,-0.082275390625,0.078125,-0.157470703125,-0.081298828125,0.11572265625,0.05712890625,-0.12060546875,-0.12060546875,-0.053955078125,0.117919921875,0.018798828125,-0.153564453125,-0.022216796875,0.12646484375,-0.00390625,-0.0166015625,0.10107421875,-0.0517578125,-0.181640625,-0.00390625,-0.00390625,0.146728515625,-0.010009765625,-0.135498046875,0.042236328125,0.148193359375,-0.05810546875,-0.006103515625,0.071044921875,-0.06884765625,-0.100341796875,0.081298828125,0.135498046875,0.135498046875,-0.071044921875,-0.119140625,0.053955078125,0.052978515625,-0.1171875,-0.096435546875,0.067626953125,-0.1328125,-0.064697265625,0.13720703125,0.07373046875,-0.12158203125,-0.12158203125,-0.041015625,0.13134765625,0.00244140625,-0.16796875,-0.02880859375,0.007080078125,-0.140869140625,-0.01708984375,0.116943359375,-0.011474609375,-0.12646484375,-0.12646484375,0.0126953125,0.10693359375,-0.050537109375,-0.1396484375,0.0205078125,0.10498046875,-0.142578125,0.03759765625,0.078369140625,-0.09326171875,-0.09326171875,0.06640625,0.05859375,0.05859375,-0.10107421875,-0.08837890625,0.05517578125,0.039794921875,-0.1083984375,-0.062255859375,0.05859375,-0.107177734375,-0.0458984375,0.10986328125,0.006591796875,-0.133056640625,-0.00927734375,-0.00927734375,0.10595703125,-0.01513671875,-0.13525390625,-0.033203125,0.1083984375,0.002197265625,0.034912109375,0.095703125,-0.0634765625,-0.109619140625,0.039306640625,0.070556640625,-0.083984375,-0.083984375,-0.090087890625,0.054931640625,0.058837890625,-0.111083984375,-0.086669921875,0.1044921875,-0.100830078125,-0.071533203125,0.081298828125,0.060546875,-0.099853515625,-0.072509765625,0.060546875,0.060546875,0.007568359375,-0.1083984375,-0.021728515625,0.111572265625,0.0087890625,-0.004638671875,0.096435546875,-0.034423828125,-0.14697265625,-0.0185546875,0.087890625,-0.051025390625,-0.126708984375,0.03076171875,0.116943359375,-0.046630859375,-0.046630859375,-0.11181640625,0.052978515625,0.09423828125,-0.08984375,-0.115478515625,0.0810546875,-0.048583984375,-0.056640625,0.074462890625,0.047607421875,-0.09033203125,-0.053955078125,0.071044921875,0.071044921875,0.036376953125,-0.082275390625,-0.046142578125,0.0615234375,-0.003662109375,-0.03369140625,0.0712890625,-0.013427734375,-0.107421875,-0.002197265625,0.079345703125,-0.048828125,-0.093017578125,-0.093017578125,0.021484375,0.052978515625,-0.060791015625,-0.0849609375,0.052734375,-0.078125,-0.077880859375,0.06298828125,0.065185546875,-0.046142578125,-0.02978515625,0.0517578125,-0.006103515625,-0.006103515625,-0.122802734375,-0.058837890625,0.07861328125,0.039306640625,0.011962890625,0.09375,-0.017578125,-0.1123046875,-0.025390625,0.055419921875,-0.0341796875,-0.0908203125,-0.0908203125,0.01708984375,0.07568359375,-0.037353515625,0.038818359375,0.0419921875,-0.076904296875,-0.0771484375,0.048095703125,0.051513671875,-0.078125,-0.0595703125,0.063720703125,0.063720703125,0.037353515625,-0.07861328125,-0.047607421875,0.0361328125,-0.08056640625,-0.0400390625,0.072509765625,0.0029296875,-0.1162109375,-0.039306640625,0.064208984375,0.064208984375,-0.026611328125,-0.111083984375,0.009765625,-0.00732421875,-0.103515625,-0.001220703125,0.061279296875,-0.064208984375,-0.11328125,0.011962890625,0.054931640625,-0.0556640625,-0.0556640625,-0.0556640625,0.073974609375,0.08154296875,-0.065185546875,0.037109375,0.03271484375,-0.0859375,-0.0595703125,0.059326171875,0.029296875,-0.068603515625,-0.005615234375,-0.005615234375,0.09619140625,0.0107421875,-0.035400390625,0.059814453125,-0.01611328125,-0.09130859375,-0.00341796875,0.072998046875,-0.034912109375,-0.111083984375,-0.00439453125,0.10107421875,0.10107421875,-0.010986328125,-0.107666015625,0.054443359375,-0.03515625,-0.076171875,0.027099609375,0.0576171875,-0.051513671875,-0.072509765625,0.0322265625,0.04443359375,0.04443359375,-0.052490234375,-0.041015625,0.03662109375,-0.074951171875,-0.02734375,0.067626953125,0.000732421875,-0.09326171875,-0.043212890625,0.05517578125,0.008056640625,-0.06005859375,0.0087890625,0.051025390625,0.051025390625,-0.044189453125,0.02001953125,0.049072265625,-0.054931640625,-0.078369140625,0.01708984375,0.0556640625,-0.0517578125,-0.065673828125,0.055908203125,0.039306640625,-0.083251953125,-0.04931640625,-0.04931640625,0.077880859375,-0.0810546875,-0.0625,0.0380859375,0.020751953125,-0.073974609375,-0.0263671875,0.0830078125,0.01708984375,-0.088134765625,-0.04248046875,0.046630859375,-0.014404296875,-0.014404296875,-0.102783203125,0.068115234375,-0.00390625,-0.072265625,-0.00048828125,0.056884765625,-0.044189453125,-0.09375,-0.0009765625,0.051513671875,-0.0380859375,-0.072998046875,0.014892578125,0.014892578125,0.045166015625,-0.057861328125,0.045166015625,0.06103515625,-0.040771484375,-0.05419921875,0.028076171875,0.041748046875,-0.04931640625,-0.062744140625,0.01953125,-0.001220703125,-0.0625,-0.0625,-0.024658203125,0.01513671875,-0.06982421875,-0.022705078125,0.043701171875,-0.01708984375,-0.0849609375,-0.00146484375,0.06298828125,-0.02685546875,-0.09716796875,0.00537109375,0.081787109375,0.081787109375,-0.08447265625,0.01806640625,0.05908203125,-0.063232421875,-0.087890625,0.04833984375,0.060546875,-0.08203125,-0.07373046875,0.069091796875,0.04150390625,-0.084228515625,-0.05224609375,-0.05224609375,0.01904296875,-0.09130859375,-0.033203125,0.063720703125,0.0029296875,-0.097900390625,-0.0400390625,0.061279296875,0.000244140625,-0.0576171875,0.005615234375,0.056396484375,-0.006103515625,-0.006103515625,-0.025634765625,0.01611328125,-0.033447265625,-0.05810546875,0.01806640625,0.048828125,-0.04541015625,-0.052001953125,0.041015625,0.0166015625,-0.0625,-0.012939453125,-0.012939453125,0.0009765625,-0.1015625,-0.029296875,0.066162109375,-0.0078125,-0.09521484375,-0.016357421875,0.07080078125,-0.003662109375,-0.08642578125,-0.037353515625,0.046875,-0.02197265625,-0.0966796875,-0.03076171875,0.056640625,-0.0048828125,-0.04833984375,0.040283203125,0.067138671875,-0.0576171875,-0.09375,0.014892578125,0.033935546875,-0.07177734375,-0.059814453125,0.06494140625,0.05908203125,-0.059814453125,-0.057373046875,0.0634765625,0.045654296875,-0.07421875,-0.051513671875,0.058349609375,0.03125,-0.0693359375,-0.063720703125,0.019287109375,-0.0009765625,-0.058349609375,-0.021728515625,0.047119140625,-0.002685546875,-0.0703125,-0.009765625,0.052734375,-0.02294921875,-0.070556640625,-0.001953125,0.034912109375,-0.044921875,-0.0771484375,0.02734375,0.06591796875,-0.043212890625,-0.068359375,0.034423828125,0.048828125,-0.062255859375,-0.0830078125,0.015869140625,0.021728515625,-0.062255859375,-0.029052734375,0.071044921875,0.044189453125,-0.046142578125,-0.064208984375,-0.000244140625,-0.00927734375,-0.053466796875,-0.016357421875,0.033447265625,-0.013671875,-0.0673828125,-0.026123046875,0.045166015625,-0.000244140625,-0.04833984375,0.016357421875,0.03564453125,-0.0439453125,-0.04052734375,0.0244140625,0.015380859375,-0.0556640625,-0.04052734375,0.051513671875,0.032958984375,-0.055419921875,-0.03466796875,0.04052734375,0.015869140625,-0.067626953125,-0.05615234375,0.01708984375,-0.001220703125,-0.062744140625,-0.04541015625,0.048095703125,0.038330078125,-0.04443359375,-0.04443359375,0.030517578125,-0.007080078125,-0.063232421875,-0.033935546875,0.02490234375,-0.010009765625,-0.05029296875,0.00439453125,0.033447265625,-0.026123046875,-0.0390625,0.0244140625,-0.02978515625,-0.02978515625,-0.043212890625,0.0205078125,0.008056640625,-0.08056640625,-0.06298828125,0.04443359375,0.039306640625,-0.03662109375,-0.0126953125,0.06396484375,0.01611328125,-0.099365234375,0.040771484375,0.040771484375,0.0166015625,-0.050537109375,-0.025146484375,0.04931640625,0.015625,-0.06396484375,-0.0302734375,0.02490234375,-0.029296875,-0.054443359375,0.015869140625,0.055419921875,-0.066650390625,-0.066650390625,-0.00439453125,0.027099609375,-0.022216796875,-0.047607421875,-0.0048828125,0.01904296875,-0.038818359375,-0.0458984375,0.043701171875,0.032470703125,-0.056640625,-0.053955078125,0.00439453125,0.00439453125,-0.03759765625,-0.02734375,0.027587890625,0.00244140625,-0.032958984375,-0.007568359375,0.020263671875,-0.04248046875,-0.081787109375,0.00341796875,0.06591796875,-0.07421875,0.024658203125,0.024658203125,0.067138671875,-0.0166015625,-0.0595703125,-0.002197265625,0.01953125,-0.04150390625,-0.05029296875,0.027099609375,0.0458984375,-0.017578125,-0.047119140625,0.008544921875,0.014892578125,-0.036376953125,0.009033203125,0.009033203125,-0.015380859375,-0.04052734375,-0.01318359375,0.0146484375,-0.035400390625,-0.0537109375,-0.00537109375,0.025634765625,-0.018310546875,0.0224609375,0.05224609375,0.05224609375,-0.057861328125,-0.10546875,0.0029296875,0.032958984375,-0.03515625,-0.041015625,0.03515625,0.06201171875,-0.0244140625,-0.05908203125,0.030517578125,-0.05615234375,-0.05615234375,-0.072998046875,0.044677734375,0.05322265625,-0.0576171875,-0.057861328125,0.0390625,0.039794921875,-0.05810546875,-0.07080078125,0.019287109375,-0.044921875,-0.02783203125,-0.02783203125,0.03271484375,-0.014892578125,-0.052001953125,-0.003173828125,0.04296875,-0.01416015625,-0.046875,0.0107421875,-0.02392578125,-0.06884765625,0.013916015625,0.054931640625,-0.051025390625,-0.09033203125,-0.09033203125,0.0009765625,0.032470703125,-0.028564453125,-0.059326171875,0.0380859375,0.06298828125,-0.052734375,-0.07470703125,0.01123046875,-0.04248046875,-0.049072265625,-0.049072265625,0.037353515625,0.027587890625,-0.038818359375,-0.023681640625,0.01025390625,-0.04736328125,-0.069091796875,0.000732421875,0.052001953125,-0.03564453125,0.02685546875,0.041015625,0.041015625,-0.065673828125,-0.091064453125,0.012939453125,0.057373046875,-0.023193359375,-0.043212890625,0.04345703125,0.03515625,-0.09228515625,-0.01904296875,0.013427734375,-0.03955078125,-0.03955078125,-0.01708984375,0.064697265625,0.019287109375,-0.047607421875,-0.0419921875,-0.010986328125,-0.0283203125,-0.052490234375,0.003662109375,-0.01416015625,-0.032958984375,0.001708984375,0.021728515625,0.021728515625,-0.039306640625,-0.06591796875,0.021728515625,0.0654296875,-0.017333984375,-0.032958984375,0.023681640625,-0.003662109375,-0.0849609375,0.004638671875,0.0263671875,-0.04150390625,-0.0185546875,-0.0185546875,0.03466796875,0.004638671875,-0.04736328125,-0.041015625,0.046875,0.033935546875,-0.04296875,-0.045654296875,0.029541015625,-0.035888671875,-0.063232421875,-0.01708984375,0.05517578125,0.05517578125,0.006591796875,-0.09033203125,-0.059814453125,0.052001953125,0.089599609375,-0.015625,-0.13330078125,-0.059326171875,0.073486328125,-0.101318359375,-0.1083984375,0.014892578125,0.092041015625,0.092041015625,0.01513671875,-0.116455078125,-0.05615234375,0.046630859375,0.039306640625,-0.01708984375,-0.108642578125,-0.031005859375,0.0068359375,-0.06494140625,-0.02587890625,-0.011962890625,0.03369140625,0.03369140625,-0.052978515625,-0.125732421875,0.04345703125,0.0830078125,0.026611328125,-0.02734375,-0.094970703125,-0.00732421875,0.01123046875,-0.021240234375,-0.005126953125,0.038818359375,-0.003173828125,-0.036865234375,-0.036865234375,-0.0576171875,-0.0009765625,0.05712890625,-0.015380859375,-0.041015625,-0.063232421875,0.0009765625,-0.033203125,-0.02587890625,-0.013916015625,0.060791015625,0.01171875,-0.012451171875,-0.037353515625,-0.015625,-0.015625,0.009033203125,-0.102783203125,-0.01806640625,-0.0009765625,0.014892578125,0.0947265625,-0.02197265625,0.033447265625,-0.098876953125,0.027587890625,-0.057861328125,-0.057861328125,-0.050537109375,0.09130859375,-0.0126953125,0.009521484375,0.021240234375,-0.0341796875,-0.096923828125,-0.087158203125,0.023681640625,0.0263671875,-0.009033203125,0.001953125,0.001953125,0.021240234375,0.00439453125,-0.059814453125,-0.058837890625,0.016845703125,0.009765625,-0.029052734375,-0.01318359375,0.026611328125,0.018798828125,-0.04248046875,-0.04248046875,-0.078857421875,-0.035400390625,0.020751953125,-0.017822265625,-0.072021484375,0.008544921875,0.042724609375,-0.155517578125,-0.10595703125,0.12353515625,0.1220703125,-0.12890625,-0.12890625,-0.220703125,0.028076171875,0.17919921875,-0.081787109375,-0.2177734375,0.201416015625,-0.046875,-0.220458984375,0.00146484375,0.169189453125,0.004638671875,-0.128173828125,-0.128173828125,-0.01513671875,0.148193359375,0.0390625,-0.150146484375,0.09521484375,0.018798828125,-0.08447265625,-0.069580078125,-0.031982421875,0.03369140625,0.120361328125,0.120361328125,-0.005126953125,-0.171630859375,-0.00927734375,0.130859375,-0.02685546875,0.037353515625,0.0810546875,-0.035400390625,-0.017333984375,0.001708984375,-0.064208984375,0.00146484375,0.00146484375,0.07373046875,-0.041015625,-0.092529296875,0.046142578125,-0.089599609375,-0.039794921875,0.024658203125,-0.0556640625,-0.046630859375,0.025390625,-0.026123046875,-0.026123046875,-0.058349609375,0.044921875,0.021484375,-0.08447265625,-0.009033203125,-0.1201171875,-0.018798828125,0.12646484375,-0.0166015625,-0.17138671875,-0.009765625,0.1005859375,-0.03271484375,-0.03271484375,-0.058837890625,0.00537109375,-0.026123046875,-0.021240234375,0.021484375,-0.065673828125,0.071044921875,0.047119140625,-0.107421875,-0.0283203125,0.08203125,0.01123046875,-0.02587890625,-0.02587890625,0.019775390625,-0.012939453125,-0.029541015625,0.04736328125,-0.01513671875,0.054931640625,0.10205078125,-0.082275390625,-0.097900390625,0.067626953125,0.0537109375,-0.064697265625,-0.007568359375,0.0126953125,0.0126953125,-0.054443359375,0.025390625,0.056640625,-0.063720703125,0.051513671875,0.005859375,-0.0791015625,0.0048828125,0.009033203125,-0.06494140625,0.02197265625,0.0361328125,-0.09375,-0.09375,-0.065673828125,0.0419921875,-0.046875,-0.107421875,0.05517578125,-0.115966796875,-0.056640625,0.071044921875,-0.0078125,-0.085205078125,0.01220703125,0.03759765625,-0.06689453125,-0.06689453125,-0.0263671875,0.029296875,-0.02392578125,-0.012451171875,-0.0400390625,-0.041259765625,0.031005859375,-0.021484375,-0.07470703125,0.057861328125,0.069091796875,-0.092529296875,-0.07080078125,-0.07080078125,0.07421875,0.050537109375,-0.05078125,0.01953125,-0.02587890625,0.0185546875,0.01171875,-0.062255859375,0.009521484375,0.074462890625,-0.027099609375,-0.07275390625,0.037841796875,0.009521484375,0.009521484375,-0.083251953125,0.032470703125,0.072998046875,-0.085205078125,0.066162109375,0.02587890625,-0.09814453125,-0.007568359375,0.07177734375,-0.03515625,-0.048828125,0.00830078125,0.00830078125,-0.015625,-0.019287109375,-0.028076171875,-0.0810546875,0.01171875,0.00732421875,-0.074951171875,0.006591796875,0.02880859375,-0.072265625,-0.036376953125,-0.036376953125,0.04052734375,-0.05029296875,0.086181640625,0.0732421875,-0.144287109375,-0.10009765625,0.07373046875,0.0498046875,-0.039306640625,-0.021728515625,-0.012939453125,-0.035400390625,-0.035400390625,0.039794921875,0.021240234375,-0.0322265625,0.079345703125,0.002197265625,-0.09423828125,-0.02001953125,0.035888671875,-0.006591796875,0.005615234375,-0.01318359375,-0.01318359375,-0.05712890625,0.025634765625,-0.045166015625,-0.049072265625,0.053466796875,0.009033203125,-0.06396484375,0.027099609375,0.0009765625,-0.101806640625,0.012451171875,0.12744140625,0.12744140625,-0.033447265625,-0.1640625,0.121337890625,-0.05126953125,-0.099365234375,0.0166015625,0.025390625,-0.0244140625,-0.02685546875,-0.034912109375,-0.0263671875,0.05029296875,0.05029296875,0.00732421875,-0.0029296875,0.036376953125,-0.051513671875,-0.026611328125,0.038330078125,-0.034912109375,-0.065185546875,0.037841796875,-0.00439453125,-0.091552734375,-0.091552734375,0.0361328125,-0.089599609375,-0.108642578125,0.0625,0.062255859375,-0.066162109375,-0.028076171875,0.0126953125,-0.04443359375,-0.0087890625,0.012451171875,-0.049072265625,-0.027587890625,-0.027587890625,0.05126953125,-0.081787109375,0.014892578125,0.015625,-0.067138671875,0.00439453125,0.04541015625,-0.052490234375,-0.038330078125,0.048095703125,-0.026611328125,-0.078369140625,0.05615234375,0.048095703125,0.048095703125,-0.02783203125,0.091064453125,-0.002685546875,-0.0771484375,0.012939453125,0.028564453125,-0.03662109375,0.00439453125,-0.009033203125,-0.048583984375,0.04736328125,0.05126953125,-0.082275390625,-0.082275390625,0.057861328125,-0.011962890625,-0.102783203125,0.041259765625,0.092529296875,-0.08349609375,-0.104248046875,0.045654296875,0.0458984375,-0.055419921875,-0.03271484375,-0.0029296875,-0.0029296875,0.01806640625,0.028564453125,-0.068603515625,-0.046630859375,0.0546875,0.009765625,-0.098388671875,-0.027099609375,0.04541015625,-0.01416015625,-0.0166015625,-0.0146484375,-0.064453125,-0.01123046875,0.04931640625,0.04931640625,-0.081298828125,0.035400390625,0.03369140625,-0.071533203125,-0.000732421875,0.022216796875,-0.07080078125,-0.010009765625,0.090576171875,-0.021240234375,-0.1240234375,0.03369140625,0.077880859375,0.077880859375,-0.051025390625,0.06494140625,0.0029296875,-0.06982421875,0.0048828125,0.015625,-0.052978515625,0.013427734375,0.042724609375,-0.057373046875,-0.02490234375,0.037841796875,-0.009765625,-0.020263671875,0.027587890625,-0.0224609375,-0.074462890625,0.03271484375,0.015869140625,-0.0791015625,0.022216796875,0.068115234375,-0.06640625,-0.0693359375,0.044189453125,-0.02099609375,-0.0771484375,0.06494140625,0.0478515625,-0.137939453125,-0.072265625,0.076416015625,0.009765625,-0.078125,-0.0029296875,0.015380859375,-0.05712890625,0.015380859375,0.0322265625,-0.072021484375,-0.03662109375,0.0693359375,-0.002685546875,-0.103759765625,-0.008056640625,0.045166015625,-0.029052734375,-0.00927734375,0.01513671875,-0.05224609375,-0.025146484375,0.0517578125,-0.0087890625,-0.073486328125,0.020263671875,0.035888671875,-0.052978515625,-0.0166015625,-0.01025390625,-0.053466796875,0.0263671875,0.09130859375,-0.051025390625,-0.134765625,0.049072265625,0.087890625,-0.083251953125,-0.057861328125,0.07080078125,0.013427734375,-0.069091796875,-0.014404296875,0.003662109375,-0.029541015625,0.024658203125,-0.006103515625,-0.093017578125,0.00537109375,0.064453125,-0.04345703125,-0.0498046875,0.04931640625,-0.002197265625,-0.069091796875,0.025390625,0.004150390625,-0.090576171875,0.03271484375,0.110107421875,-0.077392578125,-0.152587890625,0.054931640625,0.10791015625,-0.078369140625,-0.0771484375,0.03125,0.0009765625,-0.023681640625,-0.00244140625,-0.0341796875,-0.03759765625,0.040771484375,0.009521484375,-0.068603515625,-0.002685546875,-0.002685546875,-0.0419921875,0.035400390625,0.03857421875,-0.083984375,-0.047119140625,0.09326171875,0.000732421875,-0.111083984375,0.02490234375,0.05810546875,-0.033203125,-0.033203125,0.02734375,-0.044921875,-0.041015625,0.0654296875,0.0009765625,-0.09716796875,0.007568359375,0.02587890625,-0.056640625,0.011962890625,0.063232421875,-0.055419921875,-0.03759765625,0.01220703125,0.04150390625,-0.073974609375,-0.00048828125,0.04150390625,-0.04150390625,-0.02392578125,0.033935546875,-0.0244140625,-0.047607421875,0.044189453125,0.004638671875,-0.09130859375,0.009033203125,0.04638671875,-0.02294921875,0.048095703125,0.048095703125,-0.024169921875,-0.0712890625,0.0390625,0.01025390625,-0.086181640625,0.029052734375,0.085205078125,-0.078125,-0.113525390625,0.064208984375,0.06640625,-0.09521484375,0.044189453125,-0.005859375,-0.029296875,-0.029296875,0.01708984375,-0.010986328125,-0.01513671875,0.037109375,-0.020263671875,-0.083251953125,0.02490234375,0.017333984375,-0.070068359375,0.012451171875,-0.056640625,-0.040283203125,-0.040283203125,0.046630859375,-0.0458984375,-0.080322265625,0.08984375,0.05419921875,-0.1416015625,0.01123046875,-0.05712890625,0.0048828125,-0.08203125,0.02783203125,0.04736328125,-0.07861328125,-0.029541015625,0.034912109375,-0.022705078125,0.037109375,-0.02587890625,-0.02587890625,-0.076171875,0.022216796875,0.027099609375,-0.05322265625,0.00439453125,0.023681640625,-0.049072265625,-0.008056640625,0.019287109375,-0.05712890625,-0.03369140625,-0.02001953125,-0.1494140625,-0.1494140625,0.016357421875,0.10693359375,-0.05517578125,-0.102783203125,0.0322265625,0.035888671875,-0.072265625,-0.025390625,0.01513671875,-0.031982421875,0.03173828125,-0.059814453125,-0.033447265625,-0.033447265625,0.04638671875,-0.02197265625,-0.066162109375,0.0478515625,0.026123046875,-0.07958984375,0.010009765625,0.0263671875,-0.0908203125,-0.031982421875,-0.00390625,-0.16650390625,-0.00634765625,-0.00634765625,0.115234375,-0.0302734375,-0.086669921875,0.014404296875,0.01904296875,-0.03857421875,-0.009521484375,-0.0048828125,-0.027099609375,0.000732421875,-0.09228515625,0.008544921875,0.008544921875,0.0625,-0.041015625,-0.040283203125,0.048828125,-0.0205078125,-0.074951171875,0.04150390625,0.004150390625,0.0166015625,0.110107421875,-0.0576171875,-0.0576171875,-0.137939453125,0.041259765625,0.0830078125,-0.056640625,-0.040771484375,0.008544921875,-0.021240234375,0.01953125,0.029052734375,-0.055419921875,0.06396484375,0.0126953125,0.0126953125,-0.084228515625,0.016357421875,0.028564453125,-0.062255859375,0.00048828125,0.054931640625,-0.046630859375,-0.070068359375,0.040771484375,-0.09228515625,0.042236328125,0.080078125,-0.0859375,-0.0859375,-0.100341796875,0.055419921875,0.050537109375,-0.075927734375,-0.0341796875,0.0302734375,-0.02294921875,-0.01513671875,-0.0439453125,-0.00146484375,0.027099609375,-0.052490234375,-0.052490234375,-0.06884765625,0.043212890625,-0.004638671875,-0.091796875,0.036376953125,0.081298828125,-0.0791015625,0.067138671875,0.063720703125,-0.07470703125,-0.020751953125,-0.020751953125,0.043212890625,-0.04296875,-0.030517578125,0.04345703125,0.00341796875,-0.04638671875,0.011962890625,-0.068359375,0.01318359375,0.0341796875,-0.065673828125,-0.023681640625,0.0498046875,0.0498046875,-0.01416015625,-0.048095703125,0.0068359375,-0.033203125,-0.0439453125,0.072021484375,0.01513671875,0.006591796875,0.082275390625,-0.05908203125,-0.072998046875,0.053466796875,0.000732421875,0.000732421875,-0.085205078125,0.027099609375,0.00390625,-0.099853515625,0.018310546875,0.092041015625,-0.08203125,0.043701171875,0.059814453125,-0.0537109375,-0.000732421875,0.00634765625,-0.06005859375,-0.06005859375,0.01513671875,0.03076171875,-0.08154296875,-0.033447265625,0.12744140625,0.02392578125,-0.150146484375,0.098876953125,-0.01171875,-0.060546875,0.007080078125,-0.00537109375,-0.035888671875,-0.035888671875,0.0341796875,0.003662109375,-0.064208984375,0.021240234375,0.04345703125,-0.07666015625,-0.059326171875,0.0166015625,-0.053466796875,0.011474609375,0.001953125,-0.0439453125,0.039306640625,-0.003662109375,-0.003662109375,-0.117919921875,-0.003662109375,0.14892578125,-0.01220703125,-0.196044921875,-0.011962890625,-0.043212890625,-0.10888671875,0.011474609375,0.029541015625,-0.031494140625,-0.015380859375,-0.027099609375,-0.027099609375,-0.0458984375,0.054443359375,0.029296875,-0.114501953125,-0.042724609375,0.068359375,-0.0439453125,0.006591796875,-0.014404296875,-0.029541015625,0.053466796875,-0.025146484375,-0.12060546875,-0.12060546875,0.047607421875,0.142822265625,-0.0771484375,-0.176513671875,0.060546875,0.136474609375,-0.086669921875,0.020263671875,0.01513671875,-0.005859375,-0.011962890625,-0.0380859375,-0.014892578125,-0.014892578125,0.055419921875,-0.017822265625,-0.1005859375,0.0224609375,0.041748046875,-0.068359375,0.040771484375,-0.04345703125,-0.051025390625,0.041748046875,-0.02734375,-0.091064453125,-0.091064453125,0.0537109375,0.04931640625,-0.118896484375,-0.05322265625,0.097900390625,-0.111328125,-0.002685546875,0.060546875,-0.05029296875,-0.04150390625,0.017578125,-0.014892578125,-0.014892578125,-0.008544921875,0.036865234375,-0.0087890625,-0.056396484375,-0.014892578125,-0.050048828125,0.06396484375,0.047119140625,-0.105224609375,-0.05419921875,0.101806640625,0.101806640625,0.01513671875,-0.114501953125,0.014892578125,0.0751953125,-0.055419921875,0.0224609375,-0.00390625,-0.015869140625,0.015625,-0.032470703125,-0.0625,0.031982421875,0.031982421875,-0.010498046875,-0.08984375,0.032958984375,0.070556640625,-0.10791015625,0.06494140625,0.050537109375,-0.0810546875,-0.020751953125,0.0126953125,-0.038818359375,0.0205078125,0.0205078125,0.008056640625,-0.091796875,-0.022216796875,0.117919921875,-0.1630859375,0.0,0.108154296875,-0.0302734375,-0.071044921875,0.021240234375,0.0068359375,-0.054931640625,-0.054931640625,0.015625,0.016357421875,-0.054443359375,0.047119140625,-0.057861328125,-0.03271484375,0.0458984375,-0.002197265625,-0.034912109375,0.03662109375,-0.00390625,-0.00390625,-0.072021484375,0.034423828125,0.01806640625,-0.092041015625,0.077392578125,-0.049560546875,-0.07666015625,0.044189453125,-0.018798828125,-0.080322265625,0.068603515625,0.044677734375,-0.13427734375,-0.13427734375,-0.06494140625,0.07958984375,-0.00390625,-0.09228515625,0.02294921875,-0.0859375,-0.011962890625,0.038330078125,-0.052490234375,-0.05078125,0.044921875,-0.002685546875,-0.091064453125,-0.091064453125,0.009033203125,0.03369140625,-0.052978515625,0.025634765625,-0.0458984375,-0.0263671875,0.05224609375,-0.015380859375,-0.061767578125,0.059814453125,0.038818359375,-0.0732421875,0.015869140625,0.015869140625,0.03759765625,-0.070068359375,-0.01708984375,-0.010986328125,-0.12744140625,0.022705078125,0.060546875,-0.062255859375,-0.022705078125,0.03759765625,-0.03271484375,-0.045166015625,0.0302734375,0.0302734375,-0.033447265625,-0.080810546875,0.06298828125,-0.100341796875,-0.0244140625,0.037841796875,-0.05810546875,-0.046142578125,0.083251953125,-0.0048828125,-0.165771484375,-0.017333984375,0.111083984375,0.111083984375,-0.022216796875,-0.093017578125,0.002685546875,-0.05322265625,-0.007568359375,0.0048828125,-0.05908203125,0.010009765625,0.0400390625,-0.0400390625,-0.032470703125,0.003173828125,-0.02880859375,-0.02880859375,-0.00439453125,0.065673828125,-0.037353515625,0.078125,0.074951171875,-0.0966796875,-0.052490234375,0.06103515625,-0.01416015625,-0.071533203125,0.037841796875,0.00634765625,-0.074951171875,-0.074951171875,0.042724609375,0.0537109375,-0.04638671875,0.033203125,-0.01806640625,-0.0361328125,0.069580078125,0.011474609375,-0.119140625,-0.0078125,0.058349609375,-0.049072265625,-0.05810546875,0.032470703125,0.032470703125,-0.003662109375,-0.077880859375,0.01953125,-0.082275390625,-0.014892578125,0.048095703125,-0.041259765625,-0.078369140625,0.03125,0.03369140625,-0.055908203125,0.00537109375,0.00537109375,0.018798828125,-0.001708984375,0.02197265625,-0.039794921875,-0.001708984375,0.070068359375,-0.03466796875,-0.12548828125,0.041259765625,0.069580078125,-0.08056640625,-0.044189453125,-0.044189453125,0.0439453125,-0.04443359375,0.03369140625,-0.01318359375,-0.069580078125,0.0537109375,0.02978515625,-0.0947265625,0.002197265625,0.060791015625,-0.071044921875,-0.071044921875,-0.0771484375,0.017333984375,-0.135498046875,-0.003173828125,0.07568359375,-0.05126953125,-0.06689453125,0.02978515625,0.00634765625,-0.0712890625,-0.003173828125,0.003173828125,0.003173828125,0.037841796875,0.0244140625,0.0244140625,-0.037109375,0.056396484375,-0.010498046875,-0.06591796875,0.033935546875,0.023193359375,-0.06787109375,0.005615234375,-0.00341796875,-0.076171875,0.02587890625,0.02587890625,0.108154296875,-0.165771484375,0.034423828125,0.1064453125,-0.049072265625,-0.060791015625,0.002197265625,-0.00439453125,0.008544921875,0.03271484375,-0.044921875,-0.08056640625,-0.08056640625,0.0517578125,-0.109619140625,-0.04345703125,0.063232421875,0.009033203125,-0.045166015625,-0.003662109375,-0.0263671875,-0.068115234375,0.030029296875,0.005859375,-0.084228515625,-0.084228515625,0.001953125,-0.0419921875,-0.044921875,0.020751953125,-0.0537109375,-0.085205078125,0.091064453125,0.072021484375,-0.140380859375,-0.07666015625,0.100341796875,0.03369140625,-0.1025390625,-0.013916015625,0.060791015625,-0.041015625,-0.0263671875,-0.00146484375,-0.043701171875,0.013916015625,0.047119140625,-0.0615234375,-0.092529296875,0.049560546875,0.037109375,-0.067138671875,0.010986328125,0.022216796875,0.022216796875,0.022705078125,0.0283203125,-0.09130859375,-0.048095703125,0.137939453125,0.041259765625,-0.176513671875,-0.037109375,0.123291015625,0.010986328125,-0.086669921875,-0.029296875,0.0087890625,-0.015869140625,0.021484375,-0.031005859375,-0.1044921875,0.036865234375,0.083251953125,-0.076416015625,-0.094482421875,0.040283203125,0.03466796875,-0.054443359375,-0.00341796875,-0.00537109375,-0.0517578125,0.048828125,0.021484375,-0.10009765625,-0.014892578125,0.083251953125,-0.028076171875,-0.0859375,0.032470703125,-0.0166015625,-0.096923828125,0.06005859375,0.090576171875,-0.0947265625,-0.108154296875,0.065673828125,0.058837890625,-0.076416015625,-0.034912109375,0.017578125,-0.023193359375,0.009033203125,0.010009765625,-0.060791015625,-0.029296875,0.073974609375,0.00634765625,-0.123046875,-0.0126953125,0.058837890625,-0.03857421875,-0.037109375,0.00146484375,-0.0283203125,-0.02490234375,0.016357421875,-0.038330078125,-0.05029296875,0.074951171875,0.00927734375,-0.138671875,-0.009765625,0.111083984375,-0.023193359375,-0.11083984375,0.02587890625,0.05810546875,-0.06591796875,-0.020263671875,0.01318359375,-0.04736328125,0.0029296875,0.04736328125,-0.041015625,-0.082275390625,0.03759765625,0.021728515625,-0.071044921875,0.009033203125,0.021484375,-0.046630859375,0.01416015625,0.02294921875,-0.09423828125,-0.056396484375,0.12939453125,0.039794921875,-0.18115234375,-0.037109375,0.128662109375,0.0048828125,-0.094970703125,-0.010986328125,-0.039306640625,-0.039306640625,-0.011962890625,-0.017822265625,-0.043701171875,0.055908203125,0.026611328125,-0.1005859375,-0.04296875,0.057861328125,-0.017578125,-0.054931640625,0.04443359375,-0.00341796875,-0.07421875,0.041015625,-0.1171875,-0.1171875,0.002197265625,0.111328125,-0.048583984375,-0.148193359375,0.0556640625,0.0966796875,-0.0810546875,-0.068603515625,0.03857421875,0.00390625,-0.05419921875,0.015625,0.025634765625,-0.052978515625,0.009033203125,-0.06201171875,-0.030517578125,-0.030517578125,0.034912109375,-0.001220703125,-0.0263671875,0.029541015625,0.000244140625,-0.061279296875,0.0302734375,0.001708984375,-0.088134765625,0.01806640625,0.066162109375,-0.04833984375,-0.05712890625,-0.0361328125,-0.0810546875,-0.0810546875,0.083740234375,0.056640625,-0.127685546875,-0.04296875,0.08740234375,-0.015869140625,-0.093505859375,0.021240234375,0.025146484375,-0.076171875,0.002685546875,0.01416015625,0.00537109375,0.052001953125,-0.062744140625,-0.062744140625,-0.082763671875,0.051025390625,0.004150390625,-0.09375,0.046630859375,0.070068359375,-0.107666015625,-0.09619140625,0.076904296875,0.053955078125,-0.091796875,-0.02734375,0.053466796875,-0.019775390625,-0.015380859375,-0.002197265625,0.00439453125,0.03369140625,-0.040771484375,-0.051513671875,0.059814453125,-0.007568359375,-0.007568359375,-0.09423828125,0.036865234375,0.037109375,-0.078857421875,-0.007080078125,0.061279296875,-0.061767578125,-0.088134765625,0.098388671875,0.062255859375,-0.142333984375,-0.059326171875,0.08251953125,0.014892578125,-0.066162109375,-0.015625,0.0087890625,-0.03564453125,0.00634765625,-0.027099609375,-0.072998046875,0.0380859375,0.0458984375,-0.046142578125,0.029541015625,-0.04638671875,-0.07080078125,0.078857421875,0.02880859375,-0.12744140625,-0.12744140625,-0.013427734375,0.10595703125,-0.015625,-0.10205078125,0.019287109375,0.054443359375,-0.062255859375,-0.0263671875,0.022216796875,-0.0283203125,-0.005126953125,0.01171875,-0.05078125,-0.053466796875,0.03759765625,-0.00048828125,-0.064453125,0.04541015625,0.0302734375,-0.1103515625,-0.03369140625,0.083984375,-0.016357421875,-0.090087890625,0.028076171875,-0.075927734375,0.01416015625,0.025146484375,-0.0791015625,-0.0087890625,0.077392578125,-0.039794921875,-0.039794921875,-0.115234375,0.043212890625,0.045166015625,-0.090576171875,-0.018798828125,0.036376953125,-0.031982421875,-0.015869140625,0.0009765625,-0.06591796875,-0.02392578125,0.11669921875,0.00537109375,-0.16357421875,0.0146484375,0.116943359375,-0.05224609375,-0.09375,0.043701171875,0.034912109375,-0.02490234375,0.0302734375,-0.041015625,0.00439453125,0.03271484375,-0.055419921875,-0.063720703125,0.03662109375,0.01416015625,-0.05859375,0.02587890625,0.02587890625,0.026123046875,-0.05517578125,0.016357421875,0.0126953125,-0.06201171875,0.013427734375,0.083740234375,-0.0615234375,-0.13720703125,0.076416015625,0.09375,-0.10107421875,-0.0634765625,0.06689453125,0.01318359375,-0.07568359375,-0.013671875,0.009521484375,-0.032958984375,0.019287109375,-0.0986328125,-0.029296875,0.057861328125,-0.020263671875,-0.063232421875,0.025634765625,0.01904296875,-0.041748046875,0.027587890625,0.027587890625,-0.034912109375,-0.1240234375,0.0341796875,0.12890625,-0.065185546875,-0.169189453125,0.048828125,0.113525390625,-0.086181640625,-0.081787109375,0.03662109375,-0.00927734375,-0.0458984375,-0.001708984375,-0.0078125,-0.019775390625,0.0498046875,-0.01318359375,-0.11083984375,0.02490234375,0.056640625,-0.071044921875,-0.02880859375,0.070556640625,-0.01123046875,-0.076904296875,0.02783203125,-0.004150390625,-0.077880859375,0.065185546875,0.066650390625,-0.1044921875,-0.053955078125,0.091552734375,0.01171875,-0.103759765625,0.0087890625,-0.0458984375,0.012939453125,0.040771484375,-0.055419921875,-0.045166015625,0.05859375,0.011962890625,-0.096435546875,-0.004638671875,0.03662109375,-0.049072265625,-0.011962890625,-0.011962890625,0.0078125,-0.0537109375,-0.02294921875,0.042236328125,-0.03125,-0.07470703125,0.060302734375,0.040283203125,-0.09130859375,-0.0205078125,0.025634765625,-0.052734375,-0.02001953125,0.083251953125,-0.0048828125,-0.134521484375,0.007568359375,0.087890625,-0.0517578125,-0.000244140625,-0.011474609375,-0.01611328125,0.032470703125,-0.0263671875,-0.07421875,0.05908203125,0.03369140625,-0.110595703125,-0.032470703125,0.072509765625,0.0029296875,-0.049072265625,-0.049072265625,0.01611328125,-0.011474609375,-0.067626953125,0.039306640625,0.0078125,-0.095947265625,0.0283203125,0.104736328125,-0.065673828125,-0.14892578125,0.047119140625,0.07568359375,-0.098876953125,-0.061279296875,0.03271484375,-0.015380859375,-0.002197265625,-0.03564453125,-0.04638671875,0.044189453125,0.00439453125,-0.09326171875,0.016845703125,0.04345703125,-0.055419921875,-0.012451171875,0.037109375,-0.044677734375,-0.0576171875,0.06298828125,-0.015625,-0.1044921875,-0.1044921875,0.07568359375,0.0966796875,-0.115966796875,-0.11181640625,0.07958984375,0.0693359375,-0.055908203125,-0.00537109375,0.02197265625,-0.0498046875,0.01220703125,0.025634765625,-0.068115234375,0.077880859375,0.013427734375,-0.11669921875,-0.013916015625,0.046630859375,-0.033447265625,-0.019775390625,-0.010009765625,-0.041015625,0.006591796875,0.037353515625,-0.079345703125,-0.0947265625,0.08984375,0.057373046875,-0.154052734375,-0.06982421875,-0.06982421875,0.1171875,0.041748046875,-0.10302734375,-0.032470703125,0.043212890625,-0.0244140625,-0.010498046875,-0.01708984375,-0.056640625,0.021728515625,0.061279296875,-0.041748046875,0.029541015625,0.013916015625,-0.066162109375,0.022216796875,0.02587890625,-0.05224609375,0.0283203125,0.031005859375,-0.094970703125,-0.0439453125,0.138427734375,0.038818359375,-0.17626953125,-0.0205078125,0.134033203125,0.00048828125,-0.087646484375,-0.01904296875,0.009521484375,-0.02001953125,-0.02001953125,0.01953125,-0.02880859375,-0.08056640625,0.056884765625,0.0498046875,-0.11474609375,-0.06591796875,0.0673828125,0.000244140625,-0.0791015625,0.017578125,-0.07666015625,0.009765625,0.013427734375,-0.080810546875,0.000732421875,0.084228515625,-0.04638671875,-0.12158203125,0.05078125,0.058349609375,-0.09521484375,-0.03515625,0.029296875,-0.045654296875,-0.030029296875,0.052490234375,-0.016357421875,-0.0986328125,0.03076171875,0.03076171875,0.0615234375,-0.0771484375,-0.040771484375,0.040771484375,0.001708984375,-0.02294921875,0.01904296875,-0.0048828125,-0.048828125,0.0302734375,-0.07080078125,0.035888671875,0.05078125,-0.064453125,-0.047607421875,0.038818359375,-0.04248046875,-0.091552734375,0.0791015625,0.074462890625,-0.122802734375,-0.0732421875,0.08544921875,0.0390625,-0.071044921875,-0.017333984375,0.02197265625,-0.0419921875,0.0244140625,0.02734375,0.02734375,-0.085205078125,-0.031005859375,0.065673828125,-0.01611328125,-0.113525390625,0.00244140625,0.06298828125,-0.036376953125,-0.008056640625,-0.056640625,0.006103515625,0.0205078125,-0.07568359375,-0.044677734375,0.098876953125,0.01123046875,-0.153076171875,0.001953125,0.1005859375,-0.05322265625,-0.085205078125,0.037109375,0.038330078125,-0.05078125,-0.004638671875,-0.02734375,-0.073486328125,0.0458984375,0.073486328125,-0.082275390625,-0.082275390625,-0.115478515625,0.100830078125,0.1435546875,-0.08056640625,-0.171630859375,0.03759765625,0.158447265625,-0.066650390625,0.065185546875,0.094482421875,-0.069580078125,-0.05712890625,0.023193359375,-0.050537109375,-0.064697265625,0.069091796875,0.03515625,-0.128662109375,-0.034423828125,0.107666015625,-0.025634765625,-0.138671875,0.000732421875,0.11474609375,0.00439453125,-0.092041015625,-0.003662109375,0.09130859375,0.01318359375,-0.1279296875,-0.049560546875,-0.049560546875,0.1025390625,-0.019287109375,-0.129150390625,-0.01611328125,0.02734375,0.021728515625,0.00146484375,-0.162353515625,-0.010986328125,0.192138671875,-0.0244140625,-0.22900390625,0.052490234375,0.229248046875,-0.08740234375,-0.18310546875,0.066162109375,0.057861328125,-0.07958984375,0.003662109375,0.027099609375,-0.131103515625,-0.038330078125,0.13037109375,-0.08642578125,-0.1640625,0.085205078125,0.0771484375,-0.12890625,-0.04833984375,0.113037109375,-0.02880859375,-0.045166015625,0.10888671875,-0.005126953125,-0.005126953125,-0.086669921875,0.072265625,0.059326171875,-0.12060546875,0.153076171875,-0.02734375,-0.12939453125,0.033447265625,0.01318359375,-0.0390625,0.036376953125,-0.024658203125,-0.10107421875,0.0576171875,0.11181640625,-0.1142578125,-0.0546875,0.139404296875,-0.02880859375,-0.11328125,0.069091796875,0.04443359375,-0.10400390625,0.0390625,0.117919921875,-0.1455078125,-0.144287109375,0.106201171875,0.00732421875,-0.134033203125,-0.134033203125,0.02099609375,0.06005859375,-0.109375,0.061767578125,-0.08251953125,-0.072265625,0.094970703125,-0.029052734375,-0.117919921875,0.06494140625,0.0810546875,-0.11865234375,-0.047119140625,0.09033203125,-0.076904296875,-0.07958984375,0.107421875,-0.011962890625,-0.148681640625,0.042236328125,0.115234375,-0.12255859375,-0.114013671875,0.109130859375,0.0166015625,-0.072265625,0.05712890625,0.015869140625,-0.0849609375,0.033935546875,0.033935546875,0.0791015625,-0.014404296875,0.1640625,-0.02880859375,-0.13623046875,0.064453125,0.063232421875,-0.097412109375,-0.01123046875,0.063720703125,-0.08544921875,-0.02783203125,0.119873046875,-0.08544921875,-0.1513671875,0.1142578125,0.0888671875,-0.163330078125,-0.081298828125,0.128662109375,0.01025390625,-0.0595703125,0.027099609375,-0.072021484375,-0.076904296875,0.085205078125,0.012939453125,-0.142822265625,0.017578125,0.017578125,-0.125,-0.13818359375,0.090087890625,0.01025390625,-0.100830078125,0.00830078125,0.00830078125,-0.069091796875,0.0400390625,0.080810546875,-0.1396484375,-0.09033203125,0.16357421875,0.033935546875,-0.168701171875,-0.0205078125,0.1181640625,-0.01806640625,-0.054931640625,0.03271484375,-0.05615234375,-0.05615234375,0.093505859375,0.000732421875,-0.130859375,0.023193359375,0.120849609375,-0.07080078125,-0.1162109375,0.058837890625,0.0166015625,-0.015625,0.064453125,-0.044677734375,-0.09521484375,0.0732421875,0.078857421875,-0.13671875,-0.048095703125,0.158447265625,-0.03466796875,-0.16650390625,0.03857421875,0.072998046875,-0.078369140625,-0.021484375,0.061279296875,-0.0751953125,-0.067626953125,0.0927734375,-0.017822265625,-0.083740234375,0.06201171875,0.024169921875,-0.08984375,0.01416015625,0.068115234375,-0.098388671875,-0.021484375,0.139404296875,-0.16552734375,-0.16552734375,0.0791015625,0.09033203125,-0.116943359375,-0.046630859375,0.093017578125,-0.053955078125,-0.081298828125,0.0693359375,-0.031494140625,-0.0849609375,0.069580078125,0.031005859375,-0.111083984375,-0.001953125,0.0849609375,-0.11083984375,-0.074462890625,0.144775390625,0.00048828125,-0.1748046875,-0.005859375,0.10009765625,-0.05712890625,-0.063232421875,0.05810546875,-0.037841796875,-0.0703125,0.06201171875,-0.0087890625,0.049560546875,0.049560546875,0.049560546875,-0.08740234375,-0.017822265625,0.075439453125,-0.076904296875,-0.041748046875,0.126953125,-0.02978515625,-0.15478515625,0.0380859375,0.102783203125,-0.076416015625,-0.033935546875,0.07763671875,-0.07470703125,-0.064697265625,0.1083984375,-0.016845703125,-0.124267578125,0.063720703125,0.082275390625,-0.1181640625,-0.025634765625,0.128173828125,-0.080078125,-0.1123046875,0.125732421875,0.036376953125,-0.1689453125,0.1123046875,-0.061767578125,-0.0791015625,-0.0791015625,0.061767578125,-0.056884765625,-0.088134765625,0.074462890625,-0.006103515625,-0.134521484375,0.029296875,0.10595703125,-0.115234375,-0.09326171875,0.111328125,-0.013916015625,-0.095458984375,0.0576171875,0.01806640625,-0.09521484375,0.02978515625,0.08251953125,-0.137939453125,-0.07568359375,0.1708984375,-0.002685546875,-0.186767578125,0.00244140625,0.108642578125,-0.032958984375,-0.02490234375,0.044677734375,-0.0302734375,0.111328125,-0.041015625,-0.101806640625,0.09765625,0.09765625,0.0634765625,-0.135498046875,-0.028076171875,0.131591796875,-0.0419921875,-0.080078125,0.06640625,-0.034423828125,-0.07470703125,0.081298828125,0.01953125,-0.170654296875,-0.0029296875,0.177734375,-0.07373046875,-0.1708984375,0.0634765625,0.06201171875,-0.0693359375,-0.001953125,0.02685546875,-0.07421875,-0.005859375,0.07958984375,-0.10302734375,0.117431640625,0.012451171875,-0.149658203125,-0.014892578125,0.0859375,-0.064453125,-0.064453125,-0.05908203125,0.0498046875,-0.06005859375,-0.05224609375,0.094970703125,-0.0302734375,-0.150146484375,0.063232421875,0.157958984375,-0.107177734375,-0.15087890625,0.10498046875,0.05908203125,-0.07763671875,0.020263671875,0.02587890625,-0.0888671875,-0.011474609375,0.090576171875,-0.07666015625,-0.080810546875,0.119140625,0.006591796875,0.016357421875,0.075927734375,-0.06298828125,-0.01708984375,0.055419921875,-0.0751953125,-0.03271484375,0.119140625,0.119140625,-0.057373046875,-0.13525390625,0.107666015625,0.0966796875,-0.158203125,-0.081787109375,0.13916015625,-0.0009765625,-0.091796875,0.031982421875,-0.027587890625,-0.072509765625,0.045654296875,0.005615234375,-0.11865234375,0.019287109375,0.11181640625,-0.1015625,-0.098876953125,0.090087890625,-0.021728515625,-0.084228515625,0.009521484375,-0.111572265625,0.0400390625,0.10400390625,-0.138671875,-0.080322265625,0.154296875,-0.015380859375,-0.181640625,-0.181640625,0.010986328125,0.0908203125,-0.073486328125,-0.025146484375,0.07861328125,-0.08544921875,-0.088134765625,0.092041015625,-0.008056640625,-0.103271484375,0.06640625,0.067626953125,-0.127685546875,-0.038330078125,0.10791015625,-0.0693359375,-0.07373046875,0.10205078125,-0.018798828125,-0.116455078125,0.080322265625,-0.142822265625,-0.0390625,0.15771484375,-0.062255859375,-0.160888671875,0.087890625,0.0947265625,-0.1044921875,-0.03759765625,-0.03759765625,0.099365234375,-0.034912109375,-0.07373046875,0.058349609375,-0.020751953125,-0.04638671875,0.086669921875,0.0068359375,-0.13525390625,0.003662109375,0.1171875,-0.0771484375,-0.092529296875,0.0927734375,-0.010498046875,-0.1142578125,0.034423828125,0.043701171875,-0.110107421875,0.11279296875,-0.065185546875,-0.1064453125,0.07568359375,0.009033203125,-0.0830078125,0.024658203125,0.009521484375,-0.089111328125,0.013916015625,0.069580078125,-0.116455078125,-0.116455078125,-0.045166015625,0.144775390625,-0.05908203125,-0.182861328125,0.05712890625,0.1142578125,-0.101806640625,-0.06201171875,0.099365234375,-0.04443359375,-0.09912109375,0.077392578125,0.023681640625,-0.095947265625,0.022216796875,0.0810546875,-0.061279296875,0.08056640625,-0.0224609375,-0.063720703125,0.072998046875,-0.00146484375,-0.1162109375,0.0185546875,0.1005859375,-0.082275390625,-0.089599609375,0.08642578125,-0.0009765625,-0.090576171875,-0.090576171875,0.031005859375,0.019287109375,-0.0634765625,0.013671875,0.033935546875,-0.086669921875,-0.023681640625,0.08984375,-0.0673828125,-0.07373046875,0.106201171875,0.018310546875,-0.1171875,0.01220703125,0.072265625,-0.11083984375,-0.041259765625,-0.047607421875,-0.1875,0.03173828125,0.094970703125,-0.06787109375,-0.033935546875,0.05859375,-0.0615234375,-0.059326171875,0.073974609375,-0.039306640625,-0.079345703125,0.078857421875,0.018310546875,-0.126953125,-0.126953125,-0.00048828125,0.094970703125,-0.083740234375,-0.0576171875,0.084716796875,-0.0712890625,-0.10595703125,0.10400390625,0.03466796875,-0.149169921875,0.023681640625,0.135986328125,-0.122802734375,-0.12646484375,0.12060546875,-0.11083984375,0.06005859375,0.0546875,-0.126708984375,-0.022705078125,0.119873046875,-0.07275390625,-0.095458984375,0.114501953125,0.033203125,-0.11328125,-0.006591796875,0.033935546875,-0.07080078125,0.013671875,0.013671875,0.087158203125,-0.101806640625,-0.08544921875,0.130859375,0.017578125,-0.13427734375,0.011474609375,0.072021484375,-0.069580078125,-0.01904296875,0.083740234375,-0.0849609375,-0.07568359375,0.1376953125,-0.196533203125,-0.041259765625,0.14453125,-0.02392578125,-0.093505859375,0.058837890625,-0.015869140625,-0.103271484375,0.021728515625,0.023193359375,-0.07958984375,0.0068359375,0.078369140625,-0.06982421875,-0.06982421875,-0.072265625,0.060302734375,-0.03515625,-0.06298828125,0.056396484375,-0.098388671875,0.07080078125,0.09521484375,-0.157958984375,-0.09033203125,0.167724609375,0.167724609375,-0.00732421875,-0.188720703125,0.023193359375,0.116943359375,-0.052490234375,0.071533203125,-0.05029296875,-0.080810546875,0.082763671875,0.01416015625,-0.07763671875,-0.07763671875,0.039306640625,0.044677734375,-0.07470703125,0.057861328125,-0.087890625,-0.03662109375,0.119873046875,-0.043212890625,-0.11181640625,0.074951171875,0.074951171875,0.0263671875,-0.1494140625,0.013671875,0.14306640625,-0.12158203125,0.119384765625,0.01318359375,-0.115966796875,0.051025390625,0.057861328125,-0.123779296875,-0.123779296875,-0.0283203125,0.11865234375,-0.06103515625,0.103271484375,-0.03564453125,-0.15380859375,0.042236328125,0.0888671875,-0.1123046875,-0.045654296875,-0.045654296875,0.112060546875,-0.0595703125,-0.11669921875,0.077880859375,-0.120849609375,0.00146484375,0.0869140625,-0.0634765625,-0.052734375,0.08251953125,-0.034423828125,-0.034423828125,-0.067138671875,0.061279296875,-0.008056640625,0.0390625,0.056396484375,-0.114501953125,-0.025634765625,0.114990234375,-0.06689453125,-0.10498046875,0.08349609375,0.08349609375,0.01123046875,-0.123779296875,0.123291015625,-0.1015625,-0.12060546875,0.08935546875,0.011474609375,-0.072509765625,0.051025390625,0.02685546875,0.02685546875,-0.099609375,-0.014892578125,0.0751953125,-0.026123046875,0.08935546875,-0.056396484375,-0.089111328125,0.07763671875,0.01806640625,-0.10888671875,0.030029296875,0.080810546875,-0.114501953125,-0.114501953125,-0.051025390625,0.12939453125,-0.0517578125,0.09228515625,0.054443359375,-0.147216796875,-0.0322265625,0.080810546875,-0.021240234375,0.123779296875,0.091552734375,-0.051025390625,-0.138916015625,0.06689453125,0.0751953125,-0.134521484375,-0.034912109375,0.12744140625,-0.058349609375,-0.058349609375,-0.10986328125,0.0537109375,-0.027099609375,0.072998046875,0.037109375,-0.13525390625,-0.0029296875,0.140625,-0.085205078125,-0.11572265625,0.093505859375,0.01953125,-0.08935546875,-0.08935546875,0.029541015625,0.02490234375,0.02392578125,0.132568359375,-0.11328125,-0.136962890625,0.11181640625,0.05126953125,-0.096435546875,0.01708984375,0.059326171875,-0.089599609375,-0.0390625,-0.0390625,0.06884765625,-0.059814453125,0.111328125,-0.02978515625,-0.127197265625,0.05224609375,0.075927734375,-0.10498046875,-0.0126953125,0.097412109375,-0.094970703125,-0.083740234375,0.109130859375,0.109130859375,-0.025390625,-0.169189453125,0.134765625,-0.11962890625,-0.118896484375,0.101318359375,0.013671875,-0.096923828125,0.004150390625,0.005126953125,-0.075439453125,0.015625,0.0634765625,0.0634765625,-0.0869140625,0.117431640625,-0.040771484375,-0.135498046875,0.04541015625,0.06591796875,-0.084228515625,-0.02685546875,0.056640625,-0.060546875,-0.03125,0.079833984375,-0.0791015625,-0.129150390625,-0.129150390625,0.10986328125,-0.148681640625,-0.101806640625,0.10986328125,0.006591796875,-0.062744140625,0.04345703125,-0.02490234375,-0.06640625,0.0693359375,0.03955078125,-0.115966796875,-0.115966796875,0.11865234375,-0.093505859375,-0.1240234375,0.09619140625,0.039794921875,-0.08447265625,0.0107421875,0.00634765625,-0.09423828125,0.033935546875,0.107421875,0.107421875,-0.131103515625,0.159423828125,0.051025390625,-0.177734375,-0.046630859375,0.10546875,-0.01318359375,-0.03466796875,0.0380859375,-0.06494140625,-0.04931640625,0.09130859375,0.09130859375,-0.130859375,0.0380859375,0.097900390625,-0.09375,-0.0791015625,0.08984375,-0.015380859375,-0.0830078125,0.02783203125,-0.009033203125,-0.06787109375,0.035888671875,0.035888671875,-0.111328125,-0.0107421875,0.138916015625,-0.059326171875,-0.15869140625,0.064453125,0.093505859375,-0.091796875,-0.03857421875,0.092041015625,-0.0576171875,-0.0576171875,0.05712890625,0.01806640625,-0.08349609375,0.024169921875,0.054443359375,-0.080810546875,-0.06005859375,0.052978515625,-0.0390625,-0.0361328125,0.07958984375,-0.033447265625,-0.033447265625,0.058349609375,0.076416015625,-0.10009765625,-0.043212890625,0.081787109375,-0.044189453125,-0.056884765625,0.082275390625,-0.02685546875,-0.090576171875,0.0830078125,0.04931640625,-0.1689453125,-0.051025390625,0.16455078125,-0.02587890625,-0.139404296875,0.05615234375,0.05859375,-0.086181640625,-0.034912109375,0.01953125,-0.042724609375,0.03369140625,0.067626953125,0.067626953125,-0.0556640625,0.116943359375,-0.03369140625,-0.128662109375,0.06005859375,0.059326171875,-0.11572265625,-0.004150390625,0.105712890625,-0.123291015625,-0.118896484375,0.14111328125,0.044677734375,-0.181884765625,-0.041015625,0.12060546875,-0.033935546875,-0.069580078125,0.063720703125,-0.027587890625,-0.095703125,0.038330078125,0.033203125,-0.061279296875,0.011474609375,0.044677734375,-0.079833984375,-0.032470703125,0.068359375,-0.0703125,-0.0654296875,0.09765625,-0.01416015625,-0.136962890625,0.05029296875,0.110107421875,-0.133056640625,-0.090087890625,0.14306640625,0.004150390625,-0.14697265625,0.024658203125,0.076171875,-0.069091796875,-0.023681640625,0.05615234375,-0.068115234375,-0.0498046875,0.087890625,-0.025390625,-0.08837890625,0.0654296875,0.03662109375,-0.118896484375,-0.019775390625,0.09765625,-0.060546875,-0.074951171875,0.072265625,-0.030517578125,-0.09375,0.062744140625,0.01953125,-0.1513671875,0.0078125,0.16748046875,-0.065185546875,-0.155029296875,0.06005859375,0.04296875,-0.076904296875,0.02392578125,0.03125,-0.1044921875,-0.01123046875,0.097900390625,-0.0849609375,-0.082275390625,0.109130859375,-0.016845703125,-0.140869140625,0.042724609375,-0.103271484375,-0.103271484375,-0.007080078125,0.0859375,-0.114501953125,-0.077392578125,0.14208984375,-0.0166015625,-0.17626953125,0.064697265625,0.1455078125,-0.116943359375,-0.112060546875,0.087890625,-0.006591796875,0.05419921875,0.05419921875,-0.021484375,-0.099609375,0.045166015625,0.058349609375,-0.12109375,-0.025146484375,0.113525390625,-0.062744140625,-0.098388671875,0.07177734375,0.003662109375,-0.09130859375,0.054931640625,0.0498046875,-0.12646484375,-0.01025390625,0.143310546875,-0.078857421875,-0.146240234375,0.112548828125,0.099609375,-0.134765625,-0.076904296875,-0.001708984375,-0.001708984375,-0.034912109375,0.060791015625,-0.045654296875,-0.10986328125,0.0595703125,0.06689453125,-0.110107421875,-0.033935546875,0.117431640625,-0.025146484375,0.02734375,0.02734375,-0.010986328125,-0.053466796875,0.0634765625,0.015625,-0.126953125,0.001953125,0.125244140625,-0.06689453125,-0.076904296875,0.07763671875,-0.103271484375,-0.103271484375,0.09130859375,0.05712890625,-0.161376953125,-0.019287109375,0.16064453125,-0.07568359375,-0.1689453125,0.06689453125,0.05810546875,-0.064697265625,0.020751953125,-0.1015625,-0.1015625,0.003173828125,0.092041015625,-0.089111328125,-0.05810546875,0.1171875,-0.00244140625,-0.09814453125,0.05029296875,0.02685546875,-0.119384765625,0.11083984375,-0.111572265625,-0.111572265625,-0.080078125,0.12939453125,-0.02392578125,-0.153564453125,0.059814453125,0.089111328125,-0.134765625,-0.063232421875,0.107666015625,-0.072509765625,0.08544921875,0.08544921875,-0.00439453125,-0.140625,0.0009765625,0.078369140625,-0.06201171875,-0.01025390625,0.085205078125,-0.0673828125,-0.086669921875,0.071044921875,-0.09619140625,0.043701171875,0.043701171875,0.06005859375,-0.111572265625,-0.02685546875,0.122314453125,-0.075927734375,-0.1591796875,0.082275390625,0.094970703125,-0.13427734375,-0.078369140625,0.010986328125,-0.09619140625,0.026611328125,0.026611328125,0.013427734375,-0.076171875,0.015625,0.053955078125,-0.06298828125,-0.026611328125,0.068115234375,-0.045166015625,-0.07373046875,0.042236328125,-0.05908203125,0.0751953125,0.007568359375,0.007568359375,-0.129150390625,0.03173828125,0.122314453125,-0.131103515625,-0.127685546875,0.14697265625,0.049560546875,-0.164306640625,-0.027587890625,-0.03857421875,-0.019775390625,0.05224609375,-0.09228515625,-0.09228515625,-0.0791015625,0.107421875,0.006591796875,-0.114501953125,0.04150390625,0.056640625,-0.110107421875,-0.025634765625,0.094482421875,-0.055908203125,0.126708984375,-0.03076171875,-0.03076171875,-0.1494140625,0.08447265625,0.118896484375,-0.13330078125,-0.067138671875,0.145263671875,-0.0185546875,-0.14501953125,0.039306640625,-0.067626953125,0.0009765625,0.038818359375,-0.08740234375,-0.08740234375,-0.044921875,0.080078125,-0.044189453125,-0.083984375,0.066650390625,0.014404296875,-0.09521484375,0.01513671875,0.0556640625,-0.037353515625,0.088623046875,-0.057861328125,-0.091552734375,-0.091552734375,0.0927734375,0.0263671875,-0.142578125,-0.000732421875,0.1279296875,-0.07666015625,-0.151611328125,0.05712890625,-0.05859375,0.02880859375,0.01708984375,-0.1015625,-0.020263671875,-0.020263671875,0.0751953125,-0.059326171875,-0.05078125,0.089599609375,-0.010986328125,-0.09375,0.03857421875,0.0322265625,0.0244140625,0.077392578125,-0.101806640625,-0.065185546875,0.125,0.125,-0.015625,-0.12646484375,0.064208984375,0.0751953125,-0.126708984375,-0.061767578125,0.10888671875,-0.069580078125,0.062255859375,-0.015625,-0.11474609375,-0.11474609375,0.026123046875,0.055908203125,-0.093505859375,-0.019287109375,0.09375,-0.07080078125,-0.10986328125,0.01708984375,-0.092041015625,0.013671875,0.037841796875,-0.067138671875,-0.067138671875,-0.0009765625,0.06591796875,-0.10693359375,-0.0908203125,0.134033203125,0.053955078125,-0.05517578125,0.0966796875,-0.012939453125,-0.048583984375,0.035888671875,0.035888671875,-0.046875,-0.073486328125,0.0771484375,0.037353515625,-0.103759765625,-0.00048828125,0.109130859375,-0.108154296875,0.014892578125,0.004638671875,-0.009765625,0.06787109375,0.06787109375,-0.02001953125,-0.13232421875,0.01806640625,0.122802734375,-0.063232421875,-0.1064453125,0.01220703125,-0.066650390625,0.0205078125,-0.016845703125,-0.111083984375,-0.111083984375,0.037841796875,0.109375,-0.1240234375,-0.144287109375,0.114990234375,0.071533203125,-0.134765625,0.073974609375,-0.041015625,-0.055419921875,0.0439453125,-0.0361328125,-0.0361328125,-0.0693359375,0.065185546875,0.01025390625,-0.11376953125,0.00244140625,0.0703125,-0.03271484375,0.059814453125,-0.03515625,-0.053955078125,0.0625,-0.0234375,-0.0234375,-0.0986328125,0.081298828125,0.1025390625,-0.125,-0.08740234375,0.130859375,-0.12255859375,0.049072265625,0.056640625,-0.108642578125,-0.029296875,0.07861328125,0.07861328125,-0.048095703125,-0.046875,0.066650390625,-0.049072265625,-0.105712890625,0.05224609375,-0.093017578125,0.031005859375,0.032470703125,-0.1259765625,-0.0146484375,0.135009765625,-0.08154296875,-0.08154296875,-0.142822265625,0.12060546875,0.07275390625,-0.1640625,-0.060302734375,0.092041015625,-0.046630859375,0.059326171875,-0.062744140625,-0.089111328125,0.0888671875,0.0205078125,-0.134765625,-0.134765625,0.01416015625,0.10693359375,-0.08642578125,-0.096435546875,0.089599609375,-0.08544921875,0.036865234375,0.015380859375,-0.070068359375,0.042724609375,0.07958984375,-0.12060546875,-0.0703125,-0.0703125,0.160400390625,0.021484375,-0.181884765625,-0.027587890625,0.093994140625,-0.017822265625,0.0244140625,-0.091552734375,-0.071533203125,0.102294921875,-0.011962890625,-0.142333984375,0.03466796875,0.107177734375,-0.073974609375,-0.073974609375,-0.091552734375,0.04150390625,-0.019775390625,-0.022216796875,0.06298828125,-0.10986328125,0.088623046875,0.060791015625,-0.1484375,-0.0361328125,0.128173828125,-0.06689453125,-0.143798828125,-0.143798828125,0.07666015625,0.050048828125,-0.09814453125,0.008544921875,-0.091552734375,-0.047119140625,0.087158203125,-0.036865234375,-0.05078125,0.08740234375,-0.015625,-0.09521484375,-0.09521484375,0.06982421875,0.0576171875,-0.129150390625,-0.01123046875,0.150634765625,-0.1513671875,0.069580078125,0.04541015625,-0.113525390625,-0.0029296875,0.0703125,-0.08056640625,-0.060546875,-0.060546875,0.067626953125,-0.0498046875,-0.07275390625,0.07177734375,-0.108154296875,0.037353515625,0.064453125,-0.106201171875,-0.02392578125,0.124267578125,-0.06640625,-0.164306640625,-0.164306640625,0.058349609375,0.07421875,-0.09130859375,-0.013916015625,-0.06591796875,-0.0712890625,0.059326171875,-0.03076171875,-0.0693359375,0.084228515625,0.028076171875,-0.12109375,-0.12109375,0.0087890625,0.1025390625,-0.068115234375,0.0869140625,-0.033447265625,-0.087646484375,0.102294921875,0.049072265625,-0.1630859375,-0.025146484375,0.155517578125,-0.0546875,-0.0546875,-0.173095703125,0.051025390625,0.0732421875,-0.01318359375,0.04248046875,-0.077880859375,-0.048583984375,0.0771484375,-0.025146484375,-0.077392578125,0.047607421875,-0.007568359375,-0.007568359375,-0.090087890625,0.029541015625,-0.11376953125,0.003173828125,0.107177734375,-0.087646484375,-0.1005859375,0.10791015625,-0.00341796875,-0.142333984375,0.057861328125,0.057861328125,0.095703125,-0.12939453125,-0.071533203125,-0.021728515625,-0.09375,0.0791015625,0.0068359375,-0.135498046875,0.02490234375,0.115234375,-0.069580078125,-0.063720703125,-0.063720703125,0.09033203125,-0.020751953125,0.053466796875,0.019287109375,-0.073974609375,0.048095703125,0.060302734375,-0.11376953125,-0.05322265625,0.12060546875,-0.02197265625,-0.099365234375,-0.099365234375,0.055908203125,-0.001953125,0.043701171875,0.0751953125,-0.1376953125,-0.087158203125
Prusa_B,-0.03125,-0.0361328125,-0.075439453125,-0.075439453125,-0.06494140625,-0.018310546875,0.04736328125,0.072021484375,0.05517578125,0.0302734375,-0.005615234375,-0.0439453125,-0.062744140625,-0.065673828125,-0.039306640625,0.00341796875,0.005615234375,-0.02197265625,-0.039794921875,-0.031982421875,0.0029296875,0.0419921875,0.052490234375,0.032470703125,0.037841796875,0.052490234375,0.00341796875,-0.048095703125,-0.029296875,-0.0224609375,-0.058837890625,-0.022705078125,0.007568359375,0.005615234375,0.047607421875,-0.022216796875,0.008544921875,0.0478515625,0.007080078125,0.01708984375,-0.00390625,-0.07080078125,-0.0517578125,-0.035400390625,-0.0732421875,-0.045166015625,-0.012939453125,-0.01171875,0.031005859375,0.013671875,-0.03125,-0.01611328125,-0.01708984375,-0.04296875,-0.04541015625,-0.048095703125,-0.03271484375,0.005615234375,-0.021484375,-0.04638671875,-0.022705078125,-0.0185546875,-0.01806640625,0.0244140625,0.033447265625,-0.02197265625,-0.0078125,-0.02197265625,-0.058349609375,-0.018310546875,-0.00732421875,-0.0146484375,-0.002685546875,0.0146484375,-0.002197265625,-0.012939453125,-0.012939453125,0.000732421875,-0.008544921875,-0.0048828125,0.03125,0.038330078125,-0.004150390625,-0.019287109375,-0.035400390625,-0.02685546875,-0.008544921875,0.025390625,0.037841796875,-0.008544921875,-0.046875,-0.04638671875,-0.022216796875,-0.022216796875,0.01416015625,0.012939453125,-0.016357421875,-0.01123046875,-0.007080078125,-0.022705078125,0.005126953125,0.004638671875,-0.01416015625,-0.02099609375,-0.048583984375,-0.046875,-0.01806640625,-0.02734375,-0.02734375,-0.024169921875,0.00048828125,0.0048828125,0.00439453125,-0.037109375,-0.037109375,0.00048828125,0.005126953125,-0.036376953125,-0.05029296875,-0.025146484375,0.019775390625,0.00732421875,-0.044921875,-0.044921875,-0.00830078125,0.064453125,0.04833984375,-0.0078125,-0.005859375,-0.02001953125,-0.04443359375,-0.06005859375,-0.04052734375,-0.002685546875,-0.0205078125,-0.046142578125,-0.003662109375,0.03125,0.012939453125,0.008056640625,0.021728515625,0.021728515625,0.0107421875,-0.01513671875,-0.035888671875,-0.019287109375,-0.02294921875,-0.033447265625,-0.024658203125,-0.00927734375,-0.013427734375,-0.0146484375,0.009033203125,0.0283203125,0.00830078125,-0.012939453125,-0.006591796875,-0.006591796875,-0.009521484375,-0.041259765625,-0.03369140625,-0.01953125,-0.019287109375,0.00244140625,0.006103515625,-0.00634765625,-0.021728515625,-0.0205078125,-0.013427734375,-0.03076171875,-0.033447265625,-0.012939453125,-0.017333984375,-0.0341796875,-0.0087890625,-0.0087890625,0.0087890625,-0.017578125,-0.028076171875,-0.0048828125,-0.01171875,-0.025390625,-0.00439453125,0.00830078125,-0.01416015625,-0.009033203125,0.006591796875,0.00244140625,-0.008544921875,-0.016845703125,0.00244140625,0.000244140625,-0.035888671875,-0.04150390625,-0.017822265625,-0.017822265625,-0.00146484375,-0.0048828125,-0.0224609375,-0.0146484375,0.0068359375,0.008544921875,0.010009765625,-0.013427734375,-0.01123046875,-0.008544921875,-0.012451171875,-0.0234375,-0.039306640625,-0.0283203125,-0.0078125,-0.00634765625,-0.0166015625,0.002197265625,0.0078125,0.0078125,-0.011962890625,-0.01318359375,-0.0087890625,-0.015625,-0.01904296875,-0.017333984375,-0.016845703125,-0.012939453125,-0.025390625,-0.033203125,-0.0185546875,-0.0029296875,0.001953125,0.000732421875,-0.035400390625,-0.0771484375,-0.04296875,0.01220703125,-0.0107421875,-0.01708984375,-0.01708984375,0.004638671875,0.006103515625,-0.0126953125,-0.001953125,0.013916015625,-0.0029296875,-0.0263671875,0.007080078125,-0.000732421875,-0.02880859375,-0.015625,-0.00048828125,-0.017333984375,-0.022216796875,-0.01513671875,-0.031494140625,-0.02099609375,-0.001220703125,-0.000244140625,-0.000244140625,0.021728515625,0.026611328125,-0.046142578125,-0.021240234375,-0.002685546875,-0.02587890625,-0.034423828125,-0.023681640625,-0.019775390625,-0.019775390625,-0.00048828125,0.00146484375,0.003662109375,0.00830078125,-0.011962890625,-0.0087890625,-0.00830078125,-0.026123046875,-0.021240234375,-0.001953125,-0.014892578125,-0.023193359375,-0.001220703125,-0.009521484375,-0.01123046875,-0.01123046875,0.00146484375,0.00146484375,-0.023193359375,-0.033935546875,-0.02783203125,-0.029296875,-0.061279296875,-0.047119140625,-0.00146484375,0.001708984375,0.02294921875,0.031982421875,-0.014404296875,-0.0400390625,-0.0380859375,-0.021484375,0.005859375,-0.003173828125,-0.0166015625,0.007568359375,0.014892578125,-0.021484375,-0.013916015625,0.015380859375,-0.0029296875,-0.01220703125,-0.005859375,-0.0029296875,-0.009521484375,-0.03173828125,-0.03173828125,-0.02978515625,-0.013916015625,-0.04443359375,-0.02392578125,0.010009765625,0.0146484375,0.011962890625,-0.005859375,-0.013916015625,-0.03955078125,-0.05517578125,-0.023681640625,-0.00244140625,-0.006591796875,-0.001953125,0.0126953125,0.00048828125,-0.01953125,-0.012451171875,0.000732421875,0.009033203125,-0.004638671875,-0.02099609375,-0.023193359375,-0.02001953125,-0.031494140625,-0.029296875,0.0,0.011962890625,0.011962890625,0.002685546875,0.010498046875,0.007568359375,-0.026611328125,-0.052734375,-0.052734375,-0.045654296875,-0.028564453125,-0.005126953125,0.013916015625,0.00537109375,-0.017822265625,-0.0234375,0.00830078125,0.01025390625,-0.017578125,-0.007568359375,0.026611328125,-0.00244140625,-0.05419921875,-0.03857421875,-0.02001953125,-0.03125,-0.002197265625,0.0361328125,0.03369140625,0.0048828125,-0.037109375,-0.040771484375,-0.02001953125,-0.02880859375,-0.023193359375,0.0078125,0.00927734375,-0.01025390625,-0.014892578125,-0.00830078125,-0.01708984375,-0.0283203125,-0.020751953125,0.0107421875,0.0126953125,-0.0166015625,-0.018798828125,-0.017333984375,-0.036376953125,-0.036865234375,-0.01123046875,0.01611328125,0.0146484375,0.008544921875,0.005615234375,-0.000244140625,-0.02685546875,-0.0244140625,0.00439453125,-0.008056640625,-0.03759765625,-0.03662109375,0.0,-0.011474609375,-0.011474609375,-0.0068359375,0.0205078125,0.01953125,-0.031005859375,-0.0498046875,-0.03857421875,-0.06005859375,-0.049560546875,-0.0078125,0.010498046875,0.01025390625,0.002685546875,0.002685546875,0.007080078125,-0.012451171875,-0.024658203125,-0.00048828125,0.01123046875,-0.03173828125,-0.0517578125,-0.00830078125,0.000732421875,-0.027587890625,-0.01220703125,0.01513671875,0.001220703125,-0.020751953125,0.017333984375,-0.00146484375,-0.00146484375,-0.017333984375,-0.01171875,-0.00390625,-0.02490234375,-0.052978515625,-0.03271484375,0.0087890625,-0.009521484375,-0.02685546875,-0.011474609375,-0.013916015625,-0.0205078125,-0.007080078125,0.02490234375,0.01171875,-0.022216796875,-0.017822265625,-0.00830078125,-0.0078125,-0.010986328125,-0.014892578125,0.00634765625,0.01025390625,-0.019775390625,-0.02734375,-0.01025390625,-0.00927734375,-0.024658203125,-0.00927734375,-0.0029296875,-0.017578125,-0.017578125,-0.017822265625,-0.0048828125,0.00048828125,-0.021484375,-0.048095703125,-0.02294921875,-0.009033203125,-0.0205078125,-0.00390625,0.013427734375,-0.013671875,-0.05224609375,-0.025146484375,0.010986328125,-0.023193359375,-0.023681640625,0.023681640625,0.016845703125,-0.031982421875,-0.017578125,0.0322265625,0.017333984375,-0.025390625,-0.033203125,-0.014404296875,-0.009521484375,-0.028564453125,-0.01171875,0.010986328125,0.00341796875,0.00341796875,-0.010009765625,0.009521484375,0.00048828125,-0.016845703125,-0.016357421875,-0.02294921875,-0.04541015625,-0.041748046875,-0.010009765625,0.000244140625,-0.029296875,-0.029052734375,0.04150390625,0.060791015625,0.005859375,-0.035400390625,-0.020751953125,-0.016357421875,-0.056640625,-0.05615234375,-0.0126953125,0.015380859375,0.008056640625,0.01025390625,-0.015869140625,-0.052734375,-0.02734375,0.027099609375,0.018798828125,-0.031982421875,-0.031982421875,-0.049072265625,-0.035400390625,-0.051513671875,-0.054931640625,-0.005126953125,0.039306640625,0.009521484375,-0.027099609375,0.010498046875,0.033935546875,-0.02294921875,-0.05859375,-0.0048828125,0.029296875,-0.03271484375,-0.056884765625,0.00048828125,0.02197265625,-0.013671875,-0.010986328125,0.040283203125,0.0478515625,-0.010009765625,-0.044921875,-0.03076171875,-0.027587890625,-0.010498046875,0.0205078125,0.003173828125,-0.036865234375,-0.036865234375,-0.032470703125,-0.0087890625,-0.008056640625,-0.009765625,0.00732421875,0.021728515625,-0.02783203125,-0.080322265625,-0.05517578125,0.0009765625,-0.004150390625,-0.013916015625,0.038330078125,0.059814453125,0.001953125,-0.0439453125,-0.016845703125,-0.001708984375,-0.021240234375,-0.0224609375,-0.001708984375,-0.0068359375,-0.044921875,-0.038330078125,0.015869140625,0.027587890625,-0.004638671875,0.018310546875,-0.00634765625,-0.05859375,-0.058349609375,-0.02734375,-0.034912109375,-0.04150390625,0.00146484375,0.00146484375,0.0478515625,0.023193359375,-0.031005859375,-0.021240234375,0.016357421875,-0.003173828125,-0.025634765625,-0.00341796875,-0.008056640625,-0.05908203125,-0.056640625,0.013427734375,0.022705078125,-0.018798828125,0.0,0.049072265625,0.02392578125,-0.041259765625,-0.038330078125,-0.007568359375,-0.05908203125,-0.0546875,0.01904296875,0.009033203125,-0.0517578125,-0.017333984375,0.046875,-0.00341796875,-0.081787109375,-0.081787109375,-0.04296875,0.0341796875,0.011474609375,-0.027587890625,0.01611328125,0.028564453125,-0.06982421875,-0.0888671875,0.026123046875,0.0537109375,-0.02197265625,-0.017333984375,0.051025390625,0.021484375,-0.077392578125,-0.054931640625,0.043701171875,0.02490234375,-0.07177734375,0.06396484375,0.0126953125,-0.09765625,-0.036376953125,0.04150390625,-0.00244140625,-0.0595703125,0.008056640625,0.05908203125,-0.032470703125,-0.084228515625,-0.01123046875,-0.01123046875,0.02392578125,-0.050048828125,-0.06982421875,0.02001953125,0.04541015625,-0.0419921875,-0.024169921875,0.07421875,0.032470703125,-0.079833984375,-0.0390625,0.054931640625,-0.0009765625,-0.090576171875,-0.041015625,0.048583984375,0.013671875,-0.055419921875,0.088134765625,-0.009765625,-0.09765625,-0.032958984375,0.028076171875,-0.044189453125,-0.044189453125,-0.07373046875,0.013916015625,0.04052734375,-0.020263671875,-0.0283203125,0.01416015625,0.002685546875,-0.037353515625,0.038330078125,0.026611328125,-0.030517578125,-0.01806640625,0.02880859375,0.02880859375,-0.02587890625,-0.083251953125,-0.018798828125,0.05322265625,0.01416015625,-0.0556640625,-0.018310546875,0.01611328125,-0.053955078125,-0.038818359375,0.00390625,-0.00927734375,-0.04296875,-0.04296875,-0.032958984375,-0.00927734375,-0.019287109375,-0.0390625,-0.00830078125,0.027099609375,-0.046142578125,0.002685546875,0.045166015625,0.010498046875,-0.041259765625,-0.021240234375,-0.011474609375,-0.011474609375,-0.071533203125,-0.074951171875,0.04150390625,0.105224609375,0.022705078125,-0.0341796875,0.012451171875,-0.074951171875,-0.082275390625,0.00732421875,0.02490234375,-0.032470703125,-0.025390625,-0.025390625,0.03369140625,0.00732421875,-0.059326171875,-0.039306640625,0.0380859375,0.052734375,-0.010986328125,-0.01904296875,-0.00830078125,-0.1083984375,-0.024658203125,0.051025390625,0.019287109375,-0.0283203125,0.02490234375,0.057861328125,0.057861328125,-0.035400390625,-0.06884765625,-0.000244140625,0.042236328125,-0.014404296875,-0.06787109375,0.018798828125,-0.062744140625,-0.057861328125,0.06640625,0.081298828125,-0.0107421875,-0.009521484375,0.00537109375,0.00537109375,-0.07373046875,-0.11767578125,-0.0234375,0.048828125,-0.00341796875,-0.02734375,0.0361328125,-0.022705078125,-0.054443359375,0.024169921875,0.068603515625,-0.025146484375,-0.082275390625,-0.0400390625,-0.0400390625,-0.01513671875,-0.046630859375,-0.031005859375,0.0400390625,0.067138671875,-0.0322265625,0.010986328125,0.01513671875,-0.067138671875,-0.05615234375,0.035888671875,0.004150390625,-0.0927734375,-0.0927734375,-0.048828125,0.058837890625,0.023193359375,-0.0546875,-0.002685546875,0.00732421875,-0.111083984375,-0.064208984375,0.022705078125,-0.0400390625,-0.06494140625,0.068359375,0.088134765625,0.088134765625,-0.052734375,-0.059814453125,0.044189453125,0.041748046875,-0.042236328125,0.0322265625,-0.010009765625,-0.098388671875,-0.041748046875,0.072265625,0.018310546875,-0.08349609375,0.003662109375,0.090087890625,0.090087890625,-0.0107421875,-0.100341796875,-0.044189453125,0.027587890625,-0.074951171875,0.0048828125,0.049560546875,-0.045654296875,-0.096923828125,0.012939453125,0.071533203125,-0.01416015625,-0.053955078125,-0.053955078125,0.010009765625,0.006591796875,-0.092529296875,-0.06103515625,0.058349609375,-0.05029296875,-0.029296875,0.06884765625,0.0244140625,-0.111328125,-0.061767578125,0.05712890625,-0.001953125,-0.001953125,-0.0830078125,-0.015625,0.083251953125,0.009765625,-0.03857421875,0.0654296875,-0.0048828125,-0.10791015625,-0.00830078125,0.072509765625,-0.058349609375,-0.105712890625,0.053955078125,0.0859375,0.0859375,-0.07470703125,-0.07763671875,0.088623046875,0.0751953125,-0.06005859375,0.036865234375,-0.01513671875,-0.104736328125,-0.02197265625,0.11279296875,0.029052734375,-0.10107421875,-0.009033203125,-0.009033203125,0.103271484375,-0.027587890625,0.0,0.083984375,-0.0751953125,-0.12353515625,0.038330078125,0.03564453125,-0.09423828125,-0.044677734375,0.08251953125,0.0419921875,0.0419921875,-0.066650390625,-0.037109375,-0.003173828125,-0.1005859375,-0.051513671875,0.06005859375,0.003173828125,-0.086669921875,0.02978515625,0.07861328125,-0.02880859375,-0.0693359375,-0.0693359375,0.011962890625,0.048095703125,-0.079833984375,-0.04443359375,0.036865234375,-0.001220703125,-0.073974609375,0.009521484375,0.080810546875,-0.0068359375,-0.062744140625,-0.062744140625,0.017578125,0.049072265625,-0.111572265625,0.000732421875,0.050048828125,-0.073974609375,-0.09423828125,0.07275390625,0.0771484375,-0.06201171875,-0.026123046875,0.085693359375,0.085693359375,0.010498046875,-0.04052734375,0.045654296875,-0.0166015625,-0.106689453125,-0.038330078125,0.10986328125,0.044921875,-0.101806640625,-0.03271484375,0.097412109375,0.097412109375,0.013916015625,-0.10302734375,0.062744140625,-0.052978515625,-0.165283203125,-0.00732421875,0.101806640625,-0.026611328125,-0.060302734375,0.072265625,0.082763671875,-0.07763671875,-0.07763671875,-0.06884765625,-0.030517578125,-0.126953125,-0.01318359375,0.0712890625,-0.003173828125,-0.083740234375,-0.0126953125,0.0791015625,0.0419921875,-0.031005859375,-0.022705078125,0.011962890625,0.011962890625,-0.019775390625,-0.031982421875,-0.027099609375,-0.05859375,-0.04248046875,0.041748046875,0.06640625,-0.01025390625,-0.0390625,0.02734375,0.023193359375,-0.081298828125,-0.0830078125,-0.0830078125,-0.005615234375,-0.039306640625,-0.008544921875,0.0390625,0.0087890625,-0.02001953125,-0.000732421875,0.0087890625,-0.0126953125,-0.03271484375,-0.02490234375,-0.011474609375,-0.0244140625,-0.0244140625,-0.04833984375,0.03564453125,0.00048828125,-0.008056640625,0.00927734375,0.0,-0.037841796875,-0.04638671875,-0.031982421875,-0.025634765625,-0.019287109375,-0.018798828125,-0.018798828125,0.03271484375,0.03271484375,-0.019775390625,-0.021240234375,0.023681640625,-0.00390625,-0.04931640625,-0.044189453125,-0.040771484375,-0.064697265625,-0.01904296875,0.073486328125,0.0576171875,-0.00244140625,-0.011474609375,-0.011474609375,0.014404296875,-0.00634765625,-0.045166015625,-0.061279296875,-0.03125,-0.05517578125,-0.04541015625,0.051025390625,0.049560546875,-0.049560546875,-0.020263671875,0.080810546875,0.01708984375,-0.078125,-0.0595703125,-0.019775390625,-0.058349609375,-0.06689453125,0.020263671875,0.060302734375,-0.002197265625,-0.024169921875,0.03076171875,0.01416015625,-0.052490234375,-0.045166015625,-0.0029296875,-0.0029296875,-0.069091796875,-0.03857421875,0.0498046875,0.081298828125,-0.02392578125,-0.056396484375,0.043212890625,0.0302734375,-0.053955078125,-0.051025390625,-0.017333984375,-0.0556640625,-0.050537109375,0.004638671875,0.010498046875,-0.006591796875,0.01318359375,0.0673828125,0.068115234375,-0.0009765625,-0.064453125,-0.0400390625,0.022705078125,-0.05126953125,-0.13037109375,-0.0322265625,0.071044921875,0.003173828125,-0.022705078125,0.046630859375,0.039794921875,-0.003662109375,-0.025146484375,-0.025634765625,-0.0517578125,-0.080078125,-0.05712890625,0.009521484375,0.037353515625,-0.0263671875,-0.067138671875,-0.017578125,0.0244140625,0.03515625,0.011474609375,-0.05078125,-0.081298828125,-0.015869140625,0.025634765625,-0.0224609375,-0.02880859375,-0.00390625,0.000244140625,0.00048828125,-0.03125,-0.0458984375,-0.0029296875,0.018310546875,-0.002685546875,-0.01953125,-0.04248046875,-0.047119140625,-0.00048828125,0.04248046875,0.03662109375,-0.00634765625,-0.04443359375,-0.04541015625,-0.008056640625,-0.001220703125,0.0009765625,-0.00390625,-0.0556640625,-0.041015625,-0.00537109375,-0.009033203125,0.01904296875,0.073974609375,0.032958984375,-0.0537109375,-0.03759765625,-0.0390625,-0.05126953125,0.01025390625,0.0322265625,0.0029296875,0.00244140625,0.0068359375,-0.034423828125,-0.025146484375,0.007080078125,-0.012451171875,-0.006103515625,0.025146484375,-0.003173828125,-0.04443359375,-0.027099609375,-0.031005859375,-0.02490234375,0.010009765625,0.009521484375,0.017333984375,0.0048828125,-0.0283203125,-0.03173828125,-0.056884765625,-0.04638671875,0.0166015625,-0.00732421875,-0.02099609375,0.017822265625,-0.050048828125,-0.052490234375,0.013671875,-0.0224609375,-0.02294921875,0.013671875,-0.039794921875,-0.002685546875,-0.002685546875,0.015380859375,0.017822265625,0.014404296875,-0.03271484375,-0.030517578125,0.007568359375,-0.01806640625,-0.054443359375,-0.031005859375,0.00341796875,0.033447265625,0.052001953125,-0.058837890625,-0.058837890625,-0.072021484375,-0.027587890625,0.05126953125,0.10498046875,0.06689453125,-0.023681640625,-0.067626953125,-0.06201171875,-0.039794921875,-0.02734375,-0.066162109375,-0.07177734375,0.075927734375,0.075927734375,0.05712890625,0.029296875,0.010986328125,0.01318359375,-0.0087890625,-0.071533203125,-0.09228515625,-0.067626953125,-0.0517578125,-0.052001953125,-0.03125,0.02587890625,0.02392578125,0.02392578125,0.0166015625,0.013916015625,0.020263671875,0.012939453125,0.0205078125,0.03125,-0.02978515625,-0.10400390625,-0.07666015625,-0.012939453125,-0.041015625,-0.0517578125,0.01611328125,0.01611328125,0.06005859375,0.052734375,-0.064453125,0.019775390625,0.015869140625,-0.05517578125,0.058837890625,-0.093994140625,-0.052490234375,0.06982421875,-0.10498046875,-0.036376953125,-0.059326171875,-0.059326171875,0.0458984375,-0.075439453125,-0.030029296875,-0.003662109375,-0.03271484375,0.082275390625,0.04833984375,0.028564453125,0.011962890625,-0.068115234375,-0.05615234375,-0.046142578125,0.001708984375,0.009521484375,0.009521484375,-0.0078125,-0.002197265625,-0.02099609375,-0.005859375,0.03125,0.021240234375,0.02490234375,0.021484375,-0.019287109375,-0.040283203125,-0.049560546875,-0.01708984375,0.00537109375,-0.052001953125,-0.052001953125,-0.052001953125,-0.0087890625,0.03369140625,0.05322265625,0.02001953125,-0.03173828125,-0.0361328125,0.010498046875,0.0380859375,-0.07763671875,-0.08349609375,-0.039306640625,-0.039306640625,-0.006103515625,0.010986328125,-0.026611328125,0.00390625,0.035400390625,-0.007080078125,-0.014404296875,-0.028564453125,-0.016845703125,0.021728515625,0.001708984375,-0.064453125,-0.064453125,-0.0654296875,0.017333984375,0.0576171875,0.00341796875,-0.08544921875,-0.0927734375,0.0380859375,0.086181640625,-0.078125,-0.0087890625,0.0966796875,0.042724609375,0.042724609375,-0.101806640625,-0.097900390625,0.056396484375,0.08056640625,-0.086181640625,-0.129638671875,0.0263671875,0.106689453125,-0.129150390625,-0.020263671875,0.098388671875,0.098388671875,0.02587890625,-0.081298828125,-0.033935546875,0.029296875,-0.021240234375,-0.075439453125,-0.04345703125,0.03515625,-0.019775390625,-0.01318359375,-0.05859375,-0.0634765625,-0.0634765625,0.0048828125,0.033447265625,0.0078125,-0.035400390625,0.010009765625,0.053466796875,-0.041015625,-0.105224609375,0.03271484375,-0.02099609375,-0.07421875,0.00341796875,0.00341796875,0.0595703125,-0.008056640625,-0.074462890625,-0.026611328125,0.01025390625,-0.01806640625,-0.01611328125,0.059814453125,-0.03173828125,-0.058837890625,-0.010986328125,-0.010986328125,-0.000732421875,-0.023681640625,-0.025390625,0.031494140625,0.0185546875,-0.04541015625,-0.0048828125,0.029052734375,-0.060791015625,-0.030029296875,0.035888671875,-0.005859375,-0.04736328125,-0.04736328125,0.0234375,0.043212890625,-0.0390625,-0.112548828125,-0.0556640625,0.0126953125,-0.01513671875,0.024658203125,0.040771484375,-0.0458984375,-0.07177734375,-0.002197265625,0.010986328125,0.010986328125,-0.05615234375,-0.056396484375,0.062255859375,0.05615234375,-0.051513671875,-0.02685546875,0.026611328125,-0.0869140625,-0.052001953125,0.04150390625,0.03759765625,0.03759765625,-0.0224609375,0.00927734375,0.049560546875,-0.0302734375,-0.08740234375,-0.01171875,0.0400390625,-0.0576171875,0.018798828125,0.05615234375,-0.016357421875,-0.074462890625,-0.001708984375,-0.001708984375,0.03955078125,-0.032958984375,-0.0537109375,0.017333984375,0.041748046875,-0.03955078125,0.034423828125,0.0166015625,-0.06396484375,-0.0498046875,0.0244140625,0.0244140625,0.0361328125,-0.036376953125,-0.04638671875,0.01123046875,-0.00390625,-0.06640625,0.0341796875,0.01708984375,-0.057373046875,-0.021240234375,0.01904296875,-0.003173828125,-0.003173828125,-0.042724609375,-0.02783203125,0.00341796875,-0.0361328125,-0.042724609375,0.01708984375,-0.0322265625,-0.0341796875,0.02490234375,0.0078125,-0.03955078125,0.001708984375,0.001708984375,0.042724609375,-0.006591796875,-0.070068359375,-0.0283203125,0.046142578125,-0.0498046875,-0.002197265625,0.05712890625,-0.000732421875,-0.064697265625,-0.01611328125,0.0322265625,0.0322265625,-0.023681640625,-0.078125,-0.0068359375,0.0419921875,-0.031005859375,-0.070068359375,0.02783203125,-0.05029296875,-0.058837890625,0.029052734375,0.0341796875,-0.042236328125,-0.052001953125,-0.052001953125,0.010986328125,-0.001220703125,-0.052001953125,-0.027099609375,0.020263671875,0.009521484375,-0.035888671875,0.034423828125,-0.009033203125,-0.05908203125,-0.015869140625,0.033203125,-0.02197265625,-0.0751953125,-0.0751953125,0.015380859375,0.063232421875,-0.037353515625,-0.06689453125,0.0185546875,0.04931640625,-0.071533203125,0.00927734375,0.02978515625,-0.057373046875,-0.060302734375,0.047607421875,0.044677734375,0.044677734375,-0.0400390625,-0.051513671875,0.007568359375,0.00927734375,-0.040283203125,-0.018798828125,0.00537109375,-0.066650390625,-0.021728515625,0.040771484375,-0.006591796875,-0.06396484375,-0.029052734375,-0.029052734375,0.031982421875,-0.0029296875,-0.041015625,0.02099609375,0.038818359375,-0.056396484375,0.004638671875,0.0361328125,-0.039794921875,-0.060302734375,0.03125,0.03466796875,-0.05517578125,-0.045654296875,-0.045654296875,0.03515625,0.020751953125,-0.068359375,-0.05859375,0.033203125,-0.03564453125,-0.035400390625,0.0361328125,0.02685546875,0.001953125,0.017333984375,0.051025390625,-0.02685546875,-0.07666015625,-0.01171875,0.031005859375,-0.020751953125,-0.020751953125,-0.052490234375,0.009765625,0.044677734375,-0.02587890625,-0.069091796875,0.038818359375,-0.0712890625,-0.06591796875,0.016357421875,0.01025390625,-0.06298828125,-0.04248046875,0.0478515625,0.0478515625,0.01220703125,-0.087158203125,-0.039306640625,0.0576171875,-0.060791015625,-0.020751953125,0.044677734375,-0.00927734375,-0.08837890625,-0.019775390625,0.076416015625,0.01123046875,0.01123046875,-0.08447265625,-0.01416015625,0.070068359375,-0.061767578125,0.004638671875,0.022216796875,-0.06396484375,-0.06298828125,0.03369140625,0.05029296875,-0.0400390625,-0.0400390625,-0.0576171875,0.039794921875,0.013671875,-0.01806640625,0.069580078125,0.005615234375,-0.109619140625,-0.039306640625,0.081787109375,0.015380859375,-0.0869140625,-0.02978515625,-0.02978515625,0.0634765625,0.0078125,-0.07958984375,0.08544921875,-0.019775390625,-0.10986328125,-0.0224609375,0.040771484375,-0.03125,-0.075927734375,0.0087890625,0.065673828125,0.065673828125,-0.035400390625,-0.073974609375,0.0322265625,-0.092041015625,-0.100341796875,0.015869140625,0.03125,-0.050537109375,-0.03173828125,0.056396484375,0.029296875,-0.057373046875,-0.057373046875,-0.044921875,0.037841796875,-0.059326171875,-0.013916015625,0.0390625,-0.017822265625,-0.04541015625,0.02685546875,0.0634765625,-0.02685546875,-0.077392578125,-0.077392578125,0.019287109375,0.048095703125,-0.04345703125,-0.003173828125,0.031982421875,-0.0380859375,-0.041259765625,0.048095703125,0.029052734375,-0.082763671875,-0.060302734375,0.054443359375,0.054443359375,0.02880859375,-0.079345703125,0.036865234375,-0.009033203125,-0.0732421875,-0.00634765625,0.068603515625,0.004638671875,-0.06689453125,-0.001708984375,0.0712890625,-0.0185546875,-0.0966796875,-0.0966796875,-0.005859375,0.047119140625,-0.077880859375,0.037353515625,0.067138671875,-0.061279296875,-0.093505859375,0.033203125,0.057373046875,-0.0615234375,-0.06982421875,0.03759765625,0.02099609375,-0.081298828125,-0.081298828125,-0.05517578125,0.052734375,-0.07470703125,-0.0478515625,0.07470703125,0.013916015625,-0.100341796875,-0.035400390625,0.07080078125,-0.00927734375,-0.101806640625,0.0009765625,0.1044921875,0.1044921875,0.01025390625,-0.001708984375,0.0556640625,-0.05322265625,-0.10009765625,0.021728515625,0.072265625,-0.05078125,-0.100341796875,0.013671875,0.05224609375,-0.048095703125,-0.063232421875,-0.063232421875,0.03515625,-0.0791015625,-0.041259765625,0.069091796875,0.02978515625,-0.083740234375,-0.05029296875,0.0673828125,0.008544921875,-0.09326171875,-0.00634765625,0.0771484375,-0.024169921875,-0.024169921875,-0.114501953125,0.104736328125,-0.00830078125,-0.10400390625,-0.01220703125,0.059326171875,-0.036376953125,-0.093017578125,0.023681640625,0.0751953125,-0.048583984375,-0.080322265625,0.032470703125,0.043212890625,0.043212890625,-0.074462890625,0.0439453125,0.02099609375,-0.0654296875,-0.031982421875,0.07080078125,0.02001953125,-0.09130859375,-0.030517578125,0.063720703125,-0.002685546875,-0.09423828125,-0.008544921875,-0.008544921875,-0.01025390625,-0.098388671875,0.003662109375,0.08056640625,-0.031982421875,-0.10693359375,0.008056640625,0.068359375,-0.049072265625,-0.07177734375,0.054443359375,0.049072265625,-0.085693359375,-0.085693359375,0.03173828125,0.030517578125,-0.089111328125,-0.045654296875,0.104248046875,0.05712890625,-0.09619140625,-0.053466796875,0.073486328125,0.000244140625,-0.127197265625,-0.0361328125,-0.0361328125,0.011962890625,-0.08642578125,0.011474609375,0.106201171875,-0.023193359375,-0.125,-0.00390625,0.083740234375,-0.035400390625,-0.119140625,0.02197265625,0.09228515625,-0.048095703125,-0.08984375,0.0341796875,0.047119140625,-0.081787109375,-0.089599609375,0.048828125,0.04443359375,-0.098876953125,-0.079345703125,0.064697265625,0.039306640625,0.039306640625,-0.062744140625,0.06982421875,0.02099609375,-0.09228515625,-0.01171875,0.085205078125,-0.008056640625,-0.095947265625,-0.022216796875,0.063720703125,-0.014892578125,-0.080322265625,0.033447265625,0.08984375,-0.0439453125,-0.107177734375,0.021728515625,0.064697265625,-0.072998046875,-0.1005859375,0.0400390625,0.050048828125,-0.062744140625,-0.044189453125,0.080078125,0.048828125,-0.098388671875,-0.087890625,0.051513671875,0.010009765625,-0.116943359375,-0.036376953125,0.095458984375,0.02587890625,-0.080810546875,-0.019287109375,0.075927734375,0.0,-0.0830078125,0.010009765625,0.06982421875,-0.040283203125,-0.10205078125,0.0283203125,0.05078125,-0.0966796875,-0.078857421875,0.06494140625,0.052978515625,-0.092041015625,-0.073974609375,0.08203125,0.0615234375,-0.100830078125,-0.08447265625,0.05615234375,0.005615234375,-0.1123046875,-0.0361328125,0.114501953125,0.0361328125,-0.105224609375,-0.02099609375,0.069091796875,-0.036376953125,-0.11181640625,0.017333984375,0.106201171875,-0.03076171875,-0.093505859375,0.041259765625,0.0849609375,-0.073974609375,-0.1171875,0.05615234375,0.09521484375,-0.064208984375,0.081787109375,0.081787109375,0.059814453125,-0.120361328125,-0.12939453125,0.048095703125,0.0517578125,-0.093994140625,-0.035400390625,0.09912109375,0.01416015625,-0.103759765625,-0.029541015625,0.066650390625,-0.14013671875,-0.14013671875,-0.006103515625,0.121826171875,-0.000244140625,-0.097412109375,0.02392578125,0.0927734375,-0.053466796875,-0.128662109375,0.019287109375,0.095947265625,-0.039794921875,-0.09423828125,0.08740234375,0.08740234375,-0.053466796875,-0.0888671875,0.050048828125,0.04296875,-0.09716796875,-0.06298828125,0.086669921875,0.05419921875,-0.0947265625,-0.0576171875,0.060546875,-0.023681640625,-0.00146484375,-0.00146484375,0.1513671875,0.018310546875,-0.129638671875,-0.001953125,0.116455078125,-0.026123046875,-0.130859375,-0.017822265625,0.063232421875,-0.032470703125,-0.073486328125,0.058837890625,-0.04638671875,-0.04638671875,-0.08349609375,0.025390625,0.0068359375,-0.11962890625,-0.071044921875,0.09326171875,0.031005859375,-0.103515625,-0.0234375,0.093505859375,-0.004638671875,-0.142822265625,0.09423828125,-0.000732421875,-0.000732421875,-0.123046875,0.02734375,0.134033203125,-0.03125,-0.14111328125,-0.01318359375,0.0869140625,-0.03662109375,-0.09912109375,0.059326171875,0.102294921875,-0.080322265625,0.0478515625,0.0478515625,0.0390625,-0.094970703125,-0.076416015625,0.079345703125,0.04296875,-0.1015625,-0.024169921875,0.128173828125,-0.000244140625,-0.1806640625,0.098388671875,-0.003173828125,-0.003173828125,-0.130615234375,-0.003173828125,0.12744140625,-0.017578125,-0.136962890625,-0.003662109375,0.094970703125,-0.046875,-0.116455078125,0.04150390625,-0.08740234375,-0.067138671875,-0.067138671875,0.0751953125,0.03271484375,-0.115478515625,-0.0546875,0.1171875,0.04736328125,-0.126220703125,-0.048095703125,0.109619140625,0.011962890625,-0.053955078125,0.120361328125,0.120361328125,0.016357421875,-0.1240234375,-0.013427734375,0.1005859375,-0.01708984375,-0.105712890625,0.00732421875,0.08837890625,-0.055908203125,0.041748046875,0.07177734375,-0.054443359375,-0.054443359375,-0.058349609375,0.046142578125,0.03369140625,-0.0927734375,-0.05029296875,0.107421875,0.057861328125,-0.10009765625,-0.0595703125,0.0712890625,-0.009521484375,-0.04736328125,0.072265625,0.0302734375,0.0302734375,-0.076171875,-0.00830078125,0.0830078125,-0.014892578125,-0.1015625,-0.03369140625,0.01123046875,-0.076171875,-0.068115234375,0.0673828125,-0.060791015625,-0.0556640625,-0.0556640625,0.050537109375,0.031982421875,-0.114013671875,-0.0693359375,0.089111328125,0.039794921875,-0.078125,-0.060791015625,0.03955078125,-0.073486328125,-0.01806640625,0.0732421875,0.0732421875,0.015869140625,-0.069580078125,-0.0205078125,0.033935546875,-0.0341796875,-0.066650390625,0.02490234375,0.03857421875,-0.060791015625,0.037109375,0.039794921875,-0.085205078125,-0.052978515625,-0.052978515625,0.073486328125,0.0146484375,-0.1044921875,-0.044677734375,0.05859375,0.021728515625,-0.072998046875,-0.017822265625,0.052490234375,-0.05712890625,-0.037841796875,0.01708984375,-0.014404296875,-0.014404296875,-0.060791015625,0.006103515625,0.047119140625,-0.0087890625,-0.033447265625,0.0078125,0.0224609375,-0.04736328125,-0.05859375,0.017578125,-0.06787109375,-0.053955078125,0.013427734375,0.013427734375,0.033203125,-0.022216796875,-0.041259765625,0.01806640625,0.02587890625,-0.066162109375,-0.07080078125,0.02294921875,-0.028564453125,-0.035400390625,0.02490234375,0.014404296875,-0.045166015625,-0.045166015625,-0.02490234375,0.017333984375,0.01123046875,-0.0283203125,-0.004638671875,0.01953125,-0.024169921875,-0.032470703125,-0.0244140625,-0.03125,-0.028564453125,0.018798828125,0.04541015625,-0.017333984375,-0.017333984375,-0.05322265625,-0.004638671875,0.001953125,-0.067138671875,-0.05029296875,0.020751953125,0.0302734375,-0.030029296875,0.00927734375,0.0048828125,-0.04248046875,-0.046630859375,-0.0087890625,-0.0087890625,0.009033203125,0.004150390625,0.006103515625,0.009765625,0.007568359375,-0.020263671875,-0.05126953125,-0.00537109375,-0.00439453125,0.003173828125,0.037841796875,-0.0048828125,-0.052001953125,-0.052001953125,-0.00244140625,0.001220703125,-0.0322265625,-0.032470703125,-0.007568359375,0.001220703125,-0.036865234375,-0.028076171875,0.022705078125,-0.00048828125,0.00927734375,0.001953125,-0.031005859375,-0.058837890625,-0.058837890625,-0.0390625,-0.0234375,-0.02783203125,0.00537109375,0.02685546875,0.04150390625,-0.016357421875,-0.05224609375,-0.048828125,-0.056640625,-0.05712890625,-0.05712890625,-0.02197265625,0.030517578125,0.05078125,0.02685546875,-0.00537109375,-0.024169921875,-0.060546875,-0.05419921875,0.0,-0.001953125,-0.026123046875,0.018310546875,0.018310546875,0.031005859375,-0.0146484375,-0.019287109375,-0.012939453125,-0.013427734375,-0.0087890625,-0.0146484375,0.00732421875,0.004150390625,-0.014404296875,-0.015869140625,0.000244140625,0.000244140625,-0.000732421875,-0.0146484375,-0.021240234375,-0.014404296875,-0.000732421875,-0.018310546875,-0.02197265625,-0.007080078125,-0.025634765625,-0.01611328125,0.009033203125,-0.019287109375,-0.019287109375,-0.03076171875,0.002197265625,-0.00390625,-0.0244140625,-0.026123046875,-0.0009765625,-0.025390625,-0.02001953125,0.005615234375,0.01513671875,-0.02197265625,-0.033935546875,-0.033935546875,0.0009765625,0.006103515625,-0.013427734375,-0.00439453125,0.002197265625,-0.041015625,-0.01904296875,0.013916015625,0.020263671875,-0.008544921875,-0.005126953125,0.004638671875,0.004638671875,-0.048828125,-0.084228515625,-0.0419921875,0.009033203125,-0.000732421875,0.052734375,0.038330078125,-0.025146484375,-0.053466796875,-0.0361328125,-0.0205078125,-0.0205078125,-0.039794921875,-0.036865234375,0.02001953125,0.0263671875,0.00341796875,0.0029296875,-0.003662109375,-0.047119140625,-0.015869140625,-0.022216796875,-0.0341796875,-0.012939453125,0.017333984375,0.020263671875,0.020263671875,-0.006103515625,-0.017822265625,-0.017822265625,-0.031005859375,-0.05859375,-0.02685546875,-0.001708984375,-0.0126953125,0.040771484375,0.073974609375,0.0478515625,-0.008056640625,-0.0810546875,-0.0810546875,-0.0791015625,-0.0419921875,-0.03125,-0.03125,0.038330078125,0.03564453125,-0.00341796875,-0.025146484375,-0.00634765625,0.005615234375,-0.004638671875,-0.025634765625,-0.013916015625,-0.013916015625,0.010986328125,-0.01953125,-0.005859375,0.018310546875,-0.021484375,-0.041015625,-0.06201171875,-0.016845703125,-0.012939453125,-0.0078125,0.0634765625,0.02294921875,-0.010498046875,-0.010498046875,-0.0068359375,-0.052734375,-0.03955078125,-0.030517578125,0.00244140625,-0.0029296875,-0.019287109375,-0.03466796875,-0.025390625,-0.000244140625,0.004150390625,0.0205078125,-0.0107421875,-0.036376953125,-0.036376953125,-0.061279296875,-0.04736328125,-0.02490234375,0.05419921875,0.005859375,0.026123046875,-0.048583984375,-0.026611328125,-0.038818359375,-0.046875,0.031982421875,-0.06103515625,0.0390625,0.0390625,0.001708984375,-0.05419921875,0.08935546875,-0.018310546875,0.0439453125,-0.1005859375,0.01318359375,0.024169921875,-0.062255859375,0.013671875,0.01806640625,0.001220703125,0.0107421875,0.0107421875,-0.004638671875,-0.01806640625,-0.029296875,-0.03369140625,-0.02734375,0.013916015625,-0.00048828125,0.0078125,-0.021728515625,-0.032470703125,-0.005615234375,-0.01025390625,-0.00830078125,-0.00830078125,0.0009765625,0.016357421875,-0.026611328125,-0.033447265625,-0.036376953125,-0.034912109375,-0.032470703125,-0.05517578125,-0.04248046875,-0.000244140625,0.014892578125,0.014892578125,0.039794921875,0.06005859375,0.03857421875,0.007080078125,-0.0400390625,-0.0556640625,-0.041259765625,-0.030029296875,-0.03173828125,-0.039306640625,-0.037353515625,-0.013671875,-0.013671875,0.013671875,0.02978515625,0.015625,-0.022216796875,-0.059326171875,-0.05517578125,0.01025390625,0.060546875,0.012939453125,-0.079345703125,-0.11181640625,-0.049072265625,-0.049072265625,0.03759765625,0.0205078125,-0.06689453125,0.023681640625,0.04541015625,-0.009521484375,0.00732421875,0.013671875,-0.071044921875,-0.046142578125,0.0361328125,-0.016357421875,-0.016357421875,-0.03564453125,0.001220703125,-0.060546875,0.073974609375,0.060791015625,-0.001220703125,0.003173828125,-0.04638671875,-0.067626953125,0.006103515625,0.0029296875,-0.04150390625,-0.04150390625,0.005859375,-0.01123046875,-0.000244140625,0.01123046875,-0.033203125,-0.04150390625,-0.018310546875,-0.006591796875,0.036865234375,0.04248046875,-0.015625,-0.015625,-0.05615234375,-0.027587890625,-0.007080078125,0.051025390625,0.030517578125,-0.02734375,-0.0595703125,-0.06201171875,-0.0234375,0.03125,0.0673828125,-0.0087890625,-0.0087890625,-0.075927734375,-0.042236328125,-0.009033203125,-0.010986328125,-0.027099609375,-0.052978515625,-0.01416015625,-0.0009765625,-0.008056640625,0.026123046875,-0.0302734375,-0.11181640625,-0.0498046875,0.06396484375,0.06396484375,0.093505859375,-0.08544921875,-0.13818359375,-0.031005859375,0.0810546875,0.037353515625,-0.04150390625,-0.06103515625,-0.034912109375,0.009765625,0.021728515625,0.012451171875,-0.003173828125,0.014404296875,0.014404296875,-0.05517578125,-0.057373046875,0.0087890625,0.063232421875,0.020751953125,-0.0712890625,-0.0615234375,0.036376953125,0.075927734375,-0.000732421875,-0.071044921875,-0.0361328125,0.041015625,0.041015625,-0.06201171875,-0.0029296875,0.071044921875,-0.016357421875,-0.118896484375,-0.0634765625,0.063720703125,0.049560546875,-0.11279296875,-0.123291015625,0.073486328125,0.092041015625,-0.086669921875,-0.098876953125,0.078857421875,0.115478515625,-0.08740234375,-0.161376953125,0.031982421875,0.092041015625,-0.095703125,-0.1298828125,0.065185546875,0.11181640625,-0.077880859375,-0.126953125,0.06982421875,0.134765625,-0.078369140625,-0.17138671875,-0.00439453125,0.100341796875,-0.01904296875,-0.105224609375,-0.002685546875,0.05126953125,-0.015869140625,-0.01953125,0.0322265625,0.0244140625,-0.02880859375,-0.040283203125,-0.007080078125,-0.001708984375,-0.01708984375,-0.020263671875,0.007080078125,0.02783203125,0.01416015625,0.00537109375,0.016357421875,0.006591796875,-0.0009765625,-0.0234375,-0.065185546875,-0.06298828125,-0.000732421875,0.00390625,-0.059814453125,-0.04443359375,0.058349609375,0.0751953125,-0.0419921875,-0.072998046875,0.034423828125,0.058349609375,-0.074951171875,-0.144775390625,-0.039306640625,0.042724609375,-0.02978515625,-0.08349609375,0.0126953125,0.08935546875,0.02001953125,-0.037109375,0.003662109375,0.022705078125,-0.044921875,-0.08642578125,-0.0283203125,0.00439453125,-0.05712890625,-0.04248046875,0.068115234375,0.059814453125,-0.04833984375,-0.04248046875,0.051513671875,0.0263671875,-0.08642578125,-0.07373046875,0.019775390625,0.00146484375,-0.064697265625,-0.03125,0.046630859375,0.052490234375,0.0009765625,0.00439453125,0.020751953125,-0.045166015625,-0.050537109375,0.0107421875,0.007080078125,-0.057861328125,-0.0625,0.060546875,0.07958984375,-0.060546875,-0.065185546875,0.060302734375,0.07275390625,-0.06884765625,-0.122802734375,0.03125,0.090087890625,-0.107177734375,-0.1748046875,0.04248046875,0.150390625,-0.0166015625,-0.114013671875,0.01123046875,0.062255859375,-0.0703125,-0.1044921875,0.0078125,0.023681640625,-0.076904296875,-0.06396484375,0.0390625,0.017578125,-0.03515625,0.047607421875,0.069580078125,-0.0830078125,-0.108154296875,0.02734375,0.07470703125,-0.060791015625,-0.107666015625,0.011962890625,-0.019287109375,-0.019287109375,-0.005126953125,0.0576171875,0.016357421875,-0.072998046875,-0.0361328125,0.0439453125,-0.003662109375,-0.08544921875,-0.0478515625,0.042236328125,0.0009765625,-0.06201171875,0.0205078125,0.092041015625,-0.00634765625,-0.094970703125,0.002197265625,0.076171875,-0.030517578125,-0.102294921875,-0.0087890625,0.049072265625,-0.05078125,-0.05859375,0.067138671875,0.07177734375,-0.05224609375,0.0517578125,0.0517578125,0.0029296875,-0.1162109375,-0.072021484375,0.05126953125,0.015625,-0.099853515625,-0.031494140625,0.08154296875,0.013427734375,-0.08984375,-0.033935546875,0.062255859375,-0.11328125,-0.021728515625,-0.021728515625,0.060302734375,-0.02734375,-0.092041015625,0.005859375,0.0595703125,-0.0380859375,-0.05859375,0.05810546875,0.065185546875,-0.08056640625,-0.08447265625,0.057861328125,-0.08056640625,-0.08056640625,-0.073486328125,0.064697265625,0.04931640625,-0.0703125,-0.039794921875,0.064208984375,0.0126953125,-0.097412109375,-0.03955078125,0.054443359375,-0.023681640625,-0.025634765625,0.0654296875,0.0654296875,-0.005126953125,-0.059326171875,0.014892578125,0.054443359375,-0.047607421875,-0.096435546875,0.0322265625,0.077880859375,-0.052490234375,-0.101806640625,0.007080078125,-0.01220703125,-0.05078125,-0.05078125,0.038330078125,0.0390625,-0.0693359375,-0.054931640625,0.05078125,0.01708984375,-0.091064453125,-0.056640625,0.03369140625,-0.001953125,-0.06640625,0.0546875,-0.019775390625,-0.019775390625,-0.083251953125,0.005126953125,0.069091796875,-0.0283203125,-0.106689453125,-0.0302734375,0.044921875,-0.021728515625,-0.06689453125,0.03271484375,0.086181640625,-0.1005859375,0.03515625,0.0771484375,0.0771484375,-0.04443359375,-0.091552734375,0.02001953125,0.042236328125,-0.064208984375,-0.046875,0.065673828125,0.037109375,-0.07373046875,0.06787109375,0.012939453125,-0.08056640625,-0.08056640625,-0.050537109375,0.01416015625,-0.01953125,-0.0849609375,-0.021240234375,0.0791015625,0.0205078125,-0.071044921875,-0.027587890625,0.01611328125,-0.0654296875,-0.024169921875,-0.024169921875,0.050048828125,-0.00341796875,-0.073974609375,-0.016357421875,0.05712890625,-0.00244140625,-0.05810546875,0.00830078125,0.047119140625,-0.04736328125,-0.00634765625,-0.004638671875,-0.004638671875,-0.071044921875,-0.060791015625,0.02587890625,0.03271484375,-0.02685546875,-0.017333984375,0.024658203125,-0.012451171875,-0.054443359375,0.026123046875,-0.00390625,-0.066162109375,-0.066162109375,-0.017578125,0.046630859375,0.00439453125,-0.05615234375,-0.006591796875,0.061279296875,-0.00048828125,-0.049560546875,0.0283203125,-0.064208984375,-0.101806640625,0.016845703125,0.016845703125,0.048583984375,-0.03662109375,-0.00537109375,0.079833984375,0.02734375,-0.099609375,-0.0556640625,-0.0048828125,-0.10888671875,-0.04052734375,0.065673828125,0.00537109375,0.00537109375,-0.081787109375,-0.006591796875,0.090576171875,0.01904296875,-0.0849609375,-0.0068359375,0.070068359375,-0.12451171875,-0.03466796875,0.0673828125,-0.001708984375,-0.001708984375,-0.056396484375,0.042236328125,0.07177734375,-0.041748046875,-0.082763671875,0.038330078125,0.068359375,-0.093505859375,0.006103515625,0.003662109375,-0.072021484375,-0.040283203125,0.064208984375,0.064208984375,0.031982421875,-0.079833984375,-0.036376953125,0.060791015625,0.0029296875,-0.084716796875,-0.0361328125,0.037841796875,-0.07568359375,0.0029296875,0.055419921875,-0.014892578125,-0.05126953125,-0.05126953125,0.033203125,0.079833984375,-0.030029296875,-0.10205078125,0.002197265625,0.05419921875,-0.05615234375,-0.0830078125,0.0400390625,-0.052978515625,-0.02880859375,0.07080078125,0.04150390625,-0.06884765625,-0.06884765625,-0.03955078125,0.033935546875,-0.040283203125,-0.12109375,-0.028564453125,0.062255859375,-0.0068359375,0.03125,0.061279296875,-0.030029296875,-0.07568359375,0.013427734375,0.03076171875,0.03076171875,-0.059326171875,-0.08056640625,0.004638671875,0.052734375,-0.016357421875,-0.029052734375,0.051025390625,-0.07763671875,-0.057373046875,0.048095703125,0.01513671875,-0.09521484375,-0.04931640625,-0.04931640625,0.048095703125,0.005126953125,-0.084716796875,-0.0537109375,0.031005859375,-0.01025390625,-0.045654296875,0.080078125,-0.03466796875,-0.128662109375,-0.0478515625,0.03076171875,-0.011962890625,-0.011962890625,-0.05126953125,0.02294921875,0.088134765625,-0.002685546875,-0.062744140625,0.000732421875,0.0322265625,-0.10400390625,0.014404296875,0.080810546875,-0.014892578125,-0.05126953125,0.011962890625,0.02099609375,0.02099609375,-0.05078125,-0.038818359375,0.04150390625,0.008056640625,-0.094482421875,-0.076171875,0.026123046875,-0.029296875,-0.000732421875,0.04443359375,-0.00537109375,-0.077392578125,-0.029541015625,-0.029541015625,0.051513671875,0.00439453125,-0.0576171875,-0.04736328125,-0.005126953125,-0.019287109375,0.011962890625,0.02880859375,0.001953125,-0.03125,0.001708984375,0.028564453125,0.028564453125,-0.041748046875,-0.062255859375,-0.010498046875,-0.00244140625,-0.018798828125,0.009521484375,-0.013671875,-0.05322265625,-0.013427734375,0.024169921875,0.00390625,0.00390625,-0.033935546875,-0.031494140625,-0.01416015625,-0.044921875,-0.04248046875,0.03173828125,0.01123046875,-0.031005859375,0.001220703125,0.028564453125,-0.010009765625,-0.028564453125,-0.028564453125,-0.00390625,-0.000244140625,-0.04248046875,-0.053466796875,0.005615234375,-0.02099609375,-0.01318359375,0.041259765625,0.02490234375,-0.045654296875,-0.0517578125,-0.010986328125,-0.010986328125,-0.024169921875,-0.061767578125,-0.02587890625,0.030029296875,-0.026123046875,-0.027587890625,0.009765625,-0.0009765625,-0.028076171875,-0.001953125,0.019775390625,-0.018310546875,-0.05859375,-0.05859375,-0.027099609375,0.01318359375,0.013671875,-0.004638671875,0.0146484375,-0.010986328125,-0.02001953125,0.015869140625,0.007568359375,-0.058837890625,-0.064208984375,-0.005615234375,-0.005615234375,-0.0029296875,-0.0302734375,-0.00390625,-0.01171875,-0.05517578125,-0.0078125,0.04150390625,-0.013916015625,-0.057373046875,-0.02197265625,0.01953125,0.01953125,-0.013916015625,-0.0400390625,0.008056640625,0.017578125,-0.03076171875,0.013916015625,0.029296875,-0.030517578125,-0.055419921875,-0.005126953125,-0.000732421875,-0.042236328125,-0.02587890625,0.031005859375,0.031005859375,0.0185546875,-0.04931640625,-0.02685546875,0.00390625,-0.0380859375,-0.03515625,-0.002197265625,-0.0205078125,-0.05029296875,-0.0205078125,0.0263671875,0.004150390625,-0.0302734375,-0.0302734375,-0.012939453125,0.016357421875,-0.000244140625,-0.00439453125,0.00390625,-0.02880859375,-0.029296875,0.01708984375,0.02783203125,-0.0263671875,-0.035888671875,0.014404296875,0.010498046875,0.010498046875,-0.031494140625,-0.027099609375,0.005126953125,-0.05810546875,-0.03271484375,0.010986328125,0.003662109375,-0.02294921875,-0.020751953125,-0.004150390625,-0.021728515625,-0.030029296875,0.006591796875,0.00537109375,0.00537109375,-0.05029296875,-0.050048828125,0.022216796875,-0.018310546875,-0.0126953125,0.02490234375,0.00537109375,-0.04345703125,-0.025634765625,0.02490234375,0.00341796875,-0.0546875,-0.027587890625,-0.027587890625,0.04833984375,0.0361328125,-0.015869140625,0.029052734375,-0.016357421875,-0.071044921875,-0.008056640625,0.053466796875,-0.039794921875,-0.117919921875,-0.032470703125,0.060546875,0.00341796875,0.00341796875,-0.0673828125,-0.010986328125,-0.00537109375,-0.06689453125,-0.006103515625,0.037841796875,-0.04443359375,-0.09521484375,-0.02587890625,0.0400390625,0.021484375,-0.0126953125,0.00927734375,0.00927734375,0.019775390625,-0.032958984375,0.02197265625,0.044677734375,-0.04150390625,-0.075439453125,-0.008544921875,0.015380859375,-0.037841796875,-0.042724609375,0.021484375,0.03369140625,-0.02001953125,-0.02001953125,-0.023681640625,0.0224609375,-0.078369140625,-0.077392578125,-0.00390625,0.0107421875,-0.0146484375,-0.00146484375,0.021484375,0.002197265625,-0.01611328125,-0.002685546875,0.018798828125,0.018798828125,-0.001220703125,-0.03564453125,-0.011474609375,-0.030517578125,-0.03271484375,0.01025390625,0.018310546875,-0.0146484375,-0.013916015625,0.012451171875,0.001708984375,-0.034423828125,-0.029296875,-0.01025390625,-0.01025390625,-0.025146484375,-0.0244140625,0.025634765625,0.007080078125,-0.026611328125,-0.000732421875,0.0205078125,-0.01708984375,-0.042724609375,-0.0048828125,0.00341796875,-0.041259765625,-0.05322265625,-0.05322265625,-0.008544921875,0.000732421875,-0.015869140625,0.026123046875,0.04150390625,-0.01708984375,-0.0341796875,0.00439453125,0.0029296875,-0.052978515625,-0.066162109375,-0.004638671875,0.02001953125,0.02001953125,-0.03173828125,0.017578125,-0.007080078125,-0.042724609375,-0.0166015625,0.021240234375,-0.017822265625,-0.06298828125,-0.04296875,0.001708984375,0.001220703125,-0.01025390625,0.0185546875,0.0185546875,-0.01708984375,-0.0341796875,0.012939453125,0.01171875,-0.05078125,-0.059814453125,-0.017333984375,-0.014892578125,-0.03466796875,-0.008544921875,0.04833984375,0.042236328125,-0.017333984375,-0.02001953125,0.01806640625,-0.015380859375,-0.057861328125,-0.021484375,-0.00390625,-0.0546875,-0.07177734375,-0.00830078125,0.04833984375,0.014892578125,-0.021484375,0.014892578125,0.02734375,-0.031494140625,-0.070556640625,-0.0244140625,0.0166015625,-0.010986328125,-0.024658203125,0.01806640625,0.04296875,-0.00927734375,-0.035400390625,-0.035400390625,0.013671875,-0.022705078125,-0.037109375,-0.007568359375,-0.031494140625,-0.061767578125,-0.0390625,0.013427734375,0.02294921875,0.001220703125,0.007568359375,0.0185546875,-0.03271484375,-0.0810546875,-0.0283203125,0.02099609375,-0.012451171875,-0.0439453125,-0.0283203125,-0.0068359375,-0.002685546875,0.007080078125,0.031982421875,0.02587890625,-0.030517578125,-0.064208984375,-0.02587890625,0.007568359375,-0.0078125,-0.010498046875,0.01025390625,0.006591796875,-0.012451171875,-0.003662109375,0.00244140625,0.0205078125,-0.031982421875,-0.0341796875,-0.00048828125,-0.011962890625,-0.069091796875,-0.04638671875,-0.012451171875,-0.02880859375,-0.010986328125,0.048828125,0.060302734375,-0.011962890625,-0.065185546875,-0.04345703125,-0.00830078125,-0.02783203125,-0.045654296875,0.0107421875,0.021240234375,-0.033203125,-0.030029296875,0.031005859375,0.0634765625,0.010986328125,-0.041015625,-0.018798828125,-0.011474609375,-0.06494140625,-0.064697265625,0.031494140625,0.046630859375,-0.052001953125,-0.0615234375,0.025634765625,0.025634765625,-0.020263671875,-0.021240234375,0.023193359375,0.016845703125,-0.0478515625,-0.069091796875,-0.02783203125,-0.00830078125,-0.0283203125,-0.010498046875,0.0419921875,0.036376953125,-0.017333984375,-0.03662109375,-0.039794921875,-0.01513671875,-0.006103515625,-0.034423828125,-0.02783203125,-0.0185546875,-0.013427734375,0.008056640625,-0.001220703125,-0.03125,0.00390625,0.041015625,0.00146484375,-0.033447265625,-0.01416015625,-0.001220703125,-0.04248046875,0.01123046875,0.01123046875,0.02783203125,-0.044921875,-0.064697265625,0.01611328125,0.07958984375,0.020751953125,-0.07568359375,-0.044921875,0.036865234375,-0.0068359375,-0.07177734375,-0.02197265625,0.0478515625,0.021240234375,-0.039794921875,-0.014892578125,0.052734375,0.036865234375,-0.060791015625,-0.08251953125,-0.012939453125,0.01953125,-0.012451171875,-0.033447265625,-0.04541015625,-0.06201171875,-0.041015625,0.017822265625,0.02880859375,0.003173828125,-0.031005859375,-0.06494140625,-0.06494140625,-0.02587890625,0.02734375,0.0107421875,-0.037109375,-0.044921875,-0.0078125,-0.000732421875,-0.034423828125,-0.010986328125,0.048095703125,0.021728515625,-0.09765625,-0.101806640625,0.032470703125,0.078857421875,-0.006103515625,-0.05517578125,0.008056640625,0.039306640625,-0.026611328125,-0.02880859375,0.0703125,0.049072265625,-0.09765625,-0.135009765625,0.02783203125,-0.01904296875,-0.029541015625,0.0283203125,0.013427734375,0.013427734375,-0.06298828125,-0.01025390625,0.101806640625,0.067626953125,-0.071533203125,-0.128173828125,-0.033447265625,0.06005859375,0.027099609375,-0.033447265625,-0.004638671875,0.025390625,-0.01611328125,-0.032958984375,-0.033447265625,-0.02978515625,0.009521484375,-0.014892578125,-0.0927734375,-0.071533203125,0.0048828125,0.0126953125,-0.00146484375,-0.012939453125,0.0029296875,-0.0244140625,-0.026611328125,0.035400390625,0.029296875,-0.066650390625,-0.066650390625,-0.11572265625,-0.02734375,0.0849609375,0.080078125,0.004638671875,-0.039306640625,-0.028564453125,-0.035400390625,-0.0478515625,-0.018310546875,0.038818359375,0.05078125,-0.037353515625,-0.1357421875,-0.09326171875,0.059814453125,0.154052734375,0.101806640625,-0.02490234375,-0.060302734375,-0.016357421875,0.0107421875,0.005126953125,-0.03564453125,0.00048828125,-0.017822265625,-0.06591796875,-0.0703125,-0.0322265625,0.033935546875,0.033935546875,0.039794921875,-0.018798828125,0.010009765625,0.046142578125,-0.009765625,-0.0498046875,-0.06884765625,-0.068359375,0.005126953125,0.03076171875,-0.035888671875,-0.04833984375,-0.010009765625,-0.030517578125,-0.013916015625,0.015380859375,-0.014892578125,-0.020263671875,-0.029052734375,-0.025390625,-0.00390625,0.0,-0.052734375,-0.045654296875,-0.0146484375,0.041259765625,0.02978515625,-0.021240234375,-0.0556640625,-0.031982421875,0.005615234375,0.005615234375,0.043701171875,0.054443359375,0.01708984375,0.020751953125,-0.015380859375,-0.06494140625,-0.047607421875,-0.0322265625,-0.00390625,0.047607421875,-0.022216796875,-0.049072265625,0.02880859375,-0.004150390625,-0.0185546875,0.04736328125,-0.025634765625,-0.046630859375,0.060791015625,-0.012939453125,0.01513671875,-0.00048828125,-0.056640625,0.024169921875,0.039306640625,-0.010498046875,-0.01708984375,-0.049072265625,-0.056640625,-0.009033203125,-0.0234375,-0.0234375,-0.0576171875,-0.0361328125,-0.00439453125,0.01953125,0.007080078125,-0.034423828125,-0.021484375,0.020263671875,0.00830078125,-0.023681640625,-0.04052734375,-0.040771484375,-0.021728515625,-0.021484375,-0.0400390625,-0.0185546875,0.011474609375,-0.00537109375,-0.006103515625,0.03076171875,0.037841796875,0.0029296875,-0.04638671875,-0.046875,-0.013671875,0.0078125,0.0087890625,0.0029296875,-0.02001953125,-0.033447265625,-0.033447265625,-0.035888671875,-0.037353515625,-0.010986328125,0.010986328125,0.013427734375,-0.00244140625,-0.029052734375,-0.018798828125,0.02490234375,0.036376953125,-0.013427734375,-0.040771484375,-0.0283203125,-0.064208984375,-0.068603515625,-0.011962890625,-0.0224609375,-0.019775390625,-0.000732421875,-0.05908203125,0.0224609375,0.02978515625,-0.03662109375,0.039794921875,-0.027099609375,-0.025390625,0.061279296875,-0.072021484375,0.0087890625,-0.0107421875,-0.0107421875,-0.084228515625,-0.01416015625,-0.068603515625,-0.019287109375,-0.026123046875,-0.00927734375,-0.001708984375,-0.012451171875,0.0322265625,0.02294921875,0.02587890625,0.025634765625,-0.0126953125,-0.037353515625,-0.052734375,-0.05419921875,-0.04150390625,-0.0517578125,-0.010986328125,0.01904296875,0.003662109375,-0.003173828125,0.00341796875,0.015869140625,-0.008544921875,-0.0048828125,-0.03662109375,-0.017822265625,0.030029296875,-0.037353515625,-0.005126953125,0.039794921875,-0.01708984375,-0.033447265625,-0.033447265625,-0.04541015625,-0.0380859375,0.027587890625,0.035400390625,-0.013427734375,-0.028076171875,-0.016845703125,-0.036865234375,-0.02001953125,0.012451171875,0.008544921875,0.0302734375,-0.001953125,-0.027587890625,-0.0322265625,-0.024658203125,0.000244140625,-0.016357421875,-0.026611328125,-0.037109375,-0.03076171875,-0.041748046875,-0.026611328125,-0.00634765625,0.015869140625,0.0029296875,0.009521484375,0.016845703125,0.010009765625,-0.00390625,-0.04345703125,-0.079833984375,-0.079833984375,-0.05810546875,-0.030517578125,-0.02490234375,-0.0087890625,-0.013671875,0.011962890625,0.0126953125,-0.01220703125,0.01123046875,0.023193359375,-0.0048828125,-0.013671875,-0.00732421875,-0.013427734375,-0.021728515625,0.007568359375,-0.012939453125,-0.009521484375,-0.01171875,-0.018310546875,-0.0166015625,-0.015869140625,-0.00244140625,0.031005859375,0.032958984375,0.02392578125,0.0283203125,0.009521484375,-0.005126953125,-0.028564453125,-0.049560546875,-0.049560546875,-0.031005859375,-0.022216796875,-0.001708984375,0.00830078125,-0.0009765625,0.0078125,-0.02099609375,-0.0419921875,-0.048828125,-0.033935546875,-0.012939453125,0.0048828125,0.025390625,0.03173828125,0.01708984375,-0.05029296875,-0.072021484375,-0.059326171875,-0.060791015625,-0.04833984375,0.0,0.0126953125,0.007568359375,0.004150390625,-0.020263671875,-0.020751953125,-0.01025390625,-0.027587890625,-0.02490234375,-0.02783203125,-0.068115234375,-0.045654296875,-0.045654296875,0.012939453125,0.03125,0.023681640625,0.009765625,-0.0068359375,-0.005126953125,-0.023193359375,-0.062255859375,-0.06982421875,0.00048828125,0.03466796875,0.03271484375,0.035400390625,0.04443359375,0.0068359375,-0.04833984375,-0.059326171875,-0.01171875,0.020751953125,0.005859375,0.010009765625,0.01171875,0.0146484375,-0.00146484375,-0.072265625,-0.08251953125,-0.014892578125,0.0087890625,-0.009033203125,0.021240234375,0.021240234375,0.025634765625,-0.019287109375,-0.036865234375,-0.01708984375,-0.044677734375,-0.06298828125,-0.023681640625,-0.000244140625,-0.0341796875,-0.03662109375,0.026123046875,0.018310546875,-0.033447265625,-0.03515625,0.0,-0.024169921875,-0.059814453125,-0.02587890625,0.04345703125,0.023681640625,-0.020751953125,0.01123046875,0.01806640625,-0.027587890625,-0.04296875,-0.00341796875,-0.007080078125,-0.035888671875,-0.02294921875,0.01953125,0.01953125,0.030029296875,0.00341796875,-0.012939453125,-0.000244140625,0.0,-0.040283203125,-0.042236328125,0.028076171875,-0.027587890625,-0.025390625,0.0224609375,0.002197265625,-0.0576171875,-0.043212890625,0.032470703125,0.03125,-0.043212890625,-0.037841796875,0.034912109375,-0.0009765625,-0.078369140625,-0.03662109375,0.03271484375,-0.0126953125,-0.059326171875,-0.01318359375,0.021484375,-0.021728515625,-0.05419921875,0.01220703125,0.021484375,-0.0478515625,-0.056640625,0.024658203125,0.025146484375,-0.044677734375,-0.038330078125,0.024169921875,0.028564453125,-0.05078125,-0.05078125,-0.026123046875,0.077392578125,0.034423828125,-0.059814453125,-0.05078125,0.025146484375,-0.011474609375,-0.014892578125,0.049072265625,0.018798828125,-0.053955078125,-0.017578125,0.058837890625,-0.0126953125,-0.092041015625,-0.02685546875,0.045166015625,-0.02783203125,-0.097900390625,0.011474609375,0.058349609375,-0.050048828125,-0.07373046875,0.032958984375,0.0517578125,-0.056396484375,-0.078125,0.017822265625,0.025390625,-0.064208984375,-0.066650390625,-0.066650390625,0.055419921875,0.031005859375,-0.080322265625,-0.01416015625,0.10888671875,0.03564453125,-0.024658203125,0.05712890625,-0.041748046875,-0.126220703125,-0.00634765625,0.101806640625,0.000732421875,-0.078857421875,0.032958984375,0.103759765625,0.002197265625,-0.100341796875,-0.019287109375,0.037109375,-0.067626953125,-0.101318359375,0.0263671875,0.083740234375,-0.01220703125,-0.06005859375,0.035400390625,0.062255859375,-0.064697265625,-0.10498046875,-0.10498046875,0.046875,0.055419921875,-0.125,-0.10888671875,0.077392578125,-0.08544921875,-0.0654296875,0.08544921875,0.039306640625,-0.12890625,-0.06103515625,0.09716796875,0.025634765625,-0.139892578125,-0.067626953125,0.078369140625,0.012939453125,-0.127685546875,-0.01904296875,0.11474609375,-0.0205078125,-0.109375,0.02880859375,0.082275390625,-0.078369140625,-0.134765625,0.05517578125,0.10595703125,-0.04736328125,-0.0908203125,0.069580078125,0.069580078125,0.11572265625,-0.070556640625,-0.110107421875,0.0771484375,-0.11669921875,-0.123779296875,0.060791015625,0.095703125,-0.063720703125,-0.063232421875,0.070068359375,0.012939453125,-0.12548828125,-0.052001953125,0.069580078125,0.0205078125,-0.11279296875,-0.036865234375,0.120849609375,0.00341796875,-0.12548828125,0.021240234375,0.123779296875,-0.0654296875,-0.19189453125,0.02294921875,0.158447265625,-0.02783203125,-0.150634765625,0.0107421875,0.100341796875,-0.070068359375,-0.149169921875,0.042724609375,0.130615234375,-0.0478515625,-0.0478515625,-0.11572265625,0.049072265625,-0.1044921875,-0.1123046875,0.06689453125,0.048828125,-0.131591796875,-0.0673828125,0.114990234375,0.054931640625,-0.127197265625,-0.07080078125,0.122802734375,0.058349609375,-0.15380859375,-0.070068359375,0.128662109375,0.0537109375,-0.116943359375,-0.025146484375,0.103759765625,-0.00927734375,-0.130126953125,-0.01416015625,0.1103515625,-0.012939453125,-0.095458984375,0.04345703125,0.086669921875,-0.08837890625,-0.145263671875,-0.145263671875,0.11767578125,-0.056884765625,-0.11083984375,0.06494140625,0.107421875,-0.08544921875,-0.1298828125,0.045654296875,0.060546875,-0.147216796875,-0.12158203125,0.103271484375,0.0849609375,-0.089111328125,-0.06103515625,0.082275390625,0.0390625,-0.125244140625,-0.063720703125,0.1123046875,0.037841796875,-0.13330078125,-0.045654296875,0.107421875,0.0126953125,-0.125,-0.01513671875,0.095947265625,-0.034912109375,-0.108154296875,0.031494140625,0.1123046875,-0.031494140625,-0.117431640625,0.005859375,0.047607421875,-0.08056640625,-0.076171875,0.0927734375,0.07421875,-0.09716796875,-0.05810546875,0.06884765625,0.00927734375,-0.128662109375,-0.064453125,0.0751953125,0.032958984375,-0.08349609375,-0.00830078125,0.1181640625,0.021240234375,-0.123046875,-0.04150390625,0.081298828125,-0.010986328125,-0.125,-0.01220703125,0.09521484375,-0.035888671875,-0.125244140625,0.016845703125,0.109375,-0.05859375,-0.159912109375,0.0244140625,0.120849609375,-0.0439453125,-0.10693359375,0.03125,0.06298828125,-0.1044921875,-0.115234375,0.062744140625,0.099609375,-0.04150390625,-0.05419921875,0.07421875,0.044189453125,-0.103759765625,-0.067626953125,0.05224609375,0.005859375,-0.099365234375,-0.01025390625,0.123291015625,0.042236328125,-0.096435546875,-0.0400390625,0.056640625,-0.05224609375,-0.155029296875,-0.031494140625,0.1015625,-0.0927734375,0.019775390625,0.019775390625,0.083740234375,-0.059326171875,-0.12548828125,-0.001953125,0.064453125,-0.0361328125,-0.05517578125,0.0595703125,0.060546875,-0.080810546875,-0.101318359375,0.004150390625,0.0185546875,-0.046875,-0.011962890625,0.074951171875,0.01708984375,-0.086181640625,-0.02294921875,0.055908203125,-0.033935546875,-0.124755859375,-0.029296875,0.088623046875,0.006591796875,-0.068603515625,0.038818359375,0.089599609375,-0.05517578125,-0.015625,0.03515625,-0.061279296875,-0.061279296875,-0.054443359375,0.077392578125,0.08251953125,-0.0546875,-0.057373046875,0.048828125,0.018798828125,-0.095947265625,-0.0478515625,0.05908203125,0.024169921875,-0.060791015625,-0.0205078125,0.061767578125,0.00390625,-0.0947265625,-0.0234375,0.071044921875,-0.029541015625,-0.10693359375,0.013916015625,0.09619140625,-0.03173828125,-0.1240234375,-0.013427734375,0.05810546875,-0.0791015625,0.028076171875,0.108642578125,-0.018798828125,-0.064697265625,0.060302734375,0.060302734375,0.072998046875,-0.090576171875,-0.11328125,0.012451171875,0.023681640625,-0.06298828125,-0.025146484375,0.096923828125,0.0673828125,-0.082275390625,-0.057861328125,0.05419921875,0.009521484375,-0.08349609375,-0.02880859375,0.05322265625,-0.017578125,-0.084228515625,0.00830078125,0.08642578125,-0.029052734375,-0.108642578125,-0.0048828125,0.053955078125,-0.085693359375,0.04296875,0.083740234375,-0.0517578125,-0.10107421875,0.02490234375,0.02490234375,0.07763671875,-0.0595703125,-0.088134765625,0.0400390625,0.057861328125,-0.0517578125,-0.06103515625,0.0400390625,0.017822265625,-0.092041015625,-0.037353515625,0.064208984375,0.010986328125,-0.076904296875,-0.025634765625,0.062255859375,-0.006591796875,-0.086181640625,-0.002197265625,0.053466796875,-0.04833984375,-0.108642578125,-0.015380859375,0.08203125,0.005859375,-0.076171875,0.04833984375,-0.018798828125,-0.0537109375,0.0419921875,0.052978515625,-0.072265625,-0.0908203125,0.010986328125,0.010986328125,0.0478515625,-0.024658203125,-0.02001953125,0.0634765625,0.028564453125,-0.0830078125,-0.046630859375,0.053466796875,-0.005126953125,-0.100341796875,-0.02783203125,0.05517578125,-0.000244140625,-0.05322265625,0.009765625,0.05029296875,-0.093505859375,-0.008056640625,0.05712890625,0.05712890625,-0.022705078125,-0.0693359375,0.005859375,0.047119140625,-0.0439453125,-0.070556640625,0.01513671875,0.022705078125,-0.045166015625,0.07177734375,0.047607421875,-0.06787109375,-0.06787109375,-0.06103515625,0.035888671875,0.01611328125,-0.0908203125,-0.05224609375,0.080322265625,0.06298828125,-0.046142578125,0.037353515625,-0.0029296875,-0.082763671875,-0.082763671875,-0.048828125,0.039306640625,-0.001220703125,-0.07177734375,-0.017333984375,0.0751953125,0.00634765625,-0.09375,0.044921875,-0.013916015625,-0.079345703125,0.003662109375,0.003662109375,0.06201171875,-0.031494140625,-0.08544921875,0.023681640625,0.06787109375,-0.0439453125,-0.0654296875,0.04150390625,-0.052978515625,-0.068359375,0.0458984375,0.027587890625,0.027587890625,-0.09716796875,-0.056640625,0.071533203125,0.017578125,-0.083251953125,-0.017333984375,0.0712890625,-0.0927734375,-0.01513671875,0.04248046875,-0.04248046875,-0.067138671875,-0.067138671875,0.02197265625,0.048095703125,-0.03466796875,-0.03759765625,0.02978515625,0.04443359375,-0.046142578125,0.0341796875,0.033935546875,-0.076416015625,-0.060546875,0.055908203125,0.055908203125,0.053955078125,-0.06005859375,-0.045654296875,0.066162109375,0.02294921875,-0.087158203125,-0.053466796875,-0.016357421875,-0.103271484375,-0.02490234375,0.067138671875,0.005615234375,-0.04931640625,-0.04931640625,-0.015869140625,0.013671875,-0.03125,-0.0634765625,0.000244140625,0.032958984375,-0.040283203125,0.021484375,0.027099609375,-0.066650390625,-0.04931640625,0.07373046875,0.07373046875,0.0439453125,-0.078857421875,-0.048583984375,0.07568359375,0.04345703125,-0.085205078125,-0.067626953125,0.006591796875,-0.093994140625,-0.03466796875,0.095947265625,0.046142578125,-0.06787109375,-0.06787109375,-0.034912109375,0.046142578125,-0.020263671875,-0.107421875,-0.055908203125,0.04443359375,0.014404296875,-0.05126953125,0.06982421875,-0.0234375,-0.097412109375,-0.0107421875,0.034423828125,-0.03857421875,-0.03857421875,-0.044677734375,0.0234375,0.04541015625,-0.0263671875,-0.046875,0.027099609375,-0.06201171875,-0.040771484375,0.041015625,0.022216796875,-0.046630859375,-0.03173828125,0.028076171875,0.028076171875,-0.02197265625,-0.08837890625,-0.016357421875,0.05322265625,-0.01123046875,-0.048828125,0.05712890625,-0.020263671875,-0.082275390625,-0.02294921875,0.0205078125,-0.059814453125,-0.067138671875,-0.067138671875,0.0458984375,0.088623046875,-0.01025390625,-0.05908203125,0.004638671875,0.013916015625,-0.0498046875,0.0244140625,0.034423828125,-0.04345703125,-0.040283203125,0.058837890625,0.02978515625,0.02978515625,-0.076171875,-0.05078125,0.028076171875,-0.005859375,-0.058349609375,-0.009033203125,-0.021484375,-0.075927734375,-0.0302734375,0.027587890625,-0.016845703125,-0.043212890625,0.013427734375,0.013427734375,0.031982421875,-0.03125,-0.058349609375,0.013671875,0.033447265625,-0.0546875,0.00830078125,0.043212890625,-0.02734375,-0.02734375,0.04833984375,0.024169921875,-0.061279296875,-0.061279296875,-0.066650390625,0.01806640625,0.01318359375,-0.055419921875,0.025390625,0.01904296875,-0.042236328125,-0.029296875,0.04345703125,-0.02099609375,-0.0859375,-0.0859375,-0.020263671875,0.05029296875,0.0068359375,-0.044921875,0.025146484375,-0.022705078125,-0.052734375,-0.000244140625,0.0390625,-0.0166015625,-0.048583984375,0.010986328125,0.010986328125,0.038818359375,-0.033203125,-0.05419921875,0.020263671875,-0.0498046875,-0.02294921875,0.048095703125,0.02685546875,-0.060791015625,-0.04541015625,0.029052734375,0.029052734375,-0.01220703125,-0.08056640625,-0.047119140625,0.031494140625,-0.05615234375,-0.0185546875,0.048828125,0.0107421875,-0.028076171875,-0.012939453125,0.013916015625,-0.01318359375,-0.01318359375,-0.050537109375,-0.01123046875,0.024169921875,-0.059814453125,0.021484375,0.04150390625,-0.013427734375,-0.023681640625,0.014404296875,0.015869140625,-0.033203125,-0.046142578125,-0.046142578125,0.00048828125,-0.01220703125,-0.04931640625,0.04638671875,0.0029296875,-0.070068359375,-0.042236328125,0.01953125,-0.010009765625,-0.022216796875,0.008544921875,0.008544921875,0.012939453125,-0.031982421875,-0.04736328125,-0.0009765625,-0.03271484375,-0.031494140625,0.046630859375,0.048828125,-0.0595703125,-0.0751953125,0.007080078125,0.013427734375,0.013427734375,-0.06982421875,-0.054931640625,0.04931640625,-0.015869140625,-0.022705078125,0.037841796875,0.002197265625,-0.1015625,-0.08935546875,0.037841796875,0.02685546875,-0.048828125,-0.01708984375,-0.01708984375,0.049072265625,0.015869140625,-0.073486328125,0.030517578125,0.003173828125,-0.04248046875,0.010498046875,0.052490234375,-0.008544921875,-0.0517578125,-0.01123046875,0.008056640625,-0.06005859375,-0.06005859375,-0.0751953125,0.039794921875,0.07275390625,-0.05078125,0.014404296875,0.03076171875,-0.066162109375,-0.06689453125,0.021728515625,0.021484375,-0.05224609375,-0.046630859375,0.025146484375,0.025146484375,0.0078125,-0.049072265625,-0.033203125,0.006103515625,-0.062744140625,-0.013671875,0.052734375,-0.015625,-0.04638671875,0.012939453125,0.03466796875,-0.036865234375,-0.08251953125,-0.08251953125,0.01318359375,0.080078125,-0.0078125,-0.002197265625,0.026123046875,-0.049560546875,-0.062255859375,0.018798828125,0.0205078125,-0.03076171875,-0.006103515625,0.021484375,-0.01220703125,-0.04638671875,-0.04638671875,0.011962890625,0.013427734375,-0.02099609375,0.011962890625,0.09521484375,0.04052734375,-0.063720703125,-0.0380859375,0.009765625,-0.023681640625,-0.023681640625,-0.044189453125,-0.00732421875,0.001708984375,-0.03564453125,0.002685546875,0.030029296875,-0.037353515625,-0.046142578125,0.009033203125,0.00341796875,-0.038818359375,-0.023193359375,0.042724609375,0.042724609375,0.000732421875,-0.047607421875,0.015625,-0.012451171875,-0.04638671875,0.008056640625,0.05126953125,0.011474609375,-0.06298828125,-0.033203125,0.058349609375,-0.012939453125,-0.09912109375,-0.044921875,-0.044921875,0.0400390625,-0.036865234375,-0.066162109375,0.015869140625,0.08447265625,-0.021728515625,-0.099853515625,-0.05859375,0.072265625,0.07958984375,-0.0693359375,-0.0693359375,-0.09423828125,0.085205078125,-0.00927734375,-0.15185546875,-0.0419921875,0.10107421875,0.085693359375,-0.0595703125,-0.135986328125,0.018310546875,0.077880859375,-0.014404296875,-0.014404296875,-0.056640625,0.019287109375,0.079833984375,-0.060546875,-0.096435546875,-0.0185546875,0.01513671875,0.022705078125,-0.038818359375,-0.0947265625,0.032470703125,0.09912109375,0.09912109375,-0.05224609375,-0.100341796875,-0.043212890625,0.02880859375,0.00732421875,0.00927734375,-0.0029296875,0.007080078125,-0.017822265625,-0.0537109375,-0.0458984375,-0.000732421875,-0.000732421875,0.01220703125,-0.02099609375,-0.033447265625,0.020751953125,0.005615234375,-0.047119140625,-0.0400390625,-0.009521484375,0.03759765625,-0.007080078125,0.0107421875,-0.04296875,-0.016845703125,-0.022705078125,-0.0859375,-0.0859375,-0.002197265625,0.020263671875,0.04443359375,-0.123291015625,0.009765625,-0.0205078125,-0.08203125,0.062255859375,-0.057373046875,-0.009521484375,0.0615234375,-0.0458984375,-0.0458984375,-0.005859375,-0.042724609375,0.000732421875,-0.07470703125,-0.033447265625,0.05078125,-0.005859375,-0.039794921875,-0.021484375,0.00537109375,-0.00537109375,-0.058349609375,-0.058349609375,0.049560546875,0.0478515625,-0.0068359375,-0.05224609375,-0.021240234375,0.019287109375,0.006591796875,-0.044921875,-0.067626953125,-0.015869140625,0.018310546875,-0.032958984375,-0.066650390625,0.033935546875,0.134033203125,-0.000244140625,-0.17578125,-0.061279296875,0.152099609375,0.083740234375,-0.1767578125,-0.189453125,0.09521484375,0.150390625,-0.14501953125,-0.175048828125,0.122802734375,0.16357421875,-0.1240234375,-0.1904296875,0.06982421875,0.15380859375,-0.037841796875,-0.12451171875,0.028076171875,0.1484375,0.00244140625,-0.1484375,-0.016845703125,0.0908203125,-0.0107421875,-0.078369140625,-0.059814453125,-0.03466796875,0.0546875,0.1220703125,-0.04345703125,-0.175048828125,0.03857421875,0.1416015625,-0.057861328125,-0.109130859375,0.04248046875,0.058349609375,-0.025390625,-0.00146484375,-0.021728515625,-0.082275390625,0.02001953125,0.065185546875,-0.078125,-0.083984375,0.047607421875,0.015869140625,-0.08203125,-0.015625,0.000244140625,-0.0673828125,0.009765625,0.016357421875,-0.09326171875,-0.02734375,0.088134765625,-0.018310546875,-0.10498046875,0.01318359375,-0.010986328125,-0.124267578125,0.01953125,0.123291015625,-0.07177734375,-0.153564453125,0.076904296875,0.076904296875,-0.08203125,-0.053955078125,0.044921875,-0.015869140625,-0.034423828125,0.00732421875,-0.015625,-0.009765625,0.056884765625,-0.003173828125,-0.08251953125,0.025634765625,-0.04443359375,-0.04443359375,0.00634765625,0.062744140625,-0.0322265625,-0.040283203125,0.05029296875,-0.01171875,-0.07958984375,0.052734375,0.056640625,-0.105712890625,-0.05029296875,0.099365234375,0.027099609375,-0.09375,-0.00830078125,0.048095703125,-0.04150390625,-0.01708984375,0.029541015625,-0.03369140625,-0.0341796875,0.011474609375,-0.030029296875,-0.05712890625,-0.0224609375,-0.0224609375,-0.069091796875,0.03173828125,0.02001953125,-0.096435546875,-0.02734375,0.035888671875,-0.087158203125,-0.096923828125,0.08740234375,0.057373046875,-0.150634765625,0.09765625,0.09765625,0.008544921875,-0.092041015625,-0.0068359375,0.042724609375,-0.03369140625,-0.013427734375,0.016357421875,-0.0439453125,-0.01025390625,0.03369140625,-0.045654296875,0.007568359375,0.007568359375,0.023681640625,-0.0224609375,0.0234375,0.009033203125,-0.057373046875,0.024169921875,0.0458984375,-0.049072265625,-0.014404296875,0.067626953125,-0.068115234375,0.044677734375,0.044677734375,0.025634765625,-0.078369140625,0.0322265625,0.084228515625,-0.073974609375,-0.08935546875,0.0615234375,0.031982421875,-0.079833984375,-0.003662109375,-0.068359375,-0.021484375,-0.021484375,0.042724609375,-0.041748046875,-0.0693359375,0.0498046875,0.054443359375,-0.081298828125,-0.04443359375,0.031005859375,-0.0087890625,-0.0068359375,-0.048583984375,-0.046875,-0.046875,0.020751953125,-0.031494140625,-0.08251953125,0.03076171875,0.019775390625,-0.100830078125,-0.021728515625,0.032470703125,-0.073974609375,0.111572265625,0.03125,-0.1708984375,-0.1708984375,-0.049560546875,0.102294921875,0.014892578125,-0.048095703125,-0.014892578125,-0.013427734375,-0.009521484375,0.039306640625,-0.024658203125,-0.08544921875,0.061767578125,-0.0693359375,-0.051513671875,-0.051513671875,0.03369140625,-0.0009765625,-0.0263671875,0.033203125,-0.02001953125,-0.0927734375,0.0302734375,0.06396484375,-0.05908203125,-0.0380859375,0.00341796875,-0.04833984375,0.0322265625,0.0322265625,-0.010009765625,-0.0908203125,0.056396484375,0.12548828125,-0.083984375,-0.149169921875,0.06689453125,0.11767578125,-0.076416015625,-0.094970703125,0.0126953125,-0.02001953125,-0.0361328125,-0.055419921875,-0.055419921875,-0.00634765625,0.062255859375,-0.017822265625,-0.102783203125,0.001220703125,0.02294921875,-0.057861328125,-0.003173828125,0.023681640625,-0.029541015625,0.0546875,-0.043212890625,-0.114501953125,-0.114501953125,0.057861328125,0.091796875,-0.121826171875,-0.11865234375,0.08154296875,0.074951171875,-0.077880859375,-0.052490234375,0.01904296875,-0.008056640625,-0.003173828125,-0.039794921875,0.006591796875,0.006591796875,0.040283203125,-0.040771484375,-0.051025390625,0.045654296875,0.002197265625,-0.069091796875,0.0302734375,0.03662109375,-0.06103515625,0.053955078125,-0.06787109375,-0.080810546875,0.09423828125,0.09423828125,0.05712890625,-0.14013671875,-0.053466796875,0.1064453125,0.0234375,-0.087890625,-0.018798828125,0.041748046875,-0.018798828125,-0.024658203125,-0.019287109375,0.0400390625,0.01220703125,-0.077392578125,-0.077392578125,-0.031982421875,0.0341796875,-0.04052734375,-0.06298828125,0.04736328125,0.01123046875,-0.086669921875,0.000732421875,-0.076416015625,-0.0078125,0.081298828125,-0.043701171875,-0.043701171875,-0.131591796875,0.03955078125,0.08447265625,-0.064208984375,-0.05224609375,0.024169921875,-0.021728515625,0.029296875,0.00146484375,-0.0751953125,0.0166015625,0.05615234375,0.05615234375,-0.0654296875,-0.05517578125,0.03271484375,0.00341796875,-0.041748046875,-0.007080078125,-0.017333984375,0.030029296875,-0.013916015625,-0.103515625,0.022216796875,0.109619140625,0.109619140625,-0.0517578125,-0.1328125,0.048828125,0.08984375,-0.0732421875,-0.0546875,-0.008056640625,-0.0302734375,0.006103515625,-0.033203125,-0.044677734375,-0.044677734375,0.050048828125,0.02490234375,-0.089599609375,-0.005126953125,0.058349609375,-0.02783203125,-0.025146484375,-0.022705078125,-0.0947265625,0.013427734375,0.040771484375,-0.0634765625,-0.0634765625,0.0546875,-0.033203125,-0.033203125,-0.060546875,0.00244140625,-0.000244140625,-0.01123046875,0.031982421875,-0.025390625,0.038818359375,0.01171875,-0.125,-0.024658203125,0.12060546875,-0.021728515625,-0.021728515625,-0.16796875,0.012939453125,0.12158203125,-0.038330078125,-0.090087890625,0.00341796875,-0.036376953125,0.007080078125,-0.001953125,-0.05810546875,0.016357421875,0.016357421875,0.041015625,-0.056884765625,-0.03369140625,0.01806640625,-0.0126953125,-0.00439453125,0.0283203125,-0.046875,0.059814453125,-0.0087890625,-0.1279296875,0.022705078125,0.143310546875,-0.0400390625,-0.0400390625,-0.152587890625,0.0302734375,0.1044921875,-0.04931640625,-0.052978515625,0.032470703125,-0.033447265625,0.01416015625,-0.018798828125,-0.048828125,0.025390625,0.007568359375,-0.07470703125,-0.07470703125,-0.001953125,0.017822265625,-0.050048828125,0.00439453125,0.041015625,-0.058349609375,0.054931640625,-0.00537109375,-0.0986328125,0.049072265625,0.08642578125,-0.113037109375,-0.114501953125,-0.114501953125,0.07763671875,0.0654296875,-0.09326171875,-0.048095703125,0.035400390625,-0.018310546875,-0.015869140625,-0.0478515625,0.001708984375,0.03955078125,-0.0537109375,-0.069091796875,0.0546875,0.0546875,0.0107421875,-0.091552734375,0.0087890625,0.040771484375,-0.05419921875,0.03564453125,-0.0576171875,-0.046875,0.09716796875,0.019287109375,-0.141357421875,-0.013427734375,0.107421875,-0.01904296875,-0.01904296875,-0.087158203125,0.02685546875,0.04052734375,-0.061279296875,-0.03369140625,-0.02978515625,0.03125,0.013671875,-0.07275390625,-0.033447265625,0.040771484375,-0.041015625,-0.083251953125,-0.083251953125,0.06689453125,0.057861328125,-0.115234375,-0.055908203125,0.082763671875,-0.06201171875,-0.011474609375,0.00341796875,-0.037353515625,0.025146484375,0.001953125,-0.070068359375,0.0263671875,0.0263671875,0.064453125,-0.06103515625,-0.077880859375,0.03955078125,0.004150390625,0.040771484375,0.050048828125,-0.09619140625,-0.0478515625,0.069091796875,-0.002197265625,-0.067626953125,0.014404296875,0.014404296875,0.01611328125,-0.052734375,0.017333984375,-0.08447265625,0.0009765625,0.060546875,-0.051513671875,-0.071533203125,0.04345703125,-0.0185546875,-0.093505859375,0.05126953125,0.060791015625,0.060791015625,-0.115966796875,-0.074462890625,0.074462890625,-0.074462890625,0.013671875,0.013916015625,-0.076416015625,0.00048828125,0.022705078125,-0.064453125,-0.004638671875,0.077392578125,0.077392578125,-0.0322265625,-0.105224609375,0.02587890625,-0.05029296875,0.017333984375,0.020263671875,-0.06494140625,-0.00146484375,0.048095703125,-0.069091796875,-0.069580078125,0.095703125,0.095703125,0.034423828125,-0.13330078125,0.094970703125,-0.015380859375,-0.072265625,0.0263671875,0.022705078125,-0.06396484375,-0.002685546875,0.023681640625,-0.034423828125,-0.034423828125,0.001953125,0.010009765625,-0.0703125,0.048828125,-0.0224609375,-0.081787109375,0.040771484375,0.0341796875,-0.078125,-0.006103515625,0.021484375,-0.087646484375,-0.087646484375,-0.044921875,0.115234375,0.0234375,-0.036865234375,0.119873046875,-0.0078125,-0.10546875,-0.00537109375,0.043701171875,-0.02490234375,-0.031005859375,-0.030517578125,-0.030517578125,-0.038330078125,0.0419921875,-0.098876953125,-0.03125,0.057861328125,-0.02197265625,-0.05615234375,0.044189453125,-0.000732421875,-0.07568359375,0.0341796875,0.02294921875,0.02294921875,-0.09228515625,0.11376953125,-0.029541015625,-0.1494140625,0.02294921875,0.11083984375,-0.037109375,-0.06298828125,0.01318359375,0.00146484375,-0.01708984375,-0.00048828125,-0.029052734375,-0.029052734375,-0.03369140625,0.048828125,-0.09228515625,0.013427734375,0.03955078125,-0.06298828125,-0.0302734375,0.040283203125,-0.024658203125,-0.04150390625,0.0556640625,-0.021240234375,-0.11279296875,-0.11279296875,0.050048828125,0.108154296875,-0.140869140625,0.047119140625,0.086181640625,-0.071533203125,-0.069091796875,0.0224609375,-0.001220703125,-0.026123046875,-0.031005859375,-0.036865234375,0.0068359375,0.0068359375,0.0390625,-0.068603515625,0.0341796875,-0.010009765625,-0.093017578125,0.029296875,0.069580078125,-0.0849609375,-0.10009765625,0.072998046875,0.053955078125,-0.09130859375,-0.022216796875,0.05029296875,0.05029296875,-0.0361328125,0.028564453125,-0.006591796875,-0.04052734375,0.0302734375,0.009033203125,-0.075439453125,-0.002685546875,0.021728515625,-0.035888671875,0.022216796875,0.046630859375,-0.06884765625,-0.07666015625,0.072509765625,0.0263671875,0.0263671875,-0.103759765625,0.0546875,-0.044189453125,-0.020751953125,0.029541015625,-0.0537109375,-0.046630859375,0.078125,0.006103515625,-0.1025390625,0.026123046875,0.034912109375,-0.087890625,-0.087890625,0.093017578125,-0.0400390625,-0.124755859375,0.036376953125,0.0556640625,-0.065673828125,-0.02001953125,0.021728515625,-0.058349609375,-0.036865234375,0.043212890625,-0.02197265625,-0.06982421875,-0.06982421875,0.053466796875,-0.121826171875,-0.05908203125,0.06005859375,0.001708984375,-0.0458984375,0.012939453125,0.003662109375,-0.05029296875,0.012451171875,0.002685546875,-0.05029296875,0.01806640625,0.01806640625,-0.05712890625,0.0,0.06005859375,-0.06103515625,-0.087890625,0.09619140625,0.063720703125,-0.1533203125,-0.077880859375,0.120361328125,0.052978515625,0.052978515625,-0.03515625,0.045654296875,-0.028564453125,-0.020263671875,-0.002685546875,-0.0458984375,0.001953125,0.061767578125,-0.02197265625,-0.077880859375,0.002197265625,-0.013671875,-0.013671875,0.03076171875,0.031005859375,-0.07666015625,-0.01904296875,0.026611328125,-0.0712890625,-0.04638671875,0.0947265625,0.005126953125,-0.137451171875,0.007568359375,0.08251953125,-0.04736328125,-0.045654296875,0.05029296875,-0.0166015625,-0.07958984375,0.0341796875,0.029052734375,-0.069091796875,0.01171875,0.04345703125,-0.0751953125,-0.0576171875,0.043701171875,-0.003662109375,-0.0556640625,0.025634765625,-0.002685546875,-0.062744140625,0.03662109375,0.008056640625,-0.10791015625,-0.003173828125,0.10693359375,-0.04296875,-0.13037109375,0.043212890625,0.065185546875,-0.06884765625,-0.019287109375,0.025634765625,-0.043212890625,-0.018310546875,0.0380859375,-0.041259765625,-0.0673828125,0.063232421875,0.022705078125,-0.09375,0.004638671875,0.03662109375,-0.06884765625,-0.025390625,0.08447265625,-0.013427734375,-0.13427734375,0.009033203125,0.087890625,-0.045654296875,-0.0615234375,0.030029296875,0.015869140625,-0.0458984375,-0.013427734375,-0.008056640625,-0.029296875,0.034912109375,-0.00390625,-0.080322265625,0.0029296875,0.026123046875,-0.0673828125,-0.028564453125,0.094970703125,-0.001953125,-0.141845703125,0.01025390625,0.08984375,-0.05615234375,-0.067626953125,0.03662109375,0.00244140625,-0.07275390625,0.006103515625,0.02734375,-0.047607421875,0.011474609375,0.03369140625,-0.057861328125,-0.0361328125,-0.02880859375,-0.02880859375,-0.01318359375,0.0615234375,-0.0361328125,-0.125244140625,0.039794921875,0.070556640625,-0.085205078125,-0.051513671875,0.05712890625,-0.004150390625,-0.057373046875,0.029296875,-0.07568359375,-0.07568359375,0.056640625,0.046875,-0.095947265625,-0.02685546875,0.069091796875,-0.04931640625,-0.077392578125,0.09130859375,0.038818359375,-0.13427734375,-0.013427734375,0.087890625,-0.035888671875,-0.035888671875,0.022216796875,-0.019287109375,-0.0390625,0.04443359375,-0.04345703125,-0.113037109375,0.07470703125,0.099365234375,-0.123046875,-0.131103515625,0.068115234375,0.05810546875,-0.021240234375,-0.021240234375,-0.013427734375,-0.06884765625,0.0205078125,0.033447265625,-0.072021484375,-0.041748046875,0.052978515625,-0.010009765625,-0.06982421875,0.021728515625,-0.013671875,-0.07470703125,0.07080078125,0.07080078125,-0.103271484375,-0.090087890625,0.092529296875,0.0498046875,-0.098388671875,-0.022705078125,0.043701171875,-0.0244140625,-0.00732421875,0.021728515625,-0.03515625,-0.027587890625,0.00341796875,-0.09716796875,0.01513671875,0.01513671875,0.037841796875,-0.058349609375,-0.003662109375,0.06005859375,-0.025634765625,-0.05126953125,0.0361328125,-0.02880859375,-0.086669921875,0.068603515625,-0.118408203125,-0.118408203125,-0.0654296875,0.072265625,0.001220703125,-0.07177734375,0.022705078125,0.0068359375,-0.09326171875,0.005859375,0.047607421875,-0.07373046875,0.062744140625,0.011962890625,0.011962890625,-0.1064453125,-0.022705078125,0.03125,-0.03662109375,-0.002685546875,0.0048828125,-0.06396484375,-0.022216796875,0.030517578125,-0.043212890625,0.07861328125,0.0146484375,0.0146484375,-0.121826171875,0.0,0.07470703125,-0.0390625,-0.053955078125,0.041259765625,0.004150390625,-0.055419921875,0.044189453125,-0.0703125,0.005126953125,0.0380859375,0.0380859375,-0.051513671875,-0.0341796875,0.041015625,-0.0283203125,-0.061279296875,0.0712890625,0.030029296875,-0.11669921875,-0.0244140625,-0.02294921875,-0.072998046875,0.038330078125,0.038330078125,0.036865234375,-0.087158203125,-0.03125,0.02783203125,-0.03564453125,-0.020751953125,0.03369140625,-0.010986328125,0.0078125,0.0087890625,-0.059814453125,-0.059814453125,0.013427734375,0.02734375,-0.056884765625,-0.021728515625,0.014892578125,-0.036376953125,-0.01318359375,0.06640625,-0.031005859375,0.04736328125,0.071533203125,-0.05908203125,-0.05908203125,-0.025390625,0.034912109375,-0.03125,-0.049560546875,0.03515625,-0.033447265625,-0.08740234375,0.07666015625,-0.12158203125,-0.07177734375,0.1044921875,0.036865234375,-0.10498046875,-0.10498046875,-0.003662109375,0.06591796875,-0.038818359375,-0.017578125,0.01123046875,-0.046142578125,-0.0224609375,0.049072265625,-0.017822265625,0.021484375,0.03759765625,-0.07080078125,-0.0078125,-0.0078125,0.04833984375,-0.052734375,-0.073486328125,0.040283203125,0.015380859375,-0.077392578125,0.004150390625,0.0302734375,-0.04736328125,0.0078125,-0.05322265625,0.009521484375,0.079833984375,0.079833984375,-0.03759765625,-0.1083984375,0.0380859375,0.01171875,-0.091552734375,0.037109375,0.08447265625,-0.084716796875,0.072509765625,0.06884765625,-0.0810546875,-0.037353515625,0.019287109375,0.019287109375,-0.026123046875,0.01123046875,0.03369140625,-0.0419921875,-0.049072265625,0.06494140625,0.0234375,-0.10595703125,0.05419921875,-0.024169921875,-0.02392578125,0.0009765625,-0.05029296875,-0.05029296875,-0.039306640625,0.04296875,-0.044921875,-0.106689453125,0.058349609375,0.0595703125,-0.09375,-0.038818359375,0.038330078125,-0.046630859375,0.085205078125,0.013671875,-0.1318359375,0.005126953125,0.078369140625,-0.0654296875,-0.0654296875,-0.07177734375,0.06494140625,0.030029296875,-0.09130859375,-0.005859375,0.037109375,-0.052001953125,0.03955078125,-0.056884765625,-0.06298828125,0.03857421875,0.017333984375,0.017333984375,-0.051513671875,0.027099609375,0.0224609375,-0.0625,0.009033203125,0.019775390625,-0.0517578125,0.071044921875,-0.0439453125,-0.101318359375,0.039794921875,0.015380859375,-0.09912109375,0.021728515625,0.021728515625,0.080810546875,-0.08203125,-0.1103515625,0.06640625,0.06591796875,-0.102294921875,0.049560546875,-0.012451171875,-0.024658203125,-0.006591796875,-0.033447265625,-0.033447265625,-0.0166015625,0.0361328125,-0.027099609375,-0.07177734375,0.05224609375,0.0224609375,0.001220703125,0.050537109375,-0.05029296875,-0.046142578125,0.032470703125,-0.048828125,-0.048828125,-0.08349609375,0.095947265625,0.073486328125,-0.135986328125,-0.08349609375,0.089599609375,-0.082275390625,-0.01904296875,0.050048828125,-0.02197265625,-0.0166015625,-0.009521484375,-0.009521484375,-0.042724609375,0.018310546875,0.03515625,-0.0517578125,-0.049072265625,0.0517578125,-0.0966796875,0.054931640625,0.0537109375,-0.1171875,-0.0615234375,0.0908203125,0.0908203125,0.015869140625,-0.096923828125,0.00732421875,0.046630859375,-0.06591796875,0.041015625,-0.02392578125,-0.024169921875,0.035888671875,-0.008544921875,-0.069091796875,0.004638671875,-0.009521484375,-0.009521484375,-0.0576171875,0.055908203125,0.04638671875,-0.099609375,-0.047607421875,0.09765625,-0.12890625,0.014892578125,0.09130859375,-0.044189453125,-0.046630859375,0.012451171875,0.012451171875,-0.015869140625,-0.0126953125,0.03466796875,-0.0244140625,-0.088134765625,0.032958984375,-0.0732421875,-0.0068359375,0.02685546875,-0.045654296875,-0.023681640625,0.0263671875,0.0263671875,-0.072265625,-0.07177734375,0.119384765625,0.048828125,-0.169921875,0.100830078125,0.003662109375,-0.076416015625,0.00439453125,0.008056640625,-0.057861328125,0.0263671875,0.013916015625,-0.092041015625,-0.092041015625,-0.01318359375,0.07275390625,-0.021484375,-0.095458984375,0.00634765625,0.036865234375,0.00390625,-0.00048828125,-0.052734375,0.023193359375,0.042236328125,-0.053955078125,-0.03955078125,0.069580078125,0.069580078125,0.003173828125,-0.085693359375,0.03271484375,0.011962890625,0.013916015625,0.11328125,-0.048828125,-0.16650390625,0.029541015625,0.105224609375,-0.07958984375,-0.077880859375,0.046142578125,0.046142578125,0.018310546875,-0.045654296875,-0.029052734375,-0.019287109375,0.0458984375,-0.00048828125,-0.099853515625,0.013671875,0.064208984375,-0.06298828125,-0.066650390625,0.061279296875,0.025390625,0.025390625,-0.10498046875,-0.00732421875,0.0556640625,-0.044921875,0.023681640625,-0.035888671875,-0.0341796875,0.020263671875,-0.02294921875,-0.036376953125,0.06591796875,-0.00146484375,-0.104248046875,0.028564453125,0.028564453125,0.048583984375,-0.09130859375,-0.0400390625,0.0107421875,-0.15673828125,-0.007568359375,0.087646484375,-0.03173828125,-0.05224609375,-0.005859375,-0.012939453125,-0.0048828125,0.0302734375,-0.04345703125,-0.04345703125,-0.079833984375,0.056640625,0.028076171875,0.001220703125,0.05615234375,-0.046875,-0.042724609375,0.060302734375,-0.000244140625,-0.088623046875,0.023681640625,0.0224609375,-0.077880859375,-0.077880859375,0.01220703125,0.088623046875,-0.042724609375,0.03662109375,0.078369140625,-0.0703125,-0.03955078125,0.050537109375,-0.006103515625,-0.04541015625,-0.00439453125,-0.010498046875,-0.010498046875,-0.035400390625,0.037109375,-0.09130859375,-0.013671875,0.049560546875,-0.030029296875,-0.039306640625,0.007080078125,-0.01171875,-0.0341796875,0.02001953125,-0.0341796875,-0.0341796875,-0.078857421875,0.064697265625,-0.126953125,-0.07861328125,0.097900390625,0.041015625,-0.099609375,-0.01953125,0.0439453125,-0.03076171875,-0.00439453125,-0.000732421875,-0.000732421875,-0.057861328125,0.005126953125,-0.039794921875,-0.10009765625,0.049072265625,0.024169921875,-0.099365234375,0.018798828125,0.083251953125,-0.05859375,-0.087158203125,-0.087158203125,0.05029296875,0.0283203125,0.00390625,0.031494140625,-0.0458984375,0.005859375,0.01513671875,-0.05908203125,-0.00537109375,0.083740234375,-0.030029296875,-0.135009765625,-0.135009765625,0.0390625,-0.069091796875,-0.0263671875,0.0244140625,-0.03955078125,-0.031005859375,0.023681640625,-0.064208984375,-0.066162109375,0.11083984375,0.039306640625,-0.16015625,-0.16015625,-0.040771484375,-0.010009765625,-0.109375,0.008544921875,0.05078125,-0.060791015625,-0.02685546875,0.0068359375,-0.0205078125,0.019775390625,0.01123046875,-0.068359375,-0.068359375,-0.037353515625,-0.005859375,-0.095458984375,0.0458984375,0.04833984375,-0.082763671875,-0.016357421875,0.04296875,-0.06201171875,-0.055419921875,0.115478515625,0.115478515625,0.04443359375,-0.037353515625,0.135986328125,-0.001708984375,-0.1201171875,0.002197265625,0.068359375,-0.038818359375,-0.0400390625,-0.0283203125,-0.04296875,0.04345703125,0.0302734375,0.0302734375,-0.0859375,0.056396484375,-0.023193359375,-0.084716796875,0.0361328125,0.009765625,-0.091796875,0.021240234375,0.033447265625,-0.090087890625,-0.01806640625,0.12841796875,-0.006591796875,-0.006591796875,-0.1845703125,0.1328125,-0.041015625,-0.09375,0.021240234375,0.024658203125,-0.0458984375,-0.009765625,0.001220703125,-0.04931640625,0.029541015625,0.03955078125,-0.060546875,-0.021484375,-0.021484375,-0.04248046875,-0.019287109375,0.072265625,-0.01318359375,-0.12353515625,0.041015625,0.10302734375,-0.07421875,-0.087890625,0.040283203125,0.031005859375,-0.053955078125,-0.021484375,-0.021484375,-0.0419921875,0.0283203125,0.00439453125,-0.08935546875,-0.012939453125,0.04443359375,-0.041748046875,-0.051513671875,0.051025390625,0.00048828125,-0.093994140625,0.0068359375,0.003173828125,0.003173828125,0.02783203125,0.098876953125,-0.044677734375,-0.12744140625,0.03369140625,0.07666015625,-0.05908203125,-0.037841796875,0.011474609375,-0.0244140625,-0.007080078125,0.019775390625,-0.043701171875,-0.04736328125,0.071044921875,0.0068359375,-0.1142578125,0.011474609375,0.062744140625,-0.034423828125,-0.015625,0.0283203125,-0.034423828125,-0.050048828125,0.054931640625,-0.014404296875,-0.111083984375,0.05029296875,0.0927734375,-0.100830078125,-0.124267578125,0.059814453125,0.061279296875,-0.089599609375,-0.05126953125,0.015869140625,-0.02294921875,0.01416015625,-0.009521484375,-0.08837890625,-0.006591796875,0.09375,-0.02294921875,-0.131591796875,0.034423828125,0.079833984375,-0.05078125,-0.021240234375,0.01611328125,-0.028076171875,0.0029296875,0.0380859375,-0.072998046875,-0.073974609375,0.12353515625,0.057373046875,-0.1669921875,-0.052978515625,0.1171875,0.009765625,-0.086669921875,0.031494140625,0.056884765625,-0.07275390625,-0.0185546875,0.03369140625,-0.034423828125,-0.000732421875,0.04931640625,-0.025390625,-0.081298828125,0.015869140625,0.0244140625,-0.054931640625,-0.0009765625,0.00341796875,-0.0625,0.00146484375,0.02392578125,-0.068115234375,-0.045166015625,0.05859375,-0.025634765625,-0.10400390625,0.044921875,0.027587890625,-0.1044921875,0.0009765625,0.112060546875,-0.041259765625,-0.162109375,0.123779296875,0.123779296875,-0.06787109375,-0.08740234375,0.046630859375,0.023681640625,-0.0546875,-0.0185546875,0.001708984375,-0.0341796875,0.02490234375,0.0263671875,-0.060546875,-0.00146484375,0.0126953125,-0.0546875,0.001708984375,0.056640625,-0.031494140625,-0.056884765625,0.069091796875,-0.005859375,-0.119873046875,0.05712890625,0.11962890625,-0.10009765625,0.076416015625,0.076416015625,0.097412109375,-0.09423828125,-0.068115234375,0.038330078125,-0.024658203125,-0.047607421875,-0.01220703125,-0.0205078125,-0.009765625,0.029296875,-0.069091796875,-0.069091796875,0.034912109375,-0.00732421875,-0.094970703125,0.0341796875,0.078125,-0.07763671875,-0.090576171875,0.07421875,0.04345703125,-0.103271484375,-0.0205078125,0.045654296875,-0.04541015625,0.022705078125,0.022705078125,-0.0205078125,-0.04443359375,0.029052734375,0.0078125,-0.06103515625,0.01513671875,0.003662109375,-0.055419921875,0.049560546875,0.07080078125,-0.08056640625,0.092529296875,0.049560546875,0.049560546875,-0.123046875,-0.022216796875,0.075927734375,-0.027099609375,-0.0693359375,-0.007568359375,-0.0029296875,-0.0205078125,0.03076171875,-0.01025390625,-0.07763671875,0.007568359375,-0.0927734375,-0.0927734375,-0.000244140625,0.092041015625,-0.04150390625,-0.136474609375,0.0419921875,0.090087890625,-0.062255859375,-0.04833984375,0.010498046875,-0.01904296875,-0.015625,-0.041259765625,-0.048583984375,-0.048583984375,0.0625,0.00341796875,-0.123046875,-0.00146484375,0.0576171875,-0.05126953125,-0.025390625,0.077392578125,-0.002197265625,-0.11376953125,0.02734375,-0.0751953125,-0.037109375,-0.037109375,0.06640625,0.007080078125,-0.0595703125,-0.001953125,-0.026123046875,-0.046875,0.056884765625,0.032958984375,-0.11669921875,-0.068359375,0.138427734375,-0.13671875,-0.138427734375,-0.138427734375,0.099853515625,0.120849609375,-0.1279296875,-0.10595703125,0.11279296875,0.056884765625,-0.097412109375,-0.029296875,0.027587890625,-0.067626953125,0.08642578125,-0.001953125,-0.1298828125,-0.1298828125,0.007080078125,0.09228515625,-0.064208984375,-0.122802734375,0.045654296875,0.114990234375,-0.03076171875,-0.09326171875,0.0283203125,0.0986328125,-0.136474609375,-0.010009765625,0.096923828125,0.096923828125,-0.057861328125,-0.10693359375,0.012451171875,0.00537109375,-0.0390625,0.03955078125,-0.04052734375,-0.170654296875,0.05029296875,-0.1103515625,-0.201904296875,0.12646484375,0.12646484375,0.184326171875,-0.1376953125,-0.14306640625,0.09912109375,0.013671875,-0.083251953125,0.02685546875,-0.01416015625,0.005615234375,0.109375,-0.122314453125,-0.122314453125,-0.12060546875,0.12255859375,0.020751953125,-0.14306640625,0.00439453125,0.09814453125,-0.044921875,-0.018310546875,-0.0419921875,-0.07958984375,0.1005859375,0.016845703125,0.016845703125,-0.129150390625,0.0390625,0.1455078125,-0.066650390625,-0.115478515625,0.07666015625,0.013916015625,-0.067138671875,-0.018798828125,-0.049560546875,0.070068359375,0.0380859375,0.0380859375,-0.12451171875,0.01318359375,0.166259765625,-0.07275390625,-0.167724609375,0.0703125,0.092529296875,-0.01416015625,0.037353515625,-0.084228515625,-0.059814453125,-0.059814453125,0.037841796875,-0.091552734375,-0.076416015625,0.097900390625,-0.014404296875,-0.163330078125,-0.013427734375,0.06494140625,-0.069091796875,0.068603515625,-0.07080078125,-0.0625,-0.0625,0.122314453125,-0.00439453125,-0.183349609375,0.009521484375,0.1552734375,-0.088623046875,-0.160400390625,0.065673828125,-0.051513671875,-0.00341796875,-0.012451171875,-0.07080078125,-0.07080078125,0.027099609375,0.07177734375,-0.098876953125,-0.0380859375,0.162841796875,0.008056640625,-0.141845703125,0.02490234375,0.09423828125,-0.05029296875,0.08251953125,-0.034423828125,-0.020751953125,0.094482421875,-0.0634765625,-0.0634765625,-0.117431640625,0.111572265625,0.085205078125,-0.16357421875,-0.068359375,0.14501953125,-0.019775390625,-0.108642578125,-0.021728515625,-0.10595703125,0.03759765625,0.064208984375,-0.119140625,-0.119140625,-0.0478515625,0.1171875,-0.062744140625,-0.139404296875,0.044189453125,0.014892578125,-0.076416015625,0.013671875,-0.139404296875,-0.03076171875,0.10791015625,-0.090576171875,-0.109375,-0.109375,0.09228515625,-0.010498046875,-0.115478515625,0.05126953125,0.075927734375,-0.13623046875,-0.048583984375,-0.0283203125,-0.1513671875,0.04443359375,0.075927734375,-0.06591796875,-0.016845703125,-0.016845703125,-0.065185546875,-0.0302734375,-0.0302734375,0.095703125,-0.042236328125,-0.075927734375,0.0869140625,0.012939453125,-0.1123046875,0.09228515625,-0.115966796875,-0.056396484375,0.183837890625,0.00244140625,-0.19921875,-0.001220703125,-0.001220703125,0.13232421875,-0.03125,-0.064697265625,0.048583984375,-0.031494140625,-0.05908203125,-0.03564453125,-0.1015625,0.060302734375,0.056640625,-0.10546875,-0.037109375,0.100341796875,0.100341796875,-0.06298828125,-0.0849609375,0.119140625,0.004150390625,-0.171142578125,0.00439453125,-0.046875,-0.0751953125,0.055419921875,-0.03759765625,-0.069091796875,0.0556640625,-0.02490234375,-0.08056640625,-0.08056640625,0.067626953125,0.04541015625,-0.131103515625,-0.037353515625,0.099365234375,-0.07177734375,0.092041015625,-0.031982421875,-0.104736328125,0.073974609375,0.038330078125,0.038330078125,-0.170166015625,-0.017822265625,0.159423828125,-0.089111328125,-0.166015625,0.051025390625,-0.09716796875,0.0068359375,0.0576171875,-0.09423828125,-0.041015625,0.090087890625,0.090087890625,-0.05322265625,-0.05419921875,0.1044921875,-0.010986328125,0.0390625,0.0771484375,-0.093505859375,-0.005859375,0.113037109375,-0.08642578125,-0.093994140625,-0.093994140625,0.1142578125,0.0078125,-0.142578125,0.05126953125,0.13330078125,-0.10595703125,0.13720703125,0.019775390625,-0.125,0.02880859375,0.070068359375,-0.069091796875,-0.069091796875,-0.032958984375,0.05419921875,-0.058349609375,-0.034912109375,-0.070556640625,-0.116943359375,0.07177734375,0.035888671875,-0.12890625,-0.01171875,0.07958984375,-0.10986328125,-0.10986328125,-0.068115234375,0.122802734375,-0.05908203125,-0.171142578125,0.11572265625,-0.153076171875,-0.110595703125,0.11328125,0.00390625,-0.077392578125,0.050048828125,0.050048828125,-0.016845703125,-0.089599609375,0.042236328125,0.035888671875,0.000732421875,0.123046875,-0.083251953125,-0.099609375,0.093505859375,-0.00537109375,-0.090576171875,0.079833984375,0.079833984375,0.050048828125,-0.127197265625,0.016845703125,-0.09326171875,-0.104736328125,0.152099609375,0.017578125,-0.17822265625,0.0224609375,0.14990234375,-0.072265625,-0.076904296875,-0.076904296875,0.111328125,-0.025390625,-0.1279296875,0.03173828125,0.03125,0.0146484375,0.069091796875,-0.0927734375,-0.057861328125,0.103271484375,-0.0419921875,-0.117431640625,0.0439453125,0.034423828125,-0.066650390625,-0.004638671875,0.017333984375,-0.11181640625,-0.11181640625,-0.01708984375,0.1142578125,-0.089111328125,-0.15185546875,0.082275390625,-0.12158203125,-0.0576171875,0.10205078125,-0.045166015625,-0.120849609375,0.048828125,0.017333984375,-0.069091796875,0.03369140625,0.04541015625,-0.0830078125,-0.051025390625,0.062255859375,0.062255859375,-0.036865234375,-0.029052734375,0.088134765625,-0.0400390625,-0.096923828125,0.0380859375,-0.116455078125,-0.004150390625,0.086669921875,-0.1025390625,-0.066162109375,0.13818359375,-0.022705078125,-0.15283203125,0.072998046875,0.1142578125,-0.13330078125,-0.0966796875,0.1220703125,0.1220703125,0.00634765625,-0.068115234375,0.06396484375,-0.019287109375,0.042724609375,0.0849609375,-0.120849609375,-0.060302734375,0.133544921875,-0.0185546875,-0.1220703125,0.027099609375,0.0126953125,-0.07080078125,0.028076171875,0.04150390625,-0.099853515625,-0.02099609375,-0.02099609375,0.093505859375,-0.0869140625,-0.07421875,0.105712890625,-0.131591796875,0.05859375,0.086181640625,-0.140625,-0.0546875,0.154296875,-0.040283203125,-0.171630859375,0.029052734375,0.06201171875,-0.060791015625,-0.001953125,0.041259765625,-0.0966796875,-0.05517578125,-0.05517578125,-0.0517578125,-0.0517578125,-0.080322265625,0.088623046875,0.02587890625,-0.11669921875,0.070068359375,-0.07666015625,-0.014892578125,0.10302734375,-0.07666015625,-0.095947265625,0.12109375,0.044921875,-0.17431640625,-0.016845703125,0.178955078125,-0.05419921875,-0.16845703125,0.080810546875,0.0859375,-0.09130859375,-0.028564453125,0.06005859375,-0.051513671875,-0.0517578125,0.079345703125,-0.0234375,-0.0791015625,0.065185546875,0.019775390625,0.019775390625,-0.087890625,-0.002685546875,0.036376953125,0.015625,0.066162109375,-0.112060546875,-0.0673828125,0.116943359375,-0.056640625,-0.165283203125,0.080810546875,0.111083984375,-0.136474609375,-0.08154296875,0.109375,-0.039306640625,-0.087646484375,0.081787109375,-0.010986328125,-0.127685546875,0.027587890625,0.06982421875,-0.106689453125,-0.027587890625,0.109130859375,-0.0888671875,-0.12548828125,0.0908203125,0.031982421875,-0.108154296875,0.001953125,0.033203125,-0.0966796875,-0.001953125,0.111083984375,-0.09521484375,-0.1083984375,0.14111328125,0.14111328125,0.0634765625,-0.158203125,0.120849609375,-0.006591796875,-0.052490234375,0.0419921875,-0.052490234375,-0.0654296875,0.0791015625,0.0078125,-0.121337890625,0.0205078125,0.1083984375,-0.0869140625,-0.101806640625,0.086669921875,0.001953125,-0.0869140625,0.028564453125,0.017333984375,-0.072509765625,0.0146484375,0.0654296875,-0.10986328125,-0.0517578125,0.147216796875,-0.023681640625,-0.17626953125,0.03466796875,0.03466796875,0.126220703125,-0.078369140625,-0.074462890625,-0.03369140625,-0.12353515625,0.0478515625,0.034912109375,-0.07470703125,0.025390625,0.068603515625,-0.088134765625,-0.076171875,0.0712890625,-0.03076171875,-0.0615234375,0.062255859375,-0.030517578125,-0.093994140625,0.053466796875,0.043212890625,-0.126708984375,-0.013671875,0.130859375,-0.0947265625,-0.156982421875,0.099853515625,0.064208984375,-0.120361328125,-0.022216796875,0.063232421875,-0.080810546875,-0.080810546875,0.0830078125,-0.046142578125,-0.05029296875,0.099609375,-0.031005859375,-0.141357421875,0.052978515625,0.093017578125,-0.142578125,-0.05712890625,0.177734375,-0.015869140625,-0.173583984375,0.03369140625,0.0869140625,-0.0654296875,-0.02685546875,0.0615234375,-0.05419921875,-0.044677734375,0.090087890625,-0.04150390625,-0.095703125,0.072509765625,0.04541015625,-0.08447265625,-0.006103515625,0.055419921875,-0.074951171875,-0.005859375,0.117431640625,-0.087158203125,-0.156494140625,0.072021484375,0.07373046875,-0.09375,-0.0126953125,0.074951171875,-0.092529296875,-0.078857421875,0.092529296875,-0.026611328125,-0.100341796875,0.05126953125,0.0224609375,-0.111083984375,-0.00146484375,0.090087890625,-0.109619140625,-0.0947265625,0.1376953125,0.011474609375,-0.179931640625,-0.003662109375,0.130126953125,-0.05712890625,-0.1005859375,0.0654296875,-0.090087890625,-0.090087890625,0.0390625,0.009521484375,-0.08154296875,0.015625,0.052734375,-0.07958984375,-0.046875,0.066162109375,-0.04150390625,-0.033447265625,0.0947265625,-0.040283203125,-0.112548828125,0.080810546875,0.073974609375,-0.151611328125,-0.040283203125,0.1796875,-0.0302734375,-0.170166015625,0.03173828125,0.0498046875,-0.071533203125,0.013427734375,0.047119140625,-0.112060546875,-0.03564453125,-0.049072265625,-0.13427734375,-0.13427734375,0.087158203125,0.0625,-0.118408203125,-0.0390625,0.072265625,-0.041748046875,-0.015625,0.064697265625,-0.101806640625,-0.086181640625,0.1162109375,0.016357421875,-0.127197265625,0.0263671875,0.06787109375,-0.119873046875,-0.04150390625,0.12158203125,-0.070556640625,-0.121826171875,0.114990234375,0.068359375,-0.15869140625,-0.0576171875,0.12744140625,-0.030029296875,0.056884765625,0.0068359375,0.0068359375,-0.09423828125,0.009521484375,0.037841796875,-0.080810546875,-0.0400390625,0.054931640625,-0.050048828125,-0.05224609375,0.068115234375,-0.0498046875,-0.105712890625,0.08203125,0.083251953125,-0.14111328125,-0.0947265625,0.12548828125,0.0166015625,-0.081298828125,0.043701171875,0.011474609375,-0.086669921875,0.008056640625,0.060546875,-0.062255859375,-0.01806640625,0.08984375,-0.051513671875,-0.080322265625,-0.024658203125,-0.1103515625,0.07568359375,0.1044921875,0.1044921875,-0.137451171875,-0.101806640625,0.131591796875,0.010009765625,-0.1015625,0.02880859375,0.01171875,-0.080810546875,0.019775390625,0.06689453125,-0.080810546875,-0.02490234375,0.087158203125,-0.07666015625,-0.084716796875,0.0859375,-0.02685546875,-0.122802734375,0.073486328125,0.087890625,-0.162109375,-0.085693359375,0.14013671875,-0.02587890625,0.049072265625,0.035888671875,-0.091796875,-0.012451171875,0.03564453125,-0.088134765625,-0.088134765625,-0.001220703125,0.1044921875,-0.0849609375,-0.098388671875,0.1025390625,0.010986328125,-0.148193359375,0.027099609375,0.14404296875,-0.085205078125,-0.126708984375,0.073486328125,0.02685546875,-0.055419921875,0.024658203125,0.003662109375,-0.0810546875,0.008056640625,0.067138671875,-0.0791015625,-0.042236328125,0.1044921875,-0.115966796875,0.031494140625,0.0595703125,-0.059814453125,0.001220703125,0.063232421875,-0.07958984375,-0.07958984375,-0.052734375,0.0791015625,-0.056396484375,-0.11181640625,0.083984375,0.075439453125,-0.13916015625,-0.057861328125,0.1416015625,-0.02490234375,-0.136474609375,0.042724609375,0.04345703125,-0.081787109375,-0.010498046875,0.04833984375,-0.052734375,-0.00927734375,0.07666015625,-0.084228515625,-0.09765625,0.091552734375,0.02001953125,-0.1044921875,0.012939453125,0.046630859375,-0.082275390625,-0.0068359375,0.06689453125,-0.131103515625,-0.087646484375,0.16748046875,0.039306640625,-0.03466796875,0.1123046875,-0.033935546875,-0.04833984375,0.0498046875,-0.066650390625,-0.065673828125,0.08935546875,0.08935546875,-0.00634765625,-0.11083984375,0.046875,0.07080078125,-0.12109375,-0.056640625,0.093017578125,-0.052490234375,-0.059814453125,0.091796875,-0.039306640625,-0.135986328125,0.076904296875,0.11181640625,-0.142578125,-0.07373046875,0.166015625,0.008056640625,-0.151611328125,0.00927734375,0.07080078125,-0.03515625,0.0,-0.08251953125,-0.0205078125,0.102783203125,-0.043212890625,-0.0947265625,0.065185546875,0.029541015625,-0.103759765625,-0.00732421875,-0.00732421875,0.058349609375,-0.090576171875,-0.03125,0.092529296875,-0.071044921875,-0.104248046875,0.0888671875,0.02880859375,-0.137451171875,0.016357421875,0.134521484375,-0.099365234375,-0.140625,0.1015625,0.049072265625,-0.113037109375,-0.001708984375,0.072021484375,-0.0771484375,0.03955078125,-0.0322265625,-0.0380859375,0.06494140625,-0.040283203125,-0.111328125,0.039306640625,0.05126953125,-0.101806640625,-0.0166015625,0.090576171875,0.090576171875,-0.07080078125,-0.0732421875,0.107666015625,-0.006103515625,-0.135009765625,0.052490234375,0.11767578125,-0.11328125,-0.11181640625,0.101318359375,0.023681640625,-0.060302734375,0.0341796875,-0.020263671875,-0.097412109375,0.03564453125,0.06298828125,-0.0986328125,0.110107421875,-0.054931640625,-0.08447265625,0.08544921875,-0.001708984375,-0.098388671875,0.065673828125,0.070556640625,-0.117431640625,-0.017578125,0.117919921875,-0.095947265625,-0.123046875,-0.123046875,0.119140625,0.05078125,-0.157470703125,-0.03515625,0.0927734375,-0.06689453125,-0.060791015625,0.075927734375,-0.049072265625,-0.111572265625,0.046875,0.028564453125,-0.0859375,0.021240234375,0.07080078125,-0.053466796875,0.090087890625,-0.04736328125,-0.0751953125,0.0927734375,0.008544921875,-0.136474609375,0.029052734375,0.1142578125,-0.117919921875,-0.09814453125,0.137939453125,0.014404296875,-0.164306640625,0.000732421875,0.000732421875,0.10986328125,-0.051025390625,-0.062255859375,0.06689453125,-0.025390625,-0.077880859375,0.061767578125,0.02392578125,-0.09228515625,0.012451171875,0.07275390625,-0.067138671875,-0.052734375,0.06396484375,-0.06689453125,0.050537109375,-0.02685546875,-0.0927734375,0.06298828125,0.060302734375,-0.1494140625,-0.04833984375,0.166015625,-0.02685546875,-0.179443359375,0.024658203125,0.08154296875,-0.0625,-0.0048828125,-0.0048828125,0.072021484375,-0.07177734375,-0.06640625,0.0869140625,-0.018798828125,-0.08984375,0.0693359375,0.0419921875,-0.114013671875,-0.01953125,0.09033203125,-0.068115234375,-0.071044921875,0.0908203125,-0.02880859375,-0.1298828125,0.048583984375,0.07373046875,-0.085205078125,-0.0478515625,-0.062744140625,-0.002197265625,0.09326171875,-0.100830078125,-0.127685546875,0.14453125,0.09716796875,-0.172119140625,-0.093994140625,0.1123046875,0.00537109375,-0.058837890625,0.03271484375,-0.048095703125,-0.075927734375,0.06494140625,0.011474609375,0.011474609375,-0.131103515625,0.00927734375,0.104248046875,-0.08056640625,-0.079345703125,0.073974609375,-0.03271484375,-0.072021484375,0.07666015625,0.005859375,-0.123046875,0.03662109375,-0.115478515625,-0.10888671875,0.128662109375,0.03857421875,-0.149169921875,-0.028076171875,0.09033203125,-0.030517578125,-0.030517578125,0.074462890625,-0.04931640625,-0.118408203125,0.046875,0.0478515625,-0.073974609375,-0.009033203125,0.066162109375,-0.041748046875,-0.05517578125,-0.05517578125,0.041748046875,-0.0400390625,-0.034423828125,0.075927734375,-0.036865234375,-0.11474609375,0.058837890625,0.075927734375,-0.129150390625,-0.0458984375,-0.05224609375,-0.1455078125,0.068359375,0.0537109375,-0.109619140625,-0.01708984375,0.060302734375,-0.093017578125,-0.0703125,0.077392578125,-0.037353515625,-0.06201171875,0.0966796875,0.010498046875,-0.137451171875,0.014404296875,0.1064453125,-0.0771484375,-0.05810546875,0.09033203125,-0.021240234375,-0.062255859375,0.077880859375,-0.0185546875,-0.149658203125,0.04931640625,0.15771484375,-0.100830078125,-0.15380859375,-0.15380859375,0.0859375,0.05322265625,-0.080810546875,-0.009521484375,0.01611328125,-0.06689453125,-0.010986328125,0.044189453125,-0.007568359375,0.09375,-0.0595703125,-0.110595703125,0.056884765625,0.029296875,-0.07958984375,0.037353515625,0.060546875,-0.122802734375,-0.044677734375,0.132080078125,-0.05322265625,-0.1552734375,0.080810546875,0.111328125,-0.12451171875,-0.094482421875,0.085693359375,0.085693359375,-0.0048828125,-0.05126953125,0.044189453125,-0.038818359375,-0.085205078125,0.066650390625,0.058837890625,-0.09814453125,0.08642578125,-0.059326171875,-0.0634765625,0.07763671875,-0.027099609375,-0.080810546875,0.083251953125,0.03515625,-0.136962890625,0.000732421875,0.117919921875,-0.10302734375,-0.10791015625,0.13232421875,0.03271484375,-0.166259765625,-0.012451171875,0.10791015625,-0.07373046875,-0.078857421875,0.086181640625,-0.00732421875,-0.1005859375,-0.1005859375,0.0126953125,0.01025390625,-0.064208984375,0.029052734375,0.04296875,-0.110595703125,-0.0439453125,-0.046875,-0.08740234375,0.078125,0.003662109375,-0.115234375,0.039306640625,0.096435546875,-0.109375,-0.060546875,0.141845703125,-0.01220703125,-0.156982421875,0.028564453125,0.091552734375,-0.044921875,-0.01416015625,0.044677734375,-0.07080078125,-0.047119140625,0.087158203125,-0.030029296875,-0.0966796875,0.06787109375,0.06787109375,0.05615234375,-0.10693359375,-0.03955078125,0.084228515625,-0.04052734375,-0.07421875,-0.0263671875,-0.06201171875,0.067626953125,0.02001953125,-0.143798828125,-0.015625,0.141845703125,-0.052490234375,-0.155029296875,0.04443359375,0.058837890625,-0.057861328125,-0.002197265625,0.01220703125,-0.098388671875,-0.0361328125,0.074951171875,-0.060791015625,-0.07763671875,0.089111328125,0.014404296875,-0.1357421875,-0.0205078125,0.0791015625,-0.0380859375,-0.0380859375,-0.03125,0.05615234375,-0.044189453125,-0.055908203125,-0.010009765625,-0.1318359375,0.048583984375,0.14111328125,-0.09130859375,-0.1376953125,0.099609375,0.063720703125,-0.07861328125,0.004150390625,0.0234375,-0.09228515625,-0.0205078125,0.092529296875,-0.041015625,-0.075439453125,0.06201171875,0.002685546875,-0.0849609375,0.00537109375,0.00341796875,-0.054931640625,0.03857421875,0.043212890625,-0.11767578125,-0.04638671875,-0.04638671875,0.10400390625,-0.044921875,0.066650390625,0.003173828125,-0.101806640625,0.03955078125,0.05908203125,-0.13818359375,-0.03857421875,0.162109375,-0.030517578125,-0.18310546875,0.0283203125,0.103515625,-0.076416015625,-0.059814453125,0.071044921875,-0.019287109375,-0.071044921875,0.028076171875,-0.013427734375,-0.03564453125,0.071533203125,0.01904296875,-0.10693359375,0.000732421875,0.088623046875,-0.056640625,-0.035888671875,-0.035888671875,0.0869140625,-0.04541015625,0.07275390625,0.03369140625,-0.12353515625,0.01318359375,0.14013671875,-0.081298828125,-0.15087890625,0.081298828125,0.060302734375,-0.126953125,-0.037841796875,0.07275390625,-0.055908203125,-0.0732421875,0.057861328125,-0.009521484375,-0.072021484375,0.030517578125,0.00244140625,-0.072998046875,0.012939453125,0.031982421875,-0.080810546875,-0.018310546875,0.073974609375,-0.0654296875,-0.0732421875,0.0927734375,0.003662109375,0.003662109375,0.05078125,0.123291015625,-0.10595703125,-0.11669921875,0.10888671875,0.028076171875,-0.114990234375,0.0419921875,0.083984375,-0.0791015625,-0.05322265625,0.052978515625,-0.03662109375,-0.028564453125,0.089111328125,-0.039794921875,-0.126220703125,0.05615234375,0.063720703125,-0.099365234375,-0.03369140625,0.04638671875,-0.063720703125,-0.039794921875,0.083251953125,-0.057861328125,-0.127685546875,0.0966796875,0.081298828125,-0.1689453125,-0.087890625,0.142333984375,0.013916015625,-0.1083984375,0.031005859375,0.0126953125,-0.0927734375,0.009033203125,0.04345703125,-0.0830078125,-0.022705078125,0.083251953125,-0.045654296875,-0.080078125,0.05615234375,-0.013427734375,-0.071044921875,0.0556640625,0.013671875,-0.1103515625,0.02001953125,0.118408203125,-0.10107421875,-0.11572265625,0.1259765625,0.05078125,-0.142333984375,-0.02783203125,0.08203125,-0.02880859375,-0.018798828125,0.059326171875,-0.07275390625,-0.089111328125,0.079833984375,0.00439453125,-0.1005859375,0.03662109375,0.061767578125,-0.096435546875,-0.05322265625,0.06787109375,-0.06201171875,-0.05859375,0.095703125,-0.02685546875,-0.13134765625,0.05029296875,0.075927734375,-0.12939453125,-0.040771484375,0.133544921875,-0.05517578125,-0.150146484375,0.062255859375,0.051513671875,-0.09765625,0.008056640625,0.064208984375,-0.10498046875,-0.065185546875,0.10498046875,-0.085693359375,-0.085693359375,0.074951171875,0.010498046875,-0.11572265625,0.034912109375,0.082275390625,-0.104736328125,-0.026123046875,0.120849609375,-0.06494140625,-0.1064453125,0.10498046875,0.02197265625,-0.149658203125,0.02978515625,0.134033203125,-0.09716796875,-0.110595703125,0.087890625,-0.101318359375,-0.101318359375,0.063232421875,0.039794921875,-0.135986328125,-0.03466796875,0.106201171875,-0.06005859375,-0.10107421875,0.068115234375,0.013916015625,-0.105224609375,-0.01220703125,0.0146484375,-0.066162109375,0.0185546875,0.06201171875,-0.109375,-0.0986328125,0.02099609375,-0.105712890625,-0.105712890625,0.01123046875,0.0390625,-0.0703125,-0.006591796875,0.05810546875,-0.085205078125,-0.046142578125,0.13916015625,-0.000732421875,-0.177490234375,0.010498046875,0.14306640625,-0.04833984375,-0.091552734375,0.02001953125,-0.075439453125,-0.075439453125,0.02880859375,0.025390625,-0.059326171875,0.01708984375,0.035400390625,-0.083984375,-0.031494140625,0.075927734375,-0.0537109375,-0.07421875,0.08544921875,-0.122802734375,0.04296875,0.04296875,0.086669921875,-0.13037109375,-0.07080078125,0.15673828125,-0.009521484375,-0.19189453125,0.015869140625,0.09765625,-0.081298828125,-0.0498046875,0.068115234375,-0.059814453125,0.068115234375,0.005615234375,-0.094970703125,-0.094970703125,0.044921875,0.052490234375,-0.0908203125,-0.029296875,0.05615234375,-0.053955078125,-0.014892578125,0.08935546875,-0.084228515625,-0.107421875,0.044921875,-0.15185546875,0.022216796875,0.022216796875,0.139404296875,-0.10009765625,-0.11572265625,0.114990234375,0.0185546875,-0.103515625,0.0537109375,0.042236328125,-0.114013671875,-0.015869140625,-0.0556640625,-0.052001953125,0.087890625,0.087890625,-0.03564453125,-0.099609375,0.066162109375,0.033935546875,-0.119384765625
Prusa_B,-0.036865234375,-0.06298828125,-0.07763671875,-0.069091796875,-0.020263671875,0.054443359375,0.087158203125,0.06640625,0.0322265625,-0.011962890625,-0.056396484375,-0.0771484375,-0.073486328125,-0.04296875,0.002197265625,0.0126953125,-0.0166015625,-0.03662109375,-0.034423828125,-0.005126953125,0.04150390625,0.063720703125,0.04638671875,0.044189453125,0.061767578125,0.014404296875,-0.04443359375,-0.036376953125,-0.042236328125,-0.06640625,-0.01708984375,0.00634765625,-0.0380859375,0.00830078125,0.029052734375,-0.025146484375,0.019287109375,0.042724609375,0.0107421875,0.037109375,0.010498046875,-0.059814453125,-0.050537109375,-0.057373046875,-0.092529296875,-0.043701171875,-0.012939453125,-0.001708984375,0.0458984375,0.009033203125,-0.032958984375,-0.020263671875,-0.036865234375,-0.063232421875,-0.04296875,-0.009521484375,0.003173828125,-0.0009765625,-0.05517578125,-0.071533203125,-0.02880859375,-0.008544921875,-0.00927734375,0.012939453125,0.02978515625,-0.01904296875,-0.007080078125,-0.007080078125,-0.0439453125,-0.009033203125,0.009521484375,-0.017578125,-0.009765625,0.017578125,-0.0234375,-0.016357421875,0.04443359375,0.010498046875,-0.01611328125,0.007568359375,-0.005615234375,0.0185546875,0.0185546875,-0.013671875,-0.013916015625,0.023681640625,0.006103515625,-0.01708984375,-0.008544921875,-0.02490234375,-0.037841796875,-0.01220703125,0.00927734375,0.01708984375,-0.023681640625,-0.023681640625,-0.02294921875,-0.004150390625,-0.022216796875,-0.01953125,-0.00146484375,0.022705078125,0.039306640625,-0.01708984375,-0.10546875,-0.0859375,-0.017822265625,0.007080078125,0.009765625,0.009765625,-0.01904296875,-0.015625,-0.02197265625,-0.036865234375,-0.02880859375,-0.005615234375,-0.000244140625,-0.007568359375,-0.03564453125,-0.04296875,-0.040283203125,-0.053466796875,-0.00732421875,0.082275390625,0.082275390625,0.010498046875,-0.039306640625,-0.03173828125,-0.01953125,-0.005859375,-0.021240234375,-0.021484375,-0.005615234375,-0.039306640625,-0.0673828125,0.014404296875,0.02685546875,0.02685546875,0.003173828125,-0.004150390625,0.053466796875,0.0361328125,-0.0654296875,-0.0537109375,0.016357421875,-0.005859375,-0.038818359375,-0.00927734375,0.0126953125,-0.015869140625,-0.015869140625,-0.042236328125,-0.009033203125,0.03173828125,0.014404296875,0.00048828125,-0.000244140625,-0.004150390625,-0.029296875,-0.0634765625,-0.023193359375,0.0078125,0.0078125,0.01953125,0.005615234375,-0.02685546875,-0.033447265625,-0.006103515625,-0.001953125,-0.033203125,-0.03271484375,-0.002197265625,0.001708984375,-0.027099609375,-0.01025390625,-0.01025390625,0.0,-0.010498046875,-0.02490234375,-0.016357421875,0.003173828125,-0.002197265625,-0.014892578125,-0.015625,-0.024658203125,-0.008544921875,-0.009765625,-0.02880859375,-0.02880859375,-0.00244140625,0.013916015625,0.00146484375,-0.03662109375,-0.0537109375,-0.0107421875,0.00244140625,-0.0390625,-0.03173828125,0.016357421875,-0.002197265625,0.00830078125,0.00830078125,0.010498046875,-0.009033203125,-0.014892578125,-0.0078125,0.01904296875,0.004150390625,-0.043212890625,-0.03564453125,-0.004638671875,0.005126953125,0.01416015625,-0.01416015625,-0.01416015625,-0.02099609375,-0.01123046875,-0.009521484375,-0.013427734375,-0.02587890625,-0.03369140625,-0.020263671875,-0.00048828125,-0.019287109375,-0.01904296875,-0.014404296875,-0.011474609375,-0.011474609375,-0.005859375,-0.01904296875,-0.0361328125,-0.014404296875,-0.003662109375,-0.015380859375,-0.025146484375,-0.01953125,0.004150390625,0.003662109375,0.004150390625,0.0078125,0.0078125,-0.012451171875,-0.027099609375,-0.017822265625,0.0,0.003662109375,0.002685546875,-0.014892578125,-0.019287109375,-0.0341796875,-0.0341796875,-0.00927734375,0.016845703125,0.016845703125,-0.001708984375,-0.011962890625,0.010986328125,0.005126953125,-0.02392578125,-0.029052734375,0.011962890625,0.01123046875,-0.039306640625,-0.01123046875,-0.015869140625,-0.0263671875,-0.0263671875,-0.001953125,0.00927734375,0.011474609375,0.0244140625,0.011474609375,-0.007568359375,-0.022705078125,-0.033935546875,-0.008056640625,-0.02783203125,-0.02978515625,0.000732421875,0.000732421875,-0.010009765625,-0.022216796875,-0.0068359375,-0.0029296875,-0.012939453125,-0.03662109375,-0.04150390625,-0.0078125,-0.028564453125,-0.020751953125,-0.003662109375,-0.0224609375,-0.0224609375,-0.005859375,0.019287109375,0.0009765625,-0.017822265625,-0.019287109375,-0.02490234375,-0.021484375,-0.021240234375,0.016357421875,0.00732421875,-0.015380859375,0.00439453125,0.00439453125,0.01171875,-0.0009765625,-0.01416015625,-0.016357421875,-0.009521484375,0.00537109375,-0.021728515625,-0.023681640625,-0.01513671875,-0.019287109375,-0.009033203125,0.001220703125,0.001220703125,-0.000732421875,-0.00341796875,-0.018798828125,-0.0166015625,-0.016845703125,-0.046142578125,-0.037841796875,0.002197265625,-0.001708984375,0.025634765625,0.010009765625,-0.015625,-0.01513671875,-0.004150390625,0.00439453125,0.00439453125,-0.01123046875,-0.026123046875,-0.02490234375,-0.0283203125,-0.037109375,-0.018310546875,0.021728515625,-0.022705078125,-0.0185546875,0.00634765625,0.017578125,-0.018798828125,-0.04150390625,-0.04150390625,-0.02490234375,-0.03466796875,-0.046630859375,-0.02001953125,0.015380859375,0.006591796875,0.013916015625,0.02783203125,-0.00732421875,-0.033935546875,-0.02734375,-0.02734375,-0.01220703125,-0.01318359375,-0.017333984375,-0.00537109375,-0.000244140625,-0.025390625,0.006103515625,0.02587890625,0.00732421875,-0.025390625,-0.020263671875,-0.020263671875,-0.01513671875,-0.03759765625,-0.03515625,-0.009521484375,-0.01953125,-0.026611328125,0.008056640625,0.0166015625,-0.001708984375,-0.01416015625,0.00439453125,-0.004150390625,-0.004150390625,-0.033447265625,-0.02783203125,-0.012939453125,-0.01953125,-0.013916015625,0.01611328125,-0.0009765625,-0.0107421875,-0.0087890625,-0.00927734375,-0.029052734375,-0.027587890625,-0.027587890625,-0.0009765625,-0.002197265625,-0.03271484375,-0.038818359375,-0.004150390625,-0.0166015625,-0.0126953125,0.007080078125,-0.0107421875,-0.03271484375,-0.035888671875,-0.015380859375,-0.015380859375,-0.017822265625,-0.03271484375,-0.013916015625,0.004638671875,-0.01416015625,0.033447265625,0.049560546875,0.00390625,-0.03271484375,-0.03466796875,-0.028564453125,-0.0361328125,-0.015380859375,-0.015380859375,0.01513671875,0.005126953125,-0.02392578125,-0.025634765625,-0.005126953125,-0.022705078125,-0.008544921875,0.0087890625,0.009765625,-0.01708984375,-0.01904296875,-0.009033203125,-0.029052734375,-0.029052734375,-0.02490234375,-0.00927734375,-0.01806640625,-0.043212890625,-0.04736328125,0.011474609375,0.00244140625,0.0078125,0.03271484375,0.005859375,-0.048095703125,-0.038818359375,0.01416015625,0.01416015625,0.022216796875,0.0078125,-0.007568359375,-0.03125,-0.03759765625,-0.01171875,0.00244140625,0.003662109375,-0.01318359375,-0.030517578125,-0.022705078125,-0.0185546875,-0.039794921875,-0.029052734375,-0.029052734375,0.018798828125,0.013427734375,-0.020751953125,-0.03564453125,-0.03759765625,-0.043701171875,0.024658203125,0.052734375,0.001953125,-0.02099609375,-0.00341796875,0.003173828125,-0.033935546875,-0.033935546875,-0.057373046875,-0.01513671875,0.012939453125,0.012451171875,0.02880859375,0.018310546875,-0.022705078125,-0.03125,-0.02197265625,-0.03564453125,-0.04736328125,-0.034423828125,0.01123046875,0.01123046875,0.032470703125,-0.017578125,-0.035888671875,-0.00390625,-0.033935546875,-0.031005859375,0.00244140625,0.00048828125,-0.032470703125,-0.019287109375,-0.01953125,-0.045166015625,-0.006103515625,-0.006103515625,0.054931640625,0.053955078125,-0.005126953125,-0.000244140625,-0.019775390625,-0.06494140625,-0.05908203125,0.015380859375,0.030517578125,-0.016357421875,-0.0224609375,-0.005126953125,-0.00439453125,-0.00439453125,-0.03466796875,-0.01806640625,0.0400390625,0.024169921875,-0.05517578125,-0.052490234375,-0.0634765625,-0.03857421875,0.0283203125,0.049560546875,-0.006591796875,-0.03466796875,-0.03466796875,0.015625,0.014404296875,-0.04736328125,0.022705078125,0.018310546875,-0.03857421875,-0.03955078125,0.00732421875,0.010498046875,-0.051025390625,-0.064697265625,0.0244140625,0.078857421875,0.078857421875,0.02685546875,-0.03271484375,-0.04736328125,-0.05615234375,-0.0380859375,-0.00048828125,-0.007568359375,-0.015380859375,0.006103515625,0.02490234375,-0.018798828125,-0.04443359375,-0.04443359375,0.006103515625,0.019287109375,-0.0615234375,-0.026123046875,0.016845703125,-0.019775390625,-0.051025390625,0.025634765625,0.070556640625,0.02197265625,-0.021728515625,-0.021728515625,-0.01220703125,-0.005859375,-0.0380859375,-0.01123046875,0.004638671875,-0.014892578125,-0.02294921875,-0.01318359375,-0.010986328125,-0.01904296875,-0.00048828125,0.029541015625,-0.00537109375,-0.00537109375,-0.041259765625,-0.01220703125,-0.0400390625,-0.07666015625,-0.01611328125,0.0478515625,0.008056640625,-0.032470703125,0.009765625,0.052490234375,-0.017333984375,-0.017333984375,-0.079345703125,-0.037841796875,-0.025146484375,-0.0068359375,0.048583984375,0.025634765625,-0.06103515625,-0.065185546875,0.01171875,0.028076171875,-0.026611328125,-0.016357421875,-0.016357421875,0.029541015625,-0.090576171875,-0.04638671875,0.02392578125,-0.015380859375,-0.052734375,0.021728515625,0.07421875,-0.000244140625,-0.063232421875,-0.030029296875,-0.0068359375,-0.0068359375,-0.04345703125,0.061279296875,0.076416015625,-0.0498046875,-0.0947265625,-0.008544921875,0.01904296875,-0.017822265625,-0.00390625,0.015625,-0.010009765625,-0.0380859375,-0.0380859375,-0.00439453125,0.00244140625,-0.084716796875,-0.06005859375,0.023681640625,-0.02099609375,-0.089599609375,-0.011962890625,0.068603515625,-0.00244140625,-0.085205078125,-0.013427734375,-0.013427734375,-0.02978515625,-0.0908203125,0.003173828125,0.05224609375,-0.0263671875,-0.055419921875,0.0009765625,-0.022216796875,-0.07958984375,0.006591796875,0.092041015625,0.092041015625,0.031494140625,0.00830078125,0.018310546875,-0.044921875,-0.1044921875,-0.041259765625,0.062744140625,0.002685546875,-0.0830078125,0.015625,0.103759765625,-0.035888671875,-0.035888671875,-0.03662109375,0.048828125,-0.00439453125,-0.028564453125,0.02197265625,-0.001708984375,-0.0703125,-0.058837890625,0.02001953125,0.011962890625,-0.026611328125,0.04345703125,0.06103515625,-0.03369140625,-0.085693359375,-0.018310546875,0.03369140625,-0.024169921875,-0.0546875,0.001953125,0.0341796875,-0.00244140625,-0.05419921875,-0.049072265625,0.001708984375,0.02001953125,-0.007568359375,-0.01123046875,0.01708984375,0.007080078125,-0.056884765625,-0.09912109375,-0.055419921875,-0.030029296875,-0.034423828125,0.044921875,0.110595703125,0.03271484375,-0.06884765625,-0.02587890625,0.02001953125,-0.079833984375,-0.0791015625,0.05029296875,0.06591796875,-0.044189453125,-0.066650390625,0.0263671875,0.0341796875,-0.042724609375,-0.0302734375,0.056640625,0.05712890625,-0.03955078125,-0.07958984375,-0.0400390625,-0.052001953125,-0.07763671875,0.01171875,0.09423828125,0.009033203125,-0.064208984375,-0.021728515625,0.051025390625,0.011962890625,-0.08935546875,-0.033203125,0.04248046875,-0.043212890625,-0.099853515625,-0.0302734375,0.057861328125,0.02734375,-0.038818359375,0.03173828125,0.071533203125,-0.022705078125,-0.07666015625,-0.007568359375,0.0,-0.082275390625,-0.035400390625,0.052978515625,-0.000244140625,-0.0693359375,-0.008056640625,0.0791015625,0.0263671875,-0.054931640625,-0.009521484375,0.031494140625,-0.057861328125,-0.114990234375,-0.0400390625,0.040771484375,0.0107421875,-0.026123046875,0.0029296875,0.0478515625,0.01318359375,-0.055419921875,-0.0205078125,0.029052734375,-0.0107421875,-0.042724609375,-0.003173828125,-0.0068359375,-0.075927734375,-0.047607421875,0.0625,0.062255859375,-0.010009765625,-0.020751953125,0.021484375,0.004150390625,-0.09228515625,-0.091552734375,-0.000732421875,0.00341796875,-0.064453125,-0.03369140625,0.072265625,0.021240234375,-0.076904296875,-0.03955078125,0.060546875,0.02685546875,-0.087646484375,-0.0361328125,0.030517578125,-0.081787109375,-0.099853515625,0.07373046875,0.10791015625,-0.034423828125,-0.031982421875,0.089599609375,-0.109375,-0.109375,-0.06591796875,0.04638671875,-0.013427734375,-0.097412109375,-0.002197265625,0.104248046875,0.018798828125,-0.103759765625,-0.035400390625,0.080078125,0.00048828125,-0.097900390625,-0.009521484375,-0.080078125,-0.080078125,-0.100341796875,0.044677734375,0.07666015625,-0.069091796875,-0.080078125,0.054443359375,0.0625,-0.062255859375,-0.072998046875,0.03515625,-0.065673828125,-0.065673828125,-0.02392578125,0.0693359375,0.025634765625,-0.090087890625,-0.0458984375,0.07470703125,0.03466796875,-0.078125,-0.046630859375,0.044677734375,-0.0224609375,-0.016845703125,-0.016845703125,0.09228515625,-0.004638671875,-0.07861328125,0.03515625,0.073486328125,-0.076416015625,-0.119384765625,0.0224609375,0.058837890625,-0.06640625,0.051513671875,0.07666015625,0.07666015625,-0.053955078125,-0.083251953125,0.049560546875,0.05615234375,-0.07666015625,-0.06396484375,0.075439453125,-0.005126953125,-0.14794921875,-0.0166015625,-0.007080078125,-0.125,-0.125,0.02685546875,0.117919921875,-0.0283203125,-0.089111328125,-0.001708984375,0.003662109375,-0.083984375,-0.07080078125,0.047607421875,-0.078125,-0.058349609375,-0.058349609375,0.0751953125,0.07470703125,-0.08251953125,-0.06591796875,0.072265625,0.010986328125,-0.12255859375,-0.039794921875,0.067626953125,-0.035888671875,0.0390625,0.112060546875,0.112060546875,-0.012451171875,-0.095458984375,0.005615234375,0.0654296875,-0.035400390625,-0.105712890625,-0.03564453125,0.02197265625,-0.02587890625,0.031494140625,0.054931640625,-0.033203125,-0.033203125,-0.06005859375,0.013671875,0.03173828125,-0.05078125,-0.074951171875,0.0107421875,0.035888671875,-0.0712890625,-0.06689453125,0.070068359375,-0.057861328125,-0.020263671875,0.083251953125,0.083251953125,0.00341796875,-0.114013671875,-0.062255859375,0.047607421875,-0.004638671875,-0.11083984375,-0.025390625,0.108154296875,0.0263671875,-0.10400390625,0.11083984375,0.01513671875,-0.13134765625,-0.13134765625,-0.020263671875,0.0595703125,-0.092041015625,-0.143310546875,0.056640625,0.098388671875,-0.089599609375,-0.044677734375,0.13037109375,0.05126953125,-0.059326171875,0.05224609375,0.013427734375,0.013427734375,-0.0791015625,-0.05419921875,0.017333984375,-0.02685546875,-0.076416015625,0.02880859375,0.101806640625,0.0029296875,-0.05224609375,0.028564453125,-0.074951171875,-0.087890625,-0.019775390625,-0.019775390625,-0.00146484375,-0.027099609375,-0.016357421875,0.012451171875,0.028076171875,-0.001953125,-0.025390625,0.018310546875,0.019775390625,-0.063232421875,-0.002197265625,-0.026123046875,-0.0634765625,-0.0634765625,-0.005126953125,0.0634765625,0.034423828125,-0.0009765625,0.012451171875,-0.00048828125,-0.041748046875,-0.026123046875,-0.015380859375,-0.041015625,-0.011474609375,0.011962890625,0.004638671875,0.00927734375,0.00927734375,0.01171875,-0.002197265625,0.00830078125,-0.025390625,-0.064208984375,-0.024658203125,-0.017578125,-0.072021484375,0.035400390625,0.0546875,0.01025390625,-0.01904296875,0.020751953125,0.020751953125,0.0146484375,-0.034423828125,-0.05712890625,-0.01904296875,-0.00732421875,-0.057373046875,-0.0654296875,0.045654296875,0.117919921875,-0.048095703125,0.004150390625,0.017333984375,-0.01416015625,-0.01416015625,-0.044189453125,-0.062255859375,-0.05517578125,-0.0380859375,0.000244140625,0.04150390625,-0.013671875,0.031494140625,0.0693359375,-0.023681640625,-0.09130859375,-0.049072265625,-0.049072265625,0.0068359375,-0.048095703125,-0.101318359375,-0.000244140625,0.097412109375,0.0283203125,-0.045654296875,0.03564453125,0.002197265625,-0.052001953125,-0.0654296875,-0.0302734375,-0.0302734375,-0.007568359375,-0.006591796875,0.03173828125,0.01513671875,-0.04150390625,0.00732421875,-0.003173828125,-0.0615234375,-0.02197265625,0.00244140625,-0.058837890625,-0.058837890625,-0.090576171875,-0.03369140625,0.045166015625,0.0234375,-0.001953125,0.04541015625,-0.00439453125,-0.05908203125,-0.033447265625,-0.030517578125,-0.06201171875,-0.041748046875,-0.041748046875,0.007568359375,0.008544921875,-0.040771484375,-0.00439453125,0.06689453125,0.030517578125,-0.0146484375,0.0244140625,-0.03076171875,-0.107666015625,-0.083984375,-0.083984375,0.015625,0.04443359375,-0.0146484375,-0.0615234375,-0.04345703125,0.02001953125,0.0068359375,-0.064208984375,-0.065673828125,0.002197265625,0.018310546875,-0.036376953125,-0.036376953125,-0.06494140625,-0.004638671875,0.06884765625,0.039794921875,-0.069091796875,-0.0986328125,0.013427734375,0.033935546875,-0.00244140625,-0.052001953125,-0.021240234375,0.005859375,0.005859375,0.0087890625,0.026123046875,0.01416015625,-0.028076171875,-0.052978515625,-0.057861328125,0.020751953125,0.05078125,-0.030029296875,-0.0263671875,-0.009521484375,-0.0517578125,-0.001708984375,-0.001708984375,0.058349609375,0.01123046875,-0.018310546875,0.02099609375,-0.04638671875,-0.09375,0.024658203125,0.03271484375,0.043212890625,0.000244140625,-0.058837890625,-0.02880859375,-0.001953125,-0.001953125,-0.025634765625,0.00048828125,0.04541015625,0.01416015625,-0.024658203125,-0.023681640625,-0.052734375,-0.01416015625,-0.013916015625,0.032470703125,0.0625,0.030029296875,-0.021484375,-0.021484375,-0.1015625,-0.10888671875,-0.01171875,0.013671875,0.0087890625,0.025634765625,-0.02587890625,0.007568359375,-0.060791015625,-0.030517578125,0.042236328125,-0.01123046875,-0.066650390625,-0.045654296875,-0.045654296875,-0.0263671875,0.01953125,0.054931640625,-0.00537109375,-0.031982421875,-0.027587890625,-0.09814453125,-0.084228515625,-0.00244140625,0.080078125,0.11962890625,0.03857421875,-0.097412109375,-0.097412109375,-0.12451171875,-0.03955078125,0.068115234375,0.108154296875,-0.03466796875,-0.0634765625,-0.053466796875,-0.046630859375,-0.043212890625,-0.0693359375,-0.05712890625,0.03173828125,0.07861328125,0.07861328125,0.058837890625,0.026123046875,-0.0087890625,-0.021240234375,-0.06103515625,-0.0615234375,-0.05029296875,-0.0361328125,-0.0341796875,-0.022216796875,-0.002197265625,-0.003173828125,0.002197265625,0.002197265625,0.029541015625,0.050537109375,0.03515625,0.0029296875,0.034423828125,-0.033935546875,-0.11767578125,-0.07763671875,0.00341796875,-0.018798828125,-0.01708984375,0.027099609375,0.012451171875,0.055908203125,0.055908203125,0.02734375,-0.052978515625,0.043212890625,-0.051513671875,0.05078125,-0.1318359375,-0.059326171875,0.041259765625,-0.100830078125,0.03271484375,-0.021240234375,-0.021240234375,-0.008544921875,0.0625,-0.080078125,-0.01416015625,-0.031494140625,0.058349609375,0.028076171875,0.0126953125,0.008544921875,-0.044921875,-0.035888671875,-0.0693359375,-0.0693359375,-0.049072265625,-0.0185546875,0.0126953125,-0.005126953125,0.001953125,0.001953125,0.0322265625,0.03271484375,-0.011474609375,-0.001953125,-0.045166015625,-0.053466796875,-0.053466796875,-0.017333984375,-0.0615234375,-0.002685546875,-0.036865234375,-0.056884765625,-0.017578125,0.0380859375,0.032470703125,0.002197265625,-0.014892578125,-0.0185546875,-0.003173828125,-0.003173828125,0.018310546875,-0.008544921875,-0.073486328125,-0.0302734375,0.012939453125,0.020263671875,-0.030517578125,-0.01416015625,0.031494140625,0.01513671875,-0.00390625,-0.00390625,-0.041748046875,-0.041015625,0.02197265625,-0.024169921875,-0.10693359375,-0.099853515625,0.03515625,0.085693359375,0.02001953125,-0.071044921875,-0.04052734375,0.080078125,0.080078125,0.048583984375,-0.071533203125,0.012451171875,0.11376953125,0.001953125,-0.114501953125,-0.035400390625,0.093505859375,0.044677734375,-0.123291015625,-0.145263671875,0.048828125,0.048828125,0.13232421875,-0.028076171875,0.002685546875,0.100341796875,-0.011474609375,-0.10888671875,-0.02490234375,0.057373046875,0.009033203125,-0.07275390625,-0.0595703125,0.01220703125,0.00830078125,0.00830078125,-0.020263671875,0.00830078125,-0.0654296875,0.015869140625,0.05908203125,-0.017333984375,-0.07080078125,-0.0234375,0.0048828125,-0.05078125,-0.084228515625,-0.00244140625,0.0732421875,0.0732421875,0.006591796875,-0.008056640625,0.026611328125,-0.0458984375,-0.0576171875,0.007568359375,0.021484375,-0.003662109375,-0.00634765625,0.038330078125,0.026123046875,-0.061279296875,-0.052978515625,0.02294921875,0.006591796875,0.006591796875,-0.04736328125,0.095458984375,0.022705078125,-0.080078125,-0.03271484375,0.0244140625,0.003662109375,-0.02734375,-0.010986328125,0.013916015625,-0.016357421875,-0.0634765625,-0.02685546875,-0.02685546875,-0.009521484375,-0.051513671875,0.0087890625,0.03369140625,-0.026611328125,-0.030517578125,0.02685546875,-0.005859375,-0.07421875,-0.0673828125,0.013916015625,0.038818359375,-0.031982421875,-0.031982421875,-0.025390625,-0.007568359375,-0.073486328125,-0.036376953125,0.037841796875,0.013427734375,-0.067626953125,0.0,0.07177734375,0.014404296875,-0.06298828125,-0.041015625,0.043212890625,0.043212890625,-0.0703125,-0.0224609375,0.026123046875,-0.021240234375,-0.056396484375,0.0,0.03173828125,-0.034423828125,-0.040771484375,0.0517578125,0.045654296875,-0.0390625,-0.048583984375,-0.048583984375,0.015380859375,-0.05224609375,-0.039306640625,0.04052734375,0.029052734375,-0.037841796875,-0.04541015625,0.01953125,0.00537109375,-0.08251953125,-0.0419921875,0.030029296875,-0.00390625,-0.00390625,-0.015869140625,0.01806640625,-0.0224609375,-0.077392578125,-0.0166015625,0.032470703125,-0.03662109375,-0.08349609375,0.013916015625,0.062744140625,-0.033203125,-0.079833984375,-0.079833984375,0.0185546875,-0.020751953125,-0.025146484375,0.0341796875,0.052001953125,-0.00341796875,-0.02783203125,-0.0029296875,-0.019775390625,-0.050048828125,-0.017578125,0.029296875,0.016357421875,-0.021484375,0.014404296875,0.02197265625,-0.0625,-0.066650390625,0.031005859375,0.0595703125,-0.03564453125,-0.073974609375,0.02392578125,0.0400390625,-0.0625,-0.08447265625,0.015380859375,0.030517578125,-0.0576171875,-0.06494140625,0.027099609375,0.049072265625,-0.03759765625,-0.065673828125,0.01025390625,0.03857421875,-0.0361328125,-0.0576171875,-0.003173828125,-0.009765625,-0.0302734375,0.001708984375,0.03466796875,0.010009765625,-0.024658203125,0.0009765625,0.002685546875,-0.0673828125,-0.079345703125,0.0146484375,0.03955078125,-0.021484375,-0.026123046875,0.054443359375,0.04248046875,-0.074462890625,-0.074951171875,0.01611328125,0.001708984375,-0.069580078125,-0.0234375,0.076416015625,0.038818359375,-0.063720703125,-0.052978515625,0.039794921875,0.019287109375,-0.064208984375,-0.024169921875,0.049072265625,0.00146484375,-0.072998046875,-0.02978515625,0.040771484375,-0.005126953125,-0.08935546875,-0.037353515625,0.04931640625,0.006103515625,-0.025634765625,0.01806640625,0.0205078125,-0.047607421875,-0.09130859375,-0.026611328125,0.007080078125,-0.02587890625,-0.014892578125,0.031982421875,0.012451171875,-0.04345703125,-0.027587890625,0.04296875,-0.002197265625,-0.10400390625,-0.044677734375,0.052001953125,0.0107421875,-0.04345703125,0.00634765625,0.062744140625,-0.01025390625,-0.01416015625,-0.01416015625,0.0673828125,-0.01806640625,-0.09326171875,-0.00341796875,0.0634765625,-0.01171875,-0.063232421875,0.015625,0.041259765625,-0.037353515625,-0.066650390625,0.019775390625,-0.046142578125,-0.046142578125,-0.07177734375,0.005859375,0.010498046875,-0.057373046875,-0.037353515625,0.03466796875,0.010009765625,-0.052978515625,-0.0146484375,0.05517578125,-0.008544921875,-0.066162109375,0.03369140625,0.03369140625,-0.058349609375,-0.088134765625,0.02001953125,0.066162109375,-0.037841796875,-0.08544921875,0.0400390625,0.074462890625,-0.04052734375,-0.059814453125,0.031982421875,0.01513671875,-0.08056640625,-0.08056640625,0.066650390625,0.064208984375,-0.06298828125,-0.048583984375,0.04931640625,0.02392578125,-0.0771484375,-0.05029296875,0.051513671875,0.00927734375,-0.0869140625,-0.027099609375,0.022216796875,-0.0888671875,-0.0888671875,-0.034423828125,0.076904296875,0.025390625,-0.08203125,-0.010009765625,0.06396484375,-0.030517578125,-0.10498046875,-0.01953125,0.0478515625,-0.03369140625,0.0087890625,0.03125,0.03125,-0.036376953125,-0.055419921875,0.029052734375,0.026611328125,-0.079345703125,-0.072998046875,0.036865234375,0.0107421875,-0.079345703125,-0.024658203125,0.071533203125,-0.079833984375,0.013916015625,0.013916015625,0.072021484375,-0.011474609375,-0.094482421875,-0.012939453125,0.068115234375,-0.03173828125,-0.0888671875,0.0263671875,0.072265625,-0.081787109375,0.0322265625,0.0322265625,0.0517578125,-0.057861328125,-0.077880859375,0.00732421875,0.028076171875,-0.04345703125,-0.049072265625,0.032470703125,0.02099609375,-0.0751953125,0.061767578125,0.037841796875,-0.0810546875,-0.0810546875,-0.0615234375,0.0361328125,-0.0087890625,-0.07958984375,0.0,0.076904296875,0.009521484375,-0.075927734375,-0.01123046875,-0.03466796875,-0.073486328125,-0.073486328125,0.03125,0.041015625,-0.06982421875,-0.07666015625,0.037841796875,0.04248046875,-0.084716796875,-0.08837890625,0.055419921875,-0.0693359375,-0.077392578125,0.043701171875,0.043701171875,0.037353515625,-0.069091796875,-0.0556640625,0.059814453125,0.043212890625,-0.07177734375,-0.02880859375,0.069091796875,0.004638671875,-0.0029296875,0.038818359375,-0.048583984375,-0.048583984375,-0.08740234375,0.03173828125,0.08740234375,-0.014404296875,-0.079833984375,0.015869140625,0.064697265625,-0.071533203125,0.033203125,0.06103515625,-0.056640625,-0.07470703125,-0.07470703125,0.03466796875,0.03271484375,-0.082763671875,-0.07421875,0.0361328125,0.0263671875,-0.0703125,-0.03857421875,0.049072265625,-0.088134765625,-0.063232421875,-0.063232421875,0.033447265625,-0.014892578125,-0.072265625,0.013671875,0.07958984375,-0.016357421875,-0.0869140625,0.00390625,0.056884765625,-0.037109375,0.02099609375,0.07080078125,-0.039306640625,-0.071533203125,-0.071533203125,0.0380859375,0.03369140625,-0.0751953125,-0.070068359375,0.042724609375,0.036376953125,-0.081298828125,-0.058349609375,0.067138671875,-0.08837890625,-0.041259765625,0.07177734375,0.02001953125,0.02001953125,-0.074951171875,-0.0107421875,0.069580078125,-0.0166015625,-0.0927734375,-0.019775390625,0.029541015625,-0.056396484375,0.042724609375,0.07421875,-0.05517578125,-0.1044921875,0.03759765625,0.03759765625,0.0732421875,-0.07568359375,-0.0869140625,0.045166015625,0.028564453125,-0.09716796875,-0.064697265625,0.097412109375,-0.109619140625,-0.046630859375,0.083984375,0.010498046875,-0.105712890625,-0.105712890625,-0.038330078125,0.09228515625,0.022705078125,-0.109130859375,-0.027587890625,0.0927734375,0.003173828125,-0.112548828125,0.095703125,-0.005126953125,-0.08203125,0.030517578125,0.067626953125,0.067626953125,-0.07373046875,-0.12646484375,-0.0029296875,0.045166015625,-0.05712890625,-0.058837890625,0.087646484375,0.066650390625,-0.09423828125,0.06103515625,0.00634765625,-0.123779296875,-0.054931640625,0.068359375,0.013916015625,0.013916015625,-0.078125,-0.00244140625,0.086669921875,-0.031494140625,-0.13330078125,-0.007568359375,0.08935546875,-0.09716796875,0.016357421875,0.08642578125,-0.037109375,-0.09326171875,-0.09326171875,0.033447265625,0.068603515625,-0.075439453125,-0.10888671875,0.036865234375,0.05810546875,-0.072998046875,-0.07861328125,0.05126953125,-0.097900390625,-0.0712890625,0.073486328125,0.033935546875,-0.086181640625,-0.086181640625,-0.031005859375,0.092041015625,0.012451171875,-0.11083984375,-0.0263671875,0.0712890625,-0.115966796875,0.0009765625,0.10546875,0.01123046875,-0.0771484375,0.01953125,0.075927734375,0.075927734375,-0.058349609375,-0.12158203125,-0.003173828125,0.04931640625,-0.056884765625,-0.067626953125,0.02392578125,-0.094970703125,-0.0380859375,0.083251953125,0.0068359375,-0.103515625,-0.031005859375,-0.031005859375,0.069580078125,-0.015625,-0.115966796875,-0.015869140625,0.1044921875,0.007080078125,0.004150390625,0.085205078125,-0.038330078125,-0.114013671875,0.023193359375,0.097900390625,-0.0380859375,-0.0380859375,-0.093505859375,0.055419921875,0.081787109375,-0.09130859375,-0.113525390625,0.081298828125,-0.08349609375,-0.0771484375,0.046142578125,0.002685546875,-0.122802734375,-0.067626953125,0.09375,0.09375,0.041259765625,-0.1064453125,-0.034912109375,0.083251953125,-0.011962890625,-0.106201171875,0.097900390625,-0.037353515625,-0.11865234375,0.018798828125,0.10205078125,-0.034912109375,-0.12109375,-0.12109375,0.012939453125,0.080078125,-0.05810546875,-0.095458984375,0.056640625,-0.092041015625,-0.1005859375,0.077392578125,0.078857421875,-0.103271484375,-0.080322265625,0.084716796875,0.024169921875,0.024169921875,-0.114990234375,-0.053466796875,0.08203125,0.031005859375,-0.104248046875,-0.061279296875,0.06396484375,-0.089111328125,-0.013671875,0.084228515625,0.00244140625,-0.083251953125,0.025146484375,0.09375,-0.05078125,-0.11376953125,0.012939453125,0.076904296875,-0.04345703125,-0.090087890625,0.054443359375,0.05859375,-0.09814453125,-0.083984375,0.07080078125,0.049072265625,0.049072265625,-0.1015625,-0.05126953125,0.09326171875,-0.00341796875,-0.126953125,-0.02001953125,0.0888671875,-0.04150390625,-0.14453125,0.00341796875,0.1044921875,-0.09619140625,0.020263671875,0.085205078125,-0.054443359375,-0.1337890625,0.02685546875,0.118896484375,-0.03271484375,-0.07666015625,0.060546875,0.04736328125,-0.093994140625,-0.064208984375,0.067138671875,0.010009765625,-0.11474609375,-0.016845703125,0.108154296875,-0.00439453125,-0.133544921875,-0.133544921875,-0.02685546875,0.1123046875,-0.02490234375,-0.147705078125,0.007568359375,0.13818359375,-0.027587890625,-0.167724609375,-0.012939453125,-0.0283203125,-0.107421875,0.054443359375,0.104248046875,-0.069580078125,-0.110107421875,0.037109375,0.048828125,-0.0869140625,-0.06689453125,0.099609375,0.043212890625,-0.11669921875,-0.0341796875,0.11279296875,0.049560546875,-0.13232421875,-0.076904296875,0.088623046875,-0.013671875,-0.14111328125,-0.04248046875,0.10400390625,0.035888671875,-0.10400390625,-0.009521484375,0.093017578125,-0.04296875,-0.114990234375,0.010009765625,0.0771484375,-0.0302734375,-0.0703125,0.041748046875,0.0458984375,-0.094970703125,-0.085205078125,0.076904296875,0.063720703125,-0.09130859375,-0.04296875,0.120361328125,0.021240234375,-0.156494140625,-0.03759765625,-0.03759765625,0.12060546875,-0.01220703125,-0.12353515625,-0.004150390625,0.093017578125,-0.0146484375,0.001953125,0.083984375,-0.04345703125,-0.1044921875,-0.00830078125,0.04833984375,-0.05419921875,-0.07177734375,0.051513671875,0.057861328125,-0.047119140625,-0.033203125,0.06982421875,0.0283203125,-0.108154296875,-0.06640625,0.0693359375,0.0068359375,-0.114013671875,-0.025146484375,-0.025146484375,0.1015625,0.026611328125,-0.084228515625,-0.004638671875,0.083984375,-0.017822265625,-0.0263671875,0.052001953125,-0.02490234375,-0.043212890625,0.044921875,0.03564453125,-0.0771484375,-0.07763671875,0.0283203125,0.01513671875,-0.098388671875,-0.039794921875,0.110595703125,0.040283203125,-0.095703125,-0.030517578125,0.05078125,-0.016845703125,-0.097900390625,-0.033203125,0.073974609375,0.0341796875,-0.050048828125,-0.050048828125,-0.015869140625,0.02099609375,-0.03955078125,-0.092041015625,0.04345703125,-0.0458984375,-0.039794921875,0.0439453125,0.044189453125,-0.02880859375,-0.0322265625,0.044921875,0.001953125,-0.111572265625,-0.074951171875,0.01904296875,0.045166015625,-0.0234375,-0.036376953125,0.040771484375,0.025146484375,-0.047119140625,-0.043212890625,0.009765625,-0.002685546875,-0.0673828125,-0.02392578125,0.03125,0.02197265625,0.017333984375,0.022216796875,0.022216796875,0.00341796875,-0.046630859375,-0.069580078125,-0.0439453125,0.001708984375,-0.020263671875,0.020263671875,0.031494140625,-0.03076171875,-0.04443359375,-0.004638671875,0.0,-0.054443359375,-0.03662109375,0.019775390625,0.016845703125,-0.02294921875,-0.015625,0.00439453125,-0.04833984375,-0.069580078125,-0.005615234375,0.041259765625,0.014404296875,-0.012451171875,0.00537109375,0.01318359375,-0.011962890625,-0.048828125,-0.0419921875,0.009033203125,0.009033203125,-0.003662109375,-0.046142578125,0.02001953125,0.00244140625,-0.00927734375,-0.005859375,-0.026611328125,-0.053466796875,-0.043212890625,0.001708984375,0.021728515625,-0.007568359375,-0.00537109375,0.008544921875,-0.00439453125,-0.0439453125,-0.02734375,0.013916015625,0.001953125,-0.0400390625,-0.035888671875,-0.0087890625,0.008544921875,-0.012939453125,-0.0263671875,0.002685546875,0.009521484375,0.005859375,-0.008056640625,-0.00439453125,-0.015869140625,-0.031005859375,-0.031005859375,-0.03759765625,0.0078125,-0.01806640625,0.00634765625,-0.010986328125,-0.0546875,-0.04931640625,-0.014892578125,0.017333984375,0.0126953125,0.0029296875,0.020263671875,0.019775390625,-0.037353515625,-0.068359375,-0.052490234375,-0.003662109375,-0.004150390625,-0.004638671875,0.047607421875,0.0341796875,-0.010498046875,-0.02783203125,-0.051513671875,-0.046875,-0.02294921875,-0.018798828125,0.023681640625,0.042724609375,0.0048828125,-0.0341796875,-0.0322265625,-0.01171875,-0.0224609375,-0.03076171875,-0.022216796875,-0.009033203125,-0.020263671875,-0.037109375,-0.009521484375,0.01318359375,-0.003662109375,-0.013671875,0.01708984375,-0.001953125,-0.0244140625,-0.03271484375,-0.013671875,0.001953125,-0.01904296875,-0.013916015625,0.019775390625,-0.000732421875,-0.044677734375,-0.039306640625,-0.006591796875,0.01416015625,0.011962890625,0.007568359375,0.00830078125,0.006591796875,-0.035888671875,-0.038818359375,0.00732421875,-0.0224609375,-0.029052734375,0.014404296875,0.013427734375,-0.0185546875,-0.0458984375,-0.02685546875,-0.009765625,-0.03662109375,-0.05029296875,0.01904296875,0.040283203125,-0.00830078125,-0.044189453125,-0.001953125,0.009033203125,-0.02001953125,-0.013427734375,-0.001708984375,-0.01318359375,-0.03955078125,-0.023193359375,-0.00341796875,-0.000732421875,0.00927734375,0.021240234375,0.0009765625,-0.026123046875,-0.02978515625,-0.014892578125,-0.016845703125,-0.0224609375,-0.01220703125,0.013427734375,0.0048828125,-0.024169921875,-0.0478515625,-0.02587890625,-0.009765625,-0.02490234375,-0.004150390625,0.0244140625,0.028564453125,-0.015625,-0.06494140625,-0.04833984375,0.00146484375,0.0,-0.009033203125,-0.006103515625,0.005126953125,-0.012939453125,-0.03369140625,-0.02099609375,-0.001708984375,0.04150390625,-0.03173828125,-0.03076171875,-0.03076171875,-0.03759765625,-0.021484375,0.003662109375,0.017333984375,0.031494140625,0.02197265625,-0.01611328125,-0.05615234375,-0.048583984375,-0.045166015625,-0.03369140625,0.024658203125,0.011962890625,0.00927734375,0.0234375,-0.044677734375,-0.041748046875,-0.030029296875,-0.005615234375,0.018798828125,0.0048828125,-0.0078125,-0.04150390625,-0.052490234375,-0.021240234375,-0.027099609375,0.019287109375,-0.00341796875,-0.021484375,-0.030029296875,-0.030029296875,-0.04296875,-0.00390625,0.01904296875,-0.009033203125,0.040283203125,-0.033935546875,-0.00634765625,-0.0654296875,-0.057861328125,0.00830078125,-0.073486328125,0.041259765625,-0.009033203125,-0.015625,0.09912109375,-0.086181640625,-0.01611328125,0.025146484375,-0.10400390625,0.0361328125,0.01171875,-0.059326171875,0.029052734375,-0.001953125,-0.021484375,0.00830078125,-0.010009765625,-0.011474609375,-0.02001953125,-0.04833984375,-0.04833984375,-0.017578125,-0.0029296875,-0.00927734375,0.01513671875,-0.009033203125,-0.018798828125,0.0029296875,-0.011962890625,-0.027099609375,-0.0205078125,0.001953125,-0.0068359375,-0.029296875,-0.0185546875,-0.018798828125,-0.005126953125,-0.00732421875,-0.04541015625,-0.036865234375,-0.013671875,-0.00830078125,0.0244140625,0.035888671875,0.028564453125,0.0380859375,-0.020263671875,-0.03173828125,-0.03564453125,-0.03759765625,-0.05029296875,-0.054443359375,-0.054443359375,-0.046630859375,-0.025634765625,0.007568359375,0.037841796875,0.041748046875,0.006591796875,-0.04248046875,-0.071533203125,-0.044677734375,0.027587890625,0.06494140625,0.012451171875,-0.07470703125,-0.10498046875,-0.050048828125,0.0224609375,0.004150390625,-0.055419921875,-0.019287109375,0.0595703125,0.027587890625,-0.0576171875,-0.01513671875,-0.04443359375,-0.02734375,0.01953125,-0.044921875,-0.02490234375,0.01123046875,-0.078369140625,-0.027587890625,-0.027587890625,0.10986328125,0.07275390625,-0.0107421875,-0.046142578125,-0.08935546875,-0.0595703125,0.020263671875,0.000732421875,-0.017822265625,0.055419921875,0.05908203125,-0.0185546875,-0.05078125,-0.04248046875,-0.034423828125,-0.007568359375,0.001953125,-0.005859375,0.02294921875,0.006103515625,-0.040771484375,0.015869140625,0.032470703125,0.007080078125,-0.002197265625,-0.04248046875,-0.0576171875,-0.038330078125,-0.037109375,-0.037109375,-0.0087890625,0.03955078125,0.073486328125,0.0185546875,-0.063232421875,-0.087646484375,-0.049072265625,0.003173828125,0.022705078125,-0.0009765625,-0.034912109375,-0.022216796875,-0.031005859375,-0.046142578125,0.002685546875,0.017578125,-0.0234375,-0.015380859375,0.02734375,0.035400390625,-0.01220703125,-0.1005859375,-0.00830078125,0.066650390625,0.030029296875,-0.05029296875,-0.07080078125,-0.025634765625,-0.001953125,0.001953125,0.017333984375,0.017333984375,0.026611328125,0.0205078125,-0.01025390625,-0.07177734375,-0.081787109375,-0.000244140625,0.068359375,0.026611328125,-0.042236328125,-0.0400390625,0.009521484375,0.0244140625,-0.02978515625,-0.050537109375,0.027587890625,0.07861328125,-0.01806640625,-0.09765625,-0.025390625,0.0302734375,-0.09228515625,-0.079345703125,0.07421875,0.060302734375,-0.124755859375,-0.129638671875,0.076416015625,0.093505859375,-0.0986328125,-0.10107421875,0.11962890625,0.11962890625,0.11865234375,-0.136962890625,-0.173095703125,0.045654296875,0.102294921875,-0.08837890625,-0.1318359375,0.044921875,0.099609375,-0.0537109375,-0.08935546875,0.0458984375,0.05322265625,-0.0703125,-0.0810546875,0.034423828125,0.03369140625,-0.077392578125,0.05517578125,0.082763671875,-0.0048828125,-0.04248046875,0.03759765625,0.02392578125,-0.0654296875,-0.03515625,0.01220703125,-0.00390625,-0.00390625,-0.030029296875,0.00439453125,0.03125,0.0126953125,0.003173828125,0.014892578125,0.02978515625,-0.01416015625,-0.047607421875,-0.03466796875,-0.042724609375,-0.026611328125,-0.010986328125,-0.03564453125,-0.048828125,-0.0166015625,0.0556640625,-0.037353515625,-0.052978515625,0.011962890625,0.01953125,-0.064697265625,-0.096435546875,-0.0146484375,0.01806640625,-0.069091796875,-0.071044921875,0.064453125,0.097900390625,-0.013427734375,-0.013427734375,-0.064453125,0.0009765625,0.02294921875,-0.047119140625,-0.054443359375,-0.009033203125,-0.030029296875,-0.078857421875,-0.010986328125,0.094970703125,0.0361328125,-0.068603515625,-0.024658203125,0.060791015625,0.015380859375,-0.056640625,0.02099609375,-0.002685546875,-0.05810546875,-0.041015625,0.05908203125,0.033935546875,-0.02880859375,0.02197265625,0.036865234375,-0.033447265625,-0.0556640625,0.02490234375,0.035400390625,-0.076171875,-0.076171875,-0.09423828125,0.044677734375,0.0908203125,-0.041748046875,-0.059326171875,0.074462890625,0.06689453125,-0.10302734375,-0.135498046875,0.04736328125,0.08837890625,-0.12060546875,-0.166748046875,0.05908203125,-0.032470703125,-0.100830078125,0.022216796875,0.055908203125,-0.06298828125,-0.0869140625,0.012451171875,-0.00341796875,-0.0888671875,-0.0302734375,0.056640625,-0.005126953125,-0.056396484375,0.042724609375,0.09521484375,-0.059814453125,-0.059814453125,-0.116455078125,0.025146484375,0.056640625,-0.0654296875,-0.083984375,0.004638671875,0.02099609375,-0.0126953125,0.004150390625,0.04150390625,0.013916015625,-0.0390625,-0.01904296875,-0.05126953125,-0.085693359375,-0.0146484375,0.05615234375,0.00048828125,-0.052978515625,0.037109375,0.10205078125,-0.021728515625,-0.096923828125,0.00537109375,0.056884765625,-0.05224609375,-0.084228515625,0.021484375,0.02685546875,-0.056396484375,-0.04052734375,0.060546875,0.06298828125,-0.05029296875,-0.05029296875,-0.039794921875,0.0419921875,-0.026123046875,-0.13037109375,-0.056884765625,0.064208984375,0.009765625,-0.093994140625,-0.02734375,0.077392578125,-0.006103515625,-0.01806640625,0.083251953125,-0.026123046875,-0.111572265625,-0.009765625,0.0654296875,-0.0341796875,-0.0888671875,0.037841796875,0.087646484375,-0.038330078125,-0.06298828125,0.057861328125,0.04931640625,-0.092529296875,-0.075439453125,0.06494140625,0.042236328125,-0.084228515625,-0.084228515625,-0.0654296875,0.051513671875,0.028564453125,-0.05908203125,-0.021484375,0.05810546875,0.003173828125,-0.1044921875,-0.0390625,0.052734375,-0.080322265625,0.00146484375,0.068603515625,-0.031982421875,-0.085205078125,0.01611328125,0.06494140625,-0.03076171875,-0.067138671875,0.0390625,0.065673828125,-0.076171875,-0.10888671875,0.03564453125,0.083251953125,-0.0439453125,-0.064208984375,0.05078125,0.027099609375,-0.0849609375,-0.0849609375,-0.049560546875,0.060302734375,-0.000244140625,-0.10302734375,-0.03662109375,0.038330078125,-0.025390625,-0.085205078125,0.015869140625,-0.043212890625,-0.08740234375,0.02783203125,0.075927734375,-0.046875,-0.108154296875,-0.01123046875,0.055908203125,-0.01025390625,-0.046875,0.037353515625,0.05615234375,-0.0498046875,-0.07861328125,0.0302734375,0.063720703125,-0.055419921875,-0.0703125,0.029541015625,0.000244140625,-0.0830078125,-0.0830078125,-0.030517578125,0.076416015625,0.013427734375,-0.081298828125,-0.01708984375,0.061279296875,-0.00048828125,-0.062255859375,0.03173828125,0.000244140625,-0.081787109375,-0.021484375,0.08984375,0.03759765625,-0.068115234375,-0.0224609375,0.063232421875,0.00732421875,-0.06591796875,-0.013671875,0.031982421875,-0.0400390625,-0.06787109375,0.01318359375,0.04443359375,-0.014892578125,-0.037353515625,0.014404296875,0.031005859375,-0.04541015625,-0.04541015625,-0.07080078125,-0.006591796875,-0.008544921875,-0.058349609375,-0.0263671875,0.041015625,-0.060302734375,-0.02783203125,0.03662109375,-0.011474609375,-0.0625,-0.02685546875,0.021728515625,-0.020751953125,-0.0615234375,-0.005615234375,0.0380859375,-0.012451171875,-0.0400390625,0.0361328125,0.06201171875,-0.035888671875,-0.058837890625,0.019775390625,0.009521484375,-0.0869140625,-0.07763671875,0.028564453125,0.041748046875,-0.041259765625,-0.041259765625,-0.0361328125,0.04541015625,0.008544921875,-0.0703125,0.049560546875,-0.008056640625,-0.1025390625,-0.0546875,0.05126953125,0.022705078125,-0.059326171875,0.007080078125,0.098876953125,0.00390625,-0.110595703125,-0.021728515625,0.083984375,-0.013671875,-0.109130859375,-0.01025390625,0.0751953125,-0.010986328125,-0.077880859375,0.01025390625,0.0673828125,-0.0244140625,-0.05126953125,-0.05126953125,0.03955078125,0.031005859375,-0.083740234375,0.006591796875,-0.01220703125,-0.08447265625,-0.010498046875,0.074951171875,-0.00244140625,-0.073486328125,0.0029296875,0.06005859375,-0.028076171875,-0.100341796875,-0.016845703125,0.047607421875,-0.029541015625,-0.059814453125,0.03173828125,0.062744140625,-0.02392578125,-0.048583984375,0.03369140625,0.046875,-0.052001953125,-0.06494140625,0.0185546875,0.001708984375,-0.083984375,-0.083984375,-0.0439453125,0.061767578125,-0.06689453125,-0.019775390625,0.071044921875,0.01123046875,-0.0947265625,-0.03271484375,0.056884765625,-0.036376953125,-0.11279296875,-0.01220703125,0.06640625,-0.010986328125,-0.061767578125,0.02880859375,0.069580078125,-0.028564453125,-0.064208984375,0.016845703125,0.046142578125,-0.052734375,-0.08544921875,0.02783203125,0.06201171875,-0.03173828125,-0.04833984375,0.045654296875,0.0361328125,-0.075927734375,-0.052734375,-0.052734375,0.00244140625,-0.096435546875,-0.058349609375,0.0400390625,-0.0029296875,-0.0576171875,0.0009765625,0.05029296875,-0.01708984375,-0.0859375,-0.000732421875,0.06689453125,-0.03271484375,-0.03271484375,-0.011474609375,0.06005859375,-0.020263671875,-0.062744140625,0.012451171875,0.042236328125,-0.017333984375,-0.04541015625,0.031494140625,0.063232421875,-0.05029296875,-0.089111328125,-0.00390625,0.020751953125,-0.041015625,-0.02978515625,0.05859375,0.019287109375,-0.07080078125,-0.030029296875,0.030517578125,-0.019287109375,-0.105224609375,-0.055419921875,0.050048828125,0.019775390625,-0.04150390625,-0.00537109375,0.04052734375,-0.0078125,-0.05517578125,-0.00439453125,0.041015625,0.000732421875,-0.064453125,-0.040283203125,0.0087890625,-0.021240234375,-0.0283203125,0.025146484375,0.05517578125,-0.0087890625,-0.0517578125,0.009033203125,0.018310546875,-0.041259765625,-0.052490234375,-0.022216796875,-0.00732421875,-0.044921875,-0.0361328125,0.013427734375,0.0078125,-0.0224609375,-0.012451171875,0.04296875,0.00732421875,-0.060546875,-0.0458984375,-0.0205078125,-0.025146484375,-0.0302734375,-0.005126953125,0.0380859375,0.01904296875,-0.028564453125,-0.009033203125,0.0126953125,-0.025390625,-0.025390625,-0.01513671875,-0.017578125,-0.03466796875,-0.023193359375,0.013916015625,0.0078125,-0.03564453125,-0.021484375,0.014404296875,0.0,-0.026123046875,-0.00634765625,-0.043701171875,-0.043701171875,-0.08349609375,-0.02880859375,0.034423828125,0.01806640625,-0.01318359375,0.01318359375,0.0224609375,-0.00927734375,-0.033203125,-0.00830078125,0.0166015625,-0.033935546875,-0.070068359375,-0.015380859375,0.031005859375,-0.009765625,-0.031494140625,0.00341796875,0.02099609375,-0.01513671875,-0.012939453125,0.017822265625,-0.014404296875,-0.078125,-0.064453125,0.009521484375,0.010986328125,-0.023193359375,-0.031982421875,-0.004150390625,-0.003662109375,-0.038818359375,-0.006591796875,0.04150390625,0.003662109375,-0.056640625,-0.03466796875,-0.016357421875,-0.016357421875,-0.0205078125,0.008056640625,0.018310546875,-0.01513671875,-0.0185546875,0.006591796875,0.002685546875,-0.02978515625,-0.035400390625,-0.006591796875,-0.03515625,-0.02490234375,-0.02490234375,0.016845703125,-0.000732421875,-0.0458984375,-0.017333984375,0.02880859375,-0.00146484375,-0.03369140625,-0.01171875,-0.016357421875,-0.056640625,0.027587890625,0.04833984375,0.04833984375,-0.018310546875,-0.05029296875,0.004150390625,0.040283203125,-0.014892578125,-0.0322265625,0.02099609375,0.0224609375,-0.038330078125,-0.045654296875,0.033935546875,0.033935546875,-0.03466796875,-0.051025390625,0.003662109375,0.02099609375,-0.017578125,-0.025390625,-0.011962890625,-0.0380859375,-0.05126953125,-0.016845703125,0.0048828125,-0.030029296875,-0.013916015625,-0.013916015625,0.001708984375,-0.04248046875,-0.03564453125,0.027099609375,0.033935546875,-0.03271484375,-0.055908203125,0.00341796875,0.025634765625,-0.01318359375,0.022705078125,0.0185546875,-0.023193359375,-0.023193359375,-0.014892578125,0.0185546875,-0.012939453125,-0.067138671875,-0.035888671875,0.040771484375,0.039794921875,-0.00390625,-0.00048828125,0.010009765625,-0.092529296875,-0.013671875,0.05859375,0.05859375,-0.015625,-0.08935546875,-0.02197265625,0.036376953125,-0.014892578125,-0.0419921875,0.013671875,0.045166015625,-0.02197265625,-0.07080078125,0.044189453125,-0.032958984375,-0.09033203125,-0.09033203125,-0.0205078125,0.029296875,-0.01220703125,-0.0234375,0.039794921875,0.051513671875,-0.027587890625,-0.068115234375,-0.007080078125,0.031982421875,-0.075927734375,-0.008544921875,0.0185546875,0.0185546875,-0.033203125,-0.042236328125,0.018310546875,0.038330078125,-0.0185546875,-0.033203125,0.004638671875,0.007080078125,-0.045166015625,-0.0556640625,-0.01416015625,-0.035888671875,-0.009033203125,-0.009033203125,0.04638671875,0.0400390625,-0.00146484375,-0.01611328125,-0.012451171875,-0.02783203125,-0.0283203125,0.00048828125,-0.003662109375,-0.039794921875,0.005859375,0.004638671875,-0.02099609375,-0.02099609375,-0.007568359375,0.008544921875,-0.0146484375,-0.049072265625,-0.018310546875,0.01025390625,-0.0361328125,-0.08056640625,-0.028564453125,0.051025390625,-0.00732421875,-0.00341796875,0.010009765625,-0.034912109375,-0.034912109375,-0.053466796875,0.004150390625,0.048583984375,-0.0009765625,-0.06640625,-0.04248046875,-0.011962890625,-0.01611328125,0.051513671875,0.049560546875,-0.024169921875,-0.04541015625,-0.0048828125,-0.0048828125,-0.01025390625,-0.057861328125,-0.059326171875,-0.00537109375,0.00439453125,-0.024169921875,-0.01953125,0.009521484375,-0.031494140625,-0.02490234375,0.01171875,0.0,0.0,-0.052490234375,-0.04345703125,-0.00390625,-0.00927734375,-0.0029296875,0.033935546875,0.032958984375,-0.029296875,-0.0087890625,-0.015625,-0.053955078125,-0.05078125,-0.05078125,0.007568359375,0.001220703125,-0.046875,-0.01171875,0.03955078125,0.0087890625,-0.039306640625,0.033203125,-0.01611328125,-0.046630859375,-0.023193359375,-0.023193359375,-0.020263671875,-0.063720703125,-0.08154296875,-0.001220703125,0.071533203125,0.0234375,-0.021484375,0.023681640625,-0.04931640625,-0.0791015625,-0.010498046875,0.04345703125,0.04345703125,0.011962890625,-0.025634765625,0.022216796875,0.049072265625,-0.01904296875,-0.04541015625,-0.00146484375,-0.040771484375,-0.036865234375,0.00146484375,-0.020263671875,-0.064697265625,-0.064697265625,-0.05224609375,0.00830078125,0.03076171875,0.008056640625,0.0166015625,0.025634765625,-0.07080078125,-0.03076171875,0.012451171875,-0.011962890625,-0.035400390625,-0.035400390625,-0.011962890625,0.010498046875,-0.004150390625,-0.0048828125,0.0224609375,0.00927734375,-0.04052734375,-0.012939453125,-0.018310546875,-0.035888671875,-0.01708984375,0.028564453125,0.028564453125,0.005859375,-0.0244140625,0.021728515625,0.051025390625,-0.01318359375,-0.073486328125,0.002197265625,-0.042236328125,-0.080810546875,-0.033935546875,0.0283203125,0.0107421875,0.0107421875,-0.02001953125,0.01123046875,0.0419921875,-0.0087890625,-0.0546875,-0.023681640625,0.0107421875,-0.042236328125,0.0009765625,0.020263671875,-0.01806640625,-0.025634765625,0.01904296875,0.034912109375,0.034912109375,-0.021240234375,-0.041015625,0.0107421875,0.008056640625,-0.06787109375,0.002197265625,0.029296875,-0.01318359375,-0.0205078125,0.03271484375,0.029541015625,0.029541015625,-0.037353515625,-0.039306640625,0.0068359375,0.000244140625,-0.0283203125,-0.020263671875,-0.016845703125,-0.04833984375,-0.024658203125,0.0458984375,0.04443359375,-0.005859375,-0.005859375,-0.016845703125,-0.0234375,-0.045654296875,-0.01513671875,0.002197265625,-0.0341796875,-0.027099609375,-0.010009765625,0.01123046875,0.00537109375,0.008544921875,0.029052734375,0.029052734375,-0.03564453125,-0.083984375,-0.015869140625,0.04541015625,-0.017822265625,-0.03857421875,0.021728515625,0.0087890625,-0.04736328125,-0.003173828125,0.091552734375,0.03857421875,0.03857421875,-0.070556640625,-0.054443359375,0.013671875,0.015380859375,-0.007080078125,-0.00341796875,-0.027587890625,-0.046630859375,-0.01416015625,0.03173828125,0.005859375,0.005859375,-0.033447265625,-0.01220703125,-0.005615234375,-0.04931640625,-0.0693359375,0.014892578125,0.0185546875,0.012939453125,-0.011474609375,-0.044677734375,-0.033447265625,0.010009765625,0.010009765625,0.02001953125,0.00439453125,0.01123046875,0.003173828125,-0.08251953125,-0.065185546875,0.02490234375,0.066650390625,-0.00048828125,-0.03125,0.01318359375,0.00244140625,-0.073974609375,-0.08447265625,-0.08447265625,0.005859375,0.06298828125,0.018798828125,-0.01318359375,0.0244140625,-0.064453125,-0.081298828125,0.0009765625,0.042236328125,-0.03369140625,-0.071533203125,-0.02001953125,-0.00146484375,-0.00146484375,-0.068359375,-0.08056640625,0.03466796875,0.092529296875,-0.037353515625,-0.006103515625,0.015380859375,-0.00390625,-0.01708984375,-0.009521484375,-0.02685546875,-0.0341796875,-0.013427734375,-0.013427734375,0.00634765625,0.027099609375,0.015869140625,-0.026123046875,-0.07080078125,-0.049560546875,-0.005126953125,-0.016357421875,-0.03564453125,0.00439453125,-0.003662109375,-0.0517578125,-0.010986328125,-0.010986328125,0.070068359375,0.072998046875,0.000732421875,-0.074951171875,0.00244140625,-0.031494140625,-0.059326171875,-0.0126953125,0.017822265625,0.02734375,0.02587890625,0.0224609375,0.034912109375,-0.00634765625,-0.00634765625,-0.10595703125,-0.119384765625,-0.015380859375,0.040283203125,-0.059814453125,-0.05615234375,0.06787109375,0.109130859375,0.0185546875,-0.0537109375,-0.018310546875,0.04833984375,0.04345703125,0.04345703125,-0.04296875,-0.11181640625,-0.01416015625,-0.005615234375,-0.0244140625,-0.028076171875,-0.0078125,0.04248046875,0.041748046875,-0.011962890625,0.005859375,0.00927734375,-0.058837890625,-0.058837890625,-0.045654296875,-0.007080078125,-0.00341796875,-0.0205078125,-0.08154296875,-0.06396484375,0.01806640625,0.0146484375,-0.01513671875,-0.007080078125,-0.019775390625,-0.02294921875,-0.032958984375,-0.036865234375,-0.036865234375,-0.032470703125,-0.00244140625,0.0,-0.017333984375,-0.02880859375,-0.00390625,0.001953125,-0.029052734375,-0.04248046875,-0.00341796875,0.022216796875,0.022216796875,0.0234375,0.00244140625,-0.006103515625,0.012451171875,-0.00927734375,-0.013427734375,-0.042236328125,-0.029052734375,0.039306640625,-0.009033203125,-0.03271484375,0.018310546875,0.018310546875,-0.02880859375,-0.020263671875,-0.026123046875,-0.007568359375,0.06201171875,-0.055908203125,-0.081787109375,0.043212890625,0.010009765625,-0.0498046875,0.005126953125,-0.008544921875,-0.008544921875,-0.0185546875,-0.0283203125,-0.050537109375,-0.00439453125,-0.019775390625,-0.040283203125,-0.0029296875,0.021484375,0.0224609375,-0.0048828125,-0.052978515625,-0.051025390625,-0.051025390625,-0.005859375,-0.002685546875,-0.019287109375,-0.03466796875,-0.037353515625,-0.04638671875,-0.052490234375,-0.00732421875,0.039794921875,0.028076171875,0.007568359375,0.007568359375,-0.0029296875,0.02392578125,0.00732421875,-0.026123046875,-0.0234375,-0.00390625,0.008544921875,0.00537109375,-0.00830078125,-0.028564453125,-0.03515625,-0.02880859375,-0.02880859375,-0.026123046875,0.009765625,0.01025390625,-0.009033203125,-0.037841796875,-0.023193359375,0.038330078125,0.057861328125,0.005126953125,-0.03076171875,-0.037841796875,-0.083251953125,-0.083251953125,-0.001953125,-0.021240234375,-0.021484375,0.041015625,-0.006103515625,-0.0546875,0.044189453125,0.02880859375,-0.035888671875,0.035888671875,-0.068603515625,-0.048095703125,0.045654296875,0.045654296875,0.042236328125,-0.004150390625,-0.056640625,-0.006591796875,-0.08154296875,-0.015380859375,-0.025146484375,-0.0029296875,-0.000732421875,-0.01123046875,0.048828125,0.021484375,0.020263671875,0.020263671875,-0.001708984375,-0.026611328125,-0.0693359375,-0.046875,-0.038818359375,-0.034423828125,0.009765625,0.005859375,-0.006591796875,0.009033203125,-0.0146484375,-0.032470703125,0.003173828125,0.003173828125,0.021484375,0.00537109375,-0.024169921875,0.013916015625,-0.01708984375,-0.023193359375,-0.004638671875,-0.033935546875,-0.040283203125,-0.0224609375,-0.019775390625,0.002197265625,0.0078125,-0.011474609375,-0.003173828125,-0.0166015625,-0.030029296875,0.00927734375,0.027587890625,0.009765625,0.004150390625,-0.016845703125,-0.0087890625,-0.0341796875,-0.033935546875,0.00341796875,-0.02587890625,-0.04052734375,-0.063720703125,-0.040771484375,-0.001708984375,0.022705078125,0.0302734375,0.009765625,0.02978515625,-0.01513671875,-0.052734375,-0.038330078125,-0.00537109375,0.02197265625,-0.0166015625,-0.053466796875,-0.024169921875,0.002197265625,-0.03515625,-0.06884765625,-0.033447265625,0.004638671875,-0.007080078125,-0.029541015625,-0.009765625,0.038330078125,0.034423828125,0.019287109375,0.0146484375,-0.00048828125,-0.023681640625,-0.06884765625,-0.072265625,-0.056884765625,-0.042724609375,-0.00146484375,0.040771484375,0.040283203125,0.040771484375,0.061767578125,0.031005859375,-0.038818359375,-0.04248046875,-0.02783203125,-0.022705078125,0.01953125,0.0166015625,0.02587890625,0.0341796875,-0.015625,-0.059814453125,-0.067626953125,-0.04345703125,-0.030517578125,-0.020263671875,-0.0068359375,-0.005615234375,0.0341796875,0.050048828125,0.021728515625,-0.0224609375,-0.01806640625,-0.029541015625,-0.04541015625,-0.05517578125,-0.063232421875,-0.017822265625,0.006591796875,-0.023193359375,-0.021240234375,0.001708984375,0.00048828125,-0.03466796875,-0.05224609375,-0.02783203125,-0.014892578125,0.0107421875,0.007568359375,-0.00390625,0.0068359375,0.0009765625,-0.023681640625,-0.042724609375,-0.0400390625,-0.04052734375,0.001953125,0.02001953125,-0.006103515625,0.030517578125,0.02783203125,-0.005126953125,-0.01806640625,-0.0078125,0.013916015625,0.013916015625,0.016845703125,0.0166015625,0.013427734375,0.00830078125,-0.00146484375,-0.021240234375,-0.0458984375,-0.055908203125,-0.025634765625,-0.002685546875,-0.00244140625,0.02001953125,0.02001953125,0.00732421875,-0.023193359375,-0.043701171875,-0.02978515625,-0.025390625,-0.0263671875,-0.02001953125,0.010009765625,0.00048828125,-0.040771484375,0.0,0.0,-0.048828125,-0.062744140625,-0.01953125,-0.002685546875,-0.012939453125,0.005126953125,0.02294921875,0.02978515625,-0.013427734375,-0.04736328125,-0.01025390625,-0.05615234375,-0.05615234375,-0.054931640625,0.0185546875,0.04052734375,-0.005859375,-0.017333984375,-0.003662109375,-0.01416015625,-0.0234375,-0.040283203125,-0.013671875,0.02490234375,-0.019287109375,0.029052734375,0.029052734375,0.044921875,-0.024658203125,-0.0302734375,0.009765625,-0.0166015625,-0.05615234375,-0.0244140625,0.01904296875,0.00341796875,-0.015625,0.005859375,0.01025390625,0.00537109375,-0.008544921875,0.01171875,0.041259765625,-0.031494140625,-0.09716796875,-0.026123046875,0.015380859375,-0.05517578125,0.010986328125,0.010986328125,0.0458984375,-0.0078125,-0.052490234375,0.0146484375,-0.006591796875,-0.0556640625,-0.082275390625,0.023193359375,0.023193359375,-0.0341796875,0.0166015625,0.069580078125,0.004150390625,0.000244140625,0.0419921875,0.0419921875,-0.056640625,-0.094970703125,-0.00537109375,0.060791015625,-0.015869140625,-0.071044921875,0.022216796875,0.074462890625,-0.022216796875,-0.086181640625,0.00537109375,-0.0283203125,-0.086669921875,-0.086669921875,-0.01904296875,0.005859375,-0.045166015625,-0.034912109375,0.041748046875,0.014892578125,-0.060302734375,-0.028076171875,0.0693359375,0.013916015625,-0.087646484375,0.05810546875,-0.028564453125,-0.138671875,-0.138671875,-0.02294921875,0.131103515625,0.029541015625,-0.111083984375,-0.017333984375,0.09423828125,-0.0087890625,-0.115234375,-0.037841796875,-0.020751953125,-0.09619140625,0.004638671875,0.107421875,0.107421875,0.013427734375,-0.0712890625,0.012451171875,0.03955078125,-0.072509765625,-0.09130859375,0.033447265625,0.059814453125,-0.06591796875,-0.093994140625,0.065185546875,-0.0830078125,-0.085693359375,0.099365234375,0.099365234375,0.070556640625,-0.117431640625,-0.100830078125,0.09375,0.094482421875,-0.1083984375,-0.095458984375,0.0986328125,-0.146728515625,-0.107666015625,0.08642578125,0.042236328125,0.042236328125,-0.127685546875,-0.04150390625,0.101806640625,-0.005615234375,-0.13134765625,-0.01123046875,0.122802734375,-0.150146484375,0.006591796875,0.08935546875,-0.061767578125,-0.061767578125,-0.103759765625,0.07275390625,0.103759765625,-0.09033203125,-0.1298828125,0.0400390625,0.086181640625,-0.02294921875,0.052978515625,0.07177734375,-0.078369140625,-0.07568359375,-0.07568359375,0.0712890625,0.06396484375,-0.112060546875,-0.102294921875,0.063720703125,0.046875,-0.088623046875,-0.031005859375,0.10400390625,-0.1474609375,-0.05419921875,0.1064453125,0.029296875,0.029296875,-0.12890625,-0.03271484375,0.11962890625,0.00830078125,-0.142578125,-0.010498046875,0.126708984375,-0.155029296875,0.007080078125,0.120849609375,-0.048828125,-0.13037109375,-0.13037109375,0.04296875,0.102783203125,-0.079345703125,-0.147705078125,0.038818359375,0.103759765625,-0.090576171875,0.097900390625,0.092529296875,-0.125244140625,-0.122802734375,-0.122802734375,0.075439453125,0.0478515625,-0.15380859375,-0.065673828125,0.154541015625,0.073974609375,-0.13330078125,0.130615234375,0.028564453125,-0.168701171875,-0.044677734375,0.135009765625,0.135009765625,0.008056640625,-0.151123046875,-0.009521484375,0.150634765625,0.0048828125,-0.1552734375,-0.013916015625,0.14453125,-0.126953125,0.012451171875,0.115234375,-0.0693359375,-0.16943359375,-0.16943359375,0.0068359375,0.085205078125,-0.077880859375,-0.1015625,0.075927734375,0.101318359375,-0.099853515625,-0.1171875,0.06103515625,-0.15869140625,-0.12841796875,0.089599609375,0.089111328125,-0.082275390625,-0.082275390625,-0.04052734375,0.107666015625,0.03955078125,-0.13818359375,-0.08544921875,0.060546875,-0.116943359375,0.020751953125,0.13720703125,0.010498046875,-0.096435546875,0.0166015625,0.055908203125,0.055908203125,-0.08740234375,-0.1103515625,0.04248046875,0.092529296875,-0.071533203125,-0.111572265625,0.088623046875,-0.095703125,-0.0986328125,0.0751953125,0.043701171875,-0.12939453125,-0.07763671875,-0.07763671875,0.119140625,0.109375,-0.085693359375,-0.073974609375,0.060302734375,-0.018310546875,-0.027587890625,0.137451171875,0.0341796875,-0.1259765625,-0.02294921875,0.10009765625,-0.034912109375,-0.034912109375,-0.16162109375,-0.02880859375,0.102783203125,-0.012451171875,-0.10107421875,0.041015625,-0.0517578125,-0.10986328125,0.021240234375,0.041015625,-0.099609375,-0.093994140625,0.068603515625,0.068603515625,0.08154296875,-0.06298828125,-0.055419921875,0.101318359375,0.080810546875,-0.100341796875,0.0546875,0.05322265625,-0.073486328125,-0.034423828125,0.0791015625,-0.002685546875,-0.124755859375,-0.124755859375,-0.04833984375,0.0615234375,-0.0107421875,-0.082275390625,0.021240234375,0.09814453125,-0.09814453125,-0.011474609375,0.033203125,-0.086669921875,-0.10009765625,0.051513671875,0.102783203125,-0.02734375,-0.02734375,-0.07470703125,0.043212890625,0.04736328125,-0.107421875,0.05419921875,0.048095703125,-0.062744140625,-0.027587890625,0.108642578125,0.055908203125,-0.10498046875,-0.10498046875,-0.074951171875,0.0380859375,0.0,-0.07177734375,0.10009765625,-0.00634765625,-0.102294921875,-0.017822265625,0.04052734375,-0.06396484375,-0.102294921875,0.032470703125,0.032470703125,0.098876953125,-0.01611328125,-0.07177734375,0.0283203125,-0.082763671875,-0.107421875,0.01220703125,0.059814453125,-0.02978515625,-0.021240234375,0.079345703125,0.079345703125,0.043701171875,-0.065673828125,-0.034423828125,0.05517578125,-0.12353515625,-0.048095703125,0.0791015625,0.003173828125,-0.089111328125,0.01025390625,0.07861328125,-0.04638671875,-0.04638671875,-0.120849609375,-0.01806640625,0.07666015625,-0.0791015625,-0.00390625,0.058349609375,-0.0546875,-0.0986328125,0.019775390625,0.07275390625,-0.040771484375,-0.040771484375,-0.045166015625,0.072021484375,0.04931640625,-0.08740234375,0.03076171875,0.019775390625,-0.10888671875,-0.0361328125,0.1279296875,0.067138671875,-0.07080078125,-0.021728515625,-0.021728515625,0.069580078125,-0.024169921875,-0.1328125,0.062744140625,0.000244140625,-0.076416015625,0.012939453125,0.08984375,-0.042236328125,-0.131591796875,-0.010986328125,0.068115234375,0.068115234375,-0.038818359375,-0.06201171875,0.04443359375,0.059326171875,-0.10546875,0.02783203125,0.077392578125,-0.048095703125,-0.0712890625,0.04443359375,0.04931640625,-0.053466796875,-0.046630859375,0.033447265625,0.033447265625,-0.00146484375,-0.08349609375,-0.028564453125,0.001220703125,-0.062255859375,0.008544921875,0.049560546875,-0.033447265625,-0.09765625,-0.030029296875,0.041015625,-0.052734375,-0.09228515625,-0.09228515625,0.033447265625,0.083251953125,-0.0322265625,0.014892578125,0.03564453125,-0.068115234375,-0.04248046875,0.081787109375,0.0576171875,-0.083984375,-0.084228515625,0.028564453125,0.010986328125,0.010986328125,-0.07861328125,-0.02392578125,0.025390625,-0.080078125,-0.01416015625,0.08203125,-0.013427734375,-0.111572265625,-0.037109375,0.057373046875,-0.00927734375,-0.06884765625,0.013427734375,0.013427734375,0.068603515625,-0.029296875,-0.008056640625,0.031494140625,-0.053466796875,-0.0615234375,0.018798828125,0.037353515625,-0.02783203125,-0.011962890625,0.050537109375,0.00732421875,-0.078857421875,-0.078857421875,-0.046875,0.038818359375,-0.07568359375,-0.04736328125,0.062255859375,-0.00341796875,-0.103515625,-0.02587890625,0.08740234375,0.0380859375,-0.068603515625,-0.033203125,0.060302734375,0.060302734375,-0.01904296875,-0.116455078125,0.063232421875,0.010009765625,-0.080078125,-0.0068359375,0.079345703125,0.01171875,-0.07568359375,-0.02294921875,0.031494140625,-0.02197265625,-0.05322265625,0.013916015625,0.05126953125,0.05126953125,-0.0244140625,-0.0498046875,0.029052734375,-0.07275390625,-0.062744140625,0.05224609375,0.034423828125,-0.066162109375,-0.032470703125,0.07421875,0.006103515625,-0.127685546875,-0.127685546875,-0.056884765625,0.00048828125,-0.10791015625,0.001708984375,0.112060546875,-0.00146484375,-0.10595703125,-0.029052734375,0.03076171875,-0.05810546875,-0.085205078125,0.022705078125,0.022705078125,0.0732421875,-0.027587890625,0.023681640625,0.007080078125,-0.070556640625,-0.058837890625,0.03173828125,0.02490234375,-0.060302734375,-0.03369140625,0.060546875,0.029541015625,0.029541015625,-0.0625,0.04833984375,-0.008544921875,-0.082275390625,-0.00537109375,0.065185546875,-0.03271484375,-0.10693359375,-0.011474609375,0.05859375,-0.019775390625,-0.063720703125,-0.063720703125,0.05908203125,-0.0537109375,-0.0927734375,0.001220703125,0.044677734375,-0.04345703125,-0.07080078125,0.03662109375,0.053955078125,-0.05224609375,-0.037841796875,0.055908203125,0.055908203125,-0.062744140625,-0.037353515625,0.040283203125,0.003173828125,-0.0751953125,-0.032958984375,0.04833984375,-0.005859375,-0.0849609375,-0.021484375,0.08447265625,0.08447265625,-0.091064453125,-0.022216796875,0.0595703125,-0.02294921875,-0.08984375,-0.020751953125,0.0244140625,-0.029052734375,-0.041015625,0.032470703125,0.063720703125,-0.02978515625,-0.05712890625,-0.06884765625,0.02685546875,-0.04296875,-0.04541015625,0.0576171875,0.032958984375,-0.0791015625,-0.0419921875,0.069091796875,0.015869140625,-0.10205078125,-0.0556640625,0.062255859375,0.062255859375,-0.061767578125,-0.0341796875,0.034423828125,-0.01953125,-0.09716796875,-0.04443359375,0.05419921875,0.018310546875,-0.047607421875,-0.010986328125,0.03662109375,-0.015869140625,-0.061279296875,-0.029541015625,-0.003662109375,-0.030029296875,-0.02587890625,0.04931640625,0.06689453125,-0.023681640625,-0.048095703125,0.013427734375,-0.011474609375,-0.0693359375,-0.01708984375,0.052978515625,-0.008544921875,-0.078125,-0.014892578125,0.07177734375,-0.0029296875,-0.108154296875,-0.0517578125,0.046875,0.011962890625,-0.056396484375,-0.009033203125,0.0595703125,-0.017333984375,-0.102294921875,-0.045654296875,0.041748046875,-0.004638671875,-0.039306640625,0.013916015625,0.045166015625,-0.009521484375,-0.04541015625,0.0146484375,0.0166015625,-0.077392578125,-0.070068359375,0.03271484375,0.0380859375,-0.02294921875,-0.012939453125,0.044677734375,-0.009521484375,-0.090576171875,-0.059814453125,0.018798828125,0.00146484375,-0.060302734375,-0.012451171875,0.06884765625,0.00244140625,-0.077880859375,-0.023193359375,0.038330078125,-0.0390625,-0.076904296875,0.0185546875,0.079833984375,-0.00048828125,-0.07666015625,-0.023681640625,0.030029296875,-0.018798828125,-0.055908203125,-0.00439453125,0.04541015625,-0.005615234375,-0.03173828125,0.032470703125,0.030517578125,-0.055419921875,-0.072998046875,0.003662109375,0.0107421875,-0.035400390625,-0.013671875,0.044189453125,0.008544921875,-0.0595703125,-0.041259765625,0.012939453125,-0.02392578125,-0.05322265625,0.014892578125,0.014892578125,-0.01171875,-0.029052734375,0.02392578125,0.055419921875,-0.0302734375,-0.079345703125,-0.0068359375,0.021484375,-0.03466796875,-0.0400390625,0.0439453125,-0.05029296875,-0.05029296875,-0.05615234375,0.02392578125,0.021728515625,-0.05078125,-0.052001953125,0.02587890625,0.038818359375,-0.018798828125,-0.0283203125,0.020263671875,-0.026123046875,-0.074951171875,-0.037109375,-0.003662109375,-0.003662109375,-0.02001953125,0.029052734375,0.040771484375,-0.032958984375,-0.065185546875,-0.026123046875,0.020751953125,-0.031005859375,-0.052734375,0.05126953125,-0.02392578125,-0.02392578125,-0.060302734375,0.01220703125,0.013427734375,-0.06005859375,-0.054931640625,0.025634765625,0.0390625,-0.044677734375,-0.050048828125,0.0458984375,-0.061767578125,-0.061767578125,-0.05517578125,0.037841796875,0.002197265625,-0.052490234375,-0.019775390625,0.030029296875,-0.010498046875,-0.079833984375,-0.036376953125,0.046630859375,-0.0703125,0.0107421875,0.0107421875,0.097412109375,-0.009033203125,-0.104248046875,-0.00146484375,0.062744140625,-0.023193359375,-0.078369140625,-0.027587890625,0.03125,-0.00244140625,0.038818359375,0.033935546875,0.033935546875,-0.049560546875,-0.0498046875,0.01611328125,0.001708984375,-0.058349609375,-0.0380859375,0.0390625,0.007080078125,-0.0673828125,0.018310546875,0.004150390625,-0.04638671875,-0.04638671875,-0.00439453125,0.06787109375,0.0,-0.077880859375,-0.01318359375,0.0537109375,-0.023193359375,-0.093505859375,-0.02294921875,0.052978515625,0.00390625,0.008544921875,0.017578125,-0.015380859375,-0.015380859375,-0.027587890625,0.013671875,0.00341796875,-0.073486328125,-0.031982421875,0.052490234375,0.006103515625,-0.0654296875,-0.0458984375,0.024658203125,-0.04931640625,-0.025390625,0.023193359375,0.023193359375,-0.00732421875,-0.05322265625,-0.01318359375,0.046875,0.003662109375,-0.046142578125,-0.004150390625,0.0361328125,-0.03466796875,-0.058349609375,0.016845703125,-0.04052734375,-0.02978515625,0.032958984375,0.032958984375,-0.001708984375,-0.062744140625,-0.021240234375,0.059326171875,0.018310546875,-0.053466796875,-0.009033203125,0.04150390625,-0.030029296875,-0.0498046875,0.036376953125,-0.018798828125,-0.0732421875,-0.0732421875,0.013427734375,0.067138671875,0.003662109375,-0.04052734375,0.01123046875,0.05712890625,-0.0126953125,-0.097412109375,-0.056884765625,0.061279296875,-0.061767578125,-0.087158203125,0.0205078125,0.09619140625,0.09619140625,-0.01904296875,-0.116943359375,-0.041015625,0.114990234375,0.0888671875,-0.099365234375,-0.113037109375,0.036865234375,-0.01318359375,-0.19775390625,-0.067626953125,0.1083984375,0.099853515625,0.099853515625,-0.070556640625,-0.158935546875,0.040283203125,0.107666015625,-0.014892578125,-0.09130859375,-0.07763671875,0.058349609375,-0.06005859375,-0.106201171875,0.010986328125,0.032470703125,-0.0341796875,-0.0341796875,-0.078857421875,-0.088134765625,0.04638671875,0.11865234375,-0.014892578125,-0.051025390625,-0.05126953125,-0.0078125,0.039794921875,-0.020751953125,-0.029296875,0.002197265625,-0.039794921875,-0.066162109375,-0.066162109375,-0.025146484375,0.0419921875,0.05615234375,-0.00732421875,-0.0478515625,0.032470703125,0.007568359375,-0.035888671875,-0.035888671875,-0.03125,-0.002685546875,0.029296875,-0.02392578125,0.004638671875,0.005615234375,-0.03662109375,-0.07275390625,0.044189453125,0.044189453125,-0.02685546875,0.036376953125,0.040771484375,-0.09912109375,-0.035888671875,-0.08203125,0.04931640625,-0.07470703125,-0.07470703125,-0.000732421875,0.035888671875,-0.05224609375,0.040283203125,-0.028564453125,-0.003173828125,-0.073486328125,-0.014892578125,-0.014892578125,0.03515625,-0.03515625,-0.037841796875,0.009033203125,-0.003662109375,-0.0712890625,-0.020751953125,0.050537109375,0.050537109375,0.023193359375,-0.04736328125,-0.067138671875,0.00537109375,0.023193359375,-0.0595703125,-0.07275390625,-0.010986328125,-0.010986328125,0.0048828125,-0.064208984375,-0.085693359375,0.051025390625,-0.001220703125,-0.177978515625,-0.049560546875,0.137939453125,0.137939453125,0.043212890625,-0.19189453125,-0.16748046875,0.11669921875,-0.162841796875,-0.16357421875,0.12353515625,0.13720703125,0.13720703125,-0.139404296875,-0.178466796875,0.09130859375,0.167724609375,-0.130126953125,0.045654296875,0.160400390625,-0.0283203125,-0.0283203125,-0.1572265625,0.01220703125,0.08740234375,-0.046142578125,-0.001953125,-0.015625,0.00439453125,0.087158203125,0.087158203125,0.0,-0.131591796875,0.000732421875,0.09912109375,-0.065673828125,0.0400390625,0.04443359375,-0.00634765625,0.002685546875,0.002685546875,-0.04443359375,-0.077392578125,0.05224609375,-0.103515625,-0.07861328125,0.07177734375,0.0205078125,-0.103271484375,-0.103271484375,-0.021484375,0.03564453125,-0.078369140625,0.027587890625,-0.039306640625,-0.052001953125,0.041259765625,0.013916015625,0.013916015625,-0.089111328125,-0.03515625,0.0078125,0.010498046875,0.02978515625,-0.05322265625,-0.023193359375,0.016357421875,0.016357421875,-0.08056640625,-0.084716796875,0.09814453125,-0.156005859375,-0.077880859375,0.12158203125,0.0517578125,-0.08154296875,-0.08154296875,-0.02001953125,0.033203125,-0.017333984375,0.018798828125,-0.039794921875,0.033447265625,0.06494140625,-0.040771484375,-0.032958984375,-0.032958984375,0.050537109375,-0.010986328125,-0.06201171875,0.06298828125,-0.10693359375,-0.054443359375,0.081787109375,0.0283203125,0.0283203125,-0.04931640625,-0.013671875,-0.012939453125,0.056640625,0.004150390625,-0.10400390625,-0.00146484375,0.06005859375,0.06005859375,-0.060546875,-0.07958984375,0.016845703125,-0.070556640625,0.044921875,0.024169921875,-0.12548828125,-0.05078125,-0.05078125,0.064453125,-0.0263671875,-0.091552734375,0.012451171875,-0.052734375,0.000732421875,-0.00439453125,-0.06884765625,0.01953125,0.01953125,0.063720703125,-0.052001953125,0.04541015625,0.00537109375,-0.07373046875,0.031494140625,0.0419921875,-0.095947265625,-0.095947265625,-0.056396484375,0.068115234375,-0.062255859375,0.013916015625,0.0166015625,-0.060791015625,0.012451171875,0.035888671875,0.035888671875,-0.04443359375,0.001220703125,-0.035400390625,-0.068603515625,0.045654296875,0.017578125,-0.06982421875,0.038818359375,0.038818359375,0.068359375,-0.080810546875,0.07177734375,0.02587890625,-0.085693359375,-0.010009765625,0.03466796875,-0.044677734375,-0.044677734375,-0.00439453125,0.01171875,-0.017578125,0.0576171875,-0.02685546875,-0.07861328125,0.042724609375,0.0185546875,0.0185546875,-0.0986328125,0.009521484375,-0.07177734375,-0.13427734375,0.02978515625,0.06884765625,-0.06591796875,-0.0537109375,-0.0537109375,0.011962890625,-0.041259765625,0.00341796875,-0.034423828125,-0.020263671875,0.04443359375,-0.005126953125,-0.07177734375,-0.07177734375,0.00634765625,-0.00732421875,0.04248046875,0.072998046875,-0.08447265625,-0.09326171875,0.0654296875,0.034912109375,0.034912109375,-0.0859375,-0.0087890625,-0.062255859375,-0.00732421875,0.040771484375,-0.03759765625,-0.035888671875,0.05859375,-0.001708984375,-0.001708984375,-0.091064453125,0.044677734375,-0.06982421875,-0.008056640625,0.10693359375,-0.00439453125,-0.125244140625,0.012451171875,0.012451171875,0.1025390625,-0.0595703125,0.016845703125,0.001953125,-0.014404296875,0.0078125,-0.0185546875,-0.038818359375,-0.038818359375,0.0322265625,-0.06591796875,-0.010498046875,-0.0029296875,-0.07470703125,-0.0029296875,0.08544921875,-0.03955078125,-0.03955078125,-0.13134765625,0.07421875,-0.0771484375,-0.0546875,0.048583984375,-0.01806640625,-0.075927734375,-0.00146484375,-0.00146484375,0.0146484375,0.005615234375,-0.014892578125,-0.07421875,0.014892578125,0.025634765625,-0.082763671875,-0.029541015625,-0.029541015625,0.112548828125,-0.1591796875,-0.0205078125,0.11474609375,-0.0009765625,-0.072998046875,-0.00537109375,0.01611328125,-0.00634765625,-0.00634765625,-0.017333984375,-0.048095703125,0.0380859375,0.023681640625,-0.063720703125,0.006103515625,0.032958984375,-0.061279296875,-0.061279296875,0.089599609375,0.010009765625,-0.134521484375,-0.00732421875,0.10302734375,-0.017822265625,-0.07861328125,0.00048828125,0.00048828125,-0.02880859375,-0.00390625,-0.01318359375,-0.04296875,0.03662109375,0.02490234375,-0.080078125,-0.029296875,-0.029296875,-0.052001953125,-0.0517578125,0.0810546875,0.030029296875,-0.14404296875,-0.048828125,0.093505859375,0.0068359375,0.0068359375,-0.01611328125,0.020263671875,-0.0234375,0.00244140625,-0.001220703125,-0.043701171875,0.0224609375,0.02587890625,0.02587890625,-0.03759765625,0.026611328125,-0.03173828125,-0.047607421875,0.0556640625,0.0029296875,-0.1279296875,-0.0078125,-0.0078125,-0.03369140625,-0.083740234375,0.011962890625,0.01171875,-0.0537109375,0.000244140625,-0.010009765625,-0.065673828125,-0.065673828125,0.04443359375,-0.07373046875,-0.03857421875,0.05615234375,-0.0322265625,-0.095703125,0.05419921875,0.0654296875,-0.114990234375,-0.062744140625,0.076416015625,0.008056640625,-0.070556640625,0.010498046875,0.032470703125,-0.05419921875,-0.0029296875,0.033203125,-0.0263671875,0.009765625,0.031494140625,-0.049072265625,-0.04345703125,0.0302734375,-0.02685546875,-0.056884765625,0.085205078125,0.053955078125,-0.13330078125,-0.06103515625,0.0947265625,0.024658203125,-0.081787109375,0.00146484375,0.038818359375,-0.060546875,-0.027587890625,0.018798828125,-0.03564453125,-0.0234375,0.030029296875,-0.02685546875,-0.073974609375,0.025146484375,0.035888671875,-0.05419921875,-0.02294921875,-0.017578125,-0.06201171875,0.01953125,0.03857421875,-0.09326171875,-0.083740234375,0.111328125,0.056640625,-0.171875,-0.075439453125,0.10595703125,0.030029296875,-0.082763671875,-0.019287109375,0.02783203125,-0.019775390625,0.00537109375,-0.00390625,-0.0517578125,0.023193359375,0.050048828125,-0.04150390625,-0.031982421875,0.026123046875,-0.03662109375,-0.051025390625,0.09912109375,0.061279296875,-0.14306640625,-0.064208984375,0.11181640625,0.029541015625,-0.094482421875,-0.010498046875,0.038330078125,-0.034423828125,-0.0087890625,0.008544921875,-0.039306640625,0.00537109375,0.02734375,-0.053466796875,-0.040771484375,0.025634765625,-0.03515625,-0.05712890625,0.073486328125,0.024658203125,-0.138671875,-0.045166015625,0.0751953125,-0.02001953125,-0.073974609375,0.019775390625,0.002685546875,-0.0537109375,0.025146484375,-0.010986328125,-0.103759765625,0.02099609375,0.098388671875,-0.067626953125,-0.11669921875,0.056884765625,0.06591796875,-0.065673828125,-0.025390625,0.014892578125,-0.031494140625,0.019775390625,0.029052734375,-0.073486328125,-0.046142578125,0.08251953125,0.010986328125,-0.10107421875,0.00341796875,0.025146484375,-0.058349609375,0.01708984375,0.072265625,-0.057373046875,-0.10009765625,0.054931640625,0.04248046875,-0.0830078125,-0.013427734375,0.041259765625,-0.028076171875,-0.0234375,0.00830078125,-0.045654296875,-0.02734375,0.070068359375,-0.01513671875,-0.1123046875,0.022705078125,0.050048828125,-0.079833984375,-0.040283203125,0.0791015625,-0.005615234375,-0.12890625,-0.002685546875,0.08154296875,-0.01416015625,-0.0283203125,-0.03662109375,-0.03662109375,-0.00341796875,0.050048828125,-0.01806640625,-0.06103515625,0.051025390625,0.03173828125,-0.083251953125,0.019775390625,0.019775390625,-0.05078125,-0.012451171875,0.0615234375,-0.0322265625,-0.10205078125,0.061279296875,0.06689453125,-0.0615234375,-0.0615234375,0.081298828125,0.013427734375,-0.08837890625,-0.009765625,0.029052734375,-0.0283203125,0.006591796875,-0.06640625,-0.06640625,-0.01025390625,0.0263671875,-0.05322265625,-0.04150390625,0.0703125,-0.001220703125,-0.151123046875,0.071533203125,0.071533203125,-0.01416015625,-0.031494140625,0.000732421875,-0.03759765625,-0.025146484375,0.04931640625,-0.026123046875,0.079833984375,0.055419921875,0.055419921875,-0.10107421875,-0.027587890625,0.0625,-0.027099609375,-0.048828125,0.05224609375,-0.00732421875,0.036865234375,0.036865234375,0.072998046875,-0.064697265625,-0.063232421875,0.0478515625,0.0048828125,-0.0908203125,-0.010986328125,-0.021240234375,-0.021240234375,0.00341796875,-0.00390625,-0.060546875,0.007080078125,0.046630859375,-0.065673828125,-0.07861328125,0.067626953125,0.067626953125,-0.145263671875,-0.076416015625,0.08447265625,0.0224609375,-0.079345703125,-0.021484375,0.021484375,-0.0087890625,-0.0087890625,-0.015380859375,-0.064208984375,0.0126953125,0.050537109375,-0.0458984375,-0.0537109375,0.016357421875,-0.044921875,-0.044921875,0.064697265625,0.013427734375,-0.120849609375,-0.005126953125,0.096435546875,-0.02685546875,-0.080322265625,0.033935546875,0.033935546875,-0.073486328125,-0.005615234375,0.03955078125,-0.02734375,0.004150390625,0.0322265625,-0.052001953125,0.044677734375,-0.0068359375,-0.0068359375,-0.06640625,0.05712890625,0.044189453125,-0.107666015625,-0.044189453125,0.0810546875,-0.094482421875,0.0146484375,0.0146484375,0.037353515625,-0.060302734375,-0.00830078125,0.02001953125,-0.0439453125,-0.017333984375,-0.0361328125,-0.032470703125,-0.032470703125,0.044189453125,-0.028564453125,-0.091064453125,0.055419921875,0.064697265625,-0.107666015625,0.05908203125,0.0283203125,0.0283203125,-0.053466796875,0.004150390625,0.0048828125,-0.052490234375,0.009521484375,-0.002197265625,0.00634765625,0.064208984375,0.064208984375,-0.040771484375,-0.0703125,0.0478515625,-0.001220703125,-0.089599609375,0.036376953125,-0.077880859375,-0.10009765625,-0.10009765625,0.052734375,0.063232421875,-0.046630859375,-0.0263671875,-0.001708984375,-0.029541015625,0.024169921875,-0.06005859375,-0.013671875,0.05615234375,-0.03369140625,-0.03369140625,-0.086669921875,0.042724609375,0.02490234375,-0.082763671875,0.019775390625,0.0869140625,-0.06787109375,-0.11474609375,0.056396484375,-0.07275390625,-0.03515625,0.02294921875,-0.025146484375,-0.025146484375,0.000732421875,0.007080078125,-0.062255859375,-0.03125,0.064208984375,-0.004638671875,-0.077880859375,0.0380859375,0.00927734375,0.017333984375,0.1005859375,-0.07177734375,-0.140625,-0.140625,0.055908203125,0.08837890625,-0.054443359375,-0.037841796875,-0.004638671875,-0.0458984375,0.005859375,0.0185546875,-0.07421875,0.089599609375,-0.001953125,-0.135009765625,-0.00390625,-0.00390625,0.03857421875,-0.05029296875,0.013427734375,0.06494140625,-0.064453125,-0.089111328125,0.081787109375,0.056396484375,-0.025634765625,0.03662109375,-0.033447265625,-0.014892578125,0.02685546875,0.02685546875,-0.03857421875,-0.04052734375,0.0595703125,-0.01123046875,-0.110107421875,0.024169921875,0.049560546875,-0.072265625,0.077880859375,-0.03515625,-0.111572265625,0.039794921875,0.04248046875,0.04248046875,-0.079345703125,-0.003662109375,0.05615234375,-0.038818359375,-0.037353515625,0.029296875,-0.041259765625,-0.066162109375,0.08203125,0.0439453125,-0.0498046875,0.074462890625,-0.012939453125,-0.0732421875,0.017333984375,0.01513671875,0.01513671875,-0.05322265625,0.015380859375,0.00390625,-0.068115234375,0.023681640625,0.059326171875,-0.07421875,0.0654296875,-0.0029296875,-0.0810546875,0.058837890625,0.04541015625,-0.12255859375,-0.04296875,0.084716796875,-0.009033203125,-0.080322265625,0.021240234375,0.008056640625,0.008056640625,-0.07666015625,0.005859375,0.01904296875,-0.055419921875,0.006103515625,0.038818359375,-0.05615234375,-0.04248046875,0.059814453125,-0.027099609375,-0.103271484375,0.068359375,0.088623046875,-0.110107421875,-0.089599609375,0.05810546875,-0.08935546875,-0.037109375,0.032958984375,-0.01806640625,-0.007080078125,-0.00634765625,-0.05029296875,-0.006103515625,0.031982421875,-0.0390625,-0.0517578125,0.035888671875,-0.026611328125,-0.0966796875,-0.0966796875,0.062744140625,0.09521484375,-0.104736328125,-0.1220703125,0.075439453125,0.07568359375,-0.090576171875,-0.049560546875,0.04150390625,-0.019287109375,-0.02734375,-0.0068359375,-0.035888671875,-0.005859375,-0.029541015625,-0.064208984375,0.033447265625,-0.00244140625,-0.08544921875,0.033447265625,0.074462890625,-0.080322265625,-0.101318359375,0.071044921875,0.06640625,-0.08203125,-0.020751953125,0.05224609375,-0.051025390625,-0.049560546875,-0.049560546875,0.044189453125,0.004638671875,-0.06103515625,0.018310546875,0.028076171875,-0.080322265625,-0.0185546875,0.03369140625,-0.031494140625,-0.01806640625,0.009765625,-0.029541015625,-0.00439453125,0.055419921875,-0.06201171875,0.0947265625,0.109375,-0.118408203125,-0.099365234375,0.082275390625,0.060302734375,-0.055908203125,-0.0322265625,-0.014892578125,-0.038330078125,0.0380859375,-0.0087890625,-0.09228515625,0.021240234375,0.074951171875,-0.0625,-0.08984375,-0.08984375,0.04052734375,-0.016357421875,-0.0888671875,0.070556640625,0.072021484375,-0.11767578125,-0.08642578125,0.07373046875,0.04248046875,-0.05712890625,-0.01953125,-0.041259765625,0.04443359375,-0.005859375,-0.1005859375,0.00390625,0.066650390625,-0.065673828125,-0.0927734375,0.050048828125,0.002197265625,-0.0888671875,0.03515625,0.05126953125,-0.093017578125,-0.050537109375,0.08447265625,0.01708984375,-0.068359375,0.028564453125,0.028564453125,0.021728515625,-0.0654296875,0.02392578125,0.0322265625,-0.076416015625,-0.0126953125,0.117919921875,-0.001708984375,-0.14404296875,0.0078125,-0.047119140625,-0.033935546875,0.02587890625,-0.021728515625,-0.0234375,0.0341796875,-0.03955078125,-0.0791015625,0.065673828125,0.046142578125,-0.1025390625,-0.026123046875,0.046630859375,-0.04248046875,-0.03662109375,0.071533203125,-0.01904296875,-0.138427734375,0.0166015625,0.07177734375,0.07177734375,-0.06689453125,-0.052001953125,0.02783203125,-0.03369140625,-0.065673828125,0.018310546875,-0.0166015625,-0.063720703125,0.05029296875,0.01806640625,-0.099609375,-0.002685546875,0.060791015625,-0.057373046875,-0.065185546875,0.09326171875,-0.135498046875,-0.0244140625,0.087158203125,-0.011962890625,-0.070556640625,-0.00341796875,0.00927734375,-0.026611328125,0.018798828125,-0.015380859375,-0.0703125,0.028076171875,0.033203125,-0.061767578125,-0.01171875,0.0341796875,-0.052490234375,-0.042236328125,0.0888671875,-0.0009765625,-0.13525390625,0.017333984375,0.09423828125,-0.049560546875,-0.049560546875,-0.07470703125,0.053955078125,0.037353515625,-0.08447265625,-0.033203125,0.007568359375,-0.039306640625,0.013916015625,-0.059326171875,-0.039306640625,0.03515625,-0.02783203125,-0.0771484375,0.056640625,0.039794921875,-0.12109375,-0.04248046875,0.090087890625,0.027587890625,-0.05908203125,-0.0205078125,-0.00732421875,-0.030029296875,0.0439453125,0.001708984375,-0.071533203125,0.033203125,0.050537109375,-0.080078125,-0.080078125,-0.07080078125,0.057861328125,-0.003662109375,-0.090087890625,0.043701171875,0.0478515625,-0.022216796875,0.066162109375,-0.03173828125,-0.062744140625,0.051513671875,0.014404296875,-0.088134765625,0.0234375,0.033203125,-0.075439453125,-0.0107421875,0.04345703125,-0.055908203125,-0.056884765625,0.06201171875,-0.0322265625,-0.1201171875,0.06689453125,0.093017578125,-0.122314453125,-0.1103515625,0.085205078125,0.0634765625,-0.085205078125,-0.085205078125,-0.033935546875,0.028564453125,-0.033935546875,-0.003173828125,0.00634765625,0.0126953125,0.05908203125,-0.03466796875,-0.08251953125,0.02294921875,-0.0068359375,-0.052490234375,0.07080078125,0.032958984375,-0.11767578125,-0.038330078125,0.09521484375,-0.0068359375,-0.0927734375,0.040771484375,0.042236328125,-0.068115234375,0.005126953125,0.030517578125,-0.04296875,-0.0107421875,0.0380859375,-0.050537109375,-0.0732421875,0.065185546875,-0.00048828125,-0.123291015625,-0.123291015625,0.026611328125,0.099365234375,-0.091552734375,0.060791015625,0.08154296875,-0.091064453125,-0.0478515625,0.040283203125,-0.029052734375,-0.02978515625,0.001220703125,-0.035888671875,-0.026123046875,0.057373046875,0.006591796875,-0.08056640625,0.01904296875,-0.0009765625,-0.097900390625,0.021728515625,0.099365234375,-0.062744140625,-0.12158203125,0.060791015625,0.06494140625,-0.07421875,-0.01123046875,0.029052734375,-0.05126953125,-0.010498046875,-0.010498046875,0.031982421875,-0.04052734375,0.087890625,0.001220703125,-0.103759765625,0.037353515625,0.04833984375,-0.072265625,0.00146484375,0.081298828125,-0.0498046875,-0.109375,0.05859375,0.060546875,-0.08203125,-0.02294921875,0.029052734375,-0.027587890625,-0.007080078125,0.01025390625,-0.0576171875,-0.047119140625,0.062255859375,-0.01611328125,-0.105712890625,0.03857421875,0.041015625,-0.0869140625,-0.022705078125,0.076904296875,0.076904296875,-0.034912109375,0.046875,0.05029296875,-0.083251953125,-0.019287109375,0.0361328125,-0.03759765625,-0.031494140625,0.02294921875,-0.031005859375,-0.044189453125,0.0712890625,0.01611328125,-0.095703125,0.014404296875,0.03564453125,-0.083984375,-0.02685546875,0.11328125,0.011474609375,-0.14599609375,-0.00830078125,0.08544921875,-0.024169921875,-0.048095703125,-0.018310546875,-0.02490234375,0.001708984375,0.03955078125,-0.05029296875,-0.078125,0.07373046875,0.023681640625,-0.122802734375,-0.01318359375,0.066162109375,-0.04150390625,-0.047607421875,0.0673828125,-0.005859375,-0.13330078125,0.008544921875,0.07373046875,-0.051513671875,-0.0390625,0.03173828125,-0.012451171875,-0.04248046875,0.027587890625,-0.017333984375,-0.069091796875,0.058349609375,0.049072265625,-0.076171875,-0.013671875,0.041259765625,-0.05712890625,-0.054443359375,0.0810546875,0.019287109375,-0.12255859375,0.009033203125,0.087890625,-0.04931640625,-0.074951171875,0.037109375,0.013916015625,-0.08447265625,-0.0068359375,0.017333984375,-0.03759765625,0.025390625,0.013671875,-0.080322265625,-0.026611328125,0.0615234375,-0.0302734375,-0.078857421875,0.055419921875,0.02490234375,-0.095703125,-0.003173828125,0.006103515625,-0.078125,0.0146484375,0.09423828125,-0.0556640625,-0.14599609375,0.04052734375,0.0634765625,-0.083251953125,-0.040283203125,0.01953125,-0.026611328125,-0.00634765625,0.0361328125,-0.0458984375,-0.057861328125,0.076171875,0.015380859375,-0.10888671875,0.066650390625,-0.05224609375,-0.05224609375,-0.03271484375,0.064453125,-0.0234375,-0.10400390625,0.05615234375,0.0673828125,-0.08447265625,-0.0341796875,0.076171875,0.001708984375,-0.094482421875,-0.01123046875,0.033935546875,-0.022216796875,0.010498046875,-0.0048828125,-0.056396484375,0.026123046875,0.020263671875,-0.100830078125,-0.05419921875,0.12255859375,0.039306640625,-0.173828125,-0.046142578125,0.10302734375,-0.009521484375,-0.08740234375,-0.017333984375,-0.0380859375,0.00634765625,0.00634765625,-0.01171875,-0.0654296875,0.025634765625,0.026611328125,-0.077392578125,-0.02685546875,0.0322265625,-0.0390625,-0.037109375,0.0791015625,-0.007080078125,-0.146484375,0.015625,0.101318359375,-0.045654296875,-0.07275390625,0.031005859375,0.011962890625,-0.04736328125,0.0146484375,-0.02294921875,-0.063720703125,0.05908203125,0.030517578125,-0.093017578125,-0.001953125,0.08642578125,-0.11572265625,0.080322265625,0.07470703125,-0.13134765625,-0.13134765625,-0.052734375,0.1015625,0.023681640625,-0.08154296875,-0.017333984375,0.028076171875,-0.03564453125,-0.00146484375,-0.003662109375,-0.051513671875,0.02294921875,0.027587890625,-0.057373046875,-0.030029296875,0.031982421875,-0.04931640625,-0.06005859375,0.0966796875,0.036865234375,-0.136962890625,-0.032958984375,0.08984375,-0.007568359375,-0.0693359375,0.0029296875,-0.0537109375,0.02685546875,-0.0078125,-0.085205078125,-0.085205078125,0.029296875,0.05615234375,-0.07568359375,-0.070068359375,0.064453125,-0.00390625,-0.107421875,0.0419921875,0.064453125,-0.107666015625,-0.065185546875,0.083740234375,0.039306640625,-0.067138671875,-0.02490234375,0.00048828125,-0.04150390625,0.022705078125,0.00048828125,-0.07470703125,0.014404296875,0.0634765625,-0.055419921875,-0.087158203125,0.044677734375,-0.0048828125,-0.0908203125,0.04541015625,0.053466796875,-0.1025390625,-0.051513671875,-0.002197265625,-0.1064453125,0.0322265625,0.068603515625,-0.088134765625,-0.047607421875,-0.047607421875,0.05078125,0.000732421875,-0.043212890625,0.004638671875,0.005126953125,-0.050048828125,0.00927734375,-0.003662109375,-0.057373046875,0.03857421875,0.031494140625,-0.08642578125,-0.041015625,0.047607421875,-0.023681640625,-0.047607421875,0.068359375,0.000244140625,-0.13232421875,0.0126953125,0.092529296875,-0.059326171875,0.04541015625,0.039306640625,-0.080078125,-0.0224609375,0.0068359375,-0.03271484375,0.0234375,0.00244140625,0.00244140625,-0.0849609375,-0.01904296875,0.07421875,-0.03955078125,-0.107421875,0.0703125,0.07568359375,-0.119140625,-0.0771484375,0.0654296875,0.031494140625,-0.052734375,-0.011474609375,0.001953125,-0.036376953125,0.031494140625,-0.016357421875,-0.095458984375,0.0234375,0.0732421875,-0.059326171875,0.05712890625,-0.017578125,-0.110107421875,0.06005859375,0.093994140625,-0.107666015625,-0.08837890625,0.08154296875,0.052490234375,0.052490234375,-0.064697265625,-0.015380859375,0.010986328125,-0.052001953125,0.006591796875,-0.000732421875,-0.070556640625,0.01171875,0.0673828125,-0.054443359375,-0.09130859375,0.048828125,0.01416015625,-0.0986328125,0.033447265625,0.078369140625,-0.092529296875,-0.090087890625,0.06103515625,0.037109375,-0.013671875,0.006591796875,-0.045654296875,0.033935546875,0.02001953125,-0.08203125,-0.0126953125,0.071044921875,-0.038330078125,-0.08740234375,0.053466796875,0.053466796875,0.007568359375,-0.107177734375,0.0283203125,0.068603515625,-0.08056640625,-0.0576171875,0.080078125,0.011474609375,-0.105224609375,0.017822265625,0.058837890625,-0.072998046875,-0.04443359375,0.02978515625,-0.013427734375,-0.029296875,0.027099609375,-0.00146484375,0.0078125,-0.021728515625,-0.067138671875,0.06201171875,0.0634765625,-0.098388671875,-0.085693359375,0.073486328125,0.02587890625,-0.090576171875,0.0068359375,0.0068359375,0.0322265625,-0.0556640625,-0.00341796875,0.03662109375,-0.038818359375,-0.03564453125,0.04296875,-0.027099609375,-0.093994140625,0.03369140625,0.031494140625,-0.06787109375,0.004638671875,0.051513671875,-0.062744140625,-0.097900390625,0.052001953125,-0.086181640625,-0.011474609375,0.06103515625,-0.04296875,-0.072998046875,0.018310546875,0.013427734375,-0.04541015625,0.009521484375,0.00439453125,-0.06591796875,0.01318359375,0.01318359375,0.0068359375,-0.084228515625,0.00390625,0.079345703125,-0.054931640625,-0.12158203125,0.05126953125,0.06103515625,-0.069091796875,-0.011962890625,0.02197265625,-0.05517578125,-0.020263671875,0.043701171875,-0.038330078125,0.07861328125,0.014404296875,-0.11962890625,0.010986328125,0.048583984375,-0.072265625,-0.00830078125,0.095703125,-0.033447265625,-0.1357421875,0.04150390625,0.06640625,-0.074462890625,-0.022216796875,0.03759765625,0.03759765625,-0.02783203125,-0.029541015625,0.027099609375,-0.03369140625,-0.05810546875,0.05322265625,-0.00244140625,-0.103515625,0.023681640625,0.052978515625,-0.0791015625,-0.055419921875,0.08203125,0.001953125,-0.006591796875,0.09326171875,-0.026611328125,-0.062744140625,0.008544921875,0.005859375,-0.03857421875,0.00048828125,-0.011474609375,-0.04833984375,0.039794921875,0.02392578125,-0.06982421875,-0.001953125,0.02734375,-0.06982421875,-0.06982421875,-0.053466796875,0.096435546875,0.034912109375,-0.140869140625,-0.021728515625,0.088134765625,-0.017822265625,-0.0634765625,-0.00341796875,0.00048828125,-0.01953125,0.033935546875,-0.0205078125,0.05712890625,0.052490234375,-0.102783203125,-0.045654296875,0.0576171875,-0.0224609375,-0.054931640625,0.060546875,-0.0029296875,-0.1279296875,0.013671875,0.066162109375,-0.06298828125,-0.039306640625,0.056396484375,-0.01318359375,-0.085205078125,-0.085205078125,0.024169921875,0.02197265625,-0.0654296875,0.0107421875,0.01220703125,-0.0712890625,-0.0107421875,0.044921875,-0.05859375,-0.081787109375,0.084228515625,-0.132080078125,-0.022705078125,0.0810546875,-0.016357421875,-0.0634765625,0.003173828125,-0.00341796875,-0.03662109375,0.040771484375,-0.00830078125,-0.082763671875,0.04931640625,0.071044921875,-0.068603515625,-0.05322265625,0.04931640625,-0.02197265625,-0.0732421875,0.066162109375,0.039794921875,-0.11572265625,-0.027099609375,-0.027099609375,0.0771484375,-0.018310546875,-0.064697265625,0.025146484375,0.011962890625,-0.064208984375,0.016845703125,0.006591796875,-0.064453125,0.0244140625,-0.070556640625,-0.0625,0.05859375,-0.006103515625,-0.093505859375,0.03955078125,0.050048828125,-0.104248046875,-0.063720703125,0.066650390625,0.013671875,-0.084716796875,0.00146484375,0.030029296875,-0.086669921875,-0.0283203125,0.047119140625,-0.01416015625,-0.028564453125,-0.028564453125,0.010009765625,-0.024169921875,-0.04638671875,0.046630859375,0.000244140625,-0.083984375,0.0341796875,0.045654296875,-0.05908203125,0.0419921875,-0.08203125,-0.0634765625,0.109130859375,0.0478515625,-0.1435546875,-0.0498046875,0.167236328125,0.078125,-0.15234375,-0.1220703125,0.10791015625,0.085693359375,-0.13134765625,-0.0791015625,0.097412109375,0.035888671875,-0.07763671875,-0.025390625,-0.025390625,-0.00927734375,-0.081298828125,-0.01513671875,0.097412109375,-0.027587890625,-0.1435546875,0.01953125,0.097900390625,-0.075439453125,0.056396484375,0.1083984375,-0.041259765625,-0.089111328125,0.0302734375,0.086181640625,-0.031982421875,-0.133056640625,0.002197265625,0.085205078125,-0.06884765625,-0.10400390625,0.00634765625,0.002197265625,-0.028564453125,0.0400390625,-0.04052734375,-0.14013671875,0.06396484375,0.146240234375,-0.12255859375,-0.14111328125,-0.14111328125,0.14990234375,0.109619140625,-0.16748046875,-0.0712890625,0.143310546875,-0.03564453125,0.0625,-0.010498046875,-0.143310546875,0.0068359375,0.0947265625,-0.117919921875,-0.075927734375,0.126220703125,-0.04296875,-0.144287109375,0.0654296875,0.078125,-0.0947265625,0.004150390625,0.13623046875,-0.05810546875,-0.111083984375,0.094482421875,0.03271484375,-0.0986328125,0.016845703125,0.068603515625,0.068603515625,-0.0556640625,-0.029052734375,0.057861328125,-0.0771484375,-0.05419921875,0.084228515625,-0.0966796875,0.093994140625,0.0556640625,-0.13818359375,0.0029296875,0.173828125,-0.05908203125,-0.165771484375,0.0537109375,0.072998046875,-0.02734375,0.011474609375,0.011474609375,-0.013427734375,0.00537109375,0.06298828125,-0.14501953125,-0.092041015625,0.14111328125,-0.006591796875,-0.1796875,-0.007080078125,0.072998046875,-0.09326171875,-0.046875,0.068603515625,0.068603515625,-0.080078125,0.115234375,-0.01708984375,-0.15478515625,0.026123046875,0.100341796875,-0.114990234375,-0.0947265625,0.12255859375,0.008056640625,-0.108154296875,0.027587890625,0.017333984375,-0.103271484375,-0.103271484375,-0.008544921875,-0.068359375,-0.055419921875,0.12890625,0.021240234375,-0.093017578125,0.018310546875,0.021728515625,-0.04541015625,0.061767578125,0.0888671875,-0.10400390625,-0.0478515625,-0.0478515625,0.14892578125,-0.1484375,0.05419921875,0.07958984375,-0.078369140625,-0.02880859375,0.044921875,-0.0908203125,-0.0244140625,0.11328125,-0.093505859375,-0.155029296875,0.091552734375,0.091552734375,0.09814453125,-0.033935546875,0.076171875,-0.08349609375,-0.084228515625,0.083984375,-0.02685546875,-0.102294921875,0.062255859375,0.025146484375,-0.1494140625,-0.037841796875,0.093017578125,0.093017578125,-0.09228515625,0.1015625,-0.010498046875,-0.122314453125,0.02978515625,0.056884765625,-0.11181640625,-0.041259765625,0.101318359375,-0.029296875,-0.056640625,0.064453125,-0.0263671875,-0.0263671875,-0.078369140625,0.057861328125,-0.128662109375,-0.041015625,0.138427734375,-0.02099609375,-0.0986328125,0.05908203125,0.01318359375,-0.10205078125,0.00927734375,0.0869140625,-0.06103515625,-0.031494140625,0.124267578125,-0.0234375,-0.1318359375,0.0244140625,0.048583984375,-0.04443359375,0.013427734375,0.041015625,-0.073974609375,-0.021484375,0.081298828125,-0.092041015625,-0.105224609375,0.101318359375,0.018310546875,-0.142333984375,0.0029296875,0.1064453125,-0.09765625,-0.076904296875,0.127197265625,-0.029052734375,-0.1689453125,0.032470703125,0.101318359375,-0.05126953125,-0.0263671875,0.03857421875,-0.093994140625,-0.04931640625,0.103515625,-0.05810546875,-0.126220703125,0.086669921875,0.075439453125,-0.134033203125,-0.062744140625,0.091796875,-0.058349609375,-0.076171875,0.079345703125,-0.021728515625,-0.08056640625,0.060791015625,0.007080078125,-0.149169921875,0.00634765625,0.1552734375,-0.08154296875,-0.163330078125,0.084228515625,0.0771484375,-0.09326171875,-0.03466796875,0.052978515625,-0.063720703125,-0.0693359375,0.077392578125,-0.006103515625,-0.065185546875,0.056396484375,0.025146484375,-0.074951171875,-0.011474609375,0.03173828125,-0.046875,0.023681640625,0.088134765625,-0.095703125,-0.093994140625,0.110595703125,0.027099609375,-0.129638671875,0.0,0.091064453125,-0.049560546875,-0.04443359375,0.05419921875,-0.072998046875,-0.05810546875,0.1220703125,-0.009521484375,-0.1787109375,0.020263671875,0.172119140625,-0.069091796875,-0.147705078125,0.079345703125,0.044677734375,-0.09033203125,-0.00927734375,0.023681640625,-0.0400390625,0.013427734375,0.0302734375,-0.119384765625,-0.06005859375,0.095458984375,-0.063232421875,-0.1220703125,0.079345703125,-0.13623046875,-0.13623046875,-0.022216796875,0.1015625,-0.090576171875,-0.0908203125,0.10693359375,-0.00390625,-0.09765625,0.037353515625,0.0078125,-0.11376953125,0.033447265625,0.1123046875,-0.112060546875,-0.112060546875,0.1396484375,0.02880859375,-0.11669921875,0.02783203125,0.04248046875,-0.1083984375,-0.017333984375,0.118408203125,-0.060791015625,-0.08447265625,0.12158203125,0.021240234375,0.01123046875,0.01123046875,0.10107421875,-0.052490234375,-0.046142578125,0.071044921875,-0.037841796875,-0.05224609375,0.06298828125,-0.044921875,-0.091552734375,0.08349609375,0.048095703125,-0.143310546875,0.11865234375,0.11865234375,-0.07763671875,-0.093994140625,0.096923828125,-0.014404296875,-0.12890625,0.032958984375,0.06884765625,-0.10986328125,-0.033447265625,0.109375,-0.087646484375,-0.14501953125,0.058837890625,-0.124267578125,-0.124267578125,-0.035888671875,0.095458984375,-0.05517578125,-0.10693359375,0.05517578125,-0.003173828125,-0.07275390625,0.041015625,0.0283203125,-0.087890625,-0.02734375,-0.048583984375,-0.0361328125,-0.0361328125,0.08642578125,-0.033935546875,-0.06884765625,0.072509765625,-0.001220703125,-0.123046875,0.048828125,0.126708984375,-0.126708984375,-0.1181640625,0.149169921875,-0.12939453125,0.007080078125,0.06005859375,0.06005859375,-0.07080078125,-0.031494140625,0.070556640625,-0.05419921875,-0.0263671875,0.10595703125,-0.057861328125,-0.1259765625,0.071044921875,-0.107177734375,0.02001953125,0.08447265625,0.08447265625,-0.11767578125,-0.048095703125,0.13623046875,-0.079345703125,-0.17822265625,0.100830078125,0.12353515625,-0.1435546875,-0.102294921875,-0.011962890625,-0.047607421875,-0.047607421875,0.037841796875,-0.074951171875,-0.0751953125,0.10595703125,0.028564453125,-0.162109375,0.005126953125,0.14208984375,-0.08837890625,0.076416015625,-0.01806640625,-0.0927734375,-0.0927734375,0.083740234375,0.055908203125,-0.1728515625,-0.0712890625,0.1513671875,-0.022705078125,-0.12646484375,0.061767578125,0.050537109375,-0.031982421875,0.068359375,-0.050048828125,-0.050048828125,-0.041259765625,0.085205078125,-0.02734375,-0.08544921875,0.044921875,0.010009765625,-0.08447265625,0.030517578125,-0.09619140625,-0.072998046875,0.118896484375,0.118896484375,0.00048828125,-0.11279296875,0.02490234375,0.03955078125,-0.05322265625,0.008056640625,0.0419921875,-0.0966796875,-0.01806640625,-0.072021484375,-0.166259765625,0.06982421875,0.06982421875,0.094482421875,-0.093505859375,-0.0341796875,0.080078125,-0.0693359375,-0.078125,0.079833984375,-0.039794921875,0.07861328125,0.055908203125,-0.11376953125,-0.017578125,-0.017578125,0.082275390625,-0.0986328125,-0.058349609375,0.123291015625,-0.04541015625,-0.13427734375,0.071044921875,-0.12255859375,-0.0087890625,0.10205078125,-0.106689453125,-0.093017578125,-0.093017578125,0.118896484375,0.0,-0.11083984375,0.0517578125,0.04345703125,-0.147216796875,-0.051513671875,0.13623046875,-0.03515625,0.0634765625,0.041015625,-0.083984375,-0.01708984375,-0.01708984375,0.03271484375,-0.0498046875,0.02294921875,0.081787109375,-0.103759765625,-0.078369140625,0.12060546875,0.004150390625,0.027587890625,0.07275390625,-0.078125,-0.01953125,0.09619140625,-0.081787109375,-0.081787109375,-0.096435546875,0.114501953125,0.029296875,-0.162841796875,-0.0341796875,0.13330078125,-0.01904296875,-0.078857421875,-0.031005859375,-0.0888671875,0.049072265625,0.037109375,-0.07666015625,-0.07666015625,0.011962890625,0.08056640625,-0.076171875,-0.072265625,0.064453125,-0.04541015625,-0.06494140625,0.010009765625,-0.127685546875,0.017578125,0.096435546875,-0.11376953125,-0.06689453125,-0.06689453125,0.137451171875,-0.038818359375,-0.169921875,0.052978515625,0.1005859375,-0.10986328125,-0.064208984375,0.025146484375,-0.057861328125,-0.10107421875,0.001220703125,-0.07470703125,0.05615234375,0.0244140625,-0.123291015625,-0.00048828125,-0.00048828125,0.103515625,-0.09521484375,-0.054931640625,0.120849609375,-0.052734375,-0.125,0.092041015625,-0.177978515625,-0.00439453125,0.19482421875,-0.06201171875,-0.1669921875,0.060791015625,0.060791015625,0.05517578125,-0.046875,0.020751953125,0.00146484375,-0.087646484375,0.043212890625,-0.13671875,-0.08251953125,0.16015625,0.010498046875,-0.147705078125,0.01953125,0.01953125,0.06884765625,-0.09130859375,-0.006591796875,0.100830078125,-0.11767578125,-0.134765625,0.055419921875,-0.13623046875,-0.0166015625,0.108154296875,-0.060791015625,-0.103759765625,-0.103759765625,0.061767578125,0.01318359375,-0.047607421875,0.038330078125,-0.005859375,0.020263671875,0.050048828125,-0.117431640625,-0.051025390625,0.114013671875,-0.056884765625,-0.132568359375,-0.132568359375,0.0771484375,0.067138671875,-0.109375,-0.030029296875,0.07958984375,-0.037841796875,0.094482421875,-0.0625,-0.118408203125,0.1044921875,0.078369140625,0.078369140625,-0.171142578125,-0.081787109375,0.148193359375,-0.002197265625,-0.1142578125,0.01318359375,-0.1083984375,0.005126953125,0.066162109375,-0.080810546875,-0.042724609375,0.10693359375,0.10693359375,-0.02587890625,-0.0947265625,0.039306640625,-0.012451171875,0.066162109375,0.029296875,-0.140625,-0.010498046875,0.14990234375,-0.069580078125,-0.123779296875,-0.123779296875,0.08740234375,0.017822265625,-0.105224609375,0.012939453125,0.033203125,-0.09228515625,0.110595703125,-0.133544921875,-0.124755859375,0.141357421875,0.0419921875,-0.1328125,0.01318359375,0.0791015625,0.0791015625,-0.093017578125,-0.058349609375,0.085205078125,-0.052490234375,0.086669921875,-0.00732421875,-0.10986328125,0.03466796875,0.070068359375,-0.113525390625,-0.042236328125,-0.042236328125,0.11083984375,-0.05029296875,-0.098876953125,0.05810546875,-0.10498046875,0.037353515625,0.0634765625,-0.109375,-0.03369140625,0.11279296875,-0.073974609375,-0.118408203125,0.099365234375,0.099365234375,0.0546875,-0.149169921875,-0.056884765625,0.120361328125,-0.0146484375,0.073974609375,-0.010986328125,-0.129638671875,0.01416015625,0.087890625,-0.0615234375,-0.05029296875,0.088623046875,0.088623046875,-0.022705078125,-0.1005859375,0.047607421875,0.01513671875,0.018798828125,0.052001953125,-0.077392578125,-0.03759765625,0.080322265625,-0.05419921875,-0.069091796875,0.062255859375,-0.03662109375,-0.03662109375,-0.0849609375,0.076416015625,0.04150390625,-0.13623046875,0.151611328125,-0.0908203125,-0.158447265625,0.079833984375,0.049072265625,-0.062255859375,0.020263671875,-0.0048828125,-0.110595703125,-0.110595703125,0.02880859375,0.08935546875,-0.151611328125,0.152099609375,-0.008544921875,-0.131591796875,0.04296875,0.0322265625,-0.131103515625,0.022705078125,0.139892578125,-0.116455078125,-0.135986328125,-0.135986328125,0.1298828125,0.047607421875,-0.149169921875,0.101318359375,-0.06494140625,-0.087646484375,0.05078125,-0.023193359375,-0.041015625,0.05712890625,-0.02392578125,-0.09912109375,0.02685546875,0.02685546875,0.04736328125,-0.097900390625,0.0009765625,-0.0830078125,-0.12109375,0.08642578125,0.061279296875,-0.07470703125,0.049560546875,0.084716796875,-0.05517578125,-0.04345703125,0.050048828125,-0.0791015625,-0.0673828125,-0.0673828125,0.11181640625,0.015380859375,-0.155029296875,0.128173828125,-0.060791015625,-0.093505859375,0.06201171875,-0.0185546875,-0.08056640625,0.062255859375,0.037841796875,-0.095703125,0.013427734375,0.0849609375,0.0849609375,-0.099365234375,-0.077880859375,-0.02001953125,-0.1025390625,0.070068359375,0.05224609375,-0.129150390625,-0.034912109375,0.091064453125,-0.08544921875,-0.094482421875,0.0966796875,0.0966796875,0.00634765625,-0.098876953125,0.01171875,-0.109375,0.0244140625,0.115234375,-0.11767578125,-0.116455078125,0.119384765625,0.02978515625,-0.1123046875,-0.1123046875,0.0107421875,0.04443359375,-0.037353515625,0.11328125,-0.04443359375,-0.09423828125,0.0849609375,0.020263671875,-0.12939453125,-0.005615234375,0.095458984375,-0.0419921875,-0.0419921875,-0.041259765625,-0.054931640625,-0.04638671875,0.084716796875,-0.03466796875,-0.1123046875,0.084716796875,0.096923828125,-0.12841796875,-0.0703125,0.1220703125,-0.023193359375,-0.023193359375,-0.11376953125,0.027587890625,-0.066162109375,0.022705078125,0.0400390625,-0.10888671875,-0.020751953125,0.127685546875,-0.064453125,-0.154052734375,0.064697265625,0.079345703125,0.079345703125,-0.085205078125,0.060302734375,-0.07373046875,-0.085693359375,0.059326171875,-0.015869140625,-0.05712890625,0.064697265625,0.015625,-0.120361328125,-0.0234375,0.07666015625,0.07666015625,-0.06396484375,0.097900390625,-0.01904296875,-0.120361328125,0.032958984375,0.06103515625,-0.08447265625,-0.02294921875,0.080810546875,-0.050537109375,-0.06201171875,-0.06201171875,0.073974609375,-0.08349609375,0.076904296875,0.04052734375,-0.142333984375,-0.029052734375,0.139404296875,-0.024658203125,-0.078125,0.064208984375,-0.018310546875,-0.11474609375,0.033203125,0.06494140625,0.06494140625,-0.00537109375,0.097412109375,-0.0712890625,-0.08642578125,0.08251953125,-0.01513671875,-0.116943359375,0.0498046875,0.08544921875,-0.096435546875,-0.046630859375,0.094970703125,-0.06103515625,-0.06103515625,0.07275390625,0.034423828125,-0.084716796875,0.0,0.021728515625,-0.09521484375,0.002685546875,0.10791015625,-0.10400390625,-0.1484375,0.10693359375,0.088623046875,-0.115966796875,-0.115966796875,0.0966796875,-0.0517578125,-0.10791015625,0.054931640625,0.019287109375,-0.0537109375,0.03466796875,0.01904296875,-0.0849609375,-0.024658203125,0.04638671875,-0.062744140625,-0.03125,0.099365234375,-0.035888671875,-0.121826171875,0.047607421875,0.0595703125,-0.098388671875,-0.036376953125,0.083740234375,-0.048095703125,-0.080810546875,0.08349609375,0.011962890625,-0.114013671875,0.003662109375,0.053955078125,-0.073974609375,-0.046142578125,0.0703125,-0.030029296875,-0.064208984375,0.061767578125,-0.010498046875,-0.108154296875,0.01318359375,0.049072265625,-0.072265625,-0.0068359375,0.07861328125,-0.08740234375,-0.095947265625,0.09130859375,0.0087890625,-0.120849609375,0.03076171875,0.09326171875,-0.060791015625,-0.042236328125,0.04345703125,-0.077392578125,-0.035888671875,0.135986328125,-0.01953125,-0.1796875,0.0400390625,0.156494140625,-0.09033203125,-0.119140625,0.08349609375,0.01025390625,-0.094970703125,0.0185546875,0.014404296875,-0.059814453125,0.037109375,0.035888671875,-0.126708984375,-0.044921875,0.111328125,-0.04736328125,-0.099853515625,0.080078125,0.022216796875,-0.113037109375,0.007080078125,0.06640625,-0.09912109375,-0.046142578125,0.099365234375,-0.041259765625,-0.092041015625,0.04833984375,-0.016357421875,-0.107177734375,0.05810546875,0.086669921875,-0.140625,-0.088134765625,0.142333984375,0.01220703125,-0.130615234375,0.02197265625,0.06689453125,-0.083984375,-0.046875,0.083251953125,-0.0283203125,-0.0634765625,0.062744140625,-0.002197265625,-0.09423828125,0.007080078125,0.0283203125,-0.056884765625,0.014404296875,0.049072265625,-0.09716796875,-0.046142578125,0.105224609375,-0.05908203125,-0.14697265625,0.08544921875,0.118408203125,-0.128173828125,-0.113525390625,0.08837890625,-0.038330078125,-0.038330078125,0.02734375,-0.05810546875,-0.072265625,0.09326171875,0.0380859375,-0.142578125,0.0,0.122802734375,-0.0869140625,-0.0966796875,0.095947265625,-0.0234375,-0.107666015625,0.086669921875,0.0576171875,-0.179931640625,-0.060302734375,0.16015625,-0.026123046875,-0.12548828125,0.059814453125,0.039306640625,-0.09716796875,0.002685546875,0.065673828125,-0.02685546875,-0.02685546875,0.106689453125,-0.028076171875,-0.100830078125,0.041015625,0.010498046875,-0.070556640625,0.027587890625,0.0361328125,-0.08984375,-0.00732421875,-0.093994140625,-0.118896484375,-0.118896484375,0.112548828125,0.05859375,-0.154541015625,-0.0634765625,0.080078125,-0.009033203125,-0.020751953125,0.024658203125,-0.0966796875,-0.07275390625,0.10546875,-0.132568359375,0.034912109375,0.034912109375,0.116943359375,-0.09814453125,-0.107177734375,0.07373046875,-0.006103515625,-0.0693359375,0.05712890625,0.017578125,-0.0908203125,0.016845703125,0.061279296875,-0.03759765625,0.125244140625,0.125244140625,-0.0400390625,-0.1435546875,0.071044921875,0.11083984375,-0.0966796875,-0.07177734375,0.093017578125,-0.013916015625,-0.099365234375,0.049560546875,0.04150390625,-0.001708984375,0.03955078125,0.03955078125,-0.06494140625,-0.043701171875,0.03857421875,-0.058349609375,-0.033203125,0.09521484375,-0.036376953125,-0.12255859375,0.05078125,0.049560546875,-0.01513671875,0.117431640625,-0.0673828125,-0.0673828125,-0.10888671875,0.075927734375,0.0009765625,-0.11279296875,0.0439453125,0.058837890625,-0.139892578125,-0.057861328125,0.141845703125,-0.024658203125,0.0498046875,0.05029296875,-0.103759765625,-0.103759765625,-0.019287109375,0.0888671875,-0.03173828125,-0.043212890625,0.060302734375,-0.03173828125,-0.0693359375,0.063720703125,0.017333984375,-0.072509765625,0.046875,-0.094482421875,-0.0244140625,-0.0244140625,0.1015625,-0.06689453125,-0.120361328125,0.091552734375,0.0576171875,-0.13330078125,-0.053955078125,0.081787109375,-0.015380859375,-0.045654296875,-0.058349609375,-0.03564453125,0.094970703125,-0.01318359375,-0.01318359375,-0.132080078125,0.03759765625,0.109619140625,-0.089111328125,-0.08642578125,0.088134765625,-0.014404296875,-0.10009765625,0.064453125,-0.147216796875,-0.087158203125,0.116455078125,0.116455078125,0.004150390625,-0.1025390625,0.037353515625,0.0283203125,-0.097412109375,-0.02001953125,0.055908203125,-0.0478515625,0.079345703125,-0.01953125,-0.092529296875,-0.092529296875,0.036865234375,0.024169921875,-0.054931640625,0.018310546875,0.029052734375,-0.06689453125,-0.01025390625,0.07275390625,-0.064453125,0.097412109375,-0.0087890625,-0.157958984375,-0.157958984375,0.004638671875,0.1162109375,-0.0517578125,-0.062255859375,0.07763671875,-0.0263671875,-0.095947265625,0.029296875,-0.087890625,0.006103515625,0.071533203125,0.071533203125,-0.070556640625,-0.070068359375,0.056884765625,-0.029541015625,-0.058349609375,0.048828125,-0.011962890625,-0.07568359375,0.02880859375,-0.126953125,-0.025634765625,0.142822265625,0.142822265625,-0.03173828125,-0.15234375,0.027587890625,0.06494140625,-0.0419921875,-0.0048828125,0.01220703125,-0.002685546875,0.08544921875,-0.08056640625,-0.0849609375,0.121826171875,0.121826171875,0.05322265625,-0.143798828125,-0.044189453125,0.095947265625,-0.02294921875,-0.05029296875,0.0517578125,-0.07080078125,0.040283203125,-0.001953125,-0.09130859375,0.042724609375,0.042724609375,0.106201171875,-0.100341796875,-0.118896484375,0.10302734375,0.04541015625,-0.1298828125,0.05517578125,-0.066162109375,-0.060546875,0.06787109375,-0.01953125,-0.01953125,-0.093505859375,0.040771484375,0.027587890625,-0.084228515625,-0.018310546875,0.023681640625,-0.04345703125,0.011962890625,-0.085693359375,-0.085693359375,0.10107421875,0.023681640625,-0.12451171875,-0.12451171875,0.006591796875,0.084228515625,-0.041015625,-0.041259765625,0.035400390625,-0.05859375,-0.0341796875,-0.0029296875,-0.185791015625,0.00927734375,0.157470703125,-0.062255859375,-0.11572265625,-0.11572265625,0.09033203125,0.021728515625,-0.1171875,0.02783203125,0.056640625,-0.08251953125,-0.00927734375,-0.0712890625,-0.07861328125,0.0634765625,-0.02001953125,-0.068115234375,0.073974609375,0.073974609375,-0.002197265625,-0.136962890625,0.018798828125,0.11474609375,-0.085693359375,-0.093017578125,0.10107421875,-0.12255859375,0.03759765625,0.05322265625,-0.09912109375,-0.02685546875,0.0810546875,-0.0654296875,-0.0654296875,-0.100341796875,0.072509765625,0.01904296875,-0.075439453125,0.019775390625,0.016357421875,0.018798828125,0.04443359375,-0.0986328125,-0.03173828125,0.118896484375,-0.03515625,-0.114501953125,-0.114501953125,0.066162109375,0.048583984375,-0.107177734375,0.00634765625,0.122802734375,-0.074951171875,0.080810546875,0.044677734375,-0.079833984375,0.02392578125,0.04443359375,-0.10791015625,-0.05224609375,-0.05224609375,0.106689453125,-0.031005859375,-0.108642578125,0.06787109375,0.039794921875,-0.1181640625,0.06591796875,-0.046875,-0.049072265625,0.05908203125,-0.039794921875,-0.095703125,0.0498046875,0.0498046875,0.012451171875,-0.082763671875,0.0126953125,0.029541015625,-0.079833984375,-0.0068359375,0.080810546875,-0.074951171875,0.138671875,0.009521484375,-0.184814453125,0.010009765625,0.142822265625,-0.055419921875,-0.055419921875,-0.07666015625,0.072021484375,-0.02001953125,-0.071533203125,0.0634765625,-0.08984375,0.059326171875,0.0673828125,-0.10791015625,-0.031494140625,0.099853515625,-0.090576171875,-0.090576171875,-0.1240234375,0.119873046875,0.068359375,-0.15966796875,0.090087890625,-0.011962890625,-0.037109375,0.0244140625,-0.06982421875,-0.052734375,0.092529296875,-0.022705078125,-0.144775390625,-0.144775390625,0.05126953125,0.120361328125,-0.10791015625,-0.113525390625,0.00537109375,-0.057861328125,0.06787109375,0.0078125,-0.1435546875,-0.003173828125,0.1298828125,0.1298828125,-0.065673828125,-0.123779296875,0.073974609375,0.03955078125,-0.00537109375,0.045654296875,-0.04443359375,0.00244140625,0.058837890625,-0.07080078125,-0.05859375,0.095458984375,0.095458984375,-0.007568359375,-0.107666015625,0.052978515625,0.066162109375,-0.046875,0.112060546875,-0.027099609375,-0.09912109375,0.058837890625,0.014892578125,-0.10791015625,0.0068359375,0.0546875,0.0546875,-0.0859375,-0.03857421875,0.096923828125,-0.1181640625,0.04296875,0.0244140625,-0.073974609375,0.028076171875,0.033447265625,-0.109375,-0.0283203125,-0.0283203125,0.098876953125,-0.070068359375,-0.099365234375,0.013916015625,-0.1337890625,0.01953125,0.076171875,-0.100830078125,-0.040771484375,0.125,-0.0498046875,-0.154541015625,-0.154541015625,0.065185546875,0.084228515625,-0.069091796875,-0.01171875,-0.07568359375,-0.03564453125,0.0947265625,-0.032958984375,-0.09130859375,0.07080078125,0.018310546875,-0.11181640625,0.0029296875,0.070068359375,0.070068359375,-0.07568359375,-0.046875,0.088623046875,-0.099853515625,0.06982421875,0.027099609375,-0.105712890625,0.0078125
Prusa_B,-0.03125,-0.031005859375,-0.056396484375,-0.072021484375,-0.062255859375,-0.01318359375,0.054931640625,0.076904296875,0.0546875,-0.01708984375,-0.0546875,-0.064697265625,-0.064453125,-0.0361328125,-0.0411376953125,0.009765625,0.014892578125,-0.0146484375,-0.040283203125,0.003662109375,0.003662109375,0.05078125,0.05322265625,0.017822265625,0.025634765625,0.0546875,0.01513671875,-0.02587890625,-0.010009765625,-0.0233154296875,-0.035888671875,-0.03564453125,-0.01904296875,-0.05859375,0.0166015625,0.047607421875,-0.0107421875,0.0478515625,0.0615234375,-0.005126953125,0.00634765625,-0.01611328125,-0.062744140625,-0.023193359375,-0.02880859375,-0.0712890625,-0.03564453125,-0.0146484375,0.039794921875,-0.005126953125,-0.03662109375,-0.0078125,-0.0078125,-0.0205078125,-0.037109375,-0.0400390625,-0.04833984375,-0.009765625,0.017333984375,-0.043701171875,-0.025390625,-0.0283203125,-0.003662109375,0.023193359375,0.0107421875,-0.024658203125,-0.024658203125,-0.001220703125,-0.009521484375,-0.05712890625,-0.01025390625,0.0126953125,-0.0185546875,-0.003173828125,-0.015869140625,-0.0029296875,0.022705078125,-0.013427734375,-0.013427734375,-0.00537109375,0.042236328125,0.021240234375,-0.00439453125,-0.010498046875,-0.007568359375,0.042236328125,0.00390625,-0.0322265625,-0.00439453125,-0.004150390625,-0.015380859375,-0.01904296875,-0.01904296875,-0.049072265625,-0.03125,0.035400390625,0.032470703125,0.01123046875,-0.00732421875,-0.07080078125,-0.003662109375,0.02734375,0.036865234375,0.005859375,-0.0693359375,-0.065185546875,-0.008544921875,-0.025146484375,-0.04150390625,-0.011474609375,0.005859375,0.005859375,0.0400390625,0.018310546875,-0.057861328125,-0.0498046875,-0.012451171875,-0.02685546875,-0.017578125,-0.00830078125,0.004150390625,-0.023681640625,-0.055419921875,0.002197265625,0.06103515625,0.02783203125,0.02783203125,-0.0048828125,0.0,0.00048828125,-0.031494140625,-0.076416015625,-0.062744140625,-0.00537109375,-0.034423828125,-0.01806640625,0.018310546875,0.00830078125,0.02197265625,0.0155029296875,0.016845703125,0.028076171875,0.018798828125,-0.001708984375,-0.01416015625,-0.02685546875,-0.03857421875,-0.0263671875,-0.00244140625,-0.0146484375,-0.0166015625,0.01611328125,0.024658203125,0.0009765625,-0.023193359375,-0.0166015625,-0.0166015625,0.0087890625,-0.02197265625,-0.068115234375,-0.05029296875,0.002197265625,0.005615234375,-0.030029296875,-0.022216796875,0.006591796875,0.01611328125,-0.015380859375,-0.0205078125,-0.019775390625,-0.04052734375,-0.041259765625,-0.017333984375,-0.0048828125,-0.003173828125,-0.015625,-0.020751953125,-0.0009765625,0.01220703125,0.01220703125,-0.000732421875,-0.029541015625,-0.03515625,-0.00390625,-0.006591796875,-0.021240234375,-0.0166015625,-0.008056640625,-0.021484375,-0.018310546875,0.01025390625,0.00341796875,-0.0244140625,-0.021240234375,-0.021240234375,-0.00634765625,-0.027099609375,-0.040771484375,0.017822265625,0.0263671875,0.008544921875,0.0087890625,0.015869140625,-0.0126953125,-0.025390625,-0.007080078125,-0.007080078125,0.010986328125,-0.00439453125,-0.025390625,-0.01025390625,-0.00634765625,-0.032958984375,-0.019775390625,0.0068359375,-0.002685546875,-0.00244140625,0.004150390625,-0.0126953125,-0.0126953125,-0.037109375,-0.033447265625,-0.022705078125,-0.00927734375,-0.00732421875,-0.001708984375,-0.00634765625,-0.031005859375,-0.01806640625,-0.021484375,-0.047119140625,-0.010986328125,-0.010986328125,0.01953125,-0.006103515625,-0.0234375,-0.014892578125,0.008056640625,0.01904296875,0.003662109375,0.005126953125,-0.016357421875,-0.029541015625,-0.009765625,-0.009765625,0.002197265625,-0.01171875,-0.016845703125,-0.0234375,-0.016845703125,-0.025146484375,-0.02734375,-0.0068359375,0.010498046875,-0.009765625,-0.009521484375,0.007080078125,0.007080078125,-0.01220703125,-0.0263671875,0.01220703125,-0.01318359375,-0.037353515625,-0.036865234375,-0.010009765625,-0.004638671875,-0.0068359375,0.017578125,0.010498046875,0.010498046875,-0.00927734375,-0.00390625,-0.009765625,-0.015380859375,-0.03125,-0.034423828125,0.001953125,-0.003173828125,-0.03271484375,-0.0146484375,0.0009765625,-0.0126953125,-0.0126953125,-0.013916015625,-0.004150390625,-0.0322265625,-0.040771484375,-0.017578125,-0.010986328125,-0.042724609375,-0.037109375,-0.016357421875,0.0009765625,0.047607421875,0.0537109375,-0.006591796875,-0.006591796875,-0.04296875,-0.034423828125,-0.005859375,-0.01123046875,-0.005615234375,0.0107421875,0.000244140625,-0.032958984375,-0.0244140625,0.0,-0.003173828125,-0.016845703125,-0.014404296875,-0.014404296875,-0.0009765625,0.00830078125,-0.0556640625,-0.039306640625,-0.00927734375,0.01611328125,0.0185546875,-0.000732421875,-0.020263671875,-0.009033203125,0.00634765625,-0.008544921875,-0.041259765625,-0.041259765625,-0.039306640625,-0.001708984375,-0.0205078125,-0.017822265625,0.0224609375,0.011962890625,-0.0068359375,-0.01416015625,-0.01220703125,0.01953125,0.003662109375,-0.047607421875,-0.0498046875,-0.0498046875,-0.031982421875,-0.00390625,0.02685546875,-0.006103515625,-0.02001953125,-0.004150390625,0.007080078125,-0.009521484375,-0.03759765625,-0.033935546875,-0.02197265625,-0.032958984375,-0.04541015625,-0.04541015625,-0.014404296875,-0.017578125,-0.018310546875,0.02490234375,0.038330078125,0.013427734375,-0.020263671875,-0.02197265625,-0.007080078125,-0.02587890625,-0.03759765625,-0.012939453125,-0.00732421875,-0.00732421875,-0.0361328125,0.015380859375,0.023681640625,-0.007568359375,-0.02490234375,-0.01806640625,-0.016357421875,-0.027099609375,-0.019287109375,-0.00390625,-0.02197265625,-0.038330078125,-0.012939453125,-0.012939453125,0.02099609375,0.0009765625,-0.002685546875,-0.000244140625,-0.033447265625,-0.04345703125,-0.012451171875,0.00146484375,-0.009765625,-0.0185546875,-0.009521484375,0.009033203125,0.0029296875,0.0029296875,0.00341796875,0.011474609375,-0.0166015625,-0.039306640625,-0.023681640625,-0.026123046875,-0.03955078125,-0.01611328125,0.007568359375,-0.004638671875,-0.022216796875,-0.015380859375,0.011474609375,-0.013427734375,-0.044921875,-0.036865234375,-0.010009765625,-0.00390625,-0.015869140625,-0.0087890625,-0.000732421875,-0.024169921875,-0.024169921875,0.02001953125,0.02001953125,0.01123046875,-0.019287109375,-0.03076171875,-0.0341796875,-0.050537109375,-0.02587890625,0.009765625,-0.006591796875,-0.01708984375,-0.006591796875,0.0048828125,-0.00439453125,-0.02197265625,-0.019775390625,0.00537109375,-0.005126953125,-0.0263671875,-0.02001953125,-0.009033203125,-0.021484375,-0.03173828125,0.00732421875,0.03076171875,0.00048828125,-0.02490234375,-0.027587890625,-0.019775390625,-0.02734375,-0.00341796875,0.04736328125,0.022216796875,-0.02197265625,-0.02099609375,-0.00244140625,-0.00732421875,-0.02978515625,-0.035888671875,-0.00244140625,0.016845703125,0.0009765625,-0.018310546875,-0.03759765625,-0.036376953125,-0.04541015625,-0.02734375,0.015869140625,0.013916015625,-0.009765625,-0.019775390625,-0.01513671875,-0.01611328125,-0.0361328125,-0.03173828125,-0.000732421875,-0.015869140625,-0.017578125,0.022705078125,0.029541015625,-0.020751953125,-0.0390625,0.017333984375,0.025634765625,-0.031005859375,-0.029296875,-0.003662109375,-0.002685546875,-0.015625,-0.002197265625,0.042236328125,0.031494140625,-0.01220703125,-0.043212890625,-0.06494140625,-0.056884765625,-0.024658203125,0.0087890625,0.022705078125,-0.00439453125,-0.03076171875,-0.01171875,0.027587890625,-0.01513671875,-0.053466796875,-0.0146484375,0.018798828125,0.0009765625,-0.011962890625,-0.011962890625,-0.0234375,-0.050537109375,-0.0205078125,0.042724609375,0.04931640625,-0.000732421875,-0.021240234375,-0.0146484375,-0.021484375,-0.034912109375,-0.02734375,0.011962890625,-0.005615234375,-0.06005859375,-0.025390625,0.046630859375,0.027099609375,-0.042236328125,-0.03369140625,0.013916015625,-0.013916015625,-0.05859375,-0.03564453125,0.00830078125,-0.01708984375,-0.048828125,-0.01171875,0.03466796875,0.007080078125,-0.004638671875,0.017578125,0.017578125,-0.0048828125,-0.029296875,0.010986328125,0.01025390625,-0.049560546875,-0.0380859375,0.013916015625,0.008056640625,-0.01904296875,-0.0078125,0.018798828125,0.017578125,-0.02392578125,-0.0380859375,-0.012939453125,-0.020751953125,-0.0439453125,-0.03125,0.00537109375,-0.013916015625,-0.05224609375,0.01318359375,0.081298828125,0.025634765625,-0.060302734375,-0.045166015625,0.016845703125,-0.044921875,-0.029541015625,0.0029296875,0.0029296875,0.01611328125,0.010498046875,0.0205078125,-0.001220703125,-0.02001953125,0.004150390625,0.017822265625,-0.012451171875,-0.05322265625,-0.02880859375,0.014892578125,-0.023681640625,-0.081298828125,-0.046875,0.0439453125,0.04541015625,-0.0146484375,-0.021240234375,0.01025390625,-0.00634765625,-0.068115234375,-0.077392578125,-0.027587890625,-0.006103515625,0.00048828125,0.019775390625,0.01806640625,-0.01416015625,0.003173828125,-0.0126953125,-0.0380859375,0.00830078125,0.00830078125,0.04296875,-0.021240234375,-0.087646484375,-0.073974609375,0.005859375,0.013671875,-0.0341796875,-0.003662109375,0.061767578125,0.041015625,-0.056884765625,-0.097900390625,-0.0341796875,-0.0078125,-0.02587890625,0.010986328125,0.04345703125,-0.00048828125,-0.060791015625,-0.031982421875,0.01318359375,-0.014404296875,0.001953125,0.056640625,-0.06787109375,-0.08203125,0.0224609375,0.03857421875,-0.050537109375,-0.034423828125,-0.034423828125,0.07421875,0.051025390625,-0.074462890625,-0.083251953125,-0.000732421875,0.007080078125,-0.035888671875,0.001220703125,0.059326171875,-0.0087890625,-0.09375,-0.060302734375,-0.002197265625,-0.04248046875,-0.0673828125,0.044921875,0.094482421875,-0.0234375,-0.08447265625,-0.0078125,0.009521484375,-0.06494140625,0.07275390625,0.072998046875,-0.044677734375,-0.072265625,-0.0205078125,-0.031494140625,-0.055419921875,0.029541015625,0.029541015625,0.105712890625,0.021484375,-0.061279296875,-0.03076171875,-0.010498046875,-0.04150390625,-0.043701171875,0.01806640625,0.03857421875,-0.044189453125,-0.0693359375,0.013916015625,0.0244140625,-0.04931640625,-0.055419921875,0.014892578125,0.052001953125,-0.033447265625,-0.079833984375,-0.0224609375,0.007080078125,-0.00830078125,0.07421875,0.0625,-0.07275390625,-0.08544921875,0.017578125,0.01416015625,-0.05029296875,0.007080078125,0.069580078125,0.069580078125,-0.0224609375,-0.07275390625,-0.002685546875,0.022705078125,-0.045166015625,-0.065673828125,0.022705078125,0.069091796875,0.006591796875,-0.052490234375,-0.03369140625,-0.00634765625,-0.055908203125,-0.078369140625,-0.00341796875,0.038818359375,-0.03173828125,-0.041748046875,0.037353515625,0.043212890625,-0.03955078125,0.038330078125,0.02978515625,-0.046142578125,-0.053955078125,0.00244140625,0.01123046875,-0.046142578125,-0.047607421875,0.0390625,0.056640625,0.056640625,-0.011962890625,-0.021240234375,0.024169921875,0.0,-0.066650390625,-0.067626953125,-0.020751953125,-0.029296875,-0.069091796875,0.00732421875,0.081298828125,-0.0029296875,-0.057373046875,0.016845703125,0.05419921875,-0.021240234375,-0.067626953125,-0.015625,0.00927734375,-0.048583984375,-0.08642578125,-0.0126953125,0.062744140625,0.012939453125,-0.017822265625,0.02685546875,0.04736328125,-0.05859375,-0.0185546875,-0.01123046875,-0.072265625,-0.05517578125,0.0302734375,0.02294921875,-0.052978515625,-0.03564453125,0.05615234375,0.036865234375,-0.068115234375,-0.068115234375,-0.0634765625,0.036376953125,0.0068359375,-0.09716796875,-0.05908203125,0.030517578125,-0.0009765625,-0.037841796875,0.046142578125,0.07568359375,-0.00634765625,-0.041015625,-0.00244140625,-0.0078125,-0.0673828125,-0.0400390625,0.0234375,0.00732421875,-0.03466796875,0.055908203125,0.039794921875,-0.041015625,-0.038330078125,0.036376953125,0.016357421875,-0.071044921875,-0.06298828125,-0.009033203125,-0.050048828125,-0.077880859375,0.00537109375,0.072265625,0.072265625,0.02880859375,-0.0234375,0.001708984375,0.01904296875,-0.05078125,-0.092041015625,-0.038330078125,0.023193359375,-0.0048828125,-0.016845703125,0.047119140625,0.052001953125,-0.05078125,-0.07275390625,0.057373046875,-0.042724609375,-0.12744140625,0.014892578125,0.033935546875,-0.1220703125,-0.059814453125,0.12060546875,0.021728515625,-0.114501953125,0.02587890625,0.114990234375,-0.069580078125,-0.1591796875,-0.1591796875,0.01123046875,0.0654296875,-0.06982421875,0.089111328125,0.050048828125,-0.10888671875,-0.10888671875,-0.072265625,0.095947265625,0.08544921875,-0.05908203125,-0.068115234375,0.017333984375,0.0087890625,-0.082275390625,-0.031005859375,0.1044921875,0.044921875,-0.092041015625,-0.024658203125,0.079833984375,-0.128662109375,-0.03076171875,0.05419921875,-0.041748046875,-0.1015625,0.01708984375,0.066650390625,-0.0439453125,-0.05712890625,0.05322265625,0.063232421875,-0.078369140625,-0.10009765625,0.00830078125,0.009765625,0.009765625,-0.06982421875,-0.032470703125,0.093505859375,0.05712890625,-0.076416015625,-0.039794921875,0.065673828125,0.0244140625,-0.08203125,-0.021484375,0.0576171875,-0.0380859375,-0.12353515625,0.087158203125,0.00830078125,-0.076416015625,0.036865234375,0.10107421875,-0.05615234375,-0.11572265625,0.020751953125,0.01416015625,-0.117431640625,-0.066650390625,0.080322265625,0.029541015625,-0.097412109375,-0.012451171875,0.0986328125,0.013916015625,0.013916015625,-0.083740234375,-0.013427734375,0.047607421875,-0.045654296875,-0.105712890625,-0.016357421875,0.064697265625,0.004638671875,-0.07958984375,0.011962890625,0.108154296875,-0.08837890625,-0.009521484375,0.036865234375,-0.04736328125,-0.088134765625,-0.02294921875,0.006103515625,-0.04541015625,-0.04150390625,0.044189453125,0.065185546875,-0.022705078125,-0.0576171875,0.020751953125,0.0498046875,-0.08642578125,-0.111572265625,0.02294921875,0.02294921875,0.0234375,-0.0810546875,-0.017333984375,0.10986328125,0.0498046875,-0.067138671875,-0.025634765625,0.072509765625,0.00341796875,-0.101806640625,-0.05126953125,-0.0224609375,-0.109619140625,-0.01416015625,0.104248046875,0.014892578125,-0.091796875,0.00830078125,0.091064453125,-0.04248046875,-0.11083984375,-0.01318359375,0.027587890625,-0.0830078125,-0.107666015625,0.029296875,0.07275390625,-0.02587890625,-0.04248046875,0.06005859375,0.06005859375,0.0537109375,-0.068359375,-0.05029296875,0.0400390625,-0.021240234375,-0.103271484375,-0.020263671875,0.06201171875,-0.080322265625,0.04150390625,0.082763671875,-0.01416015625,-0.01171875,0.017333984375,-0.031005859375,-0.06201171875,-0.041015625,-0.012451171875,0.0029296875,-0.051025390625,-0.0556640625,0.04248046875,0.050537109375,-0.036376953125,-0.0419921875,0.032958984375,0.027099609375,-0.057373046875,-0.057373046875,-0.057861328125,-0.011474609375,-0.0322265625,-0.041748046875,0.02294921875,0.04248046875,-0.006103515625,0.01025390625,0.038330078125,-0.058837890625,-0.052001953125,-0.0126953125,-0.0029296875,-0.048095703125,-0.06396484375,0.013916015625,0.047607421875,0.000732421875,-0.010986328125,0.003173828125,-0.0185546875,-0.0341796875,-0.034912109375,-0.051513671875,-0.028564453125,-0.01708984375,-0.029296875,0.024169921875,0.062744140625,-0.0078125,-0.0078125,-0.0341796875,0.0234375,0.00732421875,-0.0322265625,-0.02001953125,-0.03125,-0.0234375,-0.0380859375,0.03466796875,0.08544921875,-0.013916015625,-0.065673828125,0.034912109375,0.040283203125,-0.040771484375,-0.055908203125,-0.046142578125,-0.04931640625,-0.04345703125,-0.01318359375,0.005615234375,0.000244140625,-0.005126953125,0.014404296875,0.036376953125,-0.022705078125,-0.087890625,-0.037353515625,0.008544921875,-0.0712890625,-0.0712890625,-0.0908203125,0.046630859375,0.102294921875,0.007568359375,-0.03271484375,0.031005859375,-0.0048828125,-0.059814453125,-0.061279296875,-0.036376953125,-0.029052734375,-0.0009765625,0.051513671875,0.009765625,-0.05078125,0.012939453125,0.06298828125,-0.027099609375,-0.09912109375,-0.023193359375,0.026123046875,-0.0703125,-0.109130859375,0.00390625,0.060302734375,0.01171875,0.01953125,0.033203125,0.0205078125,0.00927734375,-0.03466796875,-0.041015625,-0.041015625,-0.012939453125,-0.0419921875,-0.056884765625,0.012451171875,-0.060546875,-0.007568359375,0.06689453125,0.023193359375,-0.032470703125,-0.001708984375,0.018798828125,-0.049560546875,-0.090576171875,-0.08251953125,-0.02001953125,0.04345703125,0.004150390625,-0.04931640625,-0.018798828125,0.023193359375,0.005859375,-0.01806640625,-0.031494140625,-0.0439453125,-0.00244140625,0.009521484375,-0.033935546875,-0.042236328125,-0.00390625,0.0341796875,0.0341796875,0.00732421875,-0.05078125,-0.062744140625,0.011962890625,0.009765625,-0.024658203125,-0.05126953125,-0.01123046875,0.001953125,0.0107421875,0.0234375,-0.02978515625,-0.044921875,0.004638671875,-0.0009765625,-0.0458984375,-0.02001953125,-0.00439453125,-0.0341796875,0.0166015625,0.022705078125,-0.035888671875,0.015380859375,0.060791015625,0.00048828125,-0.032958984375,-0.01611328125,-0.050048828125,-0.043212890625,-0.043212890625,0.02392578125,0.010009765625,0.02783203125,-0.005615234375,-0.041259765625,-0.018310546875,-0.01025390625,-0.02099609375,0.009033203125,0.0263671875,-0.027099609375,-0.04345703125,-0.013427734375,-0.02490234375,0.00634765625,0.00634765625,-0.041259765625,-0.012939453125,0.024658203125,0.0078125,-0.02734375,-0.0830078125,-0.06884765625,0.019775390625,0.01806640625,0.00048828125,0.0009765625,-0.06591796875,-0.02001953125,0.026611328125,0.026611328125,-0.04541015625,0.033447265625,-0.0361328125,-0.0478515625,0.015380859375,-0.005126953125,0.000244140625,0.01953125,-0.04638671875,-0.042724609375,0.04248046875,0.008056640625,-0.076171875,-0.06103515625,-0.01708984375,0.03369140625,0.072265625,0.00732421875,-0.08154296875,-0.059814453125,0.0126953125,0.068359375,0.087646484375,0.0166015625,-0.060302734375,-0.057373046875,-0.03662109375,-0.0283203125,-0.02294921875,-0.05908203125,-0.074951171875,0.006103515625,0.056884765625,0.046875,0.044189453125,0.03173828125,0.013427734375,-0.02099609375,-0.063720703125,-0.0830078125,-0.08349609375,-0.068359375,-0.041015625,0.0009765625,0.037841796875,0.025634765625,0.00146484375,0.015380859375,0.031005859375,0.002685546875,-0.02587890625,0.009765625,0.0458984375,-0.013427734375,-0.08984375,-0.065185546875,-0.013427734375,-0.037353515625,-0.0361328125,-0.002197265625,-0.002197265625,0.06103515625,0.036865234375,-0.046875,0.03955078125,-0.027099609375,-0.044921875,0.048828125,-0.1240234375,0.001708984375,0.05859375,-0.09033203125,0.04296875,-0.060302734375,-0.02734375,0.047607421875,-0.085205078125,-0.034423828125,-0.00634765625,0.00830078125,0.07958984375,0.02685546875,0.016845703125,-0.00244140625,-0.0556640625,-0.02392578125,-0.08056640625,-0.048583984375,0.0048828125,0.017822265625,0.017822265625,-0.021484375,-0.028076171875,-0.0107421875,0.01806640625,0.036376953125,0.005859375,0.000244140625,-0.022705078125,-0.042236328125,-0.01416015625,-0.03564453125,-0.0390625,-0.019287109375,-0.0400390625,-0.0400390625,0.010009765625,0.039794921875,0.010009765625,-0.00244140625,-0.015625,-0.042724609375,-0.005615234375,0.039306640625,0.015869140625,-0.036865234375,-0.077392578125,-0.0458984375,0.0205078125,-0.04150390625,-0.02587890625,0.013671875,0.013671875,0.022705078125,0.0087890625,-0.034912109375,-0.040771484375,0.019775390625,0.065185546875,0.004150390625,-0.091064453125,-0.088134765625,0.032958984375,0.081298828125,-0.027587890625,-0.102783203125,-0.039794921875,0.0869140625,0.07373046875,-0.091064453125,-0.1240234375,0.02392578125,0.12744140625,0.028564453125,-0.1162109375,-0.068603515625,0.0732421875,0.0439453125,-0.12548828125,0.044921875,0.130859375,-0.046630859375,-0.122802734375,-0.122802734375,0.021728515625,0.095458984375,0.010009765625,-0.085205078125,-0.039794921875,0.0458984375,0.01123046875,-0.035888671875,-0.035888671875,-0.013916015625,-0.00537109375,-0.015625,-0.008056640625,-0.0654296875,-0.088134765625,0.03564453125,0.087158203125,-0.011962890625,-0.059326171875,0.001953125,0.041259765625,-0.0234375,-0.1083984375,-0.02734375,0.053955078125,-0.072998046875,0.0009765625,0.029296875,-0.0361328125,-0.052978515625,-0.052978515625,0.0185546875,0.0244140625,0.0029296875,0.003173828125,0.035888671875,0.037109375,-0.04833984375,-0.046630859375,0.033447265625,-0.000244140625,-0.05322265625,-0.012451171875,0.03955078125,0.0048828125,-0.06005859375,-0.017578125,0.014892578125,-0.012451171875,-0.015869140625,0.025146484375,0.032470703125,-0.048583984375,-0.078125,0.025146484375,-0.064453125,-0.06884765625,0.01953125,0.025390625,-0.03857421875,-0.03857421875,-0.058837890625,0.005615234375,0.02685546875,-0.039794921875,-0.044189453125,0.01513671875,0.014404296875,-0.0361328125,-0.02978515625,0.02001953125,0.001220703125,-0.055419921875,-0.01171875,0.059814453125,0.001220703125,-0.0830078125,-0.038818359375,0.045166015625,-0.009521484375,-0.073486328125,0.007080078125,0.0537109375,0.00537109375,-0.032958984375,0.002685546875,0.006103515625,-0.075439453125,0.012451171875,0.037841796875,-0.03564453125,-0.03369140625,0.033203125,0.03564453125,-0.0380859375,-0.0380859375,-0.0546875,0.01904296875,0.030029296875,-0.063720703125,-0.05029296875,0.041259765625,0.015380859375,-0.0498046875,-0.0322265625,0.02587890625,0.00146484375,-0.06103515625,-0.0322265625,0.015380859375,-0.01220703125,-0.044189453125,0.001220703125,0.01806640625,-0.040771484375,-0.06591796875,0.031982421875,-0.0234375,-0.042236328125,0.01708984375,0.0283203125,-0.058837890625,-0.064208984375,0.012939453125,0.01416015625,0.01416015625,-0.04443359375,-0.03173828125,0.034912109375,0.03173828125,-0.0224609375,0.00048828125,0.038818359375,-0.006103515625,-0.06689453125,-0.05126953125,0.0087890625,-0.001220703125,-0.03173828125,0.0263671875,0.0478515625,-0.03515625,-0.0595703125,0.019287109375,0.024169921875,-0.0576171875,-0.0703125,-0.00439453125,-0.017822265625,-0.0107421875,0.0400390625,0.017578125,-0.080810546875,-0.074462890625,0.029296875,0.03076171875,-0.041259765625,-0.0234375,-0.0234375,0.040283203125,0.0048828125,-0.069091796875,-0.02001953125,0.02294921875,-0.0224609375,-0.043701171875,0.01416015625,0.0595703125,-0.008544921875,-0.070556640625,-0.0078125,0.024658203125,-0.06494140625,-0.08056640625,0.048095703125,-0.033935546875,-0.039794921875,0.0361328125,0.0361328125,-0.05517578125,-0.068359375,0.02490234375,0.02490234375,0.01953125,-0.062744140625,-0.029296875,0.048095703125,0.0078125,-0.052978515625,-0.0078125,0.048583984375,-0.01171875,-0.07177734375,0.020263671875,-0.021484375,-0.05859375,0.01513671875,0.053955078125,-0.031982421875,-0.068603515625,-0.009765625,-0.009765625,0.007080078125,-0.05078125,-0.04345703125,0.045654296875,0.0576171875,-0.039794921875,-0.067138671875,0.01123046875,0.0126953125,-0.062744140625,0.047607421875,0.036865234375,-0.042236328125,-0.015380859375,0.051025390625,0.00390625,-0.080322265625,-0.046630859375,0.022705078125,0.022705078125,0.00341796875,-0.03662109375,0.014404296875,0.0625,-0.003662109375,-0.0634765625,-0.00927734375,0.023681640625,-0.044921875,0.013671875,0.0283203125,-0.030517578125,-0.03515625,0.033447265625,0.0244140625,-0.070068359375,-0.066162109375,0.030517578125,0.030517578125,0.031005859375,-0.05224609375,-0.04150390625,0.034912109375,0.00048828125,-0.08349609375,-0.029296875,0.0576171875,-0.00439453125,0.00927734375,0.063232421875,-0.01416015625,-0.07763671875,-0.019775390625,0.03662109375,-0.038330078125,-0.079345703125,0.029541015625,0.06689453125,0.06689453125,-0.045654296875,-0.073974609375,0.0302734375,0.045166015625,-0.04931640625,-0.063720703125,0.029052734375,0.025390625,-0.07763671875,0.058349609375,0.060791015625,-0.062255859375,-0.0478515625,0.051025390625,0.051025390625,0.016357421875,-0.0703125,-0.020263671875,0.078369140625,-0.009765625,-0.015625,0.082275390625,0.00439453125,-0.078857421875,0.00732421875,0.0732421875,-0.02587890625,-0.02587890625,-0.087646484375,0.004638671875,0.058349609375,-0.043212890625,0.001220703125,0.049560546875,-0.0400390625,-0.076416015625,0.0126953125,0.0322265625,-0.0439453125,-0.0439453125,-0.048583984375,0.045166015625,0.02783203125,-0.076171875,-0.05859375,0.001708984375,-0.068603515625,-0.0078125,0.06982421875,0.0068359375,-0.0673828125,0.007568359375,0.007568359375,0.062255859375,-0.03662109375,-0.085693359375,-0.001953125,-0.015380859375,-0.061767578125,0.020263671875,0.047119140625,-0.052978515625,-0.066162109375,0.0302734375,0.040771484375,0.040771484375,-0.05712890625,-0.068359375,0.0380859375,-0.08349609375,-0.03125,0.068359375,0.017578125,-0.08349609375,-0.026123046875,0.090087890625,0.025146484375,0.025146484375,-0.09716796875,-0.05322265625,0.041015625,0.0029296875,-0.01025390625,0.0712890625,-0.025390625,-0.076416015625,0.014404296875,0.052001953125,-0.037841796875,-0.0771484375,-0.0771484375,0.01904296875,0.03759765625,-0.067626953125,-0.065185546875,0.022705078125,-0.084228515625,-0.06103515625,0.08349609375,0.042724609375,-0.089599609375,-0.055908203125,0.049072265625,0.049072265625,0.015380859375,-0.084716796875,-0.034912109375,0.07373046875,-0.07958984375,-0.0078125,0.076904296875,0.003662109375,-0.07861328125,-0.005859375,0.05029296875,-0.03759765625,-0.078857421875,-0.078857421875,0.0244140625,0.0703125,-0.04052734375,-0.083251953125,0.02587890625,0.04931640625,-0.06640625,0.04833984375,0.041748046875,-0.091796875,-0.067626953125,0.0712890625,0.04150390625,-0.083251953125,-0.05517578125,0.06298828125,0.02099609375,-0.09326171875,-0.028076171875,0.080322265625,-0.000732421875,-0.09228515625,-0.09228515625,-0.017578125,0.056396484375,-0.028564453125,0.016845703125,0.083740234375,-0.031005859375,-0.087158203125,0.02099609375,0.057861328125,-0.04296875,-0.08984375,0.019287109375,0.04833984375,-0.054443359375,-0.054443359375,-0.048828125,0.049072265625,0.021240234375,-0.062744140625,0.0869140625,0.0419921875,-0.08740234375,-0.04638671875,0.0556640625,-0.0009765625,-0.09716796875,-0.025390625,0.06982421875,0.06982421875,0.00390625,-0.07666015625,0.066162109375,-0.033935546875,-0.09228515625,0.00341796875,0.040771484375,-0.06689453125,-0.085205078125,0.054443359375,0.0859375,-0.049560546875,-0.094970703125,-0.094970703125,0.0263671875,0.032470703125,-0.072021484375,0.086181640625,0.055908203125,-0.076171875,-0.03173828125,0.054931640625,-0.019287109375,-0.11376953125,-0.017822265625,0.114501953125,0.02490234375,0.02490234375,-0.087890625,-0.0078125,-0.0341796875,-0.116455078125,0.005859375,0.069091796875,-0.04736328125,-0.093017578125,0.036376953125,0.092529296875,-0.045654296875,-0.079345703125,0.063720703125,0.063720703125,0.060791015625,-0.102294921875,0.024169921875,0.0224609375,-0.0810546875,-0.0263671875,0.102783203125,0.0400390625,-0.116943359375,-0.08544921875,0.057373046875,0.006103515625,0.006103515625,-0.111572265625,0.1103515625,-0.006591796875,-0.1142578125,-0.00146484375,0.1123046875,-0.00537109375,-0.106201171875,0.001220703125,0.07763671875,-0.0361328125,-0.120361328125,-0.120361328125,0.003662109375,-0.04541015625,-0.068359375,0.057861328125,0.062255859375,-0.069580078125,-0.0908203125,0.044189453125,0.04150390625,-0.108642578125,-0.0830078125,0.06298828125,0.06298828125,-0.0654296875,-0.00927734375,0.08251953125,-0.003173828125,-0.106689453125,-0.02490234375,0.067626953125,-0.02587890625,-0.107666015625,0.0068359375,0.09765625,0.09765625,-0.015625,0.0263671875,0.0927734375,-0.048828125,-0.1220703125,0.013916015625,0.071044921875,-0.05322265625,-0.08349609375,0.022705078125,0.02197265625,-0.082763671875,-0.082763671875,0.063720703125,0.01953125,-0.0859375,-0.03955078125,0.074462890625,0.017578125,-0.086669921875,-0.04052734375,0.0380859375,-0.0322265625,-0.10791015625,0.01025390625,0.10595703125,-0.001708984375,-0.0791015625,0.0068359375,0.0419921875,-0.066650390625,-0.0791015625,0.0693359375,0.094482421875,-0.082763671875,-0.102294921875,0.067626953125,0.055908203125,0.055908203125,-0.078857421875,0.081787109375,0.048583984375,-0.114990234375,-0.06201171875,0.1015625,0.01611328125,-0.139404296875,-0.052001953125,0.10400390625,0.0068359375,-0.1376953125,-0.01904296875,-0.01904296875,-0.00048828125,-0.105712890625,-0.00341796875,0.09033203125,-0.038330078125,-0.12841796875,0.012939453125,0.0791015625,-0.0517578125,-0.083251953125,0.062255859375,0.099609375,-0.07470703125,-0.10888671875,0.070068359375,0.062744140625,-0.109619140625,-0.09765625,0.051513671875,0.03173828125,-0.0947265625,-0.04736328125,0.098876953125,0.02880859375,-0.116943359375,-0.04638671875,0.07373046875,-0.00732421875,-0.109619140625,0.012451171875,0.1337890625,-0.01416015625,-0.14892578125,-0.016357421875,0.099365234375,-0.046630859375,-0.11474609375,0.070068359375,0.128662109375,-0.059326171875,-0.126953125,0.01953125,0.061767578125,-0.072021484375,-0.06640625,0.084716796875,0.055908203125,-0.08642578125,-0.024658203125,0.097900390625,-0.022216796875,-0.1640625,-0.0673828125,0.0712890625,-0.02734375,-0.129150390625,0.018310546875,0.134033203125,-0.025146484375,-0.12841796875,0.02685546875,0.115966796875,-0.04931640625,-0.13916015625,0.027587890625,0.091064453125,-0.068115234375,-0.08984375,0.06689453125,0.0654296875,-0.085693359375,-0.076171875,0.07177734375,0.027587890625,-0.098388671875,-0.00341796875,0.10498046875,-0.01513671875,-0.1552734375,-0.0341796875,0.1123046875,-0.01806640625,-0.120361328125,0.13623046875,0.13623046875,-0.045166015625,-0.180908203125,-0.006103515625,0.124267578125,-0.025146484375,-0.1279296875,-0.004638671875,0.08447265625,-0.025146484375,-0.0810546875,0.0478515625,0.075439453125,-0.07958984375,-0.091796875,0.064453125,0.04345703125,-0.109619140625,-0.044189453125,0.115478515625,0.034423828125,-0.14306640625,-0.066162109375,0.11474609375,0.032958984375,-0.140380859375,-0.0400390625,0.1103515625,-0.010498046875,-0.119873046875,-0.015869140625,0.089599609375,-0.009033203125,-0.095458984375,-0.005615234375,0.0517578125,-0.04541015625,-0.07861328125,0.07373046875,0.07373046875,-0.09814453125,-0.098876953125,0.06982421875,0.0341796875,-0.10400390625,-0.0224609375,0.12353515625,0.053955078125,-0.114501953125,-0.05029296875,0.07666015625,-0.108154296875,-0.108154296875,-0.035888671875,0.083984375,-0.02294921875,-0.120361328125,0.010498046875,0.083740234375,-0.029541015625,-0.09814453125,0.00830078125,0.0830078125,-0.077880859375,-0.077880859375,0.0478515625,0.038330078125,-0.081787109375,-0.07421875,0.047607421875,0.037841796875,-0.07958984375,-0.033447265625,0.078369140625,0.025390625,-0.064453125,-0.06640625,0.04931640625,-0.046875,-0.080322265625,-0.010986328125,0.0673828125,-0.008544921875,-0.07177734375,-0.002197265625,0.063232421875,-0.033935546875,0.008056640625,0.04736328125,0.04736328125,-0.05322265625,-0.0625,0.0400390625,0.049072265625,-0.06494140625,-0.051513671875,0.062744140625,0.03857421875,-0.0703125,-0.039794921875,0.01904296875,-0.116455078125,-0.116455078125,-0.060791015625,0.0771484375,0.022705078125,-0.068115234375,-0.001708984375,0.051513671875,-0.020263671875,-0.083251953125,-0.018310546875,0.055419921875,-0.019775390625,0.00537109375,0.04931640625,0.04931640625,-0.014404296875,-0.01904296875,0.034423828125,0.000732421875,-0.09375,-0.063720703125,0.017822265625,0.014404296875,-0.012939453125,-0.0205078125,0.006591796875,-0.0703125,-0.04443359375,0.0654296875,0.0654296875,0.039794921875,-0.0380859375,-0.033447265625,0.003173828125,-0.01904296875,-0.0576171875,-0.023681640625,0.0234375,-0.007568359375,-0.034912109375,0.043212890625,0.014892578125,-0.04443359375,-0.04443359375,-0.038818359375,-0.023681640625,-0.07421875,-0.05517578125,0.034423828125,0.057373046875,0.000244140625,-0.033203125,-0.024658203125,-0.026123046875,-0.052734375,0.002685546875,0.014404296875,0.014404296875,-0.0263671875,0.007080078125,0.0166015625,-0.013916015625,-0.006103515625,-0.009521484375,-0.02880859375,-0.03857421875,-0.049072265625,0.044189453125,-0.01123046875,-0.0361328125,-0.008056640625,-0.008056640625,-0.00341796875,-0.0390625,-0.04638671875,-0.007080078125,0.02197265625,-0.010498046875,-0.046875,-0.02001953125,0.0185546875,-0.0244140625,-0.005615234375,-0.003662109375,-0.025634765625,-0.025634765625,-0.0361328125,-0.0107421875,-0.0009765625,-0.009765625,-0.011474609375,0.002685546875,0.01416015625,-0.006103515625,-0.0087890625,-0.0244140625,-0.052734375,-0.019287109375,0.000244140625,0.000244140625,-0.009765625,-0.011962890625,0.0078125,0.0126953125,-0.027099609375,-0.028564453125,-0.01611328125,-0.015380859375,-0.0146484375,-0.026123046875,-0.015625,-0.0146484375,-0.0146484375,-0.025146484375,-0.0107421875,0.029296875,0.016845703125,-0.04248046875,-0.036865234375,-0.005615234375,-0.05126953125,-0.019775390625,0.02099609375,0.021728515625,0.021728515625,0.004638671875,0.0078125,0.01611328125,-0.006591796875,-0.0390625,-0.039306640625,-0.03076171875,-0.010009765625,0.007568359375,0.020263671875,0.020263671875,0.00146484375,-0.04248046875,-0.03759765625,-0.021484375,-0.028076171875,-0.013916015625,0.0078125,-0.014404296875,-0.04052734375,-0.0107421875,-0.0029296875,-0.016845703125,-0.016845703125,-0.01025390625,-0.001953125,0.001708984375,0.009765625,-0.0048828125,-0.007568359375,-0.047607421875,-0.0390625,-0.00146484375,-0.003173828125,-0.003173828125,-0.01708984375,0.00830078125,0.033935546875,0.01611328125,-0.034912109375,-0.023681640625,-0.027587890625,-0.063720703125,-0.033935546875,-0.002197265625,0.003662109375,0.003662109375,0.003662109375,0.005126953125,0.007080078125,-0.0234375,-0.053466796875,-0.021240234375,-0.034912109375,0.001220703125,0.033447265625,-0.011962890625,-0.046630859375,-0.046630859375,-0.030517578125,0.026123046875,0.00439453125,-0.04931640625,-0.0205078125,0.00390625,-0.02587890625,-0.00390625,0.046630859375,0.03173828125,-0.017333984375,-0.017333984375,-0.02685546875,-0.02880859375,-0.0341796875,-0.015625,-0.003173828125,-0.020751953125,-0.0146484375,-0.010986328125,-0.03955078125,-0.04541015625,-0.04541015625,-0.015869140625,0.02001953125,-0.004638671875,-0.04052734375,-0.011962890625,0.024169921875,0.037353515625,-0.064208984375,-0.040771484375,-0.019775390625,-0.03466796875,-0.035400390625,-0.008544921875,0.02685546875,0.02685546875,0.036376953125,-0.0068359375,-0.045654296875,-0.02099609375,0.0244140625,0.01416015625,-0.0126953125,0.030517578125,0.011962890625,-0.0146484375,-0.034423828125,-0.031494140625,-0.00341796875,-0.00341796875,-0.013427734375,-0.043212890625,0.000732421875,0.021728515625,-0.009033203125,0.02490234375,-0.021240234375,0.012939453125,-0.034423828125,-0.03955078125,-0.03857421875,-0.021728515625,0.008056640625,-0.001220703125,-0.00146484375,-0.00146484375,-0.003173828125,-0.021484375,-0.015869140625,-0.046875,-0.021484375,-0.01611328125,-0.02001953125,0.00634765625,0.00390625,0.021240234375,0.00830078125,-0.0361328125,-0.00244140625,-0.00244140625,-0.0546875,0.00048828125,-0.052490234375,-0.0322265625,0.002197265625,0.047119140625,-0.02099609375,0.01708984375,0.110595703125,-0.087646484375,-0.00927734375,-0.025634765625,-0.140625,-0.140625,0.03125,0.01220703125,-0.02587890625,0.0634765625,0.01171875,-0.005859375,-0.02783203125,-0.037353515625,-0.030029296875,-0.0205078125,-0.02685546875,0.011962890625,0.011962890625,0.01220703125,-0.010498046875,0.0048828125,-0.02392578125,-0.026123046875,-0.0068359375,-0.010986328125,-0.007080078125,0.0078125,-0.00341796875,-0.02001953125,-0.00244140625,-0.0146484375,-0.0146484375,-0.0234375,-0.040283203125,-0.08154296875,-0.057861328125,-0.009033203125,0.01220703125,0.074462890625,0.054931640625,0.0341796875,-0.0087890625,-0.050537109375,-0.052490234375,-0.042724609375,-0.042724609375,-0.0390625,-0.04052734375,-0.044921875,-0.039306640625,0.01416015625,0.03662109375,0.035400390625,0.000244140625,-0.04638671875,-0.076171875,-0.039306640625,0.04736328125,0.04736328125,0.075439453125,0.003173828125,-0.09228515625,-0.1123046875,0.023193359375,-0.019287109375,-0.071044921875,-0.0185546875,0.04443359375,0.01953125,-0.021484375,0.0244140625,0.0244140625,0.031494140625,-0.05908203125,-0.039794921875,-0.04296875,-0.015869140625,-0.014404296875,-0.113037109375,-0.025390625,0.130126953125,0.072509765625,-0.013916015625,-0.013916015625,-0.021728515625,-0.048095703125,-0.034423828125,-0.037841796875,-0.0244140625,0.05859375,0.041015625,-0.042724609375,-0.045166015625,-0.003662109375,0.012939453125,0.010009765625,0.010009765625,-0.012939453125,-0.0166015625,0.020751953125,-0.052978515625,-0.053466796875,0.007568359375,0.035888671875,0.00537109375,-0.0009765625,-0.025634765625,-0.029052734375,-0.03125,-0.03125,-0.05615234375,-0.027587890625,0.046630859375,0.000244140625,-0.10205078125,-0.101318359375,-0.032958984375,0.052001953125,0.0634765625,-0.034912109375,-0.09814453125,-0.048095703125,-0.048095703125,-0.017822265625,-0.021484375,-0.010009765625,-0.043701171875,0.00146484375,0.039794921875,0.03125,-0.011474609375,-0.07470703125,-0.094970703125,-0.036376953125,0.05078125,0.05078125,0.053466796875,-0.01806640625,-0.070068359375,-0.018310546875,0.02978515625,0.058837890625,0.0517578125,0.009765625,-0.043701171875,-0.0927734375,-0.0693359375,0.017333984375,0.067626953125,0.067626953125,0.03125,-0.031982421875,0.012451171875,-0.00244140625,-0.05712890625,-0.040283203125,0.06201171875,0.083251953125,-0.050048828125,-0.10595703125,0.00439453125,0.092041015625,0.022216796875,0.022216796875,-0.1162109375,-0.070068359375,0.031494140625,-0.131591796875,-0.09619140625,0.08642578125,0.070556640625,-0.088134765625,-0.066162109375,0.092041015625,0.0673828125,-0.1337890625,-0.136474609375,-0.136474609375,0.037353515625,-0.081298828125,-0.069091796875,0.068603515625,0.04052734375,-0.10791015625,-0.06884765625,0.086669921875,0.068603515625,-0.08203125,-0.077392578125,0.050537109375,0.0205078125,0.0205078125,-0.090576171875,0.059814453125,0.073486328125,-0.024658203125,-0.029052734375,0.065185546875,0.04541015625,-0.0556640625,-0.040771484375,0.0087890625,-0.01171875,-0.03662109375,-0.0185546875,-0.0185546875,0.008056640625,0.03466796875,0.004638671875,-0.01953125,-0.02294921875,-0.01025390625,0.0029296875,-0.0615234375,-0.09716796875,-0.02734375,0.031982421875,-0.004150390625,-0.024658203125,-0.024658203125,0.025146484375,-0.01416015625,-0.02734375,-0.01220703125,-0.000732421875,-0.045654296875,-0.082275390625,-0.026123046875,-0.00341796875,-0.048095703125,-0.0107421875,0.079833984375,0.045166015625,0.045166015625,-0.06494140625,0.040771484375,0.012451171875,-0.080810546875,-0.095947265625,-0.010009765625,0.015625,-0.04931640625,-0.023681640625,0.067138671875,0.028076171875,-0.06884765625,-0.02294921875,-0.02294921875,0.010009765625,-0.083251953125,-0.05810546875,0.019287109375,-0.014404296875,-0.070556640625,0.01806640625,0.095947265625,0.01953125,-0.052734375,0.01025390625,0.01025390625,-0.01904296875,-0.05908203125,-0.00634765625,0.0048828125,-0.07080078125,-0.05712890625,0.0615234375,0.071044921875,-0.06982421875,-0.068359375,0.074951171875,0.068115234375,0.068115234375,-0.121826171875,0.052978515625,0.05322265625,-0.121337890625,-0.103271484375,0.109619140625,0.10302734375,-0.09814453125,-0.090576171875,0.07373046875,0.0498046875,0.0498046875,-0.076171875,0.052734375,0.010498046875,-0.111572265625,-0.03466796875,0.101806640625,0.016357421875,-0.08544921875,0.0146484375,0.08544921875,-0.0419921875,-0.109375,0.010498046875,0.044677734375,-0.06689453125,-0.082275390625,0.01123046875,0.03515625,-0.03173828125,-0.017578125,0.0498046875,0.003173828125,-0.046875,-0.003173828125,0.0166015625,-0.05615234375,-0.09228515625,-0.014404296875,0.039794921875,0.010009765625,-0.0234375,0.0263671875,0.06201171875,-0.022705078125,-0.072509765625,0.013427734375,0.06201171875,-0.0517578125,-0.09765625,0.0,0.03076171875,-0.04150390625,-0.033203125,0.06640625,0.046630859375,-0.0537109375,-0.032470703125,0.043701171875,-0.03515625,-0.133544921875,-0.03369140625,0.066162109375,-0.0068359375,-0.08642578125,-0.00048828125,0.076904296875,-0.014892578125,-0.081298828125,-0.00390625,0.048828125,-0.05029296875,-0.094482421875,0.012939453125,0.04833984375,-0.057861328125,-0.066650390625,0.059326171875,0.064208984375,-0.051025390625,-0.03662109375,0.055908203125,0.01171875,-0.106689453125,-0.05859375,0.081298828125,0.017822265625,-0.109375,-0.037841796875,0.07861328125,0.019775390625,-0.0869140625,-0.010986328125,0.06982421875,-0.034423828125,-0.095703125,0.009765625,0.065185546875,-0.047607421875,-0.096435546875,0.018798828125,0.06982421875,-0.030029296875,-0.06591796875,0.04736328125,0.063232421875,-0.071044921875,-0.07861328125,0.05224609375,0.058837890625,-0.09033203125,-0.091796875,0.044677734375,0.048095703125,-0.044677734375,-0.028564453125,0.050048828125,0.01318359375,-0.0390625,-0.0390625,0.0517578125,-0.010009765625,-0.105712890625,-0.049560546875,0.044189453125,-0.00634765625,-0.068115234375,0.0068359375,0.061767578125,-0.03173828125,-0.087158203125,0.02197265625,-0.03515625,-0.03515625,-0.09228515625,-0.01171875,0.047119140625,-0.03271484375,-0.060302734375,0.04345703125,0.060791015625,-0.05419921875,-0.060791015625,0.050537109375,0.02880859375,-0.08056640625,0.03466796875,0.03466796875,0.009033203125,-0.083984375,-0.02392578125,0.078857421875,0.012939453125,-0.088623046875,-0.01123046875,0.07373046875,-0.005859375,-0.096923828125,-0.044189453125,0.0380859375,-0.084716796875,0.0,0.0,0.081787109375,0.016357421875,-0.039794921875,0.021484375,0.05908203125,-0.01708984375,-0.07568359375,-0.012939453125,0.025634765625,-0.041015625,0.01708984375,0.01708984375,0.057373046875,-0.03271484375,-0.0703125,0.0224609375,0.021240234375,-0.063720703125,-0.064697265625,0.018798828125,0.018798828125,-0.070556640625,0.02978515625,0.017333984375,0.017333984375,-0.0498046875,-0.02392578125,0.048583984375,0.007080078125,-0.060791015625,-0.02783203125,0.02099609375,-0.034423828125,-0.083984375,0.0009765625,0.005126953125,-0.02392578125,-0.02392578125,0.02587890625,0.020751953125,-0.065185546875,-0.052978515625,0.031005859375,0.00244140625,-0.07275390625,-0.061767578125,0.015380859375,-0.01123046875,0.021240234375,0.091796875,0.091796875,0.018798828125,-0.099365234375,-0.039794921875,0.050537109375,-0.034423828125,-0.11376953125,-0.02392578125,0.0888671875,0.01708984375,0.006103515625,0.078125,-0.009765625,-0.009765625,-0.0986328125,0.0029296875,0.087646484375,-0.0234375,-0.108642578125,-0.0341796875,0.03564453125,-0.02685546875,-0.047119140625,0.053955078125,-0.057861328125,-0.06005859375,-0.06005859375,0.037841796875,0.012451171875,-0.10791015625,-0.0673828125,0.051025390625,0.007568359375,-0.089599609375,-0.035400390625,0.06689453125,-0.083251953125,-0.00732421875,-0.00732421875,0.080810546875,0.00244140625,-0.082763671875,-0.029052734375,0.0126953125,-0.05322265625,-0.03955078125,0.066162109375,0.08447265625,-0.025146484375,0.022216796875,0.023193359375,-0.083984375,-0.083984375,-0.06689453125,0.061279296875,0.042236328125,-0.094482421875,-0.0693359375,0.039794921875,0.004638671875,-0.072265625,0.008056640625,-0.014404296875,-0.1083984375,-0.035400390625,0.00927734375,0.00927734375,-0.05078125,-0.051025390625,0.0712890625,0.0771484375,-0.061767578125,-0.072021484375,0.034912109375,0.047607421875,-0.050048828125,0.066650390625,0.060791015625,-0.078369140625,-0.093505859375,-0.093505859375,0.024658203125,0.042236328125,-0.04150390625,-0.0146484375,0.074951171875,0.01904296875,-0.108154296875,-0.070556640625,0.044189453125,-0.08935546875,-0.01171875,0.0595703125,-0.016357421875,-0.016357421875,-0.0830078125,-0.011474609375,0.055908203125,-0.01904296875,-0.081298828125,0.01025390625,0.08154296875,-0.036865234375,-0.114501953125,0.05908203125,-0.01220703125,-0.05712890625,0.0380859375,0.0380859375,0.0732421875,-0.043212890625,-0.075439453125,0.015625,0.01220703125,-0.078369140625,-0.05859375,0.04345703125,-0.02734375,-0.01513671875,0.01416015625,-0.047119140625,-0.102783203125,-0.102783203125,-0.018798828125,0.0810546875,0.02294921875,-0.064208984375,-0.034423828125,0.008544921875,-0.024169921875,-0.05419921875,0.0595703125,0.02587890625,-0.033203125,0.008056640625,0.029296875,-0.02392578125,-0.02392578125,-0.071533203125,-0.0390625,0.021728515625,-0.008544921875,-0.0283203125,0.02099609375,0.024658203125,-0.04443359375,0.023681640625,0.0341796875,-0.035888671875,-0.066162109375,-0.03173828125,-0.03173828125,-0.019287109375,-0.042236328125,-0.01123046875,0.04052734375,0.007080078125,-0.041259765625,-0.02685546875,0.00732421875,-0.02587890625,-0.00830078125,0.014404296875,-0.028564453125,-0.028564453125,-0.062255859375,-0.002685546875,0.051025390625,0.015625,-0.02392578125,-0.00927734375,-0.026611328125,-0.035888671875,-0.007080078125,-0.003662109375,-0.026123046875,-0.031005859375,-0.031005859375,0.00341796875,0.0078125,-0.039306640625,-0.033935546875,0.01220703125,0.001953125,-0.01416015625,0.0068359375,-0.038818359375,-0.08447265625,-0.0322265625,0.03515625,0.03515625,0.034423828125,0.004150390625,0.0126953125,0.00537109375,-0.024169921875,0.001708984375,0.020751953125,-0.021240234375,-0.050537109375,-0.01513671875,0.00927734375,0.00927734375,-0.011962890625,-0.015380859375,0.0224609375,0.007568359375,-0.057861328125,-0.017333984375,-0.01171875,-0.08642578125,-0.064697265625,0.0322265625,0.018798828125,-0.037109375,-0.037109375,-0.0244140625,0.012939453125,0.0048828125,-0.03173828125,-0.0048828125,-0.0068359375,-0.05419921875,-0.033447265625,0.00732421875,0.00244140625,-0.00439453125,0.014404296875,0.014404296875,0.007568359375,-0.022216796875,-0.013916015625,0.021484375,0.006591796875,-0.037841796875,0.00439453125,-0.0068359375,-0.064208984375,-0.04052734375,0.02685546875,0.02685546875,0.007568359375,-0.040283203125,-0.017822265625,0.03076171875,-0.004150390625,-0.0302734375,0.00146484375,-0.01416015625,-0.031494140625,-0.0048828125,0.016357421875,-0.002685546875,-0.009765625,-0.009765625,0.0283203125,0.034912109375,-0.01708984375,-0.036376953125,0.00390625,-0.052490234375,-0.0244140625,0.0322265625,0.019287109375,-0.029541015625,-0.043212890625,-0.010986328125,-0.01025390625,-0.01025390625,-0.038330078125,-0.009521484375,0.02734375,-0.015625,-0.073974609375,0.0,-0.014404296875,-0.032958984375,-0.0048828125,0.015625,-0.01123046875,-0.022216796875,-0.0068359375,-0.0068359375,-0.017822265625,-0.04150390625,-0.01220703125,0.040283203125,0.03173828125,-0.01806640625,0.00390625,-0.024658203125,-0.04833984375,0.004150390625,0.05419921875,0.008056640625,-0.056640625,-0.0244140625,-0.0244140625,0.01953125,-0.018310546875,-0.035888671875,0.01904296875,-0.03125,-0.078125,-0.00390625,0.015869140625,-0.0634765625,-0.090087890625,0.01220703125,0.07470703125,-0.0068359375,-0.0068359375,-0.05322265625,0.0087890625,0.031982421875,-0.04248046875,0.03759765625,0.052978515625,-0.06103515625,-0.10595703125,-0.00146484375,0.06103515625,-0.007568359375,-0.0458984375,0.025146484375,0.025146484375,0.056640625,-0.022216796875,-0.06884765625,0.021728515625,-0.052001953125,-0.083740234375,0.0068359375,0.034912109375,-0.029296875,-0.04541015625,0.021240234375,0.038818359375,-0.0224609375,-0.02490234375,-0.02490234375,0.012939453125,-0.009521484375,-0.065185546875,-0.052490234375,0.004638671875,0.002197265625,0.00732421875,0.01416015625,0.001953125,-0.025390625,-0.01123046875,0.025390625,0.00537109375,0.00537109375,-0.034912109375,-0.042724609375,-0.05419921875,0.011962890625,0.037109375,-0.0078125,-0.042724609375,0.000244140625,0.03955078125,-0.006591796875,-0.044189453125,-0.044189453125,-0.010498046875,0.007568359375,-0.03515625,-0.005859375,0.053955078125,0.01806640625,-0.039306640625,-0.008056640625,0.028076171875,-0.013671875,-0.033447265625,0.0107421875,0.014404296875,0.014404296875,-0.05615234375,-0.06982421875,0.03564453125,-0.003173828125,-0.030517578125,0.000244140625,0.009765625,-0.037353515625,-0.025634765625,0.036865234375,0.014404296875,0.014404296875,-0.070068359375,-0.084228515625,0.017822265625,-0.02734375,-0.0234375,0.02099609375,0.027587890625,0.006591796875,-0.01025390625,-0.01708984375,-0.041015625,-0.063720703125,-0.063720703125,-0.03759765625,0.01318359375,0.046630859375,0.02294921875,-0.03564453125,-0.07958984375,-0.019775390625,0.056396484375,0.03466796875,-0.031005859375,-0.0517578125,-0.0517578125,-0.034912109375,-0.0537109375,0.019287109375,0.064453125,0.010009765625,-0.0302734375,0.00390625,0.01611328125,-0.04833984375,-0.09130859375,-0.0419921875,0.009765625,0.009765625,-0.03173828125,0.02490234375,0.0751953125,-0.005615234375,-0.06787109375,-0.0068359375,0.04345703125,-0.002685546875,-0.042236328125,-0.00732421875,0.010498046875,0.010498046875,-0.038818359375,0.02783203125,0.058837890625,0.00244140625,-0.034423828125,-0.02978515625,-0.027099609375,-0.04638671875,-0.037353515625,0.004638671875,-0.003662109375,-0.0517578125,-0.0517578125,-0.037109375,0.02197265625,0.007568359375,0.01220703125,0.006103515625,-0.04541015625,-0.048095703125,-0.001708984375,0.0009765625,-0.0390625,-0.065185546875,-0.02783203125,0.01953125,0.01953125,0.013427734375,0.040283203125,-0.002197265625,-0.059326171875,-0.03173828125,0.017333984375,-0.00830078125,-0.04931640625,-0.03125,0.04052734375,0.0322265625,-0.029052734375,-0.00390625,-0.00390625,0.02734375,-0.086181640625,-0.019775390625,0.017333984375,-0.021728515625,-0.0615234375,-0.034912109375,0.0078125,-0.00048828125,-0.011474609375,0.041259765625,0.070068359375,-0.005859375,-0.005859375,-0.0576171875,0.027587890625,-0.0224609375,-0.064697265625,-0.018798828125,0.016845703125,-0.00927734375,-0.03271484375,0.000732421875,0.025146484375,-0.0244140625,-0.05224609375,-0.01123046875,-0.01904296875,-0.062255859375,-0.062255859375,0.0439453125,0.0146484375,-0.04638671875,-0.033935546875,0.015625,0.016357421875,-0.030517578125,-0.0166015625,0.01953125,-0.024169921875,-0.075927734375,-0.05078125,-0.003173828125,-0.003173828125,-0.0302734375,0.0068359375,0.03271484375,0.02197265625,0.0,0.001953125,0.00830078125,-0.014892578125,-0.031982421875,-0.011962890625,-0.01220703125,-0.031982421875,-0.0078125,-0.0078125,0.0048828125,-0.02587890625,-0.022216796875,-0.012939453125,-0.021484375,-0.016845703125,-0.002197265625,0.02001953125,-0.01611328125,-0.091796875,-0.048095703125,0.035888671875,0.013427734375,-0.020751953125,0.013427734375,0.032470703125,-0.01171875,-0.03369140625,0.00048828125,0.0244140625,-0.04638671875,-0.0966796875,-0.01513671875,0.051025390625,0.00146484375,-0.04052734375,0.0009765625,0.012939453125,-0.038818359375,-0.0546875,0.00341796875,0.04150390625,-0.018310546875,-0.090576171875,-0.056884765625,0.000732421875,0.02490234375,0.036376953125,0.0244140625,-0.0126953125,-0.044677734375,-0.036376953125,-0.006103515625,0.001708984375,0.0,-0.0009765625,-0.025390625,-0.06103515625,-0.0390625,0.03564453125,0.040771484375,-0.003662109375,-0.012451171875,0.018310546875,0.00146484375,-0.055419921875,-0.03857421875,0.04150390625,0.03857421875,-0.05322265625,-0.044921875,0.03759765625,-0.011962890625,-0.106689453125,-0.0458984375,0.072265625,0.023681640625,-0.111572265625,-0.092529296875,0.047607421875,0.03125,-0.097900390625,-0.07080078125,0.075439453125,0.12548828125,0.02734375,-0.074462890625,-0.029541015625,0.03955078125,-0.003173828125,-0.07470703125,-0.05712890625,0.0302734375,0.03662109375,-0.029541015625,-0.065673828125,-0.01611328125,0.023681640625,0.000732421875,-0.0390625,-0.0390625,-0.018798828125,-0.0107421875,-0.044677734375,-0.061279296875,0.007080078125,0.056640625,0.017578125,-0.015869140625,0.0166015625,0.005126953125,-0.060546875,-0.054931640625,0.0068359375,0.013916015625,-0.046142578125,-0.101806640625,-0.056640625,0.03173828125,0.024169921875,-0.000244140625,0.036865234375,0.065185546875,0.01611328125,-0.064208984375,-0.027587890625,-0.027587890625,0.063232421875,0.02734375,-0.061767578125,-0.041259765625,0.054443359375,0.094482421875,0.01611328125,-0.063720703125,-0.027099609375,0.01806640625,0.01123046875,-0.01904296875,-0.06884765625,-0.06884765625,-0.02734375,-0.03564453125,-0.03173828125,0.017333984375,0.03564453125,0.03759765625,0.02490234375,-0.0146484375,0.001708984375,0.023681640625,-0.029541015625,-0.037841796875,-0.041015625,-0.041015625,-0.0146484375,-0.02734375,-0.0732421875,-0.0439453125,0.0087890625,-0.001220703125,-0.002685546875,0.00390625,-0.044189453125,-0.046630859375,0.0009765625,0.029052734375,-0.024658203125,-0.024658203125,-0.026123046875,-0.004638671875,0.015380859375,0.0068359375,-0.018798828125,-0.025390625,-0.00439453125,-0.024169921875,-0.02392578125,-0.006103515625,0.003662109375,0.00390625,0.005126953125,0.005126953125,-0.004150390625,-0.011474609375,-0.012451171875,-0.04248046875,-0.003173828125,0.05517578125,-0.0087890625,-0.02978515625,0.005859375,-0.027587890625,0.01513671875,-0.054931640625,-0.028564453125,-0.028564453125,0.059326171875,-0.043212890625,-0.073486328125,0.017822265625,-0.02685546875,-0.048095703125,0.021240234375,-0.010498046875,-0.0361328125,-0.001708984375,-0.0166015625,0.02001953125,-0.010009765625,-0.026123046875,-0.026123046875,0.00146484375,0.01171875,0.0048828125,-0.017822265625,-0.046875,-0.03857421875,-0.015625,-0.025390625,-0.034423828125,-0.026123046875,-0.016845703125,-0.03369140625,-0.041748046875,-0.041748046875,-0.002197265625,0.019775390625,0.000244140625,0.000732421875,0.0146484375,0.02294921875,0.024169921875,-0.009765625,-0.037109375,0.014892578125,0.012451171875,0.012451171875,0.0,-0.014404296875,-0.031494140625,-0.047119140625,-0.06298828125,-0.05712890625,-0.012939453125,0.0185546875,0.014404296875,-0.01513671875,0.006591796875,0.045166015625,0.045166015625,0.0361328125,-0.01953125,-0.03271484375,-0.018310546875,-0.06396484375,-0.0693359375,-0.008544921875,-0.0205078125,-0.006103515625,-0.042724609375,-0.0732421875,0.040771484375,0.040771484375,0.0087890625,-0.022705078125,0.052490234375,-0.05078125,-0.003173828125,0.029296875,-0.095947265625,0.02392578125,-0.0400390625,0.005859375,-0.049560546875,-0.049560546875,0.0205078125,-0.004638671875,-0.00244140625,-0.025634765625,-0.037353515625,0.012939453125,0.0009765625,0.018310546875,0.011962890625,-0.0087890625,-0.067138671875,-0.05615234375,-0.05615234375,-0.046875,-0.01904296875,0.024169921875,0.01025390625,0.002685546875,0.001953125,-0.002197265625,-0.01025390625,0.00439453125,-0.010498046875,-0.01611328125,-0.005126953125,-0.0390625,-0.001708984375,0.010498046875,0.0517578125,-0.0224609375,-0.071533203125,-0.0419921875,-0.037353515625,-0.017578125,-0.017578125,0.005615234375,0.001708984375,0.022216796875,0.011474609375,-0.033447265625,-0.01806640625,0.02197265625,-0.002685546875,-0.04296875,-0.0126953125,-0.031005859375,-0.031005859375,-0.04248046875,-0.008056640625,0.00341796875,0.011474609375,-0.012451171875,-0.023193359375,-0.0439453125,-0.046875,-0.0380859375,0.010986328125,0.008056640625,0.02392578125,0.02392578125,0.041259765625,0.02783203125,0.021728515625,-0.038818359375,-0.080078125,-0.064697265625,-0.051025390625,-0.034912109375,-0.006591796875,0.005615234375,-0.022216796875,-0.022216796875,-0.017822265625,0.01220703125,0.025390625,0.01123046875,0.009521484375,0.009521484375,-0.024658203125,-0.0595703125,-0.006591796875,0.009521484375,-0.0322265625,-0.01416015625,-0.01416015625,0.0078125,-0.00439453125,-0.005126953125,0.018310546875,0.01708984375,0.0087890625,0.005615234375,-0.000732421875,0.007080078125,-0.003662109375,-0.0107421875,-0.0107421875,-0.02197265625,-0.02783203125,-0.02880859375,-0.005615234375,0.0,-0.01123046875,-0.00927734375,-0.02685546875,-0.017822265625,0.013427734375,0.032470703125,-0.00048828125,-0.00048828125,-0.020263671875,-0.0234375,-0.02099609375,-0.033935546875,-0.050048828125,-0.025634765625,-0.042236328125,-0.033203125,-0.018798828125,-0.024658203125,-0.029541015625,0.004638671875,0.004638671875,0.015625,-0.0234375,-0.016845703125,0.01220703125,-0.014892578125,-0.0537109375,-0.00146484375,-0.001708984375,-0.013427734375,-0.023193359375,-0.028076171875,-0.028076171875,0.001708984375,0.00146484375,-0.011962890625,0.00439453125,0.008056640625,0.017333984375,-0.01708984375,0.00439453125,0.028076171875,-0.001220703125,-0.025634765625,-0.0009765625,0.0048828125,0.0048828125,-0.00830078125,-0.01025390625,-0.02685546875,-0.025634765625,-0.030517578125,-0.001220703125,0.011962890625,-0.015380859375,0.008544921875,0.00146484375,-0.01171875,-0.01171875,-0.009521484375,-0.0361328125,-0.05029296875,-0.029052734375,-0.02001953125,-0.03271484375,0.014404296875,0.011474609375,-0.02490234375,-0.017822265625,0.013671875,0.00146484375,0.00146484375,-0.0322265625,-0.03759765625,-0.017578125,-0.008056640625,-0.008544921875,0.004638671875,-0.022216796875,-0.051025390625,-0.005126953125,0.021728515625,-0.00341796875,-0.004638671875,-0.004638671875,0.017822265625,-0.004150390625,-0.03076171875,-0.045654296875,-0.013916015625,-0.03125,-0.03369140625,0.052978515625,0.046630859375,-0.0029296875,0.001708984375,0.001708984375,0.01025390625,-0.04150390625,-0.0859375,-0.040283203125,0.010986328125,-0.0146484375,0.0068359375,0.046630859375,-0.00439453125,-0.072021484375,-0.0126953125,0.03564453125,0.03564453125,-0.02880859375,-0.0966796875,-0.035888671875,0.054931640625,-0.08837890625,-0.01171875,0.0390625,-0.021728515625,-0.036376953125,0.001708984375,0.0048828125,-0.023193359375,-0.023193359375,-0.03857421875,0.018798828125,0.011474609375,-0.0546875,0.0712890625,0.003662109375,-0.079833984375,-0.00146484375,0.082763671875,-0.0205078125,-0.105224609375,-0.0224609375,-0.0224609375,0.04736328125,-0.030517578125,-0.07861328125,0.07275390625,0.0,-0.060302734375,0.0146484375,0.034912109375,-0.06103515625,-0.0576171875,0.00732421875,-0.017822265625,-0.017822265625,-0.08544921875,-0.03515625,0.0888671875,0.02978515625,-0.029541015625,0.09716796875,0.014404296875,-0.136474609375,-0.055419921875,0.0888671875,0.014404296875,-0.096923828125,-0.04296875,0.11572265625,0.11572265625,0.064208984375,-0.113037109375,-0.060546875,-0.038818359375,-0.110595703125,0.01123046875,0.095947265625,-0.01708984375,-0.080322265625,0.026611328125,0.0693359375,-0.055908203125,-0.055908203125,-0.107177734375,0.06201171875,0.09912109375,-0.073486328125,0.050048828125,0.109619140625,-0.09521484375,-0.13916015625,0.08203125,0.11669921875,-0.067626953125,-0.104248046875,0.064453125,0.077880859375,-0.072265625,-0.072265625,-0.052978515625,0.0859375,0.039794921875,-0.084228515625,0.091796875,0.0244140625,-0.120361328125,-0.010986328125,0.123046875,-0.04443359375,-0.18994140625,-0.002685546875,0.14404296875,0.14404296875,-0.004638671875,-0.139404296875,-0.00244140625,-0.064453125,-0.170654296875,0.049072265625,0.138427734375,-0.06298828125,-0.1240234375,0.0517578125,0.084716796875,-0.08740234375,-0.105224609375,-0.105224609375,0.072021484375,0.068603515625,-0.116943359375,0.139404296875,0.0927734375,-0.1376953125,-0.095703125,0.11083984375,0.0439453125,-0.16015625,-0.069091796875,0.137451171875,0.04296875,0.04296875,-0.18115234375,-0.068115234375,0.05419921875,-0.139892578125,-0.0341796875,0.121826171875,-0.00830078125,-0.1630859375,-0.013916015625,0.131591796875,-0.01318359375,-0.1337890625,0.0234375,0.106201171875,-0.07861328125,-0.07861328125,-0.130126953125,0.086669921875,-0.09619140625,-0.168212890625,0.045166015625,0.10986328125,-0.103271484375,-0.132568359375,0.09326171875,0.11962890625,-0.10986328125,-0.142333984375,0.070556640625,0.070556640625,0.086669921875,-0.123046875,0.08984375,0.018310546875,-0.15380859375,-0.054443359375,0.132080078125,0.062255859375,-0.10400390625,-0.01123046875,0.13623046875,0.010498046875,-0.1669921875,-0.1669921875,-0.054443359375,0.11376953125,-0.140625,0.005126953125,0.15576171875,0.02099609375,-0.1201171875,0.00927734375,0.083984375,-0.078125,-0.148193359375,0.041015625,0.117919921875,0.117919921875,-0.08935546875,0.063720703125,0.107666015625,-0.100341796875,-0.1328125,0.092529296875,0.102783203125,-0.112060546875,-0.088134765625,0.10205078125,0.053466796875,-0.146728515625,-0.09521484375,-0.09521484375,0.074462890625,-0.089111328125,-0.001953125,0.122314453125,0.005859375,-0.129150390625,-0.034423828125,0.08203125,-0.02880859375,-0.13232421875,0.013916015625,0.116455078125,-0.016357421875,-0.016357421875,-0.082763671875,0.0849609375,-0.091796875,-0.122802734375,0.044921875,0.072998046875,-0.078369140625,-0.0986328125,0.04443359375,0.064453125,-0.05126953125,-0.02880859375,0.07080078125,0.07080078125,-0.1220703125,-0.06396484375,0.080322265625,0.03271484375,-0.0771484375,0.00927734375,0.11376953125,-0.021484375,-0.15478515625,-0.026611328125,0.09130859375,-0.019287109375,-0.123779296875,-0.013427734375,-0.013427734375,0.094482421875,-0.1064453125,-0.00146484375,0.065673828125,-0.05712890625,-0.0986328125,0.04736328125,0.0771484375,-0.065185546875,-0.052490234375,0.072998046875,0.031494140625,-0.10107421875,-0.066162109375,0.064453125,0.018798828125,-0.130126953125,-0.0537109375,0.138671875,0.096923828125,-0.0888671875,-0.05224609375,0.104248046875,0.011474609375,-0.1572265625,-0.072998046875,0.102783203125,0.0390625,-0.105712890625,-0.03173828125,-0.03173828125,0.08251953125,-0.123046875,-0.01904296875,0.079833984375,-0.010009765625,-0.066162109375,0.0302734375,0.0576171875,-0.0791015625,-0.10302734375,0.02099609375,0.03662109375,-0.0732421875,-0.042236328125,0.072998046875,0.044677734375,-0.067626953125,-0.03662109375,0.066650390625,0.01123046875,-0.124755859375,-0.060791015625,0.088623046875,0.02783203125,-0.095947265625,-0.010009765625,0.10546875,-0.001708984375,-0.117919921875,-0.02783203125,0.065673828125,-0.03759765625,-0.08935546875,0.0244140625,0.08642578125,-0.046142578125,-0.113525390625,0.02783203125,0.0830078125,-0.0498046875,-0.06689453125,0.057373046875,0.0576171875,-0.082275390625,-0.1015625,0.03369140625,0.0673828125,-0.06005859375,-0.05810546875,0.06201171875,0.036865234375,-0.068603515625,-0.02685546875,0.07373046875,0.00341796875,-0.116455078125,-0.0380859375,0.07177734375,-0.024658203125,-0.103759765625,0.015625,0.08447265625,-0.0400390625,-0.093994140625,0.0107421875,0.056396484375,-0.068603515625,-0.102783203125,0.02978515625,0.07080078125,-0.05224609375,-0.077392578125,0.056640625,0.0751953125,-0.071044921875,-0.0673828125,0.066650390625,0.03955078125,-0.098876953125,-0.062255859375,0.071533203125,0.01513671875,-0.099609375,-0.014892578125,0.088623046875,0.00439453125,-0.093994140625,-0.019287109375,0.086181640625,-0.0087890625,-0.037109375,-0.037109375,0.065185546875,-0.017333984375,-0.083740234375,0.021728515625,0.083984375,-0.020263671875,-0.080078125,-0.00537109375,0.048828125,-0.04541015625,-0.070068359375,0.032958984375,0.04150390625,-0.06982421875,-0.0703125,0.068115234375,0.067138671875,-0.075927734375,-0.056640625,0.061767578125,0.019775390625,-0.09326171875,-0.044189453125,0.071533203125,0.012451171875,-0.099609375,-0.030517578125,0.072509765625,-0.1005859375,-0.031494140625,-0.031494140625,0.048095703125,-0.008056640625,-0.03857421875,0.030517578125,0.04052734375,-0.064208984375,-0.107177734375,-0.0078125,0.050537109375,-0.028564453125,-0.02294921875,0.063232421875,0.035400390625,-0.082275390625,-0.058837890625,0.056396484375,0.018310546875,-0.110595703125,-0.0634765625,0.073974609375,0.048583984375,-0.05517578125,-0.006103515625,0.07470703125,-0.02734375,-0.1240234375,-0.042236328125,-0.018310546875,-0.078857421875,0.0078125,0.08447265625,0.08447265625,-0.022705078125,-0.095947265625,-0.003173828125,0.06005859375,-0.033447265625,-0.081787109375,0.017333984375,0.057861328125,-0.050048828125,-0.093017578125,0.005615234375,0.04296875,-0.0439453125,-0.023681640625,0.070068359375,0.040771484375,-0.08349609375,-0.07373046875,0.038330078125,0.025390625,-0.0498046875,-0.032470703125,0.047119140625,0.0126953125,-0.085205078125,-0.050537109375,0.008544921875,-0.06591796875,-0.0205078125,0.063232421875,0.01708984375,0.01708984375,-0.05810546875,-0.0224609375,0.0283203125,-0.034912109375,-0.076416015625,0.00830078125,0.054443359375,-0.024169921875,-0.04638671875,0.055908203125,0.048828125,-0.0732421875,-0.0859375,0.02783203125,0.05419921875,-0.062744140625,-0.07177734375,0.068115234375,0.074951171875,-0.071044921875,-0.091796875,0.024658203125,0.031494140625,-0.08349609375,0.052734375,0.02001953125,-0.094970703125,-0.03564453125,0.0859375,-0.00244140625,-0.00244140625,-0.095458984375,0.006591796875,0.06396484375,-0.03759765625,-0.061767578125,0.027587890625,0.04248046875,-0.063720703125,-0.068115234375,0.03564453125,0.030029296875,-0.04931640625,-0.013427734375,0.07763671875,0.026123046875,-0.074951171875,-0.043212890625,0.039306640625,0.002685546875,-0.096435546875,-0.046630859375,0.086669921875,0.036865234375,-0.032470703125,0.0517578125,-0.010009765625,-0.101806640625,-0.03955078125,0.053955078125,-0.02197265625,-0.073486328125,-0.073486328125,0.001953125,0.0625,-0.01513671875,-0.0615234375,0.01220703125,0.025634765625,-0.06591796875,-0.067138671875,0.03173828125,0.037109375,-0.046875,-0.048583984375,0.03857421875,0.038818359375,-0.042724609375,-0.021240234375,0.056640625,0.005859375,-0.07080078125,-0.0224609375,0.053955078125,-0.010009765625,-0.026123046875,0.071533203125,-0.012939453125,-0.1064453125,-0.00830078125,0.08740234375,-0.01708984375,-0.104248046875,-0.00634765625,-0.00634765625,0.081787109375,-0.025634765625,-0.108154296875,-0.02734375,0.044921875,-0.015380859375,-0.054443359375,0.019775390625,0.063720703125,-0.015625,-0.057861328125,0.014404296875,0.041748046875,-0.04150390625,-0.069580078125,0.01171875,0.0126953125,-0.0517578125,-0.01904296875,0.0283203125,-0.06689453125,-0.06298828125,0.01708984375,-0.003173828125,-0.062744140625,-0.0283203125,0.028564453125,-0.0126953125,-0.050537109375,0.00927734375,0.00927734375,0.045166015625,-0.042724609375,-0.0751953125,0.01025390625,0.047607421875,-0.019775390625,-0.053466796875,0.00341796875,0.013916015625,-0.045654296875,-0.028076171875,0.040771484375,0.036865234375,-0.03369140625,-0.05029296875,0.02001953125,0.027587890625,-0.058837890625,0.045654296875,-0.0166015625,-0.07763671875,-0.007080078125,0.05615234375,-0.01904296875,-0.07421875,-0.00634765625,0.064453125,0.00341796875,-0.06787109375,-0.06787109375,-0.0234375,0.013916015625,-0.059326171875,-0.0693359375,0.030029296875,0.067138671875,-0.015380859375,-0.04443359375,0.0244140625,0.026611328125,-0.06103515625,-0.056640625,0.03173828125,0.02587890625,-0.05224609375,-0.0537109375,0.033935546875,0.01953125,-0.03076171875,0.056640625,0.010986328125,-0.065673828125,-0.0322265625,0.030517578125,-0.00244140625,-0.090087890625,-0.06494140625,0.03173828125,-0.0029296875,-0.04541015625,0.01611328125,0.01611328125,0.055908203125,-0.018310546875,-0.0615234375,0.01171875,0.03759765625,-0.049560546875,-0.07470703125,-0.005126953125,0.029052734375,-0.02587890625,-0.037353515625,0.044189453125,0.04248046875,-0.0224609375,-0.02099609375,0.033447265625,-0.081298828125,-0.062255859375,0.02734375,0.010986328125,-0.04833984375,-0.013916015625,0.04833984375,-0.0009765625,-0.0888671875,-0.05419921875,0.04248046875,0.016357421875,-0.0458984375,-0.015869140625,-0.015869140625,0.02587890625,-0.017822265625,-0.06494140625,-0.0283203125,0.04052734375,0.019775390625,-0.0361328125,-0.008544921875,0.015869140625,-0.031005859375,-0.04833984375,-0.0009765625,0.007080078125,-0.041748046875,-0.023681640625,0.02001953125,-0.045166015625,-0.02783203125,0.024169921875,-0.007568359375,-0.063232421875,-0.026123046875,0.015869140625,-0.0234375,-0.060302734375,-0.0234375,0.0556640625,0.03076171875,-0.0341796875,-0.01171875,-0.01171875,0.003662109375,-0.0458984375,-0.063720703125,-0.0107421875,0.0322265625,-0.012451171875,-0.024169921875,0.031494140625,0.01416015625,-0.052978515625,-0.04052734375,0.03369140625,0.030029296875,-0.041259765625,0.021240234375,0.011474609375,-0.066650390625,-0.0615234375,0.02880859375,0.033935546875,-0.0244140625,-0.0234375,0.03173828125,-0.005859375,-0.072509765625,-0.0400390625,0.04345703125,0.02001953125,-0.055908203125,-0.02392578125,-0.02392578125,0.030029296875,-0.01220703125,-0.048095703125,0.014892578125,0.0498046875,-0.0283203125,-0.05419921875,0.019775390625,0.033203125,-0.053466796875,-0.0673828125,0.028076171875,0.037109375,-0.056884765625,0.03076171875,0.03466796875,-0.04345703125,-0.0625,0.03076171875,0.033203125,-0.0625,-0.07080078125,0.017578125,0.025390625,-0.028564453125,-0.03271484375,0.013671875,-0.007568359375,-0.061767578125,-0.01025390625,0.0419921875,-0.013427734375,-0.056884765625,-0.056884765625,0.02001953125,0.082763671875,-0.0302734375,-0.0986328125,0.0087890625,0.055419921875,-0.0390625,-0.0771484375,0.0078125,0.061279296875,-0.00634765625,0.001953125,0.0048828125,-0.061767578125,-0.0576171875,0.037841796875,0.039794921875,-0.0380859375,-0.029052734375,0.00537109375,-0.03173828125,-0.047607421875,-0.0087890625,0.02978515625,-0.010009765625,-0.061279296875,0.00390625,0.060302734375,-0.033935546875,-0.06640625,-0.06640625,0.009765625,0.0224609375,-0.033203125,0.0205078125,0.004638671875,0.004638671875,-0.044921875,-0.026611328125,0.013427734375,-0.01025390625,-0.0439453125,-0.004150390625,0.068359375,0.0029296875,-0.09228515625,0.056396484375,-0.035400390625,-0.10302734375,-0.037109375,0.03076171875,0.001953125,-0.03515625,0.015380859375,0.0517578125,-0.0146484375,-0.066650390625,-0.0107421875,0.069580078125,0.002685546875,-0.085205078125,-0.022216796875,0.055908203125,0.025146484375,-0.074462890625,-0.090087890625,0.0458984375,0.08447265625,0.08447265625,-0.03662109375,-0.09521484375,-0.019775390625,0.107177734375,0.04248046875,-0.115478515625,-0.105224609375,0.037353515625,0.136962890625,-0.166015625,-0.044921875,0.076904296875,0.09716796875,-0.1044921875,-0.181396484375,0.051513671875,0.106201171875,0.001708984375,-0.070556640625,-0.0673828125,0.064208984375,0.05615234375,-0.089111328125,-0.08349609375,0.019287109375,0.0400390625,-0.0361328125,-0.078125,-0.063720703125,0.053955078125,0.1318359375,-0.037353515625,-0.037353515625,-0.1064453125,-0.02685546875,0.03759765625,0.040283203125,-0.042236328125,-0.042724609375,0.0126953125,-0.031005859375,-0.057861328125,-0.0087890625,0.056396484375,0.040283203125,-0.038330078125,-0.078125,-0.029296875,0.052734375,0.0146484375,-0.041015625,-0.03759765625,0.038818359375,0.049560546875,-0.041259765625,-0.04248046875,-0.062744140625,0.01171875,-0.03466796875,-0.05712890625,0.069091796875,-0.0078125,0.072021484375,0.072021484375,-0.001953125,-0.13427734375,0.0517578125,-0.045166015625,-0.048828125,-0.099365234375,0.03369140625,0.04052734375,-0.058837890625,0.03271484375,-0.01123046875,-0.00341796875,0.0048828125,-0.08837890625,-0.0166015625,0.041748046875,-0.0048828125,-0.0234375,-0.013427734375,0.01171875,-0.02490234375,-0.060546875,-0.0068359375,0.040283203125,0.020263671875,-0.032958984375,-0.04638671875,0.012939453125,0.05322265625,0.01904296875,0.01904296875,-0.056884765625,-0.06640625,-0.011962890625,-0.003662109375,-0.06884765625,0.059326171875,0.1259765625,-0.04638671875,-0.171875,-0.0048828125,0.16650390625,0.039306640625,-0.2099609375,-0.1640625,0.13525390625,0.13330078125,-0.175048828125,-0.144287109375,0.1552734375,0.1357421875,-0.174072265625,-0.189453125,0.100341796875,0.15380859375,-0.048095703125,-0.117431640625,0.0556640625,0.13427734375,-0.031494140625,-0.1220703125,-0.1220703125,0.010009765625,0.055419921875,-0.062255859375,0.03857421875,-0.018798828125,-0.033447265625,0.060302734375,0.02587890625,-0.085205078125,-0.0263671875,0.029541015625,-0.0234375,0.016357421875,0.063232421875,-0.029052734375,-0.06201171875,0.036865234375,0.0126953125,-0.096435546875,-0.013427734375,0.068115234375,-0.042236328125,-0.056884765625,0.019775390625,-0.015625,-0.061767578125,0.002197265625,-0.00341796875,-0.08740234375,-0.01025390625,0.0390625,0.0390625,-0.058837890625,0.031494140625,-0.01806640625,-0.060791015625,-0.0068359375,-0.03955078125,-0.06396484375,0.0703125,0.045166015625,-0.110107421875,-0.03076171875,0.05078125,-0.081787109375,-0.094482421875,0.100830078125,0.058349609375,-0.154296875,-0.0498046875,0.12158203125,0.012939453125,-0.083740234375,0.008544921875,0.029052734375,-0.0419921875,0.01513671875,0.05029296875,-0.026123046875,0.00732421875,0.04150390625,-0.033935546875,-0.033935546875,0.036376953125,-0.027587890625,-0.04345703125,0.076904296875,0.040283203125,-0.0849609375,-0.004150390625,0.04638671875,-0.05322265625,-0.0244140625,0.0771484375,-0.006591796875,-0.109375,0.013427734375,0.07666015625,-0.048583984375,-0.06640625,-0.012939453125,-0.02587890625,-0.01025390625,0.015869140625,-0.050048828125,-0.07470703125,0.033203125,0.00927734375,-0.108642578125,-0.04443359375,0.016357421875,-0.05419921875,-0.037841796875,0.04345703125,-0.014892578125,-0.07958984375,0.01806640625,0.00732421875,-0.089599609375,0.020751953125,0.09423828125,-0.056640625,-0.111328125,0.047119140625,0.06396484375,-0.075927734375,-0.041748046875,0.029052734375,-0.04248046875,-0.041748046875,0.032470703125,-0.000244140625,-0.046142578125,0.02880859375,0.036865234375,-0.07080078125,-0.021484375,0.05078125,-0.012939453125,-0.011962890625,0.0380859375,-0.00732421875,-0.043701171875,0.00048828125,0.00048828125,-0.051513671875,0.04443359375,0.044189453125,-0.091064453125,-0.04052734375,0.08544921875,0.004638671875,-0.096923828125,-0.000244140625,0.0400390625,-0.0498046875,-0.0166015625,-0.004638671875,-0.0615234375,0.01904296875,0.08837890625,-0.03515625,-0.10986328125,0.040771484375,0.066650390625,-0.063720703125,-0.03173828125,0.0166015625,-0.03173828125,-0.00390625,-0.00439453125,-0.110107421875,0.12060546875,0.12060546875,0.030029296875,-0.18896484375,-0.0595703125,0.10595703125,0.01025390625,-0.0712890625,-0.015869140625,-0.006591796875,-0.03955078125,0.01171875,-0.020263671875,-0.08349609375,0.031982421875,0.070068359375,-0.06982421875,-0.078857421875,0.029296875,0.004150390625,-0.049560546875,0.031005859375,0.010009765625,-0.09765625,-0.002197265625,0.06982421875,-0.035888671875,-0.061279296875,0.0244140625,0.009033203125,0.0380859375,-0.0087890625,-0.07666015625,-0.07666015625,0.0625,0.122314453125,-0.055908203125,-0.10888671875,0.05322265625,0.0615234375,-0.06787109375,-0.023193359375,0.028076171875,-0.032470703125,-0.00341796875,0.01513671875,-0.059326171875,-0.033447265625,0.06640625,-0.0078125,-0.10009765625,0.0068359375,0.01220703125,-0.094970703125,-0.004150390625,0.1123046875,-0.02978515625,-0.156494140625,0.01171875,0.10205078125,-0.078857421875,0.019287109375,-0.002685546875,-0.041748046875,-0.041748046875,-0.015869140625,0.014892578125,-0.042236328125,0.022216796875,-0.0166015625,-0.0966796875,0.00439453125,0.0400390625,-0.05078125,-0.011474609375,0.047607421875,-0.037841796875,-0.05712890625,0.052490234375,-0.00048828125,-0.09814453125,0.042236328125,0.114501953125,-0.06787109375,-0.129638671875,0.03173828125,0.074951171875,-0.038330078125,-0.045166015625,-0.0087890625,-0.013671875,0.041015625,0.025390625,-0.087158203125,-0.061767578125,0.079345703125,-0.09912109375,-0.027099609375,0.0537109375,-0.0068359375,-0.0068359375,0.01025390625,0.01025390625,-0.04443359375,-0.020751953125,0.04833984375,-0.023681640625,-0.067626953125,0.055908203125,0.0419921875,-0.08251953125,-0.025634765625,0.01416015625,-0.068115234375,-0.02978515625,0.0986328125,0.009765625,-0.160400390625,-0.034423828125,0.100341796875,0.000244140625,-0.0673828125,-0.024658203125,0.0174560546875,-0.001708984375,0.034423828125,-0.076904296875,0.038818359375,0.0556640625,0.0556640625,-0.088623046875,-0.070556640625,0.03759765625,0.006103515625,-0.037841796875,0.011962890625,-0.02880859375,0.04736328125,0.0322265625,-0.11376953125,-0.11376953125,-0.02978515625,0.106689453125,-0.010009765625,-0.13720703125,0.00048828125,0.0673828125,-0.052734375,-0.038818359375,0.03271484375,-0.01708984375,0.02099609375,-0.00439453125,-0.049560546875,-0.049560546875,0.027587890625,0.022705078125,-0.065185546875,0.002685546875,0.010009765625,-0.077392578125,0.001953125,0.107421875,-0.019775390625,-0.126708984375,0.04443359375,-0.05810546875,-0.03759765625,0.055908203125,0.055908203125,-0.013916015625,-0.053955078125,0.018310546875,0.0009765625,-0.041015625,0.0419921875,0.023193359375,-0.02099609375,0.027099609375,-0.03857421875,-0.00732421875,-0.00732421875,0.04736328125,-0.045654296875,-0.090576171875,0.03564453125,-0.000732421875,-0.109130859375,0.01318359375,-0.06640625,-0.099609375,0.044921875,0.032470703125,0.032470703125,-0.07470703125,-0.00830078125,0.015625,-0.080322265625,-0.01708984375,0.064697265625,-0.030029296875,-0.087890625,0.0498046875,-0.0859375,-0.04150390625,0.032958984375,0.032958984375,-0.00634765625,-0.000244140625,0.033203125,-0.02880859375,-0.046630859375,0.045166015625,-0.08447265625,0.033203125,0.073486328125,-0.044921875,-0.044921875,-0.031005859375,0.0244140625,-0.0400390625,-0.03515625,0.100341796875,0.02880859375,-0.154296875,0.105224609375,-0.00244140625,-0.082763671875,-0.002197265625,0.005126953125,0.005126953125,-0.04248046875,0.019775390625,-0.00048828125,-0.06982421875,0.028564453125,0.061767578125,-0.07080078125,-0.068603515625,0.0048828125,-0.05419921875,0.02978515625,0.00732421875,-0.0830078125,-0.0830078125,0.005126953125,0.033935546875,-0.075439453125,-0.0419921875,0.088134765625,0.00390625,-0.13916015625,0.087158203125,-0.041259765625,-0.075439453125,0.01611328125,0.010498046875,0.010498046875,-0.032958984375,0.004150390625,-0.00146484375,-0.0361328125,0.02685546875,0.006103515625,-0.069580078125,0.037109375,-0.0693359375,-0.04345703125,0.070556640625,0.0048828125,0.0048828125,-0.091552734375,0.0029296875,0.00732421875,-0.072265625,0.02587890625,0.0751953125,-0.107666015625,0.059814453125,0.053466796875,-0.10205078125,-0.039306640625,-0.039306640625,0.066162109375,-0.007080078125,-0.054443359375,-0.009765625,-0.0009765625,-0.003173828125,-0.032470703125,-0.0732421875,0.0458984375,0.0224609375,-0.100830078125,-0.00537109375,-0.00537109375,0.100341796875,-0.036865234375,-0.133544921875,0.033935546875,0.080322265625,-0.03662109375,0.04296875,-0.026611328125,-0.049072265625,0.02734375,0.008056640625,0.008056640625,-0.046875,0.023193359375,0.02587890625,-0.0615234375,-0.00732421875,-0.057373046875,-0.001220703125,0.0625,-0.043701171875,-0.110107421875,0.04638671875,0.056884765625,0.056884765625,-0.104248046875,-0.056396484375,0.064453125,0.000732421875,-0.0654296875,-0.002685546875,-0.040771484375,0.029296875,0.0068359375,-0.0888671875,-0.00341796875,0.043701171875,0.043701171875,-0.044189453125,-0.027587890625,0.04345703125,-0.025634765625,0.034423828125,-0.015380859375,-0.092041015625,0.06982421875,0.105224609375,-0.0966796875,-0.0966796875,-0.1064453125,0.06591796875,0.032470703125,-0.0634765625,0.02490234375,0.038330078125,-0.00732421875,0.04248046875,-0.047119140625,-0.04052734375,0.056396484375,-0.008056640625,-0.008056640625,-0.089599609375,0.0322265625,0.041015625,-0.06640625,-0.00830078125,-0.056884765625,-0.09033203125,0.04736328125,0.0302734375,-0.076904296875,-0.0048828125,-0.0048828125,0.01953125,-0.054443359375,0.00146484375,0.021240234375,-0.05419921875,0.106689453125,0.027587890625,-0.1435546875,-0.017822265625,0.08154296875,-0.030029296875,-0.030029296875,-0.064453125,0.01708984375,0.005126953125,-0.0419921875,-0.021484375,-0.07275390625,0.04345703125,0.059814453125,-0.067138671875,-0.047607421875,0.0224609375,0.0224609375,-0.033935546875,-0.04150390625,0.07666015625,-0.13330078125,-0.015869140625,0.0986328125,-0.011474609375,-0.067626953125,0.02978515625,0.020751953125,-0.061279296875,-0.061279296875,0.015625,0.033203125,-0.068359375,0.072021484375,-0.027587890625,-0.093017578125,0.004150390625,0.0302734375,-0.031982421875,0.000732421875,0.000732421875,-0.010498046875,-0.059326171875,0.021240234375,-0.084716796875,-0.04345703125,0.07666015625,-0.0009765625,-0.08984375,0.017578125,0.010986328125,-0.06591796875,-0.06591796875,0.031005859375,0.06005859375,-0.080810546875,-0.077880859375,0.046875,-0.11328125,-0.025390625,0.072509765625,-0.028076171875,-0.070068359375,0.001708984375,0.0087890625,-0.02392578125,0.010986328125,0.010986328125,-0.007080078125,-0.052001953125,0.0107421875,-0.06396484375,0.030029296875,0.054443359375,-0.0625,-0.047607421875,0.05859375,-0.03759765625,-0.100341796875,0.067138671875,0.066650390625,0.066650390625,-0.10595703125,-0.061279296875,0.07373046875,-0.072509765625,0.01171875,0.01416015625,-0.08837890625,-0.012451171875,0.05419921875,-0.035400390625,-0.050048828125,0.040771484375,0.040771484375,0.01416015625,-0.078857421875,-0.010009765625,-0.02587890625,0.0068359375,0.010986328125,-0.052978515625,-0.00537109375,0.04736328125,-0.05859375,-0.078369140625,0.09130859375,0.057861328125,-0.135498046875,-0.135498046875,-0.04638671875,0.092041015625,-0.08349609375,0.013427734375,0.0302734375,-0.05908203125,-0.009033203125,0.009521484375,-0.05224609375,0.005615234375,0.04541015625,-0.0576171875,-0.0576171875,-0.078125,0.042236328125,0.023681640625,0.013427734375,0.019287109375,-0.06103515625,-0.001708984375,0.006591796875,-0.086181640625,-0.021728515625,0.10888671875,-0.016845703125,-0.167724609375,-0.167724609375,-0.00927734375,0.076904296875,-0.03271484375,0.01220703125,-0.040283203125,-0.033447265625,0.059814453125,-0.01123046875,-0.10009765625,0.027587890625,0.081298828125,-0.05029296875,-0.06103515625,0.031005859375,0.031005859375,0.023193359375,-0.02197265625,-0.01904296875,-0.0673828125,0.041015625,0.041015625,-0.07080078125,-0.026123046875,0.054443359375,-0.017578125,-0.054931640625,-0.054931640625,0.024169921875,-0.095458984375,0.07421875,0.11181640625,-0.108642578125,-0.13671875,0.06787109375,0.073486328125,-0.097412109375,-0.054443359375,0.047607421875,0.047607421875,-0.0185546875,-0.009765625,-0.047607421875,-0.03076171875,0.04736328125,-0.007568359375,-0.087890625,0.0048828125,0.0146484375,-0.05810546875,-0.05810546875,0.0185546875,-0.06982421875,-0.025634765625,0.0673828125,-0.035888671875,-0.07568359375,0.0966796875,0.059326171875,-0.143310546875,-0.052978515625,0.10693359375,0.10693359375,0.014892578125,0.003662109375,0.016357421875,-0.048828125,0.00732421875,0.00048828125,-0.064453125,0.015869140625,0.050048828125,-0.058349609375,-0.057373046875,-0.057373046875,-0.0048828125,-0.079833984375,0.039794921875,0.034423828125,-0.076416015625,-0.002197265625,0.042236328125,-0.066162109375,-0.057373046875,0.083984375,0.083984375,-0.138916015625,-0.009765625,0.103271484375,-0.027587890625,-0.091796875,0.0048828125,0.031005859375,-0.04248046875,-0.023681640625,-0.005859375,-0.029052734375,-0.029052734375,0.020751953125,-0.068115234375,-0.0302734375,0.0224609375,-0.028564453125,-0.025634765625,0.053955078125,-0.01025390625,-0.0771484375,0.036376953125,0.01611328125,-0.099365234375,0.00390625,0.121337890625,-0.024169921875,-0.15869140625,0.01318359375,0.100830078125,-0.036376953125,-0.04833984375,0.000732421875,-0.027587890625,-0.0078125,-0.0078125,-0.022216796875,-0.06591796875,0.04296875,0.025390625,-0.081787109375,-0.006591796875,0.02197265625,-0.05859375,-0.0107421875,0.070068359375,-0.04443359375,-0.13623046875,0.0361328125,0.0361328125,-0.08447265625,-0.05908203125,0.05810546875,0.004150390625,-0.065185546875,-0.0009765625,-0.00439453125,-0.05322265625,0.02880859375,0.029296875,-0.06396484375,-0.005859375,0.023193359375,-0.044189453125,0.0048828125,0.087890625,-0.03662109375,-0.125244140625,0.069580078125,0.099853515625,-0.08740234375,-0.06787109375,0.06591796875,0.018310546875,-0.0751953125,-0.01318359375,0.000732421875,-0.03271484375,0.0537109375,0.02587890625,-0.10693359375,-0.041748046875,0.0615234375,-0.017822265625,-0.07080078125,0.02099609375,0.007080078125,-0.064697265625,0.0078125,-0.023193359375,-0.101806640625,0.016357421875,0.0927734375,-0.067138671875,-0.14453125,0.04296875,0.0869140625,-0.055908203125,-0.05224609375,-0.00830078125,-0.03173828125,0.00830078125,0.035888671875,-0.049072265625,-0.059326171875,0.07373046875,0.030029296875,-0.10791015625,-0.0107421875,0.06884765625,-0.010009765625,-0.025634765625,0.024658203125,-0.01171875,-0.03076171875,0.03955078125,-0.04248046875,-0.10107421875,0.076904296875,0.10595703125,-0.08837890625,-0.088134765625,0.067138671875,0.025390625,-0.07568359375,0.01171875,0.027587890625,-0.056640625,0.013671875,0.0166015625,-0.08837890625,-0.029052734375,0.080078125,-0.028076171875,-0.123291015625,0.015869140625,0.023681640625,-0.083984375,0.01513671875,0.075439453125,-0.08544921875,-0.129638671875,0.056884765625,-0.092529296875,-0.092529296875,-0.044189453125,0.040283203125,-0.026123046875,-0.031494140625,0.011962890625,-0.010009765625,-0.01708984375,0.033935546875,-0.021484375,-0.066162109375,0.045654296875,0.01220703125,-0.077880859375,0.017822265625,0.046630859375,-0.060302734375,-0.025634765625,0.08251953125,-0.03662109375,-0.117919921875,0.0771484375,-0.11181640625,-0.11181640625,-0.09716796875,0.076416015625,0.053955078125,-0.07275390625,-0.038330078125,0.0068359375,-0.023681640625,0.01806640625,-0.0146484375,-0.075927734375,0.010009765625,0.066650390625,-0.0439453125,-0.0966796875,0.01953125,-0.001953125,-0.0751953125,0.032470703125,0.037353515625,-0.078857421875,-0.03662109375,-0.041748046875,-0.041748046875,-0.068603515625,0.070068359375,0.036376953125,-0.133056640625,-0.0361328125,0.090087890625,0.001953125,-0.0732421875,0.008056640625,-0.05419921875,0.001953125,0.001953125,0.052490234375,-0.0341796875,-0.02783203125,0.0302734375,-0.0205078125,-0.06103515625,0.01806640625,0.019287109375,-0.05517578125,0.032958984375,0.032958984375,-0.054443359375,-0.0078125,0.005859375,-0.0576171875,-0.00341796875,0.075927734375,-0.039306640625,-0.132080078125,0.05078125,-0.11376953125,-0.069580078125,-0.069580078125,0.066650390625,0.008544921875,-0.075927734375,-0.00634765625,-0.00048828125,-0.045166015625,0.033935546875,0.0087890625,-0.104248046875,-0.015380859375,-0.02294921875,-0.078125,0.041748046875,0.041748046875,0.038818359375,-0.09765625,-0.020751953125,0.0498046875,-0.031494140625,-0.02880859375,0.037353515625,-0.00830078125,-0.070556640625,0.005126953125,-0.032958984375,0.042724609375,0.0107421875,0.0107421875,-0.07666015625,0.017822265625,0.056640625,-0.07373046875,-0.06494140625,0.112548828125,0.04052734375,-0.156005859375,-0.031982421875,0.103759765625,-0.072998046875,-0.019775390625,-0.008544921875,-0.008544921875,-0.03466796875,0.034912109375,-0.014404296875,-0.11474609375,0.008544921875,0.087158203125,-0.051513671875,-0.1025390625,0.018798828125,-0.0458984375,-0.0009765625,-0.00390625,-0.0615234375,-0.0615234375,0.028076171875,0.0205078125,-0.090087890625,-0.032958984375,0.07666015625,-0.011962890625,-0.09619140625,0.021728515625,-0.00537109375,0.0576171875,0.093994140625,-0.103759765625,-0.103759765625,-0.11083984375,0.08544921875,0.058837890625,-0.0908203125,-0.008544921875,0.05224609375,-0.038330078125,-0.0107421875,0.021728515625,-0.04052734375,0.073486328125,-0.002685546875,-0.10546875,-0.10546875,0.021484375,0.03759765625,-0.076416015625,-0.015625,0.03759765625,-0.04833984375,-0.050537109375,0.02978515625,-0.034912109375,0.0771484375,0.037109375,-0.1318359375,-0.031982421875,-0.031982421875,0.09130859375,-0.01513671875,-0.0888671875,0.0205078125,0.012939453125,-0.07373046875,0.02099609375,0.02587890625,-0.075439453125,-0.013916015625,-0.0380859375,-0.083984375,0.0439453125,0.0439453125,0.02490234375,-0.08349609375,0.000732421875,0.04248046875,-0.022216796875,-0.00341796875,0.004638671875,-0.024658203125,0.1142578125,0.0322265625,-0.147216796875,-0.147216796875,-0.035400390625,0.09130859375,0.0,-0.07177734375,-0.012451171875,0.0126953125,0.016845703125,-0.015869140625,-0.09375,0.01171875,0.01171875,0.068359375,-0.053466796875,-0.09228515625,0.02783203125,0.041015625,-0.045166015625,-0.0029296875,-0.052734375,0.021240234375,0.016357421875,-0.067626953125,0.003662109375,0.003662109375,0.083740234375,-0.049072265625,-0.141845703125,0.04736328125,0.08544921875,-0.09033203125,0.0556640625,0.011474609375,-0.056640625,0.002197265625,0.005615234375,0.005615234375,-0.037353515625,0.03955078125,0.02392578125,-0.061279296875,0.016357421875,0.036865234375,-0.044189453125,0.0888671875,0.00732421875,-0.136962890625,-0.136962890625,0.0078125,0.084716796875,-0.037353515625,-0.047119140625,0.0068359375,-0.021728515625,-0.041748046875,-0.045166015625,-0.06201171875,0.087158203125,0.0478515625,-0.12353515625,-0.12353515625,-0.055908203125,0.06982421875,0.00048828125,-0.055419921875,0.019775390625,-0.003662109375,0.033935546875,-0.029296875,-0.12255859375,0.02978515625,0.113037109375,0.113037109375,-0.065185546875,-0.147705078125,0.052978515625,0.09228515625,-0.0751953125,0.031982421875,-0.005615234375,-0.02734375,0.031982421875,0.011962890625,-0.05615234375,-0.05615234375,0.021728515625,0.039794921875,-0.068603515625,-0.01806640625,0.04638671875,-0.01025390625,0.03173828125,-0.01171875,-0.083251953125,0.012939453125,0.0205078125,-0.058349609375,0.011962890625,0.011962890625,0.033203125,-0.0419921875,-0.015869140625,0.0224609375,-0.0693359375,-0.080322265625,0.073486328125,-0.14990234375,-0.082275390625,0.09423828125,0.02587890625,-0.11083984375,-0.036376953125,-0.036376953125,0.049560546875,-0.02490234375,-0.01953125,-0.020263671875,-0.054931640625,0.038330078125,-0.080078125,-0.082763671875,0.061767578125,0.036865234375,-0.06689453125,0.011962890625,0.011962890625,0.020263671875,-0.045654296875,0.028076171875,0.0234375,-0.089111328125,-0.02783203125,0.010986328125,-0.195068359375,-0.029541015625,0.125732421875,-0.016357421875,-0.09912109375,-0.002197265625,-0.002197265625,0.03662109375,-0.021484375,-0.00732421875,-0.02490234375,-0.053466796875,0.04638671875,-0.09228515625,-0.01708984375,0.06005859375,-0.035400390625,-0.068359375,0.038818359375,0.0009765625,0.0009765625,-0.068115234375,0.0517578125,0.01171875,-0.12646484375,-0.003173828125,-0.026611328125,-0.173828125,0.006103515625,0.10546875,-0.033935546875,-0.054931640625,0.0,-0.001953125,-0.001953125,0.01220703125,0.015380859375,-0.05615234375,-0.047607421875,0.07470703125,-0.093994140625,0.005126953125,0.02294921875,-0.071044921875,0.000244140625,0.0869140625,-0.037109375,-0.135498046875,-0.135498046875,0.0419921875,0.0869140625,-0.0771484375,-0.052490234375,0.047607421875,-0.064208984375,0.01123046875,0.017578125,-0.051025390625,0.02294921875,0.01806640625,-0.08447265625,-0.08447265625,-0.02490234375,0.021728515625,-0.0361328125,-0.013427734375,-0.034912109375,-0.11279296875,0.04150390625,0.04736328125,-0.092529296875,-0.026611328125,0.06103515625,-0.01123046875,-0.01123046875,-0.04833984375,0.03759765625,-0.013671875,-0.076416015625,0.040283203125,-0.100830078125,-0.029541015625,0.075927734375,-0.01611328125,-0.07958984375,0.009521484375,0.010498046875,0.010498046875,-0.04833984375,0.027099609375,-0.014892578125,0.0546875,0.09814453125,-0.085693359375,-0.137939453125,0.078369140625,0.078125,-0.09716796875,-0.0205078125,-0.0205078125,0.064208984375,-0.039794921875,-0.07177734375,0.00732421875,-0.03955078125,0.036865234375,0.017333984375,-0.102783203125,-0.022216796875,0.041015625,-0.040771484375,-0.046142578125,-0.046142578125,0.01416015625,-0.021484375,-0.0478515625,0.001953125,-0.081787109375,0.034423828125,0.0419921875,-0.073486328125,-0.01806640625,0.0576171875,-0.044189453125,-0.044189453125,-0.068603515625,0.091552734375,0.039306640625,-0.03857421875,0.0869140625,-0.007568359375,-0.06591796875,0.02490234375,0.02197265625,-0.065673828125,-0.00244140625,-0.0029296875,-0.0029296875,-0.067626953125,0.02197265625,-0.045654296875,-0.051025390625,0.04443359375,-0.020263671875,-0.09033203125,0.039306640625,0.0419921875,-0.08154296875,-0.015380859375,-0.015380859375,0.0205078125,-0.066650390625,-0.03076171875,-0.025146484375,-0.149169921875,0.01953125,0.087158203125,-0.052978515625,-0.04443359375,0.03369140625,-0.024169921875,-0.06396484375,0.02685546875,0.02685546875,0.010498046875,-0.062744140625,0.0400390625,-0.080078125,-0.031494140625,0.046142578125,-0.03369140625,-0.061767578125,0.049072265625,0.018798828125,-0.06884765625,0.025146484375,0.01025390625,0.01025390625,-0.078857421875,0.025634765625,-0.054443359375,-0.095947265625,0.072998046875,0.05419921875,-0.100830078125,-0.027099609375,0.040283203125,-0.03955078125,-0.023681640625,0.034423828125,-0.02685546875,-0.055908203125,-0.055908203125,0.0498046875,-0.111328125,-0.01416015625,0.05224609375,-0.037841796875,-0.0361328125,0.027099609375,-0.0078125,-0.033447265625,0.027587890625,-0.0478515625,-0.088623046875,0.087646484375,0.087646484375,0.080078125,-0.080078125,0.082275390625,0.023681640625,-0.105224609375,-0.00830078125,0.050048828125,-0.05615234375,-0.032958984375,0.04345703125,-0.014892578125,-0.046875,0.034912109375,0.034912109375,0.022216796875,-0.005615234375,0.0400390625,-0.02880859375,-0.00390625,0.02001953125,-0.0390625,-0.0400390625,0.019775390625,-0.026123046875,-0.0576171875,0.05419921875,0.05419921875,0.015625,-0.0263671875,0.072021484375,-0.03759765625,-0.08447265625,0.031005859375,0.0185546875,-0.07421875,0.00634765625,0.003173828125,-0.07861328125,0.015380859375,0.068359375,0.068359375,-0.04736328125,0.05517578125,-0.01123046875,-0.09814453125,0.060302734375,0.083251953125,-0.1044921875,-0.078125,0.090087890625,0.04833984375,-0.085205078125,-0.025146484375,0.03759765625,0.03759765625,0.01513671875,-0.007080078125,-0.06396484375,0.038330078125,0.093017578125,-0.0390625,-0.097900390625,0.0302734375,0.008056640625,-0.0634765625,0.058349609375,0.04736328125,0.04736328125,-0.071044921875,0.067626953125,0.0009765625,-0.1044921875,-0.000732421875,0.04736328125,-0.059814453125,-0.033447265625,0.009765625,-0.031005859375,-0.01806640625,0.02490234375,-0.0302734375,-0.071533203125,0.03955078125,0.02001953125,-0.0712890625,0.011474609375,0.027587890625,-0.06787109375,-0.0224609375,0.054443359375,-0.049560546875,-0.088623046875,0.0927734375,0.067626953125,-0.138671875,-0.058349609375,0.095703125,0.020751953125,-0.076416015625,0.0029296875,0.0400390625,-0.038330078125,0.000244140625,-0.005859375,-0.005859375,0.018310546875,0.064208984375,-0.04248046875,-0.068603515625,0.0400390625,0.005126953125,-0.0732421875,0.0283203125,0.024169921875,-0.07763671875,0.006591796875,0.0390625,-0.08642578125,-0.064453125,0.10693359375,0.02490234375,-0.17138671875,-0.02880859375,0.111083984375,-0.007080078125,-0.07080078125,-0.0107421875,-0.009033203125,-0.039794921875,0.020751953125,-0.01611328125,-0.0849609375,0.033447265625,0.041259765625,-0.07177734375,-0.0224609375,0.023681640625,-0.059326171875,-0.047119140625,0.098876953125,0.019287109375,-0.146728515625,0.01220703125,0.12744140625,-0.033935546875,-0.110107421875,0.0205078125,0.069580078125,-0.024169921875,-0.013916015625,-0.007080078125,-0.04248046875,0.03369140625,0.029541015625,-0.0693359375,-0.036865234375,0.04345703125,-0.018310546875,-0.062744140625,0.04052734375,0.009765625,-0.0791015625,0.014892578125,0.008544921875,-0.095947265625,-0.011474609375,0.112060546875,-0.016845703125,-0.16357421875,0.001953125,0.088134765625,-0.04541015625,-0.057373046875,-0.00146484375,-0.02197265625,-0.034423828125,0.026611328125,-0.0185546875,-0.09619140625,0.030029296875,0.068115234375,-0.078857421875,-0.069580078125,0.047119140625,0.034912109375,-0.036376953125,-0.019287109375,-0.016845703125,-0.0380859375,0.046630859375,-0.000732421875,-0.10498046875,0.02880859375,0.11181640625,-0.05859375,-0.14697265625,0.04345703125,0.09326171875,-0.060791015625,-0.042236328125,0.018310546875,-0.00146484375,0.023193359375,-0.010498046875,-0.01513671875,-0.01513671875,0.129638671875,-0.009765625,-0.175537109375,-0.00146484375,0.188232421875,0.022705078125,-0.1875,-0.087890625,0.14306640625,0.065673828125,-0.168701171875,-0.0703125,0.130859375,0.02685546875,-0.11328125,-0.032958984375,0.008544921875,-0.061767578125,0.000732421875,0.090087890625,-0.046875,-0.1181640625,0.04296875,-0.09765625,-0.09765625,-0.0849609375,0.0859375,0.086669921875,-0.0576171875,-0.074462890625,0.046630859375,0.074951171875,-0.052734375,-0.12109375,0.03173828125,0.085205078125,-0.098388671875,-0.098388671875,0.026123046875,0.000244140625,-0.0234375,0.04443359375,-0.06591796875,-0.1328125,0.103515625,0.1396484375,-0.17822265625,-0.14990234375,0.197509765625,-0.189208984375,-0.189208984375,-0.11474609375,0.12451171875,0.01171875,-0.078125,0.009033203125,-0.069091796875,-0.103271484375,0.06640625,0.058349609375,-0.171142578125,0.15625,-0.04248046875,-0.04248046875,-0.16357421875,0.061767578125,0.08837890625,-0.07666015625,0.005859375,0.1201171875,-0.038818359375,-0.076171875,0.072265625,-0.01904296875,0.077392578125,0.077392578125,0.052490234375,-0.102294921875,-0.01611328125,0.10107421875,-0.07421875,-0.1005859375,0.083251953125,0.0126953125,-0.08251953125,0.029052734375,-0.044677734375,0.044677734375,0.044677734375,0.052734375,-0.119140625,-0.028564453125,0.15087890625,-0.045654296875,-0.142822265625,0.08935546875,0.0947265625,-0.150146484375,0.085693359375,-0.00830078125,-0.00830078125,-0.076904296875,0.026123046875,-0.044921875,-0.10009765625,0.023681640625,0.011962890625,-0.122802734375,-0.013916015625,0.106689453125,-0.064697265625,0.087890625,-0.010498046875,-0.095703125,-0.095703125,0.034423828125,0.018798828125,-0.10595703125,0.020263671875,0.12548828125,-0.113525390625,-0.127685546875,0.13330078125,-0.165771484375,-0.030029296875,0.1083984375,0.1083984375,-0.01171875,-0.021240234375,0.059326171875,-0.06103515625,-0.051513671875,0.1005859375,-0.009521484375,-0.0966796875,0.09130859375,-0.099365234375,-0.04052734375,0.105224609375,0.105224609375,-0.06396484375,-0.077392578125,0.0966796875,-0.023193359375,-0.128662109375,0.06103515625,0.091796875,-0.1611328125,-0.091796875,0.14404296875,-0.031005859375,0.037109375,0.08154296875,-0.04736328125,-0.04736328125,-0.0068359375,0.028076171875,-0.1044921875,-0.040771484375,0.103271484375,-0.059326171875,-0.111328125,0.0869140625,0.03125,-0.04248046875,0.0869140625,-0.060302734375,-0.069580078125,-0.069580078125,0.05517578125,-0.047119140625,-0.064453125,0.083984375,0.002197265625,-0.16015625,0.0126953125,0.16748046875,-0.058349609375,0.071533203125,0.051513671875,-0.05859375,0.0048828125,0.0048828125,0.00537109375,-0.087158203125,0.000732421875,0.104248046875,-0.082275390625,-0.110595703125,0.096923828125,0.033447265625,-0.131103515625,0.07373046875,-0.021484375,-0.013427734375,0.0556640625,0.0556640625,-0.06689453125,-0.0478515625,0.10400390625,-0.0234375,-0.119140625,0.076416015625,0.10693359375,-0.1328125,0.11669921875,-0.0009765625,-0.11474609375,0.040771484375,0.02685546875,0.02685546875,-0.10302734375,-0.01220703125,0.076416015625,-0.068359375,-0.0498046875,0.089111328125,-0.03515625,-0.076416015625,0.00244140625,-0.103515625,0.0556640625,0.09326171875,0.09326171875,-0.13818359375,-0.097900390625,0.132568359375,-0.004150390625,-0.126220703125,0.03369140625,0.039306640625,-0.09033203125,-0.02734375,-0.0830078125,-0.015625,0.104736328125,-0.07568359375,-0.116943359375,-0.116943359375,0.075439453125,0.021728515625,-0.1103515625,0.021240234375,0.073974609375,-0.09619140625,-0.030029296875,0.1103515625,-0.121826171875,0.11328125,0.046630859375,-0.168701171875,-0.041748046875,-0.041748046875,0.1162109375,-0.049560546875,-0.060791015625,0.08203125,-0.04052734375,-0.092041015625,0.03759765625,-0.09033203125,0.036376953125,0.103271484375,-0.097412109375,-0.097412109375,-0.066650390625,0.108154296875,-0.023681640625,-0.080810546875,0.088134765625,0.030517578125,0.017578125,0.129638671875,-0.11962890625,-0.126953125,-0.061279296875,0.06298828125,0.007080078125,0.147705078125,-0.017578125,0.140625,-0.04638671875,-0.10546875,0.00244140625,-0.09814453125,0.0146484375,0.021728515625,-0.06005859375,-0.002197265625,-0.002197265625,0.01904296875,-0.08837890625,-0.027587890625,0.061279296875,-0.10205078125,-0.0859375,-0.01953125,-0.136474609375,0.040283203125,0.040283203125,0.071044921875,-0.140625,-0.041015625,0.162109375,-0.046142578125,-0.15087890625,0.065185546875,-0.102294921875,0.001953125,0.090576171875,-0.081787109375,-0.062744140625,0.096923828125,0.096923828125,-0.0419921875,-0.08984375,0.0859375,0.0107421875,-0.129638671875,0.093994140625,-0.087158203125,-0.03466796875,0.1064453125,-0.07470703125,-0.093505859375,-0.093505859375,0.1318359375,0.046142578125,-0.162109375,0.008544921875,0.1640625,-0.0791015625,0.07763671875,0.034423828125,-0.068359375,0.029052734375,0.01025390625,-0.107177734375,-0.107177734375,-0.00390625,0.099365234375,-0.097412109375,-0.115478515625,0.097412109375,0.0322265625,-0.01220703125,0.02978515625,-0.055908203125,0.0185546875,0.065185546875,-0.113525390625,-0.113525390625,-0.076171875,0.114013671875,-0.017822265625,-0.125,0.039306640625,-0.10693359375,-0.021484375,0.094482421875,-0.095458984375,-0.089599609375,0.13623046875,0.02392578125,0.02392578125,-0.1728515625,-0.0419921875,0.110107421875,-0.01416015625,0.05224609375,-0.049560546875,-0.06689453125,0.0625,-0.016357421875,-0.09765625,0.048095703125,0.070556640625,0.070556640625,-0.112548828125,-0.0556640625,0.09912109375,-0.051513671875,0.088623046875,-0.03125,-0.121337890625,0.08056640625,0.106689453125,-0.1474609375,-0.0595703125,-0.0595703125,0.1728515625,-0.027099609375,-0.1669921875,0.041015625,-0.0625,-0.005615234375,0.047607421875,-0.10205078125,-0.052978515625,0.105224609375,-0.05322265625,-0.11279296875,-0.11279296875,0.085693359375,0.05517578125,-0.121826171875,-0.030517578125,-0.076416015625,-0.05615234375,0.08935546875,-0.03271484375,-0.0751953125,0.07666015625,0.01171875,-0.12890625,-0.12890625,0.02783203125,0.124755859375,-0.1103515625,0.09033203125,0.011962890625,-0.098388671875,0.025146484375,0.029296875,-0.103271484375,-0.02783203125,0.072265625,0.072265625,-0.074951171875,-0.04638671875,0.1162109375,-0.030029296875,0.03662109375,0.094482421875,-0.06982421875,-0.035400390625,0.072021484375,-0.046142578125,-0.037353515625,0.091552734375,0.091552734375,-0.044677734375,-0.13818359375,0.073974609375,-0.123291015625,-0.119140625,0.11083984375,0.028076171875,-0.078125,0.030029296875,-0.00244140625,-0.07275390625,0.040283203125,0.040283203125,0.060302734375,-0.09765625,-0.02294921875,-0.059814453125,-0.105712890625,0.0712890625,-0.000244140625,-0.108154296875,0.0419921875,0.052978515625,-0.13916015625,-0.030029296875,-0.030029296875,0.13330078125,-0.1005859375,0.12255859375,0.084716796875,-0.15771484375,-0.062255859375,0.10205078125,-0.034912109375,-0.047119140625,0.072998046875,-0.0673828125,-0.0673828125,-0.1044921875,0.096435546875,0.051025390625,-0.008544921875,0.113037109375,-0.07666015625,-0.110107421875,0.061767578125,-0.008544921875,-0.061279296875,0.0498046875,-0.0146484375,-0.0146484375,-0.10986328125,0.040771484375,-0.11474609375,-0.087646484375,0.15771484375,0.021484375,-0.167724609375,-0.009521484375,0.106689453125,-0.033203125,-0.047607421875,0.041015625,0.041015625,-0.0517578125,-0.048583984375,-0.033203125,-0.1044921875,0.0556640625,0.0576171875,-0.10546875,-0.046630859375,0.07666015625,-0.052001953125,-0.056884765625,0.06884765625,0.06884765625,-0.043701171875,0.094970703125,0.07177734375,-0.156005859375,-0.049072265625,0.172607421875,-0.02685546875,-0.174072265625,0.028076171875,0.08349609375,-0.03076171875,-0.03076171875,0.000244140625,0.01904296875,-0.049560546875,0.099365234375,-0.0439453125,-0.07861328125,0.09326171875,0.01953125,-0.116943359375,0.001220703125,0.06201171875,-0.086181640625,-0.086181640625,-0.010009765625,0.10595703125,-0.1123046875,0.117431640625,0.022216796875,-0.185302734375,-0.00439453125,0.1494140625,-0.093505859375,-0.15478515625,0.082275390625,0.028564453125,0.028564453125,-0.086181640625,0.003173828125,-0.11865234375,0.0146484375,0.1279296875,-0.081787109375,-0.09228515625,0.12060546875,0.021240234375,-0.117919921875,-0.007080078125,0.023681640625,0.023681640625,-0.046630859375,0.063720703125,-0.12109375,-0.042724609375,0.1318359375,-0.052490234375,-0.119873046875,0.0849609375,0.041748046875,-0.11474609375,0.028076171875,0.098388671875,0.098388671875,-0.05419921875,0.164306640625,-0.03125,-0.171875,0.052734375,0.108154296875,-0.082275390625,-0.031494140625,0.0888671875,-0.07421875,-0.0986328125,-0.0986328125,0.056396484375,-0.076171875,0.0673828125,0.03369140625,-0.12646484375,-0.01611328125,0.098388671875,-0.0830078125,-0.064208984375,0.10546875,-0.0390625,-0.1240234375,0.080078125,0.080078125,-0.15625,-0.060791015625,0.15771484375,-0.040283203125,-0.1708984375,0.057861328125,0.09423828125,-0.086669921875,-0.04443359375,0.068603515625,-0.056396484375,-0.079833984375,0.06884765625,0.06884765625,-0.078125,0.04443359375,0.031982421875,-0.0771484375,-0.0087890625,0.05224609375,-0.0634765625,-0.010009765625,0.091796875,-0.07421875,-0.085693359375,0.1083984375,0.009033203125,-0.171875,0.0244140625,0.163818359375,-0.0966796875,-0.14208984375,0.09375,0.03125,-0.071044921875,0.045166015625,0.00634765625,-0.11279296875,0.017578125,0.09423828125,-0.09912109375,-0.04736328125,0.124755859375,-0.05517578125,-0.131103515625,0.068359375,0.031494140625,-0.118408203125,0.03369140625,0.08935546875,-0.146728515625,-0.062744140625,0.16064453125,-0.052001953125,-0.184814453125,0.0771484375,0.124267578125,-0.1279296875,-0.096435546875,0.103759765625,-0.003662109375,-0.059814453125,0.05322265625,-0.033935546875,-0.08935546875,0.05859375,0.05029296875,-0.120361328125,-0.027099609375,0.099365234375,-0.068359375,-0.08251953125,0.073486328125,-0.02685546875,-0.094482421875,0.05859375,0.037353515625,-0.12109375,-0.000732421875,0.12841796875,-0.096435546875,-0.119140625,0.126220703125,0.05322265625,-0.15234375,-0.0498046875,0.092041015625,-0.0185546875,-0.028564453125,0.05712890625,-0.06396484375,-0.08544921875,0.063232421875,0.00146484375,-0.099365234375,0.032958984375,0.0654296875,-0.1044921875,-0.036865234375,0.10009765625,-0.070068359375,-0.0654296875,0.119873046875,-0.0078125,-0.140869140625,0.065185546875,0.129150390625,-0.14013671875,-0.085205078125,0.157958984375,-0.0126953125,-0.168701171875,0.02294921875,0.080810546875,-0.0654296875,-0.021240234375,0.04736328125,-0.10546875,-0.06787109375,0.099609375,-0.043212890625,-0.105712890625,0.07470703125,0.042724609375,-0.124267578125,-0.013916015625,0.09814453125,-0.080322265625,-0.067626953125,0.082275390625,-0.03173828125,0.080322265625,0.080322265625,-0.001220703125,-0.1748046875,0.01123046875,0.161376953125,-0.0986328125,-0.1630859375,0.0771484375,0.05419921875,-0.063720703125,0.011474609375,0.0185546875,-0.094970703125,-0.000244140625,0.11279296875,-0.064453125,-0.081298828125,0.11181640625,0.04150390625,-0.11328125,-0.031494140625,0.036865234375,-0.032470703125,0.0283203125,-0.11962890625,-0.11962890625,-0.060791015625,0.11962890625,-0.01904296875,-0.1279296875,0.041259765625,0.057373046875,-0.113525390625,-0.013916015625,0.114013671875,-0.099365234375,-0.119140625,0.049072265625,0.049072265625,-0.154296875,-0.033203125,0.111083984375,-0.02734375,-0.059814453125,0.047119140625,-0.046875,-0.071533203125,0.06494140625,-0.001953125,0.03271484375,0.03271484375,0.068115234375,-0.106201171875,-0.05078125,0.08642578125,-0.064208984375,-0.081298828125,0.097900390625,0.003173828125,-0.128662109375,0.04736328125,0.10009765625,-0.14404296875,0.166015625,0.166015625,0.004150390625,-0.164794921875,0.007568359375,0.073486328125,-0.061767578125,-0.02099609375,0.045654296875,-0.098876953125,-0.063720703125,0.111328125,-0.133544921875,0.0361328125,0.0361328125,0.079833984375,-0.092041015625,-0.067138671875,0.067626953125,-0.021484375,-0.03125,0.053466796875,-0.063720703125,-0.079833984375,0.089599609375,-0.1328125,0.012451171875,0.012451171875,0.137451171875,-0.084716796875,-0.136474609375,0.074951171875,0.040771484375,-0.0791015625,0.011962890625,0.0380859375,-0.07421875,0.074462890625,-0.0673828125,-0.050048828125,-0.050048828125,0.09814453125,-0.011474609375,-0.107666015625,0.041015625,0.063232421875,-0.0908203125,-0.0146484375,0.0771484375,-0.078857421875,-0.064697265625,0.035888671875,-0.02783203125,-0.13427734375,0.0576171875,0.09423828125,-0.10693359375,0.099609375,-0.00390625,-0.00390625,-0.070068359375,0.066650390625,0.007568359375,-0.129638671875,-0.00927734375,0.0947265625,-0.065673828125,-0.076416015625,0.083984375,-0.095947265625,0.01025390625,0.01171875,0.01171875,-0.050537109375,0.03564453125,0.038330078125,-0.1123046875,-0.037109375,0.131103515625,-0.041259765625,-0.138916015625,0.072998046875,-0.123779296875,-0.083251953125,0.118408203125,0.025390625,0.025390625,-0.06103515625,0.03662109375,-0.01025390625,-0.0693359375,0.037841796875,0.03076171875,-0.0791015625,0.019775390625,0.094970703125,-0.088134765625,0.073486328125,-0.027099609375,-0.086669921875,-0.086669921875,0.0537109375,0.012451171875,-0.1142578125,0.0224609375,0.096435546875,-0.13427734375,-0.100830078125,0.14697265625,0.019287109375,-0.015380859375,0.091796875,-0.04638671875,-0.031982421875,-0.031982421875,0.054931640625,-0.0712890625,-0.074462890625,0.076416015625,-0.017333984375,-0.093994140625,0.0634765625,0.052734375,-0.121826171875,0.0830078125,-0.071044921875,-0.050537109375,0.10400390625,0.10400390625,-0.02685546875,-0.109375,0.0771484375,0.0654296875,-0.136962890625,-0.013916015625,0.150390625,-0.0634765625,-0.145263671875,0.076904296875,-0.101318359375,-0.01953125,0.093505859375,-0.0478515625,-0.074462890625,-0.074462890625,0.070068359375,-0.001953125,-0.07861328125,0.02587890625,0.015869140625,-0.081787109375,-0.011474609375,-0.0712890625,-0.022705078125,0.069091796875,-0.0751953125,-0.0751953125,-0.07763671875,0.095458984375,0.000244140625,-0.14501953125,0.03662109375,0.12744140625,-0.102294921875,0.0888671875,-0.014892578125,-0.092529296875,0.0693359375,0.034423828125,0.034423828125,-0.1240234375,-0.009033203125,0.08984375,-0.087158203125,-0.062744140625,0.12353515625,-0.015869140625,0.052978515625,0.08935546875,-0.092041015625,-0.02587890625,-0.02587890625,0.094482421875,-0.071044921875,-0.10302734375,0.101318359375,0.038330078125,-0.111572265625,0.012451171875,-0.091064453125,-0.054443359375,0.076171875,-0.04638671875,-0.06201171875,-0.06201171875,0.078369140625,-0.026611328125,-0.113525390625,0.03369140625,0.031005859375,-0.126708984375,0.005859375,-0.09619140625,-0.121337890625,0.106689453125,0.0283203125,-0.1455078125,-0.1455078125,-0.00146484375,0.099609375,-0.07373046875,-0.077880859375,0.082275390625,-0.01953125,0.0419921875,0.021240234375,-0.08935546875,-0.005615234375,0.068359375,0.068359375,-0.0537109375,-0.02490234375,0.082763671875,-0.032958984375,-0.065673828125,0.060302734375,-0.08837890625,0.070068359375,0.10693359375,-0.1201171875,-0.116455078125,0.1103515625,0.1103515625,0.02880859375,-0.107666015625,0.0166015625,0.0556640625,-0.082763671875,-0.054443359375,-0.04248046875,-0.06640625,0.07080078125,-0.005615234375,-0.110107421875,0.007080078125,0.007080078125,0.03759765625,-0.068359375,-0.013916015625,0.0341796875,-0.094482421875,-0.04052734375,0.11669921875,-0.14990234375,0.068603515625,0.093017578125,-0.148681640625,-0.100341796875,0.111083984375,0.111083984375,0.008544921875,-0.063720703125,0.041259765625,-0.025634765625,-0.08642578125,0.045166015625,-0.102294921875,0.021484375,0.1220703125,-0.073486328125,-0.095458984375,0.089599609375,0.00048828125,0.00048828125,-0.101806640625,0.038818359375,0.053955078125,-0.0732421875,0.0048828125,0.070068359375,-0.055419921875,0.12890625,-0.020751953125,-0.154296875,0.033447265625,0.095458984375,-0.069580078125,-0.069580078125,-0.0244140625,0.071533203125,-0.082275390625,-0.103515625,0.068359375,-0.102783203125,0.0283203125,0.08447265625,-0.08642578125,-0.08544921875,0.04345703125,-0.038818359375,-0.044677734375,-0.044677734375,0.070556640625,-0.02880859375,-0.11669921875,0.04248046875,0.073486328125,-0.050537109375,0.081298828125,-0.06201171875,-0.074951171875,0.1103515625,0.012451171875,-0.1494140625,0.025634765625,0.025634765625,0.14208984375,-0.076904296875,-0.118896484375,0.079833984375,0.0390625,0.042236328125,-0.00146484375,-0.100830078125,0.02392578125,0.079345703125,-0.09619140625,-0.047607421875,0.113037109375,0.113037109375,-0.029296875,-0.106689453125,0.05126953125,0.01123046875,0.04541015625,0.08447265625,-0.138671875,-0.0625,0.14013671875,-0.06103515625,-0.17822265625,0.08251953125,0.108154296875,-0.142822265625,-0.142822265625,-0.093505859375,0.093994140625,-0.013671875,-0.058349609375,0.050048828125,-0.0498046875,0.06103515625,0.060302734375,-0.095947265625,-0.001220703125,0.0888671875,-0.078125,-0.063232421875,0.09912109375,-0.018798828125,-0.08984375,0.0859375,0.045166015625,0.045166015625,-0.1279296875,0.007080078125,0.130859375,-0.089599609375,-0.123291015625,0.052978515625,-0.14892578125,-0.0302734375,0.109619140625,-0.0302734375,-0.068359375,0.061767578125,-0.012939453125,-0.095458984375,0.030517578125,0.03466796875,-0.06640625,-0.01123046875,-0.01123046875,0.030517578125,-0.05859375,-0.023193359375,0.05908203125,-0.074462890625,0.08251953125,-0.010986328125,-0.139404296875,0.00146484375,0.06396484375,-0.105224609375,-0.052490234375,0.117919921875,-0.038818359375,-0.15380859375,0.038330078125,0.0673828125,0.0673828125,-0.0751953125,-0.00439453125,0.083740234375,-0.068359375,0.0888671875,-0.00048828125,-0.111572265625,0.0361328125,0.0732421875,-0.085693359375,-0.052978515625,0.081298828125,-0.018310546875,-0.04443359375,0.057861328125,-0.03076171875,-0.0712890625,-0.0712890625,0.075439453125,0.03515625,-0.10693359375,0.02587890625,0.12744140625,-0.122314453125,0.095458984375,0.036865234375,-0.095703125,0.01025390625,0.04638671875,-0.072509765625,-0.029052734375,0.04248046875,-0.087158203125,-0.0556640625,0.098876953125,-0.02783203125,-0.154296875,-0.154296875,0.010009765625,0.070068359375,-0.08056640625,0.064208984375,-0.03369140625,-0.050048828125,0.056396484375,-0.04443359375,-0.1005859375,0.079345703125,0.0830078125,-0.140380859375,-0.089111328125,0.125244140625,0.01953125,-0.099609375,0.0302734375,0.048583984375,-0.069580078125,-0.025634765625,0.034912109375,-0.034423828125,0.013671875,0.07861328125,-0.067626953125,-0.067626953125,-0.087158203125,0.0771484375,0.023681640625,-0.08349609375,0.034423828125,0.064453125,-0.017822265625,0.10546875,-0.070068359375,-0.123779296875,0.09423828125,0.052734375,-0.159912109375,-0.05322265625,0.119384765625,-0.037109375,-0.122802734375,0.046630859375,0.017333984375,-0.109619140625,-0.006103515625,0.048828125,-0.04638671875,-0.010498046875,0.041748046875,-0.06201171875,-0.0419921875,0.069091796875,-0.039306640625,-0.08251953125,-0.08251953125,0.077392578125,0.034423828125,-0.10302734375,0.005126953125,0.073486328125,-0.0673828125,0.146484375,0.007568359375,-0.171630859375,0.023681640625,0.116455078125,-0.08935546875,-0.06396484375,0.107421875,-0.012451171875,-0.09765625,0.04248046875,0.01416015625,-0.060302734375,0.063720703125,0.04296875,-0.1357421875,-0.041015625,0.135009765625,-0.027587890625,-0.112060546875,0.062255859375,0.007568359375,-0.12451171875,0.0224609375,0.0224609375,0.0869140625,-0.096923828125,-0.063232421875,-0.033935546875,-0.117431640625,0.05029296875,0.02783203125,-0.09326171875,0.008056640625,0.045654296875,-0.081298828125,-0.0224609375,0.0771484375,-0.083251953125,-0.08154296875,0.120849609375,0.017578125,-0.150634765625,0.017822265625,0.1318359375,-0.080810546875,-0.1044921875,0.097900390625,0.0224609375,-0.108154296875,0.025146484375,0.06201171875,-0.072021484375,-0.020263671875,0.080322265625,-0.04833984375,-0.04833984375,-0.09130859375,0.0595703125,-0.05322265625,0.041259765625,0.01220703125,-0.083984375,0.0078125,0.06005859375,-0.102783203125,-0.0478515625,0.134521484375,-0.030029296875,-0.172607421875,0.01904296875,0.06591796875,-0.089599609375,-0.019287109375,0.0771484375,-0.0869140625,-0.0908203125,0.11572265625,0.012451171875,-0.133544921875,0.026123046875,0.08203125,-0.094970703125,-0.06494140625,0.0849609375,-0.024658203125,-0.056396484375,-0.056396484375,-0.035888671875,-0.092041015625,0.070556640625,0.03955078125,-0.124755859375,0.01171875,0.1376953125,-0.07568359375,-0.120849609375,0.081787109375,0.015869140625,-0.08203125,0.0576171875,0.050048828125,-0.115234375,-0.01904296875,0.1171875,-0.065673828125,-0.1015625,0.08154296875,0.01416015625,-0.103759765625,0.01806640625,0.03271484375,-0.12158203125,-0.021484375,0.140869140625,-0.04443359375,-0.165771484375,0.031494140625,0.068115234375,-0.0576171875,-0.016357421875,0.0263671875,-0.07470703125,-0.03662109375,0.06884765625,-0.0458984375,-0.062255859375,0.0849609375,0.00390625,-0.117919921875,0.01123046875,0.060546875,-0.076904296875,-0.01513671875,0.0859375,-0.08203125,-0.09765625,0.123779296875,0.036865234375,-0.16943359375,0.00048828125,0.155517578125,-0.05908203125,-0.133056640625,0.080322265625,0.06005859375,-0.07861328125,0.008056640625,0.0458984375,-0.066162109375,-0.027099609375,0.05517578125,-0.04345703125,-0.041015625,0.064697265625,-0.042236328125,-0.099609375,0.05712890625,0.023681640625,-0.115478515625,0.0078125,0.0869140625,-0.09521484375,-0.07666015625,0.109130859375,-0.037353515625,-0.15576171875,0.07470703125,0.113525390625,-0.1240234375,-0.0966796875,0.0966796875,-0.00390625,-0.072265625,0.059814453125,-0.01806640625,-0.1181640625,0.037353515625,0.06640625,-0.1005859375,-0.02880859375,0.10400390625,-0.056884765625,-0.115478515625,0.0458984375,0.0458984375,-0.0693359375,0.017822265625,0.0126953125,-0.08447265625,0.027587890625,0.1162109375,-0.09130859375,-0.1162109375,0.135986328125,0.06884765625,-0.159912109375,-0.05615234375,0.103271484375,0.00244140625,-0.04345703125,0.027099609375,-0.05615234375,-0.069091796875,0.0732421875,-0.001220703125,-0.123046875
Prusa_B,-0.03125,-0.043701171875,-0.06396484375,-0.073486328125,-0.0615234375,-0.0009765625,0.06787109375,0.08251953125,0.06201171875,0.0234375,-0.03271484375,-0.074462890625,-0.07958984375,-0.059814453125,-0.018798828125,0.02001953125,0.01611328125,-0.014404296875,-0.040771484375,-0.04443359375,0.003662109375,0.060546875,0.064697265625,0.034423828125,0.0380859375,0.0380859375,-0.02197265625,-0.05078125,-0.022216796875,-0.034423828125,-0.055419921875,-0.003173828125,-0.0048828125,-0.046630859375,0.025634765625,0.0263671875,-0.028076171875,0.038818359375,0.039794921875,0.005126953125,0.020751953125,-0.022216796875,-0.065185546875,-0.0439453125,-0.052490234375,-0.0673828125,-0.00146484375,0.009765625,0.028564453125,-0.029296875,-0.051025390625,-0.025390625,-0.022705078125,-0.027587890625,-0.02294921875,-0.023193359375,-0.023193359375,-0.021240234375,-0.019287109375,-0.038818359375,-0.031005859375,0.00390625,-0.012451171875,-0.0107421875,0.00244140625,-0.002197265625,-0.02392578125,-0.005615234375,-0.05908203125,-0.0048828125,0.02783203125,-0.019287109375,-0.021728515625,-0.010986328125,-0.010986328125,-0.031982421875,0.00439453125,0.037109375,-0.00830078125,0.00439453125,0.026611328125,-0.00439453125,0.012939453125,-0.006103515625,-0.050048828125,0.0009765625,0.0302734375,0.0078125,-0.005126953125,-0.0166015625,0.015625,-0.01708984375,-0.0537109375,-0.02197265625,-0.02197265625,-0.006591796875,0.01025390625,0.045166015625,0.0107421875,-0.03759765625,-0.048828125,-0.05419921875,-0.000244140625,0.045166015625,0.00537109375,-0.0439453125,-0.05126953125,-0.04052734375,-0.033203125,-0.029541015625,-0.01904296875,0.0244140625,0.0498046875,-0.001708984375,-0.060546875,-0.04248046875,0.010986328125,-0.030517578125,-0.05029296875,-0.01220703125,0.010498046875,-0.023681640625,-0.04443359375,0.004150390625,0.0615234375,0.0615234375,0.030029296875,-0.02587890625,-0.0126953125,0.008544921875,-0.03759765625,-0.083251953125,-0.038818359375,-0.001708984375,-0.02734375,-0.030029296875,0.00634765625,0.024658203125,0.010009765625,0.004638671875,0.041015625,0.02294921875,-0.01220703125,-0.00341796875,-0.002197265625,-0.032470703125,-0.045166015625,-0.045166015625,-0.036865234375,-0.009765625,0.01025390625,-0.01513671875,-0.017822265625,0.02587890625,0.00732421875,-0.030029296875,-0.028076171875,-0.00341796875,-0.0380859375,-0.047607421875,-0.01318359375,0.00390625,-0.023193359375,-0.01806640625,-0.01806640625,0.0009765625,0.01171875,0.014404296875,-0.021240234375,-0.05029296875,-0.033447265625,-0.00048828125,-0.0263671875,-0.039794921875,-0.0205078125,0.01220703125,0.006591796875,-0.02197265625,-0.02197265625,-0.024658203125,-0.00341796875,-0.006591796875,-0.0087890625,-0.004150390625,-0.006103515625,-0.01513671875,-0.01318359375,-0.0244140625,-0.0244140625,-0.001220703125,0.010009765625,-0.01220703125,-0.01220703125,-0.033447265625,-0.024169921875,0.0029296875,-0.021728515625,-0.03515625,0.00439453125,0.016357421875,0.009033203125,0.022705078125,0.032470703125,-0.00390625,-0.0419921875,-0.023681640625,-0.023681640625,0.010986328125,-0.01171875,-0.0341796875,-0.021728515625,-0.01611328125,-0.00927734375,-0.01123046875,-0.022705078125,-0.009521484375,-0.007080078125,-0.01171875,-0.001220703125,-0.016845703125,-0.016845703125,-0.046875,-0.0322265625,-0.021484375,-0.023681640625,-0.00048828125,0.009033203125,-0.0185546875,-0.018310546875,-0.030029296875,-0.017333984375,-0.000244140625,-0.009765625,-0.015869140625,-0.015869140625,-0.029541015625,-0.03076171875,0.02685546875,0.03466796875,-0.01513671875,-0.00048828125,-0.00244140625,-0.01416015625,-0.00390625,0.00634765625,-0.00244140625,-0.018310546875,-0.03076171875,-0.03076171875,-0.02001953125,-0.01611328125,-0.03173828125,-0.013916015625,-0.001708984375,-0.014404296875,-0.00048828125,0.000732421875,0.008544921875,-0.0146484375,-0.00048828125,0.020751953125,-0.021240234375,-0.048583984375,-0.048583984375,-0.0078125,0.00341796875,-0.021484375,-0.005615234375,0.003173828125,0.00390625,0.00048828125,-0.01220703125,-0.01025390625,-0.026123046875,-0.044677734375,-0.0380859375,-0.018310546875,-0.018310546875,-0.03173828125,-0.0322265625,-0.000244140625,0.013671875,-0.007080078125,-0.017822265625,-0.0263671875,-0.023193359375,-0.017822265625,-0.01513671875,-0.025390625,-0.038818359375,-0.0146484375,-0.0146484375,0.00927734375,0.00537109375,0.004150390625,0.00244140625,-0.008544921875,-0.00390625,-0.014892578125,-0.02734375,-0.023193359375,-0.019287109375,0.005126953125,0.009765625,-0.019287109375,-0.019287109375,-0.013671875,0.003173828125,-0.007080078125,-0.01953125,-0.0126953125,-0.012451171875,-0.040771484375,-0.048583984375,-0.012939453125,0.005859375,-0.000732421875,0.002197265625,0.009033203125,0.009033203125,-0.011474609375,-0.017578125,0.0107421875,-0.0185546875,-0.027587890625,-0.018310546875,-0.015380859375,-0.012451171875,-0.002197265625,0.01171875,0.001953125,-0.0126953125,-0.001708984375,-0.001708984375,0.006591796875,-0.001953125,-0.041015625,-0.02587890625,-0.00341796875,-0.009765625,-0.002685546875,0.00341796875,-0.03125,-0.03466796875,0.00830078125,0.029296875,0.029296875,-0.0009765625,-0.043212890625,-0.041748046875,-0.035888671875,-0.0234375,0.003173828125,0.012451171875,-0.00439453125,-0.0087890625,0.007080078125,0.028076171875,0.012451171875,-0.0166015625,-0.0107421875,-0.0107421875,-0.019287109375,-0.03515625,-0.008056640625,-0.01904296875,-0.031005859375,-0.01220703125,0.02197265625,0.032958984375,-0.0087890625,-0.042724609375,-0.028076171875,-0.028076171875,-0.028564453125,-0.03173828125,0.0078125,-0.014404296875,-0.0234375,-0.00146484375,0.02490234375,0.018310546875,-0.025390625,-0.0283203125,-0.004150390625,-0.000244140625,-0.000244140625,-0.008056640625,-0.02001953125,-0.041259765625,-0.023193359375,0.02734375,0.02685546875,-0.023193359375,-0.032958984375,-0.0126953125,0.0009765625,-0.01611328125,-0.01611328125,-0.0205078125,-0.003662109375,-0.04248046875,-0.037841796875,0.002197265625,0.001708984375,-0.02099609375,-0.01416015625,0.01904296875,0.00537109375,-0.02490234375,-0.026611328125,-0.026611328125,-0.037109375,-0.03125,0.018310546875,0.0341796875,0.01953125,0.010009765625,0.00439453125,-0.0078125,-0.03759765625,-0.03857421875,0.00146484375,0.00146484375,0.009033203125,-0.031005859375,-0.02001953125,-0.0341796875,-0.048095703125,-0.022705078125,0.018798828125,0.017333984375,-0.0107421875,-0.023193359375,-0.02099609375,-0.01953125,-0.01953125,-0.025390625,-0.003662109375,-0.00634765625,-0.009765625,0.005859375,0.012939453125,-0.036376953125,-0.052978515625,0.00537109375,0.011962890625,-0.00146484375,-0.00146484375,0.005859375,0.00537109375,-0.01318359375,-0.005126953125,0.0009765625,-0.019287109375,-0.036376953125,-0.03125,-0.007080078125,0.012939453125,-0.004150390625,-0.025146484375,-0.014892578125,-0.014892578125,-0.027587890625,-0.02490234375,0.013671875,0.017578125,-0.001220703125,-0.009521484375,-0.000244140625,-0.027099609375,-0.058349609375,-0.036376953125,-0.003173828125,-0.008544921875,-0.0087890625,-0.0087890625,0.02783203125,-0.027587890625,-0.046875,-0.015380859375,0.00341796875,-0.002197265625,0.006591796875,-0.001220703125,-0.031982421875,-0.04736328125,-0.026123046875,0.02001953125,0.034912109375,0.034912109375,-0.033935546875,-0.0341796875,-0.039306640625,-0.04150390625,-0.018798828125,0.008544921875,-0.00927734375,-0.012451171875,0.02392578125,0.017822265625,-0.046142578125,-0.0634765625,0.007080078125,0.0390625,0.001708984375,-0.027587890625,-0.013671875,-0.01806640625,-0.05712890625,-0.0166015625,0.05859375,0.056640625,-0.001708984375,-0.042724609375,-0.052978515625,-0.059814453125,-0.036865234375,-0.036865234375,0.02783203125,0.007080078125,-0.03564453125,-0.029541015625,0.00830078125,-0.021240234375,-0.056396484375,-0.001708984375,0.033203125,-0.015625,-0.0439453125,-0.02685546875,-0.015625,-0.047119140625,-0.049560546875,0.02001953125,0.054443359375,0.013671875,-0.01708984375,0.00390625,0.000732421875,-0.044189453125,-0.043701171875,0.00927734375,0.009033203125,-0.05029296875,-0.045166015625,0.0029296875,0.0078125,-0.01513671875,0.0009765625,0.0419921875,0.02294921875,-0.032958984375,-0.06640625,-0.042236328125,-0.029541015625,-0.033447265625,0.0087890625,0.040771484375,-0.004638671875,-0.052490234375,-0.01708984375,0.0244140625,-0.0048828125,-0.031982421875,0.008056640625,0.030029296875,-0.017822265625,-0.036865234375,-0.01611328125,-0.02392578125,-0.0400390625,-0.019287109375,0.037841796875,0.0478515625,0.005859375,-0.008544921875,-0.00927734375,-0.03271484375,-0.074951171875,-0.06884765625,-0.0126953125,0.015380859375,-0.004150390625,-0.00341796875,0.032470703125,0.000732421875,-0.05615234375,-0.046630859375,0.005859375,0.0029296875,-0.0205078125,0.004150390625,-0.0029296875,-0.049072265625,-0.061279296875,0.033935546875,0.033935546875,0.010498046875,0.011962890625,0.040283203125,0.01953125,-0.042724609375,-0.052490234375,-0.01953125,-0.02978515625,-0.048828125,-0.0185546875,0.028076171875,0.002197265625,-0.047119140625,-0.026611328125,0.0224609375,0.0234375,0.00244140625,-0.001708984375,-0.02099609375,-0.070068359375,-0.079345703125,-0.0078125,0.031494140625,-0.01025390625,-0.017578125,0.044677734375,0.042724609375,-0.05126953125,-0.0712890625,0.022216796875,0.067626953125,-0.015625,-0.051513671875,0.018310546875,0.01708984375,-0.054931640625,-0.054931640625,0.032958984375,0.03369140625,-0.035888671875,-0.014892578125,0.023193359375,-0.02001953125,-0.072265625,-0.0205078125,0.04638671875,-0.015380859375,-0.0166015625,-0.0166015625,0.0390625,-0.038818359375,-0.08447265625,0.009765625,0.062744140625,-0.025146484375,-0.05712890625,0.022216796875,0.044677734375,-0.04248046875,-0.060302734375,0.01220703125,-0.07666015625,-0.07666015625,-0.044189453125,0.039794921875,0.02001953125,-0.041259765625,0.011962890625,0.059326171875,-0.0302734375,-0.10205078125,-0.026123046875,0.0703125,-0.01025390625,-0.02099609375,0.04248046875,0.04248046875,-0.03955078125,-0.046875,0.047119140625,0.032470703125,-0.076416015625,-0.07861328125,0.021240234375,0.0361328125,-0.043212890625,-0.034912109375,0.03759765625,-0.06103515625,-0.006103515625,-0.006103515625,0.048583984375,-0.001220703125,-0.044189453125,0.005126953125,0.034912109375,-0.016357421875,-0.04638671875,-0.004638671875,0.00244140625,-0.03271484375,-0.000244140625,0.00439453125,0.00439453125,-0.019775390625,-0.038818359375,0.00341796875,0.033935546875,-0.0087890625,-0.052001953125,-0.037841796875,0.009033203125,-0.021484375,-0.0673828125,-0.001953125,-0.021728515625,-0.06982421875,-0.06982421875,0.00146484375,0.047119140625,-0.016357421875,-0.025634765625,0.03466796875,0.0302734375,-0.045166015625,-0.0576171875,0.002197265625,-0.019287109375,-0.0732421875,-0.01708984375,0.07275390625,-0.051513671875,-0.01513671875,0.040771484375,0.040771484375,-0.0146484375,-0.08154296875,-0.05322265625,0.014404296875,-0.02783203125,-0.08935546875,-0.0068359375,0.078857421875,0.016357421875,-0.070068359375,0.064208984375,0.013427734375,-0.049560546875,-0.049560546875,0.000732421875,0.010009765625,-0.0615234375,-0.07080078125,0.008544921875,0.025390625,-0.0224609375,-0.012451171875,0.0419921875,0.048828125,-0.01025390625,-0.0185546875,-0.0205078125,-0.060546875,-0.060546875,-0.057373046875,0.005859375,0.017333984375,-0.03466796875,-0.021484375,0.067626953125,0.031005859375,-0.08203125,0.0244140625,-0.01708984375,-0.06298828125,-0.015380859375,-0.015380859375,0.033935546875,-0.034912109375,-0.06591796875,0.03076171875,0.065673828125,-0.008544921875,-0.021728515625,0.043212890625,-0.087158203125,-0.072021484375,0.0185546875,0.0185546875,-0.001220703125,-0.06298828125,-0.014892578125,0.06494140625,0.03369140625,-0.054931640625,-0.04541015625,0.01904296875,-0.062744140625,-0.033935546875,0.030029296875,-0.03564453125,-0.03564453125,-0.10595703125,-0.019775390625,0.072998046875,0.00439453125,-0.0283203125,0.052490234375,0.04833984375,-0.09033203125,0.0146484375,0.0146484375,-0.078857421875,-0.078857421875,-0.032470703125,0.0849609375,0.054443359375,-0.0439453125,-0.035400390625,0.037841796875,0.009521484375,-0.06396484375,0.016357421875,-0.014892578125,-0.08251953125,-0.021484375,-0.021484375,0.0546875,-0.002685546875,-0.077880859375,0.006591796875,0.1083984375,-0.01513671875,-0.120361328125,0.0498046875,-0.06396484375,-0.09619140625,0.060791015625,0.085693359375,0.085693359375,-0.058837890625,-0.06787109375,0.0625,0.056640625,-0.087158203125,-0.0712890625,0.056640625,-0.093017578125,-0.01708984375,0.1064453125,0.003662109375,-0.12939453125,-0.12939453125,-0.03173828125,0.095703125,-0.017333984375,-0.12744140625,0.00244140625,0.08642578125,-0.056640625,0.0361328125,0.080322265625,-0.054443359375,-0.074951171875,0.0615234375,0.0615234375,0.051025390625,-0.079833984375,-0.0634765625,0.03759765625,0.003173828125,-0.0947265625,-0.008544921875,0.114990234375,-0.105224609375,-0.012939453125,0.0966796875,0.0029296875,-0.078369140625,-0.078369140625,-0.001708984375,0.031005859375,-0.06298828125,-0.0947265625,0.0126953125,0.063720703125,-0.032470703125,0.049072265625,0.062744140625,-0.047607421875,-0.084716796875,-0.00341796875,0.006591796875,0.006591796875,-0.07666015625,-0.04736328125,0.052001953125,0.009033203125,-0.089599609375,-0.01123046875,0.093017578125,-0.076416015625,-0.017822265625,0.061279296875,-0.01708984375,-0.0947265625,-0.01708984375,-0.01708984375,0.0439453125,-0.016357421875,-0.07470703125,0.015380859375,0.083740234375,-0.0263671875,-0.082763671875,0.0849609375,-0.071044921875,-0.136474609375,-0.00439453125,0.04150390625,-0.07177734375,-0.07177734375,-0.057861328125,0.09228515625,0.0947265625,-0.06689453125,-0.10107421875,0.05908203125,-0.099609375,-0.108154296875,0.04052734375,0.0078125,-0.108154296875,-0.0185546875,0.11181640625,0.11181640625,0.01708984375,-0.07275390625,0.02978515625,0.05224609375,-0.039794921875,-0.083740234375,0.031982421875,-0.02978515625,-0.088623046875,-0.022216796875,0.068359375,-0.006591796875,-0.070068359375,-0.070068359375,0.03955078125,0.084228515625,-0.05078125,-0.1240234375,0.011962890625,-0.099609375,-0.119384765625,0.071533203125,0.0986328125,-0.069580078125,-0.060302734375,0.08642578125,0.0400390625,0.0400390625,-0.0830078125,-0.035888671875,0.05712890625,-0.012939453125,-0.113525390625,0.0615234375,-0.0390625,-0.08203125,0.052734375,0.094482421875,-0.01953125,-0.03955078125,-0.03955078125,0.021728515625,-0.00048828125,-0.053466796875,-0.0458984375,-0.023681640625,-0.053955078125,-0.026123046875,0.052001953125,0.052490234375,-0.034423828125,-0.02294921875,0.06103515625,0.06103515625,0.015869140625,-0.09716796875,-0.05810546875,0.021484375,-0.0458984375,0.028564453125,0.04052734375,-0.026611328125,-0.01220703125,0.04052734375,-0.006591796875,-0.006591796875,-0.0576171875,-0.015625,0.008056640625,-0.03369140625,-0.030029296875,-0.027587890625,-0.012451171875,0.04541015625,0.03369140625,-0.03857421875,-0.02587890625,-0.00634765625,-0.00634765625,-0.0400390625,-0.045654296875,-0.0244140625,-0.0361328125,0.03515625,0.05224609375,-0.010986328125,-0.014404296875,0.041748046875,0.01904296875,-0.0419921875,-0.056640625,-0.056640625,-0.03466796875,-0.041748046875,-0.068115234375,0.079345703125,0.09521484375,-0.022216796875,-0.04248046875,0.01953125,0.010986328125,-0.037109375,-0.0458984375,-0.0458984375,-0.0546875,-0.060791015625,-0.03564453125,0.011474609375,-0.026123046875,-0.036865234375,0.0283203125,0.05224609375,-0.02978515625,-0.084228515625,-0.017578125,0.009033203125,0.009033203125,-0.0830078125,-0.067626953125,0.085205078125,-0.049072265625,-0.0517578125,0.03515625,0.046630859375,-0.01708984375,-0.038330078125,-0.029296875,-0.050048828125,-0.063720703125,-0.063720703125,-0.01025390625,0.034423828125,0.001220703125,-0.01123046875,0.045654296875,-0.027587890625,-0.072021484375,-0.016357421875,-0.000244140625,-0.06982421875,-0.0849609375,0.023681640625,0.081787109375,0.081787109375,0.011962890625,-0.019775390625,0.023681640625,0.023681640625,-0.01953125,-0.055908203125,-0.044677734375,-0.047607421875,-0.0263671875,0.05419921875,0.013427734375,-0.071044921875,-0.011474609375,-0.011474609375,0.064208984375,0.010498046875,-0.05517578125,0.025146484375,-0.008056640625,-0.072509765625,-0.11328125,-0.059814453125,0.015380859375,0.017578125,0.000244140625,0.008544921875,0.002197265625,0.002197265625,-0.020263671875,-0.0205078125,-0.046630859375,-0.005126953125,0.011474609375,-0.009033203125,-0.020751953125,-0.01220703125,0.001220703125,-0.01611328125,-0.0400390625,-0.014404296875,0.01708984375,0.01708984375,-0.01025390625,-0.03173828125,-0.03564453125,0.001220703125,0.013671875,0.005615234375,0.0244140625,0.003662109375,-0.04052734375,-0.0439453125,-0.036865234375,-0.010986328125,-0.010986328125,0.035888671875,0.03125,-0.03955078125,-0.00439453125,-0.02685546875,0.0234375,0.0654296875,0.02392578125,-0.026611328125,-0.0390625,-0.0654296875,-0.05517578125,0.03271484375,0.03271484375,0.052978515625,0.01806640625,-0.02880859375,-0.03271484375,-0.00341796875,-0.02001953125,-0.042724609375,0.004150390625,0.0390625,-0.018310546875,-0.0380859375,-0.018798828125,-0.0400390625,-0.002685546875,-0.002685546875,0.005859375,-0.006103515625,0.009033203125,0.016357421875,-0.011962890625,-0.06884765625,-0.047119140625,0.012451171875,0.002685546875,0.005126953125,-0.000732421875,-0.000732421875,-0.065185546875,0.01953125,-0.037841796875,0.005126953125,0.032470703125,-0.04931640625,-0.072998046875,-0.035400390625,-0.01513671875,0.027587890625,0.041015625,-0.018310546875,-0.018310546875,0.025390625,-0.04638671875,-0.1181640625,-0.093017578125,-0.008056640625,0.085205078125,0.120849609375,0.02587890625,-0.087646484375,-0.09033203125,-0.026123046875,-0.026123046875,0.046630859375,0.02294921875,-0.028564453125,-0.03271484375,-0.0302734375,-0.03857421875,-0.060302734375,-0.089599609375,-0.0576171875,0.029541015625,0.0751953125,0.0751953125,0.068115234375,0.0146484375,-0.004638671875,-0.04052734375,-0.076904296875,-0.072998046875,-0.054931640625,-0.034423828125,-0.01611328125,0.00390625,0.014404296875,0.002197265625,0.002197265625,0.01318359375,0.023193359375,0.010009765625,0.005126953125,0.04296875,0.04931640625,-0.037353515625,-0.113037109375,-0.072021484375,-0.018798828125,-0.036376953125,-0.036376953125,0.02294921875,0.015380859375,0.06201171875,-0.00439453125,-0.066162109375,0.03564453125,-0.043212890625,-0.01416015625,0.074462890625,-0.108154296875,0.00439453125,0.014892578125,-0.09814453125,0.030517578125,-0.078857421875,-0.017822265625,0.04248046875,-0.0703125,-0.002685546875,-0.0078125,-0.019775390625,0.06201171875,0.0341796875,0.027099609375,0.027099609375,-0.065185546875,-0.051513671875,-0.08447265625,-0.054443359375,-0.00537109375,0.005126953125,0.0283203125,-0.01904296875,-0.005859375,0.0107421875,0.009765625,0.03125,-0.015380859375,-0.015380859375,-0.007080078125,-0.045654296875,-0.02587890625,-0.051513671875,-0.0146484375,0.0244140625,-0.0498046875,-0.0615234375,-0.008056640625,0.038818359375,0.032470703125,-0.009765625,-0.026123046875,-0.012451171875,0.0087890625,0.020263671875,-0.01416015625,-0.053955078125,-0.04052734375,-0.047607421875,0.000244140625,0.002197265625,-0.056396484375,-0.013671875,0.040771484375,0.027099609375,-0.03271484375,-0.071533203125,-0.0263671875,0.071533203125,0.072021484375,-0.03369140625,-0.1044921875,-0.065673828125,0.043212890625,0.060302734375,-0.01806640625,-0.078125,-0.01904296875,0.068115234375,0.033447265625,-0.07177734375,-0.0830078125,0.027099609375,0.09130859375,-0.001220703125,-0.108154296875,-0.03955078125,0.076416015625,0.00439453125,-0.13427734375,-0.060791015625,0.103759765625,0.0751953125,-0.076171875,-0.10546875,0.040771484375,0.091796875,-0.05419921875,-0.08203125,0.043212890625,0.06103515625,-0.0517578125,-0.094970703125,-0.03125,0.01611328125,0.012939453125,-0.02294921875,-0.035400390625,-0.02978515625,-0.03662109375,0.00146484375,0.024169921875,-0.034423828125,-0.049072265625,0.030029296875,0.01318359375,-0.07421875,-0.059326171875,0.04443359375,0.022216796875,-0.075927734375,-0.075927734375,0.027587890625,0.052734375,-0.03564453125,-0.05224609375,0.032470703125,0.0546875,-0.0390625,-0.039794921875,0.046142578125,0.038330078125,-0.011962890625,-0.023193359375,-0.00244140625,-0.01416015625,-0.0302734375,-0.0009765625,0.019287109375,-0.016845703125,-0.047607421875,0.006103515625,0.039306640625,-0.010986328125,-0.04345703125,-0.010498046875,-0.00439453125,-0.039306640625,-0.039306640625,0.020263671875,0.0146484375,-0.046630859375,-0.046875,0.000244140625,-0.005615234375,-0.06298828125,-0.04833984375,0.051025390625,0.046875,-0.0361328125,0.024658203125,0.024658203125,-0.010986328125,-0.089111328125,-0.054443359375,0.04150390625,0.03564453125,-0.039794921875,-0.020263671875,0.02490234375,-0.02734375,-0.082275390625,0.03759765625,0.03759765625,-0.001220703125,-0.03515625,0.021728515625,0.051025390625,-0.039306640625,-0.077392578125,0.015380859375,0.036376953125,-0.06103515625,-0.07666015625,0.060546875,-0.02978515625,-0.02978515625,-0.047607421875,0.015380859375,0.029541015625,-0.04296875,-0.031982421875,0.053466796875,0.0224609375,-0.066650390625,-0.039306640625,0.01953125,-0.061279296875,-0.061279296875,-0.03076171875,0.031494140625,0.00634765625,-0.03662109375,-0.00439453125,0.0146484375,-0.05126953125,-0.083984375,-0.00341796875,0.0283203125,-0.05078125,0.021728515625,0.021728515625,0.03369140625,-0.0107421875,-0.0400390625,-0.009033203125,0.003662109375,-0.050537109375,-0.032958984375,0.027099609375,0.0166015625,-0.01806640625,0.04833984375,0.04833984375,0.00048828125,-0.05859375,0.003662109375,0.042724609375,-0.01611328125,-0.06103515625,-0.014892578125,0.026123046875,-0.017333984375,-0.040283203125,0.009521484375,-0.041259765625,-0.05908203125,0.02392578125,0.02392578125,0.03857421875,-0.02685546875,-0.0400390625,0.0048828125,-0.01025390625,-0.0693359375,-0.025390625,0.04541015625,0.025146484375,-0.03125,0.035888671875,-0.002685546875,-0.08349609375,-0.08349609375,-0.052490234375,0.02978515625,-0.0029296875,-0.0517578125,0.013427734375,0.058349609375,-0.016845703125,-0.086669921875,-0.02392578125,0.036376953125,-0.078125,0.0048828125,0.0546875,0.0546875,-0.0087890625,-0.044921875,-0.00439453125,-0.005615234375,-0.06298828125,-0.050537109375,0.03662109375,0.047607421875,-0.022216796875,0.048095703125,-0.01611328125,-0.09521484375,-0.033203125,-0.033203125,0.05908203125,-0.000732421875,-0.069580078125,-0.003173828125,0.08056640625,0.017333984375,-0.07763671875,-0.014892578125,0.04541015625,-0.102294921875,-0.01904296875,0.060791015625,0.016357421875,0.016357421875,-0.047607421875,-0.0146484375,0.0068359375,-0.0302734375,-0.034912109375,-0.00146484375,-0.005615234375,-0.0537109375,0.0185546875,0.025146484375,-0.039306640625,-0.01416015625,-0.01416015625,0.03955078125,-0.016845703125,-0.077880859375,-0.00244140625,0.06787109375,-0.0078125,-0.06787109375,-0.0126953125,0.06103515625,-0.089111328125,-0.012451171875,0.0576171875,-0.01611328125,-0.01611328125,-0.061279296875,0.0126953125,0.05419921875,-0.0283203125,-0.081787109375,-0.002685546875,0.02099609375,-0.05224609375,-0.048828125,0.02978515625,-0.041748046875,-0.02978515625,0.040283203125,0.040283203125,0.0107421875,-0.088134765625,-0.05712890625,0.03759765625,0.001953125,-0.060302734375,0.009521484375,-0.029296875,-0.0732421875,0.0185546875,0.064453125,0.064453125,-0.03466796875,-0.07373046875,0.016357421875,0.031005859375,-0.06005859375,-0.0712890625,0.036865234375,-0.064208984375,-0.068603515625,0.042724609375,0.04296875,-0.0634765625,-0.0634765625,-0.065673828125,0.0380859375,0.02734375,-0.06689453125,-0.041259765625,0.04638671875,0.0224609375,-0.043701171875,0.0537109375,0.02587890625,-0.065185546875,-0.065185546875,-0.00146484375,0.0810546875,-0.0068359375,-0.104736328125,-0.025634765625,0.0751953125,-0.0087890625,0.020751953125,0.060302734375,-0.03271484375,-0.071044921875,0.02587890625,0.02587890625,0.029296875,-0.083251953125,-0.10595703125,0.022705078125,0.0498046875,-0.06494140625,0.060791015625,0.05126953125,-0.054931640625,-0.062744140625,0.016845703125,0.016845703125,-0.000732421875,-0.083251953125,-0.047607421875,0.053955078125,0.002197265625,-0.06298828125,0.0595703125,-0.02978515625,-0.08154296875,0.01708984375,0.06201171875,-0.014404296875,-0.014404296875,-0.0703125,0.0146484375,0.05322265625,-0.051513671875,-0.072509765625,0.02197265625,-0.048583984375,-0.046630859375,0.053466796875,0.040771484375,-0.0791015625,-0.0791015625,-0.06640625,0.030029296875,0.005126953125,-0.0615234375,-0.0166015625,0.072509765625,-0.061279296875,-0.004150390625,0.07177734375,-0.027587890625,-0.108154296875,-0.020751953125,0.047119140625,0.047119140625,-0.037841796875,-0.098388671875,0.030029296875,0.096435546875,-0.02783203125,-0.081298828125,0.044189453125,-0.06787109375,-0.09326171875,0.013427734375,0.0419921875,-0.048095703125,-0.058349609375,-0.058349609375,0.04150390625,0.033935546875,-0.08056640625,-0.068603515625,0.049072265625,0.01953125,-0.032958984375,0.06298828125,0.011474609375,-0.074462890625,-0.00390625,0.077392578125,-0.016357421875,-0.016357421875,-0.103759765625,0.00048828125,0.082275390625,-0.0341796875,-0.096923828125,0.07568359375,-0.04541015625,-0.10400390625,0.01513671875,0.0732421875,-0.0419921875,-0.092041015625,-0.092041015625,0.04736328125,0.06640625,-0.0634765625,-0.064208984375,0.0400390625,-0.111328125,-0.055908203125,0.08251953125,0.03759765625,-0.075439453125,-0.017578125,0.071044921875,-0.008056640625,-0.008056640625,-0.101806640625,-0.021484375,0.0830078125,0.005859375,-0.092529296875,0.067138671875,-0.0263671875,-0.09130859375,0.021728515625,0.072998046875,-0.053466796875,-0.10595703125,0.032958984375,0.032958984375,0.08056640625,-0.051513671875,-0.09423828125,0.028564453125,0.0498046875,-0.0703125,0.046875,0.04248046875,-0.064453125,-0.046630859375,0.063232421875,0.010009765625,-0.102783203125,-0.102783203125,-0.03173828125,0.05712890625,-0.00830078125,-0.0595703125,0.083740234375,-0.02880859375,-0.099365234375,0.00634765625,0.05029296875,-0.05859375,-0.068603515625,0.05517578125,0.0517578125,0.0517578125,-0.078125,-0.0859375,0.04296875,-0.095947265625,-0.08349609375,0.057861328125,0.054443359375,-0.0693359375,-0.05078125,0.061279296875,0.01318359375,0.01318359375,-0.095703125,-0.048828125,0.0751953125,0.0205078125,0.000732421875,0.095703125,-0.017822265625,-0.09521484375,0.002685546875,0.077392578125,-0.027099609375,-0.11572265625,-0.11572265625,0.00390625,0.088623046875,-0.018798828125,0.0361328125,0.06591796875,-0.072265625,-0.093994140625,0.033447265625,0.042236328125,-0.07421875,-0.06298828125,-0.06298828125,0.051025390625,0.014404296875,-0.09814453125,0.098388671875,0.013671875,-0.116943359375,-0.01513671875,0.11279296875,0.004638671875,-0.1357421875,-0.037353515625,-0.037353515625,0.088134765625,-0.024169921875,-0.127197265625,0.124267578125,0.006103515625,-0.10498046875,0.002197265625,0.0859375,-0.041748046875,-0.119873046875,-0.00537109375,0.056640625,0.056640625,-0.029541015625,-0.060302734375,0.050048828125,-0.076416015625,-0.070068359375,0.04931640625,0.013671875,-0.103759765625,-0.05224609375,0.0703125,0.0302734375,-0.06201171875,-0.06201171875,0.00341796875,0.080322265625,-0.10107421875,-0.02294921875,0.057861328125,-0.025634765625,-0.090576171875,0.015869140625,0.07666015625,-0.054443359375,-0.10595703125,-0.10595703125,0.023193359375,0.0751953125,-0.07275390625,0.04638671875,0.043701171875,-0.08203125,-0.070556640625,0.05908203125,0.0283203125,-0.09765625,-0.069580078125,0.04443359375,0.04443359375,0.012939453125,-0.09130859375,0.08642578125,-0.00830078125,-0.099609375,-0.001953125,0.073486328125,-0.041748046875,-0.093505859375,0.03466796875,0.07373046875,0.07373046875,-0.058349609375,-0.09765625,0.0927734375,-0.082275390625,-0.107666015625,0.07568359375,0.072265625,-0.10791015625,-0.1015625,0.060302734375,0.06005859375,-0.088623046875,-0.088623046875,-0.06591796875,0.038818359375,-0.108642578125,-0.035400390625,0.089111328125,-0.001953125,-0.1181640625,-0.0400390625,0.0751953125,-0.011962890625,-0.110595703125,-0.110595703125,0.0029296875,-0.01953125,-0.101318359375,0.01708984375,0.07275390625,-0.052978515625,-0.087890625,0.050537109375,0.07177734375,-0.084716796875,-0.10888671875,0.055419921875,0.055419921875,0.078125,-0.067138671875,0.091552734375,0.03759765625,-0.135009765625,-0.09375,0.058349609375,0.0224609375,-0.0947265625,-0.018310546875,0.112060546875,0.112060546875,0.012451171875,-0.011962890625,0.072265625,-0.04638671875,-0.12841796875,0.020263671875,0.097900390625,-0.056396484375,-0.091552734375,0.061279296875,0.086181640625,0.086181640625,-0.0634765625,0.064697265625,0.1044921875,-0.075927734375,-0.109375,0.04443359375,0.039306640625,-0.11474609375,-0.08154296875,0.0908203125,0.053955078125,-0.09521484375,-0.09521484375,0.07861328125,-0.001953125,-0.12841796875,-0.044921875,0.07275390625,-0.033447265625,-0.102294921875,0.05078125,0.10205078125,-0.048828125,-0.084228515625,0.0634765625,0.0634765625,0.082763671875,-0.131103515625,0.05322265625,0.068115234375,-0.087890625,-0.073486328125,0.092529296875,0.081787109375,-0.09130859375,-0.072509765625,0.08154296875,0.02685546875,-0.1123046875,-0.1123046875,0.08837890625,-0.0224609375,-0.145751953125,0.000732421875,0.123779296875,-0.046630859375,-0.13671875,0.025390625,0.105712890625,-0.057373046875,-0.126708984375,0.071533203125,0.12451171875,0.12451171875,-0.138671875,0.043701171875,0.08935546875,-0.072265625,-0.0771484375,0.102294921875,0.063720703125,-0.126953125,-0.074462890625,0.082763671875,0.024169921875,-0.121826171875,-0.041259765625,0.11376953125,0.0048828125,-0.1181640625,0.013427734375,0.10693359375,-0.02734375,-0.1318359375,-0.018310546875,0.084716796875,-0.039794921875,-0.1005859375,0.0439453125,0.09814453125,-0.074462890625,-0.13525390625,0.0390625,0.091064453125,-0.06689453125,-0.07568359375,0.085205078125,0.060302734375,-0.100341796875,-0.0751953125,0.064697265625,0.046142578125,-0.093994140625,-0.05126953125,0.0927734375,0.0361328125,-0.09130859375,-0.025390625,0.086669921875,-0.023193359375,-0.140625,-0.023193359375,0.073486328125,-0.01708984375,-0.061279296875,0.020751953125,0.058349609375,-0.05859375,-0.11474609375,0.024169921875,0.09716796875,-0.043701171875,-0.084716796875,0.031982421875,0.033447265625,-0.093994140625,-0.06201171875,0.0849609375,0.052001953125,-0.0849609375,-0.045166015625,0.0859375,0.0224609375,-0.09326171875,-0.002197265625,0.071044921875,-0.058837890625,-0.123046875,-0.006591796875,0.084716796875,-0.00439453125,-0.0693359375,0.022216796875,0.048095703125,-0.085205078125,-0.10107421875,0.02880859375,0.045654296875,-0.04150390625,-0.048828125,0.01611328125,0.0263671875,-0.053466796875,-0.03857421875,0.061767578125,0.028076171875,-0.087158203125,-0.066162109375,0.048828125,0.020751953125,-0.077392578125,-0.020751953125,0.0615234375,-0.019775390625,-0.093505859375,0.00732421875,0.0927734375,0.029541015625,-0.0556640625,0.00390625,0.00390625,-0.057373046875,-0.095458984375,0.001220703125,0.041748046875,-0.03173828125,-0.01708984375,0.059326171875,0.030029296875,-0.064208984375,-0.044677734375,0.0302734375,-0.01318359375,-0.1005859375,-0.045654296875,0.06396484375,0.050048828125,-0.04345703125,-0.039306640625,0.009521484375,0.003662109375,-0.029052734375,-0.031494140625,0.014892578125,-0.017822265625,-0.017822265625,-0.02685546875,-0.00341796875,0.000732421875,-0.01611328125,0.01220703125,0.034912109375,-0.046142578125,-0.072998046875,0.01123046875,0.021484375,-0.063720703125,-0.063720703125,0.039306640625,0.024658203125,-0.0517578125,-0.0498046875,0.010009765625,0.0419921875,-0.003662109375,-0.02978515625,-0.014892578125,-0.01806640625,-0.006591796875,0.020751953125,0.020751953125,-0.00390625,-0.024169921875,-0.0009765625,-0.01416015625,-0.043701171875,-0.032470703125,0.003662109375,0.0244140625,-0.022705078125,-0.033447265625,0.0341796875,-0.026611328125,-0.026611328125,-0.0732421875,-0.049560546875,-0.01416015625,-0.022705078125,-0.01904296875,0.00927734375,0.021728515625,0.0029296875,-0.039794921875,-0.046142578125,-0.025634765625,0.0185546875,0.021484375,0.021484375,-0.02197265625,-0.04248046875,-0.0048828125,0.013671875,-0.014892578125,-0.02294921875,-0.00390625,-0.00732421875,-0.021240234375,-0.0361328125,-0.03662109375,0.007568359375,-0.0234375,-0.0234375,-0.011474609375,0.04296875,0.018310546875,-0.017578125,-0.045166015625,-0.04443359375,-0.044189453125,-0.043212890625,-0.00830078125,0.030029296875,0.03515625,-0.006103515625,-0.01171875,-0.01171875,-0.049560546875,-0.042236328125,-0.00830078125,0.008544921875,0.000732421875,-0.010009765625,-0.001953125,-0.005126953125,-0.0263671875,-0.029541015625,0.01513671875,-0.00830078125,-0.009033203125,-0.009033203125,0.0,-0.018310546875,-0.040771484375,-0.042236328125,-0.02978515625,-0.008056640625,0.010009765625,-0.010498046875,0.015869140625,0.0302734375,-0.036376953125,-0.02490234375,-0.014404296875,-0.014404296875,-0.029296875,-0.030029296875,-0.008544921875,0.003662109375,0.0048828125,-0.005126953125,-0.0009765625,0.025634765625,-0.01513671875,-0.002197265625,-0.027587890625,-0.031494140625,0.01416015625,0.01416015625,0.0244140625,-0.02392578125,-0.039306640625,-0.00048828125,0.006591796875,-0.008544921875,-0.037109375,-0.02783203125,0.000732421875,-0.04931640625,0.007568359375,0.03515625,0.03515625,-0.0068359375,-0.031005859375,-0.00146484375,-0.003662109375,-0.014404296875,-0.038330078125,-0.036865234375,-0.025390625,-0.044921875,0.048828125,0.02880859375,-0.015380859375,-0.017333984375,-0.017333984375,-0.009765625,-0.036865234375,-0.048828125,-0.001708984375,0.029296875,0.0185546875,-0.015869140625,-0.015869140625,-0.01220703125,-0.03271484375,-0.013671875,-0.016357421875,-0.016357421875,-0.019287109375,-0.014404296875,0.003173828125,-0.0263671875,-0.0390625,-0.00830078125,0.01123046875,-0.0390625,-0.002685546875,0.01416015625,0.005859375,0.005859375,-0.027587890625,-0.017578125,0.02392578125,0.0244140625,-0.044921875,-0.072998046875,-0.0205078125,0.0009765625,-0.03759765625,-0.04443359375,0.011962890625,0.03125,0.03125,0.000732421875,-0.01611328125,-0.020751953125,0.013916015625,0.00732421875,-0.055419921875,-0.041748046875,0.032958984375,0.00439453125,-0.0224609375,-0.03271484375,-0.03271484375,-0.013916015625,0.008056640625,-0.038330078125,-0.01806640625,0.013671875,-0.02099609375,0.022705078125,-0.029052734375,0.015380859375,0.0,-0.00390625,-0.0322265625,-0.0322265625,-0.0400390625,-0.007080078125,-0.0283203125,-0.0126953125,-0.020751953125,-0.000732421875,-0.009033203125,-0.008544921875,-0.04052734375,-0.04833984375,-0.0380859375,-0.0380859375,-0.023681640625,-0.02099609375,0.031982421875,0.021484375,0.00439453125,0.01318359375,-0.053955078125,-0.058837890625,-0.017333984375,-0.010986328125,-0.076904296875,0.044189453125,0.044189453125,-0.04345703125,0.021240234375,0.08056640625,-0.08984375,0.03857421875,-0.000732421875,0.03857421875,-0.022705078125,-0.033447265625,0.04345703125,-0.01123046875,-0.02587890625,-0.02587890625,-0.004150390625,-0.007568359375,-0.018798828125,-0.013671875,-0.00439453125,-0.01806640625,0.009521484375,-0.036865234375,-0.01220703125,-0.02783203125,-0.01416015625,0.005126953125,-0.000244140625,-0.000244140625,0.001220703125,0.00048828125,-0.00244140625,-0.027099609375,-0.03369140625,-0.015380859375,-0.015869140625,-0.027099609375,-0.04443359375,-0.0146484375,0.009765625,0.01220703125,0.040283203125,0.040283203125,0.045654296875,0.028564453125,0.016845703125,-0.019287109375,-0.04443359375,-0.0283203125,-0.02783203125,-0.03662109375,-0.0439453125,-0.030517578125,-0.008544921875,0.010498046875,0.027099609375,0.027099609375,0.023193359375,-0.01220703125,-0.057373046875,-0.072509765625,-0.0205078125,0.062255859375,0.005126953125,-0.091552734375,-0.10546875,-0.033447265625,0.018310546875,-0.03076171875,-0.0849609375,-0.0849609375,-0.018310546875,0.0703125,0.048095703125,-0.01318359375,0.01220703125,-0.068359375,-0.029296875,0.008056640625,-0.05517578125,-0.02587890625,-0.025146484375,-0.100341796875,-0.0009765625,-0.0009765625,0.110107421875,0.052001953125,0.000732421875,-0.013671875,-0.07373046875,0.013916015625,-0.023193359375,-0.026611328125,0.05224609375,0.039306640625,-0.02978515625,-0.0322265625,-0.0322265625,-0.00927734375,-0.004638671875,-0.00146484375,-0.0107421875,0.004150390625,0.039794921875,-0.059814453125,-0.047607421875,0.0,0.0283203125,0.023193359375,0.01318359375,-0.034912109375,-0.034912109375,-0.073974609375,-0.03857421875,-0.021240234375,-0.009033203125,0.025390625,0.005859375,-0.059814453125,-0.061279296875,-0.050048828125,-0.0078125,0.0322265625,-0.0185546875,-0.0185546875,-0.0634765625,-0.0234375,-0.01416015625,-0.0419921875,-0.0244140625,0.005615234375,0.045166015625,0.0283203125,0.0068359375,-0.009521484375,-0.0673828125,-0.0673828125,-0.103515625,-0.0478515625,0.037353515625,0.04296875,-0.036865234375,-0.053466796875,-0.02880859375,-0.007568359375,0.019287109375,0.0458984375,0.05322265625,-0.006103515625,-0.006103515625,-0.08154296875,-0.077392578125,-0.013427734375,0.026123046875,-0.018310546875,-0.00390625,0.0283203125,-0.012451171875,-0.080810546875,-0.068359375,0.0439453125,0.0439453125,0.0966796875,0.005859375,-0.07568359375,-0.013916015625,-0.003173828125,-0.107177734375,-0.043701171875,0.09423828125,0.021484375,-0.1474609375,-0.08642578125,0.091796875,0.091796875,0.051513671875,-0.117431640625,-0.0478515625,0.057861328125,-0.150634765625,-0.11962890625,0.037353515625,0.028076171875,-0.10302734375,-0.06298828125,0.09326171875,0.09326171875,0.063232421875,-0.096923828125,-0.056640625,0.0263671875,-0.111083984375,-0.0556640625,0.056396484375,0.020263671875,-0.09619140625,-0.05859375,0.07275390625,0.088623046875,0.088623046875,-0.011474609375,-0.0283203125,-0.00390625,-0.0732421875,-0.03955078125,0.029541015625,0.01123046875,-0.05419921875,-0.039794921875,0.01025390625,0.0283203125,0.012451171875,0.012451171875,-0.008056640625,-0.01806640625,0.00732421875,-0.061279296875,-0.10107421875,-0.06201171875,0.0029296875,0.005859375,-0.028564453125,0.00244140625,0.07080078125,0.042236328125,0.042236328125,-0.050537109375,-0.06689453125,0.02783203125,-0.070556640625,-0.09716796875,0.00146484375,0.021728515625,-0.07373046875,-0.045654296875,0.08056640625,0.059814453125,-0.052001953125,-0.036865234375,0.037841796875,0.037841796875,-0.01025390625,-0.1025390625,0.041259765625,-0.010009765625,-0.08642578125,-0.022216796875,0.0830078125,0.02490234375,-0.069580078125,-0.002197265625,0.069580078125,-0.005859375,-0.005859375,-0.09423828125,-0.055419921875,0.014892578125,-0.054443359375,0.016357421875,0.07568359375,0.02294921875,-0.0400390625,0.00927734375,0.02734375,-0.045166015625,-0.06298828125,0.0166015625,0.0166015625,0.013427734375,-0.088623046875,0.0810546875,0.047607421875,-0.0703125,-0.03662109375,0.094970703125,0.036865234375,-0.130859375,-0.095458984375,0.073486328125,0.052734375,-0.132080078125,-0.132080078125,-0.094970703125,0.076171875,-0.07763671875,-0.058349609375,0.072021484375,0.033203125,-0.0927734375,-0.060791015625,0.0419921875,-0.0224609375,-0.106689453125,-0.017822265625,0.083740234375,0.083740234375,0.00537109375,0.047119140625,0.049560546875,-0.083251953125,-0.072265625,0.0361328125,0.006103515625,-0.08642578125,-0.048583984375,0.025390625,0.005615234375,-0.020263671875,0.015625,0.0439453125,-0.010498046875,-0.010498046875,-0.06005859375,0.038330078125,-0.039306640625,-0.09375,-0.017578125,0.0693359375,0.009033203125,-0.051513671875,0.031982421875,0.08056640625,-0.026611328125,-0.077880859375,0.0283203125,0.040771484375,-0.078857421875,-0.078857421875,-0.073486328125,0.012939453125,-0.067138671875,-0.01806640625,0.071044921875,0.013671875,-0.0634765625,-0.011474609375,0.030517578125,-0.071044921875,-0.1201171875,0.00146484375,0.069580078125,-0.0322265625,-0.093505859375,-0.093505859375,0.009521484375,-0.011474609375,-0.0888671875,0.011474609375,0.076416015625,-0.04931640625,-0.108642578125,0.022216796875,0.065673828125,-0.057373046875,-0.082763671875,0.039794921875,0.05908203125,-0.0556640625,-0.043701171875,-0.043701171875,0.0546875,-0.104248046875,-0.03466796875,0.095703125,0.01025390625,-0.128662109375,-0.05078125,0.07958984375,0.005615234375,-0.0869140625,0.015869140625,0.0966796875,-0.02734375,-0.123779296875,-0.00830078125,-0.00830078125,-0.037353515625,-0.097412109375,0.0185546875,0.0771484375,-0.023193359375,-0.060546875,0.039794921875,0.052978515625,-0.061767578125,-0.062255859375,0.0478515625,0.033447265625,-0.083984375,-0.067626953125,0.042724609375,0.042724609375,-0.0712890625,-0.0146484375,0.063720703125,-0.017333984375,-0.09765625,-0.01416015625,0.059814453125,-0.0234375,-0.09326171875,-0.009033203125,0.04736328125,-0.045166015625,-0.074462890625,0.0361328125,0.081298828125,-0.019775390625,-0.019775390625,0.0302734375,0.0517578125,-0.06689453125,-0.078369140625,0.014892578125,0.056640625,-0.038818359375,-0.059326171875,0.059326171875,0.043701171875,-0.0830078125,-0.06298828125,0.06298828125,0.034912109375,-0.0830078125,-0.064697265625,0.026611328125,-0.01171875,-0.083251953125,-0.010498046875,0.089599609375,0.015625,-0.087890625,-0.016845703125,0.06298828125,-0.0068359375,-0.090576171875,-0.0146484375,0.055908203125,-0.0234375,-0.0859375,0.001708984375,0.082275390625,0.00146484375,-0.071533203125,0.01123046875,0.07470703125,-0.013916015625,-0.077880859375,-0.004150390625,0.044921875,-0.037353515625,-0.080810546875,0.01904296875,0.052734375,-0.0478515625,-0.06201171875,0.027099609375,0.010498046875,-0.068603515625,-0.047607421875,0.02587890625,-0.000244140625,-0.070556640625,-0.024658203125,0.041259765625,0.013427734375,-0.029296875,0.001708984375,0.027099609375,-0.06689453125,-0.01513671875,-0.01513671875,0.0126953125,-0.030517578125,-0.029296875,0.0458984375,0.038818359375,-0.042724609375,-0.04248046875,0.022705078125,0.011474609375,-0.053466796875,-0.030517578125,0.052490234375,0.013916015625,-0.10693359375,-0.077392578125,0.03173828125,0.026611328125,-0.035888671875,0.0078125,0.07177734375,-0.005859375,-0.103515625,-0.042724609375,0.054931640625,0.005126953125,-0.083251953125,-0.02392578125,0.0009765625,-0.06494140625,0.011474609375,0.011474609375,0.0859375,0.001953125,-0.07763671875,0.0078125,0.060791015625,-0.05859375,-0.105224609375,0.01171875,0.042724609375,-0.048583984375,-0.046142578125,0.039306640625,0.040771484375,-0.06005859375,-0.04345703125,0.06591796875,0.01171875,-0.093505859375,-0.0478515625,0.015380859375,-0.03955078125,-0.083251953125,0.015625,0.0810546875,-0.009033203125,-0.05712890625,0.0185546875,-0.048583984375,-0.09228515625,0.010986328125,0.010986328125,0.047607421875,-0.0390625,-0.05908203125,0.0341796875,0.055419921875,-0.057373046875,-0.054443359375,0.06103515625,0.05615234375,-0.071533203125,-0.09375,0.025634765625,0.015625,-0.093505859375,-0.04833984375,0.054443359375,0.010986328125,-0.065673828125,0.018310546875,0.088623046875,-0.025146484375,-0.119873046875,-0.02734375,0.05810546875,-0.03662109375,0.017822265625,0.062255859375,-0.042724609375,-0.05810546875,0.064697265625,0.064697265625,0.085693359375,-0.037109375,-0.0751953125,0.015625,0.020263671875,-0.074462890625,-0.068359375,0.036376953125,0.0390625,-0.046142578125,-0.013916015625,0.048095703125,-0.012939453125,-0.0849609375,-0.015380859375,0.0576171875,-0.009521484375,-0.080810546875,-0.0283203125,0.031494140625,-0.032958984375,-0.073974609375,0.02197265625,0.087646484375,-0.076416015625,0.001220703125,0.0361328125,-0.056640625,-0.09521484375,0.01318359375,0.0654296875,0.0654296875,-0.033935546875,-0.05322265625,0.0283203125,0.026123046875,-0.058837890625,-0.045166015625,0.05517578125,0.02197265625,-0.08984375,-0.062255859375,0.028564453125,0.004150390625,-0.066162109375,-0.015380859375,0.068115234375,0.02099609375,-0.064208984375,-0.028076171875,0.0390625,-0.03759765625,-0.10693359375,-0.018310546875,0.073486328125,-0.0380859375,-0.014404296875,0.0244140625,-0.012939453125,-0.042236328125,0.02197265625,0.048583984375,0.048583984375,-0.03173828125,-0.078857421875,-0.031982421875,0.02587890625,-0.015869140625,-0.04052734375,0.0244140625,0.0322265625,-0.048095703125,-0.056884765625,0.015380859375,0.010009765625,-0.060791015625,-0.057373046875,0.015380859375,0.00927734375,-0.05126953125,-0.024169921875,0.022705078125,-0.006591796875,-0.027099609375,0.033935546875,0.020263671875,-0.029296875,-0.038818359375,-0.0263671875,-0.02978515625,-0.03515625,0.00146484375,0.0361328125,0.0361328125,-0.006103515625,-0.012939453125,0.02685546875,0.0185546875,-0.03125,-0.05712890625,-0.036865234375,-0.020263671875,-0.044189453125,-0.010986328125,0.04931640625,0.012451171875,-0.049072265625,-0.02294921875,0.013916015625,-0.014404296875,-0.03466796875,-0.00390625,0.016357421875,-0.041748046875,-0.080810546875,0.02880859375,0.00390625,-0.0048828125,0.018798828125,0.03076171875,-0.015625,-0.042236328125,0.00048828125,0.002685546875,-0.050048828125,-0.050048828125,-0.06298828125,0.010498046875,0.042236328125,-0.01611328125,-0.039794921875,0.004638671875,0.01708984375,-0.038330078125,-0.02783203125,0.01611328125,-0.010009765625,-0.065185546875,-0.0556640625,0.0126953125,0.016357421875,-0.02978515625,-0.021728515625,0.005126953125,-0.005615234375,-0.012939453125,0.02490234375,-0.02392578125,-0.06005859375,-0.022705078125,0.003173828125,-0.00390625,0.0068359375,0.025146484375,0.00244140625,-0.030517578125,-0.016845703125,-0.016845703125,0.02001953125,-0.001708984375,-0.0576171875,-0.0498046875,-0.00048828125,-0.0126953125,-0.042236328125,-0.01416015625,0.007080078125,-0.0263671875,-0.04638671875,0.009765625,0.0556640625,0.005859375,-0.063720703125,-0.04150390625,0.000244140625,-0.025146484375,0.0205078125,0.02734375,-0.027099609375,-0.031982421875,0.033935546875,0.040283203125,-0.041015625,-0.055908203125,0.023193359375,0.0341796875,-0.02978515625,-0.02978515625,-0.03955078125,0.00244140625,-0.0009765625,-0.035888671875,-0.029541015625,0.00341796875,-0.0009765625,-0.02734375,-0.012939453125,-0.004150390625,-0.03759765625,-0.04931640625,-0.013427734375,0.012939453125,-0.006591796875,-0.02001953125,0.00634765625,-0.045654296875,-0.030029296875,0.0234375,0.005859375,-0.0478515625,-0.030517578125,0.0224609375,0.0185546875,-0.036376953125,-0.024658203125,0.0361328125,0.01220703125,-0.043701171875,-0.043701171875,-0.02099609375,0.012939453125,-0.01953125,-0.049560546875,-0.009765625,0.03515625,-0.0009765625,-0.02783203125,0.016357421875,0.023681640625,-0.045166015625,-0.0751953125,-0.00390625,0.03564453125,-0.08056640625,0.0,0.008056640625,0.047607421875,-0.04248046875,0.035888671875,0.05810546875,-0.035888671875,-0.053466796875,0.02001953125,0.015869140625,-0.072509765625,-0.083251953125,0.01611328125,0.058837890625,-0.02392578125,-0.0517578125,0.024658203125,0.027587890625,-0.052978515625,-0.052978515625,-0.0576171875,0.03564453125,0.04345703125,-0.083740234375,-0.108154296875,0.00048828125,0.0419921875,-0.001708984375,-0.0302734375,0.00146484375,0.01708984375,-0.0126953125,-0.01025390625,-0.02783203125,-0.0732421875,-0.0439453125,0.014404296875,0.01953125,-0.0068359375,-0.0029296875,0.00439453125,-0.01025390625,-0.004638671875,0.022705078125,0.010498046875,-0.041015625,-0.049560546875,-0.0185546875,-0.016845703125,-0.016845703125,-0.042724609375,-0.017822265625,0.01416015625,-0.0029296875,-0.021240234375,0.007080078125,0.02587890625,-0.0166015625,-0.0546875,-0.025390625,0.0048828125,-0.026611328125,0.008056640625,0.03515625,-0.011474609375,-0.041259765625,0.0205078125,0.046142578125,-0.01708984375,-0.0537109375,-0.011962890625,0.0048828125,-0.039794921875,-0.05615234375,-0.0146484375,0.015625,-0.0126953125,-0.01708984375,0.031005859375,0.031005859375,0.0263671875,-0.04541015625,-0.052001953125,-0.005615234375,-0.01220703125,-0.046142578125,-0.031982421875,0.010009765625,-0.003662109375,-0.0302734375,-0.008056640625,0.0068359375,-0.0126953125,0.001953125,0.005615234375,-0.03466796875,-0.056640625,-0.021240234375,-0.003173828125,-0.010009765625,0.01123046875,0.04150390625,0.0263671875,-0.040283203125,-0.037841796875,0.013671875,-0.02001953125,-0.079345703125,-0.046630859375,-0.046630859375,0.011962890625,-0.00830078125,-0.048095703125,-0.024169921875,0.024169921875,0.008056640625,-0.028564453125,0.01318359375,0.0498046875,-0.017333984375,-0.068359375,-0.029052734375,-0.035888671875,-0.033203125,0.03466796875,0.074462890625,0.021484375,-0.030029296875,-0.012939453125,-0.000244140625,-0.029541015625,-0.05322265625,-0.0068359375,0.023681640625,-0.017822265625,-0.01953125,0.0283203125,0.006591796875,-0.0439453125,-0.02001953125,0.02734375,0.02734375,0.003662109375,-0.03662109375,-0.04052734375,-0.04345703125,-0.056396484375,-0.052734375,0.0107421875,0.06884765625,-0.02587890625,-0.016357421875,-0.001708984375,-0.01708984375,-0.02490234375,-0.009521484375,-0.008056640625,-0.05224609375,-0.057861328125,0.026123046875,0.068115234375,0.00537109375,-0.03369140625,-0.00390625,-0.00146484375,-0.025390625,-0.01416015625,0.010986328125,-0.01904296875,-0.071044921875,-0.037353515625,0.03955078125,0.03955078125,-0.045166015625,-0.015380859375,0.0224609375,0.0224609375,-0.020263671875,-0.04833984375,-0.000732421875,0.00927734375,-0.047607421875,-0.077880859375,-0.03515625,0.033203125,0.02197265625,0.038330078125,0.01513671875,-0.03662109375,-0.042236328125,-0.0068359375,-0.001220703125,-0.05029296875,-0.054931640625,-0.0029296875,0.006103515625,-0.02099609375,-0.00732421875,0.031982421875,0.0048828125,-0.059814453125,-0.024169921875,0.04833984375,0.015625,-0.0712890625,-0.061767578125,-0.061767578125,0.013427734375,0.011474609375,-0.02587890625,-0.00439453125,0.044921875,0.01171875,-0.05810546875,0.036376953125,-0.003173828125,-0.0771484375,-0.06298828125,0.003662109375,0.012939453125,-0.0068359375,0.0283203125,0.037109375,-0.018798828125,-0.046875,0.007568359375,0.061767578125,0.03759765625,-0.036376953125,-0.080078125,-0.076904296875,-0.061279296875,-0.00537109375,0.044921875,0.017578125,-0.0322265625,-0.017822265625,0.00048828125,0.00048828125,-0.0283203125,-0.0322265625,0.006103515625,0.009765625,-0.04931640625,0.0029296875,0.042236328125,0.01123046875,-0.032470703125,-0.001953125,0.026611328125,-0.02783203125,-0.05224609375,0.007568359375,0.018798828125,-0.045166015625,-0.087158203125,-0.033447265625,0.0244140625,-0.00048828125,-0.0185546875,0.034912109375,0.03515625,-0.038818359375,-0.032470703125,0.025390625,0.026611328125,-0.03759765625,-0.0810546875,-0.0810546875,-0.051513671875,0.001220703125,0.010498046875,0.017578125,-0.013671875,-0.0625,-0.015380859375,0.05322265625,0.02099609375,-0.04150390625,-0.041259765625,-0.022216796875,-0.013671875,0.00439453125,0.034912109375,0.031005859375,-0.0068359375,-0.035888671875,-0.018310546875,-0.01416015625,-0.048583984375,-0.024169921875,0.024658203125,-0.019287109375,-0.069580078125,-0.009765625,0.042724609375,-0.0009765625,-0.050048828125,-0.050048828125,-0.041259765625,-0.002685546875,-0.025634765625,0.0146484375,0.05712890625,-0.040771484375,-0.13671875,-0.059326171875,0.0654296875,0.086181640625,0.014892578125,-0.033935546875,-0.02099609375,-0.03564453125,-0.05517578125,-0.008544921875,0.041015625,-0.006103515625,-0.061767578125,-0.016845703125,0.05322265625,0.0390625,-0.046142578125,-0.070068359375,-0.042724609375,-0.0146484375,0.009521484375,0.007080078125,-0.015869140625,-0.04296875,-0.04296875,-0.05810546875,0.019775390625,0.0595703125,0.054443359375,-0.0263671875,-0.096923828125,-0.070556640625,0.00927734375,0.03369140625,-0.0224609375,-0.07568359375,-0.020751953125,0.036376953125,-0.001708984375,-0.005859375,0.061767578125,0.102783203125,0.032958984375,-0.09716796875,-0.151611328125,-0.059814453125,0.04541015625,0.02490234375,-0.03271484375,-0.02783203125,0.035888671875,0.049560546875,-0.031982421875,-0.0556640625,0.034423828125,0.088623046875,0.0458984375,-0.03369140625,-0.1064453125,-0.064208984375,0.0029296875,-0.026611328125,-0.031494140625,0.012939453125,0.029296875,0.04833984375,0.02490234375,-0.04296875,-0.0205078125,-0.007080078125,-0.0576171875,-0.03125,0.005126953125,-0.0224609375,-0.010986328125,-0.045654296875,-0.099609375,-0.01806640625,0.06494140625,0.01513671875,-0.05029296875,-0.034423828125,-0.02734375,-0.01171875,-0.010498046875,-0.024169921875,-0.008544921875,0.0146484375,0.016845703125,-0.001708984375,-0.01171875,-0.002685546875,-0.00830078125,-0.029296875,-0.046875,-0.04931640625,0.008056640625,0.021728515625,0.0185546875,-0.004150390625,-0.013916015625,0.013671875,-0.002685546875,0.0048828125,0.025390625,-0.021484375,-0.016845703125,0.020751953125,-0.024658203125,-0.005615234375,-0.00537109375,-0.0908203125,-0.023193359375,0.061767578125,-0.010986328125,0.037841796875,-0.090576171875,-0.090576171875,-0.05859375,0.051025390625,-0.023193359375,-0.0419921875,0.032958984375,0.0009765625,-0.013427734375,0.002685546875,-0.029541015625,-0.01318359375,0.01513671875,-0.03076171875,-0.048095703125,-0.010986328125,0.0068359375,-0.0009765625,-0.03759765625,-0.06689453125,-0.037841796875,0.0048828125,0.010986328125,0.004638671875,-0.0087890625,-0.023193359375,-0.0341796875,-0.053466796875,-0.048828125,0.04296875,0.026611328125,0.01318359375,0.01318359375,0.002685546875,0.010498046875,0.0234375,-0.00341796875,-0.0302734375,-0.02294921875,-0.004638671875,0.004638671875,0.0009765625,-0.015869140625,-0.036376953125,-0.03857421875,-0.0361328125,-0.021728515625,0.004638671875,0.0048828125,-0.001708984375,-0.009033203125,-0.015869140625,0.006591796875,0.051513671875,0.046875,-0.01123046875,-0.04248046875,-0.066162109375,-0.064697265625,0.01025390625,-0.011474609375,0.00244140625,0.00244140625,0.0546875,-0.0185546875,-0.048583984375,0.0322265625,-0.031494140625,-0.0400390625,0.029052734375,-0.07861328125,-0.006591796875,0.03125,-0.041015625,0.06201171875,-0.03076171875,-0.024658203125,-0.013916015625,-0.056640625,-0.005126953125,-0.0478515625,-0.0166015625,-0.029541015625,-0.01513671875,0.033203125,0.008056640625,0.05322265625,0.036865234375,-0.0322265625,-0.080322265625,-0.04150390625,-0.058349609375,-0.032958984375,0.01123046875,0.01123046875,0.032470703125,0.04150390625,0.019775390625,0.00927734375,-0.027587890625,-0.024169921875,0.001953125,-0.032958984375,-0.04052734375,-0.034912109375,0.012451171875,0.026611328125,0.0166015625,0.035888671875,-0.007080078125,-0.0341796875,-0.034423828125,-0.0703125,-0.01416015625,0.026611328125,-0.0068359375,-0.001220703125,-0.026123046875,-0.0068359375,-0.001708984375,0.02880859375,0.007080078125,-0.01416015625,0.000244140625,-0.044921875,-0.044921875,-0.031982421875,-0.017822265625,-0.008056640625,-0.0029296875,-0.055908203125,-0.052978515625,-0.039306640625,-0.006103515625,-0.008544921875,-0.0205078125,0.045654296875,0.03759765625,0.0205078125,-0.023193359375,-0.032470703125,-0.009033203125,-0.0439453125,-0.066650390625,-0.05859375,0.005615234375,0.015380859375,-0.0390625,-0.02001953125,-0.0146484375,-0.001708984375,0.00390625,0.01806640625,0.00927734375,0.0087890625,-0.004638671875,-0.004638671875,-0.046142578125,-0.03662109375,0.001708984375,0.0107421875,-0.023193359375,-0.037841796875,-0.012451171875,-0.009765625,-0.0009765625,-0.002685546875,0.0166015625,0.037109375,0.013427734375,-0.003662109375,0.005126953125,-0.0048828125,-0.02587890625,-0.02392578125,-0.0185546875,-0.044677734375,0.0390625,0.011474609375,-0.012451171875,-0.019775390625,-0.028564453125,-0.017578125,-0.01416015625,-0.01220703125,0.02783203125,0.054443359375,0.054443359375,-0.0068359375,-0.03857421875,-0.030517578125,-0.04150390625,-0.0478515625,-0.056884765625,-0.0478515625,-0.004638671875,-0.003173828125,-0.014892578125,-0.000732421875,-0.01220703125,-0.03515625,-0.0234375,-0.0146484375,-0.003662109375,-0.003662109375,-0.017578125,-0.005126953125,-0.017333984375,-0.0283203125,-0.021484375,-0.012451171875,-0.02197265625,0.002197265625,-0.0087890625,0.019287109375,0.024169921875,0.024169921875,0.018798828125,0.003173828125,-0.026611328125,-0.02392578125,0.00341796875,0.011962890625,0.00244140625,0.018310546875,-0.015625,-0.013427734375,-0.0048828125,-0.02490234375,-0.02490234375,-0.0244140625,-0.017333984375,-0.017578125,-0.01123046875,-0.024169921875,0.007568359375,0.0107421875,-0.0146484375,0.00537109375,-0.019287109375,-0.038818359375,-0.038818359375,-0.029052734375,0.001220703125,-0.029541015625,-0.054931640625,-0.007080078125,-0.0009765625,-0.021240234375,-0.007568359375,0.009033203125,-0.0068359375,-0.029052734375,-0.0244140625,-0.0244140625,-0.004638671875,-0.03125,-0.049560546875,-0.005615234375,0.006103515625,-0.011962890625,-0.019287109375,-0.023193359375,-0.013671875,-0.00634765625,0.014404296875,0.014404296875,0.025634765625,-0.00732421875,-0.04443359375,0.0107421875,0.000732421875,-0.0673828125,-0.013427734375,0.027099609375,-0.023193359375,0.010009765625,0.041748046875,-0.009521484375,-0.009521484375,-0.0869140625,-0.065673828125,0.02001953125,-0.00341796875,-0.0185546875,0.021240234375,0.01171875,-0.027587890625,-0.030029296875,-0.01708984375,-0.042724609375,-0.042724609375,-0.086669921875,-0.03662109375,0.032958984375,-0.0126953125,-0.025634765625,0.04931640625,0.01416015625,-0.033935546875,0.029541015625,0.014892578125,-0.055908203125,-0.041015625,0.04931640625,0.04931640625,0.015625,-0.06689453125,-0.0126953125,0.048583984375,-0.021240234375,-0.0576171875,0.052978515625,-0.0263671875,-0.064453125,-0.00146484375,0.001953125,-0.0732421875,-0.060546875,-0.060546875,0.0615234375,0.07080078125,-0.051513671875,-0.05712890625,0.036865234375,0.026123046875,-0.110595703125,0.010498046875,0.027099609375,-0.0615234375,-0.033935546875,0.08984375,0.0693359375,0.0693359375,-0.06201171875,-0.0625,0.039306640625,0.00146484375,-0.091552734375,0.0322265625,-0.009521484375,-0.078857421875,0.00634765625,0.115234375,0.009521484375,-0.114990234375,-0.026611328125,-0.026611328125,0.0595703125,-0.04638671875,-0.11279296875,0.02978515625,0.109375,-0.107177734375,0.00830078125,0.075439453125,-0.034912109375,-0.10546875,0.00390625,0.06396484375,0.06396484375,-0.039306640625,-0.052490234375,0.0771484375,0.033203125,-0.114990234375,-0.083740234375,0.053466796875,-0.05908203125,-0.027099609375,0.104248046875,0.03515625,-0.147705078125,-0.081298828125,-0.081298828125,0.0888671875,0.008544921875,-0.14404296875,-0.0419921875,0.1201171875,-0.13720703125,-0.0234375,0.1142578125,-0.022216796875,-0.174072265625,-0.028564453125,0.119873046875,-0.017822265625,-0.017822265625,-0.12060546875,0.047119140625,0.12255859375,-0.06494140625,-0.1513671875,0.089111328125,-0.084228515625,-0.1083984375,0.07373046875,0.106201171875,-0.08203125,-0.105712890625,-0.105712890625,0.074462890625,0.067626953125,-0.1123046875,-0.080810546875,0.05810546875,-0.10546875,-0.051513671875,0.107421875,0.01513671875,-0.1591796875,-0.058837890625,-0.058837890625,0.105224609375,0.002685546875,-0.134033203125,0.000244140625,0.139404296875,-0.14208984375,-0.001708984375,0.106689453125,-0.025146484375,-0.136962890625,0.00439453125,0.109619140625,-0.04345703125,-0.04345703125,-0.125732421875,0.0576171875,0.10986328125,-0.10009765625,0.066162109375,0.093994140625,-0.099853515625,-0.114990234375,0.10400390625,0.101806640625,-0.14697265625,-0.139404296875,-0.139404296875,0.10205078125,0.080322265625,-0.142822265625,0.1044921875,0.0576171875,-0.140625,-0.068115234375,0.110107421875,0.01171875,-0.16259765625,-0.027587890625,-0.027587890625,0.162353515625,0.030517578125,-0.156005859375,0.160888671875,-0.010009765625,-0.16748046875,-0.00439453125,0.12646484375,-0.05029296875,-0.170166015625,0.02490234375,0.15478515625,0.15478515625,-0.03271484375,-0.131591796875,0.0517578125,-0.086181640625,-0.140869140625,0.06787109375,0.09619140625,-0.121826171875,-0.13037109375,0.087890625,0.1044921875,0.1044921875,-0.092529296875,-0.081787109375,0.094482421875,-0.130615234375,-0.067138671875,0.099365234375,0.0087890625,-0.152587890625,-0.03857421875,0.125,0.029296875,0.029296875,-0.103271484375,0.01318359375,0.1142578125,-0.04931640625,0.004150390625,0.1123046875,-0.045654296875,-0.145751953125,0.0126953125,0.095947265625,-0.042724609375,-0.095703125,0.049072265625,0.049072265625,0.08056640625,-0.088623046875,-0.091064453125,0.060791015625,-0.09130859375,-0.06494140625,0.098388671875,0.03857421875,-0.14794921875,-0.071044921875,0.116455078125,0.05517578125,-0.117919921875,-0.117919921875,-0.0146484375,0.1435546875,-0.14697265625,-0.019775390625,0.10107421875,-0.0205078125,-0.124267578125,0.0263671875,0.12646484375,-0.027099609375,-0.129150390625,-0.0029296875,0.080078125,0.080078125,-0.057861328125,-0.122314453125,0.06982421875,-0.08544921875,-0.084716796875,0.0869140625,0.08837890625,-0.07763671875,-0.0771484375,0.07080078125,0.046142578125,-0.122802734375,-0.08154296875,-0.08154296875,0.09521484375,-0.107421875,-0.037353515625,0.118408203125,0.0244140625,-0.132080078125,-0.04443359375,0.087158203125,0.0078125,-0.087158203125,0.00732421875,0.086669921875,0.086669921875,-0.058349609375,-0.139892578125,0.10009765625,-0.05224609375,-0.132080078125,0.031494140625,0.11572265625,-0.0654296875,-0.136474609375,0.02734375,0.08251953125,-0.085693359375,-0.117431640625,-0.117431640625,0.067138671875,-0.0478515625,-0.07373046875,0.038818359375,0.024169921875,-0.08154296875,-0.05029296875,0.05224609375,0.01123046875,-0.077880859375,-0.0224609375,0.04833984375,-0.0166015625,-0.0166015625,-0.07470703125,0.096923828125,-0.050537109375,-0.11572265625,0.019287109375,0.071533203125,-0.054443359375,-0.09912109375,0.040283203125,0.077392578125,-0.0595703125,-0.0966796875,0.02099609375,0.02099609375,-0.056884765625,-0.050048828125,0.086181640625,0.066650390625,-0.09375,-0.067626953125,0.055908203125,0.01416015625,-0.07861328125,-0.005859375,0.095703125,0.095703125,-0.09765625,-0.033447265625,0.044189453125,-0.0625,-0.116455078125,0.01416015625,0.08740234375,-0.01611328125,-0.07470703125,0.02001953125,0.060791015625,-0.077392578125,-0.077392578125,0.047607421875,0.072998046875,-0.075927734375,-0.08447265625,0.0595703125,0.05908203125,-0.089599609375,-0.06787109375,0.06494140625,0.039306640625,-0.097412109375,-0.097412109375,0.096923828125,0.05126953125,-0.095458984375,-0.04345703125,0.067138671875,-0.0263671875,-0.135009765625,-0.029296875,0.10791015625,0.032958984375,-0.09033203125,-0.09033203125,0.06396484375,-0.00390625,-0.08837890625,-0.00927734375,0.061767578125,-0.0439453125,-0.08056640625,0.03369140625,0.078125,-0.05029296875,-0.091064453125,0.04052734375,0.065673828125,-0.071533203125,-0.07373046875,0.058837890625,0.049560546875,-0.083251953125,-0.062744140625,0.072021484375,0.05126953125,-0.0869140625,-0.068115234375,0.050537109375,0.04248046875,-0.045654296875,-0.03173828125,0.04296875,-0.024169921875,-0.115234375,-0.0302734375,0.07666015625,-0.001220703125,-0.071044921875,0.015625,0.054931640625,-0.053466796875,-0.08544921875,0.004150390625,0.038330078125,-0.04345703125,-0.0517578125,0.0341796875,0.04541015625,-0.044189453125,-0.049072265625,0.033203125,0.013671875,-0.0791015625,-0.027587890625,0.070556640625,0.02001953125,-0.07763671875,-0.037109375,0.055419921875,-0.009765625,-0.09423828125,-0.010498046875,0.07861328125,0.004150390625,-0.0751953125,0.005126953125,0.068115234375,-0.055908203125,-0.12646484375,-0.0048828125,0.077880859375,-0.0302734375,-0.064697265625,0.038818359375,0.057373046875,-0.059326171875,-0.0791015625,0.029052734375,0.04736328125,-0.0703125,-0.06884765625,0.039306640625,0.03515625,-0.05078125,-0.031494140625,0.04443359375,0.015380859375,-0.072509765625,-0.0439453125,0.05517578125,0.016845703125,-0.076416015625,-0.038330078125,0.04833984375,-0.024169921875,-0.0908203125,-0.010498046875,0.0576171875,-0.01513671875,-0.067138671875,0.005615234375,0.066650390625,-0.029541015625,-0.088623046875,-0.00732421875,0.029296875,-0.040771484375,-0.05908203125,0.040283203125,0.076904296875,-0.013671875,-0.058837890625,0.02001953125,0.046142578125,-0.0556640625,-0.07666015625,0.03173828125,0.05029296875,-0.050048828125,-0.05078125,0.05712890625,-0.073486328125,-0.073486328125,-0.070556640625,0.033447265625,0.007568359375,-0.080078125,-0.005859375,0.0830078125,-0.027099609375,-0.12646484375,-0.02294921875,0.0751953125,-0.025146484375,-0.066162109375,0.051513671875,0.051513671875,-0.05810546875,-0.073974609375,0.041259765625,0.0341796875,-0.082275390625,-0.064208984375,0.04931640625,0.054443359375,-0.04736328125,-0.04052734375,0.0576171875,0.029296875,-0.0517578125,-0.0517578125,0.05224609375,0.030517578125,-0.0888671875,-0.04736328125,0.068115234375,0.007080078125,-0.09619140625,-0.0361328125,0.05322265625,-0.011474609375,-0.066650390625,0.040283203125,0.040283203125,-0.03564453125,-0.07470703125,0.00146484375,0.033203125,-0.036376953125,-0.033203125,0.0302734375,0.01416015625,-0.0615234375,-0.03662109375,0.01611328125,-0.0693359375,-0.0693359375,-0.060302734375,0.049072265625,0.035400390625,-0.062255859375,-0.0126953125,0.076416015625,-0.000732421875,-0.095703125,-0.03515625,0.052001953125,-0.097900390625,-0.097900390625,-0.02294921875,0.07373046875,-0.0009765625,-0.082275390625,-0.004150390625,0.07080078125,-0.024169921875,-0.087890625,0.000732421875,0.064697265625,-0.077880859375,-0.01513671875,-0.01513671875,0.0244140625,-0.05078125,-0.0400390625,0.056396484375,0.04345703125,-0.0576171875,-0.050048828125,0.052734375,0.028564453125,-0.071044921875,0.02978515625,0.02978515625,0.024658203125,-0.07666015625,-0.0390625,0.08837890625,0.031005859375,-0.10009765625,-0.0654296875,0.037841796875,0.01220703125,-0.0498046875,0.00732421875,-0.02197265625,-0.02197265625,-0.049560546875,0.005615234375,0.051025390625,-0.018310546875,-0.049560546875,0.00732421875,0.02978515625,-0.02783203125,-0.05126953125,0.00732421875,-0.056884765625,-0.016845703125,-0.016845703125,0.0615234375,0.015625,-0.057861328125,-0.028564453125,0.03564453125,-0.00732421875,-0.06884765625,-0.031982421875,-0.00439453125,-0.07958984375,-0.01806640625,0.0634765625,0.0634765625,-0.001708984375,-0.07861328125,-0.02978515625,0.052490234375,0.00634765625,-0.064697265625,-0.018798828125,0.029296875,-0.028564453125,-0.057861328125,0.04931640625,-0.0078125,-0.03662109375,-0.03662109375,0.007080078125,0.015625,-0.040771484375,-0.04052734375,0.025146484375,-0.00048828125,-0.06787109375,-0.023193359375,0.057373046875,-0.071533203125,-0.022705078125,0.035400390625,-0.03271484375,-0.03271484375,-0.07470703125,0.01025390625,0.0712890625,-0.01318359375,-0.088623046875,-0.04052734375,0.048095703125,-0.00830078125,-0.07666015625,0.067138671875,-0.013671875,-0.076416015625,0.008056640625,0.008056640625,0.043701171875,-0.039794921875,-0.066650390625,0.009521484375,0.043212890625,-0.030517578125,-0.04541015625,0.029541015625,-0.0419921875,-0.039306640625,0.01513671875,0.007080078125,-0.06103515625,-0.06103515625,-0.037841796875,0.039306640625,0.001953125,-0.053955078125,-0.024169921875,0.04052734375,-0.01416015625,-0.074951171875,0.039794921875,-0.004150390625,-0.02978515625,0.01513671875,0.03125,0.03125,-0.03759765625,-0.07275390625,0.0078125,0.04541015625,-0.037841796875,-0.059326171875,0.02197265625,0.04833984375,-0.038330078125,0.0048828125,-0.016845703125,-0.0751953125,-0.047119140625,-0.047119140625,0.03955078125,0.022216796875,-0.028076171875,-0.007568359375,0.03515625,-0.014892578125,-0.07421875,0.015625,0.00341796875,-0.04150390625,-0.010986328125,0.037841796875,0.037841796875,-0.00732421875,-0.04931640625,-0.009765625,0.010498046875,-0.0419921875,-0.036865234375,0.034912109375,0.04150390625,-0.056640625,0.02587890625,0.0341796875,-0.036865234375,-0.05029296875,-0.05029296875,0.01953125,0.01953125,-0.051025390625,-0.03076171875,0.03857421875,0.003662109375,-0.0478515625,0.044677734375,0.01416015625,-0.0595703125,-0.02001953125,0.048828125,0.048828125,0.009033203125,-0.041015625,-0.02001953125,0.00634765625,-0.049072265625,-0.068603515625,0.005615234375,-0.01171875,-0.05029296875,0.0400390625,0.072021484375,-0.043212890625,-0.043212890625,-0.084716796875,0.00439453125,0.02783203125,-0.037353515625,-0.057373046875,0.024658203125,0.0419921875,-0.075439453125,0.014404296875,0.017822265625,-0.061279296875,-0.041015625,0.04345703125,0.04345703125,0.02734375,-0.029296875,-0.031982421875,0.00244140625,-0.0146484375,-0.05224609375,0.0380859375,-0.02099609375,-0.052490234375,0.035400390625,0.073974609375,0.0380859375,0.000244140625,-0.031494140625,-0.0048828125,0.04736328125,-0.01513671875,-0.0595703125,0.003662109375,0.05419921875,-0.019775390625,-0.01611328125,0.0,-0.04296875,-0.044921875,0.025634765625,0.011962890625,0.011962890625,-0.041015625,-0.015869140625,0.046142578125,-0.019775390625,-0.08251953125,-0.030029296875,-0.008056640625,-0.047119140625,0.005126953125,0.04638671875,-0.027099609375,-0.0849609375,-0.0849609375,-0.011474609375,0.048583984375,-0.002685546875,-0.0185546875,0.029296875,-0.043701171875,-0.041015625,0.00537109375,-0.0224609375,-0.04736328125,-0.017578125,0.05419921875,0.017578125,0.017578125,-0.0849609375,-0.041259765625,0.041748046875,-0.027099609375,-0.06640625,0.037841796875,-0.025634765625,-0.07470703125,-0.03271484375,0.014892578125,-0.010498046875,-0.047119140625,-0.047119140625,-0.00146484375,0.068603515625,0.006103515625,-0.06591796875,0.017333984375,-0.0166015625,-0.05908203125,-0.011474609375,0.062255859375,0.02490234375,-0.03662109375,-0.03662109375,-0.059326171875,0.01171875,0.024658203125,-0.06298828125,-0.056396484375,0.083251953125,0.0224609375,-0.08837890625,-0.06982421875,0.041259765625,0.10546875,-0.045654296875,-0.045654296875,-0.1435546875,-0.0224609375,0.08837890625,0.082275390625,-0.1669921875,0.033935546875,0.098388671875,0.001220703125,-0.079345703125,-0.0439453125,0.084716796875,0.041015625,0.041015625,-0.1015625,-0.109375,-0.00537109375,0.065185546875,-0.0810546875,-0.06494140625,0.027099609375,0.09765625,-0.027587890625,-0.095458984375,-0.041259765625,0.028564453125,0.028564453125,0.0625,-0.02490234375,-0.032958984375,-0.00048828125,-0.023681640625,-0.0654296875,-0.01513671875,0.07666015625,0.048095703125,-0.0400390625,-0.07861328125,-0.07861328125,-0.041015625,0.03173828125,0.003662109375,-0.031982421875,0.043701171875,0.048583984375,-0.011962890625,-0.031494140625,-0.067626953125,0.01171875,-0.0576171875,-0.057373046875,-0.057373046875,0.04833984375,-0.01025390625,0.086669921875,-0.119873046875,0.05029296875,-0.053955078125,-0.01513671875,0.02734375,-0.10009765625,0.04541015625,0.038330078125,-0.049072265625,-0.049072265625,0.007080078125,-0.026123046875,0.005615234375,-0.08349609375,-0.025390625,0.022705078125,-0.019775390625,-0.03369140625,-0.015380859375,0.014892578125,-0.00341796875,-0.03466796875,-0.03466796875,0.005615234375,0.036376953125,-0.058349609375,-0.06591796875,0.0,0.05224609375,0.03076171875,-0.03515625,-0.040771484375,-0.004150390625,-0.019775390625,-0.019775390625,-0.082763671875,-0.07568359375,0.0791015625,-0.043701171875,-0.1552734375,0.01416015625,0.153564453125,-0.0009765625,-0.220458984375,-0.130126953125,0.15771484375,0.10546875,0.10546875,-0.18408203125,-0.09912109375,0.081298828125,-0.203125,-0.131591796875,0.13818359375,0.107666015625,-0.0927734375,-0.093017578125,0.09765625,0.119384765625,0.119384765625,-0.072265625,-0.141845703125,0.089111328125,-0.021240234375,-0.061279296875,-0.051025390625,-0.021728515625,0.093994140625,0.077880859375,-0.133544921875,-0.14208984375,0.114990234375,0.114990234375,0.11328125,-0.1171875,0.0927734375,0.03857421875,-0.0341796875,-0.00927734375,-0.03173828125,-0.04736328125,0.054931640625,0.024658203125,-0.117431640625,-0.02734375,-0.02734375,0.074951171875,-0.085205078125,0.00146484375,-0.013916015625,-0.0830078125,0.0078125,0.01513671875,-0.091064453125,-0.015869140625,0.06396484375,-0.029296875,-0.029296875,-0.06201171875,-0.00830078125,-0.07080078125,0.077880859375,0.06298828125,-0.13671875,-0.088623046875,0.093505859375,0.025390625,-0.110107421875,-0.01513671875,0.057373046875,-0.0302734375,-0.0302734375,-0.030029296875,0.00244140625,0.005615234375,0.05078125,-0.0498046875,-0.068115234375,0.0595703125,0.04541015625,-0.046142578125,0.03466796875,0.0439453125,-0.05908203125,0.00537109375,0.0595703125,0.0595703125,-0.055908203125,0.103515625,0.049072265625,-0.14208984375,-0.04345703125,0.116943359375,0.005859375,-0.096923828125,-0.009765625,0.039306640625,-0.011962890625,-0.00439453125,-0.02099609375,-0.02099609375,0.010498046875,0.01953125,-0.0810546875,-0.0400390625,0.044677734375,-0.025634765625,-0.07080078125,0.036865234375,0.022705078125,-0.07958984375,-0.0166015625,-0.0068359375,-0.0068359375,-0.09130859375,0.083251953125,-0.0595703125,-0.150390625,0.028076171875,0.077392578125,-0.083984375,-0.05908203125,0.0517578125,0.003173828125,-0.05078125,-0.001708984375,-0.000244140625,-0.0234375,-0.0234375,-0.010498046875,-0.090087890625,0.0185546875,0.052001953125,-0.066650390625,-0.03076171875,0.093994140625,0.012451171875,-0.116455078125,0.007080078125,0.090576171875,-0.0302734375,-0.0302734375,0.02734375,-0.012451171875,-0.0517578125,0.015380859375,0.016845703125,-0.05126953125,0.015625,0.048828125,-0.0380859375,-0.02197265625,0.011474609375,-0.02978515625,0.005126953125,0.0693359375,-0.033203125,-0.121826171875,0.03173828125,0.068603515625,-0.080078125,-0.044921875,0.059814453125,-0.009033203125,-0.0537109375,0.0234375,-0.02490234375,-0.088134765625,0.03466796875,0.03564453125,-0.102783203125,-0.04443359375,0.03271484375,-0.048583984375,-0.047607421875,0.06787109375,-0.00390625,-0.134521484375,0.001953125,0.082763671875,-0.05419921875,-0.060791015625,0.06103515625,0.01904296875,-0.091796875,-0.03271484375,0.011474609375,-0.030517578125,0.024658203125,0.029541015625,-0.06982421875,-0.04345703125,0.0205078125,-0.025390625,-0.027099609375,0.05859375,-0.004150390625,-0.10498046875,0.0302734375,0.098876953125,-0.04541015625,-0.07568359375,0.048828125,0.03662109375,-0.061279296875,0.001220703125,0.0400390625,-0.023681640625,0.010986328125,0.038330078125,-0.052490234375,-0.059814453125,0.036376953125,0.014404296875,-0.06591796875,0.017333984375,0.056640625,-0.06201171875,-0.0458984375,0.04638671875,-0.005126953125,-0.068115234375,0.014404296875,0.040283203125,-0.050048828125,-0.032958984375,-0.010009765625,-0.05029296875,-0.004150390625,0.02490234375,-0.048583984375,-0.048095703125,0.014404296875,-0.044677734375,-0.083251953125,0.06396484375,0.06298828125,-0.13623046875,-0.104736328125,0.078125,0.05517578125,-0.0693359375,-0.034423828125,0.005859375,-0.025146484375,0.02587890625,0.011962890625,-0.06884765625,-0.00048828125,0.08056640625,-0.02001953125,-0.089111328125,0.00927734375,0.0185546875,-0.043701171875,0.0234375,0.01416015625,-0.07080078125,0.001220703125,0.04736328125,-0.05712890625,-0.068359375,0.082763671875,0.054443359375,-0.112060546875,-0.03515625,0.00732421875,0.00732421875,-0.055908203125,-0.0078125,-0.00390625,-0.02099609375,0.039794921875,-0.00927734375,-0.09423828125,0.018310546875,0.072998046875,-0.063720703125,-0.08837890625,0.0234375,0.012939453125,-0.052490234375,0.003662109375,0.00634765625,-0.055419921875,0.005615234375,0.004638671875,-0.07861328125,-0.008056640625,0.109375,0.00732421875,-0.017333984375,-0.017333984375,0.090087890625,-0.0029296875,-0.053466796875,-0.027099609375,-0.01806640625,0.01171875,0.035888671875,-0.049560546875,-0.080810546875,0.047119140625,-0.095703125,-0.095703125,-0.0478515625,0.034423828125,-0.010009765625,-0.016357421875,0.024169921875,-0.04248046875,-0.07080078125,0.06005859375,0.01416015625,-0.131103515625,-0.01025390625,-0.03955078125,-0.03955078125,-0.158203125,0.022705078125,0.105224609375,-0.046875,-0.072021484375,0.005615234375,-0.00341796875,0.005859375,0.002685546875,-0.078125,0.089111328125,0.04931640625,0.04931640625,-0.127197265625,-0.04638671875,0.07421875,0.011474609375,-0.02392578125,0.009033203125,-0.002197265625,0.010498046875,0.053466796875,-0.047607421875,0.087890625,0.09619140625,0.09619140625,-0.119140625,-0.1064453125,0.069580078125,0.04541015625,-0.057861328125,-0.00830078125,0.000732421875,-0.05859375,0.01513671875,-0.07177734375,-0.00439453125,-0.00439453125,0.0712890625,-0.0439453125,-0.103515625,0.0146484375,-0.004638671875,-0.07373046875,0.037353515625,0.046630859375,-0.1044921875,-0.07421875,0.0634765625,-0.08642578125,0.005615234375,0.005615234375,0.018310546875,-0.081787109375,-0.010498046875,0.048583984375,-0.048095703125,-0.06396484375,0.048095703125,0.024658203125,-0.072021484375,0.00634765625,-0.033447265625,0.002685546875,0.053466796875,0.053466796875,-0.027587890625,-0.056396484375,0.023681640625,-0.001708984375,-0.048828125,0.048828125,0.034423828125,-0.07275390625,0.002197265625,0.03271484375,-0.046630859375,0.126708984375,0.0439453125,0.0439453125,-0.17138671875,-0.0517578125,0.119873046875,0.00732421875,-0.097900390625,-0.00732421875,0.02490234375,-0.039306640625,-0.01318359375,-0.03466796875,0.037109375,0.02587890625,0.02587890625,-0.088623046875,-0.0439453125,0.039794921875,-0.0302734375,-0.052490234375,0.044189453125,-0.01611328125,-0.097900390625,0.030517578125,-0.09130859375,-0.017333984375,0.0947265625,-0.029541015625,-0.029541015625,-0.114501953125,0.032470703125,0.048583984375,-0.06982421875,-0.013427734375,0.032958984375,-0.047607421875,-0.03173828125,0.0517578125,-0.088623046875,0.018310546875,0.059814453125,-0.046875,-0.046875,-0.03466796875,0.020263671875,-0.01318359375,-0.01220703125,0.031494140625,-0.028076171875,-0.080810546875,0.01904296875,0.020263671875,0.0048828125,0.0400390625,-0.034912109375,-0.02392578125,-0.02392578125,0.012939453125,-0.071533203125,-0.07373046875,0.1005859375,0.0673828125,-0.138427734375,-0.08203125,0.076904296875,-0.06494140625,-0.0283203125,-0.005615234375,-0.021240234375,0.04931640625,0.04931640625,0.00830078125,-0.082763671875,0.01318359375,0.074462890625,-0.045166015625,-0.08837890625,0.0283203125,0.029052734375,-0.0322265625,0.005859375,-0.081787109375,0.01123046875,0.0537109375,0.0537109375,-0.069580078125,-0.059326171875,0.099609375,0.03515625,-0.14453125,-0.0322265625,0.08544921875,-0.06689453125,-0.00439453125,0.00048828125,-0.014892578125,-0.014892578125,0.028564453125,-0.03564453125,-0.08544921875,0.050048828125,0.052978515625,-0.09912109375,-0.052978515625,-0.048095703125,-0.058837890625,0.07421875,0.01611328125,-0.13720703125,-0.13720703125,-0.016357421875,0.07861328125,-0.02783203125,-0.0458984375,0.01953125,-0.01416015625,0.034912109375,-0.02099609375,-0.072021484375,0.070068359375,0.0615234375,-0.094970703125,-0.094970703125,-0.041259765625,0.060791015625,-0.036376953125,-0.059326171875,0.089599609375,0.037353515625,-0.023193359375,0.076171875,-0.02294921875,-0.05224609375,0.025390625,0.025390625,-0.010986328125,-0.065185546875,0.036376953125,0.02685546875,-0.069580078125,0.004150390625,-0.05029296875,-0.057373046875,0.039794921875,-0.009033203125,-0.06884765625,0.03369140625,0.03369140625,0.011474609375,-0.09228515625,0.0,0.0322265625,-0.08984375,-0.058837890625,0.03125,-0.164306640625,-0.034423828125,0.107421875,-0.017333984375,-0.017333984375,-0.095947265625,0.007080078125,0.036376953125,-0.04150390625,-0.019287109375,-0.00732421875,0.035888671875,0.026611328125,-0.078857421875,-0.027099609375,0.04443359375,-0.033935546875,-0.054443359375,-0.054443359375,0.05810546875,0.01708984375,-0.087158203125,0.006103515625,0.024169921875,-0.060791015625,0.090576171875,-0.05029296875,-0.11669921875,0.066162109375,0.09033203125,-0.079833984375,-0.048828125,-0.048828125,0.056396484375,-0.00146484375,-0.052490234375,-0.0068359375,-0.002197265625,-0.012451171875,-0.0234375,-0.092529296875,0.031494140625,0.050048828125,-0.07958984375,-0.047119140625,-0.047119140625,0.0625,-0.003662109375,-0.070068359375,0.02197265625,-0.007080078125,-0.089111328125,0.080322265625,-0.08056640625,-0.104248046875,0.064697265625,0.068115234375,-0.08349609375,-0.048095703125,-0.048095703125,0.0390625,-0.01708984375,-0.0361328125,-0.008056640625,-0.0234375,-0.01416015625,-0.014404296875,-0.072021484375,0.01123046875,0.001708984375,-0.06787109375,0.0185546875,0.041748046875,0.041748046875,-0.06396484375,-0.040283203125,0.048828125,-0.045166015625,-0.0869140625,0.0478515625,-0.125244140625,-0.047119140625,0.076416015625,-0.00634765625,-0.076171875,0.015625,0.014892578125,0.014892578125,-0.08154296875,-0.001708984375,0.049560546875,-0.0439453125,-0.03125,-0.006591796875,-0.0966796875,0.007080078125,0.052001953125,-0.0390625,-0.00439453125,0.031494140625,-0.02978515625,-0.02978515625,-0.013427734375,0.00830078125,-0.05908203125,-0.030517578125,0.00439453125,-0.1376953125,0.015869140625,0.102783203125,-0.058349609375,-0.097900390625,0.041015625,0.0400390625,-0.065185546875,-0.065185546875,-0.016845703125,0.004150390625,-0.0419921875,0.02392578125,-0.08544921875,-0.061279296875,0.054443359375,0.006591796875,-0.066650390625,0.005615234375,-0.0078125,-0.064208984375,-0.064208984375,0.021484375,-0.0146484375,-0.111572265625,0.12841796875,-0.037841796875,-0.169677734375,0.017333984375,0.087158203125,-0.0576171875,-0.044677734375,0.041259765625,0.041259765625,-0.0146484375,-0.054931640625,0.02001953125,0.012939453125,0.029052734375,0.025390625,-0.075927734375,-0.00830078125,0.06201171875,-0.01171875,-0.04541015625,0.0146484375,0.0146484375,-0.0078125,-0.035888671875,0.047607421875,-0.110107421875,0.0322265625,0.128173828125,-0.064453125,-0.16845703125,0.0380859375,0.115966796875,-0.063720703125,-0.079833984375,-0.079833984375,0.039794921875,0.0205078125,-0.0283203125,-0.03125,-0.022216796875,0.0458984375,0.00244140625,-0.08984375,-0.00830078125,0.016357421875,-0.062744140625,-0.062744140625,-0.0185546875,0.046630859375,-0.0361328125,0.026123046875,-0.0146484375,-0.070556640625,0.056396484375,0.050048828125,-0.120361328125,-0.068359375,0.083984375,0.02197265625,0.02197265625,-0.075439453125,0.009521484375,-0.054443359375,0.01904296875,0.021484375,-0.06640625,0.003173828125,0.08740234375,-0.0390625,-0.106689453125,0.047119140625,0.047119140625,0.03857421875,-0.0712890625,0.018310546875,-0.073486328125,-0.0166015625,0.0556640625,-0.057861328125,-0.087158203125,0.085693359375,0.041748046875,-0.136474609375,-0.02392578125,0.10595703125,0.10595703125,-0.0185546875,-0.107421875,0.04736328125,-0.056640625,-0.016357421875,0.0205078125,-0.029541015625,0.001953125,0.013427734375,-0.057861328125,-0.042236328125,0.038818359375,0.038818359375,-0.01806640625,-0.068359375,0.030517578125,-0.07958984375,0.00048828125,0.029052734375,-0.07861328125,-0.030029296875,0.123779296875,0.0234375,-0.165283203125,-0.033203125,0.10302734375,0.10302734375,-0.003662109375,-0.06494140625,-0.003662109375,-0.016845703125,0.02880859375,-0.02294921875,-0.0771484375,0.0439453125,0.0517578125,-0.086669921875,-0.064697265625,0.037109375,0.008056640625,0.008056640625,-0.03173828125,-0.019775390625,-0.066162109375,0.04443359375,0.019287109375,-0.10400390625,-0.008544921875,0.107421875,-0.02734375,-0.138671875,0.026123046875,0.076416015625,-0.069580078125,-0.069580078125,-0.0439453125,-0.025634765625,-0.05517578125,0.017333984375,-0.0068359375,-0.048828125,0.031982421875,0.015625,-0.065673828125,0.009521484375,0.009033203125,-0.07568359375,0.017578125,0.017578125,0.1279296875,-0.1640625,0.032958984375,0.112060546875,-0.05908203125,-0.0654296875,0.034912109375,0.00146484375,-0.03662109375,0.0068359375,-0.029541015625,-0.05419921875,-0.05419921875,0.055908203125,-0.10791015625,-0.036865234375,0.034423828125,-0.025390625,-0.01708984375,0.02685546875,-0.050048828125,-0.07421875,0.0556640625,-0.0048828125,-0.1142578125,0.02783203125,0.09716796875,0.09716796875,-0.073486328125,0.043212890625,0.046875,-0.0751953125,-0.02490234375,0.002197265625,-0.064697265625,-0.004638671875,0.042236328125,-0.038330078125,-0.052490234375,0.056640625,0.056640625,-0.093017578125,0.00537109375,0.058837890625,-0.024169921875,-0.010986328125,0.041015625,-0.003662109375,-0.029296875,0.0224609375,-0.03466796875,-0.08056640625,0.07275390625,0.07275390625,-0.09326171875,-0.095458984375,0.062744140625,0.04638671875,-0.0712890625,-0.029296875,0.01171875,-0.038818359375,0.0224609375,0.026123046875,-0.080810546875,-0.080810546875,0.0810546875,0.00341796875,-0.13330078125,-0.02783203125,0.05517578125,-0.016357421875,-0.01220703125,-0.01123046875,-0.06884765625,-0.019775390625,0.040283203125,-0.05810546875,-0.0859375,0.064697265625,0.025634765625,-0.104248046875,-0.008056640625,0.029541015625,-0.06494140625,-0.01904296875,0.087890625,-0.017578125,-0.134033203125,0.02490234375,0.09814453125,-0.035400390625,-0.04833984375,0.0087890625,-0.015380859375,-0.005126953125,0.0537109375,-0.0244140625,-0.096923828125,0.042236328125,0.074951171875,-0.0751953125,-0.06494140625,0.03515625,0.004150390625,-0.042236328125,0.014892578125,-0.000244140625,-0.05078125,0.021484375,-0.0126953125,-0.072509765625,0.047119140625,0.07666015625,-0.08349609375,-0.10595703125,0.068359375,0.038818359375,-0.10791015625,-0.019287109375,0.0576171875,-0.03564453125,-0.05615234375,0.0029296875,-0.017578125,-0.037841796875,0.03759765625,0.006103515625,-0.078857421875,0.005615234375,0.02197265625,-0.0439453125,0.012939453125,0.05615234375,-0.051025390625,-0.0927734375,0.0703125,0.076171875,-0.068115234375,-0.020751953125,0.0390625,-0.0263671875,-0.03271484375,0.010498046875,-0.026611328125,-0.0361328125,0.057373046875,-0.0009765625,-0.099609375,0.027099609375,0.045654296875,-0.0732421875,-0.015625,0.09716796875,-0.010986328125,0.032958984375,0.032958984375,0.07421875,-0.08984375,-0.06689453125,0.0498046875,0.003173828125,-0.06787109375,-0.009765625,-0.010498046875,-0.05078125,0.023681640625,0.00048828125,-0.09423828125,-0.00146484375,0.044189453125,-0.04541015625,-0.027099609375,0.050537109375,-0.024658203125,-0.075927734375,0.049560546875,-0.00048828125,-0.09716796875,0.05859375,0.110107421875,-0.094482421875,-0.13525390625,0.06982421875,0.072265625,-0.072509765625,-0.01611328125,0.033447265625,-0.03369140625,0.00048828125,0.032470703125,-0.05126953125,-0.0556640625,0.067626953125,0.03271484375,-0.093994140625,0.0625,0.0625,-0.018310546875,-0.020263671875,0.007568359375,-0.039306640625,-0.0302734375,0.057373046875,-0.02294921875,-0.10498046875,0.0390625,0.043701171875,-0.095458984375,-0.035400390625,-0.064208984375,-0.064208984375,-0.06396484375,0.104248046875,0.034423828125,-0.165283203125,-0.0400390625,0.102294921875,-0.002197265625,-0.079345703125,0.0,0.020751953125,-0.03857421875,-0.00927734375,-0.08935546875,-0.08935546875,0.025390625,0.089111328125,-0.05029296875,-0.09375,0.028076171875,0.033447265625,-0.048583984375,0.009521484375,0.00927734375,-0.065185546875,0.01904296875,-0.06201171875,-0.06201171875,-0.006591796875,0.077392578125,-0.021240234375,-0.081298828125,0.037109375,-0.003662109375,-0.093017578125,0.047607421875,0.072265625,-0.1025390625,0.083984375,0.027587890625,0.027587890625,-0.101318359375,0.006591796875,0.03515625,-0.066650390625,-0.016357421875,0.001953125,-0.0625,-0.005859375,0.05859375,-0.086181640625,0.08251953125,0.08251953125,0.0185546875,-0.136474609375,0.006103515625,0.120361328125,-0.045654296875,-0.13671875,0.038330078125,0.08154296875,-0.069580078125,-0.04443359375,-0.006591796875,-0.02001953125,-0.02001953125,-0.002197265625,-0.02685546875,-0.00732421875,0.05419921875,-0.013427734375,-0.07080078125,0.036865234375,0.000244140625,-0.096923828125,0.029541015625,-0.0595703125,-0.13720703125,0.056884765625,0.056884765625,0.0830078125,-0.09814453125,-0.062744140625,0.043701171875,-0.005126953125,-0.05029296875,-0.00927734375,-0.01513671875,0.0283203125,0.0029296875,-0.08642578125,-0.08642578125,-0.009765625,0.019775390625,-0.034423828125,0.01904296875,0.04638671875,-0.068359375,-0.102294921875,0.078125,0.067138671875,-0.05029296875,0.080078125,0.0029296875,0.0029296875,-0.074462890625,-0.0009765625,0.014892578125,-0.0380859375,0.022705078125,0.022216796875,-0.05908203125,0.005126953125,-0.0478515625,0.007080078125,0.074462890625,0.074462890625,-0.03125,-0.1005859375,0.058349609375,0.04833984375,-0.086181640625,-0.00244140625,0.0615234375,-0.037841796875,-0.052978515625,0.03369140625,-0.0634765625,0.062255859375,0.013427734375,0.013427734375,-0.117431640625,-0.008056640625,0.03955078125,-0.07861328125,-0.037353515625,0.094970703125,-0.012451171875,-0.15283203125,0.00537109375,-0.054931640625,-0.050048828125,0.022705078125,-0.012939453125,-0.012939453125,-0.055908203125,0.01220703125,0.000732421875,-0.048828125,0.030029296875,0.01171875,-0.08056640625,-0.006591796875,0.053955078125,-0.03662109375,0.04296875,-0.0107421875,-0.06494140625,-0.06494140625,0.05126953125,0.01416015625,-0.097412109375,0.0185546875,0.125244140625,-0.02978515625,-0.15576171875,0.0302734375,-0.0556640625,-0.073974609375,0.03759765625,0.015380859375,-0.0439453125,-0.0439453125,-0.013671875,-0.0126953125,-0.052001953125,0.015625,0.02099609375,-0.0673828125,-0.010986328125,0.004638671875,-0.00146484375,0.04296875,-0.04443359375,-0.0693359375,0.052490234375,0.052490234375,-0.014404296875,-0.12060546875,0.041748046875,0.10400390625,-0.096923828125,-0.136962890625,0.054931640625,-0.0673828125,-0.02880859375,0.016357421875,-0.040283203125,0.012451171875,0.012451171875,0.022705078125,-0.06103515625,-0.016357421875,0.08740234375,-0.007080078125,-0.108154296875,0.026123046875,0.04443359375,0.005859375,0.0400390625,-0.044921875,-0.013916015625,0.05517578125,0.05517578125,-0.060546875,-0.112060546875,0.083984375,0.0751953125,-0.1328125,-0.069091796875,0.09033203125,0.034423828125,-0.078857421875,-0.0048828125,-0.02490234375,0.04248046875,0.001953125,-0.09716796875,-0.09716796875,-0.005615234375,0.08837890625,-0.01904296875,-0.125244140625,-0.017578125,0.044677734375,-0.003173828125,0.001953125,-0.04052734375,-0.0029296875,-0.004638671875,-0.06787109375,-0.06787109375,-0.01171875,0.104248046875,-0.00439453125,-0.1396484375,0.01220703125,0.08447265625,-0.036865234375,0.023193359375,-0.00244140625,-0.026123046875,0.043701171875,-0.01904296875,-0.083251953125,0.061767578125,0.061767578125,0.057861328125,-0.094970703125,-0.053955078125,0.059326171875,-0.0029296875,-0.072021484375,0.018798828125,-0.12841796875,-0.02880859375,0.091796875,-0.015380859375,-0.09765625,-0.09765625,0.01025390625,0.0546875,-0.05810546875,-0.03759765625,-0.0029296875,0.012939453125,0.034912109375,-0.05419921875,-0.052734375,0.0224609375,-0.028076171875,-0.028076171875,-0.054443359375,0.0595703125,0.003662109375,-0.1103515625,0.02880859375,0.072021484375,-0.077392578125,0.0625,0.0029296875,-0.0810546875,0.0322265625,0.007080078125,-0.0751953125,0.060791015625,0.060791015625,0.07861328125,-0.102783203125,-0.08642578125,0.098876953125,0.03076171875,-0.095947265625,0.04541015625,-0.08154296875,-0.0283203125,0.022705078125,-0.045166015625,-0.013916015625,-0.013916015625,0.070556640625,-0.031494140625,-0.104736328125,0.046630859375,0.014404296875,0.000732421875,0.0849609375,-0.056640625,-0.11083984375,0.050048828125,0.050537109375,-0.06884765625,-0.06884765625,-0.01025390625,0.01708984375,-0.0595703125,-0.01318359375,0.052490234375,-0.0244140625,0.044677734375,0.047119140625,-0.106689453125,-0.04736328125,0.062255859375,0.000244140625,-0.046875,0.028564453125,0.02685546875,-0.062255859375,-0.013671875,-0.013671875,0.00439453125,-0.0380859375,0.029541015625,0.02978515625,-0.048828125,0.03515625,-0.0751953125,-0.0888671875,0.1064453125,0.075927734375,-0.153564453125,-0.070556640625,0.108154296875,0.108154296875,0.02587890625,-0.098388671875,-0.017578125,0.036376953125,-0.049072265625,0.0185546875,-0.04736328125,0.001708984375,0.041748046875,-0.045654296875,-0.058837890625,0.02734375,-0.005126953125,-0.005126953125,-0.054931640625,0.0390625,-0.00537109375,-0.1015625,0.038330078125,-0.0966796875,-0.047607421875,0.12353515625,0.02734375,-0.151123046875,-0.0078125,0.103515625,-0.018798828125,-0.018798828125,-0.0625,0.001953125,0.008544921875,-0.006591796875,-0.01025390625,-0.092041015625,0.0322265625,0.078125,-0.060302734375,-0.06494140625,0.029296875,0.015380859375,-0.0361328125,0.000244140625,0.000244140625,-0.020751953125,-0.061767578125,0.03466796875,-0.0908203125,0.01171875,0.080078125,-0.03662109375,-0.076416015625,0.027587890625,-0.02001953125,-0.07666015625,0.06689453125,0.06689453125,0.052001953125,-0.105712890625,-0.05419921875,0.0595703125,-0.009033203125,0.025634765625,0.0224609375,-0.07568359375,0.005615234375,0.036865234375,-0.053955078125,-0.021240234375,0.034423828125,-0.03759765625,-0.07080078125,0.0478515625,0.0478515625,0.0263671875,-0.07373046875,0.02001953125,0.02880859375,-0.034423828125,0.058349609375,-0.03369140625,-0.074951171875,0.083740234375,0.046142578125,-0.140380859375,-0.04248046875,0.093994140625,-0.0126953125,-0.09375,-0.09375,0.01171875,0.045166015625,-0.055908203125,-0.016845703125,-0.057861328125,-0.002197265625,0.044677734375,-0.02734375,-0.047607421875,0.015625,-0.0185546875,-0.04833984375,0.059326171875,0.0224609375,-0.123046875,-0.123046875,-0.0302734375,0.091552734375,0.005615234375,0.001953125,0.015380859375,-0.04150390625,0.017578125,-0.013427734375,-0.070068359375,0.05859375,0.087646484375,-0.082275390625,-0.1123046875,0.064208984375,0.054443359375,-0.07470703125,-0.07470703125,-0.007568359375,0.0302734375,-0.007080078125,0.001953125,-0.074462890625,-0.035400390625,0.10107421875,0.00830078125,-0.1669921875,-0.0185546875,0.104736328125,-0.015869140625,-0.08642578125,-0.018798828125,0.0107421875,0.0107421875,-0.02099609375,0.021240234375,-0.094970703125,0.031494140625,0.0771484375,-0.08154296875,-0.099609375,0.037353515625,0.043212890625,-0.036376953125,0.000244140625,-0.00439453125,-0.052490234375,0.03955078125,0.011962890625,0.011962890625,-0.102783203125,0.103271484375,-0.002197265625,-0.0888671875,0.032470703125,0.006103515625,-0.087646484375,0.0498046875,0.087646484375,-0.083251953125,-0.084716796875,0.080322265625,0.046142578125,-0.09326171875,-0.011474609375,0.042724609375,-0.05029296875,-0.05029296875,-0.01220703125,0.020751953125,-0.04638671875,-0.020751953125,-0.025634765625,-0.115478515625,0.02392578125,0.039306640625,-0.07470703125,-0.0029296875,0.037353515625,-0.053466796875,-0.037841796875,0.03857421875,-0.056396484375,-0.11083984375,0.072509765625,0.076904296875,-0.125,-0.08349609375,0.0771484375,0.03564453125,-0.076904296875,-0.02783203125,0.01171875,-0.035888671875,0.02587890625,0.00927734375,-0.09521484375,-0.02587890625,0.08447265625,0.08447265625,0.008544921875,-0.09326171875,0.001220703125,-0.0263671875,0.008056640625,0.009765625,-0.045166015625,0.010986328125,0.043701171875,-0.04833984375,-0.049560546875,0.076171875,0.021728515625,-0.0927734375,0.006103515625,0.01708984375,-0.0791015625,0.005126953125,0.0966796875,-0.036376953125,-0.147216796875,0.019775390625,0.08447265625,-0.054443359375,-0.055419921875,0.0009765625,-0.020751953125,-0.014892578125,0.023681640625,-0.041259765625,-0.088134765625,-0.088134765625,0.040771484375,-0.108154296875,-0.049072265625,0.0537109375,0.005859375,-0.032958984375,-0.00390625,-0.02587890625,-0.04638671875,0.0419921875,-0.014892578125,-0.09912109375,0.057373046875,0.11328125,-0.074951171875,-0.12744140625,0.06396484375,0.08984375,-0.06982421875,-0.048095703125,0.03125,0.0087890625,0.0126953125,-0.035400390625,-0.103759765625,0.013671875,0.12255859375,-0.030029296875,-0.1748046875,0.01708984375,0.01708984375,0.192626953125,-0.192626953125,-0.06201171875,0.16796875,0.0439453125,-0.188232421875,-0.046630859375,0.143798828125,0.009765625,-0.112548828125,-0.024169921875,-0.004150390625,-0.07470703125,0.000732421875,0.074462890625,-0.0771484375,-0.11572265625,0.05712890625,0.0517578125,-0.111328125,-0.079345703125,0.09423828125,0.079833984375,-0.065673828125,-0.0654296875,0.06298828125,0.077880859375,-0.060302734375,-0.110107421875,0.05029296875,0.072509765625,-0.09423828125,-0.076904296875,0.032470703125,-0.01513671875,-0.023193359375,0.042724609375,-0.080322265625,-0.11669921875,0.120849609375,0.116455078125,-0.1962890625,-0.11279296875,0.218994140625,0.08837890625,-0.200439453125,-0.079345703125,0.12890625,-0.011962890625,-0.078857421875,0.019287109375,-0.080322265625,-0.100830078125,0.0771484375,0.036376953125,-0.16796875,-0.03515625,0.1455078125,-0.072509765625,-0.150634765625,0.083251953125,-0.093017578125,-0.093017578125,0.0244140625,0.106689453125,-0.056640625,-0.0673828125,0.0751953125,-0.032958984375,-0.062744140625,0.094970703125,0.02197265625,-0.102783203125,0.0166015625,0.068115234375,-0.090087890625,-0.039794921875,0.076904296875,-0.064453125,-0.048095703125,0.128662109375,-0.010986328125,-0.144287109375,0.075927734375,0.15966796875,-0.120849609375,-0.1552734375,0.113525390625,0.076171875,-0.0625,-0.002197265625,-0.07763671875,-0.016845703125,-0.016845703125,0.016845703125,-0.11474609375,-0.03515625,0.114501953125,-0.068603515625,-0.1533203125,0.032470703125,0.023193359375,-0.11279296875,-0.018798828125,0.051025390625,-0.08935546875,-0.0205078125,0.12890625,-0.08154296875,-0.169677734375,0.0888671875,0.101318359375,-0.15576171875,-0.1025390625,0.138916015625,0.018310546875,-0.113525390625,0.019287109375,0.005859375,-0.080322265625,0.009521484375,0.0458984375,-0.05078125,0.0126953125,0.099853515625,-0.047607421875,0.094970703125,-0.02197265625,-0.02197265625,-0.073486328125,0.10791015625,0.070556640625,-0.1083984375,0.01220703125,0.130615234375,-0.112548828125,-0.122314453125,0.147705078125,0.0439453125,-0.166015625,-0.021484375,0.110595703125,-0.042724609375,-0.05126953125,0.051513671875,-0.081298828125,-0.087158203125,0.103515625,0.022705078125,-0.1318359375,0.00732421875,0.09228515625,-0.082763671875,-0.090087890625,-0.032470703125,-0.056640625,0.0654296875,-0.04931640625,-0.04931640625,-0.143310546875,0.029541015625,0.07568359375,-0.118896484375,-0.060546875,0.094970703125,-0.05615234375,-0.08251953125,0.093505859375,0.000244140625,-0.148193359375,0.038818359375,0.147705078125,-0.088623046875,-0.123291015625,0.098388671875,0.040283203125,-0.0771484375,0.017578125,0.011474609375,-0.08349609375,0.010009765625,0.084228515625,-0.046630859375,0.101318359375,-0.040771484375,-0.099609375,0.07373046875,0.03515625,-0.12353515625,0.027587890625,0.170166015625,0.170166015625,-0.083251953125,-0.18115234375,0.08447265625,0.089599609375,-0.08349609375,-0.020751953125,0.046142578125,-0.053955078125,-0.0439453125,0.0517578125,-0.061279296875,-0.0576171875,0.08935546875,-0.02490234375,-0.114013671875,0.04248046875,0.052734375,-0.104736328125,-0.0048828125,0.115966796875,-0.093017578125,-0.129150390625,0.109619140625,-0.1171875,0.006103515625,0.070068359375,-0.09375,-0.06396484375,0.0869140625,-0.04736328125,-0.04736328125,-0.087158203125,0.064697265625,-0.01220703125,-0.097900390625,0.033203125,0.032958984375,-0.1298828125,-0.00390625,0.15380859375,-0.0771484375,-0.157470703125,0.079833984375,0.060791015625,-0.111328125,-0.014404296875,0.08642578125,-0.056396484375,-0.062744140625,0.05810546875,-0.052978515625,-0.060546875,-0.015625,-0.1240234375,0.039306640625,0.087158203125,-0.118408203125,-0.04248046875,0.1396484375,-0.058837890625,-0.058837890625,-0.158935546875,0.067626953125,0.080078125,-0.089599609375,0.001220703125,0.09619140625,-0.073486328125,-0.073974609375,0.07958984375,-0.02001953125,-0.06396484375,0.078369140625,0.01416015625,-0.118408203125,0.020263671875,0.106689453125,-0.0908203125,-0.061279296875,0.1103515625,-0.03564453125,0.092041015625,0.042236328125,-0.16259765625,-0.02197265625,0.15478515625,-0.066162109375,-0.1552734375,0.066162109375,0.050048828125,0.050048828125,-0.072509765625,0.000244140625,0.01171875,-0.09423828125,-0.013916015625,0.074462890625,-0.104736328125,-0.09326171875,0.1123046875,-0.003662109375,-0.154052734375,0.002197265625,0.086669921875,-0.072509765625,-0.051025390625,0.072021484375,-0.042236328125,-0.0478515625,0.078125,-0.046630859375,0.09814453125,0.101806640625,-0.155517578125,-0.08740234375,0.146484375,-0.000244140625,-0.102783203125,0.0546875,0.00537109375,-0.0947265625,-0.0947265625,0.032470703125,0.068115234375,-0.09765625,-0.020751953125,0.117919921875,-0.071533203125,-0.102783203125,0.098876953125,0.024169921875,-0.099853515625,0.048583984375,0.06494140625,-0.125732421875,-0.021484375,0.1328125,-0.09326171875,-0.129638671875,0.048828125,-0.1533203125,-0.02783203125,0.09814453125,-0.067138671875,-0.05908203125,0.0849609375,-0.044921875,-0.091552734375,0.06396484375,0.01806640625,-0.114501953125,0.01708984375,0.01708984375,0.102294921875,-0.099853515625,-0.101318359375,0.092041015625,-0.008056640625,-0.104248046875,0.027587890625,0.02490234375,-0.085693359375,-0.0068359375,0.061279296875,-0.1064453125,-0.044921875,0.146484375,-0.03466796875,-0.177490234375,0.00830078125,0.127197265625,-0.06201171875,0.096923828125,-0.02197265625,-0.10546875,0.037109375,0.009033203125,-0.078125,0.034912109375,0.071044921875,-0.095947265625,-0.076416015625,0.09814453125,-0.019775390625,-0.019775390625,-0.09375,0.04345703125,0.0009765625,-0.06884765625,0.051513671875,0.054443359375,-0.124755859375,-0.01708984375,0.172607421875,-0.04931640625,-0.186279296875,0.058349609375,0.115478515625,-0.05859375,-0.046875,-0.05126953125,-0.027099609375,0.060791015625,-0.078369140625,-0.0732421875,0.10107421875,0.009765625,-0.120361328125,0.005859375,0.052001953125,-0.09375,-0.0029296875,0.101318359375,-0.095947265625,-0.081787109375,0.123779296875,0.123779296875,-0.016845703125,-0.17236328125,0.046630859375,0.132080078125,-0.129638671875,-0.122802734375,0.10595703125,-0.002685546875,-0.093017578125,0.05029296875,0.010009765625,-0.123779296875,-0.00927734375,0.08349609375,-0.044921875,0.11328125,-0.048095703125,-0.138671875,0.051025390625,0.0732421875,-0.0869140625,-0.01513671875,0.10595703125,-0.05908203125,-0.097412109375,0.092529296875,0.022216796875,-0.116943359375,0.0107421875,0.0859375,0.0859375,-0.06982421875,-0.06982421875,0.09716796875,-0.001220703125,-0.09619140625,0.0400390625,0.041015625,-0.056884765625,-0.008544921875,0.034912109375,-0.05029296875,-0.0068359375,0.08740234375,-0.106689453125,0.086669921875,0.0400390625,-0.1181640625,-0.0166015625,0.077392578125,-0.06884765625,-0.079345703125,0.052734375,-0.0498046875,-0.07080078125,0.080810546875,-0.012939453125,-0.12158203125,0.03173828125,0.073486328125,-0.115478515625,-0.115478515625,-0.03466796875,0.141357421875,-0.066162109375,-0.15869140625,0.077392578125,0.073486328125,-0.116455078125,-0.030029296875,0.093017578125,-0.070068359375,-0.098876953125,0.0048828125,-0.0859375,0.038330078125,0.019775390625,-0.083984375,-0.003173828125,0.063232421875,-0.061279296875,-0.0166015625,0.095947265625,-0.067626953125,-0.093505859375,0.09619140625,0.031494140625,-0.111083984375,0.017333984375,0.065185546875,-0.106689453125,-0.0341796875,-0.0341796875,0.1240234375,-0.068603515625,-0.14013671875,0.1015625,0.091064453125,-0.14404296875,-0.083984375,0.114990234375,-0.00830078125,-0.084716796875,0.058349609375,-0.106201171875,0.011962890625,0.066162109375,-0.08203125,-0.04931640625,0.107421875,-0.0185546875,-0.11474609375,0.034912109375,0.030517578125,-0.0576171875,0.00537109375,0.023681640625,-0.066650390625,-0.016357421875,0.0654296875,-0.08203125,-0.059326171875,0.122314453125,-0.00927734375,-0.15771484375,-0.15771484375,0.0009765625,0.1005859375,-0.04443359375,-0.034423828125,0.053955078125,-0.08056640625,-0.0732421875,0.091796875,-0.016357421875,0.057373046875,0.071044921875,-0.14306640625,-0.060546875,0.132080078125,-0.063232421875,-0.1337890625,0.104736328125,0.05859375,-0.14794921875,-0.036376953125,0.10302734375,-0.05029296875,-0.052490234375,0.08447265625,-0.051025390625,-0.098388671875,0.07373046875,0.019775390625,-0.09619140625,0.038818359375,0.038818359375,0.076171875,-0.09912109375,-0.02783203125,0.101318359375,-0.087158203125,-0.081787109375,0.129638671875,-0.1533203125,0.05224609375,0.11865234375,-0.13330078125,-0.05908203125,0.15576171875,-0.03955078125,-0.15283203125,0.06640625,0.064697265625,-0.101806640625,0.007080078125,0.092529296875,-0.098876953125,-0.08544921875,0.08837890625,-0.0205078125,-0.080078125,0.069091796875,0.018798828125,-0.122314453125,0.00146484375,0.00146484375,0.0751953125,-0.10693359375,-0.045166015625,0.110595703125,-0.069580078125,-0.1259765625,0.057861328125,-0.16357421875,-0.036376953125,0.155517578125,-0.05908203125,-0.161376953125,0.074951171875,0.076171875,-0.094482421875,-0.029296875,0.060791015625,-0.05859375,-0.058349609375,0.0751953125,-0.025390625,-0.078369140625,0.060791015625,0.01708984375,-0.096923828125,0.0029296875,0.081787109375,-0.05322265625,-0.040283203125,0.0830078125,0.0830078125,-0.0380859375,-0.071044921875,0.06640625,-0.0224609375,-0.11669921875,0.108642578125,-0.134033203125,-0.0966796875,0.125244140625,-0.01025390625,-0.103515625,0.07373046875,0.032470703125,-0.118896484375,-0.0029296875,0.077392578125,-0.08349609375,-0.02001953125,0.10595703125,-0.096923828125,-0.114990234375,0.112548828125,0.02490234375,-0.132080078125,0.0380859375,0.0849609375,-0.12939453125,-0.038330078125,0.142822265625,-0.07861328125,-0.07861328125,-0.149658203125,0.111328125,0.07763671875,-0.154296875,0.108642578125,-0.023681640625,-0.05078125,0.06005859375,-0.052734375,-0.085693359375,0.07568359375,0.02734375,-0.132080078125,-0.002197265625,0.118896484375,-0.0703125,-0.10302734375,0.078369140625,0.010009765625,-0.08349609375,0.019287109375,0.017578125,-0.08251953125,0.0029296875,0.067138671875,-0.111572265625,-0.0556640625,0.145263671875,-0.019287109375,-0.183349609375,-0.183349609375,0.012939453125,0.122314453125,-0.070068359375,0.10498046875,-0.0185546875,-0.12939453125,0.0380859375,0.05126953125,-0.07080078125,0.010498046875,0.084716796875,-0.0654296875,-0.0751953125,0.0693359375,-0.026611328125,-0.055419921875,0.067138671875,-0.0205078125,-0.092529296875,0.064453125,0.064208984375,-0.14013671875,-0.026123046875,0.146484375,-0.077392578125,-0.1533203125,0.076171875,0.05322265625,-0.075439453125,0.02587890625,0.028564453125,0.028564453125,-0.14013671875,0.130126953125,-0.10205078125,-0.093505859375,0.130859375,-0.000244140625,-0.152099609375,0.031494140625,0.0634765625,-0.156494140625,-0.026611328125,0.16015625,-0.07177734375,-0.146240234375,0.076904296875,0.034423828125,-0.115478515625,0.01513671875,0.08349609375,-0.1005859375,-0.054931640625,0.11083984375,-0.044677734375,-0.101318359375,0.0859375,0.05615234375,-0.123046875,-0.039306640625,0.0986328125,0.0986328125,-0.04296875,-0.0400390625,-0.049560546875,-0.062744140625,0.06884765625,-0.00537109375,-0.117431640625,0.05615234375,0.1279296875,-0.12255859375,-0.124755859375,0.084228515625,0.011962890625,-0.064697265625,0.0537109375,0.024169921875,-0.11572265625,0.00439453125,0.114990234375,-0.084228515625,-0.095703125,0.083740234375,-0.001220703125,-0.08154296875,0.057861328125,0.032958984375,-0.149658203125,-0.02587890625,0.15380859375,-0.05615234375,-0.16064453125,-0.0084228515625,0.053466796875,-0.009765625,0.059326171875,0.029541015625,-0.07177734375,-0.016357421875,0.083984375,-0.065673828125,-0.068115234375,0.1201171875,0.0205078125,-0.151123046875,-0.006591796875,0.090087890625,-0.078369140625,-0.054443359375,0.077880859375,-0.050048828125,-0.07275390625,0.079345703125,-0.028564453125,-0.160400390625,0.045654296875,0.146484375,-0.105712890625,-0.126708984375,0.096923828125,0.026611328125,-0.06787109375,0.036865234375,0.0009765625,-0.102783203125,0.10595703125,0.10595703125,-0.087158203125,-0.075439453125,0.100341796875,-0.015625,-0.116943359375,0.02392578125,0.036376953125,-0.059326171875,0.03564453125,0.06103515625,-0.1328125,-0.0732421875,0.13330078125,-0.00537109375,0.04150390625,0.04150390625,0.060302734375,-0.0537109375,0.004150390625,0.04541015625,-0.10205078125,-0.029541015625,0.13818359375,-0.02978515625,-0.160400390625,0.03955078125,0.114990234375,-0.088134765625,-0.095703125,0.064697265625,-0.08056640625,-0.08056640625,0.005126953125,-0.017333984375,-0.02685546875,0.056884765625,-0.0166015625,-0.133544921875,0.009765625,0.116455078125,-0.102294921875,-0.104248046875,0.143798828125,0.056396484375,-0.17041015625,-0.0712890625,-0.012939453125,-0.0498046875,-0.0498046875,0.039794921875,-0.03955078125,-0.076171875,0.0546875,0.002197265625,-0.10888671875,0.017822265625,0.08740234375,-0.0693359375,-0.06884765625,0.05908203125,-0.03173828125,-0.03369140625,-0.035888671875,-0.035888671875,-0.114501953125,0.07958984375,0.11328125,-0.128662109375,-0.06982421875,0.15185546875,-0.00439453125,-0.15185546875,0.01708984375,0.059326171875,-0.0498046875,0.013671875,0.0478515625,-0.110595703125,0.121337890625,-0.03369140625,-0.03369140625,-0.1357421875,0.060302734375,0.09423828125,-0.078125,-0.0703125,0.015625,-0.051513671875,0.001953125,0.084228515625,-0.081298828125,-0.115234375,0.0947265625,0.057373046875,-0.045166015625,0.07861328125,-0.0419921875,-0.0419921875,-0.047119140625,0.057373046875,-0.07080078125,-0.107177734375,0.103759765625,0.078369140625,-0.171142578125,-0.1005859375,0.134521484375,0.03076171875,0.03125,0.02099609375,-0.078369140625,-0.078369140625,-0.0068359375,0.04296875,-0.057861328125,-0.0185546875,0.0859375,-0.032958984375,-0.075439453125,0.04345703125,-0.010986328125,-0.0673828125,0.01953125,-0.105712890625,0.016357421875,0.016357421875,0.128662109375,-0.102294921875,-0.143798828125,0.114990234375,0.064453125,-0.16162109375,-0.046630859375,0.12158203125,-0.02490234375,-0.079345703125,-0.013916015625,-0.09765625,0.02587890625,0.02587890625,0.021728515625,-0.070556640625,0.015380859375,0.046875,-0.08740234375,-0.03369140625,0.0771484375,-0.07373046875,-0.0771484375,0.106201171875,-0.1279296875,0.04296875,0.086181640625,0.086181640625,-0.130859375,-0.03955078125,0.158935546875,-0.044921875,-0.154052734375,0.0703125,0.06982421875,-0.101318359375,0.003173828125,-0.10009765625,-0.0693359375,0.099609375,-0.02783203125,-0.02783203125,-0.08984375,0.070556640625,0.002685546875,-0.127197265625,0.0224609375,0.09033203125,-0.1044921875,-0.04443359375,0.12158203125,-0.122802734375,0.09423828125,0.041748046875,-0.16455078125,-0.16455078125,-0.004150390625,0.1630859375,-0.061279296875,-0.143798828125,0.054931640625,0.02685546875,-0.069580078125,0.028564453125,0.018798828125,-0.101806640625,0.09228515625,-0.08544921875,-0.07763671875,0.108642578125,0.108642578125,0.00341796875,-0.12158203125,0.03076171875,0.082275390625,-0.072021484375,-0.022216796875,0.07861328125,-0.0595703125,0.093505859375,-0.025146484375,-0.139404296875,0.0654296875,0.0654296875,0.13720703125,-0.115234375,-0.136474609375,0.100341796875,0.037109375,-0.086669921875,0.018310546875,-0.0966796875,-0.01220703125,0.0791015625,-0.06494140625,-0.06494140625,-0.0673828125,0.088623046875,-0.00537109375,-0.114013671875,0.01513671875,0.03564453125,-0.06640625,-0.013916015625,-0.076904296875,-0.03125,0.0732421875,-0.083251953125,-0.083251953125,-0.09619140625,0.101806640625,0.019287109375,-0.15869140625,-0.017822265625,0.09814453125,-0.057373046875,0.083740234375,-0.0751953125,-0.088134765625,0.105224609375,0.009765625,0.009765625,-0.1328125,0.0498046875,0.1171875,-0.092529296875,-0.046875,0.10302734375,-0.0947265625,0.12548828125,0.0478515625,-0.157958984375,-0.02294921875,-0.02294921875,0.113525390625,-0.059326171875,-0.062744140625,0.080322265625,-0.028564453125,-0.093994140625,0.046875,-0.08642578125,0.022216796875,0.061279296875,-0.114501953125,-0.05517578125,-0.05517578125,0.111572265625,-0.04541015625,-0.134765625,0.0791015625,0.100341796875,-0.14208984375,-0.1162109375,0.011962890625,-0.073974609375,0.025634765625,-0.00732421875,-0.087646484375,-0.087646484375,0.017822265625,0.0556640625,-0.082275390625,-0.038330078125,0.08056640625,-0.040771484375,-0.078369140625,0.010009765625,-0.098388671875,0.020751953125,0.0654296875,-0.068359375,-0.0185546875,-0.0185546875,0.07763671875,-0.074951171875,-0.072509765625,0.117431640625,0.016357421875,-0.15625,0.005126953125,-0.05810546875,-0.086669921875,0.0927734375,0.014404296875,-0.103515625,0.007080078125,0.007080078125,0.025634765625,-0.065185546875,0.023193359375,0.0693359375,-0.100341796875,-0.08154296875,-0.017333984375,-0.110595703125,0.036376953125,0.027099609375,-0.09033203125,-0.005615234375,0.04052734375,0.04052734375,-0.107421875,-0.031494140625,0.120361328125,-0.06640625,-0.154541015625,0.073486328125,-0.093505859375,-0.011962890625,0.074951171875,-0.088134765625,-0.0712890625,0.116943359375,0.002685546875,0.002685546875,-0.11669921875,0.050048828125,0.08154296875,-0.076904296875,-0.05029296875,0.052734375,-0.031005859375,0.07421875,-0.045166015625,-0.120849609375,0.059814453125,0.092041015625,-0.093017578125,-0.093017578125,-0.065185546875,0.07568359375,-0.025390625,-0.08154296875,0.059326171875,0.010986328125,0.01416015625,0.07470703125,-0.07177734375,-0.073974609375,0.063232421875,-0.01220703125,-0.0634765625,-0.0634765625,0.031982421875,-0.022216796875,-0.091796875,0.0205078125,0.03564453125,-0.097412109375,0.103759765625,-0.062744140625,-0.11767578125,0.0751953125,0.0341796875,-0.10546875,0.020263671875,0.020263671875,0.104248046875,-0.08544921875,-0.115966796875,0.0927734375,0.02978515625,0.028564453125,0.05908203125,-0.096435546875,-0.05224609375,0.095458984375,-0.00927734375,-0.06689453125,0.052001953125,-0.003173828125,-0.003173828125,-0.08251953125,0.025390625,0.03173828125,-0.05859375,0.060546875,-0.08544921875,-0.05712890625,0.088134765625,-0.021728515625,-0.071044921875,0.056396484375,0.056396484375,-0.011474609375,-0.109619140625,0.039794921875,0.064208984375,-0.060791015625,0.146484375,-0.018798828125,-0.162353515625,0.008056640625,0.0478515625,-0.073974609375,-0.001953125,-0.001953125,0.0693359375,-0.073974609375,-0.071533203125,0.0703125,-0.07080078125,0.0537109375,0.0263671875,-0.090576171875,0.002197265625,0.06298828125,-0.088623046875,-0.088623046875,-0.035400390625,0.108642578125,-0.041748046875,-0.11865234375,0.051513671875,-0.10595703125,0.00634765625,0.125244140625,-0.072998046875,-0.129150390625,0.083740234375,0.063232421875,0.063232421875,-0.100341796875,-0.01220703125,0.09033203125,-0.085693359375,0.05126953125,0.0029296875,-0.06982421875,0.027587890625,0.01220703125,-0.08837890625,-0.01318359375,-0.01318359375,0.052490234375,-0.062744140625,-0.0732421875,-0.013671875,-0.054443359375,0.036865234375,-0.021484375,-0.097900390625,0.046630859375,0.0927734375,-0.109375,-0.105712890625,0.1123046875,0.1123046875,0.04443359375,-0.10986328125,0.005126953125,-0.063232421875,-0.046875,0.048095703125,-0.033447265625,-0.041015625,0.08544921875,-0.000732421875,-0.10205078125,-0.10205078125,0.017822265625,0.0390625,-0.06005859375,0.060791015625,-0.093505859375,-0.03955078125,0.12646484375,-0.04345703125,-0.14111328125,0.089599609375,0.083251953125,-0.141357421875,-0.063232421875,-0.063232421875,0.1015625,-0.0390625,-0.07421875,-0.0478515625,-0.132568359375,0.059326171875,0.065185546875,-0.11572265625,-0.01953125,0.099365234375,-0.08447265625,-0.107421875,0.087646484375,0.00634765625,0.00634765625,-0.10302734375,0.03564453125,-0.08056640625,0.01025390625,0.0810546875,-0.119140625,-0.100830078125,0.144775390625,0.041259765625,-0.15625,-0.01708984375,0.095458984375,-0.04345703125,-0.04345703125,-0.0498046875,0.04736328125,-0.06787109375,0.081298828125,-0.000244140625,-0.10107421875,0.056640625,0.094482421875,-0.100341796875,-0.083251953125,0.089111328125,-0.005126953125,-0.065185546875,0.057373046875,0.057373046875,-0.005615234375,0.0322265625,0.066650390625,-0.12255859375,-0.06494140625,0.1376953125,-0.017333984375,-0.182861328125,-0.00439453125,-0.00439453125,0.0771484375,-0.03857421875,-0.015380859375,0.025390625,-0.09423828125,0.11279296875,-0.022705078125,-0.131591796875,0.047607421875,0.074462890625,-0.09912109375,-0.0576171875,0.067138671875,-0.034912109375,-0.043701171875,0.05615234375,0.05615234375,-0.051025390625,0.088134765625,0.02392578125,-0.132568359375,0.029296875,0.132568359375,-0.091064453125,-0.10498046875,0.1025390625,0.0126953125,-0.075927734375,0.06982421875,0.03955078125,0.03955078125,-0.119873046875,0.114501953125,-0.068115234375,-0.08056640625,0.08935546875,-0.008544921875,-0.105224609375,0.0380859375,0.017578125,-0.137451171875,-0.0029296875,0.1396484375,-0.06884765625,-0.06884765625,-0.16748046875,0.06201171875,-0.051513671875,-0.00439453125,0.008056640625,-0.0849609375,-0.018310546875,0.068359375,-0.06201171875,-0.063232421875,0.082763671875,-0.010009765625,-0.010009765625,0.018310546875,0.039794921875,-0.082275390625,0.009521484375,0.08203125,-0.100830078125,-0.081787109375,0.132568359375,0.00537109375,-0.17431640625,0.0283203125,0.147705078125,-0.080322265625,-0.080322265625,0.099853515625,0.03759765625,-0.09228515625,0.025146484375,0.047119140625,-0.07568359375,-0.022705078125,0.050048828125,-0.044921875,-0.02099609375,0.06591796875,0.06591796875,-0.084716796875,0.080810546875,0.009033203125,-0.121337890625,0.03466796875,0.085205078125,-0.10888671875,-0.05859375,0.105712890625,-0.066162109375,-0.1318359375,-0.1318359375,0.067626953125,-0.17041015625,-0.052734375,0.135498046875,-0.0361328125,-0.113037109375,0.072265625,0.017333984375,-0.123046875,0.0009765625,0.0498046875,-0.067626953125,-0.006103515625,0.067138671875,-0.085205078125,-0.086181640625,0.10400390625,0.0185546875,-0.108154296875,0.031982421875,0.058349609375,-0.086669921875,-0.026123046875,0.10302734375,-0.035888671875,-0.088623046875,0.080322265625,0.020751953125,-0.118896484375,0.012451171875,0.102783203125,-0.049072265625,-0.071533203125,0.04931640625,-0.01416015625,-0.070068359375,0.031005859375,-0.01318359375,-0.0732421875
Prusa_B,-0.03125,-0.045166015625,-0.064697265625,-0.06591796875,-0.046630859375,0.01220703125,0.06982421875,0.067138671875,0.03466796875,-0.03662109375,-0.060546875,-0.062255859375,-0.062255859375,-0.053955078125,-0.016357421875,0.020751953125,0.01025390625,-0.0263671875,-0.04638671875,-0.03515625,0.007568359375,0.055419921875,0.06103515625,0.038330078125,0.0419921875,0.04052734375,-0.01806640625,-0.05126953125,-0.03173828125,-0.04931640625,0.01318359375,0.011474609375,-0.031005859375,0.01806640625,0.004150390625,-0.044189453125,0.0302734375,0.0302734375,0.045654296875,0.013916015625,0.03662109375,-0.01318359375,-0.062744140625,-0.035888671875,-0.062255859375,-0.0927734375,-0.0400390625,0.030029296875,0.057861328125,-0.019287109375,-0.055419921875,-0.055419921875,-0.02734375,-0.03271484375,-0.0302734375,-0.019287109375,-0.025390625,0.0009765625,0.01123046875,-0.0389404296875,-0.052734375,-0.04052734375,-0.0130615234375,-0.0087890625,-0.0576171875,-0.002685546875,-0.039306640625,-0.030029296875,-0.03564453125,-0.04150390625,0.033447265625,0.037353515625,-0.016357421875,-0.015625,-0.038330078125,-0.011474609375,0.017333984375,-0.00341796875,-0.00341796875,0.025146484375,0.037109375,-0.02294921875,-0.01123046875,0.001953125,-0.0380859375,0.0,0.046630859375,0.021728515625,-0.033447265625,-0.048828125,-0.0087890625,0.007080078125,0.007080078125,-0.023681640625,-0.036865234375,-0.008544921875,0.00830078125,0.03173828125,0.034423828125,-0.024658203125,-0.064208984375,0.002685546875,0.033203125,0.01220703125,-0.03564453125,-0.03564453125,-0.0556640625,-0.041748046875,-0.0302734375,-0.025146484375,-0.011474609375,0.01806640625,0.019287109375,-0.006103515625,-0.033447265625,-0.009033203125,-0.013671875,-0.035400390625,-0.044677734375,-0.044677734375,-0.03125,-0.00732421875,-0.0244140625,-0.036865234375,0.015625,0.063232421875,0.03076171875,-0.0205078125,0.010009765625,-0.01025390625,-0.07568359375,-0.0576171875,0.004638671875,0.004638671875,-0.006103515625,-0.04443359375,-0.0205078125,0.016357421875,0.02734375,0.033935546875,0.01953125,0.02587890625,-0.025634765625,-0.034423828125,-0.009521484375,-0.030517578125,-0.030517578125,-0.03564453125,-0.001708984375,0.010009765625,0.00048828125,-0.0224609375,-0.024169921875,0.00048828125,0.012451171875,-0.022705078125,-0.012939453125,-0.028076171875,-0.04833984375,-0.034423828125,-0.018310546875,-0.005615234375,-0.005615234375,0.011962890625,0.0048828125,-0.01708984375,-0.00732421875,0.017333984375,0.013671875,-0.017578125,-0.045654296875,0.00146484375,0.009033203125,-0.021240234375,-0.030517578125,-0.008056640625,-0.008056640625,-0.005615234375,-0.009765625,-0.017333984375,-0.02392578125,-0.0087890625,0.00048828125,-0.009033203125,0.005859375,-0.02587890625,-0.0361328125,-0.024658203125,-0.0107421875,0.033203125,0.033203125,0.02880859375,-0.034423828125,-0.060546875,-0.0126953125,0.007568359375,-0.01953125,-0.00146484375,0.036865234375,0.018310546875,-0.027099609375,-0.001953125,0.040283203125,0.010498046875,0.010498046875,-0.0302734375,-0.0205078125,0.00048828125,-0.012939453125,-0.03466796875,-0.034423828125,-0.00927734375,0.00244140625,-0.0087890625,-0.029541015625,-0.01953125,0.000244140625,0.007080078125,0.007080078125,-0.03564453125,-0.053955078125,-0.010986328125,0.01171875,-0.01025390625,-0.030029296875,-0.015869140625,0.01025390625,0.008544921875,-0.01416015625,-0.02783203125,-0.021484375,-0.011962890625,-0.011962890625,-0.00244140625,-0.017333984375,-0.02734375,-0.00390625,-0.00146484375,-0.007080078125,-0.010986328125,-0.00048828125,-0.001708984375,-0.017578125,-0.02392578125,-0.00390625,-0.012451171875,-0.012451171875,-0.046142578125,-0.0517578125,-0.008056640625,0.01171875,-0.014892578125,-0.02490234375,-0.005615234375,0.009765625,0.005859375,0.011474609375,0.003173828125,-0.002197265625,0.005126953125,0.005126953125,-0.006591796875,-0.04150390625,-0.047119140625,-0.028564453125,-0.003662109375,0.013916015625,0.002197265625,-0.022705078125,-0.0185546875,0.001220703125,0.01318359375,0.00390625,-0.031005859375,-0.031005859375,-0.052490234375,-0.03076171875,-0.0078125,-0.027099609375,-0.038330078125,-0.00732421875,0.0009765625,0.021728515625,0.005859375,-0.03173828125,-0.041259765625,-0.031494140625,-0.021728515625,-0.008056640625,-0.008056640625,0.01025390625,0.009033203125,-0.01171875,-0.0439453125,0.048828125,0.01416015625,-0.0361328125,-0.031982421875,-0.017822265625,-0.006103515625,-0.017578125,-0.029052734375,-0.029052734375,-0.003662109375,-0.0009765625,-0.030029296875,-0.015380859375,0.02392578125,-0.0126953125,-0.02490234375,-0.03662109375,-0.0283203125,-0.0302734375,-0.026611328125,-0.01708984375,-0.019775390625,0.0107421875,0.0107421875,0.05224609375,0.0146484375,-0.035888671875,-0.022705078125,-0.003662109375,-0.014892578125,-0.025390625,-0.006591796875,0.000244140625,-0.024169921875,-0.009521484375,0.013916015625,0.004638671875,0.004638671875,0.00244140625,-0.008544921875,-0.009521484375,-0.01904296875,-0.045654296875,-0.036865234375,-0.046630859375,-0.053466796875,-0.00927734375,0.013671875,-0.0087890625,0.009765625,0.04150390625,0.04150390625,0.021240234375,-0.031005859375,-0.0625,-0.01611328125,-0.013916015625,-0.011474609375,0.01416015625,0.015869140625,-0.025146484375,-0.048828125,-0.010986328125,0.03271484375,0.020751953125,0.020751953125,-0.006103515625,-0.012939453125,-0.01904296875,-0.044189453125,-0.0224609375,-0.00830078125,-0.0068359375,0.00146484375,0.013916015625,0.002197265625,-0.021484375,-0.032470703125,-0.01416015625,-0.01416015625,-0.016845703125,-0.02880859375,0.01025390625,-0.01953125,-0.030029296875,0.002685546875,0.023193359375,0.0146484375,0.006103515625,0.001220703125,-0.000244140625,-0.016845703125,-0.0380859375,-0.0380859375,-0.029541015625,-0.021240234375,0.001220703125,0.00634765625,-0.00390625,-0.021240234375,-0.008544921875,0.019775390625,0.0068359375,-0.033447265625,-0.0478515625,-0.03857421875,-0.045166015625,-0.045166015625,-0.036376953125,0.003173828125,0.00927734375,-0.011474609375,-0.020751953125,-0.01123046875,-0.006591796875,-0.015869140625,-0.01708984375,-0.018798828125,-0.028564453125,-0.021240234375,0.01123046875,0.019287109375,0.019287109375,-0.009765625,0.006591796875,-0.005126953125,-0.029052734375,-0.023193359375,0.0009765625,-0.012939453125,-0.02734375,-0.023681640625,-0.017822265625,-0.017333984375,-0.017333984375,-0.03369140625,-0.028564453125,0.005615234375,-0.012939453125,0.015380859375,0.0224609375,-0.0185546875,-0.044189453125,-0.029052734375,-0.026611328125,-0.03759765625,-0.00439453125,-0.00439453125,0.024169921875,-0.0107421875,-0.012939453125,0.00439453125,-0.009765625,-0.02587890625,-0.00927734375,0.026123046875,0.017822265625,-0.011962890625,-0.00927734375,-0.00927734375,-0.015869140625,-0.034912109375,-0.046630859375,-0.036865234375,0.005126953125,0.031494140625,0.020751953125,0.0048828125,-0.02734375,-0.067138671875,-0.050048828125,-0.01123046875,-0.01123046875,-0.010986328125,0.01708984375,0.03125,0.000732421875,-0.0244140625,-0.02490234375,-0.01611328125,-0.032470703125,-0.0126953125,0.043701171875,0.042724609375,-0.020263671875,-0.020263671875,-0.056884765625,-0.02197265625,-0.00537109375,-0.019287109375,-0.00634765625,0.00634765625,-0.00341796875,0.004150390625,0.009521484375,-0.020263671875,-0.049560546875,-0.049560546875,-0.007080078125,-0.031982421875,-0.03076171875,-0.0068359375,0.011962890625,-0.002197265625,-0.0244140625,0.008544921875,0.01953125,-0.022705078125,-0.012939453125,0.034912109375,0.034912109375,-0.03759765625,-0.049560546875,-0.0107421875,-0.00439453125,-0.03076171875,-0.00146484375,0.053955078125,0.03955078125,-0.009765625,-0.03662109375,-0.05224609375,-0.058837890625,-0.045654296875,-0.045654296875,0.024658203125,-0.007568359375,-0.029296875,-0.006591796875,0.003173828125,-0.03857421875,-0.04150390625,0.02392578125,0.06103515625,-0.01171875,-0.0771484375,-0.05712890625,-0.0166015625,-0.0166015625,-0.014892578125,0.03564453125,0.044921875,-0.014404296875,-0.029052734375,0.014892578125,0.018310546875,-0.015869140625,-0.0322265625,-0.021728515625,-0.025634765625,-0.066650390625,-0.0517578125,0.015380859375,0.03173828125,-0.003173828125,0.00927734375,0.049560546875,0.00390625,-0.055908203125,-0.061279296875,-0.031494140625,-0.043701171875,-0.060791015625,0.00537109375,0.0693359375,0.014404296875,0.014404296875,-0.01904296875,0.020751953125,0.009033203125,-0.00732421875,0.01171875,0.00537109375,-0.04638671875,-0.050048828125,-0.00390625,-0.007568359375,-0.04931640625,-0.036376953125,0.03466796875,0.051025390625,0.014892578125,0.010009765625,-0.00927734375,-0.0595703125,-0.083251953125,-0.0537109375,0.010986328125,0.0068359375,-0.036865234375,-0.0185546875,0.0166015625,-0.01171875,-0.0390625,0.017578125,0.055908203125,0.002685546875,-0.04296875,-0.0341796875,-0.029541015625,-0.062744140625,-0.04541015625,0.03369140625,0.071533203125,0.0263671875,-0.00341796875,0.003662109375,-0.018798828125,-0.05712890625,-0.04296875,0.016357421875,0.007568359375,-0.0361328125,-0.039306640625,-0.01318359375,-0.02392578125,-0.056640625,-0.00390625,0.06884765625,0.02978515625,-0.04052734375,-0.043212890625,-0.014892578125,-0.049072265625,-0.057861328125,0.02392578125,0.041259765625,-0.034912109375,-0.039306640625,0.028076171875,0.024658203125,-0.03857421875,-0.027099609375,0.03857421875,0.033203125,-0.03955078125,-0.041015625,0.01220703125,-0.002197265625,-0.0556640625,-0.0498046875,0.04345703125,0.0625,-0.04052734375,-0.07177734375,0.000732421875,-0.06494140625,-0.06494140625,-0.03076171875,0.052978515625,-0.000732421875,-0.073486328125,0.001708984375,0.044677734375,-0.066650390625,-0.101806640625,0.013671875,0.079833984375,-0.009521484375,0.062255859375,0.062255859375,0.054443359375,-0.107666015625,-0.114990234375,0.05712890625,0.08544921875,-0.0537109375,-0.056884765625,0.03271484375,-0.01220703125,-0.081787109375,0.084716796875,0.084716796875,-0.015869140625,-0.083251953125,-0.00341796875,0.02490234375,-0.0732421875,-0.065185546875,0.05126953125,0.031005859375,-0.0693359375,-0.050048828125,0.044921875,-0.075439453125,-0.075439453125,-0.0419921875,0.042724609375,0.010986328125,-0.038818359375,-0.02099609375,0.009033203125,-0.013427734375,-0.030517578125,0.00830078125,0.031982421875,-0.04345703125,-0.028564453125,-0.028564453125,0.008544921875,-0.0009765625,-0.015869140625,-0.011962890625,-0.017578125,-0.035888671875,-0.038330078125,0.000732421875,0.021484375,-0.01904296875,-0.026123046875,-0.026123046875,0.02587890625,0.00439453125,-0.05419921875,-0.0009765625,0.06689453125,-0.015869140625,-0.101806640625,-0.025390625,0.029296875,-0.050537109375,-0.057373046875,0.075439453125,-0.02587890625,-0.02587890625,-0.02880859375,0.02490234375,-0.008544921875,-0.064697265625,-0.02099609375,0.037841796875,-0.01904296875,-0.09375,-0.027099609375,0.046875,-0.009521484375,-0.046630859375,0.01513671875,0.0615234375,-0.077392578125,-0.05029296875,-0.027099609375,-0.027099609375,-0.05615234375,-0.055419921875,0.02294921875,0.0751953125,0.00830078125,-0.05078125,-0.007568359375,0.03515625,0.001708984375,-0.033447265625,-0.00537109375,-0.0537109375,-0.056884765625,-0.056884765625,0.002685546875,0.0390625,-0.00732421875,-0.0263671875,0.02587890625,0.0419921875,-0.020263671875,-0.059326171875,-0.015380859375,-0.004638671875,-0.056640625,0.031982421875,0.0048828125,0.0048828125,-0.069580078125,-0.01123046875,0.057373046875,0.01953125,-0.04150390625,-0.014404296875,0.018310546875,-0.059326171875,-0.0888671875,0.029541015625,-0.02099609375,-0.032470703125,0.076416015625,0.076416015625,0.087646484375,-0.034912109375,-0.06787109375,0.03125,0.028564453125,-0.093017578125,-0.074951171875,0.02197265625,-0.00390625,-0.029052734375,0.069580078125,0.037841796875,0.037841796875,-0.034423828125,-0.006591796875,0.023193359375,-0.03662109375,-0.07763671875,-0.01318359375,0.025390625,-0.063232421875,-0.0703125,0.071533203125,-0.0390625,-0.0458984375,0.055419921875,0.055419921875,0.040771484375,-0.062255859375,-0.060791015625,0.01123046875,-0.0078125,-0.076171875,-0.02587890625,0.063720703125,0.048583984375,-0.015380859375,0.013916015625,0.03125,-0.057373046875,-0.057373046875,-0.080810546875,-0.002685546875,-0.018310546875,-0.08642578125,-0.00537109375,0.10205078125,0.005859375,-0.103515625,0.08251953125,-0.02197265625,-0.109375,-0.00341796875,-0.00341796875,0.050537109375,-0.067138671875,-0.07177734375,0.07763671875,0.0673828125,-0.091064453125,-0.06103515625,0.089599609375,-0.095947265625,-0.060302734375,0.064697265625,-0.0009765625,-0.0009765625,-0.096923828125,-0.013427734375,0.116943359375,0.002685546875,-0.151611328125,-0.01904296875,0.107177734375,-0.125244140625,0.03369140625,0.061767578125,-0.1103515625,-0.1103515625,-0.100830078125,0.076416015625,0.071044921875,-0.08740234375,-0.047607421875,0.08740234375,0.0283203125,-0.0517578125,0.032470703125,-0.017333984375,-0.084716796875,-0.002685546875,-0.002685546875,0.07275390625,0.005126953125,-0.043701171875,0.0087890625,0.051025390625,-0.015380859375,-0.07177734375,0.009765625,-0.01513671875,-0.092529296875,-0.012451171875,-0.012451171875,0.093994140625,-0.009521484375,-0.118896484375,0.017822265625,0.107177734375,-0.0693359375,-0.110595703125,0.041748046875,-0.119140625,-0.07763671875,0.061767578125,0.024169921875,0.024169921875,-0.070556640625,-0.01220703125,0.090087890625,0.029296875,-0.075439453125,-0.014892578125,-0.041748046875,-0.1123046875,-0.002685546875,0.07275390625,-0.0439453125,-0.068603515625,-0.068603515625,0.037109375,0.074462890625,-0.0380859375,-0.0869140625,0.04052734375,0.048828125,-0.115966796875,0.0341796875,0.029052734375,-0.094970703125,-0.01220703125,0.122314453125,0.122314453125,0.038330078125,-0.08154296875,-0.020751953125,0.038330078125,-0.024658203125,-0.00634765625,0.042236328125,-0.037841796875,-0.101806640625,-0.00634765625,0.086669921875,0.086669921875,0.016845703125,-0.033935546875,0.010498046875,0.045166015625,-0.0126953125,-0.07373046875,-0.015380859375,-0.008056640625,-0.08349609375,-0.016357421875,0.111083984375,-0.00634765625,-0.00634765625,-0.109375,0.019287109375,0.09521484375,-0.04296875,-0.1044921875,0.026611328125,-0.120849609375,-0.09619140625,0.08349609375,0.08203125,-0.075927734375,-0.075927734375,-0.028076171875,0.102783203125,0.036865234375,-0.076171875,-0.03857421875,0.04443359375,-0.112060546875,-0.022705078125,0.064697265625,-0.044921875,-0.084228515625,0.069091796875,0.069091796875,0.11474609375,-0.0380859375,-0.07958984375,0.03125,0.027099609375,-0.072998046875,0.018798828125,-0.02099609375,-0.072265625,0.01318359375,0.069580078125,-0.00146484375,-0.00146484375,-0.04931640625,0.0224609375,0.05224609375,-0.025634765625,-0.07177734375,0.006103515625,-0.043212890625,-0.048095703125,0.0419921875,0.030029296875,-0.03955078125,-0.03955078125,0.003662109375,0.03466796875,-0.01123046875,-0.05517578125,-0.042724609375,-0.026123046875,-0.025146484375,-0.04248046875,-0.031982421875,0.02392578125,0.0361328125,-0.01318359375,-0.01318359375,-0.02587890625,-0.006591796875,-0.021484375,-0.05712890625,-0.01025390625,-0.041748046875,-0.0146484375,0.067626953125,0.06103515625,-0.018310546875,-0.033935546875,0.017578125,0.017578125,0.020751953125,-0.02978515625,-0.041259765625,-0.0322265625,-0.032958984375,-0.003173828125,0.034912109375,0.01025390625,-0.00341796875,0.011474609375,0.019287109375,0.0029296875,-0.04248046875,-0.04248046875,-0.04541015625,-0.01416015625,-0.05517578125,-0.09326171875,-0.01123046875,0.00537109375,-0.056640625,0.0458984375,0.080810546875,-0.031494140625,-0.076416015625,-0.034423828125,-0.0263671875,-0.0263671875,-0.048095703125,-0.033447265625,0.046630859375,0.060791015625,-0.0244140625,0.015625,0.024169921875,-0.032958984375,-0.066162109375,-0.0341796875,-0.038818359375,-0.07958984375,-0.009521484375,0.102294921875,0.102294921875,0.013671875,-0.099609375,0.013427734375,0.092529296875,-0.113525390625,-0.007568359375,0.04833984375,-0.03955078125,-0.065673828125,-0.00390625,0.036865234375,0.0146484375,0.02001953125,0.02001953125,0.055419921875,0.02587890625,-0.029541015625,0.012939453125,-0.0634765625,-0.099609375,0.008056640625,0.070556640625,-0.013427734375,-0.075439453125,0.0068359375,0.071044921875,0.009033203125,0.009033203125,-0.0458984375,-0.03662109375,-0.005126953125,-0.049560546875,-0.11328125,-0.042724609375,0.02099609375,-0.020751953125,-0.015869140625,0.0244140625,0.005859375,-0.01513671875,0.00439453125,0.00439453125,-0.041748046875,-0.060791015625,0.012451171875,-0.026611328125,-0.046142578125,-0.031494140625,0.02001953125,0.042236328125,-0.01708984375,-0.0556640625,-0.009521484375,0.01220703125,0.01220703125,0.003173828125,-0.03466796875,-0.001708984375,0.017333984375,0.00927734375,0.0205078125,-0.001708984375,-0.022216796875,-0.033935546875,-0.070556640625,-0.043212890625,0.0390625,0.0390625,0.04248046875,-0.0380859375,0.0009765625,-0.00537109375,0.03759765625,0.025146484375,-0.044921875,-0.016357421875,0.0224609375,-0.046875,-0.065185546875,-0.065185546875,0.013427734375,0.0166015625,0.011962890625,-0.03857421875,-0.04150390625,0.03271484375,0.02685546875,-0.03369140625,-0.014404296875,0.010986328125,-0.017333984375,-0.0234375,-0.0234375,-0.0146484375,-0.044921875,0.015380859375,-0.015625,0.001220703125,0.00830078125,0.0009765625,-0.021240234375,-0.039306640625,-0.0166015625,0.0029296875,-0.02978515625,-0.02978515625,-0.0205078125,-0.057861328125,-0.016357421875,0.001953125,-0.046630859375,-0.01025390625,0.010009765625,-0.03759765625,-0.03369140625,-0.001220703125,0.008544921875,0.008544921875,0.015869140625,-0.053955078125,-0.001220703125,0.03564453125,-0.018310546875,-0.06982421875,-0.05615234375,-0.005615234375,0.048095703125,0.064697265625,0.000732421875,-0.068359375,-0.068359375,-0.0576171875,0.08740234375,0.083984375,-0.008056640625,-0.0771484375,-0.06591796875,-0.017822265625,0.00927734375,-0.03125,-0.091552734375,-0.0478515625,0.045654296875,0.045654296875,0.02978515625,0.01416015625,0.01953125,0.02197265625,-0.026611328125,-0.08154296875,-0.081787109375,-0.05615234375,-0.03857421875,-0.033203125,-0.008544921875,0.01953125,0.014892578125,0.014892578125,0.005126953125,0.0146484375,0.009033203125,0.016845703125,0.041015625,0.033447265625,-0.040771484375,-0.087890625,-0.040283203125,-0.025390625,-0.072998046875,-0.027099609375,0.02099609375,0.02099609375,0.061279296875,0.00244140625,-0.032470703125,0.061767578125,-0.045166015625,-0.020751953125,0.0283203125,-0.143798828125,0.01220703125,-0.003662109375,-0.08984375,0.042236328125,-0.0556640625,-0.0556640625,0.031005859375,-0.104736328125,-0.01416015625,-0.02001953125,0.0068359375,0.085693359375,0.01318359375,0.00927734375,0.00146484375,-0.0634765625,-0.02880859375,-0.064453125,-0.047119140625,-0.047119140625,0.01513671875,0.01318359375,-0.034912109375,-0.0078125,-0.008544921875,-0.0107421875,0.0546875,0.02783203125,0.026611328125,-0.000732421875,-0.074951171875,-0.03369140625,-0.03173828125,-0.05078125,-0.021728515625,-0.038330078125,-0.04296875,0.0185546875,0.045654296875,-0.00537109375,-0.010009765625,0.005126953125,-0.012451171875,0.01220703125,0.011474609375,-0.0234375,-0.033935546875,-0.0712890625,-0.076171875,-0.003173828125,-0.004638671875,-0.026123046875,0.006103515625,0.037109375,0.05517578125,0.000732421875,-0.07958984375,-0.057861328125,0.032958984375,0.056640625,-0.0166015625,-0.091796875,-0.052978515625,0.0693359375,0.061767578125,-0.041748046875,-0.097900390625,-0.0224609375,0.088623046875,0.052001953125,-0.070556640625,-0.072021484375,0.059814453125,0.095458984375,-0.05419921875,-0.137939453125,-0.013916015625,0.093994140625,0.001708984375,-0.128173828125,-0.04248046875,0.1181640625,0.066650390625,-0.1318359375,-0.127197265625,0.084716796875,0.119140625,-0.040771484375,-0.085693359375,0.024169921875,0.072021484375,-0.05029296875,-0.14404296875,-0.076904296875,0.015869140625,0.05224609375,0.006103515625,-0.043701171875,-0.021240234375,-0.0107421875,-0.0048828125,-0.02685546875,-0.07666015625,-0.02392578125,0.0556640625,0.01123046875,-0.0634765625,-0.0380859375,0.039794921875,0.024169921875,-0.063232421875,-0.0595703125,0.036376953125,0.04345703125,-0.0458984375,-0.043701171875,0.04833984375,0.049560546875,-0.057373046875,-0.05908203125,0.051025390625,0.055908203125,-0.00048828125,-0.027587890625,0.0029296875,0.0009765625,-0.062744140625,-0.039306640625,0.013671875,-0.01416015625,-0.04052734375,0.011962890625,0.0283203125,-0.00439453125,-0.035888671875,-0.015625,-0.017822265625,-0.082275390625,-0.046142578125,0.048095703125,0.03955078125,-0.042236328125,-0.037109375,0.034912109375,0.000732421875,-0.101318359375,-0.08984375,0.035400390625,0.052734375,-0.042724609375,-0.04052734375,0.036865234375,0.007080078125,-0.0732421875,-0.03173828125,0.037109375,-0.042236328125,-0.042236328125,-0.0234375,0.018798828125,-0.017822265625,-0.068359375,-0.03857421875,0.024658203125,-0.004638671875,-0.030029296875,0.033447265625,0.03759765625,-0.02783203125,-0.02392578125,0.031005859375,-0.00341796875,-0.07373046875,-0.048095703125,0.056396484375,-0.056396484375,-0.056396484375,-0.037353515625,0.05126953125,0.01611328125,-0.072509765625,-0.0546875,0.038330078125,0.031494140625,-0.068115234375,-0.048095703125,0.03125,0.006103515625,-0.06103515625,-0.034912109375,0.037109375,0.002685546875,-0.076416015625,-0.034423828125,0.02001953125,-0.03515625,-0.061767578125,-0.00830078125,0.00927734375,-0.02978515625,-0.019287109375,0.0341796875,0.008056640625,-0.0537109375,0.026123046875,0.020751953125,-0.038818359375,-0.038818359375,-0.0068359375,0.049072265625,0.0009765625,-0.056640625,-0.031494140625,0.021728515625,0.001220703125,-0.030029296875,0.032958984375,0.04541015625,-0.0234375,-0.081787109375,-0.0283203125,0.040283203125,-0.02587890625,-0.05712890625,0.025146484375,0.042236328125,-0.02685546875,-0.03759765625,0.020751953125,0.004638671875,-0.083251953125,-0.0712890625,0.04443359375,-0.043701171875,-0.033203125,0.03173828125,0.007568359375,-0.072509765625,-0.0478515625,-0.0478515625,0.03662109375,0.01220703125,-0.043701171875,-0.00927734375,0.029296875,-0.013916015625,-0.066162109375,-0.022705078125,0.020263671875,-0.025146484375,-0.060791015625,0.012939453125,0.0625,-0.013427734375,-0.048828125,0.0107421875,0.00244140625,-0.07958984375,-0.06982421875,0.035400390625,0.044677734375,-0.033447265625,-0.038330078125,0.04052734375,-0.05224609375,-0.039794921875,0.039306640625,-0.000244140625,-0.075927734375,-0.023193359375,-0.023193359375,0.037353515625,0.003173828125,-0.04345703125,-0.010986328125,0.046630859375,0.005615234375,-0.06396484375,-0.0166015625,0.0234375,-0.046630859375,-0.076416015625,0.01513671875,0.0556640625,-0.02294921875,-0.065185546875,0.001220703125,0.02099609375,-0.054931640625,-0.0576171875,0.027099609375,0.018310546875,-0.06689453125,-0.03125,0.013427734375,-0.06640625,-0.040283203125,0.039794921875,0.005615234375,-0.0693359375,-0.013916015625,0.07177734375,0.07177734375,0.01171875,-0.0849609375,-0.0263671875,0.053955078125,-0.035400390625,-0.090576171875,0.017333984375,0.056640625,-0.00390625,-0.0263671875,0.024169921875,0.02783203125,-0.052734375,-0.091552734375,-0.023681640625,0.017333984375,-0.0341796875,-0.012939453125,0.0771484375,0.036865234375,-0.06689453125,0.03369140625,-0.0185546875,-0.086669921875,-0.028564453125,0.042724609375,0.01806640625,-0.037353515625,-0.017333984375,0.02978515625,0.02978515625,-0.03076171875,-0.1005859375,0.007080078125,0.068115234375,-0.0166015625,-0.052490234375,0.005126953125,0.031982421875,-0.063232421875,-0.099609375,0.02294921875,0.038330078125,-0.0615234375,-0.040771484375,0.066650390625,0.04638671875,-0.08056640625,-0.073486328125,0.035400390625,-0.0771484375,-0.02783203125,0.060791015625,0.03076171875,-0.0517578125,-0.0126953125,0.06201171875,-0.00146484375,-0.07373046875,-0.012939453125,0.0595703125,0.0595703125,-0.029296875,-0.1015625,0.010986328125,0.06689453125,-0.029296875,-0.07666015625,0.033935546875,0.07275390625,-0.058349609375,-0.09619140625,0.01416015625,0.033447265625,-0.075439453125,-0.104736328125,0.0224609375,0.062744140625,-0.03466796875,-0.059326171875,0.0205078125,-0.079833984375,-0.033935546875,0.06884765625,0.014404296875,-0.09228515625,-0.04248046875,0.05322265625,0.00830078125,-0.064208984375,-0.012451171875,0.0693359375,0.010009765625,0.010009765625,-0.071533203125,0.00048828125,0.052001953125,-0.03271484375,-0.08935546875,-0.007080078125,0.0341796875,-0.0546875,-0.065185546875,0.045654296875,0.0439453125,-0.054931640625,-0.056396484375,0.0439453125,0.03564453125,-0.070556640625,0.0439453125,0.01025390625,-0.07763671875,-0.020751953125,0.0751953125,0.014404296875,-0.072021484375,-0.018310546875,0.056396484375,-0.00927734375,-0.08642578125,-0.013671875,0.05517578125,0.05517578125,-0.0224609375,-0.0673828125,0.015625,0.03857421875,-0.0634765625,-0.08203125,0.04345703125,0.056396484375,-0.06298828125,-0.070556640625,0.030517578125,0.014892578125,-0.095703125,-0.0595703125,0.07275390625,-0.080078125,-0.0625,0.060546875,0.033447265625,-0.0625,-0.029296875,0.04931640625,-0.0107421875,-0.102294921875,-0.012451171875,0.0849609375,0.00244140625,-0.072998046875,0.01123046875,0.06640625,0.06640625,-0.04296875,-0.104736328125,0.013427734375,0.07373046875,-0.05078125,-0.08935546875,0.03759765625,0.06103515625,-0.071533203125,-0.109619140625,0.034912109375,0.0654296875,-0.069580078125,-0.056884765625,0.06298828125,-0.074462890625,-0.061279296875,0.044677734375,0.006591796875,-0.0732421875,-0.011962890625,0.066162109375,0.005859375,-0.0712890625,0.003662109375,0.064453125,-0.041748046875,-0.11083984375,0.00634765625,0.0712890625,-0.03515625,-0.03515625,-0.070068359375,0.03515625,0.056884765625,-0.072265625,-0.10009765625,0.0283203125,0.054931640625,-0.071533203125,-0.0888671875,0.050048828125,0.04638671875,-0.070556640625,0.063720703125,0.03369140625,-0.081787109375,-0.051513671875,0.0537109375,0.019775390625,-0.071044921875,-0.02294921875,0.0517578125,-0.022705078125,-0.084228515625,0.0166015625,0.084228515625,-0.02001953125,-0.078369140625,0.0166015625,0.053955078125,0.053955078125,-0.048583984375,-0.081298828125,0.0263671875,0.028564453125,-0.09521484375,-0.081787109375,0.0615234375,0.057373046875,-0.062255859375,-0.052734375,0.05224609375,-0.004150390625,-0.034423828125,0.077392578125,0.013671875,-0.101806640625,-0.032470703125,0.077880859375,-0.005126953125,-0.087158203125,0.01123046875,0.09326171875,-0.013671875,-0.096923828125,0.020751953125,0.080810546875,-0.061767578125,-0.124267578125,0.02197265625,0.07861328125,0.07861328125,-0.060302734375,-0.08447265625,0.064697265625,0.076171875,-0.0810546875,-0.09326171875,0.05419921875,0.05029296875,-0.08837890625,-0.085693359375,0.0634765625,-0.106201171875,-0.04541015625,0.086181640625,0.009033203125,-0.110107421875,-0.02197265625,0.10693359375,0.012939453125,-0.111083984375,-0.02294921875,0.06494140625,-0.031005859375,-0.10205078125,0.00927734375,0.083740234375,-0.032958984375,-0.089111328125,0.03662109375,0.068603515625,-0.06689453125,-0.06689453125,-0.08837890625,0.041259765625,0.03662109375,-0.097412109375,-0.072998046875,0.071044921875,0.05029296875,-0.069580078125,-0.04931640625,0.03564453125,-0.11279296875,-0.068359375,0.060302734375,0.02294921875,-0.06640625,-0.0068359375,0.078125,0.01123046875,-0.087646484375,-0.023193359375,0.0546875,-0.037353515625,-0.086181640625,0.016357421875,0.056640625,-0.06201171875,-0.084228515625,0.064697265625,0.05908203125,-0.08984375,-0.08984375,-0.067626953125,0.06396484375,0.039306640625,-0.094970703125,-0.082763671875,0.060546875,0.029052734375,-0.096923828125,0.074951171875,-0.00341796875,-0.105224609375,0.0009765625,0.109130859375,-0.011962890625,-0.103271484375,0.011474609375,0.068603515625,-0.05322265625,-0.11083984375,0.024169921875,0.08837890625,-0.038818359375,-0.065673828125,0.064208984375,0.0537109375,-0.099853515625,-0.089111328125,0.064697265625,0.0546875,-0.1005859375,-0.1005859375,-0.082763671875,0.086181640625,0.031494140625,-0.137939453125,-0.0634765625,0.110107421875,-0.12451171875,-0.044677734375,0.101318359375,0.0029296875,-0.1328125,-0.022216796875,0.114013671875,-0.009765625,-0.128662109375,-0.0009765625,0.09716796875,-0.03173828125,-0.1005859375,0.057373046875,0.113525390625,-0.070556640625,-0.12890625,0.02880859375,0.059814453125,-0.083740234375,-0.076171875,0.089111328125,0.078369140625,-0.09765625,-0.1044921875,-0.1044921875,0.060302734375,0.042236328125,-0.10302734375,-0.057861328125,0.076904296875,-0.1396484375,-0.015380859375,0.1328125,0.00634765625,-0.122802734375,-0.020263671875,0.0703125,-0.044189453125,-0.10400390625,0.05419921875,0.12353515625,-0.04345703125,-0.10009765625,0.039794921875,0.060302734375,-0.090087890625,-0.097412109375,0.068115234375,0.068115234375,-0.074462890625,-0.05908203125,0.086181640625,0.03759765625,-0.14501953125,-0.09814453125,0.08984375,0.03271484375,0.03271484375,-0.10986328125,-0.00048828125,0.124755859375,-0.03173828125,-0.019775390625,0.1025390625,-0.058837890625,-0.146240234375,0.044189453125,0.1298828125,-0.038330078125,-0.084228515625,0.0751953125,0.0908203125,-0.087890625,-0.117431640625,0.03125,0.032958984375,-0.09375,-0.034423828125,0.124755859375,0.044921875,-0.13623046875,-0.069580078125,0.07666015625,-0.013671875,-0.119873046875,0.01220703125,0.149658203125,0.012939453125,0.012939453125,-0.178466796875,-0.069091796875,-0.021728515625,-0.1328125,0.033203125,0.138916015625,-0.037109375,-0.125244140625,0.03564453125,0.08349609375,-0.07763671875,-0.095458984375,0.067626953125,0.05029296875,-0.11865234375,-0.0625,0.125732421875,0.072021484375,-0.1298828125,-0.07666015625,0.110595703125,0.0107421875,-0.181884765625,-0.0634765625,0.13916015625,0.029052734375,-0.134033203125,-0.034423828125,0.0986328125,-0.007568359375,-0.007568359375,-0.127685546875,0.094482421875,-0.05126953125,-0.10986328125,0.058349609375,0.0791015625,-0.096923828125,-0.089111328125,0.093017578125,0.06884765625,-0.12646484375,-0.070556640625,0.126220703125,0.064697265625,-0.130615234375,-0.072509765625,0.095947265625,0.0380859375,-0.10205078125,-0.035888671875,0.082763671875,0.01171875,-0.095703125,-0.01513671875,0.0693359375,-0.058837890625,-0.11083984375,0.01904296875,0.060302734375,-0.065185546875,-0.100830078125,0.05810546875,0.1083984375,-0.0791015625,-0.105712890625,-0.105712890625,0.057861328125,-0.087158203125,-0.0537109375,0.09033203125,0.032470703125,-0.11181640625,-0.075439453125,0.043701171875,0.022705078125,-0.071044921875,-0.00048828125,0.112548828125,-0.004150390625,-0.129150390625,-0.02001953125,0.079345703125,-0.04296875,-0.119384765625,0.0234375,0.097412109375,-0.049560546875,-0.094482421875,0.039794921875,0.055419921875,-0.065185546875,-0.070556640625,0.0380859375,0.040771484375,-0.063720703125,-0.0380859375,0.06103515625,0.004638671875,-0.1025390625,-0.04052734375,0.069580078125,0.0234375,-0.083984375,-0.032958984375,0.083251953125,0.033203125,-0.098876953125,-0.065185546875,0.039306640625,-0.02001953125,-0.0849609375,0.009765625,0.0888671875,-0.0029296875,-0.05517578125,0.00244140625,0.013671875,-0.082763671875,-0.087890625,0.02978515625,0.020751953125,-0.083984375,-0.0380859375,0.115234375,-0.09912109375,-0.09912109375,-0.076904296875,0.053466796875,0.03271484375,-0.0869140625,-0.0419921875,0.038818359375,0.018310546875,-0.03955078125,-0.013427734375,0.0380859375,-0.00732421875,-0.037109375,0.00390625,-0.00048828125,-0.0458984375,-0.023681640625,0.032470703125,0.002685546875,-0.054443359375,-0.030517578125,0.024658203125,0.0302734375,-0.05029296875,-0.0537109375,0.033447265625,0.0361328125,-0.053955078125,-0.072998046875,0.015625,-0.052490234375,-0.052490234375,-0.037841796875,0.040771484375,0.0322265625,-0.00439453125,0.01611328125,0.00146484375,-0.061767578125,-0.06298828125,-0.006103515625,0.01171875,-0.017822265625,-0.024169921875,0.013916015625,0.0283203125,-0.029541015625,-0.047119140625,0.0048828125,0.007568359375,-0.025390625,-0.022705078125,0.00927734375,0.026611328125,-0.009765625,-0.03857421875,-0.03173828125,-0.0234375,-0.024658203125,-0.016357421875,0.000732421875,-0.0234375,-0.001708984375,-0.001708984375,0.0048828125,0.009765625,-0.010009765625,-0.014404296875,-0.0087890625,-0.041748046875,-0.05517578125,-0.033203125,0.025634765625,0.045166015625,0.0029296875,-0.016845703125,0.003662109375,-0.014404296875,-0.054443359375,-0.049072265625,-0.00732421875,-0.00634765625,-0.006591796875,0.0029296875,0.00390625,0.00146484375,-0.020751953125,-0.023681640625,-0.0107421875,-0.027587890625,0.0029296875,0.0029296875,-0.025390625,-0.017822265625,-0.017822265625,0.006103515625,-0.008544921875,-0.009033203125,0.01611328125,0.005126953125,-0.0205078125,-0.026611328125,-0.0380859375,-0.024658203125,0.004150390625,-0.0009765625,-0.010009765625,0.010009765625,0.00634765625,-0.02685546875,-0.037353515625,-0.02490234375,0.01025390625,-0.011474609375,-0.044189453125,-0.00439453125,0.0087890625,-0.02685546875,-0.0390625,-0.00244140625,0.0009765625,-0.015869140625,-0.018798828125,-0.016845703125,-0.01123046875,-0.033447265625,-0.033447265625,-0.032958984375,-0.008056640625,-0.008544921875,0.011474609375,0.0390625,0.02294921875,-0.012451171875,-0.012451171875,-0.017822265625,-0.0390625,-0.046142578125,-0.015869140625,0.010009765625,-0.00732421875,-0.04248046875,-0.00439453125,0.023681640625,-0.002685546875,-0.01611328125,-0.028076171875,-0.018798828125,-0.033203125,-0.047607421875,-0.015380859375,0.021728515625,0.004150390625,0.00048828125,-0.011474609375,-0.050537109375,-0.052490234375,-0.032470703125,-0.032470703125,-0.03369140625,0.000732421875,0.02490234375,0.0439453125,0.032470703125,-0.03271484375,-0.03271484375,0.00927734375,-0.0224609375,-0.066650390625,-0.0146484375,0.031005859375,-0.001220703125,-0.0263671875,-0.01513671875,0.008544921875,0.0234375,0.00048828125,-0.0048828125,-0.008544921875,-0.04052734375,-0.05810546875,-0.040771484375,0.008544921875,0.041748046875,0.01904296875,-0.025146484375,-0.04150390625,-0.050537109375,-0.03125,-0.03125,-0.020751953125,-0.01025390625,0.0263671875,0.04345703125,-0.00830078125,-0.06005859375,-0.069091796875,-0.031982421875,-0.003662109375,0.001708984375,0.010498046875,0.00439453125,0.016357421875,-0.00048828125,-0.036865234375,-0.048095703125,-0.00634765625,0.0224609375,0.01416015625,-0.016357421875,-0.032470703125,0.0009765625,-0.040771484375,-0.037353515625,0.00732421875,0.046630859375,0.03662109375,-0.02978515625,-0.052978515625,-0.03125,-0.03125,-0.0419921875,-0.0146484375,0.021728515625,0.022216796875,0.044677734375,-0.010986328125,-0.054443359375,-0.04931640625,-0.035400390625,0.00537109375,0.000244140625,-0.00048828125,-0.01025390625,-0.02294921875,-0.01171875,-0.0263671875,-0.0068359375,0.00927734375,0.00341796875,-0.020263671875,-0.048583984375,-0.005615234375,-0.01220703125,-0.0009765625,0.0126953125,-0.02880859375,0.0400390625,-0.05908203125,-0.01513671875,-0.035400390625,-0.035400390625,-0.076416015625,0.05908203125,-0.03857421875,0.05126953125,0.080322265625,-0.099609375,0.0166015625,-0.056884765625,-0.108154296875,0.049072265625,-0.026611328125,-0.026611328125,0.04638671875,-0.00927734375,-0.00927734375,0.0107421875,0.001953125,-0.00927734375,-0.039306640625,-0.043212890625,-0.00439453125,-0.00634765625,-0.007080078125,0.021484375,-0.002685546875,-0.015869140625,-0.020263671875,-0.032470703125,-0.025146484375,-0.01220703125,0.0,0.0,-0.010986328125,0.00048828125,0.021484375,-0.002685546875,-0.02197265625,-0.0458984375,-0.07080078125,-0.042724609375,-0.0244140625,-0.00634765625,0.052978515625,0.06396484375,0.051513671875,0.038818359375,-0.00439453125,-0.02587890625,-0.046142578125,-0.061767578125,-0.062255859375,-0.04931640625,-0.02978515625,0.002197265625,0.031005859375,0.050048828125,0.043212890625,-0.010498046875,-0.06689453125,-0.08642578125,-0.03173828125,-0.03173828125,0.057373046875,0.063232421875,-0.02734375,-0.109130859375,-0.092529296875,-0.000244140625,-0.024658203125,-0.0830078125,-0.02197265625,0.048828125,0.01123046875,0.01123046875,-0.029541015625,0.01416015625,-0.00048828125,-0.0654296875,-0.00537109375,-0.030517578125,-0.002685546875,-0.021240234375,-0.116455078125,-0.010986328125,0.11279296875,0.11279296875,0.047119140625,-0.015869140625,-0.04443359375,-0.078369140625,-0.028076171875,-0.010009765625,-0.020751953125,0.03759765625,0.024169921875,-0.0205078125,-0.01904296875,-0.01904296875,-0.02783203125,-0.03125,-0.008056640625,-0.01611328125,0.044189453125,0.031005859375,-0.020751953125,-0.030517578125,-0.0166015625,-0.002685546875,-0.002685546875,-0.011474609375,-0.013671875,-0.018798828125,-0.024169921875,-0.0166015625,-0.0283203125,0.006103515625,0.044677734375,0.026611328125,-0.0390625,-0.06103515625,-0.053955078125,-0.053955078125,-0.01513671875,0.0078125,-0.03466796875,-0.059326171875,0.01025390625,-0.00146484375,-0.0009765625,-0.024169921875,-0.03662109375,0.0,0.0146484375,0.0146484375,0.02392578125,-0.0029296875,-0.068359375,-0.084228515625,0.01904296875,0.03173828125,0.016845703125,-0.005859375,-0.013427734375,-0.019775390625,-0.019775390625,-0.06787109375,-0.04345703125,0.047607421875,0.069091796875,-0.0634765625,-0.055908203125,0.0126953125,0.06494140625,-0.001708984375,-0.065673828125,-0.01025390625,-0.01025390625,0.046875,-0.005615234375,-0.093994140625,-0.057861328125,0.049072265625,-0.0107421875,-0.072509765625,0.0185546875,0.08740234375,-0.016357421875,-0.12744140625,-0.042724609375,0.09375,0.09375,0.004150390625,-0.146728515625,-0.064697265625,0.108154296875,-0.10888671875,-0.06103515625,0.09033203125,0.015625,-0.152587890625,-0.070556640625,0.092041015625,0.008544921875,-0.154541015625,-0.154541015625,-0.057373046875,0.107421875,0.031494140625,-0.10205078125,0.096923828125,0.040283203125,-0.0966796875,-0.0546875,0.0556640625,0.0244140625,-0.085693359375,-0.0419921875,0.076171875,0.076171875,0.0537109375,-0.048583984375,-0.023681640625,0.0546875,-0.067626953125,-0.04833984375,0.006103515625,-0.00390625,-0.03564453125,-0.021484375,0.025634765625,0.04345703125,0.011474609375,0.011474609375,-0.0068359375,-0.011962890625,0.00048828125,-0.036376953125,-0.078125,-0.067138671875,0.00732421875,0.0068359375,-0.0322265625,0.00390625,0.0654296875,0.032958984375,-0.052490234375,-0.052490234375,-0.041748046875,0.031982421875,0.006103515625,-0.079833984375,0.012939453125,-0.002197265625,-0.080810546875,-0.037841796875,0.07861328125,0.061767578125,-0.05859375,-0.042236328125,0.037353515625,0.037353515625,-0.006591796875,-0.099365234375,-0.0654296875,-0.013916015625,-0.072998046875,0.00341796875,0.093994140625,0.019775390625,-0.065673828125,-0.004150390625,0.062255859375,0.00537109375,-0.078857421875,-0.078857421875,-0.0322265625,0.035400390625,-0.073974609375,0.01025390625,0.08251953125,0.0166015625,-0.05126953125,0.001220703125,0.030517578125,-0.02490234375,-0.0263671875,0.01171875,-0.044921875,-0.044921875,-0.109619140625,-0.006591796875,0.005859375,-0.10205078125,-0.002685546875,0.12158203125,0.01025390625,-0.13232421875,-0.0703125,0.075927734375,0.034912109375,0.034912109375,-0.131103515625,-0.081787109375,0.07666015625,-0.069580078125,-0.048828125,0.07421875,0.011474609375,-0.112548828125,-0.056640625,0.033447265625,-0.02197265625,-0.0849609375,-0.0849609375,-0.0068359375,-0.04443359375,-0.046630859375,0.078125,0.06591796875,-0.100341796875,-0.08642578125,0.048095703125,0.01171875,-0.088134765625,-0.055419921875,0.02734375,0.02734375,0.0048828125,0.016357421875,0.05517578125,0.0107421875,-0.041259765625,-0.01611328125,0.01953125,-0.03369140625,-0.08251953125,-0.00732421875,0.06103515625,0.06103515625,-0.011474609375,0.06787109375,0.07763671875,-0.059814453125,-0.072265625,0.04541015625,0.0234375,-0.10595703125,-0.08984375,0.032470703125,0.025634765625,-0.058349609375,-0.058349609375,0.058837890625,-0.0068359375,-0.078125,-0.00537109375,0.0595703125,-0.052734375,-0.11962890625,-0.007080078125,0.07177734375,-0.034912109375,-0.10302734375,-0.10302734375,0.0205078125,0.089599609375,-0.025390625,0.034912109375,0.057373046875,-0.081787109375,-0.101318359375,0.03759765625,0.052490234375,-0.071533203125,-0.056640625,0.069091796875,0.034423828125,0.034423828125,-0.083251953125,-0.02685546875,-0.01806640625,-0.128662109375,-0.029052734375,0.078125,-0.0263671875,-0.11669921875,-0.013671875,0.08837890625,0.006103515625,-0.06640625,0.019287109375,0.0615234375,0.0615234375,-0.109130859375,0.009033203125,0.070068359375,-0.04296875,-0.078857421875,0.02734375,0.0634765625,-0.034423828125,-0.064697265625,0.046630859375,0.0546875,-0.07177734375,-0.059326171875,-0.059326171875,0.025146484375,-0.10205078125,-0.06494140625,0.051025390625,0.0185546875,-0.0576171875,0.005126953125,0.062255859375,-0.031494140625,-0.103271484375,-0.009033203125,0.07177734375,-0.031982421875,-0.09912109375,-0.00927734375,0.04150390625,-0.0458984375,-0.055419921875,0.064453125,0.069580078125,-0.04638671875,-0.058349609375,0.03955078125,0.04345703125,-0.0654296875,-0.079345703125,0.010986328125,0.017822265625,-0.0595703125,-0.0263671875,0.0751953125,0.016357421875,-0.089599609375,-0.04296875,0.057861328125,0.020263671875,-0.08837890625,-0.0478515625,0.02734375,-0.03076171875,-0.03076171875,0.013671875,0.095458984375,0.00830078125,-0.07861328125,-0.0087890625,0.058349609375,-0.02734375,-0.087890625,-0.01416015625,0.039306640625,-0.0283203125,-0.0673828125,0.029296875,0.0732421875,-0.024658203125,-0.06640625,0.0234375,0.060302734375,-0.031494140625,-0.060302734375,0.019775390625,0.008544921875,-0.090087890625,-0.073974609375,0.044921875,0.0439453125,-0.059326171875,-0.05615234375,0.04833984375,0.034912109375,-0.06396484375,-0.04736328125,0.02734375,0.00146484375,-0.065673828125,-0.03369140625,0.035888671875,0.013671875,-0.03515625,-0.00537109375,0.0263671875,-0.005126953125,-0.035400390625,-0.013427734375,-0.015625,-0.062744140625,-0.045166015625,0.02490234375,0.01416015625,-0.039794921875,0.001953125,0.05029296875,-0.00927734375,-0.083740234375,-0.040283203125,0.029052734375,-0.017333984375,-0.07958984375,-0.036865234375,0.0390625,0.00390625,-0.0771484375,-0.00537109375,0.079833984375,0.004150390625,0.01123046875,0.01123046875,0.040771484375,-0.05029296875,-0.095703125,0.005859375,0.046630859375,-0.01806640625,-0.02978515625,0.05126953125,0.074462890625,-0.037353515625,-0.074951171875,0.035888671875,0.05517578125,-0.08056640625,-0.111572265625,0.015625,0.037841796875,-0.0712890625,-0.058349609375,0.076904296875,0.065673828125,-0.071533203125,-0.05419921875,0.00048828125,0.00048828125,-0.097900390625,-0.047607421875,0.0361328125,-0.02490234375,-0.080810546875,0.017333984375,0.090576171875,0.001220703125,-0.0615234375,0.01806640625,-0.052734375,-0.052734375,-0.107666015625,0.013427734375,0.0810546875,-0.022705078125,-0.072509765625,-0.0078125,-0.002685546875,-0.05322265625,0.01220703125,0.099365234375,0.0224609375,-0.075439453125,-0.075439453125,0.00830078125,-0.039306640625,-0.09619140625,0.001708984375,0.091796875,0.0146484375,-0.0576171875,0.013427734375,0.046142578125,-0.046630859375,0.0244140625,0.0244140625,0.0654296875,-0.027587890625,-0.0859375,-0.016845703125,0.013916015625,-0.031005859375,0.010009765625,0.09521484375,0.062744140625,-0.07177734375,-0.09619140625,0.00390625,-0.085693359375,-0.085693359375,-0.058349609375,0.06103515625,0.046630859375,-0.0673828125,-0.04052734375,0.056640625,-0.001708984375,-0.09033203125,-0.01025390625,0.08349609375,-0.008056640625,-0.0595703125,0.039306640625,0.039306640625,-0.015869140625,-0.041748046875,0.06884765625,0.086669921875,-0.031494140625,-0.061767578125,0.02392578125,0.03369140625,-0.0693359375,-0.0927734375,-0.001953125,-0.027099609375,-0.022216796875,-0.022216796875,0.05615234375,0.0302734375,-0.072509765625,-0.046630859375,0.031005859375,-0.01220703125,-0.099365234375,-0.034423828125,0.060302734375,0.002685546875,-0.01904296875,0.03466796875,-0.01611328125,-0.01611328125,-0.066162109375,0.009033203125,0.068359375,-0.0048828125,-0.0810546875,-0.029541015625,0.035888671875,-0.00390625,-0.04638671875,0.003173828125,0.01318359375,-0.02783203125,-0.02783203125,0.015869140625,0.021728515625,-0.0576171875,-0.1005859375,-0.03076171875,0.02197265625,-0.029296875,-0.022216796875,0.046630859375,0.01953125,-0.036865234375,0.02978515625,0.012451171875,0.012451171875,-0.06005859375,-0.0615234375,-0.01171875,0.00634765625,-0.040771484375,-0.0224609375,0.035400390625,0.017822265625,-0.01904296875,-0.00830078125,0.0009765625,-0.03271484375,-0.01708984375,-0.01708984375,-0.0087890625,-0.0341796875,-0.023681640625,0.015869140625,0.024169921875,-0.01025390625,-0.01904296875,0.0126953125,0.010986328125,-0.039794921875,0.00244140625,-0.03173828125,-0.062744140625,-0.062744140625,-0.03125,0.0244140625,0.0244140625,-0.04248046875,-0.021484375,0.017578125,-0.023193359375,-0.0341796875,-0.013916015625,-0.037353515625,-0.06591796875,0.0,0.0,0.052978515625,0.022216796875,-0.023193359375,0.00341796875,0.013671875,-0.0244140625,-0.0322265625,0.015869140625,-0.0546875,-0.076171875,-0.007080078125,0.017578125,0.017578125,-0.015625,-0.02392578125,0.0087890625,0.014892578125,-0.03564453125,-0.030029296875,0.0029296875,-0.046142578125,-0.052978515625,-0.005859375,0.001953125,0.001953125,0.00244140625,0.022705078125,0.001708984375,-0.029296875,-0.020751953125,0.01708984375,0.028076171875,-0.009521484375,-0.0107421875,-0.019775390625,-0.049072265625,-0.0146484375,-0.0146484375,0.039306640625,0.0166015625,-0.036865234375,-0.027587890625,0.015380859375,-0.0029296875,-0.052734375,0.005615234375,-0.021728515625,-0.06689453125,-0.01806640625,-0.01806640625,0.0400390625,0.007080078125,-0.046142578125,-0.0205078125,0.025634765625,-0.003173828125,-0.030029296875,0.004638671875,-0.0478515625,-0.0517578125,0.030517578125,0.0537109375,0.0537109375,-0.018310546875,-0.038330078125,0.0146484375,0.0146484375,-0.03076171875,-0.01904296875,0.02197265625,-0.064453125,-0.046630859375,0.019287109375,0.010009765625,-0.029296875,-0.029296875,-0.02490234375,-0.00048828125,-0.015625,-0.042236328125,-0.01171875,0.016845703125,-0.023681640625,-0.018310546875,0.0029296875,-0.007080078125,-0.021728515625,0.00341796875,0.00341796875,-0.001220703125,-0.036865234375,-0.01318359375,0.023681640625,0.0068359375,-0.040283203125,-0.02880859375,0.01513671875,-0.02001953125,-0.0068359375,0.01513671875,-0.033447265625,-0.060791015625,-0.060791015625,-0.00537109375,0.037353515625,-0.02099609375,-0.0703125,-0.019775390625,0.018798828125,-0.01611328125,0.02978515625,0.04248046875,-0.040771484375,-0.072998046875,-0.003662109375,0.027587890625,0.027587890625,-0.039306640625,-0.05810546875,0.014404296875,0.03857421875,-0.01806640625,-0.028076171875,0.04638671875,-0.056396484375,-0.072509765625,0.018798828125,0.039306640625,-0.065185546875,-0.085205078125,0.0146484375,0.0146484375,0.01513671875,-0.06298828125,-0.023681640625,0.06591796875,0.03857421875,-0.06689453125,-0.0751953125,0.01806640625,-0.076416015625,-0.074951171875,0.02294921875,0.029296875,-0.0224609375,-0.0224609375,-0.017578125,0.0341796875,0.035400390625,-0.02392578125,-0.033447265625,0.016845703125,-0.037353515625,-0.048828125,-0.029296875,-0.016845703125,-0.025634765625,0.00146484375,0.037109375,0.037109375,0.01806640625,0.004150390625,0.003173828125,-0.020263671875,-0.043701171875,-0.039306640625,-0.02197265625,-0.029296875,-0.001708984375,0.0263671875,-0.00634765625,-0.040283203125,-0.019775390625,-0.019775390625,0.015869140625,0.001220703125,-0.01123046875,0.009765625,-0.002685546875,-0.061279296875,-0.001220703125,0.05322265625,0.01904296875,-0.005859375,0.025390625,0.01318359375,-0.061767578125,-0.05859375,-0.05859375,0.01318359375,0.024658203125,-0.044189453125,-0.0693359375,0.01025390625,-0.02880859375,-0.013427734375,0.0234375,0.003173828125,-0.029052734375,-0.01611328125,-0.01611328125,0.011474609375,-0.024658203125,-0.07666015625,-0.058349609375,-0.000732421875,-0.004150390625,0.020263671875,0.021484375,-0.021728515625,-0.03173828125,0.010009765625,0.029052734375,0.029052734375,-0.021728515625,-0.0537109375,-0.025390625,0.010498046875,-0.006103515625,0.00634765625,-0.00830078125,-0.0341796875,-0.00048828125,0.0458984375,-0.004150390625,-0.07958984375,-0.07958984375,-0.078369140625,-0.034423828125,-0.022216796875,-0.01220703125,0.05908203125,-0.012939453125,-0.066650390625,-0.012451171875,0.03857421875,-0.020263671875,-0.071533203125,-0.071533203125,-0.0341796875,-0.00537109375,-0.01953125,-0.011474609375,0.007568359375,-0.02880859375,-0.031494140625,0.0400390625,0.067626953125,-0.009033203125,-0.05419921875,-0.03466796875,-0.047119140625,-0.047119140625,-0.057861328125,-0.000244140625,0.0810546875,-0.031982421875,-0.0390625,-0.02001953125,-0.03857421875,-0.0478515625,-0.01025390625,0.012451171875,-0.027587890625,-0.027587890625,-0.048095703125,0.00439453125,0.0390625,-0.030517578125,-0.00830078125,0.014404296875,0.00146484375,-0.01611328125,-0.005859375,-0.0126953125,-0.061767578125,-0.058837890625,-0.058837890625,0.01220703125,0.027587890625,-0.015625,0.037109375,-0.000732421875,-0.051025390625,-0.04248046875,-0.005859375,-0.009765625,-0.045166015625,-0.03515625,0.02783203125,0.013671875,0.013671875,-0.034423828125,0.000244140625,0.025146484375,-0.057373046875,-0.016845703125,0.01416015625,0.009521484375,-0.03466796875,-0.059326171875,-0.02294921875,0.0009765625,-0.005615234375,0.02685546875,0.02685546875,0.04541015625,-0.009521484375,-0.03759765625,-0.0078125,-0.029541015625,-0.01220703125,0.022705078125,0.0009765625,-0.046142578125,-0.038330078125,0.026611328125,0.031982421875,-0.034423828125,-0.028564453125,0.0087890625,0.0087890625,-0.032958984375,-0.0625,0.039306640625,0.001953125,-0.0546875,-0.01953125,0.054443359375,0.042724609375,-0.007080078125,-0.010498046875,-0.0166015625,-0.058837890625,-0.071533203125,-0.071533203125,-0.007568359375,0.0478515625,-0.06494140625,-0.034912109375,0.0146484375,0.010498046875,0.005859375,0.026611328125,0.006103515625,-0.055908203125,-0.08203125,-0.03955078125,-0.01123046875,-0.01123046875,-0.026611328125,-0.00830078125,0.009765625,-0.006103515625,-0.007568359375,-0.0009765625,-0.026611328125,-0.04443359375,-0.00146484375,0.020263671875,-0.01318359375,-0.041259765625,-0.015380859375,-0.015380859375,0.00390625,-0.03466796875,0.02197265625,0.0478515625,-0.006591796875,-0.02001953125,0.0224609375,0.016357421875,-0.045654296875,-0.07666015625,-0.03369140625,0.004150390625,0.004150390625,-0.019775390625,-0.003173828125,-0.00341796875,-0.097900390625,-0.07666015625,0.017333984375,0.02783203125,-0.03759765625,-0.050048828125,0.004150390625,0.033203125,-0.000732421875,-0.015869140625,0.016357421875,0.016357421875,-0.038818359375,-0.021484375,0.0361328125,0.035400390625,-0.0185546875,-0.05029296875,-0.056396484375,-0.053466796875,-0.024658203125,0.03564453125,0.06103515625,0.06103515625,0.012451171875,-0.00927734375,-0.03271484375,-0.04150390625,-0.001953125,0.005126953125,-0.015869140625,-0.024658203125,0.001953125,0.03271484375,-0.01611328125,-0.0751953125,-0.0751953125,-0.01806640625,-0.021240234375,-0.060302734375,-0.007080078125,0.0166015625,-0.05517578125,-0.079345703125,0.023681640625,0.093994140625,0.02001953125,-0.059326171875,-0.016845703125,-0.016845703125,0.03125,-0.072998046875,-0.064697265625,-0.000732421875,-0.0302734375,-0.06396484375,0.013671875,0.059326171875,-0.0068359375,-0.073486328125,-0.051025390625,-0.051025390625,0.01953125,-0.041259765625,-0.07275390625,-0.060546875,-0.024658203125,0.036865234375,0.064453125,0.025390625,-0.00927734375,-0.04150390625,-0.047607421875,-0.00341796875,-0.00341796875,0.023193359375,-0.035888671875,-0.101318359375,-0.088134765625,0.009521484375,0.0419921875,-0.017333984375,-0.017578125,0.067626953125,0.097412109375,0.001953125,-0.096923828125,-0.100341796875,-0.02001953125,0.059326171875,0.030029296875,-0.03173828125,-0.030029296875,0.005859375,0.02587890625,-0.0146484375,-0.0390625,0.009033203125,0.0625,0.0625,-0.0078125,-0.099365234375,-0.103271484375,-0.062255859375,-0.017578125,0.048583984375,0.0625,0.012451171875,-0.026611328125,-0.05859375,-0.041748046875,0.0361328125,0.049560546875,-0.00146484375,-0.004638671875,-0.0244140625,-0.0537109375,-0.0068359375,-0.032470703125,-0.08642578125,-0.04345703125,0.001953125,-0.00341796875,0.002197265625,0.0,-0.0556640625,-0.04931640625,-0.0205078125,-0.018798828125,0.001953125,0.031982421875,0.0390625,-0.009765625,-0.050048828125,-0.036865234375,-0.00244140625,0.0029296875,-0.0322265625,-0.050048828125,-0.0009765625,0.027587890625,0.01513671875,-0.03173828125,-0.04443359375,0.008544921875,0.004638671875,-0.00146484375,0.016845703125,-0.00927734375,0.01220703125,0.006591796875,-0.07080078125,-0.016845703125,0.05078125,-0.005615234375,0.021484375,0.036865234375,-0.059814453125,-0.004638671875,0.027099609375,-0.103271484375,-0.052734375,0.0810546875,0.00927734375,-0.03271484375,0.02001953125,-0.022705078125,-0.043701171875,-0.0234375,-0.043212890625,-0.01025390625,0.03369140625,-0.013916015625,-0.054443359375,-0.024658203125,0.010498046875,0.023193359375,-0.00244140625,-0.042236328125,-0.03125,0.002197265625,-0.01123046875,-0.0400390625,-0.0458984375,-0.037109375,-0.023681640625,-0.03662109375,-0.047607421875,0.001953125,0.037841796875,0.013916015625,0.000244140625,-0.00146484375,0.0048828125,0.01904296875,-0.001220703125,-0.022705078125,-0.005615234375,0.013916015625,0.007568359375,-0.011474609375,-0.02587890625,-0.04150390625,-0.04443359375,-0.040771484375,-0.029541015625,0.003662109375,0.0205078125,0.0087890625,-0.0166015625,-0.02685546875,0.0068359375,0.052490234375,0.032958984375,-0.02197265625,-0.028076171875,-0.037353515625,-0.07763671875,-0.058837890625,-0.010986328125,-0.030029296875,-0.018798828125,0.028564453125,-0.034912109375,-0.034912109375,0.0810546875,-0.002197265625,-0.0166015625,0.051025390625,-0.07861328125,-0.028076171875,-0.04345703125,-0.095947265625,0.04296875,-0.0400390625,-0.0126953125,0.01123046875,0.01123046875,0.039306640625,-0.04052734375,-0.0283203125,-0.05419921875,-0.03271484375,0.022216796875,-0.003662109375,0.033203125,0.04052734375,0.0087890625,-0.066162109375,-0.0615234375,-0.0615234375,-0.062744140625,-0.015380859375,0.01806640625,0.017578125,0.0126953125,0.006103515625,0.022705078125,-0.0146484375,-0.025146484375,0.007568359375,-0.001220703125,-0.001220703125,-0.029541015625,-0.027099609375,0.008056640625,0.0068359375,0.021484375,0.00341796875,-0.029052734375,-0.027099609375,-0.046142578125,-0.031982421875,0.01416015625,0.0185546875,0.0185546875,-0.0078125,-0.001953125,-0.01171875,-0.023193359375,-0.002197265625,-0.0224609375,-0.018310546875,0.032470703125,0.00732421875,-0.0029296875,-0.0166015625,-0.0380859375,-0.0380859375,-0.078369140625,-0.045166015625,-0.043212890625,-0.0341796875,0.00439453125,0.005126953125,0.013916015625,0.01171875,0.0107421875,0.00634765625,0.000732421875,0.000732421875,-0.0380859375,-0.0732421875,-0.05419921875,-0.02392578125,-0.0224609375,-0.024169921875,0.011474609375,0.021728515625,-0.01220703125,-0.025390625,-0.023681640625,-0.001220703125,-0.003173828125,0.0234375,0.0234375,0.0126953125,-0.0146484375,-0.036865234375,-0.029296875,-0.033203125,-0.050537109375,-0.015380859375,0.021484375,0.020751953125,-0.0107421875,0.0205078125,0.001220703125,0.009521484375,0.009521484375,0.004150390625,-0.012939453125,-0.00146484375,-0.002685546875,-0.023681640625,-0.03857421875,-0.02001953125,0.016357421875,0.04638671875,0.00537109375,0.002197265625,-0.034912109375,-0.074951171875,-0.074951171875,-0.041259765625,0.000244140625,0.02880859375,0.0244140625,0.017333984375,0.003173828125,-0.02880859375,-0.05126953125,-0.062255859375,-0.03759765625,-0.0380859375,-0.021728515625,0.0068359375,0.00048828125,0.00048828125,-0.03759765625,-0.03857421875,-0.0087890625,-0.009033203125,-0.0234375,-0.025390625,0.0029296875,0.003662109375,-0.027587890625,0.001708984375,-0.010009765625,0.01123046875,0.00927734375,0.00927734375,-0.0126953125,-0.025634765625,-0.0029296875,-0.0009765625,-0.008056640625,0.0009765625,0.0009765625,0.041259765625,-0.03173828125,-0.02880859375,-0.00927734375,-0.014892578125,0.001220703125,0.001220703125,0.018310546875,-0.001708984375,-0.0048828125,0.00537109375,-0.0302734375,-0.0458984375,-0.023681640625,-0.00048828125,-0.0263671875,0.005859375,0.03076171875,0.0166015625,-0.04541015625,-0.04541015625,-0.047607421875,0.01123046875,-0.00341796875,-0.019775390625,0.00537109375,-0.00439453125,-0.0146484375,-0.043701171875,-0.01904296875,-0.005126953125,-0.015625,-0.0048828125,0.003662109375,0.003662109375,-0.009521484375,-0.016357421875,0.00048828125,-0.01220703125,-0.0302734375,-0.02734375,-0.003173828125,-0.00927734375,-0.037353515625,0.0068359375,0.0078125,0.0078125,-0.029052734375,-0.04736328125,0.004638671875,0.031494140625,-0.025390625,-0.024658203125,0.02294921875,-0.012939453125,0.01171875,0.017333984375,-0.0126953125,-0.04345703125,-0.04345703125,-0.03173828125,0.00341796875,-0.02880859375,-0.0576171875,-0.004150390625,0.034912109375,-0.011474609375,0.041259765625,0.00830078125,-0.06201171875,-0.06787109375,-0.023193359375,-0.023193359375,-0.00390625,-0.022216796875,-0.01708984375,0.046630859375,0.044677734375,-0.0537109375,0.036865234375,0.01123046875,-0.0732421875,-0.048828125,0.037841796875,0.037841796875,0.025146484375,-0.044189453125,-0.009765625,0.05615234375,-0.01513671875,-0.06103515625,0.04541015625,-0.0166015625,-0.067138671875,0.00048828125,0.00537109375,-0.0625,-0.0625,-0.052001953125,0.031982421875,0.044189453125,-0.0498046875,-0.052734375,0.06591796875,-0.070068359375,-0.072265625,0.022216796875,0.010498046875,-0.1005859375,-0.1005859375,-0.046142578125,0.094482421875,0.068115234375,-0.048583984375,-0.03125,0.051513671875,-0.115234375,-0.037353515625,0.055419921875,-0.025390625,-0.081787109375,0.029296875,0.029296875,0.09130859375,-0.024658203125,-0.10205078125,0.021484375,0.066162109375,-0.091552734375,0.03564453125,0.10009765625,-0.06005859375,-0.08349609375,0.087646484375,0.10009765625,-0.072998046875,-0.072998046875,-0.11865234375,0.03759765625,0.061279296875,-0.070068359375,-0.042724609375,0.10888671875,-0.126220703125,-0.094482421875,0.077880859375,0.028076171875,-0.133544921875,-0.054931640625,0.129638671875,0.129638671875,0.064697265625,-0.113525390625,-0.0712890625,0.0888671875,0.005126953125,-0.07080078125,0.10302734375,0.0458984375,-0.088134765625,0.0,0.073974609375,-0.0390625,-0.103271484375,-0.103271484375,-0.0009765625,0.05322265625,-0.063232421875,-0.128662109375,0.05322265625,-0.058349609375,-0.090087890625,0.0712890625,0.064208984375,-0.131591796875,-0.12744140625,0.10791015625,0.10791015625,0.108154296875,-0.09521484375,-0.09130859375,0.07373046875,0.056396484375,-0.116455078125,0.075439453125,0.0263671875,-0.11328125,-0.002685546875,0.13134765625,0.00439453125,-0.153564453125,-0.029541015625,-0.029541015625,0.11279296875,-0.01904296875,-0.147216796875,0.012451171875,0.153076171875,-0.012939453125,0.0146484375,0.14208984375,-0.023681640625,-0.163330078125,0.014892578125,0.114990234375,-0.03955078125,-0.111083984375,-0.111083984375,0.045166015625,0.09619140625,-0.087646484375,-0.126220703125,0.059814453125,-0.08837890625,-0.093017578125,0.089599609375,0.0439453125,-0.16064453125,-0.08203125,0.114990234375,0.03369140625,0.03369140625,-0.14208984375,-0.044921875,0.15380859375,0.0546875,-0.06494140625,0.11328125,-0.013427734375,-0.166015625,-0.03173828125,0.166259765625,0.0693359375,-0.1123046875,-0.015869140625,-0.015869140625,0.10009765625,-0.042724609375,-0.146728515625,0.0078125,-0.046875,-0.13916015625,0.046630859375,0.142333984375,-0.0615234375,-0.141845703125,0.048095703125,0.091064453125,-0.115966796875,-0.115966796875,-0.127685546875,0.106201171875,0.1220703125,-0.112060546875,0.061767578125,0.06005859375,-0.114013671875,-0.0732421875,0.10888671875,0.064697265625,-0.09814453125,-0.037109375,0.10546875,0.10546875,-0.00048828125,-0.158203125,-0.061279296875,0.018798828125,-0.07080078125,0.028564453125,0.11376953125,-0.035888671875,-0.140380859375,-0.013427734375,0.06005859375,-0.0859375,-0.118896484375,-0.118896484375,0.07568359375,0.115234375,-0.063720703125,0.07177734375,0.071533203125,-0.114501953125,-0.113037109375,0.05615234375,0.0693359375,-0.094482421875,-0.076416015625,0.09033203125,0.06298828125,0.06298828125,-0.091552734375,-0.044189453125,-0.00341796875,-0.14697265625,-0.02392578125,0.119140625,0.01513671875,-0.097900390625,0.013671875,0.09326171875,-0.060546875,-0.15771484375,-0.01171875,-0.01171875,0.1044921875,-0.018310546875,0.033203125,0.04931640625,-0.06982421875,-0.104736328125,0.003662109375,0.04931640625,-0.0654296875,-0.0517578125,0.092529296875,0.075927734375,0.075927734375,-0.079345703125,-0.073486328125,0.056884765625,-0.10791015625,-0.06689453125,0.07373046875,0.030029296875,-0.095458984375,-0.00439453125,0.133544921875,0.02685546875,-0.122314453125,-0.034423828125,-0.034423828125,0.068603515625,-0.03759765625,0.00244140625,0.08349609375,-0.03369140625,-0.1044921875,0.007080078125,0.05517578125,-0.08544921875,-0.095458984375,0.051025390625,0.080810546875,0.080810546875,-0.052001953125,0.08642578125,0.06982421875,-0.122802734375,-0.12451171875,0.064453125,0.078857421875,-0.073974609375,-0.0458984375,0.096435546875,0.040771484375,0.040771484375,-0.109130859375,0.0693359375,-0.006103515625,-0.100830078125,-0.01953125,0.0751953125,-0.01708984375,-0.09326171875,0.019287109375,0.08447265625,-0.0341796875,-0.101318359375,-0.101318359375,-0.005615234375,-0.067626953125,-0.081787109375,0.047119140625,0.06396484375,-0.060791015625,-0.046142578125,0.071533203125,0.0546875,-0.09423828125,-0.07958984375,-0.07958984375,0.059814453125,-0.109375,-0.049560546875,0.11181640625,0.053466796875,-0.08447265625,-0.049560546875,0.042724609375,-0.012451171875,-0.09619140625,0.001953125,0.0908203125,0.0908203125,-0.06884765625,0.00830078125,0.02880859375,-0.084228515625,-0.112548828125,0.0234375,0.0947265625,-0.033447265625,-0.0703125,0.047607421875,0.053955078125,0.053955078125,-0.078125,0.022216796875,0.05224609375,-0.071044921875,-0.041259765625,0.0927734375,0.047607421875,-0.095458984375,-0.0380859375,0.086181640625,0.0,-0.139404296875,-0.139404296875,0.06494140625,0.00732421875,-0.084228515625,0.013671875,0.108154296875,0.0078125,-0.1015625,-0.0322265625,0.044677734375,-0.0498046875,-0.08447265625,0.02734375,0.060791015625,0.060791015625,-0.064697265625,0.036865234375,0.05419921875,-0.076904296875,-0.074462890625,0.065673828125,0.058837890625,-0.0615234375,-0.044677734375,0.06591796875,0.01611328125,-0.1123046875,-0.046142578125,-0.046142578125,0.02392578125,-0.103271484375,-0.036865234375,0.08447265625,0.014892578125,-0.0908203125,-0.04443359375,0.037841796875,-0.02880859375,-0.098388671875,-0.007568359375,0.091796875,0.02001953125,-0.06689453125,-0.021484375,0.019287109375,-0.064208984375,-0.0634765625,0.036865234375,0.045166015625,-0.06201171875,-0.057861328125,0.055419921875,0.041015625,-0.06201171875,-0.044921875,0.05712890625,0.021728515625,-0.085693359375,-0.021728515625,0.08154296875,0.002197265625,-0.10107421875,-0.03515625,0.066162109375,0.00341796875,-0.081298828125,0.001953125,0.08642578125,-0.019775390625,-0.101806640625,-0.014404296875,0.0556640625,-0.026611328125,-0.0732421875,0.017333984375,0.06787109375,-0.0263671875,-0.060546875,0.018798828125,0.015380859375,-0.07958984375,-0.056396484375,0.05712890625,0.04541015625,-0.063232421875,-0.046142578125,0.03955078125,0.00732421875,-0.08154296875,-0.033203125,0.070068359375,0.03662109375,-0.05517578125,-0.032958984375,0.048828125,0.001708984375,-0.08740234375,-0.063720703125,0.0166015625,-0.018310546875,-0.063232421875,0.01123046875,0.075439453125,-0.01123046875,-0.082275390625,-0.005126953125,0.0595703125,-0.026611328125,-0.08056640625,0.006591796875,0.047119140625,-0.035400390625,-0.04248046875,0.054443359375,0.0478515625,-0.066650390625,-0.08349609375,0.031005859375,0.064453125,-0.036376953125,-0.04638671875,0.04833984375,0.0380859375,-0.076171875,-0.069091796875,0.05859375,0.040283203125,-0.082275390625,-0.04638671875,0.063232421875,0.006591796875,-0.103271484375,-0.04931640625,0.05419921875,-0.02685546875,-0.110595703125,-0.015869140625,0.08642578125,0.00439453125,-0.05712890625,0.027099609375,0.04248046875,-0.0498046875,-0.065673828125,0.013671875,0.007080078125,-0.080810546875,-0.038330078125,0.0517578125,0.03076171875,-0.039306640625,-0.019287109375,0.03955078125,-0.001708984375,-0.05615234375,-0.010498046875,0.035888671875,-0.029296875,-0.07568359375,0.00048828125,0.05078125,-0.074951171875,-0.074951171875,-0.01611328125,0.0556640625,-0.019287109375,-0.077880859375,0.013916015625,0.06591796875,-0.0419921875,-0.0732421875,0.010986328125,0.017333984375,-0.04296875,0.04638671875,0.04638671875,0.028564453125,-0.072021484375,-0.049072265625,0.052734375,0.022705078125,-0.09423828125,-0.070556640625,0.051025390625,0.030517578125,-0.05615234375,0.0625,0.0625,0.000732421875,-0.09130859375,-0.03564453125,0.052978515625,-0.025634765625,-0.108154296875,-0.005859375,0.0751953125,-0.01806640625,-0.072021484375,0.06689453125,-0.033447265625,-0.033447265625,-0.087646484375,0.00244140625,0.065185546875,-0.025390625,-0.07470703125,0.013916015625,0.04541015625,-0.031982421875,-0.0458984375,0.03662109375,-0.05859375,-0.062255859375,-0.062255859375,0.052490234375,0.046142578125,-0.05126953125,-0.042724609375,0.03173828125,-0.001220703125,-0.08251953125,-0.03662109375,0.056884765625,0.005615234375,-0.06591796875,0.036865234375,-0.02197265625,-0.02197265625,-0.068603515625,-0.0078125,0.027099609375,-0.0419921875,-0.05322265625,0.039306640625,0.06787109375,-0.02587890625,-0.063232421875,0.004638671875,-0.03173828125,-0.058349609375,0.003173828125,0.003173828125,0.006591796875,-0.0546875,-0.027099609375,0.053466796875,0.034423828125,-0.032470703125,-0.035400390625,0.03466796875,0.015625,-0.063232421875,0.0146484375,-0.041748046875,-0.075439453125,-0.075439453125,0.011962890625,0.062255859375,-0.011474609375,-0.0576171875,-0.006103515625,0.03515625,-0.031005859375,-0.06103515625,0.01171875,0.03515625,-0.04931640625,0.036865234375,0.039306640625,0.039306640625,-0.039306640625,-0.051025390625,0.0322265625,0.03076171875,-0.057861328125,-0.047607421875,0.034423828125,0.009765625,-0.081787109375,0.034912109375,0.00732421875,-0.05224609375,-0.05224609375,-0.013916015625,0.056640625,-0.006103515625,-0.075439453125,-0.016845703125,0.043701171875,-0.03369140625,-0.08447265625,-0.010986328125,0.0546875,-0.07666015625,0.01318359375,0.078369140625,0.078369140625,-0.016845703125,-0.052978515625,0.031982421875,0.028076171875,-0.072021484375,-0.08056640625,0.015625,0.049072265625,-0.024658203125,0.03125,0.02587890625,-0.045654296875,-0.052490234375,0.01171875,0.01171875,-0.013671875,-0.065185546875,-0.021484375,0.040283203125,0.00927734375,-0.030517578125,-0.020263671875,0.010498046875,-0.064208984375,-0.013916015625,0.052001953125,0.052001953125,0.003662109375,-0.03369140625,0.00537109375,0.00146484375,-0.059814453125,-0.056640625,0.010009765625,0.043212890625,-0.033447265625,0.035888671875,0.035888671875,-0.046630859375,-0.046630859375,-0.061279296875,-0.0234375,-0.030029296875,-0.0595703125,-0.021240234375,0.06103515625,0.029296875,-0.009521484375,0.021728515625,-0.020751953125,-0.07080078125,-0.0341796875,-0.0341796875,0.02294921875,-0.005859375,-0.0205078125,0.015625,0.0126953125,-0.04443359375,-0.0361328125,0.033203125,-0.0615234375,-0.03955078125,0.055908203125,0.055908203125,0.029052734375,-0.06005859375,-0.05517578125,0.04345703125,0.02294921875,-0.06103515625,-0.051025390625,0.021240234375,-0.057373046875,-0.029296875,0.04052734375,-0.016357421875,-0.016357421875,-0.068115234375,-0.04541015625,0.036865234375,0.033935546875,-0.04638671875,-0.0341796875,0.0009765625,-0.032470703125,0.000244140625,0.01220703125,-0.042724609375,-0.042724609375,-0.064453125,0.0205078125,0.0546875,-0.0302734375,-0.044921875,0.03955078125,0.045166015625,-0.06689453125,0.03564453125,0.025146484375,-0.06396484375,-0.04638671875,-0.04638671875,0.036376953125,0.020263671875,-0.07177734375,-0.050048828125,0.060546875,0.03173828125,-0.058349609375,0.020263671875,0.020751953125,-0.060791015625,-0.034912109375,0.027099609375,0.027099609375,-0.004150390625,-0.046875,0.009521484375,0.0615234375,-0.030517578125,-0.078369140625,0.020751953125,-0.022216796875,-0.08056640625,-0.0009765625,0.036376953125,-0.03466796875,-0.058349609375,0.001708984375,0.001708984375,0.015380859375,-0.033203125,-0.042236328125,0.04541015625,0.05712890625,-0.05126953125,-0.072265625,-0.009765625,-0.0732421875,-0.049072265625,0.052490234375,0.039306640625,-0.00390625,-0.00390625,0.0107421875,0.00732421875,-0.03515625,-0.052490234375,-0.001708984375,0.0126953125,-0.055419921875,0.041259765625,0.078125,-0.007568359375,-0.053466796875,-0.00341796875,-0.005126953125,-0.005126953125,-0.060791015625,-0.025146484375,0.045166015625,0.019775390625,-0.03857421875,-0.04931640625,-0.002197265625,-0.069091796875,-0.020751953125,0.042236328125,-0.005859375,-0.05078125,-0.015869140625,-0.015869140625,0.02001953125,-0.05419921875,-0.073974609375,0.01025390625,0.025634765625,-0.006103515625,0.045166015625,0.056884765625,-0.049560546875,-0.09228515625,0.010986328125,0.060302734375,-0.009033203125,-0.009033203125,-0.087890625,-0.037841796875,0.07373046875,0.032470703125,-0.076171875,0.062744140625,0.096923828125,-0.04541015625,-0.108154296875,-0.010986328125,0.10888671875,0.026611328125,-0.129150390625,-0.129150390625,-0.11376953125,0.047607421875,0.139404296875,-0.017333984375,-0.14404296875,0.0830078125,0.08837890625,-0.10400390625,-0.159423828125,0.045654296875,0.123046875,0.035400390625,0.035400390625,-0.098876953125,-0.0771484375,0.054931640625,0.022216796875,-0.07763671875,-0.091796875,0.071044921875,-0.006103515625,-0.083251953125,-0.033935546875,0.03173828125,0.095703125,-0.015380859375,-0.015380859375,-0.114013671875,-0.03076171875,0.036865234375,0.06005859375,-0.037353515625,-0.045654296875,-0.02294921875,-0.03564453125,-0.06396484375,-0.009521484375,0.067138671875,0.067138671875,0.064208984375,0.00341796875,-0.0791015625,-0.048828125,-0.001708984375,-0.043212890625,-0.05712890625,0.024169921875,0.033935546875,-0.015625,-0.03759765625,-0.067138671875,-0.067138671875,0.026611328125,-0.026611328125,-0.024658203125,0.044677734375,0.098876953125,-0.032470703125,-0.11962890625,0.033447265625,-0.09716796875,-0.009521484375,0.0439453125,-0.087158203125,-0.087158203125,0.064453125,0.0263671875,-0.047607421875,-0.04736328125,0.0009765625,0.007080078125,-0.075927734375,0.004150390625,0.03466796875,-0.028076171875,-0.03662109375,-0.03662109375,-0.01416015625,0.013427734375,-0.019287109375,-0.048095703125,0.04443359375,0.009521484375,-0.045166015625,-0.051513671875,0.007080078125,0.04248046875,0.014404296875,-0.0400390625,-0.0400390625,-0.04150390625,0.001220703125,-0.01611328125,-0.061767578125,0.0751953125,0.106689453125,-0.0693359375,-0.143798828125,0.036865234375,0.14990234375,-0.017578125,-0.215576171875,-0.215576171875,-0.099609375,0.1630859375,0.070556640625,-0.082763671875,0.182373046875,0.076416015625,-0.2041015625,-0.126220703125,0.13818359375,0.107666015625,-0.09521484375,-0.101318359375,-0.101318359375,0.10986328125,0.120849609375,-0.095458984375,0.050048828125,0.05908203125,-0.063720703125,-0.0322265625,0.02783203125,-0.028564453125,0.0146484375,0.0732421875,-0.044189453125,-0.103515625,-0.103515625,0.021484375,0.048583984375,0.00439453125,0.055908203125,-0.03076171875,-0.01806640625,0.032958984375,-0.04150390625,-0.065185546875,0.05908203125,0.044189453125,-0.1015625,-0.03076171875,-0.03076171875,0.058349609375,-0.042724609375,0.023681640625,-0.015380859375,-0.099609375,0.001220703125,0.041748046875,-0.075927734375,-0.042724609375,0.0458984375,-0.022216796875,-0.072509765625,-0.021728515625,-0.021728515625,-0.015869140625,-0.0390625,0.00537109375,-0.06689453125,0.01123046875,0.009765625,-0.104248046875,-0.025390625,0.12744140625,-0.00634765625,-0.171875,-0.005126953125,-0.005126953125,0.121826171875,-0.0234375,0.013671875,0.008056640625,-0.025634765625,0.02587890625,0.018310546875,-0.0263671875,0.048095703125,0.0380859375,-0.049072265625,0.008544921875,0.028564453125,0.028564453125,-0.05517578125,-0.015869140625,0.006591796875,-0.142333984375,0.007080078125,0.12451171875,-0.0244140625,-0.0859375,0.014892578125,0.02880859375,-0.02001953125,0.0,-0.0205078125,-0.0205078125,-0.060302734375,0.0126953125,-0.081298828125,-0.00732421875,0.02392578125,-0.072021484375,-0.040283203125,0.089599609375,0.004150390625,-0.142333984375,-0.025634765625,0.061767578125,-0.04296875,-0.04296875,-0.059814453125,0.00244140625,-0.046630859375,0.01416015625,-0.0380859375,-0.079345703125,0.05322265625,0.042724609375,-0.095458984375,-0.03662109375,0.04931640625,-0.033935546875,-0.04638671875,0.067138671875,-0.00146484375,-0.123291015625,0.018310546875,0.088623046875,0.088623046875,-0.04638671875,-0.043212890625,0.010498046875,-0.05615234375,0.0283203125,0.03173828125,-0.04345703125,0.029052734375,0.036376953125,-0.076416015625,-0.036376953125,0.0576171875,-0.014404296875,-0.0693359375,0.05224609375,0.05029296875,-0.09375,-0.027587890625,-0.027587890625,0.07421875,-0.004150390625,0.017333984375,0.005126953125,-0.049072265625,0.016357421875,-0.003662109375,-0.081298828125,0.017822265625,0.0546875,-0.06396484375,-0.0517578125,0.043701171875,-0.021240234375,-0.072265625,0.04638671875,0.015869140625,-0.118408203125,-0.023681640625,-0.023681640625,-0.04150390625,-0.051513671875,0.041015625,-0.00830078125,-0.088134765625,0.02099609375,0.023193359375,-0.0732421875,0.01904296875,0.061767578125,-0.071044921875,-0.0830078125,0.03759765625,-0.009765625,-0.079345703125,0.0517578125,0.051513671875,-0.110595703125,-0.110595703125,0.081298828125,0.012451171875,-0.0869140625,0.001953125,0.04638671875,-0.041748046875,-0.01416015625,0.02392578125,-0.008544921875,0.009765625,0.01953125,-0.044921875,-0.03857421875,0.05712890625,0.010009765625,-0.069580078125,0.02392578125,0.02978515625,-0.0595703125,0.01025390625,0.044921875,-0.0791015625,-0.071044921875,0.107666015625,0.0556640625,-0.125732421875,-0.031005859375,0.085205078125,-0.010986328125,-0.071044921875,0.016357421875,0.026123046875,-0.057373046875,-0.019775390625,0.012939453125,-0.03662109375,-0.008544921875,0.008056640625,-0.046142578125,-0.02001953125,0.017822265625,-0.06884765625,-0.088623046875,0.07958984375,0.0615234375,-0.156005859375,-0.1005859375,0.1005859375,0.054931640625,-0.093505859375,-0.0458984375,0.020751953125,-0.01953125,0.0068359375,0.001953125,-0.054443359375,-0.00146484375,0.034423828125,-0.041748046875,-0.045166015625,0.02392578125,-0.023193359375,-0.0546875,0.0654296875,0.037353515625,-0.1064453125,-0.0244140625,0.0908203125,-0.002197265625,-0.080322265625,0.023193359375,0.0478515625,-0.0478515625,-0.008056640625,0.02392578125,-0.031494140625,-0.005615234375,0.020263671875,-0.0380859375,-0.026123046875,0.041259765625,-0.032470703125,-0.090087890625,0.057373046875,0.091552734375,-0.095703125,-0.105224609375,0.070556640625,0.06982421875,-0.0625,-0.0419921875,0.015869140625,-0.02783203125,-0.0146484375,-0.003662109375,-0.043701171875,-0.000732421875,0.037353515625,-0.0322265625,-0.052978515625,0.020263671875,-0.024169921875,-0.06982421875,0.049560546875,0.04736328125,-0.070556640625,0.0927734375,0.0927734375,0.031982421875,-0.1103515625,-0.020751953125,0.05908203125,-0.052978515625,-0.062255859375,0.01611328125,0.010009765625,-0.007568359375,0.0068359375,-0.04296875,-0.064208984375,0.048828125,0.0234375,-0.087890625,-0.00537109375,0.044677734375,-0.05029296875,-0.028564453125,0.0498046875,-0.0498046875,-0.1015625,0.0791015625,0.085205078125,-0.126953125,-0.084228515625,0.03955078125,-0.062255859375,-0.02685546875,-0.02685546875,0.0,-0.0244140625,0.04345703125,0.002685546875,-0.084716796875,0.024169921875,0.087890625,-0.030029296875,-0.052978515625,0.042236328125,-0.010498046875,-0.0625,0.067626953125,0.046875,-0.12255859375,-0.050537109375,0.0830078125,0.009521484375,-0.060546875,0.0166015625,0.01025390625,-0.0625,0.0126953125,0.006103515625,-0.071533203125,0.06201171875,-0.072509765625,-0.092529296875,0.042236328125,0.042236328125,-0.00732421875,-0.0947265625,0.03076171875,0.0478515625,-0.10400390625,-0.058837890625,0.0712890625,0.00634765625,-0.08740234375,-0.011474609375,0.008056640625,-0.05224609375,0.012451171875,0.002685546875,-0.07861328125,-0.006591796875,0.06591796875,-0.0419921875,-0.07763671875,0.0634765625,0.032958984375,-0.0869140625,0.026611328125,0.106689453125,-0.056396484375,0.036376953125,0.067626953125,-0.062255859375,-0.029052734375,0.038818359375,-0.022216796875,-0.022216796875,-0.010986328125,0.01611328125,-0.04296875,-0.035400390625,0.0634765625,0.0146484375,-0.096435546875,-0.00048828125,0.053955078125,-0.049072265625,-0.031005859375,0.049560546875,-0.02197265625,-0.077392578125,0.023681640625,0.03466796875,-0.059814453125,-0.013671875,0.019287109375,-0.044921875,-0.014404296875,0.01025390625,-0.055908203125,0.072021484375,-0.007080078125,-0.124267578125,0.001708984375,0.065185546875,-0.052734375,-0.0400390625,-0.0400390625,0.03173828125,-0.024658203125,-0.041748046875,0.037841796875,-0.025390625,-0.09228515625,0.055419921875,0.080322265625,-0.0966796875,-0.078857421875,0.078369140625,0.035888671875,-0.08251953125,-0.023193359375,0.02392578125,-0.009521484375,0.028076171875,-0.01708984375,-0.083740234375,0.02392578125,0.089111328125,-0.046630859375,-0.10791015625,0.049072265625,-0.066650390625,-0.006591796875,0.035888671875,-0.039794921875,-0.0244140625,0.022216796875,-0.05419921875,-0.05419921875,-0.058837890625,0.086669921875,0.04541015625,-0.11279296875,-0.047119140625,0.032470703125,-0.016845703125,-0.014892578125,0.022705078125,-0.043701171875,-0.078369140625,0.05908203125,0.05322265625,-0.08349609375,-0.030029296875,0.051025390625,-0.0234375,-0.060791015625,0.019775390625,0.020751953125,-0.028564453125,-0.00341796875,-0.083984375,0.0048828125,0.051513671875,-0.0439453125,-0.045166015625,0.0419921875,-0.001708984375,-0.06103515625,-0.06103515625,0.030517578125,-0.005859375,0.025146484375,0.025146484375,0.08447265625,-0.0625,-0.088623046875,0.061767578125,0.0390625,-0.076904296875,-0.00927734375,0.025146484375,-0.0576171875,-0.017822265625,0.02685546875,-0.050537109375,-0.04931640625,0.057861328125,-0.00244140625,-0.104248046875,0.00537109375,0.015380859375,-0.0712890625,0.076171875,-0.07373046875,-0.1162109375,0.0634765625,0.05712890625,-0.079345703125,-0.009521484375,0.0400390625,-0.040283203125,-0.017822265625,0.02392578125,-0.040283203125,-0.040283203125,-0.021240234375,0.078125,-0.01171875,-0.111328125,0.0234375,0.03955078125,-0.08837890625,-0.027099609375,0.08837890625,-0.0244140625,-0.12939453125,0.02392578125,0.080322265625,-0.033203125,-0.034912109375,-0.008544921875,-0.033447265625,0.017333984375,-0.051025390625,-0.06689453125,0.074462890625,0.027099609375,-0.11279296875,-0.01318359375,0.043701171875,-0.049560546875,-0.026123046875,0.064697265625,-0.020751953125,-0.10986328125,-0.10986328125,0.02685546875,0.05615234375,-0.069091796875,-0.043212890625,0.031005859375,-0.007080078125,-0.031494140625,0.0078125,-0.0283203125,-0.04638671875,0.060791015625,0.02490234375,-0.08935546875,-0.003662109375,0.041259765625,-0.0654296875,-0.047607421875,-0.005615234375,-0.14208984375,-0.00341796875,0.076171875,-0.037109375,-0.038330078125,0.026123046875,-0.0205078125,-0.039794921875,0.033935546875,-0.006103515625,-0.065185546875,0.04736328125,0.04736328125,0.041015625,-0.086669921875,-0.025146484375,0.054443359375,-0.02587890625,-0.046630859375,0.060546875,0.000732421875,-0.10888671875,0.019287109375,0.063720703125,-0.0546875,-0.040771484375,0.029296875,-0.01953125,0.036376953125,-0.0166015625,-0.075439453125,0.044189453125,0.0361328125,-0.083984375,-0.01611328125,0.054931640625,-0.05078125,-0.067626953125,0.072509765625,0.014404296875,-0.122314453125,-0.008056640625,0.071044921875,0.071044921875,-0.02734375,-0.043212890625,0.0244140625,-0.009765625,-0.050048828125,0.014892578125,-0.022216796875,-0.063720703125,0.046630859375,0.03564453125,-0.083984375,-0.03466796875,0.052001953125,-0.0380859375,-0.067626953125,0.025390625,-0.130615234375,-0.017822265625,0.099609375,-0.01953125,-0.09423828125,0.0224609375,0.033935546875,-0.08544921875,-0.01806640625,0.057373046875,-0.016845703125,-0.02294921875,0.02685546875,-0.021240234375,-0.06201171875,-0.06201171875,0.025146484375,0.031494140625,-0.055419921875,-0.003662109375,0.0244140625,-0.0361328125,0.005615234375,0.012939453125,-0.080810546875,-0.048095703125,0.105712890625,0.02978515625,-0.1552734375,0.118408203125,-0.015380859375,-0.096923828125,-0.004638671875,0.024169921875,-0.03125,-0.000732421875,-0.02197265625,-0.060791015625,0.037353515625,0.034912109375,-0.079345703125,-0.02978515625,0.030029296875,-0.049072265625,-0.036865234375,0.08154296875,0.08154296875,-0.01708984375,-0.1494140625,0.0185546875,0.08935546875,-0.050048828125,-0.052978515625,0.036376953125,-0.0107421875,-0.058837890625,0.015380859375,-0.019775390625,0.064453125,0.03857421875,-0.1015625,-0.0224609375,0.076416015625,-0.04150390625,-0.085205078125,0.0751953125,0.050048828125,-0.117919921875,-0.03759765625,0.076171875,0.01708984375,-0.043212890625,-0.017578125,-0.029541015625,-0.023193359375,0.063232421875,0.063232421875,-0.005126953125,-0.091552734375,0.0361328125,0.0849609375,-0.081298828125,-0.102294921875,0.05517578125,0.027587890625,-0.102294921875,0.0751953125,-0.05859375,-0.059814453125,0.031982421875,-0.01123046875,-0.0732421875,0.025146484375,0.05078125,-0.062255859375,-0.02587890625,0.017822265625,-0.043212890625,-0.012451171875,0.05712890625,-0.030029296875,-0.097412109375,0.029296875,0.0576171875,-0.066162109375,-0.02294921875,-0.02294921875,0.046875,-0.0419921875,-0.06005859375,0.013916015625,0.01318359375,-0.01904296875,0.01708984375,-0.021728515625,-0.062744140625,0.015625,-0.0927734375,0.01318359375,0.109375,-0.04248046875,-0.12255859375,0.048583984375,0.0712890625,-0.067626953125,-0.02978515625,0.01806640625,-0.034912109375,-0.00439453125,0.028076171875,-0.0478515625,-0.048095703125,0.058837890625,-0.010009765625,-0.095703125,0.03759765625,0.03759765625,0.03466796875,-0.105712890625,-0.028564453125,0.106201171875,-0.016845703125,-0.145263671875,0.019287109375,0.09765625,-0.0615234375,0.0244140625,0.0048828125,-0.03076171875,-0.00390625,-0.022216796875,-0.03759765625,0.04296875,0.006103515625,-0.079833984375,0.002197265625,0.01171875,-0.074951171875,-0.004150390625,0.093994140625,-0.017578125,-0.1220703125,0.025146484375,0.083740234375,-0.0390625,-0.03369140625,0.0185546875,0.0185546875,-0.020263671875,-0.02197265625,0.027099609375,-0.024169921875,-0.048583984375,0.057861328125,0.00732421875,-0.00732421875,0.052490234375,-0.060791015625,-0.05810546875,0.070556640625,0.0009765625,-0.126953125,0.009033203125,0.076416015625,-0.0576171875,-0.05419921875,0.042236328125,-0.0078125,-0.0771484375,0.011474609375,0.02978515625,-0.04248046875,0.007080078125,0.009765625,-0.054443359375,0.00927734375,0.0224609375,-0.0859375,-0.0859375,-0.044921875,0.11376953125,0.02099609375,-0.14599609375,-0.004638671875,-0.02587890625,-0.044921875,0.0234375,-0.0048828125,-0.02734375,0.048583984375,-0.010986328125,-0.070556640625,0.0634765625,0.048583984375,-0.1005859375,-0.037109375,0.0576171875,-0.037109375,-0.054443359375,0.0849609375,0.00927734375,-0.14990234375,-0.01025390625,0.082763671875,-0.03466796875,-0.059326171875,0.016357421875,-0.012451171875,-0.0576171875,-0.0576171875,0.01904296875,-0.021240234375,-0.076171875,0.043701171875,-0.091064453125,-0.038818359375,0.062255859375,-0.031494140625,-0.076904296875,0.05712890625,0.02099609375,-0.116943359375,-0.008544921875,0.0771484375,-0.032958984375,-0.07275390625,0.021728515625,0.0068359375,-0.05322265625,0.031494140625,0.008544921875,-0.0712890625,0.03125,0.0693359375,-0.0576171875,-0.05615234375,0.06005859375,-0.0048828125,-0.06689453125,0.068359375,0.068359375,0.052001953125,-0.10107421875,-0.029052734375,-0.0244140625,-0.0830078125,0.029052734375,0.019287109375,-0.070068359375,0.006103515625,0.00048828125,-0.06982421875,0.0185546875,0.060791015625,-0.064697265625,-0.076171875,0.055419921875,-0.01025390625,-0.09765625,0.05029296875,0.05615234375,-0.113525390625,-0.064453125,0.07568359375,0.005615234375,-0.085693359375,0.0029296875,0.00390625,-0.060791015625,0.016357421875,0.00390625,0.00390625,-0.07275390625,0.0048828125,-0.063232421875,-0.075927734375,0.060302734375,-0.000244140625,-0.090087890625,0.049560546875,0.06103515625,-0.0947265625,-0.04541015625,0.09375,0.00927734375,-0.090087890625,0.018798828125,0.02880859375,-0.054931640625,0.01611328125,0.01708984375,-0.064697265625,-0.002197265625,0.07177734375,-0.03173828125,-0.083740234375,0.042724609375,0.00146484375,-0.091796875,0.031005859375,0.063720703125,-0.08056640625,-0.077880859375,-0.077880859375,0.013671875,-0.085693359375,0.0078125,0.02490234375,-0.06103515625,-0.003173828125,0.014892578125,-0.065673828125,-0.022705078125,0.066650390625,-0.03076171875,-0.10400390625,0.041259765625,0.03076171875,-0.077880859375,0.013427734375,0.061767578125,-0.07080078125,-0.0927734375,0.080810546875,0.068603515625,-0.0869140625,-0.023681640625,0.05419921875,-0.03759765625,-0.06103515625,0.024658203125,0.01904296875,-0.04736328125,0.009765625,0.018310546875,-0.0703125,-0.001220703125,0.036865234375,-0.045166015625,-0.032470703125,0.02880859375,-0.006591796875,-0.03173828125,0.037109375,-0.035888671875,-0.10595703125,0.05712890625,0.082275390625,-0.118408203125,-0.1064453125,0.088134765625,0.051513671875,-0.11181640625,-0.0400390625,0.0390625,-0.04052734375,-0.021240234375,-0.001953125,-0.04345703125,-0.007568359375,0.03857421875,-0.038330078125,-0.069580078125,0.046142578125,-0.008544921875,-0.076904296875,0.07421875,0.068359375,-0.12060546875,-0.0830078125,0.09765625,0.042724609375,-0.081787109375,0.002197265625,0.027099609375,-0.047119140625,0.012939453125,0.014892578125,-0.057861328125,0.003173828125,0.071533203125,-0.036376953125,-0.083740234375,0.068603515625,0.02978515625,-0.100341796875,0.004638671875,0.064453125,-0.07080078125,-0.086181640625,0.056884765625,0.025390625,-0.071533203125,0.009765625,-0.077880859375,-0.077880859375,0.013671875,0.0302734375,-0.080810546875,-0.040283203125,0.091064453125,-0.0146484375,-0.1474609375,0.015869140625,0.065673828125,-0.076904296875,-0.047119140625,0.06591796875,0.004638671875,-0.08251953125,0.01025390625,0.02197265625,-0.0595703125,0.00634765625,0.018798828125,-0.05224609375,0.005615234375,0.03271484375,-0.070068359375,-0.056884765625,0.113525390625,0.037353515625,-0.040771484375,0.132080078125,0.023193359375,0.023193359375,-0.086181640625,-0.015380859375,0.02392578125,-0.022705078125,0.01220703125,-0.0078125,-0.0556640625,0.05078125,0.049560546875,-0.079833984375,-0.044189453125,0.044921875,-0.018310546875,-0.0556640625,0.058349609375,0.00634765625,-0.121826171875,0.0068359375,0.069580078125,-0.063720703125,-0.07080078125,0.0380859375,0.007568359375,-0.05712890625,0.02294921875,-0.004150390625,0.026123046875,0.02490234375,-0.0810546875,-0.017822265625,-0.017822265625,0.06689453125,-0.05126953125,-0.101318359375,0.086181640625,0.06591796875,-0.138671875,-0.063232421875,0.10107421875,0.029296875,-0.0859375,-0.013916015625,0.03271484375,-0.03662109375,-0.00390625,-0.00634765625,-0.052490234375,0.0244140625,0.04150390625,-0.04638671875,-0.040283203125,0.0361328125,-0.03564453125,-0.071533203125,0.040771484375,-0.1337890625,-0.0419921875,-0.0419921875,0.098876953125,-0.00341796875,-0.105224609375,0.00830078125,0.04443359375,-0.068359375,-0.022216796875,0.026123046875,-0.021484375,-0.000732421875,0.011474609375,-0.059326171875,-0.060302734375,0.05810546875,0.01123046875,0.025390625,0.026123046875,-0.071533203125,0.00732421875,0.00732421875,0.050537109375,-0.07763671875,-0.073974609375,0.11376953125,0.056396484375,-0.149658203125,-0.03955078125,0.09619140625,0.004638671875,-0.06640625,-0.0166015625,0.00390625,-0.010498046875,0.036865234375,-0.03662109375,-0.085205078125,0.060791015625,-0.08837890625,-0.048828125,0.04931640625,0.04931640625,-0.026123046875,-0.053955078125,0.06787109375,0.002685546875,-0.13818359375,0.004150390625,0.088623046875,-0.0595703125,-0.08740234375,0.0546875,0.03515625,-0.105224609375,-0.02294921875,0.04443359375,-0.004150390625,0.0185546875,-0.039306640625,-0.0341796875,0.010986328125,0.010986328125,-0.041259765625,-0.044189453125,0.06787109375,-0.0087890625,-0.13232421875,0.025146484375,0.1201171875,-0.040283203125,-0.11181640625,0.0302734375,0.062255859375,-0.053466796875,-0.02001953125,-0.026611328125,0.03173828125,0.02001953125,-0.0751953125,-0.0341796875,-0.0341796875,0.07763671875,-0.01611328125,-0.10009765625,0.065185546875,0.08349609375,-0.1025390625,-0.076904296875,0.064697265625,0.03125,-0.0703125,-0.018310546875,0.0244140625,0.0146484375,-0.02978515625,-0.08056640625,0.0341796875,0.0341796875,0.072998046875,-0.05322265625,-0.06640625,0.061767578125,-0.015380859375,-0.114990234375,0.03955078125,0.060791015625,-0.06787109375,0.0830078125,0.01953125,-0.09765625,0.005126953125,0.005126953125,0.041259765625,-0.077880859375,-0.031494140625,0.028076171875,-0.01416015625,-0.009765625,0.01171875,-0.04443359375,0.043701171875,-0.02734375,-0.103515625,0.067138671875,0.0966796875,0.0966796875,-0.090087890625,-0.09033203125,0.068115234375,0.0341796875,-0.079345703125,-0.005859375,0.013916015625,-0.046142578125,0.01708984375,-0.072509765625,-0.0166015625,0.067626953125,-0.020263671875,-0.020263671875,-0.081787109375,0.040771484375,0.006591796875,-0.085205078125,0.03271484375,0.0537109375,-0.08447265625,0.082763671875,0.015625,-0.1064453125,0.02490234375,0.083251953125,0.083251953125,-0.05615234375,-0.063720703125,0.020751953125,0.00146484375,-0.033203125,0.014892578125,0.001220703125,-0.0537109375,-0.00634765625,-0.07080078125,0.029052734375,0.06591796875,-0.06103515625,-0.06103515625,-0.09716796875,0.0556640625,0.0537109375,-0.069091796875,-0.011474609375,0.01806640625,-0.0439453125,0.03173828125,-0.033203125,-0.039794921875,0.046630859375,-0.016845703125,-0.10009765625,-0.10009765625,0.028564453125,0.033203125,-0.090087890625,-0.01611328125,0.0927734375,-0.02294921875,-0.138916015625,0.0791015625,-0.061279296875,-0.051025390625,0.0107421875,-0.013916015625,-0.001220703125,0.015869140625,0.015869140625,-0.056884765625,-0.048583984375,0.072265625,0.003662109375,-0.103759765625,0.0400390625,-0.08935546875,-0.02001953125,0.104248046875,-0.02099609375,-0.152099609375,-0.152099609375,0.026611328125,0.099609375,-0.040283203125,-0.038818359375,0.0078125,-0.023681640625,0.035888671875,-0.053955078125,-0.05712890625,0.09765625,0.027587890625,-0.13525390625,-0.13525390625,-0.0185546875,0.050048828125,-0.049560546875,-0.0244140625,0.057861328125,-0.12451171875,0.059326171875,0.0732421875,-0.0986328125,-0.050048828125,0.069580078125,0.069580078125,-0.002685546875,-0.08935546875,-0.002685546875,0.03759765625,-0.0126953125,-0.0185546875,-0.0732421875,0.030029296875,0.044677734375,-0.067138671875,-0.047607421875,0.05419921875,0.05419921875,-0.01513671875,-0.0810546875,0.042236328125,-0.0048828125,-0.11669921875,0.13623046875,-0.05419921875,-0.16015625,0.048095703125,0.104736328125,-0.059326171875,-0.059326171875,-0.052490234375,0.01708984375,-0.0087890625,0.003662109375,-0.0029296875,-0.043212890625,0.088623046875,0.009765625,-0.129150390625,0.00244140625,0.04345703125,-0.068359375,-0.068359375,-0.00927734375,0.07763671875,-0.037841796875,-0.10595703125,0.061279296875,-0.084716796875,-0.008544921875,0.0556640625,-0.04443359375,-0.03857421875,0.04150390625,-0.012939453125,-0.012939453125,-0.06103515625,0.043212890625,0.011474609375,-0.101806640625,0.029052734375,-0.0673828125,-0.017822265625,0.07568359375,-0.025390625,-0.109375,0.046630859375,0.064453125,0.064453125,-0.07421875,-0.0234375,0.0361328125,-0.032470703125,-0.02783203125,-0.031982421875,-0.068115234375,0.054443359375,0.01220703125,-0.10400390625,0.00341796875,0.03857421875,-0.069580078125,-0.069580078125,-0.03466796875,0.0810546875,-0.010498046875,-0.12646484375,0.05615234375,-0.056640625,-0.020263671875,0.037841796875,-0.0107421875,-0.029052734375,0.017333984375,-0.033447265625,-0.055419921875,-0.055419921875,0.0673828125,0.017822265625,-0.103271484375,-0.00439453125,-0.05224609375,-0.037109375,0.056884765625,-0.02490234375,-0.107421875,0.043212890625,0.062255859375,-0.073486328125,-0.021484375,-0.021484375,0.060791015625,-0.028076171875,-0.081298828125,0.0361328125,-0.050048828125,0.026123046875,0.00927734375,-0.09423828125,-0.01904296875,0.047607421875,-0.061767578125,-0.085205078125,0.074951171875,0.074951171875,0.0380859375,-0.13720703125,-0.03369140625,-0.029541015625,-0.06884765625,0.010009765625,0.0048828125,-0.0390625,0.040771484375,-0.004150390625,-0.091796875,0.03564453125,0.064208984375,0.064208984375,-0.067138671875,-0.04248046875,0.05029296875,-0.05078125,0.06884765625,0.00537109375,-0.124755859375,0.021484375,0.09033203125,-0.0625,-0.070068359375,0.072021484375,0.072021484375,0.034423828125,-0.106201171875,-0.018310546875,-0.026123046875,0.010986328125,0.0078125,-0.062744140625,-0.018798828125,0.041259765625,-0.067138671875,-0.09521484375,0.086669921875,0.060791015625,-0.1416015625,-0.1416015625,-0.071533203125,0.076416015625,-0.059814453125,-0.0263671875,-0.0234375,-0.03369140625,0.053466796875,-0.0107421875,-0.095947265625,0.024169921875,0.0625,-0.065673828125,-0.065673828125,-0.0673828125,0.0537109375,-0.076171875,0.056884765625,0.03759765625,-0.1123046875,-0.031982421875,0.08251953125,-0.011962890625,-0.095458984375,0.032470703125,0.032470703125,0.0625,-0.079345703125,0.03125,-0.0068359375,-0.010986328125,0.01220703125,-0.01318359375,-0.01611328125,0.03466796875,-0.05615234375,-0.10595703125,0.081298828125,0.081298828125,0.083984375,-0.09033203125,0.0888671875,0.037841796875,-0.09375,-0.023681640625,0.012939453125,-0.048583984375,0.015869140625,0.00927734375,-0.06884765625,-0.06884765625,-0.00048828125,-0.0439453125,-0.113037109375,0.029052734375,0.0234375,-0.0703125,0.033935546875,0.053466796875,-0.0830078125,-0.05859375,0.078125,0.015380859375,0.015380859375,-0.100830078125,0.0390625,-0.05126953125,-0.00537109375,0.0087890625,-0.056396484375,-0.0126953125,0.051025390625,-0.041259765625,-0.07568359375,0.075439453125,0.075439453125,0.016845703125,0.00732421875,0.101318359375,-0.055419921875,-0.122314453125,0.049560546875,0.08544921875,-0.06689453125,-0.04638671875,0.027099609375,-0.016845703125,-0.01806640625,-0.01806640625,-0.03125,-0.025390625,0.044921875,0.00146484375,-0.073974609375,0.0126953125,-0.005615234375,-0.0771484375,0.03857421875,0.076416015625,-0.080078125,-0.1064453125,0.08447265625,0.08447265625,-0.1162109375,-0.0302734375,0.074462890625,-0.027587890625,-0.072021484375,0.01904296875,0.03076171875,-0.02734375,0.000732421875,-0.02685546875,-0.07763671875,0.032470703125,0.0380859375,0.0380859375,-0.022216796875,0.04150390625,-0.0341796875,-0.06103515625,0.049072265625,-0.0107421875,-0.101806640625,0.0537109375,0.07861328125,-0.097900390625,-0.07275390625,0.091552734375,0.029296875,0.029296875,-0.001953125,0.069580078125,-0.0546875,-0.046630859375,0.008544921875,-0.025634765625,-0.006591796875,0.03515625,-0.03759765625,-0.093017578125,0.058837890625,0.1181640625,0.1181640625,-0.1474609375,0.006591796875,0.148193359375,-0.026123046875,-0.16943359375,0.0234375,0.147216796875,-0.0322265625,-0.124267578125,0.004150390625,0.027587890625,-0.059326171875,-0.004638671875,-0.004638671875,-0.059814453125,-0.089111328125,0.053955078125,0.034912109375,-0.10986328125,-0.054443359375,0.110595703125,0.06201171875,-0.09130859375,-0.071533203125,0.072265625,0.08349609375,-0.084228515625,-0.13623046875,0.0556640625,0.089111328125,-0.08984375,-0.108154296875,-0.007080078125,-0.00634765625,0.012939453125,0.01953125,-0.133056640625,-0.0888671875,0.170654296875,0.07666015625,-0.25634765625,-0.079833984375,0.2607421875,0.04833984375,-0.22900390625,-0.04443359375,0.15625,-0.0146484375,-0.079345703125,0.011962890625,-0.09326171875,-0.067138671875,0.11474609375,0.001708984375,-0.18017578125,0.017822265625,0.1591796875,-0.114013671875,-0.158935546875,0.113037109375,0.0595703125,-0.088623046875,0.0419921875,0.095458984375,-0.05810546875,-0.03662109375,0.07568359375,-0.052490234375,-0.0537109375,0.09130859375,-0.008544921875,-0.08203125,0.05224609375,0.023193359375,-0.1318359375,0.0029296875,0.11572265625,-0.089599609375,-0.073486328125,0.120849609375,-0.02099609375,-0.11669921875,0.08837890625,0.085205078125,-0.14990234375,-0.0693359375,0.134765625,-0.014404296875,-0.079345703125,0.053466796875,-0.028564453125,-0.113525390625,0.021484375,0.0361328125,-0.133544921875,-0.031982421875,0.126708984375,-0.076904296875,-0.15673828125,0.046875,0.0244140625,-0.11962890625,-0.022705078125,0.070556640625,-0.040771484375,-0.023681640625,0.06396484375,-0.08642578125,-0.082763671875,0.105224609375,0.00048828125,-0.16162109375,0.0029296875,0.12939453125,-0.0693359375,-0.088623046875,-0.041748046875,-0.041748046875,-0.1044921875,0.0625,0.042724609375,-0.088623046875,0.03125,0.116943359375,-0.0791015625,-0.07763671875,0.102783203125,-0.0166015625,-0.0927734375,0.0869140625,0.075439453125,-0.081298828125,0.000244140625,0.085205078125,-0.08837890625,-0.047119140625,0.1162109375,-0.050537109375,-0.113525390625,0.094970703125,0.05517578125,-0.156982421875,0.150146484375,0.150146484375,-0.0859375,-0.150634765625,0.099365234375,0.06982421875,-0.086669921875,-0.0078125,0.026611328125,-0.10546875,-0.046630859375,0.1044921875,-0.122802734375,0.062744140625,0.062744140625,0.026611328125,-0.1318359375,-0.059326171875,0.055908203125,-0.04052734375,-0.0576171875,0.042236328125,-0.0390625,-0.069580078125,0.04443359375,-0.0126953125,0.022216796875,0.060302734375,0.060302734375,-0.05859375,-0.01416015625,0.08154296875,-0.071044921875,-0.07177734375,0.11279296875,0.00732421875,-0.157958984375,0.00244140625,0.143310546875,-0.054931640625,0.08837890625,0.012451171875,0.012451171875,-0.10400390625,0.0283203125,0.065673828125,-0.046630859375,0.00830078125,0.09326171875,-0.057861328125,-0.098388671875,0.0712890625,0.01171875,-0.062744140625,0.02001953125,-0.08154296875,-0.08154296875,0.000244140625,0.062255859375,-0.117431640625,-0.07470703125,0.144775390625,-0.011962890625,-0.17822265625,0.01220703125,0.10302734375,-0.049072265625,0.018310546875,-0.076904296875,-0.0146484375,-0.0146484375,0.1123046875,-0.0751953125,-0.126220703125,0.1171875,0.0693359375,-0.174560546875,-0.065673828125,0.112060546875,-0.049072265625,-0.06884765625,-0.057373046875,-0.086669921875,0.093017578125,0.093017578125,0.009521484375,-0.169921875,0.021240234375,0.16943359375,-0.091552734375,-0.142333984375,0.095703125,0.034912109375,-0.086669921875,0.041015625,-0.094970703125,-0.025390625,-0.025390625,0.087890625,-0.073486328125,-0.076416015625,0.0947265625,-0.00927734375,-0.125,0.01953125,0.062744140625,-0.08203125,-0.013671875,-0.082275390625,-0.0625,0.10986328125,0.10986328125,-0.025146484375,-0.142822265625,0.0693359375,0.13671875,-0.117919921875,-0.127197265625,0.087158203125,0.029296875,-0.045166015625,0.027099609375,-0.0849609375,0.064453125,0.07958984375,0.07958984375,-0.1337890625,-0.059326171875,0.15283203125,-0.020263671875,-0.144287109375,0.044677734375,0.06591796875,-0.080322265625,0.064697265625,-0.0595703125,-0.029052734375,-0.029052734375,0.08349609375,-0.072998046875,-0.09326171875,0.11376953125,0.029052734375,-0.1865234375,-0.037353515625,0.149169921875,-0.1494140625,0.070556640625,0.031494140625,-0.1044921875,-0.1044921875,-0.0068359375,0.033447265625,-0.0673828125,0.00537109375,0.0791015625,-0.09619140625,-0.08203125,-0.02587890625,-0.128173828125,0.057861328125,0.0771484375,0.0771484375,-0.108154296875,-0.045654296875,0.1044921875,-0.051513671875,-0.079833984375,0.08837890625,-0.014404296875,-0.105712890625,0.05712890625,-0.092529296875,0.0234375,0.122314453125,0.122314453125,-0.119873046875,-0.118408203125,0.1552734375,0.068359375,-0.135986328125,0.005126953125,0.119873046875,-0.08203125,0.06689453125,-0.01904296875,-0.052490234375,-0.052490234375,0.068115234375,-0.0185546875,-0.1025390625,0.037841796875,0.057861328125,-0.129150390625,-0.050537109375,-0.041259765625,-0.110595703125,0.060791015625,0.021240234375,-0.109130859375,-0.109130859375,0.001220703125,0.06689453125,-0.076904296875,-0.0537109375,0.0595703125,-0.072021484375,0.102294921875,-0.019287109375,-0.1728515625,0.00146484375,0.122802734375,0.122802734375,-0.0771484375,-0.0830078125,0.08935546875,-0.031982421875,-0.11962890625,0.035888671875,0.04150390625,-0.073974609375,0.089111328125,-0.081298828125,-0.053466796875,0.0908203125,-0.052978515625,-0.052978515625,-0.084716796875,0.095703125,0.021728515625,-0.131103515625,0.018310546875,0.1201171875,-0.114501953125,0.1435546875,-0.008056640625,-0.16259765625,0.02734375,0.105224609375,-0.054443359375,-0.054443359375,-0.0205078125,0.066650390625,-0.090087890625,-0.06787109375,0.12939453125,-0.001708984375,-0.138427734375,0.098876953125,-0.08251953125,-0.073974609375,0.0478515625,-0.0595703125,-0.042724609375,-0.042724609375,0.090087890625,-0.047119140625,-0.134521484375,0.045654296875,0.06787109375,-0.119873046875,0.095458984375,-0.04248046875,-0.054931640625,0.0791015625,-0.04443359375,-0.121826171875,0.08447265625,0.08447265625,0.115966796875,-0.13623046875,-0.118408203125,0.1025390625,0.021240234375,-0.05859375,-0.04833984375,-0.07275390625,0.060791015625,0.0341796875,-0.134765625,0.005126953125,0.005126953125,0.1572265625,-0.071044921875,-0.13818359375,0.0751953125,0.03759765625,-0.11083984375,0.11279296875,-0.09619140625,-0.10791015625,0.119140625,0.025390625,-0.132080078125,-0.000244140625,-0.000244140625,0.066650390625,-0.062744140625,-0.038330078125,0.077880859375,-0.042724609375,-0.078369140625,0.00341796875,-0.101806640625,0.014404296875,0.056884765625,-0.049560546875,-0.009033203125,0.05712890625,0.05712890625,-0.0673828125,-0.0322265625,0.1044921875,-0.065185546875,-0.13818359375,0.11279296875,-0.145751953125,-0.11083984375,0.09521484375,0.0048828125,-0.053466796875,0.0361328125,-0.057861328125,-0.057861328125,-0.072509765625,0.096435546875,0.029296875,-0.16357421875,0.00341796875,-0.086669921875,-0.13916015625,0.08740234375,0.025390625,-0.091796875,0.029541015625,0.02880859375,-0.115966796875,-0.115966796875,-0.012451171875,0.091552734375,-0.107421875,-0.078369140625,0.124755859375,-0.172607421875,0.0302734375,0.11279296875,-0.073486328125,-0.039306640625,0.09130859375,-0.068115234375,-0.068115234375,-0.092041015625,0.09716796875,0.0224609375,-0.123046875,0.020751953125,-0.066162109375,-0.07421875,0.066162109375,-0.0302734375,-0.056884765625,0.06689453125,-0.013916015625,-0.093505859375,-0.093505859375,0.048828125,0.06787109375,-0.118896484375,-0.0302734375,0.116455078125,-0.08447265625,0.118408203125,0.0205078125,-0.15283203125,0.03076171875,0.161865234375,-0.09912109375,-0.161376953125,-0.161376953125,0.096923828125,0.06201171875,-0.083984375,0.00732421875,-0.0986328125,-0.052734375,0.09130859375,-0.0439453125,-0.09326171875,0.082763671875,0.031494140625,-0.109130859375,-0.030517578125,-0.030517578125,0.039794921875,-0.038330078125,-0.0078125,0.0478515625,-0.05029296875,0.11376953125,-0.031982421875,-0.1474609375,0.058837890625,0.1044921875,-0.1328125,-0.105712890625,0.10498046875,0.10498046875,0.00439453125,-0.06494140625,0.038818359375,-0.051025390625,0.080322265625,0.07470703125,-0.135986328125,-0.025146484375,0.15625,-0.046875,-0.13818359375,0.056884765625,0.028076171875,-0.0888671875,-0.0888671875,0.028564453125,0.066650390625,-0.080078125,0.078125,-0.09716796875,-0.074951171875,0.12939453125,0.001708984375,-0.160888671875,0.021240234375,0.11669921875,0.11669921875,-0.085205078125,-0.0556640625,0.10595703125,-0.116455078125,0.08447265625,0.05322265625,-0.106689453125,0.003662109375,0.109619140625,-0.082275390625,-0.114501953125,0.07275390625,0.07275390625,0.00732421875,-0.075439453125,0.027099609375,-0.08984375,-0.01416015625,0.070068359375,-0.07470703125,-0.064453125,0.091064453125,-0.016845703125,-0.107177734375,-0.107177734375,0.039306640625,0.052978515625,-0.036376953125,0.083984375,-0.063232421875,-0.09423828125,0.0927734375,0.024658203125,-0.1083984375,0.00146484375,0.0537109375,-0.078125,-0.078125,-0.0517578125,0.071044921875,-0.057373046875,0.06396484375,-0.03515625,-0.087890625,0.05126953125,0.02783203125,-0.109375,0.025146484375,0.135009765625,0.135009765625,-0.0947265625,-0.11474609375,0.006103515625,-0.11865234375,0.05419921875,0.0810546875,-0.13037109375,-0.053466796875,0.13916015625,-0.05029296875,-0.142578125,0.07958984375,0.07958984375,0.06982421875,-0.0419921875,0.051513671875,-0.0361328125,0.00390625,0.06591796875,-0.10498046875,-0.079833984375,0.128662109375,0.023193359375,-0.12353515625,-0.12353515625,0.031494140625,-0.119140625,-0.058349609375,0.1015625,-0.056640625,-0.0810546875,0.10302734375,-0.007568359375,-0.173583984375,0.006103515625,0.134765625,-0.080078125,-0.102294921875,-0.102294921875,0.083740234375,-0.08642578125,0.044189453125,0.02197265625,-0.10595703125,-0.003173828125,0.09619140625,-0.06298828125,-0.080322265625,0.06689453125,-0.020751953125,-0.060546875,-0.060546875,0.041015625,-0.0966796875,0.054931640625,0.0849609375,-0.155029296875,-0.075439453125,0.186279296875,0.0087890625,-0.20166015625,-0.014892578125,0.117919921875,-0.026611328125,-0.043212890625,-0.043212890625,0.05810546875,-0.066650390625,0.07275390625,-0.01416015625,-0.0771484375,0.05810546875,0.0458984375,-0.093994140625,-0.0146484375,0.073974609375,-0.085693359375,-0.035888671875,0.12255859375,0.12255859375,-0.154052734375,0.071044921875,0.114990234375,-0.10986328125,-0.0556640625,0.1083984375,-0.032958984375,-0.074951171875,0.0625,-0.031982421875,-0.074462890625,0.097900390625,0.042236328125,0.042236328125,-0.0458984375,0.142578125,-0.053955078125,-0.094970703125,0.0810546875,-0.010498046875,-0.11767578125,0.03564453125,0.056396484375,-0.116943359375,-0.019775390625,0.101806640625,-0.08447265625,-0.08447265625,0.076416015625,-0.02490234375,-0.1044921875,0.05810546875,0.048583984375,-0.125,-0.001708984375,0.115478515625,-0.12841796875,-0.125244140625,0.144287109375,0.063232421875,-0.16259765625,-0.04736328125,0.103759765625,-0.013427734375,-0.026123046875,0.033935546875,-0.083740234375,-0.048828125,0.111572265625,0.002197265625,-0.123779296875,0.05615234375,0.128173828125,-0.102294921875,-0.09716796875,0.090576171875,-0.00537109375,-0.068359375,0.05908203125,0.015869140625,-0.089111328125,0.020263671875,0.057861328125,-0.123291015625,-0.042724609375,0.134521484375,-0.05078125,-0.05078125,0.0595703125,0.091552734375,-0.099365234375,-0.063720703125,0.06005859375,-0.03857421875,-0.0498046875,0.062255859375,-0.02490234375,-0.009765625,-0.05810546875,-0.067626953125,-0.116943359375,-0.011962890625,0.079345703125,-0.088134765625,-0.05908203125,0.10888671875,-0.02978515625,-0.132568359375,0.052490234375,0.06494140625,-0.1328125,-0.043212890625,0.118408203125,-0.03369140625,-0.08251953125,0.04736328125,-0.04248046875,-0.0849609375,0.09765625,0.05517578125,-0.1689453125,-0.050048828125,0.15478515625,-0.025390625,-0.1142578125,0.048583984375,0.004638671875,-0.102294921875,0.02685546875,0.08544921875,-0.082763671875,-0.045166015625,0.107666015625,-0.038818359375,-0.127685546875,0.05078125,0.066162109375,-0.059814453125,-0.0009765625,0.056396484375,-0.0615234375,-0.03857421875,0.072265625,-0.045654296875,-0.063720703125,0.076171875,0.005126953125,-0.093505859375,0.0341796875,0.06982421875,-0.130615234375,-0.074462890625,0.132568359375,-0.00732421875,-0.153564453125,0.004150390625,0.07275390625,-0.0400390625,-0.02685546875,0.003173828125,-0.084716796875,-0.010986328125,0.090576171875,-0.081787109375,-0.100341796875,0.108154296875,0.050537109375,-0.133056640625,-0.036865234375,0.072021484375,-0.06982421875,-0.0361328125,0.11279296875,-0.04931640625,-0.16455078125,0.046142578125,-0.094482421875,-0.094482421875,-0.06640625,0.09375,-0.017822265625,-0.101806640625,0.037841796875,0.0126953125,-0.07373046875,0.03271484375,0.065673828125,-0.087646484375,-0.0693359375,0.07958984375,-0.060546875,-0.060546875,0.040283203125,-0.029052734375,-0.072998046875,0.06982421875,0.055908203125,-0.12890625,-0.02978515625,0.14794921875,-0.04345703125,-0.161865234375,0.034912109375,0.068115234375,0.0068359375,0.0068359375,0.011962890625,-0.092529296875,0.005859375,0.106201171875,-0.095947265625,-0.104248046875,0.12255859375,0.05224609375,-0.120361328125,-0.021240234375,0.041748046875,-0.07763671875,0.090576171875,0.090576171875,-0.088134765625,-0.090576171875,0.101806640625,-0.009765625,-0.1494140625,0.041259765625,0.10791015625,-0.115478515625,-0.085205078125,0.09912109375,-0.020751953125,0.073974609375,0.000244140625,0.000244140625,-0.133544921875,0.009765625,0.1005859375,-0.069580078125,-0.049072265625,0.090087890625,-0.043701171875,-0.10302734375,0.056396484375,0.02099609375,-0.108642578125,0.09423828125,-0.09375,-0.09375,-0.070068359375,0.09912109375,-0.0302734375,-0.112060546875,0.06591796875,0.0576171875,-0.113525390625,-0.020751953125,0.104736328125,-0.058837890625,-0.08203125,-0.018310546875,-0.106689453125,-0.106689453125,0.05322265625,0.070556640625,-0.111328125,-0.048095703125,0.105712890625,-0.045654296875,-0.1171875,0.048583984375,0.01953125,-0.069091796875,0.05517578125,-0.12060546875,-0.0546875,-0.0546875,0.124755859375,-0.0126953125,-0.09912109375,0.046875,0.028076171875,-0.050048828125,0.027587890625,0.005615234375,-0.122314453125,0.025146484375,-0.093994140625,-0.1748046875,-0.1748046875,0.102294921875,0.09619140625,-0.13037109375,-0.04833984375,0.08154296875,-0.061767578125,-0.077392578125,0.0888671875,-0.01220703125,0.042724609375,0.044189453125,-0.09814453125,-0.09814453125,-0.03759765625,0.05615234375,-0.037353515625,-0.014892578125,0.068359375,-0.079833984375,-0.09521484375,0.088623046875,0.012451171875,0.0224609375,0.1064453125,0.1064453125,-0.090576171875,-0.076904296875,0.085693359375,-0.036376953125,-0.088134765625,0.088623046875,0.034423828125,-0.1376953125,-0.011962890625,-0.0478515625,-0.08837890625,0.061767578125,0.061767578125,-0.001953125,-0.075927734375,0.043212890625,0.03662109375,-0.10107421875,-0.015380859375,0.103759765625,-0.0458984375,0.04736328125,-0.008056640625,-0.04638671875,0.06103515625,0.06103515625,-0.001953125,-0.12109375,0.017822265625,0.106201171875,-0.12060546875,-0.10791015625,0.154296875,0.0537109375,-0.053466796875,0.074462890625,-0.020751953125,-0.020751953125,-0.016357421875,0.024169921875,-0.096923828125,-0.0439453125,0.1201171875,-0.0400390625,-0.14697265625,0.061279296875,-0.1201171875,-0.033447265625,0.0947265625,-0.08984375,-0.08984375,-0.072509765625,0.136474609375,-0.0126953125,-0.190673828125,0.029052734375,0.14990234375,-0.07861328125,0.095458984375,-0.015869140625,-0.093994140625,0.057861328125,0.057861328125,0.019287109375,-0.094482421875,0.03076171875,0.09814453125,-0.07080078125,-0.069580078125,0.06591796875,-0.039306640625,-0.06298828125,0.0009765625,-0.100341796875,0.042236328125,0.078369140625,-0.12353515625,-0.12353515625,-0.060302734375,0.138671875,-0.010986328125,-0.14990234375,0.01025390625,0.065185546875,-0.028076171875,0.014404296875,-0.10546875,-0.034912109375,0.09326171875,-0.050537109375,-0.050537109375,-0.0869140625,0.074462890625,0.02001953125,-0.111572265625,0.00439453125,0.066162109375,-0.116455078125,-0.05712890625,-0.00048828125,-0.163330078125,0.00634765625,0.0869140625,-0.043701171875,-0.043701171875,-0.031005859375,0.0263671875,-0.075439453125,-0.01611328125,0.121337890625,-0.05078125,-0.14453125,0.105224609375,-0.11669921875,-0.078857421875,0.094970703125,-0.0126953125,-0.059814453125,-0.059814453125,0.0576171875,-0.025634765625,-0.090576171875,0.06787109375,0.05419921875,-0.145263671875,-0.02978515625,-0.038818359375,-0.171142578125,0.033935546875,0.06494140625,-0.068359375,-0.012451171875,-0.012451171875,0.02734375,-0.087646484375,-0.030029296875,0.078857421875,-0.06982421875,-0.081787109375,0.091064453125,-0.12841796875,0.022216796875,0.07861328125,-0.0927734375,-0.03173828125,0.1005859375,0.1005859375,-0.0673828125,-0.117919921875,0.079345703125,0.039306640625,-0.09716796875,0.023193359375,-0.077880859375,-0.02685546875,0.093017578125,-0.0576171875,-0.078125,0.111328125,0.014892578125,0.014892578125,-0.16796875,0.00244140625,0.161865234375,-0.042724609375,-0.11767578125,0.072021484375,-0.100341796875,0.00048828125,0.0595703125,-0.05419921875,-0.0322265625,0.063720703125,0.063720703125,-0.02685546875,-0.06640625,0.03857421875,-0.023681640625,-0.070068359375,0.0302734375,-0.08935546875,0.019287109375,0.08056640625,-0.11376953125,-0.099365234375,0.127685546875,0.127685546875,0.0322265625,-0.169921875,-0.046875,0.089599609375,-0.004638671875,0.01953125,-0.07958984375,-0.066162109375,0.08349609375,-0.01611328125,-0.12060546875,-0.12060546875,0.049560546875,0.10302734375,-0.087890625,-0.083984375,0.079345703125,-0.06298828125,0.0517578125,0.0009765625,-0.07861328125,0.0361328125,0.05322265625,-0.087158203125,-0.087158203125,0.000244140625,0.1201171875,-0.073486328125,-0.133544921875,0.066650390625,-0.09130859375,-0.005126953125,0.064208984375,-0.075927734375,-0.058349609375,0.078125,0.078125,-0.0361328125,-0.07763671875,0.06201171875,0.002685546875,-0.10888671875,0.052001953125,-0.096923828125,-0.032958984375,0.104248046875,-0.046142578125,-0.1171875,0.052001953125,0.052001953125,0.0224609375,-0.11376953125,-0.01220703125,0.074462890625,-0.05029296875,0.0439453125,-0.056396484375,-0.061767578125,0.09130859375,0.01708984375,-0.140869140625,-0.140869140625,-0.02490234375,0.1005859375,-0.024169921875,-0.044921875,-0.029541015625,-0.091796875,0.04150390625,0.03955078125,-0.07080078125,0.015380859375,0.08349609375,-0.069580078125,-0.069580078125,-0.068603515625,0.0791015625,-0.011474609375,-0.09228515625,0.05078125,-0.086181640625,-0.029296875,0.067626953125,-0.056640625,-0.067626953125,0.07470703125,-0.02392578125,-0.135498046875,-0.135498046875,0.03662109375,0.10302734375,-0.094970703125,-0.103271484375,0.011962890625,-0.091064453125,0.00390625,0.00634765625,-0.05126953125,0.027587890625,0.01220703125,-0.107177734375,-0.018310546875,-0.018310546875,0.08740234375,-0.069580078125,-0.0888671875,0.10791015625,-0.149169921875,-0.00830078125,0.106201171875,-0.06640625,-0.072998046875,0.109130859375,0.013671875,-0.1123046875,0.033203125,0.033203125,0.052001953125,-0.076171875,0.012939453125,-0.087890625,-0.08154296875,0.109130859375,0.00634765625,-0.11669921875,0.01904296875,0.02734375,-0.072021484375,0.009521484375,0.037841796875,0.037841796875,-0.100830078125,-0.008544921875,0.131103515625,-0.16552734375,0.078369140625,0.075439453125,-0.1025390625,-0.0029296875,0.06787109375,-0.09716796875,-0.050537109375,0.122802734375,-0.04443359375,-0.14892578125,0.07177734375,0.08154296875,-0.11083984375,-0.053466796875,0.068359375,0.068359375,-0.0458984375,-0.0390625,0.08544921875,-0.05029296875,-0.078857421875,-0.131591796875,-0.08984375,-0.06884765625,0.056396484375,-0.006103515625,-0.019775390625,-0.019775390625,0.04345703125,-0.076416015625,0.134521484375,0.0576171875,-0.1611328125,-0.047607421875,0.1220703125,-0.048828125,-0.09765625,0.091552734375,0.012451171875,-0.043701171875,-0.093994140625,0.0322265625,0.045654296875,-0.06298828125,-0.00048828125,0.033447265625,-0.052734375,-0.067138671875,-0.14990234375,-0.085205078125,-0.022705078125,0.081298828125,0.081298828125,-0.061279296875,-0.098876953125,0.00927734375,-0.093994140625,0.021728515625,0.0234375,-0.0908203125,-0.010009765625,0.0615234375,-0.0654296875,-0.038330078125,0.071533203125,-0.051025390625,-0.07080078125,-0.07080078125,0.09423828125,-0.119140625,0.063720703125,0.113525390625,-0.11376953125,-0.087890625,0.1103515625,0.000244140625,-0.0732421875,0.0634765625,0.010498046875,-0.095458984375,0.040283203125,0.040283203125,0.068359375,-0.046142578125,0.12255859375,-0.03857421875,-0.117919921875,0.057861328125,0.011474609375,-0.115966796875,0.035888671875,0.106689453125,-0.114501953125,-0.118408203125,0.1103515625,0.02978515625,0.02978515625,-0.11865234375,0.060302734375,-0.078857421875,-0.05810546875,0.0546875,-0.02685546875,-0.044189453125,0.0478515625,-0.036865234375,-0.0859375,0.044677734375,0.015625,-0.10546875,-0.10546875,0.023681640625,-0.08984375,-0.10693359375,0.115478515625,0.044189453125,-0.118408203125,0.005126953125,0.07470703125,-0.041259765625,-0.015869140625,0.02880859375,0.072509765625,-0.06396484375,-0.055908203125,0.04736328125,-0.002197265625,-0.0546875,0.02734375,0.017333984375,-0.064453125,0.038330078125,0.036376953125,-0.094970703125,-0.029541015625,0.07568359375,-0.036865234375,-0.0751953125,0.057861328125,0.021728515625,-0.0723876953125,-0.00634765625,0.0357666015625,-0.0751953125,-0.034912109375,0.076171875,-0.04150390625,-0.09912109375,0.024169921875,0.053466796875,-0.0791015625,-0.029541015625,0.052490234375,-0.03759765625,-0.05712890625,0.0498046875,-0.0115966796875,-0.05224609375,0.064453125,0.0068359375,-0.091796875,0.02490234375,0.065185546875,-0.0498046875,-0.033935546875,0.06201171875,-0.021240234375,-0.081787109375,0.056884765625,0.0595703125,-0.0830078125,0.0537109375,0.067626953125,-0.08984375,-0.06005859375,0.064453125,0.00244140625,-0.071533203125,0.027099609375,0.055908203125,-0.066650390625,-0.05224609375,0.033935546875,-0.0484619140625
Prusa_B,-0.02685546875,-0.048828125,-0.06787109375,-0.06640625,-0.049072265625,0.00537109375,0.06689453125,0.0771484375,0.056640625,0.02392578125,-0.027099609375,-0.070556640625,-0.08154296875,-0.066650390625,-0.02197265625,0.01416015625,0.001953125,-0.0283203125,-0.045654296875,-0.033447265625,0.01513671875,0.060302734375,0.053955078125,0.028076171875,0.046630859375,0.049560546875,-0.01171875,-0.035888671875,-0.018798828125,-0.049072265625,-0.059326171875,-0.01220703125,-0.035888671875,-0.048828125,0.0361328125,0.027099609375,-0.0068359375,0.0546875,0.031494140625,-0.00732421875,0.013671875,-0.029052734375,-0.029296875,-0.056396484375,-0.0673828125,-0.029541015625,-0.029541015625,-0.02587890625,0.01123046875,0.03515625,-0.021240234375,-0.0400390625,-0.02197265625,-0.029541015625,-0.03125,-0.02490234375,-0.0263671875,-0.01953125,-0.013916015625,-0.047607421875,-0.04541015625,-0.015625,-0.017333984375,0.012451171875,0.025390625,0.01318359375,-0.01953125,-0.044189453125,-0.035400390625,-0.0087890625,0.050048828125,0.026611328125,-0.04052734375,-0.03125,-0.025146484375,-0.03271484375,0.007080078125,0.026611328125,-0.0029296875,0.023193359375,0.04296875,-0.00732421875,-0.001220703125,-0.03662109375,-0.03662109375,-0.01123046875,0.045654296875,0.03759765625,-0.018310546875,-0.069091796875,-0.05908203125,0.007080078125,0.0341796875,-0.008544921875,-0.037841796875,-0.02294921875,0.03173828125,0.0498046875,-0.001220703125,-0.001220703125,-0.04296875,-0.051025390625,-0.039794921875,-0.020263671875,-0.01220703125,-0.0107421875,-0.013427734375,-0.02685546875,-0.0302734375,-0.0283203125,0.012939453125,0.020263671875,-0.012939453125,-0.012939453125,-0.039306640625,-0.011474609375,0.012939453125,-0.022705078125,-0.06787109375,-0.064208984375,-0.00927734375,0.0048828125,-0.03564453125,-0.023193359375,0.044189453125,0.0615234375,-0.037109375,-0.011474609375,0.01806640625,-0.0224609375,-0.0224609375,-0.06396484375,-0.039306640625,0.009765625,-0.019775390625,-0.057861328125,-0.00341796875,0.05322265625,0.033203125,0.00048828125,0.03662109375,-0.027587890625,-0.027587890625,-0.0048828125,0.009765625,0.009765625,-0.018310546875,-0.0703125,-0.051025390625,0.0126953125,0.00927734375,-0.0244140625,-0.012451171875,0.004638671875,0.002685546875,-0.018310546875,-0.029052734375,-0.021240234375,-0.025146484375,-0.025146484375,-0.0244140625,-0.017333984375,-0.029296875,-0.001953125,0.035888671875,0.001708984375,-0.0234375,0.0029296875,0.001220703125,-0.03369140625,-0.035400390625,-0.001220703125,0.0029296875,0.0029296875,-0.03515625,-0.04248046875,-0.014892578125,-0.010498046875,-0.02880859375,-0.018798828125,0.004150390625,-0.012939453125,-0.023681640625,-0.006591796875,-0.01708984375,-0.02490234375,-0.000732421875,0.00830078125,-0.022705078125,-0.016357421875,0.019775390625,-0.02197265625,-0.04931640625,-0.02734375,0.014892578125,-0.0009765625,-0.011474609375,0.013671875,0.004638671875,0.001953125,0.011962890625,0.00341796875,0.014404296875,0.014404296875,0.000244140625,-0.030029296875,-0.00146484375,-0.003662109375,-0.046875,-0.0390625,-0.01171875,-0.02099609375,-0.03125,-0.019775390625,-0.003173828125,0.0146484375,-0.00830078125,-0.028564453125,-0.006103515625,-0.020263671875,-0.053466796875,-0.029052734375,-0.00048828125,0.007080078125,-0.006103515625,-0.0244140625,-0.007568359375,-0.009765625,-0.02978515625,-0.014892578125,-0.006591796875,-0.01025390625,0.003662109375,-0.025634765625,-0.04296875,-0.001708984375,-0.001708984375,0.019775390625,-0.0078125,-0.02099609375,-0.017333984375,0.00390625,-0.00048828125,-0.037841796875,-0.03076171875,0.005615234375,-0.011962890625,-0.03662109375,-0.021484375,-0.0166015625,-0.0126953125,-0.01025390625,-0.013671875,-0.017333984375,0.0107421875,0.027587890625,0.012451171875,-0.020751953125,-0.00927734375,0.02197265625,0.005859375,-0.032958984375,-0.03857421875,-0.0361328125,-0.013671875,0.007080078125,0.000244140625,0.010009765625,0.009765625,0.009765625,-0.02197265625,-0.0341796875,0.000244140625,0.01416015625,-0.006103515625,-0.029296875,-0.04296875,-0.041015625,-0.024169921875,-0.008056640625,-0.0048828125,-0.002685546875,0.0048828125,0.0107421875,0.0048828125,-0.026123046875,-0.019287109375,0.00146484375,-0.025634765625,-0.02685546875,0.009521484375,-0.00244140625,-0.027099609375,-0.0078125,0.010009765625,-0.001708984375,-0.0205078125,-0.02978515625,-0.01416015625,-0.00048828125,-0.030517578125,-0.02978515625,-0.02978515625,0.001220703125,-0.0126953125,-0.027099609375,0.0087890625,0.02392578125,-0.01806640625,-0.031494140625,-0.012939453125,-0.015869140625,-0.022705078125,-0.0166015625,-0.011474609375,0.01220703125,-0.005615234375,0.01953125,0.01123046875,-0.00439453125,0.002685546875,-0.00146484375,-0.0146484375,-0.02734375,-0.0400390625,-0.0244140625,-0.0068359375,-0.008544921875,-0.00146484375,0.011474609375,0.009521484375,-0.021240234375,-0.026123046875,0.001220703125,0.001220703125,-0.016357421875,-0.044921875,-0.03173828125,-0.018798828125,-0.03369140625,-0.025146484375,0.00146484375,0.00732421875,-0.006103515625,-0.01025390625,0.013427734375,0.032470703125,-0.000732421875,-0.036376953125,-0.007568359375,-0.036865234375,-0.046142578125,-0.000732421875,0.01806640625,-0.001220703125,0.00341796875,0.017578125,0.02294921875,-0.002197265625,-0.04931640625,-0.043701171875,-0.01513671875,-0.015380859375,-0.01904296875,-0.007080078125,-0.0283203125,-0.0517578125,-0.0517578125,-0.022705078125,0.02587890625,0.018310546875,-0.013916015625,-0.0048828125,0.011962890625,-0.016845703125,-0.04150390625,-0.02880859375,-0.007568359375,-0.010986328125,0.000244140625,0.038330078125,0.005126953125,-0.03125,-0.0078125,0.013916015625,-0.015625,-0.03369140625,-0.02197265625,-0.02880859375,-0.031005859375,-0.0146484375,-0.00537109375,-0.008544921875,-0.01904296875,-0.014404296875,0.00634765625,0.000244140625,-0.031982421875,-0.019775390625,0.01513671875,0.01513671875,-0.0107421875,-0.032958984375,-0.01171875,0.00341796875,-0.012939453125,-0.010986328125,0.022216796875,0.02685546875,-0.003173828125,-0.031005859375,-0.03076171875,-0.028076171875,-0.01416015625,0.0244140625,0.02392578125,-0.016845703125,-0.0224609375,-0.0029296875,-0.00537109375,-0.019775390625,-0.006591796875,0.013671875,-0.013916015625,-0.046875,-0.044921875,-0.02099609375,-0.019287109375,-0.02392578125,-0.0078125,0.01611328125,-0.00732421875,-0.027587890625,-0.001708984375,-0.001708984375,0.014892578125,-0.008056640625,-0.017578125,0.013916015625,-0.008544921875,-0.05810546875,-0.0380859375,0.008544921875,-0.000244140625,-0.007568359375,-0.003662109375,-0.0087890625,-0.00830078125,0.01513671875,0.024169921875,-0.0029296875,-0.033447265625,-0.04345703125,-0.024169921875,-0.02197265625,-0.02490234375,-0.007568359375,0.015869140625,0.0244140625,-0.01171875,-0.03662109375,-0.03076171875,-0.032470703125,-0.031494140625,0.00830078125,0.04443359375,0.04443359375,0.020263671875,-0.022216796875,-0.03564453125,-0.04833984375,-0.077880859375,-0.041015625,0.048828125,0.083740234375,-0.032958984375,-0.035888671875,-0.036376953125,-0.04736328125,-0.01806640625,0.01953125,0.000732421875,-0.033935546875,-0.0322265625,-0.009765625,-0.010009765625,-0.030517578125,-0.01025390625,0.026123046875,0.01123046875,-0.00927734375,-0.01416015625,-0.022216796875,-0.052490234375,-0.053955078125,0.00341796875,0.038818359375,0.022705078125,0.020263671875,0.020263671875,0.02587890625,-0.005859375,-0.055419921875,-0.041259765625,0.022705078125,0.02001953125,-0.03564453125,-0.01171875,-0.00927734375,-0.033447265625,-0.001953125,0.040771484375,0.018310546875,-0.01806640625,-0.019287109375,-0.013916015625,-0.041748046875,-0.056884765625,-0.034912109375,-0.003662109375,-0.016357421875,-0.016845703125,0.01123046875,0.022705078125,0.008544921875,-0.021484375,0.003173828125,0.018798828125,-0.036865234375,-0.060791015625,-0.016357421875,0.002685546875,-0.033447265625,-0.033447265625,-0.033935546875,0.012939453125,0.0234375,-0.010986328125,0.0322265625,0.01904296875,-0.024169921875,-0.048583984375,-0.03857421875,-0.050537109375,-0.064453125,-0.024658203125,0.04150390625,0.033935546875,-0.036865234375,-0.033447265625,0.034912109375,0.020263671875,-0.0322265625,-0.02734375,0.002197265625,-0.011962890625,-0.052490234375,-0.0390625,-0.001708984375,-0.01123046875,-0.01904296875,0.01806640625,0.04931640625,0.0126953125,0.0126953125,-0.015625,0.02294921875,0.00341796875,-0.0546875,0.002197265625,0.00732421875,-0.045654296875,-0.031005859375,0.038818359375,0.02734375,-0.02490234375,-0.03759765625,0.001220703125,0.007568359375,-0.033203125,-0.030517578125,-0.000244140625,-0.02294921875,-0.03955078125,-0.0166015625,0.00341796875,-0.011474609375,-0.003173828125,0.060546875,0.04443359375,-0.041748046875,-0.05615234375,-0.020751953125,-0.021728515625,-0.03857421875,-0.0322265625,-0.0322265625,0.019287109375,0.05859375,-0.03564453125,-0.006103515625,0.00732421875,-0.02294921875,-0.041748046875,-0.02197265625,-0.02734375,-0.0458984375,-0.0166015625,0.024658203125,-0.008544921875,-0.060791015625,-0.01318359375,0.056884765625,0.0068359375,-0.0361328125,0.014892578125,0.019287109375,-0.0546875,-0.07080078125,0.0048828125,0.028076171875,-0.025634765625,-0.032958984375,0.03515625,0.04541015625,-0.025634765625,-0.03173828125,0.0126953125,-0.005126953125,-0.043212890625,-0.01708984375,0.036376953125,-0.005859375,-0.081787109375,-0.042724609375,0.0380859375,0.000244140625,-0.069580078125,-0.002197265625,0.051025390625,0.051025390625,-0.07080078125,-0.00244140625,0.051513671875,-0.026123046875,-0.084228515625,-0.001220703125,0.041015625,-0.024658203125,-0.047607421875,0.026123046875,0.04736328125,-0.03125,-0.027587890625,0.04736328125,0.01171875,-0.085205078125,-0.067138671875,0.037353515625,0.0224609375,-0.06982421875,-0.020263671875,0.046630859375,-0.011474609375,-0.08837890625,-0.038818359375,0.07275390625,0.0185546875,-0.078857421875,-0.0283203125,0.03173828125,-0.04248046875,-0.075927734375,-0.00439453125,0.01513671875,-0.037109375,0.0,0.075439453125,-0.003173828125,-0.088134765625,-0.001220703125,0.0849609375,-0.000732421875,-0.107666015625,-0.0537109375,0.080810546875,0.030517578125,-0.1064453125,-0.0361328125,0.091064453125,0.04345703125,-0.078125,-0.051513671875,0.030517578125,-0.013916015625,-0.051513671875,-0.010009765625,-0.017578125,-0.043212890625,-0.021240234375,0.007080078125,-0.02001953125,-0.037353515625,0.0087890625,0.03466796875,-0.011474609375,-0.02490234375,-0.02490234375,0.010009765625,0.0283203125,-0.00244140625,-0.0322265625,-0.014892578125,-0.009033203125,-0.058837890625,-0.0478515625,0.05126953125,0.095458984375,0.01806640625,-0.05322265625,-0.018798828125,-0.00634765625,-0.07861328125,-0.05908203125,0.049560546875,0.039794921875,-0.0498046875,-0.05908203125,0.003173828125,-0.026611328125,-0.071533203125,0.018310546875,0.087890625,-0.007080078125,-0.10546875,-0.04296875,-0.072998046875,-0.06884765625,-0.06884765625,0.0693359375,0.09912109375,-0.009765625,-0.054931640625,0.017333984375,0.03369140625,-0.032470703125,-0.025634765625,0.02099609375,0.002197265625,-0.054443359375,-0.04736328125,0.0087890625,-0.00341796875,-0.0361328125,0.008544921875,0.045166015625,0.013427734375,-0.026611328125,-0.031005859375,-0.01953125,-0.03662109375,-0.067138671875,-0.033203125,0.027587890625,-0.01123046875,-0.0576171875,0.055419921875,0.009765625,-0.049072265625,-0.049072265625,-0.010986328125,0.021728515625,-0.0458984375,-0.076416015625,-0.010009765625,0.024658203125,-0.017333984375,-0.01123046875,0.054443359375,0.05712890625,-0.014892578125,-0.052978515625,-0.0078125,-0.000244140625,-0.064453125,-0.060546875,0.025146484375,0.02001953125,-0.0751953125,-0.05712890625,0.056884765625,0.02978515625,-0.062744140625,-0.01025390625,0.06298828125,-0.013427734375,-0.091064453125,0.013427734375,-0.05322265625,-0.067138671875,0.04833984375,0.0849609375,0.0849609375,-0.026123046875,-0.051513671875,0.056884765625,0.050048828125,-0.07421875,-0.07373046875,0.0185546875,-0.00537109375,-0.075927734375,-0.01416015625,0.08544921875,0.033935546875,-0.0546875,-0.012451171875,0.04443359375,0.00146484375,-0.065673828125,-0.03955078125,0.009765625,-0.05712890625,-0.088623046875,0.021728515625,0.09521484375,-0.008056640625,-0.076416015625,0.06201171875,-0.054931640625,-0.096435546875,0.046142578125,0.060302734375,-0.081298828125,-0.081298828125,-0.055908203125,0.073974609375,0.023193359375,-0.096923828125,-0.036376953125,0.082763671875,0.040283203125,-0.070556640625,-0.0478515625,0.0283203125,-0.024658203125,-0.093017578125,-0.001708984375,0.080078125,-0.031494140625,-0.079345703125,0.02490234375,0.04931640625,-0.05029296875,-0.09765625,-0.00634765625,0.03173828125,-0.061279296875,0.05029296875,0.0791015625,-0.059814453125,-0.06689453125,0.06982421875,0.057861328125,-0.09716796875,-0.082275390625,-0.082275390625,0.068603515625,0.02197265625,-0.10595703125,-0.01513671875,0.104736328125,0.005615234375,-0.105224609375,-0.00244140625,0.078369140625,-0.032470703125,-0.095703125,0.013916015625,0.0380859375,-0.089599609375,-0.095458984375,0.043212890625,0.07666015625,-0.06494140625,-0.071044921875,0.05517578125,0.0517578125,-0.063720703125,0.040771484375,-0.009765625,-0.109619140625,-0.03271484375,0.078125,-0.005859375,-0.121826171875,0.01708984375,0.153076171875,0.153076171875,0.022216796875,-0.10791015625,-0.01904296875,0.065185546875,-0.042724609375,-0.117919921875,-0.008056640625,0.03662109375,-0.046630859375,-0.0380859375,0.04638671875,0.043701171875,-0.047607421875,-0.060546875,0.02587890625,0.05078125,-0.07470703125,-0.110107421875,0.01904296875,0.029541015625,-0.085693359375,-0.04833984375,0.111328125,-0.084228515625,-0.026123046875,0.09326171875,-0.001220703125,-0.134765625,-0.04541015625,0.0576171875,-0.023681640625,-0.08447265625,0.013916015625,0.09130859375,0.020263671875,0.020263671875,-0.054443359375,-0.017333984375,0.048583984375,-0.009521484375,-0.11767578125,-0.05615234375,0.0576171875,-0.03857421875,-0.122314453125,0.02392578125,0.102294921875,-0.051025390625,-0.0859375,0.096435546875,0.09375,-0.09912109375,-0.097412109375,0.054931640625,0.022705078125,-0.077392578125,0.095703125,0.03857421875,-0.07373046875,0.028564453125,0.111083984375,-0.031494140625,-0.1015625,0.009033203125,0.036865234375,-0.076171875,-0.082275390625,-0.082275390625,0.005126953125,0.01708984375,-0.05126953125,-0.03955078125,0.054931640625,0.0673828125,-0.017578125,-0.0517578125,0.002197265625,0.00439453125,-0.0537109375,-0.06005859375,-0.017333984375,-0.019287109375,-0.054931640625,-0.011962890625,0.0712890625,0.0478515625,-0.015869140625,0.04833984375,-0.008544921875,-0.102783203125,-0.0458984375,0.053466796875,0.053466796875,-0.021240234375,-0.09765625,0.010498046875,0.06201171875,-0.001708984375,-0.010009765625,0.016845703125,-0.03955078125,-0.0205078125,-0.031494140625,-0.07373046875,-0.0615234375,0.005615234375,0.005615234375,0.028076171875,0.006103515625,0.000732421875,0.009765625,0.005859375,-0.027587890625,-0.048583984375,0.01708984375,0.0068359375,-0.04833984375,-0.01513671875,0.039306640625,0.039794921875,0.039794921875,0.0029296875,-0.027587890625,-0.01025390625,0.0234375,0.000732421875,-0.04638671875,-0.042724609375,-0.046875,-0.015869140625,0.0498046875,0.0380859375,-0.02099609375,-0.00390625,-0.00390625,0.0341796875,-0.017578125,-0.0615234375,-0.031494140625,-0.021240234375,-0.06884765625,-0.00830078125,0.106689453125,0.043212890625,-0.064697265625,0.008544921875,0.07958984375,-0.0107421875,-0.0107421875,-0.08984375,-0.038330078125,-0.010986328125,-0.04833984375,-0.02685546875,0.05029296875,-0.03076171875,-0.00048828125,0.02490234375,-0.015869140625,-0.046630859375,-0.03857421875,-0.019287109375,-0.019287109375,-0.047119140625,-0.085693359375,-0.00830078125,0.0869140625,0.02734375,-0.05810546875,0.024658203125,-0.017822265625,-0.017333984375,-0.023681640625,-0.04638671875,-0.060546875,-0.008544921875,-0.008544921875,0.04833984375,0.004638671875,-0.045654296875,0.0400390625,0.115234375,0.0087890625,-0.019775390625,0.020263671875,-0.039794921875,-0.094482421875,-0.03466796875,0.05322265625,0.017578125,0.017578125,-0.05078125,0.0068359375,0.11083984375,0.0107421875,-0.053955078125,0.0302734375,-0.01611328125,-0.063232421875,-0.036865234375,-0.023681640625,-0.025634765625,-0.018798828125,-0.018798828125,-0.005126953125,0.0126953125,0.029052734375,-0.004150390625,-0.034912109375,-0.036376953125,-0.017822265625,0.010986328125,0.015380859375,-0.0322265625,-0.052978515625,-0.052978515625,0.002685546875,0.0283203125,-0.010986328125,-0.03125,-0.014892578125,0.032470703125,-0.003173828125,-0.0625,-0.03662109375,-0.01220703125,-0.00146484375,0.0556640625,0.0556640625,0.0361328125,-0.0263671875,-0.0439453125,-0.076171875,0.04052734375,0.017578125,-0.0517578125,-0.0146484375,0.021240234375,-0.021728515625,0.023193359375,0.02685546875,0.02685546875,-0.043212890625,-0.008056640625,0.02197265625,-0.0517578125,0.0244140625,0.011962890625,-0.012939453125,0.0166015625,-0.003662109375,-0.025390625,-0.006591796875,-0.006591796875,-0.034423828125,-0.04541015625,0.0361328125,0.0556640625,-0.060791015625,-0.011474609375,-0.013671875,0.00439453125,-0.01513671875,-0.047607421875,0.0078125,0.048583984375,0.048583984375,0.0283203125,-0.038818359375,-0.098876953125,-0.005126953125,-0.009521484375,0.028076171875,0.025146484375,-0.056884765625,-0.0205078125,-0.00634765625,-0.079345703125,-0.0009765625,-0.0009765625,0.05419921875,-0.048828125,-0.00341796875,-0.02294921875,-0.0029296875,0.01806640625,-0.02294921875,0.013427734375,0.059814453125,-0.042724609375,-0.126220703125,-0.060302734375,-0.060302734375,0.0263671875,0.07470703125,-0.013916015625,-0.09619140625,-0.062255859375,0.007568359375,0.053466796875,0.06689453125,0.016845703125,-0.04931640625,-0.057861328125,-0.057861328125,-0.033447265625,-0.018798828125,-0.04541015625,-0.0576171875,0.037109375,0.079833984375,0.062255859375,0.022216796875,-0.00244140625,-0.002197265625,-0.0390625,-0.0751953125,-0.0751953125,-0.067138671875,-0.052734375,-0.02099609375,-0.008056640625,0.0078125,0.002197265625,0.00244140625,0.020751953125,0.029052734375,0.016357421875,0.01220703125,0.040283203125,0.040283203125,0.025390625,-0.107177734375,-0.036865234375,-0.003662109375,-0.0419921875,-0.01318359375,0.023681640625,0.02490234375,0.0615234375,-0.03466796875,-0.058349609375,-0.058349609375,0.054931640625,-0.054443359375,0.035888671875,-0.10595703125,0.062744140625,-0.03857421875,-0.103759765625,0.021728515625,-0.087646484375,0.038818359375,0.009033203125,-0.1025390625,-0.1025390625,0.016357421875,0.016357421875,0.0537109375,0.00146484375,0.023193359375,-0.0078125,-0.069580078125,-0.047119140625,-0.07861328125,-0.018310546875,0.03466796875,-0.000244140625,-0.000244140625,0.008544921875,-0.0302734375,0.0029296875,0.00830078125,0.057373046875,-0.0029296875,-0.015869140625,-0.0078125,-0.057861328125,-0.021484375,-0.018798828125,-0.018798828125,-0.03564453125,-0.033203125,-0.046630859375,0.0048828125,0.037841796875,0.013916015625,-0.016845703125,-0.01123046875,-0.022705078125,0.017333984375,0.05859375,-0.0224609375,-0.0595703125,-0.055419921875,-0.08544921875,-0.08544921875,-0.013916015625,-0.03125,0.00439453125,0.033447265625,0.03759765625,-0.001220703125,-0.076416015625,-0.053955078125,0.038330078125,0.0625,-0.028564453125,-0.115478515625,-0.04296875,-0.04296875,0.070556640625,-0.06982421875,-0.097412109375,0.008544921875,0.079833984375,0.017333984375,-0.095458984375,-0.072998046875,0.069580078125,0.106689453125,-0.058349609375,-0.140380859375,-0.00537109375,-0.00537109375,0.103271484375,-0.13671875,-0.04443359375,0.12841796875,0.058837890625,-0.142822265625,-0.099853515625,0.078125,0.093994140625,-0.054931640625,-0.078369140625,0.03271484375,0.031982421875,0.031982421875,-0.098388671875,-0.02880859375,0.0419921875,0.03076171875,-0.005126953125,-0.039794921875,-0.065673828125,-0.03564453125,0.009521484375,0.0029296875,-0.03662109375,-0.026123046875,0.05712890625,0.05712890625,-0.07373046875,-0.087890625,0.008544921875,0.021240234375,-0.03662109375,-0.02001953125,0.056640625,0.05908203125,-0.042724609375,-0.0537109375,-0.005126953125,-0.002197265625,-0.029541015625,-0.029541015625,0.07958984375,0.02392578125,-0.044677734375,-0.01416015625,-0.01416015625,-0.055419921875,-0.064697265625,-0.0087890625,0.05224609375,0.027587890625,-0.010498046875,0.029296875,0.007568359375,-0.069580078125,-0.085693359375,-0.0126953125,0.01806640625,-0.046142578125,-0.0244140625,0.059814453125,0.020751953125,-0.06884765625,-0.067138671875,-0.00244140625,0.008544921875,-0.049560546875,-0.006103515625,0.06591796875,0.005859375,-0.065673828125,-0.06201171875,-0.012451171875,-0.02392578125,-0.068115234375,-0.01513671875,0.052978515625,0.00830078125,-0.046875,0.001220703125,0.00439453125,-0.06201171875,-0.06640625,0.0185546875,0.041259765625,-0.0146484375,-0.030029296875,0.035400390625,0.04345703125,-0.066650390625,-0.08056640625,0.0263671875,0.0283203125,-0.054931640625,-0.03076171875,0.05029296875,0.03955078125,-0.039306640625,-0.022216796875,0.05126953125,0.0009765625,-0.060302734375,-0.009521484375,0.02734375,-0.01806640625,-0.068115234375,-0.03369140625,0.032470703125,-0.009765625,-0.07080078125,0.00439453125,0.0439453125,-0.038818359375,-0.0791015625,-0.01025390625,0.0166015625,-0.040771484375,-0.06201171875,0.012451171875,0.040771484375,-0.027587890625,-0.0390625,0.008056640625,0.00048828125,-0.06591796875,-0.037841796875,0.053955078125,0.033935546875,-0.046630859375,-0.035400390625,0.03173828125,0.016845703125,-0.042236328125,-0.0341796875,0.01171875,0.01025390625,-0.004150390625,0.011962890625,-0.00341796875,-0.047119140625,-0.05419921875,0.0009765625,-0.052001953125,-0.052001953125,-0.0322265625,0.0595703125,0.035400390625,-0.048095703125,-0.033935546875,0.039306640625,0.012939453125,-0.077880859375,-0.05859375,0.044677734375,0.045166015625,-0.038330078125,-0.02783203125,0.02490234375,0.003173828125,-0.055419921875,-0.03271484375,0.042236328125,0.007568359375,-0.0595703125,-0.019287109375,0.026123046875,-0.032958984375,-0.072265625,0.046630859375,0.046630859375,-0.0341796875,-0.068115234375,0.02490234375,0.049072265625,-0.045166015625,-0.06640625,0.010986328125,0.018798828125,-0.037841796875,-0.03271484375,0.037353515625,0.01220703125,-0.0322265625,0.058349609375,0.058349609375,0.027587890625,-0.03662109375,0.011962890625,0.045654296875,-0.03955078125,-0.096923828125,-0.0263671875,0.03857421875,0.004150390625,-0.041748046875,0.02001953125,-0.030029296875,-0.078125,-0.078125,-0.0087890625,0.015625,-0.05029296875,-0.069580078125,0.018798828125,0.04638671875,-0.03271484375,-0.046142578125,0.0107421875,0.010009765625,-0.052490234375,0.020751953125,0.023681640625,0.023681640625,-0.058349609375,-0.02978515625,0.04296875,0.0107421875,-0.054443359375,-0.02880859375,0.03125,-0.010009765625,-0.056640625,0.006591796875,-0.016845703125,-0.08642578125,-0.08642578125,-0.013916015625,0.047607421875,-0.028564453125,-0.071044921875,0.014404296875,0.048095703125,-0.028564453125,-0.04443359375,0.03076171875,0.0244140625,-0.06591796875,0.027587890625,0.02197265625,0.02197265625,-0.048828125,-0.03369140625,0.042724609375,0.017333984375,-0.068359375,-0.023681640625,0.062255859375,-0.00244140625,-0.066650390625,-0.015380859375,-0.015869140625,-0.0625,0.0078125,0.0078125,0.05908203125,-0.0419921875,-0.073486328125,0.02294921875,0.0439453125,-0.04931640625,-0.076416015625,0.0244140625,0.02880859375,-0.077392578125,-0.072998046875,0.0390625,-0.062255859375,-0.052734375,-0.052734375,0.044677734375,0.0234375,-0.0634765625,-0.030029296875,0.05322265625,-0.004150390625,-0.091552734375,-0.022705078125,0.015869140625,-0.054443359375,0.006591796875,0.006591796875,0.0693359375,-0.013671875,-0.0888671875,0.00830078125,0.0654296875,-0.026123046875,-0.073974609375,0.015380859375,0.060546875,-0.081787109375,0.03515625,0.05859375,0.05859375,-0.068359375,-0.092041015625,0.0400390625,0.04931640625,-0.070068359375,-0.080078125,0.014892578125,0.0185546875,-0.0283203125,0.063232421875,0.039306640625,-0.074462890625,-0.074462890625,-0.056884765625,0.02685546875,-0.0078125,-0.085693359375,-0.02734375,0.061279296875,0.0068359375,-0.060791015625,0.05859375,-0.02294921875,-0.0859375,-0.0859375,0.00439453125,0.05224609375,-0.035400390625,-0.071044921875,0.009765625,0.01708984375,-0.0595703125,-0.0400390625,0.033447265625,-0.04638671875,-0.0390625,0.047119140625,0.047119140625,0.015869140625,-0.0849609375,-0.041015625,0.0517578125,0.01025390625,-0.064453125,0.014892578125,0.085205078125,-0.09033203125,-0.009521484375,0.061279296875,-0.03662109375,-0.03662109375,-0.093994140625,0.0205078125,0.070556640625,-0.035888671875,-0.07861328125,0.00146484375,0.011962890625,-0.061279296875,0.055908203125,0.053466796875,-0.058837890625,-0.064453125,-0.064453125,0.013671875,-0.013916015625,-0.091796875,-0.03515625,0.07275390625,0.019287109375,-0.074951171875,0.0810546875,-0.00244140625,-0.10205078125,-0.028076171875,0.05419921875,-0.01806640625,-0.01806640625,-0.0771484375,0.035400390625,0.08544921875,-0.039306640625,-0.09228515625,0.0224609375,0.055908203125,-0.07470703125,0.05419921875,0.06396484375,-0.06201171875,-0.083251953125,0.02783203125,0.02783203125,0.036376953125,-0.086181640625,-0.0732421875,0.069091796875,0.0595703125,-0.07470703125,-0.059814453125,0.012939453125,-0.097900390625,-0.043212890625,0.0576171875,0.01611328125,-0.069091796875,-0.069091796875,-0.018310546875,0.0556640625,-0.017578125,-0.093505859375,0.00341796875,0.067138671875,-0.044189453125,0.01416015625,0.07373046875,-0.0478515625,-0.09326171875,0.021484375,0.04150390625,0.04150390625,-0.073974609375,-0.0673828125,0.0576171875,0.044189453125,-0.052978515625,-0.04638671875,0.001708984375,-0.09619140625,-0.039794921875,0.08154296875,0.026611328125,-0.0771484375,-0.00048828125,-0.00048828125,0.08984375,-0.006103515625,-0.1162109375,-0.02734375,0.07373046875,-0.010986328125,0.010986328125,0.07080078125,-0.033935546875,-0.09375,0.011962890625,0.05029296875,-0.055419921875,-0.055419921875,-0.07373046875,0.031494140625,0.0224609375,-0.085693359375,-0.0576171875,0.052001953125,-0.06884765625,-0.03515625,0.070556640625,0.0107421875,-0.101806640625,-0.04248046875,0.064697265625,0.064697265625,-0.001708984375,-0.086181640625,0.000244140625,0.075439453125,-0.0205078125,0.014892578125,0.082763671875,-0.03759765625,-0.088623046875,0.04638671875,0.07568359375,-0.07958984375,-0.104248046875,-0.104248046875,0.046875,0.046875,-0.089599609375,-0.07177734375,0.0732421875,-0.067626953125,-0.064453125,0.05712890625,0.025390625,-0.100341796875,-0.049560546875,-0.049560546875,0.0791015625,0.020263671875,-0.089599609375,-0.02734375,0.072998046875,-0.1015625,-0.004150390625,0.08935546875,-0.02587890625,-0.128173828125,-0.01220703125,0.086669921875,0.086669921875,-0.019775390625,-0.08642578125,0.03125,0.08837890625,-0.04638671875,0.0078125,0.0322265625,-0.073974609375,-0.07861328125,0.054931640625,0.048828125,-0.077880859375,-0.077880859375,-0.046142578125,0.064697265625,0.00146484375,-0.10205078125,0.09130859375,0.018798828125,-0.104736328125,-0.013671875,0.0849609375,-0.008056640625,-0.08935546875,-0.08935546875,0.00244140625,0.091064453125,-0.019287109375,-0.090087890625,0.05859375,-0.058837890625,-0.084228515625,0.022705078125,0.042724609375,-0.0615234375,-0.04931640625,0.076416015625,0.076416015625,0.055419921875,-0.103271484375,-0.10595703125,0.046142578125,-0.1015625,-0.08544921875,0.0625,0.0234375,-0.088623046875,-0.029541015625,0.065673828125,0.065673828125,-0.007568359375,-0.096923828125,-0.0009765625,0.099365234375,-0.09375,0.010009765625,0.042724609375,-0.074462890625,-0.082763671875,0.070068359375,0.078857421875,-0.072509765625,-0.072509765625,-0.071533203125,0.0673828125,0.0498046875,-0.068603515625,0.08203125,0.03173828125,-0.1298828125,-0.06787109375,0.099365234375,0.03662109375,-0.103515625,-0.05029296875,0.07958984375,0.07958984375,0.019775390625,-0.11181640625,-0.021728515625,-0.01611328125,-0.120849609375,0.01025390625,0.100830078125,-0.041015625,-0.11328125,0.042236328125,0.107666015625,-0.052490234375,-0.1083984375,-0.1083984375,0.029541015625,0.06298828125,-0.091064453125,0.06201171875,0.07080078125,-0.0849609375,-0.075927734375,0.0732421875,0.03564453125,-0.11865234375,-0.076416015625,0.08935546875,0.032958984375,-0.1181640625,-0.1181640625,-0.051025390625,0.0966796875,0.0078125,-0.016845703125,0.0966796875,-0.018798828125,-0.1142578125,0.029052734375,0.13525390625,-0.01416015625,-0.09912109375,0.02099609375,0.065673828125,-0.06591796875,-0.087646484375,0.0576171875,0.0576171875,0.072998046875,-0.065185546875,-0.066650390625,0.072265625,-0.123046875,-0.090087890625,0.078369140625,0.020263671875,-0.132568359375,-0.042236328125,0.127685546875,0.038818359375,-0.1162109375,-0.02197265625,0.090576171875,0.090576171875,-0.033203125,-0.1357421875,-0.0244140625,-0.048583984375,-0.1005859375,0.044189453125,0.101806640625,-0.02685546875,-0.057373046875,0.0478515625,0.028076171875,-0.101806640625,-0.0703125,-0.0703125,0.068115234375,0.049560546875,-0.0537109375,0.058837890625,-0.020263671875,-0.127685546875,-0.022705078125,0.102294921875,0.0009765625,-0.109619140625,0.001220703125,0.106689453125,-0.0283203125,-0.1474609375,-0.0185546875,0.094970703125,0.094970703125,-0.031982421875,-0.1005859375,0.126708984375,0.126708984375,-0.057373046875,0.026611328125,0.028076171875,-0.112548828125,-0.08984375,0.08740234375,0.068359375,-0.072998046875,-0.017333984375,0.11279296875,0.11279296875,0.02783203125,-0.08251953125,0.06640625,-0.0166015625,-0.126708984375,0.00341796875,0.126708984375,-0.0029296875,-0.130859375,-0.01806640625,0.076416015625,0.076416015625,-0.056884765625,-0.108642578125,0.10546875,-0.0185546875,-0.07275390625,0.034423828125,0.047607421875,-0.085693359375,-0.0849609375,0.05908203125,0.054443359375,-0.069580078125,-0.037109375,-0.037109375,0.093017578125,-0.143798828125,-0.08056640625,0.086181640625,0.046142578125,-0.0947265625,-0.0458984375,0.1005859375,0.0458984375,-0.07666015625,-0.029296875,-0.029296875,0.045166015625,-0.115478515625,-0.011962890625,0.037841796875,-0.037109375,-0.03271484375,0.06884765625,0.038330078125,-0.0927734375,-0.086181640625,0.063232421875,0.063232421875,-0.07763671875,-0.056396484375,0.063232421875,0.03076171875,-0.078369140625,-0.053955078125,0.036865234375,0.00048828125,-0.101318359375,-0.029052734375,0.08251953125,-0.001953125,-0.001953125,0.0400390625,0.054443359375,-0.08837890625,-0.11376953125,0.027587890625,0.073486328125,-0.054443359375,-0.063720703125,0.069091796875,0.061767578125,-0.082275390625,-0.08984375,0.054931640625,0.054931640625,-0.087646484375,-0.08251953125,0.030517578125,0.03564453125,-0.05908203125,-0.007080078125,0.094482421875,0.0302734375,-0.076904296875,-0.03515625,0.040283203125,0.040283203125,-0.093017578125,-0.005126953125,0.0546875,-0.039794921875,-0.08642578125,0.026123046875,0.0771484375,-0.048583984375,-0.071044921875,0.024658203125,0.017333984375,-0.064453125,-0.06396484375,0.0546875,0.059326171875,-0.06787109375,-0.05126953125,0.030517578125,-0.0048828125,-0.0693359375,-0.025390625,0.04345703125,0.01171875,-0.05615234375,-0.015869140625,0.033203125,0.001220703125,-0.046142578125,-0.008056640625,0.047119140625,-0.0283203125,-0.05810546875,0.045166015625,0.07763671875,-0.04931640625,-0.11181640625,-0.02783203125,-0.002685546875,-0.065185546875,-0.032470703125,0.047607421875,0.0634765625,0.006103515625,-0.026611328125,-0.00244140625,-0.02880859375,-0.067138671875,-0.031494140625,-0.01220703125,-0.025634765625,0.00146484375,0.0419921875,0.035400390625,-0.017822265625,-0.050537109375,-0.0302734375,-0.024658203125,-0.024658203125,-0.0419921875,0.0205078125,0.056640625,-0.004638671875,-0.027587890625,-0.0048828125,0.01220703125,-0.028564453125,-0.074462890625,-0.048583984375,-0.008544921875,-0.011962890625,-0.0126953125,0.01416015625,0.033203125,0.02392578125,-0.025390625,-0.064697265625,-0.03662109375,-0.03662109375,-0.026611328125,0.03564453125,0.02734375,0.000732421875,0.035400390625,0.03662109375,-0.031005859375,-0.0712890625,-0.032470703125,-0.0244140625,-0.039794921875,-0.01953125,0.03076171875,0.061767578125,0.0322265625,-0.02587890625,-0.04345703125,-0.025146484375,-0.02734375,-0.024658203125,-0.0107421875,0.0126953125,0.0166015625,0.002197265625,-0.018798828125,-0.035400390625,-0.05126953125,-0.03662109375,-0.012451171875,-0.000244140625,-0.000244140625,0.003662109375,0.012451171875,0.006103515625,-0.021484375,-0.03515625,-0.021240234375,-0.009521484375,-0.01611328125,-0.028076171875,0.00537109375,0.0302734375,0.001220703125,-0.028564453125,-0.041259765625,-0.026611328125,-0.027587890625,-0.016845703125,0.02001953125,0.0146484375,0.00341796875,0.019775390625,-0.01123046875,-0.043701171875,-0.051025390625,-0.05029296875,-0.000244140625,0.001220703125,-0.031005859375,-0.015625,0.034912109375,0.0205078125,-0.03125,-0.03857421875,0.002685546875,0.00927734375,-0.03759765625,-0.052734375,-0.005859375,0.030029296875,0.010009765625,-0.017578125,0.003173828125,0.016357421875,-0.008056640625,-0.01416015625,-0.01953125,-0.028076171875,-0.03564453125,-0.021240234375,0.000732421875,-0.0126953125,-0.027587890625,0.019775390625,-0.0185546875,-0.0185546875,-0.0576171875,-0.030517578125,0.002685546875,-0.04443359375,-0.052734375,0.034912109375,0.052978515625,-0.029052734375,-0.029052734375,0.0,-0.017333984375,-0.041259765625,-0.02490234375,-0.004150390625,0.009033203125,-0.0029296875,0.01904296875,0.01904296875,-0.00927734375,-0.06396484375,-0.018310546875,0.02490234375,0.004638671875,-0.01708984375,0.01318359375,-0.031005859375,-0.023681640625,-0.023681640625,-0.008544921875,0.020751953125,0.009033203125,-0.007080078125,-0.01708984375,-0.02880859375,-0.009033203125,-0.00390625,-0.00390625,-0.032958984375,-0.052978515625,-0.0234375,-0.01318359375,-0.044677734375,-0.01708984375,0.01318359375,0.0029296875,0.0029296875,-0.026611328125,-0.0068359375,0.0048828125,-0.011962890625,-0.068603515625,-0.057861328125,-0.004150390625,0.00390625,0.012451171875,-0.00244140625,-0.029052734375,-0.04052734375,-0.04052734375,-0.016845703125,0.001220703125,0.00927734375,0.048583984375,0.044921875,-0.009521484375,-0.03515625,0.005615234375,0.005615234375,-0.006103515625,-0.050537109375,-0.042236328125,-0.001708984375,0.02685546875,0.007568359375,0.01318359375,-0.003662109375,-0.003662109375,-0.01904296875,-0.023193359375,-0.05419921875,0.010009765625,0.00927734375,-0.019287109375,-0.00634765625,0.010498046875,-0.013427734375,-0.013427734375,-0.031005859375,-0.037353515625,-0.03515625,-0.009033203125,-0.00927734375,0.00830078125,-0.005859375,-0.01171875,-0.011474609375,-0.02978515625,0.0126953125,0.0126953125,-0.02880859375,-0.01220703125,-0.012939453125,-0.0419921875,0.04443359375,-0.029541015625,-0.020751953125,-0.069580078125,0.03125,0.03125,-0.078857421875,0.03564453125,0.046142578125,-0.083251953125,0.079833984375,-0.071044921875,0.05615234375,-0.0458984375,-0.0458984375,-0.02880859375,0.0361328125,-0.025634765625,-0.027099609375,0.001708984375,-0.010498046875,-0.00830078125,-0.0068359375,-0.0068359375,-0.01513671875,0.006591796875,-0.029296875,-0.033935546875,-0.0107421875,-0.036376953125,-0.013427734375,0.0126953125,0.0087890625,-0.00732421875,-0.022705078125,-0.0498046875,-0.0498046875,-0.043212890625,-0.02490234375,-0.0126953125,0.0009765625,-0.0205078125,-0.010986328125,-0.0078125,-0.003173828125,-0.003173828125,0.032470703125,0.032470703125,0.0322265625,0.025634765625,-0.012451171875,-0.02734375,-0.03173828125,-0.03564453125,-0.03564453125,-0.04345703125,-0.048095703125,-0.035400390625,-0.005615234375,0.029052734375,0.05322265625,-0.005126953125,-0.04931640625,-0.056640625,-0.056640625,-0.01513671875,0.0390625,0.033203125,-0.03076171875,-0.09033203125,-0.08544921875,-0.0185546875,0.02099609375,-0.052490234375,0.01171875,0.0458984375,0.0458984375,-0.0341796875,-0.063720703125,0.0263671875,0.02001953125,-0.0595703125,-0.005859375,-0.06689453125,0.014404296875,0.006591796875,0.006591796875,-0.099609375,0.00341796875,0.10205078125,0.02001953125,-0.040771484375,-0.0888671875,-0.032470703125,-0.032470703125,0.0380859375,0.000732421875,0.01220703125,0.06298828125,0.007080078125,-0.024169921875,0.0029296875,0.00244140625,0.00244140625,-0.00439453125,-0.032470703125,-0.020751953125,0.043701171875,0.031494140625,-0.039306640625,-0.03759765625,0.00048828125,0.029052734375,-0.009765625,-0.05078125,-0.073486328125,-0.018310546875,-0.018310546875,-0.002197265625,-0.006591796875,0.044677734375,0.04541015625,-0.084716796875,-0.028076171875,-0.009033203125,0.006103515625,0.006103515625,0.00927734375,-0.059814453125,-0.077880859375,-0.016357421875,-0.01513671875,-0.003173828125,-0.004150390625,0.007568359375,0.007568359375,0.034912109375,-0.001953125,-0.0517578125,-0.046875,-0.03173828125,0.0048828125,0.006103515625,-0.0224609375,-0.0224609375,-0.01318359375,0.02001953125,0.019287109375,-0.00341796875,-0.050537109375,-0.06298828125,0.011474609375,0.084228515625,-0.046630859375,-0.05029296875,-0.00830078125,-0.00390625,-0.00390625,-0.01171875,0.028076171875,0.056396484375,0.006103515625,-0.103515625,-0.0009765625,0.11328125,0.057861328125,0.057861328125,-0.077392578125,-0.076904296875,0.031982421875,0.071533203125,-0.10302734375,-0.024169921875,0.0703125,-0.04296875,-0.16650390625,-0.16650390625,-0.019775390625,0.154296875,0.01025390625,-0.029296875,0.15185546875,0.022216796875,-0.1708984375,-0.1708984375,-0.099609375,0.0771484375,0.028076171875,-0.13623046875,-0.0732421875,0.1015625,0.0556640625,-0.09521484375,0.083984375,0.035400390625,-0.056640625,-0.019775390625,0.0244140625,0.0244140625,-0.063232421875,-0.102294921875,0.029541015625,0.013916015625,-0.07373046875,-0.00927734375,0.060546875,0.007080078125,0.007080078125,-0.074951171875,-0.056640625,0.015625,-0.050537109375,-0.077880859375,0.020263671875,0.023193359375,0.006591796875,-0.00390625,-0.021728515625,0.001220703125,0.0166015625,0.0166015625,-0.0322265625,-0.101318359375,-0.075439453125,0.0380859375,-0.018310546875,-0.0087890625,0.035888671875,0.014892578125,-0.02197265625,-0.02197265625,-0.008544921875,0.016357421875,-0.033447265625,-0.09033203125,0.021240234375,-0.03125,-0.087890625,-0.001708984375,0.089111328125,0.010009765625,0.010009765625,-0.07666015625,-0.018310546875,-0.012451171875,-0.111328125,-0.05126953125,0.032958984375,-0.001953125,-0.0849609375,-0.0849609375,-0.02783203125,0.107666015625,-0.064208984375,-0.038818359375,0.04345703125,0.001708984375,-0.061767578125,-0.01904296875,-0.01904296875,0.001708984375,-0.042236328125,0.05859375,0.052490234375,-0.04541015625,-0.02197265625,0.055419921875,0.01025390625,0.01025390625,-0.0927734375,0.04736328125,0.04736328125,-0.0263671875,-0.111328125,0.08154296875,0.041015625,-0.07373046875,-0.030517578125,0.085205078125,0.033935546875,0.033935546875,-0.116455078125,-0.084716796875,0.0361328125,-0.13232421875,-0.076904296875,0.1083984375,0.06689453125,-0.088134765625,-0.088134765625,-0.035888671875,0.07861328125,-0.1181640625,-0.00927734375,0.054443359375,-0.055419921875,-0.099853515625,0.024658203125,0.064697265625,0.064697265625,-0.038330078125,0.06298828125,0.00390625,-0.100341796875,-0.055419921875,0.052001953125,0.005859375,-0.088134765625,-0.088134765625,-0.059326171875,0.024169921875,0.01904296875,-0.02490234375,0.050537109375,-0.009033203125,-0.048828125,-0.005615234375,0.0302734375,-0.05029296875,-0.0888671875,-0.0888671875,0.01318359375,-0.024658203125,-0.04345703125,0.0625,0.062744140625,-0.076904296875,-0.078125,0.048095703125,0.048095703125,0.02490234375,-0.0654296875,0.029296875,-0.0009765625,-0.075439453125,-0.000244140625,0.08837890625,0.00634765625,0.00634765625,-0.083984375,-0.00341796875,-0.051025390625,-0.11181640625,0.013427734375,0.087158203125,-0.042724609375,-0.11279296875,-0.11279296875,0.01806640625,0.103759765625,-0.103515625,-0.103515625,0.04052734375,-0.067626953125,-0.110595703125,0.021484375,0.038818359375,-0.0810546875,-0.048095703125,0.083740234375,0.083740234375,0.023681640625,-0.031005859375,0.080810546875,-0.027099609375,-0.134765625,-0.010986328125,0.10302734375,-0.017578125,-0.017578125,-0.11279296875,0.090576171875,-0.01025390625,-0.079345703125,0.022705078125,0.0693359375,-0.048095703125,-0.107421875,0.01220703125,0.01220703125,0.074951171875,-0.077880859375,0.03076171875,0.053955078125,-0.05029296875,-0.047119140625,0.048583984375,0.040283203125,0.040283203125,-0.08251953125,0.067626953125,0.067626953125,0.00537109375,-0.052001953125,0.056884765625,-0.00732421875,-0.075439453125,0.02294921875,0.08203125,-0.03369140625,-0.0966796875,-0.0966796875,0.058349609375,-0.058837890625,-0.103515625,0.014404296875,0.0615234375,-0.043701171875,-0.068115234375,0.042724609375,0.042724609375,-0.0498046875,-0.067138671875,0.052001953125,0.04052734375,-0.0771484375,-0.077880859375,0.011474609375,0.015380859375,0.015380859375,-0.0322265625,0.072265625,0.02099609375,-0.0908203125,-0.0498046875,0.06591796875,0.01416015625,-0.09033203125,-0.09033203125,-0.0380859375,-0.0166015625,-0.08740234375,-0.08740234375,0.07958984375,0.000732421875,-0.0546875,0.016357421875,0.06298828125,-0.0234375,-0.091796875,-0.01904296875,-0.01904296875,-0.01611328125,-0.04150390625,0.034912109375,0.056640625,-0.036376953125,-0.063232421875,0.012451171875,0.038818359375,0.038818359375,-0.054931640625,0.00048828125,-0.006103515625,-0.066162109375,-0.046630859375,0.030029296875,0.0205078125,-0.0615234375,-0.0615234375,0.052978515625,0.0107421875,-0.067138671875,-0.03271484375,0.030029296875,-0.01806640625,-0.06298828125,0.01416015625,0.01416015625,0.06982421875,-0.0576171875,0.007080078125,0.007080078125,-0.036865234375,-0.07958984375,0.005126953125,0.02392578125,-0.06787109375,-0.06982421875,0.038330078125,0.041748046875,-0.052734375,-0.032958984375,0.053466796875,0.01025390625,-0.08251953125,-0.04248046875,0.0283203125,-0.027587890625,-0.084716796875,-0.018798828125,0.0478515625,-0.006103515625,-0.067138671875,0.006591796875,0.05322265625,-0.03076171875,-0.06396484375,0.0244140625,0.06884765625,-0.037353515625,-0.09375,0.008544921875,0.052978515625,-0.03125,-0.04638671875,0.046875,0.060546875,-0.0615234375,-0.0615234375,0.0283203125,0.042724609375,-0.07763671875,-0.082763671875,0.03955078125,0.02392578125,-0.078125,-0.05615234375,0.04150390625,0.0205078125,-0.060791015625,0.002685546875,0.08544921875,-0.011962890625,-0.115966796875,-0.051025390625,0.041015625,-0.01318359375,-0.058349609375,0.027099609375,0.068115234375,-0.036376953125,-0.086669921875,0.024658203125,0.07080078125,-0.031005859375,-0.072509765625,0.00927734375,0.031005859375,-0.062255859375,-0.064453125,0.051513671875,0.04345703125,-0.0703125,-0.046875,0.06494140625,0.022216796875,-0.087890625,-0.0361328125,0.039306640625,-0.044189453125,-0.115966796875,-0.005859375,0.084228515625,-0.011962890625,-0.06494140625,0.03125,0.061767578125,-0.0361328125,-0.06689453125,0.016845703125,0.031005859375,-0.059326171875,-0.069580078125,0.034423828125,0.053955078125,-0.049072265625,-0.044921875,0.053466796875,0.02685546875,-0.064697265625,-0.038330078125,0.054443359375,-0.00244140625,-0.122802734375,-0.048095703125,0.07763671875,0.023193359375,-0.0712890625,-0.019775390625,0.06494140625,-0.01513671875,-0.10107421875,-0.005126953125,0.06884765625,-0.021240234375,-0.10009765625,-0.009765625,0.05078125,-0.048583984375,-0.02294921875,0.019775390625,0.057373046875,-0.048095703125,-0.082275390625,0.032958984375,0.051025390625,-0.06591796875,-0.076904296875,0.0234375,0.005859375,-0.083740234375,-0.026611328125,0.072021484375,0.027587890625,-0.08251953125,-0.046630859375,0.05224609375,-0.01611328125,-0.1044921875,-0.037841796875,0.0537109375,0.013427734375,-0.045654296875,-0.005126953125,0.045654296875,-0.005615234375,-0.024658203125,-0.024658203125,0.069580078125,0.01904296875,-0.069091796875,-0.029296875,0.01806640625,-0.029052734375,-0.048583984375,0.023681640625,0.077880859375,0.01416015625,-0.056884765625,-0.016357421875,-0.0576171875,-0.0576171875,-0.078369140625,0.001953125,0.02001953125,-0.0439453125,-0.036865234375,0.02490234375,0.0068359375,-0.043701171875,-0.03271484375,0.010986328125,0.010986328125,-0.04345703125,-0.0390625,0.0087890625,-0.005859375,-0.037841796875,-0.001953125,0.02490234375,-0.02587890625,-0.02587890625,0.00439453125,0.02197265625,-0.0078125,-0.024658203125,-0.022216796875,-0.0205078125,-0.0576171875,-0.053955078125,0.041748046875,0.041748046875,0.0048828125,0.00537109375,0.0166015625,-0.017822265625,-0.083984375,-0.056396484375,0.012451171875,0.008544921875,-0.0263671875,-0.015625,0.001220703125,-0.048828125,-0.048828125,-0.02099609375,0.039306640625,0.015380859375,-0.031982421875,-0.005126953125,0.026611328125,-0.072265625,-0.03125,-0.03125,0.01904296875,0.01904296875,0.0,0.020751953125,0.023681640625,-0.025390625,-0.001708984375,-0.00390625,-0.00390625,-0.053466796875,-0.05517578125,-0.0068359375,0.004638671875,-0.02392578125,-0.01171875,0.016357421875,-0.026123046875,-0.026123046875,-0.00390625,0.015869140625,-0.034912109375,-0.0703125,-0.0166015625,0.02978515625,0.00439453125,-0.01806640625,0.00390625,0.0078125,-0.01171875,0.030029296875,0.030029296875,0.020263671875,-0.0341796875,-0.04052734375,-0.0048828125,-0.01416015625,-0.03857421875,0.03173828125,-0.00537109375,-0.00537109375,-0.0673828125,-0.0341796875,0.04931640625,0.0166015625,-0.06982421875,-0.057861328125,-0.008056640625,-0.04541015625,-0.04541015625,-0.01123046875,0.028564453125,-0.005126953125,-0.03955078125,0.002197265625,0.03564453125,0.000244140625,-0.0234375,-0.019775390625,-0.019775390625,-0.02734375,-0.00537109375,0.0322265625,0.007568359375,-0.049560546875,-0.033203125,0.019287109375,0.018798828125,-0.021728515625,0.0185546875,-0.019775390625,-0.06591796875,-0.06591796875,-0.02685546875,0.025146484375,0.000732421875,-0.03271484375,-0.018798828125,-0.00927734375,-0.01513671875,0.009033203125,0.009033203125,-0.001708984375,-0.04638671875,-0.035888671875,0.023193359375,0.037353515625,-0.04443359375,-0.0048828125,-0.00537109375,-0.00537109375,-0.03662109375,-0.001708984375,0.044921875,0.00244140625,-0.080078125,-0.059326171875,0.044189453125,-0.010986328125,-0.010986328125,-0.024169921875,-0.013427734375,-0.061767578125,-0.0673828125,0.024169921875,0.05419921875,-0.032958984375,-0.086669921875,-0.013427734375,0.01123046875,-0.044677734375,-0.010986328125,-0.010986328125,0.022705078125,-0.021728515625,-0.04833984375,0.019287109375,0.0419921875,-0.0966796875,-0.0087890625,0.053955078125,0.053955078125,0.02392578125,0.010498046875,0.04052734375,0.007080078125,-0.093994140625,0.037841796875,0.0322265625,-0.070068359375,-0.070068359375,-0.06640625,0.016357421875,0.00341796875,-0.0576171875,-0.023681640625,0.0224609375,-0.0693359375,-0.052734375,-0.052734375,0.04150390625,0.02685546875,-0.077880859375,-0.078857421875,0.005615234375,0.032470703125,-0.005615234375,-0.009765625,0.028076171875,-0.015625,-0.02587890625,-0.005615234375,-0.005615234375,-0.030029296875,-0.039794921875,-0.0068359375,0.004150390625,-0.023681640625,0.021728515625,0.018310546875,-0.017578125,-0.017578125,-0.038818359375,-0.016845703125,0.0029296875,-0.01708984375,-0.0224609375,-0.0244140625,-0.069580078125,-0.004638671875,0.0380859375,0.0380859375,0.0146484375,-0.011474609375,-0.008544921875,-0.003173828125,-0.0234375,0.014404296875,0.01953125,-0.051025390625,-0.051025390625,-0.06689453125,0.01904296875,0.06201171875,0.007080078125,-0.02685546875,0.008056640625,-0.00244140625,-0.05029296875,0.021484375,-0.003662109375,-0.075927734375,-0.074462890625,-0.074462890625,-0.002197265625,0.023193359375,-0.010009765625,0.003173828125,-0.008544921875,-0.056884765625,-0.038818359375,0.018798828125,0.018798828125,0.010986328125,-0.052490234375,-0.055908203125,0.002197265625,-0.0185546875,0.0048828125,0.02880859375,0.008056640625,0.008056640625,-0.0087890625,0.0078125,-0.00244140625,-0.041259765625,-0.02685546875,-0.012451171875,-0.0029296875,0.03662109375,0.03662109375,0.055419921875,-0.003662109375,-0.06591796875,-0.03515625,0.026123046875,-0.011474609375,-0.052978515625,-0.025390625,-0.05078125,-0.065185546875,0.01171875,0.074462890625,0.031982421875,0.031982421875,-0.01904296875,0.005615234375,0.01611328125,-0.07421875,-0.0263671875,0.000732421875,-0.02294921875,-0.019287109375,-0.019287109375,0.031982421875,0.032958984375,-0.027587890625,0.0244140625,0.024658203125,-0.03076171875,-0.038330078125,-0.00732421875,-0.00732421875,-0.034912109375,-0.07275390625,-0.035888671875,0.04248046875,-0.00537109375,-0.00732421875,0.00634765625,-0.03466796875,-0.03466796875,-0.061767578125,-0.03125,0.004638671875,-0.005615234375,-0.021728515625,0.000732421875,0.01904296875,0.01025390625,0.04150390625,0.0234375,-0.0546875,-0.072265625,-0.072265625,-0.02392578125,-0.017578125,-0.0439453125,0.03955078125,0.01318359375,-0.0517578125,-0.039794921875,0.022705078125,0.022705078125,0.00390625,-0.0341796875,0.00390625,-0.034423828125,-0.084228515625,-0.032958984375,0.0361328125,0.02001953125,0.02001953125,-0.025146484375,0.012451171875,0.046142578125,-0.076416015625,-0.03515625,-0.0078125,-0.032958984375,-0.029296875,-0.029296875,0.0029296875,0.035400390625,0.015625,-0.025390625,0.0029296875,0.02392578125,-0.01904296875,0.005615234375,-0.028564453125,-0.093017578125,-0.053955078125,0.01953125,0.01953125,-0.000732421875,-0.05517578125,-0.034423828125,0.040771484375,-0.021484375,-0.02490234375,0.018310546875,-0.01611328125,-0.0693359375,-0.0693359375,-0.029541015625,0.0439453125,-0.013671875,-0.001220703125,0.013916015625,-0.0244140625,-0.039306640625,0.004638671875,0.004638671875,0.02392578125,-0.021240234375,-0.036865234375,-0.000244140625,-0.009521484375,-0.005859375,0.032958984375,0.02685546875,0.02685546875,-0.023681640625,-0.032958984375,-0.006591796875,0.01171875,-0.023193359375,-0.060546875,-0.00732421875,-0.028564453125,-0.02099609375,-0.015625,-0.0517578125,-0.03955078125,-0.03955078125,0.0283203125,0.064208984375,-0.02294921875,-0.044677734375,-0.04833984375,-0.05029296875,-0.028076171875,0.044189453125,0.044189453125,0.078369140625,0.00244140625,-0.03515625,0.014404296875,0.0205078125,0.003173828125,0.00634765625,-0.0244140625,-0.0244140625,-0.09033203125,-0.062744140625,0.010498046875,-0.043212890625,-0.0302734375,0.02392578125,0.030029296875,-0.004150390625,-0.004150390625,-0.0224609375,0.010009765625,-0.068115234375,-0.0419921875,0.036865234375,0.031005859375,-0.01025390625,-0.023193359375,-0.023193359375,-0.03515625,-0.02880859375,0.022705078125,0.041015625,-0.02490234375,-0.080322265625,-0.048583984375,0.001953125,-0.00341796875,-0.00341796875,-0.00146484375,0.027587890625,-0.022216796875,-0.031982421875,0.02099609375,0.020751953125,-0.046630859375,-0.067138671875,-0.067138671875,-0.02490234375,-0.0322265625,-0.007080078125,0.02587890625,-0.027587890625,-0.067626953125,-0.0087890625,0.03857421875,0.03857421875,0.006591796875,-0.01611328125,0.00244140625,-0.031494140625,-0.028076171875,0.040771484375,0.056884765625,-0.0126953125,-0.0126953125,-0.04248046875,0.048095703125,-0.033935546875,-0.0869140625,-0.03515625,0.003662109375,-0.048828125,-0.063232421875,-0.063232421875,0.0048828125,-0.00439453125,-0.021240234375,-0.012451171875,-0.01416015625,-0.056640625,-0.06396484375,0.0107421875,0.0107421875,0.035400390625,-0.001708984375,0.010009765625,-0.022705078125,-0.01708984375,0.02294921875,0.01123046875,-0.038330078125,-0.038330078125,-0.058349609375,-0.028076171875,-0.04248046875,-0.043701171875,0.00390625,0.03857421875,-0.006103515625,-0.02783203125,0.042724609375,0.042724609375,0.029541015625,-0.042236328125,-0.0849609375,-0.0263671875,0.037841796875,-0.008056640625,-0.0537109375,-0.02685546875,-0.02685546875,0.052734375,-0.001220703125,-0.040771484375,0.009033203125,0.03857421875,0.001220703125,-0.040771484375,-0.066162109375,-0.066162109375,-0.011962890625,-0.03369140625,-0.02197265625,0.029052734375,0.044921875,0.03759765625,0.00390625,-0.040771484375,-0.040771484375,0.024169921875,-0.026611328125,-0.023681640625,-0.0146484375,-0.050048828125,-0.0107421875,-0.029296875,-0.0986328125,-0.0986328125,0.0087890625,-0.00439453125,-0.002685546875,0.029052734375,-0.008544921875,-0.029296875,-0.036376953125,-0.0595703125,-0.0595703125,0.05615234375,0.06787109375,-0.007568359375,-0.070556640625,-0.050048828125,-0.009765625,0.01513671875,0.00146484375,0.00146484375,-0.02734375,-0.001220703125,0.000732421875,-0.034912109375,-0.0302734375,0.01416015625,-0.000732421875,-0.0009765625,-0.0009765625,-0.011474609375,0.036865234375,0.026611328125,-0.06103515625,-0.01708984375,0.021728515625,-0.01708984375,0.049072265625,0.049072265625,-0.1044921875,-0.017333984375,0.03564453125,-0.0673828125,-0.011474609375,0.0556640625,-0.0478515625,-0.0400390625,-0.0400390625,-0.0341796875,-0.032958984375,-0.009521484375,-0.04248046875,-0.00537109375,0.03076171875,-0.00830078125,-0.010986328125,0.017822265625,0.01513671875,0.002685546875,-0.034912109375,-0.072021484375,-0.05419921875,-0.028076171875,-0.029296875,-0.0234375,-0.016845703125,-0.016845703125,-0.010986328125,-0.0126953125,0.0009765625,0.03369140625,0.02099609375,-0.0146484375,-0.009765625,0.000732421875,0.005859375,0.007080078125,-0.01123046875,-0.005859375,0.022705078125,0.021728515625,0.00439453125,-0.009521484375,-0.02978515625,-0.047607421875,-0.052978515625,-0.04931640625,-0.02880859375,0.0029296875,0.0087890625,-0.003173828125,-0.0146484375,-0.017333984375,0.01220703125,0.046630859375,0.0302734375,-0.010009765625,-0.01416015625,-0.034912109375,-0.079833984375,-0.03955078125,0.003662109375,-0.039794921875,-0.02197265625,0.018798828125,-0.059814453125,-0.0439453125,0.054443359375,-0.018310546875,0.019775390625,0.056884765625,-0.067626953125,0.0224609375,-0.021484375,-0.073486328125,0.03369140625,-0.066650390625,-0.002685546875,-0.010498046875,-0.012939453125,0.034912109375,-0.016357421875,0.000732421875,-0.049072265625,-0.025390625,0.002197265625,-0.029296875,0.017578125,0.02001953125,0.02001953125,-0.00830078125,-0.040283203125,-0.010009765625,-0.0419921875,-0.001708984375,-0.006591796875,-0.0234375,0.01025390625,-0.01513671875,0.00634765625,-0.001708984375,-0.008544921875,0.035888671875,-0.02490234375,-0.024658203125,-0.0244140625,-0.010986328125,0.037841796875,-0.000244140625,-0.00732421875,-0.025146484375,-0.05224609375,-0.0517578125,-0.05615234375,-0.005615234375,0.025634765625,0.01611328125,0.00732421875,-0.02587890625,-0.001708984375,-0.0078125,-0.024658203125,0.025146484375,0.01953125,-0.00830078125,-0.007080078125,-0.028564453125,-0.0341796875,-0.00732421875,-0.03125,-0.03125,-0.022705078125,-0.010498046875,-0.052001953125,-0.024169921875,-0.0087890625,-0.00732421875,0.025634765625,-0.008544921875,-0.0078125,0.017333984375,0.0390625,0.013427734375,-0.013671875,-0.03271484375,-0.056396484375,-0.056396484375,-0.056884765625,-0.06884765625,0.00390625,0.009521484375,0.00341796875,0.023193359375,0.014404296875,0.000244140625,-0.0107421875,-0.001953125,-0.010986328125,-0.03076171875,-0.051513671875,0.023193359375,-0.014892578125,-0.014892578125,-0.0263671875,-0.004150390625,-0.00390625,-0.0185546875,-0.036376953125,-0.0068359375,0.01171875,0.010498046875,0.033203125,0.047607421875,0.017822265625,-0.00537109375,-0.01025390625,-0.053466796875,-0.02490234375,-0.02490234375,-0.018310546875,-0.001708984375,0.0107421875,0.018798828125,0.02734375,0.007080078125,-0.02197265625,-0.033447265625,-0.02978515625,-0.034912109375,-0.022216796875,0.009033203125,0.009765625,-0.021484375,-0.057861328125,-0.057861328125,-0.033447265625,-0.040771484375,-0.058349609375,-0.048095703125,-0.024658203125,-0.02294921875,-0.019287109375,0.01171875,0.005126953125,-0.012451171875,0.009765625,0.00048828125,-0.0380859375,-0.010009765625,-0.009521484375,-0.009521484375,-0.006103515625,-0.0205078125,0.0,0.029296875,0.00732421875,-0.009033203125,-0.01171875,-0.037353515625,-0.0224609375,-0.01416015625,-0.018798828125,0.020751953125,0.044189453125,0.029296875,0.001953125,-0.000732421875,-0.0380859375,-0.00927734375,-0.006103515625,-0.032958984375,0.000244140625,0.017578125,-0.00048828125,-0.015380859375,-0.015380859375,-0.0341796875,-0.040771484375,-0.00830078125,-0.01806640625,-0.00341796875,0.00439453125,0.0029296875,-0.005615234375,-0.031494140625,-0.0517578125,-0.061279296875,-0.02197265625,0.000244140625,-0.022216796875,-0.033447265625,0.00830078125,0.016845703125,-0.01611328125,-0.06103515625,-0.043212890625,-0.014892578125,-0.046142578125,-0.043701171875,0.02734375,-0.015625,-0.005126953125,0.012451171875,0.012451171875,0.01025390625,-0.022216796875,0.005126953125,-0.007568359375,-0.0537109375,-0.02880859375,0.02783203125,0.0126953125,-0.013427734375,-0.013427734375,0.012451171875,0.02685546875,0.010009765625,-0.013671875,-0.008056640625,-0.00439453125,-0.037109375,-0.067626953125,-0.0302734375,0.028564453125,-0.002197265625,-0.046630859375,0.01611328125,0.022705078125,-0.058349609375,-0.061279296875,0.01611328125,0.013671875,-0.07080078125,-0.069580078125,0.02490234375,-0.010498046875,0.0048828125,0.033447265625,-0.03271484375,-0.101806640625,-0.049072265625,0.02490234375,0.0029296875,-0.013427734375,-0.013427734375,0.0302734375,0.054931640625,-0.023193359375,-0.0673828125,-0.00244140625,0.0224609375,-0.02685546875,-0.0673828125,0.00537109375,0.064453125,0.000732421875,-0.047607421875,-0.004150390625,0.00830078125,-0.04638671875,-0.06787109375,0.013671875,0.0576171875,-0.020263671875,-0.04150390625,0.027099609375,-0.05859375,-0.058349609375,0.02685546875,-0.01611328125,-0.09423828125,0.0078125,0.1142578125,-0.00439453125,-0.122802734375,-0.007080078125,-0.007080078125,0.080078125,-0.072509765625,-0.136962890625,0.017333984375,0.0888671875,-0.00732421875,-0.08984375,-0.02001953125,0.05712890625,-0.027587890625,-0.11328125,0.015869140625,0.072021484375,-0.057373046875,-0.068115234375,0.05810546875,0.05126953125,-0.075927734375,-0.064697265625,0.02734375,-0.090576171875,-0.051513671875,0.095947265625,0.072509765625,-0.075927734375,-0.046875,0.099365234375,0.022216796875,-0.153076171875,-0.0751953125,0.09619140625,0.09619140625,0.04296875,-0.097900390625,-0.039306640625,0.101806640625,0.023681640625,-0.115234375,-0.030517578125,0.0849609375,-0.0029296875,-0.126708984375,-0.0068359375,0.083740234375,-0.048095703125,-0.12451171875,0.01171875,0.08154296875,-0.068603515625,0.0771484375,0.107177734375,-0.082275390625,-0.137939453125,0.045166015625,0.073974609375,-0.104248046875,-0.104736328125,0.072998046875,0.07421875,-0.092529296875,-0.067626953125,0.09814453125,0.09814453125,0.05517578125,-0.1240234375,-0.096435546875,0.05810546875,0.033935546875,-0.1044921875,-0.03466796875,0.13720703125,0.05517578125,-0.115966796875,-0.043212890625,0.08642578125,0.007080078125,-0.1572265625,-0.06298828125,0.1220703125,-0.108642578125,0.0283203125,0.128662109375,-0.018310546875,-0.141357421875,0.01025390625,0.107177734375,-0.04248046875,-0.0986328125,0.02880859375,0.066162109375,-0.083251953125,-0.13623046875,0.048583984375,0.048583984375,0.10791015625,-0.07763671875,-0.0869140625,0.103759765625,0.063232421875,-0.140869140625,-0.106689453125,0.081787109375,0.0439453125,-0.1552734375,-0.073974609375,0.14208984375,0.06494140625,-0.149169921875,-0.0556640625,-0.015380859375,-0.17041015625,-0.041015625,0.132080078125,0.012451171875,-0.12109375,0.022705078125,0.123779296875,-0.027099609375,-0.128662109375,0.027587890625,0.119140625,-0.04931640625,-0.13427734375,0.0244140625,0.0244140625,0.08544921875,-0.078857421875,-0.130859375,0.061767578125,0.14013671875,-0.06982421875,-0.13134765625,0.071044921875,0.126953125,-0.0712890625,-0.107666015625,0.05224609375,0.033935546875,-0.099365234375,0.084716796875,0.0771484375,-0.07861328125,-0.048583984375,0.080322265625,0.0107421875,-0.117919921875,-0.035888671875,0.087646484375,-0.017578125,-0.1357421875,-0.000244140625,0.127685546875,-0.009033203125,-0.11376953125,0.005859375,0.005859375,0.0498046875,-0.087646484375,-0.13525390625,0.042724609375,0.09423828125,-0.08447265625,-0.08642578125,0.083740234375,0.086669921875,-0.099365234375,-0.09765625,0.0927734375,-0.125732421875,-0.065673828125,0.1181640625,0.072021484375,-0.115234375,-0.07958984375,0.0869140625,0.029541015625,-0.126220703125,-0.044189453125,0.10888671875,0.03076171875,-0.101806640625,-0.006103515625,0.1083984375,-0.01123046875,-0.13037109375,-0.02392578125,-0.02392578125,0.06884765625,-0.05126953125,-0.0849609375,0.05908203125,0.082763671875,-0.076416015625,-0.12158203125,0.028564453125,0.059326171875,-0.105712890625,0.063232421875,0.078369140625,-0.064208984375,-0.027099609375,0.10546875,0.04150390625,-0.10546875,-0.06201171875,0.07421875,0.01513671875,-0.13037109375,-0.048583984375,0.090087890625,-0.00634765625,-0.109619140625,0.021728515625,0.1279296875,-0.0087890625,-0.1171875,0.003662109375,0.003662109375,0.107666015625,-0.01806640625,-0.11669921875,-0.00341796875,0.059814453125,-0.093017578125,-0.129150390625,0.044921875,0.08984375,-0.049560546875,0.076416015625,0.086669921875,-0.062255859375,-0.084716796875,0.034912109375,0.03271484375,-0.103515625,-0.078857421875,0.070556640625,0.060302734375,-0.069580078125,-0.046875,0.055908203125,-0.01171875,-0.11376953125,-0.0146484375,0.109130859375,-0.001953125,-0.114013671875,-0.009033203125,0.070556640625,0.070556640625,-0.044921875,-0.09521484375,0.0224609375,0.05908203125,-0.05224609375,-0.066650390625,0.036865234375,0.044189453125,-0.085693359375,0.040771484375,0.05029296875,-0.0673828125,-0.021240234375,0.1201171875,0.055419921875,-0.109619140625,-0.068603515625,0.072998046875,0.02587890625,-0.109375,-0.041259765625,0.09912109375,0.031494140625,-0.10009765625,-0.04541015625,0.0673828125,0.00048828125,-0.095947265625,-0.013916015625,0.0849609375,0.0849609375,-0.003662109375,-0.0966796875,-0.0341796875,0.025146484375,-0.059814453125,-0.078857421875,0.044677734375,0.069091796875,-0.0634765625,0.05712890625,0.048828125,-0.07373046875,-0.0703125,0.03662109375,0.020751953125,-0.083251953125,-0.037353515625,0.094970703125,0.050048828125,-0.078125,-0.0263671875,0.06787109375,-0.038330078125,-0.144287109375,-0.03759765625,0.075927734375,-0.007568359375,-0.072509765625,0.032470703125,0.098388671875,-0.03515625,-0.10888671875,-0.10888671875,0.01318359375,0.07861328125,-0.052001953125,-0.094970703125,0.036376953125,-0.066162109375,-0.087890625,0.0537109375,0.06884765625,-0.07763671875,-0.066650390625,0.07470703125,0.068603515625,-0.07861328125,-0.07373046875,0.05029296875,0.011962890625,-0.10888671875,-0.062255859375,0.08203125,0.048828125,-0.0732421875,-0.037841796875,0.056640625,-0.01513671875,-0.109375,-0.02685546875,0.059326171875,-0.0205078125,-0.068603515625,0.027099609375,0.027099609375,0.076904296875,-0.038818359375,-0.09521484375,-0.006103515625,-0.02978515625,-0.045166015625,0.029296875,0.03271484375,-0.0693359375,-0.0615234375,0.048583984375,0.042724609375,-0.047119140625,-0.019775390625,0.074462890625,0.0107421875,-0.084716796875,-0.024658203125,0.057373046875,-0.016845703125,-0.09619140625,-0.014892578125,0.059814453125,-0.0185546875,-0.076904296875,0.017333984375,0.06884765625,-0.03369140625,-0.084716796875,-0.00244140625,0.045654296875,0.045654296875,-0.054931640625,-0.072265625,0.032470703125,-0.046875,-0.05517578125,0.04345703125,0.02294921875,-0.0966796875,-0.062255859375,0.068359375,0.031494140625,-0.069580078125,-0.029541015625,0.054443359375,-0.00634765625,-0.09765625,-0.028564453125,0.08056640625,0.0234375,-0.078125,-0.01318359375,0.083251953125,-0.0029296875,-0.10986328125,-0.0712890625,0.023681640625,-0.03515625,-0.072998046875,0.03515625,0.115234375,0.023681640625,-0.07763671875,-0.07763671875,-0.02099609375,-0.045654296875,-0.0908203125,0.005126953125,0.0458984375,-0.014892578125,-0.02783203125,0.0419921875,0.034423828125,-0.068115234375,-0.07421875,0.024169921875,0.03466796875,-0.04150390625,-0.031982421875,0.04541015625,0.0078125,-0.083984375,-0.043212890625,0.041259765625,0.00048828125,-0.083740234375,-0.0302734375,0.06982421875,-0.010498046875,-0.107666015625,-0.010498046875,0.075927734375,-0.0517578125,-0.107666015625,0.039306640625,0.10107421875,0.10107421875,-0.079833984375,0.033447265625,0.05029296875,-0.065673828125,-0.077392578125,0.03955078125,0.044677734375,-0.0595703125,-0.030029296875,0.055419921875,0.023193359375,-0.046630859375,-0.02197265625,0.025390625,-0.010009765625,-0.049072265625,-0.0166015625,0.038330078125,-0.014892578125,-0.07470703125,-0.00341796875,0.04150390625,-0.03857421875,-0.06103515625,0.0205078125,0.048828125,-0.05224609375,-0.07763671875,0.0419921875,0.063232421875,-0.08251953125,-0.092529296875,0.03515625,0.04345703125,-0.0458984375,-0.039306640625,0.0634765625,0.048095703125,-0.064453125,-0.060546875,0.0244140625,0.009765625,-0.066650390625,-0.0439453125,0.0439453125,0.0322265625,-0.046630859375,-0.01123046875,0.057861328125,-0.021240234375,-0.11083984375,-0.03125,0.057373046875,-0.017578125,-0.0673828125,0.002685546875,0.049072265625,-0.02197265625,-0.059814453125,0.026611328125,0.062744140625,-0.07080078125,-0.07080078125,0.048828125,0.060791015625,-0.048095703125,-0.06396484375,0.014404296875,0.029052734375,-0.054931640625,-0.048095703125,0.06201171875,0.041015625,-0.062255859375,-0.058349609375,0.033203125,0.014404296875,-0.07421875,-0.045654296875,0.0439453125,0.006103515625,-0.0771484375,-0.03515625,0.049072265625,-0.00439453125,-0.073486328125,-0.0126953125,0.0380859375,-0.027099609375,-0.0615234375,-0.008056640625,-0.04345703125,-0.033203125,-0.033203125,0.04345703125,0.038330078125,-0.0341796875,-0.044677734375,0.030517578125,0.035888671875,-0.042724609375,-0.054931640625,0.018798828125,0.00830078125,-0.059326171875,-0.03271484375,0.05029296875,0.0341796875,-0.05029296875,-0.036376953125,0.03564453125,0.004150390625,-0.04833984375,-0.017822265625,0.027099609375,-0.04443359375,-0.082763671875,0.010498046875,0.056884765625,-0.020263671875,-0.007080078125,0.009521484375,-0.023681640625,-0.023681640625,-0.021728515625,0.026611328125,0.0185546875,-0.05615234375,-0.06201171875,0.017578125,0.0029296875,-0.03662109375,0.006103515625,0.021728515625,-0.0380859375,-0.044921875,0.0234375,0.0166015625,-0.0546875,0.01318359375,0.05224609375,0.0302734375,-0.031005859375,-0.001953125,0.037353515625,0.037353515625,-0.093017578125,-0.0263671875,-0.0263671875,0.02392578125,-0.02783203125,-0.02099609375,0.055419921875,0.066162109375,-0.041259765625,-0.095703125,-0.0078125,0.044189453125,-0.036865234375,-0.0546875,0.0439453125,0.048828125,-0.067626953125,0.0009765625,0.01513671875,0.01513671875,-0.0556640625,-0.0556640625,0.0205078125,0.03125,-0.01416015625,-0.009765625,0.019287109375,-0.036376953125,-0.080322265625,-0.0439453125,-0.003662109375,-0.027099609375,-0.02490234375,0.04150390625,-0.01416015625,-0.066162109375,-0.01025390625,-0.01025390625,0.020751953125,-0.039306640625,-0.064453125,-0.00537109375,0.0263671875,-0.01416015625,-0.013671875,0.03759765625,0.0126953125,-0.052490234375,-0.062255859375,0.00927734375,-0.03662109375,-0.01171875,0.04296875,0.04296875,-0.013916015625,-0.067138671875,-0.047607421875,0.010986328125,-0.017333984375,-0.034912109375,0.048828125,0.05126953125,-0.04296875,-0.0595703125,-0.004638671875,-0.046630859375,-0.06494140625,0.029052734375,0.069091796875,0.069091796875,0.001953125,-0.041259765625,-0.006591796875,0.017578125,-0.052001953125,-0.083740234375,-0.00830078125,0.009033203125,-0.0322265625,-0.01171875,0.0419921875,0.01806640625,-0.025634765625,0.032470703125,-0.01904296875,-0.088134765625,-0.018798828125,-0.018798828125,0.0498046875,-0.018310546875,-0.090576171875,-0.009765625,0.06787109375,-0.017578125,-0.070556640625,-0.00390625,0.057373046875,-0.0087890625,-0.067138671875,0.049560546875,-0.019287109375,-0.079833984375,-0.00537109375,0.049560546875,0.049560546875,-0.0283203125,-0.0458984375,0.024658203125,0.027587890625,-0.031982421875,-0.058837890625,0.006591796875,0.01513671875,-0.044921875,0.015625,-0.006103515625,-0.041748046875,-0.000244140625,-0.000244140625,0.053466796875,-0.029296875,-0.09423828125,0.00439453125,0.07666015625,-0.028564453125,-0.0830078125,-0.008544921875,0.062255859375,-0.08544921875,0.000244140625,0.08056640625,0.001220703125,0.001220703125,-0.0703125,-0.0166015625,0.036865234375,-0.022705078125,-0.065185546875,0.0,0.008056640625,-0.05078125,-0.020263671875,0.0205078125,-0.033203125,-0.03515625,0.02099609375,0.02099609375,-0.011474609375,-0.07470703125,-0.0517578125,0.0390625,0.013427734375,-0.052490234375,-0.011962890625,0.0498046875,-0.06494140625,-0.009521484375,0.053466796875,-0.01611328125,-0.077392578125,-0.077392578125,0.006103515625,0.048095703125,-0.010498046875,-0.0556640625,-0.00830078125,0.02001953125,-0.02734375,-0.011962890625,-0.01953125,-0.05029296875,-0.01318359375,0.029541015625,-0.02392578125,-0.02392578125,-0.07861328125,-0.01708984375,0.06396484375,0.000244140625,-0.062744140625,-0.014404296875,0.0361328125,-0.015380859375,0.00390625,0.04345703125,-0.05810546875,-0.078369140625,-0.00244140625,-0.00244140625,0.021240234375,-0.02197265625,-0.045166015625,0.025146484375,0.048583984375,-0.017578125,-0.052001953125,0.01025390625,-0.0146484375,-0.08154296875,-0.024169921875,0.050537109375,0.012939453125,-0.049560546875,-0.049560546875,-0.0576171875,0.0419921875,0.041015625,-0.068359375,-0.055419921875,0.0390625,0.092529296875,-0.128662109375,-0.07421875,0.082763671875,0.096435546875,-0.066162109375,-0.066162109375,-0.129150390625,-0.018798828125,0.095947265625,0.050048828125,-0.155517578125,-0.138427734375,0.114990234375,0.0029296875,-0.128662109375,-0.05126953125,0.1005859375,0.017333984375,0.017333984375,-0.08837890625,-0.08642578125,0.00830078125,0.083984375,-0.046630859375,0.001953125,0.052978515625,0.06005859375,-0.06396484375,-0.1162109375,0.003173828125,0.003173828125,0.052490234375,0.044189453125,-0.027099609375,-0.017578125,0.0234375,-0.00537109375,-0.0712890625,0.01171875,0.06884765625,0.001708984375,-0.04736328125,-0.065673828125,-0.065673828125,0.010498046875,0.062255859375,-0.025146484375,-0.030517578125,-0.02978515625,0.002685546875,-0.030029296875,-0.022216796875,-0.046142578125,-0.001708984375,-0.077880859375,-0.077880859375,-0.0166015625,0.068603515625,-0.008056640625,0.066162109375,-0.094482421875,0.078369140625,-0.0673828125,0.01025390625,0.017822265625,-0.090576171875,0.0546875,-0.012451171875,-0.012451171875,-0.056884765625,0.01806640625,-0.04150390625,-0.005126953125,-0.020263671875,0.01220703125,0.033447265625,-0.01416015625,-0.017822265625,-0.002197265625,0.00146484375,-0.044921875,-0.044921875,-0.04833984375,0.02197265625,0.05029296875,0.012939453125,-0.03173828125,0.021728515625,0.031982421875,-0.018310546875,-0.066162109375,-0.052490234375,-0.0029296875,-0.015869140625,-0.015869140625,-0.0634765625,-0.012939453125,0.1279296875,0.108154296875,-0.10986328125,-0.172119140625,0.14013671875,-0.0576171875,-0.2314453125,-0.057861328125,0.1982421875,0.042236328125,-0.224609375,-0.05029296875,-0.05029296875,0.19384765625,0.03076171875,-0.22705078125,-0.084716796875,0.08056640625,-0.115234375,-0.082275390625,0.118896484375,0.0947265625,-0.10888671875,-0.114013671875,0.05126953125,0.072021484375,0.072021484375,-0.044677734375,-0.069580078125,-0.05078125,-0.007568359375,0.062255859375,-0.148681640625,-0.095703125,0.12451171875,0.0634765625,-0.1201171875,-0.036865234375,0.072998046875,-0.003662109375,-0.003662109375,-0.026123046875,0.002685546875,-0.04052734375,-0.03466796875,0.0224609375,-0.093994140625,-0.019775390625,0.0341796875,-0.05078125,-0.04638671875,0.00341796875,-0.050537109375,-0.0517578125,-0.0517578125,0.0419921875,-0.0234375,-0.103271484375,0.046142578125,-0.0712890625,-0.056884765625,0.008056640625,-0.058837890625,-0.052734375,0.069091796875,0.00390625,-0.141845703125,-0.01123046875,-0.01123046875,0.093017578125,-0.049560546875,-0.091796875,0.04443359375,-0.0693359375,-0.03759765625,0.01220703125,-0.012939453125,0.036865234375,0.025634765625,-0.0771484375,-0.01953125,0.090576171875,0.090576171875,0.009521484375,-0.063720703125,0.054443359375,-0.069091796875,0.00048828125,0.03369140625,-0.055908203125,-0.0087890625,0.093505859375,-0.008056640625,-0.134765625,0.00830078125,0.1064453125,0.1064453125,-0.041259765625,-0.08056640625,0.013427734375,0.021484375,0.000732421875,-0.0234375,-0.048583984375,0.019287109375,-0.005859375,-0.0927734375,-0.013671875,0.029541015625,-0.059814453125,-0.059814453125,-0.044189453125,0.043701171875,-0.09326171875,0.002685546875,-0.010009765625,-0.096435546875,0.022216796875,0.078369140625,-0.078857421875,-0.107666015625,0.048828125,0.04150390625,0.04150390625,-0.07568359375,-0.009765625,-0.049072265625,-0.030517578125,0.0380859375,-0.0224609375,-0.059326171875,0.03369140625,0.02734375,-0.086669921875,-0.031005859375,-0.031005859375,0.0361328125,-0.01513671875,0.028076171875,-0.029541015625,-0.035400390625,0.0595703125,0.0185546875,-0.067626953125,0.037109375,0.051513671875,-0.06982421875,-0.022705078125,-0.022705078125,0.051025390625,-0.04638671875,0.06982421875,0.02001953125,-0.114990234375,-0.00146484375,0.08447265625,-0.041259765625,-0.070556640625,0.044921875,0.0361328125,0.0361328125,-0.07470703125,-0.0234375,-0.0400390625,-0.007568359375,0.046630859375,-0.0263671875,-0.056884765625,0.009033203125,0.002197265625,-0.042236328125,0.010498046875,-0.00390625,-0.00390625,-0.0849609375,0.01220703125,-0.076171875,-0.019287109375,0.0625,-0.03759765625,-0.09716796875,0.02978515625,0.00390625,-0.0966796875,0.033447265625,0.033447265625,0.09326171875,-0.1201171875,0.04736328125,0.058837890625,-0.06396484375,-0.012939453125,0.044677734375,-0.04931640625,-0.050537109375,0.018310546875,-0.007080078125,-0.039794921875,0.02392578125,0.02392578125,0.022216796875,-0.009765625,0.038330078125,-0.021240234375,-0.01025390625,0.021484375,-0.021728515625,-0.017333984375,0.035400390625,-0.02099609375,-0.044677734375,0.08642578125,0.050537109375,0.050537109375,-0.11669921875,0.09765625,0.00732421875,-0.103759765625,0.00390625,0.06201171875,-0.05126953125,-0.048095703125,0.005859375,-0.021728515625,-0.004638671875,0.032470703125,-0.0283203125,-0.0283203125,-0.057861328125,-0.012939453125,-0.064697265625,0.036865234375,0.03369140625,-0.082275390625,-0.02587890625,0.037109375,-0.065185546875,-0.085693359375,0.08203125,0.0517578125,-0.16064453125,-0.16064453125,0.10400390625,0.030517578125,-0.091552734375,-0.021240234375,0.03076171875,-0.037841796875,-0.01904296875,0.005859375,-0.026611328125,0.02197265625,0.029052734375,-0.0595703125,-0.0361328125,-0.0361328125,-0.00390625,-0.05029296875,0.038818359375,0.010498046875,-0.073974609375,0.01953125,0.02197265625,-0.096435546875,-0.025390625,0.10888671875,-0.005126953125,-0.12890625,0.027099609375,0.027099609375,-0.05859375,-0.062255859375,0.052734375,0.0166015625,-0.056396484375,-0.006591796875,0.0029296875,-0.0390625,0.01513671875,0.00146484375,-0.07470703125,-0.005615234375,0.041259765625,-0.050537109375,-0.0439453125,0.0615234375,0.001953125,-0.090576171875,0.000244140625,0.008056640625,-0.075927734375,0.014892578125,0.091552734375,-0.04931640625,-0.127685546875,0.03076171875,0.084228515625,-0.03857421875,-0.04736328125,-0.003662109375,-0.02587890625,0.00390625,0.037353515625,-0.04443359375,-0.085205078125,0.0400390625,0.05078125,-0.100830078125,-0.07177734375,0.033447265625,0.0185546875,-0.006103515625,-0.013427734375,-0.042724609375,-0.016357421875,0.059326171875,-0.018798828125,-0.102783203125,0.041259765625,0.10009765625,-0.07861328125,-0.112548828125,0.051025390625,0.0576171875,-0.06201171875,-0.024169921875,0.02392578125,-0.041015625,-0.00634765625,0.017822265625,-0.060302734375,-0.0458984375,0.052978515625,0.003662109375,-0.094482421875,0.0029296875,0.047119140625,-0.029296875,0.00830078125,0.029052734375,-0.036865234375,0.008056640625,0.0625,-0.05419921875,-0.08984375,0.09765625,0.08154296875,-0.13720703125,-0.08154296875,0.075439453125,0.02734375,-0.053466796875,-0.014892578125,-0.017333984375,-0.060302734375,0.024658203125,0.01904296875,-0.084716796875,-0.01171875,0.082763671875,-0.022705078125,-0.10791015625,-0.007080078125,0.03271484375,-0.022216796875,0.010009765625,-0.01171875,-0.079345703125,0.009765625,0.052001953125,-0.0546875,-0.062255859375,0.044921875,0.0,-0.080322265625,0.01171875,-0.00146484375,-0.087646484375,0.01513671875,0.083740234375,-0.06787109375,-0.103759765625,0.073486328125,0.06689453125,-0.07421875,-0.010009765625,-0.032470703125,-0.032470703125,-0.029541015625,0.015380859375,-0.03271484375,-0.02490234375,0.075439453125,-0.00244140625,-0.110595703125,0.015869140625,0.03857421875,-0.096435546875,-0.037109375,0.119140625,-0.155029296875,-0.155029296875,-0.015625,0.090576171875,-0.039306640625,-0.066162109375,0.017578125,-0.0048828125,-0.041015625,0.0078125,0.0048828125,-0.033447265625,0.035400390625,0.009521484375,-0.014404296875,-0.014404296875,0.038818359375,-0.052001953125,-0.04541015625,0.0546875,-0.014404296875,-0.096435546875,0.016357421875,0.022705078125,-0.08349609375,0.00537109375,0.095947265625,-0.123291015625,0.046630859375,0.046630859375,0.093505859375,-0.066650390625,-0.0546875,0.0458984375,0.01123046875,-0.015380859375,-0.005615234375,-0.02978515625,-0.01708984375,0.043701171875,-0.01416015625,0.023193359375,0.044189453125,0.044189453125,-0.06640625,-0.03173828125,0.03564453125,-0.018310546875,-0.038330078125,0.01611328125,-0.03955078125,-0.064697265625,0.087158203125,0.063720703125,-0.06689453125,0.072265625,0.019775390625,0.019775390625,-0.06396484375,-0.001953125,0.004638671875,-0.049560546875,0.014892578125,-0.002197265625,-0.088623046875,-0.0078125,0.068603515625,-0.0439453125,0.02783203125,0.029541015625,-0.059814453125,-0.059814453125,0.012451171875,0.023681640625,-0.0615234375,-0.009033203125,0.050048828125,-0.03955078125,-0.05029296875,0.095947265625,0.03955078125,-0.137451171875,0.09619140625,-0.00439453125,-0.00439453125,-0.068359375,0.013427734375,0.017578125,-0.05615234375,0.003662109375,0.009765625,-0.06640625,0.006591796875,0.05810546875,-0.043212890625,0.03466796875,0.0166015625,-0.04443359375,0.01611328125,0.01611328125,0.000732421875,-0.057373046875,0.03662109375,0.02490234375,-0.10302734375,-0.0283203125,0.12255859375,0.000244140625,-0.1640625,0.07861328125,-0.03564453125,-0.04931640625,-0.04931640625,-0.000244140625,-0.0390625,-0.038818359375,0.0361328125,-0.01611328125,-0.06591796875,0.0625,0.056396484375,-0.048828125,0.04248046875,-0.00732421875,-0.00732421875,-0.012939453125,0.0390625,-0.0234375,-0.057861328125,0.0576171875,-0.00537109375,-0.11865234375,0.026611328125,0.11279296875,-0.1201171875,0.058349609375,0.06298828125,0.06298828125,-0.08544921875,-0.030029296875,0.048828125,-0.03173828125,-0.050048828125,0.028564453125,0.010498046875,-0.05078125,0.027099609375,-0.0791015625,-0.03173828125,-0.03173828125,0.02587890625,-0.02734375,-0.0244140625,0.026123046875,-0.0224609375,-0.060546875,0.021728515625,-0.013671875,0.027587890625,0.04638671875,-0.0693359375,-0.0283203125,-0.0283203125,0.043701171875,-0.048828125,-0.07470703125,0.095458984375,0.069091796875,-0.1376953125,-0.0634765625,0.093994140625,-0.061767578125,-0.0126953125,-0.003662109375,-0.037109375,-0.037109375,0.0283203125,-0.00537109375,-0.0849609375,0.017822265625,0.063720703125,-0.0693359375,-0.075439453125,0.0087890625,-0.053955078125,0.042724609375,0.01806640625,0.01806640625,-0.088134765625,0.00830078125,0.048095703125,-0.06103515625,-0.029296875,0.094482421875,-0.005126953125,0.0244140625,0.079345703125,-0.072998046875,-0.07177734375,0.034423828125,0.034423828125,0.0009765625,-0.061279296875,-0.001220703125,0.005859375,-0.042724609375,0.01318359375,-0.00146484375,-0.0712890625,0.050048828125,-0.06005859375,-0.052978515625,0.068115234375,0.00390625,0.00390625,-0.088623046875,0.017578125,0.0087890625,-0.088134765625,0.017822265625,0.10986328125,-0.045654296875,0.022216796875,0.085693359375,-0.0673828125,-0.073486328125,0.02392578125,0.001708984375,0.001708984375,-0.040283203125,-0.010498046875,-0.019775390625,-0.037109375,0.049072265625,0.0283203125,-0.09375,0.056884765625,-0.010498046875,-0.041015625,0.009765625,-0.004150390625,-0.025146484375,-0.025146484375,0.031982421875,-0.02734375,-0.083740234375,0.0576171875,0.08203125,-0.10205078125,0.080810546875,0.07275390625,-0.083740234375,-0.04150390625,0.0400390625,-0.02734375,-0.02734375,-0.0263671875,0.012451171875,-0.02880859375,-0.02978515625,0.04931640625,0.01318359375,-0.077880859375,0.00244140625,-0.05126953125,0.039794921875,0.052001953125,-0.097900390625,-0.081787109375,-0.081787109375,0.0966796875,0.03076171875,-0.13427734375,-0.02001953125,0.078125,-0.038330078125,-0.05908203125,-0.0048828125,-0.0146484375,0.032958984375,-0.0341796875,-0.1015625,0.022705078125,0.022705078125,0.029541015625,-0.064697265625,0.00634765625,0.04541015625,-0.066650390625,-0.056396484375,-0.031005859375,-0.084716796875,0.088623046875,0.0751953125,-0.132568359375,-0.080322265625,0.09228515625,0.09228515625,0.032958984375,-0.08447265625,0.000244140625,0.04296875,-0.05419921875,-0.010986328125,-0.02734375,-0.033935546875,0.035888671875,-0.002197265625,-0.06787109375,0.014404296875,0.014404296875,0.023193359375,-0.049560546875,0.009033203125,0.02783203125,-0.06103515625,0.041259765625,-0.02880859375,-0.062255859375,0.0537109375,0.015380859375,-0.09423828125,0.00341796875,0.00341796875,0.02001953125,-0.092529296875,-0.022216796875,0.124267578125,-0.006103515625,-0.012451171875,0.111328125,-0.050048828125,-0.09130859375,0.039794921875,0.0341796875,-0.046630859375,-0.046630859375,-0.020263671875,-0.004150390625,-0.0263671875,0.04150390625,-0.1015625,-0.009033203125,0.057861328125,-0.043701171875,-0.044677734375,0.053955078125,-0.017578125,-0.017578125,-0.08154296875,0.041748046875,0.01123046875,-0.10791015625,0.1220703125,-0.06494140625,-0.153076171875,0.038818359375,0.095947265625,-0.046875,-0.045654296875,0.00048828125,0.00048828125,-0.02392578125,0.022705078125,0.03857421875,-0.068359375,0.0693359375,0.03955078125,-0.115234375,-0.0390625,0.050048828125,-0.015625,-0.022216796875,-0.022216796875,0.011474609375,-0.023681640625,-0.023193359375,0.024658203125,-0.077880859375,0.0693359375,0.05517578125,-0.11083984375,-0.0537109375,0.0908203125,0.01513671875,-0.093505859375,-0.093505859375,0.005615234375,0.0546875,-0.042724609375,0.005859375,-0.02099609375,0.01171875,0.046630859375,-0.028564453125,-0.077880859375,0.008544921875,-0.001708984375,-0.001708984375,-0.04248046875,0.053466796875,0.024658203125,-0.10693359375,-0.039794921875,-0.009765625,-0.102294921875,0.029296875,0.0517578125,-0.064697265625,-0.018310546875,0.0263671875,-0.0322265625,-0.005859375,-0.005859375,0.0439453125,-0.050048828125,-0.094970703125,0.02099609375,-0.102294921875,0.0068359375,0.085205078125,-0.065185546875,-0.12158203125,0.046142578125,0.067626953125,-0.071533203125,-0.027099609375,-0.027099609375,0.045166015625,-0.02490234375,-0.022216796875,-0.0390625,-0.0234375,0.06201171875,0.005859375,-0.0908203125,0.01708984375,0.046875,-0.04443359375,-0.005859375,0.025634765625,0.025634765625,-0.04541015625,-0.02001953125,0.05615234375,-0.094482421875,0.1015625,0.078369140625,-0.14453125,-0.077880859375,0.087646484375,0.02099609375,-0.06201171875,0.013916015625,0.008544921875,0.008544921875,-0.071044921875,0.01220703125,0.0166015625,-0.00537109375,0.064208984375,-0.049072265625,-0.111328125,0.013916015625,0.01611328125,-0.0654296875,0.001953125,0.001220703125,-0.064208984375,-0.064208984375,0.0146484375,0.036376953125,-0.08740234375,0.10302734375,0.027587890625,-0.147705078125,-0.017822265625,0.099853515625,-0.0185546875,-0.06982421875,0.033447265625,0.0244140625,-0.067626953125,-0.067626953125,0.0029296875,0.03466796875,0.014404296875,0.03173828125,-0.05517578125,-0.036865234375,0.037841796875,-0.01806640625,-0.05615234375,0.056396484375,0.032470703125,-0.065185546875,-0.065185546875,0.021728515625,0.016845703125,-0.025146484375,0.127685546875,0.010498046875,-0.166015625,-0.0068359375,0.119140625,-0.030029296875,-0.092041015625,0.005126953125,0.009033203125,-0.05078125,-0.05078125,-0.013427734375,-0.010498046875,0.04052734375,0.009033203125,-0.106201171875,-0.0244140625,0.048095703125,-0.037109375,-0.041748046875,0.046630859375,-0.021484375,-0.083740234375,-0.083740234375,0.041748046875,-0.11083984375,0.02001953125,0.11865234375,-0.052490234375,-0.14013671875,0.041748046875,0.09033203125,-0.045654296875,-0.04345703125,-0.0078125,-0.021240234375,-0.021240234375,0.032470703125,-0.0712890625,-0.04736328125,0.09521484375,0.026611328125,-0.117431640625,-0.0087890625,0.0625,-0.03271484375,-0.03564453125,0.01123046875,0.01123046875,-0.027587890625,0.0478515625,-0.0556640625,-0.111328125,0.087646484375,0.117919921875,-0.116455078125,-0.146484375,0.06884765625,0.084228515625,-0.08740234375,-0.059814453125,-0.059814453125,-0.016845703125,-0.027587890625,-0.0078125,-0.036865234375,-0.021728515625,0.052490234375,0.008544921875,-0.09814453125,-0.010986328125,0.0458984375,-0.026611328125,-0.01513671875,-0.01513671875,-0.03857421875,-0.01708984375,0.041015625,-0.032958984375,-0.07080078125,0.058349609375,0.0234375,-0.09814453125,0.0107421875,0.06005859375,-0.060546875,-0.060546875,0.088623046875,-0.0029296875,-0.127685546875,0.023681640625,0.06982421875,-0.05859375,-0.02392578125,0.04736328125,-0.033203125,-0.0712890625,0.04345703125,0.005126953125,0.005126953125,-0.110107421875,0.076416015625,-0.054931640625,-0.08251953125,0.008544921875,-0.001220703125,-0.04150390625,0.018798828125,0.00146484375,-0.059814453125,0.023193359375,-0.009033203125,-0.07958984375,0.037841796875,0.07470703125,0.07470703125,-0.10205078125,0.088134765625,0.056884765625,-0.10400390625,-0.00927734375,0.06982421875,-0.041259765625,-0.068115234375,0.0146484375,0.008056640625,-0.029052734375,0.024658203125,-0.0185546875,-0.078125,0.03662109375,0.0224609375,-0.082763671875,0.00634765625,0.106689453125,-0.029296875,-0.130615234375,0.041015625,0.08544921875,-0.05126953125,-0.0361328125,0.007568359375,-0.039306640625,-0.0146484375,0.041748046875,-0.042236328125,-0.08447265625,0.06201171875,0.03955078125,-0.111572265625,-0.042724609375,0.02978515625,-0.0341796875,-0.0322265625,0.029296875,-0.032470703125,-0.060546875,0.052001953125,-0.016845703125,-0.10986328125,0.05078125,0.109375,-0.07470703125,-0.112548828125,0.053466796875,0.03662109375,-0.08544921875,0.00048828125,0.03466796875,-0.059326171875,-0.0048828125,0.033203125,-0.051513671875,-0.0283203125,0.083984375,-0.004150390625,-0.11328125,0.009521484375,0.01953125,-0.070556640625,0.031494140625,0.099609375,-0.059814453125,-0.12841796875,0.06494140625,0.09423828125,-0.09423828125,-0.0625,0.0498046875,-0.00634765625,-0.044677734375,0.000244140625,-0.013671875,-0.0439453125,0.023193359375,0.0029296875,-0.061767578125,0.010986328125,-0.009033203125,-0.064453125,0.040283203125,0.05859375,-0.09375,-0.08203125,0.097412109375,0.028564453125,-0.11279296875,0.011474609375,0.056884765625,-0.060791015625,-0.032958984375,0.037109375,-0.0390625,-0.0595703125,0.07080078125,0.02490234375,-0.097412109375,-0.003662109375,0.02197265625,-0.059814453125,0.000244140625,0.07275390625,-0.0341796875,-0.10205078125,0.048583984375,0.048583984375,-0.07568359375,-0.015380859375,0.04052734375,-0.02978515625,-0.035400390625,0.03662109375,-0.0146484375,-0.08154296875,0.03466796875,0.048583984375,-0.08349609375,0.049072265625,0.049072265625,-0.000732421875,-0.04248046875,-0.000244140625,-0.015869140625,-0.052734375,0.022216796875,-0.01806640625,-0.086181640625,0.052490234375,0.09228515625,-0.088134765625,0.06591796875,0.06591796875,0.0859375,-0.0673828125,-0.03564453125,0.015869140625,-0.0205078125,0.019775390625,0.011962890625,-0.080810546875,-0.03076171875,0.10302734375,-0.113037109375,-0.113037109375,0.0166015625,0.036376953125,-0.071533203125,0.00146484375,0.065185546875,-0.04931640625,-0.094970703125,0.055908203125,0.04833984375,-0.0869140625,0.03515625,-0.032470703125,-0.032470703125,-0.0263671875,0.00244140625,-0.04345703125,-0.0107421875,0.082275390625,-0.022216796875,-0.12548828125,0.024658203125,0.0322265625,-0.093994140625,0.100341796875,0.100341796875,-0.04248046875,-0.133544921875,0.033447265625,0.055908203125,-0.081298828125,-0.02197265625,0.048095703125,-0.03173828125,-0.048828125,0.014892578125,-0.010009765625,0.02392578125,-0.00537109375,-0.068603515625,-0.068603515625,0.03466796875,0.024658203125,-0.080810546875,-0.001220703125,0.098876953125,-0.036376953125,-0.139404296875,0.042236328125,0.0869140625,-0.055419921875,0.03369140625,-0.03271484375,-0.041259765625,-0.041259765625,0.03271484375,-0.01416015625,-0.063720703125,0.052001953125,0.0419921875,-0.0732421875,-0.004638671875,0.02001953125,-0.074951171875,-0.039794921875,0.0107421875,-0.141845703125,-0.012451171875,-0.012451171875,0.0771484375,-0.033203125,-0.051513671875,0.003662109375,-0.0205078125,-0.033203125,0.028564453125,-0.026123046875,-0.08447265625,0.046875,-0.103271484375,-0.05419921875,0.0576171875,0.0576171875,-0.00048828125,-0.058837890625,0.031982421875,0.020263671875,-0.096923828125,-0.008056640625,0.0595703125,-0.0380859375,-0.05126953125,0.03076171875,-0.064208984375,-0.013671875,-0.00439453125,-0.00439453125,-0.027587890625,0.04345703125,-0.003662109375,-0.0771484375,0.023681640625,0.046142578125,-0.090087890625,-0.080810546875,0.102294921875,-0.145751953125,-0.03759765625,0.09228515625,0.0087890625,0.0087890625,-0.06005859375,-0.0244140625,-0.01025390625,-0.018310546875,0.03515625,-0.024658203125,-0.091064453125,0.0419921875,0.072998046875,-0.077880859375,0.03955078125,0.0224609375,-0.03857421875,-0.03857421875,0.018798828125,-0.0029296875,-0.048583984375,0.042724609375,0.0,-0.116455078125,-0.0107421875,0.134521484375,-0.17919921875,-0.006103515625,0.10546875,-0.031494140625,-0.064453125,-0.064453125,-0.011474609375,-0.0107421875,-0.00390625,0.035400390625,-0.029541015625,-0.072998046875,0.060302734375,0.052490234375,-0.091552734375,0.037353515625,-0.001708984375,-0.023193359375,0.01953125,0.01953125,-0.037353515625,-0.09130859375,0.044921875,0.04052734375,-0.095458984375,-0.037109375,0.055908203125,-0.065185546875,0.00048828125,-0.028564453125,-0.061279296875,-0.061279296875,0.0595703125,0.02490234375,-0.118896484375,-0.0224609375,0.096435546875,-0.011962890625,-0.08349609375,0.0361328125,-0.074462890625,0.0029296875,0.019287109375,-0.06591796875,-0.06591796875,0.004150390625,0.058837890625,-0.05029296875,-0.090087890625,0.039306640625,0.013427734375,-0.06103515625,0.0283203125,-0.081787109375,0.001708984375,0.054931640625,0.054931640625,-0.06982421875,-0.0595703125,0.114501953125,0.03173828125,-0.166748046875,-0.03125,0.09423828125,-0.0712890625,0.01220703125,0.0078125,-0.063232421875,0.005126953125,0.005126953125,0.00634765625,-0.06298828125,0.006591796875,0.02783203125,-0.063232421875,-0.05078125,0.0068359375,-0.043212890625,0.0166015625,-0.018798828125,-0.064208984375,-0.064208984375,0.0556640625,0.020751953125,-0.11572265625,-0.01953125,0.143310546875,-0.002197265625,-0.197021484375,0.133056640625,-0.029296875,-0.09375,0.02294921875,0.043701171875,0.043701171875,-0.038330078125,-0.01513671875,-0.002685546875,-0.044921875,0.03125,0.042724609375,-0.058837890625,0.017333984375,-0.044677734375,-0.033203125,0.047607421875,-0.019287109375,-0.0859375,-0.0859375,0.045166015625,0.012939453125,-0.117919921875,0.01025390625,0.123046875,-0.05615234375,-0.175048828125,0.114990234375,-0.044677734375,-0.055419921875,0.006591796875,-0.020751953125,0.0009765625,0.0009765625,0.025146484375,-0.04052734375,-0.046142578125,0.0673828125,0.01416015625,-0.109130859375,0.034423828125,-0.060546875,-0.008544921875,0.057373046875,-0.0302734375,-0.058349609375,0.051513671875,0.051513671875,-0.0029296875,-0.090576171875,0.053466796875,0.07373046875,-0.088134765625,-0.048828125,0.022216796875,-0.09814453125,-0.01220703125,0.03125,-0.043212890625,0.006591796875,0.0205078125,0.0205078125,-0.07080078125,-0.0419921875,0.06103515625,-0.001708984375,-0.115234375,-0.020263671875,-0.031005859375,-0.005615234375,0.02099609375,-0.027099609375,-0.021240234375,0.0048828125,-0.0546875,-0.0546875,-0.040771484375,0.09765625,0.014404296875,-0.150390625,-0.007080078125,-0.02978515625,-0.109619140625,0.0244140625,0.056640625,-0.063720703125,-0.0244140625,0.01611328125,-0.037109375,-0.037109375,0.010009765625,0.03759765625,-0.04248046875,-0.06494140625,0.01708984375,-0.020751953125,0.0556640625,-0.006103515625,-0.1044921875,0.011962890625,0.066650390625,-0.06640625,-0.06640625,-0.07861328125,0.05078125,0.010009765625,-0.088623046875,0.0107421875,-0.09765625,0.019775390625,0.093994140625,-0.070068359375,-0.142822265625,0.059326171875,0.09033203125,-0.099609375,-0.06982421875,-0.06982421875,0.061279296875,0.02587890625,-0.0390625,-0.028564453125,-0.027099609375,0.052490234375,0.00146484375,-0.095458984375,0.012939453125,0.0400390625,-0.058349609375,-0.01220703125,-0.01220703125,0.0439453125,-0.0341796875,-0.055908203125,0.05126953125,-0.091552734375,0.090576171875,0.08642578125,-0.119873046875,-0.085205078125,0.083740234375,0.03076171875,-0.073974609375,-0.073974609375,0.015380859375,0.02294921875,-0.074951171875,0.02099609375,-0.0693359375,-0.021484375,0.06396484375,-0.02294921875,-0.10009765625,0.0234375,0.022216796875,0.022216796875,-0.068603515625,0.010009765625,0.029296875,-0.07568359375,0.068603515625,0.00048828125,-0.082763671875,0.021484375,0.0244140625,-0.062255859375,0.0146484375,0.015869140625,0.015869140625,-0.08837890625,-0.01611328125,0.1162109375,-0.162353515625,0.01025390625,0.09814453125,-0.06396484375,-0.07568359375,0.05322265625,0.034912109375,-0.06787109375,-0.06787109375,-0.01611328125,0.019287109375,-0.046875,0.052001953125,-0.047119140625,-0.041748046875,0.033447265625,0.0009765625,-0.0439453125,0.0283203125,0.00927734375,-0.08544921875,-0.08544921875,0.004638671875,0.036865234375,-0.050537109375,0.025634765625,-0.038330078125,-0.052001953125,0.03857421875,-0.019775390625,-0.094970703125,0.0703125,0.09521484375,-0.11572265625,-0.11572265625,-0.114501953125,0.07666015625,-0.083251953125,-0.048583984375,0.010986328125,-0.033935546875,0.0185546875,0.0087890625,-0.094482421875,-0.03662109375,0.08740234375,0.00830078125,0.00830078125,-0.119140625,-0.00341796875,0.06005859375,-0.026611328125,0.017822265625,-0.034912109375,-0.03076171875,0.04052734375,-0.00830078125,-0.0751953125,0.034423828125,0.0498046875,-0.05615234375,-0.05615234375,-0.016357421875,0.00244140625,-0.051513671875,0.095458984375,-0.02880859375,-0.150634765625,0.02099609375,0.100341796875,-0.045654296875,-0.064208984375,0.005126953125,0.00732421875,-0.009765625,-0.009765625,0.0029296875,-0.048828125,0.07275390625,0.021484375,-0.113525390625,-0.02099609375,0.05712890625,-0.031494140625,-0.054443359375,0.0283203125,-0.0107421875,-0.077392578125,0.029296875,0.029296875,0.012939453125,-0.090576171875,0.08203125,-0.06640625,-0.1484375,0.0478515625,0.10498046875,-0.079833984375,-0.067138671875,0.041748046875,-0.002685546875,-0.038330078125,-0.004638671875,-0.026611328125,-0.026611328125,-0.03369140625,0.051513671875,-0.07177734375,0.0107421875,-0.00830078125,-0.08203125,0.0390625,0.10595703125,-0.056640625,-0.150390625,0.06494140625,0.177978515625,-0.025146484375,-0.025146484375,-0.175537109375,-0.0283203125,0.00244140625,-0.14404296875,0.00830078125,0.10009765625,-0.030517578125,-0.064697265625,0.0048828125,-0.046875,-0.07421875,0.063232421875,0.076171875,0.076171875,-0.108154296875,0.09912109375,0.033447265625,-0.148681640625,-0.062255859375,0.132568359375,0.06787109375,-0.099853515625,-0.06201171875,0.0859375,0.06201171875,-0.10546875,-0.109130859375,0.07470703125,0.04150390625,0.04150390625,-0.053955078125,0.054443359375,-0.063720703125,-0.079833984375,0.073974609375,-0.014892578125,-0.1259765625,0.044189453125,0.115234375,-0.096435546875,-0.0478515625,0.13427734375,0.13427734375,-0.1337890625,0.07568359375,0.082763671875,-0.143798828125,-0.04150390625,0.135009765625,-0.0888671875,-0.154296875,0.080322265625,0.022705078125,-0.143310546875,-0.143310546875,0.102783203125,-0.099609375,-0.091064453125,0.105712890625,-0.00390625,-0.06982421875,0.079345703125,0.043212890625,-0.06298828125,0.0361328125,0.0546875,0.0546875,-0.0029296875,0.1376953125,-0.079345703125,-0.111572265625,0.1201171875,0.030029296875,-0.18017578125,-0.00244140625,0.16064453125,-0.07080078125,-0.134765625,0.083984375,0.083984375,-0.046875,0.042236328125,0.01953125,-0.09521484375,0.004638671875,0.100830078125,-0.063232421875,-0.046142578125,0.1103515625,-0.032470703125,-0.13623046875,-0.13623046875,0.01611328125,-0.11376953125,0.00341796875,0.07421875,-0.1328125,-0.0888671875,0.1171875,-0.05224609375,-0.19140625,0.047607421875,0.132568359375,-0.115478515625,-0.1171875,0.115966796875,0.02294921875,-0.111328125,0.003662109375,0.013671875,-0.0693359375,-0.00634765625,0.033447265625,-0.072998046875,-0.011962890625,0.083984375,-0.086181640625,-0.092041015625,0.09619140625,0.01025390625,-0.096923828125,0.0625,0.08642578125,-0.08642578125,0.000244140625,0.126953125,-0.07958984375,-0.08544921875,0.1630859375,0.064697265625,-0.144287109375,-0.005859375,0.125244140625,-0.052490234375,-0.0576171875,0.0859375,-0.04638671875,-0.091064453125,0.07275390625,0.013671875,-0.1201171875,0.029052734375,0.098388671875,-0.119873046875,-0.100830078125,0.106201171875,0.004638671875,-0.088134765625,0.02685546875,-0.0166015625,-0.0947265625,0.044677734375,0.07666015625,-0.15478515625,-0.091064453125,0.158447265625,-0.01611328125,-0.211181640625,-0.025146484375,0.09375,-0.04443359375,-0.050537109375,0.024169921875,-0.075439453125,-0.04443359375,0.08935546875,-0.04248046875,-0.11669921875,0.072509765625,0.08837890625,-0.102783203125,-0.064208984375,0.097412109375,-0.0146484375,-0.062744140625,0.056884765625,-0.009765625,-0.057861328125,0.056396484375,0.02685546875,-0.11572265625,0.010986328125,0.140869140625,-0.089599609375,-0.157958984375,0.092529296875,0.087890625,-0.08154296875,-0.002197265625,0.091552734375,-0.0537109375,0.07080078125,0.07080078125,-0.00634765625,-0.0732421875,0.061279296875,0.03125,-0.105224609375,-0.03857421875,0.066162109375,-0.052734375,-0.0625,0.053466796875,-0.0712890625,-0.0712890625,0.065185546875,-0.00341796875,-0.128662109375,0.025390625,0.12451171875,-0.10693359375,-0.1455078125,0.1064453125,0.060546875,-0.09033203125,-0.006103515625,-0.066650390625,-0.066650390625,-0.013671875,0.04541015625,-0.07958984375,-0.03125,0.10498046875,-0.053466796875,-0.1201171875,0.054931640625,0.0302734375,-0.095947265625,0.0673828125,-0.089599609375,-0.089599609375,-0.018310546875,0.111083984375,-0.09033203125,-0.11669921875,0.126220703125,0.06884765625,-0.158203125,-0.053955078125,0.10595703125,-0.05322265625,-0.0673828125,0.087646484375,-0.12353515625,0.04150390625,0.04150390625,0.048583984375,-0.091552734375,0.007080078125,0.087646484375,-0.09716796875,-0.079345703125,0.09521484375,-0.02001953125,-0.083740234375,0.086669921875,0.048828125,0.002685546875,0.002685546875,0.120849609375,-0.089111328125,-0.082275390625,0.132568359375,0.001220703125,-0.152587890625,0.021240234375,0.103759765625,-0.0751953125,-0.044189453125,0.10107421875,-0.086181640625,0.07177734375,0.07177734375,0.006103515625,-0.094970703125,0.040283203125,0.073974609375,-0.112060546875,-0.059814453125,0.120361328125,-0.028564453125,-0.1162109375,0.050537109375,0.019287109375,-0.015625,0.08642578125,0.08642578125,-0.08935546875,-0.09765625,0.095703125,-0.005859375,-0.137939453125,0.005615234375,0.06298828125,-0.059326171875,-0.03369140625,0.04541015625,-0.03076171875,0.064453125,-0.0830078125,-0.0830078125,-0.089111328125,0.126708984375,0.043212890625,-0.17578125,-0.028076171875,0.161865234375,-0.04736328125,-0.121337890625,0.08740234375,0.0166015625,0.02490234375,0.092529296875,-0.067138671875,-0.067138671875,-0.0380859375,0.0986328125,-0.02783203125,-0.074462890625,0.080322265625,0.02392578125,-0.06298828125,0.057373046875,0.05419921875,-0.1123046875,-0.04638671875,-0.039794921875,-0.120361328125,0.06591796875,0.06591796875,0.03466796875,-0.09423828125,-0.015869140625,0.03515625,-0.0693359375,-0.0234375,0.051513671875,-0.08056640625,-0.051025390625,0.090087890625,-0.114501953125,0.077392578125,0.063232421875,0.063232421875,-0.155029296875,-0.05810546875,0.138427734375,-0.052978515625,-0.13818359375,0.066162109375,0.038330078125,-0.1220703125,0.07421875,-0.062255859375,-0.05615234375,0.089599609375,0.089599609375,-0.031982421875,-0.114990234375,0.0390625,0.038818359375,-0.065185546875,0.010009765625,0.053955078125,-0.017578125,0.08837890625,-0.078857421875,-0.079833984375,-0.079833984375,0.13330078125,0.0302734375,-0.167724609375,-0.021240234375,0.126220703125,-0.059326171875,-0.06884765625,0.088623046875,-0.104736328125,0.07763671875,0.055908203125,-0.11474609375,-0.11474609375,-0.00634765625,0.116455078125,-0.069091796875,-0.095703125,0.08056640625,-0.006591796875,-0.064453125,-0.005615234375,-0.10400390625,0.0400390625,0.0869140625,0.0869140625,-0.15380859375,-0.09521484375,0.164794921875,0.0087890625,-0.189208984375,-0.023193359375,0.091552734375,-0.028564453125,0.04833984375,-0.070068359375,-0.06201171875,0.0830078125,0.0830078125,-0.02685546875,-0.097900390625,0.057861328125,0.046630859375,-0.112548828125,-0.038818359375,0.071044921875,-0.07958984375,0.1201171875,-0.001953125,-0.176513671875,-0.176513671875,-0.011474609375,0.119140625,-0.04296875,-0.06103515625,0.071533203125,-0.02490234375,-0.070556640625,0.048095703125,-0.0068359375,-0.06689453125,0.06396484375,-0.107177734375,-0.046142578125,0.100341796875,-0.046630859375,-0.07958984375,-0.07958984375,0.0625,-0.03564453125,-0.1123046875,0.06396484375,0.080810546875,-0.14794921875,-0.064697265625,0.17041015625,-0.00439453125,0.024658203125,0.091064453125,-0.030517578125,-0.006103515625,0.0419921875,-0.075927734375,-0.035400390625,-0.035400390625,0.09716796875,-0.047607421875,-0.09228515625,0.083251953125,0.026611328125,-0.1240234375,-0.016845703125,0.0556640625,-0.02783203125,0.110595703125,-0.07763671875,-0.10693359375,0.103271484375,0.01953125,0.01953125,-0.1533203125,0.03466796875,0.147216796875,-0.116455078125,-0.1279296875,0.12744140625,-0.1337890625,0.016845703125,0.056884765625,-0.09716796875,-0.0625,0.04443359375,0.04443359375,-0.05419921875,-0.0185546875,0.076904296875,-0.095703125,-0.115966796875,0.10205078125,0.059326171875,-0.12890625,-0.001220703125,-0.08203125,-0.05712890625,0.1171875,-0.0390625,-0.13671875,0.08251953125,0.09912109375,-0.136474609375,-0.136474609375,-0.088134765625,0.11572265625,-0.00537109375,-0.082763671875,0.0419921875,-0.017822265625,0.032470703125,0.05615234375,-0.099609375,-0.01904296875,0.1279296875,-0.0478515625,-0.122802734375,-0.122802734375,0.0634765625,0.047607421875,-0.076904296875,0.000732421875,0.050048828125,-0.07080078125,0.083740234375,-0.076416015625,-0.0888671875,0.122314453125,0.029296875,-0.18505859375,-0.04296875,0.154052734375,0.154052734375,-0.02587890625,-0.110595703125,0.072998046875,0.01416015625,-0.1142578125,0.013671875,0.057861328125,-0.07666015625,0.10302734375,-0.06103515625,-0.123291015625,0.065673828125,0.01806640625,-0.0927734375,-0.0927734375,-0.00146484375,0.011474609375,-0.08251953125,-0.00146484375,0.076904296875,-0.078125,0.150390625,-0.001708984375,-0.19482421875,0.0029296875,0.130615234375,0.130615234375,-0.035888671875,-0.0517578125,0.06396484375,-0.03662109375,0.0625,-0.04296875,-0.08544921875,0.0927734375,0.06201171875,-0.1298828125,-0.0380859375,-0.0380859375,0.089111328125,-0.076416015625,-0.05908203125,0.091064453125,-0.08642578125,0.10498046875,0.03662109375,-0.158935546875,0.015869140625,0.162353515625,-0.095703125,-0.095703125,-0.143310546875,0.09716796875,0.04638671875,0.025390625,0.042236328125,-0.115966796875,-0.046630859375,0.0859375,-0.06396484375,-0.064697265625,-0.064697265625,0.09619140625,-0.023193359375,-0.13232421875,0.028564453125,-0.1015625,-0.01318359375,0.09814453125,-0.083251953125,-0.067138671875,0.123046875,-0.013427734375,-0.013427734375,-0.154052734375,0.04931640625,0.119873046875,-0.107421875,0.130615234375,0.009521484375,-0.131591796875,0.0244140625,0.052001953125,-0.102294921875,-0.102294921875,-0.04443359375,0.08544921875,-0.041748046875,-0.062255859375,-0.013427734375,-0.1103515625,0.025390625,0.04443359375,-0.075927734375,-0.004638671875,0.080322265625,0.080322265625,-0.060302734375,-0.0458984375,0.0869140625,-0.058349609375,0.103515625,0.064453125,-0.16552734375,-0.044921875,0.158447265625,-0.0439453125,-0.128662109375,0.081787109375,0.031982421875,-0.101806640625,0.006103515625,0.050048828125,-0.046630859375,0.0302734375,0.06982421875,-0.1259765625,-0.1259765625,-0.07080078125,0.13037109375,-0.02294921875,-0.11474609375,0.073974609375,0.039794921875,-0.131591796875,0.007080078125,-0.125732421875,-0.10009765625,0.153076171875,0.00830078125,-0.178466796875,0.001220703125,0.105712890625,-0.0556640625,-0.042236328125,0.061279296875,-0.060791015625,-0.060302734375,0.0810546875,-0.028076171875,-0.108154296875,0.054931640625,0.061767578125,-0.115234375,-0.115234375,-0.041259765625,0.0927734375,-0.078369140625,-0.07666015625,0.09326171875,-0.03173828125,-0.119140625,0.063720703125,-0.149658203125,-0.027587890625,0.16357421875,-0.053955078125,-0.14990234375,0.069091796875,0.06787109375,-0.068359375,0.02392578125,0.080078125,-0.101806640625,-0.080810546875,0.11181640625,-0.012451171875,-0.10986328125,0.05712890625,0.06396484375,-0.095458984375,-0.049072265625,0.05908203125,-0.051513671875,-0.051513671875,-0.025634765625,0.081298828125,-0.06396484375,-0.089599609375,0.100341796875,0.03173828125,0.01953125,0.124755859375,-0.11767578125,-0.1142578125,0.123291015625,0.015380859375,-0.11279296875,0.0322265625,0.04541015625,-0.113525390625,-0.041015625,0.0791015625,-0.054931640625,-0.035888671875,0.079833984375,-0.064208984375,-0.10302734375,0.072021484375,0.013916015625,-0.1357421875,0.028564453125,0.10400390625,-0.114990234375,-0.0615234375,0.111328125,0.111328125,-0.071533203125,-0.128173828125,0.111572265625,0.073974609375,-0.16064453125,0.130126953125,-0.05517578125,-0.0751953125,0.083984375,-0.02587890625,-0.11572265625,0.03369140625,0.0478515625,-0.0888671875,0.018310546875,0.109130859375,-0.0966796875,-0.11083984375,0.0849609375,0.025634765625,-0.080322265625,0.020751953125,0.036376953125,-0.0869140625,-0.0068359375,0.08251953125,-0.10107421875,-0.090576171875,0.133544921875,0.046142578125,0.046142578125,-0.15966796875,-0.04248046875,0.111083984375,-0.05419921875,0.04638671875,-0.0498046875,-0.0673828125,0.076171875,0.00439453125,-0.121826171875,0.020751953125,0.107666015625,-0.086181640625,-0.08935546875,0.08935546875,-0.009765625,-0.087158203125,0.033447265625,-0.007080078125,-0.094970703125,0.041748046875,0.077880859375,-0.143310546875,-0.079345703125,0.165283203125,0.005859375,-0.19287109375,-0.025146484375,0.08642578125,-0.0302734375,-0.0302734375,-0.008544921875,0.04736328125,-0.06005859375,0.083251953125,-0.05078125,-0.11328125,0.07373046875,0.05126953125,-0.114990234375,-0.009521484375,0.0830078125,-0.09423828125,-0.04638671875,0.10595703125,-0.0712890625,-0.122802734375,0.107421875,0.073486328125,-0.14453125,-0.0166015625,0.14501953125,-0.0673828125,-0.134765625,0.07177734375,0.048583984375,-0.055419921875,0.03369140625,0.0322265625,-0.102783203125,-0.019287109375,-0.019287109375,0.090576171875,-0.0615234375,0.095458984375,-0.001708984375,-0.09619140625,0.0341796875,0.041259765625,-0.09619140625,0.001220703125,0.085205078125,-0.09423828125,-0.069091796875,0.126953125,-0.0068359375,-0.165771484375,0.0283203125,0.12890625,-0.094970703125,-0.122314453125,0.07568359375,0.015625,-0.062255859375,0.03369140625,-0.011962890625,-0.114501953125,-0.002685546875,0.074951171875,-0.067626953125,-0.036376953125,0.088134765625,-0.044677734375,-0.044677734375,0.04296875,0.008056640625,-0.0888671875,0.037353515625,0.06787109375,-0.1064453125,-0.046630859375,0.112548828125,-0.05517578125,-0.11572265625,0.102783203125,0.06884765625,-0.13916015625,-0.0400390625,0.11328125,-0.04345703125,-0.069580078125,0.077880859375,-0.034423828125,-0.120849609375,0.059326171875,0.077392578125,-0.100341796875,-0.033203125,0.102783203125,-0.04541015625,-0.09765625,0.04833984375,-0.001953125,-0.0498046875,0.064697265625,0.013427734375,-0.136962890625,-0.007080078125,0.126953125,-0.069580078125,-0.10302734375,0.079833984375,0.01806640625,-0.074462890625,0.0224609375,-0.007080078125,-0.11328125,0.04638671875,0.1318359375,-0.123291015625,-0.142333984375,0.108642578125,0.04296875,-0.11669921875,0.00244140625,0.0634765625,-0.079345703125,-0.041259765625,0.062255859375,-0.06103515625,-0.03955078125,0.105224609375,-0.024169921875,0.037109375,0.037109375,0.06494140625,-0.094482421875,-0.0068359375,0.0986328125,-0.083251953125,-0.08642578125,0.111083984375,0.0048828125,-0.154541015625,0.03271484375,0.138671875,-0.09326171875,-0.12451171875,0.06884765625,0.01220703125,-0.068603515625,0.025390625,-0.0107421875,-0.093505859375,0.03271484375,0.077392578125,-0.106689453125,-0.065673828125,0.11474609375,-0.01953125,-0.128662109375,0.0361328125,0.052978515625,-0.07763671875,0.044921875,-0.079345703125,-0.079345703125,-0.02294921875,0.114501953125,-0.065185546875,-0.147705078125,0.107666015625,0.12109375,-0.139404296875,-0.10205078125,0.09619140625,0.00537109375,-0.0537109375,0.060791015625,-0.02099609375,-0.094970703125,0.0546875,0.051513671875,-0.108642578125,-0.000732421875,0.11572265625,-0.065185546875,-0.08203125,0.082275390625,-0.019775390625,-0.09423828125,0.067138671875,0.02197265625,-0.14453125,0.1484375,-0.0947265625,-0.13623046875,-0.13623046875,0.119384765625,0.0341796875,-0.1689453125,-0.039306640625,0.084228515625,-0.04345703125,-0.034912109375,0.06689453125,-0.074951171875,-0.09521484375,0.071533203125,-0.01123046875,-0.119140625,0.043701171875,0.0927734375,-0.09228515625,-0.061767578125,0.09033203125,-0.03466796875,-0.0869140625,0.058349609375,0.00927734375,-0.083251953125,0.03076171875,0.054931640625,-0.1025390625,0.1259765625,-0.06201171875,-0.146728515625,0.06591796875,0.06591796875,0.0791015625,-0.073974609375,-0.005859375,0.07470703125,-0.061767578125,-0.052001953125,0.092529296875,-0.02880859375,-0.097900390625,0.078125,0.0771484375,-0.102783203125,-0.06201171875,0.0673828125,-0.0234375,-0.0341796875,0.050048828125,-0.050537109375,-0.07763671875,0.066650390625,0.002197265625,-0.13427734375,0.025146484375,0.126220703125,-0.103271484375,0.089111328125,0.03857421875,-0.10107421875,0.00146484375,0.032958984375,-0.092041015625,-0.092041015625,-0.024658203125,0.081787109375,-0.0634765625,-0.06201171875,0.077880859375,-0.040283203125,-0.1240234375,0.035400390625,0.031494140625,-0.093017578125,0.025390625,0.0830078125,-0.106689453125,-0.057373046875,0.116943359375,-0.056640625,-0.138427734375,0.10205078125,0.10986328125,-0.11767578125,-0.05078125,0.103759765625,-0.04248046875,0.0966796875,-0.00927734375,-0.12255859375,0.03662109375,0.09375,-0.083740234375,-0.058349609375,-0.058349609375,0.0810546875,-0.024658203125,-0.092041015625,0.0185546875,-0.003662109375,-0.037841796875,0.060546875,0.01171875,-0.129150390625,-0.005615234375,0.106689453125,-0.088134765625,-0.094970703125,0.11865234375,0.036865234375,-0.14404296875,-0.024169921875,0.074462890625,-0.054443359375,-0.01806640625,0.077880859375,-0.08251953125,0.092529296875,0.04345703125,-0.1396484375,-0.02392578125,0.1015625,-0.066650390625,-0.093505859375,0.079345703125,0.079345703125,0.00634765625,-0.0966796875,0.03076171875,0.0595703125,-0.0849609375,-0.031982421875,0.1005859375,-0.028564453125,-0.087646484375,0.050048828125,0.01318359375,-0.078369140625,0.01318359375,0.029541015625,-0.069091796875,0.00634765625,0.064453125,-0.08935546875,-0.065185546875,-0.044189453125,-0.14453125,0.076904296875,0.108642578125,-0.131103515625,-0.103759765625,0.083251953125,-0.0068359375,-0.059326171875,0.050048828125,-0.026611328125,-0.026611328125,-0.097900390625,0.0537109375,0.064208984375,-0.10498046875,-0.028076171875,0.0849609375,-0.0703125,-0.085693359375,0.079345703125,-0.005615234375,-0.081787109375,0.072021484375,0.032958984375,-0.1396484375,0.001953125,0.153564453125,-0.074951171875,-0.136474609375,0.073974609375,-0.132568359375,-0.040771484375,0.090087890625,-0.017333984375,-0.031005859375,0.05224609375,-0.056640625,-0.080810546875,0.076416015625,0.026611328125,0.026611328125,-0.0947265625,0.009765625,0.061767578125,-0.071044921875,-0.04833984375,0.0556640625,-0.069580078125,-0.074951171875,0.084228515625,-0.009521484375,-0.127685546875,0.03955078125,0.098876953125,-0.125244140625,-0.09423828125,0.130126953125,0.00048828125,-0.013427734375,0.072509765625,-0.043212890625,-0.021484375,0.03955078125,-0.08740234375,-0.0869140625,0.09033203125,0.002685546875,-0.115478515625,0.03515625,0.092529296875,-0.062255859375,-0.062255859375,-0.067626953125,0.04443359375,-0.02099609375,-0.011962890625,0.083740234375,-0.041259765625,-0.111083984375,0.0693359375,0.091796875,-0.071044921875,-0.0224609375,0.06103515625,-0.06689453125,-0.04736328125,0.108642578125,-0.125732421875,0.07568359375,0.114990234375,-0.12744140625,-0.120849609375,0.091796875,0.031005859375,-0.05322265625,0.022216796875,-0.02734375,-0.083984375,0.03515625,0.0341796875,0.0341796875,-0.105712890625,-0.026123046875,0.0810546875,-0.05322265625,-0.08056640625,0.038818359375,-0.046875,-0.083740234375,0.077392578125,0.03564453125,-0.13623046875,-0.015869140625,0.111083984375,-0.08984375,-0.110595703125,0.03076171875,-0.146240234375,-0.007080078125,0.09375,-0.052978515625,-0.030517578125,0.087646484375,-0.0478515625,-0.11669921875,0.042724609375,0.038818359375,-0.056396484375,0.03759765625,0.060546875,-0.089599609375,-0.041015625,-0.041015625,0.088623046875,-0.0390625,-0.072265625,0.090576171875,0.02587890625,-0.1064453125,0.030029296875,0.098388671875,-0.106689453125,-0.091796875,0.12841796875,0.01611328125,-0.17041015625,-0.006103515625,-0.05859375,-0.079345703125,0.053466796875,-0.024658203125,-0.086669921875,0.03564453125,0.01318359375,-0.060302734375,0.01708984375,0.013671875,-0.07568359375,-0.008544921875,0.05029296875,-0.07373046875,-0.0439453125,0.09521484375,-0.025146484375,-0.025146484375,-0.10400390625,0.052001953125,0.029541015625,-0.1259765625,0.00048828125,0.128662109375,-0.07568359375,-0.14208984375,0.082275390625,0.048583984375,-0.108642578125,0.028564453125,0.083251953125,-0.090087890625,-0.0517578125,0.095458984375,-0.076171875,0.097412109375,0.012939453125,-0.146240234375,0.01318359375,0.11572265625,-0.075927734375,-0.07666015625,0.0849609375,-0.042724609375,-0.132080078125,0.061279296875,0.057861328125,-0.111083984375,-0.019287109375,0.07763671875,-0.071533203125,-0.071533203125,-0.07666015625,0.073974609375,-0.02294921875,-0.077880859375,0.064208984375,0.00927734375,-0.09521484375,0.02783203125,0.056884765625,-0.117919921875,-0.03466796875,-0.054443359375,-0.155029296875,0.081787109375,0.0908203125,-0.120849609375,-0.0517578125,0.097412109375,-0.023193359375,-0.072509765625,0.05615234375,-0.012451171875,-0.056884765625,0.070556640625,0.01904296875,-0.111083984375,-0.004150390625,0.077880859375,-0.073486328125,-0.032470703125,-0.032470703125,0.109130859375,-0.05126953125,-0.128173828125,0.06591796875,0.03125,-0.135986328125,0.011962890625,0.11767578125,-0.1064453125,-0.128173828125,-0.005615234375,-0.1142578125,0.04541015625,0.04736328125,-0.123046875,-0.037353515625,0.106201171875,-0.049560546875,-0.074951171875,0.085693359375,-0.01953125,-0.1328125,0.039306640625,0.076416015625,-0.09619140625,-0.03955078125,0.08251953125,-0.047607421875,-0.061767578125,0.08251953125,-0.034912109375,-0.034912109375,-0.1044921875,0.10693359375,0.100830078125,-0.14501953125,-0.076171875,0.125,-0.00732421875,-0.065185546875,0.07958984375,-0.109375,0.04931640625,0.082763671875,-0.11181640625,-0.048095703125,0.11328125,-0.024169921875,-0.09521484375,0.043212890625,-0.026123046875,-0.111572265625,0.0654296875,0.088134765625,-0.15234375,-0.10986328125,0.13525390625,0.023193359375,-0.131591796875,0.013671875,0.058837890625,-0.08935546875,-0.08935546875,-0.0556640625,0.05224609375,-0.03369140625,-0.035888671875,0.072265625,-0.02734375,-0.113037109375,0.032958984375,-0.0625,0.013427734375,0.05322265625,-0.088134765625,-0.046142578125,0.102294921875,-0.029296875,-0.102294921875,0.0615234375,0.027099609375,-0.095703125,0.03857421875,0.10400390625,-0.107421875,-0.090087890625,0.142333984375,0.03076171875,-0.163818359375,-0.01513671875,0.0927734375,-0.02490234375,-0.02734375,-0.02734375,0.0244140625,-0.082763671875,-0.0625,0.085205078125,-0.025146484375,-0.1123046875,0.06689453125,-0.10546875,-0.03515625,0.070556640625,-0.076416015625,-0.05810546875,0.10791015625,-0.04150390625,-0.142578125,0.077880859375,0.076904296875,-0.15185546875,-0.0400390625,0.1513671875,-0.06396484375,-0.17822265625,0.071533203125,0.072021484375,-0.111572265625,-0.01318359375,0.076171875,-0.06640625,-0.070556640625,0.0673828125,0.0673828125,-0.005615234375,-0.04541015625,0.057373046875,-0.04345703125,-0.116455078125,0.081787109375,-0.0986328125,-0.030517578125,0.099609375,-0.058837890625,-0.08984375,0.094482421875,-0.0009765625,-0.128662109375,0.054931640625,0.10693359375,-0.120849609375,-0.109619140625,0.11328125,0.012451171875,-0.13134765625
Prusa_B,-0.026123046875,-0.05615234375,-0.07275390625,-0.072509765625,-0.051513671875,0.014404296875,0.078369140625,0.089111328125,0.06640625,-0.0458984375,-0.08837890625,-0.0888671875,-0.063720703125,-0.022705078125,0.003173828125,-0.0009765625,-0.0146484375,-0.02587890625,-0.01611328125,0.023193359375,0.06689453125,0.06689453125,0.060546875,0.021240234375,0.028564453125,0.0263671875,-0.026611328125,-0.02734375,-0.007080078125,-0.050048828125,-0.051513671875,-0.00439453125,-0.03173828125,-0.03271484375,0.03955078125,0.017333984375,-0.00341796875,0.044677734375,0.026123046875,0.0185546875,-0.04296875,-0.069580078125,-0.041015625,-0.061767578125,-0.061767578125,-0.052490234375,-0.0078125,-0.02001953125,0.00244140625,0.017578125,-0.028564453125,-0.02587890625,0.00146484375,-0.052001953125,-0.05615234375,-0.0361328125,-0.001220703125,0.00390625,-0.0389404296875,-0.052734375,-0.04052734375,-0.0130615234375,-0.0087890625,0.012939453125,0.010009765625,-0.037109375,0.0087890625,-0.012451171875,-0.0390625,0.002197265625,0.019287109375,-0.015625,0.003662109375,0.002197265625,-0.02587890625,-0.007080078125,0.005126953125,0.005126953125,-0.0146484375,0.023681640625,0.04541015625,0.009765625,0.0263671875,-0.052490234375,-0.045654296875,0.013916015625,0.024658203125,0.02392578125,0.02392578125,-0.011962890625,-0.049072265625,-0.018798828125,0.0087890625,-0.01513671875,-0.057861328125,0.019287109375,0.059326171875,0.0556640625,-0.0126953125,-0.06005859375,-0.06005859375,-0.056396484375,-0.0400390625,-0.016845703125,-0.0087890625,-0.01318359375,-0.013671875,-0.05029296875,-0.0546875,-0.01611328125,0.01318359375,0.01318359375,0.031005859375,0.013427734375,-0.034423828125,-0.034423828125,-0.002685546875,-0.0595703125,-0.051025390625,-0.014404296875,0.0029296875,-0.01806640625,-0.029296875,-0.029296875,0.02294921875,0.06005859375,0.012451171875,-0.022216796875,0.01513671875,-0.04541015625,-0.03564453125,-0.012939453125,-0.020263671875,-0.044189453125,-0.046630859375,-0.046630859375,-0.009521484375,0.039306640625,0.024169921875,-0.000244140625,0.04052734375,-0.018798828125,-0.058349609375,-0.050537109375,-0.012451171875,0.00048828125,-0.03466796875,-0.03466796875,-0.03076171875,0.0107421875,-0.03173828125,-0.06689453125,-0.000244140625,0.009521484375,-0.00537109375,-0.002685546875,-0.010498046875,-0.02099609375,-0.048095703125,-0.051025390625,-0.005859375,-0.005859375,0.016845703125,0.009765625,0.02685546875,0.00927734375,-0.024169921875,0.004150390625,-0.031005859375,-0.029296875,-0.005859375,-0.010009765625,-0.03173828125,-0.044921875,-0.02734375,-0.005615234375,-0.005615234375,-0.019775390625,-0.02734375,-0.007080078125,0.003662109375,-0.010009765625,-0.020263671875,-0.024658203125,-0.013671875,0.01806640625,0.011474609375,-0.0302734375,-0.019775390625,0.02294921875,0.02294921875,0.021240234375,-0.01953125,-0.040283203125,-0.017822265625,0.00341796875,-0.0205078125,0.007568359375,0.02001953125,-0.004150390625,-0.009033203125,0.016845703125,0.029296875,0.018798828125,-0.033447265625,-0.033447265625,-0.04248046875,0.00048828125,-0.007568359375,-0.02783203125,-0.036865234375,-0.021240234375,0.01318359375,0.011962890625,-0.01220703125,-0.027099609375,-0.025390625,0.00341796875,-0.009765625,-0.009765625,-0.03125,-0.01513671875,-0.003173828125,-0.012451171875,-0.014892578125,-0.00390625,0.00390625,0.002197265625,-0.012451171875,-0.02197265625,-0.02392578125,-0.021240234375,-0.014892578125,-0.014892578125,-0.0166015625,-0.016845703125,-0.00341796875,0.009765625,-0.04541015625,-0.01025390625,0.025390625,0.00244140625,-0.02490234375,-0.0146484375,0.00341796875,-0.012939453125,-0.044677734375,-0.044677734375,-0.02294921875,0.004150390625,-0.0068359375,-0.023193359375,-0.010009765625,-0.01318359375,0.008056640625,0.016845703125,-0.0029296875,-0.011474609375,0.0009765625,0.010498046875,-0.00537109375,-0.00537109375,-0.036865234375,-0.05224609375,-0.021240234375,-0.025390625,-0.0029296875,0.01708984375,-0.005859375,-0.0146484375,-0.002197265625,-0.00732421875,-0.007568359375,-0.007568359375,-0.02001953125,-0.046630859375,-0.02392578125,-0.025390625,-0.016845703125,0.004150390625,-0.009521484375,0.00341796875,0.019287109375,-0.0166015625,-0.020751953125,-0.0029296875,-0.0029296875,-0.0078125,-0.005126953125,-0.013671875,-0.00439453125,0.00341796875,-0.03125,-0.01708984375,0.02734375,0.01171875,-0.029541015625,-0.0341796875,-0.023681640625,-0.023681640625,-0.018798828125,-0.030517578125,-0.005126953125,0.016845703125,0.00146484375,0.001220703125,-0.002685546875,-0.02880859375,-0.01708984375,0.00048828125,0.0009765625,-0.004150390625,-0.004150390625,-0.015625,-0.01806640625,-0.0205078125,-0.00341796875,0.0244140625,0.02490234375,0.003662109375,-0.005615234375,-0.002685546875,-0.017333984375,-0.04248046875,-0.04248046875,-0.031494140625,-0.00537109375,-0.005859375,-0.01220703125,0.001220703125,-0.0009765625,-0.030029296875,-0.026611328125,0.011962890625,0.013671875,-0.03466796875,-0.040283203125,-0.040283203125,-0.022705078125,-0.038330078125,-0.001708984375,-0.006591796875,0.010009765625,0.023681640625,0.020751953125,0.022216796875,-0.015380859375,-0.056396484375,-0.025146484375,-0.000244140625,-0.03466796875,-0.03466796875,-0.02392578125,-0.00390625,-0.0224609375,-0.019287109375,0.005859375,0.026123046875,-0.004638671875,-0.0517578125,-0.0390625,-0.009521484375,-0.0244140625,-0.029052734375,-0.0068359375,-0.0068359375,-0.022216796875,-0.00146484375,0.022705078125,0.001953125,-0.013671875,-0.0078125,-0.00634765625,-0.029541015625,-0.042236328125,-0.009033203125,0.01171875,-0.017333984375,-0.029052734375,-0.029052734375,0.007568359375,0.012939453125,-0.00927734375,0.0,0.010009765625,-0.013671875,-0.032958984375,-0.031005859375,-0.037353515625,-0.0380859375,-0.013916015625,0.02294921875,0.01318359375,0.01318359375,-0.0244140625,-0.005615234375,-0.01513671875,-0.025146484375,0.000732421875,0.005615234375,-0.0341796875,-0.05078125,-0.016357421875,0.01025390625,0.008056640625,0.0146484375,0.02490234375,0.02490234375,0.021240234375,-0.03955078125,-0.040771484375,-0.03173828125,-0.035400390625,-0.007080078125,0.023193359375,0.0,-0.02734375,-0.010986328125,0.010498046875,0.002197265625,-0.01708984375,-0.01708984375,-0.023681640625,-0.03125,-0.048828125,-0.02685546875,0.003173828125,0.009765625,-0.002685546875,0.00146484375,0.010498046875,-0.0263671875,-0.05419921875,-0.02490234375,0.00927734375,0.00927734375,0.005615234375,0.01904296875,0.00244140625,-0.033447265625,-0.043701171875,-0.02880859375,-0.02392578125,-0.010498046875,0.01220703125,0.0361328125,0.015869140625,-0.018310546875,-0.020751953125,-0.019287109375,-0.019287109375,-0.044677734375,-0.01708984375,0.009765625,0.017578125,0.010986328125,-0.009521484375,-0.0302734375,-0.052490234375,-0.05224609375,-0.0107421875,0.0224609375,0.015380859375,-0.005615234375,-0.001220703125,-0.005126953125,-0.028076171875,-0.030029296875,-0.0087890625,-0.0009765625,-0.0205078125,-0.016357421875,0.014892578125,0.009765625,-0.044677734375,-0.052490234375,-0.003173828125,0.0283203125,-0.000732421875,-0.031005859375,-0.016357421875,-0.01611328125,-0.0234375,-0.010986328125,0.00244140625,-0.015380859375,-0.025390625,-0.005615234375,0.020263671875,0.012939453125,-0.007080078125,-0.006103515625,-0.017822265625,-0.05224609375,-0.05029296875,0.005126953125,0.02099609375,-0.005859375,-0.004150390625,0.036376953125,0.0380859375,-0.029296875,-0.048828125,-0.0078125,0.00537109375,-0.02001953125,-0.025390625,-0.01025390625,-0.00341796875,-0.0224609375,-0.019287109375,0.007080078125,-0.0126953125,-0.031005859375,-0.015625,0.0107421875,-0.020751953125,-0.0634765625,-0.047607421875,-0.01123046875,0.003173828125,0.01953125,0.038330078125,0.01123046875,-0.041259765625,-0.0419921875,0.007080078125,0.026123046875,0.001220703125,-0.03369140625,-0.02978515625,-0.032470703125,-0.067138671875,-0.0517578125,0.02587890625,0.06298828125,0.0234375,0.00439453125,0.01171875,-0.015380859375,-0.061279296875,-0.06787109375,-0.04150390625,-0.031005859375,-0.0048828125,0.027587890625,0.014404296875,-0.049072265625,-0.075927734375,0.005615234375,0.083984375,0.035400390625,-0.041015625,-0.041015625,-0.001220703125,-0.043212890625,-0.06103515625,0.021728515625,0.05322265625,-0.011474609375,-0.041748046875,0.004638671875,0.04296875,-0.00439453125,-0.0380859375,-0.011474609375,-0.03125,-0.03125,-0.048095703125,-0.016845703125,-0.033203125,-0.04736328125,-0.005615234375,0.033935546875,0.025146484375,-0.00830078125,0.009033203125,-0.00830078125,-0.07568359375,-0.08056640625,0.0185546875,0.0185546875,-0.0126953125,-0.031494140625,0.02734375,0.06591796875,0.00634765625,-0.050537109375,-0.01953125,0.008544921875,-0.00927734375,-0.026611328125,0.003662109375,0.00927734375,-0.041259765625,-0.041259765625,-0.01123046875,0.010498046875,0.01025390625,0.00927734375,0.032958984375,0.005615234375,-0.0517578125,-0.062255859375,-0.018798828125,-0.033203125,-0.0791015625,-0.015625,0.04052734375,0.04052734375,-0.03857421875,-0.027587890625,0.014404296875,-0.031494140625,-0.06982421875,0.002685546875,0.0478515625,-0.0009765625,-0.035888671875,-0.006591796875,-0.0078125,-0.018310546875,0.04443359375,0.04443359375,0.03466796875,-0.01904296875,-0.013671875,0.0107421875,-0.022216796875,-0.061767578125,-0.021484375,0.03759765625,-0.011474609375,-0.091064453125,-0.046875,0.0419921875,-0.055908203125,-0.055908203125,-0.04736328125,0.019287109375,-0.023193359375,-0.082275390625,-0.0048828125,0.047119140625,-0.041748046875,-0.052001953125,0.0478515625,0.0419921875,-0.062255859375,0.039794921875,0.02978515625,-0.05322265625,0.00146484375,0.00146484375,0.106689453125,0.031982421875,-0.115966796875,-0.072998046875,0.0322265625,-0.01220703125,-0.067138671875,-0.010498046875,0.0458984375,-0.052734375,0.00146484375,0.00146484375,0.044677734375,-0.034423828125,-0.081787109375,-0.0009765625,0.027587890625,-0.054931640625,-0.05126953125,0.039794921875,0.026123046875,-0.041259765625,0.052001953125,0.01953125,0.01953125,-0.064453125,-0.016357421875,0.047607421875,-0.025634765625,-0.092529296875,0.0009765625,0.078857421875,0.001708984375,-0.052978515625,0.02734375,-0.04052734375,-0.073486328125,-0.073486328125,-0.00390625,0.044921875,-0.002197265625,-0.03759765625,-0.013916015625,-0.0244140625,-0.06396484375,-0.038818359375,0.03173828125,-0.020751953125,-0.037841796875,-0.001220703125,-0.001220703125,-0.01611328125,-0.039306640625,-0.005615234375,0.049072265625,0.042724609375,-0.033447265625,-0.06787109375,-0.02880859375,-0.05712890625,-0.016357421875,0.08349609375,0.08349609375,0.07177734375,-0.044677734375,-0.078369140625,0.001708984375,0.011474609375,-0.05419921875,-0.044921875,0.030029296875,0.00244140625,-0.054931640625,0.043212890625,0.012939453125,-0.04541015625,0.0244140625,0.071533203125,0.071533203125,-0.0361328125,-0.1083984375,-0.010498046875,0.03271484375,-0.0498046875,-0.0712890625,0.0283203125,0.083984375,-0.061279296875,0.02099609375,0.058349609375,0.058349609375,-0.010498046875,-0.03955078125,0.003173828125,-0.007080078125,-0.076904296875,-0.068603515625,0.015380859375,0.01123046875,-0.03857421875,0.03857421875,0.00146484375,-0.040771484375,-0.005615234375,0.013427734375,0.013427734375,-0.0390625,-0.078125,-0.008544921875,0.064208984375,-0.03515625,-0.091064453125,0.03369140625,0.086669921875,-0.0361328125,0.002197265625,-0.00439453125,-0.053466796875,-0.04736328125,-0.04736328125,-0.002685546875,-0.002197265625,-0.013427734375,0.0029296875,0.02490234375,0.015625,-0.013427734375,-0.025390625,-0.002685546875,-0.0595703125,-0.06298828125,-0.0087890625,-0.02490234375,-0.02490234375,-0.076416015625,-0.03125,0.076171875,0.062255859375,-0.04150390625,-0.02490234375,0.05126953125,-0.086181640625,-0.0302734375,0.01611328125,-0.0322265625,-0.05810546875,0.03076171875,0.03076171875,0.07080078125,-0.0224609375,-0.050048828125,0.05517578125,0.04736328125,-0.0986328125,-0.083984375,-0.00048828125,-0.115478515625,-0.01708984375,0.110595703125,0.00341796875,-0.09521484375,-0.09521484375,-0.00927734375,0.069091796875,-0.0126953125,-0.0869140625,-0.00390625,0.0380859375,-0.076904296875,0.028564453125,0.0712890625,-0.04296875,-0.05322265625,0.090087890625,0.088134765625,0.088134765625,-0.072509765625,-0.079345703125,0.025390625,-0.004150390625,-0.097900390625,-0.03125,0.11572265625,-0.097412109375,-0.03955078125,0.0439453125,-0.00341796875,-0.077392578125,-0.02490234375,-0.02490234375,0.0419921875,-0.04150390625,-0.09521484375,0.00390625,0.06005859375,-0.0478515625,-0.09375,0.069580078125,-0.0234375,-0.070556640625,-0.003173828125,0.016845703125,-0.079833984375,-0.079833984375,-0.060302734375,0.078857421875,0.074951171875,-0.079833984375,-0.0595703125,0.11328125,-0.119140625,-0.074951171875,0.009765625,0.022216796875,-0.064697265625,-0.056640625,0.054443359375,0.1103515625,-0.02197265625,-0.115966796875,0.040283203125,0.087158203125,-0.095703125,-0.136474609375,0.02490234375,0.060546875,-0.073486328125,-0.052734375,0.057373046875,-0.061767578125,-0.02197265625,0.0625,0.012451171875,-0.065185546875,-0.0009765625,0.0048828125,0.073974609375,-0.117431640625,-0.043212890625,0.066162109375,0.008544921875,-0.090576171875,0.00390625,0.10009765625,-0.005859375,-0.005859375,-0.094482421875,-0.0009765625,0.05615234375,-0.060302734375,-0.11376953125,0.05908203125,-0.059326171875,-0.079345703125,0.040771484375,0.06005859375,-0.03955078125,-0.045654296875,-0.045654296875,0.0283203125,0.0146484375,-0.0634765625,-0.060546875,0.01611328125,-0.072998046875,-0.02490234375,0.114501953125,0.069580078125,-0.0859375,-0.06298828125,-0.06298828125,0.0810546875,0.04345703125,-0.126220703125,-0.056640625,-0.034912109375,-0.128662109375,0.040283203125,0.118408203125,-0.05859375,-0.0869140625,0.0732421875,0.0732421875,0.061767578125,-0.09228515625,-0.10595703125,0.006103515625,-0.083251953125,-0.09033203125,0.05224609375,0.08837890625,-0.059814453125,-0.045166015625,0.08154296875,0.0390625,0.0390625,-0.0673828125,-0.04541015625,0.026123046875,-0.02294921875,-0.115478515625,0.08447265625,0.027587890625,-0.08203125,0.001708984375,0.108154296875,0.009033203125,-0.097412109375,-0.021728515625,0.05224609375,0.05224609375,-0.030517578125,-0.08251953125,-0.015625,-0.00439453125,-0.0341796875,0.0654296875,0.09912109375,-0.01953125,-0.077392578125,0.023193359375,0.028564453125,-0.0703125,-0.08447265625,-0.08447265625,0.002685546875,0.017822265625,-0.037841796875,0.010986328125,-0.01513671875,-0.0673828125,0.04150390625,0.069580078125,-0.074462890625,-0.107177734375,0.009765625,0.042724609375,-0.065185546875,-0.065185546875,-0.091796875,0.030029296875,0.098876953125,0.027587890625,-0.0380859375,0.0224609375,0.00341796875,-0.06103515625,-0.059814453125,-0.03466796875,-0.014892578125,0.01806640625,-0.017578125,-0.017578125,-0.04638671875,0.01025390625,0.0771484375,-0.072021484375,-0.076904296875,0.01953125,0.025390625,-0.072998046875,-0.088134765625,0.023193359375,0.104736328125,0.060546875,-0.06494140625,-0.06494140625,-0.0732421875,0.03857421875,0.041748046875,-0.081298828125,0.00244140625,0.0068359375,-0.0556640625,-0.029541015625,0.026611328125,0.05322265625,0.031494140625,-0.05419921875,-0.0224609375,-0.0224609375,0.0595703125,-0.0146484375,-0.06494140625,-0.052978515625,-0.057373046875,0.057373046875,0.043701171875,-0.083984375,0.002197265625,0.094482421875,0.013427734375,-0.081298828125,-0.042236328125,-0.042236328125,0.021484375,-0.029541015625,-0.110107421875,0.0888671875,0.06201171875,-0.060546875,-0.056640625,0.021728515625,0.0244140625,-0.04248046875,-0.05859375,-0.03564453125,-0.02587890625,-0.02587890625,-0.022216796875,0.0048828125,0.015380859375,-0.001220703125,0.034912109375,0.007568359375,-0.03857421875,-0.020751953125,-0.0029296875,-0.0322265625,-0.059326171875,-0.0283203125,0.050048828125,0.043701171875,0.043701171875,-0.044921875,0.061767578125,0.04443359375,-0.052978515625,-0.06298828125,0.0078125,-0.02197265625,-0.08203125,-0.030029296875,0.056640625,0.017822265625,-0.030029296875,0.0234375,0.0234375,0.044189453125,-0.059326171875,-0.025390625,0.008544921875,0.004150390625,-0.029541015625,-0.037841796875,-0.040771484375,-0.06640625,-0.044921875,0.01953125,0.03955078125,0.03955078125,0.02001953125,-0.0126953125,-0.045166015625,-0.009033203125,0.003662109375,-0.02392578125,-0.025390625,-0.017822265625,-0.021728515625,-0.00048828125,0.00244140625,-0.0390625,-0.024658203125,0.0166015625,0.0166015625,0.016845703125,-0.042236328125,-0.0576171875,-0.010498046875,0.025146484375,0.009765625,-0.009765625,-0.03759765625,-0.0205078125,0.016845703125,-0.03271484375,-0.025634765625,0.018310546875,0.018310546875,-0.021728515625,-0.010009765625,-0.00244140625,-0.008056640625,0.054931640625,0.033203125,-0.0478515625,-0.0224609375,0.00048828125,-0.03662109375,-0.0341796875,0.014404296875,0.014404296875,0.01513671875,0.028564453125,-0.04833984375,-0.07568359375,-0.015869140625,0.0068359375,0.00244140625,0.032958984375,0.025390625,-0.037841796875,-0.039794921875,-0.024658203125,-0.040283203125,0.003662109375,0.003662109375,-0.018798828125,0.00439453125,0.01171875,0.01513671875,-0.017578125,-0.07470703125,-0.050048828125,-0.005859375,-0.006591796875,0.018310546875,-0.015625,-0.015625,0.026123046875,0.03466796875,-0.05517578125,-0.027099609375,-0.0234375,-0.0732421875,-0.017578125,0.02685546875,-0.001220703125,0.01171875,0.0068359375,-0.052001953125,-0.052001953125,0.028076171875,-0.050048828125,-0.089111328125,-0.03369140625,0.01513671875,0.06884765625,0.079833984375,-0.02294921875,-0.098388671875,-0.056884765625,0.020263671875,0.079345703125,0.07373046875,-0.01025390625,-0.0625,-0.04345703125,-0.028076171875,-0.03271484375,-0.065673828125,-0.092529296875,-0.041259765625,0.043701171875,0.062255859375,0.0361328125,0.0361328125,0.02734375,-0.00146484375,-0.052490234375,-0.078125,-0.067626953125,-0.05126953125,-0.04638671875,-0.040283203125,-0.0146484375,0.00927734375,0.0185546875,0.020263671875,0.02001953125,0.027099609375,0.0166015625,0.013671875,0.044921875,0.032470703125,-0.0595703125,-0.100830078125,-0.0283203125,-0.00634765625,-0.048095703125,-0.0166015625,0.000732421875,0.015380859375,0.069580078125,-0.0263671875,-0.033447265625,0.05615234375,-0.044677734375,0.036376953125,0.005859375,-0.126708984375,0.062744140625,-0.0498046875,-0.067138671875,0.0244140625,-0.09521484375,0.0341796875,-0.0009765625,-0.083251953125,0.003662109375,-0.025390625,0.034912109375,0.073486328125,0.020263671875,0.01611328125,-0.02294921875,-0.060302734375,-0.04833984375,-0.0810546875,-0.022216796875,0.017333984375,-0.020751953125,0.006591796875,-0.035888671875,-0.007080078125,0.012451171875,-0.010009765625,0.070068359375,0.02587890625,-0.01025390625,0.010986328125,-0.071533203125,-0.051513671875,-0.00830078125,-0.029052734375,-0.0146484375,-0.02294921875,-0.054931640625,-0.01416015625,0.066162109375,0.049072265625,-0.0302734375,-0.0576171875,-0.014404296875,0.06396484375,0.05859375,-0.040771484375,-0.088623046875,-0.04736328125,-0.025634765625,-0.0068359375,-0.0224609375,-0.0322265625,0.006591796875,0.052978515625,0.0595703125,-0.0322265625,-0.08544921875,-0.029296875,0.046630859375,0.046630859375,-0.0263671875,-0.091796875,-0.041748046875,0.06103515625,0.062744140625,-0.0419921875,-0.0927734375,-0.01904296875,0.056884765625,0.02490234375,-0.07373046875,-0.04541015625,0.071533203125,0.071533203125,-0.03515625,-0.110107421875,-0.005859375,0.059326171875,-0.052978515625,-0.11328125,0.005615234375,0.12451171875,0.020263671875,-0.132080078125,-0.05224609375,0.09130859375,-0.063232421875,-0.063232421875,-0.091064453125,0.02490234375,0.05224609375,-0.069091796875,-0.11962890625,-0.031494140625,0.029296875,0.023193359375,-0.0078125,-0.032958984375,-0.052001953125,-0.038818359375,0.01708984375,-0.064453125,-0.064453125,-0.0517578125,0.041748046875,0.0361328125,-0.055908203125,-0.048095703125,0.023681640625,0.021240234375,-0.066650390625,-0.05810546875,0.03759765625,0.029052734375,-0.01416015625,-0.01416015625,0.041259765625,-0.000244140625,-0.04638671875,-0.0029296875,0.059326171875,0.005859375,-0.0732421875,-0.0283203125,0.03173828125,-0.029541015625,0.03466796875,0.02978515625,0.02978515625,-0.0439453125,-0.089111328125,-0.001220703125,0.056640625,-0.000732421875,-0.029296875,-0.01708984375,-0.015869140625,-0.047119140625,-0.036865234375,0.02587890625,-0.054931640625,-0.024169921875,0.039794921875,0.039794921875,0.000244140625,-0.075439453125,-0.04345703125,0.02734375,0.000244140625,-0.076416015625,-0.025146484375,0.041015625,0.0087890625,-0.02294921875,0.007568359375,-0.04541015625,-0.04541015625,-0.060791015625,0.030029296875,0.0478515625,-0.040771484375,-0.079833984375,0.005859375,0.029052734375,-0.045166015625,-0.04150390625,0.057861328125,-0.030517578125,-0.030517578125,-0.03125,0.03125,0.007080078125,-0.060546875,-0.026123046875,0.04541015625,0.023681640625,-0.046875,-0.021484375,0.00439453125,-0.0634765625,-0.00927734375,-0.00927734375,0.045654296875,-0.0234375,-0.08203125,-0.017333984375,0.040771484375,-0.0166015625,-0.08740234375,-0.01318359375,0.053466796875,-0.07373046875,-0.01220703125,0.025146484375,0.025146484375,-0.048095703125,-0.08056640625,-0.00732421875,0.027587890625,-0.008056640625,-0.007568359375,0.025146484375,-0.001708984375,-0.066162109375,0.023193359375,0.001708984375,-0.040771484375,-0.040771484375,0.00390625,0.05078125,-0.01904296875,-0.091796875,-0.02001953125,0.04345703125,-0.030029296875,-0.049560546875,0.031982421875,0.051513671875,-0.078125,0.00146484375,0.0205078125,-0.033447265625,-0.033447265625,-0.044189453125,0.01806640625,0.046875,-0.005615234375,-0.026611328125,0.01513671875,0.00244140625,-0.0595703125,-0.03662109375,-0.00244140625,-0.021484375,0.02294921875,0.052490234375,0.052490234375,-0.029296875,-0.0654296875,0.005615234375,0.0341796875,-0.047119140625,-0.0751953125,-0.0029296875,0.02685546875,-0.04443359375,-0.066650390625,0.017333984375,-0.064453125,-0.0634765625,0.029052734375,0.0283203125,0.0283203125,-0.0341796875,-0.0263671875,0.019775390625,-0.017822265625,-0.074462890625,-0.025146484375,0.05615234375,0.0126953125,-0.005615234375,0.072021484375,0.005126953125,-0.1015625,-0.02978515625,-0.02978515625,0.067138671875,-0.004150390625,-0.0908203125,-0.021728515625,0.0712890625,0.0078125,-0.061279296875,0.010498046875,-0.0048828125,-0.067626953125,-0.02783203125,-0.005126953125,-0.070068359375,-0.070068359375,-0.068359375,0.00927734375,0.02490234375,-0.00244140625,0.00634765625,0.02685546875,-0.01123046875,-0.0654296875,0.027099609375,-0.00244140625,-0.05615234375,0.01513671875,0.079345703125,0.079345703125,-0.00390625,-0.095458984375,-0.0576171875,0.0234375,-0.005859375,-0.054443359375,0.031982421875,0.0908203125,-0.10693359375,-0.021728515625,0.03857421875,-0.023681640625,-0.059326171875,-0.059326171875,0.01513671875,0.044189453125,-0.011962890625,-0.02392578125,0.010009765625,-0.0263671875,-0.079833984375,0.02685546875,0.02099609375,-0.042236328125,0.025390625,0.103271484375,0.103271484375,0.0126953125,-0.084716796875,-0.039794921875,0.037109375,-0.011474609375,-0.09326171875,0.064697265625,-0.00390625,-0.078369140625,-0.001708984375,0.05908203125,0.05908203125,-0.027587890625,-0.0634765625,0.024658203125,0.018798828125,-0.067138671875,0.0263671875,0.020751953125,-0.070556640625,-0.054443359375,0.048583984375,0.02001953125,0.02001953125,-0.086181640625,-0.04833984375,0.06103515625,0.025390625,-0.078125,0.083740234375,0.01611328125,-0.09033203125,-0.037353515625,0.05908203125,0.05908203125,0.002197265625,-0.06787109375,0.00390625,0.065673828125,-0.014404296875,-0.000244140625,0.033203125,-0.069580078125,-0.085205078125,0.051513671875,0.06005859375,0.06005859375,-0.0595703125,-0.0654296875,0.038818359375,0.032470703125,-0.072509765625,0.024169921875,0.01171875,-0.07177734375,-0.0537109375,0.0439453125,0.02880859375,0.02880859375,-0.0556640625,-0.036376953125,0.033203125,0.0048828125,-0.015625,0.047119140625,0.002685546875,-0.055419921875,-0.00537109375,0.02734375,0.02734375,-0.0419921875,-0.07421875,-0.007080078125,0.036865234375,-0.023193359375,0.0498046875,0.051025390625,-0.074462890625,-0.09423828125,0.0087890625,0.0341796875,0.0341796875,-0.0322265625,-0.022705078125,0.0654296875,0.033203125,-0.068603515625,0.029052734375,0.017333984375,-0.068115234375,-0.030517578125,0.052490234375,0.000244140625,-0.061767578125,-0.061767578125,0.005126953125,0.05712890625,-0.0146484375,-0.061767578125,0.02197265625,-0.051513671875,-0.086181640625,-0.001708984375,0.02734375,-0.06982421875,-0.05517578125,0.062255859375,0.031982421875,0.031982421875,-0.0849609375,-0.0673828125,0.053955078125,0.05810546875,-0.05859375,0.0361328125,0.003662109375,-0.086669921875,-0.03515625,0.065185546875,0.006591796875,-0.073974609375,-0.000732421875,-0.000732421875,0.066650390625,-0.017822265625,-0.082275390625,0.002685546875,0.0576171875,-0.085205078125,0.0302734375,0.0625,-0.040771484375,-0.06494140625,0.0380859375,0.046142578125,-0.0693359375,-0.0810546875,-0.0810546875,0.0244140625,0.0263671875,-0.086669921875,-0.06787109375,0.056640625,-0.064208984375,-0.0400390625,0.056640625,0.0078125,-0.114013671875,-0.054931640625,0.067626953125,0.01416015625,0.01416015625,-0.076904296875,-0.017822265625,0.07470703125,-0.002685546875,0.002197265625,0.068359375,-0.027099609375,-0.0830078125,0.0263671875,0.072509765625,-0.05029296875,-0.089111328125,0.017822265625,0.017822265625,0.0302734375,-0.076904296875,-0.068603515625,0.06005859375,-0.0615234375,-0.04736328125,0.054443359375,0.005126953125,-0.105712890625,-0.05517578125,0.06689453125,0.047607421875,-0.050048828125,-0.050048828125,-0.007568359375,0.055908203125,-0.03173828125,-0.022705078125,0.072265625,-0.01123046875,-0.06103515625,0.03662109375,0.075439453125,-0.034912109375,-0.1123046875,-0.006591796875,0.0517578125,0.0517578125,-0.05419921875,-0.061767578125,0.057373046875,-0.06689453125,-0.08544921875,0.02099609375,0.014892578125,-0.083984375,-0.053955078125,0.07666015625,0.048583984375,-0.072509765625,-0.072509765625,-0.046142578125,0.06005859375,-0.078125,-0.023681640625,0.02978515625,-0.0244140625,-0.065185546875,0.0322265625,0.0908203125,-0.0244140625,-0.080322265625,0.01806640625,0.01806640625,0.0390625,-0.071044921875,0.053466796875,0.077392578125,-0.0634765625,-0.092529296875,0.05419921875,0.05224609375,-0.099365234375,-0.100830078125,0.050048828125,0.050048828125,0.062255859375,-0.060302734375,0.0791015625,0.0078125,-0.127197265625,-0.06689453125,0.057861328125,-0.000732421875,-0.06982421875,0.0439453125,0.1201171875,-0.010009765625,-0.010009765625,-0.12060546875,-0.028076171875,-0.041259765625,-0.124267578125,0.001220703125,0.085693359375,-0.03076171875,-0.074462890625,0.05029296875,0.0595703125,-0.07421875,-0.10205078125,-0.10205078125,0.022705078125,-0.07373046875,-0.0537109375,0.05908203125,0.0263671875,-0.079833984375,-0.02490234375,0.06591796875,-0.008544921875,-0.093505859375,-0.019287109375,-0.019287109375,0.062255859375,-0.01806640625,0.015625,0.068359375,-0.02392578125,-0.058837890625,0.0400390625,0.061279296875,-0.0546875,-0.06982421875,0.0498046875,0.046875,0.046875,-0.087646484375,0.04052734375,0.036376953125,-0.08251953125,-0.07275390625,0.073974609375,0.066650390625,-0.082763671875,-0.07177734375,0.059326171875,0.006591796875,-0.1142578125,-0.04541015625,-0.04541015625,0.078857421875,-0.090576171875,-0.016357421875,0.0693359375,-0.0361328125,-0.102294921875,0.023681640625,0.093017578125,-0.02880859375,-0.092041015625,0.02001953125,0.05224609375,-0.05859375,-0.05859375,-0.066650390625,0.044677734375,-0.0517578125,-0.0576171875,0.044189453125,0.0244140625,-0.083984375,-0.054443359375,0.061279296875,0.012451171875,-0.112060546875,-0.042724609375,0.083740234375,0.083740234375,-0.005615234375,-0.009521484375,0.099853515625,-0.011474609375,-0.104248046875,0.01171875,0.073974609375,-0.03857421875,-0.08984375,0.017822265625,0.066650390625,-0.0537109375,-0.0693359375,0.07861328125,0.07861328125,-0.096435546875,-0.10546875,0.0556640625,0.068359375,-0.091796875,-0.095947265625,0.07568359375,0.063232421875,-0.10546875,-0.096435546875,0.0576171875,0.03369140625,-0.10009765625,-0.10009765625,0.09912109375,0.00048828125,-0.131103515625,-0.033935546875,0.076416015625,-0.03125,-0.10986328125,0.02783203125,0.11865234375,-0.02490234375,-0.115234375,0.0166015625,0.07861328125,-0.048583984375,-0.095947265625,0.03076171875,0.064453125,-0.070556640625,-0.080322265625,0.07373046875,0.046630859375,-0.112548828125,-0.0556640625,0.101318359375,0.023681640625,-0.13330078125,-0.13330078125,0.086669921875,0.02587890625,-0.11279296875,-0.0234375,0.107421875,-0.0048828125,-0.114013671875,0.014404296875,0.100830078125,-0.03759765625,-0.11279296875,0.005859375,0.0615234375,-0.050048828125,-0.07421875,0.071044921875,0.063720703125,-0.08984375,-0.068603515625,0.080810546875,0.06689453125,-0.097412109375,-0.081298828125,0.06298828125,0.00634765625,-0.11572265625,-0.024169921875,0.107666015625,0.01220703125,-0.119873046875,-0.017333984375,0.0908203125,-0.034912109375,-0.1171875,0.0078125,0.09423828125,-0.051513671875,-0.11865234375,0.0390625,0.101318359375,-0.050537109375,-0.1044921875,0.06201171875,0.083251953125,-0.08935546875,-0.089111328125,0.070068359375,0.061767578125,-0.100830078125,-0.09033203125,0.07568359375,0.05810546875,-0.088623046875,-0.04931640625,0.08349609375,0.01318359375,-0.13037109375,-0.030029296875,0.117919921875,-0.017578125,-0.1494140625,-0.019287109375,0.095458984375,-0.033935546875,-0.129150390625,0.025634765625,0.126220703125,-0.038818359375,-0.1298828125,0.01171875,0.084228515625,-0.04443359375,-0.100830078125,0.029541015625,0.05859375,-0.07470703125,-0.056396484375,0.09130859375,0.05859375,-0.06787109375,-0.06787109375,0.06005859375,0.008544921875,-0.1220703125,-0.045166015625,0.0830078125,0.00341796875,-0.093017578125,-0.003173828125,0.0673828125,-0.041259765625,-0.072509765625,0.035888671875,0.05810546875,-0.060302734375,-0.09521484375,0.024169921875,0.02978515625,-0.09130859375,-0.04443359375,0.072265625,0.03662109375,-0.06982421875,-0.041259765625,0.0390625,0.0390625,-0.091064453125,-0.0712890625,0.056396484375,0.037841796875,-0.0751953125,-0.014892578125,0.06787109375,-0.014404296875,-0.093994140625,-0.04150390625,0.029541015625,-0.026123046875,-0.058837890625,0.031005859375,-0.04296875,-0.04296875,-0.084228515625,0.014892578125,0.052490234375,-0.055908203125,-0.069580078125,0.03173828125,0.023681640625,-0.052978515625,-0.03955078125,0.031005859375,0.009033203125,-0.068115234375,-0.038818359375,0.038330078125,-0.04736328125,-0.04736328125,0.0185546875,0.083984375,-0.025390625,-0.123046875,-0.034423828125,0.071533203125,-0.0107421875,-0.103271484375,-0.017578125,0.075927734375,-0.025146484375,-0.087158203125,0.016357421875,0.05615234375,-0.028076171875,-0.010009765625,0.017333984375,0.017333984375,-0.061279296875,-0.04052734375,0.048828125,0.025634765625,-0.056640625,-0.019775390625,0.053466796875,-0.021728515625,-0.104736328125,-0.020263671875,0.06298828125,0.011474609375,-0.032958984375,0.048095703125,0.010009765625,0.010009765625,-0.056884765625,-0.027587890625,0.02001953125,-0.012939453125,-0.071533203125,-0.0009765625,0.062744140625,0.0009765625,-0.04052734375,-0.031005859375,-0.014404296875,-0.043212890625,0.01953125,0.050537109375,0.050537109375,-0.04833984375,-0.036865234375,0.05029296875,0.036376953125,-0.021728515625,-0.021728515625,-0.023681640625,-0.03955078125,-0.038330078125,-0.04296875,-0.00732421875,0.035400390625,0.001220703125,0.021728515625,-0.00830078125,-0.00830078125,-0.052490234375,-0.0224609375,-0.032470703125,-0.05078125,-0.039794921875,0.019775390625,0.067626953125,0.013916015625,-0.043701171875,-0.00927734375,0.00634765625,-0.082275390625,-0.085693359375,0.007080078125,0.04443359375,0.0048828125,0.0146484375,0.009521484375,-0.05224609375,-0.0283203125,0.023193359375,-0.024169921875,-0.024169921875,-0.05029296875,-0.0126953125,0.01806640625,0.000732421875,-0.001220703125,0.03125,0.0166015625,-0.038818359375,-0.071044921875,-0.04638671875,0.00634765625,0.016845703125,-0.009033203125,0.0,0.0146484375,-0.009765625,-0.040283203125,-0.04296875,-0.018798828125,-0.017578125,-0.022705078125,-0.001220703125,0.02490234375,-0.025634765625,-0.017333984375,-0.027587890625,-0.0869140625,-0.0478515625,0.043212890625,0.044189453125,0.044189453125,-0.005615234375,-0.011474609375,0.0087890625,0.002197265625,-0.017333984375,-0.0390625,-0.0087890625,-0.01171875,-0.052978515625,-0.045166015625,-0.0068359375,0.023193359375,0.04052734375,0.017333984375,-0.02001953125,-0.016357421875,-0.036865234375,-0.053466796875,-0.03466796875,-0.01904296875,0.02490234375,0.050537109375,-0.007568359375,-0.060546875,-0.03955078125,-0.029296875,-0.0380859375,-0.030029296875,-0.030029296875,-0.0126953125,0.037109375,0.035400390625,-0.016845703125,-0.008056640625,0.01025390625,-0.011474609375,-0.048583984375,-0.033203125,-0.017822265625,0.0009765625,0.000244140625,-0.040283203125,0.00146484375,0.020751953125,-0.01416015625,-0.008544921875,-0.0009765625,-0.0546875,-0.027587890625,-0.020751953125,0.01220703125,0.028076171875,0.0390625,0.035400390625,-0.03662109375,-0.0810546875,-0.0322265625,-0.0322265625,-0.031494140625,-0.0498046875,0.00341796875,0.053466796875,0.031982421875,-0.02978515625,-0.028076171875,0.012939453125,-0.001220703125,-0.052001953125,-0.041015625,0.005859375,-0.03466796875,-0.02880859375,0.001708984375,-0.0029296875,-0.03271484375,-0.03271484375,-0.00634765625,0.010986328125,-0.006103515625,-0.00732421875,-0.001708984375,-0.0322265625,-0.039794921875,-0.004150390625,0.029541015625,0.015625,-0.01513671875,-0.021484375,-0.046630859375,-0.064208984375,-0.01806640625,0.03271484375,-0.0146484375,-0.04052734375,-0.04052734375,-0.015380859375,-0.007568359375,-0.02197265625,-0.013916015625,0.003662109375,0.021728515625,0.018310546875,-0.025634765625,-0.04638671875,-0.009033203125,-0.05322265625,-0.03369140625,-0.007080078125,0.017578125,-0.0009765625,0.0078125,-0.00341796875,-0.025634765625,0.005859375,0.013916015625,0.013916015625,0.017333984375,0.002197265625,-0.028564453125,-0.01708984375,-0.033203125,-0.05419921875,-0.03369140625,0.003662109375,0.030029296875,-0.002685546875,-0.013671875,-0.02392578125,-0.0283203125,-0.009521484375,-0.02734375,0.000732421875,0.007568359375,-0.010498046875,-0.010498046875,-0.008056640625,-0.0146484375,0.0029296875,-0.017822265625,-0.0302734375,-0.04150390625,-0.040283203125,-0.012939453125,-0.008544921875,0.018310546875,-0.005126953125,-0.01904296875,-0.013916015625,-0.0283203125,0.020751953125,-0.036376953125,-0.019287109375,-0.019287109375,-0.0400390625,-0.0400390625,0.016845703125,-0.044189453125,0.035888671875,-0.013427734375,-0.01806640625,0.027099609375,-0.10546875,0.036376953125,0.020751953125,-0.07568359375,0.0732421875,-0.05224609375,0.05859375,-0.066162109375,-0.021728515625,0.034912109375,-0.021728515625,-0.005615234375,0.012451171875,-0.00390625,-0.010009765625,-0.010498046875,-0.03466796875,-0.027587890625,-0.00146484375,-0.025390625,-0.011474609375,-0.011474609375,-0.00439453125,-0.020751953125,0.015625,0.01806640625,0.004150390625,-0.006103515625,-0.018310546875,-0.02099609375,-0.04541015625,-0.03125,-0.000244140625,0.001953125,-0.029052734375,-0.04833984375,-0.027587890625,-0.0185546875,-0.001708984375,0.04248046875,0.04345703125,0.031982421875,0.01953125,-0.0126953125,-0.032470703125,-0.04052734375,-0.05029296875,-0.0546875,-0.04931640625,-0.038330078125,-0.038330078125,-0.02197265625,0.001220703125,0.029541015625,0.05419921875,0.04150390625,-0.010498046875,-0.062255859375,-0.0859375,-0.036865234375,0.038818359375,0.037841796875,-0.09716796875,-0.075439453125,0.01708984375,0.042236328125,-0.03857421875,-0.080078125,-0.002685546875,0.048828125,-0.000732421875,-0.019775390625,0.025146484375,-0.004150390625,-0.06591796875,-0.015380859375,-0.017822265625,-0.064453125,0.00830078125,0.00830078125,-0.010498046875,-0.079833984375,0.029541015625,0.0859375,0.017578125,0.01123046875,-0.013427734375,-0.075927734375,-0.043212890625,-0.0009765625,0.0078125,0.051025390625,-0.002197265625,-0.049560546875,-0.028564453125,-0.00927734375,-0.004638671875,0.01806640625,0.00927734375,-0.0048828125,0.012451171875,-0.007568359375,-0.03076171875,-0.01513671875,-0.020263671875,-0.020263671875,-0.02587890625,-0.005859375,0.020263671875,-0.015380859375,-0.054443359375,-0.0087890625,-0.002685546875,0.03271484375,0.018798828125,-0.025390625,-0.029052734375,-0.037353515625,-0.062255859375,-0.014404296875,0.033447265625,-0.021240234375,-0.056884765625,-0.03759765625,-0.03759765625,-0.020263671875,0.02392578125,0.00927734375,-0.046630859375,-0.01904296875,0.0029296875,-0.03955078125,-0.037841796875,-0.052734375,-0.023193359375,0.0107421875,-0.01513671875,-0.03271484375,-0.00341796875,0.021728515625,0.0087890625,-0.02587890625,-0.06689453125,-0.06689453125,-0.05126953125,0.036376953125,0.0703125,-0.01708984375,-0.015380859375,0.027099609375,0.035888671875,-0.01904296875,-0.05908203125,-0.0009765625,0.048828125,-0.015869140625,-0.07763671875,-0.02490234375,0.058349609375,0.044921875,-0.037109375,-0.037109375,-0.048095703125,0.047119140625,0.080810546875,-0.060302734375,0.00732421875,0.09619140625,-0.06103515625,-0.151611328125,0.002197265625,0.12109375,-0.027587890625,-0.145751953125,-0.009033203125,0.110595703125,-0.026611328125,-0.16162109375,-0.0439453125,-0.0439453125,0.126953125,0.023681640625,-0.163330078125,-0.058349609375,0.01904296875,-0.1259765625,-0.011962890625,0.128173828125,0.019287109375,-0.107177734375,-0.0380859375,0.06982421875,-0.000732421875,-0.1142578125,-0.030517578125,0.09228515625,0.02197265625,-0.072265625,0.003662109375,0.070068359375,0.001220703125,0.001220703125,-0.05419921875,-0.01220703125,-0.003173828125,-0.051025390625,-0.05224609375,0.03662109375,0.05517578125,-0.01318359375,-0.024169921875,0.0,0.0029296875,0.00732421875,-0.01904296875,-0.0693359375,-0.0458984375,0.0205078125,0.00146484375,-0.0439453125,0.0009765625,0.0546875,0.017333984375,-0.034423828125,-0.003173828125,0.033203125,-0.045166015625,-0.128662109375,-0.074462890625,0.019775390625,-0.01025390625,-0.01025390625,-0.072998046875,-0.0126953125,0.07421875,0.0234375,-0.041259765625,0.05126953125,0.00634765625,-0.09130859375,-0.05615234375,0.015625,-0.0234375,-0.057373046875,0.0234375,0.080078125,-0.008544921875,-0.057861328125,0.033203125,0.078125,-0.02490234375,-0.100830078125,-0.02880859375,0.03076171875,-0.006591796875,-0.052490234375,-0.001953125,0.03173828125,-0.024658203125,-0.024658203125,-0.005126953125,0.0478515625,-0.00390625,-0.040771484375,0.04150390625,-0.026123046875,-0.105224609375,-0.015625,0.06787109375,-0.00048828125,-0.061279296875,0.022216796875,0.1044921875,-0.009521484375,-0.150390625,-0.054931640625,0.103271484375,0.014892578125,-0.169677734375,-0.074462890625,0.13427734375,0.07568359375,-0.08642578125,-0.0537109375,0.063232421875,0.005859375,-0.099365234375,-0.099365234375,-0.04736328125,0.039794921875,-0.02734375,0.006591796875,0.035888671875,-0.04443359375,0.000244140625,0.08203125,-0.001708984375,-0.124755859375,-0.033447265625,0.06494140625,-0.0234375,-0.077880859375,-0.01806640625,0.026611328125,-0.01318359375,-0.030517578125,0.03271484375,0.05810546875,-0.007080078125,-0.055419921875,0.0107421875,0.0107421875,-0.0712890625,-0.09912109375,0.030517578125,0.060791015625,-0.04833984375,-0.03173828125,0.068359375,0.03076171875,-0.08349609375,-0.0556640625,0.053466796875,0.000732421875,-0.10107421875,-0.044677734375,0.0458984375,-0.01220703125,-0.0869140625,0.012451171875,0.099853515625,-0.008056640625,-0.008056640625,0.021728515625,0.060546875,-0.064453125,-0.11474609375,0.01318359375,0.0712890625,-0.047119140625,-0.0869140625,0.035888671875,0.083740234375,-0.0341796875,-0.072021484375,0.042236328125,0.05224609375,-0.075439453125,-0.084228515625,0.02294921875,0.010986328125,-0.075927734375,-0.030517578125,0.064453125,0.0107421875,-0.0810546875,-0.004150390625,0.061279296875,-0.044921875,-0.11083984375,0.00244140625,0.09033203125,-0.03369140625,-0.116943359375,0.007568359375,0.09033203125,-0.011474609375,-0.0634765625,0.032470703125,0.072265625,-0.03369140625,-0.082763671875,0.01025390625,0.03662109375,-0.055419921875,-0.05712890625,0.034423828125,0.0380859375,-0.04638671875,-0.033203125,0.050537109375,-0.006103515625,-0.095947265625,-0.018798828125,0.068359375,-0.022705078125,-0.111572265625,-0.028564453125,0.06201171875,-0.0068359375,-0.07177734375,0.0126953125,0.068359375,-0.034912109375,-0.08154296875,0.016357421875,0.04541015625,-0.053466796875,-0.074951171875,0.02783203125,0.046875,-0.040771484375,-0.035400390625,0.052001953125,0.025146484375,-0.07861328125,-0.04638671875,0.061767578125,0.027587890625,-0.09521484375,-0.07177734375,0.03662109375,0.0087890625,-0.07470703125,-0.014892578125,0.08349609375,0.004638671875,-0.10888671875,-0.0361328125,0.06884765625,-0.014404296875,-0.10205078125,-0.016357421875,0.058837890625,-0.02294921875,-0.082275390625,0.02197265625,0.08837890625,-0.01953125,-0.07421875,0.026123046875,0.075439453125,-0.041259765625,-0.10107421875,-0.006103515625,0.033203125,-0.04345703125,-0.05126953125,0.055419921875,-0.051513671875,-0.051513671875,-0.068359375,0.026611328125,0.028564453125,-0.050048828125,-0.03271484375,0.01513671875,-0.02783203125,-0.0771484375,-0.026611328125,0.05078125,0.0166015625,-0.05810546875,-0.021728515625,0.042724609375,-0.00732421875,-0.06689453125,-0.01708984375,0.0439453125,-0.0126953125,-0.064453125,0.01025390625,0.0576171875,-0.00634765625,-0.052490234375,0.0078125,-0.03369140625,-0.04345703125,0.0029296875,0.0029296875,-0.019775390625,-0.084716796875,-0.05908203125,0.047607421875,0.043212890625,-0.05029296875,-0.0224609375,0.051513671875,-0.005859375,-0.108154296875,-0.054931640625,0.06982421875,0.01513671875,-0.093505859375,-0.037109375,0.059814453125,0.005615234375,-0.0771484375,0.015380859375,0.08935546875,-0.007080078125,-0.07373046875,-0.00732421875,0.033935546875,-0.059814453125,0.04736328125,0.06640625,-0.040771484375,-0.040771484375,-0.0546875,0.043212890625,0.027099609375,-0.080322265625,-0.04296875,0.083251953125,0.0439453125,-0.107177734375,-0.100830078125,0.021240234375,0.009765625,-0.062255859375,-0.004638671875,0.081298828125,0.022216796875,-0.023193359375,0.045654296875,-0.03173828125,-0.03173828125,-0.08984375,0.00048828125,0.0576171875,-0.0361328125,-0.079833984375,0.03759765625,0.067138671875,-0.050537109375,-0.06591796875,0.041259765625,0.058837890625,-0.0546875,-0.06787109375,0.02978515625,-0.075439453125,-0.05419921875,0.048095703125,0.020263671875,0.020263671875,-0.06884765625,0.004150390625,0.08740234375,-0.011962890625,-0.10888671875,-0.0234375,0.053955078125,-0.05224609375,-0.112548828125,0.02294921875,0.100830078125,-0.020751953125,-0.078125,0.0634765625,-0.041259765625,-0.069091796875,0.036376953125,0.036376953125,0.035888671875,-0.089599609375,-0.090087890625,0.02392578125,0.036865234375,-0.03515625,-0.004638671875,0.063720703125,0.001220703125,-0.09326171875,-0.034423828125,0.052001953125,-0.033447265625,-0.0185546875,0.0576171875,-0.0048828125,-0.0693359375,-0.00439453125,-0.00439453125,0.05859375,-0.019287109375,-0.0673828125,0.0263671875,0.056396484375,-0.042724609375,-0.08935546875,0.00146484375,0.0625,-0.01123046875,-0.046875,0.0283203125,-0.06298828125,-0.03955078125,0.063232421875,0.0361328125,-0.074462890625,-0.074462890625,-0.06787109375,0.021728515625,-0.006103515625,-0.08349609375,-0.031005859375,0.055419921875,0.010498046875,-0.067626953125,-0.011474609375,0.05224609375,-0.027587890625,-0.098388671875,-0.039794921875,0.037109375,0.012451171875,-0.032958984375,0.007568359375,0.04443359375,-0.019775390625,-0.001220703125,0.0576171875,-0.013671875,-0.084228515625,-0.0078125,0.052734375,-0.023193359375,-0.047607421875,0.021484375,0.021484375,-0.041259765625,-0.0595703125,-0.0595703125,0.03759765625,0.0341796875,-0.061767578125,-0.068359375,-0.005615234375,-0.001220703125,-0.058349609375,-0.028564453125,0.04541015625,0.0029296875,-0.04443359375,-0.01220703125,0.0244140625,0.015625,-0.039306640625,-0.037353515625,-0.011474609375,-0.03369140625,-0.03515625,0.01220703125,-0.00146484375,-0.021728515625,0.00537109375,0.020751953125,-0.016357421875,-0.029052734375,0.00341796875,-0.0048828125,-0.0537109375,-0.046875,0.00634765625,0.00634765625,0.009033203125,-0.028564453125,-0.01513671875,0.017822265625,0.002197265625,-0.03369140625,-0.041015625,-0.01025390625,-0.035888671875,-0.054931640625,-0.00732421875,0.02587890625,0.01416015625,-0.01416015625,0.00634765625,0.025390625,-0.02099609375,0.006591796875,0.014404296875,-0.041748046875,-0.056396484375,-0.000732421875,0.0341796875,-0.006103515625,-0.024658203125,0.0224609375,0.024169921875,-0.042724609375,-0.0517578125,-0.0517578125,0.01025390625,0.001708984375,-0.055419921875,-0.05859375,-0.010986328125,0.002685546875,-0.02734375,-0.010498046875,0.026123046875,0.002197265625,-0.030029296875,-0.01318359375,0.008544921875,-0.027099609375,-0.057373046875,-0.017822265625,0.012451171875,-0.00732421875,-0.010009765625,0.014404296875,-0.011962890625,-0.015625,0.01611328125,0.0087890625,-0.041015625,-0.037353515625,-0.001220703125,-0.021484375,-0.036376953125,0.001220703125,0.017822265625,-0.025146484375,-0.025146484375,-0.038818359375,0.01416015625,0.031494140625,-0.034423828125,-0.07080078125,-0.017578125,0.0078125,-0.02880859375,-0.04443359375,0.0029296875,0.039306640625,-0.013427734375,-0.042724609375,0.01611328125,0.03564453125,-0.029296875,0.001220703125,0.027587890625,-0.02587890625,-0.04443359375,0.005859375,0.007080078125,-0.039794921875,-0.01025390625,0.04833984375,0.016845703125,-0.0595703125,-0.052490234375,0.005859375,-0.001953125,-0.03515625,-0.03515625,-0.023681640625,-0.000244140625,-0.01123046875,-0.02099609375,-0.00439453125,-0.001953125,-0.02880859375,-0.029052734375,0.00244140625,0.01171875,-0.01123046875,-0.024169921875,-0.0078125,-0.007568359375,-0.017333984375,0.029052734375,0.00830078125,-0.030517578125,-0.010986328125,0.0126953125,-0.018798828125,-0.05419921875,-0.0302734375,0.010498046875,-0.01123046875,-0.027099609375,0.021240234375,0.026611328125,-0.0458984375,-0.073486328125,-0.073486328125,-0.009765625,0.02978515625,-0.01171875,-0.031494140625,0.00732421875,0.017578125,-0.036865234375,-0.032470703125,0.032958984375,0.050048828125,-0.021240234375,-0.064697265625,-0.004638671875,-0.034423828125,-0.045654296875,0.016357421875,0.033935546875,-0.026611328125,-0.025634765625,0.04150390625,0.015380859375,-0.072509765625,-0.072509765625,-0.052978515625,0.01611328125,-0.009033203125,-0.089599609375,0.047119140625,0.0009765625,-0.065185546875,-0.0166015625,0.063720703125,0.02099609375,-0.060546875,-0.060546875,-0.037109375,0.026123046875,0.005615234375,-0.06103515625,0.0263671875,0.02392578125,-0.023681640625,-0.010986328125,0.03759765625,0.01904296875,-0.02734375,-0.02734375,-0.00439453125,0.017333984375,-0.0224609375,-0.046875,-0.030517578125,-0.02734375,-0.008056640625,0.02099609375,0.02294921875,-0.0146484375,-0.025390625,-0.025390625,-0.003173828125,-0.023193359375,-0.04736328125,-0.0029296875,-0.02734375,-0.04052734375,-0.0009765625,0.01416015625,-0.014892578125,-0.015625,0.009765625,0.009765625,0.0302734375,0.000732421875,-0.035400390625,-0.00732421875,-0.04443359375,-0.04443359375,0.020751953125,0.047607421875,-0.006591796875,-0.024169921875,-0.024169921875,0.00732421875,-0.0166015625,-0.049072265625,0.018310546875,-0.014404296875,-0.074462890625,-0.05419921875,0.01513671875,0.021240234375,-0.03076171875,-0.009521484375,-0.009521484375,0.03076171875,-0.009765625,-0.006103515625,0.030029296875,-0.010498046875,-0.06396484375,-0.0556640625,-0.005615234375,0.01025390625,0.003173828125,0.003173828125,0.033447265625,0.031005859375,-0.03125,0.001953125,0.009033203125,-0.0283203125,-0.031005859375,0.00390625,0.0,-0.021240234375,-0.0029296875,0.019775390625,0.019775390625,-0.0068359375,-0.03662109375,0.010986328125,-0.039306640625,-0.09423828125,-0.05615234375,-0.017578125,-0.013427734375,-0.004150390625,0.043212890625,0.054931640625,-0.007568359375,-0.05126953125,-0.05126953125,-0.0126953125,0.029541015625,-0.020263671875,-0.033447265625,-0.048095703125,-0.06005859375,-0.02685546875,0.04736328125,0.04736328125,-0.02783203125,-0.031494140625,0.02099609375,0.0009765625,0.0009765625,-0.04931640625,-0.02587890625,-0.031005859375,-0.047119140625,0.00390625,0.055419921875,0.008056640625,-0.056884765625,-0.0341796875,0.015869140625,0.00732421875,-0.0185546875,-0.00537109375,-0.00537109375,-0.02490234375,-0.075927734375,0.0302734375,0.06689453125,0.02001953125,-0.0146484375,0.01904296875,0.005126953125,-0.0556640625,-0.05126953125,-0.005615234375,-0.008544921875,-0.03271484375,-0.03271484375,-0.018310546875,0.025146484375,-0.04931640625,-0.0361328125,0.009765625,-0.009033203125,-0.022705078125,0.021240234375,0.02099609375,-0.053955078125,-0.094970703125,-0.02685546875,0.054443359375,0.054443359375,0.03369140625,0.008544921875,0.04248046875,-0.013671875,-0.040283203125,-0.015869140625,-0.02001953125,-0.050537109375,-0.0517578125,-0.028076171875,0.021728515625,0.03466796875,0.0244140625,0.0244140625,0.041015625,-0.077880859375,-0.05712890625,0.0146484375,0.009765625,-0.035400390625,-0.030517578125,-0.00146484375,-0.014892578125,-0.046142578125,-0.00146484375,0.044921875,-0.0048828125,-0.051513671875,-0.009033203125,0.045654296875,0.045654296875,-0.07421875,-0.07275390625,-0.0068359375,0.006591796875,-0.0078125,0.038818359375,0.06298828125,0.002685546875,-0.036376953125,-0.02734375,-0.010498046875,-0.010498046875,-0.0166015625,-0.01220703125,0.00537109375,-0.01806640625,-0.01171875,-0.00048828125,-0.02099609375,-0.04833984375,-0.029541015625,0.039794921875,0.046875,-0.042724609375,-0.042724609375,-0.091552734375,-0.03271484375,-0.01123046875,0.0322265625,0.041259765625,-0.002197265625,-0.0322265625,-0.01123046875,0.024658203125,0.0068359375,-0.022216796875,0.010009765625,0.010009765625,-0.052490234375,-0.054931640625,-0.01611328125,-0.0009765625,-0.02490234375,-0.013916015625,0.04541015625,0.046875,-0.032958984375,-0.063232421875,-0.015380859375,-0.00244140625,-0.00244140625,-0.020751953125,0.035888671875,0.027587890625,-0.02197265625,-0.04443359375,-0.02001953125,-0.002685546875,0.009033203125,0.0107421875,-0.00732421875,-0.055419921875,-0.08251953125,-0.04638671875,0.015869140625,0.029296875,0.000732421875,0.00537109375,0.016357421875,-0.01318359375,-0.037841796875,0.000244140625,0.0107421875,-0.015869140625,-0.0087890625,-0.0087890625,-0.035888671875,-0.048828125,-0.009765625,0.03369140625,0.01025390625,-0.056884765625,-0.03955078125,0.032958984375,-0.005126953125,-0.070068359375,-0.018798828125,0.038330078125,-0.009765625,-0.03955078125,0.00390625,0.044189453125,0.006591796875,-0.044921875,-0.01123046875,0.046875,0.01806640625,-0.040283203125,-0.028564453125,-0.02392578125,-0.061767578125,-0.048095703125,0.03369140625,0.076904296875,-0.003662109375,-0.066650390625,-0.01806640625,0.007568359375,-0.01611328125,-0.0244140625,-0.004150390625,0.012939453125,-0.01904296875,-0.052978515625,-0.0205078125,0.02099609375,-0.005615234375,-0.025634765625,-0.006103515625,-0.01611328125,-0.032470703125,-0.062744140625,-0.056396484375,-0.023681640625,-0.000244140625,0.037109375,0.041748046875,0.007568359375,-0.0107421875,0.006103515625,0.005126953125,-0.015380859375,-0.0263671875,-0.02392578125,-0.037841796875,-0.05419921875,-0.03369140625,0.0224609375,0.045654296875,-0.004150390625,-0.064453125,-0.0322265625,0.05517578125,0.06591796875,-0.004638671875,-0.076171875,-0.07080078125,-0.011962890625,-0.005615234375,-0.030029296875,-0.002685546875,0.056640625,0.07080078125,0.008056640625,-0.040283203125,-0.003173828125,0.052001953125,0.01708984375,-0.070068359375,-0.09130859375,-0.025146484375,0.031982421875,0.01416015625,-0.04541015625,-0.06982421875,-0.01220703125,0.051513671875,0.0234375,-0.01220703125,0.00146484375,0.0009765625,-0.032470703125,-0.040283203125,-0.027099609375,-0.0146484375,0.02685546875,-0.005615234375,-0.076416015625,-0.041259765625,0.00390625,-0.007080078125,-0.027587890625,-0.017333984375,-0.0283203125,-0.025146484375,-0.00341796875,-0.00341796875,-0.02099609375,-0.010009765625,-0.007568359375,-0.012451171875,-0.01123046875,-0.004638671875,-0.023681640625,-0.0224609375,-0.02587890625,-0.026123046875,0.017578125,0.031005859375,0.01220703125,-0.026611328125,-0.026611328125,0.025634765625,0.01416015625,-0.01123046875,-0.028076171875,-0.051513671875,0.015625,0.013671875,-0.062255859375,-0.010009765625,0.019775390625,0.021240234375,0.021240234375,-0.001220703125,-0.059814453125,0.062255859375,0.066162109375,-0.089111328125,-0.0419921875,0.045166015625,-0.006591796875,0.009521484375,0.012451171875,-0.064208984375,0.000244140625,0.000244140625,-0.0302734375,-0.01123046875,0.008544921875,-0.020751953125,-0.02685546875,-0.0146484375,-0.00439453125,0.013671875,-0.000244140625,-0.03955078125,-0.021484375,-0.009765625,-0.009765625,-0.004638671875,-0.017578125,-0.029052734375,-0.027099609375,-0.031494140625,-0.021240234375,0.01025390625,0.01416015625,-0.00146484375,0.000244140625,0.00537109375,0.009765625,0.009765625,-0.0029296875,-0.008056640625,-0.004638671875,-0.0078125,-0.01025390625,-0.006103515625,-0.013671875,-0.038818359375,-0.0419921875,-0.01513671875,0.0146484375,0.0146484375,0.017578125,-0.0009765625,-0.025634765625,-0.030029296875,0.002685546875,0.04345703125,0.02685546875,-0.019775390625,-0.0185546875,-0.04052734375,-0.043212890625,-0.005615234375,-0.005615234375,-0.049072265625,-0.015869140625,0.02587890625,-0.039306640625,0.005126953125,0.088623046875,-0.010986328125,0.00048828125,0.025634765625,0.015380859375,-0.036865234375,-0.049072265625,-0.049072265625,0.042236328125,-0.07666015625,-0.02392578125,-0.02392578125,0.001953125,0.0234375,-0.030517578125,0.00048828125,-0.02587890625,-0.01416015625,-0.00634765625,0.030517578125,0.030029296875,0.030029296875,0.012939453125,-0.03271484375,-0.060546875,-0.012939453125,-0.04638671875,-0.0087890625,-0.019775390625,-0.03564453125,0.012451171875,0.031982421875,0.02001953125,-0.017578125,0.021484375,0.021484375,-0.03466796875,-0.026611328125,-0.018310546875,-0.034912109375,0.02978515625,0.02490234375,-0.01513671875,-0.03857421875,-0.0439453125,-0.005859375,-0.000732421875,-0.027099609375,-0.00927734375,-0.00927734375,0.019287109375,-0.03271484375,-0.002197265625,0.006103515625,-0.002685546875,0.062744140625,0.02294921875,-0.036865234375,-0.05322265625,-0.036376953125,-0.039306640625,-0.004638671875,0.027587890625,0.027587890625,0.044189453125,0.032470703125,-0.044921875,-0.068115234375,-0.08056640625,-0.017822265625,0.030517578125,0.001220703125,0.0234375,0.0390625,-0.021484375,-0.078369140625,-0.054443359375,-0.054443359375,-0.00830078125,0.02783203125,-0.037841796875,-0.069091796875,-0.017333984375,-0.0107421875,-0.03076171875,-0.042236328125,0.018310546875,0.0400390625,0.023681640625,-0.0146484375,-0.055419921875,-0.055419921875,-0.06591796875,-0.05126953125,-0.026611328125,-0.022705078125,-0.013671875,0.025634765625,0.00439453125,-0.041259765625,0.014404296875,0.02490234375,0.01708984375,0.029541015625,0.02880859375,0.02880859375,-0.003662109375,-0.019287109375,-0.037109375,-0.020751953125,-0.016845703125,-0.006591796875,0.031005859375,0.02392578125,-0.009521484375,-0.033447265625,-0.053955078125,-0.029296875,0.00341796875,0.02001953125,0.02001953125,0.0068359375,0.0009765625,-0.022216796875,-0.01025390625,-0.021728515625,-0.067138671875,-0.02734375,-0.02587890625,-0.037353515625,-0.0546875,-0.022216796875,-0.0126953125,-0.0126953125,-0.03955078125,-0.02001953125,0.025634765625,0.022705078125,0.003662109375,0.00537109375,-0.064208984375,-0.05078125,-0.003662109375,0.007568359375,-0.0009765625,-0.0009765625,-0.00048828125,0.001708984375,0.005126953125,-0.015869140625,-0.027099609375,-0.001953125,0.00341796875,-0.03125,-0.0224609375,-0.006103515625,0.00341796875,0.022216796875,0.022216796875,0.030517578125,0.005615234375,-0.00537109375,-0.018798828125,-0.0361328125,-0.0380859375,-0.011962890625,-0.00927734375,-0.0107421875,0.013671875,0.02099609375,0.011474609375,0.011474609375,-0.01171875,-0.017822265625,-0.023681640625,-0.052001953125,-0.02783203125,0.00244140625,-0.017333984375,0.00341796875,-0.011962890625,-0.034912109375,-0.01318359375,-0.0166015625,-0.0166015625,-0.03466796875,-0.016845703125,-0.00830078125,-0.032958984375,-0.05224609375,-0.0283203125,0.033203125,0.009033203125,-0.01904296875,0.006591796875,0.0263671875,-0.015869140625,-0.015869140625,-0.04345703125,-0.03125,0.013427734375,0.015625,-0.05419921875,0.041748046875,0.03271484375,-0.025390625,0.010986328125,0.01123046875,-0.040771484375,-0.040771484375,-0.033935546875,-0.014404296875,0.0078125,-0.013427734375,-0.046630859375,0.0107421875,-0.06005859375,-0.080078125,0.021484375,0.029052734375,-0.059814453125,-0.052734375,0.031982421875,0.031982421875,0.0380859375,-0.013671875,-0.033203125,-0.002197265625,-0.00146484375,-0.05810546875,0.0146484375,0.01953125,-0.00390625,0.0361328125,0.0400390625,-0.03955078125,-0.07568359375,-0.07568359375,-0.012939453125,0.003662109375,-0.038818359375,-0.021728515625,0.033203125,0.03271484375,-0.02734375,0.00390625,0.001220703125,-0.056396484375,-0.06787109375,-0.001220703125,0.035400390625,0.005615234375,0.005615234375,0.01025390625,0.04248046875,-0.021484375,-0.08056640625,-0.04052734375,0.02001953125,-0.06396484375,-0.01220703125,0.072509765625,-0.025390625,-0.118408203125,-0.023193359375,0.072265625,0.072265625,-0.008056640625,-0.09228515625,-0.001953125,0.078125,-0.087158203125,-0.024658203125,0.03076171875,-0.063720703125,-0.096435546875,0.013427734375,0.049072265625,-0.02001953125,-0.02001953125,-0.04248046875,0.060791015625,0.06689453125,-0.08349609375,-0.10986328125,0.035888671875,-0.098388671875,-0.061767578125,0.118896484375,0.07470703125,-0.07177734375,-0.053466796875,0.046630859375,0.039794921875,0.039794921875,-0.072265625,-0.0634765625,0.0419921875,0.003662109375,-0.005859375,0.0947265625,-0.003662109375,-0.0849609375,0.014404296875,0.05859375,-0.051513671875,-0.115234375,0.023193359375,0.023193359375,0.12109375,-0.053466796875,-0.1904296875,0.012451171875,-0.046875,-0.135498046875,0.044921875,0.1142578125,-0.050048828125,-0.118896484375,0.049560546875,0.09716796875,-0.091064453125,-0.091064453125,-0.147216796875,0.019287109375,0.0625,-0.031982421875,0.127197265625,0.055908203125,-0.157958984375,-0.094482421875,0.1083984375,0.038330078125,-0.173095703125,-0.089599609375,-0.089599609375,0.131103515625,0.05029296875,-0.141357421875,0.17236328125,0.037353515625,-0.167236328125,-0.0322265625,0.079833984375,-0.0419921875,-0.115478515625,0.035888671875,0.035888671875,0.126953125,-0.04150390625,-0.1181640625,0.069580078125,-0.076416015625,-0.1376953125,0.07421875,0.099365234375,-0.1103515625,-0.12939453125,0.073974609375,0.09619140625,-0.0908203125,-0.0908203125,-0.091796875,0.080078125,0.0419921875,-0.088134765625,0.1162109375,0.0302734375,-0.173828125,-0.039306640625,0.1484375,0.02685546875,-0.16796875,-0.033935546875,-0.033935546875,0.16162109375,-0.004638671875,-0.215087890625,0.191650390625,0.01513671875,-0.16943359375,-0.02294921875,0.108154296875,-0.045166015625,-0.1484375,0.046142578125,0.16357421875,0.16357421875,-0.0419921875,-0.142822265625,0.112060546875,-0.1142578125,-0.146484375,0.087158203125,0.0908203125,-0.14013671875,-0.121826171875,0.130126953125,0.130126953125,-0.134521484375,-0.134521484375,-0.133544921875,0.101318359375,-0.1484375,-0.095947265625,0.132080078125,0.063720703125,-0.143310546875,-0.052734375,0.128173828125,0.03369140625,-0.12890625,-0.12890625,-0.049560546875,0.09619140625,-0.1240234375,0.019775390625,0.12890625,-0.037109375,-0.162841796875,-0.019287109375,0.084716796875,-0.0693359375,-0.102783203125,0.08203125,0.1005859375,-0.080810546875,-0.080810546875,-0.112060546875,0.064208984375,-0.120849609375,-0.111572265625,0.0673828125,0.068603515625,-0.075927734375,-0.043212890625,0.0986328125,0.055419921875,-0.109619140625,-0.066162109375,0.086181640625,0.02001953125,0.02001953125,-0.101806640625,-0.016845703125,0.013916015625,-0.093017578125,-0.005126953125,0.08544921875,-0.033935546875,-0.105224609375,0.029052734375,0.09375,-0.0498046875,-0.123779296875,0.014404296875,0.014404296875,0.06298828125,-0.057373046875,0.06982421875,0.03857421875,-0.11474609375,-0.09521484375,0.05322265625,0.05615234375,-0.093505859375,-0.070556640625,0.080322265625,0.03173828125,-0.128662109375,-0.128662109375,-0.06298828125,0.074951171875,-0.0771484375,-0.04150390625,0.10205078125,0.01318359375,-0.1435546875,-0.061767578125,0.075927734375,-0.0068359375,-0.109619140625,0.015380859375,0.12158203125,0.12158203125,0.0029296875,0.0048828125,0.0439453125,-0.090576171875,-0.12255859375,0.02197265625,0.09423828125,-0.033935546875,-0.074951171875,0.05615234375,0.068359375,-0.08447265625,-0.101318359375,-0.101318359375,0.08544921875,-0.078857421875,-0.08642578125,0.0537109375,0.05078125,-0.07763671875,-0.046142578125,0.0703125,0.0126953125,-0.088134765625,-0.017333984375,0.078125,-0.001220703125,-0.001220703125,-0.0126953125,0.043212890625,-0.05615234375,-0.11962890625,-0.001220703125,0.07275390625,-0.040771484375,-0.069091796875,0.066650390625,0.09375,-0.071044921875,-0.12158203125,0.020751953125,0.060546875,0.060546875,-0.075927734375,-0.08740234375,0.072509765625,-0.034423828125,-0.046875,0.045654296875,0.0302734375,-0.0703125,-0.05126953125,0.042236328125,0.010986328125,-0.069091796875,-0.010498046875,0.07373046875,-0.018310546875,-0.08837890625,0.016845703125,0.063720703125,-0.057373046875,-0.078125,0.0361328125,0.05224609375,-0.061767578125,-0.081787109375,0.03076171875,0.04541015625,-0.0712890625,-0.061767578125,0.063232421875,0.05029296875,-0.0732421875,-0.0439453125,0.07666015625,0.02587890625,-0.1220703125,-0.0703125,0.056884765625,0.007080078125,-0.09228515625,-0.00830078125,0.10595703125,-0.002197265625,-0.109130859375,0.0,0.0947265625,-0.02734375,-0.13330078125,-0.02392578125,0.068359375,-0.029296875,-0.08837890625,0.030029296875,0.1005859375,-0.039306640625,-0.103515625,-0.003173828125,0.067138671875,-0.020263671875,-0.0703125,0.03466796875,0.04833984375,-0.072509765625,-0.0703125,0.05078125,0.054931640625,-0.056884765625,-0.034423828125,0.07666015625,0.016845703125,-0.111083984375,-0.05517578125,0.06787109375,0.00927734375,-0.0986328125,-0.020263671875,0.087646484375,-0.00830078125,-0.109619140625,-0.02783203125,0.05517578125,-0.012939453125,-0.067138671875,0.00537109375,0.052734375,-0.05419921875,-0.08984375,0.015625,0.044189453125,-0.052734375,-0.057861328125,0.038330078125,0.052978515625,-0.03759765625,-0.04248046875,0.045166015625,0.02490234375,-0.09326171875,-0.055908203125,0.06787109375,0.025634765625,-0.05859375,-0.005615234375,0.0576171875,-0.024658203125,-0.09326171875,-0.015869140625,0.05908203125,-0.01953125,-0.088623046875,-0.006103515625,0.068115234375,-0.0126953125,-0.06640625,0.000732421875,0.033447265625,-0.035888671875,-0.055908203125,0.0166015625,0.045166015625,-0.0693359375,-0.0693359375,0.033935546875,0.03369140625,-0.062744140625,-0.02880859375,0.0634765625,0.018310546875,-0.085693359375,-0.032958984375,0.074951171875,0.00634765625,-0.104736328125,-0.042236328125,0.004638671875,0.004638671875,-0.07666015625,-0.031494140625,0.05859375,-0.002197265625,-0.085205078125,-0.006103515625,0.0673828125,-0.031982421875,-0.112548828125,-0.021728515625,0.049560546875,-0.052978515625,0.039306640625,0.039306640625,0.073486328125,-0.029052734375,-0.066162109375,0.013671875,0.045166015625,-0.043212890625,-0.067138671875,0.0205078125,0.02734375,-0.046630859375,-0.047119140625,0.0634765625,-0.03759765625,-0.03759765625,-0.058837890625,0.0244140625,0.027587890625,-0.06103515625,-0.054931640625,0.023681640625,-0.017578125,-0.081787109375,-0.012451171875,0.071044921875,0.01220703125,-0.026611328125,0.0576171875,0.0576171875,-0.040771484375,-0.1005859375,0.011962890625,0.08203125,-0.036376953125,-0.07958984375,0.041748046875,0.069091796875,-0.068359375,-0.07568359375,0.047607421875,-0.050048828125,-0.02490234375,-0.02490234375,0.049560546875,-0.001953125,-0.089599609375,-0.036865234375,0.0498046875,0.0205078125,-0.048095703125,-0.005126953125,0.0546875,-0.015625,-0.0712890625,0.034423828125,-0.04931640625,-0.04931640625,-0.0908203125,-0.003173828125,0.06201171875,-0.018798828125,-0.053955078125,0.029296875,0.047119140625,-0.056640625,-0.0654296875,0.034912109375,-0.068115234375,-0.063232421875,-0.063232421875,0.041015625,0.03759765625,-0.047607421875,-0.018310546875,0.0458984375,0.001220703125,-0.05517578125,-0.02294921875,0.025390625,-0.079345703125,-0.026611328125,0.05615234375,0.05615234375,-0.002685546875,-0.065673828125,0.000244140625,0.066162109375,-0.04150390625,-0.109375,0.0009765625,0.05712890625,-0.055908203125,0.01416015625,0.065185546875,-0.033935546875,-0.033935546875,-0.065185546875,0.04833984375,0.06494140625,-0.056640625,-0.083984375,0.02783203125,0.06591796875,-0.033935546875,0.007080078125,0.0302734375,-0.0302734375,-0.0302734375,-0.0341796875,0.03955078125,0.0234375,-0.0625,-0.032958984375,0.031005859375,-0.023193359375,-0.065185546875,-0.00390625,-0.0400390625,-0.084716796875,0.016357421875,0.016357421875,0.079833984375,-0.026611328125,-0.081298828125,0.013916015625,0.051025390625,-0.05810546875,-0.09619140625,0.001220703125,-0.015869140625,-0.052001953125,0.01611328125,0.040283203125,0.040283203125,-0.030029296875,-0.049072265625,0.02099609375,0.010009765625,-0.063232421875,-0.03857421875,0.0302734375,0.01171875,-0.031005859375,0.034423828125,-0.00634765625,-0.07080078125,-0.07080078125,-0.0087890625,0.06494140625,-0.00146484375,-0.063720703125,-0.017333984375,0.018798828125,-0.055908203125,-0.0859375,0.01171875,-0.0078125,-0.026611328125,0.031494140625,0.024658203125,0.024658203125,-0.066162109375,-0.0595703125,0.033447265625,0.01220703125,-0.0556640625,-0.021484375,0.04345703125,0.020751953125,-0.051513671875,-0.05029296875,-0.010986328125,-0.080322265625,-0.012451171875,0.064697265625,0.064697265625,-0.011474609375,-0.0810546875,-0.02587890625,0.041015625,-0.005859375,-0.06103515625,-0.0078125,0.058349609375,-0.0595703125,0.004150390625,0.05029296875,-0.048095703125,-0.079345703125,-0.079345703125,0.012939453125,0.042236328125,-0.043701171875,-0.06298828125,0.044677734375,0.071533203125,-0.0361328125,-0.06201171875,0.026611328125,-0.071533203125,-0.0595703125,0.024658203125,0.00634765625,0.00634765625,-0.05419921875,-0.021728515625,0.052734375,0.0126953125,-0.068603515625,-0.05078125,0.017333984375,-0.00146484375,-0.020751953125,0.03466796875,-0.0029296875,-0.046142578125,0.006103515625,0.006103515625,0.020263671875,-0.055908203125,-0.05712890625,0.023681640625,0.05419921875,-0.017578125,-0.056640625,0.015625,-0.072021484375,-0.056884765625,0.047119140625,0.03564453125,-0.033935546875,-0.033935546875,-0.044921875,0.01416015625,0.0166015625,-0.0546875,-0.048095703125,0.00390625,-0.017333984375,-0.015380859375,0.035888671875,0.01171875,-0.028564453125,-0.005615234375,0.02685546875,-0.03125,-0.03125,-0.052734375,0.023193359375,0.03271484375,-0.044189453125,-0.050537109375,0.040771484375,-0.046142578125,-0.0634765625,0.013427734375,0.030029296875,-0.0478515625,-0.059326171875,-0.059326171875,0.02392578125,0.017822265625,-0.046630859375,-0.0205078125,0.027099609375,-0.007568359375,-0.045166015625,0.020751953125,-0.01025390625,-0.04541015625,0.001953125,0.034912109375,0.034912109375,-0.03955078125,-0.073974609375,-0.005126953125,0.039306640625,-0.018310546875,0.034912109375,0.06591796875,-0.031982421875,-0.08837890625,0.024658203125,0.0595703125,-0.06640625,-0.06640625,-0.104248046875,-0.0068359375,0.05322265625,-0.004150390625,-0.0322265625,0.036865234375,-0.0283203125,-0.05908203125,0.006103515625,0.0068359375,-0.06103515625,-0.06103515625,-0.040283203125,0.033203125,0.002197265625,-0.042236328125,0.000244140625,-0.034912109375,-0.09716796875,-0.02197265625,0.079833984375,0.012451171875,-0.048828125,0.013671875,0.013671875,0.045654296875,-0.026123046875,-0.095458984375,-0.021240234375,-0.033203125,-0.060302734375,0.02294921875,0.0419921875,-0.033935546875,-0.06201171875,0.0,0.00341796875,-0.047607421875,-0.047607421875,-0.037353515625,0.05419921875,0.027587890625,-0.060302734375,-0.045166015625,0.003173828125,-0.076416015625,-0.04931640625,0.041259765625,0.00634765625,-0.0419921875,0.0146484375,0.0146484375,0.054931640625,-0.004150390625,-0.016845703125,0.028564453125,-0.065673828125,-0.063720703125,0.0126953125,0.013427734375,-0.049560546875,-0.046142578125,0.048583984375,0.04296875,-0.03955078125,-0.03955078125,-0.046875,0.009521484375,0.008544921875,-0.039794921875,0.0380859375,0.0048828125,-0.046630859375,-0.0390625,-0.017333984375,-0.03515625,-0.06396484375,0.009033203125,0.052001953125,0.052001953125,-0.017578125,-0.033935546875,0.01025390625,0.02001953125,-0.076904296875,0.0048828125,0.017822265625,-0.023681640625,-0.033447265625,0.035400390625,0.046875,-0.042724609375,-0.058837890625,-0.058837890625,0.0546875,0.05712890625,-0.04345703125,-0.088134765625,0.05615234375,-0.008056640625,-0.0810546875,-0.024658203125,0.083251953125,0.06103515625,-0.05078125,-0.0859375,0.02490234375,0.02490234375,0.076904296875,-0.041259765625,-0.093505859375,-0.04345703125,0.10302734375,-0.08837890625,-0.130859375,0.002197265625,0.06103515625,0.0361328125,-0.103759765625,-0.09912109375,0.067626953125,0.067626953125,0.07177734375,0.00830078125,-0.086181640625,0.0673828125,-0.01708984375,-0.081298828125,-0.050048828125,-0.00244140625,0.082763671875,-0.037841796875,-0.115966796875,0.009033203125,0.0517578125,0.0517578125,0.057373046875,-0.041259765625,-0.10205078125,0.03173828125,0.046142578125,-0.01611328125,-0.03125,-0.01416015625,-0.030029296875,-0.027587890625,-0.049072265625,-0.001953125,0.071533203125,0.071533203125,0.014404296875,-0.024169921875,-0.051025390625,0.047607421875,-0.013671875,-0.025390625,-0.0439453125,0.01904296875,-0.012451171875,-0.0205078125,-0.017822265625,-0.029541015625,0.030029296875,-0.0634765625,-0.0634765625,-0.00634765625,0.0390625,0.080322265625,-0.093017578125,-0.0673828125,0.06640625,-0.093505859375,0.013671875,-0.00244140625,-0.0810546875,0.06494140625,-0.02587890625,-0.02587890625,-0.050048828125,0.020751953125,0.025146484375,-0.023681640625,-0.077392578125,0.0146484375,0.019775390625,-0.0390625,-0.03515625,0.006103515625,0.024658203125,-0.03076171875,-0.03076171875,-0.0498046875,0.012939453125,0.017822265625,-0.03759765625,-0.038818359375,0.01171875,0.0322265625,-0.005615234375,-0.058837890625,-0.04443359375,0.008544921875,-0.017822265625,-0.017822265625,-0.076171875,-0.02197265625,0.091064453125,-0.11962890625,-0.14599609375,0.0703125,0.14990234375,-0.057373046875,-0.232421875,-0.048095703125,0.200439453125,0.015869140625,0.015869140625,-0.232421875,0.19384765625,0.02880859375,-0.22119140625,-0.081298828125,0.159912109375,0.078857421875,-0.09765625,-0.061279296875,0.12744140625,0.084228515625,0.084228515625,-0.123291015625,0.06640625,0.0615234375,-0.051513671875,-0.0625,-0.03369140625,-0.0009765625,0.095947265625,0.0400390625,-0.139892578125,-0.068115234375,0.12548828125,0.12548828125,0.046630859375,-0.015869140625,0.10888671875,-0.022705078125,-0.069580078125,0.014892578125,0.001708984375,-0.033447265625,0.032958984375,0.026123046875,-0.0869140625,-0.033203125,-0.033203125,0.045654296875,-0.06982421875,0.000732421875,-0.0146484375,-0.056396484375,-0.0107421875,-0.01318359375,-0.0625,0.01123046875,0.017578125,-0.06982421875,-0.010009765625,-0.010009765625,-0.101806640625,-0.052734375,0.1162109375,0.03076171875,-0.170166015625,-0.04150390625,0.11279296875,-0.01123046875,-0.085205078125,0.0078125,0.02001953125,-0.03076171875,-0.03076171875,-0.004638671875,-0.04736328125,0.036376953125,0.031982421875,-0.07470703125,-0.012939453125,0.049072265625,-0.0380859375,-0.024658203125,0.115966796875,0.0263671875,-0.150390625,-0.150390625,0.139892578125,0.0087890625,-0.095947265625,-0.004150390625,0.043212890625,-0.0107421875,-0.002685546875,-0.01708984375,-0.052001953125,0.036865234375,0.041259765625,-0.06103515625,-0.021484375,0.0419921875,-0.0400390625,-0.07958984375,0.04345703125,0.027587890625,-0.124267578125,-0.04541015625,0.07763671875,-0.001953125,-0.064697265625,-0.0244140625,-0.0244140625,-0.0380859375,0.011474609375,-0.042236328125,-0.0986328125,0.033447265625,0.06005859375,-0.0849609375,-0.080810546875,0.023193359375,-0.017333984375,-0.05224609375,0.055908203125,0.0244140625,-0.110107421875,-0.013671875,0.088623046875,-0.02685546875,-0.0888671875,0.023681640625,0.04248046875,-0.072998046875,-0.030517578125,0.034423828125,-0.006103515625,0.010986328125,0.01318359375,-0.0537109375,-0.03271484375,0.062744140625,0.01416015625,-0.07275390625,0.01904296875,0.04248046875,-0.065185546875,-0.013671875,0.043212890625,-0.043212890625,-0.03662109375,0.07373046875,0.016357421875,-0.112548828125,-0.002197265625,0.082763671875,-0.02734375,-0.04296875,0.0185546875,-0.0146484375,-0.036376953125,0.022216796875,-0.0302734375,-0.08544921875,0.04150390625,0.0517578125,-0.077880859375,-0.03076171875,0.037841796875,-0.0458984375,-0.05322265625,0.05859375,0.001220703125,-0.12353515625,-0.0029296875,0.06787109375,-0.0556640625,-0.057373046875,0.04296875,-0.00244140625,-0.0908203125,-0.011962890625,0.02685546875,-0.03271484375,0.009521484375,0.0048828125,-0.07177734375,-0.0146484375,0.0283203125,-0.06689453125,-0.06298828125,0.095458984375,0.05078125,-0.137939453125,-0.054931640625,0.08544921875,0.0263671875,-0.04150390625,-0.01904296875,-0.015380859375,-0.005615234375,0.0576171875,-0.01611328125,-0.093017578125,0.0322265625,0.061767578125,-0.072265625,-0.057373046875,0.043701171875,-0.004150390625,-0.04443359375,0.06787109375,0.03076171875,-0.111572265625,-0.009033203125,0.10205078125,-0.005126953125,-0.072998046875,0.027587890625,-0.03955078125,-0.03955078125,0.0009765625,-0.014404296875,-0.068603515625,0.02880859375,0.058349609375,-0.06689453125,-0.067626953125,0.038330078125,-0.025634765625,-0.094970703125,0.0478515625,0.056640625,-0.06494140625,-0.06494140625,0.06494140625,0.00244140625,-0.08203125,-0.00439453125,0.014404296875,-0.051025390625,0.00390625,0.004638671875,-0.05908203125,0.011474609375,0.058837890625,-0.090087890625,0.041259765625,0.041259765625,0.008544921875,-0.08154296875,0.029296875,0.0576171875,-0.08837890625,-0.06591796875,0.06884765625,0.021484375,-0.072509765625,0.00048828125,0.02392578125,0.012939453125,0.00537109375,0.00537109375,-0.056640625,0.0107421875,0.061767578125,-0.044677734375,-0.063232421875,0.062255859375,0.006591796875,-0.11376953125,0.011474609375,0.0986328125,-0.107421875,-0.107421875,0.0458984375,0.064697265625,-0.06494140625,-0.044677734375,0.01513671875,-0.0263671875,-0.012451171875,0.00439453125,-0.026611328125,-0.005615234375,-0.020751953125,-0.064208984375,-0.064208984375,0.01025390625,-0.017333984375,-0.0712890625,0.047119140625,0.07373046875,-0.088134765625,-0.10595703125,0.062255859375,0.05029296875,-0.098388671875,0.060791015625,0.060791015625,-0.02587890625,-0.0458984375,0.015869140625,0.00390625,-0.022705078125,0.0078125,-0.032958984375,-0.077880859375,0.031494140625,0.034423828125,-0.016845703125,0.026611328125,0.026611328125,-0.05224609375,-0.03857421875,0.0498046875,-0.03564453125,-0.11474609375,0.05322265625,0.095458984375,-0.105224609375,-0.105224609375,0.052001953125,-0.072021484375,-0.02880859375,-0.02880859375,0.0234375,-0.041015625,0.0009765625,0.020263671875,-0.05419921875,-0.02294921875,0.049560546875,-0.0087890625,0.02685546875,0.00634765625,-0.0625,-0.0625,0.03466796875,0.042236328125,-0.070556640625,-0.006591796875,0.069091796875,-0.033203125,-0.06103515625,0.07763671875,0.028564453125,-0.01806640625,0.06982421875,-0.0283203125,-0.0283203125,-0.0322265625,0.0361328125,-0.023681640625,-0.072998046875,0.025146484375,0.003662109375,-0.0712890625,0.033935546875,0.046142578125,-0.088623046875,0.050048828125,-0.03955078125,-0.09130859375,-0.09130859375,0.06005859375,0.050537109375,-0.11328125,-0.04736328125,0.066162109375,0.006591796875,-0.052490234375,-0.010498046875,-0.020263671875,-0.03955078125,-0.007568359375,-0.0849609375,0.0224609375,0.0224609375,0.069091796875,-0.065673828125,-0.087646484375,0.059326171875,0.046875,-0.086181640625,-0.008056640625,0.074462890625,-0.037109375,0.03076171875,0.00439453125,-0.05712890625,0.02099609375,0.02099609375,0.04443359375,-0.035888671875,-0.006103515625,-0.00830078125,-0.055908203125,0.0244140625,0.07421875,-0.0546875,-0.096435546875,0.03759765625,-0.0888671875,-0.003173828125,0.070068359375,0.070068359375,-0.05712890625,-0.083251953125,0.037109375,0.028564453125,-0.061279296875,0.005615234375,0.02783203125,-0.069091796875,0.02734375,-0.026123046875,-0.025634765625,0.01806640625,-0.02978515625,-0.02978515625,-0.0439453125,0.04248046875,-0.01904296875,-0.10498046875,0.042724609375,0.09814453125,-0.09130859375,-0.126953125,0.08349609375,-0.072265625,-0.045166015625,0.02783203125,-0.01220703125,-0.01220703125,0.002685546875,0.006591796875,-0.048095703125,-0.0224609375,0.045166015625,-0.006591796875,-0.04736328125,0.029296875,-0.09326171875,0.0400390625,0.09716796875,-0.072998046875,-0.125,-0.125,0.04345703125,0.07470703125,-0.050048828125,-0.036865234375,-0.00244140625,-0.023193359375,0.02099609375,-0.006103515625,-0.025146484375,0.081298828125,-0.01123046875,-0.108642578125,0.004638671875,0.004638671875,0.016845703125,-0.06640625,0.011962890625,0.044189453125,-0.073486328125,-0.0673828125,0.0751953125,-0.08837890625,0.01171875,0.04736328125,-0.058349609375,-0.025146484375,-0.025146484375,0.022705078125,-0.0263671875,0.0380859375,0.046875,-0.02197265625,-0.087890625,0.036865234375,0.02880859375,-0.093505859375,-0.01025390625,0.099365234375,-0.02490234375,0.014892578125,0.071044921875,-0.059326171875,-0.044677734375,0.038330078125,0.038330078125,-0.01025390625,-0.034912109375,0.01806640625,-0.004150390625,-0.038330078125,0.02294921875,-0.074951171875,0.01708984375,0.02880859375,-0.068603515625,-0.023193359375,0.042724609375,0.042724609375,-0.043701171875,-0.065673828125,0.048828125,-0.022705078125,-0.10986328125,0.082763671875,-0.094482421875,-0.089599609375,0.060302734375,0.02099609375,-0.05615234375,-0.05615234375,0.0322265625,0.0185546875,-0.06787109375,0.01708984375,0.019287109375,-0.073974609375,0.105712890625,-0.036865234375,-0.140380859375,0.034423828125,0.073486328125,-0.057373046875,-0.057373046875,-0.031494140625,0.016357421875,-0.03515625,-0.013427734375,0.04345703125,-0.07177734375,0.062255859375,0.029541015625,-0.09765625,-0.008056640625,0.041748046875,-0.050537109375,-0.050537109375,-0.02685546875,0.075927734375,-0.02294921875,-0.1318359375,0.02783203125,-0.070556640625,-0.062744140625,0.03564453125,-0.00048828125,-0.0498046875,0.00244140625,0.00244140625,-0.024169921875,-0.06005859375,0.0390625,0.02197265625,-0.088134765625,-0.0205078125,-0.049560546875,-0.048095703125,0.080810546875,0.01708984375,-0.12255859375,-0.004638671875,0.071044921875,-0.03564453125,-0.03564453125,-0.045166015625,0.026611328125,-0.0185546875,-0.053955078125,0.030029296875,-0.0048828125,0.044677734375,0.044189453125,-0.08837890625,-0.0390625,0.0576171875,-0.015625,-0.0517578125,-0.0517578125,0.068115234375,0.012939453125,-0.1279296875,-0.00537109375,0.0888671875,-0.0625,0.02587890625,0.010986328125,-0.040283203125,0.0146484375,-0.021728515625,-0.06787109375,0.041748046875,0.029052734375,0.029052734375,-0.09130859375,-0.025390625,0.06982421875,-0.040771484375,0.0576171875,0.045166015625,-0.1171875,-0.034912109375,0.0703125,-0.010986328125,-0.0546875,0.01904296875,0.01904296875,0.002685546875,-0.053466796875,0.021484375,0.0,-0.0712890625,0.0546875,-0.064697265625,-0.061279296875,0.0341796875,-0.030517578125,-0.0693359375,0.06298828125,0.0205078125,0.0205078125,-0.11669921875,-0.01806640625,0.06591796875,-0.0400390625,0.04638671875,0.00634765625,-0.0849609375,0.017578125,0.034423828125,-0.051025390625,0.00439453125,0.041259765625,-0.0478515625,-0.0478515625,-0.0537109375,0.055419921875,0.00048828125,-0.084716796875,0.058349609375,-0.094970703125,-0.070556640625,0.064208984375,0.0341796875,-0.0537109375,-0.005615234375,-0.001220703125,-0.0537109375,-0.0537109375,0.0234375,0.011474609375,-0.082763671875,-0.006591796875,-0.023681640625,-0.0859375,0.03662109375,0.003662109375,-0.0849609375,0.028564453125,0.055419921875,-0.076904296875,-0.04833984375,-0.04833984375,0.07470703125,-0.00390625,-0.095458984375,0.02734375,-0.077880859375,-0.01025390625,0.029052734375,-0.045654296875,-0.01513671875,0.050048828125,-0.04443359375,-0.08837890625,-0.08837890625,0.044921875,-0.00146484375,0.0498046875,0.09228515625,-0.09765625,-0.114990234375,0.075439453125,0.05859375,-0.08642578125,-0.01025390625,0.052978515625,-0.0419921875,-0.0419921875,-0.033935546875,0.0185546875,-0.01513671875,0.0205078125,-0.0302734375,-0.058837890625,0.056884765625,0.024658203125,-0.07080078125,0.00830078125,0.037841796875,-0.060302734375,-0.060302734375,-0.0283203125,0.070556640625,-0.115478515625,0.07470703125,0.08935546875,-0.1298828125,-0.106201171875,0.087158203125,0.066650390625,-0.08251953125,-0.035400390625,-0.035400390625,0.035888671875,-0.028564453125,-0.0126953125,-0.052734375,-0.0078125,0.04638671875,-0.017578125,-0.05712890625,0.010009765625,-0.035400390625,-0.078857421875,0.068359375,0.068359375,0.0712890625,-0.078125,0.09033203125,0.03369140625,-0.09521484375,0.003173828125,0.051513671875,-0.0654296875,-0.0302734375,0.0419921875,-0.0146484375,-0.0146484375,-0.027099609375,0.030029296875,-0.060546875,0.0341796875,-0.008544921875,-0.0966796875,0.045166015625,0.096435546875,-0.0986328125,-0.133544921875,0.070556640625,0.084716796875,-0.090087890625,-0.090087890625,-0.05810546875,-0.01220703125,-0.0048828125,0.0009765625,-0.05078125,-0.022705078125,0.05029296875,-0.021484375,-0.077880859375,0.037841796875,0.01318359375,-0.091796875,0.01513671875,0.01513671875,0.08740234375,-0.05322265625,0.044189453125,0.055908203125,-0.0537109375,-0.015625,0.000732421875,-0.037841796875,0.025390625,0.01611328125,-0.074951171875,-0.017333984375,0.087890625,0.087890625,-0.015625,0.0341796875,0.020263671875,-0.093017578125,0.019287109375,0.091064453125,-0.062255859375,-0.116455078125,0.044677734375,0.049072265625,-0.085693359375,-0.023193359375,0.03857421875,0.03857421875,-0.05615234375,0.021240234375,0.008544921875,-0.0361328125,0.00927734375,-0.01611328125,-0.073974609375,0.023681640625,0.03662109375,-0.064208984375,-0.0283203125,0.056396484375,-0.011962890625,-0.011962890625,-0.078857421875,0.013671875,-0.06982421875,0.02587890625,0.063232421875,-0.07958984375,-0.090087890625,0.06396484375,0.0546875,-0.070068359375,-0.02880859375,0.01611328125,-0.0283203125,-0.0283203125,0.008056640625,-0.073974609375,-0.004150390625,0.0810546875,-0.0244140625,-0.09033203125,0.0478515625,0.0234375,-0.08203125,0.0361328125,0.08056640625,-0.0751953125,-0.07763671875,-0.07763671875,0.023193359375,-0.09228515625,0.01953125,0.060302734375,-0.06787109375,-0.0458984375,0.022705078125,-0.018798828125,-0.025390625,0.028076171875,-0.03076171875,-0.08056640625,0.029052734375,0.029052734375,-0.0859375,0.038330078125,0.06787109375,-0.101318359375,-0.113037109375,0.05810546875,0.033203125,-0.086669921875,-0.01806640625,0.01220703125,-0.046142578125,0.00732421875,0.016357421875,-0.06689453125,-0.031982421875,0.069091796875,-0.018798828125,-0.09716796875,-0.09716796875,0.02734375,-0.081298828125,0.01025390625,0.081298828125,-0.052490234375,-0.094482421875,0.071533203125,0.06298828125,-0.0771484375,-0.007568359375,0.0537109375,-0.02587890625,-0.018798828125,0.018310546875,-0.037109375,-0.03564453125,0.066162109375,0.0126953125,-0.08447265625,0.021484375,0.028564453125,-0.077880859375,-0.009521484375,0.0810546875,-0.040771484375,-0.122314453125,0.033447265625,0.05029296875,-0.07470703125,-0.021728515625,0.022705078125,-0.0546875,-0.035888671875,0.032958984375,-0.038818359375,-0.069091796875,0.0634765625,0.012939453125,-0.12255859375,-0.0146484375,0.04150390625,-0.058349609375,-0.02734375,0.06884765625,-0.032958984375,-0.1162109375,0.046142578125,0.069091796875,-0.0703125,-0.028564453125,0.042236328125,-0.019775390625,-0.028076171875,0.03076171875,-0.03076171875,-0.055419921875,0.0712890625,0.012451171875,-0.109619140625,0.01513671875,0.064697265625,-0.069580078125,-0.056640625,0.085693359375,0.00927734375,-0.110107421875,0.02734375,0.06787109375,-0.056396484375,-0.038330078125,0.032958984375,-0.02099609375,-0.0517578125,0.020751953125,-0.022705078125,-0.063720703125,0.02978515625,0.02978515625,-0.090576171875,-0.0205078125,0.031005859375,-0.0576171875,-0.044677734375,0.068115234375,-0.01708984375,-0.121337890625,0.026611328125,0.05615234375,-0.06396484375,-0.026611328125,0.045166015625,-0.032470703125,-0.068359375,0.05029296875,0.0126953125,-0.0712890625,0.0400390625,0.03955078125,-0.089599609375,-0.037841796875,0.063232421875,-0.013916015625,-0.068359375,0.052001953125,-0.115234375,-0.01123046875,-0.01123046875,0.07568359375,-0.0263671875,-0.064208984375,0.020263671875,0.008544921875,-0.052734375,0.024658203125,-0.005615234375,-0.08056640625,0.031494140625,0.04833984375,-0.083740234375,-0.05322265625,0.057861328125,-0.029052734375,-0.088623046875,0.058837890625,0.029541015625,-0.130126953125,-0.029296875,0.067626953125,-0.036376953125,-0.072998046875,0.03173828125,0.0087890625,-0.0693359375,0.024658203125,-0.0673828125,0.032470703125,0.048828125,-0.07763671875,-0.07763671875,-0.056640625,0.063720703125,-0.015380859375,-0.0751953125,0.075439453125,0.044677734375,-0.11767578125,-0.028564453125,0.082275390625,-0.003662109375,-0.05712890625,0.018798828125,-0.00537109375,-0.06005859375,0.03759765625,0.00732421875,-0.074951171875,0.023681640625,0.0625,-0.05712890625,-0.064697265625,0.064208984375,0.001953125,-0.100830078125,0.0283203125,-0.099853515625,-0.074462890625,0.072021484375,0.026611328125,-0.103759765625,-0.103759765625,-0.01708984375,0.048828125,-0.045166015625,-0.029541015625,-0.001220703125,-0.032470703125,-0.010498046875,0.0224609375,-0.030029296875,-0.04736328125,0.038818359375,-0.024169921875,-0.100830078125,0.059326171875,0.108642578125,-0.088623046875,-0.12060546875,0.06591796875,0.0771484375,-0.081787109375,-0.041748046875,0.041259765625,-0.0224609375,-0.01513671875,0.0029296875,-0.0361328125,0.050537109375,-0.012939453125,-0.06298828125,0.03662109375,0.005126953125,-0.07177734375,-0.07177734375,0.04931640625,0.069091796875,-0.092529296875,-0.07958984375,0.07373046875,0.025390625,-0.0791015625,0.019775390625,0.019287109375,-0.07958984375,0.000244140625,0.0224609375,-0.076904296875,-0.029296875,0.086181640625,-0.02197265625,-0.133544921875,0.02197265625,0.064208984375,-0.062744140625,-0.036865234375,0.018798828125,-0.033203125,0.058837890625,-0.02490234375,-0.095947265625,0.050048828125,0.037353515625,-0.09521484375,-0.00927734375,-0.00927734375,0.043701171875,-0.058837890625,-0.040771484375,0.08447265625,-0.004638671875,-0.130615234375,0.022705078125,0.0791015625,-0.048095703125,-0.028076171875,0.047119140625,-0.004638671875,-0.04931640625,0.0166015625,-0.022705078125,-0.06103515625,0.064697265625,0.03271484375,-0.092529296875,-0.01513671875,0.05615234375,-0.0791015625,0.0654296875,0.03466796875,0.02001953125,-0.1318359375,0.075439453125,-0.02783203125,-0.052490234375,0.0126953125,-0.018798828125,-0.058837890625,0.03662109375,0.011962890625,-0.072998046875,-0.072998046875,0.02685546875,0.037841796875,-0.0869140625,-0.0546875,0.05419921875,-0.0107421875,-0.0771484375,0.055908203125,0.052734375,-0.104248046875,-0.029052734375,0.075927734375,-0.00830078125,-0.05615234375,0.024169921875,0.01904296875,-0.041259765625,0.03369140625,0.0,0.038330078125,0.0546875,-0.066650390625,-0.0390625,0.0654296875,-0.033447265625,-0.096435546875,0.06884765625,0.048095703125,-0.1279296875,-0.045654296875,0.07275390625,0.07275390625,-0.01220703125,-0.064208984375,0.013916015625,-0.010009765625,-0.068603515625,0.031494140625,-0.003662109375,-0.0859375,0.03662109375,0.068115234375,-0.07666015625,-0.086181640625,0.041259765625,-0.013671875,-0.06787109375,0.056884765625,0.007080078125,-0.11767578125,0.004150390625,-0.0634765625,-0.078369140625,0.05615234375,0.0107421875,-0.086181640625,0.03369140625,0.04052734375,-0.056884765625,0.010498046875,0.05078125,-0.0537109375,-0.0546875,-0.0546875,0.079833984375,0.006103515625,-0.092041015625,0.056396484375,0.068115234375,-0.100341796875,-0.06591796875,0.07080078125,0.0205078125,-0.07080078125,0.011962890625,0.027099609375,-0.054931640625,0.00634765625,0.00439453125,-0.072998046875,-0.0146484375,0.058837890625,-0.077392578125,0.029052734375,-0.02197265625,-0.096435546875,0.052490234375,0.061279296875,-0.106689453125,-0.07080078125,0.083740234375,0.001708984375,-0.13232421875,0.002197265625,0.002197265625,0.064697265625,-0.076171875,-0.055908203125,0.029541015625,0.00390625,-0.015869140625,0.012939453125,-0.02978515625,-0.0458984375,0.06298828125,-0.00439453125,-0.108154296875,0.03857421875,0.10205078125,-0.075927734375,-0.126953125,0.047119140625,0.0634765625,-0.01171875,0.01171875,-0.037109375,0.02392578125,0.015869140625,-0.080078125,-0.032958984375,0.0869140625,-0.003173828125,-0.109619140625,0.02099609375,0.025146484375,-0.07861328125,-0.0009765625,0.0517578125,-0.05810546875,-0.075927734375,-0.075927734375,0.071044921875,0.033935546875,-0.097900390625,-0.01171875,0.036376953125,-0.04541015625,-0.0322265625,0.002685546875,-0.038818359375,-0.019775390625,0.06591796875,-0.014892578125,-0.094482421875,0.045654296875,-0.099365234375,-0.010986328125,0.11083984375,-0.0146484375,-0.143310546875,0.006103515625,0.079833984375,-0.025634765625,-0.02685546875,-0.006103515625,-0.028564453125,0.008544921875,0.032958984375,-0.053466796875,-0.067138671875,0.064453125,0.064453125,0.019287109375,-0.105712890625,-0.007080078125,0.036376953125,-0.05322265625,-0.026123046875,0.0625,-0.025146484375,-0.13720703125,0.02587890625,0.09521484375,-0.062744140625,-0.0751953125,0.027587890625,-0.060302734375,-0.006103515625,0.0107421875,-0.052001953125,0.01025390625,0.028564453125,-0.062255859375,-0.02490234375,0.025390625,-0.02880859375,-0.024658203125,0.04541015625,-0.01171875,-0.07421875,0.0380859375,0.004638671875,-0.082763671875,-0.082763671875,0.035400390625,0.067626953125,-0.07958984375,-0.08349609375,0.089111328125,0.038330078125,-0.119873046875,-0.015869140625,0.068359375,-0.029541015625,-0.04345703125,-0.012939453125,-0.017333984375,0.05517578125,-0.01220703125,-0.132568359375,-0.00244140625,0.070556640625,-0.029296875,-0.0380859375,-0.004150390625,-0.0224609375,-0.008056640625,0.0341796875,-0.0751953125,-0.098876953125,0.1171875,0.09130859375,-0.1474609375,-0.095703125,0.1005859375,0.056396484375,0.056396484375,-0.081787109375,-0.0322265625,0.008544921875,-0.0234375,0.045166015625,-0.005859375,-0.092529296875,0.017333984375,0.092529296875,-0.047119140625,0.042236328125,0.02392578125,-0.078857421875,0.037841796875,0.068115234375,-0.08154296875,-0.064697265625,0.075439453125,0.01708984375,-0.09130859375,0.01416015625,0.04931640625,-0.057861328125,-0.01513671875,0.009521484375,-0.05908203125,-0.0224609375,0.052734375,-0.028076171875,-0.0927734375,-0.0927734375,0.033447265625,0.005126953125,-0.091796875,0.03759765625,0.072265625,-0.09814453125,-0.09912109375,0.073486328125,0.04541015625,-0.083251953125,0.0341796875,-0.049560546875,-0.006103515625,0.013427734375,-0.050048828125,-0.00927734375,0.069580078125,-0.034912109375,-0.103515625,0.044921875,0.020263671875,-0.098388671875,0.0205078125,0.090087890625,-0.053955078125,-0.0869140625,0.0732421875,0.05029296875,-0.1025390625,-0.0146484375,0.067626953125,0.067626953125,-0.036376953125,-0.054931640625,0.015380859375,0.01318359375,-0.02392578125,-0.001708984375,-0.033203125,-0.057373046875,0.0,-0.105712890625,0.005615234375,0.0654296875,-0.05419921875,-0.067138671875,0.052978515625,-0.024169921875,-0.10595703125,0.068115234375,0.0859375,-0.10107421875,-0.0849609375,0.06298828125,0.029541015625,-0.066650390625,0.00341796875,0.0185546875,-0.051025390625,0.01416015625,0.010009765625,-0.064208984375,-0.00390625,-0.00390625,0.052978515625,-0.0361328125,-0.08447265625,0.04443359375,0.009521484375,-0.095458984375,0.0390625,0.06689453125,-0.083251953125,0.07470703125,0.05419921875,-0.07421875,-0.018310546875,0.013671875,-0.0498046875,-0.0009765625,-0.001708984375,-0.069580078125,-0.0107421875,0.060546875,-0.046142578125,-0.112060546875,0.038330078125,0.020263671875,-0.09814453125,0.009521484375,0.064697265625,-0.05810546875,-0.06005859375,0.06494140625,0.007568359375,0.007568359375,-0.0859375,0.031982421875,0.049072265625,-0.0693359375,-0.019775390625,-0.0302734375,-0.02490234375,0.05029296875,-0.016845703125,-0.0791015625,0.04833984375,0.010986328125,-0.102294921875,0.027099609375,0.1015625,-0.059814453125,-0.117431640625,0.057373046875,0.06201171875,-0.062255859375,0.001708984375,0.0224609375,-0.052001953125,-0.00244140625,0.024169921875,-0.051513671875,-0.025390625,0.068115234375,-0.0283203125,-0.123046875,-0.123046875,0.024169921875,0.0224609375,-0.097900390625,0.06640625,-0.06005859375,-0.10009765625,0.05517578125,0.027587890625,-0.084716796875,0.0126953125,0.03515625,-0.07275390625,-0.020751953125,0.0615234375,-0.03125,-0.07470703125,0.055419921875,0.021728515625,-0.099609375,0.005126953125,0.03662109375,-0.0634765625,-0.013916015625,0.086181640625,-0.018798828125,-0.1220703125,0.036376953125,0.0712890625,-0.063720703125,-0.063720703125,-0.02490234375,0.0458984375,-0.003662109375,0.01708984375,-0.0302734375,-0.051513671875,0.0283203125,0.061767578125,0.0166015625,-0.0966796875,0.04296875,-0.066650390625,-0.031494140625,0.066650390625,-0.0263671875,-0.11474609375,0.032958984375,0.047607421875,-0.070068359375,-0.011474609375,0.0361328125,-0.053466796875,-0.064453125,0.038330078125,0.000732421875,-0.061767578125,0.04345703125,0.009765625,-0.094482421875,0.00732421875,0.044921875,-0.08251953125,-0.068359375,0.101318359375,0.025634765625,-0.166748046875,-0.02685546875,0.11328125,0.11328125,-0.013671875,-0.00439453125,0.0322265625,-0.022705078125,0.006103515625,-0.00634765625,-0.05908203125,0.029052734375,0.025390625,-0.0654296875,0.0,0.048583984375,-0.05322265625,-0.06787109375,0.08740234375,0.0390625,-0.139892578125,-0.033935546875,0.08349609375,0.001708984375,-0.049560546875,-0.011474609375,-0.0107421875,-0.025146484375,0.03125,-0.035400390625,-0.09130859375,0.06689453125,0.0673828125,-0.093017578125,-0.093017578125,0.0654296875,-0.0185546875,-0.09130859375,0.058349609375,0.054443359375,-0.122314453125,-0.044921875,0.079345703125,0.004638671875,-0.065673828125,-0.016357421875,0.00146484375,-0.04052734375,0.019287109375,0.00244140625,-0.06494140625,0.0263671875,0.042724609375,-0.071044921875,-0.05517578125,0.052734375,-0.003173828125,-0.076171875,0.04736328125,0.010009765625,-0.04736328125,0.0042724609375,0.0316162109375,0.04443359375,-0.078857421875,0.0244140625,0.037353515625,-0.050537109375,0.004150390625,-0.01220703125,-0.074951171875,0.02490234375,0.06884765625,-0.0703125,-0.120849609375,0.0859375,0.133544921875,-0.08203125,-0.15576171875,0.044189453125,0.154296875,-0.073486328125,-0.16845703125,0.06787109375,0.127197265625,-0.078369140625,-0.097900390625,0.03369140625,-0.01171875,-0.083251953125,0.02978515625,0.062744140625,-0.09326171875,-0.05908203125,0.08984375,-0.000244140625,-0.1337890625,-0.0224609375,0.12109375,0.03076171875,-0.09375,-0.02001953125,0.09814453125,0.03369140625,-0.12548828125,-0.0830078125,0.106689453125,0.03515625,-0.12939453125,-0.063232421875,0.03759765625,-0.016845703125,-0.014892578125,0.016357421875,-0.112548828125,-0.06884765625,0.138427734375,0.068115234375,-0.183349609375,-0.048095703125,0.188232421875,-0.01025390625,-0.161376953125,-0.000244140625,0.0556640625,-0.061767578125,-0.00634765625,0.04248046875,-0.095947265625,-0.095947265625,0.150390625,-0.00634765625,-0.20361328125,0.00244140625,0.146484375,-0.071044921875,-0.127685546875,0.078125,0.032470703125,-0.046875,0.056396484375,0.025634765625,-0.070068359375,0.0205078125,0.077880859375,-0.0810546875,-0.052734375,-0.002197265625,-0.002197265625,-0.095703125,0.034912109375,0.017822265625,-0.076904296875,0.00927734375,0.040771484375,-0.079833984375,0.000244140625,0.124267578125,-0.077880859375,-0.1162109375,0.132568359375,0.081298828125,-0.162109375,-0.07666015625,0.12060546875,0.021728515625,0.018798828125,-0.08544921875,-0.08544921875,-0.06005859375,0.0830078125,-0.041259765625,-0.172607421875,0.049072265625,0.1474609375,-0.136962890625,-0.159423828125,0.09033203125,0.00390625,-0.12744140625,0.00244140625,0.029296875,-0.052978515625,0.0302734375,0.06298828125,-0.12890625,-0.06689453125,-0.0341796875,-0.184814453125,0.039794921875,0.039794921875,0.133544921875,-0.084716796875,-0.09716796875,0.076171875,-0.02783203125,-0.1044921875,0.055908203125,0.0341796875,-0.071044921875,0.035888671875,0.094482421875,-0.049560546875,-0.045166015625,0.07763671875,-0.034423828125,0.1123046875,0.013427734375,-0.09619140625,0.03759765625,0.03759765625,0.060546875,-0.101806640625,-0.021240234375,0.099853515625,-0.0869140625,-0.089599609375,0.111328125,-0.013671875,-0.1533203125,0.04541015625,0.1044921875,-0.13427734375,-0.105712890625,0.127685546875,0.027099609375,-0.078369140625,0.029541015625,-0.1025390625,0.024169921875,0.07470703125,-0.102783203125,-0.102783203125,-0.062255859375,0.09423828125,-0.062255859375,-0.124267578125,0.048583984375,0.00830078125,-0.108642578125,0.02587890625,0.07861328125,-0.1015625,-0.056884765625,0.09423828125,-0.052978515625,-0.0869140625,0.015869140625,-0.095703125,0.046142578125,0.08740234375,0.08740234375,-0.123291015625,-0.053955078125,0.13916015625,-0.041748046875,-0.147216796875,0.054931640625,0.07275390625,-0.08984375,-0.01171875,0.08349609375,-0.094482421875,-0.09228515625,0.1064453125,-0.08642578125,0.06396484375,0.064453125,-0.100341796875,-0.040283203125,-0.040283203125,0.086181640625,-0.061767578125,-0.063720703125,0.108154296875,-0.0087890625,-0.119873046875,0.02587890625,0.05078125,-0.09716796875,-0.018798828125,0.08642578125,-0.08447265625,-0.08154296875,0.114013671875,-0.133544921875,0.063232421875,0.10595703125,-0.12939453125,-0.09375,0.130859375,0.130859375,0.0146484375,-0.08154296875,0.050537109375,-0.009521484375,-0.1240234375,0.019775390625,0.09423828125,-0.10693359375,-0.084716796875,0.1220703125,-0.009765625,-0.14208984375,0.04443359375,-0.069091796875,-0.00146484375,0.0673828125,-0.05859375,-0.041259765625,-0.041259765625,0.081298828125,-0.054443359375,-0.086669921875,0.072509765625,0.01611328125,-0.09619140625,0.015869140625,0.068359375,-0.117919921875,-0.0615234375,0.13916015625,-0.031982421875,0.012451171875,0.0888671875,-0.03271484375,-0.017578125,0.025634765625,-0.079833984375,-0.079833984375,-0.025146484375,0.10009765625,-0.05224609375,-0.0927734375,0.10693359375,0.07568359375,-0.122802734375,-0.0498046875,0.098388671875,-0.034912109375,-0.0576171875,0.072998046875,-0.075439453125,0.060791015625,0.01611328125,-0.12353515625,0.0087890625,0.123779296875,-0.0927734375,-0.0927734375,-0.117431640625,0.121337890625,0.04833984375,-0.127197265625,-0.013671875,0.086669921875,-0.0625,-0.0791015625,0.082275390625,-0.004638671875,-0.08447265625,0.03369140625,-0.001953125,-0.0068359375,0.025146484375,-0.07861328125,-0.0009765625,0.07080078125,-0.110595703125,-0.075439453125,-0.075439453125,0.12255859375,-0.0361328125,-0.1875,0.060302734375,0.166748046875,-0.10205078125,-0.134521484375,0.07666015625,0.010986328125,0.04443359375,-0.04541015625,-0.10205078125,0.076904296875,0.0908203125,-0.145263671875,-0.145263671875,-0.0546875,0.161376953125,-0.034423828125,-0.144287109375,0.042236328125,0.039794921875,-0.057861328125,0.041748046875,-0.112060546875,0.00634765625,0.1552734375,-0.08203125,-0.13525390625,-0.13525390625,0.1376953125,0.08251953125,-0.165283203125,-0.067138671875,0.11328125,-0.03125,0.05712890625,-0.048583984375,-0.088623046875,0.071044921875,0.03125,-0.126220703125,-0.0126953125,-0.0126953125,0.09814453125,-0.066650390625,-0.075439453125,0.069580078125,-0.041015625,-0.08203125,0.010986328125,-0.109375,0.021240234375,0.081787109375,-0.133056640625,-0.069091796875,0.1513671875,0.1513671875,-0.03173828125,-0.197265625,0.010498046875,0.110595703125,-0.0791015625,-0.06298828125,-0.037109375,-0.0859375,0.05126953125,-0.009521484375,-0.063720703125,0.07470703125,0.05322265625,0.05322265625,-0.115234375,-0.021240234375,0.115966796875,-0.073974609375,-0.08984375,0.001220703125,-0.111328125,0.037109375,0.06640625,-0.107177734375,-0.01220703125,0.1279296875,-0.10302734375,-0.10302734375,-0.153076171875,0.11767578125,0.082763671875,-0.125732421875,-0.02490234375,-0.065185546875,-0.080322265625,0.08642578125,-0.010498046875,-0.069580078125,0.068115234375,0.019287109375,-0.11328125,-0.11328125,-0.012939453125,0.075927734375,-0.079345703125,-0.060546875,0.076904296875,-0.059814453125,0.058837890625,-0.047119140625,-0.126953125,0.078369140625,0.12109375,-0.133056640625,-0.096435546875,-0.096435546875,0.127197265625,-0.000732421875,-0.086669921875,0.04833984375,-0.10546875,0.028564453125,0.08154296875,-0.11376953125,-0.044189453125,0.11865234375,-0.0732421875,-0.0732421875,-0.14453125,0.06591796875,0.03857421875,-0.1318359375,0.150634765625,-0.08837890625,-0.1455078125,0.079833984375,0.036376953125,-0.072998046875,0.022216796875,0.024169921875,0.024169921875,-0.080322265625,0.01611328125,0.0966796875,-0.101318359375,0.120361328125,0.00830078125,-0.130126953125,0.019775390625,0.08349609375,-0.078125,-0.051513671875,-0.051513671875,0.073486328125,-0.04541015625,-0.059814453125,0.077392578125,-0.087646484375,0.08349609375,0.075439453125,-0.147216796875,-0.0673828125,0.1474609375,-0.016357421875,-0.132080078125,-0.132080078125,0.05810546875,0.059814453125,-0.114990234375,0.073974609375,-0.0498046875,-0.06396484375,0.07861328125,-0.014892578125,-0.0888671875,0.031982421875,0.0078125,0.0078125,-0.089599609375,0.01806640625,0.073974609375,-0.089599609375,0.11279296875,-0.038330078125,-0.113525390625,0.0654296875,0.025634765625,-0.10986328125,-0.00537109375,0.070068359375,0.070068359375,-0.076904296875,-0.015869140625,0.104248046875,-0.143798828125,0.10888671875,0.0830078125,-0.115234375,-0.005859375,0.111083984375,-0.080322265625,-0.092529296875,0.0986328125,0.0986328125,-0.000244140625,-0.08984375,0.058349609375,-0.09765625,-0.002685546875,0.08740234375,-0.09521484375,-0.08056640625,0.1083984375,-0.008544921875,-0.121337890625,0.037841796875,0.069580078125,0.069580078125,-0.09765625,-0.0439453125,0.086669921875,-0.063720703125,0.065185546875,-0.03125,-0.078125,0.08349609375,0.055419921875,-0.146484375,-0.062255859375,0.137451171875,-0.0166015625,-0.0166015625,-0.094970703125,0.063720703125,-0.118408203125,-0.0048828125,0.070068359375,-0.05908203125,-0.020263671875,0.088623046875,-0.05322265625,-0.0830078125,0.0576171875,-0.02490234375,-0.0966796875,-0.0966796875,0.066650390625,0.073486328125,-0.043212890625,0.128662109375,-0.063720703125,-0.14111328125,0.095703125,0.0615234375,-0.1611328125,-0.05419921875,0.140625,-0.014404296875,-0.100341796875,-0.100341796875,0.041748046875,-0.02197265625,0.051513671875,0.047119140625,-0.094970703125,-0.007080078125,0.107666015625,-0.059814453125,-0.10693359375,0.055419921875,-0.004150390625,-0.056396484375,0.050537109375,0.050537109375,0.00732421875,-0.074951171875,0.053955078125,-0.133056640625,-0.030517578125,0.169189453125,-0.03466796875,-0.1650390625,0.056396484375,0.091552734375,-0.078857421875,-0.021240234375,0.055908203125,0.055908203125,-0.0771484375,0.109375,-0.077392578125,-0.107421875,0.126220703125,0.056640625,-0.184326171875,-0.054443359375,0.13427734375,-0.041015625,-0.0888671875,0.065673828125,-0.016845703125,-0.016845703125,-0.081298828125,0.0029296875,-0.113037109375,-0.113037109375,0.040283203125,-0.1201171875,-0.143798828125,0.113525390625,0.05224609375,-0.1357421875,-0.032470703125,0.075439453125,-0.0556640625,-0.059326171875,0.07861328125,0.07861328125,-0.031494140625,0.0546875,0.0302734375,-0.080810546875,-0.010009765625,0.0400390625,-0.05810546875,-0.003173828125,0.078857421875,-0.08935546875,-0.09228515625,0.114501953125,0.114501953125,0.029296875,0.004638671875,0.135009765625,-0.077392578125,-0.11767578125,0.090087890625,0.010009765625,-0.095703125,0.050537109375,0.042236328125,-0.112060546875,-0.02490234375,-0.02490234375,-0.056396484375,-0.0693359375,0.076904296875,-0.0263671875,-0.076416015625,0.0576171875,-0.001953125,-0.107666015625,0.0546875,0.102294921875,-0.143310546875,-0.143310546875,0.139892578125,-0.0078125,-0.122314453125,0.0576171875,0.0322265625,-0.133056640625,-0.003662109375,0.13232421875,-0.07275390625,-0.106689453125,0.08984375,0.00146484375,0.00146484375,0.0244140625,0.06591796875,-0.091064453125,-0.037841796875,0.08935546875,-0.048828125,-0.077392578125,0.06494140625,-0.019287109375,-0.085693359375,0.050537109375,0.050537109375,-0.116455078125,-0.02978515625,0.109375,-0.064208984375,-0.095458984375,0.075927734375,0.006591796875,-0.08837890625,0.00927734375,0.015380859375,-0.089111328125,0.0302734375,0.117919921875,-0.11328125,-0.12890625,0.111572265625,0.04150390625,-0.107177734375,0.0107421875,0.070068359375,-0.086181640625,-0.05126953125,0.1083984375,-0.03662109375,-0.094970703125,0.087158203125,0.043701171875,-0.12841796875,-0.03955078125,0.09814453125,-0.030517578125,-0.06201171875,0.064697265625,-0.015625,-0.076904296875,0.04736328125,0.020263671875,-0.07958984375,0.01220703125,0.05615234375,-0.086181640625,-0.032470703125,0.10546875,-0.066162109375,-0.107177734375,0.10205078125,0.047607421875,-0.16015625,-0.0458984375,0.11181640625,-0.032958984375,-0.043701171875,0.05126953125,-0.08056640625,-0.07470703125,0.103759765625,-0.00439453125,-0.158447265625,0.02978515625,0.123779296875,-0.0888671875,-0.06689453125,0.07177734375,-0.08837890625,-0.08447265625,0.137451171875,0.03271484375,-0.18701171875,-0.0146484375,0.166748046875,-0.05615234375,-0.126953125,0.064208984375,0.0263671875,-0.068603515625,0.01220703125,0.009521484375,-0.0595703125,0.048828125,0.076416015625,-0.119873046875,-0.07373046875,0.1025390625,-0.025146484375,-0.087890625,0.077880859375,0.034423828125,-0.139404296875,-0.015625,0.115234375,-0.07470703125,-0.09033203125,0.08740234375,0.00927734375,0.023193359375,0.023193359375,0.0166015625,-0.09716796875,0.0185546875,0.1064453125,-0.1005859375,-0.10546875,0.112060546875,0.039306640625,-0.111572265625,-0.007080078125,0.05517578125,-0.0693359375,-0.02978515625,0.072265625,-0.05908203125,-0.058349609375,0.093017578125,-0.01171875,-0.12646484375,0.026123046875,0.06982421875,-0.1044921875,-0.036865234375,0.103759765625,-0.056396484375,-0.094482421875,0.069091796875,-0.00390625,0.047607421875,0.047607421875,0.095947265625,-0.12890625,-0.07421875,0.121826171875,-0.039306640625,-0.117919921875,0.077880859375,0.040283203125,-0.138427734375,-0.010986328125,0.127197265625,-0.100341796875,-0.100341796875,0.088134765625,-0.00341796875,-0.121826171875,0.02734375,0.07080078125,-0.06494140625,-0.02001953125,0.061279296875,-0.070068359375,-0.062255859375,-0.020263671875,-0.020263671875,-0.078857421875,0.069091796875,0.03271484375,-0.12109375,-0.011474609375,0.10546875,-0.06298828125,-0.070068359375,0.086669921875,0.00146484375,0.033447265625,0.004638671875,0.004638671875,-0.103759765625,0.02587890625,0.110107421875,-0.102783203125,-0.120849609375,0.119140625,0.062744140625,-0.12939453125,-0.0439453125,0.07275390625,-0.07666015625,-0.07666015625,0.03369140625,-0.024169921875,-0.037109375,0.0517578125,-0.03857421875,-0.11328125,0.020263671875,0.056884765625,-0.076171875,-0.011474609375,-0.055419921875,-0.08642578125,-0.08642578125,0.059326171875,-0.01904296875,-0.107666015625,0.055908203125,0.093505859375,-0.119384765625,-0.0986328125,0.101806640625,0.007568359375,0.024658203125,-0.00927734375,-0.087158203125,-0.087158203125,0.030029296875,0.06787109375,-0.100830078125,-0.0361328125,0.114501953125,-0.043701171875,-0.109619140625,0.073974609375,0.041015625,0.01416015625,0.125244140625,0.125244140625,-0.086181640625,-0.132568359375,0.094970703125,0.051025390625,-0.091064453125,-0.0087890625,0.032470703125,-0.062255859375,-0.01904296875,0.05615234375,-0.07373046875,0.103271484375,0.01171875,-0.114990234375,-0.114990234375,-0.002197265625,0.038330078125,-0.05859375,-0.0078125,0.03955078125,-0.08154296875,-0.034423828125,0.10107421875,-0.066650390625,0.08984375,0.1171875,-0.1259765625,-0.103271484375,-0.103271484375,0.07958984375,0.005859375,-0.039306640625,0.029541015625,-0.064208984375,-0.092529296875,0.072265625,0.044921875,-0.117431640625,0.104248046875,-0.0673828125,-0.0771484375,0.079345703125,0.079345703125,-0.033447265625,-0.12451171875,0.072509765625,0.110595703125,-0.120361328125,-0.097900390625,0.099853515625,0.01171875,-0.07421875,-0.0244140625,-0.0732421875,0.064208984375,0.059326171875,0.059326171875,-0.1298828125,-0.0478515625,0.12646484375,-0.02490234375,-0.106689453125,0.042724609375,0.012451171875,-0.072021484375,0.048583984375,-0.14013671875,-0.064208984375,0.141845703125,-0.01806640625,-0.01806640625,-0.150390625,0.036865234375,0.07958984375,-0.074951171875,-0.0439453125,0.03857421875,-0.06884765625,-0.035400390625,-0.02978515625,-0.131591796875,0.03759765625,0.06640625,-0.068359375,-0.068359375,-0.005615234375,0.06494140625,-0.06640625,-0.030517578125,0.10546875,-0.048828125,-0.1103515625,0.088134765625,-0.1455078125,-0.040771484375,0.109375,-0.04443359375,-0.066650390625,-0.066650390625,0.08154296875,-0.049072265625,-0.13916015625,0.062744140625,0.08349609375,-0.117919921875,-0.050048828125,0.099853515625,-0.07080078125,0.048583984375,-0.04736328125,-0.0810546875,0.093017578125,0.046142578125,0.046142578125,-0.133056640625,-0.023193359375,0.100830078125,-0.071044921875,-0.072265625,0.071533203125,-0.0458984375,0.0908203125,0.037109375,-0.15869140625,-0.0078125,-0.0078125,0.1630859375,-0.056884765625,-0.159912109375,0.05712890625,0.077392578125,-0.04736328125,0.001708984375,-0.07861328125,-0.03662109375,0.095458984375,-0.03662109375,-0.08544921875,-0.08544921875,0.074462890625,0.031005859375,-0.100341796875,-0.013427734375,0.05224609375,-0.07421875,0.09375,-0.0517578125,-0.10693359375,0.05712890625,0.021240234375,-0.091796875,-0.091796875,0.024169921875,0.0625,-0.10205078125,-0.0390625,0.120361328125,-0.05712890625,0.09423828125,0.068603515625,-0.167236328125,-0.07275390625,0.130126953125,0.130126953125,-0.016845703125,-0.09912109375,0.048583984375,-0.020263671875,-0.133056640625,0.024658203125,-0.0869140625,-0.052490234375,0.099365234375,-0.013916015625,-0.09521484375,0.03271484375,0.03271484375,0.002685546875,-0.048583984375,0.0439453125,0.018310546875,-0.072021484375,0.032470703125,-0.11962890625,-0.04150390625,0.1435546875,-0.025390625,-0.141357421875,-0.141357421875,0.058349609375,0.084228515625,-0.10009765625,-0.032470703125,0.081787109375,-0.056884765625,0.06298828125,-0.056396484375,-0.07958984375,0.1103515625,0.048583984375,-0.167236328125,-0.167236328125,-0.048095703125,0.132080078125,-0.01953125,-0.07958984375,0.0556640625,-0.109375,0.014892578125,0.052734375,-0.0888671875,-0.025390625,0.08251953125,-0.06884765625,-0.08642578125,-0.08642578125,0.06982421875,-0.015380859375,-0.107177734375,0.047119140625,0.064697265625,-0.122802734375,0.135498046875,-0.033935546875,-0.124755859375,0.055908203125,0.05126953125,-0.069580078125,0.006103515625,0.006103515625,0.0390625,-0.086181640625,0.000732421875,0.12646484375,-0.07861328125,-0.16552734375,0.106201171875,-0.114013671875,-0.05908203125,0.088134765625,-0.03271484375,-0.0830078125,0.031494140625,0.031494140625,-0.031982421875,-0.06005859375,0.07568359375,0.01123046875,-0.136962890625,0.1025390625,-0.0869140625,-0.07373046875,0.1025390625,-0.019775390625,-0.1171875,0.050048828125,0.05029296875,0.05029296875,-0.110595703125,-0.020751953125,0.08251953125,-0.065185546875,-0.070556640625,-0.033203125,-0.074951171875,0.09130859375,0.0234375,-0.153564453125,-0.01171875,0.13916015625,0.13916015625,-0.041015625,-0.087646484375,0.06787109375,-0.014892578125,-0.09814453125,0.046630859375,-0.0810546875,-0.008056640625,0.08154296875,-0.062744140625,-0.07666015625,0.074462890625,-0.007080078125,-0.10400390625,-0.10400390625,0.0361328125,0.059326171875,-0.09130859375,-0.047119140625,-0.0517578125,-0.096923828125,0.056396484375,0.021240234375,-0.073486328125,0.005615234375,0.0283203125,-0.07958984375,0.001953125,0.001953125,0.09765625,-0.096923828125,-0.149169921875,0.078369140625,-0.106201171875,-0.0068359375,0.0771484375,-0.08837890625,-0.10205078125,0.086181640625,0.003173828125,-0.107421875,0.043212890625,0.069580078125,-0.09375,-0.059326171875,-0.059326171875,0.086669921875,-0.005126953125,-0.05419921875,-0.00537109375,-0.081787109375,0.043701171875,0.05322265625,-0.06201171875,-0.002685546875,0.05517578125,-0.055419921875,-0.055419921875,-0.02734375,0.07958984375,-0.05615234375,-0.0830078125,0.041748046875,-0.164306640625,-0.043212890625,0.135498046875,-0.02392578125,-0.093994140625,0.042236328125,0.0009765625,0.0009765625,-0.066162109375,0.02197265625,-0.004638671875,0.029541015625,0.0810546875,-0.093505859375,-0.067138671875,0.090087890625,-0.05029296875,-0.138427734375,0.072265625,0.109619140625,0.109619140625,-0.110595703125,-0.0986328125,0.000244140625,-0.04638671875,0.02294921875,-0.047607421875,-0.07666015625,0.070068359375,0.049072265625,-0.103759765625,-0.0166015625,-0.0166015625,0.089111328125,-0.052001953125,-0.0732421875,-0.014892578125,-0.096435546875,0.079345703125,0.118408203125,-0.1171875,-0.126708984375,0.0869140625,0.053466796875,-0.05322265625,-0.05322265625,-0.00830078125,-0.0244140625,0.04248046875,0.031005859375,-0.12890625,-0.04736328125,0.12548828125,-0.02099609375,-0.13916015625,0.02490234375,0.055908203125,-0.072509765625,-0.072509765625,-0.0263671875,0.041748046875,-0.025634765625,0.054443359375,-0.057861328125,-0.0771484375,0.086181640625,0.025634765625,-0.142578125,-0.02099609375,0.123779296875,0.123779296875,-0.0419921875,-0.109619140625,0.0283203125,-0.125,-0.027099609375,0.06787109375,-0.035400390625,-0.037841796875,0.06005859375,-0.0166015625,-0.06640625,0.030517578125,-0.023193359375,-0.0693359375,0.07470703125,0.04443359375,0.04443359375,-0.12353515625,0.122802734375,-0.0517578125,-0.11181640625,0.0673828125,0.01123046875,-0.095703125,0.032958984375,0.03515625,-0.118896484375,-0.001708984375,0.1376953125,-0.08544921875,-0.08544921875,-0.1708984375,0.102783203125,-0.1064453125,-0.03515625,0.06787109375,-0.06201171875,-0.072265625,0.08203125,-0.0087890625,-0.09326171875,0.046142578125,0.034912109375,-0.074951171875,-0.074951171875,-0.022705078125,-0.071533203125,-0.00732421875,0.08056640625,-0.07275390625,-0.09130859375,0.1044921875,0.03515625,-0.12841796875,-0.014404296875,0.08154296875,-0.02880859375,-0.02978515625,-0.02978515625,-0.066650390625,-0.037841796875,0.136474609375,0.002197265625,-0.18310546875,-0.011474609375,0.132568359375,-0.042724609375,-0.078369140625,0.061279296875,-0.031005859375,-0.110595703125,0.041015625,0.041015625,-0.093994140625,0.013427734375,0.078857421875,-0.08251953125,-0.067138671875,0.075927734375,-0.051025390625,-0.0771484375,0.103515625,0.012451171875,-0.14599609375,0.009521484375,0.009521484375,0.093994140625,-0.073486328125,0.122314453125,-0.041748046875,-0.164794921875,0.06298828125,0.095947265625,-0.109619140625,-0.04443359375,0.09912109375,-0.05908203125,-0.10595703125,0.08740234375,0.08740234375,-0.0849609375,0.030029296875,0.0654296875,-0.074951171875,-0.0380859375,0.0712890625,-0.046142578125,-0.061767578125,0.072998046875,-0.00830078125,-0.083251953125,0.037353515625,0.00537109375,-0.118896484375,-0.118896484375,0.1259765625,-0.09716796875,-0.132080078125,0.089599609375,0.03759765625,-0.089599609375,0.005126953125,0.01708984375,-0.081298828125,0.008056640625,0.05908203125,-0.114013671875,-0.04638671875,0.1455078125,-0.016357421875,-0.153564453125,0.0283203125,0.058349609375,-0.099609375,-0.00244140625,0.1044921875,-0.1015625,-0.13818359375,0.1005859375,0.048828125,-0.138427734375,-0.010498046875,0.109130859375,-0.05615234375,-0.089599609375,0.072265625,0.014404296875,-0.076416015625,0.033935546875,0.02880859375,-0.087158203125,-0.00390625,0.08203125,-0.049072265625,-0.070068359375,0.046875,-0.021728515625,-0.06787109375,0.056640625,-0.003662109375,-0.124267578125,0.032958984375,0.1328125,-0.085693359375,-0.1494140625,0.0576171875,0.052734375,-0.05224609375,0.005859375,-0.016845703125,-0.0791015625,0.051025390625,0.07861328125,-0.131103515625,-0.07568359375,0.155029296875,0.007080078125,-0.17138671875,0.007080078125,0.07177734375,-0.084228515625,-0.029541015625,0.0693359375,-0.064453125,-0.06494140625,0.0859375,-0.037353515625,-0.113525390625,0.08251953125,0.0546875,-0.142333984375,-0.031982421875,0.1318359375,-0.02294921875,-0.075927734375,0.0732421875,-0.022216796875,-0.124267578125,0.050537109375,0.0849609375,-0.0830078125,-0.03271484375,0.0771484375,-0.06298828125,-0.091552734375,0.068115234375,-0.0166015625,-0.11181640625,0.052978515625,0.077392578125,-0.093994140625,-0.047607421875,0.10302734375,-0.029541015625,-0.101318359375
Prusa_B,-0.034423828125,-0.05810546875,-0.072509765625,-0.071533203125,-0.043212890625,0.020751953125,0.074951171875,0.079833984375,0.00732421875,-0.045166015625,-0.07470703125,-0.072509765625,-0.0498046875,-0.0411376953125,-0.003662109375,0.01806640625,-0.011474609375,-0.048095703125,-0.057373046875,-0.02392578125,0.039794921875,0.083740234375,0.061767578125,0.028564453125,0.042724609375,0.021484375,-0.04345703125,-0.017822265625,-0.04443359375,-0.039306640625,-0.0029296875,-0.038330078125,-0.033203125,0.034912109375,0.034912109375,0.00634765625,0.005859375,0.06640625,0.02978515625,0.004150390625,0.01220703125,-0.042236328125,-0.03125,-0.0615234375,-0.057861328125,-0.01171875,-0.024658203125,-0.001708984375,-0.001708984375,0.020263671875,-0.009765625,-0.006591796875,-0.01171875,-0.041015625,-0.04345703125,-0.029296875,-0.000244140625,-0.024169921875,-0.05908203125,-0.0263671875,0.005859375,-0.01513671875,-0.013427734375,-0.014892578125,-0.026611328125,0.0,0.0,-0.002197265625,-0.0244140625,-0.0302734375,0.001708984375,0.003173828125,-0.021728515625,-0.0107421875,-0.025634765625,0.016357421875,0.0244140625,-0.01025390625,0.0107421875,0.0107421875,0.0107421875,-0.029052734375,0.015869140625,0.023193359375,-0.03125,-0.001220703125,0.0185546875,0.0146484375,-0.0263671875,-0.0712890625,-0.010009765625,0.037353515625,0.037353515625,-0.001953125,-0.0322265625,-0.0380859375,-0.02587890625,0.020751953125,0.029541015625,0.004150390625,-0.028564453125,-0.049072265625,-0.031494140625,-0.0380859375,-0.043701171875,-0.009033203125,-0.009033203125,-0.00634765625,-0.022216796875,-0.02294921875,-0.027099609375,0.008056640625,0.03271484375,-0.050537109375,-0.01123046875,0.004638671875,-0.012451171875,-0.030517578125,-0.0595703125,-0.043701171875,0.00634765625,-0.017333984375,-0.026611328125,0.0302734375,0.0302734375,0.041015625,0.013671875,0.010986328125,0.0166015625,-0.01318359375,-0.055908203125,-0.01904296875,-0.002197265625,-0.017822265625,-0.028076171875,-0.01708984375,0.010986328125,0.0234375,0.0234375,0.017822265625,0.0263671875,0.031494140625,-0.014404296875,-0.058349609375,-0.01025390625,-0.037841796875,-0.0400390625,-0.02587890625,-0.009521484375,-0.0029296875,-0.026611328125,-0.01904296875,-0.01904296875,0.027099609375,0.011962890625,-0.03173828125,0.0,0.0029296875,-0.02734375,-0.01220703125,-0.0224609375,-0.013427734375,0.01611328125,0.018310546875,0.00732421875,-0.021728515625,-0.021728515625,-0.012939453125,0.013916015625,-0.02294921875,-0.056884765625,-0.0302734375,-0.0166015625,-0.023193359375,-0.028076171875,-0.020263671875,-0.01708984375,-0.01708984375,-0.011474609375,-0.01416015625,-0.01416015625,-0.025390625,-0.010986328125,0.00634765625,-0.01171875,-0.02197265625,0.017822265625,-0.00244140625,-0.0048828125,0.011474609375,0.007080078125,-0.021484375,-0.037109375,-0.013671875,0.006103515625,0.006103515625,-0.01904296875,-0.021728515625,0.00927734375,0.021728515625,-0.003173828125,0.009521484375,0.010009765625,-0.010009765625,-0.029052734375,-0.025634765625,-0.01708984375,-0.0341796875,-0.036376953125,-0.0146484375,-0.0146484375,-0.0205078125,-0.024169921875,-0.002685546875,-0.000732421875,-0.008544921875,-0.01220703125,0.0009765625,-0.01416015625,-0.030029296875,-0.00927734375,-0.00390625,-0.0146484375,-0.013916015625,-0.013916015625,0.001220703125,-0.001708984375,-0.014892578125,-0.011962890625,-0.016845703125,-0.022216796875,-0.02978515625,-0.030517578125,-0.017333984375,-0.02099609375,-0.020751953125,-0.002197265625,-0.00537109375,-0.00537109375,-0.005859375,-0.002685546875,-0.012939453125,-0.0185546875,0.012939453125,-0.003662109375,-0.02197265625,-0.021484375,-0.00390625,0.00439453125,-0.018798828125,-0.033935546875,0.001220703125,0.001220703125,0.01171875,-0.00439453125,0.0029296875,0.0087890625,-0.01904296875,-0.01123046875,0.021728515625,0.026123046875,-0.039306640625,-0.0830078125,-0.050537109375,-0.007568359375,0.006591796875,0.00537109375,0.005126953125,0.005126953125,-0.00927734375,-0.022705078125,-0.021484375,-0.01171875,-0.00537109375,-0.000732421875,-0.010009765625,-0.03173828125,-0.03125,-0.003662109375,-0.00146484375,-0.019775390625,0.01708984375,0.056884765625,0.056884765625,0.031005859375,-0.031005859375,-0.045166015625,-0.00537109375,-0.0068359375,-0.021484375,0.00439453125,0.01513671875,-0.006591796875,-0.033935546875,-0.0380859375,-0.018310546875,-0.011474609375,-0.011474609375,-0.010009765625,-0.010986328125,-0.014404296875,-0.020263671875,-0.00634765625,-0.02490234375,-0.010009765625,0.026123046875,0.01171875,-0.018310546875,-0.017822265625,-0.003173828125,0.00244140625,0.00244140625,-0.01708984375,-0.015869140625,0.005615234375,-0.00048828125,0.001220703125,0.0166015625,0.0068359375,-0.0126953125,-0.00927734375,-0.017333984375,-0.027099609375,-0.027099609375,-0.029052734375,-0.022216796875,-0.02294921875,-0.0244140625,0.005615234375,0.029052734375,0.00146484375,-0.031494140625,-0.020263671875,0.004150390625,-0.01171875,-0.035400390625,-0.027587890625,-0.027587890625,-0.017578125,-0.019287109375,-0.0029296875,0.00634765625,-0.0029296875,-0.00244140625,0.034423828125,0.044677734375,-0.011474609375,-0.06005859375,-0.05126953125,-0.05126953125,-0.03173828125,-0.017822265625,0.001953125,-0.0068359375,-0.013427734375,-0.0068359375,0.013916015625,0.017578125,-0.02197265625,-0.04345703125,-0.025146484375,-0.02099609375,-0.02099609375,-0.031494140625,-0.000732421875,-0.02490234375,-0.02783203125,0.003662109375,0.024658203125,0.013427734375,-0.01806640625,-0.027587890625,-0.000732421875,-0.003173828125,-0.017822265625,-0.017822265625,-0.00341796875,-0.028564453125,-0.03076171875,0.00830078125,0.027587890625,0.00634765625,-0.01318359375,-0.013916015625,-0.011962890625,-0.02490234375,-0.033203125,-0.02294921875,-0.02294921875,-0.03662109375,-0.01513671875,0.0185546875,-0.0009765625,-0.025390625,-0.002685546875,0.01953125,0.003662109375,-0.023681640625,-0.022216796875,-0.019287109375,-0.033935546875,-0.026123046875,-0.026123046875,0.035400390625,0.02099609375,-0.001220703125,-0.015869140625,-0.017822265625,-0.03857421875,-0.04296875,-0.01171875,-0.0068359375,-0.027587890625,-0.02734375,0.009521484375,0.009521484375,0.00537109375,0.0126953125,0.00732421875,-0.0107421875,-0.044921875,-0.05322265625,-0.01708984375,-0.01220703125,-0.02880859375,0.00048828125,0.02978515625,-0.00439453125,-0.0302734375,-0.0302734375,-0.0078125,-0.017333984375,0.0029296875,0.05908203125,0.050048828125,-0.01708984375,-0.052734375,-0.03564453125,-0.02880859375,-0.031005859375,0.001220703125,0.032470703125,0.005615234375,0.005615234375,-0.04248046875,-0.02587890625,-0.007080078125,0.00341796875,0.01025390625,0.00732421875,-0.029296875,-0.05419921875,-0.02685546875,0.000732421875,-0.002685546875,-0.0126953125,-0.00830078125,-0.00830078125,-0.025390625,-0.021240234375,0.00244140625,0.00244140625,0.005859375,-0.01904296875,-0.020751953125,-0.006103515625,-0.017822265625,-0.02783203125,-0.017822265625,0.013916015625,0.01708984375,0.015380859375,0.013916015625,-0.020263671875,-0.07568359375,-0.05712890625,0.014892578125,0.028564453125,-0.000244140625,-0.03369140625,-0.035400390625,-0.034423828125,-0.035400390625,-0.0146484375,-0.00244140625,-0.0205078125,-0.001708984375,0.0439453125,0.046142578125,-0.00244140625,-0.044921875,-0.0283203125,-0.02734375,-0.05908203125,-0.024658203125,0.046142578125,0.05615234375,0.006103515625,-0.03125,-0.020751953125,-0.02197265625,-0.032470703125,-0.002685546875,0.017333984375,-0.001220703125,-0.023193359375,-0.022705078125,-0.026611328125,-0.054931640625,-0.0673828125,-0.0078125,0.069580078125,0.044677734375,-0.025146484375,-0.046142578125,-0.049072265625,-0.056640625,-0.028076171875,0.001220703125,0.0009765625,-0.011474609375,0.012939453125,0.04833984375,0.0205078125,-0.04345703125,-0.0517578125,-0.00537109375,0.0234375,-0.00048828125,-0.024169921875,0.00244140625,-0.01904296875,-0.05859375,-0.03759765625,0.026123046875,0.04052734375,-0.0234375,-0.032958984375,0.00732421875,0.0048828125,-0.03173828125,-0.038330078125,-0.012451171875,-0.033935546875,-0.05712890625,-0.02099609375,0.00927734375,-0.00390625,-0.002685546875,0.04443359375,-0.025146484375,-0.025146484375,-0.07763671875,-0.041748046875,0.005615234375,-0.019775390625,-0.04248046875,-0.00048828125,0.02197265625,-0.019287109375,-0.029541015625,0.04931640625,0.06982421875,-0.052734375,-0.052734375,-0.03515625,-0.03173828125,-0.04931640625,-0.030517578125,0.008056640625,-0.001708984375,-0.026611328125,-0.033203125,-0.00537109375,0.00732421875,-0.0068359375,0.043701171875,0.043701171875,-0.012939453125,-0.066650390625,-0.052734375,-0.023193359375,-0.037841796875,-0.022216796875,0.0322265625,0.0615234375,0.0087890625,-0.04150390625,-0.001953125,-0.017333984375,-0.017333984375,-0.021728515625,-0.001708984375,-0.01025390625,-0.0400390625,-0.041015625,-0.01513671875,-0.006103515625,-0.021484375,0.011474609375,0.056640625,-0.069091796875,-0.066162109375,-0.066162109375,-0.027587890625,-0.02294921875,-0.05078125,-0.0078125,0.030029296875,-0.01708984375,-0.03369140625,0.013427734375,0.026123046875,-0.0146484375,-0.026123046875,0.000732421875,-0.043212890625,-0.043212890625,-0.0390625,0.00537109375,0.005615234375,-0.025634765625,-0.012939453125,0.03515625,0.01123046875,-0.0517578125,-0.03515625,0.012939453125,0.00146484375,-0.043701171875,0.023193359375,0.023193359375,-0.0068359375,-0.069091796875,-0.02001953125,0.052001953125,0.0068359375,-0.08056640625,-0.044189453125,0.026611328125,-0.004150390625,-0.021728515625,0.049072265625,-0.06494140625,-0.09814453125,-0.000244140625,-0.000244140625,0.0302734375,-0.043212890625,-0.03076171875,0.06689453125,0.0517578125,-0.078125,-0.0625,0.05517578125,0.008544921875,-0.093505859375,0.06494140625,0.01171875,-0.1015625,-0.037109375,-0.037109375,0.0537109375,-0.037109375,-0.08056640625,0.036865234375,0.067138671875,-0.0712890625,-0.07177734375,0.067138671875,0.0244140625,-0.103271484375,0.055908203125,0.0048828125,-0.074951171875,-0.074951171875,0.0205078125,0.098876953125,0.00146484375,-0.07568359375,-0.00732421875,0.02392578125,-0.052978515625,-0.068115234375,-0.008544921875,0.016845703125,-0.015869140625,0.019775390625,0.016357421875,0.016357421875,-0.0419921875,-0.046142578125,-0.0068359375,-0.005615234375,-0.03515625,-0.02294921875,0.006103515625,-0.00244140625,-0.0341796875,-0.050048828125,0.022705078125,-0.01611328125,-0.0166015625,0.03369140625,0.03369140625,0.0341796875,-0.05078125,-0.056884765625,0.044189453125,0.046630859375,-0.049560546875,-0.06201171875,0.00146484375,-0.07080078125,-0.022216796875,0.07763671875,0.052978515625,0.052978515625,-0.0361328125,-0.037109375,0.001220703125,-0.045654296875,-0.089599609375,-0.017822265625,0.0419921875,-0.022216796875,-0.061767578125,0.005615234375,-0.013916015625,-0.044189453125,0.016357421875,0.04296875,0.04296875,-0.03271484375,-0.074462890625,-0.005126953125,0.022705078125,-0.041748046875,-0.04833984375,0.035400390625,-0.02685546875,-0.058349609375,0.03759765625,0.049072265625,-0.015380859375,-0.015380859375,-0.021728515625,-0.01318359375,-0.045654296875,-0.09130859375,-0.058837890625,0.02685546875,0.030517578125,-0.01025390625,0.03076171875,-0.013671875,-0.0830078125,-0.0830078125,-0.053955078125,0.041015625,0.01953125,-0.06298828125,-0.012939453125,0.049072265625,-0.043701171875,0.02001953125,0.09375,0.030029296875,-0.020751953125,-0.002197265625,-0.002197265625,-0.01611328125,-0.078857421875,-0.067626953125,0.013671875,0.023193359375,-0.031005859375,-0.003662109375,0.010498046875,-0.08349609375,-0.0380859375,0.037353515625,0.037353515625,-0.009033203125,-0.06201171875,-0.019775390625,0.015625,-0.054931640625,-0.091796875,0.00439453125,0.002197265625,-0.01513671875,0.044677734375,0.032958984375,-0.053955078125,-0.053955078125,-0.07470703125,-0.006591796875,0.00390625,-0.040771484375,-0.01708984375,0.039306640625,0.035400390625,-0.031005859375,0.04541015625,0.022216796875,-0.073486328125,-0.0673828125,0.00732421875,-0.015625,-0.084716796875,-0.01611328125,0.0791015625,0.02685546875,-0.054931640625,-0.054931640625,-0.029052734375,0.033447265625,-0.01416015625,-0.07470703125,-0.01806640625,0.021240234375,-0.05712890625,-0.0693359375,0.070556640625,0.07373046875,-0.083251953125,-0.0703125,0.077880859375,0.061767578125,-0.075439453125,0.04931640625,-0.0302734375,-0.080322265625,0.00439453125,0.06787109375,-0.000244140625,-0.074951171875,-0.0205078125,0.0576171875,0.013671875,-0.10546875,-0.075927734375,0.0390625,-0.0068359375,-0.0068359375,-0.06787109375,0.033935546875,0.084228515625,-0.064697265625,-0.104736328125,0.04541015625,0.084716796875,-0.050537109375,-0.079345703125,0.024658203125,0.0185546875,-0.06689453125,-0.044189453125,0.070556640625,0.04638671875,-0.023681640625,0.113037109375,0.014892578125,-0.1533203125,-0.045654296875,0.076416015625,-0.027099609375,-0.1064453125,0.0146484375,0.0810546875,-0.041015625,-0.087646484375,0.02099609375,0.05224609375,-0.04443359375,-0.04443359375,-0.06494140625,0.012939453125,0.001953125,-0.09326171875,-0.04296875,0.071044921875,0.029296875,-0.065673828125,-0.004638671875,0.085693359375,0.013671875,-0.069580078125,-0.0087890625,-0.04296875,-0.11669921875,-0.02294921875,0.0849609375,-0.011962890625,-0.115478515625,0.029541015625,0.132080078125,-0.021484375,-0.111328125,0.009765625,0.04296875,-0.08349609375,-0.095458984375,0.015869140625,0.037109375,-0.05224609375,-0.0380859375,-0.0380859375,0.052978515625,0.037353515625,-0.038330078125,-0.0244140625,0.036376953125,-0.002685546875,-0.0908203125,-0.05908203125,0.040771484375,-0.00146484375,-0.0830078125,0.12158203125,0.06103515625,-0.080078125,-0.0595703125,0.038330078125,0.00048828125,-0.098388671875,-0.0390625,0.05126953125,-0.041748046875,-0.0927734375,0.044677734375,0.095458984375,-0.050048828125,-0.095458984375,0.048095703125,0.0849609375,-0.06591796875,-0.06591796875,-0.09375,0.005615234375,0.002685546875,-0.078857421875,-0.06640625,0.05859375,0.080810546875,-0.044189453125,-0.065673828125,0.08447265625,0.08154296875,-0.089599609375,0.0419921875,0.021728515625,-0.12353515625,-0.069091796875,0.0791015625,0.0205078125,-0.057373046875,0.020751953125,0.081787109375,-0.021484375,-0.084228515625,0.012451171875,0.0361328125,-0.072998046875,-0.097412109375,0.0146484375,0.0380859375,-0.048828125,-0.052978515625,0.054443359375,0.07568359375,-0.0390625,-0.0234375,0.04443359375,0.04443359375,-0.026123046875,-0.107421875,-0.0390625,0.053466796875,-0.0166015625,-0.069091796875,0.007568359375,0.078125,0.028564453125,-0.007568359375,0.03466796875,-0.02587890625,-0.068359375,-0.01416015625,0.009765625,-0.067138671875,-0.061767578125,0.06640625,0.056396484375,-0.056396484375,-0.029296875,0.04736328125,0.000732421875,-0.062255859375,-0.033447265625,-0.009765625,-0.025390625,-0.033203125,-0.027099609375,-0.005126953125,0.037109375,0.037109375,0.0302734375,0.006103515625,0.0029296875,-0.0078125,-0.037841796875,-0.049072265625,-0.021484375,-0.024658203125,0.006591796875,0.04736328125,0.01318359375,-0.026611328125,-0.00830078125,0.015380859375,-0.017822265625,-0.05078125,-0.046630859375,-0.01123046875,-0.00830078125,-0.06982421875,-0.03466796875,0.080322265625,0.052734375,-0.03857421875,-0.01611328125,0.038818359375,0.020751953125,-0.034912109375,-0.05419921875,-0.042236328125,-0.042236328125,-0.0419921875,-0.041015625,0.011474609375,0.041259765625,-0.012939453125,-0.000244140625,0.02490234375,-0.10107421875,-0.056640625,0.021240234375,-0.042236328125,-0.106689453125,-0.0224609375,0.07275390625,0.03564453125,-0.03173828125,-0.040771484375,0.0146484375,0.031005859375,-0.035888671875,-0.074462890625,-0.040283203125,-0.029541015625,-0.033203125,0.026123046875,0.025634765625,-0.034912109375,0.011474609375,0.06494140625,0.06494140625,-0.00244140625,-0.06982421875,-0.022705078125,0.020751953125,-0.03076171875,-0.035888671875,0.0537109375,0.08203125,0.0009765625,-0.042724609375,0.033447265625,0.039306640625,-0.05419921875,-0.04150390625,0.014892578125,-0.043212890625,-0.07080078125,-0.00927734375,0.02001953125,-0.015869140625,-0.009765625,0.049560546875,0.0439453125,-0.037109375,-0.056884765625,-0.01025390625,0.000732421875,-0.018798828125,-0.044189453125,-0.0439453125,-0.0439453125,0.00146484375,-0.03271484375,-0.102783203125,-0.031494140625,0.08740234375,-0.005859375,-0.082275390625,-0.093017578125,-0.01953125,0.045166015625,-0.0009765625,-0.04052734375,-0.01806640625,-0.002685546875,-0.015380859375,-0.03759765625,-0.04052734375,-0.007568359375,0.02734375,0.013671875,-0.01171875,-0.044677734375,-0.052978515625,-0.0029296875,0.001220703125,-0.01513671875,0.021240234375,0.00830078125,-0.0166015625,-0.00244140625,-0.043212890625,-0.043212890625,-0.040771484375,-0.002197265625,-0.0234375,0.011962890625,0.02490234375,0.00537109375,0.035400390625,0.01171875,-0.048583984375,-0.02392578125,-0.003662109375,-0.027587890625,-0.006591796875,0.033935546875,0.00439453125,-0.01123046875,-0.009521484375,-0.04296875,-0.02880859375,0.00830078125,0.002197265625,0.009521484375,0.04541015625,0.014892578125,-0.06396484375,-0.062744140625,-0.016357421875,-0.00146484375,0.01025390625,-0.021728515625,-0.021728515625,-0.03369140625,0.026123046875,0.02001953125,-0.046142578125,-0.079345703125,-0.0166015625,0.01318359375,-0.006103515625,0.001708984375,-0.06298828125,-0.101318359375,0.00732421875,0.0283203125,-0.029052734375,0.037353515625,0.0322265625,-0.0625,-0.041015625,-0.02685546875,-0.053955078125,-0.000244140625,0.02294921875,-0.022216796875,0.013916015625,0.0380859375,-0.056396484375,-0.088623046875,-0.022216796875,0.02294921875,0.02294921875,0.05712890625,-0.03515625,-0.083740234375,-0.02197265625,0.039306640625,0.067626953125,0.052001953125,-0.027099609375,-0.072998046875,-0.0439453125,-0.020263671875,-0.011474609375,-0.033935546875,-0.077880859375,-0.0458984375,0.033935546875,0.051513671875,0.03125,0.025390625,0.016845703125,-0.00390625,-0.035888671875,-0.062744140625,-0.07080078125,-0.0693359375,-0.0625,-0.040771484375,0.0029296875,0.02734375,0.01123046875,0.005615234375,0.021484375,0.02880859375,0.009033203125,0.01171875,0.044189453125,0.014404296875,-0.073974609375,-0.092041015625,-0.0263671875,-0.02783203125,-0.059814453125,0.003173828125,0.024658203125,0.03076171875,0.06396484375,-0.04052734375,-0.010009765625,0.047119140625,-0.07470703125,0.032958984375,-0.021484375,-0.11181640625,0.076171875,-0.07373046875,-0.055908203125,0.01806640625,-0.077392578125,0.054931640625,-0.020263671875,-0.091796875,0.004638671875,-0.033447265625,0.03515625,0.06640625,0.024658203125,0.026123046875,-0.0166015625,-0.056396484375,-0.0634765625,-0.083984375,-0.036865234375,0.02392578125,0.0029296875,0.01123046875,-0.033203125,-0.01123046875,0.029541015625,0.003173828125,0.0400390625,0.01220703125,-0.018310546875,0.028076171875,-0.056396484375,-0.06494140625,-0.013671875,-0.038818359375,-0.019287109375,-0.020751953125,-0.04443359375,-0.01708984375,0.0654296875,0.066650390625,-0.057861328125,-0.02587890625,-0.02587890625,0.018798828125,0.03564453125,-0.054931640625,-0.07861328125,-0.01123046875,0.0009765625,-0.006103515625,-0.036376953125,-0.029541015625,-0.001708984375,0.015380859375,0.030029296875,-0.03564453125,-0.052490234375,-0.00927734375,0.040283203125,0.048095703125,-0.041748046875,-0.10791015625,-0.037841796875,0.07958984375,0.051513671875,-0.055908203125,-0.080322265625,0.010009765625,0.078369140625,0.003173828125,-0.10595703125,-0.034423828125,0.10107421875,-0.074951171875,-0.126220703125,0.050048828125,0.050048828125,0.10986328125,-0.062744140625,-0.166748046875,-0.015380859375,0.16748046875,0.0498046875,-0.1474609375,-0.09033203125,0.084228515625,0.068359375,-0.086181640625,-0.081787109375,0.0439453125,0.061767578125,-0.040771484375,-0.096435546875,-0.065673828125,-0.003173828125,0.020263671875,-0.001708984375,-0.052490234375,-0.054931640625,0.012939453125,0.046630859375,0.003173828125,-0.065673828125,0.07080078125,0.009033203125,-0.084716796875,-0.0537109375,0.03515625,0.03515625,0.035400390625,-0.055419921875,-0.05419921875,0.030517578125,0.0205078125,-0.02783203125,-0.016357421875,0.019287109375,0.010498046875,-0.04052734375,0.005615234375,0.027587890625,-0.0234375,-0.034423828125,0.014404296875,0.02685546875,-0.0380859375,-0.060791015625,0.009765625,0.0283203125,-0.047607421875,-0.035888671875,0.04638671875,0.046630859375,-0.0341796875,-0.04248046875,-0.003173828125,-0.0810546875,-0.04150390625,0.03369140625,0.007568359375,-0.057861328125,-0.057861328125,-0.03515625,0.029296875,-0.008544921875,-0.07080078125,-0.0185546875,0.02392578125,-0.00439453125,-0.0458984375,-0.016845703125,0.002685546875,-0.046142578125,-0.0654296875,-0.017822265625,0.02294921875,-0.017333984375,-0.0224609375,0.0390625,0.00732421875,-0.0751953125,-0.053955078125,0.03564453125,0.021484375,-0.04345703125,-0.01806640625,0.072998046875,0.058837890625,-0.050048828125,-0.04833984375,0.025634765625,-0.00439453125,-0.071533203125,0.054931640625,0.061279296875,-0.026123046875,-0.005615234375,0.028076171875,-0.024658203125,-0.067626953125,-0.024658203125,-0.024658203125,0.031982421875,-0.020751953125,-0.05712890625,0.012939453125,0.026611328125,-0.04052734375,-0.055419921875,0.005859375,0.025390625,-0.042724609375,-0.0517578125,0.0380859375,0.040283203125,-0.06396484375,-0.06884765625,0.0087890625,0.007080078125,-0.029296875,-0.030517578125,0.023681640625,0.013671875,-0.014892578125,0.053466796875,0.009765625,-0.06787109375,-0.043212890625,0.014404296875,-0.01123046875,-0.036865234375,0.016357421875,0.016357421875,0.01806640625,-0.031982421875,-0.036376953125,0.01416015625,0.015869140625,-0.064697265625,-0.0556640625,0.036376953125,0.0380859375,-0.03955078125,-0.03515625,0.03955078125,0.01611328125,-0.05712890625,-0.0283203125,0.051513671875,0.014892578125,-0.06884765625,-0.022216796875,0.06005859375,-0.07177734375,-0.02734375,0.0263671875,-0.009033203125,-0.056396484375,0.00732421875,0.046630859375,-0.029541015625,-0.05908203125,0.003173828125,0.003173828125,0.015869140625,-0.055908203125,-0.06201171875,0.01904296875,0.018798828125,-0.061279296875,-0.04150390625,0.060302734375,0.03759765625,-0.057861328125,-0.05078125,0.02978515625,0.00244140625,-0.0732421875,-0.033203125,0.049560546875,0.025634765625,-0.0654296875,-0.011474609375,-0.002685546875,-0.063232421875,0.001953125,0.04736328125,-0.03466796875,-0.10009765625,-0.0146484375,0.0478515625,-0.007080078125,-0.052001953125,-0.000732421875,-0.000732421875,0.046630859375,-0.02197265625,-0.053466796875,0.006591796875,0.011962890625,-0.0546875,-0.064208984375,0.00439453125,0.02197265625,-0.01708984375,-0.017822265625,0.03125,-0.01025390625,-0.076416015625,-0.017333984375,0.04052734375,-0.0048828125,-0.00830078125,0.05029296875,-0.011474609375,-0.06201171875,-0.003662109375,0.031005859375,-0.039794921875,-0.075927734375,0.01708984375,0.06884765625,-0.03515625,-0.091064453125,0.00634765625,0.00634765625,0.03564453125,-0.052978515625,-0.071533203125,0.00634765625,0.03369140625,-0.01806640625,-0.017578125,0.051025390625,0.012451171875,-0.06591796875,-0.046875,0.0009765625,-0.020263671875,-0.05517578125,0.016357421875,0.071533203125,-0.006103515625,-0.064453125,0.05322265625,-0.02734375,-0.097412109375,-0.006591796875,0.03955078125,-0.03515625,-0.052734375,0.030517578125,0.05322265625,-0.049560546875,-0.072509765625,0.009765625,-0.004638671875,-0.060791015625,-0.060791015625,-0.033935546875,0.0517578125,0.01806640625,-0.082275390625,-0.032958984375,0.0546875,-0.013916015625,-0.0869140625,-0.011474609375,0.07080078125,0.0107421875,-0.073974609375,-0.00146484375,0.06494140625,-0.0263671875,-0.022705078125,0.072021484375,-0.002685546875,-0.062255859375,0.019287109375,0.062255859375,-0.009521484375,-0.070556640625,0.012939453125,0.032470703125,-0.082763671875,-0.084228515625,0.028564453125,0.02734375,-0.05859375,-0.0234375,-0.0234375,0.07177734375,0.028076171875,-0.088623046875,-0.048095703125,0.065185546875,0.0107421875,-0.10302734375,-0.050048828125,0.08154296875,0.02880859375,-0.08349609375,-0.02294921875,0.063720703125,-0.093994140625,-0.011474609375,0.064697265625,-0.0322265625,-0.0810546875,0.016357421875,0.04150390625,-0.04833984375,-0.0703125,0.0234375,0.025146484375,-0.0693359375,-0.04931640625,0.06689453125,0.053466796875,-0.073486328125,-0.0732421875,-0.0732421875,0.03515625,0.008056640625,-0.090576171875,-0.03125,0.076904296875,0.01611328125,-0.06103515625,0.010009765625,0.088623046875,0.01123046875,-0.105712890625,-0.03955078125,0.044677734375,-0.067138671875,0.010986328125,0.06640625,-0.019287109375,-0.04931640625,0.02880859375,0.029296875,-0.078857421875,-0.09765625,0.0302734375,0.034912109375,-0.078857421875,-0.037353515625,0.071533203125,0.0244140625,-0.08935546875,-0.058349609375,0.062255859375,0.062255859375,0.011474609375,-0.1103515625,-0.03759765625,0.086181640625,0.0166015625,-0.098388671875,-0.016845703125,0.091064453125,0.00390625,-0.102294921875,-0.02490234375,0.005859375,-0.087646484375,-0.000732421875,0.075439453125,-0.044677734375,-0.116455078125,0.003173828125,0.037353515625,-0.053955078125,-0.058837890625,0.05126953125,0.06298828125,-0.0498046875,-0.058837890625,0.030517578125,-0.01123046875,-0.101806640625,-0.02880859375,0.087890625,0.087890625,0.022705078125,-0.07666015625,-0.0205078125,0.06787109375,-0.009521484375,-0.119873046875,-0.026611328125,0.08740234375,0.010498046875,-0.092041015625,0.0927734375,-0.022216796875,-0.10302734375,0.00244140625,0.055419921875,-0.05078125,-0.08740234375,0.034423828125,0.06494140625,-0.068115234375,-0.105224609375,0.032470703125,0.0517578125,-0.070068359375,-0.06982421875,0.05029296875,0.040283203125,-0.064697265625,-0.03662109375,0.05810546875,0.05810546875,0.02587890625,-0.0703125,-0.030517578125,0.042724609375,-0.026611328125,-0.0888671875,0.012451171875,0.09326171875,-0.08935546875,0.023193359375,0.0888671875,-0.046142578125,-0.1220703125,0.003173828125,0.0712890625,-0.033935546875,-0.06103515625,0.0517578125,0.04931640625,-0.081787109375,-0.084716796875,0.026611328125,0.011474609375,-0.077392578125,-0.0390625,0.057373046875,0.0078125,-0.08154296875,-0.0205078125,0.069091796875,-0.009765625,-0.095947265625,-0.095947265625,-0.004150390625,0.08203125,-0.015869140625,-0.1005859375,0.007568359375,0.07763671875,-0.04638671875,0.03466796875,0.06103515625,-0.07080078125,-0.1015625,0.046142578125,0.089599609375,-0.055419921875,-0.08447265625,0.0576171875,0.044921875,-0.1044921875,-0.095458984375,0.049072265625,0.0380859375,-0.08740234375,-0.037841796875,0.101318359375,0.027099609375,-0.114990234375,-0.057861328125,0.07373046875,0.014404296875,0.014404296875,-0.095947265625,-0.005126953125,0.093017578125,-0.0107421875,-0.088134765625,0.01513671875,0.09423828125,-0.142333984375,0.001953125,0.075439453125,-0.05224609375,-0.103759765625,0.031494140625,0.077392578125,-0.07080078125,-0.09814453125,0.05859375,0.06494140625,-0.083251953125,-0.08544921875,0.050048828125,0.032470703125,0.032470703125,-0.08642578125,-0.038330078125,0.080810546875,-0.109375,-0.05029296875,0.069580078125,0.0126953125,-0.082763671875,0.016845703125,0.111328125,-0.011474609375,-0.1083984375,-0.0205078125,0.051025390625,-0.01708984375,-0.067626953125,0.03564453125,0.072021484375,-0.057373046875,-0.057373046875,-0.078125,0.030517578125,-0.084228515625,-0.063720703125,0.05078125,0.03125,-0.081787109375,-0.046875,0.071533203125,0.0185546875,-0.09716796875,-0.0244140625,0.0849609375,-0.0107421875,-0.12158203125,-0.0390625,0.069091796875,-0.011474609375,-0.092041015625,-0.002685546875,-0.002685546875,0.06689453125,-0.01318359375,0.016357421875,0.061767578125,-0.06103515625,-0.080078125,0.06103515625,0.054443359375,-0.095947265625,-0.073974609375,0.06591796875,0.03173828125,-0.111083984375,-0.065673828125,0.083984375,0.033447265625,-0.092041015625,-0.04248046875,0.07568359375,0.07568359375,0.00732421875,-0.008056640625,0.0966796875,-0.013427734375,-0.10498046875,0.010498046875,0.0908203125,-0.041259765625,-0.122802734375,0.032470703125,0.100341796875,-0.05810546875,-0.10546875,0.060546875,0.092041015625,-0.0869140625,-0.105712890625,0.068603515625,0.068603515625,0.08642578125,-0.09716796875,0.08251953125,0.056640625,-0.119140625,-0.098876953125,0.05224609375,0.02734375,-0.103271484375,-0.066162109375,0.065185546875,0.024658203125,-0.0830078125,-0.0166015625,-0.0166015625,-0.01123046875,-0.10888671875,0.007080078125,0.07666015625,-0.060546875,-0.129638671875,0.023193359375,0.094970703125,-0.04736328125,-0.06982421875,0.086181640625,0.0791015625,-0.084228515625,-0.084228515625,0.023681640625,0.03662109375,-0.0703125,-0.033935546875,0.099365234375,0.034423828125,-0.114013671875,-0.03955078125,0.091552734375,-0.02685546875,-0.16015625,-0.0361328125,0.11669921875,0.004638671875,-0.10986328125,0.02392578125,0.13427734375,-0.031982421875,-0.15673828125,-0.0068359375,0.0947265625,-0.038818359375,-0.100830078125,0.034423828125,0.07568359375,-0.05712890625,-0.071533203125,0.05859375,0.019775390625,-0.11767578125,-0.066650390625,0.08935546875,0.03857421875,-0.095947265625,-0.012939453125,0.108154296875,-0.00830078125,-0.15576171875,-0.054931640625,0.0927734375,0.010009765625,-0.108642578125,-0.006103515625,0.0908203125,-0.047119140625,-0.1171875,0.03662109375,0.096923828125,-0.057373046875,-0.112060546875,0.056640625,0.083251953125,-0.09619140625,-0.065673828125,0.119140625,0.08154296875,-0.119384765625,-0.092041015625,0.09423828125,0.03564453125,-0.14404296875,-0.071044921875,0.091796875,0.032470703125,-0.09423828125,-0.03857421875,0.104736328125,0.0146484375,-0.136962890625,-0.037841796875,0.079345703125,-0.011474609375,-0.104736328125,0.005615234375,0.088134765625,-0.067626953125,-0.126953125,0.04296875,0.107177734375,-0.043701171875,-0.09716796875,0.061767578125,-0.1171875,-0.1171875,-0.09375,0.088623046875,0.0859375,-0.071044921875,-0.06982421875,0.06787109375,0.031494140625,-0.0830078125,-0.041015625,0.059326171875,-0.00439453125,-0.1005859375,-0.010009765625,0.0654296875,-0.044677734375,-0.10009765625,0.028564453125,0.0927734375,-0.05224609375,-0.09326171875,0.060302734375,0.063720703125,-0.10107421875,0.063720703125,0.063720703125,0.056396484375,-0.111328125,-0.088623046875,0.078125,0.05810546875,-0.074951171875,-0.043212890625,0.073486328125,0.044921875,-0.0576171875,0.01708984375,0.01708984375,-0.038330078125,-0.099365234375,-0.020751953125,0.072509765625,-0.021728515625,-0.048095703125,0.07568359375,0.0556640625,-0.099365234375,-0.119384765625,0.001708984375,0.030029296875,-0.047119140625,0.109130859375,0.109130859375,0.09765625,-0.06591796875,-0.077880859375,0.037109375,0.017822265625,-0.099609375,-0.05810546875,0.0771484375,0.04541015625,-0.049560546875,0.052978515625,0.052978515625,-0.021728515625,-0.09375,-0.00732421875,0.07080078125,-0.036865234375,-0.0751953125,0.048583984375,0.059814453125,-0.06591796875,-0.07958984375,0.0322265625,-0.053466796875,-0.053466796875,-0.06884765625,0.02001953125,0.045166015625,-0.0556640625,-0.059326171875,0.06982421875,0.052978515625,-0.08154296875,-0.052001953125,0.02978515625,-0.06298828125,0.025390625,0.025390625,0.074462890625,-0.008544921875,-0.059814453125,-0.004638671875,0.015625,-0.059326171875,-0.0712890625,0.02978515625,0.043212890625,-0.03515625,-0.0361328125,0.0546875,-0.0595703125,-0.0595703125,-0.076904296875,0.005615234375,0.00390625,-0.057861328125,-0.055908203125,0.017578125,0.033935546875,-0.02392578125,-0.017578125,-0.0068359375,-0.01025390625,-0.037109375,0.00439453125,0.00439453125,0.01171875,-0.014892578125,0.015625,0.037353515625,-0.00927734375,-0.04150390625,-0.024169921875,-0.02294921875,-0.063720703125,-0.053955078125,0.0625,0.0263671875,-0.013916015625,-0.013916015625,-0.025146484375,-0.0390625,-0.064208984375,-0.066162109375,-0.0078125,0.042724609375,-0.00927734375,0.001220703125,0.03515625,-0.022705078125,-0.049072265625,-0.02978515625,-0.03515625,-0.0322265625,-0.0322265625,-0.006103515625,0.0439453125,0.03125,-0.031494140625,-0.022216796875,0.0146484375,-0.02392578125,-0.05615234375,-0.0234375,0.012451171875,-0.0166015625,0.006591796875,0.030517578125,0.030517578125,-0.00537109375,-0.024658203125,-0.0205078125,-0.04443359375,-0.0439453125,-0.0185546875,-0.021728515625,-0.008056640625,0.0185546875,0.017578125,-0.035400390625,-0.05322265625,-0.038330078125,-0.038330078125,-0.013427734375,0.004638671875,-0.016845703125,0.006103515625,0.031494140625,0.005126953125,-0.033203125,-0.0556640625,-0.03662109375,-0.0244140625,-0.025146484375,0.012451171875,0.064697265625,0.064697265625,-0.03759765625,-0.03759765625,-0.017333984375,-0.027099609375,-0.04296875,-0.035888671875,-0.026123046875,-0.013427734375,-0.022705078125,-0.024169921875,0.007080078125,-0.019775390625,-0.009765625,0.00146484375,0.00146484375,-0.021484375,-0.05419921875,-0.01708984375,0.02587890625,0.015625,-0.001953125,-0.01123046875,-0.0166015625,-0.043212890625,-0.044677734375,-0.011962890625,0.015869140625,0.015869140625,0.010986328125,-0.003662109375,-0.0087890625,-0.019287109375,-0.0166015625,-0.004638671875,-0.007080078125,-0.009765625,-0.01220703125,0.005126953125,-0.029296875,-0.05419921875,-0.01171875,-0.0068359375,-0.0068359375,-0.040771484375,-0.0302734375,0.00634765625,0.01611328125,-0.014892578125,-0.0224609375,-0.00146484375,0.00439453125,-0.005615234375,-0.001708984375,-0.0234375,-0.050537109375,-0.050537109375,-0.0322265625,0.01123046875,0.009521484375,0.001708984375,0.012451171875,0.01171875,-0.08447265625,-0.050048828125,0.013916015625,0.010498046875,-0.00927734375,0.018798828125,0.018798828125,0.03662109375,-0.01123046875,-0.072509765625,-0.045166015625,0.00048828125,0.003662109375,-0.006103515625,-0.001708984375,-0.011474609375,-0.01806640625,-0.01904296875,-0.005615234375,0.000244140625,0.00830078125,0.00830078125,0.00341796875,-0.037841796875,-0.044189453125,-0.019287109375,-0.023681640625,-0.0400390625,0.007080078125,0.031494140625,-0.0009765625,-0.03125,-0.010009765625,-0.010009765625,-0.005615234375,-0.03466796875,-0.042236328125,-0.018798828125,0.014404296875,0.01708984375,-0.047607421875,-0.00341796875,0.0087890625,-0.01513671875,0.015869140625,0.010498046875,0.010498046875,-0.020263671875,-0.013671875,-0.009765625,-0.017578125,-0.0224609375,-0.02587890625,0.010009765625,0.033935546875,-0.01611328125,0.00439453125,0.008056640625,-0.020263671875,-0.071533203125,-0.047607421875,-0.047607421875,0.005615234375,0.00537109375,0.025390625,-0.0068359375,-0.00244140625,0.005859375,-0.02734375,-0.024658203125,0.00244140625,-0.025390625,-0.04541015625,-0.036376953125,-0.036376953125,-0.0234375,0.006591796875,-0.001708984375,-0.02392578125,-0.009033203125,-0.02392578125,-0.003662109375,-0.005859375,0.0400390625,-0.0283203125,-0.008544921875,-0.046142578125,-0.046142578125,-0.031982421875,0.020263671875,-0.050537109375,0.0283203125,-0.0595703125,-0.03173828125,0.0380859375,0.0771484375,0.014892578125,-0.066162109375,0.060302734375,-0.088623046875,-0.0498046875,0.04345703125,0.04345703125,-0.058837890625,0.00927734375,0.048095703125,-0.00830078125,-0.00927734375,-0.03271484375,-0.044677734375,-0.020263671875,-0.024169921875,-0.006591796875,0.021728515625,-0.00537109375,-0.00537109375,0.005126953125,-0.0048828125,-0.03662109375,-0.00830078125,-0.002197265625,-0.015869140625,-0.017333984375,-0.008056640625,-0.030029296875,-0.015625,0.004150390625,-0.0009765625,-0.0009765625,-0.00341796875,-0.043212890625,-0.063232421875,-0.027587890625,-0.00830078125,0.0185546875,0.051513671875,0.047607421875,0.022705078125,-0.025390625,-0.045166015625,-0.043701171875,-0.03564453125,-0.03857421875,-0.03857421875,-0.047119140625,-0.041748046875,0.00341796875,0.02392578125,0.034912109375,0.025390625,-0.009033203125,-0.046875,-0.046875,-0.0673828125,-0.033935546875,0.0322265625,-0.03076171875,-0.08349609375,-0.0595703125,0.011474609375,0.017578125,0.017578125,-0.0537109375,-0.064697265625,0.06787109375,-0.0302734375,-0.057373046875,-0.0068359375,-0.036376953125,-0.0400390625,-0.0400390625,0.0322265625,-0.007080078125,0.02490234375,-0.01904296875,-0.06298828125,0.044189453125,0.056396484375,-0.031005859375,-0.0419921875,-0.0322265625,-0.02783203125,0.02197265625,0.013427734375,0.013427734375,-0.060302734375,-0.006103515625,0.04833984375,-0.0302734375,-0.0478515625,-0.046875,-0.0302734375,0.0087890625,0.0087890625,0.01123046875,0.017333984375,0.004150390625,-0.050537109375,-0.030517578125,-0.011962890625,-0.00146484375,0.0126953125,0.0126953125,-0.004150390625,-0.073486328125,-0.004150390625,0.01953125,0.010986328125,0.043701171875,0.016357421875,-0.051025390625,-0.051025390625,-0.048583984375,-0.037109375,-0.01806640625,-0.01416015625,-0.059814453125,-0.0380859375,0.011474609375,-0.002685546875,0.00048828125,-0.00390625,-0.046630859375,-0.016845703125,-0.016845703125,0.042724609375,0.001953125,-0.05908203125,-0.069580078125,-0.01904296875,0.0576171875,0.033935546875,-0.03515625,-0.03515625,-0.04443359375,-0.022705078125,0.020751953125,-0.03857421875,-0.0537109375,0.005126953125,0.042236328125,0.0009765625,0.0009765625,-0.035400390625,0.055908203125,0.022705078125,-0.060791015625,-0.07470703125,0.013427734375,0.068115234375,-0.004638671875,-0.004638671875,-0.099365234375,0.0703125,0.071044921875,-0.014892578125,-0.044677734375,0.027587890625,0.025390625,-0.091552734375,-0.108154296875,0.02392578125,0.0810546875,-0.070556640625,-0.15771484375,-0.15771484375,0.010498046875,-0.028076171875,-0.134521484375,0.012939453125,0.109130859375,-0.057373046875,-0.16943359375,-0.0263671875,-0.0263671875,0.135986328125,-0.15478515625,-0.044921875,0.114990234375,0.018310546875,-0.114501953125,-0.005126953125,0.106201171875,0.106201171875,-0.113525390625,-0.01025390625,0.085693359375,-0.010986328125,-0.110595703125,-0.031494140625,0.078369140625,0.030517578125,0.030517578125,0.022705078125,0.04541015625,-0.045166015625,-0.0771484375,-0.021240234375,0.01171875,-0.006103515625,-0.026123046875,-0.00146484375,0.02197265625,0.028076171875,0.015869140625,0.015869140625,0.000244140625,-0.01220703125,-0.005126953125,-0.042724609375,-0.065673828125,-0.017578125,0.02978515625,-0.001220703125,-0.001220703125,-0.001220703125,0.054443359375,0.018310546875,-0.0419921875,-0.013916015625,0.012451171875,-0.052490234375,-0.103515625,-0.103515625,0.025390625,-0.03369140625,-0.090576171875,-0.0048828125,0.07861328125,0.01025390625,-0.067626953125,-0.001953125,-0.001953125,-0.02587890625,-0.114990234375,-0.04345703125,0.047119140625,-0.0068359375,-0.07373046875,-0.0029296875,0.085693359375,0.0234375,-0.04248046875,0.019775390625,0.04296875,-0.0517578125,-0.0517578125,0.014404296875,-0.004150390625,-0.068115234375,-0.028564453125,0.046630859375,0.035888671875,-0.02783203125,-0.017578125,0.025146484375,-0.02001953125,-0.072021484375,-0.012939453125,0.046875,-0.045166015625,-0.1064453125,0.006103515625,0.085205078125,0.006591796875,-0.075439453125,0.010498046875,0.11474609375,0.001708984375,-0.144775390625,-0.0498046875,0.087646484375,-0.02587890625,-0.1494140625,-0.020263671875,0.136474609375,0.030029296875,-0.1357421875,-0.031005859375,0.099853515625,-0.005859375,-0.115234375,-0.0390625,0.036376953125,-0.048095703125,-0.078125,-0.078125,0.0185546875,-0.03564453125,-0.004150390625,0.076171875,0.000244140625,-0.09912109375,-0.028076171875,0.052734375,-0.026611328125,-0.097412109375,-0.005859375,0.068359375,-0.002685546875,-0.040771484375,0.038818359375,0.061767578125,-0.03271484375,-0.066162109375,0.002197265625,0.02587890625,-0.0380859375,-0.06103515625,0.00244140625,0.025390625,-0.026611328125,-0.01123046875,0.046875,0.008056640625,-0.072509765625,-0.028564453125,0.058837890625,-0.017578125,-0.126220703125,-0.041015625,0.06689453125,-0.02197265625,-0.087158203125,0.037353515625,0.102294921875,-0.020263671875,-0.072265625,0.020263671875,0.0380859375,-0.058837890625,-0.07177734375,0.0205078125,0.03955078125,-0.064208984375,-0.072265625,0.072998046875,0.065673828125,-0.093505859375,-0.06787109375,0.091796875,0.042724609375,-0.145263671875,-0.094482421875,0.0771484375,0.026123046875,-0.1142578125,-0.037841796875,0.09423828125,0.005859375,-0.0947265625,-0.003173828125,0.078369140625,-0.0419921875,-0.116455078125,0.016357421875,0.08447265625,-0.04541015625,-0.1103515625,0.025634765625,0.08203125,-0.039306640625,-0.055908203125,0.066650390625,0.064208984375,-0.08544921875,-0.07958984375,0.0595703125,0.05224609375,-0.083251953125,-0.083984375,0.04833984375,0.037841796875,-0.058837890625,-0.017822265625,0.055908203125,-0.015625,-0.1005859375,-0.00927734375,0.06982421875,-0.034423828125,-0.10595703125,-0.0048828125,0.072021484375,-0.01171875,-0.063232421875,0.02587890625,0.053466796875,-0.05029296875,-0.066650390625,0.035888671875,0.052978515625,-0.05712890625,0.0283203125,0.0283203125,0.024658203125,-0.0654296875,-0.029296875,0.075927734375,0.029296875,-0.0830078125,-0.045166015625,0.056884765625,0.012939453125,-0.101318359375,-0.059326171875,0.04150390625,-0.0029296875,-0.076171875,-0.008544921875,0.072265625,0.004638671875,-0.08837890625,-0.026123046875,0.070068359375,-0.004638671875,-0.095458984375,-0.01953125,0.05029296875,-0.025390625,-0.05810546875,0.035400390625,0.0654296875,-0.02734375,0.028076171875,0.028076171875,0.052490234375,-0.04833984375,-0.0869140625,0.000244140625,0.0107421875,-0.06396484375,-0.046875,0.044677734375,0.044677734375,-0.06591796875,-0.06201171875,0.031982421875,0.030517578125,-0.047119140625,-0.04052734375,0.009765625,-0.01806640625,-0.068603515625,-0.0322265625,0.05029296875,0.024169921875,-0.046875,-0.015625,0.04248046875,0.0009765625,-0.060546875,-0.00537109375,0.046630859375,-0.021484375,0.001220703125,0.001220703125,0.042724609375,-0.02783203125,-0.0517578125,0.02734375,0.044677734375,-0.04541015625,-0.067138671875,0.00390625,-0.081787109375,-0.081787109375,-0.056640625,0.0517578125,0.033935546875,-0.061279296875,-0.01708984375,0.05810546875,-0.090576171875,-0.025634765625,-0.025634765625,0.053466796875,-0.01123046875,-0.022705078125,-0.022705078125,0.048095703125,-0.000732421875,-0.048828125,0.017822265625,0.052734375,-0.027587890625,-0.04736328125,0.04736328125,0.04736328125,-0.07421875,-0.09130859375,0.02392578125,0.033935546875,-0.065185546875,-0.040771484375,0.0810546875,-0.08984375,-0.08984375,-0.0576171875,0.05078125,0.01904296875,-0.089599609375,-0.054931640625,0.042724609375,-0.072998046875,-0.019775390625,-0.019775390625,0.06201171875,0.01708984375,-0.03857421875,0.02490234375,0.051513671875,-0.05029296875,-0.004150390625,0.027587890625,0.027587890625,-0.04736328125,-0.045654296875,0.03955078125,-0.08154296875,-0.08154296875,-0.0576171875,0.077392578125,0.057861328125,-0.081787109375,-0.09765625,0.013916015625,-0.092529296875,-0.0322265625,-0.0322265625,0.07080078125,0.0166015625,-0.066162109375,-0.022705078125,0.068359375,-0.0009765625,-0.01416015625,0.052734375,0.052734375,-0.04150390625,-0.09716796875,0.0224609375,0.08349609375,-0.035400390625,0.059814453125,0.0869140625,-0.0546875,-0.0546875,-0.095703125,0.0185546875,0.022705078125,-0.072265625,-0.0341796875,0.01904296875,-0.100341796875,-0.052978515625,-0.052978515625,0.06494140625,-0.0634765625,-0.0087890625,-0.0087890625,0.055419921875,-0.04638671875,-0.126220703125,-0.02978515625,0.070068359375,0.010009765625,0.02392578125,0.071533203125,0.071533203125,-0.03125,-0.09375,-0.005615234375,0.047119140625,-0.034912109375,-0.056884765625,0.032470703125,-0.046875,-0.0498046875,-0.0498046875,0.033447265625,0.02392578125,-0.078369140625,-0.026611328125,0.0888671875,0.021728515625,-0.083251953125,0.020263671875,-0.009033203125,-0.009033203125,-0.06982421875,-0.008544921875,0.059814453125,0.00537109375,-0.067626953125,0.053955078125,-0.01611328125,-0.091064453125,-0.091064453125,-0.038818359375,0.0361328125,0.010009765625,-0.011474609375,0.031982421875,-0.038818359375,-0.06787109375,0.013916015625,0.013916015625,-0.05517578125,-0.07763671875,0.029052734375,0.029052734375,0.05810546875,-0.022705078125,-0.055908203125,0.009765625,0.031005859375,-0.045166015625,0.021484375,0.022705078125,0.022705078125,-0.058837890625,-0.06201171875,0.01123046875,-0.00390625,-0.04345703125,0.023681640625,0.001220703125,-0.03271484375,-0.03271484375,0.013916015625,0.047119140625,-0.011474609375,-0.06591796875,0.0166015625,-0.02978515625,-0.05224609375,0.002685546875,0.002685546875,0.036376953125,-0.003662109375,-0.026123046875,0.0166015625,-0.03173828125,-0.053466796875,-0.02001953125,-0.012939453125,-0.012939453125,-0.04296875,0.019775390625,0.016357421875,0.016357421875,-0.0126953125,-0.009765625,0.01708984375,-0.004150390625,-0.0478515625,-0.011962890625,-0.01953125,-0.035888671875,-0.035888671875,-0.00634765625,0.028076171875,0.00146484375,-0.01416015625,0.009033203125,-0.01220703125,-0.040283203125,-0.00927734375,-0.00927734375,-0.004638671875,-0.04345703125,-0.052001953125,0.00830078125,-0.032958984375,-0.02490234375,0.0322265625,0.034423828125,0.034423828125,-0.024658203125,-0.04833984375,-0.007080078125,-0.017333984375,-0.06005859375,0.005126953125,0.013427734375,-0.019287109375,-0.009765625,0.02734375,0.0009765625,-0.03173828125,0.0009765625,0.0009765625,0.023681640625,-0.029296875,-0.056884765625,-0.006591796875,-0.016845703125,-0.0361328125,0.004638671875,0.023193359375,0.023193359375,-0.012451171875,-0.00390625,0.02783203125,-0.008056640625,-0.056396484375,-0.00341796875,-0.007080078125,-0.02734375,-0.02734375,0.00732421875,0.023681640625,-0.023681640625,0.0,0.01123046875,-0.025146484375,-0.0478515625,-0.006591796875,-0.006591796875,0.0185546875,-0.021240234375,-0.043701171875,0.02099609375,-0.009765625,-0.019775390625,0.020263671875,0.028076171875,-0.0283203125,-0.048095703125,-0.00634765625,-0.007080078125,-0.007080078125,-0.02978515625,-0.012451171875,0.00244140625,-0.01904296875,0.00830078125,0.03271484375,-0.0146484375,-0.0576171875,-0.0576171875,-0.02001953125,0.015869140625,-0.02197265625,-0.047607421875,0.02783203125,-0.020751953125,-0.04443359375,-0.017578125,0.002685546875,-0.010986328125,-0.015380859375,-0.015380859375,0.017822265625,0.015380859375,-0.0361328125,-0.0546875,0.012939453125,-0.012939453125,-0.002685546875,0.021240234375,-0.013671875,-0.056396484375,-0.02783203125,-0.02783203125,0.017578125,-0.013671875,-0.05078125,-0.01416015625,0.021240234375,-0.045654296875,-0.00341796875,0.004150390625,-0.038818359375,-0.034423828125,0.01953125,0.03125,0.03125,-0.042724609375,-0.04638671875,0.0283203125,0.0390625,-0.02294921875,0.029296875,0.03369140625,-0.0419921875,-0.0556640625,0.005859375,0.001708984375,0.001708984375,-0.064453125,-0.04736328125,0.029296875,0.015625,-0.00634765625,0.0634765625,0.005126953125,-0.103759765625,-0.061279296875,0.044677734375,0.00146484375,0.00146484375,-0.08984375,-0.03955078125,0.040283203125,-0.006103515625,-0.016357421875,0.078369140625,0.033935546875,-0.065185546875,-0.041015625,0.04296875,0.02392578125,0.02392578125,-0.068603515625,-0.070556640625,-0.000732421875,0.01416015625,0.027099609375,0.0400390625,-0.008544921875,-0.0439453125,-0.0185546875,0.0126953125,-0.0087890625,-0.026611328125,-0.026611328125,-0.020263671875,-0.02001953125,-0.041015625,0.018798828125,0.025390625,-0.001953125,-0.0068359375,0.00146484375,-0.020751953125,-0.047119140625,-0.040283203125,-0.040283203125,-0.0234375,-0.02490234375,-0.02001953125,0.02197265625,-0.02294921875,-0.03173828125,0.008544921875,0.019775390625,-0.01123046875,-0.01611328125,0.014404296875,-0.009765625,-0.009765625,-0.07470703125,-0.06103515625,0.0322265625,-0.022216796875,-0.009521484375,0.025390625,-0.00341796875,-0.058349609375,-0.03564453125,0.02001953125,-0.0166015625,-0.0166015625,-0.079345703125,-0.053466796875,0.02197265625,-0.0185546875,-0.003662109375,0.027099609375,-0.00927734375,-0.041748046875,-0.0126953125,0.028076171875,0.00244140625,0.00244140625,-0.041259765625,-0.0390625,-0.013427734375,-0.007080078125,0.02783203125,0.03955078125,-0.0146484375,-0.033203125,0.00048828125,-0.01416015625,-0.051025390625,-0.037353515625,-0.037353515625,-0.005126953125,-0.02099609375,-0.002197265625,0.04296875,0.017822265625,-0.033935546875,-0.032470703125,-0.01025390625,-0.0341796875,-0.046142578125,-0.013916015625,-0.013916015625,-0.010009765625,-0.0361328125,0.045166015625,0.046142578125,-0.021728515625,-0.0400390625,0.009521484375,0.022705078125,-0.034912109375,-0.0400390625,0.0146484375,0.0146484375,-0.023193359375,-0.088134765625,0.054443359375,0.049560546875,-0.01904296875,-0.02197265625,0.0166015625,0.006103515625,-0.044677734375,-0.052490234375,-0.015625,-0.031982421875,-0.031982421875,-0.050048828125,0.00537109375,0.021240234375,-0.02392578125,-0.00732421875,-0.003173828125,-0.035400390625,-0.03466796875,0.00390625,0.00634765625,-0.02978515625,-0.02978515625,-0.043212890625,0.041015625,0.002685546875,-0.00634765625,0.017333984375,0.00830078125,-0.02490234375,-0.0322265625,-0.0126953125,-0.04443359375,-0.074951171875,-0.0224609375,0.031494140625,0.031494140625,0.00537109375,-0.013916015625,0.006591796875,-0.03662109375,-0.049072265625,0.014404296875,0.04052734375,-0.031005859375,-0.09130859375,-0.04248046875,0.03271484375,0.03369140625,0.03369140625,0.033447265625,0.033447265625,0.021728515625,-0.08447265625,-0.01806640625,0.028564453125,-0.00048828125,-0.03662109375,-0.040771484375,-0.039794921875,-0.02587890625,0.039306640625,0.080810546875,-0.0009765625,-0.0009765625,-0.0869140625,0.02978515625,0.017333984375,-0.058349609375,-0.048583984375,0.00732421875,-0.006591796875,-0.045166015625,-0.00146484375,0.0556640625,0.005859375,-0.058837890625,-0.044677734375,-0.044677734375,0.005859375,-0.030029296875,-0.01953125,0.00732421875,-0.01171875,-0.01318359375,0.038330078125,0.0498046875,-0.00830078125,-0.0400390625,-0.022705078125,-0.020263671875,-0.037109375,-0.037109375,0.005859375,-0.0029296875,-0.06884765625,-0.04443359375,0.0283203125,0.03076171875,-0.003173828125,-0.01318359375,-0.00537109375,-0.013671875,-0.031494140625,-0.042236328125,-0.042236328125,-0.021240234375,-0.029541015625,0.014892578125,0.04150390625,0.0107421875,0.00146484375,0.013671875,-0.0107421875,-0.031982421875,-0.0224609375,0.021728515625,0.0126953125,-0.043701171875,-0.0537109375,0.004150390625,0.01904296875,-0.05517578125,-0.052978515625,0.02294921875,0.029052734375,-0.026611328125,-0.029052734375,0.020263671875,0.00439453125,-0.061279296875,-0.0673828125,-0.00048828125,0.035888671875,-0.001220703125,-0.015869140625,0.024658203125,0.012451171875,-0.04345703125,-0.044921875,-0.027587890625,-0.033447265625,-0.02099609375,0.02197265625,0.02392578125,-0.00732421875,-0.021240234375,-0.026123046875,-0.004150390625,0.0,-0.005126953125,0.03125,0.02490234375,-0.0234375,-0.03515625,-0.0263671875,-0.0400390625,-0.0517578125,-0.030029296875,0.02001953125,0.029052734375,-0.026123046875,-0.02001953125,0.02001953125,-0.046142578125,-0.08349609375,0.002685546875,0.056396484375,0.0146484375,-0.030517578125,-0.006103515625,0.045166015625,-0.006103515625,-0.07470703125,-0.01953125,0.035888671875,-0.0087890625,-0.0517578125,-0.0400390625,-0.00732421875,0.015625,-0.01318359375,-0.026123046875,0.0,-0.0283203125,-0.031982421875,0.05810546875,0.067138671875,-0.03955078125,-0.097412109375,-0.0791015625,-0.0380859375,-0.0087890625,0.00341796875,0.026611328125,0.028076171875,-0.023193359375,-0.03955078125,0.015380859375,0.001708984375,-0.0380859375,-0.0322265625,-0.064453125,-0.06298828125,0.033203125,0.0791015625,0.00732421875,-0.06494140625,-0.054931640625,0.011962890625,0.0478515625,0.005615234375,-0.015625,-0.00927734375,-0.056396484375,-0.089599609375,-0.02490234375,0.08154296875,0.0732421875,-0.026123046875,-0.070556640625,-0.01171875,0.052490234375,0.029052734375,-0.02734375,-0.065673828125,-0.044189453125,-0.009521484375,-0.037353515625,-0.02294921875,0.056640625,0.059814453125,0.000244140625,-0.042236328125,-0.023193359375,0.05517578125,0.0751953125,-0.008544921875,-0.10205078125,-0.09521484375,-0.021484375,0.003173828125,-0.00634765625,-0.009521484375,-0.009521484375,0.01806640625,0.026123046875,-0.0068359375,-0.004150390625,0.008544921875,-0.044921875,-0.07568359375,-0.010986328125,0.01513671875,-0.015869140625,-0.0263671875,-0.059814453125,-0.059814453125,0.036376953125,0.025146484375,-0.015380859375,0.00537109375,0.007080078125,-0.046875,-0.076904296875,-0.050048828125,-0.011962890625,0.021484375,0.006591796875,-0.011962890625,-0.013671875,-0.013671875,0.0107421875,0.0009765625,-0.009521484375,-0.013671875,-0.025390625,-0.021240234375,-0.009765625,-0.00927734375,-0.040771484375,-0.01318359375,0.024658203125,0.041748046875,-0.003173828125,-0.003173828125,-0.056396484375,0.0107421875,0.00537109375,-0.0400390625,0.002197265625,-0.030517578125,-0.0419921875,0.07470703125,0.032470703125,-0.078125,0.017822265625,-0.046630859375,-0.046630859375,0.026611328125,0.0244140625,-0.071044921875,-0.02587890625,0.0126953125,-0.0400390625,-0.03564453125,-0.018798828125,-0.01171875,0.017333984375,-0.041015625,-0.0166015625,-0.0166015625,0.00830078125,0.005126953125,-0.011962890625,-0.036376953125,-0.03076171875,-0.001708984375,-0.0087890625,-0.034912109375,-0.040283203125,-0.03466796875,-0.02978515625,-0.041015625,-0.00830078125,-0.00830078125,0.040283203125,0.029296875,-0.00146484375,-0.004150390625,0.0078125,0.032470703125,0.025634765625,-0.010498046875,-0.016845703125,-0.00927734375,-0.01171875,-0.01513671875,-0.020263671875,-0.020263671875,-0.03076171875,-0.0263671875,-0.02490234375,-0.01611328125,0.00537109375,0.007568359375,0.000244140625,-0.02099609375,0.0166015625,0.0458984375,0.004638671875,0.004638671875,-0.044189453125,-0.0322265625,-0.046875,-0.071533203125,-0.016845703125,0.00341796875,-0.037841796875,-0.0068359375,-0.074462890625,-0.017333984375,0.054931640625,0.054931640625,-0.028076171875,0.025634765625,0.03125,-0.056640625,0.04052734375,-0.0478515625,-0.042724609375,0.02099609375,-0.02685546875,-0.052734375,-0.01123046875,-0.01123046875,0.02392578125,-0.008056640625,0.00830078125,-0.018310546875,0.0087890625,0.01904296875,-0.014892578125,0.004150390625,-0.025634765625,-0.03271484375,-0.046630859375,-0.013671875,-0.013671875,-0.022705078125,0.003662109375,-0.0107421875,-0.0126953125,0.0029296875,-0.0400390625,-0.001708984375,-0.00732421875,0.052490234375,-0.029052734375,-0.024169921875,-0.024169921875,0.007080078125,-0.0263671875,0.03271484375,0.026123046875,-0.02099609375,-0.029541015625,-0.0390625,-0.046630859375,0.014404296875,0.012939453125,0.012939453125,0.012939453125,0.01220703125,-0.02685546875,0.02734375,0.022216796875,-0.028564453125,0.01171875,-0.007080078125,-0.037109375,-0.043212890625,-0.006103515625,-0.038818359375,-0.038818359375,-0.022216796875,-0.04833984375,-0.06640625,0.001708984375,-0.00341796875,0.0,-0.015869140625,-0.0009765625,-0.008544921875,-0.034423828125,-0.01611328125,0.007568359375,0.007568359375,-0.0048828125,-0.036865234375,-0.043212890625,-0.01123046875,0.010498046875,-0.02001953125,-0.0556640625,-0.039306640625,0.006591796875,-0.00341796875,0.019775390625,0.035888671875,0.008544921875,0.008544921875,-0.015380859375,-0.026611328125,-0.037353515625,-0.023681640625,-0.018798828125,-0.033203125,-0.05615234375,-0.01220703125,0.010009765625,0.027587890625,0.034912109375,0.065673828125,0.065673828125,0.032958984375,-0.020263671875,-0.029296875,-0.04248046875,-0.033203125,-0.001708984375,0.021484375,0.01708984375,0.010498046875,-0.005615234375,-0.0341796875,-0.0537109375,-0.047119140625,-0.047119140625,0.0048828125,0.01513671875,-0.003173828125,0.029052734375,0.04150390625,-0.009521484375,-0.051513671875,-0.05078125,-0.02685546875,-0.03515625,-0.0615234375,0.00830078125,0.00830078125,0.01220703125,-0.03515625,-0.042236328125,-0.02294921875,-0.01953125,-0.029541015625,-0.02685546875,0.0166015625,0.024658203125,0.000732421875,-0.00927734375,-0.026611328125,-0.026611328125,-0.02685546875,-0.017578125,-0.056396484375,-0.067626953125,-0.03466796875,0.021240234375,0.055419921875,0.014892578125,0.03955078125,0.003173828125,-0.07275390625,-0.068359375,-0.029541015625,-0.029541015625,0.013427734375,0.02783203125,0.006103515625,0.024169921875,0.04931640625,0.025390625,-0.0361328125,-0.07421875,-0.057373046875,-0.02685546875,-0.01025390625,0.010986328125,0.010986328125,0.0693359375,0.0498046875,-0.032470703125,-0.025634765625,-0.01708984375,-0.034423828125,-0.03173828125,-0.029296875,-0.046875,-0.02099609375,0.003173828125,-0.001220703125,-0.001220703125,-0.0185546875,-0.030517578125,-0.020751953125,-0.0244140625,-0.032958984375,0.0146484375,-0.015380859375,-0.029052734375,-0.004638671875,0.01806640625,-0.033935546875,-0.033935546875,-0.034912109375,-0.001708984375,0.01806640625,-0.01220703125,-0.018310546875,0.00341796875,0.0078125,-0.032470703125,-0.0380859375,0.0048828125,0.0126953125,-0.012451171875,-0.012451171875,0.007080078125,0.01416015625,0.0126953125,0.010498046875,-0.040283203125,-0.030029296875,-0.01611328125,-0.012451171875,0.003173828125,0.00146484375,-0.0107421875,-0.0107421875,0.03271484375,0.01171875,-0.063720703125,-0.041015625,0.03955078125,-0.068359375,-0.06103515625,0.031982421875,0.02783203125,-0.05078125,-0.0380859375,0.04296875,0.04296875,0.01513671875,-0.09033203125,-0.045654296875,0.057861328125,-0.084228515625,-0.04345703125,0.02685546875,-0.006591796875,-0.0380859375,0.0419921875,0.0517578125,0.0517578125,-0.0302734375,-0.052734375,-0.0009765625,-0.01416015625,-0.030517578125,0.05224609375,0.019775390625,-0.06689453125,-0.00634765625,0.099365234375,0.006103515625,0.006103515625,-0.093994140625,-0.019775390625,0.048828125,-0.025390625,-0.0107421875,0.068603515625,-0.015380859375,-0.103271484375,-0.001220703125,0.07421875,-0.0322265625,-0.083740234375,-0.083740234375,-0.001953125,0.030517578125,-0.04443359375,-0.084228515625,0.01806640625,0.04296875,-0.07958984375,0.046142578125,0.071044921875,-0.064453125,-0.07666015625,0.07861328125,0.077392578125,-0.087158203125,-0.095703125,0.064208984375,0.058349609375,-0.085205078125,-0.085205078125,-0.08154296875,0.0732421875,0.080322265625,-0.054931640625,-0.054931640625,0.083740234375,0.032470703125,-0.107421875,-0.038818359375,0.002685546875,-0.119140625,-0.014404296875,0.070556640625,-0.017578125,-0.114501953125,0.001220703125,0.119873046875,-0.023193359375,-0.023193359375,-0.142822265625,0.002685546875,0.091796875,-0.14111328125,0.009033203125,0.093505859375,-0.049560546875,-0.102783203125,0.044921875,0.095703125,-0.063720703125,-0.09716796875,0.059326171875,0.059814453125,-0.08837890625,-0.08837890625,-0.108642578125,0.050537109375,0.040283203125,-0.0498046875,0.0927734375,0.04638671875,-0.11767578125,-0.073486328125,0.107421875,0.0263671875,-0.142333984375,-0.05908203125,0.087890625,0.029541015625,0.029541015625,-0.126708984375,-0.015380859375,0.132568359375,-0.11181640625,0.000244140625,0.105224609375,-0.0634765625,-0.155517578125,0.042724609375,0.11279296875,-0.061279296875,-0.10791015625,0.08056640625,0.08056640625,0.137451171875,-0.08349609375,-0.1328125,0.06494140625,0.078857421875,-0.12890625,-0.123291015625,0.0751953125,0.084228515625,-0.088623046875,0.0654296875,0.022705078125,-0.137939453125,-0.04248046875,0.1279296875,0.01904296875,-0.14013671875,-0.046875,0.08642578125,-0.01025390625,-0.01025390625,-0.157470703125,-0.01806640625,0.001708984375,0.001708984375,-0.1708984375,-0.00244140625,-0.006103515625,-0.159423828125,-0.010986328125,0.091796875,-0.0595703125,-0.118408203125,0.072265625,0.1533203125,-0.050537109375,-0.136962890625,-0.136962890625,0.049072265625,-0.126220703125,-0.12255859375,0.0216064453125,0.0784912109375,-0.0430908203125,-0.091796875,0.0865478515625,0.1014404296875,-0.0472412109375,-0.1102294921875,0.0650634765625,0.071533203125,0.09423828125,-0.05419921875,0.137939453125,0.038330078125,-0.152587890625,-0.152587890625,-0.050537109375,0.0029296875,-0.12744140625,-0.012451171875,0.13427734375,0.004150390625,-0.109375,0.02294921875,0.08203125,-0.089111328125,-0.16943359375,-0.16943359375,0.001220703125,-0.052001953125,-0.088134765625,0.058837890625,0.072509765625,-0.078857421875,-0.083984375,0.050048828125,0.037353515625,-0.108642578125,-0.0771484375,-0.0771484375,0.08642578125,-0.050537109375,-0.018310546875,0.0751953125,-0.023681640625,-0.147705078125,-0.037841796875,0.098876953125,0.00634765625,-0.102294921875,0.01953125,0.10986328125,-0.0224609375,-0.115234375,-0.115234375,0.008056640625,0.07421875,-0.070068359375,0.05126953125,0.0947265625,0.0947265625,-0.0615234375,0.04833984375,0.0341796875,-0.1513671875,-0.119140625,0.086669921875,0.076171875,-0.09375,-0.034423828125,0.12890625,0.04345703125,-0.146484375,-0.096923828125,0.05419921875,0.00732421875,0.00732421875,-0.01220703125,0.142333984375,0.040283203125,-0.10595703125,-0.022216796875,0.078369140625,-0.052490234375,-0.1572265625,-0.0185546875,0.10546875,-0.0029296875,-0.085693359375,0.039794921875,0.039794921875,-0.06005859375,-0.142333984375,-0.005859375,0.06201171875,-0.070068359375,-0.079833984375,0.0712890625,0.061767578125,-0.107177734375,-0.09130859375,0.081298828125,0.074462890625,-0.0849609375,-0.07275390625,0.069091796875,0.051513671875,-0.0791015625,-0.040283203125,0.080810546875,0.01318359375,-0.13134765625,-0.072998046875,0.067138671875,0.0146484375,-0.090087890625,-0.090087890625,0.0927734375,-0.0185546875,-0.12158203125,-0.0107421875,0.078125,-0.060302734375,-0.11962890625,0.023681640625,0.087646484375,-0.03857421875,-0.068603515625,0.048828125,0.045654296875,-0.092041015625,-0.08349609375,0.066650390625,0.05712890625,-0.08447265625,-0.056884765625,0.065185546875,0.02294921875,-0.075439453125,-0.0048828125,0.094970703125,0.015869140625,-0.114013671875,-0.052001953125,0.067138671875,-0.001220703125,-0.109619140625,-0.041015625,0.06298828125,-0.005615234375,-0.0615234375,0.021484375,0.06005859375,-0.03564453125,-0.08251953125,0.00341796875,0.027099609375,-0.08056640625,-0.053955078125,0.071044921875,0.05029296875,-0.069091796875,-0.056396484375,0.05224609375,0.031494140625,-0.088134765625,-0.045654296875,0.06640625,0.019775390625,-0.07421875,-0.021484375,0.064208984375,-0.012939453125,-0.112060546875,-0.020263671875,0.10498046875,-0.002197265625,0.002197265625,-0.005126953125,0.08935546875,-0.0576171875,-0.15771484375,-0.015869140625,0.076904296875,-0.037353515625,-0.076904296875,0.054931640625,0.092529296875,-0.041748046875,-0.078369140625,0.03515625,0.06005859375,-0.05908203125,-0.06787109375,0.043701171875,0.041015625,-0.062744140625,-0.0380859375,0.053955078125,0.013916015625,-0.078369140625,-0.03662109375,0.069091796875,0.019287109375,-0.07666015625,-0.02392578125,0.057373046875,-0.0283203125,-0.10986328125,-0.014404296875,0.077392578125,-0.01025390625,-0.09375,0.0048828125,0.067138671875,-0.048583984375,-0.099365234375,0.01220703125,0.0537109375,-0.055908203125,-0.055419921875,0.04345703125,0.048095703125,-0.053466796875,-0.0537109375,0.041015625,0.022705078125,-0.072021484375,-0.039306640625,0.065185546875,-0.09423828125,-0.09423828125,-0.05126953125,0.068603515625,0.01416015625,-0.083984375,-0.020263671875,0.056640625,-0.013427734375,0.005126953125,0.005126953125,0.0576171875,-0.044677734375,-0.091552734375,0.006103515625,0.05078125,-0.046875,-0.072265625,0.037841796875,-0.057373046875,-0.057373046875,-0.059326171875,0.04052734375,0.031494140625,-0.07177734375,-0.06201171875,0.057373046875,0.043701171875,-0.045654296875,-0.045654296875,0.06298828125,0.011962890625,-0.085693359375,-0.040771484375,0.05615234375,0.010986328125,-0.09228515625,0.056640625,0.056640625,-0.0107421875,-0.076416015625,0.005126953125,0.066162109375,-0.02197265625,-0.090087890625,0.000244140625,-0.058349609375,-0.058349609375,-0.091796875,0.008544921875,0.03369140625,-0.051513671875,-0.0498046875,0.046142578125,0.0625,-0.043701171875,0.049560546875,0.03466796875,0.03466796875,-0.069580078125,-0.068603515625,0.047607421875,0.022705078125,-0.08251953125,-0.042724609375,0.067626953125,-0.07373046875,-0.07373046875,-0.051513671875,0.048583984375,0.03076171875,-0.073974609375,-0.04638671875,0.048828125,0.00048828125,-0.017333984375,-0.017333984375,0.0537109375,-0.013671875,-0.073974609375,-0.005126953125,0.04931640625,-0.028076171875,-0.06787109375,0.04931640625,-0.0625,-0.0625,-0.0712890625,0.056884765625,0.061767578125,-0.060302734375,-0.066162109375,0.066650390625,-0.087158203125,-0.06103515625,-0.06103515625,0.040771484375,-0.01513671875,-0.09619140625,-0.005859375,0.062255859375,-0.011474609375,-0.00390625,0.03759765625,0.03759765625,-0.013427734375,-0.04833984375,-0.013671875,0.025634765625,-0.04052734375,-0.0869140625,0.061279296875,-0.0439453125,-0.0439453125,-0.063232421875,0.046630859375,0.050537109375,-0.07177734375,-0.0634765625,0.065673828125,-0.10107421875,-0.07177734375,-0.07177734375,0.06689453125,0.031005859375,-0.063232421875,-0.015625,0.071044921875,0.020263671875,-0.067138671875,0.028076171875,0.028076171875,-0.012939453125,-0.076171875,0.00244140625,0.067626953125,-0.021728515625,-0.0009765625,0.053955078125,-0.044921875,-0.044921875,-0.083251953125,0.0283203125,0.072509765625,-0.049560546875,-0.089599609375,0.015869140625,-0.05078125,-0.0673828125,0.047607421875,0.047607421875,0.065673828125,-0.045654296875,-0.056884765625,0.045654296875,0.03759765625,-0.0576171875,0.037841796875,0.037841796875,0.009033203125,-0.0576171875,-0.025390625,0.038818359375,-0.000732421875,-0.06298828125,0.050537109375,-0.018310546875,-0.083984375,-0.083984375,-0.007568359375,0.047607421875,-0.044189453125,-0.076416015625,0.028076171875,-0.04052734375,-0.08203125,-0.08203125,0.022705078125,0.06494140625,-0.02978515625,-0.081787109375,0.0107421875,0.0380859375,-0.05322265625,0.035400390625,0.035400390625,0.03857421875,-0.041015625,-0.04248046875,0.025390625,0.014404296875,-0.0498046875,0.014892578125,-0.008544921875,-0.008544921875,-0.068115234375,-0.0078125,0.056884765625,-0.0029296875,-0.076416015625,0.029541015625,-0.002685546875,-0.033203125,-0.033203125,-0.002685546875,0.01611328125,-0.03369140625,-0.048828125,0.012939453125,-0.029541015625,-0.008056640625,0.046142578125,0.046142578125,0.010986328125,-0.052734375,-0.03515625,0.011474609375,-0.022216796875,-0.065673828125,-0.006103515625,0.0703125,0.006103515625,-0.020263671875,0.044189453125,-0.026123046875,-0.0927734375,-0.0927734375,-0.02197265625,0.047607421875,-0.015380859375,-0.081787109375,0.05712890625,-0.01953125,-0.068359375,0.02392578125,0.02392578125,0.0693359375,-0.0322265625,-0.078125,0.009521484375,-0.04150390625,-0.071044921875,0.005615234375,0.03564453125,-0.02294921875,-0.02294921875,-0.021728515625,0.037841796875,0.02099609375,-0.05224609375,0.03515625,-0.008544921875,-0.084716796875,-0.05419921875,-0.05419921875,0.033447265625,0.01123046875,-0.04638671875,-0.00439453125,0.049072265625,-0.05810546875,-0.009521484375,0.04052734375,-0.02099609375,-0.02099609375,-0.080810546875,-0.0234375,0.036376953125,-0.00830078125,0.01611328125,0.021240234375,-0.037109375,-0.044921875,-0.044921875,0.02880859375,0.040771484375,-0.048583984375,0.0,0.009033203125,-0.038330078125,-0.0185546875,0.042236328125,0.042236328125,0.017578125,-0.048828125,-0.05859375,0.018310546875,-0.03955078125,-0.04638671875,0.003173828125,0.003173828125,-0.005859375,-0.02880859375,-0.0029296875,0.012939453125,-0.021728515625,0.020751953125,0.0302734375,-0.029541015625,-0.029541015625,-0.0322265625,0.020751953125,-0.000244140625,-0.080078125,0.0654296875,0.05029296875,-0.060302734375,-0.055908203125,-0.055908203125,0.048583984375,0.0419921875,-0.078369140625,-0.0849609375,0.030517578125,-0.044189453125,-0.06005859375,0.006591796875,0.006591796875,0.014404296875,-0.034912109375,-0.018798828125,0.01513671875,-0.05029296875,-0.01318359375,0.024658203125,-0.0341796875,-0.0341796875,-0.03955078125,0.0283203125,0.01953125,-0.04248046875,0.054931640625,0.05224609375,-0.05859375,-0.06982421875,-0.06982421875,0.037841796875,0.02099609375,-0.0830078125,-0.072998046875,0.053955078125,-0.05908203125,-0.051513671875,0.0419921875,0.0419921875,0.042236328125,-0.03271484375,-0.052490234375,0.011474609375,0.00244140625,-0.04541015625,0.019287109375,-0.01513671875,-0.034912109375,0.012939453125,0.012939453125,0.036865234375,-0.0224609375,-0.052001953125,0.041015625,-0.049072265625,-0.083251953125,0.002197265625,0.055419921875,0.055419921875,-0.01708984375,-0.055908203125,0.03173828125,-0.0849609375,-0.0859375,0.045654296875,0.0673828125,-0.0322265625,-0.0322265625,-0.060791015625,0.02392578125,0.037109375,-0.064208984375,0.011474609375,0.0068359375,-0.048095703125,-0.031494140625,-0.031494140625,0.026123046875,0.014892578125,-0.03662109375,0.0205078125,-0.04541015625,-0.0478515625,0.037841796875,0.063232421875,0.063232421875,-0.0234375,-0.05126953125,0.012451171875,-0.045654296875,-0.04931640625,0.02587890625,0.0400390625,-0.0546875,-0.0546875,-0.062744140625,0.031982421875,-0.0537109375,-0.04150390625,0.02392578125,0.026123046875,-0.0400390625,-0.03564453125,-0.03564453125,0.01611328125,0.00244140625,-0.016357421875,0.015625,-0.027099609375,-0.0419921875,0.0068359375,0.021240234375,0.021240234375,-0.037353515625,-0.039794921875,0.020263671875,-0.0732421875,-0.078857421875,0.012451171875,0.02978515625,-0.036376953125,-0.036376953125,-0.042236328125,0.0546875,-0.051513671875,-0.049072265625,0.038330078125,0.031982421875,-0.060302734375,-0.1064453125,-0.1064453125,-0.000732421875,0.072509765625,-0.050537109375,-0.02099609375,0.062744140625,0.0361328125,-0.067626953125,-0.09521484375,-0.09521484375,0.027099609375,0.095703125,-0.11962890625,-0.060302734375,0.07470703125,0.079833984375,-0.1015625,-0.118408203125,-0.118408203125,0.02099609375,0.099609375,-0.11572265625,-0.07666015625,0.061279296875,0.058837890625,-0.015869140625,-0.111328125,-0.111328125,-0.040283203125,-0.00537109375,-0.11083984375,-0.054443359375,0.0029296875,0.062744140625,-0.029052734375,-0.108154296875,-0.108154296875,0.054931640625,0.038330078125,-0.057373046875,-0.12841796875,-0.013916015625,0.0341796875,0.030029296875,-0.02099609375,-0.02099609375,-0.022216796875,-0.02783203125,-0.03955078125,-0.049560546875,-0.010009765625,0.058837890625,-0.00146484375,-0.023681640625,-0.023681640625,-0.02001953125,0.027099609375,-0.02978515625,-0.031005859375,-0.04052734375,0.027587890625,-0.015625,-0.011474609375,-0.011474609375,-0.017578125,-0.00048828125,-0.076904296875,0.02783203125,0.056396484375,-0.002685546875,0.067626953125,-0.11376953125,-0.11376953125,-0.035888671875,-0.105712890625,0.03515625,-0.0087890625,-0.059326171875,0.064697265625,-0.033935546875,-0.0166015625,-0.0166015625,0.028564453125,0.001953125,-0.0595703125,-0.055419921875,0.038818359375,0.010498046875,-0.029541015625,-0.025634765625,-0.025634765625,0.00927734375,-0.04052734375,-0.038330078125,0.03173828125,0.034423828125,-0.016845703125,-0.05078125,-0.016357421875,0.038330078125,0.03125,0.03125,-0.085205078125,-0.048095703125,-0.001953125,-0.03271484375,-0.07421875,0.008544921875,0.15185546875,0.081787109375,0.081787109375,-0.12109375,0.097900390625,0.124755859375,-0.109375,-0.22998046875,-0.003173828125,0.190673828125,-0.033203125,-0.219970703125,-0.219970703125,0.015380859375,-0.027587890625,-0.2216796875,-0.01171875,0.188720703125,0.03173828125,-0.133544921875,-0.035888671875,-0.035888671875,0.064208984375,-0.136474609375,-0.0732421875,0.083251953125,0.037109375,-0.07568359375,-0.078857421875,-0.05126953125,-0.05126953125,0.131591796875,0.033203125,-0.163818359375,-0.0390625,0.143798828125,0.0234375,-0.115966796875,-0.00634765625,-0.00634765625,-0.022705078125,-0.0068359375,-0.007080078125,-0.080078125,-0.010498046875,0.08544921875,-0.010986328125,-0.09130859375,-0.09130859375,0.024169921875,-0.0634765625,-0.007568359375,-0.010009765625,-0.100341796875,-0.015625,0.060302734375,-0.0791015625,-0.0791015625,0.09521484375,0.1123046875,-0.125732421875,-0.10107421875,0.070556640625,0.022216796875,-0.083251953125,-0.0234375,-0.0234375,-0.051513671875,-0.018310546875,-0.001220703125,-0.055419921875,0.00732421875,0.049072265625,-0.054931640625,-0.061767578125,-0.061767578125,-0.010498046875,-0.048583984375,0.06005859375,0.026611328125,-0.095947265625,0.007080078125,0.072509765625,-0.064208984375,-0.064208984375,0.12451171875,0.047119140625,-0.14111328125,-0.022216796875,0.111572265625,0.0048828125,-0.064453125,-0.021240234375,-0.006103515625,0.00341796875,0.03173828125,-0.0361328125,-0.08154296875,0.0458984375,0.0537109375,-0.078125,-0.03271484375,0.052490234375,-0.0166015625,-0.046142578125,0.03173828125,-0.014892578125,-0.088134765625,0.01806640625,0.02099609375,-0.099365234375,-0.018798828125,0.099609375,-0.02734375,-0.15234375,-0.003662109375,0.078857421875,-0.06884765625,-0.078857421875,0.0234375,-0.009033203125,-0.056396484375,-0.01708984375,-0.01171875,-0.022705078125,0.0283203125,-0.002197265625,-0.062744140625,0.020263671875,0.015380859375,-0.08642578125,-0.0009765625,0.10791015625,-0.03125,-0.15625,0.02001953125,0.108154296875,-0.0576171875,-0.076416015625,0.030517578125,0.018798828125,-0.02197265625,0.01025390625,0.00439453125,-0.0322265625,0.02685546875,0.016357421875,-0.0771484375,-0.014404296875,0.04541015625,-0.01513671875,-0.008544921875,0.037353515625,-0.02294921875,-0.050537109375,0.054931640625,0.000732421875,-0.114013671875,0.029296875,0.126953125,-0.05322265625,-0.1474609375,0.017333984375,0.06689453125,-0.057373046875,-0.041259765625,0.010009765625,-0.0322265625,0.0087890625,0.03564453125,-0.05810546875,-0.06396484375,0.052001953125,0.019775390625,-0.09814453125,-0.018310546875,0.0322265625,-0.0341796875,0.00146484375,0.010009765625,-0.06689453125,-0.031005859375,0.044189453125,-0.05810546875,-0.100830078125,0.087890625,0.079345703125,-0.132080078125,-0.083251953125,0.072509765625,0.013916015625,-0.076904296875,0.005859375,0.03857421875,-0.0595703125,-0.022216796875,-0.025146484375,-0.025146484375,-0.0234375,0.037841796875,-0.00439453125,-0.06494140625,0.010009765625,0.032470703125,-0.03173828125,0.008544921875,0.020263671875,-0.057373046875,-0.01611328125,0.0517578125,-0.020751953125,-0.05419921875,0.052734375,0.02294921875,-0.076416015625,0.016845703125,0.02880859375,-0.088623046875,-0.02099609375,0.118408203125,0.002197265625,-0.1630859375,-0.01318359375,-0.02294921875,-0.0947265625,-0.0947265625,0.0048828125,0.027099609375,-0.025146484375,-0.028076171875,-0.032958984375,-0.034423828125,0.0458984375,0.018798828125,-0.08740234375,-0.01513671875,0.037109375,-0.0517578125,-0.04638671875,0.037109375,-0.0263671875,-0.076171875,0.036865234375,0.009033203125,-0.10498046875,0.01416015625,0.119873046875,-0.056640625,-0.16015625,0.03369140625,-0.044921875,-0.068603515625,0.0234375,0.0234375,0.005859375,-0.023193359375,-0.017822265625,-0.02783203125,-0.0087890625,0.045654296875,-0.00830078125,-0.07421875,0.015625,0.0244140625,-0.053955078125,0.0029296875,0.040283203125,-0.04638671875,-0.029052734375,0.067138671875,-0.032470703125,-0.118408203125,0.056396484375,0.105712890625,-0.0966796875,-0.11181640625,0.073486328125,-0.080810546875,-0.046875,0.029052734375,-0.027099609375,-0.027099609375,-0.0263671875,0.006103515625,-0.02392578125,-0.01318359375,0.027587890625,-0.018310546875,-0.061767578125,0.0029296875,-0.010009765625,-0.05078125,0.040283203125,0.043701171875,-0.0595703125,-0.029541015625,0.039306640625,-0.0361328125,-0.06298828125,0.06787109375,0.037841796875,-0.124755859375,-0.042236328125,0.093994140625,-0.08056640625,-0.00927734375,0.0244140625,-0.048828125,-0.0107421875,0.0185546875,0.0185546875,-0.0390625,-0.008544921875,0.015380859375,-0.046142578125,-0.041748046875,0.032470703125,-0.004150390625,-0.056640625,0.0341796875,0.0146484375,-0.087646484375,-0.000732421875,0.033203125,-0.082275390625,-0.052978515625,0.09716796875,0.017578125,-0.157958984375,-0.0205078125,0.10595703125,-0.094970703125,0.0126953125,0.03466796875,-0.0234375,-0.003173828125,-0.01171875,-0.04150390625,-0.04150390625,0.0439453125,0.046142578125,-0.072998046875,-0.02978515625,0.064208984375,0.004150390625,-0.051513671875,0.036865234375,0.031982421875,-0.090087890625,-0.017578125,0.05908203125,-0.033203125,0.04345703125,0.008056640625,-0.060546875,-0.070556640625,-0.01318359375,0.009033203125,-0.026123046875,0.025146484375,-0.00927734375,-0.09423828125,0.056396484375,-0.083251953125,-0.094970703125,0.09716796875,0.0625,-0.151123046875,-0.072509765625,0.08251953125,0.08251953125,-0.056640625,-0.056640625,-0.03076171875,-0.03271484375,-0.03662109375,0.026123046875,0.04052734375,-0.107666015625,0.001708984375,0.0712890625,-0.044921875,-0.0595703125,0.033203125,-0.00048828125,-0.04345703125,0.05078125,0.0234375,-0.082763671875,0.00390625,0.0380859375,-0.055419921875,0.098876953125,0.004150390625,-0.115234375,0.02587890625,0.08349609375,-0.06591796875,-0.061767578125,0.064697265625,0.064697265625,0.014404296875,-0.086181640625,-0.0126953125,0.03076171875,-0.0361328125,0.00048828125,0.01025390625,-0.064208984375,-0.017822265625,0.0205078125,-0.04736328125,-0.0341796875,0.056884765625,-0.0107421875,-0.084228515625,0.024169921875,0.009033203125,0.01416015625,0.091064453125,-0.076416015625,-0.13037109375,0.056640625,0.0634765625,0.0634765625,-0.081787109375,-0.0283203125,0.029296875,-0.03369140625,-0.01318359375,0.00244140625,-0.0625,-0.0126953125,0.08837890625,-0.02587890625,-0.10986328125,0.065673828125,-0.1015625,-0.027099609375,0.12451171875,-0.000244140625,-0.13916015625,-0.13916015625,0.014892578125,0.09814453125,-0.049560546875,-0.072509765625,0.022216796875,0.009521484375,-0.0361328125,-0.006591796875,-0.0087890625,0.027587890625,0.014892578125,-0.06396484375,-0.05126953125,-0.012939453125,-0.04296875,0.001953125,0.0341796875,-0.05126953125,-0.058837890625,0.05029296875,-0.026123046875,-0.026123046875,0.047119140625,0.047119140625,0.091552734375,-0.08544921875,-0.10009765625,0.051513671875,0.03173828125,-0.06640625,-0.000244140625,0.005126953125,-0.079833984375,0.054931640625,-0.015380859375,-0.031494140625,0.044677734375,0.005126953125,-0.056640625,0.027587890625,0.003173828125,0.003173828125,-0.078369140625,0.030029296875,0.091796875,-0.054931640625,-0.11181640625,0.04931640625,0.062744140625,-0.083740234375,-0.039794921875,-0.013916015625,-0.0244140625,0.009521484375,-0.03369140625,-0.0390625,0.04150390625,0.003173828125,-0.08203125,-0.08203125,0.00634765625,0.0146484375,-0.06298828125,0.00732421875,0.0439453125,-0.06103515625,-0.05810546875,0.052490234375,-0.0361328125,0.068603515625,0.084228515625,-0.11962890625,-0.09033203125,0.07373046875,0.017578125,-0.07470703125,0.01708984375,0.02294921875,0.02294921875,-0.07470703125,0.00439453125,0.054931640625,-0.035400390625,-0.021484375,0.076416015625,0.019775390625,-0.08642578125,0.03125,-0.0205078125,0.001953125,0.00146484375,-0.053466796875,-0.0048828125,0.048828125,-0.03564453125,-0.06591796875,-0.06591796875,0.03955078125,0.007568359375,-0.078369140625,0.018798828125,0.023193359375,-0.083984375,-0.015625,0.108642578125,-0.174072265625,-0.0078125,0.11376953125,0.11376953125,-0.031494140625,-0.084716796875,0.019287109375,0.02392578125,-0.044921875,-0.01708984375,-0.01318359375,-0.064208984375,0.03076171875,-0.056640625,-0.03173828125,0.00146484375,-0.048583984375,-0.023193359375,0.054931640625,-0.017822265625,-0.07666015625,0.0478515625,0.020263671875,-0.096435546875,0.018310546875,0.109375,-0.05078125,-0.119140625,-0.013427734375,0.02587890625,-0.036376953125,-0.027099609375,0.016845703125,-0.007080078125,-0.046630859375,0.01025390625,0.02294921875,-0.024658203125,0.05224609375,0.033935546875,-0.101318359375,-0.033935546875,-0.033935546875,0.043701171875,-0.017822265625,-0.024658203125,0.014892578125,-0.02880859375,-0.0341796875,0.0498046875,-0.099365234375,0.040771484375,0.0634765625,-0.07470703125,-0.04296875,0.0390625,-0.033935546875,-0.068115234375,0.0517578125,0.017333984375,-0.121337890625,-0.02734375,-0.02734375,0.069580078125,-0.013671875,-0.063232421875,-0.004638671875,0.00244140625,-0.032958984375,-0.01123046875,-0.05908203125,0.03857421875,0.05078125,-0.067626953125,-0.0595703125,0.031005859375,-0.0185546875,-0.057373046875,0.05224609375,0.0283203125,0.0283203125,-0.07421875,0.00048828125,0.017333984375,-0.06640625,-0.008544921875,-0.03564453125,-0.126708984375,0.033203125,0.073974609375,-0.05517578125,-0.037353515625,0.03076171875,-0.022705078125,-0.050537109375,0.03955078125,0.01611328125,0.01611328125,-0.0732421875,0.014404296875,0.052734375,-0.07177734375,0.042724609375,0.013427734375,-0.048583984375,0.00927734375,0.013427734375,-0.054443359375,-0.001953125,-0.005126953125,-0.067138671875,0.01708984375,0.0771484375,0.0771484375,-0.054443359375,-0.1005859375,0.06640625,-0.1103515625,-0.0234375,0.075439453125,-0.02490234375,-0.053955078125,0.01806640625,-0.01513671875,-0.04443359375,0.040771484375,-0.00390625,-0.10302734375,0.009521484375,0.009521484375,0.041015625,-0.060791015625,-0.017578125,-0.0439453125,-0.06591796875,0.044189453125,-0.031005859375,-0.104248046875,0.07763671875,0.09375,-0.11865234375,-0.095947265625,0.06982421875,0.018310546875,-0.057861328125,-0.057861328125,0.03662109375,0.015869140625,0.003173828125,0.0595703125,-0.05615234375,-0.063232421875,0.064453125,0.031005859375,-0.0908203125,-0.0146484375,0.039794921875,-0.017333984375,0.000732421875,0.00732421875,-0.055908203125,-0.055908203125,-0.01806640625,0.06298828125,-0.01806640625,0.046875,0.035400390625,-0.079345703125,0.0009765625,0.0322265625,-0.074951171875,-0.030029296875,0.1083984375,0.0,0.0,-0.145263671875,-0.00244140625,-0.057373046875,-0.049560546875,0.031494140625,-0.008056640625,-0.0419921875,0.005126953125,-0.0380859375,-0.05615234375,0.06787109375,0.06787109375,0.0244140625,-0.016357421875,0.06005859375,-0.057861328125,-0.07177734375,0.0966796875,0.037841796875,-0.159912109375,-0.04052734375,0.11474609375,0.0009765625,0.0009765625,0.00634765625,0.0185546875,-0.05126953125,-0.0048828125,0.007080078125,-0.043212890625,0.028076171875,0.028076171875,-0.0771484375,-0.030029296875,-0.030029296875,0.0478515625,-0.0556640625,0.056396484375,0.006103515625,-0.078369140625,0.0419921875,0.02783203125,-0.11083984375,-0.015625,0.1259765625,-0.021484375,-0.021484375,0.0244140625,0.110595703125,-0.041015625,-0.070068359375,-0.015625,-0.012451171875,0.009033203125,0.017578125,-0.0595703125,-0.05810546875,0.077392578125,0.077392578125,-0.100341796875,-0.014404296875,0.0322265625,-0.051025390625,-0.02099609375,0.057861328125,-0.017822265625,-0.067626953125,0.036376953125,-0.005126953125,-0.080078125,-0.080078125,0.08203125,-0.085693359375,-0.09716796875,0.057861328125,0.03466796875,-0.0751953125,-0.01025390625,0.0107421875,-0.05419921875,0.0,0.0,-0.058837890625,-0.028564453125,0.0615234375,-0.0244140625,-0.096435546875,0.0361328125,0.026123046875,-0.077880859375,0.015380859375,0.0771484375,-0.059814453125,-0.10888671875,-0.10888671875,0.065673828125,-0.08544921875,-0.028564453125,0.05322265625,-0.03271484375,-0.052490234375,0.014404296875,-0.011962890625,-0.042724609375,0.029541015625,0.004638671875,-0.082275390625,0.005615234375,0.005615234375,-0.059814453125,0.009033203125,0.06591796875,-0.0302734375,-0.048583984375,0.062744140625,-0.0146484375,-0.109619140625,0.066162109375,0.111572265625,-0.103759765625,-0.11279296875,0.07373046875,0.07373046875,-0.06201171875,-0.015380859375,0.0078125,-0.055908203125,0.01513671875,0.023193359375,-0.087158203125,-0.037353515625,0.0927734375,0.00634765625,-0.13525390625,-0.03125,0.048828125,-0.00732421875,-0.001708984375,-0.020751953125,-0.06103515625,0.00341796875,0.028564453125,-0.094482421875,-0.087158203125,0.104736328125,0.050048828125,-0.152587890625,-0.0546875,0.091064453125,-0.00390625,-0.08642578125,0.002197265625,0.014404296875,-0.053955078125,0.013916015625,0.020751953125,-0.050048828125,0.008056640625,0.05126953125,-0.0400390625,-0.050537109375,0.05419921875,0.009521484375,-0.0595703125,0.04736328125,0.037353515625,-0.0712890625,0.004150390625,0.0361328125,-0.078857421875,-0.050048828125,0.115234375,0.03466796875,-0.15625,-0.023681640625,0.1083984375,-0.022705078125,-0.09521484375,0.013916015625,0.0361328125,-0.050048828125,-0.01513671875,0.001708984375,-0.048095703125,0.025390625,0.04345703125,-0.082275390625,-0.07568359375,0.036865234375,0.008056640625,-0.064697265625,0.00244140625,-0.000244140625,-0.061279296875,0.0146484375,-0.01171875,-0.099853515625,0.015380859375,0.10791015625,-0.05810546875,-0.149169921875,0.050048828125,0.0908203125,-0.064208984375,-0.037109375,0.03173828125,-0.01904296875,-0.01953125,0.031005859375,-0.02490234375,-0.04931640625,0.056884765625,0.008544921875,-0.0966796875,0.012939453125,0.04736328125,-0.06201171875,-0.034423828125,0.051025390625,-0.01953125,-0.055908203125,0.0517578125,-0.009765625,-0.099609375,0.04541015625,0.087646484375,-0.08447265625,-0.103515625,0.0546875,0.041748046875,-0.06884765625,-0.012939453125,0.01611328125,-0.048095703125,-0.0078125,0.015625,-0.064453125,-0.05810546875,0.00537109375,0.00537109375,-0.09814453125,-0.013916015625,0.014404296875,-0.0400390625,0.0205078125,0.02490234375,-0.06884765625,-0.033447265625,0.075439453125,-0.093505859375,-0.093505859375,0.077392578125,0.0791015625,-0.1181640625,-0.081787109375,0.09912109375,0.058837890625,-0.09326171875,-0.0341796875,0.039794921875,-0.03125,0.000732421875,0.000732421875,-0.04541015625,-0.001220703125,0.0498046875,-0.027099609375,-0.073486328125,0.03662109375,0.017333984375,-0.0703125,0.026123046875,-0.061767578125,-0.021240234375,-0.021240234375,0.024658203125,-0.072265625,-0.06884765625,0.075439453125,0.0029296875,-0.143310546875,-0.0029296875,0.072265625,-0.057861328125,0.033203125,0.033203125,-0.00830078125,-0.077392578125,0.032470703125,0.019287109375,-0.09326171875,0.000732421875,0.07373046875,-0.04345703125,-0.079345703125,0.033935546875,-0.047607421875,0.023193359375,0.01708984375,0.01708984375,-0.056884765625,0.014404296875,0.000244140625,-0.08056640625,0.0166015625,0.104248046875,-0.04833984375,-0.12744140625,0.06591796875,0.072021484375,-0.07275390625,0.048095703125,-0.03515625,-0.03515625,-0.040771484375,0.042236328125,-0.011962890625,-0.060546875,0.049072265625,0.005615234375,-0.109375,-0.0029296875,0.045654296875,-0.065673828125,0.07666015625,-0.00439453125,-0.148681640625,-0.148681640625,-0.00341796875,0.08740234375,-0.047119140625,-0.0732421875,0.041259765625,0.027099609375,-0.063232421875,-0.011962890625,0.000732421875,-0.051513671875,0.041259765625,-0.072509765625,-0.04541015625,-0.04541015625,0.041259765625,-0.0107421875,-0.052490234375,0.025146484375,-0.013427734375,-0.0751953125,0.04345703125,0.010009765625,-0.1201171875,0.00830078125,-0.03125,-0.191162109375,0.020751953125,0.020751953125,0.13330078125,-0.0302734375,-0.063720703125,0.0,-0.01611328125,-0.0078125,0.01416015625,-0.0498046875,-0.0576171875,0.027099609375,-0.10693359375,-0.006103515625,0.045654296875,0.045654296875,-0.049560546875,-0.028564453125,0.045166015625,-0.029052734375,-0.072021484375,0.04345703125,-0.002685546875,-0.101806640625,0.03564453125,-0.07958984375,-0.077392578125,0.075927734375,0.034423828125,0.034423828125,-0.095458984375,-0.0126953125,0.02685546875,-0.05615234375,-0.0029296875,0.02783203125,-0.056640625,-0.046142578125,0.078125,-0.10009765625,-0.023681640625,0.043701171875,-0.01708984375,-0.01708984375,0.0009765625,0.016845703125,-0.03759765625,-0.02978515625,0.029541015625,-0.04736328125,-0.0859375,0.065185546875,-0.091064453125,-0.035400390625,0.025146484375,0.025146484375,-0.04248046875,-0.029296875,0.0615234375,-0.029541015625,-0.13232421875,0.027587890625,0.077880859375,-0.0625,0.02197265625,-0.015380859375,-0.05859375,-0.05859375,0.031494140625,0.01708984375,-0.073486328125,0.019287109375,0.050048828125,-0.071533203125,-0.072021484375,0.016357421875,-0.040283203125,0.017333984375,0.002685546875,0.002685546875,-0.05712890625,0.03173828125,0.003173828125,-0.103515625,0.00244140625,0.121337890625,-0.1474609375,0.03466796875,0.099853515625,-0.066650390625,-0.0615234375,-0.0615234375,0.03173828125,0.0029296875,-0.03662109375,-0.001220703125,-0.023193359375,-0.046875,0.019287109375,-0.110595703125,-0.028564453125,0.056884765625,0.056884765625,-0.024658203125,-0.04833984375,0.03759765625,0.00634765625,-0.09423828125,-0.003662109375,0.03515625,-0.00341796875,0.03955078125,-0.029541015625,-0.060302734375,-0.060302734375,0.0029296875,-0.0107421875,-0.037353515625,0.036376953125,-0.012939453125,-0.078125,0.0283203125,-0.115478515625,-0.041259765625,0.12841796875,0.01318359375,0.01318359375,-0.1640625,-0.000732421875,0.120361328125,-0.004150390625,-0.064697265625,-0.019775390625,0.00244140625,0.035888671875,-0.036865234375,-0.083251953125,0.046875,0.046875,0.0439453125,-0.08740234375,-0.03955078125,0.037841796875,-0.02294921875,-0.0380859375,0.04248046875,-0.07666015625,0.04833984375,0.000244140625,-0.1259765625,0.0029296875,0.122802734375,0.122802734375,-0.025634765625,-0.149169921875,0.01220703125,0.0732421875,-0.05029296875,-0.02734375,0.008544921875,-0.002685546875,0.045654296875,-0.046875,-0.09375,0.063232421875,0.061767578125,0.061767578125,-0.1171875,-0.055419921875,0.0576171875,0.00927734375,-0.02392578125,0.000732421875,-0.0224609375,0.0400390625,-0.0419921875,-0.095947265625,0.07568359375,0.077880859375,-0.121337890625,-0.1083984375,-0.1083984375,0.069091796875,0.04443359375,-0.079833984375,-0.011962890625,0.0302734375,-0.041015625,0.00390625,-0.05126953125,-0.01513671875,0.04736328125,-0.02685546875,-0.07177734375,0.041259765625,0.041259765625,-0.009033203125,-0.100830078125,0.03369140625,0.075927734375,-0.084716796875,-0.106201171875,0.0625,-0.094970703125,-0.031494140625,0.055419921875,-0.01611328125,-0.036376953125,-0.009765625,-0.009765625,-0.024658203125,-0.009033203125,0.053955078125,0.0029296875,-0.076904296875,0.001220703125,-0.045654296875,0.040283203125,0.043701171875,-0.083251953125,-0.066650390625,0.075439453125,-0.002685546875,-0.002685546875,-0.11181640625,0.0224609375,0.0439453125,-0.072509765625,-0.020751953125,-0.052978515625,-0.04736328125,0.08837890625,0.010986328125,-0.15869140625,-0.022216796875,0.10498046875,-0.00634765625,-0.00634765625,-0.07421875,-0.021728515625,-0.0068359375,-0.025390625,0.02197265625,-0.03759765625,0.05859375,0.07666015625,-0.103271484375,-0.094970703125,0.065185546875,0.039306640625,-0.0703125,-0.0703125,-0.01611328125,0.008056640625,-0.0263671875,0.040283203125,-0.117431640625,0.010986328125,0.12939453125,-0.0283203125,-0.1494140625,0.042724609375,0.08447265625,0.08447265625,-0.0830078125,-0.0478515625,0.056640625,-0.010009765625,0.017822265625,0.025634765625,-0.059326171875,0.01513671875,0.04052734375,-0.07275390625,-0.040283203125,0.03125,0.03125,-0.011474609375,-0.024169921875,0.024658203125,-0.021240234375,0.03125,-0.019775390625,-0.097900390625,0.052490234375,0.087158203125,-0.093017578125,-0.112548828125,0.071044921875,0.071044921875,0.05712890625,-0.092041015625,-0.02880859375,-0.021728515625,-0.017822265625,0.0166015625,-0.024169921875,-0.028564453125,0.043212890625,-0.012939453125,-0.098388671875,0.025634765625,0.025634765625,0.048095703125,-0.049072265625,0.002685546875,-0.0478515625,-0.04541015625,0.052490234375,-0.03662109375,-0.107421875,0.088623046875,0.1103515625,-0.1259765625,-0.121337890625,-0.121337890625,0.088134765625,0.07421875,-0.093505859375,0.05908203125,-0.020751953125,-0.023681640625,-0.00439453125,-0.048828125,-0.0234375,0.0380859375,-0.015869140625,-0.076904296875,-0.076904296875,0.016357421875,0.00390625,0.035400390625,0.025634765625,-0.095703125,-0.02294921875,0.069580078125,-0.046630859375,-0.09326171875,0.099853515625,0.07568359375,-0.154541015625,-0.078125,-0.078125,0.09326171875,0.035400390625,-0.01904296875,0.0048828125,-0.033935546875,0.01806640625,-0.015625,-0.0810546875,0.030029296875,0.06103515625,-0.056884765625,-0.0546875,0.039794921875,0.039794921875,-0.009765625,-0.067626953125,0.02734375,-0.06884765625,0.027587890625,0.045654296875,-0.07763671875,-0.048095703125,0.0927734375,0.008056640625,-0.14599609375,-0.008056640625,0.08544921875,0.08544921875,-0.039794921875,-0.063720703125,-0.008544921875,-0.026123046875,0.0166015625,-0.0283203125,-0.082275390625,0.048828125,0.069091796875,-0.079345703125,-0.073486328125,0.03125,0.02001953125,0.02001953125,-0.033935546875,0.007568359375,-0.037841796875,0.015380859375,-0.03271484375,-0.0859375,0.048095703125,0.078125,-0.08203125,-0.106689453125,0.076416015625,0.059814453125,-0.1015625,-0.1015625,-0.025146484375,0.041015625,-0.009521484375,0.028076171875,-0.035888671875,-0.038330078125,0.061767578125,-0.01171875,-0.12109375,0.016845703125,0.055908203125,-0.05859375,-0.02392578125,-0.02392578125,0.0576171875,-0.10205078125,0.0283203125,0.034912109375,-0.091552734375,-0.01904296875,0.0654296875,-0.0244140625,-0.067138671875,0.026611328125,0.011962890625,-0.0732421875,0.0078125,0.0078125,0.043701171875,-0.01025390625,-0.0029296875,-0.052490234375,0.0166015625,0.066162109375,-0.058837890625,-0.10498046875,0.0830078125,0.057861328125,-0.093994140625,0.008544921875,0.072998046875,0.072998046875,-0.05712890625,0.040771484375,0.005126953125,-0.077392578125,0.046142578125,0.059326171875,-0.10107421875,-0.060791015625,0.0537109375,0.003662109375,-0.06005859375,0.0078125,0.0078125,-0.0673828125,-0.0146484375,-0.002197265625,-0.057373046875,0.001953125,0.022216796875,-0.046142578125,-0.028076171875,0.051025390625,-0.031494140625,-0.09619140625,0.06396484375,0.06396484375,-0.13427734375,-0.084716796875,0.11083984375,0.0615234375,-0.110595703125,-0.04345703125,0.0537109375,-0.0263671875,-0.02783203125,-0.0107421875,-0.02685546875,-0.02685546875,0.04833984375,-0.03955078125,-0.071044921875,0.049072265625,0.021728515625,-0.072265625,0.025146484375,0.042724609375,-0.048828125,0.003662109375,0.037353515625,-0.078857421875,-0.07421875,0.1064453125,0.044189453125,-0.15673828125,-0.03173828125,0.1015625,-0.01611328125,-0.08203125,0.001953125,0.00634765625,-0.060546875,0.014892578125,0.014892578125,-0.0751953125,0.020263671875,0.05615234375,-0.0732421875,-0.0859375,0.03759765625,0.0283203125,-0.05810546875,0.003173828125,0.0078125,-0.05224609375,0.021484375,0.002685546875,-0.09814453125,-0.01904296875,0.1162109375,-0.00244140625,-0.165283203125,-0.000244140625,0.112548828125,-0.033935546875,-0.074951171875,0.017822265625,0.020751953125,-0.028076171875,0.026611328125,0.0146484375,-0.07080078125,0.0107421875,0.048828125,-0.04833984375,-0.029052734375,0.022705078125,-0.022216796875,-0.031982421875,0.04443359375,0.002197265625,-0.080810546875,0.022705078125,0.016357421875,-0.078857421875,0.010009765625,0.0556640625,-0.046630859375,-0.056396484375,0.040283203125,-0.032958984375,-0.09716796875,0.0712890625,0.07275390625,-0.114501953125,-0.07666015625,0.081298828125,0.028564453125,-0.095703125,-0.011474609375,0.040771484375,-0.0625,-0.025390625,0.029052734375,-0.02783203125,-0.02490234375,0.0224609375,-0.022216796875,-0.069580078125,0.02880859375,0.018798828125,-0.060546875,0.02978515625,0.025390625,-0.07861328125,-0.020263671875,0.05322265625,-0.0517578125,-0.087158203125,0.086669921875,0.059814453125,-0.1328125,-0.035888671875,0.093994140625,-0.010498046875,-0.081298828125,0.003173828125,0.0263671875,-0.029296875,0.01318359375,-0.047119140625,-0.085693359375,0.073486328125,0.085205078125,-0.10791015625,-0.122802734375,0.1240234375,0.13623046875,-0.103759765625,-0.15576171875,0.052734375,0.140380859375,-0.09033203125,-0.1572265625,0.068359375,0.1103515625,-0.071533203125,-0.07958984375,0.024658203125,-0.035888671875,-0.0751953125,0.056884765625,0.054931640625,-0.111572265625,-0.044921875,0.104248046875,-0.00927734375,-0.129150390625,-0.0029296875,0.112060546875,0.01513671875,-0.08349609375,-0.010986328125,0.025390625,0.025390625,-0.1162109375,-0.05419921875,0.103271484375,-0.0087890625,-0.13525390625,-0.023681640625,0.0380859375,-0.036376953125,0.001953125,0.000732421875,-0.142333984375,-0.022705078125,-0.00830078125,-0.00830078125,-0.224609375,0.036865234375,0.23828125,-0.07568359375,-0.201416015625,0.04638671875,0.081298828125,-0.073486328125,-0.029052734375,0.020263671875,-0.116455078125,-0.03857421875,-0.07666015625,-0.07666015625,-0.15576171875,0.077392578125,0.078369140625,-0.1259765625,-0.0400390625,0.12841796875,-0.03857421875,-0.0732421875,0.123046875,0.0390625,0.019775390625,0.104248046875,0.104248046875,-0.07177734375,-0.051025390625,0.125,-0.00390625,-0.114501953125,0.038330078125,0.02880859375,-0.081298828125,-0.009521484375,0.037841796875,0.010986328125,0.07470703125,0.07470703125,-0.091796875,-0.049560546875,0.149658203125,-0.00146484375,-0.18359375,0.002197265625,0.145751953125,-0.039306640625,-0.0791015625,0.05322265625,-0.099853515625,0.015380859375,0.015380859375,-0.03759765625,-0.103759765625,0.043212890625,0.0576171875,-0.144775390625,-0.083984375,0.0966796875,-0.0537109375,-0.106689453125,0.0556640625,-0.091552734375,0.073486328125,0.0927734375,0.0927734375,-0.161865234375,-0.095703125,0.1689453125,-0.002197265625,-0.1962890625,0.0087890625,0.12158203125,-0.051025390625,-0.072265625,-0.044189453125,-0.06103515625,0.077392578125,0.077392578125,-0.009033203125,-0.08251953125,0.0751953125,0.089599609375,-0.072509765625,-0.040283203125,0.06494140625,-0.034912109375,-0.002197265625,-0.05712890625,-0.08203125,-0.08203125,0.11669921875,0.041259765625,-0.18115234375,-0.021240234375,0.171630859375,-0.06494140625,-0.168212890625,0.0537109375,0.048583984375,-0.068115234375,0.00830078125,-0.087890625,0.005615234375,0.005615234375,0.099853515625,-0.073486328125,-0.064697265625,0.095703125,-0.037109375,-0.117919921875,0.049072265625,0.048095703125,-0.11083984375,-0.001953125,-0.131103515625,-0.097900390625,0.109130859375,0.109130859375,-0.047119140625,-0.161376953125,0.070556640625,0.095458984375,-0.144287109375,-0.076416015625,0.1181640625,-0.02734375,-0.087158203125,0.07861328125,-0.099609375,0.02490234375,0.091552734375,0.091552734375,-0.092041015625,-0.068115234375,0.111328125,-0.01220703125,-0.11376953125,0.02490234375,0.0302734375,-0.057861328125,0.014404296875,-0.103759765625,-0.02490234375,0.130615234375,-0.056640625,-0.056640625,-0.1240234375,0.123291015625,0.1103515625,-0.145263671875,-0.100830078125,0.126708984375,0.03759765625,-0.0654296875,0.02685546875,-0.0625,0.03662109375,0.00390625,-0.09814453125,-0.09814453125,0.0244140625,0.0966796875,-0.0947265625,-0.0888671875,0.0908203125,-0.02685546875,-0.10546875,0.07177734375,0.05078125,-0.032958984375,0.139892578125,-0.040283203125,-0.10400390625,-0.10400390625,0.07373046875,0.004638671875,-0.1162109375,-0.002685546875,0.032958984375,-0.076171875,-0.001953125,0.059814453125,-0.06982421875,0.12060546875,-0.0517578125,-0.1767578125,0.069091796875,0.069091796875,0.144287109375,-0.123291015625,-0.135498046875,0.096923828125,0.0166015625,-0.0732421875,0.040283203125,-0.001220703125,0.027099609375,0.064453125,-0.10107421875,-0.052978515625,0.100830078125,-0.03564453125,-0.03564453125,-0.0986328125,0.044921875,-0.005859375,-0.07666015625,0.078857421875,0.087158203125,-0.14013671875,0.130615234375,-0.00439453125,-0.07861328125,0.059814453125,-0.001708984375,-0.001708984375,-0.084716796875,0.055908203125,0.065185546875,-0.123291015625,-0.00634765625,0.148193359375,-0.12841796875,0.106689453125,0.032958984375,-0.146240234375,0.017333984375,0.017333984375,0.124267578125,-0.11328125,-0.10888671875,0.139404296875,0.013916015625,-0.15234375,0.01708984375,-0.083251953125,-0.072265625,0.064208984375,-0.034912109375,-0.06689453125,-0.06689453125,0.057373046875,-0.034912109375,-0.10791015625,0.036376953125,0.0478515625,-0.10205078125,0.07177734375,-0.062744140625,-0.072998046875,0.057861328125,-0.057861328125,-0.057861328125,-0.102294921875,0.100830078125,0.071533203125,-0.163330078125,-0.065673828125,0.161865234375,-0.132080078125,0.06640625,0.055419921875,-0.082275390625,-0.01904296875,0.03271484375,0.03271484375,-0.054443359375,0.017333984375,0.086181640625,-0.104248046875,-0.082763671875,0.1259765625,-0.113037109375,0.055419921875,0.053955078125,-0.11767578125,0.00341796875,0.141357421875,0.141357421875,-0.09619140625,-0.11474609375,0.155029296875,0.04931640625,-0.171630859375,0.1171875,-0.0439453125,-0.06005859375,0.066650390625,-0.050537109375,-0.07666015625,0.066650390625,0.066650390625,-0.01171875,-0.114013671875,0.041259765625,0.0869140625,-0.1083984375,0.103759765625,-0.041015625,-0.10205078125,0.05908203125,0.019287109375,-0.078857421875,0.017822265625,0.017822265625,0.045654296875,-0.128662109375,-0.04638671875,0.14453125,-0.050537109375,-0.1875,0.092529296875,-0.0615234375,-0.041015625,0.04248046875,-0.07421875,-0.063720703125,0.0908203125,0.0908203125,-0.017333984375,-0.100830078125,0.0673828125,0.08251953125,-0.09912109375,-0.078125,-0.01513671875,-0.01123046875,0.062744140625,-0.082763671875,-0.08349609375,0.119384765625,0.035400390625,-0.18017578125,-0.18017578125,0.0009765625,0.17529296875,-0.08837890625,-0.160400390625,0.065185546875,-0.09375,0.004638671875,0.055419921875,-0.080322265625,-0.0302734375,0.097900390625,-0.05322265625,-0.066162109375,-0.066162109375,0.093994140625,-0.00927734375,-0.10107421875,0.03173828125,0.025634765625,0.0078125,0.1376953125,-0.100830078125,-0.1474609375,0.095458984375,0.041259765625,-0.123779296875,0.00244140625,0.00244140625,0.089111328125,-0.064453125,-0.060302734375,0.059814453125,-0.041259765625,0.0908203125,-0.041015625,-0.134765625,0.05615234375,0.090087890625,-0.138671875,-0.064208984375,0.14892578125,0.14892578125,-0.036376953125,-0.187744140625,0.0166015625,0.090576171875,-0.032470703125,0.05224609375,-0.05322265625,-0.050048828125,0.068115234375,-0.03759765625,-0.061767578125,0.086181640625,0.02734375,0.02734375,-0.10986328125,-0.008544921875,0.083251953125,-0.06396484375,0.080810546875,-0.072509765625,-0.08740234375,0.107666015625,0.024658203125,-0.175537109375,-0.0146484375,0.167724609375,-0.05419921875,-0.14453125,-0.14453125,0.07080078125,0.055908203125,-0.049072265625,0.008544921875,-0.088623046875,0.008544921875,0.088623046875,-0.09326171875,-0.06787109375,0.124267578125,-0.008544921875,-0.008544921875,-0.129150390625,0.01708984375,0.029296875,0.0185546875,0.0830078125,-0.124267578125,-0.059814453125,0.137451171875,-0.0537109375,-0.16259765625,0.087890625,0.109130859375,0.109130859375,-0.140869140625,-0.0703125,0.12451171875,-0.08056640625,0.075927734375,-0.031005859375,-0.13916015625,0.027099609375,0.065673828125,-0.103271484375,-0.0205078125,0.088134765625,0.088134765625,-0.1025390625,-0.089599609375,-0.013916015625,-0.109619140625,0.07177734375,0.07421875,-0.1201171875,-0.01513671875,0.1376953125,-0.085693359375,-0.136962890625,0.1181640625,0.1181640625,0.0693359375,-0.15478515625,0.133056640625,-0.016357421875,-0.0947265625,0.0458984375,-0.002685546875,-0.06689453125,0.030517578125,0.0078125,-0.07177734375,0.02294921875,0.02294921875,0.052978515625,-0.094970703125,0.115966796875,-0.060302734375,-0.1201171875,0.110107421875,0.09619140625,-0.1484375,-0.093994140625,0.122314453125,0.005859375,-0.087158203125,-0.087158203125,0.03857421875,-0.093505859375,0.009033203125,0.02734375,-0.07666015625,-0.0009765625,0.081298828125,-0.0810546875,-0.087890625,0.086181640625,-0.01806640625,-0.01806640625,-0.124755859375,0.060302734375,-0.124755859375,-0.110595703125,0.1181640625,0.01953125,-0.1025390625,0.016357421875,0.004150390625,-0.080810546875,0.01416015625,0.051025390625,-0.07763671875,-0.07763671875,-0.010986328125,0.09326171875,-0.093017578125,0.09521484375,-0.00830078125,-0.112548828125,0.07470703125,0.09423828125,-0.13427734375,-0.06884765625,0.11669921875,-0.041259765625,-0.080078125,-0.080078125,0.1015625,0.009033203125,0.032958984375,0.085693359375,-0.107421875,-0.04931640625,0.103515625,-0.049072265625,-0.084716796875,0.08642578125,-0.001708984375,-0.12890625,0.051025390625,0.051025390625,0.131103515625,-0.12158203125,0.09716796875,0.02783203125,-0.062744140625,0.030517578125,-0.003173828125,-0.09326171875,0.00537109375,0.058349609375,-0.08349609375,-0.0283203125,0.09765625,0.09765625,-0.058837890625,0.058349609375,0.007568359375,-0.087890625,0.04248046875,0.052490234375,-0.136962890625,-0.029052734375,0.1494140625,-0.071533203125,-0.169677734375,0.087646484375,0.108642578125,0.108642578125,-0.133056640625,0.104736328125,-0.0029296875,-0.072265625,0.0390625,-0.031494140625,-0.083984375,0.054443359375,0.03955078125,-0.103515625,-0.004150390625,0.099365234375,-0.073974609375,-0.073974609375,0.0830078125,-0.0302734375,-0.086181640625,0.081787109375,0.04052734375,-0.12939453125,0.00390625,0.11865234375,-0.11767578125,-0.107177734375,0.153076171875,0.020263671875,-0.181640625,0.005615234375,0.005615234375,-0.0810546875,-0.071533203125,0.117431640625,-0.0283203125,-0.120849609375,0.05908203125,0.0390625,-0.0791015625,0.01953125,0.05029296875,-0.095947265625,-0.02294921875,0.102294921875,-0.07421875,-0.075927734375,0.10791015625,-0.02001953125,-0.135498046875,0.057861328125,0.0927734375,-0.146728515625,-0.060546875,0.162353515625,-0.03955078125,-0.16845703125,-0.16845703125,0.074951171875,-0.068603515625,-0.00830078125,0.05078125,-0.079833984375,-0.0390625,0.083984375,-0.071533203125,-0.10400390625,0.08447265625,0.03125,-0.1318359375,-0.01904296875,0.106201171875,-0.05859375,-0.07666015625,0.060302734375,-0.023681640625,-0.05322265625,0.057861328125,-0.0244140625,-0.12060546875,0.063232421875,0.13525390625,-0.1259765625,-0.131103515625,0.130859375,0.048095703125,-0.115478515625,0.014892578125,0.082763671875,-0.0810546875,-0.072021484375,0.085205078125,-0.027099609375,-0.075927734375,0.082275390625,0.018798828125,-0.11572265625,-0.00244140625,0.08349609375,-0.050048828125,-0.045654296875,0.060302734375,-0.042236328125,-0.058837890625,0.08349609375,-0.019775390625,-0.124755859375,0.063720703125,0.115966796875,-0.13720703125,-0.13232421875,0.122314453125,0.0361328125,-0.099609375,0.007080078125,0.00146484375,-0.0888671875,0.013671875,0.0625,-0.09716796875,-0.036376953125,0.107666015625,-0.046875,-0.089111328125,0.0546875,-0.037353515625,-0.110107421875,0.076171875,0.08447265625,-0.15625,-0.071533203125,0.142578125,-0.041259765625,-0.126220703125,0.067138671875,0.0419921875,-0.10107421875,-0.0146484375,0.04345703125,-0.083740234375,-0.00244140625,0.10107421875,-0.089599609375,-0.09765625,0.11376953125,0.027099609375,-0.1328125,0.03271484375,0.134033203125,-0.09326171875,-0.124755859375,0.073974609375,0.020751953125,-0.059326171875,0.029296875,0.005615234375,-0.083740234375,0.010986328125,0.061279296875,-0.08837890625,-0.030517578125,0.1044921875,-0.052490234375,-0.115478515625,0.05908203125,0.03857421875,-0.09228515625,0.019775390625,0.067138671875,-0.11474609375,-0.032958984375,0.1484375,-0.065673828125,-0.187744140625,0.136962890625,0.136962890625,-0.132080078125,-0.111328125,0.097412109375,0.00390625,-0.0673828125,0.02978515625,-0.0419921875,-0.096923828125,0.047119140625,0.0478515625,-0.113525390625,-0.013671875,-0.07470703125,-0.07470703125,-0.125,0.067138671875,0.016845703125,-0.09326171875,0.0234375,0.0390625,-0.09716796875,-0.004150390625,0.095703125,-0.11572265625,-0.11474609375,0.05517578125,-0.16796875,-0.16796875,-0.044921875,0.107666015625,-0.01611328125,-0.03564453125,0.04248046875,-0.079833984375,-0.06884765625,0.114501953125,0.02734375,-0.126220703125,0.01416015625,-0.07763671875,-0.0859375,-0.0859375,0.06640625,-0.011962890625,-0.0361328125,0.089111328125,-0.007568359375,-0.140625,0.0205078125,0.126220703125,-0.0751953125,-0.093994140625,0.083984375,-0.09423828125,0.03125,0.03125,0.041015625,-0.083984375,-0.020751953125,0.079833984375,-0.047607421875,-0.079833984375,0.064453125,0.004638671875,-0.069580078125,0.019775390625,0.009033203125,-0.002197265625,0.049560546875,0.049560546875,-0.08740234375,-0.024658203125,0.10498046875,-0.058349609375,-0.12158203125,0.07373046875,0.0498046875,-0.140380859375,-0.01318359375,0.15771484375,-0.179931640625,0.029052734375,0.029052734375,0.053466796875,-0.049072265625,0.0048828125,0.01611328125,-0.09033203125,-0.0244140625,0.087158203125,-0.056640625,-0.065185546875,-0.002685546875,-0.109375,0.030029296875,0.030029296875,0.0498046875,-0.094482421875,0.00390625,0.099365234375,-0.0908203125,-0.079833984375,0.123779296875,-0.005615234375,-0.1396484375,0.096923828125,-0.130126953125,-0.07177734375,-0.07177734375,0.117919921875,-0.02392578125,-0.07568359375,0.08837890625,0.0087890625,-0.12939453125,0.017822265625,0.090576171875,-0.058349609375,0.115478515625,-0.00732421875,-0.00732421875,-0.09814453125,0.020263671875,-0.01025390625,-0.068359375,0.054443359375,0.03759765625,-0.12548828125,-0.00927734375,0.123291015625,-0.122314453125,0.12158203125,0.051513671875,0.051513671875,-0.15869140625,-0.036865234375,0.10302734375,-0.047607421875,-0.057861328125,0.0751953125,-0.03759765625,-0.101806640625,0.021484375,-0.09130859375,0.0322265625,0.09130859375,0.09130859375,-0.10888671875,-0.08251953125,0.09423828125,-0.02392578125,-0.086181640625,0.060791015625,0.011474609375,-0.114501953125,0.10791015625,-0.124755859375,-0.1064453125,-0.1064453125,0.1572265625,0.04541015625,-0.168212890625,-0.009033203125,0.129150390625,-0.044189453125,-0.0791015625,0.06640625,-0.01953125,0.063232421875,0.039794921875,-0.082763671875,0.00537109375,0.068603515625,0.068603515625,-0.06982421875,-0.064208984375,0.067626953125,-0.027587890625,-0.057861328125,0.07421875,-0.003662109375,-0.09375,0.04638671875,-0.125,-0.013916015625,0.14892578125,-0.063232421875,-0.063232421875,-0.15869140625,0.0771484375,0.07373046875,-0.120361328125,-0.023681640625,0.1044921875,-0.06005859375,-0.09765625,-0.002685546875,-0.084228515625,0.041748046875,0.020751953125,-0.09912109375,-0.09912109375,-0.014404296875,0.06005859375,-0.0595703125,-0.018310546875,0.06787109375,-0.090087890625,-0.082275390625,0.122314453125,-0.170654296875,0.017333984375,0.15380859375,-0.083251953125,-0.139892578125,-0.139892578125,0.06787109375,0.026611328125,-0.056640625,0.04345703125,0.005859375,-0.10302734375,0.01513671875,0.086669921875,-0.059814453125,0.10888671875,-0.01806640625,-0.1005859375,0.03955078125,0.03955078125,0.015869140625,-0.094482421875,0.029296875,0.069580078125,-0.1162109375,-0.048095703125,0.13916015625,-0.037841796875,0.08251953125,0.115966796875,-0.119873046875,-0.098388671875,0.0869140625,0.0869140625,-0.001953125,-0.04638671875,0.0654296875,-0.02490234375,-0.1142578125,0.0302734375,0.062255859375,-0.021240234375,0.07861328125,-0.06640625,-0.076171875,0.07470703125,-0.02587890625,-0.095703125,-0.095703125,0.068359375,0.044921875,-0.133544921875,-0.021484375,0.125732421875,-0.088623046875,0.10302734375,0.045166015625,-0.15478515625,-0.03125,0.100341796875,-0.037841796875,-0.04248046875,-0.04248046875,0.05615234375,-0.0732421875,-0.0927734375,0.081787109375,0.009033203125,-0.10986328125,0.089599609375,-0.103271484375,-0.077392578125,0.089599609375,-0.0341796875,-0.0341796875,-0.0888671875,0.063232421875,0.017822265625,-0.07958984375,0.04296875,0.052001953125,-0.042236328125,0.1689453125,-0.0166015625,-0.176025390625,0.022216796875,0.098388671875,0.098388671875,-0.041259765625,-0.0244140625,0.036865234375,-0.06982421875,-0.03955078125,-0.0380859375,-0.062744140625,0.085205078125,0.021484375,-0.121337890625,-0.01611328125,0.0625,0.0625,-0.072509765625,-0.0224609375,0.087158203125,-0.074951171875,-0.104736328125,0.02734375,-0.158203125,0.009033203125,0.1455078125,-0.0966796875,-0.148681640625,-0.148681640625,0.091552734375,0.04638671875,-0.115966796875,-0.012451171875,0.05859375,-0.03857421875,0.0615234375,0.054931640625,-0.0400390625,0.078125,-0.046875,-0.116943359375,0.061767578125,0.056884765625,-0.110107421875,-0.00732421875,0.0859375,-0.08935546875,-0.08935546875,-0.055908203125,0.113525390625,-0.04736328125,-0.14404296875,0.098876953125,0.116943359375,-0.093505859375,0.12841796875,-0.012451171875,-0.116455078125,0.060302734375,0.0439453125,-0.10693359375,-0.017822265625,0.068603515625,0.068603515625,-0.055908203125,-0.029541015625,0.070556640625,-0.0595703125,-0.07763671875,0.068603515625,-0.026611328125,-0.054931640625,0.0537109375,-0.048095703125,-0.0703125,0.030517578125,0.052490234375,0.075927734375,0.09521484375,0.05615234375,-0.140869140625,-0.033935546875,-0.033935546875,0.102294921875,-0.0322265625,-0.047119140625,0.0703125,-0.0400390625,0.050537109375,0.032958984375,-0.08740234375,0.015625,0.079833984375,-0.079833984375,-0.068603515625,0.08984375,0.08984375,-0.015380859375,-0.1025390625,0.0263671875,-0.07421875,0.01708984375,0.066650390625,-0.11083984375,-0.0771484375,0.133056640625,0.01416015625,0.01416015625,-0.161865234375,-0.0126953125,0.093505859375,-0.044189453125,0.04443359375,-0.0595703125,-0.088623046875,0.071533203125,0.009033203125,-0.110595703125,-0.110595703125,0.02685546875,0.096435546875,-0.08203125,0.0546875,0.0087890625,-0.04150390625,0.042236328125,-0.017578125,-0.076171875,0.050537109375,0.05419921875,0.05419921875,-0.1201171875,-0.041015625,-0.017333984375,-0.16015625,0.02880859375,0.09228515625,-0.036865234375,-0.02392578125,0.027099609375,-0.06396484375,-0.06396484375,-0.024658203125,0.10400390625,-0.09326171875,0.065185546875,0.02783203125,-0.1005859375,-0.0068359375,0.057373046875,-0.082763671875,-0.024169921875,-0.024169921875,0.134033203125,-0.03955078125,0.028564453125,0.08203125,-0.078369140625,-0.046630859375,0.056884765625,-0.033447265625,-0.050537109375,0.033203125,-0.05908203125,-0.058837890625,-0.058837890625,0.086181640625,0.007568359375,0.01513671875,0.087158203125,-0.099365234375,-0.07568359375,0.115966796875,-0.005126953125,-0.156982421875,0.00537109375,0.091064453125,0.091064453125,-0.044677734375,-0.035888671875,0.050048828125,-0.072021484375,0.05224609375,-0.012939453125,-0.0546875,0.08203125,0.04638671875,-0.11328125,-0.02880859375,0.082275390625,-0.044921875,-0.041015625,-0.041015625,0.080322265625,-0.035888671875,0.080810546875,0.053955078125,-0.158935546875,-0.053955078125,0.144775390625,-0.02978515625,-0.15869140625,0.03271484375,0.063720703125,-0.068603515625,-0.016845703125,0.02490234375,-0.076416015625,-0.076416015625,-0.021240234375,0.08642578125,-0.041748046875,0.082763671875,0.030029296875,-0.117431640625,-0.009521484375,0.07958984375,-0.04931640625,-0.047607421875,0.056884765625,-0.03466796875,-0.064453125,0.063720703125,0.063720703125,-0.01708984375,-0.134033203125,0.14404296875,-0.084716796875,-0.14013671875,0.0703125,0.036376953125,-0.071533203125,0.032470703125,0.011474609375,-0.09765625,0.015625,0.087158203125,0.087158203125,-0.0810546875,0.115234375,-0.026611328125,-0.14892578125,0.0439453125,0.07470703125,-0.09716796875,-0.0283203125,0.06982421875,-0.091796875,-0.096923828125,0.106689453125,0.01025390625,-0.128662109375,0.03076171875,0.03076171875,0.06396484375,-0.048828125,0.071533203125,-0.0498046875,-0.05126953125,0.084716796875,-0.028076171875,-0.092041015625,0.062255859375,0.02001953125,-0.1123046875,0.026123046875,0.082763671875,0.082763671875,-0.116455078125,0.139892578125,-0.047607421875,-0.17431640625,0.07470703125,0.130126953125,-0.10693359375,-0.10009765625,0.083984375,0.01416015625,-0.0322265625,0.06396484375,-0.026611328125,-0.026611328125,-0.09814453125,0.055908203125,-0.08544921875,-0.018310546875,0.09326171875,-0.06005859375,-0.093994140625,0.063232421875,-0.0205078125,-0.0908203125,0.06298828125,0.033447265625,-0.136962890625,-0.02392578125,0.119140625,-0.077880859375,-0.10595703125,0.109619140625,0.018310546875,-0.15185546875,-0.15185546875,0.095703125,-0.07763671875,-0.046142578125,0.097412109375,-0.06640625,-0.14599609375,0.06982421875,0.064697265625,-0.1083984375,-0.028076171875,0.07666015625,0.07666015625,-0.0751953125,0.060546875,-0.03125,-0.070068359375,0.07373046875,0.01904296875,-0.10888671875,0.01025390625,0.076904296875,-0.07470703125,-0.025634765625,0.10009765625,-0.023681640625,0.10009765625,0.094970703125,0.010498046875,-0.144775390625,0.037353515625,0.134033203125,-0.105224609375,-0.1279296875,0.09033203125,0.011474609375,-0.096923828125,0.044921875,0.0380859375,-0.120361328125,-0.0244140625,0.108642578125,-0.046630859375,-0.08544921875,0.08203125,0.024169921875,-0.104736328125,-0.008544921875,0.033935546875,-0.04736328125,0.022216796875,0.06494140625,-0.111083984375,-0.105712890625,0.09765625,0.019287109375,-0.120849609375,0.00390625,0.0556640625,-0.0634765625,-0.01806640625,0.058349609375,-0.08837890625,-0.07080078125,0.126708984375,0.00537109375,-0.177490234375,0.010986328125,0.150634765625,-0.049560546875,-0.10595703125,0.06494140625,0.0205078125,-0.07470703125,0.013671875,0.0,-0.056396484375,0.043701171875,0.036376953125,-0.11669921875,-0.04833984375,0.093505859375,-0.048095703125,-0.095703125,0.073486328125,0.00927734375,-0.099365234375,0.044189453125,0.059814453125,-0.130615234375,-0.034912109375,0.164306640625,-0.03564453125,-0.186279296875,0.053955078125,0.108154296875,-0.09765625,-0.048583984375,0.09521484375,-0.03759765625,-0.10888671875,0.039306640625,0.005126953125,-0.069091796875,0.0361328125,0.0068359375,-0.115478515625,-0.0029296875,0.114013671875,-0.0498046875,-0.0859375,0.0888671875,0.010009765625,-0.1123046875,0.03515625,0.074951171875,-0.068115234375,-0.024658203125,0.07373046875,-0.052490234375,-0.091064453125,0.067626953125,0.01123046875,-0.090087890625,0.019287109375,0.0244140625,-0.0771484375,-0.00537109375,0.0576171875,-0.08984375,-0.063720703125
Prusa_B,-0.02099609375,-0.0380859375,-0.060546875,-0.07275390625,-0.06689453125,-0.02001953125,0.05517578125,0.093017578125,0.0771484375,-0.02294921875,-0.079345703125,-0.0704345703125,-0.06298828125,-0.0411376953125,-0.087890625,0.01513671875,-0.0244140625,-0.04248046875,-0.0380859375,-0.0009765625,0.05908203125,0.0712890625,0.041015625,0.0458984375,0.06298828125,0.0029296875,-0.059814453125,-0.048828125,-0.048828125,-0.0501708984375,-0.04150390625,0.005126953125,-0.0576171875,0.00439453125,0.04736328125,-0.013671875,0.02001953125,0.041015625,0.01220703125,0.05126953125,0.05126953125,0.02392578125,-0.07177734375,-0.07373046875,-0.0615234375,-0.080078125,-0.031005859375,-0.00439453125,0.02490234375,-0.01953125,-0.068359375,-0.036865234375,-0.025390625,-0.03271484375,-0.001953125,0.0068359375,0.0068359375,0.005126953125,0.007568359375,-0.048095703125,-0.070556640625,-0.0205078125,0.0048828125,-0.0126953125,-0.017578125,-0.0029296875,-0.031005859375,-0.009765625,-0.0087890625,-0.050048828125,0.00341796875,0.043212890625,0.0078125,-0.004150390625,-0.02392578125,-0.01708984375,0.032470703125,-0.00390625,-0.031982421875,0.015380859375,0.014892578125,0.001953125,0.001953125,0.02099609375,0.005126953125,-0.0068359375,0.01416015625,0.0107421875,0.000732421875,-0.008056640625,-0.045166015625,-0.050048828125,-0.03173828125,-0.000732421875,0.013916015625,-0.00634765625,-0.001220703125,-0.001220703125,0.007568359375,-0.015869140625,-0.035888671875,-0.000244140625,0.04833984375,-0.03173828125,-0.082763671875,-0.0830078125,-0.02880859375,-0.004150390625,-0.01904296875,-0.010986328125,0.0185546875,0.0185546875,0.00537109375,-0.014892578125,-0.05419921875,-0.05224609375,0.023681640625,-0.02880859375,-0.04443359375,-0.01611328125,-0.012939453125,-0.028076171875,-0.03955078125,0.01171875,0.08056640625,0.08056640625,0.03515625,-0.025390625,-0.013427734375,0.007568359375,-0.025390625,-0.0283203125,0.00048828125,-0.017578125,-0.054931640625,-0.044189453125,0.0126953125,0.030029296875,0.00048828125,0.00048828125,0.000244140625,0.0263671875,0.011962890625,-0.01953125,-0.012939453125,0.000732421875,-0.027587890625,-0.0283203125,0.017578125,-0.004150390625,-0.058349609375,-0.018310546875,0.037353515625,0.037353515625,0.020263671875,-0.01171875,-0.0234375,-0.00048828125,-0.033935546875,-0.061279296875,-0.019775390625,0.00048828125,-0.010009765625,-0.0068359375,-0.0234375,-0.02099609375,-0.01171875,-0.01171875,-0.023193359375,-0.01904296875,-0.0244140625,-0.032958984375,0.00244140625,-0.038330078125,-0.015380859375,0.020263671875,-0.00439453125,-0.0146484375,0.00390625,-0.00341796875,-0.005859375,-0.005859375,-0.012451171875,-0.021240234375,-0.00732421875,-0.00732421875,0.01123046875,-0.017333984375,-0.045654296875,-0.00244140625,0.0439453125,0.013916015625,-0.034912109375,-0.0478515625,-0.02734375,-0.00146484375,-0.00146484375,-0.012939453125,-0.014892578125,0.011962890625,-0.01513671875,-0.0048828125,0.017578125,0.004638671875,-0.018310546875,-0.029541015625,-0.012939453125,0.0048828125,-0.0185546875,-0.02783203125,-0.022705078125,-0.022705078125,-0.01953125,-0.0146484375,0.005859375,-0.005126953125,-0.00732421875,-0.008544921875,-0.0048828125,-0.018310546875,-0.022705078125,-0.01318359375,-0.016845703125,-0.016845703125,-0.032958984375,-0.03076171875,-0.0087890625,-0.013671875,-0.017822265625,-0.015869140625,-0.023193359375,-0.0224609375,-0.001953125,0.007080078125,-0.01708984375,-0.031494140625,-0.002685546875,-0.002685546875,0.015625,-0.013916015625,0.00048828125,-0.002197265625,-0.006103515625,-0.0048828125,-0.001953125,-0.011962890625,-0.0205078125,-0.020263671875,-0.004150390625,-0.004150390625,-0.004150390625,-0.03076171875,-0.03466796875,-0.003173828125,-0.013671875,0.005126953125,0.017333984375,-0.003173828125,-0.02685546875,-0.03369140625,-0.007080078125,0.005126953125,0.005126953125,-0.022216796875,-0.02880859375,-0.013671875,-0.013916015625,0.009521484375,-0.0009765625,-0.023681640625,-0.00244140625,0.022705078125,0.00439453125,-0.012939453125,-0.0205078125,-0.0205078125,-0.021484375,-0.0185546875,-0.038330078125,-0.00927734375,0.0087890625,-0.0009765625,-0.004638671875,-0.00439453125,-0.01123046875,-0.031005859375,-0.044921875,-0.032958984375,-0.032958984375,-0.0185546875,-0.01953125,-0.001708984375,0.003662109375,0.003662109375,0.007568359375,-0.006591796875,-0.020751953125,-0.0205078125,-0.0068359375,-0.000244140625,-0.02099609375,-0.02099609375,-0.03076171875,-0.00732421875,-0.015380859375,0.01318359375,0.0244140625,0.00341796875,-0.013671875,-0.023193359375,-0.01416015625,-0.017333984375,-0.044189453125,-0.04931640625,-0.005126953125,-0.005126953125,0.01318359375,-0.005615234375,0.006103515625,-0.014892578125,-0.0283203125,-0.00830078125,0.003173828125,-0.01171875,-0.03125,-0.022216796875,-0.0068359375,-0.0146484375,-0.00390625,-0.00390625,0.02099609375,-0.016845703125,-0.008544921875,0.015625,0.016845703125,-0.015380859375,-0.05224609375,-0.037353515625,-0.01416015625,-0.015625,-0.00634765625,0.010986328125,-0.00732421875,-0.0302734375,-0.0302734375,0.0234375,0.01806640625,-0.024169921875,-0.0458984375,-0.041015625,-0.04052734375,-0.035888671875,-0.0205078125,0.0048828125,-0.000732421875,-0.011474609375,0.012939453125,0.020751953125,0.020751953125,-0.02685546875,-0.009033203125,0.015625,-0.001220703125,-0.039794921875,-0.03271484375,-0.02978515625,-0.0361328125,-0.01025390625,0.03173828125,0.042724609375,-0.00146484375,-0.041015625,-0.0341796875,-0.016845703125,-0.03369140625,-0.02685546875,-0.00048828125,-0.010498046875,-0.014404296875,-0.006591796875,-0.00732421875,-0.002197265625,0.001220703125,-0.002197265625,0.0107421875,-0.003173828125,-0.029541015625,-0.025634765625,-0.019287109375,-0.022705078125,-0.007568359375,0.0107421875,0.01318359375,-0.000732421875,-0.013916015625,-0.0107421875,0.007080078125,-0.002197265625,-0.03369140625,-0.025390625,0.000732421875,-0.01025390625,-0.04052734375,-0.032470703125,-0.00537109375,0.00439453125,0.014892578125,0.016845703125,-0.011962890625,-0.056640625,-0.061279296875,-0.0205078125,-0.012939453125,-0.02099609375,0.0048828125,0.011962890625,-0.032958984375,-0.03125,0.02294921875,0.05126953125,0.0244140625,-0.007568359375,-0.01171875,-0.013671875,-0.039794921875,-0.060546875,-0.026123046875,0.00634765625,0.003173828125,0.001220703125,0.006103515625,-0.021728515625,-0.06103515625,-0.022705078125,0.035888671875,0.021728515625,-0.010498046875,-0.01318359375,-0.02197265625,-0.05615234375,-0.051513671875,-0.020751953125,0.01123046875,0.003662109375,-0.01611328125,-0.00341796875,-0.004638671875,-0.02001953125,-0.014404296875,0.017333984375,0.011962890625,-0.0126953125,-0.01416015625,-0.006591796875,-0.01220703125,-0.016357421875,-0.00732421875,-0.006103515625,-0.012451171875,-0.0126953125,0.0048828125,0.0302734375,0.019287109375,-0.029541015625,-0.053955078125,-0.05419921875,-0.04248046875,-0.0390625,-0.0126953125,0.040771484375,0.039306640625,-0.002685546875,-0.044921875,-0.051513671875,-0.055908203125,-0.05078125,0.0029296875,0.05322265625,0.027587890625,-0.009765625,-0.002197265625,-0.025390625,-0.069091796875,-0.040283203125,0.024169921875,0.03125,0.01123046875,0.01220703125,0.01171875,-0.012939453125,-0.0361328125,-0.039794921875,-0.022705078125,-0.005126953125,-0.005126953125,-0.023681640625,-0.023681640625,-0.027587890625,-0.019287109375,-0.00048828125,0.026611328125,0.01123046875,-0.02587890625,-0.03564453125,-0.01513671875,-0.003662109375,-0.01953125,-0.016357421875,-0.00537109375,-0.03955078125,-0.01953125,0.052734375,0.052490234375,-0.049560546875,-0.013671875,0.0107421875,0.0107421875,-0.0400390625,-0.056884765625,0.002685546875,0.037841796875,0.012939453125,-0.007568359375,0.0009765625,-0.023681640625,-0.05419921875,-0.030029296875,0.0146484375,0.007080078125,-0.034912109375,-0.02685546875,-0.010986328125,-0.059814453125,-0.064453125,0.016357421875,0.058349609375,0.008056640625,-0.03173828125,0.004150390625,0.013671875,-0.021728515625,-0.0107421875,0.015625,-0.00390625,-0.068603515625,-0.069580078125,0.002685546875,0.033447265625,0.02978515625,0.02099609375,0.009521484375,-0.043212890625,-0.025390625,0.000732421875,-0.0234375,-0.067626953125,-0.029052734375,-0.029052734375,0.0322265625,-0.0029296875,-0.0693359375,-0.052001953125,0.0458984375,0.05810546875,-0.013671875,-0.041259765625,-0.00341796875,-0.007080078125,-0.05810546875,-0.05322265625,-0.0126953125,-0.002197265625,0.003662109375,0.029541015625,0.0068359375,-0.025634765625,-0.01318359375,0.023193359375,0.035400390625,-0.019287109375,-0.045654296875,-0.007080078125,-0.012451171875,-0.04443359375,0.032958984375,0.02685546875,-0.03369140625,-0.029052734375,-0.029052734375,0.021484375,0.01904296875,-0.051025390625,-0.072021484375,-0.029541015625,-0.009033203125,-0.005859375,0.015869140625,0.014404296875,-0.0234375,-0.017822265625,0.01123046875,0.01220703125,-0.025634765625,-0.01806640625,0.0341796875,0.014404296875,-0.065673828125,-0.06884765625,0.001220703125,0.01513671875,-0.018310546875,-0.0283203125,0.013916015625,0.005859375,-0.039794921875,-0.03857421875,-0.037109375,-0.05810546875,-0.027099609375,0.038330078125,0.038330078125,0.000244140625,-0.044921875,-0.00927734375,0.011962890625,-0.029052734375,-0.0478515625,0.019287109375,0.049072265625,-0.033203125,-0.06005859375,0.053466796875,0.0625,-0.082275390625,-0.09716796875,0.048583984375,0.076904296875,-0.02734375,-0.05322265625,0.01318359375,0.02099609375,-0.0458984375,-0.030029296875,-0.002197265625,-0.065185546875,-0.031494140625,0.021484375,-0.02783203125,-0.091064453125,-0.015625,0.070068359375,-0.001708984375,-0.001708984375,-0.069091796875,0.033203125,0.074951171875,-0.086181640625,-0.1357421875,0.01416015625,0.079833984375,-0.034423828125,-0.05615234375,0.05078125,0.031494140625,-0.073486328125,-0.033203125,0.0693359375,0.026123046875,-0.05859375,-0.002685546875,0.049072265625,-0.041259765625,-0.02099609375,0.0322265625,-0.03076171875,-0.03662109375,0.040771484375,0.04296875,-0.050537109375,-0.083251953125,0.003173828125,0.037841796875,-0.04833984375,-0.04833984375,-0.0703125,-0.0009765625,0.019287109375,-0.03369140625,-0.035888671875,0.045166015625,0.04833984375,-0.037109375,-0.050048828125,0.016357421875,-0.000244140625,-0.04638671875,-0.002197265625,0.04833984375,0.0009765625,-0.052978515625,-0.001220703125,0.037353515625,-0.022216796875,0.017822265625,0.052734375,-0.0146484375,-0.062255859375,-0.0185546875,0.01806640625,-0.0283203125,-0.074462890625,-0.042724609375,-0.00146484375,-0.00146484375,-0.02392578125,-0.034423828125,0.015380859375,0.04052734375,-0.0048828125,-0.04931640625,-0.01611328125,0.03076171875,-0.011474609375,-0.040771484375,-0.012451171875,-0.01904296875,-0.056396484375,-0.03466796875,0.04345703125,0.0712890625,-0.02685546875,0.014892578125,0.022705078125,-0.0556640625,-0.06982421875,-0.00537109375,-0.000732421875,-0.05810546875,-0.027587890625,0.052490234375,0.052490234375,0.007080078125,-0.076904296875,-0.018310546875,0.07177734375,0.031982421875,-0.055419921875,-0.04296875,-0.00146484375,-0.06640625,-0.095458984375,-0.01220703125,0.059814453125,0.00830078125,-0.023681640625,0.037109375,-0.017333984375,-0.029052734375,0.011962890625,-0.00390625,-0.06787109375,-0.041748046875,0.026123046875,0.00390625,-0.054443359375,-0.0322265625,0.047119140625,0.047119140625,0.039306640625,-0.03955078125,-0.033935546875,0.010009765625,-0.040771484375,-0.087158203125,-0.032958984375,0.0205078125,-0.0244140625,-0.047607421875,0.01123046875,0.059326171875,0.010009765625,-0.02978515625,0.01220703125,0.014892578125,-0.064208984375,-0.009521484375,0.015625,-0.042236328125,-0.04736328125,0.052734375,0.08349609375,-0.007080078125,-0.03662109375,0.02783203125,0.021484375,-0.072021484375,-0.08056640625,0.001220703125,0.001220703125,0.000244140625,-0.076171875,-0.054931640625,0.079345703125,0.053955078125,-0.073486328125,-0.025634765625,0.0654296875,-0.021728515625,-0.103515625,-0.01123046875,0.047607421875,-0.071533203125,-0.093994140625,0.063232421875,0.088134765625,-0.0380859375,0.06201171875,0.05810546875,-0.065185546875,-0.070556640625,0.013427734375,-0.01025390625,-0.093994140625,-0.0224609375,0.10546875,0.031982421875,-0.083740234375,-0.018310546875,0.06689453125,-0.020263671875,-0.098876953125,-0.098876953125,-0.01611328125,0.032958984375,-0.056640625,-0.08642578125,0.027587890625,0.0732421875,-0.05078125,-0.09130859375,0.044921875,0.080078125,-0.05224609375,-0.077880859375,0.0263671875,-0.089599609375,-0.051513671875,0.08251953125,0.02880859375,-0.0615234375,-0.01220703125,0.06884765625,0.0009765625,-0.088134765625,-0.024658203125,0.037841796875,-0.03955078125,-0.098388671875,0.0107421875,0.0927734375,-0.015625,-0.09130859375,-0.09130859375,0.0166015625,0.076171875,-0.05908203125,-0.105712890625,0.022216796875,0.04150390625,-0.072265625,-0.06396484375,0.05615234375,0.045166015625,-0.06005859375,0.079833984375,0.05029296875,-0.083984375,-0.048828125,0.056640625,-0.030517578125,-0.151123046875,-0.003662109375,0.149169921875,-0.000732421875,-0.115966796875,0.032958984375,0.105712890625,-0.040771484375,-0.101318359375,0.01171875,0.02978515625,-0.0986328125,-0.0986328125,-0.088623046875,0.041259765625,0.036376953125,-0.082763671875,-0.0439453125,0.103515625,0.066650390625,-0.080810546875,-0.0576171875,0.0498046875,-0.012939453125,-0.01904296875,0.089599609375,0.017578125,-0.098388671875,-0.020263671875,0.079833984375,-0.000244140625,-0.063720703125,0.015380859375,0.077880859375,-0.017578125,-0.0986328125,-0.0400390625,0.011962890625,-0.0439453125,-0.06005859375,0.05078125,0.066650390625,-0.04443359375,-0.06103515625,-0.06103515625,0.01953125,0.036865234375,-0.03125,-0.061767578125,-0.009521484375,0.017333984375,-0.093017578125,-0.086669921875,0.091796875,0.0849609375,-0.02490234375,0.095947265625,0.02978515625,-0.121826171875,-0.08154296875,0.031982421875,-0.007080078125,-0.076416015625,-0.006591796875,0.078125,-0.00341796875,-0.073486328125,0.009765625,0.0712890625,-0.00732421875,-0.10009765625,-0.02490234375,0.05126953125,-0.064453125,-0.1240234375,-0.03271484375,-0.03271484375,0.082763671875,0.03125,-0.070556640625,0.0185546875,0.09130859375,-0.03564453125,-0.10546875,0.066162109375,-0.111572265625,-0.098876953125,0.06689453125,0.00732421875,-0.11669921875,0.017578125,0.154052734375,0.0126953125,-0.06689453125,0.025146484375,0.019287109375,-0.07080078125,-0.075927734375,-0.01611328125,-0.01318359375,-0.0400390625,-0.013427734375,0.035400390625,0.033203125,0.002685546875,-0.03173828125,-0.011474609375,0.042724609375,0.042724609375,-0.04345703125,-0.113525390625,-0.005615234375,0.02490234375,-0.076171875,-0.026123046875,0.026123046875,-0.041259765625,0.013916015625,0.032470703125,-0.04296875,-0.0341796875,0.008544921875,-0.01708984375,-0.04931640625,-0.0478515625,-0.01025390625,0.046630859375,0.024658203125,-0.018310546875,0.015869140625,0.01611328125,-0.053466796875,-0.07373046875,-0.041259765625,-0.014404296875,0.00439453125,-0.02197265625,-0.018310546875,0.0341796875,0.0341796875,0.035400390625,-0.000244140625,-0.0126953125,-0.01806640625,-0.02001953125,-0.02099609375,-0.05322265625,-0.0810546875,-0.001220703125,0.086669921875,0.03759765625,-0.034912109375,-0.001708984375,0.03515625,0.014892578125,-0.04931640625,-0.078857421875,-0.0224609375,0.03955078125,-0.056396484375,-0.11767578125,0.02734375,0.09912109375,-0.01611328125,-0.063720703125,0.017333984375,0.018798828125,-0.02685546875,-0.047119140625,-0.0693359375,-0.0693359375,-0.074462890625,-0.01416015625,0.055419921875,0.029296875,0.010498046875,0.055908203125,0.011962890625,-0.055419921875,-0.0693359375,-0.000244140625,0.026611328125,-0.05615234375,-0.05859375,0.042236328125,0.0703125,-0.0185546875,-0.0400390625,0.031494140625,0.017578125,-0.035400390625,-0.03564453125,-0.01708984375,-0.065185546875,-0.0869140625,0.005859375,0.05126953125,-0.0009765625,0.003662109375,0.068359375,0.05224609375,0.05224609375,-0.051513671875,-0.070068359375,0.001953125,-0.09228515625,-0.0673828125,0.0625,0.060302734375,-0.050048828125,-0.060546875,0.004638671875,0.03271484375,0.020751953125,-0.003173828125,-0.016357421875,-0.02197265625,-0.0595703125,-0.076904296875,-0.021484375,0.03369140625,0.006103515625,-0.040771484375,-0.031982421875,-0.000732421875,0.02001953125,0.010498046875,-0.024658203125,-0.05517578125,-0.012939453125,0.026123046875,0.026123046875,-0.014404296875,-0.041259765625,-0.03076171875,0.03125,-0.010009765625,-0.055908203125,-0.042236328125,-0.000732421875,0.016845703125,-0.009033203125,-0.0390625,-0.02197265625,-0.003662109375,-0.00146484375,0.00830078125,0.005859375,-0.01953125,-0.036376953125,-0.0244140625,-0.03369140625,-0.017333984375,0.009765625,-0.02978515625,-0.008544921875,0.010009765625,-0.026611328125,0.00634765625,0.042236328125,0.004638671875,-0.032958984375,-0.014892578125,-0.014892578125,-0.056640625,0.014892578125,0.04052734375,0.02099609375,0.014892578125,-0.0048828125,-0.03955078125,-0.0185546875,-0.00537109375,-0.025146484375,-0.008544921875,0.034423828125,0.012451171875,-0.028076171875,-0.012451171875,-0.029296875,-0.0224609375,0.00146484375,-0.011474609375,-0.015380859375,-0.014404296875,-0.0048828125,0.00390625,-0.030517578125,-0.038818359375,0.001220703125,-0.00732421875,-0.01171875,0.005126953125,-0.0517578125,-0.052001953125,0.00341796875,0.003662109375,0.008056640625,0.00830078125,-0.030029296875,-0.0546875,-0.037353515625,-0.008056640625,0.00390625,-0.017822265625,-0.02490234375,0.01416015625,0.02685546875,-0.022705078125,-0.07958984375,-0.084228515625,-0.0302734375,0.0458984375,0.080322265625,0.033447265625,-0.0390625,-0.063720703125,-0.02685546875,0.039794921875,0.0703125,0.02734375,-0.0380859375,-0.05224609375,-0.01806640625,-0.019775390625,-0.019775390625,-0.083251953125,-0.0927734375,0.001220703125,0.072509765625,0.061767578125,0.038818359375,0.02587890625,-0.001953125,-0.05029296875,-0.078125,0.023193359375,-0.06884765625,-0.043701171875,-0.026123046875,-0.00634765625,0.012451171875,0.01318359375,-0.003173828125,-0.00927734375,0.00146484375,0.015380859375,0.02099609375,0.04833984375,0.06494140625,-0.00830078125,-0.09375,-0.083984375,-0.03662109375,-0.0537109375,-0.044677734375,0.019775390625,0.026611328125,0.065673828125,0.044189453125,-0.056884765625,0.02734375,-0.008544921875,-0.048583984375,-0.1044921875,-0.0302734375,-0.0302734375,0.06298828125,-0.10791015625,0.0185546875,-0.0625,-0.042724609375,0.06396484375,-0.086181640625,-0.03515625,0.005615234375,-0.0146484375,0.06201171875,0.0078125,0.009765625,0.0380859375,-0.022705078125,-0.046142578125,-0.0966796875,-0.069091796875,-0.020751953125,0.0146484375,-0.000244140625,-0.020751953125,0.010009765625,0.00537109375,0.019775390625,0.024658203125,0.01708984375,-0.02294921875,-0.0302734375,-0.0302734375,-0.016357421875,-0.05615234375,-0.011962890625,-0.000244140625,-0.057861328125,-0.041259765625,0.02490234375,0.034423828125,0.01318359375,0.000244140625,-0.025146484375,-0.03759765625,-0.018310546875,0.015869140625,0.031494140625,-0.01806640625,-0.06396484375,-0.058837890625,-0.019287109375,0.005126953125,-0.029296875,-0.003662109375,0.009521484375,-0.010986328125,-0.000244140625,-0.02392578125,0.0146484375,0.032470703125,0.0,-0.052490234375,-0.052490234375,-0.07568359375,0.013916015625,0.070556640625,-0.002197265625,-0.082763671875,-0.057861328125,0.054931640625,0.06884765625,-0.055908203125,-0.0927734375,0.02587890625,0.103759765625,0.0078125,-0.121826171875,-0.05419921875,0.09619140625,0.0458984375,-0.132568359375,0.068115234375,0.133056640625,-0.054443359375,-0.141357421875,-0.141357421875,-0.0068359375,0.11474609375,0.02294921875,-0.108154296875,-0.0302734375,0.0693359375,0.018798828125,-0.08251953125,-0.083740234375,0.02294921875,0.04833984375,-0.007080078125,-0.036865234375,-0.055908203125,0.006103515625,0.02099609375,-0.021728515625,-0.044921875,-0.044921875,0.04296875,0.06640625,-0.06201171875,-0.105224609375,-0.000244140625,0.062744140625,-0.04052734375,-0.109619140625,0.009765625,0.085693359375,-0.00634765625,-0.08837890625,-0.030029296875,0.02880859375,-0.01611328125,0.042236328125,0.050537109375,-0.00048828125,-0.029296875,-0.01904296875,-0.01904296875,-0.01953125,-0.0390625,0.005615234375,0.058837890625,-0.01171875,-0.067138671875,-0.003173828125,0.037841796875,-0.01904296875,-0.062255859375,0.023193359375,0.054931640625,-0.033447265625,-0.023681640625,0.01904296875,-0.0439453125,-0.07861328125,0.0322265625,0.0322265625,0.0546875,-0.044921875,-0.060302734375,-0.01513671875,0.01416015625,-0.0400390625,-0.075927734375,0.019775390625,0.053466796875,-0.017333984375,-0.01318359375,0.015380859375,-0.008544921875,-0.042724609375,0.033203125,-0.0126953125,-0.069091796875,0.007080078125,0.054443359375,0.054443359375,-0.004150390625,-0.090087890625,-0.025390625,0.064697265625,0.00732421875,-0.058349609375,-0.01318359375,0.03955078125,-0.0087890625,-0.06005859375,-0.00244140625,0.0361328125,-0.019287109375,-0.033203125,0.015869140625,0.0244140625,-0.0361328125,-0.040771484375,0.0185546875,-0.005615234375,-0.060791015625,0.037841796875,0.01953125,-0.049072265625,-0.0283203125,0.05078125,0.0087890625,-0.0732421875,-0.03076171875,0.01708984375,-0.010986328125,-0.0615234375,-0.0615234375,-0.020263671875,0.0166015625,-0.019775390625,-0.0322265625,-0.009765625,-0.0029296875,-0.0322265625,-0.0341796875,0.019775390625,0.01416015625,-0.05419921875,-0.03369140625,0.04296875,0.02587890625,-0.0634765625,-0.0615234375,0.037841796875,0.0439453125,-0.038330078125,0.02587890625,0.005859375,-0.05615234375,-0.02001953125,0.038330078125,0.005859375,-0.044677734375,-0.012939453125,0.02880859375,-0.009521484375,-0.063232421875,0.017333984375,0.017333984375,0.060546875,-0.03466796875,-0.076904296875,-0.026123046875,0.003173828125,-0.02880859375,-0.021728515625,0.03759765625,0.0244140625,-0.04248046875,-0.037353515625,0.022216796875,-0.000732421875,-0.07275390625,-0.044921875,0.03759765625,-0.04541015625,-0.002685546875,0.04931640625,-0.023193359375,-0.08740234375,-0.015869140625,0.0341796875,-0.008544921875,-0.033935546875,0.01806640625,0.047607421875,-0.033935546875,-0.088134765625,-0.011962890625,0.026123046875,-0.041259765625,-0.063720703125,0.016357421875,0.058349609375,-0.024169921875,-0.024169921875,-0.0546875,0.019775390625,-0.00146484375,-0.072021484375,-0.052490234375,0.038330078125,0.029052734375,-0.051513671875,-0.0205078125,0.05859375,0.0244140625,-0.033203125,0.02783203125,-0.021728515625,-0.07177734375,-0.002197265625,0.05615234375,0.05615234375,0.003173828125,-0.043212890625,-0.005615234375,0.017333984375,-0.049072265625,-0.074462890625,0.034912109375,-0.04345703125,-0.061279296875,0.02099609375,0.041015625,-0.05078125,-0.064453125,-0.064453125,0.0302734375,0.008544921875,-0.072998046875,-0.03271484375,0.05712890625,0.02880859375,-0.0322265625,0.04248046875,0.00341796875,-0.085205078125,-0.05126953125,0.050537109375,0.030029296875,0.030029296875,-0.03857421875,0.02001953125,0.061767578125,-0.01904296875,-0.08056640625,-0.030517578125,-0.030517578125,-0.0361328125,0.029541015625,0.033935546875,-0.0322265625,-0.0400390625,0.033203125,0.033203125,0.0146484375,-0.081298828125,-0.064208984375,0.0205078125,0.002685546875,-0.060791015625,0.088623046875,0.00390625,-0.103759765625,-0.034423828125,0.05810546875,-0.0126953125,-0.076904296875,-0.076904296875,-0.0048828125,0.0537109375,-0.0205078125,-0.068115234375,0.01220703125,-0.031982421875,-0.097412109375,-0.009033203125,0.0712890625,-0.009765625,-0.04638671875,0.0361328125,0.02099609375,0.02099609375,-0.067138671875,-0.07568359375,0.005615234375,0.01806640625,-0.06201171875,0.063720703125,0.03662109375,-0.04833984375,-0.00634765625,0.069091796875,-0.02734375,-0.104736328125,-0.010009765625,-0.010009765625,0.055908203125,-0.013671875,-0.064453125,0.014404296875,0.083984375,-0.0908203125,-0.017333984375,0.052734375,-0.04150390625,-0.10546875,-0.012451171875,0.0458984375,-0.025634765625,-0.025634765625,-0.0390625,0.04296875,0.033203125,-0.0693359375,-0.08984375,0.015380859375,-0.082763671875,-0.046142578125,0.0654296875,0.035888671875,-0.051025390625,-0.03076171875,0.03125,0.03125,-0.016845703125,-0.082763671875,-0.002197265625,0.09521484375,-0.0498046875,0.001220703125,0.052490234375,-0.04833984375,-0.104248046875,-0.009765625,0.044921875,-0.01806640625,-0.057373046875,0.04443359375,0.082763671875,0.082763671875,-0.03173828125,-0.09326171875,-0.025146484375,0.0078125,-0.0693359375,0.05078125,0.054443359375,-0.04052734375,-0.01904296875,0.04052734375,-0.014404296875,-0.09228515625,-0.047607421875,-0.047607421875,0.042724609375,0.002197265625,-0.0576171875,0.06640625,-0.023193359375,-0.085693359375,0.015380859375,0.059814453125,-0.062255859375,-0.100341796875,0.017578125,0.052490234375,-0.03125,-0.03125,-0.052734375,0.04052734375,0.0546875,-0.10009765625,0.04833984375,0.04443359375,-0.06982421875,-0.045654296875,0.06982421875,0.02197265625,-0.0869140625,-0.04931640625,0.053955078125,0.053955078125,0.0068359375,-0.0859375,-0.0263671875,0.01806640625,-0.056884765625,0.017333984375,0.057373046875,-0.048583984375,-0.116455078125,-0.00146484375,0.077392578125,-0.027587890625,-0.08740234375,-0.08740234375,0.031005859375,0.08349609375,-0.04931640625,-0.0908203125,0.03955078125,-0.0947265625,-0.108154296875,0.027099609375,0.057861328125,-0.054931640625,-0.042724609375,0.069091796875,0.0146484375,0.0146484375,-0.098876953125,-0.03857421875,-0.0078125,-0.09716796875,-0.027099609375,0.06640625,0.013427734375,-0.07763671875,0.00244140625,0.0810546875,-0.04248046875,-0.119384765625,-0.119384765625,0.01953125,0.0986328125,-0.102783203125,0.007080078125,0.05419921875,-0.053955078125,-0.077880859375,0.0380859375,0.033447265625,-0.073974609375,-0.059326171875,-0.059326171875,0.059326171875,0.04541015625,-0.044677734375,0.035400390625,-0.00390625,-0.085693359375,-0.021484375,0.069580078125,0.00439453125,-0.051025390625,0.015625,0.051513671875,0.051513671875,-0.03759765625,-0.07958984375,0.024658203125,-0.041259765625,-0.055908203125,0.058349609375,0.076904296875,-0.057373046875,-0.0927734375,0.029296875,0.0439453125,-0.076416015625,-0.076416015625,-0.06787109375,0.02685546875,-0.10546875,-0.058837890625,0.0791015625,0.028564453125,-0.072021484375,-0.012451171875,0.0771484375,-0.005615234375,-0.131591796875,-0.031005859375,-0.031005859375,0.099609375,-0.09228515625,-0.001220703125,0.068603515625,-0.04248046875,-0.10693359375,0.0078125,0.07666015625,-0.019287109375,-0.080078125,0.027587890625,0.05908203125,0.05908203125,-0.115234375,0.05029296875,0.072021484375,-0.062744140625,-0.06201171875,0.05908203125,0.030029296875,-0.104248046875,-0.073974609375,0.061279296875,0.02099609375,-0.088134765625,-0.088134765625,0.06494140625,0.015869140625,-0.065185546875,-0.00439453125,0.08984375,0.01220703125,-0.103515625,-0.024658203125,0.06982421875,-0.01953125,-0.09912109375,0.002197265625,0.075439453125,0.075439453125,-0.0693359375,0.06005859375,0.06396484375,-0.088134765625,-0.10791015625,0.027587890625,0.048583984375,-0.0556640625,-0.062255859375,0.032470703125,0.026123046875,-0.054443359375,-0.0361328125,-0.0361328125,-0.0107421875,-0.064453125,-0.0068359375,0.068359375,0.004638671875,-0.077392578125,-0.02001953125,0.05029296875,-0.02734375,-0.084228515625,0.01220703125,0.07177734375,-0.012939453125,-0.012939453125,0.014404296875,0.056884765625,-0.043212890625,-0.093017578125,0.000732421875,0.0205078125,-0.06201171875,-0.037353515625,0.06298828125,0.022705078125,-0.090087890625,-0.050537109375,0.050048828125,0.050048828125,-0.10400390625,-0.028564453125,0.085205078125,0.005126953125,-0.09033203125,-0.0078125,0.076904296875,-0.021728515625,-0.10888671875,-0.014404296875,0.08349609375,-0.001708984375,-0.064208984375,0.043212890625,0.0751953125,-0.0712890625,-0.10498046875,0.028564453125,0.034912109375,-0.081787109375,-0.062744140625,0.08642578125,0.069091796875,-0.0771484375,-0.05859375,0.055908203125,-0.019287109375,-0.154541015625,-0.062255859375,0.108154296875,0.061767578125,-0.069580078125,-0.034912109375,0.0693359375,0.0,-0.103515625,-0.013916015625,0.070556640625,-0.0244140625,-0.097900390625,0.005859375,0.080810546875,-0.02978515625,-0.080078125,0.037353515625,0.060546875,-0.073486328125,-0.091796875,0.070068359375,0.098388671875,-0.07177734375,-0.095703125,0.03564453125,0.018798828125,-0.11376953125,-0.073974609375,0.093017578125,0.05078125,-0.1064453125,-0.060302734375,0.0810546875,0.022705078125,-0.116455078125,-0.06298828125,0.066650390625,-0.018798828125,-0.110595703125,0.038818359375,0.134033203125,-0.0205078125,-0.1123046875,0.013916015625,0.057861328125,-0.094482421875,-0.111328125,0.063720703125,0.09375,-0.05615234375,-0.07080078125,0.08056640625,0.07666015625,-0.095458984375,-0.093994140625,0.0537109375,0.022705078125,-0.097900390625,-0.052001953125,0.070556640625,0.002685546875,-0.101806640625,-0.006103515625,0.087646484375,-0.043701171875,-0.11962890625,0.02587890625,0.0859375,-0.05322265625,-0.079345703125,0.067626953125,0.075439453125,-0.096435546875,-0.127685546875,0.041015625,0.088134765625,-0.0537109375,0.096435546875,0.096435546875,0.060302734375,-0.1162109375,-0.076171875,0.061767578125,0.005859375,-0.110595703125,-0.025390625,0.099853515625,-0.00537109375,-0.108154296875,0.010986328125,-0.047119140625,-0.047119140625,-0.135009765625,-0.005859375,0.093505859375,-0.02734375,-0.12158203125,0.007568359375,0.089111328125,-0.041748046875,-0.091796875,0.046142578125,-0.080322265625,-0.080322265625,-0.075439453125,0.081787109375,0.055419921875,-0.09814453125,-0.046875,0.10107421875,0.01953125,-0.14111328125,-0.067626953125,0.1015625,0.040283203125,-0.032958984375,0.096923828125,0.096923828125,0.000244140625,-0.126220703125,-0.05078125,0.07373046875,-0.007080078125,-0.083984375,0.019287109375,0.080078125,-0.03173828125,-0.09765625,0.010009765625,0.040771484375,-0.089599609375,-0.089599609375,0.063720703125,0.080322265625,-0.05322265625,-0.052490234375,0.0869140625,0.072021484375,-0.09521484375,-0.093994140625,0.0439453125,0.026123046875,-0.08642578125,-0.02294921875,0.001708984375,0.001708984375,-0.103515625,-0.037841796875,0.056396484375,-0.008056640625,-0.077392578125,0.013427734375,0.068115234375,-0.037353515625,-0.084228515625,-0.006103515625,0.019775390625,-0.050048828125,0.04296875,0.04296875,0.03369140625,-0.0478515625,-0.000732421875,0.052001953125,-0.035888671875,-0.108154296875,-0.031494140625,0.06005859375,0.00244140625,-0.06982421875,0.0205078125,-0.01025390625,-0.08642578125,-0.08642578125,-0.017578125,0.06396484375,-0.01611328125,-0.103759765625,-0.036376953125,0.04296875,0.00830078125,-0.02685546875,0.00244140625,0.0283203125,-0.0400390625,-0.001953125,0.018310546875,0.018310546875,-0.063232421875,-0.0302734375,0.089111328125,0.042724609375,-0.079345703125,-0.0673828125,0.0302734375,0.003662109375,-0.07421875,-0.0341796875,0.0576171875,-0.0546875,-0.0361328125,-0.0361328125,0.0576171875,0.00732421875,-0.06689453125,-0.060791015625,-0.017822265625,-0.0185546875,-0.027587890625,0.02783203125,0.029052734375,-0.04736328125,0.027099609375,-0.01318359375,-0.07080078125,-0.07080078125,-0.039306640625,0.043701171875,0.030029296875,-0.066162109375,-0.0234375,0.048095703125,0.032470703125,-0.0712890625,-0.07958984375,0.0302734375,-0.07861328125,-0.025146484375,0.044921875,0.044921875,-0.0078125,-0.03076171875,-0.009033203125,-0.0068359375,-0.010498046875,-0.0048828125,-0.002685546875,-0.005859375,-0.023681640625,0.0068359375,-0.0166015625,-0.07421875,-0.07421875,-0.03173828125,0.039794921875,0.010009765625,-0.05224609375,-0.04150390625,0.02001953125,0.049072265625,-0.030029296875,0.035888671875,0.02392578125,-0.08349609375,-0.08349609375,-0.07470703125,0.021484375,0.040283203125,-0.0107421875,-0.020263671875,0.005615234375,0.015380859375,0.0009765625,-0.023193359375,-0.04443359375,-0.0419921875,0.024658203125,0.024658203125,0.006103515625,-0.03466796875,0.031494140625,0.043212890625,-0.01904296875,-0.084716796875,-0.079345703125,0.0126953125,-0.037109375,-0.02880859375,0.01806640625,0.039794921875,0.039794921875,-0.015625,-0.03662109375,0.00146484375,0.017578125,-0.01513671875,-0.052001953125,-0.022216796875,0.00439453125,0.000244140625,-0.00244140625,-0.037841796875,-0.037841796875,-0.022705078125,-0.013916015625,-0.0078125,0.00439453125,-0.00537109375,0.00341796875,0.020751953125,-0.04296875,-0.026611328125,-0.001953125,-0.058837890625,-0.066162109375,-0.066162109375,0.011962890625,0.037109375,0.006591796875,-0.004150390625,-0.02392578125,0.00927734375,-0.008544921875,-0.0361328125,0.022705078125,0.003662109375,-0.017822265625,-0.0068359375,-0.0068359375,0.00341796875,0.02197265625,0.0078125,-0.035888671875,-0.033447265625,-0.01806640625,-0.039794921875,-0.033203125,0.001708984375,0.022216796875,0.03564453125,0.00732421875,-0.024169921875,-0.024169921875,-0.04931640625,-0.0244140625,-0.036376953125,-0.0634765625,-0.029541015625,0.032958984375,0.0498046875,-0.0302734375,-0.003662109375,-0.005859375,-0.04931640625,-0.042236328125,0.009521484375,0.009521484375,0.03076171875,0.001220703125,0.003173828125,0.015625,-0.0126953125,-0.03076171875,-0.030029296875,0.015380859375,-0.007080078125,-0.01806640625,0.00537109375,-0.029296875,-0.039306640625,0.000244140625,0.000244140625,0.01953125,-0.00439453125,-0.03662109375,-0.00439453125,0.001708984375,-0.029541015625,0.00537109375,0.013427734375,-0.032470703125,-0.051513671875,-0.02001953125,-0.01123046875,-0.049560546875,-0.049560546875,-0.03271484375,0.037841796875,0.032470703125,-0.0087890625,-0.007568359375,0.01318359375,-0.041748046875,-0.0283203125,0.02001953125,0.01220703125,-0.009033203125,-0.001708984375,-0.021728515625,-0.021728515625,-0.035888671875,-0.01513671875,0.005615234375,0.003662109375,-0.01611328125,-0.0302734375,-0.02783203125,-0.03369140625,-0.009033203125,0.041259765625,0.035400390625,-0.028564453125,-0.0322265625,-0.0322265625,-0.004150390625,0.000732421875,-0.033203125,-0.068603515625,-0.024169921875,-0.00537109375,-0.021240234375,-0.027099609375,0.001953125,0.020751953125,-0.0068359375,-0.02978515625,-0.02978515625,-0.019287109375,0.006591796875,0.00537109375,-0.032958984375,-0.01611328125,0.016845703125,0.0087890625,-0.00732421875,-0.048095703125,-0.026123046875,-0.0126953125,-0.035400390625,-0.005859375,-0.005859375,-0.002685546875,0.002685546875,0.052734375,-0.004638671875,-0.03125,-0.02734375,-0.015869140625,-0.021484375,-0.02001953125,-0.02294921875,-0.02734375,-0.0205078125,-0.0205078125,-0.02490234375,-0.006591796875,0.02783203125,0.0068359375,-0.0322265625,-0.057373046875,-0.046142578125,-0.0146484375,-0.003662109375,0.01904296875,0.026123046875,0.026123046875,-0.021240234375,0.01318359375,-0.055908203125,0.0087890625,-0.02099609375,0.01953125,-0.10107421875,0.0087890625,-0.03759765625,-0.028076171875,0.1220703125,-0.040283203125,-0.040283203125,0.0263671875,0.03955078125,-0.114990234375,0.017333984375,-0.071044921875,0.04150390625,0.010498046875,-0.011474609375,0.000732421875,-0.023193359375,-0.0302734375,-0.031005859375,-0.031005859375,-0.0185546875,-0.022216796875,0.01123046875,-0.0234375,-0.011962890625,-0.028564453125,-0.028564453125,0.007080078125,-0.0068359375,-0.013916015625,-0.00830078125,-0.00830078125,-0.005126953125,-0.013671875,-0.02880859375,-0.008056640625,-0.007568359375,-0.033935546875,-0.07177734375,-0.054443359375,-0.0048828125,0.0205078125,0.0546875,0.070068359375,0.070068359375,0.05322265625,0.030517578125,-0.025146484375,-0.062744140625,-0.051513671875,-0.039794921875,-0.029296875,-0.01953125,-0.005615234375,0.010986328125,0.023681640625,0.03271484375,0.03271484375,0.027587890625,-0.009033203125,-0.06201171875,-0.05078125,0.04150390625,0.077880859375,0.009033203125,-0.084228515625,-0.1015625,-0.029052734375,0.026611328125,0.026611328125,-0.016845703125,-0.083984375,-0.046142578125,0.053955078125,-0.015380859375,-0.001953125,0.015380859375,-0.0615234375,-0.048095703125,0.008056640625,-0.04443359375,-0.029052734375,-0.029052734375,0.006591796875,-0.07177734375,0.082763671875,0.05859375,0.001220703125,-0.027587890625,-0.073974609375,-0.0556640625,0.01025390625,-0.00732421875,-0.02734375,-0.02734375,0.023681640625,0.029541015625,-0.0078125,-0.029541015625,-0.03076171875,-0.0009765625,0.025390625,0.016845703125,0.01416015625,-0.017578125,-0.05029296875,-0.0380859375,-0.0380859375,0.003662109375,0.032470703125,0.009033203125,-0.019775390625,-0.0556640625,-0.0439453125,-0.000244140625,0.015625,0.006591796875,0.04833984375,0.01904296875,-0.03955078125,-0.03955078125,-0.0478515625,-0.046142578125,0.0302734375,0.012451171875,-0.059814453125,-0.050048828125,-0.031494140625,-0.0341796875,0.019775390625,0.01318359375,-0.0390625,0.00048828125,0.00048828125,0.035888671875,-0.023681640625,-0.086181640625,-0.08642578125,0.001220703125,0.071044921875,0.02587890625,-0.067626953125,-0.09521484375,-0.03564453125,0.032470703125,0.032470703125,0.03125,0.0078125,0.029296875,-0.005126953125,-0.081298828125,-0.07861328125,0.017578125,0.0830078125,0.015869140625,-0.0771484375,-0.05859375,0.0283203125,0.044921875,-0.033935546875,-0.033935546875,-0.048828125,0.09033203125,-0.02490234375,-0.119384765625,-0.029296875,0.10400390625,0.033935546875,-0.12255859375,-0.081298828125,0.095947265625,0.073974609375,-0.117431640625,-0.12890625,-0.12890625,0.06884765625,-0.08837890625,-0.12353515625,0.073486328125,0.12353515625,-0.075439453125,-0.142578125,0.01416015625,0.055908203125,-0.0908203125,-0.099853515625,0.046630859375,0.06884765625,0.06884765625,-0.07080078125,0.063720703125,0.04931640625,-0.080322265625,-0.07421875,0.0439453125,0.042724609375,-0.08154296875,-0.08251953125,0.059326171875,0.069091796875,-0.047607421875,-0.052978515625,-0.052978515625,0.0458984375,-0.0283203125,-0.046875,0.003662109375,0.019287109375,-0.025390625,-0.036376953125,0.007568359375,0.0263671875,0.010498046875,0.000244140625,-0.004150390625,-0.004150390625,0.003662109375,-0.016845703125,-0.1142578125,-0.09814453125,-0.004150390625,0.01904296875,-0.02978515625,-0.039306640625,0.02783203125,0.07080078125,-0.0068359375,-0.0625,0.0029296875,0.0029296875,-0.06884765625,-0.082763671875,-0.004150390625,0.00439453125,-0.0712890625,-0.059814453125,0.0546875,0.086669921875,-0.020751953125,-0.05517578125,0.03662109375,0.0400390625,-0.0703125,-0.0703125,0.02490234375,0.0,-0.087158203125,-0.04736328125,0.05908203125,0.03955078125,-0.05078125,-0.024658203125,0.056884765625,0.033203125,-0.06982421875,-0.0615234375,0.01318359375,0.01318359375,-0.092529296875,-0.00537109375,0.092041015625,0.027587890625,-0.04931640625,0.002197265625,0.06103515625,-0.016357421875,-0.05908203125,-0.021484375,-0.011474609375,-0.05615234375,-0.046630859375,0.046142578125,0.05908203125,-0.03564453125,-0.037841796875,0.074951171875,0.05908203125,-0.106689453125,-0.1220703125,0.047119140625,0.061279296875,-0.10107421875,-0.12451171875,0.03466796875,0.0888671875,-0.037841796875,-0.069580078125,0.046630859375,0.03759765625,-0.090576171875,-0.066162109375,0.037841796875,-0.00537109375,-0.09912109375,-0.0341796875,0.0625,-0.013427734375,-0.04150390625,0.072265625,0.077392578125,-0.07177734375,-0.09375,0.041259765625,0.040771484375,-0.080078125,-0.068115234375,0.0224609375,0.01953125,-0.03271484375,-0.000732421875,0.052978515625,0.024658203125,-0.05322265625,-0.057373046875,0.01220703125,-0.00341796875,-0.069091796875,-0.039306640625,0.03369140625,-0.000732421875,-0.060302734375,0.009033203125,0.091552734375,0.00146484375,-0.07958984375,0.0068359375,0.0498046875,-0.06201171875,-0.094970703125,0.025390625,0.044921875,-0.059814453125,-0.05615234375,0.05810546875,0.047119140625,-0.057861328125,-0.0283203125,0.042236328125,-0.023681640625,-0.107177734375,-0.031982421875,0.059814453125,-0.00146484375,-0.092041015625,-0.028564453125,0.015380859375,0.015380859375,-0.072509765625,-0.00732421875,0.06689453125,-0.041748046875,-0.119140625,-0.002685546875,0.08154296875,-0.039306640625,-0.098876953125,0.0439453125,0.093505859375,-0.076171875,-0.076171875,0.06640625,0.061279296875,-0.090087890625,-0.076416015625,0.072021484375,0.038330078125,-0.0927734375,-0.063720703125,0.0537109375,0.02783203125,-0.077392578125,-0.01708984375,-0.017578125,-0.017578125,-0.099365234375,-0.009765625,0.06787109375,-0.03271484375,-0.10546875,0.00390625,0.075439453125,-0.02880859375,-0.08154296875,0.03076171875,0.08056640625,-0.055908203125,0.034912109375,0.072998046875,0.072998046875,-0.061279296875,-0.08984375,0.0322265625,0.05419921875,-0.044677734375,-0.03515625,0.057861328125,0.016845703125,-0.09033203125,-0.0439453125,0.056884765625,-0.109375,-0.109375,-0.051513671875,0.0419921875,-0.01904296875,-0.06982421875,0.01220703125,0.0712890625,-0.021728515625,-0.08935546875,0.00244140625,0.061279296875,-0.032958984375,-0.004150390625,0.04541015625,0.04541015625,-0.03466796875,-0.05517578125,0.05712890625,0.067626953125,-0.0419921875,-0.054443359375,0.039306640625,0.038330078125,-0.06689453125,-0.07568359375,0.024658203125,-0.071044921875,-0.023681640625,-0.023681640625,0.075927734375,0.029296875,-0.091552734375,-0.0517578125,0.05322265625,-0.00048828125,-0.084228515625,-0.034912109375,0.032470703125,-0.017822265625,-0.0908203125,0.084716796875,0.03857421875,0.03857421875,-0.0537109375,-0.01513671875,0.05419921875,-0.003173828125,-0.073974609375,-0.01171875,0.0419921875,-0.03564453125,-0.07470703125,0.011474609375,-0.0146484375,-0.06103515625,0.015625,0.015625,0.0361328125,-0.049560546875,-0.072265625,0.009765625,0.025146484375,-0.062255859375,-0.0615234375,0.0234375,0.03125,-0.031982421875,0.01611328125,-0.006591796875,-0.006591796875,-0.051513671875,-0.017578125,0.0322265625,-0.015869140625,-0.069091796875,-0.0126953125,0.040771484375,-0.007568359375,-0.016845703125,0.050048828125,-0.04736328125,-0.07470703125,-0.07470703125,0.020751953125,0.0263671875,-0.075927734375,-0.062744140625,0.038818359375,0.032958984375,-0.06884765625,-0.03857421875,0.013916015625,-0.077392578125,-0.037353515625,-0.037353515625,0.054931640625,-0.012939453125,-0.116943359375,-0.047607421875,0.056884765625,0.019775390625,-0.059814453125,0.0068359375,0.0751953125,-0.0888671875,-0.010986328125,0.068603515625,0.068603515625,-0.00341796875,-0.07177734375,-0.003662109375,0.034912109375,-0.041748046875,-0.06298828125,0.02734375,0.06201171875,-0.032958984375,0.04248046875,0.021240234375,0.021240234375,-0.087646484375,-0.08642578125,0.0107421875,-0.005126953125,-0.063720703125,-0.00537109375,0.067138671875,-0.0068359375,-0.08544921875,0.06396484375,-0.00439453125,-0.075439453125,-0.075439453125,-0.018310546875,0.04541015625,-0.0341796875,-0.079833984375,0.00830078125,0.049560546875,-0.0087890625,-0.03369140625,0.059814453125,-0.05859375,-0.078369140625,0.009765625,0.009765625,0.011962890625,-0.086669921875,-0.06884765625,0.058349609375,0.038818359375,-0.0634765625,-0.019775390625,-0.014892578125,-0.110595703125,-0.029541015625,0.057373046875,0.057373046875,-0.02685546875,-0.0986328125,-0.01904296875,0.0517578125,-0.025634765625,-0.058837890625,0.03759765625,0.07763671875,-0.010986328125,0.01806640625,0.029296875,-0.064453125,-0.073486328125,0.038330078125,0.038330078125,0.0556640625,-0.047607421875,-0.0341796875,0.0625,0.02978515625,-0.08251953125,-0.0595703125,0.0478515625,-0.09423828125,-0.044921875,0.050537109375,-0.00244140625,-0.0859375,-0.0859375,-0.02392578125,0.0634765625,0.003662109375,-0.068359375,0.006591796875,0.061767578125,-0.0302734375,-0.029541015625,0.030029296875,-0.0244140625,-0.052734375,0.02978515625,0.05859375,0.05859375,-0.021240234375,-0.0556640625,0.017822265625,0.03369140625,-0.07861328125,-0.08544921875,0.025146484375,-0.027099609375,-0.025634765625,0.023193359375,0.001953125,-0.073486328125,-0.073486328125,-0.02294921875,0.073974609375,0.0166015625,-0.07080078125,-0.064697265625,-0.01220703125,-0.00732421875,-0.042236328125,0.057373046875,0.02294921875,-0.040771484375,-0.02392578125,0.03515625,0.0,0.0,-0.060546875,-0.028564453125,0.00927734375,-0.015869140625,-0.031982421875,0.021728515625,-0.02001953125,-0.040771484375,0.016357421875,0.028564453125,-0.037353515625,-0.058349609375,-0.012451171875,-0.012451171875,-0.016845703125,-0.05029296875,-0.02734375,0.026611328125,0.00830078125,-0.0361328125,0.028076171875,0.020263671875,-0.02197265625,-0.034423828125,-0.021240234375,-0.0400390625,-0.03515625,-0.03515625,0.0048828125,0.03125,0.018310546875,-0.017333984375,-0.0107421875,0.01708984375,-0.0390625,-0.004638671875,0.000244140625,-0.04638671875,-0.03955078125,0.01904296875,0.015380859375,0.015380859375,-0.02392578125,-0.017578125,0.031494140625,0.02294921875,-0.04150390625,-0.0078125,-0.0322265625,-0.071533203125,-0.032470703125,0.03466796875,0.02001953125,0.02001953125,-0.01513671875,-0.007568359375,0.016357421875,-0.004638671875,-0.033203125,0.030517578125,-0.018310546875,-0.051025390625,-0.01611328125,0.02294921875,0.00244140625,-0.02197265625,-0.02197265625,0.000732421875,0.021484375,-0.010009765625,-0.0244140625,-0.007568359375,-0.056396484375,-0.0625,-0.0107421875,0.00048828125,-0.025390625,-0.0107421875,-0.0107421875,0.00732421875,-0.02490234375,-0.032470703125,0.005859375,0.01904296875,-0.057861328125,-0.014892578125,0.0029296875,-0.013916015625,-0.00146484375,0.024658203125,0.004638671875,0.004638671875,-0.037841796875,-0.029541015625,0.03173828125,0.0380859375,-0.02880859375,-0.00927734375,0.0009765625,-0.041015625,-0.01708984375,0.03466796875,0.007568359375,-0.0458984375,-0.0458984375,-0.021240234375,0.04248046875,0.013671875,-0.0673828125,-0.00390625,-0.016845703125,-0.028564453125,-0.006591796875,-0.001953125,-0.024658203125,-0.0263671875,-0.0263671875,0.0048828125,0.017578125,-0.011962890625,-0.01513671875,-0.008544921875,-0.063720703125,-0.0361328125,0.020751953125,0.017333984375,-0.02099609375,-0.025634765625,0.000244140625,0.000244140625,-0.00244140625,-0.036865234375,-0.0126953125,0.020263671875,-0.0244140625,-0.0322265625,0.0244140625,0.005615234375,-0.026611328125,-0.002197265625,-0.00830078125,-0.050537109375,-0.026611328125,0.028564453125,0.028564453125,0.0166015625,-0.046630859375,-0.037841796875,0.02490234375,-0.0322265625,-0.03271484375,0.025390625,0.03662109375,-0.036376953125,-0.03955078125,0.026611328125,0.00927734375,0.00927734375,-0.072509765625,-0.06005859375,0.03466796875,0.04296875,-0.0048828125,0.0029296875,-0.046630859375,-0.08447265625,-0.03125,0.038818359375,-0.00732421875,-0.070556640625,-0.01904296875,0.043212890625,0.043212890625,-0.009521484375,-0.060302734375,0.00439453125,0.045166015625,-0.017333984375,0.017333984375,0.04296875,-0.046630859375,-0.1123046875,-0.028564453125,0.064208984375,0.027587890625,-0.026123046875,0.014404296875,0.014404296875,0.03759765625,-0.027587890625,-0.054931640625,0.03466796875,-0.032958984375,-0.06396484375,-0.0107421875,0.00244140625,-0.03955078125,-0.040283203125,0.034423828125,0.0537109375,-0.02880859375,-0.02880859375,-0.057861328125,-0.01416015625,-0.006103515625,-0.038818359375,-0.010986328125,-0.00341796875,-0.01708984375,-0.0029296875,0.01904296875,0.009521484375,0.012451171875,0.016845703125,0.009033203125,0.009033203125,-0.014892578125,-0.028076171875,-0.005615234375,-0.07177734375,-0.046875,0.02783203125,0.0439453125,0.0,-0.01904296875,-0.006103515625,-0.037353515625,-0.067626953125,-0.01806640625,-0.01806640625,0.04833984375,0.016845703125,-0.05859375,-0.007080078125,-0.01025390625,-0.01904296875,0.03564453125,0.06298828125,-0.00830078125,-0.062744140625,-0.04248046875,-0.004638671875,-0.031005859375,-0.031005859375,-0.052978515625,0.005126953125,0.00927734375,-0.025146484375,0.012451171875,0.022216796875,-0.030517578125,-0.03076171875,0.01953125,0.01220703125,-0.05224609375,-0.07763671875,-0.07763671875,-0.034423828125,0.005126953125,0.0166015625,0.017333984375,-0.031494140625,-0.058837890625,-0.020263671875,0.02490234375,0.009765625,-0.025390625,-0.021484375,-0.021484375,-0.01220703125,-0.032958984375,0.0380859375,0.056884765625,-0.0048828125,-0.015869140625,0.01171875,-0.02294921875,-0.054443359375,-0.0361328125,-0.0087890625,-0.033203125,-0.033203125,-0.056396484375,0.07470703125,0.0400390625,-0.042236328125,-0.02490234375,0.017578125,-0.033203125,-0.076416015625,-0.029052734375,0.01708984375,-0.02685546875,-0.06884765625,-0.06884765625,-0.025146484375,0.017333984375,-0.03076171875,0.0078125,0.04541015625,-0.008056640625,-0.059814453125,-0.035400390625,0.001708984375,-0.010986328125,-0.013427734375,-0.013427734375,0.0341796875,-0.020751953125,-0.0341796875,0.007568359375,-0.00048828125,-0.055419921875,-0.05419921875,-0.013916015625,-0.01953125,-0.039306640625,-0.01953125,0.022216796875,0.022216796875,-0.003173828125,-0.0068359375,-0.010009765625,-0.039306640625,-0.036865234375,0.01806640625,0.01953125,-0.038330078125,-0.054443359375,-0.01025390625,0.026123046875,0.001953125,0.001953125,-0.009521484375,0.01806640625,-0.042236328125,-0.04638671875,-0.004150390625,-0.018310546875,-0.07373046875,-0.04296875,0.04248046875,0.0498046875,0.000732421875,0.002197265625,0.01611328125,0.01611328125,-0.0673828125,-0.02734375,0.0107421875,-0.028564453125,-0.092041015625,-0.05859375,0.012939453125,0.008544921875,-0.021240234375,0.02587890625,0.06201171875,-0.021728515625,-0.084228515625,-0.084228515625,0.048095703125,0.015380859375,-0.036376953125,-0.025634765625,-0.0009765625,-0.0244140625,-0.0478515625,0.00634765625,0.0546875,0.01708984375,-0.008544921875,0.00634765625,-0.032958984375,-0.032958984375,-0.055908203125,-0.001953125,0.010009765625,-0.00537109375,0.0078125,0.037841796875,0.001220703125,-0.065673828125,-0.047607421875,0.02392578125,0.025634765625,-0.017822265625,-0.0361328125,-0.042724609375,-0.04638671875,-0.037109375,0.012939453125,0.053466796875,0.01318359375,-0.03125,-0.010009765625,0.0126953125,-0.0166015625,-0.038330078125,-0.01708984375,-0.01171875,-0.014404296875,-0.00341796875,0.018798828125,0.0068359375,-0.054443359375,-0.060546875,0.0244140625,0.0390625,-0.033447265625,-0.034423828125,0.003662109375,-0.02978515625,-0.07763671875,-0.056640625,0.007568359375,0.044189453125,0.01611328125,0.00244140625,0.04296875,0.016357421875,-0.036865234375,-0.013671875,0.009521484375,-0.01953125,-0.046875,-0.030029296875,-0.004638671875,-0.010498046875,-0.029541015625,-0.00146484375,0.004638671875,-0.04443359375,-0.03173828125,0.033935546875,0.028564453125,-0.022705078125,-0.036865234375,-0.03076171875,-0.03564453125,-0.044189453125,-0.010009765625,0.05712890625,0.03271484375,-0.028076171875,-0.009765625,0.00048828125,-0.041748046875,-0.059814453125,-0.024658203125,0.012939453125,-0.001708984375,-0.02001953125,0.024658203125,0.05322265625,-0.02587890625,-0.016845703125,-0.016845703125,0.0546875,0.0126953125,-0.02099609375,0.000244140625,0.0185546875,-0.017578125,-0.052001953125,-0.0244140625,0.02099609375,-0.00732421875,-0.028564453125,0.019775390625,0.00146484375,-0.077392578125,-0.077392578125,-0.045166015625,-0.021240234375,-0.004638671875,0.009521484375,0.03515625,0.022705078125,-0.016357421875,-0.00634765625,0.010986328125,-0.02294921875,-0.036865234375,0.01708984375,0.01708984375,-0.021240234375,-0.040283203125,-0.00830078125,0.011962890625,-0.022705078125,-0.040771484375,0.0166015625,0.012939453125,-0.056396484375,-0.052001953125,-0.0166015625,-0.0166015625,-0.060546875,-0.033203125,0.03173828125,0.0322265625,0.0029296875,0.007080078125,0.0009765625,-0.03662109375,-0.055419921875,-0.010986328125,0.028564453125,-0.012451171875,-0.0859375,0.01025390625,0.01025390625,0.049560546875,0.04150390625,0.03369140625,0.022216796875,-0.024169921875,-0.075927734375,-0.069091796875,-0.00341796875,0.047607421875,-0.00341796875,-0.037353515625,-0.037353515625,0.05517578125,0.082275390625,0.018798828125,-0.04150390625,0.0009765625,0.048095703125,0.016845703125,-0.0498046875,-0.09375,-0.06201171875,-0.01220703125,-0.03125,-0.0302734375,-0.0302734375,0.001953125,0.048095703125,0.039306640625,0.00048828125,0.02197265625,0.01416015625,-0.056396484375,-0.05078125,-0.02587890625,-0.0341796875,-0.009765625,-0.03271484375,-0.076904296875,-0.0341796875,0.005615234375,-0.036376953125,-0.036376953125,-0.02197265625,-0.01220703125,0.022705078125,0.007568359375,-0.04541015625,-0.066162109375,-0.029052734375,0.021728515625,0.0185546875,-0.01904296875,-0.032470703125,0.0087890625,-0.00927734375,-0.00927734375,-0.027099609375,-0.00634765625,0.0126953125,0.00830078125,-0.00830078125,-0.028564453125,-0.007080078125,-0.016845703125,-0.03515625,-0.012451171875,-0.0087890625,0.04248046875,-0.031494140625,-0.03125,0.042236328125,0.042236328125,-0.001708984375,0.000244140625,0.0341796875,-0.061767578125,-0.040771484375,0.046875,-0.04443359375,-0.06884765625,0.04150390625,0.00146484375,-0.046875,0.004150390625,-0.033203125,-0.010498046875,-0.010498046875,-0.026123046875,-0.022705078125,0.012451171875,-0.01171875,-0.034912109375,-0.00390625,0.02001953125,0.01025390625,-0.020751953125,-0.058837890625,-0.009521484375,-0.00537109375,-0.0205078125,-0.0205078125,-0.01953125,-0.008544921875,-0.00439453125,-0.02099609375,-0.03662109375,-0.010986328125,0.020751953125,0.010009765625,0.003173828125,0.005859375,0.0068359375,-0.01318359375,-0.02587890625,-0.004638671875,0.021240234375,0.021240234375,0.02490234375,0.006103515625,-0.031494140625,-0.044189453125,-0.044189453125,-0.0390625,-0.037841796875,-0.014892578125,0.006103515625,0.00537109375,-0.007568359375,-0.00537109375,0.04296875,0.0400390625,0.0400390625,-0.006103515625,-0.02197265625,-0.025390625,-0.0751953125,-0.07666015625,-0.019775390625,-0.030029296875,0.014404296875,0.014404296875,-0.02734375,-0.06005859375,0.032470703125,0.014892578125,-0.027587890625,-0.0341796875,-0.0234375,0.042724609375,0.042724609375,-0.07275390625,0.020751953125,-0.037841796875,-0.07763671875,-0.018310546875,0.017578125,-0.00146484375,-0.00146484375,0.010009765625,0.010498046875,-0.020751953125,0.01708984375,0.000732421875,0.0087890625,-0.01025390625,-0.01220703125,-0.046875,-0.046875,-0.041748046875,-0.038818359375,-0.019287109375,0.017822265625,0.0146484375,-0.001708984375,-0.001220703125,-0.018798828125,-0.018798828125,-0.010498046875,0.004150390625,0.01025390625,-0.020263671875,-0.013427734375,-0.00634765625,-0.00048828125,0.038818359375,0.038818359375,-0.029052734375,-0.0703125,-0.05712890625,-0.048095703125,0.0390625,0.037353515625,0.014404296875,-0.0087890625,-0.0087890625,-0.05078125,-0.037109375,-0.006591796875,0.002197265625,0.0234375,-0.001708984375,-0.014892578125,-0.0302734375,-0.007080078125,-0.007080078125,-0.029052734375,-0.02734375,-0.06689453125,-0.058837890625,-0.013427734375,-0.022705078125,0.00390625,0.0458984375,0.0458984375,0.010986328125,-0.0341796875,-0.02392578125,-0.0029296875,-0.046142578125,-0.075927734375,-0.037353515625,0.02685546875,0.02685546875,0.0234375,-0.031982421875,-0.0166015625,0.00244140625,-0.045654296875,-0.03955078125,0.000732421875,0.037353515625,0.037353515625,0.002197265625,0.01513671875,0.018798828125,-0.010986328125,-0.0048828125,-0.02978515625,-0.02197265625,-0.044921875,-0.04052734375,0.003173828125,0.036865234375,0.06201171875,0.06201171875,0.064208984375,0.01123046875,-0.02783203125,-0.0322265625,-0.03369140625,0.01025390625,0.025146484375,0.001953125,0.001953125,-0.0068359375,0.009765625,-0.003662109375,-0.02783203125,-0.0419921875,-0.027587890625,-0.033935546875,-0.01806640625,-0.01806640625,0.02197265625,0.0361328125,0.023193359375,-0.00146484375,-0.01611328125,-0.05517578125,-0.08154296875,-0.061767578125,-0.061767578125,-0.02099609375,-0.00537109375,0.00732421875,0.026611328125,-0.021728515625,-0.019287109375,-0.03369140625,-0.0498046875,-0.04638671875,-0.03515625,0.009765625,0.020263671875,0.020263671875,0.013427734375,0.013671875,0.007568359375,-0.033447265625,-0.00244140625,-0.015869140625,-0.0078125,0.040771484375,0.040771484375,0.00537109375,-0.016357421875,0.001220703125,-0.010009765625,0.00732421875,0.027587890625,0.00537109375,-0.02099609375,-0.02099609375,-0.019287109375,-0.00634765625,0.003662109375,-0.001220703125,-0.008056640625,-0.007568359375,-0.035400390625,-0.036376953125,-0.006591796875,-0.006591796875,-0.00439453125,-0.00634765625,-0.0263671875,-0.001708984375,-0.0263671875,0.007568359375,-0.019287109375,-0.00537109375,-0.036376953125,-0.037353515625,0.01513671875,0.000732421875,0.000732421875,-0.03369140625,-0.00048828125,0.009765625,-0.01318359375,-0.009521484375,-0.003173828125,-0.02392578125,-0.058349609375,-0.02490234375,-0.02490234375,0.019287109375,-0.0068359375,0.0400390625,0.041015625,-0.024169921875,-0.0439453125,-0.0224609375,-0.018798828125,-0.018798828125,-0.054443359375,-0.063232421875,0.025146484375,0.013671875,-0.01318359375,0.003662109375,0.013916015625,-0.023681640625,-0.023681640625,-0.02587890625,0.01220703125,-0.054931640625,-0.03173828125,-0.024658203125,0.026123046875,-0.024169921875,-0.015869140625,0.046142578125,0.016845703125,-0.085693359375,-0.085693359375,-0.03857421875,0.060546875,0.01025390625,-0.039794921875,0.06298828125,0.00390625,-0.059326171875,0.00341796875,0.037353515625,0.037353515625,-0.014404296875,-0.04052734375,-0.015869140625,-0.0595703125,-0.014404296875,0.04248046875,-0.023193359375,-0.092529296875,-0.092529296875,0.000732421875,0.099365234375,-0.078125,0.015869140625,0.07421875,-0.0234375,-0.11376953125,-0.11376953125,-0.0341796875,0.04833984375,-0.07568359375,-0.006591796875,0.04248046875,0.074951171875,0.017578125,0.002685546875,0.03662109375,-0.063720703125,-0.109130859375,-0.01806640625,0.052490234375,0.052490234375,-0.029296875,-0.036865234375,0.043212890625,-0.073486328125,-0.090576171875,0.048828125,0.04052734375,-0.079833984375,-0.079833984375,-0.048828125,0.06982421875,-0.089111328125,-0.055908203125,0.075439453125,0.041259765625,-0.091796875,-0.056884765625,-0.056884765625,0.087158203125,0.053955078125,-0.031982421875,0.07861328125,-0.031005859375,-0.135498046875,-0.0087890625,0.086669921875,0.086669921875,-0.015869140625,0.033203125,0.0751953125,-0.050537109375,-0.052001953125,-0.12744140625,0.091552734375,-0.1015625,-0.11279296875,0.085205078125,0.109375,-0.092041015625,-0.092041015625,-0.123779296875,0.07568359375,-0.111083984375,-0.116943359375,0.081787109375,0.091552734375,-0.091552734375,-0.081787109375,-0.081787109375,0.082763671875,-0.112548828125,-0.0712890625,0.056640625,-0.031005859375,-0.10546875,0.011474609375,0.09765625,-0.018798828125,-0.018798828125,-0.14599609375,0.11572265625,-0.042236328125,-0.141357421875,0.040771484375,0.134765625,-0.063232421875,-0.135009765625,-0.135009765625,0.10546875,-0.06689453125,-0.14794921875,0.01708984375,0.10498046875,-0.052001953125,-0.101318359375,-0.101318359375,0.073974609375,-0.092041015625,-0.10693359375,0.086669921875,0.059326171875,-0.12939453125,-0.07666015625,0.08154296875,0.0283203125,0.0283203125,-0.032958984375,0.12451171875,0.014892578125,-0.14990234375,-0.0224609375,0.13134765625,-0.005615234375,-0.155029296875,-0.155029296875,0.112548828125,-0.031005859375,-0.132080078125,0.0478515625,0.1572265625,-0.03466796875,-0.161865234375,0.01025390625,0.01025390625,-0.06689453125,-0.13720703125,0.047119140625,0.10009765625,-0.083251953125,-0.113525390625,0.065673828125,0.078369140625,0.078369140625,-0.088623046875,0.095947265625,0.06591796875,-0.132080078125,-0.08447265625,0.09912109375,0.020751953125,-0.168701171875,-0.168701171875,0.133544921875,0.078369140625,-0.11962890625,-0.049072265625,0.127197265625,0.02490234375,-0.14697265625,-0.031494140625,-0.031494140625,-0.03076171875,-0.14697265625,0.038818359375,0.15087890625,-0.0322265625,-0.1181640625,0.072265625,0.1298828125,0.1298828125,-0.200927734375,0.0400390625,0.13671875,-0.08740234375,-0.154296875,0.06982421875,0.156005859375,-0.06005859375,-0.06005859375,0.054443359375,0.08544921875,-0.107666015625,-0.11572265625,0.06787109375,0.067138671875,-0.097900390625,-0.05078125,0.12109375,0.041015625,-0.1484375,-0.066650390625,0.091796875,-0.005615234375,-0.130859375,0.01123046875,0.16796875,0.024169921875,-0.1318359375,-0.043212890625,0.05126953125,-0.052734375,-0.1357421875,0.02392578125,0.136962890625,-0.007568359375,-0.09814453125,0.030029296875,0.06103515625,-0.10693359375,-0.149169921875,0.02783203125,0.089599609375,-0.034912109375,-0.027587890625,0.103515625,0.0712890625,-0.117919921875,-0.1083984375,0.03759765625,0.0029296875,-0.102783203125,-0.00634765625,0.114501953125,0.025390625,-0.0947265625,-0.001953125,0.113037109375,-0.0244140625,-0.16357421875,-0.0166015625,0.111572265625,-0.016357421875,-0.098388671875,0.02685546875,0.086669921875,-0.078369140625,-0.16015625,-0.0048828125,0.082763671875,-0.045654296875,-0.059326171875,0.095458984375,0.09228515625,-0.102783203125,-0.119384765625,0.047607421875,0.039794921875,-0.105712890625,-0.0556640625,0.10986328125,0.076171875,-0.071533203125,-0.035400390625,0.07373046875,0.004638671875,-0.119384765625,-0.06103515625,0.051025390625,0.000244140625,-0.086669921875,-0.003662109375,0.102294921875,0.0009765625,-0.10302734375,-0.0244140625,0.052978515625,-0.031982421875,-0.10107421875,0.009033203125,0.079833984375,-0.046630859375,-0.109619140625,0.008544921875,0.07470703125,-0.052978515625,-0.099853515625,0.03271484375,0.060302734375,-0.039794921875,-0.028076171875,0.063232421875,0.023193359375,-0.094970703125,-0.0654296875,0.0400390625,0.021484375,-0.0615234375,-0.013427734375,0.073486328125,0.02099609375,-0.07275390625,-0.03125,0.029296875,-0.05859375,-0.109619140625,0.0244140625,0.123779296875,0.015380859375,-0.0771484375,-0.013916015625,0.029296875,-0.0810546875,-0.108642578125,0.03662109375,0.09375,-0.037841796875,-0.068359375,0.041015625,0.03662109375,-0.07763671875,-0.04443359375,0.068359375,0.03076171875,-0.06201171875,-0.00048828125,0.073974609375,-0.0146484375,-0.11083984375,-0.033935546875,0.060302734375,-0.035400390625,-0.10009765625,0.0107421875,0.086181640625,-0.015869140625,-0.0751953125,0.01318359375,0.048828125,-0.069580078125,-0.107421875,0.012451171875,0.053955078125,-0.04833984375,-0.05712890625,0.06640625,0.056884765625,-0.099853515625,-0.08544921875,0.06689453125,0.055419921875,-0.094482421875,-0.063720703125,0.086669921875,0.04541015625,-0.10400390625,-0.054443359375,0.09912109375,0.03759765625,-0.10693359375,-0.04345703125,0.018310546875,0.018310546875,-0.11279296875,-0.04638671875,0.06201171875,-0.017822265625,-0.091064453125,-0.0126953125,0.061767578125,-0.0712890625,-0.0712890625,0.028076171875,0.069580078125,-0.05419921875,-0.092041015625,0.01416015625,0.032470703125,-0.088134765625,0.067138671875,0.067138671875,0.101806640625,-0.035888671875,-0.07470703125,0.038818359375,0.02978515625,-0.079345703125,-0.0625,0.017578125,0.017578125,-0.066650390625,-0.015380859375,0.074462890625,0.017333984375,-0.0791015625,-0.042724609375,0.015380859375,-0.065185546875,-0.065185546875,-0.001953125,0.06103515625,-0.018798828125,-0.068115234375,0.014892578125,0.04736328125,-0.0458984375,0.0263671875,0.0263671875,0.030029296875,-0.065185546875,-0.03564453125,0.072998046875,0.03173828125,-0.0986328125,-0.06396484375,0.025146484375,0.025146484375,-0.06494140625,-0.01708984375,0.072509765625,0.01025390625,-0.089111328125,-0.01708984375,0.08935546875,-0.10107421875,-0.10107421875,-0.037353515625,0.0400390625,-0.021240234375,-0.06005859375,0.017333984375,0.058349609375,-0.038330078125,0.024169921875,0.052978515625,0.052978515625,-0.05078125,-0.085693359375,0.0,0.04248046875,-0.025634765625,-0.03076171875,0.02783203125,-0.056396484375,-0.056396484375,-0.0400390625,0.04052734375,0.013427734375,-0.073974609375,-0.03662109375,0.033935546875,-0.0869140625,0.017578125,0.017578125,0.1142578125,0.009765625,-0.095947265625,-0.039306640625,0.052978515625,-0.001220703125,-0.03271484375,0.03564453125,-0.025634765625,-0.076171875,-0.076171875,-0.005615234375,0.067626953125,-0.0078125,-0.0830078125,0.0048828125,0.069580078125,-0.03125,-0.089111328125,0.016845703125,0.05615234375,-0.040283203125,0.03515625,0.082275390625,-0.040771484375,-0.07568359375,-0.07568359375,0.024658203125,0.033935546875,-0.06298828125,-0.058837890625,0.04833984375,0.006591796875,-0.0859375,-0.005859375,0.090576171875,-0.000732421875,-0.0908203125,0.044189453125,-0.037841796875,-0.09033203125,0.0029296875,0.0029296875,0.056396484375,-0.044189453125,-0.058349609375,0.0341796875,0.030517578125,-0.040283203125,-0.03955078125,0.02685546875,0.029541015625,-0.05419921875,-0.045654296875,0.036376953125,-0.077392578125,-0.066162109375,0.044677734375,0.03515625,0.03515625,-0.049072265625,-0.022705078125,0.050048828125,-0.01318359375,-0.08447265625,-0.01025390625,0.042724609375,-0.039794921875,-0.075439453125,0.0107421875,-0.045654296875,-0.043701171875,0.0380859375,0.04248046875,-0.05517578125,-0.05517578125,-0.09130859375,0.01318359375,0.06005859375,-0.05712890625,-0.089599609375,0.036376953125,0.06591796875,-0.043701171875,-0.054931640625,0.066162109375,-0.0712890625,-0.07275390625,0.036865234375,0.012451171875,0.012451171875,-0.080322265625,-0.043701171875,0.05615234375,0.011962890625,-0.062255859375,-0.017578125,0.045654296875,-0.003662109375,-0.066162109375,-0.01708984375,-0.02392578125,-0.080810546875,-0.004638671875,0.043701171875,-0.030517578125,-0.073974609375,-0.073974609375,0.0146484375,0.072021484375,-0.030517578125,-0.082763671875,0.0234375,0.052734375,-0.056884765625,-0.047607421875,0.042724609375,0.0146484375,-0.0576171875,-0.022216796875,0.06787109375,0.0244140625,-0.076171875,-0.060791015625,0.0322265625,0.008544921875,-0.07177734375,-0.027099609375,0.049072265625,-0.007080078125,-0.0244140625,0.063232421875,0.00390625,-0.067626953125,-0.025146484375,0.021240234375,-0.023193359375,-0.04833984375,0.001708984375,0.0224609375,-0.04345703125,-0.04443359375,-0.04443359375,0.04541015625,0.049560546875,-0.0478515625,-0.0546875,0.02392578125,0.01123046875,-0.042236328125,-0.021484375,0.03662109375,0.001708984375,-0.08544921875,-0.045654296875,0.059326171875,0.0302734375,-0.054931640625,-0.026123046875,0.043212890625,-0.070556640625,-0.0341796875,0.031005859375,-0.02197265625,-0.070556640625,-0.012451171875,0.049560546875,0.0029296875,-0.041748046875,0.000244140625,0.012939453125,-0.0380859375,-0.021728515625,0.055419921875,0.055419921875,0.030029296875,-0.072265625,-0.06396484375,0.03515625,0.0283203125,-0.068359375,-0.04833984375,0.059326171875,0.03271484375,-0.068603515625,-0.0498046875,0.050537109375,0.0068359375,-0.091552734375,-0.04052734375,0.023681640625,-0.07275390625,-0.039794921875,0.036376953125,-0.022705078125,-0.076904296875,-0.006591796875,0.0498046875,-0.00634765625,-0.03662109375,0.003662109375,0.022705078125,-0.03515625,-0.0576171875,0.01904296875,0.01904296875,0.04833984375,-0.020751953125,-0.036865234375,0.0302734375,0.018310546875,-0.0615234375,-0.0537109375,0.023681640625,0.00146484375,-0.049560546875,-0.024169921875,0.031005859375,0.01123046875,-0.048828125,-0.033203125,-0.0029296875,-0.048095703125,-0.011474609375,0.0234375,-0.032470703125,-0.06494140625,0.00146484375,0.057373046875,-0.01220703125,-0.06298828125,-0.0068359375,0.02880859375,-0.017822265625,-0.031982421875,0.01220703125,0.01220703125,0.00927734375,-0.034423828125,-0.030517578125,0.01416015625,-0.00048828125,-0.056640625,-0.040771484375,0.041259765625,0.028076171875,-0.06591796875,-0.052001953125,0.04052734375,0.001953125,-0.07080078125,0.028076171875,0.005126953125,-0.044189453125,-0.00830078125,0.028564453125,-0.012939453125,-0.035888671875,-0.007080078125,0.00634765625,-0.053955078125,-0.0634765625,0.02587890625,0.045166015625,-0.02880859375,-0.0224609375,0.0478515625,0.0244140625,0.0244140625,-0.0654296875,-0.056640625,0.012939453125,0.004150390625,-0.05615234375,-0.0390625,0.04443359375,0.027099609375,-0.046142578125,-0.024658203125,0.037841796875,-0.001953125,-0.012451171875,0.043701171875,-0.012451171875,-0.072265625,-0.036376953125,0.024169921875,-0.02685546875,-0.068359375,0.018310546875,0.079345703125,-0.00732421875,-0.055908203125,0.01416015625,0.0400390625,-0.029052734375,-0.076171875,-0.005615234375,0.045654296875,-0.031494140625,-0.031494140625,-0.05224609375,0.014892578125,0.0068359375,-0.05908203125,-0.048583984375,0.029296875,0.021240234375,-0.03564453125,-0.02490234375,0.022216796875,-0.079833984375,-0.053466796875,0.04541015625,0.032470703125,-0.0576171875,-0.011962890625,0.074462890625,-0.015380859375,-0.0947265625,-0.02197265625,0.0576171875,-0.01416015625,-0.063720703125,0.0107421875,0.05712890625,-0.004150390625,-0.061279296875,-0.0068359375,0.042724609375,-0.023681640625,-0.070068359375,-0.070068359375,0.012939453125,0.0166015625,-0.052734375,-0.033935546875,0.02197265625,-0.00048828125,-0.04931640625,-0.014892578125,0.035400390625,-0.07763671875,-0.007080078125,0.05126953125,-0.024658203125,-0.0830078125,-0.030029296875,0.052001953125,0.001708984375,-0.060302734375,-0.008056640625,0.063720703125,0.031494140625,-0.049072265625,-0.028076171875,0.00732421875,-0.04541015625,-0.0458984375,0.01318359375,0.005126953125,-0.00244140625,0.015625,0.0390625,-0.011474609375,-0.011474609375,-0.092529296875,-0.052001953125,0.0390625,-0.009521484375,-0.07861328125,-0.016357421875,0.0537109375,-0.008056640625,-0.017578125,0.035400390625,-0.014892578125,-0.058349609375,0.010986328125,0.090087890625,0.03076171875,-0.087890625,-0.062255859375,0.0380859375,0.01513671875,-0.077392578125,-0.09716796875,0.03662109375,0.12646484375,-0.006591796875,-0.106201171875,-0.05712890625,0.07763671875,0.076171875,-0.0849609375,-0.09716796875,0.026611328125,0.026611328125,0.123291015625,-0.0048828125,-0.186279296875,-0.06884765625,0.08056640625,0.103271484375,-0.051513671875,0.01904296875,0.08935546875,0.009521484375,-0.06689453125,-0.095703125,0.01953125,0.06591796875,-0.048095703125,-0.077880859375,0.02001953125,0.03369140625,-0.027099609375,-0.075927734375,-0.11328125,0.030029296875,0.11865234375,0.00244140625,-0.0419921875,-0.05224609375,0.005859375,0.03271484375,-0.033935546875,-0.0263671875,-0.0263671875,-0.007080078125,0.008056640625,-0.0263671875,-0.049560546875,-0.0185546875,0.05224609375,-0.029541015625,-0.079833984375,-0.052001953125,0.025634765625,0.028076171875,-0.006591796875,-0.022216796875,-0.0029296875,0.01220703125,-0.0419921875,-0.019775390625,-0.0390625,0.01318359375,-0.02392578125,-0.0673828125,0.04638671875,-0.03857421875,0.025634765625,0.03466796875,-0.0986328125,0.05517578125,-0.037109375,-0.086181640625,0.05322265625,-0.069091796875,-0.069091796875,0.01611328125,0.04736328125,-0.0654296875,0.003173828125,-0.014892578125,0.01318359375,-0.08203125,-0.03271484375,0.03173828125,-0.025390625,-0.02978515625,0.002685546875,0.028076171875,-0.008056640625,-0.065185546875,-0.028564453125,0.031494140625,0.03173828125,-0.018310546875,-0.049560546875,-0.0009765625,0.03662109375,0.00927734375,-0.05126953125,-0.060791015625,-0.003173828125,0.011474609375,-0.058837890625,-0.0751953125,-0.0751953125,0.054443359375,0.14990234375,-0.005615234375,-0.18310546875,0.145751953125,0.06396484375,-0.1923828125,-0.17626953125,0.131591796875,0.16650390625,-0.1533203125,-0.179931640625,0.118896484375,0.158935546875,-0.13134765625,-0.197265625,0.070556640625,0.158935546875,-0.0302734375,-0.11669921875,0.03955078125,0.1298828125,-0.02880859375,-0.126953125,0.009033203125,0.053466796875,-0.03955078125,-0.0244140625,-0.01416015625,-0.066650390625,0.01611328125,0.107421875,0.107421875,-0.03564453125,0.029296875,0.112060546875,-0.048583984375,-0.060302734375,0.04833984375,0.021484375,-0.0390625,-0.00732421875,-0.026611328125,-0.05712890625,0.048583984375,0.053466796875,-0.094970703125,-0.06103515625,0.0615234375,-0.009033203125,-0.113525390625,-0.0029296875,0.052734375,-0.0859375,-0.059326171875,0.0517578125,-0.008544921875,-0.06494140625,0.016845703125,0.03271484375,-0.0556640625,-0.032958984375,-0.000732421875,-0.04443359375,-0.04443359375,0.02978515625,-0.068603515625,-0.054443359375,0.0380859375,-0.01904296875,-0.072021484375,0.044677734375,0.046142578125,-0.070556640625,-0.015625,0.015625,-0.071044921875,-0.009765625,0.112548828125,-0.014404296875,-0.156005859375,0.020263671875,0.13671875,-0.013427734375,-0.055419921875,0.01416015625,-0.00048828125,-0.0009765625,0.0322265625,-0.033447265625,-0.064208984375,0.060302734375,0.033935546875,-0.095947265625,-0.01904296875,0.0498046875,-0.0244140625,-0.0166015625,0.052001953125,-0.021484375,-0.06884765625,0.054443359375,0.01708984375,-0.123046875,-0.01123046875,0.102783203125,-0.037841796875,-0.13134765625,0.020263671875,0.080078125,-0.060791015625,-0.065673828125,0.008544921875,-0.025634765625,-0.03466796875,-0.011962890625,-0.038818359375,-0.03173828125,0.021240234375,-0.0263671875,-0.0849609375,0.00146484375,-0.0009765625,-0.0712890625,0.03076171875,0.06591796875,-0.057861328125,-0.057861328125,0.060546875,-0.017333984375,-0.114501953125,0.04931640625,0.09814453125,-0.098876953125,-0.105224609375,0.07470703125,0.072021484375,-0.062744140625,-0.0341796875,0.02783203125,-0.0263671875,0.0087890625,0.04833984375,-0.028564453125,-0.033447265625,0.051513671875,0.0166015625,-0.09130859375,-0.02392578125,0.049560546875,-0.010009765625,-0.007080078125,0.0009765625,-0.0322265625,0.015869140625,0.032470703125,-0.072021484375,0.093994140625,0.05224609375,0.05224609375,-0.138671875,-0.04736328125,0.0849609375,-0.018310546875,-0.083251953125,0.01513671875,0.028076171875,-0.060302734375,-0.00439453125,0.022216796875,-0.04931640625,-0.001220703125,0.0322265625,-0.053466796875,-0.055908203125,0.016357421875,-0.02685546875,-0.0556640625,0.043701171875,0.0,-0.105224609375,0.01025390625,0.042236328125,-0.090576171875,-0.040771484375,0.12158203125,-0.1640625,-0.04443359375,0.09326171875,0.09326171875,-0.002685546875,-0.0576171875,-0.010009765625,-0.008056640625,-0.027099609375,0.021484375,0.010498046875,-0.064453125,0.001953125,0.056396484375,-0.03564453125,-0.054931640625,0.009033203125,0.013671875,-0.01220703125,0.01171875,-0.016357421875,-0.05322265625,0.02978515625,0.009033203125,-0.072265625,0.016357421875,0.078125,-0.052490234375,0.072265625,0.06640625,-0.100341796875,-0.0419921875,0.071533203125,0.071533203125,-0.007568359375,-0.06640625,-0.00634765625,0.00732421875,-0.0263671875,0.019775390625,0.0048828125,-0.06884765625,-0.005126953125,0.015869140625,-0.055419921875,-0.018798828125,0.018798828125,-0.045166015625,-0.02587890625,0.00634765625,-0.045166015625,-0.026611328125,0.037109375,-0.029541015625,-0.065185546875,0.038330078125,0.05615234375,0.0771484375,-0.05712890625,-0.04296875,-0.006591796875,-0.0439453125,0.015380859375,0.03662109375,-0.063232421875,-0.0478515625,0.064453125,0.009033203125,-0.08056640625,-0.002685546875,0.011474609375,-0.043212890625,0.022705078125,0.02734375,-0.0673828125,-0.013916015625,0.069091796875,-0.041259765625,-0.09716796875,0.077392578125,0.09228515625,-0.0732421875,0.074462890625,0.04296875,-0.053955078125,-0.02734375,-0.005615234375,-0.01953125,-0.01953125,0.04052734375,0.002685546875,-0.08251953125,0.0009765625,0.06787109375,-0.03466796875,-0.0751953125,0.0205078125,-0.00146484375,-0.0546875,0.031494140625,0.00830078125,-0.083740234375,0.001220703125,0.04541015625,-0.076171875,-0.066650390625,0.107177734375,0.05078125,-0.15869140625,-0.06982421875,0.101806640625,-0.082275390625,-0.02734375,0.020751953125,-0.0234375,0.00048828125,-0.00146484375,-0.05517578125,0.007080078125,0.007080078125,0.03857421875,-0.04345703125,-0.046630859375,0.017333984375,-0.0078125,-0.03466796875,0.031982421875,-0.016845703125,-0.09228515625,0.03271484375,0.049560546875,-0.08447265625,-0.03515625,0.09375,-0.00146484375,-0.13720703125,-0.006591796875,0.0732421875,-0.0498046875,-0.0556640625,0.0263671875,-0.003662109375,0.008056640625,-0.00927734375,-0.05029296875,0.02783203125,0.02783203125,0.01416015625,-0.0791015625,0.003662109375,0.043212890625,-0.048583984375,-0.0234375,0.068359375,-0.07177734375,0.030517578125,0.005615234375,-0.080322265625,-0.080322265625,0.040771484375,0.081298828125,-0.084228515625,-0.0927734375,0.075927734375,0.043701171875,-0.093505859375,0.0634765625,-0.054931640625,-0.062744140625,0.01904296875,0.000732421875,0.000732421875,-0.034423828125,0.022216796875,0.00048828125,-0.096923828125,-0.02392578125,0.029541015625,-0.028076171875,0.013671875,-0.04638671875,-0.037841796875,0.043212890625,0.043212890625,-0.026123046875,-0.089599609375,0.030517578125,0.03466796875,-0.082763671875,-0.02392578125,0.040771484375,-0.060302734375,0.07421875,0.022705078125,-0.125,-0.01513671875,-0.01513671875,0.0869140625,-0.012939453125,-0.0625,0.0224609375,0.019287109375,-0.0419921875,0.015869140625,-0.053955078125,0.02734375,0.05615234375,-0.055419921875,-0.05029296875,-0.05029296875,0.02734375,-0.02392578125,-0.0556640625,0.048095703125,0.01171875,-0.087890625,0.029541015625,-0.098876953125,-0.03369140625,0.11474609375,-0.000732421875,-0.14892578125,-0.14892578125,0.00341796875,0.09619140625,-0.028564453125,-0.050537109375,0.012939453125,-0.022216796875,0.023193359375,-0.019775390625,-0.076171875,0.02880859375,0.027587890625,0.027587890625,-0.077392578125,-0.021484375,0.012939453125,-0.066650390625,-0.03173828125,0.084716796875,-0.01318359375,0.010986328125,0.101806640625,-0.043701171875,-0.08203125,0.017822265625,0.023193359375,0.023193359375,-0.02294921875,0.009521484375,-0.0087890625,-0.0478515625,0.03369140625,0.0244140625,-0.0703125,0.034912109375,-0.036376953125,-0.0361328125,0.048095703125,-0.01025390625,-0.063720703125,0.04150390625,0.04150390625,0.001220703125,-0.111328125,0.013671875,0.130859375,-0.0302734375,-0.158203125,0.091796875,-0.02783203125,-0.04345703125,-0.005859375,-0.02001953125,0.00830078125,0.033935546875,0.033935546875,-0.0517578125,-0.086181640625,0.050537109375,0.0546875,-0.0986328125,0.033447265625,0.009765625,-0.013427734375,-0.0068359375,-0.038330078125,-0.031005859375,0.050537109375,0.050537109375,-0.013671875,-0.0927734375,0.05078125,0.102783203125,-0.0791015625,-0.12548828125,0.087158203125,-0.0712890625,-0.0546875,0.027587890625,-0.018798828125,-0.015625,-0.00390625,-0.00390625,-0.05126953125,-0.02783203125,0.043701171875,-0.0048828125,-0.065673828125,0.015380859375,-0.073486328125,0.036865234375,0.071044921875,-0.0771484375,-0.090576171875,0.069091796875,0.04638671875,-0.080078125,-0.080078125,-0.01513671875,0.033935546875,-0.037109375,-0.013916015625,0.001953125,-0.00341796875,0.084228515625,-0.022705078125,-0.12353515625,0.0244140625,0.047119140625,-0.064453125,-0.002197265625,-0.002197265625,0.049560546875,-0.037841796875,-0.035888671875,0.046875,-0.037841796875,0.085205078125,0.083984375,-0.11962890625,-0.092529296875,0.072021484375,0.052490234375,-0.050537109375,-0.050537109375,-0.037841796875,-0.02734375,-0.038330078125,0.052001953125,-0.097900390625,-0.045654296875,0.08251953125,0.011962890625,-0.110107421875,-0.022216796875,0.0419921875,-0.016357421875,-0.016357421875,-0.007080078125,-0.01416015625,-0.060546875,0.00390625,-0.05859375,-0.079833984375,0.06396484375,0.031494140625,-0.09228515625,-0.0009765625,0.01806640625,-0.087890625,-0.087890625,-0.01904296875,0.1064453125,-0.006591796875,-0.004638671875,0.086669921875,-0.028076171875,-0.052490234375,0.00048828125,-0.013916015625,-0.005859375,0.040283203125,0.040283203125,-0.0224609375,-0.081787109375,0.0400390625,0.06591796875,-0.067138671875,0.030517578125,0.017578125,-0.01708984375,0.01318359375,-0.01953125,-0.046630859375,0.045166015625,0.045166015625,0.0068359375,-0.077392578125,0.019775390625,-0.060791015625,-0.03955078125,0.052734375,-0.03662109375,-0.091064453125,0.078857421875,0.079833984375,-0.11865234375,-0.08837890625,-0.08837890625,0.076416015625,0.0400390625,-0.031494140625,0.020263671875,-0.02978515625,-0.002197265625,-0.00927734375,-0.05810546875,-0.007080078125,0.026611328125,-0.046142578125,-0.046142578125,-0.0517578125,0.0341796875,-0.019287109375,0.04833984375,0.021484375,-0.0849609375,-0.00146484375,0.04541015625,-0.0751953125,-0.0703125,0.105712890625,0.05078125,0.05078125,-0.144287109375,-0.05322265625,0.080078125,-0.054931640625,-0.01953125,-0.01171875,-0.031982421875,0.02880859375,-0.005615234375,-0.090087890625,0.00830078125,0.074951171875,-0.04052734375,-0.04052734375,-0.0830078125,0.024658203125,-0.032958984375,0.00439453125,0.005615234375,-0.05029296875,0.01123046875,0.0126953125,-0.0517578125,0.00927734375,0.066162109375,-0.04541015625,-0.098876953125,-0.098876953125,0.0576171875,0.0498046875,-0.00537109375,0.037353515625,-0.051513671875,-0.02685546875,0.04931640625,-0.0498046875,-0.087158203125,0.080810546875,0.06005859375,-0.130126953125,-0.0615234375,-0.0615234375,0.095703125,0.021728515625,-0.0087890625,0.026611328125,-0.047607421875,-0.001708984375,0.003662109375,-0.06591796875,-0.003662109375,0.05078125,-0.044677734375,-0.07958984375,0.026123046875,0.026123046875,-0.000732421875,0.02978515625,0.008544921875,-0.091796875,-0.001953125,0.03515625,-0.08251953125,-0.048095703125,0.10400390625,0.011474609375,-0.142578125,-0.0048828125,0.07275390625,0.07275390625,-0.021728515625,0.029052734375,-0.033447265625,-0.058837890625,0.044189453125,0.014404296875,-0.073486328125,0.0205078125,0.0693359375,-0.042724609375,-0.055419921875,0.033935546875,0.011962890625,0.011962890625,-0.0341796875,-0.01904296875,-0.073486328125,0.0390625,0.034423828125,-0.080078125,-0.021240234375,0.071044921875,-0.022216796875,-0.0693359375,0.040283203125,-0.015625,-0.099365234375,-0.099365234375,0.04541015625,-0.089599609375,-0.10986328125,0.047119140625,0.037109375,-0.07421875,-0.01171875,0.025390625,-0.048828125,-0.010498046875,0.020263671875,-0.070556640625,-0.072021484375,-0.072021484375,0.054443359375,-0.108154296875,-0.048583984375,0.050537109375,0.001708984375,-0.015869140625,-0.001953125,-0.0419921875,-0.02197265625,0.053466796875,-0.014892578125,-0.071533203125,-0.071533203125,0.0458984375,-0.086669921875,-0.01025390625,0.048095703125,-0.055908203125,-0.04638671875,0.09521484375,0.00927734375,-0.159912109375,-0.024658203125,0.0986328125,0.0986328125,-0.06005859375,-0.009521484375,-0.005126953125,-0.009765625,0.040771484375,-0.01953125,-0.099853515625,0.026611328125,0.0791015625,-0.059326171875,-0.07861328125,0.021728515625,0.012939453125,-0.0390625,0.003173828125,-0.017578125,-0.052978515625,0.035888671875,0.00048828125,-0.093017578125,0.015380859375,0.088134765625,-0.058837890625,-0.11083984375,-0.11083984375,0.040771484375,-0.076904296875,0.007568359375,0.044677734375,-0.06103515625,-0.038818359375,0.047607421875,-0.014892578125,-0.056396484375,0.0400390625,0.00634765625,-0.071044921875,0.027099609375,0.018310546875,-0.080322265625,0.008056640625,0.097900390625,-0.03857421875,-0.131591796875,0.039306640625,0.072509765625,-0.0791015625,-0.041748046875,0.055908203125,-0.010009765625,-0.077880859375,0.0048828125,0.030517578125,-0.04638671875,-0.005126953125,0.011474609375,-0.0732421875,-0.0341796875,0.0341796875,-0.018310546875,-0.0478515625,0.017822265625,0.0009765625,-0.06103515625,0.00341796875,-0.016845703125,-0.071044921875,0.03857421875,0.060791015625,-0.080810546875,-0.0732421875,0.084228515625,0.033935546875,-0.08837890625,0.005126953125,0.04638671875,-0.0380859375,0.005615234375,0.0302734375,-0.0595703125,-0.026611328125,0.096435546875,0.005615234375,-0.12060546875,0.015869140625,0.06201171875,-0.040283203125,-0.005615234375,0.03125,-0.048583984375,-0.03662109375,0.056884765625,-0.048583984375,-0.10791015625,0.098388671875,0.113525390625,-0.123046875,-0.1279296875,0.060546875,0.0634765625,-0.054443359375,-0.044677734375,-0.030029296875,-0.0478515625,0.035888671875,0.010009765625,-0.104736328125,-0.05029296875,0.065673828125,0.000244140625,-0.105224609375,-0.019287109375,0.025634765625,-0.026123046875,0.004638671875,-0.00390625,-0.071533203125,-0.017333984375,0.068359375,-0.01171875,-0.074951171875,0.03369140625,0.0302734375,-0.05029296875,0.01708984375,0.006591796875,-0.082275390625,-0.006103515625,0.128173828125,0.008056640625,-0.164306640625,-0.00439453125,0.125,-0.014892578125,-0.08984375,0.00244140625,0.041015625,-0.009765625,-0.010498046875,-0.02685546875,-0.044921875,0.051025390625,0.038330078125,-0.089599609375,-0.03369140625,0.054443359375,-0.021240234375,-0.070556640625,0.033203125,0.020263671875,-0.103271484375,-0.022705078125,0.04296875,-0.04833984375,-0.044677734375,0.037841796875,-0.00537109375,-0.069580078125,0.008544921875,0.008544921875,-0.0380859375,0.016845703125,-0.010986328125,-0.070556640625,0.02783203125,0.049560546875,-0.07861328125,-0.057861328125,0.106689453125,0.02734375,-0.155517578125,-0.037841796875,0.015625,0.015625,-0.045166015625,-0.026123046875,-0.020263671875,0.00146484375,0.052978515625,-0.036865234375,-0.09716796875,0.045166015625,0.061279296875,-0.067626953125,0.036376953125,-0.022705078125,-0.022705078125,-0.03466796875,0.043212890625,-0.02880859375,-0.08056640625,0.056884765625,0.018798828125,-0.127197265625,-0.017333984375,0.1357421875,-0.00927734375,-0.17236328125,0.0927734375,-0.0263671875,-0.0263671875,-0.048583984375,-0.01171875,-0.02099609375,-0.0009765625,0.03125,-0.048095703125,-0.078125,0.0732421875,0.062255859375,-0.07763671875,0.065185546875,0.065185546875,0.044677734375,-0.050048828125,-0.034423828125,-0.006103515625,-0.03173828125,0.02978515625,0.0107421875,-0.0703125,0.00048828125,0.0615234375,-0.058837890625,0.01513671875,0.01513671875,-0.007080078125,-0.044677734375,0.064697265625,0.030517578125,-0.110595703125,-0.02099609375,0.0966796875,-0.01416015625,-0.110595703125,0.066162109375,-0.062255859375,-0.062255859375,-0.032470703125,0.01025390625,-0.03662109375,-0.010009765625,0.019775390625,-0.048095703125,-0.05908203125,0.044189453125,-0.013427734375,0.042724609375,0.022216796875,-0.091796875,-0.091796875,-0.007080078125,0.039306640625,-0.081787109375,-0.05859375,0.11474609375,0.025390625,-0.166748046875,-0.031005859375,0.093017578125,-0.05126953125,0.007080078125,-0.0009765625,-0.0009765625,-0.036865234375,0.03759765625,0.0009765625,-0.081298828125,0.02880859375,0.07080078125,-0.05126953125,-0.0732421875,0.02978515625,0.031005859375,0.012451171875,-0.00439453125,-0.04052734375,-0.04052734375,0.05224609375,0.006103515625,-0.108642578125,-0.0068359375,0.124267578125,-0.017578125,-0.159912109375,0.0302734375,0.124755859375,-0.09033203125,0.01708984375,0.027587890625,-0.033935546875,-0.033935546875,-0.029052734375,-0.029052734375,-0.029052734375,0.04248046875,-0.011474609375,-0.106201171875,-0.005859375,0.037841796875,-0.05810546875,0.0498046875,0.00439453125,-0.06298828125,0.032470703125,0.032470703125,-0.022216796875,-0.1171875,0.04052734375,0.12841796875,-0.079345703125,-0.176513671875,0.0556640625,0.117919921875,-0.074462890625,0.044189453125,0.0029296875,-0.034912109375,0.0009765625,0.0009765625,-0.01318359375,-0.035400390625,0.056640625,0.0234375,-0.11279296875,-0.0205078125,0.06396484375,-0.01171875,0.0166015625,-0.0185546875,-0.020263671875,0.050048828125,0.050048828125,-0.03125,-0.096435546875,0.065673828125,0.064453125,-0.092529296875,-0.036865234375,0.052978515625,-0.032470703125,-0.064208984375,0.019287109375,-0.1337890625,-0.008544921875,0.102783203125,-0.034423828125,-0.034423828125,-0.112060546875,0.00732421875,0.048095703125,-0.04541015625,-0.027099609375,-0.005859375,-0.02783203125,0.035400390625,-0.07861328125,-0.0166015625,0.0517578125,-0.045166015625,-0.076904296875,-0.076904296875,0.067626953125,0.0390625,-0.085693359375,-0.008544921875,0.01806640625,-0.06591796875,-0.01318359375,0.08642578125,-0.015625,0.021728515625,0.08447265625,-0.04638671875,-0.048828125,0.0078125,0.0078125,-0.0146484375,-0.017333984375,0.030029296875,-0.028076171875,-0.064208984375,0.05224609375,0.017578125,-0.019287109375,0.052001953125,-0.026611328125,-0.031005859375,0.041748046875,0.041748046875,-0.020263671875,-0.079345703125,0.0390625,0.00732421875,-0.1005859375,0.023681640625,-0.062744140625,-0.115966796875,0.06201171875,0.06201171875,-0.09912109375,-0.09912109375,-0.0341796875,0.05810546875,-0.0205078125,-0.044921875,0.009521484375,-0.02001953125,0.0283203125,0.011474609375,-0.059326171875,0.021240234375,-0.00634765625,-0.07861328125,-0.07861328125,0.042724609375,0.083251953125,-0.085205078125,-0.118408203125,0.093017578125,0.070068359375,-0.01025390625,0.082275390625,-0.034423828125,-0.075439453125,0.009521484375,0.0,0.0,-0.030517578125,0.046142578125,0.00732421875,-0.089599609375,-0.0087890625,-0.057373046875,0.0224609375,0.05517578125,-0.072509765625,-0.095458984375,0.072509765625,0.072509765625,0.028564453125,-0.09912109375,0.0048828125,0.04833984375,-0.049560546875,-0.031494140625,-0.02685546875,-0.06396484375,0.046142578125,-0.000244140625,-0.09521484375,0.023681640625,0.023681640625,0.04296875,-0.071044921875,-0.024658203125,0.080322265625,-0.020263671875,0.037109375,0.053466796875,-0.06591796875,-0.006591796875,0.0556640625,-0.02978515625,-0.062744140625,-0.062744140625,0.02734375,-0.000732421875,-0.06396484375,0.03125,0.029541015625,-0.050048828125,0.01318359375,-0.08935546875,-0.037109375,0.115234375,0.014892578125,-0.168701171875,-0.01611328125,0.106201171875,0.106201171875,-0.01318359375,-0.071044921875,-0.015625,-0.00341796875,-0.023681640625,-0.019287109375,-0.093017578125,0.039306640625,0.073486328125,-0.085693359375,-0.097412109375,0.029541015625,0.033203125,0.033203125,-0.037353515625,-0.00244140625,-0.013916015625,-0.0693359375,0.01953125,-0.0732421875,-0.0107421875,0.05224609375,-0.0166015625,-0.035888671875,0.045654296875,-0.0361328125,-0.105224609375,-0.105224609375,0.0634765625,0.08349609375,-0.099853515625,-0.09619140625,0.063720703125,-0.075927734375,-0.047607421875,0.009765625,-0.010986328125,0.030029296875,-0.00537109375,-0.072021484375,-0.0009765625,-0.0009765625,0.070556640625,-0.025634765625,-0.09765625,0.023193359375,-0.050048828125,0.0341796875,0.0302734375,-0.056640625,-0.006591796875,0.04345703125,-0.069580078125,-0.081298828125,-0.081298828125,0.105712890625,0.056640625,-0.14501953125,-0.051513671875,0.095458984375,-0.082275390625,0.005859375,0.03466796875,-0.053466796875,-0.005615234375,0.022216796875,-0.039306640625,-0.008544921875,-0.008544921875,0.0166015625,-0.04248046875,-0.051025390625,0.037353515625,-0.0673828125,0.02783203125,0.00830078125,-0.0869140625,0.00341796875,0.044189453125,-0.0693359375,-0.05322265625,0.0888671875,0.0888671875,0.012939453125,-0.14306640625,-0.003662109375,0.091064453125,-0.04296875,0.035888671875,0.0244140625,-0.066650390625,0.002197265625,0.01708984375,-0.051025390625,0.022216796875,0.022216796875,0.022216796875,-0.064453125,-0.01123046875,0.03076171875,-0.05517578125,0.096923828125,0.016845703125,-0.153076171875,-0.004150390625,0.10302734375,-0.028564453125,-0.072509765625,0.019775390625,0.019775390625,0.013916015625,-0.0654296875,-0.002685546875,-0.04833984375,0.041015625,0.0361328125,-0.072021484375,-0.035888671875,0.0302734375,-0.0390625,-0.0478515625,0.07568359375,0.07568359375,0.009033203125,-0.118408203125,0.0634765625,-0.052978515625,-0.03759765625,0.045654296875,-0.0205078125,-0.07763671875,0.046875,0.02099609375,-0.0810546875,-0.0810546875,0.020751953125,0.051025390625,-0.0654296875,0.04931640625,-0.031005859375,-0.07763671875,0.08349609375,0.05126953125,-0.144775390625,-0.0537109375,0.106689453125,0.019287109375,0.019287109375,-0.103759765625,0.002685546875,-0.04541015625,-0.041748046875,-0.00732421875,-0.031005859375,0.01513671875,0.034423828125,-0.041015625,-0.054443359375,0.037353515625,-0.011474609375,-0.011474609375,-0.088134765625,0.026611328125,-0.07373046875,-0.000244140625,0.03466796875,-0.0771484375,-0.049072265625,0.12060546875,0.0244140625,-0.1826171875,-0.030517578125,0.1220703125,0.1220703125,0.0,-0.073974609375,0.008056640625,-0.030517578125,0.025390625,-0.0126953125,-0.09130859375,0.0400390625,0.082763671875,-0.073486328125,-0.09326171875,0.030029296875,0.036376953125,0.036376953125,-0.042236328125,-0.00927734375,-0.023681640625,0.05615234375,-0.01220703125,-0.116455078125,0.015380859375,0.126953125,-0.04296875,-0.15283203125,0.05126953125,0.107421875,-0.0751953125,-0.0751953125,-0.06884765625,0.000244140625,-0.0283203125,0.005126953125,-0.02294921875,-0.052978515625,0.05029296875,0.03271484375,-0.0859375,-0.025146484375,0.017822265625,-0.031494140625,0.005859375,0.005859375,0.057373046875,-0.1103515625,0.047607421875,0.0537109375,-0.103271484375,-0.0390625,0.073974609375,-0.00048828125,-0.0859375,-0.008544921875,0.01171875,-0.04345703125,-0.04345703125,0.01611328125,-0.004638671875,0.01806640625,0.039306640625,-0.07421875,-0.04296875,0.098388671875,0.00732421875,-0.154541015625,-0.00244140625,0.10400390625,-0.033447265625,-0.062255859375,0.02734375,0.02734375,-0.0634765625,0.008056640625,0.020263671875,-0.05078125,0.024169921875,0.041015625,-0.0537109375,-0.0302734375,0.023193359375,-0.02880859375,-0.031005859375,0.061279296875,-0.001953125,-0.001953125,0.033203125,0.061279296875,-0.079833984375,-0.052978515625,0.04248046875,-0.0126953125,-0.068359375,0.025634765625,-0.004638671875,-0.07763671875,0.03759765625,0.04052734375,-0.10107421875,-0.064453125,0.065185546875,-0.00048828125,-0.09521484375,0.017333984375,0.04150390625,-0.0908203125,-0.039306640625,0.047119140625,-0.012939453125,-0.037841796875,0.03173828125,0.01416015625,0.01416015625,-0.001953125,0.012451171875,-0.050048828125,0.01904296875,0.025146484375,-0.05517578125,-0.015380859375,0.048828125,-0.03564453125,-0.060791015625,0.09326171875,0.0537109375,-0.130126953125,-0.0361328125,0.10205078125,0.023193359375,-0.066650390625,-0.015380859375,0.00341796875,-0.041015625,0.022216796875,-0.004638671875,-0.084228515625,0.007568359375,0.057861328125,-0.057373046875,-0.091796875,0.042724609375,0.0380859375,-0.07861328125,0.000732421875,0.052734375,-0.05859375,-0.053466796875,0.03564453125,-0.00341796875,-0.079345703125,0.015625,0.06103515625,-0.053955078125,-0.030517578125,0.006103515625,-0.044921875,-0.010986328125,0.05126953125,-0.02197265625,-0.093994140625,0.034912109375,0.05859375,-0.079345703125,-0.033203125,0.054931640625,-0.016357421875,-0.04931640625,0.015869140625,0.011962890625,-0.03076171875,0.03955078125,0.017333984375,-0.10888671875,-0.0244140625,0.0625,-0.028076171875,-0.064697265625,0.02294921875,0.02392578125,-0.06201171875,-0.01513671875,-0.001953125,-0.057373046875,0.02197265625,0.042236328125,-0.072021484375,-0.06396484375,0.059814453125,0.025390625,-0.1015625,-0.01953125,0.05029296875,-0.03515625,-0.020263671875,0.00146484375,-0.033203125,-0.01123046875,0.015869140625,-0.04296875,-0.048828125,0.06591796875,-0.010986328125,-0.123291015625,0.03857421875,0.12255859375,-0.056884765625,-0.13671875,0.035888671875,0.093505859375,-0.035888671875,-0.028076171875,0.013427734375,-0.025390625,0.0126953125,0.020751953125,-0.06298828125,-0.048095703125,0.078369140625,0.044921875,-0.1064453125,-0.041015625,0.04296875,-0.010009765625,-0.013427734375,-0.00048828125,-0.041748046875,-0.0390625,0.05126953125,0.002197265625,0.013427734375,0.013427734375,0.026123046875,-0.062744140625,-0.00732421875,0.031005859375,-0.05029296875,-0.041259765625,0.084228515625,0.008056640625,-0.162109375,-0.020751953125,0.104736328125,-0.081787109375,-0.081787109375,-0.011474609375,0.005859375,-0.029541015625,0.01953125,-0.016845703125,-0.07080078125,0.047119140625,0.053466796875,-0.0712890625,-0.03759765625,0.03515625,-0.049560546875,0.089111328125,0.089111328125,0.007080078125,-0.12451171875,0.015380859375,0.16748046875,0.004638671875,-0.17138671875,-0.05810546875,0.1474609375,0.050048828125,-0.182373046875,-0.05615234375,0.155029296875,-0.1220703125,-0.1220703125,-0.005859375,0.04541015625,-0.06787109375,-0.030517578125,0.0947265625,-0.018310546875,-0.1220703125,0.021240234375,0.06884765625,-0.078125,-0.087646484375,0.081787109375,-0.053955078125,-0.053955078125,-0.07470703125,0.04052734375,0.067138671875,-0.057861328125,-0.130859375,0.0234375,0.090576171875,-0.093017578125,-0.111083984375,0.03515625,0.00341796875,0.030029296875,-0.015869140625,-0.015869140625,-0.130126953125,0.035400390625,0.127197265625,-0.110595703125,-0.121826171875,0.1357421875,0.063720703125,-0.16455078125,-0.020751953125,0.1416015625,-0.087890625,0.103271484375,0.024658203125,0.024658203125,-0.155517578125,-0.025634765625,0.103271484375,-0.082275390625,-0.08837890625,0.1015625,-0.00830078125,-0.114501953125,0.039306640625,0.07177734375,-0.005615234375,0.125244140625,-0.014404296875,-0.014404296875,-0.08154296875,0.06005859375,0.0068359375,-0.054443359375,0.036376953125,0.01123046875,-0.0693359375,0.02490234375,0.077880859375,-0.0791015625,0.13818359375,0.13818359375,0.0107421875,-0.15087890625,0.0029296875,0.1103515625,-0.0146484375,-0.0283203125,0.044677734375,-0.05712890625,-0.054931640625,-0.026123046875,-0.069091796875,0.070556640625,0.070556640625,0.028564453125,-0.138671875,-0.0478515625,0.065673828125,-0.096435546875,-0.069091796875,0.083251953125,-0.07080078125,0.073974609375,0.05322265625,-0.18017578125,-0.18017578125,-0.057861328125,0.16845703125,-0.02783203125,-0.150146484375,0.052001953125,0.06787109375,-0.06640625,-0.024658203125,0.020263671875,-0.02392578125,0.093017578125,-0.0654296875,-0.0654296875,-0.091552734375,0.09375,0.020751953125,-0.135498046875,-0.010498046875,0.09375,-0.05224609375,-0.0341796875,-0.03466796875,-0.0419921875,0.109130859375,0.109130859375,-0.0029296875,-0.13525390625,0.0693359375,0.168212890625,-0.09521484375,-0.12744140625,0.09765625,0.02197265625,0.03369140625,-0.001953125,-0.10009765625,0.0205078125,0.0205078125,0.0751953125,-0.107666015625,-0.0439453125,0.11328125,-0.06787109375,-0.119384765625,0.077880859375,0.03125,0.025146484375,0.059814453125,-0.13525390625,-0.03662109375,-0.03662109375,0.13427734375,-0.085205078125,-0.154296875,0.096435546875,0.0576171875,-0.16650390625,-0.057373046875,0.10693359375,-0.052978515625,-0.082275390625,0.061279296875,-0.03466796875,0.046875,0.054443359375,-0.0986328125,-0.022705078125,-0.022705078125,0.114990234375,-0.0263671875,-0.081298828125,0.04736328125,0.001708984375,-0.046142578125,0.045166015625,-0.00146484375,0.029052734375,0.103271484375,-0.1220703125,-0.092041015625,0.14892578125,0.14892578125,0.019775390625,-0.171875,-0.012939453125,0.12109375,-0.043212890625,-0.06103515625,0.0771484375,-0.095947265625,0.055419921875,0.029052734375,-0.07763671875,0.020263671875,0.020263671875,0.06787109375,-0.07470703125,-0.0517578125,0.068359375,-0.066162109375,-0.07666015625,0.110595703125,-0.167236328125,-0.01953125,0.131103515625,-0.056884765625,-0.0966796875,0.068115234375,0.068115234375,-0.013427734375,-0.08203125,0.04443359375,0.024169921875,-0.06396484375,0.044189453125,0.05908203125,-0.0361328125,0.13623046875,-0.059814453125,-0.14013671875,0.096923828125,0.096923828125,0.086181640625,-0.14208984375,-0.070556640625,0.104248046875,-0.040283203125,-0.08154296875,0.06884765625,-0.096923828125,0.039794921875,0.027099609375,-0.10107421875,0.00390625,0.07763671875,0.07763671875,-0.094482421875,-0.0625,0.105712890625,-0.041015625,-0.12939453125,0.07861328125,0.0986328125,-0.098388671875,0.114013671875,0.011962890625,-0.081787109375,0.0283203125,-0.006103515625,-0.07373046875,-0.07373046875,0.018798828125,0.03759765625,-0.066162109375,0.016845703125,0.107421875,-0.0693359375,-0.087646484375,0.01171875,-0.07421875,0.045166015625,0.0302734375,-0.09716796875,-0.09716796875,0.0283203125,0.12353515625,-0.111572265625,-0.10302734375,0.1484375,0.029541015625,-0.007568359375,0.142333984375,-0.0556640625,-0.112548828125,0.065673828125,-0.001708984375,-0.001708984375,-0.095947265625,0.0185546875,0.01806640625,-0.074951171875,0.0029296875,0.05322265625,-0.072998046875,0.0634765625,-0.049072265625,-0.07568359375,0.0625,-0.025146484375,-0.025146484375,-0.126708984375,0.03271484375,0.074951171875,-0.142822265625,-0.0673828125,-0.028564453125,-0.1513671875,0.0478515625,0.0634765625,-0.092041015625,-0.001953125,-0.001953125,0.08349609375,-0.1044921875,-0.076416015625,0.134033203125,-0.001953125,0.066650390625,0.0869140625,-0.109619140625,-0.061279296875,0.101318359375,-0.017333984375,-0.05078125,-0.05078125,0.06640625,-0.03955078125,-0.0712890625,0.09423828125,-0.142822265625,0.00048828125,0.1767578125,-0.06689453125,-0.17138671875,0.067138671875,0.071533203125,0.071533203125,-0.075439453125,-0.017822265625,0.03564453125,-0.058837890625,-0.019775390625,-0.097900390625,-0.068359375,0.107421875,-0.01806640625,-0.133544921875,0.0224609375,0.061767578125,0.061767578125,-0.09814453125,-0.03076171875,0.066650390625,-0.09375,0.1162109375,-0.03662109375,-0.16455078125,0.060791015625,0.1328125,-0.143798828125,-0.15087890625,0.1123046875,0.03662109375,0.03662109375,-0.09375,0.022216796875,0.024658203125,-0.09716796875,0.08544921875,-0.055419921875,-0.063232421875,0.104248046875,0.01123046875,-0.1064453125,0.000244140625,0.030517578125,0.030517578125,-0.037841796875,0.03271484375,0.045166015625,-0.097900390625,0.130859375,-0.068359375,-0.12451171875,0.101806640625,0.0478515625,-0.15283203125,-0.016357421875,0.132080078125,-0.060791015625,-0.060791015625,-0.072021484375,0.089599609375,-0.0341796875,-0.111572265625,0.05224609375,-0.09619140625,0.002197265625,0.0810546875,-0.09130859375,-0.059814453125,0.09765625,-0.062255859375,-0.1328125,-0.1328125,0.09423828125,0.098876953125,-0.14013671875,-0.09619140625,-0.0224609375,-0.087890625,0.04638671875,-0.007568359375,-0.0810546875,0.0322265625,0.040283203125,-0.100341796875,-0.0234375,-0.0234375,0.091064453125,-0.05712890625,-0.072265625,-0.028564453125,-0.069580078125,0.088134765625,0.041015625,-0.16455078125,-0.0556640625,0.1357421875,-0.041259765625,-0.1083984375,0.07763671875,0.07763671875,0.0302734375,-0.106689453125,-0.0185546875,-0.0703125,0.007080078125,0.093017578125,-0.098388671875,-0.092041015625,0.103759765625,0.008056640625,-0.109130859375,0.029541015625,0.052490234375,0.052490234375,-0.100341796875,-0.002197265625,0.122314453125,-0.136474609375,0.1181640625,0.068115234375,-0.151123046875,-0.055908203125,0.11376953125,-0.01025390625,-0.052001953125,0.0498046875,-0.051513671875,-0.067138671875,-0.067138671875,0.07958984375,0.010498046875,-0.1162109375,0.124755859375,-0.100341796875,-0.1162109375,0.080810546875,-0.004638671875,-0.080322265625,0.04248046875,0.011962890625,-0.087158203125,-0.087158203125,0.029296875,0.074951171875,-0.07666015625,0.172607421875,0.00439453125,-0.18359375,0.002197265625,0.110107421875,-0.04248046875,-0.04736328125,0.033935546875,-0.085693359375,-0.085693359375,-0.06396484375,-0.016845703125,-0.124755859375,0.0380859375,0.072998046875,-0.09814453125,-0.06982421875,0.06103515625,-0.03857421875,-0.029541015625,0.078857421875,0.078857421875,-0.06689453125,-0.112060546875,0.07421875,-0.121826171875,-0.015625,0.109130859375,-0.07080078125,-0.0625,0.114990234375,-0.022705078125,-0.1396484375,0.0693359375,0.0693359375,0.118896484375,-0.1005859375,0.104248046875,0.009521484375,-0.07080078125,0.0390625,-0.004150390625,-0.08203125,0.023193359375,0.057861328125,-0.084228515625,-0.021240234375,-0.021240234375,-0.065673828125,-0.07666015625,0.08740234375,-0.012451171875,-0.1318359375,0.05712890625,0.134765625,-0.118408203125,-0.138427734375,0.0849609375,0.02001953125,0.02001953125,-0.0693359375,-0.016357421875,-0.10400390625,0.015380859375,0.093017578125,-0.0966796875,-0.0810546875,0.1064453125,-0.0068359375,-0.109130859375,0.015869140625,0.017333984375,0.017333984375,-0.07421875,0.081298828125,-0.139892578125,-0.108642578125,0.145263671875,0.02685546875,-0.1396484375,0.01123046875,0.075439453125,-0.065673828125,-0.03662109375,0.051025390625,0.051025390625,-0.068603515625,0.111328125,-0.0537109375,-0.115478515625,0.092041015625,0.065673828125,-0.148681640625,-0.0244140625,0.16015625,-0.0498046875,-0.138671875,0.067138671875,0.03662109375,0.03662109375,0.016357421875,0.052734375,-0.092041015625,-0.041748046875,0.0947265625,-0.05419921875,-0.077880859375,0.085205078125,0.00634765625,-0.091552734375,0.0302734375,0.0458984375,-0.106689453125,-0.007568359375,0.141357421875,-0.068359375,-0.1630859375,0.050048828125,0.0732421875,-0.071044921875,-0.03564453125,0.0302734375,-0.059814453125,-0.031005859375,0.050537109375,-0.071044921875,-0.0517578125,0.09814453125,-0.009765625,-0.009765625,0.024169921875,0.084228515625,-0.082763671875,-0.037841796875,0.06591796875,-0.087646484375,-0.0625,0.117431640625,-0.024658203125,-0.17724609375,0.041748046875,0.151611328125,-0.1181640625,-0.139404296875,0.114501953125,0.038818359375,-0.100830078125,0.02197265625,0.05126953125,-0.089111328125,-0.031494140625,0.09619140625,-0.048095703125,-0.07470703125,0.089111328125,0.004638671875,-0.093994140625,0.017822265625,0.0244140625,-0.073486328125,0.021240234375,0.074951171875,-0.106201171875,-0.063720703125,0.12646484375,-0.03515625,-0.1533203125,0.071533203125,0.11328125,-0.1171875,-0.08740234375,0.103759765625,0.00048828125,-0.045166015625,0.06396484375,-0.05126953125,-0.117919921875,0.06787109375,0.0849609375,-0.12353515625,-0.0458984375,0.1279296875,-0.0419921875,-0.11669921875,0.034423828125,-0.002685546875,-0.05810546875,0.056884765625,0.012451171875,-0.14306640625,-0.005126953125,0.124755859375,-0.0908203125,-0.0966796875,0.098388671875,-0.010986328125,-0.10009765625,0.07421875,0.063720703125,-0.161865234375,-0.039794921875,0.161865234375,-0.0537109375,-0.166015625,0.042236328125,0.062255859375,-0.06591796875,-0.01171875,0.02978515625,-0.080810546875,-0.023193359375,0.0849609375,-0.071044921875,-0.07080078125,0.101318359375,0.0107421875,-0.110107421875,0.028564453125,0.0751953125,-0.114013671875,-0.025634765625,0.16455078125,-0.028076171875,-0.1650390625,0.023681640625,0.082763671875,-0.043701171875,-0.011962890625,0.02685546875,-0.1005859375,-0.0302734375,0.117431640625,-0.058837890625,-0.117919921875,0.077392578125,0.0498046875,-0.0068359375,-0.0068359375,0.0869140625,-0.091552734375,-0.05029296875,0.138427734375,-0.0341796875,-0.18017578125,0.0439453125,0.126220703125,-0.083984375,-0.0693359375,0.075927734375,-0.042236328125,-0.07666015625,0.05859375,-0.030517578125,-0.09033203125,0.05517578125,0.03955078125,-0.107177734375,-0.008056640625,0.07861328125,-0.108154296875,-0.052001953125,-0.02294921875,-0.02294921875,-0.146484375,0.039794921875,0.064697265625,-0.093505859375,0.003662109375,0.0712890625,-0.11865234375,-0.047119140625,0.13525390625,-0.075927734375,-0.189697265625,0.092529296875,0.15087890625,-0.138671875,-0.138671875,0.10595703125,0.03759765625,-0.049072265625,0.02587890625,-0.0263671875,-0.071533203125,0.0517578125,0.04931640625,-0.106201171875,-0.010986328125,0.10498046875,-0.07861328125,0.082275390625,0.082275390625,-0.008544921875,-0.111083984375,0.060791015625,0.108642578125,-0.129150390625,-0.11376953125,0.1083984375,0.022216796875,-0.089599609375,0.010009765625,-0.0517578125,0.01318359375,0.01318359375,0.03857421875,-0.091064453125,-0.021484375,0.10693359375,-0.046630859375,-0.10498046875,0.06103515625,0.03759765625,-0.084228515625,0.00439453125,0.03857421875,-0.023193359375,0.12451171875,0.12451171875,-0.090087890625,-0.16796875,0.1015625,0.1015625,-0.156982421875,-0.098388671875,0.09228515625,-0.013671875,-0.0498046875,0.06298828125,-0.044921875,0.06201171875,0.043212890625,0.043212890625,-0.115966796875,0.00244140625,0.110107421875,-0.079833984375,-0.077880859375,0.09033203125,-0.03076171875,-0.09130859375,0.0771484375,0.01708984375,0.029541015625,0.145751953125,-0.108642578125,-0.108642578125,-0.1162109375,0.128662109375,0.021728515625,-0.153564453125,-0.00146484375,0.100830078125,-0.031494140625,-0.012939453125,0.06298828125,-0.07421875,0.086669921875,-0.010986328125,-0.095458984375,-0.095458984375,0.05322265625,0.05126953125,-0.105224609375,-0.022705078125,0.077392578125,-0.08837890625,-0.069091796875,0.0947265625,-0.028564453125,-0.11865234375,0.091796875,-0.1416015625,-0.074462890625,-0.074462890625,0.136962890625,-0.00927734375,-0.142578125,0.01220703125,0.063720703125,-0.0283203125,0.006103515625,0.0283203125,-0.09765625,-0.0556640625,-0.03759765625,-0.083740234375,0.061279296875,0.02099609375,0.02099609375,-0.107666015625,-0.024169921875,0.052978515625,-0.069091796875,-0.01904296875,0.08984375,-0.06689453125,-0.103759765625,0.043212890625,-0.13818359375,-0.01318359375,-0.01318359375,0.140380859375,-0.05224609375,-0.13330078125,0.06640625,0.039306640625,-0.08251953125,0.005126953125,0.036376953125,-0.04833984375,0.107177734375,-0.014404296875,-0.082275390625,-0.082275390625,0.053955078125,0.016357421875,-0.07958984375,0.0107421875,0.03466796875,-0.0595703125,0.0205078125,-0.094482421875,-0.05810546875,0.126220703125,-0.0234375,-0.0234375,-0.16357421875,0.04931640625,0.13916015625,-0.096923828125,-0.12109375,0.07666015625,0.015869140625,-0.062255859375,-0.008544921875,-0.085205078125,0.017822265625,0.037841796875,0.037841796875,-0.0966796875,-0.013671875,0.0966796875,-0.065185546875,-0.09033203125,0.06787109375,-0.011962890625,-0.10546875,0.0712890625,-0.140380859375,-0.080810546875,0.120849609375,0.120849609375,-0.005859375,-0.09814453125,0.048583984375,0.02685546875,-0.095947265625,-0.011962890625,0.04443359375,-0.008056640625,0.10302734375,-0.071533203125,-0.117431640625,-0.117431640625,0.07373046875,0.03564453125,-0.1015625,0.001953125,0.0458984375,-0.0927734375,-0.00390625,-0.08056640625,-0.15478515625,0.097412109375,0.1005859375,-0.1337890625,-0.076904296875,-0.076904296875,0.101806640625,0.000732421875,-0.047607421875,0.044189453125,-0.04638671875,-0.07958984375,0.034912109375,-0.103759765625,0.01611328125,0.10400390625,-0.077392578125,-0.075927734375,-0.075927734375,0.07177734375,-0.04052734375,-0.090087890625,0.0810546875,0.0283203125,-0.132568359375,0.011962890625,-0.125732421875,-0.110595703125,0.15234375,0.023681640625,-0.17822265625,0.001953125,0.001953125,0.11328125,-0.05859375,-0.049072265625,0.0634765625,-0.067626953125,-0.09033203125,0.09228515625,-0.122802734375,0.01318359375,0.078369140625,-0.082763671875,-0.06640625,0.0625,0.0625,-0.037109375,-0.046142578125,0.089599609375,-0.026611328125,-0.140625,0.03759765625,0.10009765625,-0.07373046875,0.09033203125,-0.013671875,-0.06591796875,0.046142578125,-0.028564453125,-0.028564453125,-0.104736328125,0.072021484375,0.095947265625,-0.140380859375,-0.10009765625,0.134765625,-0.118408203125,0.002685546875,0.042236328125,-0.0556640625,-0.020751953125,0.0283203125,-0.057373046875,-0.057373046875,0.00830078125,0.08154296875,-0.080322265625,-0.082275390625,0.1044921875,-0.145751953125,0.0166015625,0.1591796875,-0.06298828125,-0.1552734375,0.054931640625,0.058837890625,0.058837890625,-0.0517578125,0.0,0.01171875,-0.074462890625,-0.013916015625,0.0693359375,-0.069580078125,0.079833984375,-0.009765625,-0.102783203125,0.033447265625,0.0380859375,-0.109130859375,-0.0078125,-0.0078125,0.12109375,-0.08203125,-0.154296875,0.08203125,0.06982421875,-0.028564453125,0.030029296875,-0.070556640625,-0.029296875,0.0546875,-0.0859375,-0.052978515625,0.11181640625,-0.02587890625,-0.02587890625,-0.14013671875,0.037109375,0.067626953125,-0.092529296875,0.078125,-0.08203125,-0.03271484375,0.126953125,-0.05419921875,-0.14404296875,0.107421875,0.107421875,0.12109375,-0.154296875,-0.092529296875,0.13818359375,-0.004638671875,0.044189453125,0.032470703125,-0.09033203125,-0.01708984375,0.038330078125,-0.05810546875,0.006591796875,0.006591796875,0.08837890625,-0.072509765625,-0.107666015625,0.070556640625,-0.07080078125,0.001953125,0.037841796875,-0.064453125,-0.007080078125,0.0771484375,-0.08837890625,-0.08837890625,-0.104248046875,0.108154296875,0.059326171875,-0.157470703125,0.10693359375,-0.012451171875,-0.077880859375,0.023193359375,-0.039794921875,-0.074951171875,0.0615234375,0.02880859375,0.02880859375,-0.1142578125,-0.0009765625,0.1142578125,-0.100341796875,0.0791015625,0.0224609375,-0.0693359375,0.030029296875,0.01220703125,-0.079833984375,0.03125,0.03125,0.07470703125,-0.123779296875,-0.0654296875,-0.003662109375,-0.171142578125,0.008544921875,0.084716796875,-0.07470703125,-0.033447265625,0.066650390625,-0.063720703125,-0.05908203125,-0.05908203125,0.083740234375,-0.0224609375,-0.095703125,0.057861328125,-0.118896484375,-0.024169921875,0.096923828125,-0.0634765625,-0.054931640625,0.091796875,-0.048095703125,-0.048095703125,-0.125,0.07470703125,0.07275390625,-0.04345703125,0.138671875,-0.053955078125,-0.150634765625,0.056396484375,0.059814453125,-0.065185546875,0.016845703125,0.041015625,0.041015625,-0.09228515625,-0.0283203125,0.103271484375,-0.037353515625,-0.077880859375,0.009521484375,-0.09521484375,0.020751953125,0.047607421875,-0.097412109375,-0.0185546875,0.08837890625,-0.075439453125,-0.087890625,0.092529296875,0.0,-0.14697265625,0.0107421875,0.0107421875,0.09765625,-0.093994140625,-0.098388671875,0.08642578125,0.0029296875,0.0537109375,0.02490234375,-0.1279296875,-0.037109375,0.097900390625,-0.05029296875,-0.091796875,0.078369140625,0.023681640625,-0.1181640625,-0.02490234375,0.0419921875,-0.049072265625,-0.01513671875,-0.01513671875,0.049072265625,-0.060546875,-0.0478515625,0.08349609375,-0.093994140625,0.076416015625,0.073486328125,-0.126708984375,-0.06689453125,0.12890625,0.01025390625,-0.078369140625,0.048828125,0.011474609375,-0.085205078125,0.020751953125,0.05908203125,-0.06982421875,-0.02099609375,-0.02099609375,0.078369140625,-0.05126953125,-0.06298828125,0.071533203125,-0.02490234375,0.073486328125,0.065673828125,-0.12255859375,-0.04638671875,0.096923828125,-0.041259765625,-0.062744140625,0.072998046875,-0.021728515625,-0.121337890625,0.02734375,0.05859375,-0.110107421875,-0.044921875,0.0888671875,-0.0400390625,-0.0400390625,-0.087646484375,0.050048828125,-0.01708984375,0.03125,0.107177734375,-0.097900390625,-0.118408203125,0.07958984375,0.041015625,-0.05419921875,0.016357421875,0.001220703125,-0.07177734375,0.01513671875,0.058837890625,-0.061279296875,-0.010009765625,0.100830078125,-0.04296875,-0.0986328125,-0.0986328125,0.05224609375,0.01953125,-0.079345703125,0.037109375,-0.102783203125,-0.036865234375,0.1328125,-0.040771484375,-0.16064453125,0.066162109375,0.111328125,-0.119873046875,-0.09912109375,0.103515625,0.01708984375,-0.10400390625,0.012451171875,0.018310546875,-0.07958984375,-0.00927734375,0.03515625,-0.05078125,-0.02099609375,0.033203125,-0.06396484375,-0.04931640625,0.05615234375,-0.047119140625,-0.09228515625,0.067626953125,0.067626953125,0.03955078125,-0.10693359375,-0.001953125,-0.087158203125,-0.087158203125,0.136962890625,0.030029296875,-0.16650390625,0.0009765625,0.12548828125,-0.064697265625,-0.071044921875,0.103759765625,-0.0068359375,-0.107177734375,0.03759765625,0.013671875,-0.08203125,0.04296875,0.052001953125,-0.133056640625,-0.06201171875,0.130859375,-0.02001953125,-0.12158203125,0.0556640625,0.023681640625,-0.1201171875,0.009521484375,0.1025390625,0.1025390625,-0.07958984375,0.1044921875,-0.022216796875,-0.139404296875,0.038818359375,0.06640625,-0.091064453125,-0.034912109375,0.06201171875,-0.049072265625,-0.068359375,0.048095703125,-0.037841796875,-0.087646484375,0.04248046875,0.0146484375,-0.080810546875,0.012939453125,0.055419921875,-0.10302734375,-0.0419921875,0.130859375,-0.02734375,-0.14404296875,0.059326171875,0.10205078125,-0.0830078125,-0.044677734375,0.099853515625,-0.02294921875,-0.10498046875,0.052001953125,0.052001953125,-0.062744140625,0.0185546875,0.048095703125,-0.072998046875,-0.059814453125,0.04638671875,-0.02978515625,-0.032958984375,0.0673828125,-0.046875,-0.1064453125,0.068115234375,0.05615234375,-0.14111328125,-0.037841796875,0.14697265625,-0.03662109375,-0.153564453125,0.0322265625,0.03759765625,-0.0576171875,0.021240234375,0.00732421875,-0.13623046875,-0.021728515625,0.13623046875,-0.057373046875,-0.12109375,0.070068359375,0.022216796875,-0.09765625,0.0205078125,0.029541015625,-0.098388671875,0.02587890625,0.10400390625,-0.109619140625,-0.084716796875,0.131103515625,-0.0107421875,-0.14453125,0.068115234375,0.110595703125,-0.1142578125,-0.065185546875,0.09716796875,-0.046142578125,-0.0732421875,0.10400390625,0.012451171875,-0.147705078125,0.005859375,0.103759765625,-0.081787109375,-0.078369140625,0.08837890625,-0.004638671875,-0.099365234375,0.016357421875,0.00830078125,-0.057861328125,0.039794921875,0.034912109375,-0.118896484375,-0.03466796875,0.11962890625,-0.05126953125,-0.136474609375,0.08251953125,0.08935546875,-0.13623046875,-0.091796875,0.083740234375,0.00048828125,-0.05859375,0.036865234375,-0.01953125,-0.07568359375,0.04833984375,0.037109375,-0.0859375,-0.00048828125,0.07666015625,-0.0615234375,-0.0615234375,0.07275390625,-0.02392578125,-0.08056640625,0.061767578125,0.01416015625,-0.11083984375,0.02734375,0.0966796875,-0.10986328125,-0.0830078125,0.131591796875,-0.1669921875,0.01904296875,0.102294921875,0.102294921875,-0.08154296875,-0.063232421875,0.0927734375,-0.025390625,-0.1123046875,0.039306640625,0.024658203125,-0.0712890625,0.026123046875,0.039794921875,-0.08642578125,-0.01806640625,0.078857421875,-0.0791015625,-0.074462890625,0.10546875,-0.015380859375,-0.13037109375,0.05517578125,0.081787109375,-0.122314453125,-0.04541015625,0.1318359375,-0.03662109375,-0.141357421875,0.049072265625,0.0576171875,-0.056884765625,0.019775390625,-0.10546875,-0.017822265625,0.116943359375,0.116943359375,-0.04638671875,-0.095947265625,0.088623046875,0.0224609375,-0.12353515625,-0.00244140625,0.0791015625,-0.05517578125,-0.044921875,0.05908203125,-0.05078125,-0.064453125,0.094970703125,0.0,-0.152099609375
Prusa_B,-0.052490234375,-0.0048828125,0.06005859375,0.0751953125,0.047607421875,0.0166015625,-0.0234375,-0.06689453125,-0.05810546875,-0.0283203125,-0.0032958984375,0.005615234375,0.000732421875,-0.02734375,-0.037841796875,-0.024169921875,0.020263671875,0.06982421875,0.0576171875,0.015869140625,0.0234375,0.0341796875,-0.049072265625,-0.02978515625,-0.012451171875,-0.0501708984375,-0.021484375,-0.01025390625,-0.05712890625,0.0205078125,0.0205078125,0.037353515625,0.0218505859375,0.0419921875,0.01708984375,0.015625,-0.021484375,-0.013916015625,-0.0732421875,-0.046875,-0.04833984375,-0.073486328125,-0.024658203125,-0.003662109375,0.00732421875,0.03662109375,-0.0126953125,-0.04296875,-0.0146484375,-0.03857421875,-0.042724609375,-0.025634765625,-0.025634765625,-0.00927734375,-0.00634765625,-0.048828125,-0.0595703125,-0.013916015625,-0.01318359375,-0.001708984375,0.032958984375,0.033447265625,-0.012939453125,-0.022705078125,-0.042724609375,-0.07568359375,-0.00732421875,0.025634765625,-0.0078125,-0.015625,-0.000732421875,-0.0263671875,0.01513671875,0.010009765625,0.010986328125,0.046142578125,0.015380859375,-0.013671875,-0.013671875,-0.01416015625,-0.030029296875,-0.01611328125,0.010986328125,0.0126953125,-0.0009765625,-0.008056640625,-0.004150390625,-0.012939453125,-0.012939453125,-0.016845703125,-0.016357421875,0.005126953125,0.01171875,0.00341796875,-0.0302734375,-0.042236328125,-0.03955078125,-0.012939453125,0.041015625,0.0322265625,-0.027099609375,-0.05810546875,-0.05224609375,-0.029052734375,-0.006591796875,-0.020263671875,0.0029296875,0.0263671875,0.0263671875,-0.009033203125,-0.06591796875,-0.046875,0.001220703125,0.012451171875,-0.025146484375,-0.06298828125,-0.04150390625,-0.001220703125,-0.03466796875,0.013427734375,0.05322265625,0.05322265625,0.02099609375,-0.02001953125,-0.01611328125,-0.0009765625,-0.01416015625,-0.050537109375,-0.064208984375,-0.0166015625,0.004638671875,-0.04638671875,-0.0087890625,0.018310546875,0.018310546875,0.015869140625,0.014404296875,0.025390625,0.01220703125,-0.00927734375,0.006103515625,0.01416015625,-0.02294921875,-0.05859375,-0.040283203125,0.010009765625,-0.01123046875,-0.01171875,0.007568359375,0.007568359375,-0.003173828125,-0.019775390625,-0.001708984375,0.007080078125,-0.018798828125,-0.044677734375,-0.03466796875,-0.017822265625,-0.02685546875,-0.0048828125,0.017578125,-0.003662109375,0.001953125,0.001953125,0.0009765625,-0.012451171875,-0.029296875,-0.03955078125,-0.02587890625,0.0,-0.01025390625,-0.006103515625,-0.016357421875,-0.021484375,-0.002197265625,-0.002197265625,-0.00537109375,-0.0185546875,-0.001953125,0.005126953125,-0.01904296875,-0.019775390625,0.00244140625,-0.005615234375,-0.04931640625,-0.043701171875,-0.043701171875,0.015625,0.01513671875,-0.020263671875,-0.008544921875,-0.001220703125,-0.0234375,-0.041748046875,0.0009765625,0.0107421875,0.01318359375,0.016357421875,0.016357421875,0.033935546875,-0.002197265625,-0.05322265625,-0.026123046875,0.0068359375,-0.007080078125,-0.002685546875,-0.015380859375,-0.0244140625,-0.0244140625,-0.0244140625,-0.0224609375,-0.013916015625,-0.008544921875,-0.013671875,-0.00390625,-0.003662109375,-0.044677734375,-0.02099609375,-0.011962890625,-0.00830078125,-0.00830078125,-0.020263671875,-0.012939453125,-0.006103515625,-0.019287109375,-0.013916015625,-0.014892578125,-0.02587890625,0.00830078125,0.00634765625,-0.0166015625,-0.0146484375,-0.0146484375,0.0078125,0.00146484375,-0.014892578125,-0.0087890625,0.00439453125,-0.00537109375,-0.021484375,-0.001953125,0.002197265625,-0.02099609375,-0.02099609375,-0.032470703125,-0.01953125,-0.015625,-0.025146484375,-0.017822265625,-0.013427734375,-0.003173828125,-0.018310546875,-0.006103515625,0.003662109375,-0.0068359375,-0.0068359375,-0.00146484375,0.010986328125,-0.011962890625,-0.03173828125,-0.033935546875,-0.02294921875,-0.006591796875,0.00341796875,0.0107421875,-0.00244140625,-0.005859375,0.017822265625,0.017822265625,0.0,-0.037841796875,-0.02880859375,-0.00634765625,-0.013916015625,-0.027587890625,-0.017578125,-0.000244140625,-0.004638671875,-0.02099609375,-0.011962890625,-0.005126953125,-0.005126953125,-0.0400390625,-0.0400390625,-0.022705078125,-0.0322265625,-0.019287109375,0.016357421875,0.000732421875,-0.0068359375,0.008056640625,0.004150390625,-0.000244140625,-0.0048828125,0.00146484375,0.00146484375,-0.00341796875,-0.0478515625,-0.0517578125,0.003173828125,0.03125,0.005859375,0.000732421875,-0.01904296875,-0.039306640625,-0.02734375,0.00439453125,0.011962890625,0.011962890625,-0.013671875,-0.03466796875,-0.023681640625,-0.03662109375,-0.01904296875,0.02490234375,-0.0078125,-0.019287109375,-0.006591796875,-0.003173828125,-0.01123046875,-0.023681640625,-0.01416015625,-0.01416015625,-0.015380859375,-0.031005859375,0.0009765625,0.04931640625,0.0361328125,-0.03515625,-0.015380859375,-0.001220703125,-0.024169921875,-0.04541015625,-0.016845703125,-0.00048828125,-0.00048828125,-0.020263671875,-0.0322265625,-0.03466796875,-0.039794921875,-0.01416015625,0.024658203125,0.00634765625,-0.043212890625,-0.056640625,-0.036376953125,-0.037109375,-0.033935546875,0.006103515625,0.006103515625,0.031494140625,0.007568359375,-0.012451171875,-0.008056640625,0.002685546875,-0.00830078125,-0.0302734375,-0.014892578125,-0.000244140625,-0.024658203125,-0.02490234375,-0.008056640625,-0.02294921875,-0.02294921875,-0.02099609375,0.01220703125,0.022216796875,-0.002685546875,-0.024658203125,-0.016357421875,-0.026611328125,-0.03076171875,-0.0234375,-0.01904296875,-0.010986328125,0.0,0.0,0.014404296875,0.008056640625,-0.01806640625,0.00927734375,0.00634765625,-0.02392578125,-0.015869140625,-0.01416015625,-0.028076171875,-0.01708984375,-0.0009765625,-0.0009765625,-0.00341796875,-0.01806640625,-0.012939453125,0.027587890625,-0.015625,-0.046142578125,-0.02587890625,-0.02490234375,-0.045654296875,-0.018798828125,0.02880859375,0.02880859375,0.005126953125,-0.038818359375,-0.024169921875,-0.0087890625,-0.02294921875,-0.00927734375,0.001708984375,-0.027099609375,-0.03955078125,-0.00830078125,0.014404296875,0.014404296875,-0.010986328125,-0.014892578125,0.021240234375,0.0322265625,-0.02880859375,-0.00390625,-0.007568359375,-0.03271484375,-0.02783203125,-0.00830078125,-0.016357421875,-0.02392578125,-0.02392578125,-0.009033203125,0.005859375,0.0,-0.02783203125,0.015869140625,0.013916015625,-0.013916015625,-0.027587890625,-0.026123046875,-0.06103515625,-0.065673828125,-0.065673828125,-0.01318359375,0.01171875,0.013916015625,0.050048828125,0.009033203125,-0.044189453125,-0.0478515625,-0.010498046875,0.003173828125,0.00341796875,-0.0029296875,-0.0029296875,-0.00927734375,-0.004150390625,-0.02294921875,0.013671875,0.02978515625,-0.001953125,-0.02734375,-0.0361328125,-0.0458984375,-0.04345703125,-0.015380859375,-0.015380859375,0.0,-0.004638671875,-0.01513671875,-0.005126953125,-0.004638671875,-0.016357421875,-0.013916015625,0.00634765625,-0.0087890625,-0.03662109375,-0.011474609375,0.02197265625,-0.02734375,-0.02734375,-0.054931640625,0.006591796875,0.00439453125,-0.010009765625,-0.00390625,-0.00634765625,-0.026123046875,-0.042724609375,-0.025390625,-0.009765625,0.0068359375,0.034912109375,0.034912109375,0.02490234375,-0.023681640625,-0.043701171875,-0.011474609375,-0.025634765625,-0.04833984375,0.004638671875,0.068115234375,0.04443359375,-0.004638671875,-0.0478515625,-0.063720703125,-0.063720703125,-0.06201171875,-0.0263671875,0.058349609375,0.012451171875,-0.023193359375,-0.035888671875,-0.035888671875,-0.036865234375,-0.00537109375,0.029296875,0.006103515625,-0.02685546875,-0.017333984375,-0.017333984375,-0.011962890625,-0.048095703125,-0.015380859375,0.025634765625,0.00390625,-0.02734375,-0.00439453125,0.024169921875,-0.01318359375,-0.0703125,-0.04052734375,0.007568359375,0.007568359375,-0.024658203125,-0.0478515625,0.031494140625,0.014404296875,-0.018310546875,0.01171875,0.012451171875,-0.021240234375,-0.017822265625,0.011962890625,0.00537109375,-0.035400390625,-0.035400390625,-0.021484375,0.01708984375,-0.0478515625,-0.010986328125,0.04296875,0.039306640625,-0.038330078125,-0.09375,-0.03271484375,0.01416015625,-0.025390625,-0.03125,0.00830078125,0.00830078125,-0.01318359375,-0.00537109375,0.0048828125,-0.017333984375,-0.017333984375,0.019287109375,0.01416015625,-0.03662109375,-0.051025390625,-0.01904296875,-0.0126953125,-0.03125,-0.018310546875,-0.018310546875,0.067626953125,-0.00146484375,-0.058837890625,-0.038330078125,-0.009765625,-0.0009765625,-0.01025390625,-0.009033203125,-0.026123046875,-0.05908203125,-0.05126953125,-0.05126953125,0.04736328125,0.02685546875,0.01025390625,0.010009765625,-0.045166015625,-0.072265625,-0.0439453125,-0.017333984375,-0.025390625,-0.014404296875,0.043701171875,0.043701171875,-0.027099609375,-0.043212890625,0.009521484375,0.02734375,-0.0087890625,-0.01171875,0.01513671875,0.001220703125,-0.063720703125,-0.078857421875,-0.01171875,-0.01171875,-0.024169921875,-0.01513671875,0.05517578125,0.040283203125,-0.051025390625,-0.052978515625,-0.001220703125,-0.025634765625,-0.062255859375,-0.029052734375,0.0078125,0.0078125,-0.018310546875,0.029052734375,0.0263671875,-0.034912109375,-0.04296875,0.018798828125,0.025390625,-0.034912109375,-0.031494140625,0.04541015625,0.035400390625,0.035400390625,-0.057373046875,0.038818359375,0.04296875,-0.044677734375,-0.046630859375,0.0263671875,0.009033203125,-0.0556640625,-0.020263671875,0.03662109375,-0.02099609375,-0.087890625,-0.02978515625,0.033447265625,-0.0302734375,-0.069580078125,0.021728515625,0.0595703125,-0.046142578125,-0.071533203125,0.030517578125,0.04443359375,-0.07373046875,-0.08642578125,0.052978515625,0.04833984375,-0.07763671875,-0.05322265625,0.048095703125,0.025390625,-0.0361328125,-0.002685546875,0.035400390625,-0.0166015625,-0.076416015625,-0.016845703125,0.04052734375,-0.0087890625,-0.053955078125,-0.02880859375,-0.003662109375,-0.04345703125,-0.03955078125,0.0390625,0.03857421875,-0.057861328125,-0.057861328125,0.0166015625,0.003662109375,-0.07470703125,-0.05419921875,0.03759765625,0.03759765625,-0.031982421875,-0.0224609375,0.0517578125,0.031494140625,-0.060546875,-0.0517578125,0.024658203125,0.0166015625,-0.023681640625,0.000244140625,0.029052734375,-0.01953125,-0.05908203125,-0.009033203125,0.010498046875,-0.026123046875,-0.036865234375,0.01416015625,0.031982421875,-0.038330078125,-0.06005859375,-0.0146484375,0.02978515625,-0.006103515625,-0.057861328125,-0.01611328125,0.0146484375,-0.062255859375,-0.0888671875,0.01171875,0.060791015625,0.00927734375,-0.00927734375,0.027587890625,0.015625,-0.064453125,-0.05615234375,0.022216796875,0.020263671875,-0.033203125,-0.023681640625,0.028076171875,0.01025390625,-0.02978515625,-0.000732421875,0.033935546875,0.0078125,-0.03466796875,-0.0478515625,-0.022705078125,-0.0322265625,-0.06689453125,-0.018310546875,0.0517578125,-0.0390625,-0.0390625,-0.023681640625,0.052001953125,0.02685546875,-0.0439453125,-0.037109375,-0.001953125,-0.0224609375,-0.065185546875,-0.00927734375,0.031982421875,-0.025634765625,-0.04736328125,0.03466796875,0.072021484375,-0.01318359375,-0.025634765625,0.03466796875,-0.0185546875,-0.092529296875,-0.0478515625,0.036376953125,-0.013671875,-0.095947265625,-0.019775390625,0.083984375,-0.04443359375,-0.04443359375,-0.051025390625,-0.003173828125,-0.02490234375,-0.07421875,-0.0419921875,0.024658203125,-0.008056640625,-0.033203125,0.0234375,0.055908203125,0.016357421875,0.026123046875,0.026123046875,0.01416015625,-0.06298828125,-0.06201171875,-0.003173828125,-0.01025390625,-0.067626953125,-0.0234375,0.06982421875,0.04052734375,-0.025146484375,0.025390625,0.025390625,0.0146484375,-0.05908203125,-0.071533203125,-0.016357421875,-0.02197265625,-0.086669921875,-0.049072265625,0.059326171875,0.03173828125,-0.04541015625,0.074951171875,0.074951171875,-0.02685546875,-0.0986328125,0.01171875,0.033203125,-0.094970703125,-0.064453125,0.091796875,0.07568359375,-0.040771484375,-0.020263671875,0.013671875,-0.088623046875,-0.088623046875,-0.049072265625,0.019287109375,-0.0087890625,-0.070556640625,-0.03662109375,0.056640625,0.009033203125,-0.0927734375,-0.030029296875,0.018798828125,-0.103759765625,-0.103759765625,-0.022216796875,0.055419921875,-0.083740234375,-0.119140625,0.056396484375,0.08056640625,-0.0654296875,-0.05517578125,0.07958984375,-0.10107421875,-0.0419921875,-0.0419921875,0.063720703125,0.00341796875,-0.0869140625,-0.005615234375,0.091796875,-0.014404296875,-0.11669921875,-0.01416015625,0.09130859375,-0.063720703125,-0.0478515625,-0.00341796875,-0.00341796875,-0.035888671875,-0.072998046875,0.00390625,0.064453125,-0.016845703125,-0.07568359375,0.014404296875,0.058349609375,-0.091796875,0.05126953125,0.05078125,0.05078125,-0.09228515625,-0.06884765625,0.08154296875,0.066162109375,-0.087158203125,-0.053955078125,0.093017578125,0.042236328125,-0.08154296875,0.051513671875,-0.0546875,-0.1171875,-0.1171875,0.005126953125,0.075927734375,-0.021484375,-0.0615234375,0.031982421875,0.05078125,-0.048095703125,-0.07568359375,0.01123046875,-0.09033203125,-0.078369140625,0.044677734375,0.044677734375,0.03564453125,-0.084228515625,-0.03857421875,0.0810546875,0.047607421875,-0.073974609375,-0.0341796875,0.0673828125,-0.0068359375,-0.019287109375,0.06005859375,-0.01611328125,-0.059326171875,-0.059326171875,0.02978515625,0.0517578125,-0.02392578125,-0.040771484375,0.032470703125,0.04345703125,-0.075927734375,-0.07373046875,-0.0009765625,-0.085205078125,-0.060791015625,0.06640625,0.06640625,0.083740234375,-0.050537109375,-0.0908203125,0.040283203125,0.088623046875,-0.071533203125,-0.105224609375,0.021728515625,-0.116455078125,-0.028076171875,0.10693359375,0.038818359375,0.038818359375,-0.051025390625,0.03369140625,0.078125,-0.028564453125,-0.107421875,-0.035888671875,0.0361328125,-0.041748046875,0.028564453125,0.092041015625,-0.057373046875,-0.093994140625,0.036376953125,0.036376953125,0.097900390625,-0.006103515625,-0.109130859375,-0.038330078125,0.0341796875,-0.06982421875,-0.132080078125,0.067626953125,-0.04638671875,-0.0048828125,0.102294921875,0.01513671875,0.01513671875,-0.088623046875,-0.011474609375,0.045166015625,-0.023681640625,-0.077880859375,-0.032470703125,0.029052734375,-0.0810546875,0.044921875,0.11328125,-0.01416015625,-0.056884765625,-0.056884765625,0.03466796875,0.02978515625,-0.080078125,-0.0791015625,-0.027587890625,-0.00634765625,-0.052001953125,0.0361328125,0.060546875,-0.027099609375,-0.04443359375,-0.04443359375,0.04443359375,0.02685546875,-0.093017578125,-0.044921875,0.01416015625,-0.04443359375,0.00439453125,0.04931640625,0.00439453125,0.031005859375,0.02783203125,0.02783203125,-0.036865234375,-0.005615234375,0.01953125,-0.0400390625,-0.068359375,-0.046630859375,0.0146484375,0.03515625,-0.011474609375,-0.01171875,0.021728515625,0.021728515625,0.010498046875,-0.034912109375,-0.081787109375,-0.0478515625,0.002197265625,-0.009765625,-0.007080078125,0.0654296875,0.03271484375,-0.033447265625,0.00341796875,0.033203125,0.033203125,-0.0263671875,-0.0634765625,-0.00732421875,-0.00341796875,-0.0673828125,0.067138671875,0.09619140625,-0.01611328125,-0.055419921875,0.00341796875,0.009765625,0.009765625,-0.005859375,-0.0283203125,-0.0869140625,-0.118896484375,-0.036376953125,0.035400390625,-0.05322265625,-0.046875,0.0634765625,0.07177734375,-0.042724609375,-0.042724609375,-0.103271484375,-0.0517578125,0.030029296875,-0.01708984375,-0.10302734375,0.131591796875,0.016357421875,-0.081787109375,0.000244140625,0.056884765625,0.0166015625,0.0166015625,-0.047119140625,-0.049560546875,-0.032470703125,-0.04052734375,-0.014892578125,-0.018798828125,-0.009033203125,0.061767578125,0.029296875,-0.0537109375,-0.07568359375,-0.07568359375,-0.028564453125,0.0126953125,-0.063720703125,-0.118896484375,-0.001708984375,0.03271484375,-0.05029296875,0.020751953125,0.09423828125,0.019775390625,-0.0537109375,-0.035888671875,-0.035888671875,-0.029541015625,-0.067138671875,-0.0302734375,0.0419921875,0.003662109375,-0.001220703125,0.084228515625,0.010986328125,-0.07177734375,0.0048828125,0.04345703125,-0.048828125,-0.048828125,-0.111083984375,-0.070068359375,-0.00830078125,0.014892578125,0.00048828125,0.0,0.020751953125,0.010009765625,-0.02978515625,-0.0517578125,-0.0390625,0.011474609375,0.0224609375,0.0224609375,-0.017578125,-0.05078125,-0.034423828125,0.014892578125,-0.03076171875,-0.04150390625,-0.01318359375,-0.009033203125,0.010986328125,0.003173828125,-0.038818359375,-0.042724609375,-0.042724609375,-0.04296875,-0.018798828125,0.044677734375,0.045654296875,-0.017822265625,-0.06005859375,-0.00830078125,0.042236328125,-0.00146484375,-0.07861328125,-0.012451171875,0.052001953125,0.012451171875,0.012451171875,0.027587890625,0.017333984375,-0.057861328125,-0.04541015625,-0.013916015625,-0.037109375,0.036865234375,0.046142578125,0.00341796875,-0.03076171875,-0.07177734375,-0.0810546875,-0.0810546875,0.006103515625,0.053955078125,0.02197265625,0.0078125,-0.049072265625,-0.05419921875,0.001953125,-0.011962890625,-0.01123046875,-0.013671875,-0.042724609375,-0.0146484375,0.0107421875,0.0107421875,0.01953125,0.01123046875,-0.04345703125,-0.012451171875,-0.044189453125,-0.032958984375,0.02099609375,-0.026611328125,0.0078125,0.042724609375,-0.052490234375,-0.034912109375,-0.034912109375,0.0234375,-0.05224609375,-0.078857421875,0.00146484375,0.014404296875,0.024658203125,-0.0205078125,-0.012939453125,0.024658203125,-0.0263671875,-0.094970703125,-0.076904296875,-0.076904296875,-0.004638671875,0.069091796875,0.0166015625,-0.091552734375,-0.087646484375,-0.01220703125,0.0654296875,0.08251953125,0.0234375,-0.037353515625,-0.039306640625,-0.039306640625,-0.031005859375,-0.03857421875,-0.076171875,-0.062255859375,0.02490234375,0.069091796875,0.052490234375,0.03759765625,0.024169921875,0.00634765625,-0.03271484375,-0.03271484375,-0.07568359375,-0.080810546875,-0.033447265625,-0.024658203125,-0.010009765625,0.010009765625,0.00146484375,-0.0009765625,0.019287109375,0.024658203125,0.010498046875,0.010498046875,0.0048828125,0.03271484375,-0.0478515625,-0.12255859375,-0.06396484375,0.00244140625,-0.030517578125,-0.01953125,0.01953125,0.010009765625,0.060302734375,0.060302734375,0.0126953125,-0.059814453125,-0.03857421875,-0.03125,0.068359375,-0.11083984375,-0.015869140625,0.02001953125,-0.11669921875,0.032958984375,-0.032958984375,-0.032958984375,0.011474609375,0.06298828125,-0.031982421875,-0.0166015625,-0.018798828125,0.048583984375,-0.0048828125,0.019287109375,0.039794921875,-0.03515625,-0.041015625,-0.041015625,-0.10107421875,-0.059814453125,0.002197265625,0.005126953125,-0.008056640625,0.021240234375,0.02783203125,0.02392578125,0.0166015625,-0.04541015625,-0.02587890625,-0.017333984375,-0.04833984375,-0.04833984375,-0.002197265625,-0.01806640625,0.01611328125,-0.048095703125,-0.068603515625,0.007568359375,0.02587890625,0.01123046875,0.02294921875,0.00390625,-0.035888671875,-0.02587890625,-0.02587890625,0.018798828125,-0.04931640625,-0.05908203125,-0.041015625,0.00341796875,0.007568359375,-0.02783203125,-0.02490234375,0.004638671875,0.012939453125,-0.006591796875,-0.03076171875,-0.03076171875,-0.026123046875,0.05224609375,-0.042236328125,-0.117919921875,-0.074462890625,0.03759765625,0.089599609375,0.0234375,-0.070556640625,-0.0439453125,0.0380859375,0.03955078125,-0.053466796875,-0.053466796875,0.035400390625,0.13916015625,0.001220703125,-0.14208984375,-0.064208984375,0.074951171875,0.017822265625,-0.1328125,-0.090087890625,0.097412109375,0.129638671875,-0.05908203125,-0.05908203125,0.013916015625,0.084716796875,-0.023193359375,-0.1005859375,-0.008056640625,0.086181640625,0.005859375,-0.10498046875,-0.0634765625,0.0166015625,0.028564453125,-0.009521484375,-0.0400390625,-0.0400390625,-0.0224609375,0.031005859375,0.001953125,-0.076416015625,-0.04931640625,0.058349609375,0.05712890625,-0.0859375,-0.088623046875,0.0400390625,0.050048828125,-0.05126953125,-0.05126953125,0.006591796875,0.064697265625,-0.04296875,-0.066162109375,0.019775390625,0.05126953125,0.01025390625,-0.034912109375,0.010498046875,0.040771484375,-0.0126953125,-0.036376953125,-0.036376953125,0.016357421875,0.016357421875,-0.002197265625,0.00048828125,-0.0458984375,-0.046630859375,0.014404296875,0.022705078125,-0.021484375,-0.037841796875,0.010009765625,0.01611328125,-0.052490234375,-0.0703125,0.003173828125,0.033203125,-0.0439453125,-0.075439453125,0.029296875,0.052978515625,-0.059326171875,-0.08642578125,0.015380859375,0.009521484375,-0.08056640625,-0.038330078125,0.068359375,0.041015625,-0.06298828125,-0.049560546875,0.027099609375,0.009765625,-0.06494140625,-0.014892578125,0.04833984375,-0.01708984375,-0.072998046875,-0.02001953125,0.02392578125,-0.022216796875,-0.048095703125,0.02685546875,0.068359375,0.002197265625,-0.076416015625,-0.021484375,0.043701171875,-0.021240234375,-0.05224609375,0.02001953125,0.039306640625,-0.0341796875,-0.04345703125,0.040771484375,0.036865234375,-0.041748046875,-0.04541015625,0.001708984375,0.019287109375,-0.041259765625,-0.04931640625,0.037353515625,0.03076171875,-0.035888671875,-0.026123046875,0.0048828125,-0.029541015625,-0.075439453125,-0.0146484375,0.04052734375,-0.03857421875,-0.08642578125,-0.013916015625,0.03955078125,-0.011962890625,-0.06396484375,-0.01025390625,0.012939453125,-0.0419921875,-0.040283203125,0.019287109375,0.027587890625,-0.032958984375,-0.05908203125,0.00244140625,-0.001708984375,-0.03857421875,0.00390625,0.0302734375,0.009521484375,-0.024169921875,-0.0078125,0.02978515625,-0.02099609375,-0.06201171875,0.001220703125,0.042236328125,-0.013427734375,-0.055419921875,0.009033203125,0.0517578125,-0.0302734375,-0.0791015625,0.00244140625,0.032958984375,-0.045654296875,-0.066650390625,0.034423828125,0.03759765625,-0.04248046875,0.01123046875,0.01123046875,0.013671875,-0.048828125,-0.036865234375,0.0517578125,0.0244140625,-0.063232421875,-0.0556640625,0.015380859375,0.005615234375,-0.063232421875,-0.0224609375,-0.01611328125,-0.01611328125,-0.0556640625,0.00048828125,0.039306640625,-0.013671875,-0.04736328125,0.012939453125,0.01171875,-0.086669921875,-0.0927734375,0.026123046875,0.0625,-0.033447265625,-0.060546875,0.037353515625,0.04052734375,-0.04931640625,-0.048583984375,0.0361328125,0.027099609375,-0.068603515625,-0.055908203125,0.039306640625,0.03759765625,-0.037841796875,-0.0380859375,0.007568359375,0.007568359375,-0.048095703125,-0.007568359375,0.04052734375,-0.009033203125,-0.05908203125,-0.007080078125,0.043701171875,-0.02880859375,-0.07861328125,0.0048828125,0.040771484375,-0.046630859375,-0.046630859375,0.031982421875,0.030517578125,-0.08056640625,-0.088134765625,0.027587890625,0.024658203125,-0.0576171875,-0.043212890625,0.04345703125,0.04541015625,-0.037109375,0.038330078125,0.038330078125,0.0185546875,-0.08349609375,-0.0634765625,0.0400390625,0.033203125,-0.03125,-0.004638671875,0.040771484375,-0.00634765625,-0.06591796875,-0.00634765625,-0.03515625,-0.0439453125,-0.0439453125,0.020263671875,0.021240234375,-0.048828125,-0.056396484375,0.023193359375,0.024169921875,-0.06201171875,-0.0537109375,0.052490234375,0.02490234375,-0.071044921875,0.0263671875,0.00048828125,0.00048828125,-0.072509765625,-0.01904296875,0.05712890625,0.0078125,-0.06591796875,-0.010498046875,0.060546875,-0.01806640625,-0.08544921875,0.0361328125,-0.03466796875,-0.03466796875,-0.072998046875,0.0185546875,0.059326171875,-0.03857421875,-0.068603515625,0.03369140625,0.0576171875,-0.04443359375,-0.06982421875,0.02001953125,-0.092041015625,-0.092041015625,-0.079345703125,0.045654296875,0.054443359375,-0.037353515625,-0.025390625,0.05322265625,0.010009765625,-0.083740234375,-0.037353515625,-0.00244140625,-0.07177734375,-0.07177734375,0.010009765625,0.072265625,-0.01513671875,-0.091552734375,0.0,0.0615234375,-0.0400390625,-0.07177734375,0.04736328125,-0.072998046875,-0.10693359375,0.021484375,0.021484375,0.04052734375,-0.0654296875,-0.066162109375,0.03076171875,0.04150390625,-0.043212890625,-0.050537109375,0.016357421875,-0.102783203125,-0.052734375,0.0556640625,0.0556640625,0.013916015625,-0.042236328125,0.0078125,0.055419921875,-0.0126953125,-0.079833984375,-0.021484375,0.044677734375,-0.063232421875,-0.007080078125,0.03369140625,0.03369140625,-0.03271484375,-0.047119140625,0.03857421875,0.025390625,-0.064697265625,-0.05517578125,0.052978515625,0.05029296875,-0.08642578125,0.034423828125,0.018798828125,0.018798828125,-0.071533203125,-0.000244140625,0.072509765625,0.001220703125,-0.085693359375,-0.029541015625,0.04736328125,-0.009033203125,-0.007080078125,0.078857421875,0.002197265625,-0.093994140625,-0.093994140625,-0.01611328125,0.05908203125,-0.02783203125,-0.08349609375,0.018798828125,0.06982421875,-0.034423828125,-0.0849609375,0.013916015625,-0.0712890625,-0.0537109375,0.037109375,0.022216796875,0.022216796875,-0.0517578125,-0.026611328125,0.060302734375,0.013671875,-0.096435546875,-0.044677734375,0.066162109375,-0.089599609375,-0.02099609375,0.077880859375,-0.001220703125,-0.10498046875,-0.10498046875,-0.01025390625,0.092529296875,-0.0126953125,-0.09619140625,0.0234375,0.09423828125,-0.035888671875,-0.1171875,0.060546875,-0.04296875,-0.076171875,0.025146484375,0.025146484375,0.0537109375,-0.04931640625,-0.056396484375,0.05029296875,0.04443359375,-0.0869140625,-0.08349609375,0.050048828125,-0.075439453125,-0.03076171875,0.069091796875,0.0244140625,-0.072509765625,-0.072509765625,-0.0283203125,0.065673828125,-0.014404296875,-0.12158203125,-0.026611328125,0.083251953125,-0.01806640625,0.0302734375,0.0927734375,-0.022705078125,-0.098388671875,0.007080078125,0.007080078125,0.056884765625,-0.05322265625,-0.08642578125,0.0361328125,0.05419921875,-0.072998046875,-0.074462890625,0.04150390625,-0.07373046875,-0.05615234375,0.072021484375,0.035400390625,-0.091064453125,-0.091064453125,-0.0615234375,0.05322265625,0.021484375,-0.070556640625,-0.00634765625,0.09228515625,-0.091552734375,-0.012939453125,0.0400390625,-0.05078125,-0.061767578125,0.048095703125,0.048095703125,0.046142578125,-0.07373046875,-0.086669921875,0.04736328125,0.0576171875,-0.08984375,-0.081298828125,0.066162109375,-0.078369140625,-0.088134765625,0.023193359375,-0.010498046875,-0.097412109375,-0.097412109375,-0.029296875,0.08837890625,0.048583984375,-0.07177734375,-0.02392578125,-0.01953125,-0.09912109375,-0.001220703125,0.08154296875,-0.018798828125,-0.09619140625,-0.09619140625,0.007080078125,0.06982421875,-0.032958984375,-0.068359375,0.03662109375,-0.0703125,-0.0810546875,0.063720703125,0.0712890625,-0.080078125,-0.07763671875,-0.07763671875,0.0673828125,0.029541015625,-0.105712890625,-0.080078125,0.066650390625,-0.079833984375,-0.0556640625,0.0625,0.013916015625,-0.111572265625,-0.06982421875,-0.06982421875,0.0576171875,0.0205078125,-0.046142578125,0.033203125,0.088134765625,-0.1328125,-0.028076171875,0.06298828125,-0.01123046875,-0.07763671875,0.010498046875,0.010498046875,0.0615234375,-0.052978515625,-0.07958984375,0.052978515625,0.060791015625,-0.07470703125,0.047119140625,0.02490234375,-0.090576171875,-0.057861328125,0.056640625,0.028564453125,0.028564453125,-0.06884765625,-0.029296875,0.068115234375,0.0009765625,-0.0068359375,0.072021484375,-0.007568359375,-0.07177734375,0.018310546875,0.067626953125,-0.05078125,-0.05078125,-0.10302734375,0.025146484375,0.072998046875,-0.049560546875,0.045166015625,0.060791015625,-0.056640625,-0.08203125,0.015869140625,0.0234375,-0.079345703125,-0.079345703125,-0.0712890625,0.0498046875,0.0283203125,-0.0830078125,0.081787109375,-0.0009765625,-0.09619140625,-0.0390625,0.041259765625,-0.014892578125,-0.09130859375,-0.000732421875,-0.000732421875,0.095703125,-0.006103515625,-0.071044921875,0.043212890625,-0.09228515625,-0.090087890625,0.061279296875,0.07470703125,-0.064697265625,-0.074951171875,0.076171875,0.05224609375,0.05224609375,-0.12353515625,-0.10009765625,0.089599609375,0.082763671875,-0.066650390625,0.092529296875,0.02001953125,-0.130615234375,-0.071533203125,0.065673828125,0.00537109375,-0.100830078125,-0.00048828125,-0.00048828125,0.110107421875,0.002685546875,-0.094970703125,0.001220703125,-0.063720703125,-0.12109375,0.00927734375,0.063720703125,-0.040771484375,-0.0419921875,0.080810546875,0.08154296875,-0.05712890625,-0.05712890625,-0.094970703125,0.029052734375,0.026611328125,-0.08056640625,0.08056640625,0.03466796875,-0.09912109375,-0.025634765625,0.104248046875,0.010498046875,-0.12939453125,-0.05712890625,-0.05712890625,0.067626953125,0.002685546875,-0.10400390625,0.10888671875,-0.01025390625,-0.100830078125,0.02490234375,0.080322265625,-0.068115234375,-0.106201171875,0.052490234375,0.087646484375,-0.0703125,-0.0703125,-0.08349609375,0.070068359375,0.06591796875,-0.1005859375,0.0634765625,0.04296875,-0.09228515625,-0.038330078125,0.10009765625,0.00732421875,-0.13525390625,-0.0419921875,-0.0419921875,0.0830078125,-0.03466796875,-0.136474609375,0.107666015625,-0.033447265625,-0.090087890625,0.03173828125,0.059326171875,-0.083740234375,-0.083740234375,0.064697265625,0.048095703125,0.048095703125,-0.080810546875,-0.067626953125,0.063232421875,-0.0712890625,-0.049560546875,0.098876953125,0.008544921875,-0.146728515625,-0.053955078125,0.109130859375,0.041015625,-0.123291015625,-0.123291015625,-0.0576171875,0.08984375,-0.130859375,0.004638671875,0.134033203125,-0.011962890625,-0.120361328125,0.00244140625,0.069091796875,-0.062255859375,-0.116455078125,-0.116455078125,0.018798828125,0.076904296875,-0.067626953125,0.07421875,0.07275390625,-0.073974609375,-0.05615234375,0.080810546875,0.00048828125,-0.159912109375,-0.057373046875,0.111572265625,0.111572265625,0.021728515625,-0.02001953125,0.10546875,-0.02294921875,-0.15234375,-0.0244140625,0.119873046875,-0.009765625,-0.135986328125,0.00390625,0.10546875,-0.044677734375,-0.044677734375,-0.11328125,0.097412109375,-0.036376953125,-0.060302734375,0.043701171875,0.0390625,-0.06787109375,-0.06787109375,0.034423828125,-0.000732421875,-0.0888671875,-0.0888671875,0.01025390625,0.0302734375,-0.103271484375,-0.033447265625,0.0712890625,-0.023681640625,-0.12548828125,-0.010009765625,0.10888671875,-0.001220703125,-0.12158203125,-0.021484375,-0.021484375,0.0,-0.090576171875,-0.010498046875,0.021728515625,-0.07763671875,-0.051025390625,0.056396484375,0.034423828125,-0.0478515625,-0.010986328125,0.04345703125,0.04345703125,-0.113525390625,-0.01171875,0.095947265625,0.013916015625,-0.11083984375,-0.03125,0.08251953125,-0.00830078125,-0.112060546875,-0.018310546875,0.1005859375,-0.000244140625,-0.000244140625,-0.109619140625,0.08837890625,-0.022216796875,-0.078125,-0.003662109375,0.01171875,-0.078369140625,-0.073974609375,0.05029296875,0.05029296875,-0.04638671875,-0.030517578125,0.073486328125,0.073486328125,-0.09814453125,-0.036376953125,0.080810546875,0.010986328125,-0.1015625,-0.038330078125,0.060302734375,0.00439453125,-0.070556640625,-0.010498046875,0.05322265625,0.01220703125,0.01220703125,-0.0244140625,0.060546875,-0.015625,-0.079345703125,-0.01318359375,-0.0009765625,-0.046630859375,-0.02978515625,0.016357421875,0.02783203125,-0.03759765625,-0.0595703125,0.023193359375,0.023193359375,-0.06591796875,-0.04736328125,0.050048828125,0.014404296875,-0.089599609375,-0.041748046875,0.06396484375,0.03466796875,-0.049560546875,-0.013427734375,0.05224609375,-0.004150390625,-0.004150390625,-0.026611328125,0.015625,-0.0263671875,-0.046630859375,-0.00048828125,0.0380859375,0.00634765625,-0.003173828125,0.025390625,0.002685546875,-0.05517578125,-0.07763671875,-0.04296875,-0.006103515625,-0.039794921875,-0.012451171875,0.0498046875,0.027099609375,-0.025146484375,-0.030029296875,-0.007568359375,-0.022705078125,-0.073486328125,-0.045654296875,0.029052734375,0.025390625,-0.014892578125,0.0009765625,0.02783203125,-0.00830078125,-0.050537109375,-0.044677734375,-0.01806640625,-0.009521484375,-0.025390625,-0.0029296875,0.029052734375,-0.00830078125,-0.054443359375,-0.03173828125,0.00927734375,-0.01220703125,-0.03125,0.0244140625,0.017822265625,-0.0546875,-0.029296875,0.0244140625,0.037353515625,-0.00732421875,-0.058349609375,-0.02978515625,-0.0087890625,-0.051025390625,-0.015380859375,0.051025390625,0.039306640625,-0.016845703125,-0.030029296875,-0.00341796875,-0.024169921875,-0.05078125,-0.0283203125,0.00390625,0.019775390625,0.007568359375,0.02880859375,0.040283203125,-0.027099609375,-0.058837890625,-0.04296875,-0.035400390625,-0.04443359375,-0.02880859375,0.011474609375,0.03759765625,-0.00244140625,-0.031982421875,0.01318359375,0.022216796875,-0.02099609375,-0.03857421875,-0.02783203125,-0.02099609375,-0.03125,-0.030517578125,-0.00048828125,0.029052734375,-0.00048828125,-0.01513671875,-0.01513671875,0.000732421875,-0.018798828125,-0.028076171875,0.017333984375,0.017822265625,-0.02099609375,-0.004150390625,0.01416015625,-0.02392578125,-0.036376953125,-0.044677734375,-0.01611328125,0.0078125,-0.00732421875,0.007568359375,0.018798828125,-0.00830078125,-0.05322265625,-0.05029296875,-0.020263671875,-0.01025390625,0.001953125,0.024169921875,0.0458984375,0.0185546875,-0.0283203125,-0.044189453125,-0.01513671875,-0.024658203125,-0.061279296875,-0.043212890625,-0.002197265625,0.012939453125,0.009765625,0.022705078125,0.024658203125,-0.017822265625,-0.06201171875,-0.035400390625,-0.010986328125,-0.024169921875,-0.01123046875,0.025146484375,0.01708984375,-0.025634765625,-0.042724609375,-0.0009765625,-0.043212890625,-0.043212890625,-0.077392578125,-0.02734375,0.02099609375,-0.0166015625,-0.009033203125,0.033447265625,0.02099609375,-0.013671875,-0.044677734375,-0.0341796875,0.0029296875,-0.000244140625,-0.000244140625,-0.010009765625,-0.0185546875,-0.010009765625,0.003662109375,0.001220703125,-0.01953125,-0.02587890625,0.001708984375,-0.015869140625,-0.0224609375,0.010009765625,-0.011474609375,-0.011474609375,-0.055908203125,-0.0517578125,-0.000244140625,0.003173828125,-0.010009765625,0.0087890625,0.01025390625,-0.02099609375,-0.05810546875,-0.035888671875,0.017578125,-0.014892578125,-0.014892578125,-0.0234375,-0.00341796875,-0.025146484375,-0.056884765625,-0.02099609375,-0.010498046875,0.0107421875,0.03564453125,0.00048828125,-0.0185546875,-0.02783203125,0.002197265625,-0.02685546875,-0.02685546875,-0.006591796875,0.026611328125,0.02001953125,-0.008056640625,-0.046630859375,-0.06201171875,-0.0341796875,-0.001708984375,-0.01220703125,0.02685546875,-0.01416015625,-0.001708984375,-0.001708984375,-0.0146484375,-0.04541015625,-0.000244140625,-0.03662109375,-0.02685546875,-0.007568359375,-0.015869140625,0.00390625,-0.010009765625,-0.00634765625,-0.025390625,-0.002685546875,-0.02587890625,-0.02587890625,-0.00927734375,-0.01318359375,-0.008056640625,-0.019287109375,-0.010986328125,0.002685546875,0.028564453125,0.000244140625,-0.042724609375,-0.068603515625,0.02001953125,-0.037353515625,-0.037353515625,-0.001953125,0.034912109375,-0.052734375,0.04931640625,-0.045166015625,-0.01708984375,0.095947265625,-0.080078125,0.003662109375,-0.021728515625,0.061279296875,0.017578125,-0.026123046875,-0.026123046875,0.051513671875,-0.00537109375,-0.029052734375,-0.018798828125,-0.045166015625,-0.0400390625,-0.010009765625,-0.003173828125,-0.017578125,0.004638671875,-0.01904296875,-0.001708984375,-0.001708984375,-0.037353515625,-0.036376953125,-0.0087890625,-0.01806640625,-0.006103515625,-0.00048828125,-0.000244140625,-0.010498046875,-0.000244140625,-0.0078125,-0.022216796875,-0.022216796875,-0.047119140625,-0.067626953125,-0.03857421875,-0.004638671875,0.0185546875,0.060791015625,0.07080078125,0.05078125,-0.018798828125,-0.03857421875,-0.03955078125,-0.0419921875,-0.0419921875,-0.03564453125,-0.0390625,-0.03515625,-0.023681640625,-0.01416015625,0.010498046875,0.038330078125,0.006591796875,-0.04345703125,-0.080810546875,-0.05615234375,-0.05615234375,0.028564453125,0.068603515625,0.01806640625,-0.0615234375,-0.09716796875,-0.04833984375,0.007080078125,-0.091064453125,-0.011474609375,0.07568359375,0.031005859375,0.031005859375,-0.0361328125,0.00439453125,0.022216796875,-0.046875,-0.026123046875,-0.003662109375,-0.069580078125,0.0107421875,-0.078857421875,-0.03271484375,0.076904296875,0.076904296875,0.037109375,0.00244140625,0.007568359375,-0.0419921875,-0.05224609375,-0.004150390625,-0.028076171875,0.048583984375,0.046875,-0.032958984375,-0.05419921875,-0.05419921875,-0.02294921875,-0.01953125,-0.007568359375,0.01318359375,0.022705078125,0.03955078125,0.025634765625,-0.05224609375,-0.036376953125,0.002685546875,0.00634765625,0.00634765625,0.03271484375,-0.01171875,-0.08349609375,-0.06494140625,-0.00439453125,0.047607421875,0.053955078125,-0.046630859375,-0.085205078125,-0.03076171875,-0.00732421875,-0.013427734375,-0.013427734375,-0.00634765625,-0.040771484375,-0.075439453125,-0.0234375,0.0068359375,-0.0185546875,-0.005126953125,-0.031982421875,0.00732421875,0.02978515625,0.007080078125,0.007080078125,-0.033447265625,-0.066162109375,-0.08203125,-0.031005859375,0.054931640625,0.050048828125,-0.049072265625,-0.036376953125,-0.02392578125,-0.005615234375,0.02099609375,0.02099609375,0.033203125,0.037109375,-0.010986328125,-0.087158203125,-0.07421875,0.01123046875,0.019287109375,-0.024169921875,-0.0322265625,0.00927734375,-0.001953125,-0.08056640625,-0.08056640625,-0.05859375,0.0634765625,0.08984375,-0.028076171875,-0.10205078125,0.096923828125,0.041748046875,-0.11181640625,-0.08935546875,0.06005859375,0.03564453125,0.03564453125,-0.114990234375,-0.09423828125,0.08349609375,0.064697265625,-0.09765625,0.09521484375,0.069580078125,-0.110595703125,-0.114501953125,0.0419921875,0.021728515625,0.021728515625,-0.135986328125,-0.08935546875,0.104248046875,0.06494140625,-0.1259765625,0.1142578125,0.088134765625,-0.09521484375,-0.103515625,0.04296875,0.059814453125,0.059814453125,-0.072021484375,-0.092529296875,0.05322265625,0.09375,-0.022705078125,0.0068359375,0.05126953125,0.009033203125,-0.0400390625,-0.03466796875,-0.020263671875,-0.005615234375,-0.005615234375,0.01220703125,-0.001708984375,-0.02099609375,0.00439453125,-0.001220703125,-0.046630859375,-0.016845703125,0.01708984375,-0.04150390625,-0.094482421875,-0.049072265625,-0.001220703125,-0.001220703125,-0.00830078125,-0.002197265625,0.02880859375,0.034912109375,-0.00830078125,0.0205078125,-0.00146484375,-0.06640625,-0.063720703125,-0.01220703125,-0.022216796875,-0.06640625,-0.06640625,-0.012451171875,0.075439453125,0.032958984375,-0.059814453125,-0.01953125,0.016845703125,-0.109375,-0.09814453125,0.024658203125,0.02685546875,-0.08251953125,-0.056396484375,0.0693359375,0.0693359375,0.060302734375,-0.046630859375,-0.028076171875,0.05224609375,-0.0771484375,-0.034423828125,0.01416015625,-0.037353515625,-0.075927734375,0.02294921875,0.095458984375,0.021484375,0.021484375,-0.039794921875,0.004150390625,0.05419921875,-0.020263671875,-0.017822265625,-0.00537109375,-0.0693359375,-0.033447265625,0.081787109375,0.058837890625,-0.08447265625,-0.065673828125,0.1015625,0.1015625,0.069091796875,-0.11083984375,-0.132568359375,0.087646484375,-0.118896484375,-0.13037109375,0.092529296875,0.118896484375,-0.088134765625,-0.0986328125,0.077392578125,0.061767578125,0.061767578125,-0.089599609375,-0.087646484375,0.025390625,-0.003173828125,-0.034423828125,0.068115234375,0.020263671875,-0.047119140625,0.030029296875,0.057861328125,-0.054443359375,-0.0703125,0.029541015625,0.004638671875,0.004638671875,-0.109130859375,-0.066650390625,0.047119140625,-0.02978515625,-0.008056640625,0.053955078125,0.00732421875,-0.05224609375,-0.007080078125,0.02685546875,-0.0458984375,-0.096923828125,-0.01708984375,-0.01708984375,0.05126953125,0.009521484375,-0.031982421875,0.027587890625,-0.032958984375,-0.08056640625,0.04052734375,0.068115234375,-0.08447265625,-0.114501953125,0.024169921875,0.0478515625,-0.05810546875,-0.027099609375,-0.027099609375,0.08837890625,0.037353515625,-0.084228515625,-0.037109375,-0.039306640625,-0.107177734375,-0.01220703125,0.05078125,-0.0400390625,-0.0859375,0.008056640625,0.072021484375,-0.01123046875,-0.06591796875,0.022216796875,0.022216796875,0.04833984375,-0.0546875,-0.09423828125,0.0498046875,-0.0478515625,-0.074951171875,0.0517578125,0.0869140625,-0.0380859375,-0.057373046875,0.035888671875,0.017822265625,-0.08447265625,-0.044189453125,-0.044189453125,0.05517578125,-0.007568359375,-0.100830078125,0.06103515625,-0.005615234375,-0.0751953125,0.02197265625,0.08837890625,-0.031494140625,-0.119873046875,-0.0068359375,0.079345703125,-0.028076171875,-0.094970703125,0.00732421875,0.00732421875,0.078857421875,-0.0107421875,0.02783203125,0.067626953125,-0.054443359375,-0.070068359375,0.05322265625,0.05029296875,-0.077392578125,-0.087890625,0.02490234375,0.040283203125,-0.048828125,-0.02880859375,-0.02880859375,0.064453125,0.012939453125,-0.049560546875,0.075927734375,0.0078125,-0.11962890625,-0.056396484375,0.050048828125,0.001220703125,-0.0556640625,-0.00146484375,0.05419921875,-0.017333984375,-0.068603515625,-0.068603515625,0.013916015625,0.057861328125,-0.09423828125,0.00146484375,0.03662109375,-0.032470703125,-0.017333984375,0.077880859375,0.0517578125,-0.081787109375,-0.0673828125,0.045654296875,0.0234375,-0.081298828125,-0.05615234375,0.038818359375,-0.003173828125,-0.079833984375,-0.02587890625,0.066650390625,0.02001953125,-0.067138671875,-0.015869140625,-0.015869140625,0.03857421875,-0.0205078125,-0.079345703125,0.04443359375,-0.0009765625,-0.06640625,-0.00439453125,0.07373046875,0.008056640625,-0.067138671875,0.004150390625,0.078857421875,0.001953125,-0.07958984375,-0.025146484375,0.0185546875,-0.047119140625,-0.071044921875,0.027587890625,0.067138671875,-0.02880859375,-0.050537109375,0.02099609375,0.0087890625,-0.071044921875,-0.055908203125,-0.055908203125,0.022705078125,-0.00341796875,-0.026123046875,0.049072265625,0.0126953125,-0.054443359375,-0.013671875,0.04345703125,-0.0126953125,-0.06591796875,-0.012451171875,0.028564453125,-0.03125,-0.060546875,0.0068359375,0.04345703125,-0.015869140625,-0.033935546875,0.032958984375,0.033203125,-0.04833984375,-0.0615234375,0.01220703125,0.005859375,-0.079833984375,-0.057373046875,-0.057373046875,0.03759765625,0.015869140625,-0.019775390625,0.051025390625,0.011962890625,-0.066162109375,-0.025146484375,0.05078125,-0.022705078125,-0.105712890625,-0.030517578125,0.046630859375,0.004638671875,-0.0380859375,0.031982421875,0.0771484375,-0.031005859375,-0.088134765625,0.01171875,0.05810546875,-0.048828125,-0.0947265625,0.01171875,0.04931640625,-0.051025390625,-0.058349609375,0.052490234375,0.052490234375,0.04248046875,-0.0673828125,0.056640625,0.0263671875,-0.100341796875,-0.074462890625,0.033935546875,-0.011474609375,-0.07666015625,-0.0126953125,0.067626953125,-0.0068359375,-0.087158203125,0.013671875,0.07763671875,-0.007568359375,-0.079345703125,-0.0234375,0.033935546875,-0.033203125,-0.06103515625,0.042236328125,0.066650390625,-0.03076171875,-0.04345703125,0.033203125,0.020751953125,-0.080810546875,-0.05908203125,0.050048828125,0.0224609375,-0.092529296875,-0.05078125,0.047607421875,-0.0029296875,-0.076416015625,-0.01025390625,0.080322265625,0.00244140625,-0.07421875,-0.005615234375,0.028076171875,-0.0615234375,-0.09326171875,0.022216796875,0.083251953125,-0.013916015625,-0.052978515625,0.02392578125,0.0302734375,-0.05224609375,-0.045166015625,0.0517578125,0.048828125,-0.061279296875,-0.067626953125,0.0205078125,0.015625,-0.069091796875,-0.0400390625,0.07958984375,0.041259765625,-0.082275390625,-0.060791015625,0.02978515625,-0.00732421875,-0.089599609375,-0.02490234375,0.062255859375,-0.0107421875,-0.07666015625,0.006103515625,0.073974609375,-0.0048828125,-0.078125,-0.007568359375,0.05029296875,-0.0322265625,-0.0830078125,0.001953125,0.049560546875,-0.02001953125,-0.038818359375,0.030517578125,0.0283203125,-0.060791015625,-0.05419921875,0.041259765625,0.02783203125,-0.064208984375,-0.052978515625,0.017822265625,-0.001708984375,-0.0634765625,-0.02978515625,0.04150390625,0.007080078125,-0.057861328125,-0.012451171875,0.0478515625,-0.014404296875,-0.0908203125,-0.036376953125,0.043212890625,0.0078125,-0.040283203125,-0.006591796875,0.048828125,0.003173828125,0.01806640625,0.06689453125,0.06689453125,-0.018310546875,-0.093017578125,-0.03125,0.0205078125,-0.032958984375,-0.029052734375,0.036865234375,0.040283203125,-0.032958984375,-0.053466796875,0.0234375,0.023193359375,-0.052001953125,-0.05322265625,-0.00390625,-0.00927734375,-0.058837890625,-0.0458984375,0.021728515625,0.01318359375,-0.025390625,-0.00537109375,0.001220703125,-0.034423828125,-0.02880859375,-0.02880859375,-0.003662109375,-0.013671875,-0.028564453125,-0.002685546875,0.025390625,0.0029296875,-0.010498046875,0.02001953125,0.018310546875,-0.024658203125,-0.044189453125,-0.024658203125,-0.015625,-0.039794921875,-0.02978515625,0.01220703125,0.0009765625,-0.0341796875,-0.00927734375,0.023193359375,-0.001953125,-0.03369140625,-0.015869140625,0.001953125,-0.0537109375,0.0078125,0.031982421875,-0.00146484375,-0.018310546875,-0.018310546875,0.032958984375,0.04296875,-0.0224609375,-0.045654296875,-0.004150390625,0.013427734375,-0.04052734375,-0.046875,0.017333984375,0.03857421875,-0.0263671875,-0.052978515625,0.00390625,0.0244140625,-0.0146484375,-0.02197265625,0.00830078125,-0.006591796875,-0.073974609375,-0.0654296875,0.008544921875,0.015380859375,-0.030517578125,0.003662109375,-0.0107421875,-0.019775390625,0.006591796875,0.006591796875,0.01904296875,-0.016845703125,-0.056640625,-0.0087890625,0.026123046875,-0.010498046875,-0.026611328125,-0.0048828125,-0.00048828125,-0.010986328125,0.006103515625,0.022705078125,0.00244140625,-0.048828125,-0.0537109375,-0.001220703125,-0.002685546875,-0.034423828125,-0.00439453125,0.031494140625,-0.01904296875,0.008056640625,0.02978515625,-0.028076171875,-0.058349609375,-0.0126953125,0.013427734375,0.013427734375,-0.028564453125,-0.039306640625,0.00146484375,0.013427734375,-0.031494140625,-0.0390625,0.030517578125,0.04296875,-0.025634765625,-0.042236328125,0.000244140625,0.005615234375,-0.040771484375,-0.036376953125,0.01416015625,0.009521484375,-0.028564453125,-0.02099609375,0.01123046875,-0.013671875,-0.0185546875,0.02490234375,-0.00927734375,-0.057861328125,-0.029052734375,0.022216796875,-0.00146484375,-0.00146484375,-0.036376953125,-0.0166015625,0.0,-0.03271484375,-0.01953125,0.02490234375,0.01513671875,-0.026123046875,-0.0341796875,0.005615234375,0.01318359375,-0.017822265625,-0.002685546875,0.031982421875,0.006103515625,-0.049560546875,-0.03076171875,0.023193359375,-0.011474609375,-0.023193359375,0.043701171875,0.0068359375,-0.055419921875,-0.014892578125,0.03173828125,-0.037841796875,-0.0751953125,-0.0751953125,-0.00244140625,0.024169921875,-0.03857421875,-0.0771484375,-0.019775390625,0.0341796875,-0.015380859375,-0.0400390625,0.03125,0.056884765625,-0.035400390625,-0.077880859375,-0.002685546875,0.0390625,-0.013916015625,-0.048828125,0.008544921875,-0.04052734375,-0.04052734375,0.04541015625,0.060302734375,-0.025390625,-0.064208984375,0.002197265625,0.02294921875,-0.062255859375,-0.09130859375,-0.09130859375,-0.012939453125,0.03173828125,-0.00341796875,-0.018798828125,0.021484375,0.01123046875,-0.047119140625,-0.037109375,0.0234375,0.01953125,-0.037841796875,-0.038818359375,-0.019775390625,-0.035888671875,-0.035400390625,0.004638671875,0.03173828125,-0.006103515625,-0.00732421875,-0.01513671875,-0.04248046875,-0.03125,-0.0048828125,-0.013916015625,-0.030517578125,-0.0087890625,-0.0087890625,0.010498046875,-0.019287109375,-0.045654296875,-0.008056640625,0.044921875,0.00390625,-0.05419921875,-0.029052734375,-0.00634765625,-0.0419921875,-0.05322265625,0.01220703125,0.0625,0.01171875,-0.04638671875,-0.0146484375,-0.015625,-0.041259765625,0.002685546875,0.019287109375,-0.04443359375,-0.076904296875,-0.0107421875,0.02880859375,-0.011474609375,-0.021728515625,0.0322265625,0.0322265625,0.0361328125,-0.029052734375,-0.059814453125,-0.0234375,-0.002197265625,-0.03271484375,-0.049072265625,-0.027587890625,-0.002685546875,-0.01220703125,-0.00634765625,0.00439453125,-0.016845703125,-0.015380859375,0.011474609375,-0.026123046875,-0.04345703125,-0.009033203125,0.007568359375,-0.008056640625,0.006103515625,0.044921875,0.028564453125,-0.03662109375,-0.03076171875,0.02392578125,0.02392578125,0.006591796875,-0.052490234375,-0.059814453125,-0.02392578125,-0.03125,-0.041015625,0.02099609375,0.076171875,0.01220703125,-0.064208984375,-0.034912109375,0.022216796875,-0.012451171875,-0.06201171875,0.0048828125,-0.05029296875,-0.081787109375,-0.007080078125,0.074951171875,0.042236328125,-0.022216796875,-0.01416015625,-0.0009765625,-0.019775390625,-0.034912109375,-0.01171875,0.00390625,0.00390625,-0.039306640625,-0.042724609375,0.019775390625,0.032470703125,-0.003662109375,0.008544921875,0.02587890625,-0.033935546875,-0.083984375,-0.06494140625,-0.025390625,-0.014892578125,0.029052734375,0.04345703125,-0.00341796875,-0.044921875,-0.0078125,0.02392578125,-0.008544921875,-0.0380859375,-0.009765625,0.0009765625,-0.04248046875,-0.060791015625,-0.016357421875,0.03173828125,0.0224609375,0.0224609375,0.013916015625,0.02392578125,-0.005859375,-0.05712890625,-0.02880859375,0.01171875,-0.02587890625,-0.06494140625,-0.043701171875,0.035888671875,0.041259765625,-0.02587890625,-0.000732421875,0.0478515625,-0.02294921875,-0.015625,0.02685546875,-0.027587890625,-0.06640625,-0.05322265625,0.00146484375,0.0185546875,-0.00732421875,0.024169921875,0.058349609375,-0.0107421875,-0.056884765625,0.003173828125,0.01806640625,-0.047607421875,-0.047607421875,-0.07421875,-0.023681640625,0.0224609375,0.027587890625,0.014404296875,0.024169921875,0.01904296875,-0.04150390625,-0.0673828125,-0.01171875,-0.04833984375,-0.034912109375,-0.00048828125,-0.01708984375,-0.042724609375,-0.02783203125,0.031494140625,0.048828125,-0.005126953125,-0.02001953125,0.01806640625,-0.024169921875,-0.07080078125,-0.02880859375,0.00146484375,-0.010009765625,-0.01611328125,-0.01611328125,-0.00146484375,0.035400390625,0.032470703125,-0.013671875,-0.016357421875,-0.004150390625,-0.046630859375,-0.06396484375,-0.003173828125,0.000732421875,-0.00537109375,-0.021240234375,-0.04833984375,-0.047119140625,0.0107421875,0.05615234375,0.0087890625,-0.028564453125,0.006103515625,0.030517578125,-0.0546875,-0.1328125,-0.069580078125,0.0400390625,0.06884765625,0.025634765625,0.018310546875,0.018310546875,0.015625,-0.047119140625,-0.0830078125,-0.04931640625,0.0078125,0.02587890625,-0.002685546875,-0.008056640625,-0.01025390625,-0.037353515625,-0.020263671875,0.002685546875,-0.01123046875,-0.007080078125,0.03125,0.016845703125,-0.0732421875,-0.116943359375,-0.072265625,-0.01318359375,0.024658203125,0.051513671875,0.05517578125,-0.005615234375,-0.051513671875,-0.019775390625,-0.019775390625,0.01806640625,0.0,-0.014404296875,0.007080078125,0.00439453125,-0.048583984375,-0.056396484375,0.03369140625,-0.043701171875,-0.053466796875,0.028564453125,0.029052734375,-0.039794921875,-0.034912109375,0.02099609375,0.00146484375,-0.07861328125,-0.05615234375,0.061767578125,0.06298828125,-0.04638671875,-0.069580078125,0.00634765625,0.0224609375,-0.04150390625,-0.055419921875,-0.055419921875,-0.01025390625,-0.027099609375,-0.06884765625,-0.003173828125,0.088134765625,0.059814453125,-0.04296875,-0.01611328125,0.0302734375,0.00146484375,-0.017578125,-0.0029296875,-0.010009765625,-0.028564453125,-0.01025390625,0.027099609375,0.02294921875,-0.01123046875,-0.047119140625,-0.072265625,-0.032958984375,0.026123046875,0.009033203125,-0.072509765625,-0.100341796875,-0.012939453125,0.060546875,0.041015625,0.041015625,0.0068359375,0.010009765625,0.003173828125,-0.05517578125,-0.0693359375,0.05126953125,-0.021240234375,-0.104248046875,-0.063232421875,0.01611328125,0.047607421875,0.03369140625,0.01123046875,0.0166015625,-0.005615234375,-0.0625,-0.068603515625,0.002685546875,0.05615234375,0.00439453125,-0.08544921875,-0.076171875,0.051025390625,0.131103515625,0.051513671875,0.051513671875,-0.044189453125,-0.037841796875,-0.005126953125,0.00439453125,-0.037841796875,-0.02783203125,-0.017822265625,-0.057861328125,-0.047607421875,-0.003173828125,0.00732421875,0.035400390625,0.020751953125,-0.0244140625,0.01806640625,0.023681640625,-0.05029296875,-0.031494140625,-0.03076171875,-0.081298828125,-0.017578125,0.01513671875,-0.022216796875,-0.0146484375,-0.00537109375,-0.042724609375,-0.042724609375,-0.027099609375,0.025390625,-0.012451171875,-0.02685546875,-0.019775390625,-0.012451171875,-0.02978515625,-0.027099609375,0.001953125,0.017333984375,-0.00537109375,-0.01611328125,-0.029052734375,-0.021240234375,0.006103515625,0.012451171875,-0.00537109375,0.001220703125,-0.010986328125,-0.029541015625,0.022705078125,0.024169921875,0.00244140625,-0.0029296875,-0.071044921875,-0.071044921875,-0.055419921875,0.035888671875,0.00146484375,0.002197265625,-0.0654296875,-0.00341796875,0.075927734375,-0.032470703125,-0.028076171875,0.03759765625,-0.054443359375,-0.042236328125,0.06201171875,-0.00390625,-0.05029296875,-0.00146484375,-0.038818359375,-0.052490234375,0.000732421875,0.01123046875,0.0224609375,0.017578125,-0.0439453125,-0.05517578125,-0.006591796875,0.02880859375,0.02587890625,0.02587890625,-0.024169921875,-0.05615234375,-0.01318359375,0.0048828125,0.005126953125,-0.0107421875,-0.0224609375,-0.012451171875,-0.0146484375,-0.016845703125,0.0029296875,0.00244140625,-0.025390625,-0.0205078125,0.00537109375,0.01708984375,0.01708984375,-0.007080078125,-0.02392578125,-0.008056640625,0.009765625,0.013671875,0.00537109375,-0.0009765625,-0.023193359375,-0.04541015625,-0.048828125,-0.048828125,0.004150390625,0.014404296875,-0.00634765625,-0.021484375,-0.02880859375,-0.006103515625,0.04150390625,0.040283203125,-0.019287109375,-0.04150390625,-0.027587890625,-0.05859375,-0.048583984375,0.0087890625,-0.030029296875,-0.037109375,0.019287109375,-0.047607421875,-0.07666015625,0.052490234375,0.034912109375,0.004638671875,0.069091796875,-0.05322265625,-0.00927734375,0.018310546875,-0.10107421875,0.010009765625,-0.068359375,-0.053955078125,0.0,-0.04296875,0.039794921875,0.011962890625,0.026611328125,-0.010009765625,-0.038330078125,0.00537109375,-0.02197265625,0.000244140625,0.0244140625,0.00341796875,-0.0087890625,-0.032958984375,-0.01806640625,-0.008544921875,-0.005615234375,-0.012939453125,-0.0283203125,-0.038818359375,-0.03125,-0.00390625,-0.015625,0.020751953125,0.046630859375,0.01953125,0.002197265625,-0.02099609375,-0.01171875,-0.0107421875,-0.015625,0.001220703125,-0.014404296875,-0.0302734375,-0.016845703125,-0.0107421875,0.017822265625,0.01123046875,-0.023193359375,-0.006591796875,-0.0361328125,-0.04931640625,-0.0166015625,0.0087890625,0.06103515625,0.0361328125,-0.026123046875,-0.003173828125,-0.020263671875,-0.03662109375,-0.0322265625,-0.039794921875,0.01220703125,-0.013427734375,-0.0283203125,-0.02490234375,-0.04150390625,-0.0244140625,-0.01904296875,0.014404296875,0.006103515625,0.018310546875,0.013427734375,-0.004638671875,0.009033203125,-0.03125,-0.059814453125,-0.0341796875,-0.001953125,-0.009033203125,-0.0537109375,-0.05712890625,-0.014404296875,-0.002685546875,-0.031494140625,0.00048828125,0.0439453125,0.00439453125,0.00439453125,-0.0107421875,-0.021240234375,-0.041015625,-0.038818359375,-0.040283203125,-0.027587890625,0.0283203125,0.02099609375,0.003173828125,-0.0205078125,-0.04931640625,-0.010498046875,-0.006103515625,-0.001708984375,0.060546875,0.0498046875,-0.0009765625,-0.013427734375,-0.02587890625,-0.018310546875,-0.010498046875,-0.04443359375,-0.04541015625,0.007080078125,-0.007568359375,0.01806640625,0.01806640625,0.0087890625,-0.022216796875,-0.032958984375,-0.029541015625,-0.024169921875,-0.023681640625,0.011474609375,0.030029296875,-0.001220703125,-0.037841796875,-0.012451171875,0.007568359375,-0.03173828125,-0.06982421875,-0.053955078125,-0.025634765625,-0.039306640625,-0.016845703125,0.02490234375,0.017822265625,-0.008544921875,-0.045166015625,-0.04248046875,-0.01806640625,-0.01806640625,0.026123046875,0.0048828125,0.001220703125,0.01318359375,-0.0107421875,-0.020263671875,-0.022216796875,0.005859375,0.023193359375,0.002685546875,0.00732421875,0.00634765625,0.00634765625,0.00341796875,-0.024169921875,-0.023681640625,0.0107421875,0.0107421875,-0.00146484375,0.013916015625,0.01708984375,-0.0146484375,-0.03662109375,-0.01123046875,0.015625,0.015625,-0.01123046875,-0.01318359375,-0.005615234375,-0.015380859375,-0.023681640625,-0.006591796875,-0.0205078125,-0.015380859375,0.019287109375,0.011474609375,-0.054443359375,-0.0458984375,-0.005859375,-0.005859375,-0.012451171875,-0.047119140625,-0.00830078125,0.05322265625,0.034912109375,-0.0390625,-0.031982421875,0.0087890625,-0.019287109375,-0.030517578125,-0.015869140625,0.0009765625,0.0009765625,-0.001708984375,-0.015869140625,0.017578125,0.0244140625,-0.021484375,-0.0087890625,-0.0146484375,-0.068359375,-0.029296875,0.034423828125,-0.047119140625,-0.005859375,0.0546875,0.0546875,0.02978515625,-0.01708984375,0.015869140625,0.0205078125,-0.046630859375,-0.089111328125,-0.04638671875,0.044921875,0.031005859375,0.001708984375,0.01513671875,-0.018310546875,-0.018310546875,-0.024169921875,-0.024169921875,0.000244140625,-0.00341796875,-0.038818359375,-0.019775390625,0.021484375,-0.011474609375,-0.046875,0.0126953125,-0.07080078125,-0.04541015625,-0.04541015625,0.045654296875,0.029052734375,-0.060302734375,-0.0625,0.039306640625,0.03173828125,-0.062744140625,-0.029296875,0.09228515625,-0.099853515625,-0.02880859375,0.056640625,0.056640625,-0.041748046875,-0.08740234375,0.01171875,0.04248046875,-0.03515625,-0.040771484375,0.035400390625,0.02001953125,-0.061279296875,0.03759765625,0.0390625,0.0390625,-0.070068359375,-0.054931640625,0.026611328125,0.0,-0.0703125,-0.038330078125,0.061279296875,0.026123046875,-0.0361328125,0.05908203125,0.011962890625,0.011962890625,-0.082275390625,-0.050048828125,0.029052734375,-0.008056640625,-0.07421875,-0.005126953125,0.08935546875,0.020263671875,-0.03271484375,0.044677734375,-0.0234375,-0.106689453125,-0.106689453125,0.007568359375,0.08837890625,-0.05712890625,-0.1201171875,0.0439453125,0.102294921875,-0.05517578125,0.043212890625,0.064697265625,-0.072021484375,-0.066650390625,0.08984375,0.08984375,0.0830078125,-0.08349609375,-0.09716796875,0.062744140625,0.0439453125,-0.10302734375,-0.052001953125,0.06103515625,-0.09521484375,-0.06884765625,0.086181640625,0.086181640625,0.0302734375,-0.13134765625,-0.072998046875,0.06298828125,0.002197265625,-0.10986328125,-0.017333984375,0.010009765625,-0.12939453125,-0.01123046875,0.10595703125,0.10595703125,-0.047119140625,-0.1435546875,0.027099609375,0.10595703125,-0.048095703125,-0.12890625,0.05126953125,-0.083251953125,-0.1337890625,0.05810546875,0.110595703125,-0.085205078125,-0.085205078125,-0.124755859375,0.06689453125,0.09716796875,-0.076416015625,-0.095947265625,0.074951171875,0.070556640625,-0.0322265625,0.0771484375,-0.122802734375,0.068115234375,-0.0888671875,-0.068359375,-0.01513671875,-0.134521484375,-0.002685546875,0.12255859375,0.01416015625,-0.1064453125,-0.1064453125,0.013427734375,0.1123046875,-0.03173828125,-0.1240234375,0.012451171875,0.077392578125,-0.08447265625,0.056396484375,0.150146484375,-0.021484375,-0.093017578125,0.047119140625,0.047119140625,0.05712890625,-0.122314453125,-0.133544921875,0.0576171875,0.082275390625,-0.09765625,-0.0810546875,0.06005859375,-0.110107421875,-0.06689453125,0.086181640625,-0.00146484375,-0.178466796875,-0.178466796875,-0.066650390625,0.112060546875,0.032470703125,-0.126708984375,-0.020263671875,0.131103515625,-0.14453125,-0.01806640625,0.153076171875,0.037841796875,-0.124755859375,-0.01123046875,0.10302734375,0.10302734375,-0.056640625,-0.144775390625,0.0244140625,0.09619140625,-0.046630859375,-0.07958984375,0.109619140625,-0.067138671875,-0.123046875,0.0263671875,0.0419921875,-0.123046875,-0.123046875,-0.10302734375,0.099365234375,0.0947265625,-0.08837890625,-0.071533203125,0.06591796875,-0.126708984375,-0.06591796875,0.096435546875,0.036376953125,-0.12158203125,-0.033447265625,0.112060546875,0.112060546875,-0.003173828125,-0.12890625,-0.0009765625,0.119384765625,-0.01611328125,-0.002685546875,0.11669921875,-0.04443359375,-0.16650390625,0.001953125,0.112060546875,-0.036865234375,-0.036865234375,-0.08935546875,0.04931640625,0.0556640625,-0.10595703125,-0.089599609375,0.06884765625,-0.099365234375,-0.07666015625,0.08837890625,0.051513671875,-0.098388671875,-0.04248046875,0.0751953125,0.0751953125,0.016357421875,-0.102294921875,-0.01806640625,0.097412109375,-0.1103515625,-0.009765625,0.10546875,-0.012939453125,-0.109130859375,0.025390625,0.10400390625,0.10400390625,-0.0517578125,-0.140625,-0.005859375,0.078857421875,-0.1005859375,0.025634765625,0.06298828125,-0.07080078125,-0.08544921875,0.050537109375,0.0556640625,0.0556640625,-0.08154296875,-0.06396484375,0.0791015625,0.051025390625,-0.06298828125,0.08154296875,0.03125,-0.128662109375,-0.05419921875,0.12548828125,0.075927734375,0.075927734375,-0.095703125,-0.045654296875,0.0908203125,0.016357421875,-0.036376953125,0.051513671875,-0.032470703125,-0.099853515625,0.018310546875,0.09521484375,-0.031494140625,-0.031494140625,-0.094970703125,0.020751953125,0.0859375,-0.130859375,0.01904296875,0.086181640625,-0.077392578125,-0.117919921875,0.04736328125,0.097900390625,-0.03759765625,-0.03759765625,-0.06689453125,0.040283203125,0.03515625,-0.07373046875,0.072021484375,0.05126953125,-0.092041015625,-0.06689453125,0.05322265625,0.017333984375,-0.06103515625,-0.06103515625,-0.011474609375,0.04541015625,-0.0146484375,0.01904296875,0.049560546875,-0.061767578125,-0.095458984375,0.010986328125,0.06787109375,-0.042724609375,-0.078369140625,-0.078369140625,0.066650390625,0.089111328125,-0.07666015625,-0.10986328125,0.0615234375,-0.07275390625,-0.0712890625,0.045166015625,0.0478515625,-0.052734375,-0.030517578125,0.053466796875,-0.001220703125,-0.001220703125,-0.071044921875,-0.017578125,0.052001953125,-0.093505859375,-0.011474609375,0.05078125,-0.0380859375,-0.0849609375,0.01318359375,0.087646484375,-0.021728515625,-0.095947265625,-0.095947265625,-0.01025390625,0.039794921875,-0.048095703125,0.0205078125,0.049560546875,-0.05859375,-0.0693359375,0.049560546875,0.06494140625,-0.05615234375,-0.050537109375,0.04345703125,0.04345703125,-0.009765625,-0.10791015625,-0.029296875,0.025634765625,-0.089111328125,-0.013671875,0.08251953125,-0.00146484375,-0.114013671875,-0.025146484375,0.095947265625,-0.007568359375,-0.112060546875,-0.112060546875,-0.00048828125,0.07763671875,-0.11474609375,-0.007080078125,0.08544921875,-0.02490234375,-0.0810546875,0.034423828125,0.073486328125,-0.045166015625,-0.07421875,0.0166015625,0.0166015625,0.0166015625,-0.088623046875,0.0703125,0.0771484375,-0.0400390625,-0.04345703125,0.055908203125,0.01171875,-0.105712890625,-0.0615234375,0.04931640625,0.01318359375,0.01318359375,-0.07763671875,-0.017822265625,0.014404296875,-0.093994140625,-0.045166015625,0.0302734375,-0.037353515625,-0.07861328125,0.022705078125,0.067626953125,-0.042236328125,-0.07080078125,-0.07080078125,0.0234375,0.049560546875,-0.05078125,0.029541015625,0.02197265625,-0.04833984375,-0.008056640625,0.072265625,0.008544921875,-0.111328125,-0.049560546875,0.068603515625,0.015625,0.015625,-0.082763671875,0.092041015625,0.0009765625,-0.09765625,-0.0322265625,0.05517578125,-0.022705078125,-0.096923828125,-0.00537109375,0.07177734375,-0.01513671875,-0.06689453125,-0.06689453125,0.040283203125,-0.066162109375,-0.06396484375,0.03515625,0.025634765625,-0.076171875,-0.07177734375,0.029052734375,0.041748046875,-0.043701171875,-0.0302734375,-0.0302734375,0.028564453125,-0.051025390625,-0.02197265625,0.0546875,0.005859375,-0.09130859375,-0.06591796875,0.01904296875,-0.006591796875,-0.067138671875,0.00341796875,0.00341796875,-0.00244140625,-0.10107421875,-0.027587890625,0.069580078125,0.0,-0.08056640625,-0.018310546875,0.04052734375,-0.034423828125,-0.070556640625,0.011474609375,0.011474609375,-0.02490234375,-0.050048828125,0.01806640625,0.051513671875,-0.022705078125,-0.0625,0.0263671875,0.052734375,-0.046875,-0.05712890625,0.044677734375,0.044677734375,-0.065185546875,-0.06201171875,0.04345703125,0.01708984375,-0.08056640625,-0.04345703125,0.0498046875,-0.0166015625,-0.10595703125,-0.028564453125,0.077392578125,0.077392578125,-0.080078125,-0.0048828125,0.0556640625,-0.03173828125,-0.070068359375,0.002685546875,0.02685546875,-0.0400390625,-0.045654296875,0.01806640625,0.039306640625,0.039306640625,-0.032470703125,0.030029296875,0.0234375,-0.0361328125,-0.021240234375,0.03662109375,-0.00341796875,-0.0810546875,-0.021484375,0.0517578125,-0.014892578125,-0.072265625,-0.016845703125,0.05859375,-0.02099609375,-0.096435546875,0.003662109375,0.053955078125,-0.06201171875,-0.087158203125,0.019775390625,0.059326171875,-0.032470703125,-0.056640625,0.024169921875,0.037109375,-0.063232421875,-0.079833984375,0.01806640625,0.04541015625,-0.06396484375,-0.08349609375,0.046630859375,0.0595703125,-0.048828125,-0.037841796875,0.064453125,0.0380859375,-0.09326171875,-0.072021484375,0.052001953125,0.009521484375,-0.073974609375,-0.02685546875,0.037353515625,-0.01171875,-0.0625,-0.014404296875,0.047119140625,0.00537109375,-0.045654296875,-0.007080078125,0.030029296875,-0.03076171875,-0.046875,0.005615234375,0.011474609375,-0.067626953125,-0.0625,0.047607421875,0.062255859375,-0.049072265625,-0.071533203125,0.049072265625,0.040771484375,-0.093017578125,-0.05859375,0.060791015625,0.02392578125,-0.0859375,-0.049072265625,0.081298828125,0.04443359375,-0.070556640625,-0.06005859375,0.022705078125,0.00927734375,-0.076416015625,-0.055908203125,0.0400390625,0.01171875,-0.048095703125,-0.022216796875,0.0341796875,-0.001708984375,-0.055908203125,-0.01220703125,0.03564453125,-0.013671875,-0.038818359375,0.0126953125,0.014404296875,-0.0439453125,-0.040283203125,0.02490234375,0.026611328125,-0.0458984375,-0.041748046875,0.03955078125,0.02392578125,-0.045166015625,-0.015625,0.052978515625,-0.000244140625,-0.085205078125,-0.048095703125,0.02685546875,-0.0458984375,-0.0458984375,-0.017333984375,0.03955078125,-0.001220703125,-0.056884765625,-0.01416015625,0.0263671875,-0.05517578125,-0.06689453125,0.015869140625,0.044189453125,-0.016357421875,-0.03076171875,0.028564453125,0.028564453125,-0.066162109375,-0.080810546875,0.016357421875,0.01220703125,-0.069091796875,-0.031982421875,0.06494140625,0.0302734375,-0.055419921875,-0.02392578125,0.0400390625,-0.009765625,-0.052490234375,0.034912109375,0.034912109375,0.010498046875,-0.054443359375,-0.0205078125,0.047607421875,-0.01171875,-0.08740234375,-0.018310546875,0.055419921875,-0.015869140625,-0.040771484375,0.02783203125,-0.037353515625,-0.070068359375,-0.070068359375,-0.0146484375,0.019775390625,-0.007568359375,-0.009765625,0.0283203125,0.011962890625,-0.048583984375,-0.03515625,0.020751953125,-0.010009765625,-0.0673828125,0.04931640625,0.006591796875,0.006591796875,-0.069580078125,-0.02001953125,0.04541015625,-0.009521484375,-0.068115234375,-0.018310546875,0.051025390625,-0.011962890625,-0.08642578125,-0.029052734375,0.011474609375,-0.0576171875,-0.012451171875,-0.012451171875,0.033447265625,-0.019287109375,-0.033935546875,0.001708984375,0.013916015625,-0.00732421875,-0.014892578125,0.015869140625,-0.00927734375,-0.07373046875,0.02197265625,0.02685546875,-0.012451171875,-0.012451171875,-0.008544921875,0.029541015625,-0.016845703125,-0.05615234375,-0.025146484375,0.0087890625,-0.037353515625,-0.05810546875,0.0205078125,0.0625,-0.06005859375,-0.01416015625,-0.01416015625,0.021484375,-0.048828125,-0.07666015625,-0.006591796875,0.04833984375,-0.009765625,-0.02734375,0.037109375,0.022705078125,-0.0517578125,-0.0673828125,0.021484375,-0.02978515625,-0.02294921875,-0.02294921875,0.020751953125,0.013916015625,-0.0537109375,-0.070556640625,0.006103515625,-0.013427734375,-0.057861328125,0.01171875,0.072509765625,-0.0654296875,-0.023681640625,0.025146484375,0.025146484375,-0.042236328125,-0.085205078125,-0.017578125,0.052978515625,0.001220703125,-0.026123046875,0.027099609375,0.0517578125,-0.0771484375,-0.00146484375,0.029541015625,0.029541015625,-0.036865234375,-0.05615234375,0.035888671875,0.0576171875,-0.0400390625,-0.080810546875,-0.008544921875,0.006591796875,-0.0302734375,0.0634765625,0.04638671875,-0.026611328125,-0.026611328125,-0.048583984375,0.007568359375,-0.02880859375,-0.10595703125,-0.042724609375,0.043212890625,-0.0009765625,-0.037109375,0.013427734375,-0.01123046875,-0.083984375,-0.018310546875,-0.018310546875,0.03515625,-0.010986328125,-0.041748046875,0.037353515625,0.072509765625,-0.038818359375,-0.0859375,-0.014404296875,-0.03271484375,-0.02880859375,0.03662109375,0.035400390625,0.035400390625,-0.035888671875,-0.04248046875,0.012939453125,-0.010986328125,-0.06103515625,-0.0185546875,0.05078125,-0.01220703125,0.003173828125,0.020751953125,-0.04541015625,-0.086669921875,-0.086669921875,0.002197265625,0.064208984375,-0.009033203125,-0.048583984375,0.015380859375,0.035400390625,-0.031005859375,0.00390625,0.01953125,-0.01416015625,-0.028076171875,-0.028076171875,-0.021728515625,-0.007568359375,-0.041259765625,-0.038330078125,0.020751953125,-0.015625,-0.04150390625,0.023681640625,0.0263671875,-0.09375,0.009521484375,0.046630859375,-0.030517578125,-0.056884765625,0.01904296875,0.01904296875,0.09521484375,-0.00341796875,-0.09228515625,-0.0126953125,0.0322265625,-0.0224609375,-0.0908203125,-0.031982421875,0.078125,0.046630859375,-0.089599609375,0.0341796875,0.08935546875,-0.041259765625,-0.096435546875,-0.0263671875,-0.0263671875,0.09912109375,0.06591796875,-0.098876953125,-0.1064453125,0.03466796875,0.1123046875,-0.0244140625,-0.0673828125,0.107177734375,0.115966796875,-0.097900390625,-0.167236328125,0.031005859375,0.031005859375,0.11865234375,0.024169921875,-0.09912109375,-0.095458984375,0.048828125,0.064697265625,-0.064697265625,-0.010009765625,0.064453125,-0.016845703125,-0.0673828125,-0.055419921875,0.0322265625,0.117431640625,0.117431640625,-0.0400390625,-0.0966796875,-0.016845703125,0.0283203125,0.056884765625,-0.0341796875,-0.054931640625,-0.009521484375,0.009765625,-0.0703125,-0.01708984375,0.073486328125,0.06494140625,-0.0224609375,-0.075927734375,-0.075927734375,-0.0322265625,0.05029296875,0.00341796875,-0.058837890625,-0.058349609375,0.016357421875,-0.0126953125,-0.0205078125,-0.05517578125,0.01708984375,-0.040771484375,-0.072265625,-0.072265625,0.050048828125,-0.01513671875,0.0673828125,0.002197265625,-0.12744140625,0.04150390625,-0.057861328125,-0.058837890625,-0.07763671875,0.0439453125,0.046142578125,-0.061279296875,0.033447265625,-0.0126953125,-0.024169921875,-0.008056640625,-0.08203125,-0.08203125,0.0478515625,-0.025390625,-0.025390625,-0.031005859375,0.00537109375,0.026123046875,-0.017822265625,0.00048828125,0.064208984375,0.02587890625,-0.056884765625,-0.080078125,0.000244140625,0.000244140625,0.0576171875,0.0244140625,-0.052978515625,-0.0654296875,-0.00927734375,-0.078369140625,-0.08203125,0.066650390625,0.156005859375,-0.02392578125,-0.17431640625,-0.005126953125,-0.005126953125,0.16796875,0.01904296875,-0.2275390625,-0.149169921875,0.15283203125,-0.18603515625,-0.10791015625,0.163818359375,0.091064453125,-0.174560546875,-0.125,0.118408203125,0.118408203125,0.108642578125,-0.0693359375,-0.08056640625,0.0869140625,-0.086181640625,-0.1103515625,0.06103515625,0.050537109375,-0.08447265625,-0.04052734375,0.011474609375,0.011474609375,-0.04150390625,0.017578125,0.09716796875,-0.0380859375,0.0380859375,0.114990234375,-0.05859375,-0.06591796875,0.07177734375,0.044677734375,0.044677734375,-0.052490234375,-0.045654296875,-0.01953125,-0.013427734375,-0.01220703125,-0.09326171875,0.02197265625,0.053466796875,-0.08349609375,-0.073974609375,0.056884765625,-0.0087890625,-0.0087890625,-0.126708984375,-0.000732421875,0.05322265625,-0.064697265625,-0.03515625,0.03857421875,-0.03466796875,-0.063720703125,0.015380859375,-0.085693359375,0.05322265625,0.05712890625,-0.09521484375,-0.046142578125,0.037353515625,-0.05126953125,-0.05126953125,-0.0537109375,0.082763671875,0.015380859375,-0.13671875,0.085205078125,-0.03662109375,-0.060302734375,0.033447265625,0.00927734375,-0.02880859375,0.04443359375,0.0166015625,0.0166015625,-0.060302734375,0.0458984375,0.06884765625,-0.061279296875,0.03759765625,-0.00634765625,-0.02587890625,0.0556640625,-0.013427734375,-0.1171875,0.0205078125,0.0908203125,-0.048828125,-0.06689453125,0.03466796875,0.008056640625,-0.04052734375,-0.04052734375,0.025146484375,-0.01416015625,-0.080810546875,0.040283203125,-0.1015625,-0.047607421875,0.066162109375,-0.025390625,-0.087890625,0.044189453125,0.0283203125,0.0283203125,-0.1171875,-0.043212890625,0.0498046875,-0.07177734375,0.014404296875,-0.00830078125,-0.059326171875,0.01025390625,-0.01171875,-0.07470703125,0.039306640625,0.06005859375,0.06005859375,-0.081298828125,-0.0576171875,0.059326171875,-0.06884765625,0.048095703125,0.025634765625,-0.10986328125,-0.019287109375,0.080810546875,-0.01318359375,-0.053466796875,0.0361328125,0.018310546875,-0.072021484375,-0.072021484375,0.003662109375,0.044921875,-0.027587890625,0.01708984375,-0.045654296875,-0.0283203125,0.057373046875,-0.000732421875,-0.064697265625,0.04541015625,0.0322265625,-0.08056640625,-0.08056640625,0.006591796875,0.055908203125,-0.088134765625,0.087646484375,0.052490234375,-0.140625,-0.0537109375,0.085205078125,0.003173828125,-0.064697265625,-0.0234375,-0.0048828125,-0.0048828125,-0.00634765625,0.028076171875,-0.087890625,0.06201171875,0.06298828125,-0.102294921875,-0.063232421875,0.04248046875,-0.02734375,-0.056640625,0.065673828125,0.008056640625,-0.142578125,-0.00634765625,0.09619140625,0.09619140625,-0.0537109375,0.044189453125,0.045654296875,-0.093505859375,-0.047607421875,0.034912109375,-0.0068359375,0.00537109375,0.01220703125,-0.05224609375,-0.05224609375,-0.031494140625,-0.005126953125,-0.05908203125,0.011962890625,-0.000732421875,-0.05859375,0.0283203125,0.011474609375,-0.099609375,-0.0205078125,0.106201171875,0.106201171875,-0.013427734375,0.00830078125,0.09765625,-0.02099609375,-0.04541015625,0.009033203125,-0.00732421875,-0.005859375,0.034912109375,-0.017822265625,-0.062255859375,0.052001953125,0.05810546875,-0.0625,-0.0625,-0.0244140625,-0.052734375,-0.0302734375,0.078369140625,0.004150390625,-0.13525390625,-0.009765625,0.082275390625,-0.037353515625,-0.06591796875,-0.06591796875,0.015869140625,-0.02685546875,0.00634765625,-0.039306640625,-0.072265625,0.056884765625,0.0537109375,-0.102294921875,-0.06298828125,0.043701171875,-0.01171875,-0.01171875,0.037109375,-0.01611328125,-0.125,0.002197265625,0.078369140625,-0.048583984375,-0.0771484375,0.02294921875,0.009033203125,-0.04296875,0.005126953125,-0.021484375,-0.021484375,0.06787109375,0.046875,-0.099365234375,-0.099365234375,0.080078125,-0.01318359375,-0.082275390625,0.056884765625,0.061767578125,-0.09619140625,-0.037841796875,0.078125,0.005126953125,-0.064208984375,-0.064208984375,-0.00048828125,-0.02294921875,0.033935546875,-0.00732421875,-0.0810546875,0.02001953125,0.0634765625,-0.05078125,-0.0576171875,0.017333984375,-0.02197265625,-0.033935546875,-0.033935546875,-0.00634765625,-0.128662109375,-0.0078125,0.087646484375,-0.041748046875,-0.098388671875,0.03515625,0.05078125,-0.071044921875,-0.047607421875,-0.004638671875,-0.022705078125,0.016357421875,0.006591796875,-0.0654296875,-0.03173828125,0.055908203125,-0.019775390625,-0.091796875,0.049072265625,0.07666015625,-0.09375,-0.0810546875,0.072265625,0.054931640625,-0.071533203125,-0.037353515625,0.01416015625,-0.060546875,-0.022705078125,0.040771484375,-0.01953125,-0.038818359375,0.026611328125,0.005859375,-0.062744140625,0.002197265625,0.021728515625,-0.045166015625,0.00537109375,0.017822265625,-0.048583984375,0.012451171875,0.0439453125,-0.079345703125,-0.079345703125,0.1015625,0.06005859375,-0.134765625,-0.039306640625,0.089599609375,-0.003173828125,-0.06396484375,-0.0078125,-0.005615234375,-0.0244140625,0.026611328125,-0.031494140625,-0.07666015625,0.06591796875,0.06005859375,-0.10693359375,-0.0595703125,0.0615234375,-0.01513671875,-0.052001953125,0.080078125,0.025634765625,-0.12646484375,-0.009033203125,0.075439453125,-0.04150390625,-0.065185546875,0.0224609375,-0.012451171875,-0.065185546875,0.020263671875,-0.007568359375,-0.075439453125,0.027587890625,0.0439453125,-0.092041015625,-0.0654296875,0.053466796875,-0.010009765625,-0.07373046875,0.040771484375,0.03076171875,-0.10498046875,-0.02685546875,0.078125,-0.008056640625,-0.069091796875,0.0185546875,0.018798828125,-0.042724609375,0.021240234375,-0.00146484375,-0.065673828125,0.0654296875,0.0654296875,-0.078369140625,-0.083740234375,0.083740234375,0.032470703125,-0.111328125,0.000732421875,0.086181640625,-0.041259765625,-0.072998046875,0.02197265625,0.007080078125,-0.054443359375,0.034912109375,0.044189453125,-0.080322265625,-0.037841796875,0.03466796875,-0.0087890625,-0.016357421875,0.014892578125,-0.034912109375,-0.04296875,-0.0244140625,-0.0244140625,-0.098388671875,0.054443359375,0.079833984375,-0.114013671875,-0.102294921875,0.0771484375,0.051513671875,-0.080322265625,-0.02685546875,0.007568359375,-0.042724609375,-0.002197265625,-0.002197265625,-0.0732421875,-0.001708984375,0.069580078125,-0.048583984375,-0.095703125,0.035400390625,0.00439453125,-0.083984375,0.03662109375,0.063720703125,-0.06396484375,-0.06396484375,0.097412109375,0.0283203125,-0.104736328125,-0.010986328125,0.045654296875,-0.0224609375,0.005615234375,0.00146484375,-0.062744140625,0.085693359375,-0.033447265625,-0.033447265625,-0.10546875,0.03662109375,0.03515625,-0.072509765625,0.012451171875,0.06494140625,-0.055419921875,-0.080078125,0.0439453125,0.0234375,-0.0693359375,0.007080078125,0.03125,-0.045654296875,0.012939453125,0.012939453125,-0.04638671875,-0.019287109375,0.06103515625,-0.02490234375,-0.106201171875,0.020263671875,0.02978515625,-0.07080078125,-0.00244140625,0.053955078125,-0.08251953125,0.05908203125,0.05908203125,0.03564453125,-0.078857421875,-0.004150390625,0.02880859375,-0.0576171875,-0.0322265625,0.02294921875,-0.02734375,-0.03125,0.053955078125,-0.006103515625,0.021484375,0.03271484375,0.03271484375,-0.091064453125,-0.0322265625,0.09521484375,-0.002197265625,-0.1328125,0.0029296875,0.073974609375,-0.043212890625,-0.0478515625,0.001953125,-0.01708984375,0.003662109375,0.021484375,-0.04931640625,0.087158203125,0.020751953125,0.020751953125,-0.1201171875,-0.005126953125,0.05224609375,-0.046142578125,-0.02294921875,0.060302734375,-0.028564453125,-0.1162109375,0.0205078125,-0.060791015625,-0.015625,-0.015625,0.034423828125,-0.028076171875,-0.031982421875,0.013671875,-0.031982421875,-0.0263671875,0.081298828125,0.007080078125,-0.11083984375,0.004638671875,-0.058837890625,-0.026123046875,0.070068359375,0.070068359375,-0.030517578125,-0.11328125,0.04931640625,0.073974609375,-0.072998046875,-0.05810546875,0.02294921875,-0.01611328125,-0.039306640625,0.010009765625,-0.0283203125,0.059814453125,0.017333984375,-0.110595703125,-0.110595703125,-0.01806640625,0.05810546875,-0.039306640625,-0.050537109375,0.071044921875,0.013671875,-0.11181640625,0.006591796875,-0.057861328125,-0.0673828125,0.031982421875,0.031982421875,0.01416015625,-0.0439453125,-0.00439453125,-0.025390625,-0.053466796875,0.04638671875,0.02685546875,-0.091796875,-0.022705078125,-0.035888671875,-0.052734375,0.08349609375,0.013671875,0.013671875,-0.137939453125,-0.00439453125,0.0966796875,-0.022705078125,-0.065185546875,0.025634765625,0.010498046875,-0.040283203125,0.021484375,-0.016357421875,0.055908203125,0.048583984375,-0.10107421875,-0.10107421875,-0.052978515625,0.0673828125,-0.0078125,-0.069091796875,0.052001953125,0.02587890625,-0.10205078125,-0.00439453125,-0.04248046875,-0.068115234375,0.0234375,0.0234375,0.005615234375,-0.043212890625,0.020263671875,-0.0224609375,-0.0791015625,0.03271484375,0.037841796875,-0.044921875,0.069091796875,-0.027099609375,-0.08935546875,0.060546875,0.060546875,0.04638671875,-0.10888671875,-0.043701171875,0.063232421875,-0.00244140625,-0.052734375,0.013916015625,0.009765625,0.0087890625,-0.026611328125,-0.071044921875,0.041015625,0.041015625,0.063232421875,-0.07177734375,-0.073486328125,0.05419921875,0.001220703125,-0.079345703125,0.0341796875,-0.0966796875,-0.034912109375,0.093994140625,0.006591796875,0.006591796875,-0.09716796875,0.027099609375,0.06494140625,-0.084716796875,-0.0498046875,0.06298828125,-0.039306640625,-0.00048828125,-0.01318359375,-0.05810546875,0.021484375,0.021484375,0.019775390625,-0.06298828125,-0.0029296875,0.01953125,-0.047607421875,-0.004150390625,0.0263671875,-0.081787109375,-0.07470703125,0.10009765625,0.04638671875,-0.03125,0.09375,-0.007080078125,-0.07080078125,-0.07080078125,0.00048828125,0.00439453125,-0.02783203125,0.029541015625,-0.033935546875,-0.093017578125,0.05908203125,-0.09765625,-0.069091796875,0.055908203125,-0.019287109375,-0.019287109375,-0.073486328125,0.059326171875,0.029541015625,-0.12646484375,-0.03759765625,0.07177734375,-0.009521484375,0.02392578125,0.006591796875,-0.042724609375,0.0263671875,-0.011474609375,-0.059326171875,-0.059326171875,0.058349609375,0.06103515625,-0.0908203125,-0.069580078125,0.06103515625,-0.009521484375,-0.0771484375,0.043701171875,0.020263671875,-0.106201171875,-0.006103515625,-0.031494140625,-0.077880859375,0.03515625,0.01513671875,-0.070068359375,0.014404296875,0.014404296875,0.015869140625,-0.05615234375,0.018798828125,0.0498046875,-0.07470703125,0.05908203125,-0.00390625,-0.089599609375,0.05517578125,0.074462890625,-0.1025390625,-0.1025390625,-0.0771484375,0.069580078125,0.014892578125,-0.09228515625,-0.001708984375,0.039306640625,-0.00439453125,-0.003173828125,-0.07177734375,-0.00146484375,0.088623046875,-0.031005859375,-0.127685546875,0.032958984375,0.032958984375,-0.068115234375,-0.068115234375,-0.0400390625,0.046875,-0.02392578125,-0.060302734375,0.01708984375,-0.055908203125,0.03564453125,0.044921875,-0.087158203125,-0.057373046875,0.03515625,0.03515625,0.01171875,-0.014404296875,0.00390625,-0.0439453125,-0.03515625,-0.021728515625,-0.13525390625,0.027587890625,0.1220703125,-0.061279296875,-0.138671875,0.02978515625,0.02978515625,0.081787109375,-0.038818359375,-0.051513671875,-0.038818359375,-0.029052734375,0.01708984375,-0.099365234375,-0.029541015625,0.09326171875,-0.014404296875,-0.10693359375,0.02783203125,0.03076171875,-0.072509765625,0.020263671875,0.020263671875,0.06884765625,-0.062744140625,0.067626953125,0.039794921875,-0.088134765625,-0.00146484375,0.0537109375,-0.02783203125,-0.02783203125,-0.02587890625,-0.0068359375,-0.006103515625,0.068603515625,-0.024169921875,-0.100830078125,0.031982421875,0.029052734375,0.029052734375,-0.0791015625,0.0,-0.06689453125,-0.102294921875,0.052734375,0.036865234375,-0.09033203125,-0.014892578125,-0.014892578125,0.03173828125,-0.053466796875,0.023193359375,-0.0205078125,-0.034423828125,0.0537109375,-0.0078125,-0.114013671875,-0.114013671875,0.0107421875,0.05078125,-0.029541015625,0.063720703125,-0.02734375,-0.107177734375,0.041748046875,0.06884765625,0.06884765625,-0.084228515625,-0.04248046875,0.001953125,-0.076416015625,0.010986328125,0.046142578125,-0.023681640625,0.0048828125,0.0048828125,0.015380859375,-0.04736328125,0.041259765625,-0.047119140625,-0.050537109375,0.04443359375,0.017333984375,-0.06201171875,-0.06201171875,-0.0048828125,-0.026611328125,0.070068359375,0.05078125,-0.124755859375,-0.087158203125,0.085693359375,0.015869140625,0.015869140625,-0.10107421875,0.016845703125,-0.06005859375,-0.013916015625,0.00390625,-0.070556640625,-0.01513671875,0.082275390625,-0.03662109375,-0.126708984375,-0.126708984375,0.032470703125,-0.08544921875,-0.007080078125,0.05078125,-0.06591796875,-0.091552734375,0.0595703125,0.04296875,0.04296875,-0.084716796875,0.0361328125,-0.036376953125,-0.007568359375,0.04150390625,-0.02587890625,-0.048828125,0.051513671875,0.051513671875,0.01953125,-0.07470703125,0.02294921875,-0.054931640625,0.014404296875,0.078857421875,-0.0400390625,-0.111083984375,-0.111083984375,0.03515625,0.0595703125,-0.0322265625,0.031005859375,-0.0107421875,-0.0166015625,-0.01171875,-0.0703125,-0.038330078125,0.090576171875,0.01171875,-0.122314453125,-0.122314453125,0.00390625,-0.0615234375,-0.034423828125,0.054443359375,-0.04296875,-0.120361328125,0.0380859375,0.060546875,0.060546875,-0.0732421875,0.037841796875,-0.03369140625,-0.045654296875,0.01611328125,-0.026611328125,-0.04296875,0.066650390625,0.066650390625,0.005126953125,0.01220703125,0.056396484375,-0.04833984375,-0.025634765625,0.066650390625,-0.029296875,-0.108154296875,-0.108154296875,0.04638671875,-0.0859375,-0.037841796875,0.06689453125,0.0048828125,-0.064208984375,-0.00048828125,0.005859375,-0.03759765625,0.019287109375,-0.005126953125,-0.0654296875,-0.0654296875,0.023681640625,-0.079345703125,-0.045166015625,0.092529296875,0.001953125,-0.1455078125,0.003173828125,0.093505859375,0.093505859375,-0.02783203125,0.005126953125,-0.010009765625,-0.035400390625,0.007568359375,-0.04931640625,-0.066650390625,0.0810546875,0.0810546875,0.0439453125,-0.04052734375,0.051513671875,-0.024658203125,-0.0419921875,0.063720703125,0.0,-0.108642578125,0.0341796875,0.0341796875,-0.068115234375,-0.0927734375,0.05859375,0.051513671875,-0.09765625,-0.030029296875,0.0673828125,0.00439453125,-0.02099609375,-0.01708984375,-0.050048828125,-0.028076171875,-0.028076171875,-0.0146484375,-0.075439453125,0.0244140625,0.033203125,-0.0625,-0.01025390625,0.00341796875,-0.0693359375,-0.0693359375,0.075439453125,-0.0302734375,-0.138916015625,0.031005859375,0.07373046875,-0.087646484375,-0.07080078125,0.04541015625,0.04541015625,-0.06982421875,-0.00390625,0.012939453125,-0.041259765625,0.0126953125,0.002197265625,-0.0712890625,-0.00048828125,-0.00048828125,-0.063720703125,-0.0224609375,0.095703125,-0.0029296875,-0.145263671875,0.015625,0.0947265625,-0.042236328125,-0.0517578125,0.020263671875,0.002685546875,-0.020263671875,-0.020263671875,-0.047607421875,-0.0322265625,0.114501953125,0.024658203125,-0.143798828125,-0.013916015625,0.10400390625,-0.02099609375,-0.07470703125,0.044189453125,0.01416015625,-0.067626953125,0.03173828125,0.00341796875,-0.091552734375,0.018310546875,0.091796875,0.091796875,-0.141845703125,0.062744140625,0.08251953125,-0.095458984375,-0.058349609375,0.022216796875,-0.018798828125,-0.0244140625,-0.011962890625,-0.061279296875,-0.032958984375,0.0908203125,0.0,-0.126953125,0.020751953125,0.0546875,-0.073974609375,-0.022705078125,0.08837890625,-0.019775390625,-0.1181640625,0.037353515625,0.0615234375,-0.075439453125,-0.027587890625,0.045654296875,-0.015869140625,-0.0283203125,0.010986328125,-0.04833984375,-0.056884765625,0.076171875,0.019775390625,-0.114501953125,0.005615234375,0.062744140625,-0.052734375,-0.03369140625,0.07470703125,-0.02392578125,-0.12744140625,0.039794921875,0.07861328125,-0.06787109375,-0.038330078125,0.039306640625,-0.0126953125,-0.03759765625,0.013427734375,-0.0341796875,-0.055908203125,0.071044921875,0.00732421875,-0.1201171875,0.011474609375,0.07275390625,-0.066162109375,-0.076171875,0.08251953125,0.030517578125,-0.1337890625,-0.011474609375,0.09228515625,-0.03466796875,-0.083740234375,0.0068359375,0.020263671875,-0.0390625,-0.007568359375,-0.014892578125,-0.048828125,0.036865234375,0.012939453125,-0.0791015625,-0.005126953125,0.039306640625,-0.0625,-0.05126953125,0.105712890625,0.031005859375,-0.151123046875,-0.021240234375,0.108154296875,-0.012451171875,-0.084716796875,0.00732421875,0.039794921875,-0.035400390625,-0.016845703125,-0.02294921875,-0.041748046875,0.059326171875,0.020751953125,-0.09814453125,-0.025634765625,0.05810546875,-0.0458984375,-0.07568359375,0.07470703125,0.0224609375,-0.133056640625,-0.01513671875,0.085693359375,-0.030029296875,-0.073486328125,0.029296875,0.0234375,-0.078369140625,-0.01708984375,0.017578125,-0.036376953125,0.01416015625,0.013671875,-0.055908203125,-0.016845703125,0.04833984375,-0.046630859375,-0.083251953125,0.082275390625,0.056396484375,-0.12060546875,-0.032470703125,0.096435546875,-0.003662109375,-0.0869140625,0.023193359375,0.049560546875,-0.075439453125,-0.02490234375,0.034423828125,-0.02734375,-0.01953125,0.01806640625,-0.029052734375,-0.06005859375,0.018798828125,-0.005126953125,-0.051513671875,0.037353515625,0.005859375,-0.076904296875,0.014892578125,-0.090576171875,-0.090576171875,-0.03564453125,0.11328125,0.000732421875,-0.15478515625,0.001220703125,0.0703125,-0.04736328125,0.02001953125,0.02001953125,-0.04248046875,-0.044677734375,0.041015625,-0.030517578125,-0.0732421875,0.070556640625,0.0322265625,-0.016357421875,-0.016357421875,0.067626953125,-0.043212890625,-0.06640625,0.08154296875,0.03857421875,-0.12353515625,-0.01416015625,0.00146484375,0.00146484375,-0.068359375,-0.015380859375,0.00439453125,-0.021484375,0.027587890625,-0.0205078125,-0.076416015625,0.047119140625,0.062744140625,-0.081787109375,-0.077392578125,0.032958984375,0.032958984375,-0.084228515625,0.002197265625,0.0625,-0.041748046875,-0.0302734375,0.01025390625,-0.031005859375,0.049560546875,0.049560546875,-0.006591796875,-0.09765625,0.01611328125,0.0458984375,-0.07763671875,-0.036376953125,0.05322265625,-0.07421875,0.005126953125,0.005126953125,0.019287109375,-0.032470703125,0.0244140625,-0.011962890625,-0.08935546875,0.010009765625,-0.068603515625,-0.068603515625,-0.04541015625,0.10009765625,0.020263671875,-0.020751953125,-0.020751953125,0.112548828125,-0.0126953125,-0.087158203125,-0.005126953125,0.03369140625,-0.019287109375,-0.03125,-0.0458984375,-0.0458984375,0.05029296875,0.00390625,-0.09619140625,0.008056640625,0.062255859375,-0.05712890625,0.071044921875,0.019775390625,0.019775390625,-0.119140625,0.000732421875,0.072998046875,-0.033203125,-0.03564453125,0.0234375,-0.041015625,0.01953125,0.01953125,-0.015869140625,-0.06884765625,0.049072265625,0.047119140625,-0.069091796875,-0.03662109375,-0.039306640625,-0.02978515625,-0.02978515625,0.0791015625,-0.008544921875,0.020263671875,0.020263671875,0.1005859375,-0.056884765625,-0.095947265625,0.046875,0.05078125,-0.0869140625,0.044921875,-0.01416015625,-0.01416015625,-0.0078125,0.003173828125,-0.046142578125,-0.040283203125,0.03515625,0.00341796875,0.00244140625,-0.002197265625,-0.002197265625,-0.057373046875,0.0263671875,0.01513671875,-0.0849609375,-0.01123046875,0.100341796875,-0.146728515625,0.0263671875,0.0966796875,0.0966796875,-0.056396484375,-0.06640625,0.014892578125,0.004638671875,-0.01318359375,-0.04931640625,-0.07568359375,-0.07568359375,0.074462890625,0.0537109375,-0.051025390625,0.0419921875,0.0419921875,-0.021240234375,-0.040283203125,0.044189453125,-0.0107421875,-0.1171875,0.075927734375,-0.049560546875,-0.042724609375,-0.042724609375,0.0263671875,-0.0087890625,-0.039794921875,0.0126953125,-0.039794921875,0.09326171875,0.02783203125,-0.14208984375,-0.14208984375,-0.041015625,0.0703125,-0.02734375,-0.061767578125,0.05224609375,-0.105224609375,0.024169921875,0.064697265625,0.064697265625,-0.05517578125,-0.040283203125,0.033203125,-0.01025390625,-0.040771484375,-0.02294921875,-0.06640625,0.064697265625,0.064697265625,0.025390625,-0.022705078125,0.075927734375,0.075927734375,-0.03125,-0.072021484375,0.068359375,0.025146484375,-0.12841796875,0.084716796875,-0.03173828125,-0.0625,-0.0625,0.045654296875,0.030029296875,-0.064453125,-0.010009765625,-0.01611328125,0.04345703125,0.038818359375,-0.0869140625,-0.0869140625,-0.043701171875,0.05810546875,-0.035400390625,-0.093017578125,0.065185546875,-0.120849609375,-0.03466796875,0.084228515625,-0.014892578125,-0.014892578125,-0.077880859375,0.015869140625,0.015869140625,-0.05859375,0.005859375,-0.0576171875,0.0341796875,0.052978515625,0.052978515625,-0.08642578125,-0.081298828125,0.0537109375,-0.00341796875,0.0537109375,0.047119140625,-0.115478515625,-0.03662109375,-0.03662109375,0.093505859375,-0.00732421875,-0.10009765625,0.036865234375,-0.07470703125,-0.039306640625,0.05712890625,0.004638671875,0.004638671875,-0.027099609375,0.005615234375,-0.012939453125,-0.03076171875,0.0009765625,-0.08349609375,0.01025390625,0.020751953125,0.020751953125,-0.06103515625,0.0078125,0.02685546875,-0.09423828125,0.112060546875,0.025634765625,-0.156005859375,-0.008544921875,-0.008544921875,0.103759765625,-0.0205078125,-0.054443359375,0.021240234375,-0.031494140625,0.017578125,-0.043212890625,-0.076416015625,-0.076416015625,0.082275390625,0.050537109375,-0.124267578125,-0.0693359375,-0.0185546875,-0.080078125,0.047607421875,0.02783203125,0.02783203125,-0.10205078125,-0.005615234375,0.07666015625,-0.024658203125,0.022705078125,0.01953125,-0.052001953125,0.01171875,0.01171875,0.009765625,-0.03857421875,0.048583984375,0.023193359375,-0.05126953125,0.063720703125,-0.017822265625,-0.090087890625,0.051513671875,0.051513671875,0.044921875,-0.10205078125,-0.0224609375,0.075439453125,-0.02978515625,0.05078125,0.0615234375,-0.080810546875,-0.025390625,0.029296875,-0.0380859375,-0.013916015625,-0.013916015625,0.01220703125,-0.042724609375,-0.03271484375,0.045166015625,-0.098876953125,0.062255859375,0.056884765625,-0.136474609375,-0.08154296875,0.075927734375,0.027587890625,0.027587890625,-0.057373046875,0.0048828125,0.01025390625,-0.052978515625,0.00537109375,-0.066162109375,0.04150390625,0.08544921875,-0.057861328125,-0.097900390625,0.034423828125,-0.0009765625,-0.0009765625,-0.070556640625,0.056884765625,0.0361328125,-0.104736328125,0.08984375,-0.02734375,-0.09423828125,0.0322265625,0.029296875,-0.069580078125,0.013916015625,0.013916015625,0.030029296875,-0.0478515625,-0.000732421875,0.03076171875,-0.078369140625,0.066162109375,0.00244140625,-0.103759765625,0.038818359375,0.071044921875,-0.105224609375,-0.105224609375,-0.0986328125,0.068115234375,0.031494140625,-0.0927734375,0.040283203125,-0.0361328125,-0.004638671875,-0.00634765625,-0.0634765625,-0.00634765625,0.072265625,-0.012939453125,-0.012939453125,-0.086181640625,0.0341796875,0.010009765625,0.0244140625,0.070556640625,-0.071044921875,-0.082275390625,0.082763671875,0.048583984375,-0.1044921875,-0.01953125,-0.01953125,0.05126953125,-0.035400390625,-0.01904296875,-0.0234375,0.00244140625,0.066650390625,-0.036376953125,-0.12158203125,0.034423828125,0.042236328125,-0.088623046875,-0.009765625,0.068359375,-0.053466796875,-0.108154296875,0.0380859375,0.037109375,0.037109375,-0.08447265625,-0.0166015625,0.0234375,-0.0361328125,-0.002685546875,0.00927734375,-0.060791015625,-0.038818359375,-0.00927734375,-0.107666015625,0.045166015625,0.055908203125,-0.0849609375,-0.026611328125,0.0654296875,-0.034423828125,-0.101318359375,0.04833984375,0.052490234375,-0.08203125,-0.018798828125,0.040283203125,-0.0244140625,-0.020751953125,0.012939453125,-0.035400390625,-0.021728515625,0.084716796875,0.004638671875,0.004638671875,-0.10791015625,0.015625,0.0400390625,-0.06103515625,0.000244140625,0.08203125,-0.03271484375,-0.1201171875,0.0625,-0.080810546875,-0.041748046875,0.028564453125,-0.01220703125,-0.01708984375,0.020263671875,-0.0390625,-0.05517578125,0.067138671875,0.017822265625,-0.11962890625,-0.02490234375,0.053955078125,-0.022216796875,-0.03759765625,0.0244140625,-0.0322265625,-0.110595703125,0.032958984375,0.073974609375,0.073974609375,-0.08203125,-0.0595703125,0.07177734375,0.014404296875,-0.108642578125,-0.0185546875,-0.036376953125,-0.016357421875,0.021728515625,-0.031982421875,-0.01123046875,0.018798828125,-0.05078125,-0.03564453125,0.06640625,0.017333984375,-0.10009765625,-0.000732421875,0.1357421875,0.015625,-0.143798828125,-0.053466796875,0.134033203125,0.037353515625,-0.15283203125,-0.02099609375,0.1318359375,-0.014892578125,-0.014892578125,-0.1064453125,0.01123046875,0.0107421875,-0.08740234375,0.0009765625,-0.049560546875,-0.12744140625,0.036376953125,0.059814453125,-0.095947265625,-0.080810546875,0.082275390625,0.068115234375,-0.072509765625,-0.06689453125,0.0537109375,0.061767578125,-0.068603515625,-0.12255859375,0.0419921875,0.08154296875,-0.099609375,-0.096435546875,0.02880859375,-0.009521484375,-0.0263671875,0.04345703125,-0.077880859375,-0.13134765625,-0.13134765625,0.123046875,0.141845703125,-0.20263671875,-0.156005859375,0.141845703125,-0.193603515625,-0.12548828125,0.1201171875,0.02392578125,-0.05322265625,0.005859375,-0.095703125,-0.0859375,0.11279296875,0.0615234375,-0.192626953125,-0.066162109375,0.1689453125,-0.0302734375,-0.154296875,0.043701171875,0.062744140625,-0.037353515625,0.04345703125,0.060791015625,-0.08837890625,-0.018798828125,0.11572265625,0.11572265625,-0.071044921875,-0.108642578125,0.10791015625,-0.127197265625,-0.01904296875,0.099853515625,-0.0751953125,-0.08642578125,0.07861328125,-0.0107421875,-0.076416015625,0.04931640625,0.018310546875,-0.0703125,0.046142578125,0.075927734375,-0.1083984375,-0.060302734375,0.10791015625,-0.023193359375,-0.06494140625,0.07470703125,-0.0166015625,-0.136962890625,0.013916015625,0.0625,-0.154541015625,-0.063720703125,0.160888671875,-0.04150390625,-0.190673828125,0.02587890625,0.089111328125,0.089111328125,-0.101318359375,0.084716796875,-0.037353515625,-0.07177734375,0.06787109375,-0.018310546875,-0.099365234375,0.040771484375,0.046875,-0.1142578125,-0.044189453125,0.09326171875,-0.0498046875,-0.07373046875,0.0615234375,-0.050048828125,-0.126220703125,0.06103515625,0.09375,-0.11328125,-0.05322265625,0.146728515625,-0.007080078125,-0.119140625,0.049072265625,0.052001953125,-0.052001953125,0.02734375,0.06396484375,-0.065673828125,-0.065673828125,0.093505859375,-0.066162109375,-0.08056640625,0.10693359375,0.019287109375,-0.116943359375,0.012451171875,0.0673828125,-0.09765625,-0.023681640625,0.116455078125,-0.0830078125,-0.124267578125,0.107177734375,0.067138671875,-0.11572265625,-0.018310546875,0.07568359375,-0.08740234375,-0.08984375,0.068359375,-0.0234375,-0.076416015625,0.04052734375,-0.032470703125,-0.115234375,0.023193359375,0.0517578125,-0.1318359375,-0.04296875,0.135498046875,-0.06494140625,-0.16552734375,0.044921875,0.069091796875,-0.08349609375,-0.034912109375,0.046630859375,-0.0419921875,0.00244140625,0.08447265625,-0.0869140625,-0.09033203125,0.12890625,0.058349609375,-0.158203125,-0.044189453125,0.1494140625,-0.012939453125,-0.098388671875,0.0556640625,0.011962890625,-0.08544921875,0.0146484375,0.05615234375,-0.051025390625,0.00244140625,0.082275390625,-0.06982421875,-0.076416015625,0.08447265625,-0.011962890625,-0.095703125,0.071044921875,0.075927734375,-0.12939453125,-0.0810546875,0.108154296875,-0.0185546875,-0.095947265625,0.038818359375,-0.00927734375,-0.082275390625,0.027099609375,0.033203125,-0.11474609375,-0.009765625,0.13330078125,-0.0810546875,-0.155517578125,0.075927734375,0.0732421875,-0.076904296875,-0.00830078125,0.047607421875,-0.0849609375,-0.033447265625,-0.0546875,-0.129150390625,-0.129150390625,0.07470703125,0.06201171875,-0.10546875,-0.044189453125,0.056640625,-0.051513671875,-0.026123046875,0.087646484375,-0.05810546875,-0.10498046875,0.072021484375,0.0341796875,-0.103271484375,-0.00634765625,0.069091796875,-0.061767578125,-0.03662109375,0.073486328125,-0.083984375,-0.10107421875,0.1142578125,0.05419921875,-0.1630859375,-0.077880859375,0.102294921875,-0.006103515625,0.040283203125,-0.052978515625,-0.085205078125,-0.085205078125,0.072265625,0.04638671875,-0.114990234375,-0.01318359375,0.13037109375,-0.031494140625,-0.09716796875,0.0400390625,-0.004150390625,-0.047607421875,0.05859375,0.012451171875,-0.12890625,-0.007568359375,0.1357421875,-0.049072265625,-0.1044921875,0.056396484375,0.00146484375,-0.051513671875,0.064697265625,0.01953125,-0.12939453125,0.016357421875,0.168212890625,-0.071044921875,-0.16357421875,0.072509765625,-0.066162109375,-0.01513671875,0.016357421875,0.016357421875,-0.099609375,-0.03564453125,0.098388671875,-0.07861328125,-0.147705078125,0.065673828125,0.055908203125,-0.10791015625,-0.060302734375,0.020751953125,-0.0625,-0.00341796875,0.08935546875,-0.099853515625,-0.119384765625,0.1171875,0.058837890625,-0.14208984375,-0.036376953125,0.091796875,-0.03271484375,-0.04052734375,0.061767578125,-0.06005859375,-0.05126953125,0.124267578125,-0.009765625,0.013427734375,0.16748046875,-0.05322265625,-0.089599609375,0.10400390625,0.0,0.0,-0.10009765625,0.044189453125,0.0556640625,-0.052001953125,0.02685546875,0.07080078125,-0.0927734375,-0.0419921875,0.12255859375,-0.044921875,-0.127685546875,0.068115234375,0.0625,-0.102783203125,-0.044921875,0.04736328125,-0.08154296875,-0.03955078125,0.083251953125,-0.085205078125,-0.125732421875,0.10009765625,0.078125,-0.0751953125,0.113525390625,-0.0234375,-0.1044921875,0.01904296875,-0.018310546875,-0.018310546875,-0.045166015625,0.06201171875,0.003173828125,-0.1455078125,-0.03125,0.1064453125,-0.0693359375,-0.084716796875,0.087890625,-0.005615234375,-0.0966796875,0.0380859375,0.051025390625,-0.107421875,-0.000244140625,0.161865234375,-0.044677734375,-0.142333984375,0.060546875,0.067626953125,-0.052001953125,0.03076171875,-0.08642578125,-0.01953125,0.111328125,-0.056884765625,-0.093994140625,0.07568359375,-0.0009765625,-0.0009765625,-0.109130859375,0.025634765625,0.05712890625,-0.11376953125,-0.010498046875,0.134521484375,-0.085693359375,-0.133544921875,0.091064453125,0.041259765625,-0.092041015625,0.023193359375,0.025390625,-0.1357421875,0.008056640625,0.145263671875,-0.140380859375,-0.173583984375,0.153076171875,0.099365234375,-0.178466796875,0.09326171875,-0.009521484375,-0.021728515625,0.0556640625,-0.08251953125,-0.076904296875,0.114013671875,0.02783203125,-0.138671875,-0.138671875,0.011474609375,0.11376953125,-0.07275390625,-0.06494140625,0.08154296875,-0.050048828125,-0.080078125,0.10400390625,0.030517578125,-0.16845703125,-0.0361328125,0.135009765625,-0.037109375,-0.088134765625,0.047119140625,-0.029296875,-0.063232421875,0.067626953125,0.010986328125,-0.145263671875,0.0126953125,-0.0751953125,-0.172607421875,0.05224609375,0.0673828125,-0.050537109375,-0.013671875,-0.002197265625,-0.091796875,-0.00390625,0.111572265625,-0.08740234375,-0.08740234375,-0.13916015625,0.09228515625,0.076416015625,-0.0849609375,-0.038330078125,0.039794921875,-0.028076171875,0.020263671875,0.08056640625,-0.102294921875,-0.091064453125,0.13671875,0.05029296875,-0.137451171875,-0.015869140625,0.097900390625,-0.069091796875,0.075439453125,-0.05078125,-0.09912109375,0.09326171875,0.03955078125,-0.150634765625,-0.0380859375,0.121337890625,-0.045166015625,-0.09375,0.074462890625,0.074462890625,0.001953125,-0.07861328125,0.02880859375,0.0068359375,-0.07861328125,0.0302734375,0.057373046875,-0.12890625,-0.066650390625,0.112548828125,-0.048095703125,-0.11083984375,0.07421875,0.009765625,-0.149169921875,-0.013916015625,0.1025390625,-0.062255859375,0.105224609375,-0.03955078125,-0.1171875,0.0751953125,0.083984375,-0.09814453125,-0.031005859375,0.099365234375,-0.033203125,-0.062744140625,0.060791015625,-0.02490234375,-0.02490234375,-0.0810546875,0.06298828125,0.049560546875,-0.109130859375,-0.036376953125,0.1083984375,-0.0263671875,-0.076416015625,0.045166015625,-0.0048828125,-0.052001953125,0.0478515625,0.0263671875,-0.116943359375,0.002685546875,0.159912109375,-0.181884765625,0.039306640625,0.081298828125,-0.0400390625,-0.00830078125,0.01123046875,-0.10546875,-0.040283203125,0.110107421875,-0.0634765625,-0.144287109375,0.066650390625,0.0703125,-0.100830078125,-0.060546875,-0.060546875,0.043212890625,-0.04296875,-0.009521484375,0.092041015625,-0.076904296875,-0.12744140625,0.094970703125,0.07958984375,-0.109619140625,-0.0546875,0.052490234375,-0.040283203125,-0.020263671875,0.078369140625,-0.08154296875,0.12841796875,0.05126953125,-0.177001953125,-0.055419921875,0.127685546875,-0.013671875,-0.05224609375,0.06103515625,-0.0537109375,-0.0830078125,0.0966796875,0.037109375,-0.140869140625,-0.010009765625,0.130615234375,-0.0517578125,-0.0517578125,-0.1005859375,0.0439453125,-0.028076171875,-0.04443359375,0.0751953125,-0.018798828125,-0.123291015625,0.050537109375,0.098876953125,-0.1513671875,-0.08056640625,0.17626953125,0.005126953125,0.008544921875,0.108154296875,-0.055419921875,-0.04541015625,0.074462890625,-0.05517578125,-0.096923828125,0.05810546875,0.008544921875,-0.079345703125,0.028564453125,0.0517578125,-0.092529296875,-0.050048828125,0.0830078125,-0.0380859375,-0.0380859375,0.06640625,-0.00146484375,-0.00146484375,-0.08984375,0.015625,0.040283203125,-0.072265625,-0.00341796875,0.06787109375,-0.0947265625,-0.054443359375,0.1318359375,-0.02001953125,-0.168212890625,0.133544921875,-0.103271484375,-0.117919921875,0.084228515625,0.009033203125,-0.053955078125,0.055908203125,-0.0244140625,-0.12841796875,0.040283203125,0.1240234375,-0.106689453125,-0.112060546875,0.114501953125,0.02734375,-0.095947265625,0.0029296875,-0.004638671875,-0.067138671875,-0.067138671875,0.0654296875,0.084228515625,-0.15185546875,-0.091064453125,0.15625,0.004638671875,-0.13525390625,0.028076171875,0.046875,-0.053955078125,0.055908203125,-0.12255859375,-0.032958984375,0.1728515625,-0.0341796875,-0.188720703125,0.029296875,0.1162109375,-0.038330078125,-0.028076171875,0.034912109375,-0.095703125,-0.047607421875,0.120361328125,-0.03564453125,-0.142822265625,0.04296875,0.0771484375,0.0771484375,-0.0859375,-0.056396484375,0.04833984375,-0.06103515625,-0.0322265625,0.09375,-0.056640625,-0.134765625,0.056640625,-0.095703125,-0.065673828125,0.057373046875,-0.031005859375,-0.027099609375,0.06201171875,-0.071044921875,-0.094970703125,0.110107421875,0.07861328125,-0.157958984375,-0.07080078125,0.15185546875,-0.00341796875,-0.1142578125,0.0400390625,0.029052734375,-0.08984375,-0.015869140625,0.0537109375,-0.052001953125,-0.009765625,-0.009765625,0.078857421875,-0.071533203125,-0.091796875,0.068359375,-0.008056640625,-0.10791015625,0.055419921875,-0.111083984375,-0.0771484375,0.09033203125,-0.0361328125,-0.06103515625,0.072998046875,-0.023681640625,-0.11328125,0.069580078125,0.1044921875,-0.15234375,-0.078125,0.157958984375,-0.024169921875,-0.17431640625,0.018798828125,0.0751953125,-0.043701171875,0.004150390625,0.03271484375,-0.13037109375,-0.052978515625,0.149169921875,0.149169921875,-0.02392578125,-0.143310546875,0.051025390625,0.084228515625,-0.079833984375,-0.040771484375,0.037109375,-0.08056640625,0.110595703125,-0.080322265625,-0.143310546875,0.073486328125,0.06103515625,-0.11962890625,-0.030517578125,0.0732421875,-0.05908203125,-0.025634765625,0.085205078125,-0.090087890625,-0.12744140625,0.10888671875,0.091552734375,-0.154296875,-0.096923828125,0.103271484375,0.02294921875,-0.035400390625,0.025634765625,-0.053955078125,-0.07568359375,0.06298828125,0.033203125,-0.111083984375,0.003662109375,0.003662109375,0.119384765625,-0.06591796875,-0.098876953125,0.067626953125,-0.073974609375,0.05712890625,0.06005859375,-0.1044921875,-0.03125,0.091796875,-0.056884765625,-0.05859375,0.087890625,-0.025146484375,-0.115234375,0.064208984375,0.087158203125,-0.12060546875,-0.058837890625,0.10302734375,-0.047119140625,-0.10791015625,0.053466796875,0.012451171875,-0.084228515625,0.037841796875,0.0673828125,-0.110107421875,-0.06201171875,0.093994140625,0.093994140625,-0.038818359375,-0.0947265625,0.061767578125,-0.1083984375,0.00439453125,0.052001953125,-0.103515625,-0.022216796875,0.118408203125,-0.079833984375,-0.1416015625,0.09423828125,0.069580078125,-0.1396484375,-0.034423828125,0.118896484375,-0.047119140625,-0.097900390625,0.069091796875,0.004638671875,-0.073486328125,0.043701171875,0.0322265625,-0.08935546875,-0.0078125,0.087890625,-0.04736328125,-0.032958984375,-0.032958984375,0.080322265625,-0.088134765625,0.0927734375,0.037109375,-0.119384765625,0.031494140625,0.1220703125,-0.11083984375,-0.114501953125,0.100341796875,0.018798828125,-0.0869140625,0.039794921875,0.039306640625,-0.11376953125,-0.031494140625,0.108154296875,-0.05712890625,-0.05712890625,-0.11669921875,0.04052734375,-0.06689453125,-0.0068359375,0.024658203125,-0.06982421875,-0.01025390625,0.07666015625,-0.069580078125,-0.106689453125,0.064453125,0.043212890625,-0.059814453125,-0.000244140625,0.025634765625,-0.0654296875,-0.0087890625,-0.0087890625,-0.09423828125,-0.089599609375,0.1318359375,0.05419921875,-0.17431640625,-0.079345703125,0.118408203125,0.012939453125,-0.067138671875,0.029541015625,-0.028076171875,-0.080078125,0.04541015625,0.0283203125,-0.083984375,-0.000732421875,0.064697265625,-0.063232421875,-0.063232421875,0.0673828125,-0.056884765625,-0.076171875,0.09716796875,0.019775390625,-0.15380859375,-0.013671875,0.133056640625,-0.035400390625,-0.07666015625,0.037109375,-0.038330078125,-0.039306640625,0.08935546875,-0.021728515625,-0.1396484375,0.065673828125,0.14453125,-0.12353515625,-0.133544921875,0.102783203125,0.02734375,-0.082275390625,0.029541015625,0.027587890625,-0.092041015625,-0.001220703125,0.09228515625,-0.086669921875,-0.0966796875,0.098876953125,0.03662109375,-0.10107421875,-0.0185546875,0.02099609375,-0.0517578125,0.01904296875,0.05029296875,-0.100341796875,-0.03955078125,0.112548828125,-0.0478515625,-0.1328125,0.075439453125,0.10107421875,-0.12353515625,-0.098388671875,0.08349609375,0.00146484375,-0.0419921875,0.043212890625,-0.056396484375,-0.10205078125,0.065185546875,0.056640625,-0.12939453125,-0.02978515625,0.1318359375,-0.044921875,-0.11962890625,0.04345703125,0.01513671875,-0.0712890625,0.03759765625,0.037841796875,-0.126708984375,-0.0244140625,0.15380859375,-0.047119140625,-0.17529296875,0.03955078125,0.08740234375,-0.0634765625,-0.031494140625,0.04052734375,-0.050537109375,-0.0068359375,0.094482421875,-0.066162109375,-0.130126953125,0.066162109375,0.071533203125,-0.08251953125,-0.01123046875,0.067626953125,-0.06982421875,-0.04833984375,0.0712890625,-0.061279296875,-0.0751953125,0.111572265625,0.019775390625,-0.15576171875,-0.000732421875,0.11279296875,-0.08935546875,-0.083251953125,0.09521484375,-0.02685546875,-0.1025390625,0.067626953125,0.03076171875,-0.123779296875,0.0107421875,0.09326171875,-0.105712890625,-0.081298828125,0.1005859375,-0.0263671875,-0.091796875,0.02392578125,0.02392578125,-0.16552734375,-0.007080078125,0.15966796875,-0.066650390625,-0.13427734375,0.087646484375,0.03564453125,-0.116455078125,-0.01904296875,0.042236328125,-0.0166015625,-0.0166015625,0.083251953125,-0.05224609375,-0.078857421875,0.06494140625,0.00244140625,-0.078369140625,0.03271484375,0.031982421875,-0.082275390625,0.000244140625,-0.08935546875,-0.08935546875,-0.068115234375,0.1171875,-0.006103515625,-0.149169921875,0.020263671875,0.10009765625,-0.06884765625,-0.037353515625,0.0830078125,-0.0595703125,-0.101318359375,0.02099609375,0.02099609375,-0.096435546875,0.03369140625,0.076904296875,-0.08447265625,-0.0458984375,0.077392578125,-0.066162109375,-0.072265625,0.12158203125,-0.16552734375,-0.028076171875,-0.028076171875,0.122314453125,-0.033447265625,-0.071533203125,0.0341796875,-0.04248046875,-0.0458984375,0.09228515625,-0.013671875,-0.15625,0.03466796875,-0.106689453125,-0.106689453125,-0.151611328125,0.071044921875,0.041015625,-0.047119140625,0.017578125,-0.03125,-0.121337890625,0.031494140625,0.12548828125,-0.1005859375,0.09765625,0.03857421875,0.03857421875,-0.095703125,-0.01416015625,0.005859375,-0.063232421875,0.04541015625,0.090576171875,-0.112060546875,-0.095458984375,0.12109375,-0.11767578125,0.007568359375,0.007568359375,0.048095703125,-0.046142578125,0.009033203125,0.041259765625,-0.1103515625,-0.0302734375,0.14990234375,-0.02392578125,-0.17333984375,0.107666015625,-0.0498046875,-0.0498046875,-0.03173828125,0.05712890625,-0.072509765625,-0.078857421875,0.090576171875,0.013427734375,-0.11279296875,0.022216796875,0.093017578125,-0.072265625,0.042724609375,0.042724609375,-0.037353515625,-0.035888671875,0.084228515625,-0.02392578125,-0.127685546875,0.029541015625,0.07861328125,-0.088134765625,0.080810546875,-0.080322265625,-0.111328125,-0.111328125,0.106201171875,0.043701171875,-0.15185546875,-0.027587890625,0.101806640625,-0.045654296875,-0.075439453125,0.0458984375,-0.0224609375,0.072509765625,-0.012451171875,-0.115966796875,0.036865234375,0.036865234375,0.08447265625,-0.102294921875,-0.04052734375,0.119140625,-0.04833984375,-0.137451171875,0.0654296875,0.0634765625,-0.02783203125,0.1064453125,-0.044677734375,-0.089599609375,-0.089599609375,0.044921875,-0.02197265625,-0.065673828125,0.06591796875,0.0126953125,-0.121826171875,0.00244140625,0.099853515625,-0.056884765625,0.104736328125,-0.02978515625,-0.133056640625,-0.133056640625,0.05712890625,0.093505859375,-0.087890625,-0.04248046875,0.083984375,-0.042236328125,-0.08056640625,0.05908203125,-0.010009765625,0.0615234375,0.0556640625,-0.132568359375,-0.052001953125,-0.052001953125,0.140380859375,0.0,-0.11572265625,0.01416015625,0.02587890625,-0.0439453125,0.009033203125,0.013427734375,0.008544921875,0.112060546875,-0.07666015625,-0.142578125,-0.142578125,-0.01513671875,0.066650390625,-0.08642578125,-0.03857421875,-0.0380859375,-0.01318359375,0.04345703125,-0.098876953125,-0.081298828125,0.122314453125,0.122314453125,0.028564453125,-0.1796875,-0.054443359375,0.1171875,-0.01611328125,-0.071044921875,0.05419921875,-0.016357421875,-0.0966796875,0.03125,-0.065673828125,0.00048828125,0.0537109375,-0.063720703125,-0.040771484375,0.067626953125,0.067626953125,-0.060791015625,-0.079833984375,0.1005859375,0.031005859375,-0.15478515625,-0.03125,0.1298828125,-0.01318359375,0.031494140625,-0.03271484375,-0.04296875,0.09326171875,0.011474609375,-0.1376953125,-0.1376953125,0.028564453125,0.166259765625,-0.066650390625,-0.16552734375,0.041015625,0.05712890625,0.009033203125,-0.0107421875,-0.1005859375,0.0087890625,0.11669921875,0.11669921875,-0.077880859375,-0.13232421875,0.06982421875,0.0625,-0.0703125,-0.0458984375,-0.04736328125,0.058349609375,0.080322265625,-0.1298828125,-0.1171875,0.115478515625,0.115478515625,0.052490234375,-0.11474609375,-0.044677734375,0.024169921875,-0.026611328125,0.029052734375,-0.125244140625,-0.06298828125,0.15087890625,0.0224609375,-0.1943359375,-0.1943359375,-0.06298828125,0.10693359375,0.026123046875,-0.014404296875,0.025634765625,-0.076416015625,0.102294921875,0.034423828125,-0.13232421875,-0.015380859375,0.118408203125,-0.010009765625,-0.010009765625,-0.07958984375,0.00439453125,-0.030029296875,-0.022705078125,0.08349609375,-0.1572265625,0.016845703125,0.142822265625,-0.054443359375,-0.129638671875,0.0205078125,0.0205078125,0.014892578125,-0.019775390625,0.047119140625,-0.041748046875,-0.133056640625,0.157958984375,-0.09765625,-0.181884765625,0.069580078125,0.091064453125,-0.066650390625,-0.066650390625,-0.024169921875,0.017578125,-0.04833984375,-0.00634765625,0.040283203125,-0.054443359375,0.12890625,0.005615234375,-0.1640625,0.0029296875,0.104736328125,-0.0419921875,-0.0419921875,-0.041015625,0.04833984375,-0.052001953125,-0.048583984375,-0.035888671875,-0.116455078125,0.087158203125,0.071533203125,-0.167236328125,-0.07568359375,0.1513671875,0.1513671875,-0.01318359375,-0.139892578125,0.035888671875,0.01953125,-0.08984375,0.04248046875,-0.101806640625,-0.00830078125,0.13037109375,-0.069091796875,-0.148193359375,0.067138671875,0.053955078125,0.053955078125,-0.077392578125,0.009033203125,0.03515625,-0.078125,0.09765625,-0.08349609375,-0.1064453125,0.088623046875,0.01171875,-0.116455078125,0.016357421875,0.05859375,0.05859375,-0.097900390625,-0.020263671875,0.118408203125,-0.063232421875,-0.134521484375,0.07470703125,-0.10107421875,-0.010009765625,0.102294921875,-0.044921875,-0.0888671875,0.057373046875,0.003173828125,0.003173828125,-0.044677734375,0.05712890625,-0.006103515625,-0.10205078125,0.060302734375,-0.1015625,-0.04296875,0.117919921875,-0.04296875,-0.148681640625,0.0361328125,0.05126953125,0.05126953125,-0.087158203125,-0.0107421875,0.057861328125,-0.081298828125,0.102294921875,-0.04443359375,-0.109619140625,0.08740234375,0.0478515625,-0.164794921875,-0.05517578125,0.1298828125,0.1298828125,-0.03125,-0.09375,0.068603515625,-0.008544921875,0.0263671875,0.060791015625,-0.0810546875,-0.01904296875,0.074951171875,-0.058837890625,-0.05029296875,0.0849609375,-0.04833984375,-0.04833984375,-0.111328125,0.09912109375,0.08984375,-0.142333984375,-0.06884765625,-0.0166015625,-0.086669921875,0.04052734375,-0.015380859375,-0.07373046875,0.060546875,0.02734375,-0.151611328125,-0.031005859375,-0.031005859375,0.154296875,-0.02978515625,-0.16845703125,0.008544921875,-0.0185546875,0.022216796875,-0.00390625,-0.13330078125,-0.0224609375,0.143310546875,-0.034423828125,-0.138671875,0.05908203125,0.079345703125,-0.085693359375,-0.085693359375,-0.0595703125,0.016357421875,0.004150390625,0.084716796875,-0.077392578125,-0.126708984375,0.08935546875,0.0869140625,-0.090087890625,-0.04931640625,0.03515625,0.03515625,-0.025146484375,0.01123046875,-0.093994140625,-0.1162109375,0.123291015625,0.090576171875,-0.154296875,-0.09619140625,0.0849609375,0.0224609375,-0.036376953125,-0.036376953125,0.014404296875,-0.077880859375,0.095703125,0.080322265625,-0.1474609375,-0.07421875,0.121337890625,0.011474609375,-0.093505859375,-0.00146484375,-0.00146484375,-0.03173828125,-0.035888671875,0.025146484375,-0.176513671875,-0.034423828125,0.1630859375,-0.027099609375,-0.144775390625,0.029541015625,0.033203125,-0.0400390625,-0.0400390625,0.0361328125,-0.01318359375,0.045654296875,0.14306640625,-0.117431640625,-0.169189453125,0.11865234375,0.10498046875,-0.091064453125,-0.02392578125,0.037841796875,-0.06591796875,-0.06591796875,-0.025146484375,0.083740234375,-0.06884765625,0.08544921875,0.00341796875,-0.1123046875,0.021240234375,0.063720703125,-0.08349609375,-0.027099609375,0.0966796875,0.0966796875,-0.055419921875,-0.103759765625,0.015380859375,-0.099853515625,-0.095703125,0.02587890625,0.026611328125,-0.01025390625
